Start,SK,Ste9,Cdc2/Cdc13,Rum1,PP,Cdc25,Slp1,Wee1/Mik1,Cdc2/Cdc13'
8,1,5,7>1,2,6,5,7
8,1,5,7>8,2,6,5,7
1,2,4,5,8>4,5,6,7,8,2
1,2,4,5,8>1,5,6,7,8,2
4,5,6,7,10>10,5,6,4,7
4,5,6,7,10>8,5,6,4,7
2,3,4,5,6,7,8>3,4,5,8,6,7
2,3,4,5,6,7,8>2,4,5,8,6,7
1,2,3,4,5,7,10>3,4,5,8,10,2,7
1,2,3,4,5,7,10>1,4,5,8,10,2,7
1,10,5,6>2,6,8,9,10,5
1,10,5,6>1,6,8,9,10,5
1,4,5,6,7,8,10>2,4,5,10,8,6,7
1,4,5,6,7,8,10>1,4,5,10,8,6,7
1,4,7,8,9>2,6,8,9,4,7
1,4,7,8,9>1,6,8,9,4,7
2,4,5,8,9>4,5,6,7,8,9
2,4,5,8,9>2,5,6,7,8,9
8,1,10,6>2,10,9,8,6
8,1,10,6>1,10,9,8,6
