Start,SK,Ste9,Cdc2/Cdc13,Rum1,PP,Cdc25,Slp1,Wee1/Mik1,Cdc2/Cdc13'
8,1,3,9>1,2,6,9,3
8,1,3,9>8,2,6,9,3
8,1,3,9>8,1,6,9,3
8,1,3,9>8,1,2,9,3
1,2,3,6,8,10>10,3,9,8,2,6
1,2,3,6,8,10>1,3,9,8,2,6
1,2,3,6,8,10>1,10,9,8,2,6
1,2,3,6,8,10>1,10,3,8,2,6
2,5,7,8,9,10>10,5,6,8,9,7
2,5,7,8,9,10>2,5,6,8,9,7
2,5,7,8,9,10>2,10,6,8,9,7
2,5,7,8,9,10>2,10,5,8,9,7
2,3,4,5,7,9,10>3,4,5,8,9,10,7
2,3,4,5,7,9,10>2,4,5,8,9,10,7
2,3,4,5,7,9,10>2,3,5,8,9,10,7
2,3,4,5,7,9,10>2,3,4,8,9,10,7
1,3,4,5,6,7,8,9,10>2,3,4,5,10,8,9,6,7
1,3,4,5,6,7,8,9,10>1,3,4,5,10,8,9,6,7
1,3,4,5,6,7,8,9,10>1,2,4,5,10,8,9,6,7
1,3,4,5,6,7,8,9,10>1,2,3,5,10,8,9,6,7
8,1,3>1,2,6,3
8,1,3>8,2,6,3
8,1,3>8,1,6,3
8,1,3>8,1,2,3
8,6,7>5,7,8,9,6
8,6,7>3,7,8,9,6
8,6,7>3,5,8,9,6
8,6,7>3,5,7,9,6
2,3,4,5,6,8,9>3,4,5,8,9,6
2,3,4,5,6,8,9>2,4,5,8,9,6
2,3,4,5,6,8,9>2,3,5,8,9,6
2,3,4,5,6,8,9>2,3,4,8,9,6
1,2,6,7>4,6,7,9,2
1,2,6,7>1,6,7,9,2
1,2,6,7>1,4,7,9,2
1,2,6,7>1,4,6,9,2
2,3,5,6,7,9>5,6,7,9,3
2,3,5,6,7,9>2,6,7,9,3
2,3,5,6,7,9>2,5,7,9,3
2,3,5,6,7,9>2,5,6,9,3
