Start,SK,Ste9,Cdc2/Cdc13,Rum1,PP,Cdc25,Slp1,Wee1/Mik1,Cdc2/Cdc13'
1,2,5,7,9,10>1,10,5,9,2,7
1,2,5,7,9,10>8,10,5,9,2,7
1,2,5,7,9,10>8,1,5,9,2,7
1,2,5,7,9,10>8,1,10,9,2,7
1,2,4,7,8,9>1,6,9,2,4,7
1,2,4,7,8,9>8,6,9,2,4,7
1,2,4,7,8,9>8,1,9,2,4,7
1,2,4,7,8,9>8,1,6,2,4,7
1,3,6,7>2,5,6,7,9,3
1,3,6,7>1,5,6,7,9,3
1,3,6,7>1,2,6,7,9,3
1,3,6,7>1,2,5,7,9,3
1,5,6,7,8>2,3,7,8,9,5,6
1,5,6,7,8>1,3,7,8,9,5,6
1,5,6,7,8>1,2,7,8,9,5,6
1,5,6,7,8>1,2,3,8,9,5,6
1,4,5,6,7,8>1,2,4,5,6,7
1,4,5,6,7,8>8,2,4,5,6,7
1,4,5,6,7,8>8,1,4,5,6,7
1,4,5,6,7,8>8,1,2,5,6,7
1,5,6,9,10>2,6,8,10,9,5
1,5,6,9,10>1,6,8,10,9,5
1,5,6,9,10>1,2,8,10,9,5
1,5,6,9,10>1,2,6,10,9,5
1,3,4,5,6,10>2,3,4,5,6,8,10
1,3,4,5,6,10>1,3,4,5,6,8,10
1,3,4,5,6,10>1,2,4,5,6,8,10
1,3,4,5,6,10>1,2,3,5,6,8,10
2,5,6,7,10>6,7,8,9,10,5
2,5,6,7,10>2,7,8,9,10,5
2,5,6,7,10>2,6,8,9,10,5
2,5,6,7,10>2,6,7,9,10,5
2,10,4>2,10,7,4
2,10,4>8,10,7,4
2,10,4>8,2,7,4
2,10,4>8,2,10,4
1,5,6,7,8,9>2,3,7,8,9,5,6
1,5,6,7,8,9>1,3,7,8,9,5,6
1,5,6,7,8,9>1,2,7,8,9,5,6
1,5,6,7,8,9>1,2,3,8,9,5,6
