Start,SK,Ste9,Cdc2/Cdc13,Rum1,PP,Cdc25,Slp1,Wee1/Mik1,Cdc2/Cdc13'
9,10,4,5>7,8,9,10,4
9,10,4,5>5,9,10,4
9,10,4,5>5,7,10,4
9,10,4,5>5,7,9,4
9,10,4,5>5,7,8,4
9,10,4,5>5,8,10,4
2,4,5,7,8>4,5,6,8,7
2,4,5,7,8>2,6,8,7
2,4,5,7,8>2,4,8,7
2,4,5,7,8>2,4,6,7
2,4,5,7,8>2,4,5,7
2,4,5,7,8>2,5,8,7
1,3,4,9>2,3,7,9,4
1,3,4,9>1,7,9,4
1,3,4,9>1,2,9,4
1,3,4,9>1,2,7,4
1,3,4,9>1,2,3,4
1,3,4,9>1,3,9,4
1,2,3,5,6,7,8,9>5,7,9,2,3,6
1,2,3,5,6,7,8,9>8,7,9,2,3,6
1,2,3,5,6,7,8,9>8,5,9,2,3,6
1,2,3,5,6,7,8,9>8,1,9,2,3,6
1,2,3,5,6,7,8,9>1,7,9,2,3,6
1,2,3,5,6,7,8,9>1,5,9,2,3,6
1,3,4,5,9,10>2,3,4,5,7,8,9,10
1,3,4,5,9,10>1,3,4,5,7,8,9,10
1,3,4,5,9,10>1,2,4,5,7,8,9,10
1,3,4,5,9,10>1,2,3,5,7,8,9,10
1,3,4,5,9,10>1,2,3,4,7,8,9,10
1,3,4,5,9,10>1,2,3,4,5,8,9,10
2,3,4,6,8>3,4,6
2,3,4,6,8>8,4,6
2,3,4,6,8>8,3,6
2,3,4,6,8>8,2,6
2,3,4,6,8>2,4,6
2,3,4,6,8>2,3,6
1,2,3,6,8,10>3,9,8,2,6
1,2,3,6,8,10>1,9,8,2,6
1,2,3,6,8,10>1,3,8,2,6
1,2,3,6,8,10>1,10,8,2,6
1,2,3,6,8,10>10,9,8,2,6
1,2,3,6,8,10>10,3,8,2,6
1,2,4,5,6,8,10>4,5,8,2,6
1,2,4,5,6,8,10>1,5,8,2,6
1,2,4,5,6,8,10>1,4,8,2,6
1,2,4,5,6,8,10>1,10,8,2,6
1,2,4,5,6,8,10>10,5,8,2,6
1,2,4,5,6,8,10>10,4,8,2,6
3,4,5,6,10>4,5,6,8,10
3,4,5,6,10>3,5,6,8,10
3,4,5,6,10>3,4,6,8,10
3,4,5,6,10>3,4,5,8,10
3,4,5,6,10>3,4,5,6,10
3,4,5,6,10>3,4,5,6,8
1,3,4,5,8,10>2,3,4,5,6,7,10,8
1,3,4,5,8,10>1,3,4,5,6,7,10,8
1,3,4,5,8,10>1,2,4,5,6,7,10,8
1,3,4,5,8,10>1,2,3,5,6,7,10,8
1,3,4,5,8,10>1,2,3,4,6,7,10,8
1,3,4,5,8,10>1,2,3,4,5,7,10,8
