AP3,UFO,FUL,FT,AP1,EMF1,LFY,AP2,WUS,AG,LUG,CLF,TFL1,PI,SEP
5,6,7,9,10,12,14>8,12,15,9,10,14,7
5,6,7,9,10,12,14>5,12,15,9,10,14,7
5,6,7,9,10,12,14>5,8,12,9,10,14,7
5,6,7,9,10,12,14>5,8,15,9,10,14,7
5,6,7,9,10,12,14>5,6,8,9,10,14,7
5,6,7,9,10,12,14>6,8,12,9,10,14,7
5,6,7,9,10,12,14>5,6,15,9,10,14,7
5,6,7,9,10,12,14>5,6,12,9,10,14,7
5,6,7,9,10,12,14>6,8,15,9,10,14,7
5,6,7,9,10,12,14>6,12,15,9,10,14,7
1,2,3,4,10,13,14,15>6,7,10,13,15,1,2,4,14
1,2,3,4,10,13,14,15>3,10,13,15,1,2,4,14
1,2,3,4,10,13,14,15>3,6,13,15,1,2,4,14
1,2,3,4,10,13,14,15>3,6,10,13,1,2,4,14
1,2,3,4,10,13,14,15>3,6,10,15,1,2,4,14
1,2,3,4,10,13,14,15>3,6,7,10,1,2,4,14
1,2,3,4,10,13,14,15>3,7,10,13,1,2,4,14
1,2,3,4,10,13,14,15>3,6,7,15,1,2,4,14
1,2,3,4,10,13,14,15>3,6,7,13,1,2,4,14
1,2,3,4,10,13,14,15>3,7,10,15,1,2,4,14
1,2,4,6,8,10,11,15>3,4,7,10,11,13,15,8,2,6
1,2,4,6,8,10,11,15>1,4,7,10,11,13,15,8,2,6
1,2,4,6,8,10,11,15>1,3,7,10,11,13,15,8,2,6
1,2,4,6,8,10,11,15>1,3,4,10,11,13,15,8,2,6
1,2,4,6,8,10,11,15>1,3,4,7,13,15,8,2,6
1,2,4,6,8,10,11,15>1,3,4,7,10,15,8,2,6
1,2,4,6,8,10,11,15>1,3,4,7,10,13,8,2,6
1,2,4,6,8,10,11,15>1,3,4,7,10,11,8,2,6
1,2,4,6,8,10,11,15>1,3,4,7,11,15,8,2,6
1,2,4,6,8,10,11,15>1,3,4,7,11,13,8,2,6
8,9,13,7>5,8,10,13,15,9,7
8,9,13,7>4,10,13,15,9,7
8,9,13,7>4,5,13,15,9,7
8,9,13,7>4,5,10,13,9,7
8,9,13,7>4,5,10,15,9,7
8,9,13,7>4,5,8,10,9,7
8,9,13,7>4,8,10,13,9,7
8,9,13,7>4,5,8,15,9,7
8,9,13,7>4,5,8,13,9,7
8,9,13,7>4,8,10,15,9,7
2,3,4,5,12>6,7,8,10,12,2,4,5
2,3,4,5,12>3,8,10,12,2,4,5
2,3,4,5,12>3,6,10,12,2,4,5
2,3,4,5,12>3,6,8,10,2,4,5
2,3,4,5,12>3,6,8,12,2,4,5
2,3,4,5,12>3,6,7,8,2,4,5
2,3,4,5,12>3,7,8,10,2,4,5
2,3,4,5,12>3,6,7,12,2,4,5
2,3,4,5,12>3,6,7,10,2,4,5
2,3,4,5,12>3,7,8,12,2,4,5
2,4,10,11,13,15>7,10,11,13,15,2,4
2,4,10,11,13,15>6,11,13,15,2,4
2,4,10,11,13,15>6,7,13,15,2,4
2,4,10,11,13,15>6,7,11,13,2,4
2,4,10,11,13,15>6,7,11,15,2,4
2,4,10,11,13,15>6,7,10,11,2,4
2,4,10,11,13,15>6,10,11,13,2,4
2,4,10,11,13,15>6,7,10,15,2,4
2,4,10,11,13,15>6,7,10,13,2,4
2,4,10,11,13,15>6,10,11,15,2,4
1,2,3,4,5,6,7,8,11,12,13,14,15>4,6,7,8,11,12,13,1,2,5,14,15
1,2,3,4,5,6,7,8,11,12,13,14,15>3,6,7,8,11,12,13,1,2,5,14,15
1,2,3,4,5,6,7,8,11,12,13,14,15>3,4,7,8,11,12,13,1,2,5,14,15
1,2,3,4,5,6,7,8,11,12,13,14,15>3,4,6,8,11,12,13,1,2,5,14,15
1,2,3,4,5,6,7,8,11,12,13,14,15>3,4,6,7,12,13,1,2,5,14,15
1,2,3,4,5,6,7,8,11,12,13,14,15>3,4,6,7,8,13,1,2,5,14,15
1,2,3,4,5,6,7,8,11,12,13,14,15>3,4,6,7,8,12,1,2,5,14,15
1,2,3,4,5,6,7,8,11,12,13,14,15>3,4,6,7,8,11,1,2,5,14,15
1,2,3,4,5,6,7,8,11,12,13,14,15>3,4,6,7,11,13,1,2,5,14,15
1,2,3,4,5,6,7,8,11,12,13,14,15>3,4,6,7,11,12,1,2,5,14,15
2,5,6,7,9,10,11,13,14,15>5,6,7,9,11,13,2,10,14,15
2,5,6,7,9,10,11,13,14,15>1,6,7,9,11,13,2,10,14,15
2,5,6,7,9,10,11,13,14,15>1,5,9,11,13,2,10,14,15
2,5,6,7,9,10,11,13,14,15>1,5,6,11,13,2,10,14,15
2,5,6,7,9,10,11,13,14,15>1,5,6,9,2,10,14,15
2,5,6,7,9,10,11,13,14,15>1,5,6,7,13,2,10,14,15
2,5,6,7,9,10,11,13,14,15>1,5,6,7,11,2,10,14,15
2,5,6,7,9,10,11,13,14,15>1,5,7,9,13,2,10,14,15
2,5,6,7,9,10,11,13,14,15>1,5,7,9,11,2,10,14,15
2,5,6,7,9,10,11,13,14,15>1,5,7,11,13,2,10,14,15
4,5,7,9,11,12,13,14,15>12,13,14,4,5,7,9,15
4,5,7,9,11,12,13,14,15>10,13,14,4,5,7,9,15
4,5,7,9,11,12,13,14,15>10,12,13,4,5,7,9,15
4,5,7,9,11,12,13,14,15>10,12,14,4,5,7,9,15
4,5,7,9,11,12,13,14,15>10,11,12,4,5,7,9,15
4,5,7,9,11,12,13,14,15>11,12,13,4,5,7,9,15
4,5,7,9,11,12,13,14,15>10,11,14,4,5,7,9,15
4,5,7,9,11,12,13,14,15>10,11,13,4,5,7,9,15
4,5,7,9,11,12,13,14,15>11,12,14,4,5,7,9,15
4,5,7,9,11,12,13,14,15>11,13,14,4,5,7,9,15
1,4,5,7,10,12>5,8,12,14,15,10,4,7
1,4,5,7,10,12>1,12,14,15,10,4,7
1,4,5,7,10,12>1,5,14,15,10,4,7
1,4,5,7,10,12>1,5,12,14,10,4,7
1,4,5,7,10,12>1,5,12,15,10,4,7
1,4,5,7,10,12>1,5,8,12,10,4,7
1,4,5,7,10,12>1,8,12,14,10,4,7
1,4,5,7,10,12>1,5,8,15,10,4,7
1,4,5,7,10,12>1,5,8,14,10,4,7
1,4,5,7,10,12>1,8,12,15,10,4,7
