AP3,UFO,FUL,FT,AP1,EMF1,LFY,AP2,WUS,AG,LUG,CLF,TFL1,PI,SEP
1,5,8,10,12,13,14>4,5,6,7,8,10,12,13,14
1,5,8,10,12,13,14>1,5,6,7,8,10,12,13,14
1,5,8,10,12,13,14>1,4,6,7,8,10,12,13,14
1,5,8,10,12,13,14>1,4,5,7,8,10,12,13,14
1,5,8,10,12,13,14>1,4,5,6,8,10,12,13,14
1,5,8,10,12,13,14>1,4,5,6,7,10,12,13,14
1,5,8,10,12,13,14>1,4,5,6,7,8,12,13,14
1,5,8,10,12,13,14>1,4,5,6,7,8,10,13,14
1,5,8,10,12,13,14>1,4,5,6,7,8,10,12,14
1,5,8,10,12,13,14>1,4,5,6,7,8,10,12,13
1,5,8,11,15>4,6,7,11,15,8,5
1,5,8,11,15>1,7,11,15,8,5
1,5,8,11,15>1,4,11,15,8,5
1,5,8,11,15>1,4,7,11,8,5
1,5,8,11,15>1,4,7,15,8,5
1,5,8,11,15>1,4,6,7,8,5
1,5,8,11,15>1,6,7,11,8,5
1,5,8,11,15>1,4,6,15,8,5
1,5,8,11,15>1,4,6,11,8,5
1,5,8,11,15>1,6,7,15,8,5
2,3,4,5,6,7,8,9,10,12,13>3,4,5,6,7,8,12,13,14,15,9,2,10
2,3,4,5,6,7,8,9,10,12,13>1,4,5,6,7,8,12,13,14,15,9,2,10
2,3,4,5,6,7,8,9,10,12,13>1,3,5,6,7,8,12,13,14,15,9,2,10
2,3,4,5,6,7,8,9,10,12,13>1,3,4,6,7,8,12,13,14,15,9,2,10
2,3,4,5,6,7,8,9,10,12,13>1,3,4,5,7,8,12,13,14,15,9,2,10
2,3,4,5,6,7,8,9,10,12,13>1,3,4,5,6,8,12,13,14,15,9,2,10
2,3,4,5,6,7,8,9,10,12,13>1,3,4,5,6,7,12,13,14,15,9,2,10
2,3,4,5,6,7,8,9,10,12,13>1,3,4,5,6,7,8,13,14,15,9,2,10
2,3,4,5,6,7,8,9,10,12,13>1,3,4,5,6,7,8,12,14,15,9,2,10
2,3,4,5,6,7,8,9,10,12,13>1,3,4,5,6,7,8,12,13,15,9,2,10
1,3,5,6,7,8,9,11,12,13,14>3,6,7,8,10,11,12,13,15,9,5,14
1,3,5,6,7,8,9,11,12,13,14>1,6,7,8,10,11,12,13,15,9,5,14
1,3,5,6,7,8,9,11,12,13,14>1,3,7,8,10,11,12,13,15,9,5,14
1,3,5,6,7,8,9,11,12,13,14>1,3,6,8,10,11,12,13,15,9,5,14
1,3,5,6,7,8,9,11,12,13,14>1,3,6,7,10,11,12,13,15,9,5,14
1,3,5,6,7,8,9,11,12,13,14>1,3,6,7,8,11,12,13,15,9,5,14
1,3,5,6,7,8,9,11,12,13,14>1,3,6,7,8,10,12,13,15,9,5,14
1,3,5,6,7,8,9,11,12,13,14>1,3,6,7,8,10,11,13,15,9,5,14
1,3,5,6,7,8,9,11,12,13,14>1,3,6,7,8,10,11,12,15,9,5,14
1,3,5,6,7,8,9,11,12,13,14>1,3,6,7,8,10,11,12,13,9,5,14
1,2,7,8,10,11,13>8,11,13,14,15,1,2,10,7
1,2,7,8,10,11,13>4,13,14,15,1,2,10,7
1,2,7,8,10,11,13>4,8,14,15,1,2,10,7
1,2,7,8,10,11,13>4,8,13,14,1,2,10,7
1,2,7,8,10,11,13>4,8,13,15,1,2,10,7
1,2,7,8,10,11,13>4,8,11,13,1,2,10,7
1,2,7,8,10,11,13>4,11,13,14,1,2,10,7
1,2,7,8,10,11,13>4,8,11,15,1,2,10,7
1,2,7,8,10,11,13>4,8,11,14,1,2,10,7
1,2,7,8,10,11,13>4,11,13,15,1,2,10,7
1,13,6,7>5,6,7,10,13,14,15
1,13,6,7>1,6,7,10,13,14,15
1,13,6,7>1,5,7,10,13,14,15
1,13,6,7>1,5,6,10,13,14,15
1,13,6,7>1,5,6,7,14,15
1,13,6,7>1,5,6,7,10,15
1,13,6,7>1,5,6,7,10,14
1,13,6,7>1,5,6,7,10,13
1,13,6,7>1,5,6,7,13,15
1,13,6,7>1,5,6,7,13,14
1,4,10,11,12,13,14>6,7,10,11,12,13,14,4
1,4,10,11,12,13,14>1,7,10,11,12,13,14,4
1,4,10,11,12,13,14>1,6,10,11,12,13,14,4
1,4,10,11,12,13,14>1,6,7,11,12,13,14,4
1,4,10,11,12,13,14>1,6,7,10,13,14,4
1,4,10,11,12,13,14>1,6,7,10,11,14,4
1,4,10,11,12,13,14>1,6,7,10,11,13,4
1,4,10,11,12,13,14>1,6,7,10,11,12,4
1,4,10,11,12,13,14>1,6,7,10,12,14,4
1,4,10,11,12,13,14>1,6,7,10,12,13,4
1,3,4,6,7,8,9,10,11,13,15>3,4,6,7,8,9,11,13,14,10,15
1,3,4,6,7,8,9,10,11,13,15>1,4,6,7,8,9,11,13,14,10,15
1,3,4,6,7,8,9,10,11,13,15>1,3,6,7,8,9,11,13,14,10,15
1,3,4,6,7,8,9,10,11,13,15>1,3,4,7,8,9,11,13,14,10,15
1,3,4,6,7,8,9,10,11,13,15>1,3,4,6,8,9,11,13,14,10,15
1,3,4,6,7,8,9,10,11,13,15>1,3,4,6,7,9,11,13,14,10,15
1,3,4,6,7,8,9,10,11,13,15>1,3,4,6,7,8,11,13,14,10,15
1,3,4,6,7,8,9,10,11,13,15>1,3,4,6,7,8,9,13,14,10,15
1,3,4,6,7,8,9,10,11,13,15>1,3,4,6,7,8,9,11,14,10,15
1,3,4,6,7,8,9,10,11,13,15>1,3,4,6,7,8,9,11,13,10,15
1,2,4,7,8,9,10,11,12,13,14,15>11,12,13,1,2,4,7,10,14,15
1,2,4,7,8,9,10,11,12,13,14,15>8,12,13,1,2,4,7,10,14,15
1,2,4,7,8,9,10,11,12,13,14,15>8,11,12,1,2,4,7,10,14,15
1,2,4,7,8,9,10,11,12,13,14,15>8,11,13,1,2,4,7,10,14,15
1,2,4,7,8,9,10,11,12,13,14,15>8,9,11,1,2,4,7,10,14,15
1,2,4,7,8,9,10,11,12,13,14,15>9,11,12,1,2,4,7,10,14,15
1,2,4,7,8,9,10,11,12,13,14,15>8,9,13,1,2,4,7,10,14,15
1,2,4,7,8,9,10,11,12,13,14,15>8,9,12,1,2,4,7,10,14,15
1,2,4,7,8,9,10,11,12,13,14,15>9,11,13,1,2,4,7,10,14,15
1,2,4,7,8,9,10,11,12,13,14,15>9,12,13,1,2,4,7,10,14,15
7,8,10,11,13>8,11,13,14,15,10,7
7,8,10,11,13>4,13,14,15,10,7
7,8,10,11,13>4,8,14,15,10,7
7,8,10,11,13>4,8,13,14,10,7
7,8,10,11,13>4,8,13,15,10,7
7,8,10,11,13>4,8,11,13,10,7
7,8,10,11,13>4,11,13,14,10,7
7,8,10,11,13>4,8,11,15,10,7
7,8,10,11,13>4,8,11,14,10,7
7,8,10,11,13>4,11,13,15,10,7
