AP3,UFO,FUL,FT,AP1,EMF1,LFY,AP2,WUS,AG,LUG,CLF,TFL1,PI,SEP
2,3,7,8,9>5,10,15,2,3,7,8,9
2,3,7,8,9>1,10,15,2,3,7,8,9
2,3,7,8,9>1,5,10,2,3,7,8,9
2,3,7,8,9>1,5,15,2,3,7,8,9
2,3,7,8,9>1,4,5,2,3,7,8,9
2,3,7,8,9>4,5,10,2,3,7,8,9
2,3,7,8,9>1,4,15,2,3,7,8,9
2,3,7,8,9>1,4,10,2,3,7,8,9
2,3,7,8,9>4,5,15,2,3,7,8,9
2,3,7,8,9>4,10,15,2,3,7,8,9
1,3,4,6,8,9,10,11,13,15>3,4,8,9,10,11,15,13,6
1,3,4,6,8,9,10,11,13,15>1,4,8,9,10,11,15,13,6
1,3,4,6,8,9,10,11,13,15>1,3,8,9,10,11,15,13,6
1,3,4,6,8,9,10,11,13,15>1,3,4,9,10,11,15,13,6
1,3,4,6,8,9,10,11,13,15>1,3,4,8,11,15,13,6
1,3,4,6,8,9,10,11,13,15>1,3,4,8,9,15,13,6
1,3,4,6,8,9,10,11,13,15>1,3,4,8,9,11,13,6
1,3,4,6,8,9,10,11,13,15>1,3,4,8,9,10,13,6
1,3,4,6,8,9,10,11,13,15>1,3,4,8,10,15,13,6
1,3,4,6,8,9,10,11,13,15>1,3,4,8,10,11,13,6
3,8,9,14,15>5,6,7,14,15,8,9,3
3,8,9,14,15>4,7,14,15,8,9,3
3,8,9,14,15>4,5,14,15,8,9,3
3,8,9,14,15>4,5,7,14,8,9,3
3,8,9,14,15>4,5,7,15,8,9,3
3,8,9,14,15>4,5,6,7,8,9,3
3,8,9,14,15>4,6,7,14,8,9,3
3,8,9,14,15>4,5,6,15,8,9,3
3,8,9,14,15>4,5,6,14,8,9,3
3,8,9,14,15>4,6,7,15,8,9,3
2,6,7,9,10,11,12>3,6,8,11,12,14,15,9,2,10,7
2,6,7,9,10,11,12>1,6,8,11,12,14,15,9,2,10,7
2,6,7,9,10,11,12>1,3,8,11,12,14,15,9,2,10,7
2,6,7,9,10,11,12>1,3,6,11,12,14,15,9,2,10,7
2,6,7,9,10,11,12>1,3,6,8,14,15,9,2,10,7
2,6,7,9,10,11,12>1,3,6,8,11,15,9,2,10,7
2,6,7,9,10,11,12>1,3,6,8,11,14,9,2,10,7
2,6,7,9,10,11,12>1,3,6,8,11,12,9,2,10,7
2,6,7,9,10,11,12>1,3,6,8,12,15,9,2,10,7
2,6,7,9,10,11,12>1,3,6,8,12,14,9,2,10,7
3,4,5,6,7,10,11,13>4,5,6,7,11,13,14,15,10
3,4,5,6,7,10,11,13>3,5,6,7,11,13,14,15,10
3,4,5,6,7,10,11,13>3,4,6,7,11,13,14,15,10
3,4,5,6,7,10,11,13>3,4,5,7,11,13,14,15,10
3,4,5,6,7,10,11,13>3,4,5,6,11,13,14,15,10
3,4,5,6,7,10,11,13>3,4,5,6,7,14,15,10
3,4,5,6,7,10,11,13>3,4,5,6,7,11,15,10
3,4,5,6,7,10,11,13>3,4,5,6,7,11,14,10
3,4,5,6,7,10,11,13>3,4,5,6,7,11,13,10
3,4,5,6,7,10,11,13>3,4,5,6,7,13,15,10
1,2,4,5,6,7,8,11,13,14>6,7,8,10,11,13,15,1,2,5,14
1,2,4,5,6,7,8,11,13,14>4,7,8,10,11,13,15,1,2,5,14
1,2,4,5,6,7,8,11,13,14>4,6,8,10,11,13,15,1,2,5,14
1,2,4,5,6,7,8,11,13,14>4,6,7,10,11,13,15,1,2,5,14
1,2,4,5,6,7,8,11,13,14>4,6,7,8,13,15,1,2,5,14
1,2,4,5,6,7,8,11,13,14>4,6,7,8,10,15,1,2,5,14
1,2,4,5,6,7,8,11,13,14>4,6,7,8,10,13,1,2,5,14
1,2,4,5,6,7,8,11,13,14>4,6,7,8,10,11,1,2,5,14
1,2,4,5,6,7,8,11,13,14>4,6,7,8,11,15,1,2,5,14
1,2,4,5,6,7,8,11,13,14>4,6,7,8,11,13,1,2,5,14
1,3,4,10,11,13,15>3,6,7,10,11,13,15,4
1,3,4,10,11,13,15>1,6,7,10,11,13,15,4
1,3,4,10,11,13,15>1,3,7,10,11,13,15,4
1,3,4,10,11,13,15>1,3,6,10,11,13,15,4
1,3,4,10,11,13,15>1,3,6,7,13,15,4
1,3,4,10,11,13,15>1,3,6,7,10,15,4
1,3,4,10,11,13,15>1,3,6,7,10,13,4
1,3,4,10,11,13,15>1,3,6,7,10,11,4
1,3,4,10,11,13,15>1,3,6,7,11,15,4
1,3,4,10,11,13,15>1,3,6,7,11,13,4
3,4,6,7,8,9,13,14,15>4,5,6,7,8,10,13,14,9,15
3,4,6,7,8,9,13,14,15>3,5,6,7,8,10,13,14,9,15
3,4,6,7,8,9,13,14,15>3,4,6,7,8,10,13,14,9,15
3,4,6,7,8,9,13,14,15>3,4,5,7,8,10,13,14,9,15
3,4,6,7,8,9,13,14,15>3,4,5,6,8,10,13,14,9,15
3,4,6,7,8,9,13,14,15>3,4,5,6,7,13,14,9,15
3,4,6,7,8,9,13,14,15>3,4,5,6,7,8,14,9,15
3,4,6,7,8,9,13,14,15>3,4,5,6,7,8,13,9,15
3,4,6,7,8,9,13,14,15>3,4,5,6,7,8,10,9,15
3,4,6,7,8,9,13,14,15>3,4,5,6,7,10,14,9,15
1,3,4,5,6,8,9,10,13>3,4,5,8,10,13,9,6
1,3,4,5,6,8,9,10,13>1,4,5,8,10,13,9,6
1,3,4,5,6,8,9,10,13>1,3,8,10,13,9,6
1,3,4,5,6,8,9,10,13>1,3,4,10,13,9,6
1,3,4,5,6,8,9,10,13>1,3,4,8,9,6
1,3,4,5,6,8,9,10,13>1,3,4,5,13,9,6
1,3,4,5,6,8,9,10,13>1,3,4,5,10,9,6
1,3,4,5,6,8,9,10,13>1,3,5,8,13,9,6
1,3,4,5,6,8,9,10,13>1,3,5,8,10,9,6
1,3,4,5,6,8,9,10,13>1,3,5,10,13,9,6
1,3,5,6,7,8,10,12,15>3,5,6,12,14,8,10,15,7
1,3,5,6,7,8,10,12,15>1,6,12,14,8,10,15,7
1,3,5,6,7,8,10,12,15>1,3,12,14,8,10,15,7
1,3,5,6,7,8,10,12,15>1,3,6,12,8,10,15,7
1,3,5,6,7,8,10,12,15>1,3,6,14,8,10,15,7
1,3,5,6,7,8,10,12,15>1,3,5,6,8,10,15,7
1,3,5,6,7,8,10,12,15>1,5,6,12,8,10,15,7
1,3,5,6,7,8,10,12,15>1,3,5,14,8,10,15,7
1,3,5,6,7,8,10,12,15>1,3,5,12,8,10,15,7
1,3,5,6,7,8,10,12,15>1,5,6,14,8,10,15,7
