AP3,UFO,FUL,FT,AP1,EMF1,LFY,AP2,WUS,AG,LUG,CLF,TFL1,PI,SEP
1,4,5,6,10,11,14>4,5,7,8,11,14,10,6
1,4,5,6,10,11,14>1,5,7,8,11,14,10,6
1,3,4,7,8,9,15>10,5,14,3,4,7,8,9,15
1,3,4,7,8,9,15>1,5,14,3,4,7,8,9,15
4,6,7,8,10,12,14,15>4,12,6,7,8,10,14,15
4,6,7,8,10,12,14,15>3,12,6,7,8,10,14,15
1,2,4,5,6,8,11,12>4,7,11,12,8,2,5,6
1,2,4,5,6,8,11,12>1,7,11,12,8,2,5,6
2,3,4,9,12,13,14,15>5,6,7,12,13,14,15,9,2,4
2,3,4,9,12,13,14,15>3,6,7,12,13,14,15,9,2,4
3,7,9,10,11,14,15>9,11,4,3,7,10,14,15
3,7,9,10,11,14,15>8,11,4,3,7,10,14,15
1,2,3,7,8,10,11,14,15>4,1,2,3,7,8,10,14,15
1,2,3,7,8,10,11,14,15>11,1,2,3,7,8,10,14,15
2,3,4,6,7,8,10,11,12>4,6,11,12,14,15,2,3,7,8,10
2,3,4,6,7,8,10,11,12>1,6,11,12,14,15,2,3,7,8,10
3,4,7,8,9,10,11,13,14>8,11,13,15,4,7,9,10,14
3,4,7,8,9,10,11,13,14>3,11,13,15,4,7,9,10,14
1,2,5,7,8,9,12,13>8,10,12,13,14,15,1,2,5,7,9
1,2,5,7,8,9,12,13>4,10,12,13,14,15,1,2,5,7,9
