AP3,UFO,FUL,FT,AP1,EMF1,LFY,AP2,WUS,AG,LUG,CLF,TFL1,PI,SEP
9,15,13,7>13,4,5,9,7,15
9,15,13,7>10,4,5,9,7,15
3,5,7,8,12,13,15>4,8,10,12,13,15,5,7
3,5,7,8,12,13,15>3,8,10,12,13,15,5,7
11,3,4>6,7,8,10,11,3,4
11,3,4>5,7,8,10,11,3,4
2,3,6,7,8,12,13,15>3,5,6,7,8,10,12,13,2,15
2,3,6,7,8,12,13,15>1,5,6,7,8,10,12,13,2,15
6,8,9,10,12,14>7,10,12,13,14,8,9,6
6,8,9,10,12,14>3,10,12,13,14,8,9,6
2,3,4,9,10,13,14,15>6,7,9,10,13,14,15,2,4
2,3,4,9,10,13,14,15>3,7,9,10,13,14,15,2,4
1,4,6,7,8,13,14,15>4,5,6,7,8,10,13,14,15
1,4,6,7,8,13,14,15>1,5,6,7,8,10,13,14,15
1,2,4,6,8,10,12>3,4,7,10,12,13,8,2,6
1,2,4,6,8,10,12>1,4,7,10,12,13,8,2,6
2,4,6,8,10,11,12,13,14,15>8,10,11,12,14,15,2,13,6
2,4,6,8,10,11,12,13,14,15>4,10,11,12,14,15,2,13,6
2,8,10,11,12,15>4,6,7,10,11,12,15,8,2
2,8,10,11,12,15>3,6,7,10,11,12,15,8,2
