AP3,UFO,FUL,FT,AP1,EMF1,LFY,AP2,WUS,AG,LUG,CLF,TFL1,PI,SEP
1,2,4,9,10,13>6,7,10,13,9,2,4
1,2,4,9,10,13>1,7,10,13,9,2,4
2,3,6,7,9,10,13,14,15>3,6,7,9,13,2,10,14,15
2,3,6,7,9,10,13,14,15>1,6,7,9,13,2,10,14,15
2,8,9,10,11,13>6,7,8,10,11,13,9,2
2,8,9,10,11,13>4,7,8,10,11,13,9,2
2,4,6,7,8,10,12>3,4,6,12,14,15,8,2,10,7
2,4,6,7,8,10,12>1,4,6,12,14,15,8,2,10,7
11,3,14,15>5,6,7,8,10,11,14,15,3
11,3,14,15>4,6,7,8,10,11,14,15,3
2,6,7,8,11,13,14,15>5,6,7,8,10,11,13,14,2,15
2,6,7,8,11,13,14,15>1,6,7,8,10,11,13,14,2,15
1,2,3,5,8,10,11,12,15>3,4,5,6,7,10,11,12,15,8,2
1,2,3,5,8,10,11,12,15>1,4,5,6,7,10,11,12,15,8,2
1,4,6,7,8,10,13>4,6,7,8,13,14,15,10
1,4,6,7,8,10,13>1,6,7,8,13,14,15,10
4,7,9,10,12,13,14>13,15,4,7,9,10,14
4,7,9,10,12,13,14>12,15,4,7,9,10,14
5,6,7,9,10>6,8,14,15,9,10,7
5,6,7,9,10>5,8,14,15,9,10,7
