AP3,UFO,FUL,FT,AP1,EMF1,LFY,AP2,WUS,AG,LUG,CLF,TFL1,PI,SEP
2,7,10,11,13,14>4,11,13,15,2,10,14,7
2,7,10,11,13,14>1,11,13,15,2,10,14,7
2,7,10,11,13,14>1,4,13,15,2,10,14,7
2,7,10,11,13,14>1,4,11,15,2,10,14,7
1,3,6,9,10,13,14>10,3,14,9,13,6
1,3,6,9,10,13,14>1,3,14,9,13,6
1,3,6,9,10,13,14>1,10,14,9,13,6
1,3,6,9,10,13,14>1,10,3,9,13,6
1,2,5,8,9,10,13,14>4,5,6,7,8,10,13,14,9,2
1,2,5,8,9,10,13,14>1,5,6,7,8,10,13,14,9,2
1,2,5,8,9,10,13,14>1,4,6,7,8,10,13,14,9,2
1,2,5,8,9,10,13,14>1,4,5,7,8,10,13,14,9,2
3,4,8,11,12,14>6,7,11,12,14,8,3,4
3,4,8,11,12,14>5,7,11,12,14,8,3,4
3,4,8,11,12,14>5,6,11,12,14,8,3,4
3,4,8,11,12,14>5,6,7,12,14,8,3,4
1,2,4,6,11,15>3,4,5,7,8,10,11,13,15,2,6
1,2,4,6,11,15>1,4,5,7,8,10,11,13,15,2,6
1,2,4,6,11,15>1,3,5,7,8,10,11,13,15,2,6
1,2,4,6,11,15>1,3,4,7,8,10,11,13,15,2,6
4,5,6,8,9,10,11,13,14>5,8,10,11,13,14,9,6
4,5,6,8,9,10,11,13,14>4,8,10,11,13,14,9,6
4,5,6,8,9,10,11,13,14>4,5,10,11,13,14,9,6
4,5,6,8,9,10,11,13,14>4,5,8,11,13,14,9,6
2,3,5,6,7,9,10,11,12,14,15>3,5,6,8,9,11,12,2,7,10,14,15
2,3,5,6,7,9,10,11,12,14,15>1,5,6,8,9,11,12,2,7,10,14,15
2,3,5,6,7,9,10,11,12,14,15>1,3,6,8,9,11,12,2,7,10,14,15
2,3,5,6,7,9,10,11,12,14,15>1,3,5,8,9,11,12,2,7,10,14,15
3,5,9,10,12,13,15>4,5,6,7,9,10,12,13,15
3,5,9,10,12,13,15>3,5,6,7,9,10,12,13,15
3,5,9,10,12,13,15>3,4,6,7,9,10,12,13,15
3,5,9,10,12,13,15>3,4,5,7,9,10,12,13,15
10,2,3>4,6,7,3,10,2
10,2,3>8,6,7,3,10,2
10,2,3>8,4,7,3,10,2
10,2,3>8,4,6,3,10,2
6,7,9,10,11,12,13,14>7,11,12,13,15,9,10,14
6,7,9,10,11,12,13,14>6,11,12,13,15,9,10,14
6,7,9,10,11,12,13,14>6,7,12,13,15,9,10,14
6,7,9,10,11,12,13,14>6,7,11,13,15,9,10,14
