AP3,UFO,FUL,FT,AP1,EMF1,LFY,AP2,WUS,AG,LUG,CLF,TFL1,PI,SEP
1,2,7,11,14,15>4,5,8,10,11,1,2,7,14,15
1,2,7,11,14,15>3,5,8,10,11,1,2,7,14,15
1,2,7,11,14,15>3,4,8,10,11,1,2,7,14,15
1,2,7,11,14,15>3,4,5,10,11,1,2,7,14,15
3,4,5,6,9,10,15>4,5,7,8,9,15,10,6
3,4,5,6,9,10,15>3,5,7,8,9,15,10,6
3,4,5,6,9,10,15>3,4,7,8,9,15,10,6
3,4,5,6,9,10,15>3,4,5,8,9,15,10,6
1,2,3,4,5,8,9,11,14>3,6,7,11,14,2,4,5,8,9
1,2,3,4,5,8,9,11,14>1,6,7,11,14,2,4,5,8,9
1,2,3,4,5,8,9,11,14>1,3,7,11,14,2,4,5,8,9
1,2,3,4,5,8,9,11,14>1,3,6,11,14,2,4,5,8,9
2,3,5,6,8,10,15>5,7,10,15,8,2,6
2,3,5,6,8,10,15>3,7,10,15,8,2,6
2,3,5,6,8,10,15>3,5,10,15,8,2,6
2,3,5,6,8,10,15>3,5,7,15,8,2,6
1,3,6,7,8,11,12,14,15>5,6,10,11,12,3,7,8,14,15
1,3,6,7,8,11,12,14,15>1,6,10,11,12,3,7,8,14,15
1,3,6,7,8,11,12,14,15>1,5,10,11,12,3,7,8,14,15
1,3,6,7,8,11,12,14,15>1,5,6,11,12,3,7,8,14,15
2,7,9,10,11,12,14>3,4,8,11,12,15,2,7,9,10,14
2,7,9,10,11,12,14>1,4,8,11,12,15,2,7,9,10,14
2,7,9,10,11,12,14>1,3,8,11,12,15,2,7,9,10,14
2,7,9,10,11,12,14>1,3,4,11,12,15,2,7,9,10,14
1,2,4,5,6,8,9,11,13,15>4,8,11,13,15,9,2,5,6
1,2,4,5,6,8,9,11,13,15>1,8,11,13,15,9,2,5,6
1,2,4,5,6,8,9,11,13,15>1,4,11,13,15,9,2,5,6
1,2,4,5,6,8,9,11,13,15>1,4,8,13,15,9,2,5,6
4,7,9,10,12,15>8,9,12,14,10,4,15,7
4,7,9,10,12,15>3,9,12,14,10,4,15,7
4,7,9,10,12,15>3,8,12,14,10,4,15,7
4,7,9,10,12,15>3,8,9,14,10,4,15,7
2,4,6,8,10,11>4,7,10,11,13,8,2,6
2,4,6,8,10,11>3,7,10,11,13,8,2,6
2,4,6,8,10,11>3,4,10,11,13,8,2,6
2,4,6,8,10,11>3,4,7,11,13,8,2,6
3,4,6,7,11,12,13,14>4,5,6,7,10,11,12,13,14,15
3,4,6,7,11,12,13,14>3,5,6,7,10,11,12,13,14,15
3,4,6,7,11,12,13,14>3,4,6,7,10,11,12,13,14,15
3,4,6,7,11,12,13,14>3,4,5,7,10,11,12,13,14,15
