AP3,UFO,FUL,FT,AP1,EMF1,LFY,AP2,WUS,AG,LUG,CLF,TFL1,PI,SEP
3,4,5,6,9,12,13,15>4,12,13,15,9,5,6
3,4,5,6,9,12,13,15>3,12,13,15,9,5,6
3,4,5,6,9,12,13,15>3,4,13,15,9,5,6
3,4,5,6,9,12,13,15>3,4,12,15,9,5,6
2,3,9,12,13>4,6,7,12,13,9,2
2,3,9,12,13>3,6,7,12,13,9,2
2,3,9,12,13>3,4,7,12,13,9,2
2,3,9,12,13>3,4,6,12,13,9,2
3,5,6,8,10,15>5,7,10,15,8,6
3,5,6,8,10,15>3,7,10,15,8,6
3,5,6,8,10,15>3,5,10,15,8,6
3,5,6,8,10,15>3,5,7,15,8,6
13,10,3,5>4,5,6,7,10,13
13,10,3,5>3,5,6,7,10,13
13,10,3,5>3,4,6,7,10,13
13,10,3,5>3,4,5,7,10,13
2,3,7,9,10,11,12,13,15>3,4,9,11,12,13,14,2,10,15,7
2,3,7,9,10,11,12,13,15>1,4,9,11,12,13,14,2,10,15,7
2,3,7,9,10,11,12,13,15>1,3,9,11,12,13,14,2,10,15,7
2,3,7,9,10,11,12,13,15>1,3,4,11,12,13,14,2,10,15,7
9,10,11,12,13,14>6,7,10,11,12,13,14,9
9,10,11,12,13,14>4,7,10,11,12,13,14,9
9,10,11,12,13,14>4,6,10,11,12,13,14,9
9,10,11,12,13,14>4,6,7,11,12,13,14,9
2,4,5,8,11,13,15>7,8,11,13,15,2,4,5
2,4,5,8,11,13,15>6,8,11,13,15,2,4,5
2,4,5,8,11,13,15>6,7,11,13,15,2,4,5
2,4,5,8,11,13,15>6,7,8,13,15,2,4,5
1,2,4,5,6,7,10,13,15>5,6,7,13,14,1,2,10,15
1,2,4,5,6,7,10,13,15>4,6,7,13,14,1,2,10,15
1,2,4,5,6,7,10,13,15>4,5,7,13,14,1,2,10,15
1,2,4,5,6,7,10,13,15>4,5,6,13,14,1,2,10,15
1,4,5,6,10,11>4,5,7,8,11,10,6
1,4,5,6,10,11>1,5,7,8,11,10,6
1,4,5,6,10,11>1,4,7,8,11,10,6
1,4,5,6,10,11>1,4,5,8,11,10,6
2,5,10,14,15>5,6,7,8,14,15,2,10
2,5,10,14,15>4,6,7,8,14,15,2,10
2,5,10,14,15>4,5,7,8,14,15,2,10
2,5,10,14,15>4,5,6,8,14,15,2,10
