AP3,UFO,FUL,FT,AP1,EMF1,LFY,AP2,WUS,AG,LUG,CLF,TFL1,PI,SEP
2,5,15>6,7,8,10,15,2,5
2,5,15>4,7,8,10,15,2,5
2,5,15>4,6,8,10,15,2,5
2,5,15>4,6,7,10,15,2,5
1,4,5,6,8,9,12>4,12,7,8,9,5,6
1,4,5,6,8,9,12>1,12,7,8,9,5,6
1,4,5,6,8,9,12>1,4,7,8,9,5,6
1,4,5,6,8,9,12>1,4,12,8,9,5,6
2,3,5,7,8,14>3,4,10,14,15,8,2,5,7
2,3,5,7,8,14>1,4,10,14,15,8,2,5,7
2,3,5,7,8,14>1,3,10,14,15,8,2,5,7
2,3,5,7,8,14>1,3,4,14,15,8,2,5,7
2,4,6,7,11,12,13,15>4,5,6,7,10,11,12,13,2,15
2,4,6,7,11,12,13,15>1,5,6,7,10,11,12,13,2,15
2,4,6,7,11,12,13,15>1,4,6,7,10,11,12,13,2,15
2,4,6,7,11,12,13,15>1,4,5,7,10,11,12,13,2,15
1,5,6,9,10,11,12,14>5,7,8,11,12,14,9,10,6
1,5,6,9,10,11,12,14>1,7,8,11,12,14,9,10,6
1,5,6,9,10,11,12,14>1,5,8,11,12,14,9,10,6
1,5,6,9,10,11,12,14>1,5,7,11,12,14,9,10,6
1,2,4,5,7,8,12,13,15>10,12,13,14,1,2,4,5,7,15
1,2,4,5,7,8,12,13,15>8,12,13,14,1,2,4,5,7,15
1,2,4,5,7,8,12,13,15>8,10,13,14,1,2,4,5,7,15
1,2,4,5,7,8,12,13,15>8,10,12,14,1,2,4,5,7,15
2,4,6,9,14,15>4,5,7,8,10,13,14,15,9,2,6
2,4,6,9,14,15>3,5,7,8,10,13,14,15,9,2,6
2,4,6,9,14,15>3,4,7,8,10,13,14,15,9,2,6
2,4,6,9,14,15>3,4,5,8,10,13,14,15,9,2,6
1,4,6,7,10,11>3,4,6,8,11,14,15,10,7
1,4,6,7,10,11>1,4,6,8,11,14,15,10,7
1,4,6,7,10,11>1,3,6,8,11,14,15,10,7
1,4,6,7,10,11>1,3,4,8,11,14,15,10,7
2,4,6,8,9,10,12,13,14>8,10,12,14,9,2,13,6
2,4,6,8,9,10,12,13,14>4,10,12,14,9,2,13,6
2,4,6,8,9,10,12,13,14>4,8,12,14,9,2,13,6
2,4,6,8,9,10,12,13,14>4,8,10,14,9,2,13,6
1,2,3,6,8,9,12,13,15>3,8,12,15,9,2,13,6
1,2,3,6,8,9,12,13,15>1,8,12,15,9,2,13,6
1,2,3,6,8,9,12,13,15>1,3,12,15,9,2,13,6
1,2,3,6,8,9,12,13,15>1,3,8,15,9,2,13,6
