AP3,UFO,FUL,FT,AP1,EMF1,LFY,AP2,WUS,AG,LUG,CLF,TFL1,PI,SEP
3,4,5,9,11,15>6,7,8,10,11,15,9,4,5
3,4,5,9,11,15>3,7,8,10,11,15,9,4,5
3,4,5,9,11,15>3,6,8,10,11,15,9,4,5
3,4,5,9,11,15>3,6,7,10,11,15,9,4,5
7,8,9,10,13>8,13,14,15,9,10,7
7,8,9,10,13>4,13,14,15,9,10,7
7,8,9,10,13>4,8,14,15,9,10,7
7,8,9,10,13>4,8,13,15,9,10,7
3,4,5,6,9,14,15>4,7,8,10,14,15,9,5,6
3,4,5,6,9,14,15>3,7,8,10,14,15,9,5,6
3,4,5,6,9,14,15>3,4,8,10,14,15,9,5,6
3,4,5,6,9,14,15>3,4,7,10,14,15,9,5,6
2,4,7,8,9,10,11,13,14>8,11,13,15,2,4,7,9,10,14
2,4,7,8,9,10,11,13,14>1,11,13,15,2,4,7,9,10,14
2,4,7,8,9,10,11,13,14>1,8,13,15,2,4,7,9,10,14
2,4,7,8,9,10,11,13,14>1,8,11,15,2,4,7,9,10,14
1,5,9,10,12,13,14>4,5,6,7,10,12,13,14,9
1,5,9,10,12,13,14>1,5,6,7,10,12,13,14,9
1,5,9,10,12,13,14>1,4,6,7,10,12,13,14,9
1,5,9,10,12,13,14>1,4,5,7,10,12,13,14,9
1,2,3,6,7,8,11,12,15>6,10,11,12,14,1,2,3,7,8,15
1,2,3,6,7,8,11,12,15>5,10,11,12,14,1,2,3,7,8,15
1,2,3,6,7,8,11,12,15>5,6,11,12,14,1,2,3,7,8,15
1,2,3,6,7,8,11,12,15>5,6,10,12,14,1,2,3,7,8,15
1,4,5,8,14>14,6,7,8,4,5
1,4,5,8,14>1,6,7,8,4,5
1,4,5,8,14>1,14,7,8,4,5
1,4,5,8,14>1,14,6,8,4,5
1,4,8,9,10,11,12,13,15>6,7,8,9,10,11,12,13,15,4
1,4,8,9,10,11,12,13,15>1,7,8,9,10,11,12,13,15,4
1,4,8,9,10,11,12,13,15>1,6,8,9,10,11,12,13,15,4
1,4,8,9,10,11,12,13,15>1,6,7,9,10,11,12,13,15,4
1,7,8,10,12,14>3,4,12,15,8,10,14,7
1,7,8,10,12,14>1,4,12,15,8,10,14,7
1,7,8,10,12,14>1,3,12,15,8,10,14,7
1,7,8,10,12,14>1,3,4,15,8,10,14,7
1,2,3,4,8,10,11,13,15>3,6,7,8,10,11,13,15,2,4
1,2,3,4,8,10,11,13,15>1,6,7,8,10,11,13,15,2,4
1,2,3,4,8,10,11,13,15>1,3,7,8,10,11,13,15,2,4
1,2,3,4,8,10,11,13,15>1,3,6,8,10,11,13,15,2,4
