AP3,UFO,FUL,FT,AP1,EMF1,LFY,AP2,WUS,AG,LUG,CLF,TFL1,PI,SEP
3,5,6,8,14,15>15,14,7,8,5,6
3,5,6,8,14,15>3,14,7,8,5,6
3,5,6,8,14,15>3,15,7,8,5,6
3,5,6,8,14,15>3,15,14,8,5,6
3,4,6,7,8,9,10,11,15>6,9,11,14,3,7,8,10,15
3,4,6,7,8,9,10,11,15>4,9,11,14,3,7,8,10,15
3,4,6,7,8,9,10,11,15>4,6,11,14,3,7,8,10,15
3,4,6,7,8,9,10,11,15>4,6,9,14,3,7,8,10,15
2,3,6,7,8,11,13,14,15>3,5,6,7,8,10,11,13,14,2,15
2,3,6,7,8,11,13,14,15>1,5,6,7,8,10,11,13,14,2,15
2,3,6,7,8,11,13,14,15>1,3,6,7,8,10,11,13,14,2,15
2,3,6,7,8,11,13,14,15>1,3,5,7,8,10,11,13,14,2,15
2,7,8,11,13,14>4,5,8,10,11,13,14,15,2,7
2,7,8,11,13,14>1,5,8,10,11,13,14,15,2,7
2,7,8,11,13,14>1,4,8,10,11,13,14,15,2,7
2,7,8,11,13,14>1,4,5,10,11,13,14,15,2,7
2,3,6,11,12,13,14,15>11,12,14,15,2,13,6
2,3,6,11,12,13,14,15>3,12,14,15,2,13,6
2,3,6,11,12,13,14,15>3,11,14,15,2,13,6
2,3,6,11,12,13,14,15>3,11,12,15,2,13,6
8,11,4,14>5,6,7,11,14,8,4
8,11,4,14>3,6,7,11,14,8,4
8,11,4,14>3,5,7,11,14,8,4
8,11,4,14>3,5,6,11,14,8,4
1,2,3,4,6>4,5,7,8,10,13,2,3,6
1,2,3,4,6>1,5,7,8,10,13,2,3,6
1,2,3,4,6>1,4,7,8,10,13,2,3,6
1,2,3,4,6>1,4,5,8,10,13,2,3,6
3,4,6,9,12,14,15>5,7,8,10,12,13,14,15,9,3,6
3,4,6,9,12,14,15>4,7,8,10,12,13,14,15,9,3,6
3,4,6,9,12,14,15>4,5,8,10,12,13,14,15,9,3,6
3,4,6,9,12,14,15>4,5,7,10,12,13,14,15,9,3,6
4,5,10,13,15>6,7,10,13,15,4
4,5,10,13,15>5,7,10,13,15,4
4,5,10,13,15>5,6,10,13,15,4
4,5,10,13,15>5,6,7,13,15,4
2,3,4,5,6,8,10,11,13,14>4,5,8,10,11,13,14,2,6
2,3,4,5,6,8,10,11,13,14>3,5,8,10,11,13,14,2,6
2,3,4,5,6,8,10,11,13,14>3,4,8,10,11,13,14,2,6
2,3,4,5,6,8,10,11,13,14>3,4,5,10,11,13,14,2,6
