AP3,UFO,FUL,FT,AP1,EMF1,LFY,AP2,WUS,AG,LUG,CLF,TFL1,PI,SEP
4,5,6,9,10,13>4,5,9,6
4,5,6,9,10,13>10,5,9,6
4,5,6,9,10,13>10,4,9,6
4,5,6,9,10,13>10,13,9,6
4,5,6,9,10,13>13,5,9,6
4,5,6,9,10,13>13,4,9,6
1,3,4,5,6,9,10,12,14,15>4,5,7,8,9,12,15,1,10,6,14
1,3,4,5,6,9,10,12,14,15>3,5,7,8,9,12,15,1,10,6,14
1,3,4,5,6,9,10,12,14,15>3,4,7,8,9,12,15,1,10,6,14
1,3,4,5,6,9,10,12,14,15>3,4,5,8,9,12,15,1,10,6,14
1,3,4,5,6,9,10,12,14,15>3,4,5,7,9,12,15,1,10,6,14
1,3,4,5,6,9,10,12,14,15>3,4,5,7,8,12,15,1,10,6,14
7,8,9,10,12>4,12,14,15,8,9,10,7
7,8,9,10,12>3,14,15,8,9,10,7
7,8,9,10,12>3,4,15,8,9,10,7
7,8,9,10,12>3,4,14,8,9,10,7
7,8,9,10,12>3,4,12,8,9,10,7
7,8,9,10,12>3,12,15,8,9,10,7
1,2,3,7,8,10,12,13,14,15>4,8,12,13,1,2,7,10,14,15
1,2,3,7,8,10,12,13,14,15>3,12,13,1,2,7,10,14,15
1,2,3,7,8,10,12,13,14,15>3,4,13,1,2,7,10,14,15
1,2,3,7,8,10,12,13,14,15>3,4,12,1,2,7,10,14,15
1,2,3,7,8,10,12,13,14,15>3,4,8,1,2,7,10,14,15
1,2,3,7,8,10,12,13,14,15>3,8,13,1,2,7,10,14,15
1,4,5,6,7,9,11,12,14>4,6,8,10,11,12,15,9,5,14,7
1,4,5,6,7,9,11,12,14>1,6,8,10,11,12,15,9,5,14,7
1,4,5,6,7,9,11,12,14>1,4,8,10,11,12,15,9,5,14,7
1,4,5,6,7,9,11,12,14>1,4,6,10,11,12,15,9,5,14,7
1,4,5,6,7,9,11,12,14>1,4,6,8,11,12,15,9,5,14,7
1,4,5,6,7,9,11,12,14>1,4,6,8,10,12,15,9,5,14,7
1,2,5,7,11,12,13>10,11,12,13,14,15,1,2,5,7
1,2,5,7,11,12,13>4,11,12,13,14,15,1,2,5,7
1,2,5,7,11,12,13>4,10,12,13,14,15,1,2,5,7
1,2,5,7,11,12,13>4,10,11,13,14,15,1,2,5,7
1,2,5,7,11,12,13>4,10,11,12,14,15,1,2,5,7
1,2,5,7,11,12,13>4,10,11,12,13,15,1,2,5,7
2,3,6,7,11,12,13,14,15>3,5,6,7,10,11,12,13,14,2,15
2,3,6,7,11,12,13,14,15>1,5,6,7,10,11,12,13,14,2,15
2,3,6,7,11,12,13,14,15>1,3,6,7,10,11,12,13,14,2,15
2,3,6,7,11,12,13,14,15>1,3,5,7,10,11,12,13,14,2,15
2,3,6,7,11,12,13,14,15>1,3,5,6,10,11,12,13,14,2,15
2,3,6,7,11,12,13,14,15>1,3,5,6,7,11,12,13,14,2,15
1,3,6,8,9,10,15>7,9,10,13,15,8,3,6
1,3,6,8,9,10,15>1,9,10,13,15,8,3,6
1,3,6,8,9,10,15>1,7,10,13,15,8,3,6
1,3,6,8,9,10,15>1,7,9,13,15,8,3,6
1,3,6,8,9,10,15>1,7,9,10,15,8,3,6
1,3,6,8,9,10,15>1,7,9,10,13,8,3,6
4,6,7,12,13,14>5,6,7,10,12,13,14,15
4,6,7,12,13,14>4,6,7,10,12,13,14,15
4,6,7,12,13,14>4,5,7,10,12,13,14,15
4,6,7,12,13,14>4,5,6,10,12,13,14,15
4,6,7,12,13,14>4,5,6,7,12,13,14,15
4,6,7,12,13,14>4,5,6,7,10,13,14,15
3,4,7,9,10,12,13,15>9,12,13,14,10,4,15,7
3,4,7,9,10,12,13,15>3,13,14,10,4,15,7
3,4,7,9,10,12,13,15>3,9,14,10,4,15,7
3,4,7,9,10,12,13,15>3,9,13,10,4,15,7
3,4,7,9,10,12,13,15>3,9,12,10,4,15,7
3,4,7,9,10,12,13,15>3,12,14,10,4,15,7
