AP3,UFO,FUL,FT,AP1,EMF1,LFY,AP2,WUS,AG,LUG,CLF,TFL1,PI,SEP
2,4,6,7,9,11>3,4,5,6,8,10,11,15,9,2,7
2,4,6,7,9,11>1,4,5,6,8,10,11,15,9,2,7
2,4,6,7,9,11>1,3,5,6,8,10,11,15,9,2,7
2,4,6,7,9,11>1,3,4,6,8,10,11,15,9,2,7
2,4,6,7,9,11>1,3,4,5,8,10,11,15,9,2,7
2,4,6,7,9,11>1,3,4,5,6,10,11,15,9,2,7
4,5,6,8,11,14>14,7,8,5,6
4,5,6,8,11,14>11,7,8,5,6
4,5,6,8,11,14>11,14,8,5,6
4,5,6,8,11,14>11,4,8,5,6
4,5,6,8,11,14>4,7,8,5,6
4,5,6,8,11,14>4,14,8,5,6
2,6,9,11,12,14>5,7,8,10,11,12,13,14,9,2,6
2,6,9,11,12,14>3,7,8,10,11,12,13,14,9,2,6
2,6,9,11,12,14>3,5,8,10,11,12,13,14,9,2,6
2,6,9,11,12,14>3,5,7,10,11,12,13,14,9,2,6
2,6,9,11,12,14>3,5,7,8,11,12,13,14,9,2,6
2,6,9,11,12,14>3,5,7,8,10,12,13,14,9,2,6
4,5,7,10,11,13,15>5,14,10,4,15,7
4,5,7,10,11,13,15>13,14,10,4,15,7
4,5,7,10,11,13,15>13,5,10,4,15,7
4,5,7,10,11,13,15>13,11,10,4,15,7
4,5,7,10,11,13,15>11,14,10,4,15,7
4,5,7,10,11,13,15>11,5,10,4,15,7
1,2,5,6,7,8,10,13,14>6,7,8,13,15,1,2,10,14
1,2,5,6,7,8,10,13,14>5,7,8,13,15,1,2,10,14
1,2,5,6,7,8,10,13,14>5,6,8,13,15,1,2,10,14
1,2,5,6,7,8,10,13,14>5,6,7,13,15,1,2,10,14
1,2,5,6,7,8,10,13,14>5,6,7,8,15,1,2,10,14
1,2,5,6,7,8,10,13,14>5,6,7,8,13,1,2,10,14
6,7,8,9,10,11,12,13>7,8,11,12,13,14,15,9,10
6,7,8,9,10,11,12,13>6,8,11,12,13,14,15,9,10
6,7,8,9,10,11,12,13>6,7,11,12,13,14,15,9,10
6,7,8,9,10,11,12,13>6,7,8,12,13,14,15,9,10
6,7,8,9,10,11,12,13>6,7,8,11,13,14,15,9,10
6,7,8,9,10,11,12,13>6,7,8,11,12,14,15,9,10
1,4,6,8,10,11>3,4,7,10,11,13,8,6
1,4,6,8,10,11>1,4,7,10,11,13,8,6
1,4,6,8,10,11>1,3,7,10,11,13,8,6
1,4,6,8,10,11>1,3,4,10,11,13,8,6
1,4,6,8,10,11>1,3,4,7,11,13,8,6
1,4,6,8,10,11>1,3,4,7,10,13,8,6
1,2,3,4,5,7,8,10,13,14>5,8,13,15,1,2,4,7,10,14
1,2,3,4,5,7,8,10,13,14>3,13,15,1,2,4,7,10,14
1,2,3,4,5,7,8,10,13,14>3,5,15,1,2,4,7,10,14
1,2,3,4,5,7,8,10,13,14>3,5,13,1,2,4,7,10,14
1,2,3,4,5,7,8,10,13,14>3,5,8,1,2,4,7,10,14
1,2,3,4,5,7,8,10,13,14>3,8,15,1,2,4,7,10,14
2,4,5,6,7,8,9,10,12,14,15>4,5,6,9,12,2,7,8,10,14,15
2,4,5,6,7,8,9,10,12,14,15>1,5,6,9,12,2,7,8,10,14,15
2,4,5,6,7,8,9,10,12,14,15>1,4,6,9,12,2,7,8,10,14,15
2,4,5,6,7,8,9,10,12,14,15>1,4,5,9,12,2,7,8,10,14,15
2,4,5,6,7,8,9,10,12,14,15>1,4,5,6,12,2,7,8,10,14,15
2,4,5,6,7,8,9,10,12,14,15>1,4,5,6,9,2,7,8,10,14,15
1,9,14>3,4,5,6,7,8,10,14,9
1,9,14>1,4,5,6,7,8,10,14,9
1,9,14>1,3,5,6,7,8,10,14,9
1,9,14>1,3,4,6,7,8,10,14,9
1,9,14>1,3,4,5,7,8,10,14,9
1,9,14>1,3,4,5,6,8,10,14,9
