AP3,UFO,FUL,FT,AP1,EMF1,LFY,AP2,WUS,AG,LUG,CLF,TFL1,PI,SEP
1,6,7,8,10,13,14>6,7,8,13,15,10,14
1,6,7,8,10,13,14>1,7,8,13,15,10,14
1,6,7,8,10,13,14>1,6,8,13,15,10,14
1,6,7,8,10,13,14>1,6,7,13,15,10,14
1,6,7,8,10,13,14>1,6,7,8,15,10,14
1,6,7,8,10,13,14>1,6,7,8,13,10,14
1,3,5,8,9,12,13,14>3,4,5,6,7,8,12,13,14,9
1,3,5,8,9,12,13,14>1,4,5,6,7,8,12,13,14,9
1,3,5,8,9,12,13,14>1,3,5,6,7,8,12,13,14,9
1,3,5,8,9,12,13,14>1,3,4,6,7,8,12,13,14,9
1,3,5,8,9,12,13,14>1,3,4,5,7,8,12,13,14,9
1,3,5,8,9,12,13,14>1,3,4,5,6,8,12,13,14,9
4,6,7,10,14,15>4,6,10,15,14,7
4,6,7,10,14,15>8,6,10,15,14,7
4,6,7,10,14,15>8,4,10,15,14,7
4,6,7,10,14,15>8,3,10,15,14,7
4,6,7,10,14,15>3,6,10,15,14,7
4,6,7,10,14,15>3,4,10,15,14,7
3,5,7,9,10,12,13,14>4,5,12,13,15,9,10,14,7
3,5,7,9,10,12,13,14>3,5,12,13,15,9,10,14,7
3,5,7,9,10,12,13,14>3,4,12,13,15,9,10,14,7
3,5,7,9,10,12,13,14>3,4,5,13,15,9,10,14,7
3,5,7,9,10,12,13,14>3,4,5,12,15,9,10,14,7
3,5,7,9,10,12,13,14>3,4,5,12,13,9,10,14,7
2,3,5,7>3,4,8,10,15,2,5,7
2,3,5,7>1,4,8,10,15,2,5,7
2,3,5,7>1,3,8,10,15,2,5,7
2,3,5,7>1,3,4,10,15,2,5,7
2,3,5,7>1,3,4,8,15,2,5,7
2,3,5,7>1,3,4,8,10,2,5,7
1,2,8,9,10,11,13>4,6,7,8,10,11,13,9,2
1,2,8,9,10,11,13>1,6,7,8,10,11,13,9,2
1,2,8,9,10,11,13>1,4,7,8,10,11,13,9,2
1,2,8,9,10,11,13>1,4,6,8,10,11,13,9,2
1,2,8,9,10,11,13>1,4,6,7,10,11,13,9,2
1,2,8,9,10,11,13>1,4,6,7,8,11,13,9,2
1,2,3,9,10,11,12,14,15>6,7,8,9,11,12,15,1,2,3,10,14
1,2,3,9,10,11,12,14,15>4,7,8,9,11,12,15,1,2,3,10,14
1,2,3,9,10,11,12,14,15>4,6,8,9,11,12,15,1,2,3,10,14
1,2,3,9,10,11,12,14,15>4,6,7,9,11,12,15,1,2,3,10,14
1,2,3,9,10,11,12,14,15>4,6,7,8,11,12,15,1,2,3,10,14
1,2,3,9,10,11,12,14,15>4,6,7,8,9,12,15,1,2,3,10,14
2,3,4,6,7,8,9,12,13,15>3,4,5,6,7,8,10,12,13,9,2,15
2,3,4,6,7,8,9,12,13,15>1,4,5,6,7,8,10,12,13,9,2,15
2,3,4,6,7,8,9,12,13,15>1,3,5,6,7,8,10,12,13,9,2,15
2,3,4,6,7,8,9,12,13,15>1,3,4,6,7,8,10,12,13,9,2,15
2,3,4,6,7,8,9,12,13,15>1,3,4,5,7,8,10,12,13,9,2,15
2,3,4,6,7,8,9,12,13,15>1,3,4,5,6,8,10,12,13,9,2,15
2,3,4,8,9,12,15>6,7,12,15,2,3,4,8,9
2,3,4,8,9,12,15>5,12,15,2,3,4,8,9
2,3,4,8,9,12,15>5,6,15,2,3,4,8,9
2,3,4,8,9,12,15>5,6,12,2,3,4,8,9
2,3,4,8,9,12,15>5,6,7,2,3,4,8,9
2,3,4,8,9,12,15>5,7,15,2,3,4,8,9
3,4,7,8,9,11,13,14>5,8,10,11,13,14,15,9,4,7
3,4,7,8,9,11,13,14>3,8,10,11,13,14,15,9,4,7
3,4,7,8,9,11,13,14>3,5,10,11,13,14,15,9,4,7
3,4,7,8,9,11,13,14>3,5,8,11,13,14,15,9,4,7
3,4,7,8,9,11,13,14>3,5,8,10,13,14,15,9,4,7
3,4,7,8,9,11,13,14>3,5,8,10,11,14,15,9,4,7
