AP3,UFO,FUL,FT,AP1,EMF1,LFY,AP2,WUS,AG,LUG,CLF,TFL1,PI,SEP
3,6,7,10,11,12,14>8,11,12,15,10,3,14,7
3,6,7,10,11,12,14>6,12,15,10,3,14,7
3,6,7,10,11,12,14>6,8,15,10,3,14,7
3,6,7,10,11,12,14>6,8,12,10,3,14,7
3,6,7,10,11,12,14>6,8,11,10,3,14,7
3,6,7,10,11,12,14>6,11,15,10,3,14,7
1,2,5,9,10,14>4,5,6,7,8,14,9,2,10
1,2,5,9,10,14>1,5,6,7,8,14,9,2,10
1,2,5,9,10,14>1,4,6,7,8,14,9,2,10
1,2,5,9,10,14>1,4,5,7,8,14,9,2,10
1,2,5,9,10,14>1,4,5,6,8,14,9,2,10
1,2,5,9,10,14>1,4,5,6,7,14,9,2,10
2,4,6,7,8,12,14>3,4,5,6,10,12,14,15,8,2,7
2,4,6,7,8,12,14>1,4,5,6,10,12,14,15,8,2,7
2,4,6,7,8,12,14>1,3,5,6,10,12,14,15,8,2,7
2,4,6,7,8,12,14>1,3,4,6,10,12,14,15,8,2,7
2,4,6,7,8,12,14>1,3,4,5,10,12,14,15,8,2,7
2,4,6,7,8,12,14>1,3,4,5,6,12,14,15,8,2,7
2,5,6,7,8,11,13,14,15>6,7,8,10,11,13,14,2,5,15
2,5,6,7,8,11,13,14,15>1,7,8,10,11,13,14,2,5,15
2,5,6,7,8,11,13,14,15>1,6,8,10,11,13,14,2,5,15
2,5,6,7,8,11,13,14,15>1,6,7,10,11,13,14,2,5,15
2,5,6,7,8,11,13,14,15>1,6,7,8,11,13,14,2,5,15
2,5,6,7,8,11,13,14,15>1,6,7,8,10,13,14,2,5,15
3,5,6,7,8,9,12,13,15>6,7,8,10,12,13,9,5,15
3,5,6,7,8,9,12,13,15>3,7,8,10,12,13,9,5,15
3,5,6,7,8,9,12,13,15>3,6,8,10,12,13,9,5,15
3,5,6,7,8,9,12,13,15>3,6,7,10,12,13,9,5,15
3,5,6,7,8,9,12,13,15>3,6,7,8,12,13,9,5,15
3,5,6,7,8,9,12,13,15>3,6,7,8,10,13,9,5,15
1,2,4,5,6,11,15>4,7,8,10,11,15,2,5,6
1,2,4,5,6,11,15>1,7,8,10,11,15,2,5,6
1,2,4,5,6,11,15>1,4,8,10,11,15,2,5,6
1,2,4,5,6,11,15>1,4,7,10,11,15,2,5,6
1,2,4,5,6,11,15>1,4,7,8,11,15,2,5,6
1,2,4,5,6,11,15>1,4,7,8,10,15,2,5,6
2,4,5,6,9,12,13,14>12,14,9,2,5,6
2,4,5,6,9,12,13,14>13,14,9,2,5,6
2,4,5,6,9,12,13,14>13,12,9,2,5,6
2,4,5,6,9,12,13,14>13,4,9,2,5,6
2,4,5,6,9,12,13,14>4,14,9,2,5,6
2,4,5,6,9,12,13,14>4,12,9,2,5,6
3,4,9,10,11>6,7,9,10,3,4
3,4,9,10,11>8,7,9,10,3,4
3,4,9,10,11>8,6,9,10,3,4
3,4,9,10,11>8,11,9,10,3,4
3,4,9,10,11>11,7,9,10,3,4
3,4,9,10,11>11,6,9,10,3,4
1,5,6,7,12,13,15>6,7,10,12,13,14,5,15
1,5,6,7,12,13,15>1,7,10,12,13,14,5,15
1,5,6,7,12,13,15>1,6,10,12,13,14,5,15
1,5,6,7,12,13,15>1,6,7,12,13,14,5,15
1,5,6,7,12,13,15>1,6,7,10,13,14,5,15
1,5,6,7,12,13,15>1,6,7,10,12,14,5,15
1,2,5,6,7,8,9,11,15>6,14,1,2,5,7,8,9,15
1,2,5,6,7,8,9,11,15>10,14,1,2,5,7,8,9,15
1,2,5,6,7,8,9,11,15>10,6,1,2,5,7,8,9,15
1,2,5,6,7,8,9,11,15>10,11,1,2,5,7,8,9,15
1,2,5,6,7,8,9,11,15>11,14,1,2,5,7,8,9,15
1,2,5,6,7,8,9,11,15>11,6,1,2,5,7,8,9,15
