AP3,UFO,FUL,FT,AP1,EMF1,LFY,AP2,WUS,AG,LUG,CLF,TFL1,PI,SEP
4,5,7,9,11,13,14,15>13,14,4,5,7,9,15
4,5,7,9,11,13,14,15>10,14,4,5,7,9,15
4,5,7,9,11,13,14,15>10,13,4,5,7,9,15
4,5,7,9,11,13,14,15>10,11,4,5,7,9,15
4,5,7,9,11,13,14,15>11,14,4,5,7,9,15
4,5,7,9,11,13,14,15>11,13,4,5,7,9,15
1,2,6,7,8,10,11,13,14,15>7,8,11,13,1,2,10,14,15
1,2,6,7,8,10,11,13,14,15>6,11,13,1,2,10,14,15
1,2,6,7,8,10,11,13,14,15>6,7,13,1,2,10,14,15
1,2,6,7,8,10,11,13,14,15>6,7,11,1,2,10,14,15
1,2,6,7,8,10,11,13,14,15>6,7,8,1,2,10,14,15
1,2,6,7,8,10,11,13,14,15>6,8,13,1,2,10,14,15
3,5,7,8,11,12,13,14,15>4,8,11,12,13,14,15,5,7
3,5,7,8,11,12,13,14,15>3,8,11,12,13,14,15,5,7
3,5,7,8,11,12,13,14,15>3,4,11,12,13,14,15,5,7
3,5,7,8,11,12,13,14,15>3,4,8,12,13,14,15,5,7
3,5,7,8,11,12,13,14,15>3,4,8,11,13,14,15,5,7
3,5,7,8,11,12,13,14,15>3,4,8,11,12,14,15,5,7
1,2,5,7,8,9,10,11,12>5,11,12,14,15,1,2,7,8,9,10
1,2,5,7,8,9,10,11,12>4,11,12,14,15,1,2,7,8,9,10
1,2,5,7,8,9,10,11,12>4,5,12,14,15,1,2,7,8,9,10
1,2,5,7,8,9,10,11,12>4,5,11,14,15,1,2,7,8,9,10
1,2,5,7,8,9,10,11,12>4,5,11,12,15,1,2,7,8,9,10
1,2,5,7,8,9,10,11,12>4,5,11,12,14,1,2,7,8,9,10
1,3,5,6,7,11,12>3,6,8,10,11,12,14,15,5,7
1,3,5,6,7,11,12>1,6,8,10,11,12,14,15,5,7
1,3,5,6,7,11,12>1,3,8,10,11,12,14,15,5,7
1,3,5,6,7,11,12>1,3,6,10,11,12,14,15,5,7
1,3,5,6,7,11,12>1,3,6,8,11,12,14,15,5,7
1,3,5,6,7,11,12>1,3,6,8,10,12,14,15,5,7
1,2,4,6,12,13>4,5,2,13,6
1,2,4,6,12,13>1,5,2,13,6
1,2,4,6,12,13>1,4,2,13,6
1,2,4,6,12,13>1,12,2,13,6
1,2,4,6,12,13>12,5,2,13,6
1,2,4,6,12,13>12,4,2,13,6
3,4,5,8,9,13,14,15>6,7,8,13,14,15,9,4,5
3,4,5,8,9,13,14,15>3,7,8,13,14,15,9,4,5
3,4,5,8,9,13,14,15>3,6,8,13,14,15,9,4,5
3,4,5,8,9,13,14,15>3,6,7,13,14,15,9,4,5
3,4,5,8,9,13,14,15>3,6,7,8,14,15,9,4,5
3,4,5,8,9,13,14,15>3,6,7,8,13,15,9,4,5
4,5,8,14,15>6,7,8,4,5
4,5,8,14,15>14,7,8,4,5
4,5,8,14,15>14,6,8,4,5
4,5,8,14,15>14,15,8,4,5
4,5,8,14,15>15,7,8,4,5
4,5,8,14,15>15,6,8,4,5
1,2,4,7,9,11,13>10,11,13,14,15,1,2,4,7,9
1,2,4,7,9,11,13>5,11,13,14,15,1,2,4,7,9
1,2,4,7,9,11,13>5,10,13,14,15,1,2,4,7,9
1,2,4,7,9,11,13>5,10,11,14,15,1,2,4,7,9
1,2,4,7,9,11,13>5,10,11,13,15,1,2,4,7,9
1,2,4,7,9,11,13>5,10,11,13,14,1,2,4,7,9
4,6,8,9,11,12,15>4,5,7,11,12,13,15,8,9,6
4,6,8,9,11,12,15>3,5,7,11,12,13,15,8,9,6
4,6,8,9,11,12,15>3,4,7,11,12,13,15,8,9,6
4,6,8,9,11,12,15>3,4,5,11,12,13,15,8,9,6
4,6,8,9,11,12,15>3,4,5,7,12,13,15,8,9,6
4,6,8,9,11,12,15>3,4,5,7,11,13,15,8,9,6
