AP3,UFO,FUL,FT,AP1,EMF1,LFY,AP2,WUS,AG,LUG,CLF,TFL1,PI,SEP
4,6,7,8,12>4,5,6,10,12,15,8,7
4,6,7,8,12>3,5,6,10,12,15,8,7
4,6,7,8,12>3,4,6,10,12,15,8,7
4,6,7,8,12>3,4,5,10,12,15,8,7
4,6,7,8,12>3,4,5,6,12,15,8,7
4,6,7,8,12>3,4,5,6,10,15,8,7
6,7,10,11,12,13>7,11,12,13,14,15,10
6,7,10,11,12,13>6,11,12,13,14,15,10
6,7,10,11,12,13>6,7,12,13,14,15,10
6,7,10,11,12,13>6,7,11,13,14,15,10
6,7,10,11,12,13>6,7,11,12,14,15,10
6,7,10,11,12,13>6,7,11,12,13,15,10
13,4,12,15>6,7,12,13,15,4
13,4,12,15>5,7,12,13,15,4
13,4,12,15>5,6,12,13,15,4
13,4,12,15>5,6,7,13,15,4
13,4,12,15>5,6,7,12,15,4
13,4,12,15>5,6,7,12,13,4
2,15,5,7>10,4,2,7,5,15
2,15,5,7>8,4,2,7,5,15
2,15,5,7>8,10,2,7,5,15
2,15,5,7>8,1,2,7,5,15
2,15,5,7>1,4,2,7,5,15
2,15,5,7>1,10,2,7,5,15
2,4,5,7,11,12>8,10,11,12,15,2,4,5,7
2,4,5,7,11,12>1,10,11,12,15,2,4,5,7
2,4,5,7,11,12>1,8,11,12,15,2,4,5,7
2,4,5,7,11,12>1,8,10,12,15,2,4,5,7
2,4,5,7,11,12>1,8,10,11,15,2,4,5,7
2,4,5,7,11,12>1,8,10,11,12,2,4,5,7
1,5,6,8,11,13,15>5,8,11,13,15,6
1,5,6,8,11,13,15>1,8,11,13,15,6
1,5,6,8,11,13,15>1,5,11,13,15,6
1,5,6,8,11,13,15>1,5,8,13,15,6
1,5,6,8,11,13,15>1,5,8,11,15,6
1,5,6,8,11,13,15>1,5,8,11,13,6
3,8,9,10,11,14>6,7,10,11,14,8,9,3
3,8,9,10,11,14>4,7,10,11,14,8,9,3
3,8,9,10,11,14>4,6,10,11,14,8,9,3
3,8,9,10,11,14>4,6,7,11,14,8,9,3
3,8,9,10,11,14>4,6,7,10,14,8,9,3
3,8,9,10,11,14>4,6,7,10,11,8,9,3
1,4,8,9,10,11,13>6,7,8,10,11,13,9,4
1,4,8,9,10,11,13>1,7,8,10,11,13,9,4
1,4,8,9,10,11,13>1,6,8,10,11,13,9,4
1,4,8,9,10,11,13>1,6,7,10,11,13,9,4
1,4,8,9,10,11,13>1,6,7,8,11,13,9,4
1,4,8,9,10,11,13>1,6,7,8,10,13,9,4
1,3,8,9,11,15>4,5,6,7,11,15,8,9,3
1,3,8,9,11,15>1,5,6,7,11,15,8,9,3
1,3,8,9,11,15>1,4,6,7,11,15,8,9,3
1,3,8,9,11,15>1,4,5,7,11,15,8,9,3
1,3,8,9,11,15>1,4,5,6,11,15,8,9,3
1,3,8,9,11,15>1,4,5,6,7,15,8,9,3
3,4,5,6,8,9,10,11,12,15>4,5,7,9,10,11,12,15,8,6
3,4,5,6,8,9,10,11,12,15>3,5,7,9,10,11,12,15,8,6
3,4,5,6,8,9,10,11,12,15>3,4,7,9,10,11,12,15,8,6
3,4,5,6,8,9,10,11,12,15>3,4,5,9,10,11,12,15,8,6
3,4,5,6,8,9,10,11,12,15>3,4,5,7,10,11,12,15,8,6
3,4,5,6,8,9,10,11,12,15>3,4,5,7,9,11,12,15,8,6
