AP3,UFO,FUL,FT,AP1,EMF1,LFY,AP2,WUS,AG,LUG,CLF,TFL1,PI,SEP
1,4,5,6,7,8,9,11,12,13>4,6,7,8,10,11,12,13,14,15,9,5
1,4,5,6,7,8,9,11,12,13>1,6,7,8,10,11,12,13,14,15,9,5
1,4,5,6,7,8,9,11,12,13>1,4,7,8,10,11,12,13,14,15,9,5
1,4,5,6,7,8,9,11,12,13>1,4,6,8,10,11,12,13,14,15,9,5
1,4,5,6,7,8,9,11,12,13>1,4,6,7,10,11,12,13,14,15,9,5
1,4,5,6,7,8,9,11,12,13>1,4,6,7,8,11,12,13,14,15,9,5
1,4,5,6,7,8,9,11,12,13>1,4,6,7,8,10,12,13,14,15,9,5
1,4,5,6,7,8,9,11,12,13>1,4,6,7,8,10,11,13,14,15,9,5
1,4,5,6,9,10,11,13,14>4,5,10,11,13,14,9,6
1,4,5,6,9,10,11,13,14>1,5,10,11,13,14,9,6
1,4,5,6,9,10,11,13,14>1,4,10,11,13,14,9,6
1,4,5,6,9,10,11,13,14>1,4,5,13,14,9,6
1,4,5,6,9,10,11,13,14>1,4,5,10,14,9,6
1,4,5,6,9,10,11,13,14>1,4,5,10,13,9,6
1,4,5,6,9,10,11,13,14>1,4,5,10,11,9,6
1,4,5,6,9,10,11,13,14>1,4,5,11,14,9,6
1,2,3,13,15>3,4,6,7,13,15,2
1,2,3,13,15>1,4,6,7,13,15,2
1,2,3,13,15>1,3,6,7,13,15,2
1,2,3,13,15>1,3,4,13,15,2
1,2,3,13,15>1,3,4,6,15,2
1,2,3,13,15>1,3,4,6,13,2
1,2,3,13,15>1,3,4,6,7,2
1,2,3,13,15>1,3,4,7,15,2
4,5,8,9,11,13,14>7,8,11,13,14,9,4,5
4,5,8,9,11,13,14>6,8,11,13,14,9,4,5
4,5,8,9,11,13,14>6,7,13,14,9,4,5
4,5,8,9,11,13,14>6,7,8,14,9,4,5
4,5,8,9,11,13,14>6,7,8,13,9,4,5
4,5,8,9,11,13,14>6,7,8,11,9,4,5
4,5,8,9,11,13,14>6,7,11,14,9,4,5
4,5,8,9,11,13,14>6,7,11,13,9,4,5
1,5,8,10,12,13>4,5,6,7,8,10,12,13
1,5,8,10,12,13>1,5,6,7,8,10,12,13
1,5,8,10,12,13>1,4,6,7,8,10,12,13
1,5,8,10,12,13>1,4,5,7,8,10,12,13
1,5,8,10,12,13>1,4,5,6,8,10,12,13
1,5,8,10,12,13>1,4,5,6,7,10,12,13
1,5,8,10,12,13>1,4,5,6,7,8,12,13
1,5,8,10,12,13>1,4,5,6,7,8,10,13
1,4,6,9,14>3,4,5,7,8,10,13,14,9,6
1,4,6,9,14>1,4,5,7,8,10,13,14,9,6
1,4,6,9,14>1,3,5,7,8,10,13,14,9,6
1,4,6,9,14>1,3,4,7,8,10,13,14,9,6
1,4,6,9,14>1,3,4,5,8,10,13,14,9,6
1,4,6,9,14>1,3,4,5,7,10,13,14,9,6
1,4,6,9,14>1,3,4,5,7,8,13,14,9,6
1,4,6,9,14>1,3,4,5,7,8,10,14,9,6
4,6,7,8,9,10,12,14,15>6,9,12,7,8,10,14,15
4,6,7,8,9,10,12,14,15>3,9,12,7,8,10,14,15
4,6,7,8,9,10,12,14,15>3,6,7,8,10,14,15
4,6,7,8,9,10,12,14,15>3,4,12,7,8,10,14,15
4,6,7,8,9,10,12,14,15>3,4,9,7,8,10,14,15
4,6,7,8,9,10,12,14,15>4,6,12,7,8,10,14,15
4,6,7,8,9,10,12,14,15>4,6,9,7,8,10,14,15
4,6,7,8,9,10,12,14,15>4,9,12,7,8,10,14,15
4,5,6,7,8,9,10,11,12,14,15>5,6,9,11,12,7,8,10,14,15
4,5,6,7,8,9,10,11,12,14,15>4,6,9,11,12,7,8,10,14,15
4,5,6,7,8,9,10,11,12,14,15>4,5,11,12,7,8,10,14,15
4,5,6,7,8,9,10,11,12,14,15>4,5,6,12,7,8,10,14,15
4,5,6,7,8,9,10,11,12,14,15>4,5,6,11,7,8,10,14,15
4,5,6,7,8,9,10,11,12,14,15>4,5,6,9,7,8,10,14,15
4,5,6,7,8,9,10,11,12,14,15>4,5,9,12,7,8,10,14,15
4,5,6,7,8,9,10,11,12,14,15>4,5,9,11,7,8,10,14,15
1,2,4,5,8,9,12,13,15>6,7,8,12,13,15,9,2,4,5
1,2,4,5,8,9,12,13,15>1,7,8,12,13,15,9,2,4,5
1,2,4,5,8,9,12,13,15>1,6,8,12,13,15,9,2,4,5
1,2,4,5,8,9,12,13,15>1,6,7,13,15,9,2,4,5
1,2,4,5,8,9,12,13,15>1,6,7,8,15,9,2,4,5
1,2,4,5,8,9,12,13,15>1,6,7,8,13,9,2,4,5
1,2,4,5,8,9,12,13,15>1,6,7,8,12,9,2,4,5
1,2,4,5,8,9,12,13,15>1,6,7,12,15,9,2,4,5
1,3,5,6,8,10,11,12>3,5,7,10,11,12,8,6
1,3,5,6,8,10,11,12>1,5,7,10,11,12,8,6
1,3,5,6,8,10,11,12>1,3,7,10,11,12,8,6
1,3,5,6,8,10,11,12>1,3,5,11,12,8,6
1,3,5,6,8,10,11,12>1,3,5,7,12,8,6
1,3,5,6,8,10,11,12>1,3,5,7,11,8,6
1,3,5,6,8,10,11,12>1,3,5,7,10,8,6
1,3,5,6,8,10,11,12>1,3,5,10,12,8,6
