AP3,UFO,FUL,FT,AP1,EMF1,LFY,AP2,WUS,AG,LUG,CLF,TFL1,PI,SEP
2,3,4,5,9,12,13,14,15>6,7,12,13,14,15,9,2,4,5
2,3,4,5,9,12,13,14,15>3,7,12,13,14,15,9,2,4,5
2,3,4,5,9,12,13,14,15>3,6,12,13,14,15,9,2,4,5
2,3,4,5,9,12,13,14,15>3,6,7,14,15,9,2,4,5
2,3,4,5,9,12,13,14,15>3,6,7,12,15,9,2,4,5
2,3,4,5,9,12,13,14,15>3,6,7,12,14,9,2,4,5
2,3,4,5,9,12,13,14,15>3,6,7,12,13,9,2,4,5
2,3,4,5,9,12,13,14,15>3,6,7,13,15,9,2,4,5
5,6,7,8,11,13,14>7,8,10,11,13,14,15,5
5,6,7,8,11,13,14>6,8,10,11,13,14,15,5
5,6,7,8,11,13,14>6,7,10,11,13,14,15,5
5,6,7,8,11,13,14>6,7,8,11,13,14,15,5
5,6,7,8,11,13,14>6,7,8,10,13,14,15,5
5,6,7,8,11,13,14>6,7,8,10,11,14,15,5
5,6,7,8,11,13,14>6,7,8,10,11,13,15,5
5,6,7,8,11,13,14>6,7,8,10,11,13,14,5
1,6,8,11,12,14>3,5,7,11,12,13,14,8,6
1,6,8,11,12,14>1,5,7,11,12,13,14,8,6
1,6,8,11,12,14>1,3,7,11,12,13,14,8,6
1,6,8,11,12,14>1,3,5,11,12,13,14,8,6
1,6,8,11,12,14>1,3,5,7,12,13,14,8,6
1,6,8,11,12,14>1,3,5,7,11,13,14,8,6
1,6,8,11,12,14>1,3,5,7,11,12,14,8,6
1,6,8,11,12,14>1,3,5,7,11,12,13,8,6
4,5,6,8,9,11,12,13,15>8,11,12,13,15,9,5,6
4,5,6,8,9,11,12,13,15>4,11,12,13,15,9,5,6
4,5,6,8,9,11,12,13,15>4,8,13,15,9,5,6
4,5,6,8,9,11,12,13,15>4,8,11,15,9,5,6
4,5,6,8,9,11,12,13,15>4,8,11,13,9,5,6
4,5,6,8,9,11,12,13,15>4,8,11,12,9,5,6
4,5,6,8,9,11,12,13,15>4,8,12,15,9,5,6
4,5,6,8,9,11,12,13,15>4,8,12,13,9,5,6
1,2,3,4,5,6,7,8,9,10,11,12>4,5,6,11,12,14,15,1,2,7,8,9,10
1,2,3,4,5,6,7,8,9,10,11,12>3,5,6,11,12,14,15,1,2,7,8,9,10
1,2,3,4,5,6,7,8,9,10,11,12>3,4,6,11,12,14,15,1,2,7,8,9,10
1,2,3,4,5,6,7,8,9,10,11,12>3,4,5,11,12,14,15,1,2,7,8,9,10
1,2,3,4,5,6,7,8,9,10,11,12>3,4,5,6,12,14,15,1,2,7,8,9,10
1,2,3,4,5,6,7,8,9,10,11,12>3,4,5,6,11,14,15,1,2,7,8,9,10
1,2,3,4,5,6,7,8,9,10,11,12>3,4,5,6,11,12,15,1,2,7,8,9,10
1,2,3,4,5,6,7,8,9,10,11,12>3,4,5,6,11,12,14,1,2,7,8,9,10
1,2,3,10,12,13,14,15>4,6,7,10,12,13,15,1,2,14
1,2,3,10,12,13,14,15>3,6,7,10,12,13,15,1,2,14
1,2,3,10,12,13,14,15>3,4,7,10,12,13,15,1,2,14
1,2,3,10,12,13,14,15>3,4,6,10,12,13,15,1,2,14
1,2,3,10,12,13,14,15>3,4,6,7,12,13,15,1,2,14
1,2,3,10,12,13,14,15>3,4,6,7,10,13,15,1,2,14
1,2,3,10,12,13,14,15>3,4,6,7,10,12,15,1,2,14
1,2,3,10,12,13,14,15>3,4,6,7,10,12,13,1,2,14
4,5,7,8,10,11,13,14>11,13,15,10,4,14,7
4,5,7,8,10,11,13,14>5,13,15,10,4,14,7
4,5,7,8,10,11,13,14>5,11,10,4,14,7
4,5,7,8,10,11,13,14>5,8,15,10,4,14,7
4,5,7,8,10,11,13,14>5,8,13,10,4,14,7
4,5,7,8,10,11,13,14>8,11,15,10,4,14,7
4,5,7,8,10,11,13,14>8,11,13,10,4,14,7
4,5,7,8,10,11,13,14>8,13,15,10,4,14,7
1,2,3,7,8,10,13,14>8,13,15,1,2,7,10,14
1,2,3,7,8,10,13,14>3,13,15,1,2,7,10,14
1,2,3,7,8,10,13,14>3,8,1,2,7,10,14
1,2,3,7,8,10,13,14>3,4,15,1,2,7,10,14
1,2,3,7,8,10,13,14>3,4,13,1,2,7,10,14
1,2,3,7,8,10,13,14>4,8,15,1,2,7,10,14
1,2,3,7,8,10,13,14>4,8,13,1,2,7,10,14
1,2,3,7,8,10,13,14>4,13,15,1,2,7,10,14
1,3,4,6,7,8,14>4,5,6,10,15,8,3,14,7
1,3,4,6,7,8,14>1,5,6,10,15,8,3,14,7
1,3,4,6,7,8,14>1,4,10,15,8,3,14,7
1,3,4,6,7,8,14>1,4,5,15,8,3,14,7
1,3,4,6,7,8,14>1,4,5,10,8,3,14,7
1,3,4,6,7,8,14>1,4,5,6,8,3,14,7
1,3,4,6,7,8,14>1,4,6,15,8,3,14,7
1,3,4,6,7,8,14>1,4,6,10,8,3,14,7
1,2,3,5,6,7,8,10,11,12>5,6,10,11,12,14,15,8,1,2,7
1,2,3,5,6,7,8,10,11,12>3,6,10,11,12,14,15,8,1,2,7
1,2,3,5,6,7,8,10,11,12>3,5,10,11,12,14,15,8,1,2,7
1,2,3,5,6,7,8,10,11,12>3,5,6,11,12,14,15,8,1,2,7
1,2,3,5,6,7,8,10,11,12>3,5,6,10,12,14,15,8,1,2,7
1,2,3,5,6,7,8,10,11,12>3,5,6,10,11,14,15,8,1,2,7
1,2,3,5,6,7,8,10,11,12>3,5,6,10,11,12,15,8,1,2,7
1,2,3,5,6,7,8,10,11,12>3,5,6,10,11,12,14,8,1,2,7
