AP3,UFO,FUL,FT,AP1,EMF1,LFY,AP2,WUS,AG,LUG,CLF,TFL1,PI,SEP
1,4,5,6,8,9,10,12,13>4,5,8,10,12,13,9,6
1,4,5,6,8,9,10,12,13>1,5,8,10,12,13,9,6
1,4,5,6,8,9,10,12,13>1,4,8,10,12,13,9,6
1,4,5,6,8,9,10,12,13>1,4,5,12,13,9,6
1,4,5,6,8,9,10,12,13>1,4,5,8,13,9,6
1,4,5,6,8,9,10,12,13>1,4,5,8,12,9,6
1,4,5,6,8,9,10,12,13>1,4,5,8,10,9,6
1,4,5,6,8,9,10,12,13>1,4,5,10,13,9,6
3,5,6,7,8,9,11,13,15>6,7,8,10,11,13,9,5,15
3,5,6,7,8,9,11,13,15>3,7,8,10,11,13,9,5,15
3,5,6,7,8,9,11,13,15>3,6,8,10,11,13,9,5,15
3,5,6,7,8,9,11,13,15>3,6,7,11,13,9,5,15
3,5,6,7,8,9,11,13,15>3,6,7,8,13,9,5,15
3,5,6,7,8,9,11,13,15>3,6,7,8,11,9,5,15
3,5,6,7,8,9,11,13,15>3,6,7,8,10,9,5,15
3,5,6,7,8,9,11,13,15>3,6,7,10,13,9,5,15
1,3,5,7,10,15>3,4,5,8,14,10,15,7
1,3,5,7,10,15>1,4,5,8,14,10,15,7
1,3,5,7,10,15>1,3,8,14,10,15,7
1,3,5,7,10,15>1,3,4,14,10,15,7
1,3,5,7,10,15>1,3,4,8,10,15,7
1,3,5,7,10,15>1,3,4,5,10,15,7
1,3,5,7,10,15>1,3,5,14,10,15,7
1,3,5,7,10,15>1,3,5,8,10,15,7
2,4,8,9,13,15>6,7,8,13,15,9,2,4
2,4,8,9,13,15>5,7,8,13,15,9,2,4
2,4,8,9,13,15>5,6,13,15,9,2,4
2,4,8,9,13,15>5,6,7,15,9,2,4
2,4,8,9,13,15>5,6,7,13,9,2,4
2,4,8,9,13,15>5,6,7,8,9,2,4
2,4,8,9,13,15>5,6,8,15,9,2,4
2,4,8,9,13,15>5,6,8,13,9,2,4
1,2,3,5,6,9,11,12,13,14>3,5,11,12,13,14,9,2,6
1,2,3,5,6,9,11,12,13,14>1,5,11,12,13,14,9,2,6
1,2,3,5,6,9,11,12,13,14>1,3,11,12,13,14,9,2,6
1,2,3,5,6,9,11,12,13,14>1,3,5,13,14,9,2,6
1,2,3,5,6,9,11,12,13,14>1,3,5,11,14,9,2,6
1,2,3,5,6,9,11,12,13,14>1,3,5,11,13,9,2,6
1,2,3,5,6,9,11,12,13,14>1,3,5,11,12,9,2,6
1,2,3,5,6,9,11,12,13,14>1,3,5,12,14,9,2,6
2,3,4,5,7,11,12,13,14>3,10,11,12,13,14,15,2,4,5,7
2,3,4,5,7,11,12,13,14>1,10,11,12,13,14,15,2,4,5,7
2,3,4,5,7,11,12,13,14>1,3,11,12,13,14,15,2,4,5,7
2,3,4,5,7,11,12,13,14>1,3,10,12,13,14,15,2,4,5,7
2,3,4,5,7,11,12,13,14>1,3,10,11,13,14,15,2,4,5,7
2,3,4,5,7,11,12,13,14>1,3,10,11,12,14,15,2,4,5,7
2,3,4,5,7,11,12,13,14>1,3,10,11,12,13,15,2,4,5,7
2,3,4,5,7,11,12,13,14>1,3,10,11,12,13,14,2,4,5,7
2,3,5,6,7,10,11,14>3,5,6,8,11,15,2,10,14,7
2,3,5,6,7,10,11,14>1,5,6,8,11,15,2,10,14,7
2,3,5,6,7,10,11,14>1,3,6,8,11,15,2,10,14,7
2,3,5,6,7,10,11,14>1,3,5,11,15,2,10,14,7
2,3,5,6,7,10,11,14>1,3,5,6,15,2,10,14,7
2,3,5,6,7,10,11,14>1,3,5,6,11,2,10,14,7
2,3,5,6,7,10,11,14>1,3,5,6,8,2,10,14,7
2,3,5,6,7,10,11,14>1,3,5,8,15,2,10,14,7
1,5,6,8,9,11,12,13>5,8,11,12,13,9,6
1,5,6,8,9,11,12,13>1,8,11,12,13,9,6
1,5,6,8,9,11,12,13>1,5,12,13,9,6
1,5,6,8,9,11,12,13>1,5,8,13,9,6
1,5,6,8,9,11,12,13>1,5,8,12,9,6
1,5,6,8,9,11,12,13>1,5,8,11,9,6
1,5,6,8,9,11,12,13>1,5,11,13,9,6
1,5,6,8,9,11,12,13>1,5,11,12,9,6
1,3,4,6,8,13,15>3,4,5,8,15,13,6
1,3,4,6,8,13,15>1,4,5,8,15,13,6
1,3,4,6,8,13,15>1,3,8,15,13,6
1,3,4,6,8,13,15>1,3,4,15,13,6
1,3,4,6,8,13,15>1,3,4,8,13,6
1,3,4,6,8,13,15>1,3,4,5,13,6
1,3,4,6,8,13,15>1,3,5,15,13,6
1,3,4,6,8,13,15>1,3,5,8,13,6
1,3,4,6,11,13,14,15>3,4,5,11,14,15,13,6
1,3,4,6,11,13,14,15>1,4,5,11,14,15,13,6
1,3,4,6,11,13,14,15>1,3,5,11,14,15,13,6
1,3,4,6,11,13,14,15>1,3,4,14,15,13,6
1,3,4,6,11,13,14,15>1,3,4,5,15,13,6
1,3,4,6,11,13,14,15>1,3,4,5,14,13,6
1,3,4,6,11,13,14,15>1,3,4,5,11,13,6
1,3,4,6,11,13,14,15>1,3,4,11,15,13,6
