AP3,UFO,FUL,FT,AP1,EMF1,LFY,AP2,WUS,AG,LUG,CLF,TFL1,PI,SEP
4,6,7,8,10,11,12,13,14>6,7,8,11,12,13,15,10,14
4,6,7,8,10,11,12,13,14>4,7,8,11,12,13,15,10,14
4,6,7,8,10,11,12,13,14>4,6,8,11,12,13,15,10,14
4,6,7,8,10,11,12,13,14>4,6,7,11,12,13,15,10,14
4,6,7,8,10,11,12,13,14>4,6,7,8,12,13,15,10,14
4,6,7,8,10,11,12,13,14>4,6,7,8,11,13,15,10,14
4,6,7,8,10,11,12,13,14>4,6,7,8,11,12,15,10,14
4,6,7,8,10,11,12,13,14>4,6,7,8,11,12,13,10,14
3,6,8,9,10,11,14>11,13,14,8,9,3,6
3,6,8,9,10,11,14>7,13,14,8,9,3,6
3,6,8,9,10,11,14>7,11,8,9,3,6
3,6,8,9,10,11,14>7,10,14,8,9,3,6
3,6,8,9,10,11,14>7,10,13,8,9,3,6
3,6,8,9,10,11,14>10,11,14,8,9,3,6
3,6,8,9,10,11,14>10,11,13,8,9,3,6
3,6,8,9,10,11,14>10,13,14,8,9,3,6
1,3,4,5,9,10,13,14,15>5,6,7,9,10,13,15,1,4,14
1,3,4,5,9,10,13,14,15>3,6,7,9,10,13,15,1,4,14
1,3,4,5,9,10,13,14,15>3,5,7,9,10,13,15,1,4,14
1,3,4,5,9,10,13,14,15>3,5,6,9,10,13,15,1,4,14
1,3,4,5,9,10,13,14,15>3,5,6,7,10,13,15,1,4,14
1,3,4,5,9,10,13,14,15>3,5,6,7,9,13,15,1,4,14
1,3,4,5,9,10,13,14,15>3,5,6,7,9,10,15,1,4,14
1,3,4,5,9,10,13,14,15>3,5,6,7,9,10,13,1,4,14
2,4,6,8,9,11,12>4,5,7,11,12,13,8,9,2,6
2,4,6,8,9,11,12>3,5,7,11,12,13,8,9,2,6
2,4,6,8,9,11,12>3,4,7,11,12,13,8,9,2,6
2,4,6,8,9,11,12>3,4,5,12,13,8,9,2,6
2,4,6,8,9,11,12>3,4,5,7,13,8,9,2,6
2,4,6,8,9,11,12>3,4,5,7,12,8,9,2,6
2,4,6,8,9,11,12>3,4,5,7,11,8,9,2,6
2,4,6,8,9,11,12>3,4,5,11,13,8,9,2,6
2,5,6,7,8,10,11,12,13,14,15>5,6,7,8,11,12,13,2,10,14,15
2,5,6,7,8,10,11,12,13,14,15>1,6,7,8,11,12,13,2,10,14,15
2,5,6,7,8,10,11,12,13,14,15>1,5,7,8,11,12,13,2,10,14,15
2,5,6,7,8,10,11,12,13,14,15>1,5,6,8,11,12,13,2,10,14,15
2,5,6,7,8,10,11,12,13,14,15>1,5,6,7,11,12,13,2,10,14,15
2,5,6,7,8,10,11,12,13,14,15>1,5,6,7,8,12,13,2,10,14,15
2,5,6,7,8,10,11,12,13,14,15>1,5,6,7,8,11,13,2,10,14,15
2,5,6,7,8,10,11,12,13,14,15>1,5,6,7,8,11,12,2,10,14,15
3,5,7,8,14>10,14,15,8,5,7
3,5,7,8,14>3,14,15,8,5,7
3,5,7,8,14>3,10,8,5,7
3,5,7,8,14>3,4,15,8,5,7
3,5,7,8,14>3,4,14,8,5,7
3,5,7,8,14>4,10,15,8,5,7
3,5,7,8,14>4,10,14,8,5,7
3,5,7,8,14>4,14,15,8,5,7
3,5,8,9,13,14,15>4,5,6,7,8,13,14,15,9
3,5,8,9,13,14,15>3,5,6,7,8,13,14,15,9
3,5,8,9,13,14,15>3,4,6,7,8,13,14,15,9
3,5,8,9,13,14,15>3,4,5,7,8,13,14,15,9
3,5,8,9,13,14,15>3,4,5,6,8,13,14,15,9
3,5,8,9,13,14,15>3,4,5,6,7,13,14,15,9
3,5,8,9,13,14,15>3,4,5,6,7,8,14,15,9
3,5,8,9,13,14,15>3,4,5,6,7,8,13,15,9
4,5,6,7,9,11,12,15>6,8,10,11,12,9,15,5,7
4,5,6,7,9,11,12,15>4,8,10,11,12,9,15,5,7
4,5,6,7,9,11,12,15>4,6,11,12,9,15,5,7
4,5,6,7,9,11,12,15>4,6,8,12,9,15,5,7
4,5,6,7,9,11,12,15>4,6,8,11,9,15,5,7
4,5,6,7,9,11,12,15>4,6,8,10,9,15,5,7
4,5,6,7,9,11,12,15>4,6,10,12,9,15,5,7
4,5,6,7,9,11,12,15>4,6,10,11,9,15,5,7
2,4,5,7,8,9,10,11,12,15>5,9,11,12,14,2,4,7,8,10,15
2,4,5,7,8,9,10,11,12,15>1,9,11,12,14,2,4,7,8,10,15
2,4,5,7,8,9,10,11,12,15>1,5,12,14,2,4,7,8,10,15
2,4,5,7,8,9,10,11,12,15>1,5,9,14,2,4,7,8,10,15
2,4,5,7,8,9,10,11,12,15>1,5,9,12,2,4,7,8,10,15
2,4,5,7,8,9,10,11,12,15>1,5,9,11,2,4,7,8,10,15
2,4,5,7,8,9,10,11,12,15>1,5,11,14,2,4,7,8,10,15
2,4,5,7,8,9,10,11,12,15>1,5,11,12,2,4,7,8,10,15
2,3,6,8,10,11,12,13,15>8,10,11,12,15,2,13,6
2,3,6,8,10,11,12,13,15>3,10,11,12,15,2,13,6
2,3,6,8,10,11,12,13,15>3,8,12,15,2,13,6
2,3,6,8,10,11,12,13,15>3,8,10,15,2,13,6
2,3,6,8,10,11,12,13,15>3,8,10,12,2,13,6
2,3,6,8,10,11,12,13,15>3,8,10,11,2,13,6
2,3,6,8,10,11,12,13,15>3,8,11,15,2,13,6
2,3,6,8,10,11,12,13,15>3,8,11,12,2,13,6
