AP3,UFO,FUL,FT,AP1,EMF1,LFY,AP2,WUS,AG,LUG,CLF,TFL1,PI,SEP
1,2,4,8,9,11,15>3,5,6,7,11,15,8,9,2,4
1,2,4,8,9,11,15>1,5,6,7,11,15,8,9,2,4
1,2,4,8,9,11,15>1,3,6,7,11,15,8,9,2,4
1,2,4,8,9,11,15>1,3,5,7,11,15,8,9,2,4
3,4,5,7,9,10,11,14,15>5,8,9,11,4,7,10,14,15
3,4,5,7,9,10,11,14,15>3,8,9,11,4,7,10,14,15
3,4,5,7,9,10,11,14,15>3,5,9,11,4,7,10,14,15
3,4,5,7,9,10,11,14,15>3,5,8,11,4,7,10,14,15
2,3,6,7,9,11,13,14>3,5,6,7,10,11,13,14,15,9,2
2,3,6,7,9,11,13,14>1,5,6,7,10,11,13,14,15,9,2
2,3,6,7,9,11,13,14>1,3,6,7,10,11,13,14,15,9,2
2,3,6,7,9,11,13,14>1,3,5,7,10,11,13,14,15,9,2
3,5,7,8,10,13,14,15>4,5,8,13,10,15,14,7
3,5,7,8,10,13,14,15>3,5,8,13,10,15,14,7
3,5,7,8,10,13,14,15>3,4,8,13,10,15,14,7
3,5,7,8,10,13,14,15>3,4,5,13,10,15,14,7
1,4,6,7,8,9,13,14>4,5,6,7,8,10,13,15,9,14
1,4,6,7,8,9,13,14>1,5,6,7,8,10,13,15,9,14
1,4,6,7,8,9,13,14>1,4,6,7,8,10,13,15,9,14
1,4,6,7,8,9,13,14>1,4,5,7,8,10,13,15,9,14
1,2,4,5,8,12>12,6,7,8,2,4,5
1,2,4,5,8,12>1,6,7,8,2,4,5
1,2,4,5,8,12>1,12,7,8,2,4,5
1,2,4,5,8,12>1,12,6,8,2,4,5
1,3,4,6,8,12,15>4,5,7,12,13,15,8,3,6
1,3,4,6,8,12,15>1,5,7,12,13,15,8,3,6
1,3,4,6,8,12,15>1,4,7,12,13,15,8,3,6
1,3,4,6,8,12,15>1,4,5,12,13,15,8,3,6
2,3,5,8,10,11,12,13,14>4,5,6,7,8,10,11,12,13,14,2
2,3,5,8,10,11,12,13,14>3,5,6,7,8,10,11,12,13,14,2
2,3,5,8,10,11,12,13,14>3,4,6,7,8,10,11,12,13,14,2
2,3,5,8,10,11,12,13,14>3,4,5,7,8,10,11,12,13,14,2
2,4,6,11,13,15>4,5,15,2,13,6
2,4,6,11,13,15>11,5,15,2,13,6
2,4,6,11,13,15>11,4,15,2,13,6
2,4,6,11,13,15>11,4,5,2,13,6
1,2,5,6,7,8,9,11,12,13,15>7,8,10,11,12,13,14,1,2,5,9,15
1,2,5,6,7,8,9,11,12,13,15>6,8,10,11,12,13,14,1,2,5,9,15
1,2,5,6,7,8,9,11,12,13,15>6,7,10,11,12,13,14,1,2,5,9,15
1,2,5,6,7,8,9,11,12,13,15>6,7,8,11,12,13,14,1,2,5,9,15
1,2,4,6,8,12>3,4,5,7,12,13,8,2,6
1,2,4,6,8,12>1,4,5,7,12,13,8,2,6
1,2,4,6,8,12>1,3,5,7,12,13,8,2,6
1,2,4,6,8,12>1,3,4,7,12,13,8,2,6
1,4,8,9,10,11,14,15>6,7,9,10,11,15,8,1,4,14
1,4,8,9,10,11,14,15>3,7,9,10,11,15,8,1,4,14
1,4,8,9,10,11,14,15>3,6,9,10,11,15,8,1,4,14
1,4,8,9,10,11,14,15>3,6,7,10,11,15,8,1,4,14
1,2,5,9,10,11,13>4,5,6,7,10,11,13,9,2
1,2,5,9,10,11,13>1,5,6,7,10,11,13,9,2
1,2,5,9,10,11,13>1,4,6,7,10,11,13,9,2
1,2,5,9,10,11,13>1,4,5,7,10,11,13,9,2
1,2,3,4,5,7,8,9,12,13>8,10,12,13,14,15,1,2,4,5,7,9
1,2,3,4,5,7,8,9,12,13>3,10,12,13,14,15,1,2,4,5,7,9
1,2,3,4,5,7,8,9,12,13>3,8,12,13,14,15,1,2,4,5,7,9
1,2,3,4,5,7,8,9,12,13>3,8,10,13,14,15,1,2,4,5,7,9
2,6,7,9,10,11,12,13>6,7,11,12,13,14,15,9,2,10
2,6,7,9,10,11,12,13>1,7,11,12,13,14,15,9,2,10
2,6,7,9,10,11,12,13>1,6,11,12,13,14,15,9,2,10
2,6,7,9,10,11,12,13>1,6,7,12,13,14,15,9,2,10
1,4,9,11,13,14,15>5,6,7,11,13,14,15,9,4
1,4,9,11,13,14,15>1,6,7,11,13,14,15,9,4
1,4,9,11,13,14,15>1,5,7,11,13,14,15,9,4
1,4,9,11,13,14,15>1,5,6,11,13,14,15,9,4
1,2,6,7,10,12,13,14,15>13,6,7,1,2,10,14,15
1,2,6,7,10,12,13,14,15>12,6,7,1,2,10,14,15
1,2,6,7,10,12,13,14,15>12,13,7,1,2,10,14,15
1,2,6,7,10,12,13,14,15>12,13,6,1,2,10,14,15
1,2,3,5,8,9,12,13>3,4,5,6,7,8,12,13,9,2
1,2,3,5,8,9,12,13>1,4,5,6,7,8,12,13,9,2
1,2,3,5,8,9,12,13>1,3,5,6,7,8,12,13,9,2
1,2,3,5,8,9,12,13>1,3,4,6,7,8,12,13,9,2
3,8,9,11,12,13>4,6,7,8,11,12,13,9
3,8,9,11,12,13>3,6,7,8,11,12,13,9
3,8,9,11,12,13>3,4,7,8,11,12,13,9
3,8,9,11,12,13>3,4,6,8,11,12,13,9
2,3,6,7,9,10,11,12>6,8,11,12,14,15,2,3,7,9,10
2,3,6,7,9,10,11,12>1,8,11,12,14,15,2,3,7,9,10
2,3,6,7,9,10,11,12>1,6,11,12,14,15,2,3,7,9,10
2,3,6,7,9,10,11,12>1,6,8,12,14,15,2,3,7,9,10
3,4,6,7,8,10,11,12,13,15>4,6,7,8,11,12,13,14,10,15
3,4,6,7,8,10,11,12,13,15>3,6,7,8,11,12,13,14,10,15
3,4,6,7,8,10,11,12,13,15>3,4,7,8,11,12,13,14,10,15
3,4,6,7,8,10,11,12,13,15>3,4,6,8,11,12,13,14,10,15
1,2,3,4,5,6,7,10,11,13,14>4,5,6,7,11,13,15,1,2,10,14
1,2,3,4,5,6,7,10,11,13,14>3,5,6,7,11,13,15,1,2,10,14
1,2,3,4,5,6,7,10,11,13,14>3,4,6,7,11,13,15,1,2,10,14
1,2,3,4,5,6,7,10,11,13,14>3,4,5,7,11,13,15,1,2,10,14
4,6,14>4,5,7,8,10,13,14,6
4,6,14>3,5,7,8,10,13,14,6
4,6,14>3,4,7,8,10,13,14,6
4,6,14>3,4,5,8,10,13,14,6
3,6,8,11,12,13,15>8,11,12,15,13,6
3,6,8,11,12,13,15>3,11,12,15,13,6
3,6,8,11,12,13,15>3,8,12,15,13,6
3,6,8,11,12,13,15>3,8,11,15,13,6
1,4,6,7,11,13,15>4,5,6,7,10,11,13,14,15
1,4,6,7,11,13,15>1,5,6,7,10,11,13,14,15
1,4,6,7,11,13,15>1,4,6,7,10,11,13,14,15
1,4,6,7,11,13,15>1,4,5,7,10,11,13,14,15
4,8,9,10,13,15>7,8,9,10,13,15,4
4,8,9,10,13,15>6,8,9,10,13,15,4
4,8,9,10,13,15>6,7,9,10,13,15,4
4,8,9,10,13,15>6,7,8,10,13,15,4
1,2,6,7,8,13,14>6,7,8,10,13,15,1,2,14
1,2,6,7,8,13,14>5,7,8,10,13,15,1,2,14
1,2,6,7,8,13,14>5,6,8,10,13,15,1,2,14
1,2,6,7,8,13,14>5,6,7,10,13,15,1,2,14
3,5,6,7,8,9,12,13,15>6,7,8,10,12,13,9,5,15
3,5,6,7,8,9,12,13,15>3,7,8,10,12,13,9,5,15
3,5,6,7,8,9,12,13,15>3,6,8,10,12,13,9,5,15
3,5,6,7,8,9,12,13,15>3,6,7,10,12,13,9,5,15
1,4,5,9,10,12,13,15>5,6,7,9,10,12,13,15,4
1,4,5,9,10,12,13,15>1,6,7,9,10,12,13,15,4
1,4,5,9,10,12,13,15>1,5,7,9,10,12,13,15,4
1,4,5,9,10,12,13,15>1,5,6,9,10,12,13,15,4
2,5,6,7,9,10,11,15>5,6,8,9,11,14,2,10,15,7
2,5,6,7,9,10,11,15>1,6,8,9,11,14,2,10,15,7
2,5,6,7,9,10,11,15>1,5,8,9,11,14,2,10,15,7
2,5,6,7,9,10,11,15>1,5,6,9,11,14,2,10,15,7
1,3,5,6,7,9,12,13,14,15>6,7,10,12,13,1,5,9,14,15
1,3,5,6,7,9,12,13,14,15>3,7,10,12,13,1,5,9,14,15
1,3,5,6,7,9,12,13,14,15>3,6,10,12,13,1,5,9,14,15
1,3,5,6,7,9,12,13,14,15>3,6,7,12,13,1,5,9,14,15
1,3,8,12,13>3,4,6,7,8,12,13
1,3,8,12,13>1,4,6,7,8,12,13
1,3,8,12,13>1,3,6,7,8,12,13
1,3,8,12,13>1,3,4,7,8,12,13
4,6,7,8,9,11,12,13>5,6,7,8,10,11,12,13,15,9
4,6,7,8,9,11,12,13>4,6,7,8,10,11,12,13,15,9
4,6,7,8,9,11,12,13>4,5,7,8,10,11,12,13,15,9
4,6,7,8,9,11,12,13>4,5,6,8,10,11,12,13,15,9
1,2,5,6,11>7,8,10,11,2,5,6
1,2,5,6,11>1,8,10,11,2,5,6
1,2,5,6,11>1,7,10,11,2,5,6
1,2,5,6,11>1,7,8,11,2,5,6
1,3,4,5,12>3,6,7,8,10,12,4,5
1,3,4,5,12>1,6,7,8,10,12,4,5
1,3,4,5,12>1,3,7,8,10,12,4,5
1,3,4,5,12>1,3,6,8,10,12,4,5
3,4,6,7,12,14,15>5,6,8,10,12,14,3,15,7
3,4,6,7,12,14,15>4,6,8,10,12,14,3,15,7
3,4,6,7,12,14,15>4,5,8,10,12,14,3,15,7
3,4,6,7,12,14,15>4,5,6,10,12,14,3,15,7
1,3,5,10,11,14,15>4,5,6,7,8,11,15,1,10,14
1,3,5,10,11,14,15>3,5,6,7,8,11,15,1,10,14
1,3,5,10,11,14,15>3,4,6,7,8,11,15,1,10,14
1,3,5,10,11,14,15>3,4,5,7,8,11,15,1,10,14
5,6,10,14,15>7,8,14,15,10,6
5,6,10,14,15>5,8,14,15,10,6
5,6,10,14,15>5,7,14,15,10,6
5,6,10,14,15>5,7,8,15,10,6
2,4,6,7,10,12>3,4,6,8,12,14,15,2,10,7
2,4,6,7,10,12>1,4,6,8,12,14,15,2,10,7
2,4,6,7,10,12>1,3,6,8,12,14,15,2,10,7
2,4,6,7,10,12>1,3,4,8,12,14,15,2,10,7
2,3,5,8,10,11,12,14,15>4,5,6,7,10,11,12,14,15,8,2
2,3,5,8,10,11,12,14,15>3,5,6,7,10,11,12,14,15,8,2
2,3,5,8,10,11,12,14,15>3,4,6,7,10,11,12,14,15,8,2
2,3,5,8,10,11,12,14,15>3,4,5,7,10,11,12,14,15,8,2
1,2,3,6,7,9,11,13>5,6,7,10,11,13,14,15,1,2,9
1,2,3,6,7,9,11,13>3,6,7,10,11,13,14,15,1,2,9
1,2,3,6,7,9,11,13>3,5,7,10,11,13,14,15,1,2,9
1,2,3,6,7,9,11,13>3,5,6,10,11,13,14,15,1,2,9
4,11,12,13,15>6,7,11,12,13,15,4
4,11,12,13,15>5,7,11,12,13,15,4
4,11,12,13,15>5,6,11,12,13,15,4
4,11,12,13,15>5,6,7,12,13,15,4
1,3,8,9,10,12,14>4,6,7,10,12,14,8,9,3
1,3,8,9,10,12,14>1,6,7,10,12,14,8,9,3
1,3,8,9,10,12,14>1,4,7,10,12,14,8,9,3
1,3,8,9,10,12,14>1,4,6,10,12,14,8,9,3
1,2,3,5,6,8,9,10,12,13>3,5,8,10,12,13,9,2,6
1,2,3,5,6,8,9,10,12,13>1,5,8,10,12,13,9,2,6
1,2,3,5,6,8,9,10,12,13>1,3,8,10,12,13,9,2,6
1,2,3,5,6,8,9,10,12,13>1,3,5,10,12,13,9,2,6
4,5,12,14,15>7,8,10,12,14,15,4,5
4,5,12,14,15>6,8,10,12,14,15,4,5
4,5,12,14,15>6,7,10,12,14,15,4,5
4,5,12,14,15>6,7,8,12,14,15,4,5
1,2,3,6,7,8,10,11,12,13>6,7,8,11,12,13,14,15,1,2,10
1,2,3,6,7,8,10,11,12,13>3,7,8,11,12,13,14,15,1,2,10
1,2,3,6,7,8,10,11,12,13>3,6,8,11,12,13,14,15,1,2,10
1,2,3,6,7,8,10,11,12,13>3,6,7,11,12,13,14,15,1,2,10
1,3,7,9,10,11,12,15>4,8,9,11,12,14,10,3,15,7
1,3,7,9,10,11,12,15>1,8,9,11,12,14,10,3,15,7
1,3,7,9,10,11,12,15>1,4,9,11,12,14,10,3,15,7
1,3,7,9,10,11,12,15>1,4,8,11,12,14,10,3,15,7
2,4,5,7,8,14>10,14,15,2,4,5,7,8
2,4,5,7,8,14>1,14,15,2,4,5,7,8
2,4,5,7,8,14>1,10,15,2,4,5,7,8
2,4,5,7,8,14>1,10,14,2,4,5,7,8
1,2,4,6,7,8,9,12>4,5,6,10,12,14,15,1,2,7,8,9
1,2,4,6,7,8,9,12>3,5,6,10,12,14,15,1,2,7,8,9
1,2,4,6,7,8,9,12>3,4,6,10,12,14,15,1,2,7,8,9
1,2,4,6,7,8,9,12>3,4,5,10,12,14,15,1,2,7,8,9
9,11,6>5,7,8,10,11,13,9,6
9,11,6>3,7,8,10,11,13,9,6
9,11,6>3,5,8,10,11,13,9,6
9,11,6>3,5,7,10,11,13,9,6
8,10,14>4,6,7,10,14,8
8,10,14>3,6,7,10,14,8
8,10,14>3,4,7,10,14,8
8,10,14>3,4,6,10,14,8
2,4,5,10,14,15>6,7,8,14,15,2,10,4
2,4,5,10,14,15>5,7,8,14,15,2,10,4
2,4,5,10,14,15>5,6,8,14,15,2,10,4
2,4,5,10,14,15>5,6,7,14,15,2,10,4
1,4,5,8,9,12,13,14,15>7,8,12,13,15,1,4,5,9,14
1,4,5,8,9,12,13,14,15>6,8,12,13,15,1,4,5,9,14
1,4,5,8,9,12,13,14,15>6,7,12,13,15,1,4,5,9,14
1,4,5,8,9,12,13,14,15>6,7,8,13,15,1,4,5,9,14
1,3,5,9,10,13,14,15>4,5,6,7,9,10,13,15,1,14
1,3,5,9,10,13,14,15>3,5,6,7,9,10,13,15,1,14
1,3,5,9,10,13,14,15>3,4,6,7,9,10,13,15,1,14
1,3,5,9,10,13,14,15>3,4,5,7,9,10,13,15,1,14
6,8,9,11,12,14,15>5,7,11,12,13,14,15,8,9,6
6,8,9,11,12,14,15>3,7,11,12,13,14,15,8,9,6
6,8,9,11,12,14,15>3,5,11,12,13,14,15,8,9,6
6,8,9,11,12,14,15>3,5,7,12,13,14,15,8,9,6
1,2,3,4,7,8,9,10,11,13>8,11,13,14,15,1,2,4,7,9,10
1,2,3,4,7,8,9,10,11,13>3,11,13,14,15,1,2,4,7,9,10
1,2,3,4,7,8,9,10,11,13>3,8,13,14,15,1,2,4,7,9,10
1,2,3,4,7,8,9,10,11,13>3,8,11,14,15,1,2,4,7,9,10
1,6,10,12,13,15>10,12,15,13,6
1,6,10,12,13,15>1,12,15,13,6
1,6,10,12,13,15>1,10,15,13,6
1,6,10,12,13,15>1,10,12,13,6
1,8,9,10,11,12,13,15>4,6,7,8,9,10,11,12,13,15
1,8,9,10,11,12,13,15>1,6,7,8,9,10,11,12,13,15
1,8,9,10,11,12,13,15>1,4,7,8,9,10,11,12,13,15
1,8,9,10,11,12,13,15>1,4,6,8,9,10,11,12,13,15
2,3,4,5,7,11,13>3,10,11,13,15,2,4,5,7
2,3,4,5,7,11,13>1,10,11,13,15,2,4,5,7
2,3,4,5,7,11,13>1,3,11,13,15,2,4,5,7
2,3,4,5,7,11,13>1,3,10,13,15,2,4,5,7
1,2,3,4,5,6,7,8,9,10,12,13,15>4,5,6,7,8,9,12,13,14,1,2,10,15
1,2,3,4,5,6,7,8,9,10,12,13,15>3,5,6,7,8,9,12,13,14,1,2,10,15
1,2,3,4,5,6,7,8,9,10,12,13,15>3,4,6,7,8,9,12,13,14,1,2,10,15
1,2,3,4,5,6,7,8,9,10,12,13,15>3,4,5,7,8,9,12,13,14,1,2,10,15
2,4,8,9,10,13>7,8,10,13,9,2,4
2,4,8,9,10,13>6,8,10,13,9,2,4
2,4,8,9,10,13>6,7,10,13,9,2,4
2,4,8,9,10,13>6,7,8,13,9,2,4
2,4,5,8,9,11,14>14,6,7,2,4,5,8,9
2,4,5,8,9,11,14>11,6,7,2,4,5,8,9
2,4,5,8,9,11,14>11,14,7,2,4,5,8,9
2,4,5,8,9,11,14>11,14,6,2,4,5,8,9
1,3,6,8,9,12,15>5,7,12,13,15,8,9,3,6
1,3,6,8,9,12,15>1,7,12,13,15,8,9,3,6
1,3,6,8,9,12,15>1,5,12,13,15,8,9,3,6
1,3,6,8,9,12,15>1,5,7,13,15,8,9,3,6
1,2,10,11,12,13,15>4,6,7,10,11,12,13,15,2
1,2,10,11,12,13,15>1,6,7,10,11,12,13,15,2
1,2,10,11,12,13,15>1,4,7,10,11,12,13,15,2
1,2,10,11,12,13,15>1,4,6,10,11,12,13,15,2
2,4,8,9,11,12,13,14,15>6,7,8,11,12,13,14,15,9,2,4
2,4,8,9,11,12,13,14,15>5,7,8,11,12,13,14,15,9,2,4
2,4,8,9,11,12,13,14,15>5,6,8,11,12,13,14,15,9,2,4
2,4,8,9,11,12,13,14,15>5,6,7,11,12,13,14,15,9,2,4
1,5,6,7,9,12,13,14,15>7,10,12,13,1,5,9,14,15
1,5,6,7,9,12,13,14,15>6,10,12,13,1,5,9,14,15
1,5,6,7,9,12,13,14,15>6,7,12,13,1,5,9,14,15
1,5,6,7,9,12,13,14,15>6,7,10,13,1,5,9,14,15
5,6,8,9,11,13,14>8,11,13,14,9,6
5,6,8,9,11,13,14>5,11,13,14,9,6
5,6,8,9,11,13,14>5,8,13,14,9,6
5,6,8,9,11,13,14>5,8,11,14,9,6
1,2,5,6,8,9,11,12,15>7,11,12,15,2,5,6,8,9
1,2,5,6,8,9,11,12,15>1,11,12,15,2,5,6,8,9
1,2,5,6,8,9,11,12,15>1,7,12,15,2,5,6,8,9
1,2,5,6,8,9,11,12,15>1,7,11,15,2,5,6,8,9
1,3,4,6,7,8,10,11,13,14>3,4,6,7,8,11,13,15,10,14
1,3,4,6,7,8,10,11,13,14>1,4,6,7,8,11,13,15,10,14
1,3,4,6,7,8,10,11,13,14>1,3,6,7,8,11,13,15,10,14
1,3,4,6,7,8,10,11,13,14>1,3,4,7,8,11,13,15,10,14
1,2,3,6,9,12,13,15>3,12,15,9,2,13,6
1,2,3,6,9,12,13,15>1,12,15,9,2,13,6
1,2,3,6,9,12,13,15>1,3,15,9,2,13,6
1,2,3,6,9,12,13,15>1,3,12,9,2,13,6
1,4,6,7,8,11,12,13,14>4,5,6,7,8,10,11,12,13,15,14
1,4,6,7,8,11,12,13,14>1,5,6,7,8,10,11,12,13,15,14
1,4,6,7,8,11,12,13,14>1,4,6,7,8,10,11,12,13,15,14
1,4,6,7,8,11,12,13,14>1,4,5,7,8,10,11,12,13,15,14
1,2,3,5,10,11,13,14>3,4,5,6,7,10,11,13,14,2
1,2,3,5,10,11,13,14>1,4,5,6,7,10,11,13,14,2
1,2,3,5,10,11,13,14>1,3,5,6,7,10,11,13,14,2
1,2,3,5,10,11,13,14>1,3,4,6,7,10,11,13,14,2
1,2,4,5,8,9,10,12,13,14,15>6,7,8,9,10,12,13,15,1,2,4,14
1,2,4,5,8,9,10,12,13,14,15>5,7,8,9,10,12,13,15,1,2,4,14
1,2,4,5,8,9,10,12,13,14,15>5,6,8,9,10,12,13,15,1,2,4,14
1,2,4,5,8,9,10,12,13,14,15>5,6,7,9,10,12,13,15,1,2,4,14
1,2,3,4,8,10,11,12,13,14>3,6,7,8,10,11,12,13,14,2,4
1,2,3,4,8,10,11,12,13,14>1,6,7,8,10,11,12,13,14,2,4
1,2,3,4,8,10,11,12,13,14>1,3,7,8,10,11,12,13,14,2,4
1,2,3,4,8,10,11,12,13,14>1,3,6,8,10,11,12,13,14,2,4
1,4,7,10,11,13,15>11,13,14,10,4,15,7
1,4,7,10,11,13,15>1,13,14,10,4,15,7
1,4,7,10,11,13,15>1,11,14,10,4,15,7
1,4,7,10,11,13,15>1,11,13,10,4,15,7
2,3,4,5,8,12,13,15>6,7,8,12,13,15,2,4,5
2,3,4,5,8,12,13,15>3,7,8,12,13,15,2,4,5
2,3,4,5,8,12,13,15>3,6,8,12,13,15,2,4,5
2,3,4,5,8,12,13,15>3,6,7,12,13,15,2,4,5
1,3,4,5,11,12,13,14>3,6,7,11,12,13,14,4,5
1,3,4,5,11,12,13,14>1,6,7,11,12,13,14,4,5
1,3,4,5,11,12,13,14>1,3,7,11,12,13,14,4,5
1,3,4,5,11,12,13,14>1,3,6,11,12,13,14,4,5
3,4,5,6,14>4,7,8,10,14,5,6
3,4,5,6,14>3,7,8,10,14,5,6
3,4,5,6,14>3,4,8,10,14,5,6
3,4,5,6,14>3,4,7,10,14,5,6
1,3,4,5,6,7,8,9,10,12>3,4,5,6,12,14,15,8,9,10,7
1,3,4,5,6,7,8,9,10,12>1,4,5,6,12,14,15,8,9,10,7
1,3,4,5,6,7,8,9,10,12>1,3,5,6,12,14,15,8,9,10,7
1,3,4,5,6,7,8,9,10,12>1,3,4,6,12,14,15,8,9,10,7
1,2,3,7,8,10,11,13,14>4,8,11,13,15,1,2,7,10,14
1,2,3,7,8,10,11,13,14>3,8,11,13,15,1,2,7,10,14
1,2,3,7,8,10,11,13,14>3,4,11,13,15,1,2,7,10,14
1,2,3,7,8,10,11,13,14>3,4,8,13,15,1,2,7,10,14
3,10,11,12,14>6,7,8,11,12,14,10,3
3,10,11,12,14>4,7,8,11,12,14,10,3
3,10,11,12,14>4,6,8,11,12,14,10,3
3,10,11,12,14>4,6,7,11,12,14,10,3
1,2,3,6,10,12,13,14>3,10,12,14,2,13,6
1,2,3,6,10,12,13,14>1,10,12,14,2,13,6
1,2,3,6,10,12,13,14>1,3,12,14,2,13,6
1,2,3,6,10,12,13,14>1,3,10,14,2,13,6
1,2,4,5,6,7,9,10,11,14>5,6,8,11,15,1,2,7,9,10,14
1,2,4,5,6,7,9,10,11,14>4,6,8,11,15,1,2,7,9,10,14
1,2,4,5,6,7,9,10,11,14>4,5,8,11,15,1,2,7,9,10,14
1,2,4,5,6,7,9,10,11,14>4,5,6,11,15,1,2,7,9,10,14
1,2,3,5,6,9,10,12,14,15>5,7,8,9,12,15,1,2,6,10,14
1,2,3,5,6,9,10,12,14,15>3,7,8,9,12,15,1,2,6,10,14
1,2,3,5,6,9,10,12,14,15>3,5,8,9,12,15,1,2,6,10,14
1,2,3,5,6,9,10,12,14,15>3,5,7,9,12,15,1,2,6,10,14
3,4,5,8,9,10,13,15>5,6,7,8,9,10,13,15,4
3,4,5,8,9,10,13,15>3,6,7,8,9,10,13,15,4
3,4,5,8,9,10,13,15>3,5,7,8,9,10,13,15,4
3,4,5,8,9,10,13,15>3,5,6,8,9,10,13,15,4
1,4,5,6,12,13,15>4,12,13,15,5,6
1,4,5,6,12,13,15>1,12,13,15,5,6
1,4,5,6,12,13,15>1,4,13,15,5,6
1,4,5,6,12,13,15>1,4,12,15,5,6
5,6,8,10,13,15>8,10,13,15,6
5,6,8,10,13,15>5,10,13,15,6
5,6,8,10,13,15>5,8,13,15,6
5,6,8,10,13,15>5,8,10,15,6
1,3,7,8,9,11,12,14,15>4,5,10,11,12,3,7,8,9,14,15
1,3,7,8,9,11,12,14,15>1,5,10,11,12,3,7,8,9,14,15
1,3,7,8,9,11,12,14,15>1,4,10,11,12,3,7,8,9,14,15
1,3,7,8,9,11,12,14,15>1,4,5,11,12,3,7,8,9,14,15
1,2,3,11,12,13>3,4,6,7,11,12,13,2
1,2,3,11,12,13>1,4,6,7,11,12,13,2
1,2,3,11,12,13>1,3,6,7,11,12,13,2
1,2,3,11,12,13>1,3,4,7,11,12,13,2
1,2,3,4,6,10,12,15>4,7,8,12,13,15,10,2,3,6
1,2,3,4,6,10,12,15>1,7,8,12,13,15,10,2,3,6
1,2,3,4,6,10,12,15>1,4,8,12,13,15,10,2,3,6
1,2,3,4,6,10,12,15>1,4,7,12,13,15,10,2,3,6
2,5,6,7,9,14>6,8,10,14,15,9,2,5,7
2,5,6,7,9,14>1,8,10,14,15,9,2,5,7
2,5,6,7,9,14>1,6,10,14,15,9,2,5,7
2,5,6,7,9,14>1,6,8,14,15,9,2,5,7
1,2,4,9,11,13,14,15>5,6,7,11,13,14,15,9,2,4
1,2,4,9,11,13,14,15>1,6,7,11,13,14,15,9,2,4
1,2,4,9,11,13,14,15>1,5,7,11,13,14,15,9,2,4
1,2,4,9,11,13,14,15>1,5,6,11,13,14,15,9,2,4
2,7,8,9,10,11,12,14>3,4,11,12,15,2,7,8,9,10,14
2,7,8,9,10,11,12,14>1,4,11,12,15,2,7,8,9,10,14
2,7,8,9,10,11,12,14>1,3,11,12,15,2,7,8,9,10,14
2,7,8,9,10,11,12,14>1,3,4,12,15,2,7,8,9,10,14
4,6,7,8,10,12,15>4,6,12,14,8,10,15,7
4,6,7,8,10,12,15>3,6,12,14,8,10,15,7
4,6,7,8,10,12,15>3,4,12,14,8,10,15,7
4,6,7,8,10,12,15>3,4,6,14,8,10,15,7
2,3,4,5,6,9,10,11,15>4,5,7,8,9,11,15,2,10,6
2,3,4,5,6,9,10,11,15>3,5,7,8,9,11,15,2,10,6
2,3,4,5,6,9,10,11,15>3,4,7,8,9,11,15,2,10,6
2,3,4,5,6,9,10,11,15>3,4,5,8,9,11,15,2,10,6
2,11,5,15>6,7,8,10,11,15,2,5
2,11,5,15>4,7,8,10,11,15,2,5
2,11,5,15>4,6,8,10,11,15,2,5
2,11,5,15>4,6,7,10,11,15,2,5
1,2,3,6,7,8,10,11>15,6,14,1,2,3,7,8,10
1,2,3,6,7,8,10,11>11,6,14,1,2,3,7,8,10
1,2,3,6,7,8,10,11>11,15,14,1,2,3,7,8,10
1,2,3,6,7,8,10,11>11,15,6,1,2,3,7,8,10
1,4,6,7,8,12>3,4,5,6,10,12,14,15,8,7
1,4,6,7,8,12>1,4,5,6,10,12,14,15,8,7
1,4,6,7,8,12>1,3,5,6,10,12,14,15,8,7
1,4,6,7,8,12>1,3,4,6,10,12,14,15,8,7
1,9,10,11,13,14>4,6,7,10,11,13,14,9
1,9,10,11,13,14>1,6,7,10,11,13,14,9
1,9,10,11,13,14>1,4,7,10,11,13,14,9
1,9,10,11,13,14>1,4,6,10,11,13,14,9
1,2,5,7,8,10,11,13,14>5,8,11,13,15,1,2,7,10,14
1,2,5,7,8,10,11,13,14>4,8,11,13,15,1,2,7,10,14
1,2,5,7,8,10,11,13,14>4,5,11,13,15,1,2,7,10,14
1,2,5,7,8,10,11,13,14>4,5,8,13,15,1,2,7,10,14
1,2,4,9,11,12,13,14>5,6,7,11,12,13,14,9,2,4
1,2,4,9,11,12,13,14>1,6,7,11,12,13,14,9,2,4
1,2,4,9,11,12,13,14>1,5,7,11,12,13,14,9,2,4
1,2,4,9,11,12,13,14>1,5,6,11,12,13,14,9,2,4
1,10,11,12,13,14>4,6,7,10,11,12,13,14
1,10,11,12,13,14>1,6,7,10,11,12,13,14
1,10,11,12,13,14>1,4,7,10,11,12,13,14
1,10,11,12,13,14>1,4,6,10,11,12,13,14
2,3,5,6,7,12,13,14,15>3,6,7,10,12,13,14,2,5,15
2,3,5,6,7,12,13,14,15>1,6,7,10,12,13,14,2,5,15
2,3,5,6,7,12,13,14,15>1,3,7,10,12,13,14,2,5,15
2,3,5,6,7,12,13,14,15>1,3,6,10,12,13,14,2,5,15
1,2,5,6,9,10,14>5,7,8,14,9,2,10,6
1,2,5,6,9,10,14>1,7,8,14,9,2,10,6
1,2,5,6,9,10,14>1,5,8,14,9,2,10,6
1,2,5,6,9,10,14>1,5,7,14,9,2,10,6
2,3,4,7,8,11,12,13,14>3,5,8,10,11,12,13,14,15,2,4,7
2,3,4,7,8,11,12,13,14>1,5,8,10,11,12,13,14,15,2,4,7
2,3,4,7,8,11,12,13,14>1,3,8,10,11,12,13,14,15,2,4,7
2,3,4,7,8,11,12,13,14>1,3,5,10,11,12,13,14,15,2,4,7
2,3,6,10,11,12,14,15>8,11,12,13,14,15,10,2,3,6
2,3,6,10,11,12,14,15>7,11,12,13,14,15,10,2,3,6
2,3,6,10,11,12,14,15>7,8,12,13,14,15,10,2,3,6
2,3,6,10,11,12,14,15>7,8,11,13,14,15,10,2,3,6
1,4,7,8,9,10,12,13,15>8,9,12,13,14,10,4,15,7
1,4,7,8,9,10,12,13,15>1,9,12,13,14,10,4,15,7
1,4,7,8,9,10,12,13,15>1,8,12,13,14,10,4,15,7
1,4,7,8,9,10,12,13,15>1,8,9,13,14,10,4,15,7
3,4,6,8,10,13,14,15>4,8,10,14,15,13,6
3,4,6,8,10,13,14,15>3,8,10,14,15,13,6
3,4,6,8,10,13,14,15>3,4,10,14,15,13,6
3,4,6,8,10,13,14,15>3,4,8,14,15,13,6
1,2,6,7,8,9,10,12,13,14>7,8,12,13,15,1,2,9,10,14
1,2,6,7,8,9,10,12,13,14>6,8,12,13,15,1,2,9,10,14
1,2,6,7,8,9,10,12,13,14>6,7,12,13,15,1,2,9,10,14
1,2,6,7,8,9,10,12,13,14>6,7,8,13,15,1,2,9,10,14
1,3,5,6,7,11,12,13,14>3,6,7,10,11,12,13,15,5,14
1,3,5,6,7,11,12,13,14>1,6,7,10,11,12,13,15,5,14
1,3,5,6,7,11,12,13,14>1,3,7,10,11,12,13,15,5,14
1,3,5,6,7,11,12,13,14>1,3,6,10,11,12,13,15,5,14
2,3,7,8,9,12>4,5,10,12,15,2,3,7,8,9
2,3,7,8,9,12>1,5,10,12,15,2,3,7,8,9
2,3,7,8,9,12>1,4,10,12,15,2,3,7,8,9
2,3,7,8,9,12>1,4,5,12,15,2,3,7,8,9
7,8,10,11,12,13,15>8,11,12,13,14,10,15,7
7,8,10,11,12,13,15>4,11,12,13,14,10,15,7
7,8,10,11,12,13,15>4,8,12,13,14,10,15,7
7,8,10,11,12,13,15>4,8,11,13,14,10,15,7
1,2,3,4,5,8,9,10,12,13,14,15>5,6,7,8,9,10,12,13,15,1,2,4,14
1,2,3,4,5,8,9,10,12,13,14,15>3,6,7,8,9,10,12,13,15,1,2,4,14
1,2,3,4,5,8,9,10,12,13,14,15>3,5,7,8,9,10,12,13,15,1,2,4,14
1,2,3,4,5,8,9,10,12,13,14,15>3,5,6,8,9,10,12,13,15,1,2,4,14
2,3,4,5,7,9,10,11,14>3,5,8,11,15,2,4,7,9,10,14
2,3,4,5,7,9,10,11,14>1,5,8,11,15,2,4,7,9,10,14
2,3,4,5,7,9,10,11,14>1,3,8,11,15,2,4,7,9,10,14
2,3,4,5,7,9,10,11,14>1,3,5,11,15,2,4,7,9,10,14
1,2,7,9,12,13>5,10,12,13,14,15,1,2,9,7
1,2,7,9,12,13>4,10,12,13,14,15,1,2,9,7
1,2,7,9,12,13>4,5,12,13,14,15,1,2,9,7
1,2,7,9,12,13>4,5,10,13,14,15,1,2,9,7
1,4,5,8,9,10,11,12,13>5,6,7,8,10,11,12,13,9,4
1,4,5,8,9,10,11,12,13>1,6,7,8,10,11,12,13,9,4
1,4,5,8,9,10,11,12,13>1,5,7,8,10,11,12,13,9,4
1,4,5,8,9,10,11,12,13>1,5,6,8,10,11,12,13,9,4
1,3,4,7,9,10,12,13>3,12,13,14,15,9,10,4,7
1,3,4,7,9,10,12,13>1,12,13,14,15,9,10,4,7
1,3,4,7,9,10,12,13>1,3,13,14,15,9,10,4,7
1,3,4,7,9,10,12,13>1,3,12,14,15,9,10,4,7
1,2,3,4,6,12,13,14,15>3,4,5,12,14,15,2,13,6
1,2,3,4,6,12,13,14,15>1,4,5,12,14,15,2,13,6
1,2,3,4,6,12,13,14,15>1,3,5,12,14,15,2,13,6
1,2,3,4,6,12,13,14,15>1,3,4,12,14,15,2,13,6
2,5,7,8,9,11,13>4,8,10,11,13,15,9,2,5,7
2,5,7,8,9,11,13>1,8,10,11,13,15,9,2,5,7
2,5,7,8,9,11,13>1,4,10,11,13,15,9,2,5,7
2,5,7,8,9,11,13>1,4,8,11,13,15,9,2,5,7
4,5,6,7,8,9,10,12,15>5,6,9,12,14,8,10,15,7
4,5,6,7,8,9,10,12,15>4,6,9,12,14,8,10,15,7
4,5,6,7,8,9,10,12,15>4,5,9,12,14,8,10,15,7
4,5,6,7,8,9,10,12,15>4,5,6,12,14,8,10,15,7
3,5,7,9,13>4,10,13,15,9,5,7
3,5,7,9,13>3,10,13,15,9,5,7
3,5,7,9,13>3,4,13,15,9,5,7
3,5,7,9,13>3,4,10,15,9,5,7
2,8,12,14,15>4,5,6,7,12,14,15,8,2
2,8,12,14,15>3,5,6,7,12,14,15,8,2
2,8,12,14,15>3,4,6,7,12,14,15,8,2
2,8,12,14,15>3,4,5,7,12,14,15,8,2
3,4,8,9,14>5,6,7,8,9,3,4
3,4,8,9,14>14,6,7,8,9,3,4
3,4,8,9,14>14,5,7,8,9,3,4
3,4,8,9,14>14,5,6,8,9,3,4
1,3,4,8,12,14,15>5,6,7,12,14,15,8,3,4
1,3,4,8,12,14,15>1,6,7,12,14,15,8,3,4
1,3,4,8,12,14,15>1,5,7,12,14,15,8,3,4
1,3,4,8,12,14,15>1,5,6,12,14,15,8,3,4
1,2,6,7,8,9,10,11,13,14>7,8,11,13,15,1,2,9,10,14
1,2,6,7,8,9,10,11,13,14>6,8,11,13,15,1,2,9,10,14
1,2,6,7,8,9,10,11,13,14>6,7,11,13,15,1,2,9,10,14
1,2,6,7,8,9,10,11,13,14>6,7,8,13,15,1,2,9,10,14
1,2,3,5,13,15>3,4,5,6,7,13,15,2
1,2,3,5,13,15>1,4,5,6,7,13,15,2
1,2,3,5,13,15>1,3,5,6,7,13,15,2
1,2,3,5,13,15>1,3,4,6,7,13,15,2
3,4,6,8,15>5,7,13,15,8,3,6
3,4,6,8,15>4,7,13,15,8,3,6
3,4,6,8,15>4,5,13,15,8,3,6
3,4,6,8,15>4,5,7,15,8,3,6
1,2,3,5,6,8,10,11,12,14,15>5,7,10,11,12,15,1,2,6,8,14
1,2,3,5,6,8,10,11,12,14,15>3,7,10,11,12,15,1,2,6,8,14
1,2,3,5,6,8,10,11,12,14,15>3,5,10,11,12,15,1,2,6,8,14
1,2,3,5,6,8,10,11,12,14,15>3,5,7,11,12,15,1,2,6,8,14
1,2,4,5,6,8,10,12,13,14,15>5,8,10,12,13,15,1,2,6,14
1,2,4,5,6,8,10,12,13,14,15>4,8,10,12,13,15,1,2,6,14
1,2,4,5,6,8,10,12,13,14,15>4,5,10,12,13,15,1,2,6,14
1,2,4,5,6,8,10,12,13,14,15>4,5,8,12,13,15,1,2,6,14
1,3,4,12,13>3,5,6,7,12,13,4
1,3,4,12,13>1,5,6,7,12,13,4
1,3,4,12,13>1,3,6,7,12,13,4
1,3,4,12,13>1,3,5,7,12,13,4
1,3,4,5,11,14,15>6,7,8,10,11,15,1,4,5,14
1,3,4,5,11,14,15>3,7,8,10,11,15,1,4,5,14
1,3,4,5,11,14,15>3,6,8,10,11,15,1,4,5,14
1,3,4,5,11,14,15>3,6,7,10,11,15,1,4,5,14
4,5,6,7,9,10,12,14,15>5,6,8,9,12,10,15,14,7
4,5,6,7,9,10,12,14,15>4,6,8,9,12,10,15,14,7
4,5,6,7,9,10,12,14,15>4,5,8,9,12,10,15,14,7
4,5,6,7,9,10,12,14,15>4,5,6,9,12,10,15,14,7
1,2,4,5,6,9,10,12,13,14>4,5,10,12,13,14,9,2,6
1,2,4,5,6,9,10,12,13,14>1,5,10,12,13,14,9,2,6
1,2,4,5,6,9,10,12,13,14>1,4,10,12,13,14,9,2,6
1,2,4,5,6,9,10,12,13,14>1,4,5,12,13,14,9,2,6
1,2,3,6,9,10,11,12,14>7,8,11,12,13,14,2,3,6,9,10
1,2,3,6,9,10,11,12,14>1,8,11,12,13,14,2,3,6,9,10
1,2,3,6,9,10,11,12,14>1,7,11,12,13,14,2,3,6,9,10
1,2,3,6,9,10,11,12,14>1,7,8,12,13,14,2,3,6,9,10
1,2,4,5,6,7,8,10,11>5,6,11,14,15,1,2,7,8,10
1,2,4,5,6,7,8,10,11>4,6,11,14,15,1,2,7,8,10
1,2,4,5,6,7,8,10,11>4,5,11,14,15,1,2,7,8,10
1,2,4,5,6,7,8,10,11>4,5,6,14,15,1,2,7,8,10
1,2,3,4,5,7,12,14,15>10,3,12,1,2,4,5,7,14,15
1,2,3,4,5,7,12,14,15>8,3,12,1,2,4,5,7,14,15
1,2,3,4,5,7,12,14,15>8,10,12,1,2,4,5,7,14,15
1,2,3,4,5,7,12,14,15>8,10,3,1,2,4,5,7,14,15
2,3,4,5,6,9,10,11,13>4,5,10,11,13,9,2,6
2,3,4,5,6,9,10,11,13>3,5,10,11,13,9,2,6
2,3,4,5,6,9,10,11,13>3,4,10,11,13,9,2,6
2,3,4,5,6,9,10,11,13>3,4,5,11,13,9,2,6
2,4,6,8,10,13,14>10,4,14,2,13,6
2,4,6,8,10,13,14>8,4,14,2,13,6
2,4,6,8,10,13,14>8,10,14,2,13,6
2,4,6,8,10,13,14>8,10,4,2,13,6
3,6,8,9,10,12,13,14>8,10,12,14,9,13,6
3,6,8,9,10,12,13,14>3,10,12,14,9,13,6
3,6,8,9,10,12,13,14>3,8,12,14,9,13,6
3,6,8,9,10,12,13,14>3,8,10,14,9,13,6
2,10,12,14>4,6,7,8,12,14,2,10
2,10,12,14>3,6,7,8,12,14,2,10
2,10,12,14>3,4,7,8,12,14,2,10
2,10,12,14>3,4,6,8,12,14,2,10
1,4,5,6,10,11,14,15>5,7,8,11,15,1,10,6,14
1,4,5,6,10,11,14,15>4,7,8,11,15,1,10,6,14
1,4,5,6,10,11,14,15>4,5,8,11,15,1,10,6,14
1,4,5,6,10,11,14,15>4,5,7,11,15,1,10,6,14
1,2,4,7,9,10>3,14,15,1,2,4,7,9,10
1,2,4,7,9,10>8,14,15,1,2,4,7,9,10
1,2,4,7,9,10>8,3,15,1,2,4,7,9,10
1,2,4,7,9,10>8,3,14,1,2,4,7,9,10
1,5,8,10,11,15>4,5,6,7,10,11,15,8
1,5,8,10,11,15>1,5,6,7,10,11,15,8
1,5,8,10,11,15>1,4,6,7,10,11,15,8
1,5,8,10,11,15>1,4,5,7,10,11,15,8
1,5,7,8,11>4,10,11,14,15,8,5,7
1,5,7,8,11>1,10,11,14,15,8,5,7
1,5,7,8,11>1,4,11,14,15,8,5,7
1,5,7,8,11>1,4,10,14,15,8,5,7
1,2,3,4,9,10,11>6,7,8,11,2,3,4,9,10
1,2,3,4,9,10,11>1,7,8,11,2,3,4,9,10
1,2,3,4,9,10,11>1,6,8,11,2,3,4,9,10
1,2,3,4,9,10,11>1,6,7,11,2,3,4,9,10
2,4,5,8,9,11,12,14,15>7,11,12,14,15,2,4,5,8,9
2,4,5,8,9,11,12,14,15>6,11,12,14,15,2,4,5,8,9
2,4,5,8,9,11,12,14,15>6,7,12,14,15,2,4,5,8,9
2,4,5,8,9,11,12,14,15>6,7,11,14,15,2,4,5,8,9
1,6,9,10,11,15>3,7,8,9,11,13,15,10,6
1,6,9,10,11,15>1,7,8,9,11,13,15,10,6
1,6,9,10,11,15>1,3,8,9,11,13,15,10,6
1,6,9,10,11,15>1,3,7,9,11,13,15,10,6
1,2,3,6,7,8,9,12,13,15>5,6,7,8,10,12,13,14,1,2,9,15
1,2,3,6,7,8,9,12,13,15>3,6,7,8,10,12,13,14,1,2,9,15
1,2,3,6,7,8,9,12,13,15>3,5,7,8,10,12,13,14,1,2,9,15
1,2,3,6,7,8,9,12,13,15>3,5,6,8,10,12,13,14,1,2,9,15
1,5,6,7,10,11,12,13,14,15>6,7,11,12,13,1,10,14,15
1,5,6,7,10,11,12,13,14,15>5,7,11,12,13,1,10,14,15
1,5,6,7,10,11,12,13,14,15>5,6,11,12,13,1,10,14,15
1,5,6,7,10,11,12,13,14,15>5,6,7,12,13,1,10,14,15
1,2,3,4,6,9,10,12>4,7,8,12,13,2,3,6,9,10
1,2,3,4,6,9,10,12>1,7,8,12,13,2,3,6,9,10
1,2,3,4,6,9,10,12>1,4,8,12,13,2,3,6,9,10
1,2,3,4,6,9,10,12>1,4,7,12,13,2,3,6,9,10
1,3,4,5,6,8,12,13,14>3,4,8,12,13,14,5,6
1,3,4,5,6,8,12,13,14>1,4,8,12,13,14,5,6
1,3,4,5,6,8,12,13,14>1,3,8,12,13,14,5,6
1,3,4,5,6,8,12,13,14>1,3,4,12,13,14,5,6
3,12,6,14>7,8,10,12,13,14,3,6
3,12,6,14>5,8,10,12,13,14,3,6
3,12,6,14>5,7,10,12,13,14,3,6
3,12,6,14>5,7,8,12,13,14,3,6
1,14,15>3,4,5,6,7,8,10,14,15
1,14,15>1,4,5,6,7,8,10,14,15
1,14,15>1,3,5,6,7,8,10,14,15
1,14,15>1,3,4,6,7,8,10,14,15
2,3,6,9,10,11,14,15>8,9,11,13,14,15,10,2,3,6
2,3,6,9,10,11,14,15>7,9,11,13,14,15,10,2,3,6
2,3,6,9,10,11,14,15>7,8,11,13,14,15,10,2,3,6
2,3,6,9,10,11,14,15>7,8,9,13,14,15,10,2,3,6
1,8,9,10,11,12,13,14>4,6,7,8,10,11,12,13,14,9
1,8,9,10,11,12,13,14>1,6,7,8,10,11,12,13,14,9
1,8,9,10,11,12,13,14>1,4,7,8,10,11,12,13,14,9
1,8,9,10,11,12,13,14>1,4,6,8,10,11,12,13,14,9
1,2,4,11,13,15>5,6,7,11,13,15,2,4
1,2,4,11,13,15>1,6,7,11,13,15,2,4
1,2,4,11,13,15>1,5,7,11,13,15,2,4
1,2,4,11,13,15>1,5,6,11,13,15,2,4
1,2,3,4,5,9,10,11,13>3,5,6,7,10,11,13,9,2,4
1,2,3,4,5,9,10,11,13>1,5,6,7,10,11,13,9,2,4
1,2,3,4,5,9,10,11,13>1,3,6,7,10,11,13,9,2,4
1,2,3,4,5,9,10,11,13>1,3,5,7,10,11,13,9,2,4
8,9,10,11>4,6,7,10,11,8,9
8,9,10,11>3,6,7,10,11,8,9
8,9,10,11>3,4,7,10,11,8,9
8,9,10,11>3,4,6,10,11,8,9
1,3,8,9,10,11,12,15>4,6,7,9,10,11,12,15,8,3
1,3,8,9,10,11,12,15>1,6,7,9,10,11,12,15,8,3
1,3,8,9,10,11,12,15>1,4,7,9,10,11,12,15,8,3
1,3,8,9,10,11,12,15>1,4,6,9,10,11,12,15,8,3
4,6,8,11,15>4,5,7,11,13,15,8,6
4,6,8,11,15>3,5,7,11,13,15,8,6
4,6,8,11,15>3,4,7,11,13,15,8,6
4,6,8,11,15>3,4,5,11,13,15,8,6
