AP3,UFO,FUL,FT,AP1,EMF1,LFY,AP2,WUS,AG,LUG,CLF,TFL1,PI,SEP
5,8,11,12,14,15>6,7,11,12,14,15,8,5
5,8,11,12,14,15>4,7,11,12,14,15,8,5
5,8,11,12,14,15>4,6,12,14,15,8,5
5,8,11,12,14,15>4,6,7,14,15,8,5
5,8,11,12,14,15>4,6,7,12,8,5
5,8,11,12,14,15>4,6,7,11,15,8,5
5,8,11,12,14,15>4,6,7,11,14,8,5
5,8,11,12,14,15>4,6,11,12,15,8,5
5,8,11,12,14,15>4,6,11,12,14,8,5
5,8,11,12,14,15>4,6,11,14,15,8,5
1,2,3,5,7,8,9,11,12,14>4,10,11,12,15,1,2,5,7,8,9,14
1,2,3,5,7,8,9,11,12,14>3,11,12,15,1,2,5,7,8,9,14
1,2,3,5,7,8,9,11,12,14>3,4,12,15,1,2,5,7,8,9,14
1,2,3,5,7,8,9,11,12,14>3,4,11,12,1,2,5,7,8,9,14
1,2,3,5,7,8,9,11,12,14>3,4,11,15,1,2,5,7,8,9,14
1,2,3,5,7,8,9,11,12,14>3,4,10,11,1,2,5,7,8,9,14
1,2,3,5,7,8,9,11,12,14>3,10,11,12,1,2,5,7,8,9,14
1,2,3,5,7,8,9,11,12,14>3,4,10,15,1,2,5,7,8,9,14
1,2,3,5,7,8,9,11,12,14>3,4,10,12,1,2,5,7,8,9,14
1,2,3,5,7,8,9,11,12,14>3,10,11,15,1,2,5,7,8,9,14
2,5,6,9,10,11,12,13,14,15>9,10,11,12,13,14,15,2,6
2,5,6,9,10,11,12,13,14,15>5,10,11,12,13,14,15,2,6
2,5,6,9,10,11,12,13,14,15>5,9,11,12,13,14,15,2,6
2,5,6,9,10,11,12,13,14,15>5,9,10,12,13,14,15,2,6
2,5,6,9,10,11,12,13,14,15>5,9,10,11,14,15,2,6
2,5,6,9,10,11,12,13,14,15>5,9,10,11,12,15,2,6
2,5,6,9,10,11,12,13,14,15>5,9,10,11,12,14,2,6
2,5,6,9,10,11,12,13,14,15>5,9,10,11,12,13,2,6
2,5,6,9,10,11,12,13,14,15>5,9,10,11,13,15,2,6
2,5,6,9,10,11,12,13,14,15>5,9,10,11,13,14,2,6
3,5,7,8,10,11,12,14,15>5,11,12,7,8,10,14,15
3,5,7,8,10,11,12,14,15>3,11,12,7,8,10,14,15
3,5,7,8,10,11,12,14,15>3,5,11,7,8,10,14,15
3,5,7,8,10,11,12,14,15>3,5,12,7,8,10,14,15
3,5,7,8,10,11,12,14,15>3,4,5,7,8,10,14,15
3,5,7,8,10,11,12,14,15>4,5,11,7,8,10,14,15
3,5,7,8,10,11,12,14,15>3,4,12,7,8,10,14,15
3,5,7,8,10,11,12,14,15>3,4,11,7,8,10,14,15
3,5,7,8,10,11,12,14,15>4,5,12,7,8,10,14,15
3,5,7,8,10,11,12,14,15>4,11,12,7,8,10,14,15
1,6,8,9,11,12,14>3,5,7,11,12,13,14,8,9,6
1,6,8,9,11,12,14>1,5,7,11,12,13,14,8,9,6
1,6,8,9,11,12,14>1,3,7,11,12,13,14,8,9,6
1,6,8,9,11,12,14>1,3,5,11,12,13,14,8,9,6
1,6,8,9,11,12,14>1,3,5,7,13,14,8,9,6
1,6,8,9,11,12,14>1,3,5,7,11,14,8,9,6
1,6,8,9,11,12,14>1,3,5,7,11,13,8,9,6
1,6,8,9,11,12,14>1,3,5,7,11,12,8,9,6
1,6,8,9,11,12,14>1,3,5,7,12,14,8,9,6
1,6,8,9,11,12,14>1,3,5,7,12,13,8,9,6
11,6,7>5,6,8,10,11,15,7
11,6,7>3,6,8,10,11,15,7
11,6,7>3,5,10,11,15,7
11,6,7>3,5,6,11,15,7
11,6,7>3,5,6,10,7
11,6,7>3,5,6,8,15,7
11,6,7>3,5,6,8,11,7
11,6,7>3,5,8,10,15,7
11,6,7>3,5,8,10,11,7
11,6,7>3,5,8,11,15,7
2,6,7,9,10,15>3,6,8,9,14,2,10,15,7
2,6,7,9,10,15>1,8,9,14,2,10,15,7
2,6,7,9,10,15>1,3,9,14,2,10,15,7
2,6,7,9,10,15>1,3,8,9,2,10,15,7
2,6,7,9,10,15>1,3,8,14,2,10,15,7
2,6,7,9,10,15>1,3,6,8,2,10,15,7
2,6,7,9,10,15>1,6,8,9,2,10,15,7
2,6,7,9,10,15>1,3,6,14,2,10,15,7
2,6,7,9,10,15>1,3,6,9,2,10,15,7
2,6,7,9,10,15>1,6,8,14,2,10,15,7
1,3,4,6,7,9,10,11,12,13>3,4,6,7,11,12,13,14,15,9,10
1,3,4,6,7,9,10,11,12,13>1,4,6,7,11,12,13,14,15,9,10
1,3,4,6,7,9,10,11,12,13>1,3,6,7,11,12,13,14,15,9,10
1,3,4,6,7,9,10,11,12,13>1,3,4,7,11,12,13,14,15,9,10
1,3,4,6,7,9,10,11,12,13>1,3,4,6,11,12,13,14,15,9,10
1,3,4,6,7,9,10,11,12,13>1,3,4,6,7,12,13,14,15,9,10
1,3,4,6,7,9,10,11,12,13>1,3,4,6,7,11,13,14,15,9,10
1,3,4,6,7,9,10,11,12,13>1,3,4,6,7,11,12,14,15,9,10
1,3,4,6,7,9,10,11,12,13>1,3,4,6,7,11,12,13,15,9,10
1,3,4,6,7,9,10,11,12,13>1,3,4,6,7,11,12,13,14,9,10
1,2,3,5,6,10,11,12,13,15>3,5,10,11,12,13,15,2,6
1,2,3,5,6,10,11,12,13,15>1,5,10,11,12,13,15,2,6
1,2,3,5,6,10,11,12,13,15>1,3,10,11,12,13,15,2,6
1,2,3,5,6,10,11,12,13,15>1,3,5,11,12,13,15,2,6
1,2,3,5,6,10,11,12,13,15>1,3,5,10,13,15,2,6
1,2,3,5,6,10,11,12,13,15>1,3,5,10,11,15,2,6
1,2,3,5,6,10,11,12,13,15>1,3,5,10,11,13,2,6
1,2,3,5,6,10,11,12,13,15>1,3,5,10,11,12,2,6
1,2,3,5,6,10,11,12,13,15>1,3,5,10,12,15,2,6
1,2,3,5,6,10,11,12,13,15>1,3,5,10,12,13,2,6
1,3,5,6,7,8,10,12,13,14,15>5,6,7,8,12,13,1,10,14,15
1,3,5,6,7,8,10,12,13,14,15>3,6,7,8,12,13,1,10,14,15
1,3,5,6,7,8,10,12,13,14,15>3,5,8,12,13,1,10,14,15
1,3,5,6,7,8,10,12,13,14,15>3,5,6,12,13,1,10,14,15
1,3,5,6,7,8,10,12,13,14,15>3,5,6,8,1,10,14,15
1,3,5,6,7,8,10,12,13,14,15>3,5,6,7,13,1,10,14,15
1,3,5,6,7,8,10,12,13,14,15>3,5,6,7,12,1,10,14,15
1,3,5,6,7,8,10,12,13,14,15>3,5,7,8,13,1,10,14,15
1,3,5,6,7,8,10,12,13,14,15>3,5,7,8,12,1,10,14,15
1,3,5,6,7,8,10,12,13,14,15>3,5,7,12,13,1,10,14,15
3,7,10,11,13,15>11,13,14,10,15,7
3,7,10,11,13,15>3,13,14,10,15,7
3,7,10,11,13,15>3,11,13,10,15,7
3,7,10,11,13,15>3,11,14,10,15,7
3,7,10,11,13,15>3,4,11,10,15,7
3,7,10,11,13,15>4,11,13,10,15,7
3,7,10,11,13,15>3,4,14,10,15,7
3,7,10,11,13,15>3,4,13,10,15,7
3,7,10,11,13,15>4,11,14,10,15,7
3,7,10,11,13,15>4,13,14,10,15,7
1,6,8,9,11,12,13,14,15>8,11,12,14,15,9,13,6
1,6,8,9,11,12,13,14,15>1,12,14,15,9,13,6
1,6,8,9,11,12,13,14,15>1,8,14,15,9,13,6
1,6,8,9,11,12,13,14,15>1,8,12,14,9,13,6
1,6,8,9,11,12,13,14,15>1,8,12,15,9,13,6
1,6,8,9,11,12,13,14,15>1,8,11,12,9,13,6
1,6,8,9,11,12,13,14,15>1,11,12,14,9,13,6
1,6,8,9,11,12,13,14,15>1,8,11,15,9,13,6
1,6,8,9,11,12,13,14,15>1,8,11,14,9,13,6
1,6,8,9,11,12,13,14,15>1,11,12,15,9,13,6
1,3,4,5,8,10,11,13,14>3,5,6,7,8,10,11,13,14,4
1,3,4,5,8,10,11,13,14>1,5,6,7,8,10,11,13,14,4
1,3,4,5,8,10,11,13,14>1,3,6,7,8,10,11,13,14,4
1,3,4,5,8,10,11,13,14>1,3,5,7,8,10,11,13,14,4
1,3,4,5,8,10,11,13,14>1,3,5,6,8,10,11,13,14,4
1,3,4,5,8,10,11,13,14>1,3,5,6,7,10,11,13,14,4
1,3,4,5,8,10,11,13,14>1,3,5,6,7,8,11,13,14,4
1,3,4,5,8,10,11,13,14>1,3,5,6,7,8,10,13,14,4
1,3,4,5,8,10,11,13,14>1,3,5,6,7,8,10,11,14,4
1,3,4,5,8,10,11,13,14>1,3,5,6,7,8,10,11,13,4
1,2,9,12,13,15>4,6,7,12,13,15,9,2
1,2,9,12,13,15>1,6,7,12,13,15,9,2
1,2,9,12,13,15>1,4,12,13,15,9,2
1,2,9,12,13,15>1,4,6,13,15,9,2
1,2,9,12,13,15>1,4,6,12,9,2
1,2,9,12,13,15>1,4,6,7,15,9,2
1,2,9,12,13,15>1,4,6,7,13,9,2
1,2,9,12,13,15>1,4,7,12,15,9,2
1,2,9,12,13,15>1,4,7,12,13,9,2
1,2,9,12,13,15>1,4,7,13,15,9,2
3,4,8,10,13,15>6,7,8,10,13,15,4
3,4,8,10,13,15>3,7,8,10,13,15,4
3,4,8,10,13,15>3,6,10,13,15,4
3,4,8,10,13,15>3,6,7,13,15,4
3,4,8,10,13,15>3,6,7,10,4
3,4,8,10,13,15>3,6,7,8,15,4
3,4,8,10,13,15>3,6,7,8,13,4
3,4,8,10,13,15>3,6,8,10,15,4
3,4,8,10,13,15>3,6,8,10,13,4
3,4,8,10,13,15>3,6,8,13,15,4
3,4,10,11,12,14>7,8,11,12,14,10,3,4
3,4,10,11,12,14>6,11,12,14,10,3,4
3,4,10,11,12,14>6,7,12,14,10,3,4
3,4,10,11,12,14>6,7,11,12,10,3,4
3,4,10,11,12,14>6,7,11,14,10,3,4
3,4,10,11,12,14>6,7,8,11,10,3,4
3,4,10,11,12,14>6,8,11,12,10,3,4
3,4,10,11,12,14>6,7,8,14,10,3,4
3,4,10,11,12,14>6,7,8,12,10,3,4
3,4,10,11,12,14>6,8,11,14,10,3,4
2,3,6,7,11,15>5,6,8,10,11,2,3,15,7
2,3,6,7,11,15>1,8,10,11,2,3,15,7
2,3,6,7,11,15>1,5,10,11,2,3,15,7
2,3,6,7,11,15>1,5,8,10,2,3,15,7
2,3,6,7,11,15>1,5,8,11,2,3,15,7
2,3,6,7,11,15>1,5,6,8,2,3,15,7
2,3,6,7,11,15>1,6,8,10,2,3,15,7
2,3,6,7,11,15>1,5,6,11,2,3,15,7
2,3,6,7,11,15>1,5,6,10,2,3,15,7
2,3,6,7,11,15>1,6,8,11,2,3,15,7
1,6,10,12,14>3,7,8,12,13,14,10,6
1,6,10,12,14>1,7,8,12,13,14,10,6
1,6,10,12,14>1,3,12,13,14,10,6
1,6,10,12,14>1,3,7,13,14,10,6
1,6,10,12,14>1,3,7,12,10,6
1,6,10,12,14>1,3,7,8,14,10,6
1,6,10,12,14>1,3,7,8,13,10,6
1,6,10,12,14>1,3,8,12,14,10,6
1,6,10,12,14>1,3,8,12,13,10,6
1,6,10,12,14>1,3,8,13,14,10,6
1,3,6,8,11,12,13,15>3,8,11,12,15,13,6
1,3,6,8,11,12,13,15>1,11,12,15,13,6
1,3,6,8,11,12,13,15>1,3,12,15,13,6
1,3,6,8,11,12,13,15>1,3,11,12,13,6
1,3,6,8,11,12,13,15>1,3,11,15,13,6
1,3,6,8,11,12,13,15>1,3,8,11,13,6
1,3,6,8,11,12,13,15>1,8,11,12,13,6
1,3,6,8,11,12,13,15>1,3,8,15,13,6
1,3,6,8,11,12,13,15>1,3,8,12,13,6
1,3,6,8,11,12,13,15>1,8,11,15,13,6
1,2,3,5,6,7,8,9,10,11,14,15>6,9,11,1,2,7,8,10,14,15
1,2,3,5,6,7,8,9,10,11,14,15>3,9,11,1,2,7,8,10,14,15
1,2,3,5,6,7,8,9,10,11,14,15>3,6,9,1,2,7,8,10,14,15
1,2,3,5,6,7,8,9,10,11,14,15>3,6,11,1,2,7,8,10,14,15
1,2,3,5,6,7,8,9,10,11,14,15>3,5,6,1,2,7,8,10,14,15
1,2,3,5,6,7,8,9,10,11,14,15>5,6,9,1,2,7,8,10,14,15
1,2,3,5,6,7,8,9,10,11,14,15>3,5,11,1,2,7,8,10,14,15
1,2,3,5,6,7,8,9,10,11,14,15>3,5,9,1,2,7,8,10,14,15
1,2,3,5,6,7,8,9,10,11,14,15>5,6,11,1,2,7,8,10,14,15
1,2,3,5,6,7,8,9,10,11,14,15>5,9,11,1,2,7,8,10,14,15
