AP3,UFO,FUL,FT,AP1,EMF1,LFY,AP2,WUS,AG,LUG,CLF,TFL1,PI,SEP
1,3,12,14>4,5,6,7,8,10,12,14,3
1,3,12,14>1,5,6,7,8,10,12,14,3
1,3,12,14>1,4,6,7,8,10,12,14,3
1,3,12,14>1,4,5,7,8,10,12,14,3
1,3,12,14>1,4,5,6,8,10,12,14,3
1,3,12,14>1,4,5,6,7,12,14,3
1,3,12,14>1,4,5,6,7,8,14,3
1,3,12,14>1,4,5,6,7,8,12,3
1,3,12,14>1,4,5,6,7,8,10,3
1,3,12,14>1,4,5,6,7,10,14,3
1,3,4,5,6,8,10,11,13>3,4,5,8,10,11,13,6
1,3,4,5,6,8,10,11,13>1,4,5,8,10,11,13,6
1,3,4,5,6,8,10,11,13>1,3,5,8,10,11,13,6
1,3,4,5,6,8,10,11,13>1,3,4,8,10,11,13,6
1,3,4,5,6,8,10,11,13>1,3,4,5,11,13,6
1,3,4,5,6,8,10,11,13>1,3,4,5,8,13,6
1,3,4,5,6,8,10,11,13>1,3,4,5,8,11,6
1,3,4,5,6,8,10,11,13>1,3,4,5,8,10,6
1,3,4,5,6,8,10,11,13>1,3,4,5,10,13,6
1,3,4,5,6,8,10,11,13>1,3,4,5,10,11,6
1,3,4,7,11,12,13,14>3,5,10,11,12,13,15,4,14,7
1,3,4,7,11,12,13,14>1,5,10,11,12,13,15,4,14,7
1,3,4,7,11,12,13,14>1,3,10,11,12,13,15,4,14,7
1,3,4,7,11,12,13,14>1,3,5,11,12,13,15,4,14,7
1,3,4,7,11,12,13,14>1,3,5,10,13,15,4,14,7
1,3,4,7,11,12,13,14>1,3,5,10,11,15,4,14,7
1,3,4,7,11,12,13,14>1,3,5,10,11,13,4,14,7
1,3,4,7,11,12,13,14>1,3,5,10,11,12,4,14,7
1,3,4,7,11,12,13,14>1,3,5,10,12,15,4,14,7
1,3,4,7,11,12,13,14>1,3,5,10,12,13,4,14,7
1,3,4,5,6,7,8,9,10,11,15>3,4,5,6,9,11,14,8,10,15,7
1,3,4,5,6,7,8,9,10,11,15>1,4,5,6,9,11,14,8,10,15,7
1,3,4,5,6,7,8,9,10,11,15>1,3,5,6,9,11,14,8,10,15,7
1,3,4,5,6,7,8,9,10,11,15>1,3,4,6,9,11,14,8,10,15,7
1,3,4,5,6,7,8,9,10,11,15>1,3,4,5,11,14,8,10,15,7
1,3,4,5,6,7,8,9,10,11,15>1,3,4,5,6,14,8,10,15,7
1,3,4,5,6,7,8,9,10,11,15>1,3,4,5,6,11,8,10,15,7
1,3,4,5,6,7,8,9,10,11,15>1,3,4,5,6,9,8,10,15,7
1,3,4,5,6,7,8,9,10,11,15>1,3,4,5,9,14,8,10,15,7
1,3,4,5,6,7,8,9,10,11,15>1,3,4,5,9,11,8,10,15,7
3,5,6,7,9,14>6,8,10,14,15,9,5,7
3,5,6,7,9,14>3,10,14,15,9,5,7
3,5,6,7,9,14>3,6,14,15,9,5,7
3,5,6,7,9,14>3,6,10,14,9,5,7
3,5,6,7,9,14>3,6,10,15,9,5,7
3,5,6,7,9,14>3,6,8,10,9,5,7
3,5,6,7,9,14>3,8,10,14,9,5,7
3,5,6,7,9,14>3,6,8,15,9,5,7
3,5,6,7,9,14>3,6,8,14,9,5,7
3,5,6,7,9,14>3,8,10,15,9,5,7
4,8,11,12,13,14>6,7,8,11,12,13,14,4
4,8,11,12,13,14>5,7,8,11,12,13,14,4
4,8,11,12,13,14>5,6,8,11,12,13,14,4
4,8,11,12,13,14>5,6,7,11,12,13,14,4
4,8,11,12,13,14>5,6,7,8,13,14,4
4,8,11,12,13,14>5,6,7,8,11,14,4
4,8,11,12,13,14>5,6,7,8,11,13,4
4,8,11,12,13,14>5,6,7,8,11,12,4
4,8,11,12,13,14>5,6,7,8,12,14,4
4,8,11,12,13,14>5,6,7,8,12,13,4
1,2,3,4,5,6,9,10,11,12,14,15>4,5,7,8,9,11,12,15,1,2,6,10,14
1,2,3,4,5,6,9,10,11,12,14,15>3,5,7,8,9,11,12,15,1,2,6,10,14
1,2,3,4,5,6,9,10,11,12,14,15>3,4,7,8,9,11,12,15,1,2,6,10,14
1,2,3,4,5,6,9,10,11,12,14,15>3,4,5,8,9,11,12,15,1,2,6,10,14
1,2,3,4,5,6,9,10,11,12,14,15>3,4,5,7,9,11,12,15,1,2,6,10,14
1,2,3,4,5,6,9,10,11,12,14,15>3,4,5,7,8,12,15,1,2,6,10,14
1,2,3,4,5,6,9,10,11,12,14,15>3,4,5,7,8,9,15,1,2,6,10,14
1,2,3,4,5,6,9,10,11,12,14,15>3,4,5,7,8,9,12,1,2,6,10,14
1,2,3,4,5,6,9,10,11,12,14,15>3,4,5,7,8,9,11,1,2,6,10,14
1,2,3,4,5,6,9,10,11,12,14,15>3,4,5,7,8,11,15,1,2,6,10,14
2,3,4,6,7,9,13>3,4,5,6,7,10,13,15,9,2
2,3,4,6,7,9,13>1,4,5,6,7,10,13,15,9,2
2,3,4,6,7,9,13>1,3,5,6,7,10,13,15,9,2
2,3,4,6,7,9,13>1,3,4,6,7,10,13,15,9,2
2,3,4,6,7,9,13>1,3,4,5,7,10,13,15,9,2
2,3,4,6,7,9,13>1,3,4,5,6,13,15,9,2
2,3,4,6,7,9,13>1,3,4,5,6,7,15,9,2
2,3,4,6,7,9,13>1,3,4,5,6,7,13,9,2
2,3,4,6,7,9,13>1,3,4,5,6,7,10,9,2
2,3,4,6,7,9,13>1,3,4,5,6,10,15,9,2
1,3,5,6,8,9,11,12>7,11,12,8,9,5,6
1,3,5,6,8,9,11,12>1,11,12,8,9,5,6
1,3,5,6,8,9,11,12>1,7,11,8,9,5,6
1,3,5,6,8,9,11,12>1,7,12,8,9,5,6
1,3,5,6,8,9,11,12>1,3,7,8,9,5,6
1,3,5,6,8,9,11,12>3,7,11,8,9,5,6
1,3,5,6,8,9,11,12>1,3,12,8,9,5,6
1,3,5,6,8,9,11,12>1,3,11,8,9,5,6
1,3,5,6,8,9,11,12>3,7,12,8,9,5,6
1,3,5,6,8,9,11,12>3,11,12,8,9,5,6
5,6,7,9,11,12,14>8,10,11,12,14,15,9,5,7
5,6,7,9,11,12,14>6,10,11,12,14,15,9,5,7
5,6,7,9,11,12,14>6,8,12,14,15,9,5,7
5,6,7,9,11,12,14>6,8,10,14,15,9,5,7
5,6,7,9,11,12,14>6,8,10,12,9,5,7
5,6,7,9,11,12,14>6,8,10,11,15,9,5,7
5,6,7,9,11,12,14>6,8,10,11,14,9,5,7
5,6,7,9,11,12,14>6,8,11,12,15,9,5,7
5,6,7,9,11,12,14>6,8,11,12,14,9,5,7
5,6,7,9,11,12,14>6,8,11,14,15,9,5,7
2,3,4,6,7,8,12,14>4,5,6,10,12,14,15,8,2,3,7
2,3,4,6,7,8,12,14>1,5,6,10,12,14,15,8,2,3,7
2,3,4,6,7,8,12,14>1,4,6,10,12,14,15,8,2,3,7
2,3,4,6,7,8,12,14>1,4,5,10,12,14,15,8,2,3,7
2,3,4,6,7,8,12,14>1,4,5,6,14,15,8,2,3,7
2,3,4,6,7,8,12,14>1,4,5,6,10,15,8,2,3,7
2,3,4,6,7,8,12,14>1,4,5,6,10,14,8,2,3,7
2,3,4,6,7,8,12,14>1,4,5,6,10,12,8,2,3,7
2,3,4,6,7,8,12,14>1,4,5,6,12,15,8,2,3,7
2,3,4,6,7,8,12,14>1,4,5,6,12,14,8,2,3,7
2,3,5,6,7,11,12,13,14>3,6,7,10,11,12,13,14,15,2,5
2,3,5,6,7,11,12,13,14>1,6,7,10,11,12,13,14,15,2,5
2,3,5,6,7,11,12,13,14>1,3,7,10,11,12,13,14,15,2,5
2,3,5,6,7,11,12,13,14>1,3,6,10,11,12,13,14,15,2,5
2,3,5,6,7,11,12,13,14>1,3,6,7,11,12,13,14,15,2,5
2,3,5,6,7,11,12,13,14>1,3,6,7,10,12,13,14,15,2,5
2,3,5,6,7,11,12,13,14>1,3,6,7,10,11,13,14,15,2,5
2,3,5,6,7,11,12,13,14>1,3,6,7,10,11,12,14,15,2,5
2,3,5,6,7,11,12,13,14>1,3,6,7,10,11,12,13,15,2,5
2,3,5,6,7,11,12,13,14>1,3,6,7,10,11,12,13,14,2,5
2,4,5,7,9,11,12,13,14,15>10,11,12,13,14,2,4,5,7,9,15
2,4,5,7,9,11,12,13,14,15>1,12,13,14,2,4,5,7,9,15
2,4,5,7,9,11,12,13,14,15>1,10,13,14,2,4,5,7,9,15
2,4,5,7,9,11,12,13,14,15>1,10,12,13,2,4,5,7,9,15
2,4,5,7,9,11,12,13,14,15>1,10,12,14,2,4,5,7,9,15
2,4,5,7,9,11,12,13,14,15>1,10,11,12,2,4,5,7,9,15
2,4,5,7,9,11,12,13,14,15>1,11,12,13,2,4,5,7,9,15
2,4,5,7,9,11,12,13,14,15>1,10,11,14,2,4,5,7,9,15
2,4,5,7,9,11,12,13,14,15>1,10,11,13,2,4,5,7,9,15
2,4,5,7,9,11,12,13,14,15>1,11,12,14,2,4,5,7,9,15
1,4,5,6,7,9,11,13,14,15>6,7,10,11,13,1,5,9,14,15
1,4,5,6,7,9,11,13,14,15>4,10,11,13,1,5,9,14,15
1,4,5,6,7,9,11,13,14,15>4,6,11,13,1,5,9,14,15
1,4,5,6,7,9,11,13,14,15>4,6,10,11,1,5,9,14,15
1,4,5,6,7,9,11,13,14,15>4,6,10,13,1,5,9,14,15
1,4,5,6,7,9,11,13,14,15>4,6,7,10,1,5,9,14,15
1,4,5,6,7,9,11,13,14,15>4,7,10,11,1,5,9,14,15
1,4,5,6,7,9,11,13,14,15>4,6,7,13,1,5,9,14,15
1,4,5,6,7,9,11,13,14,15>4,6,7,11,1,5,9,14,15
1,4,5,6,7,9,11,13,14,15>4,7,10,13,1,5,9,14,15
3,6,7,8,9,11,12,13,15>5,6,7,8,10,11,12,13,9,15
3,6,7,8,9,11,12,13,15>3,6,7,8,10,11,12,13,9,15
3,6,7,8,9,11,12,13,15>3,5,7,8,10,11,12,13,9,15
3,6,7,8,9,11,12,13,15>3,5,6,8,10,11,12,13,9,15
3,6,7,8,9,11,12,13,15>3,5,6,7,10,11,12,13,9,15
3,6,7,8,9,11,12,13,15>3,5,6,7,8,12,13,9,15
3,6,7,8,9,11,12,13,15>3,5,6,7,8,10,13,9,15
3,6,7,8,9,11,12,13,15>3,5,6,7,8,10,12,9,15
3,6,7,8,9,11,12,13,15>3,5,6,7,8,10,11,9,15
3,6,7,8,9,11,12,13,15>3,5,6,7,8,11,13,9,15
2,3,5,7,8,11,13,14>3,4,8,10,11,13,14,15,2,5,7
2,3,5,7,8,11,13,14>1,4,8,10,11,13,14,15,2,5,7
2,3,5,7,8,11,13,14>1,3,8,10,11,13,14,15,2,5,7
2,3,5,7,8,11,13,14>1,3,4,10,11,13,14,15,2,5,7
2,3,5,7,8,11,13,14>1,3,4,8,11,13,14,15,2,5,7
2,3,5,7,8,11,13,14>1,3,4,8,10,14,15,2,5,7
2,3,5,7,8,11,13,14>1,3,4,8,10,11,15,2,5,7
2,3,5,7,8,11,13,14>1,3,4,8,10,11,14,2,5,7
2,3,5,7,8,11,13,14>1,3,4,8,10,11,13,2,5,7
2,3,5,7,8,11,13,14>1,3,4,8,10,13,15,2,5,7
1,2,4,10,14>3,6,7,8,14,2,10,4
1,2,4,10,14>1,7,8,14,2,10,4
1,2,4,10,14>1,3,8,14,2,10,4
1,2,4,10,14>1,3,7,8,2,10,4
1,2,4,10,14>1,3,7,14,2,10,4
1,2,4,10,14>1,3,6,7,2,10,4
1,2,4,10,14>1,6,7,8,2,10,4
1,2,4,10,14>1,3,6,14,2,10,4
1,2,4,10,14>1,3,6,8,2,10,4
1,2,4,10,14>1,6,7,14,2,10,4
2,5,8,14,15>7,14,15,8,2,5
2,5,8,14,15>4,14,15,8,2,5
2,5,8,14,15>4,7,14,8,2,5
2,5,8,14,15>4,7,15,8,2,5
2,5,8,14,15>4,6,7,8,2,5
2,5,8,14,15>6,7,14,8,2,5
2,5,8,14,15>4,6,15,8,2,5
2,5,8,14,15>4,6,14,8,2,5
2,5,8,14,15>6,7,15,8,2,5
2,5,8,14,15>6,14,15,8,2,5
1,3,4,5,6,7,8,10,11,12,13,14,15>4,5,6,7,8,11,12,13,1,10,14,15
1,3,4,5,6,7,8,10,11,12,13,14,15>3,5,6,7,8,11,12,13,1,10,14,15
1,3,4,5,6,7,8,10,11,12,13,14,15>3,4,6,7,8,11,12,13,1,10,14,15
1,3,4,5,6,7,8,10,11,12,13,14,15>3,4,5,7,8,11,12,13,1,10,14,15
1,3,4,5,6,7,8,10,11,12,13,14,15>3,4,5,6,8,11,12,13,1,10,14,15
1,3,4,5,6,7,8,10,11,12,13,14,15>3,4,5,6,7,12,13,1,10,14,15
1,3,4,5,6,7,8,10,11,12,13,14,15>3,4,5,6,7,8,13,1,10,14,15
1,3,4,5,6,7,8,10,11,12,13,14,15>3,4,5,6,7,8,12,1,10,14,15
1,3,4,5,6,7,8,10,11,12,13,14,15>3,4,5,6,7,8,11,1,10,14,15
1,3,4,5,6,7,8,10,11,12,13,14,15>3,4,5,6,7,11,13,1,10,14,15
2,3,5,6,8,10,11,12,14,15>5,7,10,11,12,14,15,8,2,6
2,3,5,6,8,10,11,12,14,15>3,7,10,11,12,14,15,8,2,6
2,3,5,6,8,10,11,12,14,15>3,5,10,11,12,14,15,8,2,6
2,3,5,6,8,10,11,12,14,15>3,5,7,11,12,14,15,8,2,6
2,3,5,6,8,10,11,12,14,15>3,5,7,10,14,15,8,2,6
2,3,5,6,8,10,11,12,14,15>3,5,7,10,11,15,8,2,6
2,3,5,6,8,10,11,12,14,15>3,5,7,10,11,14,8,2,6
2,3,5,6,8,10,11,12,14,15>3,5,7,10,11,12,8,2,6
2,3,5,6,8,10,11,12,14,15>3,5,7,10,12,15,8,2,6
2,3,5,6,8,10,11,12,14,15>3,5,7,10,12,14,8,2,6
