AP3,UFO,FUL,FT,AP1,EMF1,LFY,AP2,WUS,AG,LUG,CLF,TFL1,PI,SEP
2,3,4,6,7,8,9,15>5,6,10,2,3,7,8,9,15
2,3,4,6,7,8,9,15>1,6,10,2,3,7,8,9,15
2,3,4,6,7,8,9,15>1,5,6,2,3,7,8,9,15
2,3,4,6,7,8,9,15>1,5,10,2,3,7,8,9,15
2,3,4,6,7,8,9,15>1,4,5,2,3,7,8,9,15
2,3,4,6,7,8,9,15>4,5,6,2,3,7,8,9,15
2,3,4,6,7,8,9,15>1,4,10,2,3,7,8,9,15
2,3,4,6,7,8,9,15>1,4,6,2,3,7,8,9,15
2,3,4,6,7,8,9,15>4,5,10,2,3,7,8,9,15
2,3,4,6,7,8,9,15>4,6,10,2,3,7,8,9,15
3,4,6,7,9,13>4,5,6,7,10,13,15,9
3,4,6,7,9,13>3,5,6,7,10,13,15,9
3,4,6,7,9,13>3,4,6,7,10,13,15,9
3,4,6,7,9,13>3,4,5,7,10,13,15,9
3,4,6,7,9,13>3,4,5,6,13,15,9
3,4,6,7,9,13>3,4,5,6,7,15,9
3,4,6,7,9,13>3,4,5,6,7,13,9
3,4,6,7,9,13>3,4,5,6,7,10,9
3,4,6,7,9,13>3,4,5,6,10,15,9
3,4,6,7,9,13>3,4,5,6,10,13,9
2,5,9,10,13,15>5,6,7,9,10,13,15,2
2,5,9,10,13,15>4,6,7,9,10,13,15,2
2,5,9,10,13,15>4,5,7,9,10,13,15,2
2,5,9,10,13,15>4,5,6,9,10,13,15,2
2,5,9,10,13,15>4,5,6,7,13,15,2
2,5,9,10,13,15>4,5,6,7,9,15,2
2,5,9,10,13,15>4,5,6,7,9,13,2
2,5,9,10,13,15>4,5,6,7,9,10,2
2,5,9,10,13,15>4,5,6,7,10,15,2
2,5,9,10,13,15>4,5,6,7,10,13,2
1,2,3,6,7,8,9,12>6,10,12,14,15,1,2,3,7,8,9
1,2,3,6,7,8,9,12>5,12,14,15,1,2,3,7,8,9
1,2,3,6,7,8,9,12>5,6,14,15,1,2,3,7,8,9
1,2,3,6,7,8,9,12>5,6,12,14,1,2,3,7,8,9
1,2,3,6,7,8,9,12>5,6,12,15,1,2,3,7,8,9
1,2,3,6,7,8,9,12>5,6,10,12,1,2,3,7,8,9
1,2,3,6,7,8,9,12>5,10,12,14,1,2,3,7,8,9
1,2,3,6,7,8,9,12>5,6,10,15,1,2,3,7,8,9
1,2,3,6,7,8,9,12>5,6,10,14,1,2,3,7,8,9
1,2,3,6,7,8,9,12>5,10,12,15,1,2,3,7,8,9
1,3,4,9,12,14>5,6,7,8,10,12,14,9,3,4
1,3,4,9,12,14>1,6,7,8,10,12,14,9,3,4
1,3,4,9,12,14>1,5,7,8,10,12,14,9,3,4
1,3,4,9,12,14>1,5,6,8,10,12,14,9,3,4
1,3,4,9,12,14>1,5,6,7,12,14,9,3,4
1,3,4,9,12,14>1,5,6,7,8,14,9,3,4
1,3,4,9,12,14>1,5,6,7,8,12,9,3,4
1,3,4,9,12,14>1,5,6,7,8,10,9,3,4
1,3,4,9,12,14>1,5,6,7,10,14,9,3,4
1,3,4,9,12,14>1,5,6,7,10,12,9,3,4
10,11,4,15>6,7,8,11,15,10,4
10,11,4,15>3,8,11,15,10,4
10,11,4,15>3,6,11,15,10,4
10,11,4,15>3,6,8,11,10,4
10,11,4,15>3,6,8,15,10,4
10,11,4,15>3,6,7,8,10,4
10,11,4,15>3,7,8,11,10,4
10,11,4,15>3,6,7,15,10,4
10,11,4,15>3,6,7,11,10,4
10,11,4,15>3,7,8,15,10,4
2,3,4,6,8,10,12,13,14,15>4,8,10,12,14,15,2,13,6
2,3,4,6,8,10,12,13,14,15>3,8,10,12,14,15,2,13,6
2,3,4,6,8,10,12,13,14,15>3,4,12,14,15,2,13,6
2,3,4,6,8,10,12,13,14,15>3,4,8,14,15,2,13,6
2,3,4,6,8,10,12,13,14,15>3,4,8,12,2,13,6
2,3,4,6,8,10,12,13,14,15>3,4,8,10,15,2,13,6
2,3,4,6,8,10,12,13,14,15>3,4,8,10,14,2,13,6
2,3,4,6,8,10,12,13,14,15>3,4,10,12,15,2,13,6
2,3,4,6,8,10,12,13,14,15>3,4,10,12,14,2,13,6
2,3,4,6,8,10,12,13,14,15>3,4,10,14,15,2,13,6
3,5,7,10,12,13,15>4,5,12,13,14,10,15,7
3,5,7,10,12,13,15>3,12,13,14,10,15,7
3,5,7,10,12,13,15>3,4,13,14,10,15,7
3,5,7,10,12,13,15>3,4,12,13,10,15,7
3,5,7,10,12,13,15>3,4,12,14,10,15,7
3,5,7,10,12,13,15>3,4,5,12,10,15,7
3,5,7,10,12,13,15>3,5,12,13,10,15,7
3,5,7,10,12,13,15>3,4,5,14,10,15,7
3,5,7,10,12,13,15>3,4,5,13,10,15,7
3,5,7,10,12,13,15>3,5,12,14,10,15,7
1,3,5,6,8,13,14,15>8,13,15,1,6,14
1,3,5,6,8,13,14,15>3,13,15,1,6,14
1,3,5,6,8,13,14,15>3,8,13,1,6,14
1,3,5,6,8,13,14,15>3,8,15,1,6,14
1,3,5,6,8,13,14,15>3,5,8,1,6,14
1,3,5,6,8,13,14,15>5,8,13,1,6,14
1,3,5,6,8,13,14,15>3,5,15,1,6,14
1,3,5,6,8,13,14,15>3,5,13,1,6,14
1,3,5,6,8,13,14,15>5,8,15,1,6,14
1,3,5,6,8,13,14,15>5,13,15,1,6,14
1,2,3,7,9,12,15>5,8,10,12,14,1,2,3,7,9,15
1,2,3,7,9,12,15>4,10,12,14,1,2,3,7,9,15
1,2,3,7,9,12,15>4,5,12,14,1,2,3,7,9,15
1,2,3,7,9,12,15>4,5,10,12,1,2,3,7,9,15
1,2,3,7,9,12,15>4,5,10,14,1,2,3,7,9,15
1,2,3,7,9,12,15>4,5,8,10,1,2,3,7,9,15
1,2,3,7,9,12,15>4,8,10,12,1,2,3,7,9,15
1,2,3,7,9,12,15>4,5,8,14,1,2,3,7,9,15
1,2,3,7,9,12,15>4,5,8,12,1,2,3,7,9,15
1,2,3,7,9,12,15>4,8,10,14,1,2,3,7,9,15
1,6,9,11,14>3,5,7,8,10,11,13,14,9,6
1,6,9,11,14>1,5,7,8,10,11,13,14,9,6
1,6,9,11,14>1,3,7,8,10,11,13,14,9,6
1,6,9,11,14>1,3,5,8,10,11,13,14,9,6
1,6,9,11,14>1,3,5,7,10,11,13,14,9,6
1,6,9,11,14>1,3,5,7,8,13,14,9,6
1,6,9,11,14>1,3,5,7,8,10,14,9,6
1,6,9,11,14>1,3,5,7,8,10,13,9,6
1,6,9,11,14>1,3,5,7,8,10,11,9,6
1,6,9,11,14>1,3,5,7,8,11,14,9,6
2,4,15>5,6,7,8,10,15,2,4
2,4,15>3,6,7,8,10,15,2,4
2,4,15>3,5,8,10,15,2,4
2,4,15>3,5,6,10,15,2,4
2,4,15>3,5,6,8,2,4
2,4,15>3,5,6,7,15,2,4
2,4,15>3,5,6,7,10,2,4
2,4,15>3,5,7,8,15,2,4
2,4,15>3,5,7,8,10,2,4
2,4,15>3,5,7,10,15,2,4
1,2,3,6,9,10,11,12,13,15>3,9,10,11,12,15,2,13,6
1,2,3,6,9,10,11,12,13,15>1,9,10,11,12,15,2,13,6
1,2,3,6,9,10,11,12,13,15>1,3,11,12,15,2,13,6
1,2,3,6,9,10,11,12,13,15>1,3,9,12,15,2,13,6
1,2,3,6,9,10,11,12,13,15>1,3,9,11,2,13,6
1,2,3,6,9,10,11,12,13,15>1,3,9,10,15,2,13,6
1,2,3,6,9,10,11,12,13,15>1,3,9,10,12,2,13,6
1,2,3,6,9,10,11,12,13,15>1,3,10,11,15,2,13,6
1,2,3,6,9,10,11,12,13,15>1,3,10,11,12,2,13,6
1,2,3,6,9,10,11,12,13,15>1,3,10,12,15,2,13,6
2,3,5,8,10,11,12,13,14,15>4,5,6,7,8,10,11,12,13,14,15,2
2,3,5,8,10,11,12,13,14,15>3,5,6,7,8,10,11,12,13,14,15,2
2,3,5,8,10,11,12,13,14,15>3,4,6,7,8,10,11,12,13,14,15,2
2,3,5,8,10,11,12,13,14,15>3,4,5,7,8,10,11,12,13,14,15,2
2,3,5,8,10,11,12,13,14,15>3,4,5,6,8,10,11,12,13,14,15,2
2,3,5,8,10,11,12,13,14,15>3,4,5,6,7,10,11,12,13,14,15,2
2,3,5,8,10,11,12,13,14,15>3,4,5,6,7,8,11,12,13,14,15,2
2,3,5,8,10,11,12,13,14,15>3,4,5,6,7,8,10,12,13,14,15,2
2,3,5,8,10,11,12,13,14,15>3,4,5,6,7,8,10,11,13,14,15,2
2,3,5,8,10,11,12,13,14,15>3,4,5,6,7,8,10,11,12,14,15,2
1,4,8,9,10,11,13,14,15>7,8,9,10,11,13,15,1,4,14
1,4,8,9,10,11,13,14,15>6,8,9,10,11,13,15,1,4,14
1,4,8,9,10,11,13,14,15>6,7,9,10,11,13,15,1,4,14
1,4,8,9,10,11,13,14,15>6,7,8,10,11,13,15,1,4,14
1,4,8,9,10,11,13,14,15>6,7,8,9,13,15,1,4,14
1,4,8,9,10,11,13,14,15>6,7,8,9,10,15,1,4,14
1,4,8,9,10,11,13,14,15>6,7,8,9,10,13,1,4,14
1,4,8,9,10,11,13,14,15>6,7,8,9,10,11,1,4,14
1,4,8,9,10,11,13,14,15>6,7,8,9,11,15,1,4,14
1,4,8,9,10,11,13,14,15>6,7,8,9,11,13,1,4,14
3,5,7,9,11,15>8,10,11,9,15,5,7
3,5,7,9,11,15>3,10,11,9,15,5,7
3,5,7,9,11,15>3,8,10,9,15,5,7
3,5,7,9,11,15>3,8,11,9,15,5,7
3,5,7,9,11,15>3,4,8,9,15,5,7
3,5,7,9,11,15>4,8,10,9,15,5,7
3,5,7,9,11,15>3,4,11,9,15,5,7
3,5,7,9,11,15>3,4,10,9,15,5,7
3,5,7,9,11,15>4,8,11,9,15,5,7
3,5,7,9,11,15>4,10,11,9,15,5,7
1,3,5,6,9,10,13>5,10,13,9,6
1,3,5,6,9,10,13>1,10,13,9,6
1,3,5,6,9,10,13>1,5,10,9,6
1,3,5,6,9,10,13>1,5,13,9,6
1,3,5,6,9,10,13>1,3,5,9,6
1,3,5,6,9,10,13>3,5,10,9,6
1,3,5,6,9,10,13>1,3,13,9,6
1,3,5,6,9,10,13>1,3,10,9,6
1,3,5,6,9,10,13>3,5,13,9,6
1,3,5,6,9,10,13>3,10,13,9,6
2,3,6,7,10,11,12,13,14>3,6,7,11,12,13,15,2,10,14
2,3,6,7,10,11,12,13,14>1,6,7,11,12,13,15,2,10,14
2,3,6,7,10,11,12,13,14>1,3,7,11,12,13,15,2,10,14
2,3,6,7,10,11,12,13,14>1,3,6,11,12,13,15,2,10,14
2,3,6,7,10,11,12,13,14>1,3,6,7,13,15,2,10,14
2,3,6,7,10,11,12,13,14>1,3,6,7,11,15,2,10,14
2,3,6,7,10,11,12,13,14>1,3,6,7,11,13,2,10,14
2,3,6,7,10,11,12,13,14>1,3,6,7,11,12,2,10,14
2,3,6,7,10,11,12,13,14>1,3,6,7,12,15,2,10,14
2,3,6,7,10,11,12,13,14>1,3,6,7,12,13,2,10,14
3,7,8,9,11,12,15>10,11,12,3,7,8,9,15
3,7,8,9,11,12,15>4,11,12,3,7,8,9,15
3,7,8,9,11,12,15>4,10,11,3,7,8,9,15
3,7,8,9,11,12,15>4,10,12,3,7,8,9,15
3,7,8,9,11,12,15>4,5,10,3,7,8,9,15
3,7,8,9,11,12,15>5,10,11,3,7,8,9,15
3,7,8,9,11,12,15>4,5,12,3,7,8,9,15
3,7,8,9,11,12,15>4,5,11,3,7,8,9,15
3,7,8,9,11,12,15>5,10,12,3,7,8,9,15
3,7,8,9,11,12,15>5,11,12,3,7,8,9,15
1,2,4,5,8,9,12,13>6,7,8,12,13,9,2,4,5
1,2,4,5,8,9,12,13>1,8,12,13,9,2,4,5
1,2,4,5,8,9,12,13>1,6,12,13,9,2,4,5
1,2,4,5,8,9,12,13>1,6,8,12,9,2,4,5
1,2,4,5,8,9,12,13>1,6,8,13,9,2,4,5
1,2,4,5,8,9,12,13>1,6,7,8,9,2,4,5
1,2,4,5,8,9,12,13>1,7,8,12,9,2,4,5
1,2,4,5,8,9,12,13>1,6,7,13,9,2,4,5
1,2,4,5,8,9,12,13>1,6,7,12,9,2,4,5
1,2,4,5,8,9,12,13>1,7,8,13,9,2,4,5
