AP3,UFO,FUL,FT,AP1,EMF1,LFY,AP2,WUS,AG,LUG,CLF,TFL1,PI,SEP
1,2,4,6,11,13,15>5,11,15,2,13,6
1,2,4,6,11,13,15>1,11,15,2,13,6
1,2,4,6,11,13,15>1,5,11,2,13,6
1,2,4,6,11,13,15>1,5,15,2,13,6
1,2,4,6,11,13,15>1,4,5,2,13,6
1,2,4,6,11,13,15>4,5,11,2,13,6
1,2,4,6,11,13,15>1,4,15,2,13,6
1,2,4,6,11,13,15>1,4,11,2,13,6
1,2,4,6,11,13,15>4,5,15,2,13,6
1,2,4,6,11,13,15>4,11,15,2,13,6
1,3,10,12,13,15>3,4,6,7,10,12,13,15
1,3,10,12,13,15>1,4,6,7,10,12,13,15
1,3,10,12,13,15>1,3,6,7,10,12,13,15
1,3,10,12,13,15>1,3,4,7,10,12,13,15
1,3,10,12,13,15>1,3,4,6,10,12,13,15
1,3,10,12,13,15>1,3,4,6,7,13,15
1,3,10,12,13,15>1,3,4,6,7,10,15
1,3,10,12,13,15>1,3,4,6,7,10,13
1,3,10,12,13,15>1,3,4,6,7,10,12
1,3,10,12,13,15>1,3,4,6,7,12,15
1,2,3,4,6,9,11,12>4,5,7,8,10,11,12,13,9,2,3,6
1,2,3,4,6,9,11,12>1,5,7,8,10,11,12,13,9,2,3,6
1,2,3,4,6,9,11,12>1,4,7,8,10,11,12,13,9,2,3,6
1,2,3,4,6,9,11,12>1,4,5,8,10,11,12,13,9,2,3,6
1,2,3,4,6,9,11,12>1,4,5,7,10,11,12,13,9,2,3,6
1,2,3,4,6,9,11,12>1,4,5,7,8,12,13,9,2,3,6
1,2,3,4,6,9,11,12>1,4,5,7,8,10,13,9,2,3,6
1,2,3,4,6,9,11,12>1,4,5,7,8,10,12,9,2,3,6
1,2,3,4,6,9,11,12>1,4,5,7,8,10,11,9,2,3,6
1,2,3,4,6,9,11,12>1,4,5,7,8,11,13,9,2,3,6
5,6,8,10,11,12,15>7,10,11,12,15,8,6
5,6,8,10,11,12,15>5,11,12,15,8,6
5,6,8,10,11,12,15>5,7,12,15,8,6
5,6,8,10,11,12,15>5,7,11,12,8,6
5,6,8,10,11,12,15>5,7,11,15,8,6
5,6,8,10,11,12,15>5,7,10,11,8,6
5,6,8,10,11,12,15>5,10,11,12,8,6
5,6,8,10,11,12,15>5,7,10,15,8,6
5,6,8,10,11,12,15>5,7,10,12,8,6
5,6,8,10,11,12,15>5,10,11,15,8,6
1,9,14>3,4,5,6,7,8,10,14,9
1,9,14>1,4,5,6,7,8,10,14,9
1,9,14>1,3,5,6,7,8,10,14,9
1,9,14>1,3,4,6,7,8,10,14,9
1,9,14>1,3,4,5,7,8,10,14,9
1,9,14>1,3,4,5,6,10,14,9
1,9,14>1,3,4,5,6,7,14,9
1,9,14>1,3,4,5,6,7,10,9
1,9,14>1,3,4,5,6,7,8,9
1,9,14>1,3,4,5,6,8,14,9
1,2,4,5,8,9,10,11,13>5,6,7,8,10,11,13,9,2,4
1,2,4,5,8,9,10,11,13>1,6,7,8,10,11,13,9,2,4
1,2,4,5,8,9,10,11,13>1,5,7,8,10,11,13,9,2,4
1,2,4,5,8,9,10,11,13>1,5,6,8,10,11,13,9,2,4
1,2,4,5,8,9,10,11,13>1,5,6,7,11,13,9,2,4
1,2,4,5,8,9,10,11,13>1,5,6,7,8,13,9,2,4
1,2,4,5,8,9,10,11,13>1,5,6,7,8,11,9,2,4
1,2,4,5,8,9,10,11,13>1,5,6,7,8,10,9,2,4
1,2,4,5,8,9,10,11,13>1,5,6,7,10,13,9,2,4
1,2,4,5,8,9,10,11,13>1,5,6,7,10,11,9,2,4
2,7,9,13,15>5,10,13,9,2,15,7
2,7,9,13,15>1,10,13,9,2,15,7
2,7,9,13,15>1,5,10,9,2,15,7
2,7,9,13,15>1,5,13,9,2,15,7
2,7,9,13,15>1,4,5,9,2,15,7
2,7,9,13,15>4,5,10,9,2,15,7
2,7,9,13,15>1,4,13,9,2,15,7
2,7,9,13,15>1,4,10,9,2,15,7
2,7,9,13,15>4,5,13,9,2,15,7
2,7,9,13,15>4,10,13,9,2,15,7
1,3,4,6,9,11,13,14,15>3,4,5,11,14,15,9,13,6
1,3,4,6,9,11,13,14,15>1,4,5,11,14,15,9,13,6
1,3,4,6,9,11,13,14,15>1,3,11,14,15,9,13,6
1,3,4,6,9,11,13,14,15>1,3,4,14,15,9,13,6
1,3,4,6,9,11,13,14,15>1,3,4,11,9,13,6
1,3,4,6,9,11,13,14,15>1,3,4,5,15,9,13,6
1,3,4,6,9,11,13,14,15>1,3,4,5,14,9,13,6
1,3,4,6,9,11,13,14,15>1,3,5,11,15,9,13,6
1,3,4,6,9,11,13,14,15>1,3,5,11,14,9,13,6
1,3,4,6,9,11,13,14,15>1,3,5,14,15,9,13,6
2,3,7,8,9,11,13,14,15>3,4,5,8,10,11,13,14,9,2,15,7
2,3,7,8,9,11,13,14,15>1,4,5,8,10,11,13,14,9,2,15,7
2,3,7,8,9,11,13,14,15>1,3,5,8,10,11,13,14,9,2,15,7
2,3,7,8,9,11,13,14,15>1,3,4,8,10,11,13,14,9,2,15,7
2,3,7,8,9,11,13,14,15>1,3,4,5,10,11,13,14,9,2,15,7
2,3,7,8,9,11,13,14,15>1,3,4,5,8,13,14,9,2,15,7
2,3,7,8,9,11,13,14,15>1,3,4,5,8,10,14,9,2,15,7
2,3,7,8,9,11,13,14,15>1,3,4,5,8,10,13,9,2,15,7
2,3,7,8,9,11,13,14,15>1,3,4,5,8,10,11,9,2,15,7
2,3,7,8,9,11,13,14,15>1,3,4,5,8,11,14,9,2,15,7
1,6,8,9,12,15>3,5,7,12,13,15,8,9,6
1,6,8,9,12,15>1,5,7,12,13,15,8,9,6
1,6,8,9,12,15>1,3,12,13,15,8,9,6
1,6,8,9,12,15>1,3,5,13,15,8,9,6
1,6,8,9,12,15>1,3,5,12,8,9,6
1,6,8,9,12,15>1,3,5,7,15,8,9,6
1,6,8,9,12,15>1,3,5,7,13,8,9,6
1,6,8,9,12,15>1,3,7,12,15,8,9,6
1,6,8,9,12,15>1,3,7,12,13,8,9,6
1,6,8,9,12,15>1,3,7,13,15,8,9,6
1,2,3,4,5,8,9,13>3,6,7,8,13,9,2,4,5
1,2,3,4,5,8,9,13>1,7,8,13,9,2,4,5
1,2,3,4,5,8,9,13>1,3,8,13,9,2,4,5
1,2,3,4,5,8,9,13>1,3,7,8,9,2,4,5
1,2,3,4,5,8,9,13>1,3,7,13,9,2,4,5
1,2,3,4,5,8,9,13>1,3,6,7,9,2,4,5
1,2,3,4,5,8,9,13>1,6,7,8,9,2,4,5
1,2,3,4,5,8,9,13>1,3,6,13,9,2,4,5
1,2,3,4,5,8,9,13>1,3,6,8,9,2,4,5
1,2,3,4,5,8,9,13>1,6,7,13,9,2,4,5
1,8,10,11,13,14,15>6,7,8,10,11,13,15,1,14
1,8,10,11,13,14,15>4,7,8,10,11,13,15,1,14
1,8,10,11,13,14,15>4,6,8,10,11,13,15,1,14
1,8,10,11,13,14,15>4,6,7,10,11,13,15,1,14
1,8,10,11,13,14,15>4,6,7,8,13,15,1,14
1,8,10,11,13,14,15>4,6,7,8,10,15,1,14
1,8,10,11,13,14,15>4,6,7,8,10,13,1,14
1,8,10,11,13,14,15>4,6,7,8,10,11,1,14
1,8,10,11,13,14,15>4,6,7,8,11,15,1,14
1,8,10,11,13,14,15>4,6,7,8,11,13,1,14
1,7,11,12,13,15>4,5,10,11,12,13,14,15,7
1,7,11,12,13,15>1,5,10,11,12,13,14,15,7
1,7,11,12,13,15>1,4,10,11,12,13,14,15,7
1,7,11,12,13,15>1,4,5,11,12,13,14,15,7
1,7,11,12,13,15>1,4,5,10,13,14,15,7
1,7,11,12,13,15>1,4,5,10,11,14,15,7
1,7,11,12,13,15>1,4,5,10,11,13,15,7
1,7,11,12,13,15>1,4,5,10,11,12,15,7
1,7,11,12,13,15>1,4,5,10,12,14,15,7
1,7,11,12,13,15>1,4,5,10,12,13,15,7
1,2,4,6,8,9,12,13>5,8,12,9,2,13,6
1,2,4,6,8,9,12,13>1,8,12,9,2,13,6
1,2,4,6,8,9,12,13>1,5,8,9,2,13,6
1,2,4,6,8,9,12,13>1,5,12,9,2,13,6
1,2,4,6,8,9,12,13>1,4,5,9,2,13,6
1,2,4,6,8,9,12,13>4,5,8,9,2,13,6
1,2,4,6,8,9,12,13>1,4,12,9,2,13,6
1,2,4,6,8,9,12,13>1,4,8,9,2,13,6
1,2,4,6,8,9,12,13>4,5,12,9,2,13,6
1,2,4,6,8,9,12,13>4,8,12,9,2,13,6
1,12,13,14>4,6,7,12,13,14
1,12,13,14>1,6,7,12,13,14
1,12,13,14>1,4,12,13,14
1,12,13,14>1,4,6,13,14
1,12,13,14>1,4,6,12
1,12,13,14>1,4,6,7,14
1,12,13,14>1,4,6,7,13
1,12,13,14>1,4,7,12,14
1,12,13,14>1,4,7,12,13
1,12,13,14>1,4,7,13,14
1,3,5,11,15>3,4,6,7,8,10,11,15,5
1,3,5,11,15>1,4,6,7,8,10,11,15,5
1,3,5,11,15>1,3,6,7,8,10,11,15,5
1,3,5,11,15>1,3,4,7,8,10,11,15,5
1,3,5,11,15>1,3,4,6,8,10,11,15,5
1,3,5,11,15>1,3,4,6,7,11,15,5
1,3,5,11,15>1,3,4,6,7,8,15,5
1,3,5,11,15>1,3,4,6,7,8,11,5
1,3,5,11,15>1,3,4,6,7,8,10,5
1,3,5,11,15>1,3,4,6,7,10,15,5
2,3,4,7,8,12>10,12,15,2,3,4,7,8
2,3,4,7,8,12>1,12,15,2,3,4,7,8
2,3,4,7,8,12>1,10,12,2,3,4,7,8
2,3,4,7,8,12>1,10,15,2,3,4,7,8
2,3,4,7,8,12>1,5,10,2,3,4,7,8
2,3,4,7,8,12>5,10,12,2,3,4,7,8
2,3,4,7,8,12>1,5,15,2,3,4,7,8
2,3,4,7,8,12>1,5,12,2,3,4,7,8
2,3,4,7,8,12>5,10,15,2,3,4,7,8
2,3,4,7,8,12>5,12,15,2,3,4,7,8
2,3,4,5,7,8,10,11,12>3,5,10,11,12,14,15,8,2,4,7
2,3,4,5,7,8,10,11,12>1,5,10,11,12,14,15,8,2,4,7
2,3,4,5,7,8,10,11,12>1,3,10,11,12,14,15,8,2,4,7
2,3,4,5,7,8,10,11,12>1,3,5,11,12,14,15,8,2,4,7
2,3,4,5,7,8,10,11,12>1,3,5,10,14,15,8,2,4,7
2,3,4,5,7,8,10,11,12>1,3,5,10,11,15,8,2,4,7
2,3,4,5,7,8,10,11,12>1,3,5,10,11,14,8,2,4,7
2,3,4,5,7,8,10,11,12>1,3,5,10,11,12,8,2,4,7
2,3,4,5,7,8,10,11,12>1,3,5,10,12,15,8,2,4,7
2,3,4,5,7,8,10,11,12>1,3,5,10,12,14,8,2,4,7
1,5,7,11,13,14>4,10,11,13,15,5,14,7
1,5,7,11,13,14>1,11,13,15,5,14,7
1,5,7,11,13,14>1,4,13,15,5,14,7
1,5,7,11,13,14>1,4,11,13,5,14,7
1,5,7,11,13,14>1,4,11,15,5,14,7
1,5,7,11,13,14>1,4,10,11,5,14,7
1,5,7,11,13,14>1,10,11,13,5,14,7
1,5,7,11,13,14>1,4,10,15,5,14,7
1,5,7,11,13,14>1,4,10,13,5,14,7
1,5,7,11,13,14>1,10,11,15,5,14,7
1,4,7,8,9,12,15>3,5,10,12,14,4,7,8,9,15
1,4,7,8,9,12,15>1,10,12,14,4,7,8,9,15
1,4,7,8,9,12,15>1,3,12,14,4,7,8,9,15
1,4,7,8,9,12,15>1,3,10,12,4,7,8,9,15
1,4,7,8,9,12,15>1,3,10,14,4,7,8,9,15
1,4,7,8,9,12,15>1,3,5,10,4,7,8,9,15
1,4,7,8,9,12,15>1,5,10,12,4,7,8,9,15
1,4,7,8,9,12,15>1,3,5,14,4,7,8,9,15
1,4,7,8,9,12,15>1,3,5,12,4,7,8,9,15
1,4,7,8,9,12,15>1,5,10,14,4,7,8,9,15
