AP3,UFO,FUL,FT,AP1,EMF1,LFY,AP2,WUS,AG,LUG,CLF,TFL1,PI,SEP
1,2,5,7,9,12,13,14>10,12,13,15,1,2,5,7,9,14
1,2,5,7,9,12,13,14>4,12,13,15,1,2,5,7,9,14
3,4,5,7,8,9,11,15>10,3,4,5,7,8,9,15
3,4,5,7,8,9,11,15>11,3,4,5,7,8,9,15
1,2,3,5,7,8,13,14,15>4,8,10,13,1,2,5,7,14,15
1,2,3,5,7,8,13,14,15>3,8,10,13,1,2,5,7,14,15
1,6,10,11,12>3,7,8,11,12,13,10,6
1,6,10,11,12>1,7,8,11,12,13,10,6
1,3,12,15>4,5,6,7,8,10,12,15,3
1,3,12,15>1,5,6,7,8,10,12,15,3
1,2,3,11,13,14,15>3,4,6,7,11,13,14,15,2
1,2,3,11,13,14,15>1,4,6,7,11,13,14,15,2
5,8,11,12,14>6,7,11,12,14,8,5
5,8,11,12,14>4,7,11,12,14,8,5
2,7,8,9,13,14,15>4,5,8,10,13,14,9,2,15,7
2,7,8,9,13,14,15>1,5,8,10,13,14,9,2,15,7
2,4,6,7,10,11,12,15>3,4,6,8,11,12,14,2,10,15,7
2,4,6,7,10,11,12,15>1,4,6,8,11,12,14,2,10,15,7
1,2,3,4,6,7,8,9,12>5,6,10,12,14,15,1,2,3,7,8,9
1,2,3,4,6,7,8,9,12>4,6,10,12,14,15,1,2,3,7,8,9
1,5,8,9,11>4,6,7,11,8,9,5
1,5,8,9,11>1,6,7,11,8,9,5
2,3,8,11,13>4,6,7,8,11,13,2
2,3,8,11,13>3,6,7,8,11,13,2
3,4,5,6,8,9,12,14,15>4,7,12,14,15,8,9,5,6
3,4,5,6,8,9,12,14,15>3,7,12,14,15,8,9,5,6
1,6,8,11,12,13,14,15>8,11,12,14,15,13,6
1,6,8,11,12,13,14,15>1,11,12,14,15,13,6
4,5,12,13,15>7,12,13,15,4,5
4,5,12,13,15>6,12,13,15,4,5
2,3,4,5,7,8,9,10,11,13,14>3,5,8,11,13,15,2,4,7,9,10,14
2,3,4,5,7,8,9,10,11,13,14>1,5,8,11,13,15,2,4,7,9,10,14
1,3,7,10,12,13>3,4,12,13,14,15,10,7
1,3,7,10,12,13>1,4,12,13,14,15,10,7
1,2,4,6,7,9,10,11,13>6,7,11,13,14,15,1,2,10,9
1,2,4,6,7,9,10,11,13>4,7,11,13,14,15,1,2,10,9
1,3,4,5,7,8,13,15>3,8,10,13,14,15,4,5,7
1,3,4,5,7,8,13,15>1,8,10,13,14,15,4,5,7
1,9,11,13,14,15>4,6,7,11,13,14,15,9
1,9,11,13,14,15>1,6,7,11,13,14,15,9
