AP3,UFO,FUL,FT,AP1,EMF1,LFY,AP2,WUS,AG,LUG,CLF,TFL1,PI,SEP
1,2,3,7,9,11,12,13,15>4,5,10,11,12,13,14,1,2,7,9,15
1,2,3,7,9,11,12,13,15>3,5,10,11,12,13,14,1,2,7,9,15
3,5,10,12,15>4,5,6,7,8,12,15,10
3,5,10,12,15>3,5,6,7,8,12,15,10
1,7,8,9,12,13,14,15>4,5,8,10,12,13,9,15,14,7
1,7,8,9,12,13,14,15>1,5,8,10,12,13,9,15,14,7
5,8,10,13,15>5,6,7,8,10,13,15
5,8,10,13,15>4,6,7,8,10,13,15
2,4,5,7,9,12>8,10,12,15,2,4,5,7,9
2,4,5,7,9,12>1,10,12,15,2,4,5,7,9
2,4,5,6,8,9,12,15>4,12,7,2,5,6,8,9
2,4,5,6,8,9,12,15>15,12,7,2,5,6,8,9
2,4,5,6,7,10,14,15>4,5,6,8,2,7,10,14,15
2,4,5,6,7,10,14,15>1,5,6,8,2,7,10,14,15
3,6,7,10,11>8,11,14,15,10,3,7
3,6,7,10,11>6,11,14,15,10,3,7
1,2,6,7,10,13,14,15>6,7,1,2,10,14,15
1,2,6,7,10,13,14,15>13,7,1,2,10,14,15
4,6,9,11,12,13,14,15>5,11,12,14,15,9,13,6
4,6,9,11,12,13,14,15>4,11,12,14,15,9,13,6
1,2,3,4,5,7,8,9,10,11,12,13>5,8,11,12,13,14,15,1,2,4,7,9,10
1,2,3,4,5,7,8,9,10,11,12,13>3,8,11,12,13,14,15,1,2,4,7,9,10
2,4,6,7,9,12>3,4,5,6,8,10,12,15,9,2,7
2,4,6,7,9,12>1,4,5,6,8,10,12,15,9,2,7
2,3,7,8,9,11,13,14>3,4,5,8,10,11,13,14,15,9,2,7
2,3,7,8,9,11,13,14>1,4,5,8,10,11,13,14,15,9,2,7
3,12,5,14>4,6,7,8,10,12,14,5
3,12,5,14>3,6,7,8,10,12,14,5
1,3,5,9,10,13>3,4,5,6,7,10,13,9
1,3,5,9,10,13>1,4,5,6,7,10,13,9
2,4,6,9,10>4,7,8,13,9,2,10,6
2,4,6,9,10>3,7,8,13,9,2,10,6
1,2,4,5,6,7,8,10,13,15>5,6,7,8,13,14,1,2,10,15
1,2,4,5,6,7,8,10,13,15>4,6,7,8,13,14,1,2,10,15
1,2,4,5,6,7,8,12>6,10,12,14,15,1,2,5,7,8
1,2,4,5,6,7,8,12>4,10,12,14,15,1,2,5,7,8
1,3,5,8,9,10,11,12,13,15>3,4,5,6,7,8,9,10,11,12,13,15
1,3,5,8,9,10,11,12,13,15>1,4,5,6,7,8,9,10,11,12,13,15
1,5,6,7,9,10,13,14,15>6,7,9,13,1,10,14,15
1,5,6,7,9,10,13,14,15>5,7,9,13,1,10,14,15
