AP3,UFO,FUL,FT,AP1,EMF1,LFY,AP2,WUS,AG,LUG,CLF,TFL1,PI,SEP
2,3,7,8,9,10,11,13>3,4,8,11,13,14,15,9,2,10,7
2,3,7,8,9,10,11,13>1,4,8,11,13,14,15,9,2,10,7
1,6,7,8,11,13>5,6,7,8,10,11,13,14,15
1,6,7,8,11,13>1,6,7,8,10,11,13,14,15
1,2,3,4,5,6,8,10,11,13,14>3,4,5,8,10,11,13,14,2,6
1,2,3,4,5,6,8,10,11,13,14>1,4,5,8,10,11,13,14,2,6
1,4,5,6,7,9,11,13,14>4,6,7,10,11,13,15,9,5,14
1,4,5,6,7,9,11,13,14>1,6,7,10,11,13,15,9,5,14
3,5,7,8,9,10,12,13,14,15>4,5,8,9,12,13,10,15,14,7
3,5,7,8,9,10,12,13,14,15>3,5,8,9,12,13,10,15,14,7
4,8,10,11,13,14>7,8,10,11,13,14,4
4,8,10,11,13,14>6,8,10,11,13,14,4
3,7,9,11,13,15>4,5,10,11,13,9,15,7
3,7,9,11,13,15>3,5,10,11,13,9,15,7
3,4,5,6,8,9,10,11,13>4,5,8,10,11,13,9,6
3,4,5,6,8,9,10,11,13>3,5,8,10,11,13,9,6
1,2,3,4,5,7,8,9,10,12,15>5,9,12,14,1,2,4,7,8,10,15
1,2,3,4,5,7,8,9,10,12,15>3,9,12,14,1,2,4,7,8,10,15
4,5,6,7,10,13,15>5,6,7,13,14,10,15
4,5,6,7,10,13,15>4,6,7,13,14,10,15
3,5,8,10,12,14>4,5,6,7,10,12,14,8
3,5,8,10,12,14>3,5,6,7,10,12,14,8
7,9,10,11,12,15>4,8,9,11,12,14,10,15,7
7,9,10,11,12,15>3,8,9,11,12,14,10,15,7
1,2,4,5,7,8,10,12,14>5,15,1,2,4,7,8,10,14
1,2,4,5,7,8,10,12,14>12,15,1,2,4,7,8,10,14
3,4,5,6,7,9,10,14>4,5,6,8,15,9,10,14,7
3,4,5,6,7,9,10,14>3,5,6,8,15,9,10,14,7
2,3,6,7,8,9,11,13,14,15>3,5,6,7,8,10,11,13,14,9,2,15
2,3,6,7,8,9,11,13,14,15>1,5,6,7,8,10,11,13,14,9,2,15
1,6,9,10,11>3,7,8,11,13,9,10,6
1,6,9,10,11>1,7,8,11,13,9,10,6
1,2,6,7,9,10,11,14>6,8,11,15,1,2,7,9,10,14
1,2,6,7,9,10,11,14>3,8,11,15,1,2,7,9,10,14
2,6,7,9,11,13>5,6,7,10,11,13,15,9,2
2,6,7,9,11,13>1,6,7,10,11,13,15,9,2
8,4,13,6>4,5,13,6
8,4,13,6>8,5,13,6
2,5,6,7,9,10,11,13>5,6,7,11,13,14,15,9,2,10
2,5,6,7,9,10,11,13>1,6,7,11,13,14,15,9,2,10
