AP3,UFO,FUL,FT,AP1,EMF1,LFY,AP2,WUS,AG,LUG,CLF,TFL1,PI,SEP
1,2,3,4,5,7,8,11>10,11,14,15,1,2,4,5,7,8
1,2,3,4,5,7,8,11>3,11,14,15,1,2,4,5,7,8
1,2,3,4,5,7,8,11>3,10,14,15,1,2,4,5,7,8
1,2,3,4,5,7,8,11>3,10,11,15,1,2,4,5,7,8
2,3,6,9,11,12,14,15>7,8,10,11,12,13,14,15,9,2,3,6
2,3,6,9,11,12,14,15>5,8,10,11,12,13,14,15,9,2,3,6
2,3,6,9,11,12,14,15>5,7,10,11,12,13,14,15,9,2,3,6
2,3,6,9,11,12,14,15>5,7,8,11,12,13,14,15,9,2,3,6
2,3,6,9,14>7,8,10,13,14,9,2,3,6
2,3,6,9,14>5,8,10,13,14,9,2,3,6
2,3,6,9,14>5,7,10,13,14,9,2,3,6
2,3,6,9,14>5,7,8,13,14,9,2,3,6
2,4,5,7,8,10,11,13,14>5,8,11,13,15,2,4,7,10,14
2,4,5,7,8,10,11,13,14>1,8,11,13,15,2,4,7,10,14
2,4,5,7,8,10,11,13,14>1,5,11,13,15,2,4,7,10,14
2,4,5,7,8,10,11,13,14>1,5,8,13,15,2,4,7,10,14
1,2,3,5,6,9,11,12,13,14,15>5,11,12,13,15,1,2,6,9,14
1,2,3,5,6,9,11,12,13,14,15>3,11,12,13,15,1,2,6,9,14
1,2,3,5,6,9,11,12,13,14,15>3,5,12,13,15,1,2,6,9,14
1,2,3,5,6,9,11,12,13,14,15>3,5,11,13,15,1,2,6,9,14
3,9,10,12,13,15>4,6,7,9,10,12,13,15
3,9,10,12,13,15>3,6,7,9,10,12,13,15
3,9,10,12,13,15>3,4,7,9,10,12,13,15
3,9,10,12,13,15>3,4,6,9,10,12,13,15
2,3,4,5,6,7,9,10,15>3,4,5,6,8,9,14,2,10,15,7
2,3,4,5,6,7,9,10,15>1,4,5,6,8,9,14,2,10,15,7
2,3,4,5,6,7,9,10,15>1,3,5,6,8,9,14,2,10,15,7
2,3,4,5,6,7,9,10,15>1,3,4,6,8,9,14,2,10,15,7
1,3,4,5,6,12,13,14>3,4,12,13,14,5,6
1,3,4,5,6,12,13,14>1,4,12,13,14,5,6
1,3,4,5,6,12,13,14>1,3,12,13,14,5,6
1,3,4,5,6,12,13,14>1,3,4,13,14,5,6
3,6,9,11,13,14,15>3,14,15,9,13,6
3,6,9,11,13,14,15>11,14,15,9,13,6
3,6,9,11,13,14,15>11,3,15,9,13,6
3,6,9,11,13,14,15>11,3,14,9,13,6
1,2,4,7,11,13,14,15>10,11,5,1,2,4,7,14,15
1,2,4,7,11,13,14,15>13,11,5,1,2,4,7,14,15
1,2,4,7,11,13,14,15>13,10,5,1,2,4,7,14,15
1,2,4,7,11,13,14,15>13,10,11,1,2,4,7,14,15
1,10,5,6>1,5,7,10,6
1,10,5,6>8,5,7,10,6
1,10,5,6>8,1,7,10,6
1,10,5,6>8,1,5,10,6
3,5,6,7,8,10,11,15>5,6,11,14,8,10,15,7
3,5,6,7,8,10,11,15>3,6,11,14,8,10,15,7
3,5,6,7,8,10,11,15>3,5,11,14,8,10,15,7
3,5,6,7,8,10,11,15>3,5,6,14,8,10,15,7
1,2,13,14,15>4,6,7,13,14,15,2
1,2,13,14,15>1,6,7,13,14,15,2
1,2,13,14,15>1,4,7,13,14,15,2
1,2,13,14,15>1,4,6,13,14,15,2
2,4,5,7,8,9,11,12,14,15>10,11,12,14,2,4,5,7,8,9,15
2,4,5,7,8,9,11,12,14,15>1,11,12,14,2,4,5,7,8,9,15
2,4,5,7,8,9,11,12,14,15>1,10,12,14,2,4,5,7,8,9,15
2,4,5,7,8,9,11,12,14,15>1,10,11,14,2,4,5,7,8,9,15
1,2,3,4,5,6,7,8,10,11,12,13,14,15>4,5,6,7,8,11,12,13,1,2,10,14,15
1,2,3,4,5,6,7,8,10,11,12,13,14,15>3,5,6,7,8,11,12,13,1,2,10,14,15
1,2,3,4,5,6,7,8,10,11,12,13,14,15>3,4,6,7,8,11,12,13,1,2,10,14,15
1,2,3,4,5,6,7,8,10,11,12,13,14,15>3,4,5,7,8,11,12,13,1,2,10,14,15
2,4,6,7,10,14>3,4,6,8,15,2,10,14,7
2,4,6,7,10,14>1,4,6,8,15,2,10,14,7
2,4,6,7,10,14>1,3,6,8,15,2,10,14,7
2,4,6,7,10,14>1,3,4,8,15,2,10,14,7
1,2,3,4,5,7,8,10,11,13,15>5,8,11,13,14,1,2,4,7,10,15
1,2,3,4,5,7,8,10,11,13,15>3,8,11,13,14,1,2,4,7,10,15
1,2,3,4,5,7,8,10,11,13,15>3,5,11,13,14,1,2,4,7,10,15
1,2,3,4,5,7,8,10,11,13,15>3,5,8,13,14,1,2,4,7,10,15
1,2,4,6,7,11,13,15>5,6,7,10,11,13,14,1,2,15
1,2,4,6,7,11,13,15>4,6,7,10,11,13,14,1,2,15
1,2,4,6,7,11,13,15>4,5,7,10,11,13,14,1,2,15
1,2,4,6,7,11,13,15>4,5,6,10,11,13,14,1,2,15
1,4,7,8,9,12>3,5,10,12,14,15,8,9,4,7
1,4,7,8,9,12>1,5,10,12,14,15,8,9,4,7
1,4,7,8,9,12>1,3,10,12,14,15,8,9,4,7
1,4,7,8,9,12>1,3,5,12,14,15,8,9,4,7
8,4,13>6,7,8,13,4
8,4,13>5,7,8,13,4
8,4,13>5,6,8,13,4
8,4,13>5,6,7,13,4
