AP3,UFO,FUL,FT,AP1,EMF1,LFY,AP2,WUS,AG,LUG,CLF,TFL1,PI,SEP
1,10,11,5>4,5,6,7,8,11,10
1,10,11,5>1,5,6,7,8,11,10
1,10,11,5>1,4,6,7,8,11,10
1,10,11,5>1,4,5,7,8,11,10
2,3,4,5,8,9,13,14>6,7,8,13,14,9,2,4,5
2,3,4,5,8,9,13,14>3,7,8,13,14,9,2,4,5
2,3,4,5,8,9,13,14>3,6,8,13,14,9,2,4,5
2,3,4,5,8,9,13,14>3,6,7,13,14,9,2,4,5
1,7,8,10,14>3,4,15,8,10,14,7
1,7,8,10,14>1,4,15,8,10,14,7
1,7,8,10,14>1,3,15,8,10,14,7
1,7,8,10,14>1,3,4,8,10,14,7
4,8,10,11,12,14,15>6,7,10,11,12,14,15,8,4
4,8,10,11,12,14,15>3,7,10,11,12,14,15,8,4
4,8,10,11,12,14,15>3,6,10,11,12,14,15,8,4
4,8,10,11,12,14,15>3,6,7,11,12,14,15,8,4
1,2,4,5,6,7,10,11,12>5,6,8,11,12,14,15,1,2,10,7
1,2,4,5,6,7,10,11,12>4,6,8,11,12,14,15,1,2,10,7
1,2,4,5,6,7,10,11,12>4,5,8,11,12,14,15,1,2,10,7
1,2,4,5,6,7,10,11,12>4,5,6,11,12,14,15,1,2,10,7
3,5,7,8,10,11,12,15>4,5,11,12,14,8,10,15,7
3,5,7,8,10,11,12,15>3,5,11,12,14,8,10,15,7
3,5,7,8,10,11,12,15>3,4,11,12,14,8,10,15,7
3,5,7,8,10,11,12,15>3,4,5,12,14,8,10,15,7
1,4,5,9,10,11,12,14,15>6,7,8,9,11,12,15,1,10,4,14
1,4,5,9,10,11,12,14,15>5,7,8,9,11,12,15,1,10,4,14
1,4,5,9,10,11,12,14,15>5,6,8,9,11,12,15,1,10,4,14
1,4,5,9,10,11,12,14,15>5,6,7,9,11,12,15,1,10,4,14
1,5,9,10,11,12,14,15>5,6,7,8,9,11,12,15,1,10,14
1,5,9,10,11,12,14,15>4,6,7,8,9,11,12,15,1,10,14
1,5,9,10,11,12,14,15>4,5,7,8,9,11,12,15,1,10,14
1,5,9,10,11,12,14,15>4,5,6,8,9,11,12,15,1,10,14
2,5,7,8,10,13,14>4,5,8,13,15,2,10,14,7
2,5,7,8,10,13,14>1,5,8,13,15,2,10,14,7
2,5,7,8,10,13,14>1,4,8,13,15,2,10,14,7
2,5,7,8,10,13,14>1,4,5,13,15,2,10,14,7
5,6,7,8,9,13,14>7,8,10,13,14,15,9,5
5,6,7,8,9,13,14>6,8,10,13,14,15,9,5
5,6,7,8,9,13,14>6,7,10,13,14,15,9,5
5,6,7,8,9,13,14>6,7,8,13,14,15,9,5
3,4,5,6,8,10,12,14,15>4,5,7,10,12,14,15,8,6
3,4,5,6,8,10,12,14,15>3,5,7,10,12,14,15,8,6
3,4,5,6,8,10,12,14,15>3,4,7,10,12,14,15,8,6
3,4,5,6,8,10,12,14,15>3,4,5,10,12,14,15,8,6
3,12>5,6,7,8,10,12,3
3,12>4,6,7,8,10,12,3
3,12>4,5,7,8,10,12,3
3,12>4,5,6,8,10,12,3
6,7,8,9,10,15>3,6,14,8,10,15,7
6,7,8,9,10,15>9,6,14,8,10,15,7
6,7,8,9,10,15>9,3,14,8,10,15,7
6,7,8,9,10,15>9,3,6,8,10,15,7
3,4,7,8,10,13>8,13,14,15,10,4,7
3,4,7,8,10,13>3,13,14,15,10,4,7
3,4,7,8,10,13>3,8,14,15,10,4,7
3,4,7,8,10,13>3,8,13,15,10,4,7
1,2,4,5,8,10,11,13,14,15>6,7,8,10,11,13,15,1,2,4,14
1,2,4,5,8,10,11,13,14,15>5,7,8,10,11,13,15,1,2,4,14
1,2,4,5,8,10,11,13,14,15>5,6,8,10,11,13,15,1,2,4,14
1,2,4,5,8,10,11,13,14,15>5,6,7,10,11,13,15,1,2,4,14
1,3,5,6,7,8,9,10,12,13,14,15>5,6,7,8,9,12,13,1,10,14,15
1,3,5,6,7,8,9,10,12,13,14,15>3,6,7,8,9,12,13,1,10,14,15
1,3,5,6,7,8,9,10,12,13,14,15>3,5,7,8,9,12,13,1,10,14,15
1,3,5,6,7,8,9,10,12,13,14,15>3,5,6,8,9,12,13,1,10,14,15
3,5,6,8,9,10,11,12,15>5,7,9,10,11,12,15,8,6
3,5,6,8,9,10,11,12,15>3,7,9,10,11,12,15,8,6
3,5,6,8,9,10,11,12,15>3,5,9,10,11,12,15,8,6
3,5,6,8,9,10,11,12,15>3,5,7,10,11,12,15,8,6
3,4,5,7,13,14>10,13,14,15,4,5,7
3,4,5,7,13,14>3,13,14,15,4,5,7
3,4,5,7,13,14>3,10,14,15,4,5,7
3,4,5,7,13,14>3,10,13,15,4,5,7
1,3,8,9,10,11,13,14>3,4,6,7,8,10,11,13,14,9
1,3,8,9,10,11,13,14>1,4,6,7,8,10,11,13,14,9
1,3,8,9,10,11,13,14>1,3,6,7,8,10,11,13,14,9
1,3,8,9,10,11,13,14>1,3,4,7,8,10,11,13,14,9
3,4,8,9,14>5,6,7,8,9,3,4
3,4,8,9,14>14,6,7,8,9,3,4
3,4,8,9,14>14,5,7,8,9,3,4
3,4,8,9,14>14,5,6,8,9,3,4
