AP3,UFO,FUL,FT,AP1,EMF1,LFY,AP2,WUS,AG,LUG,CLF,TFL1,PI,SEP
2,4,5,6,11,12,13,15>11,12,13,15,2,5,6
2,4,5,6,11,12,13,15>4,12,13,15,2,5,6
2,4,5,6,11,12,13,15>4,11,13,15,2,5,6
2,4,5,6,11,12,13,15>4,11,12,15,2,5,6
5,6,9,11,12,13,14>11,12,13,14,9,6
5,6,9,11,12,13,14>5,12,13,14,9,6
5,6,9,11,12,13,14>5,11,13,14,9,6
5,6,9,11,12,13,14>5,11,12,14,9,6
1,2,3,4,6,8,9,11,13,15>3,4,5,8,11,15,9,2,13,6
1,2,3,4,6,8,9,11,13,15>1,4,5,8,11,15,9,2,13,6
1,2,3,4,6,8,9,11,13,15>1,3,5,8,11,15,9,2,13,6
1,2,3,4,6,8,9,11,13,15>1,3,4,8,11,15,9,2,13,6
1,4,5,6,8,13,14>4,8,13,14,5,6
1,4,5,6,8,13,14>1,8,13,14,5,6
1,4,5,6,8,13,14>1,4,13,14,5,6
1,4,5,6,8,13,14>1,4,8,14,5,6
8,10,12,13,15>6,7,8,10,12,13,15
8,10,12,13,15>4,7,8,10,12,13,15
8,10,12,13,15>4,6,8,10,12,13,15
8,10,12,13,15>4,6,7,10,12,13,15
1,4,5,6,7,8,11,12,14>4,6,11,12,15,8,5,14,7
1,4,5,6,7,8,11,12,14>1,6,11,12,15,8,5,14,7
1,4,5,6,7,8,11,12,14>1,4,11,12,15,8,5,14,7
1,4,5,6,7,8,11,12,14>1,4,6,12,15,8,5,14,7
2,3,6,7,9,11,12,14>5,6,8,10,11,12,14,15,9,2,3,7
2,3,6,7,9,11,12,14>1,6,8,10,11,12,14,15,9,2,3,7
2,3,6,7,9,11,12,14>1,5,8,10,11,12,14,15,9,2,3,7
2,3,6,7,9,11,12,14>1,5,6,10,11,12,14,15,9,2,3,7
3,7,11,13,15>4,5,10,11,13,15,7
3,7,11,13,15>3,5,10,11,13,15,7
3,7,11,13,15>3,4,10,11,13,15,7
3,7,11,13,15>3,4,5,11,13,15,7
2,5,8,13,14>5,6,7,8,13,14,2
2,5,8,13,14>4,6,7,8,13,14,2
2,5,8,13,14>4,5,7,8,13,14,2
2,5,8,13,14>4,5,6,8,13,14,2
3,4,5,7,8,10,11,13,15>5,8,11,13,14,10,4,15,7
3,4,5,7,8,10,11,13,15>3,8,11,13,14,10,4,15,7
3,4,5,7,8,10,11,13,15>3,5,11,13,14,10,4,15,7
3,4,5,7,8,10,11,13,15>3,5,8,13,14,10,4,15,7
2,3,4,8,9,13,14,15>5,6,7,8,13,14,15,9,2,4
2,3,4,8,9,13,14,15>3,6,7,8,13,14,15,9,2,4
2,3,4,8,9,13,14,15>3,5,7,8,13,14,15,9,2,4
2,3,4,8,9,13,14,15>3,5,6,8,13,14,15,9,2,4
2,4,9,11,12,13,14>6,7,11,12,13,14,9,2,4
2,4,9,11,12,13,14>5,7,11,12,13,14,9,2,4
2,4,9,11,12,13,14>5,6,11,12,13,14,9,2,4
2,4,9,11,12,13,14>5,6,7,12,13,14,9,2,4
1,2,3,5,6,7,10,11,14>5,6,8,11,15,1,2,7,10,14
1,2,3,5,6,7,10,11,14>3,6,8,11,15,1,2,7,10,14
1,2,3,5,6,7,10,11,14>3,5,8,11,15,1,2,7,10,14
1,2,3,5,6,7,10,11,14>3,5,6,11,15,1,2,7,10,14
3,4,5,10,13,14,15>5,6,7,10,13,14,15,4
3,4,5,10,13,14,15>3,6,7,10,13,14,15,4
3,4,5,10,13,14,15>3,5,7,10,13,14,15,4
3,4,5,10,13,14,15>3,5,6,10,13,14,15,4
2,3,5,7,9,14>3,4,8,10,14,15,9,2,5,7
2,3,5,7,9,14>1,4,8,10,14,15,9,2,5,7
2,3,5,7,9,14>1,3,8,10,14,15,9,2,5,7
2,3,5,7,9,14>1,3,4,10,14,15,9,2,5,7
1,2,4,6,11,13,14,15>4,5,11,14,15,2,13,6
1,2,4,6,11,13,14,15>1,5,11,14,15,2,13,6
1,2,4,6,11,13,14,15>1,4,11,14,15,2,13,6
1,2,4,6,11,13,14,15>1,4,5,14,15,2,13,6
4,5,8,12,14>14,6,7,8,4,5
4,5,8,12,14>12,6,7,8,4,5
4,5,8,12,14>12,14,7,8,4,5
4,5,8,12,14>12,14,6,8,4,5
1,2,4,5,11,13,15>6,7,11,13,15,2,4,5
1,2,4,5,11,13,15>1,7,11,13,15,2,4,5
1,2,4,5,11,13,15>1,6,11,13,15,2,4,5
1,2,4,5,11,13,15>1,6,7,13,15,2,4,5
1,5,6,7,9,11,12,13,14,15>7,10,11,12,13,1,5,9,14,15
1,5,6,7,9,11,12,13,14,15>6,10,11,12,13,1,5,9,14,15
1,5,6,7,9,11,12,13,14,15>6,7,11,12,13,1,5,9,14,15
1,5,6,7,9,11,12,13,14,15>6,7,10,12,13,1,5,9,14,15
3,5,7,8,10,11,13,14,15>4,5,8,11,13,10,15,14,7
3,5,7,8,10,11,13,14,15>3,5,8,11,13,10,15,14,7
3,5,7,8,10,11,13,14,15>3,4,8,11,13,10,15,14,7
3,5,7,8,10,11,13,14,15>3,4,5,11,13,10,15,14,7
