AP3,UFO,FUL,FT,AP1,EMF1,LFY,AP2,WUS,AG,LUG,CLF,TFL1,PI,SEP
11,2,10,4>6,7,8,11,2,10,4
11,2,10,4>3,7,8,11,2,10,4
11,2,10,4>3,6,8,11,2,10,4
11,2,10,4>3,6,7,11,2,10,4
2,3,4,7,8,9,10,12,13,15>3,8,9,12,13,14,2,4,7,10,15
2,3,4,7,8,9,10,12,13,15>1,8,9,12,13,14,2,4,7,10,15
2,3,4,7,8,9,10,12,13,15>1,3,9,12,13,14,2,4,7,10,15
2,3,4,7,8,9,10,12,13,15>1,3,8,12,13,14,2,4,7,10,15
3,4,5,8,9,12,14,15>6,7,12,14,15,8,9,4,5
3,4,5,8,9,12,14,15>3,7,12,14,15,8,9,4,5
3,4,5,8,9,12,14,15>3,6,12,14,15,8,9,4,5
3,4,5,8,9,12,14,15>3,6,7,14,15,8,9,4,5
1,2,4,7,8,9,10,11>3,14,15,1,2,4,7,8,9,10
1,2,4,7,8,9,10,11>11,14,15,1,2,4,7,8,9,10
1,2,4,7,8,9,10,11>11,3,15,1,2,4,7,8,9,10
1,2,4,7,8,9,10,11>11,3,14,1,2,4,7,8,9,10
1,2,3,4,7,8,9,10,12,13,15>8,9,12,13,14,1,2,4,7,10,15
1,2,3,4,7,8,9,10,12,13,15>3,9,12,13,14,1,2,4,7,10,15
1,2,3,4,7,8,9,10,12,13,15>3,8,12,13,14,1,2,4,7,10,15
1,2,3,4,7,8,9,10,12,13,15>3,8,9,13,14,1,2,4,7,10,15
1,2,3,8,9,10,11,12,14>4,6,7,10,11,12,14,8,9,2,3
1,2,3,8,9,10,11,12,14>1,6,7,10,11,12,14,8,9,2,3
1,2,3,8,9,10,11,12,14>1,4,7,10,11,12,14,8,9,2,3
1,2,3,8,9,10,11,12,14>1,4,6,10,11,12,14,8,9,2,3
2,4,5,9,10,11,12,13,14>6,7,10,11,12,13,14,9,2,4
2,4,5,9,10,11,12,13,14>5,7,10,11,12,13,14,9,2,4
2,4,5,9,10,11,12,13,14>5,6,10,11,12,13,14,9,2,4
2,4,5,9,10,11,12,13,14>5,6,7,11,12,13,14,9,2,4
1,3,4,5,6,13,15>3,4,13,15,5,6
1,3,4,5,6,13,15>1,4,13,15,5,6
1,3,4,5,6,13,15>1,3,13,15,5,6
1,3,4,5,6,13,15>1,3,4,15,5,6
4,8,11,12,13,15>6,7,8,11,12,13,15,4
4,8,11,12,13,15>5,7,8,11,12,13,15,4
4,8,11,12,13,15>5,6,8,11,12,13,15,4
4,8,11,12,13,15>5,6,7,11,12,13,15,4
1,2,4,5,10,11,13,14,15>6,7,10,11,13,15,1,2,4,14
1,2,4,5,10,11,13,14,15>5,7,10,11,13,15,1,2,4,14
1,2,4,5,10,11,13,14,15>5,6,10,11,13,15,1,2,4,14
1,2,4,5,10,11,13,14,15>5,6,7,11,13,15,1,2,4,14
1,4,5,6,10,11,14,15>5,7,8,11,15,1,10,6,14
1,4,5,6,10,11,14,15>4,7,8,11,15,1,10,6,14
1,4,5,6,10,11,14,15>4,5,8,11,15,1,10,6,14
1,4,5,6,10,11,14,15>4,5,7,11,15,1,10,6,14
1,4,5,8,9,10,13,14>5,6,7,8,10,13,14,9,4
1,4,5,8,9,10,13,14>1,6,7,8,10,13,14,9,4
1,4,5,8,9,10,13,14>1,5,7,8,10,13,14,9,4
1,4,5,8,9,10,13,14>1,5,6,8,10,13,14,9,4
4,5,6,7,9,10,11,13,14,15>5,6,7,9,11,13,10,14,15
4,5,6,7,9,10,11,13,14,15>4,6,7,9,11,13,10,14,15
4,5,6,7,9,10,11,13,14,15>4,5,7,9,11,13,10,14,15
4,5,6,7,9,10,11,13,14,15>4,5,6,9,11,13,10,14,15
1,4,6,8,9,12,15>3,4,5,7,12,13,15,8,9,6
1,4,6,8,9,12,15>1,4,5,7,12,13,15,8,9,6
1,4,6,8,9,12,15>1,3,5,7,12,13,15,8,9,6
1,4,6,8,9,12,15>1,3,4,7,12,13,15,8,9,6
2,4,6,9,10,12,13,15>9,10,12,15,2,13,6
2,4,6,9,10,12,13,15>4,10,12,15,2,13,6
2,4,6,9,10,12,13,15>4,9,12,15,2,13,6
2,4,6,9,10,12,13,15>4,9,10,15,2,13,6
4,8,12,13,14>6,7,8,12,13,14,4
4,8,12,13,14>5,7,8,12,13,14,4
4,8,12,13,14>5,6,8,12,13,14,4
4,8,12,13,14>5,6,7,12,13,14,4
1,3,4,6,8,9,10,11,12,15>4,7,9,10,11,12,13,15,8,3,6
1,3,4,6,8,9,10,11,12,15>1,7,9,10,11,12,13,15,8,3,6
1,3,4,6,8,9,10,11,12,15>1,4,9,10,11,12,13,15,8,3,6
1,3,4,6,8,9,10,11,12,15>1,4,7,10,11,12,13,15,8,3,6
5,7,12,13,14,15>10,12,13,14,15,5,7
5,7,12,13,14,15>4,12,13,14,15,5,7
5,7,12,13,14,15>4,10,13,14,15,5,7
5,7,12,13,14,15>4,10,12,14,15,5,7
2,4,5,9,10,11,13,14>6,7,10,11,13,14,9,2,4
2,4,5,9,10,11,13,14>5,7,10,11,13,14,9,2,4
2,4,5,9,10,11,13,14>5,6,10,11,13,14,9,2,4
2,4,5,9,10,11,13,14>5,6,7,11,13,14,9,2,4
1,4,8,9,12,13,14,15>5,6,7,8,12,13,14,15,9,4
1,4,8,9,12,13,14,15>1,6,7,8,12,13,14,15,9,4
1,4,8,9,12,13,14,15>1,5,7,8,12,13,14,15,9,4
1,4,8,9,12,13,14,15>1,5,6,8,12,13,14,15,9,4
