AP3,UFO,FUL,FT,AP1,EMF1,LFY,AP2,WUS,AG,LUG,CLF,TFL1,PI,SEP
13,3,4,12>5,6,7,12,13,4
13,3,4,12>3,6,7,12,13,4
13,3,4,12>3,5,7,12,13,4
13,3,4,12>3,5,6,12,13,4
5,6,7,10,11,13>6,7,11,13,14,15,10
5,6,7,10,11,13>5,7,11,13,14,15,10
5,6,7,10,11,13>5,6,11,13,14,15,10
5,6,7,10,11,13>5,6,7,13,14,15,10
1,3,4,6,8,11,15>4,5,7,11,13,15,8,3,6
1,3,4,6,8,11,15>1,5,7,11,13,15,8,3,6
1,3,4,6,8,11,15>1,4,7,11,13,15,8,3,6
1,3,4,6,8,11,15>1,4,5,11,13,15,8,3,6
2,4,5,6,9,11,12,13>11,4,12,9,2,5,6
2,4,5,6,9,11,12,13>13,4,12,9,2,5,6
2,4,5,6,9,11,12,13>13,11,12,9,2,5,6
2,4,5,6,9,11,12,13>13,11,4,9,2,5,6
1,2,4,7,11,12,13,14,15>10,11,12,13,1,2,4,7,14,15
1,2,4,7,11,12,13,14,15>5,11,12,13,1,2,4,7,14,15
1,2,4,7,11,12,13,14,15>5,10,12,13,1,2,4,7,14,15
1,2,4,7,11,12,13,14,15>5,10,11,13,1,2,4,7,14,15
3,4,5,6,7,9,12,13,14,15>4,6,7,10,12,13,14,9,5,15
3,4,5,6,7,9,12,13,14,15>3,6,7,10,12,13,14,9,5,15
3,4,5,6,7,9,12,13,14,15>3,4,7,10,12,13,14,9,5,15
3,4,5,6,7,9,12,13,14,15>3,4,6,10,12,13,14,9,5,15
1,2,4,5,9,10,12,13,14>5,6,7,10,12,13,14,9,2,4
1,2,4,5,9,10,12,13,14>1,6,7,10,12,13,14,9,2,4
1,2,4,5,9,10,12,13,14>1,5,7,10,12,13,14,9,2,4
1,2,4,5,9,10,12,13,14>1,5,6,10,12,13,14,9,2,4
4,8,9,10,13,14,15>7,8,9,10,13,14,15,4
4,8,9,10,13,14,15>6,8,9,10,13,14,15,4
4,8,9,10,13,14,15>6,7,9,10,13,14,15,4
4,8,9,10,13,14,15>6,7,8,10,13,14,15,4
2,3,4,5,7,8,11,13,15>3,8,10,11,13,2,4,5,7,15
2,3,4,5,7,8,11,13,15>1,8,10,11,13,2,4,5,7,15
2,3,4,5,7,8,11,13,15>1,3,10,11,13,2,4,5,7,15
2,3,4,5,7,8,11,13,15>1,3,8,11,13,2,4,5,7,15
1,2,3,6,7,9,10,11,12,13,15>6,7,9,11,12,13,14,1,2,10,15
1,2,3,6,7,9,10,11,12,13,15>3,7,9,11,12,13,14,1,2,10,15
1,2,3,6,7,9,10,11,12,13,15>3,6,9,11,12,13,14,1,2,10,15
1,2,3,6,7,9,10,11,12,13,15>3,6,7,11,12,13,14,1,2,10,15
2,4,7,8,11,12>3,5,10,11,12,15,8,2,4,7
2,4,7,8,11,12>1,5,10,11,12,15,8,2,4,7
2,4,7,8,11,12>1,3,10,11,12,15,8,2,4,7
2,4,7,8,11,12>1,3,5,11,12,15,8,2,4,7
1,5,6,7,8,12,13,14,15>7,8,10,12,13,1,5,14,15
1,5,6,7,8,12,13,14,15>6,8,10,12,13,1,5,14,15
1,5,6,7,8,12,13,14,15>6,7,10,12,13,1,5,14,15
1,5,6,7,8,12,13,14,15>6,7,8,12,13,1,5,14,15
1,2,3,8,9,10,11,13>3,4,6,7,8,10,11,13,9,2
1,2,3,8,9,10,11,13>1,4,6,7,8,10,11,13,9,2
1,2,3,8,9,10,11,13>1,3,6,7,8,10,11,13,9,2
1,2,3,8,9,10,11,13>1,3,4,7,8,10,11,13,9,2
3,4,6,8,11,12,14,15>5,7,11,12,13,14,15,8,3,6
3,4,6,8,11,12,14,15>4,7,11,12,13,14,15,8,3,6
3,4,6,8,11,12,14,15>4,5,11,12,13,14,15,8,3,6
3,4,6,8,11,12,14,15>4,5,7,12,13,14,15,8,3,6
4,6,8,9,10,11,13,14>8,10,11,14,9,13,6
4,6,8,9,10,11,13,14>4,10,11,14,9,13,6
4,6,8,9,10,11,13,14>4,8,11,14,9,13,6
4,6,8,9,10,11,13,14>4,8,10,14,9,13,6
1,3,4,5,8,11,13,15>3,6,7,8,11,13,15,4,5
1,3,4,5,8,11,13,15>1,6,7,8,11,13,15,4,5
1,3,4,5,8,11,13,15>1,3,7,8,11,13,15,4,5
1,3,4,5,8,11,13,15>1,3,6,8,11,13,15,4,5
8,1,9,7>3,4,5,10,14,15,8,9,7
8,1,9,7>1,4,5,10,14,15,8,9,7
8,1,9,7>1,3,5,10,14,15,8,9,7
8,1,9,7>1,3,4,10,14,15,8,9,7
2,3,4,5,6,8,10,11,12,13,15>4,5,8,10,11,12,13,15,2,6
2,3,4,5,6,8,10,11,12,13,15>3,5,8,10,11,12,13,15,2,6
2,3,4,5,6,8,10,11,12,13,15>3,4,8,10,11,12,13,15,2,6
2,3,4,5,6,8,10,11,12,13,15>3,4,5,10,11,12,13,15,2,6
1,3,7,8,10,11,12,15>4,11,12,14,3,7,8,10,15
1,3,7,8,10,11,12,15>1,11,12,14,3,7,8,10,15
1,3,7,8,10,11,12,15>1,4,12,14,3,7,8,10,15
1,3,7,8,10,11,12,15>1,4,11,14,3,7,8,10,15
2,4,5,6,7,9,10,12,15>4,5,6,8,9,12,14,2,10,15,7
2,4,5,6,7,9,10,12,15>1,5,6,8,9,12,14,2,10,15,7
2,4,5,6,7,9,10,12,15>1,4,6,8,9,12,14,2,10,15,7
2,4,5,6,7,9,10,12,15>1,4,5,8,9,12,14,2,10,15,7
