AP3,UFO,FUL,FT,AP1,EMF1,LFY,AP2,WUS,AG,LUG,CLF,TFL1,PI,SEP
3,5,9,10,11,14,15>4,5,6,7,8,9,11,14,15,10
3,5,9,10,11,14,15>3,5,6,7,8,9,11,14,15,10
3,5,9,10,11,14,15>3,4,6,7,8,9,11,14,15,10
3,5,9,10,11,14,15>3,4,5,7,8,9,11,14,15,10
1,6,11,14,15>3,5,7,8,10,11,13,14,15,6
1,6,11,14,15>1,5,7,8,10,11,13,14,15,6
1,6,11,14,15>1,3,7,8,10,11,13,14,15,6
1,6,11,14,15>1,3,5,8,10,11,13,14,15,6
1,2,3,5,9,12,13,15>3,4,5,6,7,12,13,15,9,2
1,2,3,5,9,12,13,15>1,4,5,6,7,12,13,15,9,2
1,2,3,5,9,12,13,15>1,3,5,6,7,12,13,15,9,2
1,2,3,5,9,12,13,15>1,3,4,6,7,12,13,15,9,2
5,10,12,13,15>5,6,7,10,12,13,15
5,10,12,13,15>4,6,7,10,12,13,15
5,10,12,13,15>4,5,7,10,12,13,15
5,10,12,13,15>4,5,6,10,12,13,15
1,2,3,4,5,8,10,14,15>5,6,7,10,15,1,2,4,8,14
1,2,3,4,5,8,10,14,15>3,6,7,10,15,1,2,4,8,14
1,2,3,4,5,8,10,14,15>3,5,7,10,15,1,2,4,8,14
1,2,3,4,5,8,10,14,15>3,5,6,10,15,1,2,4,8,14
1,2,3,8,9,10,11,13,15>3,4,6,7,8,9,10,11,13,15,2
1,2,3,8,9,10,11,13,15>1,4,6,7,8,9,10,11,13,15,2
1,2,3,8,9,10,11,13,15>1,3,6,7,8,9,10,11,13,15,2
1,2,3,8,9,10,11,13,15>1,3,4,7,8,9,10,11,13,15,2
3,4,6,8,9,10,11,12,13,14,15>4,8,9,10,11,12,14,15,13,6
3,4,6,8,9,10,11,12,13,14,15>3,8,9,10,11,12,14,15,13,6
3,4,6,8,9,10,11,12,13,14,15>3,4,9,10,11,12,14,15,13,6
3,4,6,8,9,10,11,12,13,14,15>3,4,8,10,11,12,14,15,13,6
3,4,5,6,8,9,12,13,15>4,8,12,13,15,9,5,6
3,4,5,6,8,9,12,13,15>3,8,12,13,15,9,5,6
3,4,5,6,8,9,12,13,15>3,4,12,13,15,9,5,6
3,4,5,6,8,9,12,13,15>3,4,8,13,15,9,5,6
1,2,5,6,7,8,9>15,6,14,1,2,5,7,8,9
1,2,5,6,7,8,9>10,6,14,1,2,5,7,8,9
1,2,5,6,7,8,9>10,15,14,1,2,5,7,8,9
1,2,5,6,7,8,9>10,15,6,1,2,5,7,8,9
2,4,5,9,10,11,12,13,15>6,7,9,10,11,12,13,15,2,4
2,4,5,9,10,11,12,13,15>5,7,9,10,11,12,13,15,2,4
2,4,5,9,10,11,12,13,15>5,6,9,10,11,12,13,15,2,4
2,4,5,9,10,11,12,13,15>5,6,7,10,11,12,13,15,2,4
4,6,9,10,11,12,13,14>10,11,12,14,9,13,6
4,6,9,10,11,12,13,14>4,11,12,14,9,13,6
4,6,9,10,11,12,13,14>4,10,12,14,9,13,6
4,6,9,10,11,12,13,14>4,10,11,14,9,13,6
3,4,5,14,15>6,7,8,10,14,15,4,5
3,4,5,14,15>3,7,8,10,14,15,4,5
3,4,5,14,15>3,6,8,10,14,15,4,5
3,4,5,14,15>3,6,7,10,14,15,4,5
1,2,5,8,10,11,12>4,5,6,7,10,11,12,8,2
1,2,5,8,10,11,12>1,5,6,7,10,11,12,8,2
1,2,5,8,10,11,12>1,4,6,7,10,11,12,8,2
1,2,5,8,10,11,12>1,4,5,7,10,11,12,8,2
4,6,12,13,14,15>5,12,14,15,13,6
4,6,12,13,14,15>4,12,14,15,13,6
4,6,12,13,14,15>4,5,14,15,13,6
4,6,12,13,14,15>4,5,12,15,13,6
2,3,5,7,9,14>3,4,8,10,14,15,9,2,5,7
2,3,5,7,9,14>1,4,8,10,14,15,9,2,5,7
2,3,5,7,9,14>1,3,8,10,14,15,9,2,5,7
2,3,5,7,9,14>1,3,4,10,14,15,9,2,5,7
9,3,4,7>10,5,15,9,3,4,7
9,3,4,7>8,5,15,9,3,4,7
9,3,4,7>8,10,15,9,3,4,7
9,3,4,7>8,10,5,9,3,4,7
4,5,7,8,9,10,13,15>8,9,13,14,10,4,15,7
4,5,7,8,9,10,13,15>5,9,13,14,10,4,15,7
4,5,7,8,9,10,13,15>5,8,13,14,10,4,15,7
4,5,7,8,9,10,13,15>5,8,9,14,10,4,15,7
2,7,8,11,14>3,4,5,10,11,14,15,8,2,7
2,7,8,11,14>1,4,5,10,11,14,15,8,2,7
2,7,8,11,14>1,3,5,10,11,14,15,8,2,7
2,7,8,11,14>1,3,4,10,11,14,15,8,2,7
1,3,4,8,9,10,11,12>6,7,10,11,12,8,9,3,4
1,3,4,8,9,10,11,12>1,7,10,11,12,8,9,3,4
1,3,4,8,9,10,11,12>1,6,10,11,12,8,9,3,4
1,3,4,8,9,10,11,12>1,6,7,11,12,8,9,3,4
1,3,4,6,9,10,11,13>3,4,10,11,9,13,6
1,3,4,6,9,10,11,13>1,4,10,11,9,13,6
1,3,4,6,9,10,11,13>1,3,10,11,9,13,6
1,3,4,6,9,10,11,13>1,3,4,11,9,13,6
