AP3,UFO,FUL,FT,AP1,EMF1,LFY,AP2,WUS,AG,LUG,CLF,TFL1,PI,SEP
1,2,6,7,11,12,14>5,6,8,10,11,12,15,1,2,14,7
1,2,6,7,11,12,14>3,6,8,10,11,12,15,1,2,14,7
1,2,6,7,11,12,14>3,5,8,10,11,12,15,1,2,14,7
1,2,6,7,11,12,14>3,5,6,10,11,12,15,1,2,14,7
1,2,6,7,11,12,14>3,5,6,8,11,12,15,1,2,14,7
1,2,6,7,11,12,14>3,5,6,8,10,12,15,1,2,14,7
3,4,5,6,7,8,9,11,12,13>4,6,7,8,10,11,12,13,15,9,5
3,4,5,6,7,8,9,11,12,13>3,6,7,8,10,11,12,13,15,9,5
3,4,5,6,7,8,9,11,12,13>3,4,7,8,10,11,12,13,15,9,5
3,4,5,6,7,8,9,11,12,13>3,4,6,8,10,11,12,13,15,9,5
3,4,5,6,7,8,9,11,12,13>3,4,6,7,10,11,12,13,15,9,5
3,4,5,6,7,8,9,11,12,13>3,4,6,7,8,11,12,13,15,9,5
1,2,3,4,5,7,8,9,10,12,15>5,9,12,14,1,2,4,7,8,10,15
1,2,3,4,5,7,8,9,10,12,15>3,12,14,1,2,4,7,8,10,15
1,2,3,4,5,7,8,9,10,12,15>3,5,14,1,2,4,7,8,10,15
1,2,3,4,5,7,8,9,10,12,15>3,5,12,1,2,4,7,8,10,15
1,2,3,4,5,7,8,9,10,12,15>3,5,9,1,2,4,7,8,10,15
1,2,3,4,5,7,8,9,10,12,15>3,9,14,1,2,4,7,8,10,15
2,4,8,9,10,11>6,7,10,11,8,9,2,4
2,4,8,9,10,11>3,10,11,8,9,2,4
2,4,8,9,10,11>3,6,11,8,9,2,4
2,4,8,9,10,11>3,6,10,8,9,2,4
2,4,8,9,10,11>3,6,7,8,9,2,4
2,4,8,9,10,11>3,7,11,8,9,2,4
1,3,4,8,9,10,12>6,7,10,12,8,9,3,4
1,3,4,8,9,10,12>1,10,12,8,9,3,4
1,3,4,8,9,10,12>1,6,12,8,9,3,4
1,3,4,8,9,10,12>1,6,10,8,9,3,4
1,3,4,8,9,10,12>1,6,7,8,9,3,4
1,3,4,8,9,10,12>1,7,12,8,9,3,4
6,7,11,12,13,14>6,7,10,11,12,13,14,15
6,7,11,12,13,14>5,7,10,11,12,13,14,15
6,7,11,12,13,14>5,6,10,11,12,13,14,15
6,7,11,12,13,14>5,6,7,11,12,13,14,15
6,7,11,12,13,14>5,6,7,10,12,13,14,15
6,7,11,12,13,14>5,6,7,10,11,13,14,15
1,2,4,6,7,8,9,10,12,15>4,6,9,12,14,1,2,7,8,10,15
1,2,4,6,7,8,9,10,12,15>3,6,9,12,14,1,2,7,8,10,15
1,2,4,6,7,8,9,10,12,15>3,4,9,12,14,1,2,7,8,10,15
1,2,4,6,7,8,9,10,12,15>3,4,6,12,14,1,2,7,8,10,15
1,2,4,6,7,8,9,10,12,15>3,4,6,9,14,1,2,7,8,10,15
1,2,4,6,7,8,9,10,12,15>3,4,6,9,12,1,2,7,8,10,15
2,6,8,10,12,13,14>12,14,2,13,6
2,6,8,10,12,13,14>8,14,2,13,6
2,6,8,10,12,13,14>8,12,2,13,6
2,6,8,10,12,13,14>8,10,2,13,6
2,6,8,10,12,13,14>10,14,2,13,6
2,6,8,10,12,13,14>10,12,2,13,6
2,3,4,7,12>5,8,10,12,15,2,3,4,7
2,3,4,7,12>1,8,10,12,15,2,3,4,7
2,3,4,7,12>1,5,10,12,15,2,3,4,7
2,3,4,7,12>1,5,8,12,15,2,3,4,7
2,3,4,7,12>1,5,8,10,15,2,3,4,7
2,3,4,7,12>1,5,8,10,12,2,3,4,7
2,3,12,13>4,6,7,12,13,2
2,3,12,13>3,6,7,12,13,2
2,3,12,13>3,4,7,12,13,2
2,3,12,13>3,4,6,12,13,2
2,3,12,13>3,4,6,7,13,2
2,3,12,13>3,4,6,7,12,2
1,2,5,6,7,9,10,11,14>6,8,11,15,1,2,7,9,10,14
1,2,5,6,7,9,10,11,14>5,11,15,1,2,7,9,10,14
1,2,5,6,7,9,10,11,14>5,6,15,1,2,7,9,10,14
1,2,5,6,7,9,10,11,14>5,6,11,1,2,7,9,10,14
1,2,5,6,7,9,10,11,14>5,6,8,1,2,7,9,10,14
1,2,5,6,7,9,10,11,14>5,8,15,1,2,7,9,10,14
2,3,10,11,13,14,15>4,6,7,10,11,13,14,15,2
2,3,10,11,13,14,15>3,6,7,10,11,13,14,15,2
2,3,10,11,13,14,15>3,4,7,10,11,13,14,15,2
2,3,10,11,13,14,15>3,4,6,10,11,13,14,15,2
2,3,10,11,13,14,15>3,4,6,7,11,13,14,15,2
2,3,10,11,13,14,15>3,4,6,7,10,13,14,15,2
2,3,7,10,11,12,15>4,8,11,12,14,2,3,7,10,15
2,3,7,10,11,12,15>1,8,11,12,14,2,3,7,10,15
2,3,7,10,11,12,15>1,4,11,12,14,2,3,7,10,15
2,3,7,10,11,12,15>1,4,8,12,14,2,3,7,10,15
2,3,7,10,11,12,15>1,4,8,11,14,2,3,7,10,15
2,3,7,10,11,12,15>1,4,8,11,12,2,3,7,10,15
1,3,6,8,9,11,13,15>3,8,11,15,9,13,6
1,3,6,8,9,11,13,15>1,11,15,9,13,6
1,3,6,8,9,11,13,15>1,3,15,9,13,6
1,3,6,8,9,11,13,15>1,3,11,9,13,6
1,3,6,8,9,11,13,15>1,3,8,9,13,6
1,3,6,8,9,11,13,15>1,8,15,9,13,6
3,5,6,11,14>7,8,10,11,14,5,6
3,5,6,11,14>3,8,10,11,14,5,6
3,5,6,11,14>3,7,10,11,14,5,6
3,5,6,11,14>3,7,8,11,14,5,6
3,5,6,11,14>3,7,8,10,14,5,6
3,5,6,11,14>3,7,8,10,11,5,6
1,3,4,10,12,13>3,6,7,10,12,13,4
1,3,4,10,12,13>1,6,7,10,12,13,4
1,3,4,10,12,13>1,3,7,10,12,13,4
1,3,4,10,12,13>1,3,6,10,12,13,4
1,3,4,10,12,13>1,3,6,7,12,13,4
1,3,4,10,12,13>1,3,6,7,10,13,4
2,3,5,6,8,9,10,11,12,13,14,15>5,8,9,10,11,12,13,14,15,2,6
2,3,5,6,8,9,10,11,12,13,14,15>3,8,9,10,11,12,13,14,15,2,6
2,3,5,6,8,9,10,11,12,13,14,15>3,5,9,10,11,12,13,14,15,2,6
2,3,5,6,8,9,10,11,12,13,14,15>3,5,8,10,11,12,13,14,15,2,6
2,3,5,6,8,9,10,11,12,13,14,15>3,5,8,9,11,12,13,14,15,2,6
2,3,5,6,8,9,10,11,12,13,14,15>3,5,8,9,10,12,13,14,15,2,6
1,2,3,4,6,7,11,12,15>5,6,8,10,11,12,14,1,2,3,7,15
1,2,3,4,6,7,11,12,15>4,6,8,10,11,12,14,1,2,3,7,15
1,2,3,4,6,7,11,12,15>4,5,8,10,11,12,14,1,2,3,7,15
1,2,3,4,6,7,11,12,15>4,5,6,10,11,12,14,1,2,3,7,15
1,2,3,4,6,7,11,12,15>4,5,6,8,11,12,14,1,2,3,7,15
1,2,3,4,6,7,11,12,15>4,5,6,8,10,12,14,1,2,3,7,15
1,2,4,5,6,7,14,15>4,6,1,2,5,7,14,15
1,2,4,5,6,7,14,15>8,6,1,2,5,7,14,15
1,2,4,5,6,7,14,15>8,4,1,2,5,7,14,15
1,2,4,5,6,7,14,15>8,10,1,2,5,7,14,15
1,2,4,5,6,7,14,15>10,6,1,2,5,7,14,15
1,2,4,5,6,7,14,15>10,4,1,2,5,7,14,15
3,7,8,9,10,11,13,14,15>4,8,9,11,13,10,15,14,7
3,7,8,9,10,11,13,14,15>3,8,9,11,13,10,15,14,7
3,7,8,9,10,11,13,14,15>3,4,9,11,13,10,15,14,7
3,7,8,9,10,11,13,14,15>3,4,8,11,13,10,15,14,7
3,7,8,9,10,11,13,14,15>3,4,8,9,13,10,15,14,7
3,7,8,9,10,11,13,14,15>3,4,8,9,11,10,15,14,7
