AP3,UFO,FUL,FT,AP1,EMF1,LFY,AP2,WUS,AG,LUG,CLF,TFL1,PI,SEP
3,5,7,11,12>4,8,10,11,12,15,5,7
3,5,7,11,12>3,8,10,11,12,15,5,7
3,5,7,11,12>3,4,10,11,12,15,5,7
3,5,7,11,12>3,4,8,11,12,15,5,7
3,5,7,11,12>3,4,8,10,12,15,5,7
3,5,7,11,12>3,4,8,10,11,15,5,7
3,4,10,11,14,15>7,8,11,14,15,10,3,4
3,4,10,11,14,15>6,8,11,14,15,10,3,4
3,4,10,11,14,15>6,7,11,14,15,10,3,4
3,4,10,11,14,15>6,7,8,14,15,10,3,4
3,4,10,11,14,15>6,7,8,11,15,10,3,4
3,4,10,11,14,15>6,7,8,11,14,10,3,4
1,3,4,7,8,9,14>5,15,3,4,7,8,9,14
1,3,4,7,8,9,14>1,15,3,4,7,8,9,14
1,3,4,7,8,9,14>1,5,3,4,7,8,9,14
1,3,4,7,8,9,14>1,10,3,4,7,8,9,14
1,3,4,7,8,9,14>10,15,3,4,7,8,9,14
1,3,4,7,8,9,14>10,5,3,4,7,8,9,14
1,4,5,7,9,13,15>13,14,4,5,7,9,15
1,4,5,7,9,13,15>1,14,4,5,7,9,15
1,4,5,7,9,13,15>1,13,4,5,7,9,15
1,4,5,7,9,13,15>1,10,4,5,7,9,15
1,4,5,7,9,13,15>10,14,4,5,7,9,15
1,4,5,7,9,13,15>10,13,4,5,7,9,15
1,2,4,5,6,7,8,11,12,13,14,15>6,7,8,11,12,13,1,2,5,14,15
1,2,4,5,6,7,8,11,12,13,14,15>4,7,8,11,12,13,1,2,5,14,15
1,2,4,5,6,7,8,11,12,13,14,15>4,6,8,11,12,13,1,2,5,14,15
1,2,4,5,6,7,8,11,12,13,14,15>4,6,7,11,12,13,1,2,5,14,15
1,2,4,5,6,7,8,11,12,13,14,15>4,6,7,8,12,13,1,2,5,14,15
1,2,4,5,6,7,8,11,12,13,14,15>4,6,7,8,11,13,1,2,5,14,15
1,2,3,6,7,9,10,13,15>6,7,9,13,14,1,2,10,15
1,2,3,6,7,9,10,13,15>3,7,9,13,14,1,2,10,15
1,2,3,6,7,9,10,13,15>3,6,9,13,14,1,2,10,15
1,2,3,6,7,9,10,13,15>3,6,7,13,14,1,2,10,15
1,2,3,6,7,9,10,13,15>3,6,7,9,14,1,2,10,15
1,2,3,6,7,9,10,13,15>3,6,7,9,13,1,2,10,15
1,2,5,6,7,8,11,12>11,12,14,15,1,2,5,7,8
1,2,5,6,7,8,11,12>6,14,15,1,2,5,7,8
1,2,5,6,7,8,11,12>6,11,15,1,2,5,7,8
1,2,5,6,7,8,11,12>6,11,14,1,2,5,7,8
1,2,5,6,7,8,11,12>6,11,12,1,2,5,7,8
1,2,5,6,7,8,11,12>6,12,15,1,2,5,7,8
2,6,10,12,13,14,15>14,15,2,13,6
2,6,10,12,13,14,15>10,15,2,13,6
2,6,10,12,13,14,15>10,14,2,13,6
2,6,10,12,13,14,15>10,12,2,13,6
2,6,10,12,13,14,15>12,15,2,13,6
2,6,10,12,13,14,15>12,14,2,13,6
1,4,5,6,8,9,11,13,14>4,8,11,13,14,9,5,6
1,4,5,6,8,9,11,13,14>1,8,11,13,14,9,5,6
1,4,5,6,8,9,11,13,14>1,4,11,13,14,9,5,6
1,4,5,6,8,9,11,13,14>1,4,8,13,14,9,5,6
1,4,5,6,8,9,11,13,14>1,4,8,11,14,9,5,6
1,4,5,6,8,9,11,13,14>1,4,8,11,13,9,5,6
1,5,6,8,9,11,12,13,15>5,8,11,12,13,15,9,6
1,5,6,8,9,11,12,13,15>1,8,11,12,13,15,9,6
1,5,6,8,9,11,12,13,15>1,5,11,12,13,15,9,6
1,5,6,8,9,11,12,13,15>1,5,8,12,13,15,9,6
1,5,6,8,9,11,12,13,15>1,5,8,11,13,15,9,6
1,5,6,8,9,11,12,13,15>1,5,8,11,12,15,9,6
3,4,5,7,8,10,11,14>5,15,4,7,8,10,14
3,4,5,7,8,10,11,14>11,15,4,7,8,10,14
3,4,5,7,8,10,11,14>11,5,4,7,8,10,14
3,4,5,7,8,10,11,14>11,3,4,7,8,10,14
3,4,5,7,8,10,11,14>3,15,4,7,8,10,14
3,4,5,7,8,10,11,14>3,5,4,7,8,10,14
2,4,6,9,10,11,13,14>4,14,9,2,13,6
2,4,6,9,10,11,13,14>10,14,9,2,13,6
2,4,6,9,10,11,13,14>10,4,9,2,13,6
2,4,6,9,10,11,13,14>10,11,9,2,13,6
2,4,6,9,10,11,13,14>11,14,9,2,13,6
2,4,6,9,10,11,13,14>11,4,9,2,13,6
2,7,10,11,14>3,4,8,11,15,2,10,14,7
2,7,10,11,14>1,4,8,11,15,2,10,14,7
2,7,10,11,14>1,3,8,11,15,2,10,14,7
2,7,10,11,14>1,3,4,11,15,2,10,14,7
2,7,10,11,14>1,3,4,8,15,2,10,14,7
2,7,10,11,14>1,3,4,8,11,2,10,14,7
1,3,4,7,11,13>3,5,10,11,13,14,15,4,7
1,3,4,7,11,13>1,5,10,11,13,14,15,4,7
1,3,4,7,11,13>1,3,10,11,13,14,15,4,7
1,3,4,7,11,13>1,3,5,11,13,14,15,4,7
1,3,4,7,11,13>1,3,5,10,13,14,15,4,7
1,3,4,7,11,13>1,3,5,10,11,14,15,4,7
1,2,5,7,8,9,12,13,14>8,10,12,13,15,1,2,5,7,9,14
1,2,5,7,8,9,12,13,14>4,10,12,13,15,1,2,5,7,9,14
1,2,5,7,8,9,12,13,14>4,8,12,13,15,1,2,5,7,9,14
1,2,5,7,8,9,12,13,14>4,8,10,13,15,1,2,5,7,9,14
1,2,5,7,8,9,12,13,14>4,8,10,12,15,1,2,5,7,9,14
1,2,5,7,8,9,12,13,14>4,8,10,12,13,1,2,5,7,9,14
1,3,8,9,10,12,15>4,6,7,9,10,12,15,8,3
1,3,8,9,10,12,15>1,6,7,9,10,12,15,8,3
1,3,8,9,10,12,15>1,4,7,9,10,12,15,8,3
1,3,8,9,10,12,15>1,4,6,9,10,12,15,8,3
1,3,8,9,10,12,15>1,4,6,7,10,12,15,8,3
1,3,8,9,10,12,15>1,4,6,7,9,12,15,8,3
5,8,9,10,14>5,6,7,10,14,8,9
5,8,9,10,14>4,6,7,10,14,8,9
5,8,9,10,14>4,5,7,10,14,8,9
5,8,9,10,14>4,5,6,10,14,8,9
5,8,9,10,14>4,5,6,7,14,8,9
5,8,9,10,14>4,5,6,7,10,8,9
1,3,5,7,8,12,13,14,15>4,8,10,12,13,1,5,7,14,15
1,3,5,7,8,12,13,14,15>3,8,10,12,13,1,5,7,14,15
1,3,5,7,8,12,13,14,15>3,4,10,12,13,1,5,7,14,15
1,3,5,7,8,12,13,14,15>3,4,8,12,13,1,5,7,14,15
1,3,5,7,8,12,13,14,15>3,4,8,10,13,1,5,7,14,15
1,3,5,7,8,12,13,14,15>3,4,8,10,12,1,5,7,14,15
1,2,6,11,12,13,15>12,15,2,13,6
1,2,6,11,12,13,15>1,15,2,13,6
1,2,6,11,12,13,15>1,12,2,13,6
1,2,6,11,12,13,15>1,11,2,13,6
1,2,6,11,12,13,15>11,15,2,13,6
1,2,6,11,12,13,15>11,12,2,13,6
2,4,6,7,8,13,14,15>4,5,6,7,8,10,13,14,2,15
2,4,6,7,8,13,14,15>1,5,6,7,8,10,13,14,2,15
2,4,6,7,8,13,14,15>1,4,6,7,8,10,13,14,2,15
2,4,6,7,8,13,14,15>1,4,5,7,8,10,13,14,2,15
2,4,6,7,8,13,14,15>1,4,5,6,8,10,13,14,2,15
2,4,6,7,8,13,14,15>1,4,5,6,7,10,13,14,2,15
