AP3,UFO,FUL,FT,AP1,EMF1,LFY,AP2,WUS,AG,LUG,CLF,TFL1,PI,SEP
1,4,5,6,8,9,11,13,14>4,8,11,13,14,9,5,6
1,4,5,6,8,9,11,13,14>1,8,11,13,14,9,5,6
1,4,5,6,8,9,11,13,14>1,4,13,14,9,5,6
1,4,5,6,8,9,11,13,14>1,4,8,14,9,5,6
1,4,5,6,8,9,11,13,14>1,4,8,13,9,5,6
1,4,5,6,8,9,11,13,14>1,4,8,11,9,5,6
1,4,5,6,8,9,11,13,14>1,4,11,14,9,5,6
1,4,5,6,8,9,11,13,14>1,4,11,13,9,5,6
1,2,3,4,5,9,10,11,12,15>3,5,6,7,8,9,11,12,15,2,10,4
1,2,3,4,5,9,10,11,12,15>1,5,6,7,8,9,11,12,15,2,10,4
1,2,3,4,5,9,10,11,12,15>1,3,6,7,8,9,11,12,15,2,10,4
1,2,3,4,5,9,10,11,12,15>1,3,5,7,8,9,11,12,15,2,10,4
1,2,3,4,5,9,10,11,12,15>1,3,5,6,8,9,11,12,15,2,10,4
1,2,3,4,5,9,10,11,12,15>1,3,5,6,7,9,11,12,15,2,10,4
1,2,3,4,5,9,10,11,12,15>1,3,5,6,7,8,11,12,15,2,10,4
1,2,3,4,5,9,10,11,12,15>1,3,5,6,7,8,9,12,15,2,10,4
1,3,5,6,8,9,11,12,14>3,7,11,12,14,8,9,5,6
1,3,5,6,8,9,11,12,14>1,7,11,12,14,8,9,5,6
1,3,5,6,8,9,11,12,14>1,3,12,14,8,9,5,6
1,3,5,6,8,9,11,12,14>1,3,7,14,8,9,5,6
1,3,5,6,8,9,11,12,14>1,3,7,12,8,9,5,6
1,3,5,6,8,9,11,12,14>1,3,7,11,8,9,5,6
1,3,5,6,8,9,11,12,14>1,3,11,14,8,9,5,6
1,3,5,6,8,9,11,12,14>1,3,11,12,8,9,5,6
3,4,5,6,7,9,12,13,14,15>4,6,7,10,12,13,14,9,5,15
3,4,5,6,7,9,12,13,14,15>3,6,7,10,12,13,14,9,5,15
3,4,5,6,7,9,12,13,14,15>3,4,7,10,12,13,14,9,5,15
3,4,5,6,7,9,12,13,14,15>3,4,6,10,12,13,14,9,5,15
3,4,5,6,7,9,12,13,14,15>3,4,6,7,12,13,14,9,5,15
3,4,5,6,7,9,12,13,14,15>3,4,6,7,10,13,14,9,5,15
3,4,5,6,7,9,12,13,14,15>3,4,6,7,10,12,14,9,5,15
3,4,5,6,7,9,12,13,14,15>3,4,6,7,10,12,13,9,5,15
2,5,8,10,12,14,15>5,6,7,10,12,14,15,8,2
2,5,8,10,12,14,15>4,6,7,10,12,14,15,8,2
2,5,8,10,12,14,15>4,5,7,10,12,14,15,8,2
2,5,8,10,12,14,15>4,5,6,10,12,14,15,8,2
2,5,8,10,12,14,15>4,5,6,7,12,14,15,8,2
2,5,8,10,12,14,15>4,5,6,7,10,14,15,8,2
2,5,8,10,12,14,15>4,5,6,7,10,12,15,8,2
2,5,8,10,12,14,15>4,5,6,7,10,12,14,8,2
1,2,4,8,11,12,15>3,5,6,7,11,12,15,8,2,4
1,2,4,8,11,12,15>1,5,6,7,11,12,15,8,2,4
1,2,4,8,11,12,15>1,3,6,7,11,12,15,8,2,4
1,2,4,8,11,12,15>1,3,5,7,11,12,15,8,2,4
1,2,4,8,11,12,15>1,3,5,6,11,12,15,8,2,4
1,2,4,8,11,12,15>1,3,5,6,7,12,15,8,2,4
1,2,4,8,11,12,15>1,3,5,6,7,11,15,8,2,4
1,2,4,8,11,12,15>1,3,5,6,7,11,12,8,2,4
1,2,3,4,5,9,10,11,12>3,5,6,7,8,11,12,9,2,10,4
1,2,3,4,5,9,10,11,12>1,5,6,7,8,11,12,9,2,10,4
1,2,3,4,5,9,10,11,12>1,3,6,7,8,11,12,9,2,10,4
1,2,3,4,5,9,10,11,12>1,3,5,7,8,11,12,9,2,10,4
1,2,3,4,5,9,10,11,12>1,3,5,6,8,11,12,9,2,10,4
1,2,3,4,5,9,10,11,12>1,3,5,6,7,11,12,9,2,10,4
1,2,3,4,5,9,10,11,12>1,3,5,6,7,8,12,9,2,10,4
1,2,3,4,5,9,10,11,12>1,3,5,6,7,8,11,9,2,10,4
1,3,6,11,12,14>5,7,8,10,11,12,13,14,3,6
1,3,6,11,12,14>1,7,8,10,11,12,13,14,3,6
1,3,6,11,12,14>1,5,8,10,11,12,13,14,3,6
1,3,6,11,12,14>1,5,7,10,11,12,13,14,3,6
1,3,6,11,12,14>1,5,7,8,11,12,13,14,3,6
1,3,6,11,12,14>1,5,7,8,10,12,13,14,3,6
1,3,6,11,12,14>1,5,7,8,10,11,13,14,3,6
1,3,6,11,12,14>1,5,7,8,10,11,12,14,3,6
4,9,11,12,15>5,6,7,8,10,11,12,15,9,4
4,9,11,12,15>3,6,7,8,10,11,12,15,9,4
4,9,11,12,15>3,5,7,8,10,11,12,15,9,4
4,9,11,12,15>3,5,6,8,10,11,12,15,9,4
4,9,11,12,15>3,5,6,7,10,11,12,15,9,4
4,9,11,12,15>3,5,6,7,8,11,12,15,9,4
4,9,11,12,15>3,5,6,7,8,10,12,15,9,4
4,9,11,12,15>3,5,6,7,8,10,11,15,9,4
1,3,5,7,12,14,15>8,10,12,1,5,7,14,15
1,3,5,7,12,14,15>3,10,12,1,5,7,14,15
1,3,5,7,12,14,15>3,8,1,5,7,14,15
1,3,5,7,12,14,15>3,4,12,1,5,7,14,15
1,3,5,7,12,14,15>3,4,10,1,5,7,14,15
1,3,5,7,12,14,15>4,8,12,1,5,7,14,15
1,3,5,7,12,14,15>4,8,10,1,5,7,14,15
1,3,5,7,12,14,15>4,10,12,1,5,7,14,15
5,8,10,12,14,15>5,6,7,10,12,14,15,8
5,8,10,12,14,15>4,6,7,10,12,14,15,8
5,8,10,12,14,15>4,5,7,10,12,14,15,8
5,8,10,12,14,15>4,5,6,10,12,14,15,8
5,8,10,12,14,15>4,5,6,7,12,14,15,8
5,8,10,12,14,15>4,5,6,7,10,14,15,8
5,8,10,12,14,15>4,5,6,7,10,12,15,8
5,8,10,12,14,15>4,5,6,7,10,12,14,8
1,2,4,5,8,13>7,8,13,2,4,5
1,2,4,5,8,13>1,8,13,2,4,5
1,2,4,5,8,13>1,7,2,4,5
1,2,4,5,8,13>1,6,13,2,4,5
1,2,4,5,8,13>1,6,8,2,4,5
1,2,4,5,8,13>6,7,13,2,4,5
1,2,4,5,8,13>6,7,8,2,4,5
1,2,4,5,8,13>6,8,13,2,4,5
1,2,6,7,8,11,12,13,14,15>6,7,8,10,11,12,13,1,2,14,15
1,2,6,7,8,11,12,13,14,15>5,7,8,10,11,12,13,1,2,14,15
1,2,6,7,8,11,12,13,14,15>5,6,8,10,11,12,13,1,2,14,15
1,2,6,7,8,11,12,13,14,15>5,6,7,10,11,12,13,1,2,14,15
1,2,6,7,8,11,12,13,14,15>5,6,7,8,11,12,13,1,2,14,15
1,2,6,7,8,11,12,13,14,15>5,6,7,8,10,12,13,1,2,14,15
1,2,6,7,8,11,12,13,14,15>5,6,7,8,10,11,13,1,2,14,15
1,2,6,7,8,11,12,13,14,15>5,6,7,8,10,11,12,1,2,14,15
2,6,7,10,14>6,8,15,2,10,14,7
2,6,7,10,14>1,8,15,2,10,14,7
2,6,7,10,14>1,6,2,10,14,7
2,6,7,10,14>1,3,15,2,10,14,7
2,6,7,10,14>1,3,8,2,10,14,7
2,6,7,10,14>3,6,15,2,10,14,7
2,6,7,10,14>3,6,8,2,10,14,7
2,6,7,10,14>3,8,15,2,10,14,7
1,2,3,6,8,11,12,15>5,7,11,12,13,15,8,2,3,6
1,2,3,6,8,11,12,15>1,7,11,12,13,15,8,2,3,6
1,2,3,6,8,11,12,15>1,5,11,12,13,15,8,2,3,6
1,2,3,6,8,11,12,15>1,5,7,13,15,8,2,3,6
1,2,3,6,8,11,12,15>1,5,7,11,15,8,2,3,6
1,2,3,6,8,11,12,15>1,5,7,11,13,8,2,3,6
1,2,3,6,8,11,12,15>1,5,7,11,12,8,2,3,6
1,2,3,6,8,11,12,15>1,5,7,12,15,8,2,3,6
1,2,5,10,15>4,5,6,7,8,15,2,10
1,2,5,10,15>1,5,6,7,8,15,2,10
1,2,5,10,15>1,4,6,7,8,15,2,10
1,2,5,10,15>1,4,5,8,15,2,10
1,2,5,10,15>1,4,5,6,15,2,10
1,2,5,10,15>1,4,5,6,8,2,10
1,2,5,10,15>1,4,5,6,7,2,10
1,2,5,10,15>1,4,5,7,15,2,10
1,4,5,7,9,10,12,13>5,12,13,14,15,9,10,4,7
1,4,5,7,9,10,12,13>1,12,13,14,15,9,10,4,7
1,4,5,7,9,10,12,13>1,5,14,15,9,10,4,7
1,4,5,7,9,10,12,13>1,5,12,15,9,10,4,7
1,4,5,7,9,10,12,13>1,5,12,14,9,10,4,7
1,4,5,7,9,10,12,13>1,5,12,13,9,10,4,7
1,4,5,7,9,10,12,13>1,5,13,15,9,10,4,7
1,4,5,7,9,10,12,13>1,5,13,14,9,10,4,7
1,2,3,6,9,10,12,13,14,15>10,12,15,1,2,6,13,14
1,2,3,6,9,10,12,13,14,15>3,12,15,1,2,6,13,14
1,2,3,6,9,10,12,13,14,15>3,10,1,2,6,13,14
1,2,3,6,9,10,12,13,14,15>3,9,15,1,2,6,13,14
1,2,3,6,9,10,12,13,14,15>3,9,12,1,2,6,13,14
1,2,3,6,9,10,12,13,14,15>9,10,15,1,2,6,13,14
1,2,3,6,9,10,12,13,14,15>9,10,12,1,2,6,13,14
1,2,3,6,9,10,12,13,14,15>9,12,15,1,2,6,13,14
1,7,8,9,10,11,12>3,4,11,12,14,15,8,9,10,7
1,7,8,9,10,11,12>1,4,11,12,14,15,8,9,10,7
1,7,8,9,10,11,12>1,3,11,12,14,15,8,9,10,7
1,7,8,9,10,11,12>1,3,4,14,15,8,9,10,7
1,7,8,9,10,11,12>1,3,4,11,15,8,9,10,7
1,7,8,9,10,11,12>1,3,4,11,14,8,9,10,7
1,7,8,9,10,11,12>1,3,4,11,12,8,9,10,7
1,7,8,9,10,11,12>1,3,4,12,15,8,9,10,7
5,6,9,11,12,13,14,15>11,12,13,14,15,9,6
5,6,9,11,12,13,14,15>5,12,13,14,15,9,6
5,6,9,11,12,13,14,15>5,11,14,15,9,6
5,6,9,11,12,13,14,15>5,11,12,15,9,6
5,6,9,11,12,13,14,15>5,11,12,14,9,6
5,6,9,11,12,13,14,15>5,11,12,13,9,6
5,6,9,11,12,13,14,15>5,11,13,15,9,6
5,6,9,11,12,13,14,15>5,11,13,14,9,6
