AP3,UFO,FUL,FT,AP1,EMF1,LFY,AP2,WUS,AG,LUG,CLF,TFL1,PI,SEP
3,5,6,7,8,9,11,12,13,14,15>6,7,8,10,11,12,13,14,9,5,15
3,5,6,7,8,9,11,12,13,14,15>3,7,8,10,11,12,13,14,9,5,15
3,5,6,7,8,9,11,12,13,14,15>3,6,8,10,11,12,13,14,9,5,15
3,5,6,7,8,9,11,12,13,14,15>3,6,7,10,11,12,13,14,9,5,15
3,5,6,7,8,9,11,12,13,14,15>3,6,7,8,11,12,13,14,9,5,15
3,5,6,7,8,9,11,12,13,14,15>3,6,7,8,10,12,13,14,9,5,15
3,5,6,7,8,9,11,12,13,14,15>3,6,7,8,10,11,13,14,9,5,15
3,5,6,7,8,9,11,12,13,14,15>3,6,7,8,10,11,12,14,9,5,15
1,2,5,6,10,12,13,15>5,10,12,13,15,2,6
1,2,5,6,10,12,13,15>1,10,12,13,15,2,6
1,2,5,6,10,12,13,15>1,5,13,15,2,6
1,2,5,6,10,12,13,15>1,5,10,15,2,6
1,2,5,6,10,12,13,15>1,5,10,13,2,6
1,2,5,6,10,12,13,15>1,5,10,12,2,6
1,2,5,6,10,12,13,15>1,5,12,15,2,6
1,2,5,6,10,12,13,15>1,5,12,13,2,6
1,2,3,5,8,10,13>3,4,5,6,7,8,10,13,2
1,2,3,5,8,10,13>1,4,5,6,7,8,10,13,2
1,2,3,5,8,10,13>1,3,5,6,7,8,10,13,2
1,2,3,5,8,10,13>1,3,4,6,7,8,10,13,2
1,2,3,5,8,10,13>1,3,4,5,7,8,10,13,2
1,2,3,5,8,10,13>1,3,4,5,6,8,10,13,2
1,2,3,5,8,10,13>1,3,4,5,6,7,10,13,2
1,2,3,5,8,10,13>1,3,4,5,6,7,8,13,2
1,2,4,5,7,8,10,11,12,13>8,10,11,12,13,14,15,1,2,4,7
1,2,4,5,7,8,10,11,12,13>5,10,11,12,13,14,15,1,2,4,7
1,2,4,5,7,8,10,11,12,13>5,8,11,12,13,14,15,1,2,4,7
1,2,4,5,7,8,10,11,12,13>5,8,10,12,13,14,15,1,2,4,7
1,2,4,5,7,8,10,11,12,13>5,8,10,11,13,14,15,1,2,4,7
1,2,4,5,7,8,10,11,12,13>5,8,10,11,12,14,15,1,2,4,7
1,2,4,5,7,8,10,11,12,13>5,8,10,11,12,13,15,1,2,4,7
1,2,4,5,7,8,10,11,12,13>5,8,10,11,12,13,14,1,2,4,7
1,2,4,5,7,8,9,10,13,15>9,13,14,1,2,4,7,10,15
1,2,4,5,7,8,9,10,13,15>5,13,14,1,2,4,7,10,15
1,2,4,5,7,8,9,10,13,15>5,9,1,2,4,7,10,15
1,2,4,5,7,8,9,10,13,15>5,8,14,1,2,4,7,10,15
1,2,4,5,7,8,9,10,13,15>5,8,13,1,2,4,7,10,15
1,2,4,5,7,8,9,10,13,15>8,9,14,1,2,4,7,10,15
1,2,4,5,7,8,9,10,13,15>8,9,13,1,2,4,7,10,15
1,2,4,5,7,8,9,10,13,15>8,13,14,1,2,4,7,10,15
1,3,4,8,9,11,14>5,6,7,11,14,8,9,3,4
1,3,4,8,9,11,14>1,6,7,11,14,8,9,3,4
1,3,4,8,9,11,14>1,5,11,14,8,9,3,4
1,3,4,8,9,11,14>1,5,6,14,8,9,3,4
1,3,4,8,9,11,14>1,5,6,11,8,9,3,4
1,3,4,8,9,11,14>1,5,6,7,8,9,3,4
1,3,4,8,9,11,14>1,5,7,14,8,9,3,4
1,3,4,8,9,11,14>1,5,7,11,8,9,3,4
1,6,7,9,10,11,14>3,6,8,11,15,9,10,14,7
1,6,7,9,10,11,14>1,6,8,11,15,9,10,14,7
1,6,7,9,10,11,14>1,3,11,15,9,10,14,7
1,6,7,9,10,11,14>1,3,6,15,9,10,14,7
1,6,7,9,10,11,14>1,3,6,11,9,10,14,7
1,6,7,9,10,11,14>1,3,6,8,9,10,14,7
1,6,7,9,10,11,14>1,3,8,15,9,10,14,7
1,6,7,9,10,11,14>1,3,8,11,9,10,14,7
2,3,4,5,6,8,9,10,11,12,13,14,15>4,5,8,9,10,11,12,13,14,15,2,6
2,3,4,5,6,8,9,10,11,12,13,14,15>3,5,8,9,10,11,12,13,14,15,2,6
2,3,4,5,6,8,9,10,11,12,13,14,15>3,4,8,9,10,11,12,13,14,15,2,6
2,3,4,5,6,8,9,10,11,12,13,14,15>3,4,5,9,10,11,12,13,14,15,2,6
2,3,4,5,6,8,9,10,11,12,13,14,15>3,4,5,8,10,11,12,13,14,15,2,6
2,3,4,5,6,8,9,10,11,12,13,14,15>3,4,5,8,9,11,12,13,14,15,2,6
2,3,4,5,6,8,9,10,11,12,13,14,15>3,4,5,8,9,10,12,13,14,15,2,6
2,3,4,5,6,8,9,10,11,12,13,14,15>3,4,5,8,9,10,11,13,14,15,2,6
2,3,5,7,11,13,14,15>3,4,10,11,13,14,2,15,5,7
2,3,5,7,11,13,14,15>1,4,10,11,13,14,2,15,5,7
2,3,5,7,11,13,14,15>1,3,10,11,13,14,2,15,5,7
2,3,5,7,11,13,14,15>1,3,4,13,14,2,15,5,7
2,3,5,7,11,13,14,15>1,3,4,10,14,2,15,5,7
2,3,5,7,11,13,14,15>1,3,4,10,13,2,15,5,7
2,3,5,7,11,13,14,15>1,3,4,10,11,2,15,5,7
2,3,5,7,11,13,14,15>1,3,4,11,14,2,15,5,7
4,6,7,8,11,13,15>5,6,7,8,10,11,13,15
4,6,7,8,11,13,15>4,6,7,8,10,11,13,15
4,6,7,8,11,13,15>4,5,7,8,10,11,13,15
4,6,7,8,11,13,15>4,5,6,8,10,11,13,15
4,6,7,8,11,13,15>4,5,6,7,10,11,13,15
4,6,7,8,11,13,15>4,5,6,7,8,11,13,15
4,6,7,8,11,13,15>4,5,6,7,8,10,13,15
4,6,7,8,11,13,15>4,5,6,7,8,10,11,15
1,4,5,6,7,8,11,13>4,6,7,8,10,11,13,14,15,5
1,4,5,6,7,8,11,13>1,6,7,8,10,11,13,14,15,5
1,4,5,6,7,8,11,13>1,4,7,8,10,11,13,14,15,5
1,4,5,6,7,8,11,13>1,4,6,8,10,11,13,14,15,5
1,4,5,6,7,8,11,13>1,4,6,7,10,11,13,14,15,5
1,4,5,6,7,8,11,13>1,4,6,7,8,11,13,14,15,5
1,4,5,6,7,8,11,13>1,4,6,7,8,10,13,14,15,5
1,4,5,6,7,8,11,13>1,4,6,7,8,10,11,14,15,5
1,4,5,8,9,10,12,13,15>5,6,7,8,9,10,12,13,15,4
1,4,5,8,9,10,12,13,15>1,6,7,8,9,10,12,13,15,4
1,4,5,8,9,10,12,13,15>1,5,7,8,9,10,12,13,15,4
1,4,5,8,9,10,12,13,15>1,5,6,8,9,10,12,13,15,4
1,4,5,8,9,10,12,13,15>1,5,6,7,9,10,12,13,15,4
1,4,5,8,9,10,12,13,15>1,5,6,7,8,10,12,13,15,4
1,4,5,8,9,10,12,13,15>1,5,6,7,8,9,12,13,15,4
1,4,5,8,9,10,12,13,15>1,5,6,7,8,9,10,13,15,4
2,4,8,9,10,12>7,10,12,8,9,2,4
2,4,8,9,10,12>3,10,12,8,9,2,4
2,4,8,9,10,12>3,7,8,9,2,4
2,4,8,9,10,12>3,6,12,8,9,2,4
2,4,8,9,10,12>3,6,10,8,9,2,4
2,4,8,9,10,12>6,7,12,8,9,2,4
2,4,8,9,10,12>6,7,10,8,9,2,4
2,4,8,9,10,12>6,10,12,8,9,2,4
2,3,4,5,6,7,9,10>3,4,5,6,8,14,15,9,2,10,7
2,3,4,5,6,7,9,10>1,4,5,6,8,14,15,9,2,10,7
2,3,4,5,6,7,9,10>1,3,5,6,8,14,15,9,2,10,7
2,3,4,5,6,7,9,10>1,3,4,6,8,14,15,9,2,10,7
2,3,4,5,6,7,9,10>1,3,4,5,8,14,15,9,2,10,7
2,3,4,5,6,7,9,10>1,3,4,5,6,14,15,9,2,10,7
2,3,4,5,6,7,9,10>1,3,4,5,6,8,15,9,2,10,7
2,3,4,5,6,7,9,10>1,3,4,5,6,8,14,9,2,10,7
1,2,5,7,9,10,13,15>9,13,14,1,2,7,10,15
1,2,5,7,9,10,13,15>4,13,14,1,2,7,10,15
1,2,5,7,9,10,13,15>4,9,1,2,7,10,15
1,2,5,7,9,10,13,15>4,5,14,1,2,7,10,15
1,2,5,7,9,10,13,15>4,5,13,1,2,7,10,15
1,2,5,7,9,10,13,15>5,9,14,1,2,7,10,15
1,2,5,7,9,10,13,15>5,9,13,1,2,7,10,15
1,2,5,7,9,10,13,15>5,13,14,1,2,7,10,15
1,2,3,9,13,14>3,4,6,7,13,14,9,2
1,2,3,9,13,14>1,4,6,7,13,14,9,2
1,2,3,9,13,14>1,3,6,7,13,14,9,2
1,2,3,9,13,14>1,3,4,13,14,9,2
1,2,3,9,13,14>1,3,4,6,14,9,2
1,2,3,9,13,14>1,3,4,6,13,9,2
1,2,3,9,13,14>1,3,4,6,7,9,2
1,2,3,9,13,14>1,3,4,7,14,9,2
1,2,5,6,8,11,12,13,14,15>8,11,12,13,15,1,2,6,14
1,2,5,6,8,11,12,13,14,15>5,11,12,13,15,1,2,6,14
1,2,5,6,8,11,12,13,14,15>5,8,13,15,1,2,6,14
1,2,5,6,8,11,12,13,14,15>5,8,11,15,1,2,6,14
1,2,5,6,8,11,12,13,14,15>5,8,11,13,1,2,6,14
1,2,5,6,8,11,12,13,14,15>5,8,11,12,1,2,6,14
1,2,5,6,8,11,12,13,14,15>5,8,12,15,1,2,6,14
1,2,5,6,8,11,12,13,14,15>5,8,12,13,1,2,6,14
1,2,3,4,7,9,10,11,12,13,15>9,11,12,13,14,1,2,4,7,10,15
1,2,3,4,7,9,10,11,12,13,15>3,11,12,13,14,1,2,4,7,10,15
1,2,3,4,7,9,10,11,12,13,15>3,9,13,14,1,2,4,7,10,15
1,2,3,4,7,9,10,11,12,13,15>3,9,11,14,1,2,4,7,10,15
1,2,3,4,7,9,10,11,12,13,15>3,9,11,13,1,2,4,7,10,15
1,2,3,4,7,9,10,11,12,13,15>3,9,11,12,1,2,4,7,10,15
1,2,3,4,7,9,10,11,12,13,15>3,9,12,14,1,2,4,7,10,15
1,2,3,4,7,9,10,11,12,13,15>3,9,12,13,1,2,4,7,10,15
9,12,7>4,5,8,10,12,15,9,7
9,12,7>3,5,8,10,12,15,9,7
9,12,7>3,4,8,10,12,15,9,7
9,12,7>3,4,5,12,15,9,7
9,12,7>3,4,5,8,15,9,7
9,12,7>3,4,5,8,12,9,7
9,12,7>3,4,5,8,10,9,7
9,12,7>3,4,5,10,15,9,7
3,9,11,14,15>5,6,7,8,10,11,14,15,9,3
3,9,11,14,15>4,6,7,8,10,11,14,15,9,3
3,9,11,14,15>4,5,7,8,10,11,14,15,9,3
3,9,11,14,15>4,5,6,8,10,11,14,15,9,3
3,9,11,14,15>4,5,6,7,10,11,14,15,9,3
3,9,11,14,15>4,5,6,7,8,11,14,15,9,3
3,9,11,14,15>4,5,6,7,8,10,14,15,9,3
3,9,11,14,15>4,5,6,7,8,10,11,15,9,3
