AP3,UFO,FUL,FT,AP1,EMF1,LFY,AP2,WUS,AG,LUG,CLF,TFL1,PI,SEP
4,5,6,7,10,15>6,8,14,10,15,7
4,5,6,7,10,15>4,8,14,10,15,7
4,5,6,7,10,15>4,6,10,15,7
4,5,6,7,10,15>4,5,14,10,15,7
4,5,6,7,10,15>4,5,8,10,15,7
4,5,6,7,10,15>5,6,14,10,15,7
4,5,6,7,10,15>5,6,8,10,15,7
4,5,6,7,10,15>5,8,14,10,15,7
1,2,3,11,12,14,15>4,5,6,7,8,10,11,12,14,15,2,3
1,2,3,11,12,14,15>1,5,6,7,8,10,11,12,14,15,2,3
1,2,3,11,12,14,15>1,4,6,7,8,10,11,12,14,15,2,3
1,2,3,11,12,14,15>1,4,5,7,8,10,11,12,14,15,2,3
1,2,3,11,12,14,15>1,4,5,6,8,10,11,12,14,15,2,3
1,2,3,11,12,14,15>1,4,5,6,7,10,11,12,14,15,2,3
1,2,3,11,12,14,15>1,4,5,6,7,8,11,12,14,15,2,3
1,2,3,11,12,14,15>1,4,5,6,7,8,10,12,14,15,2,3
1,2,3,4,5,7,8,11,12>12,14,15,1,2,4,5,7,8
1,2,3,4,5,7,8,11,12>3,14,15,1,2,4,5,7,8
1,2,3,4,5,7,8,11,12>3,12,1,2,4,5,7,8
1,2,3,4,5,7,8,11,12>3,11,15,1,2,4,5,7,8
1,2,3,4,5,7,8,11,12>3,11,14,1,2,4,5,7,8
1,2,3,4,5,7,8,11,12>11,12,15,1,2,4,5,7,8
1,2,3,4,5,7,8,11,12>11,12,14,1,2,4,5,7,8
1,2,3,4,5,7,8,11,12>11,14,15,1,2,4,5,7,8
1,3,4,5,6,7,8,10,13,15>3,4,5,6,7,8,13,14,10,15
1,3,4,5,6,7,8,10,13,15>1,4,5,6,7,8,13,14,10,15
1,3,4,5,6,7,8,10,13,15>1,3,5,6,7,8,13,14,10,15
1,3,4,5,6,7,8,10,13,15>1,3,4,6,7,8,13,14,10,15
1,3,4,5,6,7,8,10,13,15>1,3,4,5,7,8,13,14,10,15
1,3,4,5,6,7,8,10,13,15>1,3,4,5,6,8,13,14,10,15
1,3,4,5,6,7,8,10,13,15>1,3,4,5,6,7,13,14,10,15
1,3,4,5,6,7,8,10,13,15>1,3,4,5,6,7,8,14,10,15
1,2,3,6,11,12,13,15>11,12,15,2,13,6
1,2,3,6,11,12,13,15>1,12,15,2,13,6
1,2,3,6,11,12,13,15>1,11,2,13,6
1,2,3,6,11,12,13,15>1,3,15,2,13,6
1,2,3,6,11,12,13,15>1,3,12,2,13,6
1,2,3,6,11,12,13,15>3,11,15,2,13,6
1,2,3,6,11,12,13,15>3,11,12,2,13,6
1,2,3,6,11,12,13,15>3,12,15,2,13,6
2,5,6,9,10,12,15>7,8,9,12,15,2,10,6
2,5,6,9,10,12,15>5,8,9,12,15,2,10,6
2,5,6,9,10,12,15>5,7,12,15,2,10,6
2,5,6,9,10,12,15>5,7,8,15,2,10,6
2,5,6,9,10,12,15>5,7,8,12,2,10,6
2,5,6,9,10,12,15>5,7,8,9,2,10,6
2,5,6,9,10,12,15>5,7,9,15,2,10,6
2,5,6,9,10,12,15>5,7,9,12,2,10,6
1,3,5,8,10,11>3,4,5,6,7,10,11,8
1,3,5,8,10,11>1,4,5,6,7,10,11,8
1,3,5,8,10,11>1,3,5,6,7,10,11,8
1,3,5,8,10,11>1,3,4,6,7,10,11,8
1,3,5,8,10,11>1,3,4,5,7,10,11,8
1,3,5,8,10,11>1,3,4,5,6,10,11,8
1,3,5,8,10,11>1,3,4,5,6,7,11,8
1,3,5,8,10,11>1,3,4,5,6,7,10,8
2,3,7,8,9,10,12,13,14,15>3,4,8,9,12,13,2,7,10,14,15
2,3,7,8,9,10,12,13,14,15>1,4,8,9,12,13,2,7,10,14,15
2,3,7,8,9,10,12,13,14,15>1,3,8,9,12,13,2,7,10,14,15
2,3,7,8,9,10,12,13,14,15>1,3,4,12,13,2,7,10,14,15
2,3,7,8,9,10,12,13,14,15>1,3,4,8,13,2,7,10,14,15
2,3,7,8,9,10,12,13,14,15>1,3,4,8,12,2,7,10,14,15
2,3,7,8,9,10,12,13,14,15>1,3,4,8,9,2,7,10,14,15
2,3,7,8,9,10,12,13,14,15>1,3,4,9,13,2,7,10,14,15
1,4,5,6,7,8,9,10,11,12,13,15>4,5,6,7,8,9,11,12,13,14,10,15
1,4,5,6,7,8,9,10,11,12,13,15>1,5,6,7,8,9,11,12,13,14,10,15
1,4,5,6,7,8,9,10,11,12,13,15>1,4,6,7,8,9,11,12,13,14,10,15
1,4,5,6,7,8,9,10,11,12,13,15>1,4,5,7,8,9,11,12,13,14,10,15
1,4,5,6,7,8,9,10,11,12,13,15>1,4,5,6,8,9,11,12,13,14,10,15
1,4,5,6,7,8,9,10,11,12,13,15>1,4,5,6,7,9,11,12,13,14,10,15
1,4,5,6,7,8,9,10,11,12,13,15>1,4,5,6,7,8,11,12,13,14,10,15
1,4,5,6,7,8,9,10,11,12,13,15>1,4,5,6,7,8,9,12,13,14,10,15
2,3,5,6,7,9,13,15>3,6,7,10,13,9,2,5,15
2,3,5,6,7,9,13,15>1,6,7,10,13,9,2,5,15
2,3,5,6,7,9,13,15>1,3,10,13,9,2,5,15
2,3,5,6,7,9,13,15>1,3,6,13,9,2,5,15
2,3,5,6,7,9,13,15>1,3,6,10,9,2,5,15
2,3,5,6,7,9,13,15>1,3,6,7,9,2,5,15
2,3,5,6,7,9,13,15>1,3,7,13,9,2,5,15
2,3,5,6,7,9,13,15>1,3,7,10,9,2,5,15
2,5,7,9,12,13,15>10,12,13,2,5,7,9,15
2,5,7,9,12,13,15>1,12,13,2,5,7,9,15
2,5,7,9,12,13,15>1,10,2,5,7,9,15
2,5,7,9,12,13,15>1,4,13,2,5,7,9,15
2,5,7,9,12,13,15>1,4,12,2,5,7,9,15
2,5,7,9,12,13,15>4,10,13,2,5,7,9,15
2,5,7,9,12,13,15>4,10,12,2,5,7,9,15
2,5,7,9,12,13,15>4,12,13,2,5,7,9,15
1,6,7,13,15>5,6,7,10,13,14,15
1,6,7,13,15>1,6,7,10,13,14,15
1,6,7,13,15>1,5,7,10,13,14,15
1,6,7,13,15>1,5,6,13,14,15
1,6,7,13,15>1,5,6,7,14,15
1,6,7,13,15>1,5,6,7,13,15
1,6,7,13,15>1,5,6,7,10,15
1,6,7,13,15>1,5,6,10,14,15
2,3,5,6,8,9,10,12,14,15>5,7,9,10,12,14,15,8,2,6
2,3,5,6,8,9,10,12,14,15>3,7,9,10,12,14,15,8,2,6
2,3,5,6,8,9,10,12,14,15>3,5,9,10,12,14,15,8,2,6
2,3,5,6,8,9,10,12,14,15>3,5,7,10,12,14,15,8,2,6
2,3,5,6,8,9,10,12,14,15>3,5,7,9,12,14,15,8,2,6
2,3,5,6,8,9,10,12,14,15>3,5,7,9,10,14,15,8,2,6
2,3,5,6,8,9,10,12,14,15>3,5,7,9,10,12,15,8,2,6
2,3,5,6,8,9,10,12,14,15>3,5,7,9,10,12,14,8,2,6
4,6,9,10,11,14>4,7,8,11,13,14,9,10,6
4,6,9,10,11,14>3,7,8,11,13,14,9,10,6
4,6,9,10,11,14>3,4,8,11,13,14,9,10,6
4,6,9,10,11,14>3,4,7,13,14,9,10,6
4,6,9,10,11,14>3,4,7,8,14,9,10,6
4,6,9,10,11,14>3,4,7,8,13,9,10,6
4,6,9,10,11,14>3,4,7,8,11,9,10,6
4,6,9,10,11,14>3,4,7,11,14,9,10,6
7,11,12,13,14,15>5,10,11,12,13,14,15,7
7,11,12,13,14,15>4,10,11,12,13,14,15,7
7,11,12,13,14,15>4,5,11,12,13,14,15,7
7,11,12,13,14,15>4,5,10,13,14,15,7
7,11,12,13,14,15>4,5,10,11,14,15,7
7,11,12,13,14,15>4,5,10,11,13,15,7
7,11,12,13,14,15>4,5,10,11,12,15,7
7,11,12,13,14,15>4,5,10,12,14,15,7
1,3,4,5,6,7,13,15>3,4,6,7,10,13,14,5,15
1,3,4,5,6,7,13,15>1,4,6,7,10,13,14,5,15
1,3,4,5,6,7,13,15>1,3,6,7,10,13,14,5,15
1,3,4,5,6,7,13,15>1,3,4,7,10,13,14,5,15
1,3,4,5,6,7,13,15>1,3,4,6,10,13,14,5,15
1,3,4,5,6,7,13,15>1,3,4,6,7,13,14,5,15
1,3,4,5,6,7,13,15>1,3,4,6,7,10,14,5,15
1,3,4,5,6,7,13,15>1,3,4,6,7,10,13,5,15
2,5,7,8,9,11,13>4,8,10,11,13,15,9,2,5,7
2,5,7,8,9,11,13>1,8,10,11,13,15,9,2,5,7
2,5,7,8,9,11,13>1,4,10,11,13,15,9,2,5,7
2,5,7,8,9,11,13>1,4,8,13,15,9,2,5,7
2,5,7,8,9,11,13>1,4,8,10,15,9,2,5,7
2,5,7,8,9,11,13>1,4,8,10,13,9,2,5,7
2,5,7,8,9,11,13>1,4,8,10,11,9,2,5,7
2,5,7,8,9,11,13>1,4,8,11,15,9,2,5,7
2,3,4,6,7,9,11,12,13,14,15>3,4,5,6,7,10,11,12,13,14,9,2,15
2,3,4,6,7,9,11,12,13,14,15>1,4,5,6,7,10,11,12,13,14,9,2,15
2,3,4,6,7,9,11,12,13,14,15>1,3,5,6,7,10,11,12,13,14,9,2,15
2,3,4,6,7,9,11,12,13,14,15>1,3,4,6,7,10,11,12,13,14,9,2,15
2,3,4,6,7,9,11,12,13,14,15>1,3,4,5,7,10,11,12,13,14,9,2,15
2,3,4,6,7,9,11,12,13,14,15>1,3,4,5,6,10,11,12,13,14,9,2,15
2,3,4,6,7,9,11,12,13,14,15>1,3,4,5,6,7,11,12,13,14,9,2,15
2,3,4,6,7,9,11,12,13,14,15>1,3,4,5,6,7,10,12,13,14,9,2,15
1,2,3,5,7,8,9,10,11,14,15>5,9,11,1,2,7,8,10,14,15
1,2,3,5,7,8,9,10,11,14,15>3,9,11,1,2,7,8,10,14,15
1,2,3,5,7,8,9,10,11,14,15>3,5,1,2,7,8,10,14,15
1,2,3,5,7,8,9,10,11,14,15>3,4,11,1,2,7,8,10,14,15
1,2,3,5,7,8,9,10,11,14,15>3,4,9,1,2,7,8,10,14,15
1,2,3,5,7,8,9,10,11,14,15>4,5,11,1,2,7,8,10,14,15
1,2,3,5,7,8,9,10,11,14,15>4,5,9,1,2,7,8,10,14,15
1,2,3,5,7,8,9,10,11,14,15>4,9,11,1,2,7,8,10,14,15
1,2,6,7,8,10,11,13,14>7,8,11,13,15,1,2,10,14
1,2,6,7,8,10,11,13,14>6,8,11,13,15,1,2,10,14
1,2,6,7,8,10,11,13,14>6,7,13,15,1,2,10,14
1,2,6,7,8,10,11,13,14>6,7,8,15,1,2,10,14
1,2,6,7,8,10,11,13,14>6,7,8,13,1,2,10,14
1,2,6,7,8,10,11,13,14>6,7,8,11,1,2,10,14
1,2,6,7,8,10,11,13,14>6,7,11,15,1,2,10,14
1,2,6,7,8,10,11,13,14>6,7,11,13,1,2,10,14
