AP3,UFO,FUL,FT,AP1,EMF1,LFY,AP2,WUS,AG,LUG,CLF,TFL1,PI,SEP
2,7,8,9,12>3,4,5,10,12,15,8,9,2,7
2,7,8,9,12>1,4,5,10,12,15,8,9,2,7
2,7,8,9,12>1,3,10,12,15,8,9,2,7
2,7,8,9,12>1,3,4,12,15,8,9,2,7
2,7,8,9,12>1,3,4,10,8,9,2,7
2,7,8,9,12>1,3,4,5,15,8,9,2,7
2,7,8,9,12>1,3,4,5,12,8,9,2,7
2,7,8,9,12>1,3,5,10,15,8,9,2,7
2,7,8,9,12>1,3,5,10,12,8,9,2,7
2,7,8,9,12>1,3,5,12,15,8,9,2,7
11,4,12>5,6,7,8,10,11,12,4
11,4,12>3,6,7,8,10,11,12,4
11,4,12>3,5,7,8,10,11,12,4
11,4,12>3,5,6,8,10,11,12,4
11,4,12>3,5,6,7,11,12,4
11,4,12>3,5,6,7,8,12,4
11,4,12>3,5,6,7,8,11,4
11,4,12>3,5,6,7,8,10,4
11,4,12>3,5,6,7,10,12,4
11,4,12>3,5,6,7,10,11,4
1,3,6,7,11,15>5,6,8,10,11,14,3,15,7
1,3,6,7,11,15>1,6,8,10,11,14,3,15,7
1,3,6,7,11,15>1,5,10,11,14,3,15,7
1,3,6,7,11,15>1,5,6,11,14,3,15,7
1,3,6,7,11,15>1,5,6,10,3,15,7
1,3,6,7,11,15>1,5,6,8,14,3,15,7
1,3,6,7,11,15>1,5,6,8,11,3,15,7
1,3,6,7,11,15>1,5,8,10,14,3,15,7
1,3,6,7,11,15>1,5,8,10,11,3,15,7
1,3,6,7,11,15>1,5,8,11,14,3,15,7
2,4,8,11,12>5,6,7,11,12,8,2,4
2,4,8,11,12>3,7,11,12,8,2,4
2,4,8,11,12>3,5,11,12,8,2,4
2,4,8,11,12>3,5,7,11,8,2,4
2,4,8,11,12>3,5,7,12,8,2,4
2,4,8,11,12>3,5,6,7,8,2,4
2,4,8,11,12>3,6,7,11,8,2,4
2,4,8,11,12>3,5,6,12,8,2,4
2,4,8,11,12>3,5,6,11,8,2,4
2,4,8,11,12>3,6,7,12,8,2,4
1,3,4,6,7,9,13,14>3,4,5,6,7,10,13,15,9,14
1,3,4,6,7,9,13,14>1,4,5,6,7,10,13,15,9,14
1,3,4,6,7,9,13,14>1,3,5,6,7,10,13,15,9,14
1,3,4,6,7,9,13,14>1,3,4,6,7,10,13,15,9,14
1,3,4,6,7,9,13,14>1,3,4,5,7,10,13,15,9,14
1,3,4,6,7,9,13,14>1,3,4,5,6,13,15,9,14
1,3,4,6,7,9,13,14>1,3,4,5,6,7,15,9,14
1,3,4,6,7,9,13,14>1,3,4,5,6,7,13,9,14
1,3,4,6,7,9,13,14>1,3,4,5,6,7,10,9,14
1,3,4,6,7,9,13,14>1,3,4,5,6,10,15,9,14
3,4,6,8,14,15>5,7,13,14,15,8,3,6
3,4,6,8,14,15>4,13,14,15,8,3,6
3,4,6,8,14,15>4,5,14,15,8,3,6
3,4,6,8,14,15>4,5,13,14,8,3,6
3,4,6,8,14,15>4,5,13,15,8,3,6
3,4,6,8,14,15>4,5,7,13,8,3,6
3,4,6,8,14,15>4,7,13,14,8,3,6
3,4,6,8,14,15>4,5,7,15,8,3,6
3,4,6,8,14,15>4,5,7,14,8,3,6
3,4,6,8,14,15>4,7,13,15,8,3,6
1,3,4,6,7,9,11,15>4,5,6,8,10,11,14,9,3,15,7
1,3,4,6,7,9,11,15>1,5,6,8,10,11,14,9,3,15,7
1,3,4,6,7,9,11,15>1,4,6,8,10,11,14,9,3,15,7
1,3,4,6,7,9,11,15>1,4,5,8,10,11,14,9,3,15,7
1,3,4,6,7,9,11,15>1,4,5,6,11,14,9,3,15,7
1,3,4,6,7,9,11,15>1,4,5,6,8,14,9,3,15,7
1,3,4,6,7,9,11,15>1,4,5,6,8,11,9,3,15,7
1,3,4,6,7,9,11,15>1,4,5,6,8,10,9,3,15,7
1,3,4,6,7,9,11,15>1,4,5,6,10,14,9,3,15,7
1,3,4,6,7,9,11,15>1,4,5,6,10,11,9,3,15,7
3,6,7,8,9,13,14>5,6,7,8,10,13,14,15,9
3,6,7,8,9,13,14>3,6,7,8,10,13,14,15,9
3,6,7,8,9,13,14>3,5,7,8,10,13,14,15,9
3,6,7,8,9,13,14>3,5,6,8,10,13,14,15,9
3,6,7,8,9,13,14>3,5,6,7,10,13,14,15,9
3,6,7,8,9,13,14>3,5,6,7,8,14,15,9
3,6,7,8,9,13,14>3,5,6,7,8,10,15,9
3,6,7,8,9,13,14>3,5,6,7,8,10,14,9
3,6,7,8,9,13,14>3,5,6,7,8,10,13,9
3,6,7,8,9,13,14>3,5,6,7,8,13,15,9
1,7,8,9,10,11>3,4,11,14,15,8,9,10,7
1,7,8,9,10,11>1,11,14,15,8,9,10,7
1,7,8,9,10,11>1,3,14,15,8,9,10,7
1,7,8,9,10,11>1,3,11,14,8,9,10,7
1,7,8,9,10,11>1,3,11,15,8,9,10,7
1,7,8,9,10,11>1,3,4,11,8,9,10,7
1,7,8,9,10,11>1,4,11,14,8,9,10,7
1,7,8,9,10,11>1,3,4,15,8,9,10,7
1,7,8,9,10,11>1,3,4,14,8,9,10,7
1,7,8,9,10,11>1,4,11,15,8,9,10,7
3,4,5,7,9,10,11,12,15>5,8,9,11,12,14,10,4,15,7
3,4,5,7,9,10,11,12,15>3,8,9,11,12,14,10,4,15,7
3,4,5,7,9,10,11,12,15>3,5,11,12,14,10,4,15,7
3,4,5,7,9,10,11,12,15>3,5,8,12,14,10,4,15,7
3,4,5,7,9,10,11,12,15>3,5,8,11,10,4,15,7
3,4,5,7,9,10,11,12,15>3,5,8,9,14,10,4,15,7
3,4,5,7,9,10,11,12,15>3,5,8,9,12,10,4,15,7
3,4,5,7,9,10,11,12,15>3,5,9,11,14,10,4,15,7
3,4,5,7,9,10,11,12,15>3,5,9,11,12,10,4,15,7
3,4,5,7,9,10,11,12,15>3,5,9,12,14,10,4,15,7
1,7,8,9,10,12,14>4,12,15,7,8,9,10,14
1,7,8,9,10,12,14>1,12,15,7,8,9,10,14
1,7,8,9,10,12,14>1,4,12,7,8,9,10,14
1,7,8,9,10,12,14>1,4,15,7,8,9,10,14
1,7,8,9,10,12,14>1,3,4,7,8,9,10,14
1,7,8,9,10,12,14>3,4,12,7,8,9,10,14
1,7,8,9,10,12,14>1,3,15,7,8,9,10,14
1,7,8,9,10,12,14>1,3,12,7,8,9,10,14
1,7,8,9,10,12,14>3,4,15,7,8,9,10,14
1,7,8,9,10,12,14>3,12,15,7,8,9,10,14
11,3,12,6>7,8,10,11,12,13,3,6
11,3,12,6>5,8,10,11,12,13,3,6
11,3,12,6>5,7,11,12,13,3,6
11,3,12,6>5,7,8,12,13,3,6
11,3,12,6>5,7,8,11,3,6
11,3,12,6>5,7,8,10,13,3,6
11,3,12,6>5,7,8,10,12,3,6
11,3,12,6>5,7,10,11,13,3,6
11,3,12,6>5,7,10,11,12,3,6
11,3,12,6>5,7,10,12,13,3,6
1,4,5,6,7,8,9,11,13,14>4,6,7,8,10,11,13,15,9,5,14
1,4,5,6,7,8,9,11,13,14>1,6,7,8,10,11,13,15,9,5,14
1,4,5,6,7,8,9,11,13,14>1,4,7,8,10,11,13,15,9,5,14
1,4,5,6,7,8,9,11,13,14>1,4,6,8,10,11,13,15,9,5,14
1,4,5,6,7,8,9,11,13,14>1,4,6,7,10,11,13,15,9,5,14
1,4,5,6,7,8,9,11,13,14>1,4,6,7,8,13,15,9,5,14
1,4,5,6,7,8,9,11,13,14>1,4,6,7,8,10,15,9,5,14
1,4,5,6,7,8,9,11,13,14>1,4,6,7,8,10,13,9,5,14
1,4,5,6,7,8,9,11,13,14>1,4,6,7,8,10,11,9,5,14
1,4,5,6,7,8,9,11,13,14>1,4,6,7,8,11,15,9,5,14
2,3,4,5,6,7,8,10,12,13,14>3,4,5,6,7,8,12,13,15,2,10,14
2,3,4,5,6,7,8,10,12,13,14>1,4,5,6,7,8,12,13,15,2,10,14
2,3,4,5,6,7,8,10,12,13,14>1,3,5,6,7,8,12,13,15,2,10,14
2,3,4,5,6,7,8,10,12,13,14>1,3,4,6,7,8,12,13,15,2,10,14
2,3,4,5,6,7,8,10,12,13,14>1,3,4,5,7,8,12,13,15,2,10,14
2,3,4,5,6,7,8,10,12,13,14>1,3,4,5,6,8,12,13,15,2,10,14
2,3,4,5,6,7,8,10,12,13,14>1,3,4,5,6,7,12,13,15,2,10,14
2,3,4,5,6,7,8,10,12,13,14>1,3,4,5,6,7,8,13,15,2,10,14
2,3,4,5,6,7,8,10,12,13,14>1,3,4,5,6,7,8,12,15,2,10,14
2,3,4,5,6,7,8,10,12,13,14>1,3,4,5,6,7,8,12,13,2,10,14
3,4,5,6,7,13,14>4,6,7,10,13,14,15,5
3,4,5,6,7,13,14>3,6,7,10,13,14,15,5
3,4,5,6,7,13,14>3,4,7,10,13,14,15,5
3,4,5,6,7,13,14>3,4,6,10,13,14,15,5
3,4,5,6,7,13,14>3,4,6,7,14,15,5
3,4,5,6,7,13,14>3,4,6,7,10,15,5
3,4,5,6,7,13,14>3,4,6,7,10,14,5
3,4,5,6,7,13,14>3,4,6,7,10,13,5
3,4,5,6,7,13,14>3,4,6,7,13,15,5
3,4,5,6,7,13,14>3,4,6,7,13,14,5
3,5,6,8,9,12,14,15>12,14,15,8,9,5,6
3,5,6,8,9,12,14,15>3,14,15,8,9,5,6
3,5,6,8,9,12,14,15>3,12,14,8,9,5,6
3,5,6,8,9,12,14,15>3,12,15,8,9,5,6
3,5,6,8,9,12,14,15>3,7,12,8,9,5,6
3,5,6,8,9,12,14,15>7,12,14,8,9,5,6
3,5,6,8,9,12,14,15>3,7,15,8,9,5,6
3,5,6,8,9,12,14,15>3,7,14,8,9,5,6
3,5,6,8,9,12,14,15>7,12,15,8,9,5,6
3,5,6,8,9,12,14,15>7,14,15,8,9,5,6
1,2,3,5,6,7,10,11,14>5,6,8,11,15,1,2,7,10,14
1,2,3,5,6,7,10,11,14>3,8,11,15,1,2,7,10,14
1,2,3,5,6,7,10,11,14>3,5,11,15,1,2,7,10,14
1,2,3,5,6,7,10,11,14>3,5,8,11,1,2,7,10,14
1,2,3,5,6,7,10,11,14>3,5,8,15,1,2,7,10,14
1,2,3,5,6,7,10,11,14>3,5,6,8,1,2,7,10,14
1,2,3,5,6,7,10,11,14>3,6,8,11,1,2,7,10,14
1,2,3,5,6,7,10,11,14>3,5,6,15,1,2,7,10,14
1,2,3,5,6,7,10,11,14>3,5,6,11,1,2,7,10,14
1,2,3,5,6,7,10,11,14>3,6,8,15,1,2,7,10,14
1,2,5,6,7,11,12,14>8,10,11,12,15,1,2,5,7,14
1,2,5,6,7,11,12,14>6,11,12,15,1,2,5,7,14
1,2,5,6,7,11,12,14>6,8,12,15,1,2,5,7,14
1,2,5,6,7,11,12,14>6,8,11,12,1,2,5,7,14
1,2,5,6,7,11,12,14>6,8,11,15,1,2,5,7,14
1,2,5,6,7,11,12,14>6,8,10,11,1,2,5,7,14
1,2,5,6,7,11,12,14>6,10,11,12,1,2,5,7,14
1,2,5,6,7,11,12,14>6,8,10,15,1,2,5,7,14
1,2,5,6,7,11,12,14>6,8,10,12,1,2,5,7,14
1,2,5,6,7,11,12,14>6,10,11,15,1,2,5,7,14
2,4,5,6,7,11,12,13,14,15>4,6,7,10,11,12,13,14,2,5,15
2,4,5,6,7,11,12,13,14,15>1,6,7,10,11,12,13,14,2,5,15
2,4,5,6,7,11,12,13,14,15>1,4,7,10,11,12,13,14,2,5,15
2,4,5,6,7,11,12,13,14,15>1,4,6,10,11,12,13,14,2,5,15
2,4,5,6,7,11,12,13,14,15>1,4,6,7,11,12,13,14,2,5,15
2,4,5,6,7,11,12,13,14,15>1,4,6,7,10,13,14,2,5,15
2,4,5,6,7,11,12,13,14,15>1,4,6,7,10,11,14,2,5,15
2,4,5,6,7,11,12,13,14,15>1,4,6,7,10,11,13,2,5,15
2,4,5,6,7,11,12,13,14,15>1,4,6,7,10,11,12,2,5,15
2,4,5,6,7,11,12,13,14,15>1,4,6,7,10,12,14,2,5,15
9,11,13,14,15>6,7,11,13,14,15,9
9,11,13,14,15>4,7,11,13,14,15,9
9,11,13,14,15>4,6,13,14,15,9
9,11,13,14,15>4,6,7,14,15,9
9,11,13,14,15>4,6,7,13,9
9,11,13,14,15>4,6,7,11,15,9
9,11,13,14,15>4,6,7,11,14,9
9,11,13,14,15>4,6,11,13,15,9
9,11,13,14,15>4,6,11,13,14,9
9,11,13,14,15>4,6,11,14,15,9
5,6,9,10,11,12,15>7,8,9,11,12,15,10,6
5,6,9,10,11,12,15>5,8,9,11,12,15,10,6
5,6,9,10,11,12,15>5,7,11,12,15,10,6
5,6,9,10,11,12,15>5,7,8,12,15,10,6
5,6,9,10,11,12,15>5,7,8,11,10,6
5,6,9,10,11,12,15>5,7,8,9,15,10,6
5,6,9,10,11,12,15>5,7,8,9,12,10,6
5,6,9,10,11,12,15>5,7,9,11,15,10,6
5,6,9,10,11,12,15>5,7,9,11,12,10,6
5,6,9,10,11,12,15>5,7,9,12,15,10,6
3,4,7,8,9,10,11,13,14>11,13,15,4,7,9,10,14
3,4,7,8,9,10,11,13,14>3,13,15,4,7,9,10,14
3,4,7,8,9,10,11,13,14>3,11,13,4,7,9,10,14
3,4,7,8,9,10,11,13,14>3,11,15,4,7,9,10,14
3,4,7,8,9,10,11,13,14>3,8,11,4,7,9,10,14
3,4,7,8,9,10,11,13,14>8,11,13,4,7,9,10,14
3,4,7,8,9,10,11,13,14>3,8,15,4,7,9,10,14
3,4,7,8,9,10,11,13,14>3,8,13,4,7,9,10,14
3,4,7,8,9,10,11,13,14>8,11,15,4,7,9,10,14
3,4,7,8,9,10,11,13,14>8,13,15,4,7,9,10,14
7,8,12,13,14>5,8,10,12,13,14,15,7
7,8,12,13,14>4,8,10,12,13,14,15,7
7,8,12,13,14>4,5,10,12,13,14,15,7
7,8,12,13,14>4,5,8,12,13,14,15,7
7,8,12,13,14>4,5,8,10,14,15,7
7,8,12,13,14>4,5,8,10,12,15,7
7,8,12,13,14>4,5,8,10,12,14,7
7,8,12,13,14>4,5,8,10,12,13,7
7,8,12,13,14>4,5,8,10,13,15,7
7,8,12,13,14>4,5,8,10,13,14,7
1,3,4,9,10,11,14>6,7,8,11,14,9,10,3,4
1,3,4,9,10,11,14>1,8,11,14,9,10,3,4
1,3,4,9,10,11,14>1,6,11,14,9,10,3,4
1,3,4,9,10,11,14>1,6,8,11,9,10,3,4
1,3,4,9,10,11,14>1,6,8,14,9,10,3,4
1,3,4,9,10,11,14>1,6,7,8,9,10,3,4
1,3,4,9,10,11,14>1,7,8,11,9,10,3,4
1,3,4,9,10,11,14>1,6,7,14,9,10,3,4
1,3,4,9,10,11,14>1,6,7,11,9,10,3,4
1,3,4,9,10,11,14>1,7,8,14,9,10,3,4
1,2,3,6,9,10,12,13,14>10,12,14,9,2,13,6
1,2,3,6,9,10,12,13,14>1,12,14,9,2,13,6
1,2,3,6,9,10,12,13,14>1,10,12,9,2,13,6
1,2,3,6,9,10,12,13,14>1,10,14,9,2,13,6
1,2,3,6,9,10,12,13,14>1,3,10,9,2,13,6
1,2,3,6,9,10,12,13,14>3,10,12,9,2,13,6
1,2,3,6,9,10,12,13,14>1,3,14,9,2,13,6
1,2,3,6,9,10,12,13,14>1,3,12,9,2,13,6
1,2,3,6,9,10,12,13,14>3,10,14,9,2,13,6
1,2,3,6,9,10,12,13,14>3,12,14,9,2,13,6
10,11,13>6,7,10,11,13
10,11,13>4,10,11,13
10,11,13>4,6,11,13
10,11,13>4,6,10,11
10,11,13>4,6,10,13
10,11,13>4,6,7,10
10,11,13>4,7,10,11
10,11,13>4,6,7,13
10,11,13>4,6,7,11
10,11,13>4,7,10,13
2,4,5,6,10,11,12,13,14>5,10,11,12,13,14,2,6
2,4,5,6,10,11,12,13,14>4,10,11,12,13,14,2,6
2,4,5,6,10,11,12,13,14>4,5,12,13,14,2,6
2,4,5,6,10,11,12,13,14>4,5,10,13,14,2,6
2,4,5,6,10,11,12,13,14>4,5,10,12,2,6
2,4,5,6,10,11,12,13,14>4,5,10,11,14,2,6
2,4,5,6,10,11,12,13,14>4,5,10,11,13,2,6
2,4,5,6,10,11,12,13,14>4,5,11,12,14,2,6
2,4,5,6,10,11,12,13,14>4,5,11,12,13,2,6
2,4,5,6,10,11,12,13,14>4,5,11,13,14,2,6
1,2,5,10,11,14>4,5,6,7,8,11,14,2,10
1,2,5,10,11,14>1,5,6,7,8,11,14,2,10
1,2,5,10,11,14>1,4,6,7,8,11,14,2,10
1,2,5,10,11,14>1,4,5,7,8,11,14,2,10
1,2,5,10,11,14>1,4,5,6,11,14,2,10
1,2,5,10,11,14>1,4,5,6,7,14,2,10
1,2,5,10,11,14>1,4,5,6,7,11,2,10
1,2,5,10,11,14>1,4,5,6,7,8,2,10
1,2,5,10,11,14>1,4,5,6,8,14,2,10
1,2,5,10,11,14>1,4,5,6,8,11,2,10
1,2,7,11,13,14,15>10,11,13,1,2,7,14,15
1,2,7,11,13,14,15>4,11,13,1,2,7,14,15
1,2,7,11,13,14,15>4,10,11,1,2,7,14,15
1,2,7,11,13,14,15>4,10,13,1,2,7,14,15
1,2,7,11,13,14,15>4,5,10,1,2,7,14,15
1,2,7,11,13,14,15>5,10,11,1,2,7,14,15
1,2,7,11,13,14,15>4,5,13,1,2,7,14,15
1,2,7,11,13,14,15>4,5,11,1,2,7,14,15
1,2,7,11,13,14,15>5,10,13,1,2,7,14,15
1,2,7,11,13,14,15>5,11,13,1,2,7,14,15
1,4,6,7,8,11,12,14,15>3,4,5,6,10,11,12,8,15,14,7
1,4,6,7,8,11,12,14,15>1,4,5,6,10,11,12,8,15,14,7
1,4,6,7,8,11,12,14,15>1,3,5,6,10,11,12,8,15,14,7
1,4,6,7,8,11,12,14,15>1,3,4,6,10,11,12,8,15,14,7
1,4,6,7,8,11,12,14,15>1,3,4,5,11,12,8,15,14,7
1,4,6,7,8,11,12,14,15>1,3,4,5,6,12,8,15,14,7
1,4,6,7,8,11,12,14,15>1,3,4,5,6,11,8,15,14,7
1,4,6,7,8,11,12,14,15>1,3,4,5,6,10,8,15,14,7
1,4,6,7,8,11,12,14,15>1,3,4,5,10,12,8,15,14,7
1,4,6,7,8,11,12,14,15>1,3,4,5,10,11,8,15,14,7
2,3,4,8,10,11,13,14>6,7,8,10,11,13,14,2,4
2,3,4,8,10,11,13,14>3,7,8,10,11,13,14,2,4
2,3,4,8,10,11,13,14>3,6,8,10,11,13,14,2,4
2,3,4,8,10,11,13,14>3,6,7,10,11,13,14,2,4
2,3,4,8,10,11,13,14>3,6,7,8,13,14,2,4
2,3,4,8,10,11,13,14>3,6,7,8,10,14,2,4
2,3,4,8,10,11,13,14>3,6,7,8,10,13,2,4
2,3,4,8,10,11,13,14>3,6,7,8,10,11,2,4
2,3,4,8,10,11,13,14>3,6,7,8,11,14,2,4
2,3,4,8,10,11,13,14>3,6,7,8,11,13,2,4
3,4,6,7,8,11,14,15>5,6,10,11,14,8,3,15,7
3,4,6,7,8,11,14,15>4,10,11,14,8,3,15,7
3,4,6,7,8,11,14,15>4,5,11,14,8,3,15,7
3,4,6,7,8,11,14,15>4,5,10,11,8,3,15,7
3,4,6,7,8,11,14,15>4,5,10,14,8,3,15,7
3,4,6,7,8,11,14,15>4,5,6,10,8,3,15,7
3,4,6,7,8,11,14,15>4,6,10,11,8,3,15,7
3,4,6,7,8,11,14,15>4,5,6,14,8,3,15,7
3,4,6,7,8,11,14,15>4,5,6,11,8,3,15,7
3,4,6,7,8,11,14,15>4,6,10,14,8,3,15,7
2,4,6,7,9,11,14,15>3,4,5,6,8,10,11,14,9,2,15,7
2,4,6,7,9,11,14,15>1,4,5,6,8,10,11,14,9,2,15,7
2,4,6,7,9,11,14,15>1,3,5,6,8,10,11,14,9,2,15,7
2,4,6,7,9,11,14,15>1,3,4,6,8,10,11,14,9,2,15,7
2,4,6,7,9,11,14,15>1,3,4,5,8,10,11,14,9,2,15,7
2,4,6,7,9,11,14,15>1,3,4,5,6,11,14,9,2,15,7
2,4,6,7,9,11,14,15>1,3,4,5,6,8,14,9,2,15,7
2,4,6,7,9,11,14,15>1,3,4,5,6,8,11,9,2,15,7
2,4,6,7,9,11,14,15>1,3,4,5,6,8,10,9,2,15,7
2,4,6,7,9,11,14,15>1,3,4,5,6,10,14,9,2,15,7
1,4,7,11,12,15>3,5,8,10,11,12,14,4,15,7
1,4,7,11,12,15>1,5,8,10,11,12,14,4,15,7
1,4,7,11,12,15>1,3,8,10,11,12,14,4,15,7
1,4,7,11,12,15>1,3,5,10,11,12,14,4,15,7
1,4,7,11,12,15>1,3,5,8,12,14,4,15,7
1,4,7,11,12,15>1,3,5,8,10,14,4,15,7
1,4,7,11,12,15>1,3,5,8,10,12,4,15,7
1,4,7,11,12,15>1,3,5,8,10,11,4,15,7
1,4,7,11,12,15>1,3,5,8,11,14,4,15,7
1,4,7,11,12,15>1,3,5,8,11,12,4,15,7
5,7,10,12,14>8,12,15,10,14,7
5,7,10,12,14>4,12,15,10,14,7
5,7,10,12,14>4,8,12,10,14,7
5,7,10,12,14>4,8,15,10,14,7
5,7,10,12,14>4,5,8,10,14,7
5,7,10,12,14>5,8,12,10,14,7
5,7,10,12,14>4,5,15,10,14,7
5,7,10,12,14>4,5,12,10,14,7
5,7,10,12,14>5,8,15,10,14,7
5,7,10,12,14>5,12,15,10,14,7
13,11,4,12>6,7,11,12,13,4
13,11,4,12>5,11,12,13,4
13,11,4,12>5,6,12,13,4
13,11,4,12>5,6,11,12,4
13,11,4,12>5,6,11,13,4
13,11,4,12>5,6,7,11,4
13,11,4,12>5,7,11,12,4
13,11,4,12>5,6,7,13,4
13,11,4,12>5,6,7,12,4
13,11,4,12>5,7,11,13,4
3,6,9,11,12,14,15>7,8,10,11,12,13,14,15,9,3,6
3,6,9,11,12,14,15>5,8,10,11,12,13,14,15,9,3,6
3,6,9,11,12,14,15>5,7,10,11,12,13,14,15,9,3,6
3,6,9,11,12,14,15>5,7,8,11,12,13,14,15,9,3,6
3,6,9,11,12,14,15>5,7,8,10,12,13,14,15,9,3,6
3,6,9,11,12,14,15>5,7,8,10,11,14,15,9,3,6
3,6,9,11,12,14,15>5,7,8,10,11,12,15,9,3,6
3,6,9,11,12,14,15>5,7,8,10,11,12,14,9,3,6
3,6,9,11,12,14,15>5,7,8,10,11,12,13,9,3,6
3,6,9,11,12,14,15>5,7,8,10,11,13,15,9,3,6
1,2,3,4,5,8,9,10,12,14,15>5,6,7,9,10,12,15,1,2,4,8,14
1,2,3,4,5,8,9,10,12,14,15>3,6,7,9,10,12,15,1,2,4,8,14
1,2,3,4,5,8,9,10,12,14,15>3,5,7,9,10,12,15,1,2,4,8,14
1,2,3,4,5,8,9,10,12,14,15>3,5,6,9,10,12,15,1,2,4,8,14
1,2,3,4,5,8,9,10,12,14,15>3,5,6,7,12,15,1,2,4,8,14
1,2,3,4,5,8,9,10,12,14,15>3,5,6,7,9,15,1,2,4,8,14
1,2,3,4,5,8,9,10,12,14,15>3,5,6,7,9,12,1,2,4,8,14
1,2,3,4,5,8,9,10,12,14,15>3,5,6,7,9,10,1,2,4,8,14
1,2,3,4,5,8,9,10,12,14,15>3,5,6,7,10,15,1,2,4,8,14
1,2,3,4,5,8,9,10,12,14,15>3,5,6,7,10,12,1,2,4,8,14
1,2,4,5,10,11,12,14>5,6,7,8,11,12,14,2,10,4
1,2,4,5,10,11,12,14>1,6,7,8,11,12,14,2,10,4
1,2,4,5,10,11,12,14>1,5,7,8,11,12,14,2,10,4
1,2,4,5,10,11,12,14>1,5,6,8,11,12,14,2,10,4
1,2,4,5,10,11,12,14>1,5,6,7,12,14,2,10,4
1,2,4,5,10,11,12,14>1,5,6,7,8,14,2,10,4
1,2,4,5,10,11,12,14>1,5,6,7,8,12,2,10,4
1,2,4,5,10,11,12,14>1,5,6,7,8,11,2,10,4
1,2,4,5,10,11,12,14>1,5,6,7,11,14,2,10,4
1,2,4,5,10,11,12,14>1,5,6,7,11,12,2,10,4
3,4,6,7,11,13,14>4,5,6,7,10,11,13,14,15
3,4,6,7,11,13,14>3,5,6,7,10,11,13,14,15
3,4,6,7,11,13,14>3,4,6,7,10,11,13,14,15
3,4,6,7,11,13,14>3,4,5,7,10,11,13,14,15
3,4,6,7,11,13,14>3,4,5,6,10,11,13,14,15
3,4,6,7,11,13,14>3,4,5,6,7,11,13,14,15
3,4,6,7,11,13,14>3,4,5,6,7,10,13,14,15
3,4,6,7,11,13,14>3,4,5,6,7,10,11,14,15
3,4,6,7,11,13,14>3,4,5,6,7,10,11,13,15
3,4,6,7,11,13,14>3,4,5,6,7,10,11,13,14
