AP3,UFO,FUL,FT,AP1,EMF1,LFY,AP2,WUS,AG,LUG,CLF,TFL1,PI,SEP
2,3,5,9,12,14,15>4,6,7,8,10,12,14,15,9,2,5
2,3,5,9,12,14,15>3,6,7,8,10,12,14,15,9,2,5
2,3,5,9,12,14,15>3,4,7,8,10,12,14,15,9,2,5
2,3,5,9,12,14,15>3,4,6,8,10,12,14,15,9,2,5
2,3,5,9,12,14,15>3,4,6,7,10,12,14,15,9,2,5
2,3,5,9,12,14,15>3,4,6,7,8,14,15,9,2,5
2,3,5,9,12,14,15>3,4,6,7,8,10,15,9,2,5
2,3,5,9,12,14,15>3,4,6,7,8,10,14,9,2,5
2,3,5,9,12,14,15>3,4,6,7,8,10,12,9,2,5
2,3,5,9,12,14,15>3,4,6,7,8,12,15,9,2,5
1,7,12,14,15>3,4,5,8,10,12,15,14,7
1,7,12,14,15>1,4,5,8,10,12,15,14,7
1,7,12,14,15>1,3,8,10,12,15,14,7
1,7,12,14,15>1,3,4,10,12,15,14,7
1,7,12,14,15>1,3,4,8,15,14,7
1,7,12,14,15>1,3,4,5,12,15,14,7
1,7,12,14,15>1,3,4,5,10,15,14,7
1,7,12,14,15>1,3,5,8,12,15,14,7
1,7,12,14,15>1,3,5,8,10,15,14,7
1,7,12,14,15>1,3,5,10,12,15,14,7
1,3,4,6,8,9,12,14>4,5,7,12,13,14,8,9,3,6
1,3,4,6,8,9,12,14>1,5,7,12,13,14,8,9,3,6
1,3,4,6,8,9,12,14>1,4,12,13,14,8,9,3,6
1,3,4,6,8,9,12,14>1,4,5,13,14,8,9,3,6
1,3,4,6,8,9,12,14>1,4,5,12,8,9,3,6
1,3,4,6,8,9,12,14>1,4,5,7,14,8,9,3,6
1,3,4,6,8,9,12,14>1,4,5,7,13,8,9,3,6
1,3,4,6,8,9,12,14>1,4,7,12,14,8,9,3,6
1,3,4,6,8,9,12,14>1,4,7,12,13,8,9,3,6
1,3,4,6,8,9,12,14>1,4,7,13,14,8,9,3,6
1,4,5,6,10,13,14,15>10,13,15,1,6,14
1,4,5,6,10,13,14,15>4,13,15,1,6,14
1,4,5,6,10,13,14,15>4,10,13,1,6,14
1,4,5,6,10,13,14,15>4,10,15,1,6,14
1,4,5,6,10,13,14,15>4,5,10,1,6,14
1,4,5,6,10,13,14,15>5,10,13,1,6,14
1,4,5,6,10,13,14,15>4,5,15,1,6,14
1,4,5,6,10,13,14,15>4,5,13,1,6,14
1,4,5,6,10,13,14,15>5,10,15,1,6,14
1,4,5,6,10,13,14,15>5,13,15,1,6,14
3,4,6,7,8,9,11,12,13,14,15>4,5,6,7,8,10,11,12,13,14,9,15
3,4,6,7,8,9,11,12,13,14,15>3,5,6,7,8,10,11,12,13,14,9,15
3,4,6,7,8,9,11,12,13,14,15>3,4,6,7,8,10,11,12,13,14,9,15
3,4,6,7,8,9,11,12,13,14,15>3,4,5,7,8,10,11,12,13,14,9,15
3,4,6,7,8,9,11,12,13,14,15>3,4,5,6,8,10,11,12,13,14,9,15
3,4,6,7,8,9,11,12,13,14,15>3,4,5,6,7,10,11,12,13,14,9,15
3,4,6,7,8,9,11,12,13,14,15>3,4,5,6,7,8,11,12,13,14,9,15
3,4,6,7,8,9,11,12,13,14,15>3,4,5,6,7,8,10,12,13,14,9,15
3,4,6,7,8,9,11,12,13,14,15>3,4,5,6,7,8,10,11,13,14,9,15
3,4,6,7,8,9,11,12,13,14,15>3,4,5,6,7,8,10,11,12,14,9,15
1,2,3,7,8,13,15>4,5,8,10,13,14,1,2,15,7
1,2,3,7,8,13,15>3,5,8,10,13,14,1,2,15,7
1,2,3,7,8,13,15>3,4,10,13,14,1,2,15,7
1,2,3,7,8,13,15>3,4,5,13,14,1,2,15,7
1,2,3,7,8,13,15>3,4,5,10,1,2,15,7
1,2,3,7,8,13,15>3,4,5,8,14,1,2,15,7
1,2,3,7,8,13,15>3,4,5,8,13,1,2,15,7
1,2,3,7,8,13,15>3,4,8,10,14,1,2,15,7
1,2,3,7,8,13,15>3,4,8,10,13,1,2,15,7
1,2,3,7,8,13,15>3,4,8,13,14,1,2,15,7
1,2,4,5,6,7,10,11,12,13,14,15>5,6,7,11,12,13,1,2,10,14,15
1,2,4,5,6,7,10,11,12,13,14,15>4,6,7,11,12,13,1,2,10,14,15
1,2,4,5,6,7,10,11,12,13,14,15>4,5,11,12,13,1,2,10,14,15
1,2,4,5,6,7,10,11,12,13,14,15>4,5,6,12,13,1,2,10,14,15
1,2,4,5,6,7,10,11,12,13,14,15>4,5,6,11,1,2,10,14,15
1,2,4,5,6,7,10,11,12,13,14,15>4,5,6,7,13,1,2,10,14,15
1,2,4,5,6,7,10,11,12,13,14,15>4,5,6,7,12,1,2,10,14,15
1,2,4,5,6,7,10,11,12,13,14,15>4,5,7,11,13,1,2,10,14,15
1,2,4,5,6,7,10,11,12,13,14,15>4,5,7,11,12,1,2,10,14,15
1,2,4,5,6,7,10,11,12,13,14,15>4,5,7,12,13,1,2,10,14,15
1,10,3,9>6,7,8,9,10,3
1,10,3,9>1,7,8,9,10,3
1,10,3,9>1,6,7,9,10,3
1,10,3,9>1,6,8,9,10,3
1,10,3,9>1,4,6,9,10,3
1,10,3,9>4,6,7,9,10,3
1,10,3,9>1,4,8,9,10,3
1,10,3,9>1,4,7,9,10,3
1,10,3,9>4,6,8,9,10,3
1,10,3,9>4,7,8,9,10,3
3,5,7,9,11,12>4,8,10,11,12,15,9,5,7
3,5,7,9,11,12>3,8,10,11,12,15,9,5,7
3,5,7,9,11,12>3,4,11,12,15,9,5,7
3,5,7,9,11,12>3,4,8,12,15,9,5,7
3,5,7,9,11,12>3,4,8,11,9,5,7
3,5,7,9,11,12>3,4,8,10,15,9,5,7
3,5,7,9,11,12>3,4,8,10,12,9,5,7
3,5,7,9,11,12>3,4,10,11,15,9,5,7
3,5,7,9,11,12>3,4,10,11,12,9,5,7
3,5,7,9,11,12>3,4,10,12,15,9,5,7
1,4,6,9,10,11,12,14>3,4,7,8,11,12,13,14,9,10,6
1,4,6,9,10,11,12,14>1,4,7,8,11,12,13,14,9,10,6
1,4,6,9,10,11,12,14>1,3,7,8,11,12,13,14,9,10,6
1,4,6,9,10,11,12,14>1,3,4,8,11,12,13,14,9,10,6
1,4,6,9,10,11,12,14>1,3,4,7,11,12,13,14,9,10,6
1,4,6,9,10,11,12,14>1,3,4,7,8,13,14,9,10,6
1,4,6,9,10,11,12,14>1,3,4,7,8,11,14,9,10,6
1,4,6,9,10,11,12,14>1,3,4,7,8,11,13,9,10,6
1,4,6,9,10,11,12,14>1,3,4,7,8,11,12,9,10,6
1,4,6,9,10,11,12,14>1,3,4,7,8,12,14,9,10,6
1,3,4,5,6,9,10,12,14,15>4,5,7,8,9,12,15,1,10,6,14
1,3,4,5,6,9,10,12,14,15>3,5,7,8,9,12,15,1,10,6,14
1,3,4,5,6,9,10,12,14,15>3,4,7,8,9,12,15,1,10,6,14
1,3,4,5,6,9,10,12,14,15>3,4,5,8,9,12,15,1,10,6,14
1,3,4,5,6,9,10,12,14,15>3,4,5,7,12,15,1,10,6,14
1,3,4,5,6,9,10,12,14,15>3,4,5,7,8,15,1,10,6,14
1,3,4,5,6,9,10,12,14,15>3,4,5,7,8,12,1,10,6,14
1,3,4,5,6,9,10,12,14,15>3,4,5,7,8,9,1,10,6,14
1,3,4,5,6,9,10,12,14,15>3,4,5,7,9,15,1,10,6,14
1,3,4,5,6,9,10,12,14,15>3,4,5,7,9,12,1,10,6,14
2,7,8,12,15>3,4,5,10,12,8,2,15,7
2,7,8,12,15>1,5,10,12,8,2,15,7
2,7,8,12,15>1,3,10,12,8,2,15,7
2,7,8,12,15>1,3,5,10,8,2,15,7
2,7,8,12,15>1,3,5,12,8,2,15,7
2,7,8,12,15>1,3,4,5,8,2,15,7
2,7,8,12,15>1,4,5,10,8,2,15,7
2,7,8,12,15>1,3,4,12,8,2,15,7
2,7,8,12,15>1,3,4,10,8,2,15,7
2,7,8,12,15>1,4,5,12,8,2,15,7
1,5,7,10,11,12,14,15>8,11,12,1,7,10,14,15
1,5,7,10,11,12,14,15>4,11,12,1,7,10,14,15
1,5,7,10,11,12,14,15>4,8,11,1,7,10,14,15
1,5,7,10,11,12,14,15>4,8,12,1,7,10,14,15
1,5,7,10,11,12,14,15>4,5,8,1,7,10,14,15
1,5,7,10,11,12,14,15>5,8,11,1,7,10,14,15
1,5,7,10,11,12,14,15>4,5,12,1,7,10,14,15
1,5,7,10,11,12,14,15>4,5,11,1,7,10,14,15
1,5,7,10,11,12,14,15>5,8,12,1,7,10,14,15
1,5,7,10,11,12,14,15>5,11,12,1,7,10,14,15
1,2,4,6,9,10,12,13,14>10,12,14,9,2,13,6
1,2,4,6,9,10,12,13,14>1,12,14,9,2,13,6
1,2,4,6,9,10,12,13,14>1,10,12,9,2,13,6
1,2,4,6,9,10,12,13,14>1,10,14,9,2,13,6
1,2,4,6,9,10,12,13,14>1,4,10,9,2,13,6
1,2,4,6,9,10,12,13,14>4,10,12,9,2,13,6
1,2,4,6,9,10,12,13,14>1,4,14,9,2,13,6
1,2,4,6,9,10,12,13,14>1,4,12,9,2,13,6
1,2,4,6,9,10,12,13,14>4,10,14,9,2,13,6
1,2,4,6,9,10,12,13,14>4,12,14,9,2,13,6
1,3,4,5,7,9,10,13,14>5,13,15,4,7,9,10,14
1,3,4,5,7,9,10,13,14>1,13,15,4,7,9,10,14
1,3,4,5,7,9,10,13,14>1,5,13,4,7,9,10,14
1,3,4,5,7,9,10,13,14>1,5,15,4,7,9,10,14
1,3,4,5,7,9,10,13,14>1,3,5,4,7,9,10,14
1,3,4,5,7,9,10,13,14>3,5,13,4,7,9,10,14
1,3,4,5,7,9,10,13,14>1,3,15,4,7,9,10,14
1,3,4,5,7,9,10,13,14>1,3,13,4,7,9,10,14
1,3,4,5,7,9,10,13,14>3,5,15,4,7,9,10,14
1,3,4,5,7,9,10,13,14>3,13,15,4,7,9,10,14
1,10,11,12,13,15>4,6,7,10,11,12,13,15
1,10,11,12,13,15>1,6,7,10,11,12,13,15
1,10,11,12,13,15>1,4,7,10,11,12,13,15
1,10,11,12,13,15>1,4,6,10,11,12,13,15
1,10,11,12,13,15>1,4,6,7,11,12,13,15
1,10,11,12,13,15>1,4,6,7,10,13,15
1,10,11,12,13,15>1,4,6,7,10,11,15
1,10,11,12,13,15>1,4,6,7,10,11,13
1,10,11,12,13,15>1,4,6,7,10,11,12
1,10,11,12,13,15>1,4,6,7,10,12,15
2,3,6,10,12,14>12,13,14,10,2,3,6
2,3,6,10,12,14>7,13,14,10,2,3,6
2,3,6,10,12,14>7,12,13,10,2,3,6
2,3,6,10,12,14>7,12,14,10,2,3,6
2,3,6,10,12,14>7,8,12,10,2,3,6
2,3,6,10,12,14>8,12,13,10,2,3,6
2,3,6,10,12,14>7,8,14,10,2,3,6
2,3,6,10,12,14>7,8,13,10,2,3,6
2,3,6,10,12,14>8,12,14,10,2,3,6
2,3,6,10,12,14>8,13,14,10,2,3,6
1,2,3,5,7,11,12,13,15>4,10,11,12,13,14,1,2,5,7,15
1,2,3,5,7,11,12,13,15>3,10,11,12,13,14,1,2,5,7,15
1,2,3,5,7,11,12,13,15>3,4,12,13,14,1,2,5,7,15
1,2,3,5,7,11,12,13,15>3,4,10,13,14,1,2,5,7,15
1,2,3,5,7,11,12,13,15>3,4,10,12,1,2,5,7,15
1,2,3,5,7,11,12,13,15>3,4,10,11,14,1,2,5,7,15
1,2,3,5,7,11,12,13,15>3,4,10,11,13,1,2,5,7,15
1,2,3,5,7,11,12,13,15>3,4,11,12,14,1,2,5,7,15
1,2,3,5,7,11,12,13,15>3,4,11,12,13,1,2,5,7,15
1,2,3,5,7,11,12,13,15>3,4,11,13,14,1,2,5,7,15
1,2,4,5,6,8,9,10,13>4,5,8,10,13,9,2,6
1,2,4,5,6,8,9,10,13>1,8,10,13,9,2,6
1,2,4,5,6,8,9,10,13>1,4,10,13,9,2,6
1,2,4,5,6,8,9,10,13>1,4,8,10,9,2,6
1,2,4,5,6,8,9,10,13>1,4,8,13,9,2,6
1,2,4,5,6,8,9,10,13>1,4,5,8,9,2,6
1,2,4,5,6,8,9,10,13>1,5,8,10,9,2,6
1,2,4,5,6,8,9,10,13>1,4,5,13,9,2,6
1,2,4,5,6,8,9,10,13>1,4,5,10,9,2,6
1,2,4,5,6,8,9,10,13>1,5,8,13,9,2,6
4,6,7,10,11,13,14>6,7,11,13,15,10,14
4,6,7,10,11,13,14>4,11,13,15,10,14
4,6,7,10,11,13,14>4,6,13,15,10,14
4,6,7,10,11,13,14>4,6,11,13,10,14
4,6,7,10,11,13,14>4,6,11,15,10,14
4,6,7,10,11,13,14>4,6,7,11,10,14
4,6,7,10,11,13,14>4,7,11,13,10,14
4,6,7,10,11,13,14>4,6,7,15,10,14
4,6,7,10,11,13,14>4,6,7,13,10,14
4,6,7,10,11,13,14>4,7,11,15,10,14
1,3,4,6,7,8,12,14>4,5,6,10,12,15,8,3,14,7
1,3,4,6,7,8,12,14>1,5,6,10,12,15,8,3,14,7
1,3,4,6,7,8,12,14>1,4,10,12,15,8,3,14,7
1,3,4,6,7,8,12,14>1,4,5,12,15,8,3,14,7
1,3,4,6,7,8,12,14>1,4,5,10,8,3,14,7
1,3,4,6,7,8,12,14>1,4,5,6,15,8,3,14,7
1,3,4,6,7,8,12,14>1,4,5,6,12,8,3,14,7
1,3,4,6,7,8,12,14>1,4,6,10,15,8,3,14,7
1,3,4,6,7,8,12,14>1,4,6,10,12,8,3,14,7
1,3,4,6,7,8,12,14>1,4,6,12,15,8,3,14,7
2,4,6,9,10,11>4,7,8,11,13,9,2,10,6
2,4,6,9,10,11>3,8,11,13,9,2,10,6
2,4,6,9,10,11>3,4,11,13,9,2,10,6
2,4,6,9,10,11>3,4,8,11,9,2,10,6
2,4,6,9,10,11>3,4,8,13,9,2,10,6
2,4,6,9,10,11>3,4,7,8,9,2,10,6
2,4,6,9,10,11>3,7,8,11,9,2,10,6
2,4,6,9,10,11>3,4,7,13,9,2,10,6
2,4,6,9,10,11>3,4,7,11,9,2,10,6
2,4,6,9,10,11>3,7,8,13,9,2,10,6
1,3,4,5,6,8,9,10,11,12>3,4,5,7,10,11,12,8,9,6
1,3,4,5,6,8,9,10,11,12>1,4,5,7,10,11,12,8,9,6
1,3,4,5,6,8,9,10,11,12>1,3,5,7,10,11,12,8,9,6
1,3,4,5,6,8,9,10,11,12>1,3,4,7,10,11,12,8,9,6
1,3,4,5,6,8,9,10,11,12>1,3,4,5,11,12,8,9,6
1,3,4,5,6,8,9,10,11,12>1,3,4,5,7,12,8,9,6
1,3,4,5,6,8,9,10,11,12>1,3,4,5,7,11,8,9,6
1,3,4,5,6,8,9,10,11,12>1,3,4,5,7,10,8,9,6
1,3,4,5,6,8,9,10,11,12>1,3,4,5,10,12,8,9,6
1,3,4,5,6,8,9,10,11,12>1,3,4,5,10,11,8,9,6
2,4,6,7,8,9,12,13,14,15>4,5,6,7,8,10,12,13,14,9,2,15
2,4,6,7,8,9,12,13,14,15>1,5,6,7,8,10,12,13,14,9,2,15
2,4,6,7,8,9,12,13,14,15>1,4,6,7,8,10,12,13,14,9,2,15
2,4,6,7,8,9,12,13,14,15>1,4,5,7,8,10,12,13,14,9,2,15
2,4,6,7,8,9,12,13,14,15>1,4,5,6,8,10,12,13,14,9,2,15
2,4,6,7,8,9,12,13,14,15>1,4,5,6,7,10,12,13,14,9,2,15
2,4,6,7,8,9,12,13,14,15>1,4,5,6,7,8,12,13,14,9,2,15
2,4,6,7,8,9,12,13,14,15>1,4,5,6,7,8,10,13,14,9,2,15
2,4,6,7,8,9,12,13,14,15>1,4,5,6,7,8,10,12,14,9,2,15
2,4,6,7,8,9,12,13,14,15>1,4,5,6,7,8,10,12,13,9,2,15
1,3,4,6,7,12,14>4,5,6,8,10,12,15,3,14,7
1,3,4,6,7,12,14>1,5,6,8,10,12,15,3,14,7
1,3,4,6,7,12,14>1,4,6,8,10,12,15,3,14,7
1,3,4,6,7,12,14>1,4,5,8,10,12,15,3,14,7
1,3,4,6,7,12,14>1,4,5,6,12,15,3,14,7
1,3,4,6,7,12,14>1,4,5,6,8,15,3,14,7
1,3,4,6,7,12,14>1,4,5,6,8,12,3,14,7
1,3,4,6,7,12,14>1,4,5,6,8,10,3,14,7
1,3,4,6,7,12,14>1,4,5,6,10,15,3,14,7
1,3,4,6,7,12,14>1,4,5,6,10,12,3,14,7
2,4,9,10,11,12,13,14,15>7,9,10,11,12,13,14,15,2,4
2,4,9,10,11,12,13,14,15>6,9,10,11,12,13,14,15,2,4
2,4,9,10,11,12,13,14,15>6,7,10,11,12,13,14,15,2,4
2,4,9,10,11,12,13,14,15>6,7,9,11,12,13,14,15,2,4
2,4,9,10,11,12,13,14,15>6,7,9,10,12,13,14,15,2,4
2,4,9,10,11,12,13,14,15>6,7,9,10,11,14,15,2,4
2,4,9,10,11,12,13,14,15>6,7,9,10,11,12,15,2,4
2,4,9,10,11,12,13,14,15>6,7,9,10,11,12,14,2,4
2,4,9,10,11,12,13,14,15>6,7,9,10,11,12,13,2,4
2,4,9,10,11,12,13,14,15>6,7,9,10,11,13,15,2,4
2,3,4,6,7,8,9,12,13,15>3,4,5,6,7,8,10,12,13,9,2,15
2,3,4,6,7,8,9,12,13,15>1,4,5,6,7,8,10,12,13,9,2,15
2,3,4,6,7,8,9,12,13,15>1,3,5,6,7,8,10,12,13,9,2,15
2,3,4,6,7,8,9,12,13,15>1,3,4,6,7,8,10,12,13,9,2,15
2,3,4,6,7,8,9,12,13,15>1,3,4,5,7,8,10,12,13,9,2,15
2,3,4,6,7,8,9,12,13,15>1,3,4,5,6,8,10,12,13,9,2,15
2,3,4,6,7,8,9,12,13,15>1,3,4,5,6,7,10,12,13,9,2,15
2,3,4,6,7,8,9,12,13,15>1,3,4,5,6,7,8,12,13,9,2,15
2,3,4,6,7,8,9,12,13,15>1,3,4,5,6,7,8,10,13,9,2,15
2,3,4,6,7,8,9,12,13,15>1,3,4,5,6,7,8,10,12,9,2,15
9,3,15>5,6,7,8,10,15,9,3
9,3,15>4,6,7,8,10,15,9,3
9,3,15>4,5,8,10,15,9,3
9,3,15>4,5,6,10,15,9,3
9,3,15>4,5,6,8,9,3
9,3,15>4,5,6,7,15,9,3
9,3,15>4,5,6,7,10,9,3
9,3,15>4,5,7,8,15,9,3
9,3,15>4,5,7,8,10,9,3
9,3,15>4,5,7,10,15,9,3
9,15,6,7>6,8,10,9,7,15
9,15,6,7>3,8,10,9,7,15
9,15,6,7>3,6,8,9,7,15
9,15,6,7>3,6,10,9,7,15
9,15,6,7>3,5,6,9,7,15
9,15,6,7>5,6,8,9,7,15
9,15,6,7>3,5,10,9,7,15
9,15,6,7>3,5,8,9,7,15
9,15,6,7>5,6,10,9,7,15
9,15,6,7>5,8,10,9,7,15
1,3,4,5,6,10,11,15>3,4,5,7,8,11,15,10,6
1,3,4,5,6,10,11,15>1,4,5,7,8,11,15,10,6
1,3,4,5,6,10,11,15>1,3,5,7,8,11,15,10,6
1,3,4,5,6,10,11,15>1,3,4,7,8,11,15,10,6
1,3,4,5,6,10,11,15>1,3,4,5,11,15,10,6
1,3,4,5,6,10,11,15>1,3,4,5,7,15,10,6
1,3,4,5,6,10,11,15>1,3,4,5,7,11,10,6
1,3,4,5,6,10,11,15>1,3,4,5,7,8,10,6
1,3,4,5,6,10,11,15>1,3,4,5,8,15,10,6
1,3,4,5,6,10,11,15>1,3,4,5,8,11,10,6
2,3,5,7,8,10,13,14,15>3,4,5,8,13,2,7,10,14,15
2,3,5,7,8,10,13,14,15>1,5,8,13,2,7,10,14,15
2,3,5,7,8,10,13,14,15>1,3,8,13,2,7,10,14,15
2,3,5,7,8,10,13,14,15>1,3,5,8,2,7,10,14,15
2,3,5,7,8,10,13,14,15>1,3,5,13,2,7,10,14,15
2,3,5,7,8,10,13,14,15>1,3,4,5,2,7,10,14,15
2,3,5,7,8,10,13,14,15>1,4,5,8,2,7,10,14,15
2,3,5,7,8,10,13,14,15>1,3,4,13,2,7,10,14,15
2,3,5,7,8,10,13,14,15>1,3,4,8,2,7,10,14,15
2,3,5,7,8,10,13,14,15>1,4,5,13,2,7,10,14,15
1,4,5,8,9,10,12,13>5,6,7,8,10,12,13,9,4
1,4,5,8,9,10,12,13>1,6,7,8,10,12,13,9,4
1,4,5,8,9,10,12,13>1,5,7,8,10,12,13,9,4
1,4,5,8,9,10,12,13>1,5,6,8,10,12,13,9,4
1,4,5,8,9,10,12,13>1,5,6,7,12,13,9,4
1,4,5,8,9,10,12,13>1,5,6,7,8,13,9,4
1,4,5,8,9,10,12,13>1,5,6,7,8,12,9,4
1,4,5,8,9,10,12,13>1,5,6,7,8,10,9,4
1,4,5,8,9,10,12,13>1,5,6,7,10,13,9,4
1,4,5,8,9,10,12,13>1,5,6,7,10,12,9,4
2,3,4,6,8,11,12>5,7,11,12,13,8,2,3,6
2,3,4,6,8,11,12>4,11,12,13,8,2,3,6
2,3,4,6,8,11,12>4,5,12,13,8,2,3,6
2,3,4,6,8,11,12>4,5,11,12,8,2,3,6
2,3,4,6,8,11,12>4,5,11,13,8,2,3,6
2,3,4,6,8,11,12>4,5,7,11,8,2,3,6
2,3,4,6,8,11,12>4,7,11,12,8,2,3,6
2,3,4,6,8,11,12>4,5,7,13,8,2,3,6
2,3,4,6,8,11,12>4,5,7,12,8,2,3,6
2,3,4,6,8,11,12>4,7,11,13,8,2,3,6
2,6,7,10,11,12,13,14>6,7,11,12,13,15,2,10,14
2,6,7,10,11,12,13,14>1,7,11,12,13,15,2,10,14
2,6,7,10,11,12,13,14>1,6,12,13,15,2,10,14
2,6,7,10,11,12,13,14>1,6,7,13,15,2,10,14
2,6,7,10,11,12,13,14>1,6,7,12,2,10,14
2,6,7,10,11,12,13,14>1,6,7,11,15,2,10,14
2,6,7,10,11,12,13,14>1,6,7,11,13,2,10,14
2,6,7,10,11,12,13,14>1,6,11,12,15,2,10,14
2,6,7,10,11,12,13,14>1,6,11,12,13,2,10,14
2,6,7,10,11,12,13,14>1,6,11,13,15,2,10,14
1,3,5,11,12,14,15>4,6,7,8,10,11,12,15,1,5,14
1,3,5,11,12,14,15>3,6,7,8,10,11,12,15,1,5,14
1,3,5,11,12,14,15>3,4,7,8,10,11,12,15,1,5,14
1,3,5,11,12,14,15>3,4,6,8,10,11,12,15,1,5,14
1,3,5,11,12,14,15>3,4,6,7,10,11,12,15,1,5,14
1,3,5,11,12,14,15>3,4,6,7,8,12,15,1,5,14
1,3,5,11,12,14,15>3,4,6,7,8,10,15,1,5,14
1,3,5,11,12,14,15>3,4,6,7,8,10,12,1,5,14
1,3,5,11,12,14,15>3,4,6,7,8,10,11,1,5,14
1,3,5,11,12,14,15>3,4,6,7,8,11,15,1,5,14
2,4,5,9,12>8,10,12,9,2,4,5
2,4,5,9,12>6,10,12,9,2,4,5
2,4,5,9,12>6,8,10,9,2,4,5
2,4,5,9,12>6,8,12,9,2,4,5
2,4,5,9,12>6,7,8,9,2,4,5
2,4,5,9,12>7,8,10,9,2,4,5
2,4,5,9,12>6,7,12,9,2,4,5
2,4,5,9,12>6,7,10,9,2,4,5
2,4,5,9,12>7,8,12,9,2,4,5
2,4,5,9,12>7,10,12,9,2,4,5
1,5,7,10,11,12,15>4,5,8,11,12,14,10,15,7
1,5,7,10,11,12,15>1,5,8,11,12,14,10,15,7
1,5,7,10,11,12,15>1,4,11,12,14,10,15,7
1,5,7,10,11,12,15>1,4,5,12,14,10,15,7
1,5,7,10,11,12,15>1,4,5,11,10,15,7
1,5,7,10,11,12,15>1,4,5,8,14,10,15,7
1,5,7,10,11,12,15>1,4,5,8,12,10,15,7
1,5,7,10,11,12,15>1,4,8,11,14,10,15,7
1,5,7,10,11,12,15>1,4,8,11,12,10,15,7
1,5,7,10,11,12,15>1,4,8,12,14,10,15,7
10,4,12,7>12,14,15,10,4,7
10,4,12,7>3,14,15,10,4,7
10,4,12,7>3,12,14,10,4,7
10,4,12,7>3,12,15,10,4,7
10,4,12,7>3,8,12,10,4,7
10,4,12,7>8,12,14,10,4,7
10,4,12,7>3,8,15,10,4,7
10,4,12,7>3,8,14,10,4,7
10,4,12,7>8,12,15,10,4,7
10,4,12,7>8,14,15,10,4,7
1,4,5,7,11,12,13,14>10,11,12,13,15,4,5,14,7
1,4,5,7,11,12,13,14>1,12,13,15,4,5,14,7
1,4,5,7,11,12,13,14>1,10,13,15,4,5,14,7
1,4,5,7,11,12,13,14>1,10,12,13,4,5,14,7
1,4,5,7,11,12,13,14>1,10,12,15,4,5,14,7
1,4,5,7,11,12,13,14>1,10,11,12,4,5,14,7
1,4,5,7,11,12,13,14>1,11,12,13,4,5,14,7
1,4,5,7,11,12,13,14>1,10,11,15,4,5,14,7
1,4,5,7,11,12,13,14>1,10,11,13,4,5,14,7
1,4,5,7,11,12,13,14>1,11,12,15,4,5,14,7
2,11,4,12>5,6,7,8,10,11,12,2,4
2,11,4,12>3,6,7,8,10,11,12,2,4
2,11,4,12>3,5,7,8,10,11,12,2,4
2,11,4,12>3,5,6,8,10,11,12,2,4
2,11,4,12>3,5,6,7,11,12,2,4
2,11,4,12>3,5,6,7,8,12,2,4
2,11,4,12>3,5,6,7,8,11,2,4
2,11,4,12>3,5,6,7,8,10,2,4
2,11,4,12>3,5,6,7,10,12,2,4
2,11,4,12>3,5,6,7,10,11,2,4
