AP3,UFO,FUL,FT,AP1,EMF1,LFY,AP2,WUS,AG,LUG,CLF,TFL1,PI,SEP
1,2,4,6,7,9,11,12,13>5,6,7,10,11,12,13,14,15,1,2,9
1,2,4,6,7,9,11,12,13>4,6,7,10,11,12,13,14,15,1,2,9
1,2,4,6,7,9,11,12,13>4,5,7,10,11,12,13,14,15,1,2,9
1,2,4,6,7,9,11,12,13>4,5,6,10,11,12,13,14,15,1,2,9
1,2,4,6,7,9,11,12,13>4,5,6,7,11,12,13,14,15,1,2,9
1,2,4,6,7,9,11,12,13>4,5,6,7,10,12,13,14,15,1,2,9
1,2,4,6,7,9,11,12,13>4,5,6,7,10,11,13,14,15,1,2,9
1,2,4,6,7,9,11,12,13>4,5,6,7,10,11,12,14,15,1,2,9
1,2,4,6,7,9,11,12,13>4,5,6,7,10,11,12,13,15,1,2,9
1,2,4,6,7,9,11,12,13>4,5,6,7,10,11,12,13,14,1,2,9
1,2,5,6,8,9,11,12,13,14>5,8,11,12,13,14,9,2,6
1,2,5,6,8,9,11,12,13,14>1,8,11,12,13,14,9,2,6
1,2,5,6,8,9,11,12,13,14>1,5,12,13,14,9,2,6
1,2,5,6,8,9,11,12,13,14>1,5,8,13,14,9,2,6
1,2,5,6,8,9,11,12,13,14>1,5,8,12,9,2,6
1,2,5,6,8,9,11,12,13,14>1,5,8,11,14,9,2,6
1,2,5,6,8,9,11,12,13,14>1,5,8,11,13,9,2,6
1,2,5,6,8,9,11,12,13,14>1,5,11,12,14,9,2,6
1,2,5,6,8,9,11,12,13,14>1,5,11,12,13,9,2,6
1,2,5,6,8,9,11,12,13,14>1,5,11,13,14,9,2,6
2,3,4,5,8,11,12,13,14>6,7,8,11,12,13,14,2,4,5
2,3,4,5,8,11,12,13,14>3,7,8,11,12,13,14,2,4,5
2,3,4,5,8,11,12,13,14>3,6,8,11,12,13,14,2,4,5
2,3,4,5,8,11,12,13,14>3,6,7,11,12,13,14,2,4,5
2,3,4,5,8,11,12,13,14>3,6,7,8,13,14,2,4,5
2,3,4,5,8,11,12,13,14>3,6,7,8,11,14,2,4,5
2,3,4,5,8,11,12,13,14>3,6,7,8,11,13,2,4,5
2,3,4,5,8,11,12,13,14>3,6,7,8,11,12,2,4,5
2,3,4,5,8,11,12,13,14>3,6,7,8,12,14,2,4,5
2,3,4,5,8,11,12,13,14>3,6,7,8,12,13,2,4,5
5,6,7,8,9,13,14>7,8,10,13,14,15,9,5
5,6,7,8,9,13,14>6,8,10,13,14,15,9,5
5,6,7,8,9,13,14>6,7,13,14,15,9,5
5,6,7,8,9,13,14>6,7,8,14,15,9,5
5,6,7,8,9,13,14>6,7,8,13,9,5
5,6,7,8,9,13,14>6,7,8,10,15,9,5
5,6,7,8,9,13,14>6,7,8,10,14,9,5
5,6,7,8,9,13,14>6,7,10,13,15,9,5
5,6,7,8,9,13,14>6,7,10,13,14,9,5
5,6,7,8,9,13,14>6,7,10,14,15,9,5
3,4,5,6,7,13>4,6,7,10,13,15,5
3,4,5,6,7,13>3,6,7,10,13,15,5
3,4,5,6,7,13>3,4,10,13,15,5
3,4,5,6,7,13>3,4,6,13,15,5
3,4,5,6,7,13>3,4,6,10,5
3,4,5,6,7,13>3,4,6,7,15,5
3,4,5,6,7,13>3,4,6,7,13,5
3,4,5,6,7,13>3,4,7,10,15,5
3,4,5,6,7,13>3,4,7,10,13,5
3,4,5,6,7,13>3,4,7,13,15,5
2,6,7,8,12>3,5,6,10,12,15,8,2,7
2,6,7,8,12>1,5,6,10,12,15,8,2,7
2,6,7,8,12>1,3,10,12,15,8,2,7
2,6,7,8,12>1,3,5,12,15,8,2,7
2,6,7,8,12>1,3,5,10,8,2,7
2,6,7,8,12>1,3,5,6,15,8,2,7
2,6,7,8,12>1,3,5,6,12,8,2,7
2,6,7,8,12>1,3,6,10,15,8,2,7
2,6,7,8,12>1,3,6,10,12,8,2,7
2,6,7,8,12>1,3,6,12,15,8,2,7
1,4,6,7,8,12,13,14,15>4,5,6,7,8,10,12,13,14,15
1,4,6,7,8,12,13,14,15>1,5,6,7,8,10,12,13,14,15
1,4,6,7,8,12,13,14,15>1,4,6,7,8,10,12,13,14,15
1,4,6,7,8,12,13,14,15>1,4,5,7,8,10,12,13,14,15
1,4,6,7,8,12,13,14,15>1,4,5,6,8,10,12,13,14,15
1,4,6,7,8,12,13,14,15>1,4,5,6,7,12,13,14,15
1,4,6,7,8,12,13,14,15>1,4,5,6,7,8,13,14,15
1,4,6,7,8,12,13,14,15>1,4,5,6,7,8,12,14,15
1,4,6,7,8,12,13,14,15>1,4,5,6,7,8,10,14,15
1,4,6,7,8,12,13,14,15>1,4,5,6,7,10,13,14,15
1,2,3,6,9,10,11>8,11,13,2,3,6,9,10
1,2,3,6,9,10,11>1,11,13,2,3,6,9,10
1,2,3,6,9,10,11>1,8,11,2,3,6,9,10
1,2,3,6,9,10,11>1,8,13,2,3,6,9,10
1,2,3,6,9,10,11>1,7,8,2,3,6,9,10
1,2,3,6,9,10,11>7,8,11,2,3,6,9,10
1,2,3,6,9,10,11>1,7,13,2,3,6,9,10
1,2,3,6,9,10,11>1,7,11,2,3,6,9,10
1,2,3,6,9,10,11>7,8,13,2,3,6,9,10
1,2,3,6,9,10,11>7,11,13,2,3,6,9,10
1,3,4,5,6,7,8,9,10,13,14,15>4,5,6,7,8,9,13,1,10,14,15
1,3,4,5,6,7,8,9,10,13,14,15>3,5,6,7,8,9,13,1,10,14,15
1,3,4,5,6,7,8,9,10,13,14,15>3,4,6,7,8,9,13,1,10,14,15
1,3,4,5,6,7,8,9,10,13,14,15>3,4,5,7,8,9,13,1,10,14,15
1,3,4,5,6,7,8,9,10,13,14,15>3,4,5,6,9,13,1,10,14,15
1,3,4,5,6,7,8,9,10,13,14,15>3,4,5,6,7,13,1,10,14,15
1,3,4,5,6,7,8,9,10,13,14,15>3,4,5,6,7,9,1,10,14,15
1,3,4,5,6,7,8,9,10,13,14,15>3,4,5,6,7,8,1,10,14,15
1,3,4,5,6,7,8,9,10,13,14,15>3,4,5,6,8,13,1,10,14,15
1,3,4,5,6,7,8,9,10,13,14,15>3,4,5,6,8,9,1,10,14,15
1,4,10,11,14,15>6,7,8,11,15,1,10,4,14
1,4,10,11,14,15>3,8,11,15,1,10,4,14
1,4,10,11,14,15>3,6,11,15,1,10,4,14
1,4,10,11,14,15>3,6,8,11,1,10,4,14
1,4,10,11,14,15>3,6,8,15,1,10,4,14
1,4,10,11,14,15>3,6,7,8,1,10,4,14
1,4,10,11,14,15>3,7,8,11,1,10,4,14
1,4,10,11,14,15>3,6,7,15,1,10,4,14
1,4,10,11,14,15>3,6,7,11,1,10,4,14
1,4,10,11,14,15>3,7,8,15,1,10,4,14
9,10,3,5>4,5,6,7,8,9,10
9,10,3,5>3,6,7,8,9,10
9,10,3,5>3,4,7,8,9,10
9,10,3,5>3,4,6,7,9,10
9,10,3,5>3,4,6,8,9,10
9,10,3,5>3,4,5,6,9,10
9,10,3,5>3,5,6,7,9,10
9,10,3,5>3,4,5,8,9,10
9,10,3,5>3,4,5,7,9,10
9,10,3,5>3,5,6,8,9,10
1,2,3,5,6,7,11,12>6,8,10,11,12,14,15,1,2,5,7
1,2,3,5,6,7,11,12>3,8,10,11,12,14,15,1,2,5,7
1,2,3,5,6,7,11,12>3,6,10,11,12,14,15,1,2,5,7
1,2,3,5,6,7,11,12>3,6,8,11,12,14,15,1,2,5,7
1,2,3,5,6,7,11,12>3,6,8,10,14,15,1,2,5,7
1,2,3,5,6,7,11,12>3,6,8,10,11,15,1,2,5,7
1,2,3,5,6,7,11,12>3,6,8,10,11,14,1,2,5,7
1,2,3,5,6,7,11,12>3,6,8,10,11,12,1,2,5,7
1,2,3,5,6,7,11,12>3,6,8,10,12,15,1,2,5,7
1,2,3,5,6,7,11,12>3,6,8,10,12,14,1,2,5,7
1,2,3,4,6,7,12>5,6,8,10,12,14,15,1,2,3,7
1,2,3,4,6,7,12>4,6,8,10,12,14,15,1,2,3,7
1,2,3,4,6,7,12>4,5,8,10,12,14,15,1,2,3,7
1,2,3,4,6,7,12>4,5,6,10,12,14,15,1,2,3,7
1,2,3,4,6,7,12>4,5,6,8,14,15,1,2,3,7
1,2,3,4,6,7,12>4,5,6,8,10,15,1,2,3,7
1,2,3,4,6,7,12>4,5,6,8,10,14,1,2,3,7
1,2,3,4,6,7,12>4,5,6,8,10,12,1,2,3,7
1,2,3,4,6,7,12>4,5,6,8,12,15,1,2,3,7
1,2,3,4,6,7,12>4,5,6,8,12,14,1,2,3,7
2,6,8,11,12,15>5,7,11,12,13,15,8,2,6
2,6,8,11,12,15>3,7,11,12,13,15,8,2,6
2,6,8,11,12,15>3,5,12,13,15,8,2,6
2,6,8,11,12,15>3,5,7,13,15,8,2,6
2,6,8,11,12,15>3,5,7,12,8,2,6
2,6,8,11,12,15>3,5,7,11,15,8,2,6
2,6,8,11,12,15>3,5,7,11,13,8,2,6
2,6,8,11,12,15>3,5,11,12,15,8,2,6
2,6,8,11,12,15>3,5,11,12,13,8,2,6
2,6,8,11,12,15>3,5,11,13,15,8,2,6
5,8,10,11,14>5,6,7,10,11,14,8
5,8,10,11,14>4,6,7,10,11,14,8
5,8,10,11,14>4,5,10,11,14,8
5,8,10,11,14>4,5,6,11,14,8
5,8,10,11,14>4,5,6,10,8
5,8,10,11,14>4,5,6,7,14,8
5,8,10,11,14>4,5,6,7,11,8
5,8,10,11,14>4,5,7,10,14,8
5,8,10,11,14>4,5,7,10,11,8
5,8,10,11,14>4,5,7,11,14,8
1,3,6,7,8,11,13,14>3,5,6,7,8,10,11,13,15,14
1,3,6,7,8,11,13,14>1,5,6,7,8,10,11,13,15,14
1,3,6,7,8,11,13,14>1,3,6,7,8,10,11,13,15,14
1,3,6,7,8,11,13,14>1,3,5,7,8,10,11,13,15,14
1,3,6,7,8,11,13,14>1,3,5,6,8,10,11,13,15,14
1,3,6,7,8,11,13,14>1,3,5,6,7,10,11,13,15,14
1,3,6,7,8,11,13,14>1,3,5,6,7,8,11,13,15,14
1,3,6,7,8,11,13,14>1,3,5,6,7,8,10,13,15,14
1,3,6,7,8,11,13,14>1,3,5,6,7,8,10,11,15,14
1,3,6,7,8,11,13,14>1,3,5,6,7,8,10,11,13,14
2,3,4,5,6,7,9,11,12>3,4,6,8,10,11,12,15,9,2,5,7
2,3,4,5,6,7,9,11,12>1,4,6,8,10,11,12,15,9,2,5,7
2,3,4,5,6,7,9,11,12>1,3,6,8,10,11,12,15,9,2,5,7
2,3,4,5,6,7,9,11,12>1,3,4,8,10,11,12,15,9,2,5,7
2,3,4,5,6,7,9,11,12>1,3,4,6,10,11,12,15,9,2,5,7
2,3,4,5,6,7,9,11,12>1,3,4,6,8,12,15,9,2,5,7
2,3,4,5,6,7,9,11,12>1,3,4,6,8,10,15,9,2,5,7
2,3,4,5,6,7,9,11,12>1,3,4,6,8,10,12,9,2,5,7
2,3,4,5,6,7,9,11,12>1,3,4,6,8,10,11,9,2,5,7
2,3,4,5,6,7,9,11,12>1,3,4,6,8,11,15,9,2,5,7
1,4,5,8,9,10,11,15>5,6,7,9,10,11,15,8,4
1,4,5,8,9,10,11,15>1,6,7,9,10,11,15,8,4
1,4,5,8,9,10,11,15>1,5,7,9,10,11,15,8,4
1,4,5,8,9,10,11,15>1,5,6,9,10,11,15,8,4
1,4,5,8,9,10,11,15>1,5,6,7,11,15,8,4
1,4,5,8,9,10,11,15>1,5,6,7,9,15,8,4
1,4,5,8,9,10,11,15>1,5,6,7,9,11,8,4
1,4,5,8,9,10,11,15>1,5,6,7,9,10,8,4
1,4,5,8,9,10,11,15>1,5,6,7,10,15,8,4
1,4,5,8,9,10,11,15>1,5,6,7,10,11,8,4
2,5,6,7,8,11,12,13,14,15>6,7,8,11,12,13,14,2,5,15
2,5,6,7,8,11,12,13,14,15>1,7,8,11,12,13,14,2,5,15
2,5,6,7,8,11,12,13,14,15>1,6,8,11,12,13,14,2,5,15
2,5,6,7,8,11,12,13,14,15>1,6,7,11,12,13,14,2,5,15
2,5,6,7,8,11,12,13,14,15>1,6,7,8,13,14,2,5,15
2,5,6,7,8,11,12,13,14,15>1,6,7,8,11,14,2,5,15
2,5,6,7,8,11,12,13,14,15>1,6,7,8,11,13,2,5,15
2,5,6,7,8,11,12,13,14,15>1,6,7,8,11,12,2,5,15
2,5,6,7,8,11,12,13,14,15>1,6,7,8,12,14,2,5,15
2,5,6,7,8,11,12,13,14,15>1,6,7,8,12,13,2,5,15
1,4,7,8,9,11,12>3,5,10,11,12,14,15,8,9,4,7
1,4,7,8,9,11,12>1,5,10,11,12,14,15,8,9,4,7
1,4,7,8,9,11,12>1,3,10,11,12,14,15,8,9,4,7
1,4,7,8,9,11,12>1,3,5,11,12,14,15,8,9,4,7
1,4,7,8,9,11,12>1,3,5,10,14,15,8,9,4,7
1,4,7,8,9,11,12>1,3,5,10,11,15,8,9,4,7
1,4,7,8,9,11,12>1,3,5,10,11,14,8,9,4,7
1,4,7,8,9,11,12>1,3,5,10,11,12,8,9,4,7
1,4,7,8,9,11,12>1,3,5,10,12,15,8,9,4,7
1,4,7,8,9,11,12>1,3,5,10,12,14,8,9,4,7
1,9,13,14,15>4,6,7,13,14,15,9
1,9,13,14,15>1,6,7,13,14,15,9
1,9,13,14,15>1,4,13,14,15,9
1,9,13,14,15>1,4,6,14,15,9
1,9,13,14,15>1,4,6,13,9
1,9,13,14,15>1,4,6,7,15,9
1,9,13,14,15>1,4,6,7,14,9
1,9,13,14,15>1,4,7,13,15,9
1,9,13,14,15>1,4,7,13,14,9
1,9,13,14,15>1,4,7,14,15,9
10,11,12,13,14>6,7,10,11,12,13,14
10,11,12,13,14>4,7,10,11,12,13,14
10,11,12,13,14>4,6,10,11,12,13,14
10,11,12,13,14>4,6,7,11,12,13,14
10,11,12,13,14>4,6,7,10,13,14
10,11,12,13,14>4,6,7,10,11,14
10,11,12,13,14>4,6,7,10,11,13
10,11,12,13,14>4,6,7,10,11,12
10,11,12,13,14>4,6,7,10,12,14
10,11,12,13,14>4,6,7,10,12,13
4,5,6,8,10,13>8,10,13,6
4,5,6,8,10,13>4,10,13,6
4,5,6,8,10,13>4,8,10,6
4,5,6,8,10,13>4,8,13,6
4,5,6,8,10,13>4,5,8,6
4,5,6,8,10,13>5,8,10,6
4,5,6,8,10,13>4,5,13,6
4,5,6,8,10,13>4,5,10,6
4,5,6,8,10,13>5,8,13,6
4,5,6,8,10,13>5,10,13,6
2,3,8,9,14>6,7,14,8,9,2,3
2,3,8,9,14>4,7,14,8,9,2,3
2,3,8,9,14>4,6,7,8,9,2,3
2,3,8,9,14>4,6,14,8,9,2,3
2,3,8,9,14>4,5,6,8,9,2,3
2,3,8,9,14>5,6,7,8,9,2,3
2,3,8,9,14>4,5,14,8,9,2,3
2,3,8,9,14>4,5,7,8,9,2,3
2,3,8,9,14>5,6,14,8,9,2,3
2,3,8,9,14>5,7,14,8,9,2,3
1,2,7,8,9,10,11,12,13,15>8,9,11,12,13,14,1,2,7,10,15
1,2,7,8,9,10,11,12,13,15>4,9,11,12,13,14,1,2,7,10,15
1,2,7,8,9,10,11,12,13,15>4,8,12,13,14,1,2,7,10,15
1,2,7,8,9,10,11,12,13,15>4,8,9,13,14,1,2,7,10,15
1,2,7,8,9,10,11,12,13,15>4,8,9,12,1,2,7,10,15
1,2,7,8,9,10,11,12,13,15>4,8,9,11,14,1,2,7,10,15
1,2,7,8,9,10,11,12,13,15>4,8,9,11,13,1,2,7,10,15
1,2,7,8,9,10,11,12,13,15>4,8,11,12,14,1,2,7,10,15
1,2,7,8,9,10,11,12,13,15>4,8,11,12,13,1,2,7,10,15
1,2,7,8,9,10,11,12,13,15>4,8,11,13,14,1,2,7,10,15
4,5,7,8,9,11,12,14>12,14,15,4,5,7,8,9
4,5,7,8,9,11,12,14>10,14,15,4,5,7,8,9
4,5,7,8,9,11,12,14>10,12,14,4,5,7,8,9
4,5,7,8,9,11,12,14>10,12,15,4,5,7,8,9
4,5,7,8,9,11,12,14>10,11,12,4,5,7,8,9
4,5,7,8,9,11,12,14>11,12,14,4,5,7,8,9
4,5,7,8,9,11,12,14>10,11,15,4,5,7,8,9
4,5,7,8,9,11,12,14>10,11,14,4,5,7,8,9
4,5,7,8,9,11,12,14>11,12,15,4,5,7,8,9
4,5,7,8,9,11,12,14>11,14,15,4,5,7,8,9
1,3,4,6,7,9,11,12,13,14>3,4,5,6,7,10,11,12,13,15,9,14
1,3,4,6,7,9,11,12,13,14>1,4,5,6,7,10,11,12,13,15,9,14
1,3,4,6,7,9,11,12,13,14>1,3,5,6,7,10,11,12,13,15,9,14
1,3,4,6,7,9,11,12,13,14>1,3,4,6,7,10,11,12,13,15,9,14
1,3,4,6,7,9,11,12,13,14>1,3,4,5,7,10,11,12,13,15,9,14
1,3,4,6,7,9,11,12,13,14>1,3,4,5,6,10,11,12,13,15,9,14
1,3,4,6,7,9,11,12,13,14>1,3,4,5,6,7,11,12,13,15,9,14
1,3,4,6,7,9,11,12,13,14>1,3,4,5,6,7,10,12,13,15,9,14
1,3,4,6,7,9,11,12,13,14>1,3,4,5,6,7,10,11,13,15,9,14
1,3,4,6,7,9,11,12,13,14>1,3,4,5,6,7,10,11,12,15,9,14
2,3,5,9,10,12,13>4,5,6,7,10,12,13,9,2
2,3,5,9,10,12,13>3,5,6,7,10,12,13,9,2
2,3,5,9,10,12,13>3,4,6,7,10,12,13,9,2
2,3,5,9,10,12,13>3,4,5,7,10,12,13,9,2
2,3,5,9,10,12,13>3,4,5,6,12,13,9,2
2,3,5,9,10,12,13>3,4,5,6,7,13,9,2
2,3,5,9,10,12,13>3,4,5,6,7,12,9,2
2,3,5,9,10,12,13>3,4,5,6,7,10,9,2
2,3,5,9,10,12,13>3,4,5,6,10,13,9,2
2,3,5,9,10,12,13>3,4,5,6,10,12,9,2
2,4,7,8,10,12,13>8,12,13,14,15,2,10,4,7
2,4,7,8,10,12,13>1,13,14,15,2,10,4,7
2,4,7,8,10,12,13>1,8,14,15,2,10,4,7
2,4,7,8,10,12,13>1,8,13,14,2,10,4,7
2,4,7,8,10,12,13>1,8,13,15,2,10,4,7
2,4,7,8,10,12,13>1,8,12,13,2,10,4,7
2,4,7,8,10,12,13>1,12,13,14,2,10,4,7
2,4,7,8,10,12,13>1,8,12,15,2,10,4,7
2,4,7,8,10,12,13>1,8,12,14,2,10,4,7
2,4,7,8,10,12,13>1,12,13,15,2,10,4,7
3,4,5,6,8,9,10,13,14>4,5,8,10,13,14,9,6
3,4,5,6,8,9,10,13,14>3,5,8,10,13,14,9,6
3,4,5,6,8,9,10,13,14>3,4,10,13,14,9,6
3,4,5,6,8,9,10,13,14>3,4,5,13,14,9,6
3,4,5,6,8,9,10,13,14>3,4,5,10,9,6
3,4,5,6,8,9,10,13,14>3,4,5,8,14,9,6
3,4,5,6,8,9,10,13,14>3,4,5,8,13,9,6
3,4,5,6,8,9,10,13,14>3,4,8,10,14,9,6
3,4,5,6,8,9,10,13,14>3,4,8,10,13,9,6
3,4,5,6,8,9,10,13,14>3,4,8,13,14,9,6
2,3,11,12,13,14,15>4,6,7,11,12,13,14,15,2
2,3,11,12,13,14,15>3,6,7,11,12,13,14,15,2
2,3,11,12,13,14,15>3,4,7,11,12,13,14,15,2
2,3,11,12,13,14,15>3,4,6,11,12,13,14,15,2
2,3,11,12,13,14,15>3,4,6,7,12,13,14,15,2
2,3,11,12,13,14,15>3,4,6,7,11,14,15,2
2,3,11,12,13,14,15>3,4,6,7,11,12,15,2
2,3,11,12,13,14,15>3,4,6,7,11,12,14,2
2,3,11,12,13,14,15>3,4,6,7,11,12,13,2
2,3,11,12,13,14,15>3,4,6,7,11,13,15,2
2,3,4,5,6,7,8,9,11,12,13,14,15>3,4,6,7,8,10,11,12,13,14,9,2,5,15
2,3,4,5,6,7,8,9,11,12,13,14,15>1,4,6,7,8,10,11,12,13,14,9,2,5,15
2,3,4,5,6,7,8,9,11,12,13,14,15>1,3,6,7,8,10,11,12,13,14,9,2,5,15
2,3,4,5,6,7,8,9,11,12,13,14,15>1,3,4,7,8,10,11,12,13,14,9,2,5,15
2,3,4,5,6,7,8,9,11,12,13,14,15>1,3,4,6,8,10,11,12,13,14,9,2,5,15
2,3,4,5,6,7,8,9,11,12,13,14,15>1,3,4,6,7,10,11,12,13,14,9,2,5,15
2,3,4,5,6,7,8,9,11,12,13,14,15>1,3,4,6,7,8,11,12,13,14,9,2,5,15
2,3,4,5,6,7,8,9,11,12,13,14,15>1,3,4,6,7,8,10,12,13,14,9,2,5,15
2,3,4,5,6,7,8,9,11,12,13,14,15>1,3,4,6,7,8,10,11,13,14,9,2,5,15
2,3,4,5,6,7,8,9,11,12,13,14,15>1,3,4,6,7,8,10,11,12,14,9,2,5,15
3,4,9,10,12,13,14,15>6,7,9,10,12,13,14,15,4
3,4,9,10,12,13,14,15>3,7,9,10,12,13,14,15,4
3,4,9,10,12,13,14,15>3,6,9,10,12,13,14,15,4
3,4,9,10,12,13,14,15>3,6,7,10,12,13,14,15,4
3,4,9,10,12,13,14,15>3,6,7,9,12,13,14,15,4
3,4,9,10,12,13,14,15>3,6,7,9,10,14,15,4
3,4,9,10,12,13,14,15>3,6,7,9,10,12,15,4
3,4,9,10,12,13,14,15>3,6,7,9,10,12,14,4
3,4,9,10,12,13,14,15>3,6,7,9,10,12,13,4
3,4,9,10,12,13,14,15>3,6,7,9,10,13,15,4
1,6,7,8,14,15>5,6,10,8,15,14,7
1,6,7,8,14,15>1,6,10,8,15,14,7
1,6,7,8,14,15>1,5,6,8,15,14,7
1,6,7,8,14,15>1,5,10,8,15,14,7
1,6,7,8,14,15>1,3,5,8,15,14,7
1,6,7,8,14,15>3,5,6,8,15,14,7
1,6,7,8,14,15>1,3,10,8,15,14,7
1,6,7,8,14,15>1,3,6,8,15,14,7
1,6,7,8,14,15>3,5,10,8,15,14,7
1,6,7,8,14,15>3,6,10,8,15,14,7
1,2,4,5,6,7,8,9,11,13,14>6,7,8,10,11,13,15,1,2,5,9,14
1,2,4,5,6,7,8,9,11,13,14>4,7,8,10,11,13,15,1,2,5,9,14
1,2,4,5,6,7,8,9,11,13,14>4,6,8,10,11,13,15,1,2,5,9,14
1,2,4,5,6,7,8,9,11,13,14>4,6,7,10,11,13,15,1,2,5,9,14
1,2,4,5,6,7,8,9,11,13,14>4,6,7,8,13,15,1,2,5,9,14
1,2,4,5,6,7,8,9,11,13,14>4,6,7,8,10,15,1,2,5,9,14
1,2,4,5,6,7,8,9,11,13,14>4,6,7,8,10,13,1,2,5,9,14
1,2,4,5,6,7,8,9,11,13,14>4,6,7,8,10,11,1,2,5,9,14
1,2,4,5,6,7,8,9,11,13,14>4,6,7,8,11,15,1,2,5,9,14
1,2,4,5,6,7,8,9,11,13,14>4,6,7,8,11,13,1,2,5,9,14
1,3,4,11,12,13,14,15>3,5,6,7,11,12,13,14,15,4
1,3,4,11,12,13,14,15>1,5,6,7,11,12,13,14,15,4
1,3,4,11,12,13,14,15>1,3,6,7,11,12,13,14,15,4
1,3,4,11,12,13,14,15>1,3,5,7,11,12,13,14,15,4
1,3,4,11,12,13,14,15>1,3,5,6,11,12,13,14,15,4
1,3,4,11,12,13,14,15>1,3,5,6,7,12,13,14,15,4
1,3,4,11,12,13,14,15>1,3,5,6,7,11,13,14,15,4
1,3,4,11,12,13,14,15>1,3,5,6,7,11,12,14,15,4
1,3,4,11,12,13,14,15>1,3,5,6,7,11,12,13,15,4
1,3,4,11,12,13,14,15>1,3,5,6,7,11,12,13,14,4
1,6,7,8,9,13>5,6,7,8,10,13,14,15,9
1,6,7,8,9,13>1,6,7,8,10,13,14,15,9
1,6,7,8,9,13>1,5,7,8,10,13,14,15,9
1,6,7,8,9,13>1,5,6,8,10,13,14,15,9
1,6,7,8,9,13>1,5,6,7,10,13,14,15,9
1,6,7,8,9,13>1,5,6,7,8,14,15,9
1,6,7,8,9,13>1,5,6,7,8,10,15,9
1,6,7,8,9,13>1,5,6,7,8,10,14,9
1,6,7,8,9,13>1,5,6,7,8,10,13,9
1,6,7,8,9,13>1,5,6,7,8,13,15,9
1,6,7,8,9,10,11,14>6,11,15,7,8,9,10,14
1,6,7,8,9,10,11,14>1,11,15,7,8,9,10,14
1,6,7,8,9,10,11,14>1,6,11,7,8,9,10,14
1,6,7,8,9,10,11,14>1,6,15,7,8,9,10,14
1,6,7,8,9,10,11,14>1,3,6,7,8,9,10,14
1,6,7,8,9,10,11,14>3,6,11,7,8,9,10,14
1,6,7,8,9,10,11,14>1,3,15,7,8,9,10,14
1,6,7,8,9,10,11,14>1,3,11,7,8,9,10,14
1,6,7,8,9,10,11,14>3,6,15,7,8,9,10,14
1,6,7,8,9,10,11,14>3,11,15,7,8,9,10,14
1,2,3,5,6,12>3,7,8,10,12,2,5,6
1,2,3,5,6,12>1,8,10,12,2,5,6
1,2,3,5,6,12>1,3,10,12,2,5,6
1,2,3,5,6,12>1,3,8,10,2,5,6
1,2,3,5,6,12>1,3,8,12,2,5,6
1,2,3,5,6,12>1,3,7,8,2,5,6
1,2,3,5,6,12>1,7,8,10,2,5,6
1,2,3,5,6,12>1,3,7,12,2,5,6
1,2,3,5,6,12>1,3,7,10,2,5,6
1,2,3,5,6,12>1,7,8,12,2,5,6
1,3,5,7,10,11,12,15>3,4,5,8,11,12,14,10,15,7
1,3,5,7,10,11,12,15>1,4,5,8,11,12,14,10,15,7
1,3,5,7,10,11,12,15>1,3,5,8,11,12,14,10,15,7
1,3,5,7,10,11,12,15>1,3,4,8,11,12,14,10,15,7
1,3,5,7,10,11,12,15>1,3,4,5,12,14,10,15,7
1,3,5,7,10,11,12,15>1,3,4,5,8,14,10,15,7
1,3,5,7,10,11,12,15>1,3,4,5,8,12,10,15,7
1,3,5,7,10,11,12,15>1,3,4,5,8,11,10,15,7
1,3,5,7,10,11,12,15>1,3,4,5,11,14,10,15,7
1,3,5,7,10,11,12,15>1,3,4,5,11,12,10,15,7
