AP3,UFO,FUL,FT,AP1,EMF1,LFY,AP2,WUS,AG,LUG,CLF,TFL1,PI,SEP
1,5,6,8,10,12,14,15>10,12,15,8,1,6,14
1,5,6,8,10,12,14,15>5,12,15,8,1,6,14
1,5,6,8,10,12,14,15>5,10,12,8,1,6,14
1,5,6,8,10,12,14,15>5,10,15,8,1,6,14
1,5,6,8,10,12,14,15>5,7,10,8,1,6,14
1,5,6,8,10,12,14,15>7,10,12,8,1,6,14
1,5,6,8,10,12,14,15>5,7,15,8,1,6,14
1,5,6,8,10,12,14,15>5,7,12,8,1,6,14
1,5,6,8,10,12,14,15>7,10,15,8,1,6,14
1,5,6,8,10,12,14,15>7,12,15,8,1,6,14
7,8,10,11,13,15>11,13,14,10,15,7
7,8,10,11,13,15>4,13,14,10,15,7
7,8,10,11,13,15>4,11,13,10,15,7
7,8,10,11,13,15>4,11,14,10,15,7
7,8,10,11,13,15>4,8,11,10,15,7
7,8,10,11,13,15>8,11,13,10,15,7
7,8,10,11,13,15>4,8,14,10,15,7
7,8,10,11,13,15>4,8,13,10,15,7
7,8,10,11,13,15>8,11,14,10,15,7
7,8,10,11,13,15>8,13,14,10,15,7
1,5,9,14,15>6,7,8,10,15,1,5,9,14
1,5,9,14,15>4,8,10,15,1,5,9,14
1,5,9,14,15>4,6,10,15,1,5,9,14
1,5,9,14,15>4,6,8,10,1,5,9,14
1,5,9,14,15>4,6,8,15,1,5,9,14
1,5,9,14,15>4,6,7,8,1,5,9,14
1,5,9,14,15>4,7,8,10,1,5,9,14
1,5,9,14,15>4,6,7,15,1,5,9,14
1,5,9,14,15>4,6,7,10,1,5,9,14
1,5,9,14,15>4,7,8,15,1,5,9,14
8,12,7>4,5,10,12,15,8,7
8,12,7>3,10,12,15,8,7
8,12,7>3,4,12,15,8,7
8,12,7>3,4,10,12,8,7
8,12,7>3,4,10,15,8,7
8,12,7>3,4,5,10,8,7
8,12,7>3,5,10,12,8,7
8,12,7>3,4,5,15,8,7
8,12,7>3,4,5,12,8,7
8,12,7>3,5,10,15,8,7
1,3,7,8,9,11,15>4,5,10,11,14,3,7,8,9,15
1,3,7,8,9,11,15>1,10,11,14,3,7,8,9,15
1,3,7,8,9,11,15>1,4,11,14,3,7,8,9,15
1,3,7,8,9,11,15>1,4,10,11,3,7,8,9,15
1,3,7,8,9,11,15>1,4,10,14,3,7,8,9,15
1,3,7,8,9,11,15>1,4,5,10,3,7,8,9,15
1,3,7,8,9,11,15>1,5,10,11,3,7,8,9,15
1,3,7,8,9,11,15>1,4,5,14,3,7,8,9,15
1,3,7,8,9,11,15>1,4,5,11,3,7,8,9,15
1,3,7,8,9,11,15>1,5,10,14,3,7,8,9,15
1,2,6,8,12>3,5,7,12,13,8,2,6
1,2,6,8,12>1,7,12,13,8,2,6
1,2,6,8,12>1,3,12,13,8,2,6
1,2,6,8,12>1,3,7,12,8,2,6
1,2,6,8,12>1,3,7,13,8,2,6
1,2,6,8,12>1,3,5,7,8,2,6
1,2,6,8,12>1,5,7,12,8,2,6
1,2,6,8,12>1,3,5,13,8,2,6
1,2,6,8,12>1,3,5,12,8,2,6
1,2,6,8,12>1,5,7,13,8,2,6
2,4,5,6,7,9,10,11,14>4,5,6,8,11,15,2,7,9,10,14
2,4,5,6,7,9,10,11,14>1,5,6,8,11,15,2,7,9,10,14
2,4,5,6,7,9,10,11,14>1,4,8,11,15,2,7,9,10,14
2,4,5,6,7,9,10,11,14>1,4,5,11,15,2,7,9,10,14
2,4,5,6,7,9,10,11,14>1,4,5,8,2,7,9,10,14
2,4,5,6,7,9,10,11,14>1,4,5,6,15,2,7,9,10,14
2,4,5,6,7,9,10,11,14>1,4,5,6,11,2,7,9,10,14
2,4,5,6,7,9,10,11,14>1,4,6,8,15,2,7,9,10,14
2,4,5,6,7,9,10,11,14>1,4,6,8,11,2,7,9,10,14
2,4,5,6,7,9,10,11,14>1,4,6,11,15,2,7,9,10,14
2,3,5,6,7,9,10,11,12,13,15>3,5,6,7,9,11,12,13,14,2,10,15
2,3,5,6,7,9,10,11,12,13,15>1,5,6,7,9,11,12,13,14,2,10,15
2,3,5,6,7,9,10,11,12,13,15>1,3,6,7,9,11,12,13,14,2,10,15
2,3,5,6,7,9,10,11,12,13,15>1,3,5,7,9,11,12,13,14,2,10,15
2,3,5,6,7,9,10,11,12,13,15>1,3,5,6,9,11,12,13,14,2,10,15
2,3,5,6,7,9,10,11,12,13,15>1,3,5,6,7,11,12,13,14,2,10,15
2,3,5,6,7,9,10,11,12,13,15>1,3,5,6,7,9,12,13,14,2,10,15
2,3,5,6,7,9,10,11,12,13,15>1,3,5,6,7,9,11,13,14,2,10,15
2,3,5,6,7,9,10,11,12,13,15>1,3,5,6,7,9,11,12,14,2,10,15
2,3,5,6,7,9,10,11,12,13,15>1,3,5,6,7,9,11,12,13,2,10,15
2,3,5,8,9,10,12,13,14>4,5,6,7,8,10,12,13,14,9,2
2,3,5,8,9,10,12,13,14>3,5,6,7,8,10,12,13,14,9,2
2,3,5,8,9,10,12,13,14>3,4,6,7,8,10,12,13,14,9,2
2,3,5,8,9,10,12,13,14>3,4,5,7,8,10,12,13,14,9,2
2,3,5,8,9,10,12,13,14>3,4,5,6,8,10,12,13,14,9,2
2,3,5,8,9,10,12,13,14>3,4,5,6,7,10,12,13,14,9,2
2,3,5,8,9,10,12,13,14>3,4,5,6,7,8,12,13,14,9,2
2,3,5,8,9,10,12,13,14>3,4,5,6,7,8,10,13,14,9,2
2,3,5,8,9,10,12,13,14>3,4,5,6,7,8,10,12,14,9,2
2,3,5,8,9,10,12,13,14>3,4,5,6,7,8,10,12,13,9,2
2,5,7,8,11,13,14>4,8,10,11,13,14,15,2,5,7
2,5,7,8,11,13,14>1,8,10,11,13,14,15,2,5,7
2,5,7,8,11,13,14>1,4,10,11,13,14,15,2,5,7
2,5,7,8,11,13,14>1,4,8,11,13,14,15,2,5,7
2,5,7,8,11,13,14>1,4,8,10,14,15,2,5,7
2,5,7,8,11,13,14>1,4,8,10,11,15,2,5,7
2,5,7,8,11,13,14>1,4,8,10,11,14,2,5,7
2,5,7,8,11,13,14>1,4,8,10,11,13,2,5,7
2,5,7,8,11,13,14>1,4,8,10,13,15,2,5,7
2,5,7,8,11,13,14>1,4,8,10,13,14,2,5,7
1,5,8,10,12,13,15>4,5,6,7,8,10,12,13,15
1,5,8,10,12,13,15>1,5,6,7,8,10,12,13,15
1,5,8,10,12,13,15>1,4,6,7,8,10,12,13,15
1,5,8,10,12,13,15>1,4,5,7,8,10,12,13,15
1,5,8,10,12,13,15>1,4,5,6,8,10,12,13,15
1,5,8,10,12,13,15>1,4,5,6,7,10,12,13,15
1,5,8,10,12,13,15>1,4,5,6,7,8,12,13,15
1,5,8,10,12,13,15>1,4,5,6,7,8,10,13,15
1,5,8,10,12,13,15>1,4,5,6,7,8,10,12,15
1,5,8,10,12,13,15>1,4,5,6,7,8,10,12,13
1,4,5,6,9,10,12,13>4,5,10,12,13,9,6
1,4,5,6,9,10,12,13>1,10,12,13,9,6
1,4,5,6,9,10,12,13>1,4,12,13,9,6
1,4,5,6,9,10,12,13>1,4,10,12,9,6
1,4,5,6,9,10,12,13>1,4,10,13,9,6
1,4,5,6,9,10,12,13>1,4,5,10,9,6
1,4,5,6,9,10,12,13>1,5,10,12,9,6
1,4,5,6,9,10,12,13>1,4,5,13,9,6
1,4,5,6,9,10,12,13>1,4,5,12,9,6
1,4,5,6,9,10,12,13>1,5,10,13,9,6
1,2,3,4,5,6,9,10,11,14,15>4,5,7,8,9,11,15,1,2,6,10,14
1,2,3,4,5,6,9,10,11,14,15>3,5,7,8,9,11,15,1,2,6,10,14
1,2,3,4,5,6,9,10,11,14,15>3,4,7,8,9,11,15,1,2,6,10,14
1,2,3,4,5,6,9,10,11,14,15>3,4,5,8,9,11,15,1,2,6,10,14
1,2,3,4,5,6,9,10,11,14,15>3,4,5,7,11,15,1,2,6,10,14
1,2,3,4,5,6,9,10,11,14,15>3,4,5,7,8,15,1,2,6,10,14
1,2,3,4,5,6,9,10,11,14,15>3,4,5,7,8,11,1,2,6,10,14
1,2,3,4,5,6,9,10,11,14,15>3,4,5,7,8,9,1,2,6,10,14
1,2,3,4,5,6,9,10,11,14,15>3,4,5,7,9,15,1,2,6,10,14
1,2,3,4,5,6,9,10,11,14,15>3,4,5,7,9,11,1,2,6,10,14
2,5,7,8,9,10,11,14>5,11,15,2,7,8,9,10,14
2,5,7,8,9,10,11,14>1,11,15,2,7,8,9,10,14
2,5,7,8,9,10,11,14>1,5,11,2,7,8,9,10,14
2,5,7,8,9,10,11,14>1,5,15,2,7,8,9,10,14
2,5,7,8,9,10,11,14>1,4,5,2,7,8,9,10,14
2,5,7,8,9,10,11,14>4,5,11,2,7,8,9,10,14
2,5,7,8,9,10,11,14>1,4,15,2,7,8,9,10,14
2,5,7,8,9,10,11,14>1,4,11,2,7,8,9,10,14
2,5,7,8,9,10,11,14>4,5,15,2,7,8,9,10,14
2,5,7,8,9,10,11,14>4,11,15,2,7,8,9,10,14
1,2,3,7,8,11,12,13,14,15>4,5,8,10,11,12,13,1,2,7,14,15
1,2,3,7,8,11,12,13,14,15>3,5,8,10,11,12,13,1,2,7,14,15
1,2,3,7,8,11,12,13,14,15>3,4,8,10,11,12,13,1,2,7,14,15
1,2,3,7,8,11,12,13,14,15>3,4,5,10,11,12,13,1,2,7,14,15
1,2,3,7,8,11,12,13,14,15>3,4,5,8,12,13,1,2,7,14,15
1,2,3,7,8,11,12,13,14,15>3,4,5,8,10,13,1,2,7,14,15
1,2,3,7,8,11,12,13,14,15>3,4,5,8,10,12,1,2,7,14,15
1,2,3,7,8,11,12,13,14,15>3,4,5,8,10,11,1,2,7,14,15
1,2,3,7,8,11,12,13,14,15>3,4,5,8,11,13,1,2,7,14,15
1,2,3,7,8,11,12,13,14,15>3,4,5,8,11,12,1,2,7,14,15
1,3,4,6,9,11,12,13,14,15>3,4,5,11,12,14,15,9,13,6
1,3,4,6,9,11,12,13,14,15>1,4,5,11,12,14,15,9,13,6
1,3,4,6,9,11,12,13,14,15>1,3,5,11,12,14,15,9,13,6
1,3,4,6,9,11,12,13,14,15>1,3,4,11,12,14,15,9,13,6
1,3,4,6,9,11,12,13,14,15>1,3,4,5,14,15,9,13,6
1,3,4,6,9,11,12,13,14,15>1,3,4,5,11,15,9,13,6
1,3,4,6,9,11,12,13,14,15>1,3,4,5,11,14,9,13,6
1,3,4,6,9,11,12,13,14,15>1,3,4,5,11,12,9,13,6
1,3,4,6,9,11,12,13,14,15>1,3,4,5,12,15,9,13,6
1,3,4,6,9,11,12,13,14,15>1,3,4,5,12,14,9,13,6
6,8,12,14,15>5,7,12,13,14,15,8,6
6,8,12,14,15>3,7,12,13,14,15,8,6
6,8,12,14,15>3,5,13,14,15,8,6
6,8,12,14,15>3,5,7,14,15,8,6
6,8,12,14,15>3,5,7,13,8,6
6,8,12,14,15>3,5,7,12,15,8,6
6,8,12,14,15>3,5,7,12,14,8,6
6,8,12,14,15>3,5,12,13,15,8,6
6,8,12,14,15>3,5,12,13,14,8,6
6,8,12,14,15>3,5,12,14,15,8,6
2,11,13,15>6,7,11,13,15,2
2,11,13,15>4,11,13,15,2
2,11,13,15>4,6,13,15,2
2,11,13,15>4,6,11,13,2
2,11,13,15>4,6,11,15,2
2,11,13,15>4,6,7,11,2
2,11,13,15>4,7,11,13,2
2,11,13,15>4,6,7,15,2
2,11,13,15>4,6,7,13,2
2,11,13,15>4,7,11,15,2
7,8,10,11,12,13,14>8,11,12,13,15,10,14,7
7,8,10,11,12,13,14>4,12,13,15,10,14,7
7,8,10,11,12,13,14>4,8,13,15,10,14,7
7,8,10,11,12,13,14>4,8,12,13,10,14,7
7,8,10,11,12,13,14>4,8,12,15,10,14,7
7,8,10,11,12,13,14>4,8,11,12,10,14,7
7,8,10,11,12,13,14>4,11,12,13,10,14,7
7,8,10,11,12,13,14>4,8,11,15,10,14,7
7,8,10,11,12,13,14>4,8,11,13,10,14,7
7,8,10,11,12,13,14>4,11,12,15,10,14,7
1,2,4,5,14,15>8,10,15,1,2,4,5,14
1,2,4,5,14,15>6,10,15,1,2,4,5,14
1,2,4,5,14,15>6,8,10,1,2,4,5,14
1,2,4,5,14,15>6,8,15,1,2,4,5,14
1,2,4,5,14,15>6,7,8,1,2,4,5,14
1,2,4,5,14,15>7,8,10,1,2,4,5,14
1,2,4,5,14,15>6,7,15,1,2,4,5,14
1,2,4,5,14,15>6,7,10,1,2,4,5,14
1,2,4,5,14,15>7,8,15,1,2,4,5,14
1,2,4,5,14,15>7,10,15,1,2,4,5,14
1,2,3,4,5,8,9,10,11,12,14,15>5,6,7,9,10,11,12,15,1,2,4,8,14
1,2,3,4,5,8,9,10,11,12,14,15>3,6,7,9,10,11,12,15,1,2,4,8,14
1,2,3,4,5,8,9,10,11,12,14,15>3,5,7,9,10,11,12,15,1,2,4,8,14
1,2,3,4,5,8,9,10,11,12,14,15>3,5,6,9,10,11,12,15,1,2,4,8,14
1,2,3,4,5,8,9,10,11,12,14,15>3,5,6,7,10,11,12,15,1,2,4,8,14
1,2,3,4,5,8,9,10,11,12,14,15>3,5,6,7,9,12,15,1,2,4,8,14
1,2,3,4,5,8,9,10,11,12,14,15>3,5,6,7,9,10,15,1,2,4,8,14
1,2,3,4,5,8,9,10,11,12,14,15>3,5,6,7,9,10,12,1,2,4,8,14
1,2,3,4,5,8,9,10,11,12,14,15>3,5,6,7,9,10,11,1,2,4,8,14
1,2,3,4,5,8,9,10,11,12,14,15>3,5,6,7,9,11,15,1,2,4,8,14
2,4,5,6,7,8,9,10,11,12,13,15>4,5,6,7,8,9,11,12,13,14,10,2,15
2,4,5,6,7,8,9,10,11,12,13,15>1,5,6,7,8,9,11,12,13,14,10,2,15
2,4,5,6,7,8,9,10,11,12,13,15>1,4,6,7,8,9,11,12,13,14,10,2,15
2,4,5,6,7,8,9,10,11,12,13,15>1,4,5,7,8,9,11,12,13,14,10,2,15
2,4,5,6,7,8,9,10,11,12,13,15>1,4,5,6,8,9,11,12,13,14,10,2,15
2,4,5,6,7,8,9,10,11,12,13,15>1,4,5,6,7,9,11,12,13,14,10,2,15
2,4,5,6,7,8,9,10,11,12,13,15>1,4,5,6,7,8,11,12,13,14,10,2,15
2,4,5,6,7,8,9,10,11,12,13,15>1,4,5,6,7,8,9,12,13,14,10,2,15
2,4,5,6,7,8,9,10,11,12,13,15>1,4,5,6,7,8,9,11,13,14,10,2,15
2,4,5,6,7,8,9,10,11,12,13,15>1,4,5,6,7,8,9,11,12,14,10,2,15
1,3,6,7,8,9,11,13,14>3,5,6,7,8,10,11,13,15,9,14
1,3,6,7,8,9,11,13,14>1,5,6,7,8,10,11,13,15,9,14
1,3,6,7,8,9,11,13,14>1,3,6,7,8,10,11,13,15,9,14
1,3,6,7,8,9,11,13,14>1,3,5,7,8,10,11,13,15,9,14
1,3,6,7,8,9,11,13,14>1,3,5,6,8,10,11,13,15,9,14
1,3,6,7,8,9,11,13,14>1,3,5,6,7,10,11,13,15,9,14
1,3,6,7,8,9,11,13,14>1,3,5,6,7,8,11,13,15,9,14
1,3,6,7,8,9,11,13,14>1,3,5,6,7,8,10,13,15,9,14
1,3,6,7,8,9,11,13,14>1,3,5,6,7,8,10,11,15,9,14
1,3,6,7,8,9,11,13,14>1,3,5,6,7,8,10,11,13,9,14
12,5,15>6,7,8,10,12,15,5
12,5,15>4,7,8,10,12,15,5
12,5,15>4,6,10,12,15,5
12,5,15>4,6,7,12,15,5
12,5,15>4,6,7,10,5
12,5,15>4,6,7,8,15,5
12,5,15>4,6,7,8,12,5
12,5,15>4,6,8,10,15,5
12,5,15>4,6,8,10,12,5
12,5,15>4,6,8,12,15,5
1,4,6,8,9,10,13,14>8,10,14,9,13,6
1,4,6,8,9,10,13,14>1,10,14,9,13,6
1,4,6,8,9,10,13,14>1,8,10,9,13,6
1,4,6,8,9,10,13,14>1,8,14,9,13,6
1,4,6,8,9,10,13,14>1,4,8,9,13,6
1,4,6,8,9,10,13,14>4,8,10,9,13,6
1,4,6,8,9,10,13,14>1,4,14,9,13,6
1,4,6,8,9,10,13,14>1,4,10,9,13,6
1,4,6,8,9,10,13,14>4,8,14,9,13,6
1,4,6,8,9,10,13,14>4,10,14,9,13,6
1,2,3,5,8,9,12,13,14>3,4,5,6,7,8,12,13,14,9,2
1,2,3,5,8,9,12,13,14>1,4,5,6,7,8,12,13,14,9,2
1,2,3,5,8,9,12,13,14>1,3,5,6,7,8,12,13,14,9,2
1,2,3,5,8,9,12,13,14>1,3,4,6,7,8,12,13,14,9,2
1,2,3,5,8,9,12,13,14>1,3,4,5,7,8,12,13,14,9,2
1,2,3,5,8,9,12,13,14>1,3,4,5,6,8,12,13,14,9,2
1,2,3,5,8,9,12,13,14>1,3,4,5,6,7,12,13,14,9,2
1,2,3,5,8,9,12,13,14>1,3,4,5,6,7,8,13,14,9,2
1,2,3,5,8,9,12,13,14>1,3,4,5,6,7,8,12,14,9,2
1,2,3,5,8,9,12,13,14>1,3,4,5,6,7,8,12,13,9,2
3,5,6,9,10,11,12,15>5,7,8,9,11,12,15,10,6
3,5,6,9,10,11,12,15>3,7,8,9,11,12,15,10,6
3,5,6,9,10,11,12,15>3,5,8,9,11,12,15,10,6
3,5,6,9,10,11,12,15>3,5,7,9,11,12,15,10,6
3,5,6,9,10,11,12,15>3,5,7,8,12,15,10,6
3,5,6,9,10,11,12,15>3,5,7,8,9,15,10,6
3,5,6,9,10,11,12,15>3,5,7,8,9,12,10,6
3,5,6,9,10,11,12,15>3,5,7,8,9,11,10,6
3,5,6,9,10,11,12,15>3,5,7,8,11,15,10,6
3,5,6,9,10,11,12,15>3,5,7,8,11,12,10,6
6,7,9,13,14>6,7,10,13,14,15,9
6,7,9,13,14>5,7,10,13,14,15,9
6,7,9,13,14>5,6,13,14,15,9
6,7,9,13,14>5,6,7,14,15,9
6,7,9,13,14>5,6,7,13,9
6,7,9,13,14>5,6,7,10,15,9
6,7,9,13,14>5,6,7,10,14,9
6,7,9,13,14>5,6,10,13,15,9
6,7,9,13,14>5,6,10,13,14,9
6,7,9,13,14>5,6,10,14,15,9
4,5,8,9,10,11,12,13,14,15>6,7,8,9,10,11,12,13,14,15,4
4,5,8,9,10,11,12,13,14,15>5,7,8,9,10,11,12,13,14,15,4
4,5,8,9,10,11,12,13,14,15>5,6,8,9,10,11,12,13,14,15,4
4,5,8,9,10,11,12,13,14,15>5,6,7,9,10,11,12,13,14,15,4
4,5,8,9,10,11,12,13,14,15>5,6,7,8,10,11,12,13,14,15,4
4,5,8,9,10,11,12,13,14,15>5,6,7,8,9,11,12,13,14,15,4
4,5,8,9,10,11,12,13,14,15>5,6,7,8,9,10,12,13,14,15,4
4,5,8,9,10,11,12,13,14,15>5,6,7,8,9,10,11,13,14,15,4
4,5,8,9,10,11,12,13,14,15>5,6,7,8,9,10,11,12,14,15,4
4,5,8,9,10,11,12,13,14,15>5,6,7,8,9,10,11,12,13,15,4
1,2,3,7,8,11,12,13>4,5,8,10,11,12,13,14,15,1,2,7
1,2,3,7,8,11,12,13>3,5,8,10,11,12,13,14,15,1,2,7
1,2,3,7,8,11,12,13>3,4,8,10,11,12,13,14,15,1,2,7
1,2,3,7,8,11,12,13>3,4,5,10,11,12,13,14,15,1,2,7
1,2,3,7,8,11,12,13>3,4,5,8,11,12,13,14,15,1,2,7
1,2,3,7,8,11,12,13>3,4,5,8,10,12,13,14,15,1,2,7
1,2,3,7,8,11,12,13>3,4,5,8,10,11,13,14,15,1,2,7
1,2,3,7,8,11,12,13>3,4,5,8,10,11,12,14,15,1,2,7
1,2,3,7,8,11,12,13>3,4,5,8,10,11,12,13,15,1,2,7
1,2,3,7,8,11,12,13>3,4,5,8,10,11,12,13,14,1,2,7
1,2,3,4,11,15>5,6,7,8,10,11,15,2,3,4
1,2,3,4,11,15>1,6,7,8,10,11,15,2,3,4
1,2,3,4,11,15>1,5,7,8,10,11,15,2,3,4
1,2,3,4,11,15>1,5,6,8,10,11,15,2,3,4
1,2,3,4,11,15>1,5,6,7,11,15,2,3,4
1,2,3,4,11,15>1,5,6,7,8,15,2,3,4
1,2,3,4,11,15>1,5,6,7,8,11,2,3,4
1,2,3,4,11,15>1,5,6,7,8,10,2,3,4
1,2,3,4,11,15>1,5,6,7,10,15,2,3,4
1,2,3,4,11,15>1,5,6,7,10,11,2,3,4
2,3,5,8,10,12,13,15>4,5,6,7,8,10,12,13,15,2
2,3,5,8,10,12,13,15>3,5,6,7,8,10,12,13,15,2
2,3,5,8,10,12,13,15>3,4,6,7,8,10,12,13,15,2
2,3,5,8,10,12,13,15>3,4,5,7,8,10,12,13,15,2
2,3,5,8,10,12,13,15>3,4,5,6,8,10,12,13,15,2
2,3,5,8,10,12,13,15>3,4,5,6,7,10,12,13,15,2
2,3,5,8,10,12,13,15>3,4,5,6,7,8,12,13,15,2
2,3,5,8,10,12,13,15>3,4,5,6,7,8,10,13,15,2
2,3,5,8,10,12,13,15>3,4,5,6,7,8,10,12,15,2
2,3,5,8,10,12,13,15>3,4,5,6,7,8,10,12,13,2
1,3,4,5,6,9,10,11,13>3,4,5,10,11,13,9,6
1,3,4,5,6,9,10,11,13>1,4,5,10,11,13,9,6
1,3,4,5,6,9,10,11,13>1,3,10,11,13,9,6
1,3,4,5,6,9,10,11,13>1,3,4,11,13,9,6
1,3,4,5,6,9,10,11,13>1,3,4,10,9,6
1,3,4,5,6,9,10,11,13>1,3,4,5,13,9,6
1,3,4,5,6,9,10,11,13>1,3,4,5,11,9,6
1,3,4,5,6,9,10,11,13>1,3,5,10,13,9,6
1,3,4,5,6,9,10,11,13>1,3,5,10,11,9,6
1,3,4,5,6,9,10,11,13>1,3,5,11,13,9,6
1,2,5,6,9,10,12,13>10,12,13,9,2,6
1,2,5,6,9,10,12,13>1,12,13,9,2,6
1,2,5,6,9,10,12,13>1,10,12,9,2,6
1,2,5,6,9,10,12,13>1,10,13,9,2,6
1,2,5,6,9,10,12,13>1,5,10,9,2,6
1,2,5,6,9,10,12,13>5,10,12,9,2,6
1,2,5,6,9,10,12,13>1,5,13,9,2,6
1,2,5,6,9,10,12,13>1,5,12,9,2,6
1,2,5,6,9,10,12,13>5,10,13,9,2,6
1,2,5,6,9,10,12,13>5,12,13,9,2,6
8,1,3,13>3,4,6,7,8,13
8,1,3,13>1,4,6,7,8,13
8,1,3,13>1,3,7,8,13
8,1,3,13>1,3,4,8,13
8,1,3,13>1,3,4,7
8,1,3,13>1,3,4,6,13
8,1,3,13>1,3,4,6,8
8,1,3,13>1,3,6,7,13
8,1,3,13>1,3,6,7,8
8,1,3,13>1,3,6,8,13
8,9,11,12,13,14,15>6,7,8,11,12,13,14,15,9
8,9,11,12,13,14,15>4,7,8,11,12,13,14,15,9
8,9,11,12,13,14,15>4,6,8,11,12,13,14,15,9
8,9,11,12,13,14,15>4,6,7,11,12,13,14,15,9
8,9,11,12,13,14,15>4,6,7,8,12,13,14,15,9
8,9,11,12,13,14,15>4,6,7,8,11,14,15,9
8,9,11,12,13,14,15>4,6,7,8,11,12,15,9
8,9,11,12,13,14,15>4,6,7,8,11,12,14,9
8,9,11,12,13,14,15>4,6,7,8,11,12,13,9
8,9,11,12,13,14,15>4,6,7,8,11,13,15,9
1,4,6,7,10,12,13,15>4,6,7,12,13,14,10,15
1,4,6,7,10,12,13,15>1,6,7,12,13,14,10,15
1,4,6,7,10,12,13,15>1,4,12,13,14,10,15
1,4,6,7,10,12,13,15>1,4,6,13,14,10,15
1,4,6,7,10,12,13,15>1,4,6,12,10,15
1,4,6,7,10,12,13,15>1,4,6,7,14,10,15
1,4,6,7,10,12,13,15>1,4,6,7,13,10,15
1,4,6,7,10,12,13,15>1,4,7,12,14,10,15
1,4,6,7,10,12,13,15>1,4,7,12,13,10,15
1,4,6,7,10,12,13,15>1,4,7,13,14,10,15
1,3,4,6,10,12,15>4,7,8,12,13,15,10,3,6
1,3,4,6,10,12,15>1,7,8,12,13,15,10,3,6
1,3,4,6,10,12,15>1,4,12,13,15,10,3,6
1,3,4,6,10,12,15>1,4,7,13,15,10,3,6
1,3,4,6,10,12,15>1,4,7,12,10,3,6
1,3,4,6,10,12,15>1,4,7,8,15,10,3,6
1,3,4,6,10,12,15>1,4,7,8,13,10,3,6
1,3,4,6,10,12,15>1,4,8,12,15,10,3,6
1,3,4,6,10,12,15>1,4,8,12,13,10,3,6
1,3,4,6,10,12,15>1,4,8,13,15,10,3,6
2,3,4,5,7,10,11,12,15>3,5,8,11,12,14,2,4,7,10,15
2,3,4,5,7,10,11,12,15>1,5,8,11,12,14,2,4,7,10,15
2,3,4,5,7,10,11,12,15>1,3,11,12,14,2,4,7,10,15
2,3,4,5,7,10,11,12,15>1,3,5,12,14,2,4,7,10,15
2,3,4,5,7,10,11,12,15>1,3,5,11,2,4,7,10,15
2,3,4,5,7,10,11,12,15>1,3,5,8,14,2,4,7,10,15
2,3,4,5,7,10,11,12,15>1,3,5,8,12,2,4,7,10,15
2,3,4,5,7,10,11,12,15>1,3,8,11,14,2,4,7,10,15
2,3,4,5,7,10,11,12,15>1,3,8,11,12,2,4,7,10,15
2,3,4,5,7,10,11,12,15>1,3,8,12,14,2,4,7,10,15
1,4,7,9,10,11,15>3,8,9,11,14,10,4,15,7
1,4,7,9,10,11,15>1,9,11,14,10,4,15,7
1,4,7,9,10,11,15>1,3,11,14,10,4,15,7
1,4,7,9,10,11,15>1,3,9,11,10,4,15,7
1,4,7,9,10,11,15>1,3,9,14,10,4,15,7
1,4,7,9,10,11,15>1,3,8,9,10,4,15,7
1,4,7,9,10,11,15>1,8,9,11,10,4,15,7
1,4,7,9,10,11,15>1,3,8,14,10,4,15,7
1,4,7,9,10,11,15>1,3,8,11,10,4,15,7
1,4,7,9,10,11,15>1,8,9,14,10,4,15,7
