AP3,UFO,FUL,FT,AP1,EMF1,LFY,AP2,WUS,AG,LUG,CLF,TFL1,PI,SEP
1,2,4,9,10,11,14,15>6,7,8,9,11,15,1,2,4,10,14
1,2,4,9,10,11,14,15>3,7,8,9,11,15,1,2,4,10,14
6,7,8,9,11,12,14>5,6,10,11,12,14,15,8,9,7
6,7,8,9,11,12,14>3,6,10,11,12,14,15,8,9,7
5,6,8,10,11,12,13>8,10,11,12,13,6
5,6,8,10,11,12,13>5,10,11,12,13,6
4,8,10,11,12>6,7,10,11,12,8,4
4,8,10,11,12>3,7,10,11,12,8,4
1,3,7,8,9,10,13,15>3,4,8,9,13,14,10,15,7
1,3,7,8,9,10,13,15>1,4,8,9,13,14,10,15,7
2,4,5,6,7,8,10,14,15>4,5,6,2,7,8,10,14,15
2,4,5,6,7,8,10,14,15>1,5,6,2,7,8,10,14,15
1,4,7,8,9,10,13,14>1,13,15,4,7,9,10,14
1,4,7,8,9,10,13,14>8,13,15,4,7,9,10,14
1,2,3,4,5,6,8,9,10,12>3,4,5,7,10,12,8,9,2,6
1,2,3,4,5,6,8,9,10,12>1,4,5,7,10,12,8,9,2,6
2,3,6,7,8,10,13,14>3,6,7,8,13,15,2,10,14
2,3,6,7,8,10,13,14>1,6,7,8,13,15,2,10,14
1,2,3,4,5,7,8,10,11,12,13,15>5,8,11,12,13,14,1,2,4,7,10,15
1,2,3,4,5,7,8,10,11,12,13,15>3,8,11,12,13,14,1,2,4,7,10,15
2,6,8,9,10,13,14,15>9,10,14,15,2,13,6
2,6,8,9,10,13,14,15>8,10,14,15,2,13,6
1,5,11,12,14>4,6,7,8,10,11,12,14,5
1,5,11,12,14>1,6,7,8,10,11,12,14,5
1,3,6,8,10,11,12>7,10,11,12,13,8,3,6
1,3,6,8,10,11,12>1,10,11,12,13,8,3,6
3,5,6,7,8,9,11,14,15>6,10,11,14,5,7,8,9,15
3,5,6,7,8,9,11,14,15>3,10,11,14,5,7,8,9,15
1,2,5,6,8,14,15>7,1,2,5,6,8,14
1,2,5,6,8,14,15>15,1,2,5,6,8,14
1,2,3,4,5,7,8,9,11,12,13>8,10,11,12,13,14,15,1,2,4,5,7,9
1,2,3,4,5,7,8,9,11,12,13>3,10,11,12,13,14,15,1,2,4,5,7,9
2,3,4,5,6,9,10,11,12,13,14>4,5,10,11,12,13,14,9,2,6
2,3,4,5,6,9,10,11,12,13,14>3,5,10,11,12,13,14,9,2,6
3,5,7,12,14,15>4,8,10,12,14,15,5,7
3,5,7,12,14,15>3,8,10,12,14,15,5,7
1,5,6,8,10,11,13,14>5,8,10,11,13,14,6
1,5,6,8,10,11,13,14>1,8,10,11,13,14,6
3,6,8,9,11,12,14,15>7,11,12,13,14,15,8,9,3,6
3,6,8,9,11,12,14,15>5,11,12,13,14,15,8,9,3,6
1,3,4,7,9,10,11,13,14>3,11,13,15,4,7,9,10,14
1,3,4,7,9,10,11,13,14>1,11,13,15,4,7,9,10,14
4,7,10,11,12,13,15>12,13,14,10,4,15,7
4,7,10,11,12,13,15>11,13,14,10,4,15,7
1,3,5,11,14,15>4,6,7,8,10,11,15,1,5,14
1,3,5,11,14,15>3,6,7,8,10,11,15,1,5,14
1,10,12,15>3,4,6,7,8,12,15,10
1,10,12,15>1,4,6,7,8,12,15,10
2,4,5,7,8,9,10,11,12,13,15>5,8,9,11,12,13,14,2,4,7,10,15
2,4,5,7,8,9,10,11,12,13,15>1,8,9,11,12,13,14,2,4,7,10,15
1,7,8,10,12,13>4,8,12,13,14,15,10,7
1,7,8,10,12,13>1,8,12,13,14,15,10,7
1,2,4,6,7,13,14>5,6,7,10,13,15,1,2,14
1,2,4,6,7,13,14>4,6,7,10,13,15,1,2,14
1,3,5,6,9,11,12>3,7,8,10,11,12,9,5,6
1,3,5,6,9,11,12>1,7,8,10,11,12,9,5,6
1,2,3,7,10,12,15>4,12,14,1,2,3,7,10,15
1,2,3,7,10,12,15>8,12,14,1,2,3,7,10,15
1,6,7,10,12,14,15>3,12,6,1,7,10,14,15
1,6,7,10,12,14,15>8,12,6,1,7,10,14,15
4,5,10,11,12,13>6,7,10,11,12,13,4
4,5,10,11,12,13>5,7,10,11,12,13,4
1,4,6,8,9,10,11,14,15>4,7,9,10,11,13,15,8,1,6,14
1,4,6,8,9,10,11,14,15>3,7,9,10,11,13,15,8,1,6,14
2,3,6,9,12,13,14,15>12,14,15,9,2,13,6
2,3,6,9,12,13,14,15>3,14,15,9,2,13,6
4,5,6,10,12,13>5,10,12,13,6
4,5,6,10,12,13>4,10,12,13,6
2,4,7,9,11,12,13,15>5,10,11,12,13,2,4,7,9,15
2,4,7,9,11,12,13,15>1,10,11,12,13,2,4,7,9,15
1,3,4,5,7,9,10,11,12,13,15>3,5,9,11,12,13,14,10,4,15,7
1,3,4,5,7,9,10,11,12,13,15>1,5,9,11,12,13,14,10,4,15,7
2,3,7,11,14>4,5,8,10,11,14,15,2,3,7
2,3,7,11,14>1,5,8,10,11,14,15,2,3,7
13,12,5,14>5,6,7,12,13,14
13,12,5,14>4,6,7,12,13,14
3,4,6,7,9,10,13,15>4,6,7,9,13,14,10,15
3,4,6,7,9,10,13,15>3,6,7,9,13,14,10,15
1,4,5,6,7,8,9,11>4,6,10,11,14,15,8,9,5,7
1,4,5,6,7,8,9,11>1,6,10,11,14,15,8,9,5,7
