AP3,UFO,FUL,FT,AP1,EMF1,LFY,AP2,WUS,AG,LUG,CLF,TFL1,PI,SEP
1,2,4,5,6,7,9,10,13,14>5,6,7,13,15,1,2,9,10,14
1,2,4,5,6,7,9,10,13,14>4,6,7,13,15,1,2,9,10,14
1,5,6,7,8,10,12,13,14>5,6,7,8,12,13,15,10,14
1,5,6,7,8,10,12,13,14>1,6,7,8,12,13,15,10,14
4,5,6,9,10,13>13,4,5,9,6
4,5,6,9,10,13>10,4,5,9,6
2,4,5,6,8,9,11>4,7,2,5,6,8,9
2,4,5,6,8,9,11>11,7,2,5,6,8,9
2,4,6,8,11,12,13,15>5,8,11,12,15,2,13,6
2,4,6,8,11,12,13,15>4,8,11,12,15,2,13,6
3,5,6,7,8,9,10,12>5,6,12,14,15,8,9,10,7
3,5,6,7,8,9,10,12>3,6,12,14,15,8,9,10,7
3,4,5,8,9,10,11,13>5,6,7,8,10,11,13,9,4
3,4,5,8,9,10,11,13>3,6,7,8,10,11,13,9,4
3,8,9,10,11,13>4,6,7,8,10,11,13,9
3,8,9,10,11,13>3,6,7,8,10,11,13,9
2,4,6,7,9,10>3,4,6,8,14,15,9,2,10,7
2,4,6,7,9,10>1,4,6,8,14,15,9,2,10,7
1,2,6,7,8,9,13>6,7,8,10,13,14,15,1,2,9
1,2,6,7,8,9,13>5,7,8,10,13,14,15,1,2,9
1,2,6,7,8,9>5,6,10,14,15,1,2,7,8,9
1,2,6,7,8,9>3,6,10,14,15,1,2,7,8,9
1,6,8,9,12,15>3,5,7,12,13,15,8,9,6
1,6,8,9,12,15>1,5,7,12,13,15,8,9,6
4,6,8,13,15>4,5,15,13,6
4,6,8,13,15>8,5,15,13,6
2,4,5,6,8,9,10,12,13,15>5,8,9,10,12,13,15,2,6
2,4,5,6,8,9,10,12,13,15>4,8,9,10,12,13,15,2,6
1,5,6,7,8,13,14>6,7,8,10,13,15,5,14
1,5,6,7,8,13,14>1,7,8,10,13,15,5,14
3,4,8,9,10,11,12,13,14,15>6,7,8,9,10,11,12,13,14,15,4
3,4,8,9,10,11,12,13,14,15>3,7,8,9,10,11,12,13,14,15,4
2,10,11,12,13>6,7,10,11,12,13,2
2,10,11,12,13>4,7,10,11,12,13,2
3,6,9,12,13,14>12,14,9,13,6
3,6,9,12,13,14>3,14,9,13,6
1,2,3,4,5,7,9,11,12,14>8,10,11,12,15,1,2,4,5,7,9,14
1,2,3,4,5,7,9,11,12,14>3,10,11,12,15,1,2,4,5,7,9,14
4,5,8,11,12,14,15>7,11,12,14,15,8,4,5
4,5,8,11,12,14,15>6,11,12,14,15,8,4,5
3,4,10,11,13>6,7,10,11,13,4
3,4,10,11,13>3,7,10,11,13,4
1,3,4,5,6,10,12>3,4,5,7,8,12,10,6
1,3,4,5,6,10,12>1,4,5,7,8,12,10,6
2,4,7,8,10,12,15>3,12,14,2,4,7,8,10,15
2,4,7,8,10,12,15>1,12,14,2,4,7,8,10,15
1,2,3,4,11,12,15>5,6,7,8,10,11,12,15,2,3,4
1,2,3,4,11,12,15>1,6,7,8,10,11,12,15,2,3,4
1,3,4,6,8,9>4,5,7,13,8,9,3,6
1,3,4,6,8,9>1,5,7,13,8,9,3,6
1,2,3,4,5,7,10,11,12,14>5,8,11,12,15,1,2,4,7,10,14
1,2,3,4,5,7,10,11,12,14>3,8,11,12,15,1,2,4,7,10,14
1,4,5,7,8,9,10,11,14>11,5,15,4,7,8,9,10,14
1,4,5,7,8,9,10,11,14>1,5,15,4,7,8,9,10,14
3,7,8,10,12,13,14>4,8,12,13,15,10,14,7
3,7,8,10,12,13,14>3,8,12,13,15,10,14,7
3,6,7,8,9,11,12,13,15>5,6,7,8,10,11,12,13,9,15
3,6,7,8,9,11,12,13,15>3,6,7,8,10,11,12,13,9,15
1,3,6,8,9,10,13>1,10,3,9,13,6
1,3,6,8,9,10,13>8,10,3,9,13,6
1,2,4,6,8,11,13,14,15>4,5,8,11,14,15,2,13,6
1,2,4,6,8,11,13,14,15>1,5,8,11,14,15,2,13,6
1,3,4,5,6,8,10,15>3,4,5,7,10,15,8,6
1,3,4,5,6,8,10,15>1,4,5,7,10,15,8,6
1,4,5,6,9,10,11,14>4,5,7,8,11,14,9,10,6
1,4,5,6,9,10,11,14>1,5,7,8,11,14,9,10,6
1,3,4,7,8,9,12,13,15>3,5,8,10,12,13,14,9,4,15,7
1,3,4,7,8,9,12,13,15>1,5,8,10,12,13,14,9,4,15,7
2,3,4,6,7,8,9>4,5,6,10,15,2,3,7,8,9
2,3,4,6,7,8,9>1,5,6,10,15,2,3,7,8,9
1,2,4,5,6,7,9,10,11,13,14,15>5,6,7,9,11,13,1,2,10,14,15
1,2,4,5,6,7,9,10,11,13,14,15>4,6,7,9,11,13,1,2,10,14,15
7,8,9,10,11,15>4,9,11,14,8,10,15,7
7,8,9,10,11,15>3,9,11,14,8,10,15,7
1,2,3,4,5,6,7,9,10,11,14>4,5,6,8,11,15,1,2,7,9,10,14
1,2,3,4,5,6,7,9,10,11,14>3,5,6,8,11,15,1,2,7,9,10,14
5,6,8,11,12,13>8,11,12,13,6
5,6,8,11,12,13>5,11,12,13,6
1,3,4,5,6,8,9,13>3,4,8,13,9,5,6
1,3,4,5,6,8,9,13>1,4,8,13,9,5,6
