AP3,UFO,FUL,FT,AP1,EMF1,LFY,AP2,WUS,AG,LUG,CLF,TFL1,PI,SEP
4,5,6,8,13>4,13,5,6
4,5,6,8,13>8,13,5,6
9,2,12,5>6,7,8,10,12,9,2,5
9,2,12,5>4,7,8,10,12,9,2,5
1,7,8,9,12,14>3,4,5,10,12,15,8,9,14,7
1,7,8,9,12,14>1,4,5,10,12,15,8,9,14,7
2,3,5,8,9>4,6,7,8,9,2,5
2,3,5,8,9>3,6,7,8,9,2,5
3,4,5,6,8,9,11,12,14,15>4,7,11,12,14,15,8,9,5,6
3,4,5,6,8,9,11,12,14,15>3,7,11,12,14,15,8,9,5,6
1,3,4,7,8,10,11,12,14>11,12,15,3,4,7,8,10,14
1,3,4,7,8,10,11,12,14>1,12,15,3,4,7,8,10,14
1,3,5,11,15>3,4,6,7,8,10,11,15,5
1,3,5,11,15>1,4,6,7,8,10,11,15,5
1,2,6,8,9,10,12,13,14>8,10,12,14,9,2,13,6
1,2,6,8,9,10,12,13,14>1,10,12,14,9,2,13,6
1,3,4,5,6,7,10,12,13>3,4,5,6,7,12,13,14,15,10
1,3,4,5,6,7,10,12,13>1,4,5,6,7,12,13,14,15,10
2,10,12,14>4,6,7,8,12,14,2,10
2,10,12,14>3,6,7,8,12,14,2,10
1,2,4,5,9,10,12,14,15>6,7,8,9,12,15,1,2,4,10,14
1,2,4,5,9,10,12,14,15>5,7,8,9,12,15,1,2,4,10,14
1,2,4,5,8,10,11,12,13,15>5,6,7,8,10,11,12,13,15,2,4
1,2,4,5,8,10,11,12,13,15>1,6,7,8,10,11,12,13,15,2,4
1,5,9,12,15>4,6,7,8,10,12,15,9,5
1,5,9,12,15>1,6,7,8,10,12,15,9,5
2,4,5,7,8,9,10>5,14,15,2,4,7,8,9,10
2,4,5,7,8,9,10>1,14,15,2,4,7,8,9,10
4,12,7>5,8,10,12,15,4,7
4,12,7>3,8,10,12,15,4,7
5,6,7,9,13,15>13,6,7,9,5,15
5,6,7,9,13,15>10,6,7,9,5,15
1,3,8,9,12,15>4,5,6,7,12,15,8,9,3
1,3,8,9,12,15>1,5,6,7,12,15,8,9,3
2,4,14>5,6,7,8,10,14,2,4
2,4,14>3,6,7,8,10,14,2,4
3,4,5,6,7,14,15>4,6,8,10,14,15,5,7
3,4,5,6,7,14,15>3,6,8,10,14,15,5,7
2,6,9,10,11,12,14,15>7,8,9,11,12,13,14,15,2,10,6
2,6,9,10,11,12,14,15>3,8,9,11,12,13,14,15,2,10,6
1,2,3,6,7>6,8,10,14,15,1,2,3,7
1,2,3,6,7>5,8,10,14,15,1,2,3,7
1,2,3,5,8,9,11,12,14>3,4,6,7,11,12,14,8,9,2,5
1,2,3,5,8,9,11,12,14>1,4,6,7,11,12,14,8,9,2,5
2,4,5,6,7,9,10>4,5,6,8,14,15,9,2,10,7
2,4,5,6,7,9,10>1,5,6,8,14,15,9,2,10,7
1,3,4,5,7,10,11,12,14>3,5,8,11,12,15,10,4,14,7
1,3,4,5,7,10,11,12,14>1,5,8,11,12,15,10,4,14,7
2,4,5,6,7,8,9,11,12,13,14,15>4,6,7,8,10,11,12,13,14,9,2,5,15
2,4,5,6,7,8,9,11,12,13,14,15>1,6,7,8,10,11,12,13,14,9,2,5,15
3,4,5,6,7,8,9,10,13,14>4,5,6,7,8,13,15,9,10,14
3,4,5,6,7,8,9,10,13,14>3,5,6,7,8,13,15,9,10,14
1,3,4,5,7,9,10,12,15>3,5,8,9,12,14,10,4,15,7
1,3,4,5,7,9,10,12,15>1,5,8,9,12,14,10,4,15,7
6,7,9,10,11,12,14>6,8,11,12,15,9,10,14,7
6,7,9,10,11,12,14>3,8,11,12,15,9,10,14,7
2,3,5,6,7,9,10,15>3,5,6,8,9,14,2,10,15,7
2,3,5,6,7,9,10,15>1,5,6,8,9,14,2,10,15,7
4,5,7,8,11,14,15>11,14,4,5,7,8,15
4,5,7,8,11,14,15>10,14,4,5,7,8,15
2,3,6,10,11,12,15>8,11,12,13,15,10,2,3,6
2,3,6,10,11,12,15>7,11,12,13,15,10,2,3,6
2,6,7,12,13,14,15>5,6,7,10,12,13,14,2,15
2,6,7,12,13,14,15>1,6,7,10,12,13,14,2,15
4,7,8,9,11,12,13,15>8,10,11,12,13,9,4,15,7
4,7,8,9,11,12,13,15>5,10,11,12,13,9,4,15,7
2,5,6,8,13,14,15>8,13,14,15,2,6
2,5,6,8,13,14,15>5,13,14,15,2,6
4,6,8,9,10,13,14>10,4,14,9,13,6
4,6,8,9,10,13,14>8,4,14,9,13,6
2,5,6,11,12,13>11,12,5,2,6
2,5,6,11,12,13>13,12,5,2,6
3,4,5,6,7,8,10,11,12,13,15>4,5,6,7,8,11,12,13,14,10,15
3,4,5,6,7,8,10,11,12,13,15>3,5,6,7,8,11,12,13,14,10,15
1,2,3,4,5,6,7,12,13,14,15>4,6,7,10,12,13,1,2,5,14,15
1,2,3,4,5,6,7,12,13,14,15>3,6,7,10,12,13,1,2,5,14,15
1,2,4,7,8,9,12,13,14>8,10,12,13,15,1,2,4,7,9,14
1,2,4,7,8,9,12,13,14>5,10,12,13,15,1,2,4,7,9,14
2,3,5,6,10,11,12,13,14,15>5,10,11,12,13,14,15,2,6
2,3,5,6,10,11,12,13,14,15>3,10,11,12,13,14,15,2,6
