AP3,UFO,FUL,FT,AP1,EMF1,LFY,AP2,WUS,AG,LUG,CLF,TFL1,PI,SEP
3,4,5,6,7,8,10,11>4,5,6,11,14,15,8,10,7
3,4,5,6,7,8,10,11>3,5,6,11,14,15,8,10,7
1,3,6,14>5,7,8,10,13,14,3,6
1,3,6,14>1,7,8,10,13,14,3,6
3,9,11,13,14>4,6,7,11,13,14,9
3,9,11,13,14>3,6,7,11,13,14,9
1,5,6,7,11,14,15>10,11,6,1,5,7,14,15
1,5,6,7,11,14,15>8,11,6,1,5,7,14,15
1,2,6,8,11,12>3,5,7,11,12,13,8,2,6
1,2,6,8,11,12>1,5,7,11,12,13,8,2,6
1,2,3,6,9,10,11,13,14>3,10,11,14,9,2,13,6
1,2,3,6,9,10,11,13,14>1,10,11,14,9,2,13,6
2,4,5,8,10,13,14,15>6,7,8,10,13,14,15,2,4
2,4,5,8,10,13,14,15>5,7,8,10,13,14,15,2,4
1,2,4,14>3,5,6,7,8,10,14,2,4
1,2,4,14>1,5,6,7,8,10,14,2,4
1,5,6,7,8,9,10,11,12,13,14>5,6,7,8,11,12,13,15,9,10,14
1,5,6,7,8,9,10,11,12,13,14>1,6,7,8,11,12,13,15,9,10,14
1,2,3,4,5,6,9>3,4,7,8,10,9,2,5,6
1,2,3,4,5,6,9>1,4,7,8,10,9,2,5,6
2,3,6,10,12,13,14>3,12,14,2,13,6
2,3,6,10,12,13,14>10,12,14,2,13,6
1,4,6,7,8,15>3,4,5,6,10,14,8,15,7
1,4,6,7,8,15>1,4,5,6,10,14,8,15,7
3,4,5,9,10,11,13>5,6,7,10,11,13,9,4
3,4,5,9,10,11,13>3,6,7,10,11,13,9,4
1,5,6,8,10,11>5,7,10,11,8,6
1,5,6,8,10,11>1,7,10,11,8,6
1,2,3,4,5,6,8,9,10,12,13,14,15>4,5,8,9,10,12,13,15,1,2,6,14
1,2,3,4,5,6,8,9,10,12,13,14,15>3,5,8,9,10,12,13,15,1,2,6,14
1,3,4,6,10,11,12,13,14>3,4,10,11,12,14,13,6
1,3,4,6,10,11,12,13,14>1,4,10,11,12,14,13,6
1,2,5,7,8,9,10,11,13,14>5,8,11,13,15,1,2,7,9,10,14
1,2,5,7,8,9,10,11,13,14>4,8,11,13,15,1,2,7,9,10,14
4,7,9,11,13,14,15>10,11,13,14,9,4,15,7
4,7,9,11,13,14,15>5,11,13,14,9,4,15,7
6,7,8,10,11,15>3,6,14,8,10,15,7
6,7,8,10,11,15>11,6,14,8,10,15,7
4,5,8,9,13,14>7,8,13,14,9,4,5
4,5,8,9,13,14>6,8,13,14,9,4,5
1,4,5,8,9,10,11,13,14,15>6,7,8,9,10,11,13,15,1,4,14
1,4,5,8,9,10,11,13,14,15>5,7,8,9,10,11,13,15,1,4,14
2,3,8,10,11,15>6,7,10,11,15,8,2,3
2,3,8,10,11,15>4,7,10,11,15,8,2,3
1,4,8,9,10,11,15>3,6,7,9,10,11,15,8,4
1,4,8,9,10,11,15>1,6,7,9,10,11,15,8,4
2,3,4,7,9,10,11,13,14>3,11,13,15,2,4,7,9,10,14
2,3,4,7,9,10,11,13,14>1,11,13,15,2,4,7,9,10,14
1,3,4,5,12,13,14,15>6,7,12,13,15,1,4,5,14
1,3,4,5,12,13,14,15>3,7,12,13,15,1,4,5,14
1,3,4,5,7,10,11,12,14>3,5,8,11,12,15,10,4,14,7
1,3,4,5,7,10,11,12,14>1,5,8,11,12,15,10,4,14,7
1,3,4,8,13,14,15>3,5,6,7,8,13,14,15,4
1,3,4,8,13,14,15>1,5,6,7,8,13,14,15,4
2,3,4,7,9,11,12,13,14,15>3,5,10,11,12,13,14,2,4,7,9,15
2,3,4,7,9,11,12,13,14,15>1,5,10,11,12,13,14,2,4,7,9,15
2,4,5,8,9,10,11,15>6,7,9,10,11,15,8,2,4
2,4,5,8,9,10,11,15>5,7,9,10,11,15,8,2,4
1,2,4,5,6,11,14,15>7,8,10,11,15,1,2,5,6,14
1,2,4,5,6,11,14,15>4,8,10,11,15,1,2,5,6,14
1,2,3,4,5,6,7,9,10,12>4,5,6,8,12,14,15,1,2,7,9,10
1,2,3,4,5,6,7,9,10,12>3,5,6,8,12,14,15,1,2,7,9,10
1,2,3,6,12,15>5,7,8,10,12,13,15,2,3,6
1,2,3,6,12,15>1,7,8,10,12,13,15,2,3,6
1,2,3,4,5,8,9,10,11,13,14,15>5,6,7,8,9,10,11,13,15,1,2,4,14
1,2,3,4,5,8,9,10,11,13,14,15>3,6,7,8,9,10,11,13,15,1,2,4,14
2,3,7,9,10,12,14,15>4,8,9,12,2,3,7,10,14,15
2,3,7,9,10,12,14,15>1,8,9,12,2,3,7,10,14,15
1,3,4,6,8,15>4,5,7,13,15,8,3,6
1,3,4,6,8,15>1,5,7,13,15,8,3,6
1,2,4,8,13,15>5,6,7,8,13,15,2,4
1,2,4,8,13,15>1,6,7,8,13,15,2,4
2,3,4,5,6,7,8,9,12,13,15>3,4,6,7,8,10,12,13,9,2,5,15
2,3,4,5,6,7,8,9,12,13,15>1,4,6,7,8,10,12,13,9,2,5,15
2,4,6,9,12>4,5,7,8,10,12,13,9,2,6
2,4,6,9,12>3,5,7,8,10,12,13,9,2,6
1,10,11,13,15>4,6,7,10,11,13,15
1,10,11,13,15>1,6,7,10,11,13,15
2,3,4,8,9,13,14,15>5,6,7,8,13,14,15,9,2,4
2,3,4,8,9,13,14,15>3,6,7,8,13,14,15,9,2,4
