AP3,UFO,FUL,FT,AP1,EMF1,LFY,AP2,WUS,AG,LUG,CLF,TFL1,PI,SEP
1,12,9,14>3,4,5,6,7,8,10,12,14,9
1,12,9,14>1,4,5,6,7,8,10,12,14,9
1,12,9,14>1,3,5,6,7,8,10,12,14,9
1,12,9,14>1,3,4,6,7,8,10,12,14,9
1,12,9,14>1,3,4,5,7,8,10,12,14,9
1,12,9,14>1,3,4,5,6,8,10,12,14,9
2,3,5,8,15>4,6,7,15,8,2,5
2,3,5,8,15>3,7,15,8,2,5
2,3,5,8,15>3,4,15,8,2,5
2,3,5,8,15>3,4,7,8,2,5
2,3,5,8,15>3,4,6,8,2,5
2,3,5,8,15>3,6,15,8,2,5
2,4,5,7,9,13>13,15,2,4,5,7,9
2,4,5,7,9,13>1,15,2,4,5,7,9
2,4,5,7,9,13>1,13,2,4,5,7,9
2,4,5,7,9,13>1,10,2,4,5,7,9
2,4,5,7,9,13>10,15,2,4,5,7,9
2,4,5,7,9,13>10,13,2,4,5,7,9
4,5,10,12,13,14>6,7,10,12,13,14,4
4,5,10,12,13,14>5,7,10,12,13,14,4
4,5,10,12,13,14>5,6,10,12,13,14,4
4,5,10,12,13,14>5,6,7,12,13,14,4
4,5,10,12,13,14>5,6,7,10,13,14,4
4,5,10,12,13,14>5,6,7,10,12,14,4
2,7,10,11,12,13,14,15>4,11,12,13,2,7,10,14,15
2,7,10,11,12,13,14,15>1,12,13,2,7,10,14,15
2,7,10,11,12,13,14,15>1,4,13,2,7,10,14,15
2,7,10,11,12,13,14,15>1,4,12,2,7,10,14,15
2,7,10,11,12,13,14,15>1,4,11,2,7,10,14,15
2,7,10,11,12,13,14,15>1,11,13,2,7,10,14,15
1,2,4,5,6,7,9,10,11,12,14,15>5,6,8,9,11,12,1,2,7,10,14,15
1,2,4,5,6,7,9,10,11,12,14,15>4,6,8,9,11,12,1,2,7,10,14,15
1,2,4,5,6,7,9,10,11,12,14,15>4,5,8,9,11,12,1,2,7,10,14,15
1,2,4,5,6,7,9,10,11,12,14,15>4,5,6,9,11,12,1,2,7,10,14,15
1,2,4,5,6,7,9,10,11,12,14,15>4,5,6,8,11,12,1,2,7,10,14,15
1,2,4,5,6,7,9,10,11,12,14,15>4,5,6,8,9,12,1,2,7,10,14,15
1,4,5,6,7,8,15>4,6,10,14,8,15,5,7
1,4,5,6,7,8,15>1,10,14,8,15,5,7
1,4,5,6,7,8,15>1,4,14,8,15,5,7
1,4,5,6,7,8,15>1,4,10,8,15,5,7
1,4,5,6,7,8,15>1,4,6,8,15,5,7
1,4,5,6,7,8,15>1,6,14,8,15,5,7
3,4,5,6,7,8,11,13,14,15>4,6,7,8,10,11,13,14,5,15
3,4,5,6,7,8,11,13,14,15>3,6,7,8,10,11,13,14,5,15
3,4,5,6,7,8,11,13,14,15>3,4,7,8,10,11,13,14,5,15
3,4,5,6,7,8,11,13,14,15>3,4,6,8,10,11,13,14,5,15
3,4,5,6,7,8,11,13,14,15>3,4,6,7,10,11,13,14,5,15
3,4,5,6,7,8,11,13,14,15>3,4,6,7,8,11,13,14,5,15
2,4,5,6,8,9,11,13>4,13,9,2,5,6
2,4,5,6,8,9,11,13>8,13,9,2,5,6
2,4,5,6,8,9,11,13>8,4,9,2,5,6
2,4,5,6,8,9,11,13>8,11,9,2,5,6
2,4,5,6,8,9,11,13>11,13,9,2,5,6
2,4,5,6,8,9,11,13>11,4,9,2,5,6
2,6,7,8,9,12,13>5,6,7,8,10,12,13,15,9,2
2,6,7,8,9,12,13>1,6,7,8,10,12,13,15,9,2
2,6,7,8,9,12,13>1,5,7,8,10,12,13,15,9,2
2,6,7,8,9,12,13>1,5,6,8,10,12,13,15,9,2
2,6,7,8,9,12,13>1,5,6,7,10,12,13,15,9,2
2,6,7,8,9,12,13>1,5,6,7,8,12,13,15,9,2
3,5,6,7,8,9,11,12,13>6,7,8,10,11,12,13,15,9,5
3,5,6,7,8,9,11,12,13>3,7,8,10,11,12,13,15,9,5
3,5,6,7,8,9,11,12,13>3,6,8,10,11,12,13,15,9,5
3,5,6,7,8,9,11,12,13>3,6,7,10,11,12,13,15,9,5
3,5,6,7,8,9,11,12,13>3,6,7,8,11,12,13,15,9,5
3,5,6,7,8,9,11,12,13>3,6,7,8,10,12,13,15,9,5
1,2,3,10,12,13,15>3,4,6,7,10,12,13,15,2
1,2,3,10,12,13,15>1,4,6,7,10,12,13,15,2
1,2,3,10,12,13,15>1,3,6,7,10,12,13,15,2
1,2,3,10,12,13,15>1,3,4,7,10,12,13,15,2
1,2,3,10,12,13,15>1,3,4,6,10,12,13,15,2
1,2,3,10,12,13,15>1,3,4,6,7,12,13,15,2
1,5,6,7,8,10,13>5,6,7,8,13,14,15,10
1,5,6,7,8,10,13>1,6,7,8,13,14,15,10
1,5,6,7,8,10,13>1,5,7,8,13,14,15,10
1,5,6,7,8,10,13>1,5,6,8,13,14,15,10
1,5,6,7,8,10,13>1,5,6,7,13,14,15,10
1,5,6,7,8,10,13>1,5,6,7,8,14,15,10
3,5,6,7,12,14,15>6,8,10,12,14,15,5,7
3,5,6,7,12,14,15>3,8,10,12,14,15,5,7
3,5,6,7,12,14,15>3,6,10,12,14,15,5,7
3,5,6,7,12,14,15>3,6,8,12,14,15,5,7
3,5,6,7,12,14,15>3,6,8,10,14,15,5,7
3,5,6,7,12,14,15>3,6,8,10,12,15,5,7
1,2,3,5,6,12>3,7,8,10,12,2,5,6
1,2,3,5,6,12>1,7,8,10,12,2,5,6
1,2,3,5,6,12>1,3,8,10,12,2,5,6
1,2,3,5,6,12>1,3,7,10,12,2,5,6
1,2,3,5,6,12>1,3,7,8,12,2,5,6
1,2,3,5,6,12>1,3,7,8,10,2,5,6
1,3,5,6,8,10,13,14,15>5,8,10,13,15,1,6,14
1,3,5,6,8,10,13,14,15>3,8,10,13,15,1,6,14
1,3,5,6,8,10,13,14,15>3,5,10,13,15,1,6,14
1,3,5,6,8,10,13,14,15>3,5,8,13,15,1,6,14
1,3,5,6,8,10,13,14,15>3,5,8,10,15,1,6,14
1,3,5,6,8,10,13,14,15>3,5,8,10,13,1,6,14
1,2,6,7,8,9,10,12,15>6,9,12,14,1,2,7,8,10,15
1,2,6,7,8,9,10,12,15>3,12,14,1,2,7,8,10,15
1,2,6,7,8,9,10,12,15>3,6,14,1,2,7,8,10,15
1,2,6,7,8,9,10,12,15>3,6,12,1,2,7,8,10,15
1,2,6,7,8,9,10,12,15>3,6,9,1,2,7,8,10,15
1,2,6,7,8,9,10,12,15>3,9,14,1,2,7,8,10,15
1,3,4,6,8,10,11,14>4,7,10,11,13,14,8,3,6
1,3,4,6,8,10,11,14>1,7,10,11,13,14,8,3,6
1,3,4,6,8,10,11,14>1,4,10,11,13,14,8,3,6
1,3,4,6,8,10,11,14>1,4,7,11,13,14,8,3,6
1,3,4,6,8,10,11,14>1,4,7,10,13,14,8,3,6
1,3,4,6,8,10,11,14>1,4,7,10,11,14,8,3,6
1,2,7,9,12,14>4,5,8,10,12,15,1,2,7,9,14
1,2,7,9,12,14>3,5,8,10,12,15,1,2,7,9,14
1,2,7,9,12,14>3,4,8,10,12,15,1,2,7,9,14
1,2,7,9,12,14>3,4,5,10,12,15,1,2,7,9,14
1,2,7,9,12,14>3,4,5,8,12,15,1,2,7,9,14
1,2,7,9,12,14>3,4,5,8,10,15,1,2,7,9,14
2,3,4,5,6,7,8,11,12,13>3,4,6,7,8,11,12,13,15,2,5
2,3,4,5,6,7,8,11,12,13>1,4,6,7,8,11,12,13,15,2,5
2,3,4,5,6,7,8,11,12,13>1,3,6,7,8,11,12,13,15,2,5
2,3,4,5,6,7,8,11,12,13>1,3,4,7,8,11,12,13,15,2,5
2,3,4,5,6,7,8,11,12,13>1,3,4,6,8,11,12,13,15,2,5
2,3,4,5,6,7,8,11,12,13>1,3,4,6,7,11,12,13,15,2,5
1,2,3,4,5,7,8,9,12,13,14>8,10,12,13,15,1,2,4,5,7,9,14
1,2,3,4,5,7,8,9,12,13,14>3,10,12,13,15,1,2,4,5,7,9,14
1,2,3,4,5,7,8,9,12,13,14>3,8,12,13,15,1,2,4,5,7,9,14
1,2,3,4,5,7,8,9,12,13,14>3,8,10,13,15,1,2,4,5,7,9,14
1,2,3,4,5,7,8,9,12,13,14>3,8,10,12,15,1,2,4,5,7,9,14
1,2,3,4,5,7,8,9,12,13,14>3,8,10,12,13,1,2,4,5,7,9,14
1,4,5,8,11>6,7,8,4,5
1,4,5,8,11>1,7,8,4,5
1,4,5,8,11>1,6,8,4,5
1,4,5,8,11>1,11,8,4,5
1,4,5,8,11>11,7,8,4,5
1,4,5,8,11>11,6,8,4,5
1,2,3,6,12,15>5,7,8,10,12,13,15,2,3,6
1,2,3,6,12,15>1,7,8,10,12,13,15,2,3,6
1,2,3,6,12,15>1,5,8,10,12,13,15,2,3,6
1,2,3,6,12,15>1,5,7,10,12,13,15,2,3,6
1,2,3,6,12,15>1,5,7,8,12,13,15,2,3,6
1,2,3,6,12,15>1,5,7,8,10,13,15,2,3,6
2,6,7,9,11,12,13>5,6,7,10,11,12,13,15,9,2
2,6,7,9,11,12,13>1,6,7,10,11,12,13,15,9,2
2,6,7,9,11,12,13>1,5,7,10,11,12,13,15,9,2
2,6,7,9,11,12,13>1,5,6,10,11,12,13,15,9,2
2,6,7,9,11,12,13>1,5,6,7,11,12,13,15,9,2
2,6,7,9,11,12,13>1,5,6,7,10,12,13,15,9,2
1,5,7>4,8,10,14,15,5,7
1,5,7>1,8,10,14,15,5,7
1,5,7>1,4,10,14,15,5,7
1,5,7>1,4,8,14,15,5,7
1,5,7>1,4,8,10,15,5,7
1,5,7>1,4,8,10,14,5,7
1,2,6,8,10,11,13,14,15>11,15,1,2,6,13,14
1,2,6,8,10,11,13,14,15>8,15,1,2,6,13,14
1,2,6,8,10,11,13,14,15>8,11,1,2,6,13,14
1,2,6,8,10,11,13,14,15>8,10,1,2,6,13,14
1,2,6,8,10,11,13,14,15>10,15,1,2,6,13,14
1,2,6,8,10,11,13,14,15>10,11,1,2,6,13,14
1,2,8,9,11,12,13,15>4,6,7,8,11,12,13,15,9,2
1,2,8,9,11,12,13,15>1,6,7,8,11,12,13,15,9,2
1,2,8,9,11,12,13,15>1,4,7,8,11,12,13,15,9,2
1,2,8,9,11,12,13,15>1,4,6,8,11,12,13,15,9,2
1,2,8,9,11,12,13,15>1,4,6,7,11,12,13,15,9,2
1,2,8,9,11,12,13,15>1,4,6,7,8,12,13,15,9,2
2,3,4,7,8,9,10,13,14,15>3,8,9,13,2,4,7,10,14,15
2,3,4,7,8,9,10,13,14,15>1,9,13,2,4,7,10,14,15
2,3,4,7,8,9,10,13,14,15>1,3,13,2,4,7,10,14,15
2,3,4,7,8,9,10,13,14,15>1,3,9,2,4,7,10,14,15
2,3,4,7,8,9,10,13,14,15>1,3,8,2,4,7,10,14,15
2,3,4,7,8,9,10,13,14,15>1,8,13,2,4,7,10,14,15
1,3,6,11,12>5,7,8,10,11,12,13,3,6
1,3,6,11,12>1,7,8,10,11,12,13,3,6
1,3,6,11,12>1,5,8,10,11,12,13,3,6
1,3,6,11,12>1,5,7,10,11,12,13,3,6
1,3,6,11,12>1,5,7,8,11,12,13,3,6
1,3,6,11,12>1,5,7,8,10,12,13,3,6
2,4,6,7,9,10>3,4,6,8,14,15,9,2,10,7
2,4,6,7,9,10>1,4,6,8,14,15,9,2,10,7
2,4,6,7,9,10>1,3,6,8,14,15,9,2,10,7
2,4,6,7,9,10>1,3,4,8,14,15,9,2,10,7
2,4,6,7,9,10>1,3,4,6,14,15,9,2,10,7
2,4,6,7,9,10>1,3,4,6,8,15,9,2,10,7
1,2,4,8,10,15>3,6,7,10,15,8,2,4
1,2,4,8,10,15>1,6,7,10,15,8,2,4
1,2,4,8,10,15>1,3,7,10,15,8,2,4
1,2,4,8,10,15>1,3,6,10,15,8,2,4
1,2,4,8,10,15>1,3,6,7,15,8,2,4
1,2,4,8,10,15>1,3,6,7,10,8,2,4
8,9,11,4>5,6,7,11,8,9,4
8,9,11,4>3,7,11,8,9,4
8,9,11,4>3,5,11,8,9,4
8,9,11,4>3,5,7,8,9,4
8,9,11,4>3,5,6,8,9,4
8,9,11,4>3,6,11,8,9,4
2,3,7,9,10,14,15>4,9,2,3,7,10,14,15
2,3,7,9,10,14,15>8,9,2,3,7,10,14,15
2,3,7,9,10,14,15>8,4,2,3,7,10,14,15
2,3,7,9,10,14,15>8,1,2,3,7,10,14,15
2,3,7,9,10,14,15>1,9,2,3,7,10,14,15
2,3,7,9,10,14,15>1,4,2,3,7,10,14,15
1,2,3,5,7,8,9,12,13,14>4,8,10,12,13,15,1,2,5,7,9,14
1,2,3,5,7,8,9,12,13,14>3,8,10,12,13,15,1,2,5,7,9,14
1,2,3,5,7,8,9,12,13,14>3,4,10,12,13,15,1,2,5,7,9,14
1,2,3,5,7,8,9,12,13,14>3,4,8,12,13,15,1,2,5,7,9,14
1,2,3,5,7,8,9,12,13,14>3,4,8,10,13,15,1,2,5,7,9,14
1,2,3,5,7,8,9,12,13,14>3,4,8,10,12,15,1,2,5,7,9,14
1,4,5,6,7,8,9,12>4,6,10,12,14,15,8,9,5,7
1,4,5,6,7,8,9,12>1,6,10,12,14,15,8,9,5,7
1,4,5,6,7,8,9,12>1,4,10,12,14,15,8,9,5,7
1,4,5,6,7,8,9,12>1,4,6,12,14,15,8,9,5,7
1,4,5,6,7,8,9,12>1,4,6,10,14,15,8,9,5,7
1,4,5,6,7,8,9,12>1,4,6,10,12,15,8,9,5,7
7,12,13,14,15>5,10,12,13,14,15,7
7,12,13,14,15>4,10,12,13,14,15,7
7,12,13,14,15>4,5,12,13,14,15,7
7,12,13,14,15>4,5,10,13,14,15,7
7,12,13,14,15>4,5,10,12,14,15,7
7,12,13,14,15>4,5,10,12,13,15,7
1,2,3,7,8,11,12,14>5,10,11,12,15,1,2,3,7,8,14
1,2,3,7,8,11,12,14>4,10,11,12,15,1,2,3,7,8,14
1,2,3,7,8,11,12,14>4,5,11,12,15,1,2,3,7,8,14
1,2,3,7,8,11,12,14>4,5,10,12,15,1,2,3,7,8,14
1,2,3,7,8,11,12,14>4,5,10,11,15,1,2,3,7,8,14
1,2,3,7,8,11,12,14>4,5,10,11,12,1,2,3,7,8,14
1,2,3,5,9,10,11,12>3,4,5,6,7,8,11,12,9,2,10
1,2,3,5,9,10,11,12>1,4,5,6,7,8,11,12,9,2,10
1,2,3,5,9,10,11,12>1,3,5,6,7,8,11,12,9,2,10
1,2,3,5,9,10,11,12>1,3,4,6,7,8,11,12,9,2,10
1,2,3,5,9,10,11,12>1,3,4,5,7,8,11,12,9,2,10
1,2,3,5,9,10,11,12>1,3,4,5,6,8,11,12,9,2,10
2,4,7,8,11,12,13,15>5,8,10,11,12,13,2,4,15,7
2,4,7,8,11,12,13,15>1,8,10,11,12,13,2,4,15,7
2,4,7,8,11,12,13,15>1,5,10,11,12,13,2,4,15,7
2,4,7,8,11,12,13,15>1,5,8,11,12,13,2,4,15,7
2,4,7,8,11,12,13,15>1,5,8,10,12,13,2,4,15,7
2,4,7,8,11,12,13,15>1,5,8,10,11,13,2,4,15,7
2,5,6,8,13,14>5,14,2,6
2,5,6,8,13,14>8,14,2,6
2,5,6,8,13,14>8,5,2,6
2,5,6,8,13,14>8,13,2,6
2,5,6,8,13,14>13,14,2,6
2,5,6,8,13,14>13,5,2,6
