AP3,UFO,FUL,FT,AP1,EMF1,LFY,AP2,WUS,AG,LUG,CLF,TFL1,PI,SEP
1,2,7,8,10,11,12,14>4,11,12,15,1,2,7,8,10,14
1,2,7,8,10,11,12,14>3,11,12,15,1,2,7,8,10,14
5,7,8,9,11,12,13,14,15>8,10,11,12,13,14,9,15,5,7
5,7,8,9,11,12,13,14,15>4,10,11,12,13,14,9,15,5,7
3,7,10,12,14,15>4,12,3,7,10,14,15
3,7,10,12,14,15>8,12,3,7,10,14,15
1,2,3,6,7,9,10,11,13,14>6,7,11,13,15,1,2,9,10,14
1,2,3,6,7,9,10,11,13,14>3,7,11,13,15,1,2,9,10,14
4,6,7,9,10,12,14,15>4,6,8,9,12,10,15,14,7
4,6,7,9,10,12,14,15>3,6,8,9,12,10,15,14,7
3,5,8,10,11,13,15>4,5,6,7,8,10,11,13,15
3,5,8,10,11,13,15>3,5,6,7,8,10,11,13,15
1,2,3,4,7,8,9,10,12>14,15,1,2,3,4,7,8,9,10
1,2,3,4,7,8,9,10,12>12,15,1,2,3,4,7,8,9,10
1,2,3,4,8,10,11,14,15>7,10,11,15,1,2,3,4,8,14
1,2,3,4,8,10,11,14,15>6,10,11,15,1,2,3,4,8,14
8,10,3,13>4,6,7,8,10,13
8,10,3,13>3,6,7,8,10,13
1,6,7,8,10,12,15>3,6,12,14,8,10,15,7
1,6,7,8,10,12,15>1,6,12,14,8,10,15,7
4,5,8,9,11,13>7,8,11,13,9,4,5
4,5,8,9,11,13>6,8,11,13,9,4,5
4,13,7>13,5,15,4,7
4,13,7>10,5,15,4,7
1,4,5,6,9,10,11,13,14,15>5,9,10,11,13,15,1,6,14
1,4,5,6,9,10,11,13,14,15>4,9,10,11,13,15,1,6,14
1,2,3,6,12>5,7,8,10,12,13,2,3,6
1,2,3,6,12>1,7,8,10,12,13,2,3,6
1,2,5,6,8,9,10,11,12,14>5,7,10,11,12,14,8,9,2,6
1,2,5,6,8,9,10,11,12,14>1,7,10,11,12,14,8,9,2,6
4,6,7,9,11,12,13>5,6,7,10,11,12,13,15,9
4,6,7,9,11,12,13>4,6,7,10,11,12,13,15,9
4,6,7,9,10,12,15>4,6,8,9,12,14,10,15,7
4,6,7,9,10,12,15>3,6,8,9,12,14,10,15,7
4,7,9,10,11,14,15>9,3,11,4,7,10,14,15
4,7,9,10,11,14,15>8,3,11,4,7,10,14,15
3,4,5,7,8,10,11,15>3,5,14,4,7,8,10,15
3,4,5,7,8,10,11,15>11,5,14,4,7,8,10,15
4,9,10,11,12,13,14,15>7,9,10,11,12,13,14,15,4
4,9,10,11,12,13,14,15>6,9,10,11,12,13,14,15,4
3,4,6,8,11,12,13,15>4,5,8,11,12,15,13,6
3,4,6,8,11,12,13,15>3,5,8,11,12,15,13,6
12,11,4,5>7,8,10,11,12,4,5
12,11,4,5>6,8,10,11,12,4,5
1,2,5,8,11,12>4,6,7,11,12,8,2,5
1,2,5,8,11,12>1,6,7,11,12,8,2,5
1,2,3,4,8,9,11,14,15>5,6,7,11,14,15,2,3,4,8,9
1,2,3,4,8,9,11,14,15>1,6,7,11,14,15,2,3,4,8,9
1,2,4,5,10,14,15>6,7,8,15,1,2,4,10,14
1,2,4,5,10,14,15>5,7,8,15,1,2,4,10,14
1,3,7,8,9>4,5,10,14,15,8,9,3,7
1,3,7,8,9>1,5,10,14,15,8,9,3,7
1,3,5,8,9,10,14>3,4,5,6,7,10,14,8,9
1,3,5,8,9,10,14>1,4,5,6,7,10,14,8,9
3,4,5,8,9,10,12,13,15>5,6,7,8,9,10,12,13,15,4
3,4,5,8,9,10,12,13,15>3,6,7,8,9,10,12,13,15,4
1,2,3,7,8,9,11,13,14,15>4,5,8,10,11,13,1,2,7,9,14,15
1,2,3,7,8,9,11,13,14,15>3,5,8,10,11,13,1,2,7,9,14,15
1,2,3,6,7,10,12,13>6,7,12,13,14,15,1,2,10
1,2,3,6,7,10,12,13>3,7,12,13,14,15,1,2,10
1,3,6,7,8>5,6,10,14,15,8,3,7
1,3,6,7,8>1,6,10,14,15,8,3,7
1,3,4,6,9,12>4,5,7,8,10,12,13,9,3,6
1,3,4,6,9,12>1,5,7,8,10,12,13,9,3,6
2,5,7,8,10,11,14>4,5,11,15,2,7,8,10,14
2,5,7,8,10,11,14>1,5,11,15,2,7,8,10,14
4,5,6,7,9,11,13,14,15>6,7,10,11,13,14,9,5,15
4,5,6,7,9,11,13,14,15>4,7,10,11,13,14,9,5,15
1,2,4,9,13,15>5,6,7,13,15,9,2,4
1,2,4,9,13,15>1,6,7,13,15,9,2,4
13,11,5,14>5,6,7,11,13,14
13,11,5,14>4,6,7,11,13,14
2,3,4,5,8,15>15,6,7,8,2,4,5
2,3,4,5,8,15>3,6,7,8,2,4,5
5,8,9,11,13>5,6,7,8,11,13,9
5,8,9,11,13>4,6,7,8,11,13,9
1,2,11,13,14,15>4,6,7,11,13,14,15,2
1,2,11,13,14,15>1,6,7,11,13,14,15,2
3,9,10,12,13,15>4,6,7,9,10,12,13,15
3,9,10,12,13,15>3,6,7,9,10,12,13,15
2,4,6,7,9,11,14,15>3,4,5,6,8,10,11,14,9,2,15,7
2,4,6,7,9,11,14,15>1,4,5,6,8,10,11,14,9,2,15,7
1,3,6,7,10,11,12,14,15>11,12,6,1,3,7,10,14,15
1,3,6,7,10,11,12,14,15>8,12,6,1,3,7,10,14,15
1,4,7,8,10,12,15>3,12,14,4,7,8,10,15
1,4,7,8,10,12,15>1,12,14,4,7,8,10,15
1,4,5,7,12,15>8,10,12,14,15,4,5,7
1,4,5,7,12,15>1,10,12,14,15,4,5,7
1,2,5,7,8,10,11,12,14,15>11,4,5,1,2,7,8,10,14,15
1,2,5,7,8,10,11,12,14,15>12,4,5,1,2,7,8,10,14,15
2,4,5,6,8,10,14,15>5,7,10,14,15,8,2,6
2,4,5,6,8,10,14,15>4,7,10,14,15,8,2,6
4,6,9,10,13,15>10,4,15,13,6
4,6,9,10,13,15>9,4,15,13,6
3,6,10,11,12,13,14>10,11,12,14,13,6
3,6,10,11,12,13,14>3,11,12,14,13,6
2,3,4,7,8,9,12,14,15>5,10,12,14,2,3,4,7,8,9,15
2,3,4,7,8,9,12,14,15>1,10,12,14,2,3,4,7,8,9,15
2,4,5,7,8,9,12,13,14>8,10,12,13,14,15,2,4,5,7,9
2,4,5,7,8,9,12,13,14>1,10,12,13,14,15,2,4,5,7,9
3,4,5,8,10,11,13,15>5,6,7,8,10,11,13,15,4
3,4,5,8,10,11,13,15>3,6,7,8,10,11,13,15,4
1,2,3,4,5,7,8,12,15>3,12,14,1,2,4,5,7,8,15
1,2,3,4,5,7,8,12,15>10,12,14,1,2,4,5,7,8,15
2,3,4,7,8,9,10,12,13,15>3,8,9,12,13,14,2,4,7,10,15
2,3,4,7,8,9,10,12,13,15>1,8,9,12,13,14,2,4,7,10,15
1,2,8,9,10,12,13,14>4,6,7,8,10,12,13,14,9,2
1,2,8,9,10,12,13,14>1,6,7,8,10,12,13,14,9,2
2,4,5,6,7,8,10,13,15>4,5,6,7,8,13,14,2,10,15
2,4,5,6,7,8,10,13,15>1,5,6,7,8,13,14,2,10,15
4,5,6,8,9,10,15>5,7,9,10,15,8,6
4,5,6,8,9,10,15>4,7,9,10,15,8,6
1,2,4,5,7,8,9,11,13>10,11,13,14,15,1,2,4,5,7,9
1,2,4,5,7,8,9,11,13>8,11,13,14,15,1,2,4,5,7,9
1,3,6,8,13,14>1,3,14,13,6
1,3,6,8,13,14>8,3,14,13,6
4,6,8,9,10,15>4,7,9,10,13,15,8,6
4,6,8,9,10,15>3,7,9,10,13,15,8,6
2,3,4,7,9,10,11,12,14,15>8,9,11,12,2,3,4,7,10,14,15
2,3,4,7,9,10,11,12,14,15>1,9,11,12,2,3,4,7,10,14,15
2,4,14,15>5,6,7,8,10,14,15,2,4
2,4,14,15>3,6,7,8,10,14,15,2,4
1,7,8,9,11,12,14>3,4,5,10,11,12,15,8,9,14,7
1,7,8,9,11,12,14>1,4,5,10,11,12,15,8,9,14,7
3,5,6,11,12>7,8,10,11,12,5,6
3,5,6,11,12>3,8,10,11,12,5,6
1,2,6,8,9,10,12,13,15>8,9,10,12,15,2,13,6
1,2,6,8,9,10,12,13,15>1,9,10,12,15,2,13,6
1,2,3,6,8,10,15>7,10,13,15,8,2,3,6
1,2,3,6,8,10,15>1,10,13,15,8,2,3,6
1,2,8,9,10,14>3,4,6,7,10,14,8,9,2
1,2,8,9,10,14>1,4,6,7,10,14,8,9,2
2,4,7,9,10,11,15>3,8,9,11,14,2,4,7,10,15
2,4,7,9,10,11,15>1,8,9,11,14,2,4,7,10,15
1,2,6,7,8,11>5,6,10,11,14,15,8,1,2,7
1,2,6,7,8,11>3,6,10,11,14,15,8,1,2,7
3,4,10,12,13>6,7,10,12,13,4
3,4,10,12,13>3,7,10,12,13,4
3,5,6,11,15>7,8,10,11,15,5,6
3,5,6,11,15>3,8,10,11,15,5,6
1,3,4,6,8,9,10,11>4,7,10,11,13,8,9,3,6
1,3,4,6,8,9,10,11>1,7,10,11,13,8,9,3,6
4,6,7,11,13,14>5,6,7,10,11,13,14,15
4,6,7,11,13,14>4,6,7,10,11,13,14,15
2,3,4,6,7,8,9,11,13,14>3,4,5,6,7,8,10,11,13,14,15,9,2
2,3,4,6,7,8,9,11,13,14>1,4,5,6,7,8,10,11,13,14,15,9,2
1,7,9,11,12,13>4,5,10,11,12,13,14,15,9,7
1,7,9,11,12,13>1,5,10,11,12,13,14,15,9,7
1,2,3,4,6,8,9,10,12,14,15>7,9,10,12,13,15,1,2,3,6,8,14
1,2,3,4,6,8,9,10,12,14,15>4,9,10,12,13,15,1,2,3,6,8,14
1,3,5,12,14,15>4,6,7,8,10,12,15,1,5,14
1,3,5,12,14,15>3,6,7,8,10,12,15,1,5,14
1,2,4,5,7,8,10,11,12,13,14>8,10,11,12,13,15,1,2,4,7,14
1,2,4,5,7,8,10,11,12,13,14>5,10,11,12,13,15,1,2,4,7,14
2,5,7,9,10,11,12,13>4,5,11,12,13,14,15,9,2,10,7
2,5,7,9,10,11,12,13>1,5,11,12,13,14,15,9,2,10,7
1,2,6,9,13,14>14,9,2,13,6
1,2,6,9,13,14>1,9,2,13,6
2,3,10,11,12,14>6,7,8,11,12,14,10,2,3
2,3,10,11,12,14>4,7,8,11,12,14,10,2,3
