AP3,UFO,FUL,FT,AP1,EMF1,LFY,AP2,WUS,AG,LUG,CLF,TFL1,PI,SEP
1,2,4,6,9,13,14>4,5,14,9,2,13,6
1,2,4,6,9,13,14>1,5,14,9,2,13,6
3,4,5,6,8,9,11,12,13,15>4,8,11,12,13,15,9,5,6
3,4,5,6,8,9,11,12,13,15>3,8,11,12,13,15,9,5,6
1,2,6,7>5,6,8,10,14,15,1,2,7
1,2,6,7>3,6,8,10,14,15,1,2,7
2,3,4,6,7,9,10,11,13,15>3,4,6,7,9,11,13,14,2,10,15
2,3,4,6,7,9,10,11,13,15>1,4,6,7,9,11,13,14,2,10,15
2,3,6,8,9,11,13,15>11,3,15,9,2,13,6
2,3,6,8,9,11,13,15>8,3,15,9,2,13,6
2,3,8,12,15>5,6,7,12,15,8,2,3
2,3,8,12,15>4,6,7,12,15,8,2,3
1,3,4,6,7,8,10,11,12,13>3,4,6,7,8,11,12,13,14,15,10
1,3,4,6,7,8,10,11,12,13>1,4,6,7,8,11,12,13,14,15,10
1,4,5,6,7,8,9,14>4,6,10,15,5,7,8,9,14
1,4,5,6,7,8,9,14>1,6,10,15,5,7,8,9,14
1,3,4,5,6,7,9,10,12,15>3,4,5,6,8,9,12,14,10,15,7
1,3,4,5,6,7,9,10,12,15>1,4,5,6,8,9,12,14,10,15,7
2,3,5,6,8,10,13,14,15>5,8,10,13,14,15,2,6
2,3,5,6,8,10,13,14,15>3,8,10,13,14,15,2,6
1,2,6,7,8,9,11,12>5,6,10,11,12,14,15,1,2,7,8,9
1,2,6,7,8,9,11,12>3,6,10,11,12,14,15,1,2,7,8,9
1,3,7,9,10,11,14,15>9,11,4,1,3,7,10,14,15
1,3,7,9,10,11,14,15>8,11,4,1,3,7,10,14,15
2,4,7,12,14,15>3,5,8,10,12,14,2,4,15,7
2,4,7,12,14,15>1,5,8,10,12,14,2,4,15,7
3,5,8,10,11,12,15>4,5,6,7,10,11,12,15,8
3,5,8,10,11,12,15>3,5,6,7,10,11,12,15,8
4,7,8,12,13,15>8,10,12,13,4,15,7
4,7,8,12,13,15>5,10,12,13,4,15,7
1,5,7,9,14,15>10,4,1,5,7,9,14,15
1,5,7,9,14,15>8,4,1,5,7,9,14,15
3,8,9,14,15>5,6,7,14,15,8,9,3
3,8,9,14,15>4,6,7,14,15,8,9,3
2,3,8,9,10,14,15>6,7,9,10,14,15,8,2,3
2,3,8,9,10,14,15>4,7,9,10,14,15,8,2,3
1,2,4,5,7,10,12,13,15>12,5,14,1,2,4,7,10,15
1,2,4,5,7,10,12,13,15>13,5,14,1,2,4,7,10,15
1,3,4,7,8,9,11,14,15>10,11,5,3,4,7,8,9,14,15
1,3,4,7,8,9,11,14,15>1,11,5,3,4,7,8,9,14,15
3,5,6,7,8,9,10,12>5,6,12,14,15,8,9,10,7
3,5,6,7,8,9,10,12>3,6,12,14,15,8,9,10,7
1,2,4,6,7,8,9,10,11,12,13,15>6,7,8,9,11,12,13,14,1,2,10,15
1,2,4,6,7,8,9,10,11,12,13,15>4,7,8,9,11,12,13,14,1,2,10,15
1,2,3,5,6,8,10,11,12,15>3,5,7,10,11,12,15,8,2,6
1,2,3,5,6,8,10,11,12,15>1,5,7,10,11,12,15,8,2,6
3,4,6,7,10,13,14,15>4,6,7,13,10,14,15
3,4,6,7,10,13,14,15>3,6,7,13,10,14,15
2,9,12,13,14>6,7,12,13,14,9,2
2,9,12,13,14>4,7,12,13,14,9,2
2,5,6,7,8,9,10,11,12,13,15>5,6,7,8,9,11,12,13,14,2,10,15
2,5,6,7,8,9,10,11,12,13,15>1,6,7,8,9,11,12,13,14,2,10,15
1,6,7,8,9,12,14,15>3,5,6,10,12,7,8,9,14,15
1,6,7,8,9,12,14,15>1,5,6,10,12,7,8,9,14,15
9,12,14>4,5,6,7,8,10,12,14,9
9,12,14>3,5,6,7,8,10,12,14,9
1,3,4,5,6,8,9,11,12,13,15>3,4,8,11,12,13,15,9,5,6
1,3,4,5,6,8,9,11,12,13,15>1,4,8,11,12,13,15,9,5,6
1,6,9,12,14,15>3,5,7,8,10,12,13,14,15,9,6
1,6,9,12,14,15>1,5,7,8,10,12,13,14,15,9,6
2,5,6,8,11,14>14,7,8,2,5,6
2,5,6,8,11,14>11,7,8,2,5,6
1,5,6,7,8,10,11,14,15>5,6,1,7,8,10,14,15
1,5,6,7,8,10,11,14,15>11,6,1,7,8,10,14,15
1,4,6,7,9,12,14>3,4,5,6,8,10,12,15,9,14,7
1,4,6,7,9,12,14>1,4,5,6,8,10,12,15,9,14,7
3,4,5,8,9,12,14>6,7,12,14,8,9,4,5
3,4,5,8,9,12,14>3,7,12,14,8,9,4,5
4,5,7,8,9,10,12>5,14,15,4,7,8,9,10
4,5,7,8,9,10,12>12,14,15,4,7,8,9,10
3,6,7,9,12>6,8,10,12,15,9,3,7
3,6,7,9,12>5,8,10,12,15,9,3,7
2,3,9,11,14,15>5,6,7,8,10,11,14,15,9,2,3
2,3,9,11,14,15>4,6,7,8,10,11,14,15,9,2,3
1,2,5,7,9,10,11,14,15>5,8,9,11,1,2,7,10,14,15
1,2,5,7,9,10,11,14,15>4,8,9,11,1,2,7,10,14,15
2,3,4,6,8,11,12,13,14>4,5,8,11,12,14,2,13,6
2,3,4,6,8,11,12,13,14>3,5,8,11,12,14,2,13,6
2,4,5,6,7,10,12,13>4,5,6,7,12,13,14,15,2,10
2,4,5,6,7,10,12,13>1,5,6,7,12,13,14,15,2,10
2,3,5,6,11,13,15>5,11,13,15,2,6
2,3,5,6,11,13,15>3,11,13,15,2,6
2,4,5,7,11,12,13,14,15>10,11,12,13,14,2,4,5,7,15
2,4,5,7,11,12,13,14,15>1,11,12,13,14,2,4,5,7,15
1,2,3,5,6,9,10,11,14>3,5,7,8,11,14,9,2,10,6
1,2,3,5,6,9,10,11,14>1,5,7,8,11,14,9,2,10,6
1,2,5,6,9,12,14,15>8,10,12,15,1,2,5,6,9,14
1,2,5,6,9,12,14,15>7,10,12,15,1,2,5,6,9,14
1,2,3,4,7,8,9,10,13,14>3,13,15,1,2,4,7,9,10,14
1,2,3,4,7,8,9,10,13,14>8,13,15,1,2,4,7,9,10,14
3,5,6,10,11,13>5,10,11,13,6
3,5,6,10,11,13>3,10,11,13,6
1,6,8,10,12,13,15>8,10,12,15,13,6
1,6,8,10,12,13,15>1,10,12,15,13,6
2,3,4,6,7,8,9,10,11,14>4,6,11,15,2,3,7,8,9,10,14
2,3,4,6,7,8,9,10,11,14>1,6,11,15,2,3,7,8,9,10,14
9,10,12,14>4,6,7,8,12,14,9,10
9,10,12,14>3,6,7,8,12,14,9,10
1,3,7,9,10,11,13,14,15>4,9,11,13,1,7,10,14,15
1,3,7,9,10,11,13,14,15>3,9,11,13,1,7,10,14,15
1,4,5,6,7,8,10>4,5,6,14,15,8,10,7
1,4,5,6,7,8,10>1,5,6,14,15,8,10,7
4,8,10,11,12,15>6,7,10,11,12,15,8,4
4,8,10,11,12,15>3,7,10,11,12,15,8,4
1,2,3,4,6,10,11,12,15>4,7,8,11,12,13,15,10,2,3,6
1,2,3,4,6,10,11,12,15>1,7,8,11,12,13,15,10,2,3,6
2,3,5,6,7,8,9,10,14>3,5,6,15,2,7,8,9,10,14
2,3,5,6,7,8,9,10,14>1,5,6,15,2,7,8,9,10,14
1,6,8,9,13>1,9,13,6
1,6,8,9,13>8,9,13,6
1,3,4,5,10,11,12,14>3,5,6,7,8,11,12,14,10,4
1,3,4,5,10,11,12,14>1,5,6,7,8,11,12,14,10,4
2,9,10,11,12>4,6,7,8,11,12,9,2,10
2,9,10,11,12>3,6,7,8,11,12,9,2,10
3,7,10,11,12,13,15>4,11,12,13,14,10,15,7
3,7,10,11,12,13,15>3,11,12,13,14,10,15,7
2,5,7,8,10,15>4,5,14,2,7,8,10,15
2,5,7,8,10,15>1,5,14,2,7,8,10,15
1,4,5,7,8,9,13,15>8,10,13,14,4,5,7,9,15
1,4,5,7,8,9,13,15>1,10,13,14,4,5,7,9,15
1,3,4,5,6,8,11,12>3,4,7,11,12,8,5,6
1,3,4,5,6,8,11,12>1,4,7,11,12,8,5,6
3,4,7,8,12,13,15>5,8,10,12,13,4,15,7
3,4,7,8,12,13,15>3,8,10,12,13,4,15,7
4,7,8,10,13>13,14,15,10,4,7
4,7,8,10,13>8,14,15,10,4,7
1,4,8,12,13,15>5,6,7,8,12,13,15,4
1,4,8,12,13,15>1,6,7,8,12,13,15,4
1,2,4,6,7,8,11,15>4,5,6,10,11,14,1,2,7,8,15
1,2,4,6,7,8,11,15>3,5,6,10,11,14,1,2,7,8,15
5,6,7,9,10,11,12,14>6,8,11,12,15,9,10,14,7
5,6,7,9,10,11,12,14>5,8,11,12,15,9,10,14,7
1,11,12,14>3,4,5,6,7,8,10,11,12,14
1,11,12,14>1,4,5,6,7,8,10,11,12,14
3,4,5,6,10,11,12>4,5,7,8,11,12,10,6
3,4,5,6,10,11,12>3,5,7,8,11,12,10,6
1,3,6,7,8,10,11,12>6,11,12,14,15,8,10,3,7
1,3,6,7,8,10,11,12>1,11,12,14,15,8,10,3,7
1,6,7,8,10,11,12,15>3,6,11,12,14,8,10,15,7
1,6,7,8,10,11,12,15>1,6,11,12,14,8,10,15,7
8,1,6,7>3,5,6,10,14,15,8,7
8,1,6,7>1,5,6,10,14,15,8,7
1,4,5,6,9>4,7,8,10,9,5,6
1,4,5,6,9>1,7,8,10,9,5,6
4,5,7,8,9,10,13>8,13,14,15,9,10,4,7
4,5,7,8,9,10,13>5,13,14,15,9,10,4,7
1,4,5,8,11,12>6,7,11,12,8,4,5
1,4,5,8,11,12>1,7,11,12,8,4,5
2,5,6,8,9,10,12>12,5,7,8,9,2,6
2,5,6,8,9,10,12>10,5,7,8,9,2,6
1,2,3,4,5,7,8,12,13,14>8,10,12,13,15,1,2,4,5,7,14
1,2,3,4,5,7,8,12,13,14>3,10,12,13,15,1,2,4,5,7,14
2,3,4,9,12,13,15>5,6,7,12,13,15,9,2,4
2,3,4,9,12,13,15>3,6,7,12,13,15,9,2,4
1,3,8,10,11,12,15>4,6,7,10,11,12,15,8,3
1,3,8,10,11,12,15>1,6,7,10,11,12,15,8,3
2,7,8,9,11,12,14,15>3,4,5,10,11,12,14,2,7,8,9,15
2,7,8,9,11,12,14,15>1,4,5,10,11,12,14,2,7,8,9,15
1,3,5,6,9,12,14,15>7,8,10,12,15,1,5,6,9,14
1,3,5,6,9,12,14,15>3,8,10,12,15,1,5,6,9,14
