AP3,UFO,FUL,FT,AP1,EMF1,LFY,AP2,WUS,AG,LUG,CLF,TFL1,PI,SEP
1,2,3,6,9,11,12,13,15>3,11,12,15,9,2,13,6
1,2,3,6,9,11,12,13,15>1,11,12,15,9,2,13,6
2,3,6,14>7,8,10,13,14,2,3,6
2,3,6,14>5,8,10,13,14,2,3,6
2,4,5,6,7,9,10,13,14>4,5,6,7,13,15,9,2,10,14
2,4,5,6,7,9,10,13,14>1,5,6,7,13,15,9,2,10,14
1,2,3,7,11,12>5,8,10,11,12,14,15,1,2,3,7
1,2,3,7,11,12>4,8,10,11,12,14,15,1,2,3,7
1,8,9,12,13>4,6,7,8,12,13,9
1,8,9,12,13>1,6,7,8,12,13,9
1,3,5,6,8,12,13,14>3,5,8,12,13,14,6
1,3,5,6,8,12,13,14>1,5,8,12,13,14,6
1,2,3,9,14>4,5,6,7,8,10,14,9,2,3
1,2,3,9,14>1,5,6,7,8,10,14,9,2,3
1,7,9,10,11,12,14>3,4,8,11,12,15,9,10,14,7
1,7,9,10,11,12,14>1,4,8,11,12,15,9,10,14,7
1,9,13,14,15>4,6,7,13,14,15,9
1,9,13,14,15>1,6,7,13,14,15,9
2,4,6,7,12,13>4,5,6,7,10,12,13,15,2
2,4,6,7,12,13>1,5,6,7,10,12,13,15,2
1,2,5,7,9,12,13,14>10,12,13,15,1,2,5,7,9,14
1,2,5,7,9,12,13,14>4,12,13,15,1,2,5,7,9,14
2,3,4,5,7,9,11,12,15>3,8,10,11,12,2,4,5,7,9,15
2,3,4,5,7,9,11,12,15>1,8,10,11,12,2,4,5,7,9,15
1,2,4,7,9,10,12,13,14>13,15,1,2,4,7,9,10,14
1,2,4,7,9,10,12,13,14>12,15,1,2,4,7,9,10,14
1,2,5,6,7,8,10,11>6,11,14,15,1,2,7,8,10
1,2,5,6,7,8,10,11>5,11,14,15,1,2,7,8,10
2,5,6,7,8,9,11,12,13>6,7,8,10,11,12,13,15,9,2,5
2,5,6,7,8,9,11,12,13>1,7,8,10,11,12,13,15,9,2,5
1,4,5,10,13>5,6,7,10,13,4
1,4,5,10,13>1,6,7,10,13,4
3,4,5,7,8,10,13>5,8,13,14,15,10,4,7
3,4,5,7,8,10,13>3,8,13,14,15,10,4,7
2,3,6,7>5,6,8,10,15,2,3,7
2,3,6,7>1,6,8,10,15,2,3,7
1,3,6,8,9,10,12,13,14>3,8,10,12,14,9,13,6
1,3,6,8,9,10,12,13,14>1,8,10,12,14,9,13,6
1,3,4,5,6,10,12,15>3,4,5,7,8,12,15,10,6
1,3,4,5,6,10,12,15>1,4,5,7,8,12,15,10,6
1,2,3,5,7,8,9,10,11,13,14,15>4,5,8,9,11,13,1,2,7,10,14,15
1,2,3,5,7,8,9,10,11,13,14,15>3,5,8,9,11,13,1,2,7,10,14,15
2,4,5,9,11,12,14>7,8,10,11,12,14,9,2,4,5
2,4,5,9,11,12,14>6,8,10,11,12,14,9,2,4,5
1,6,7,9,13>5,6,7,10,13,14,15,9
1,6,7,9,13>1,6,7,10,13,14,15,9
3,4,6,8,10,11,13>4,8,10,11,13,6
3,4,6,8,10,11,13>3,8,10,11,13,6
1,2,3,4,5,7,9,14,15>10,3,1,2,4,5,7,9,14,15
1,2,3,4,5,7,9,14,15>8,3,1,2,4,5,7,9,14,15
1,3,5>3,4,6,7,8,10,5
1,3,5>1,4,6,7,8,10,5
3,8,9,13,14>4,6,7,8,13,14,9
3,8,9,13,14>3,6,7,8,13,14,9
1,2,4,6,8,9,10,12>3,4,7,10,12,13,8,9,2,6
1,2,4,6,8,9,10,12>1,4,7,10,12,13,8,9,2,6
4,7,8,9,10,13>13,14,15,9,10,4,7
4,7,8,9,10,13>8,14,15,9,10,4,7
1,2,4,6,7,9,11,12,14,15>4,5,6,8,10,11,12,1,2,7,9,14,15
1,2,4,6,7,9,11,12,14,15>3,5,6,8,10,11,12,1,2,7,9,14,15
1,6,7,8,9,10,12,14,15>3,12,6,1,7,8,10,14,15
1,6,7,8,9,10,12,14,15>9,12,6,1,7,8,10,14,15
5,6,8,10,11,14,15>7,10,11,14,15,8,6
5,6,8,10,11,14,15>5,10,11,14,15,8,6
1,2,3,6,8,10,12,15>7,10,12,13,15,8,2,3,6
1,2,3,6,8,10,12,15>1,10,12,13,15,8,2,3,6
1,2,3,5,6,7,8,10,13,14>5,6,7,8,13,15,1,2,10,14
1,2,3,5,6,7,8,10,13,14>3,6,7,8,13,15,1,2,10,14
1,3,5,8,9,11>3,4,6,7,11,8,9,5
1,3,5,8,9,11>1,4,6,7,11,8,9,5
1,2,3,4,5,6,9,12,13>3,4,12,13,9,2,5,6
1,2,3,4,5,6,9,12,13>1,4,12,13,9,2,5,6
3,4,5,6,8,9,10,11,12,15>4,5,7,9,10,11,12,15,8,6
3,4,5,6,8,9,10,11,12,15>3,5,7,9,10,11,12,15,8,6
1,8,9,12,14,15>3,4,5,6,7,12,14,15,8,9
1,8,9,12,14,15>1,4,5,6,7,12,14,15,8,9
1,2,5,7,10,11,14>5,8,11,15,1,2,7,10,14
1,2,5,7,10,11,14>4,8,11,15,1,2,7,10,14
1,4,6,8,13,14>4,5,8,14,13,6
1,4,6,8,13,14>1,5,8,14,13,6
2,3,5,7,9,10,12,15>3,4,5,8,9,12,14,2,10,15,7
2,3,5,7,9,10,12,15>1,4,5,8,9,12,14,2,10,15,7
1,2,3,4,5,6,9,10,14>3,4,5,7,8,14,9,2,10,6
1,2,3,4,5,6,9,10,14>1,4,5,7,8,14,9,2,10,6
2,3,5,8,9,14>4,6,7,14,8,9,2,5
2,3,5,8,9,14>3,6,7,14,8,9,2,5
2,9,10,11,12,14>4,6,7,8,11,12,14,9,2,10
2,9,10,11,12,14>3,6,7,8,11,12,14,9,2,10
1,3,8,10,11,13,14,15>4,6,7,8,10,11,13,15,1,14
1,3,8,10,11,13,14,15>3,6,7,8,10,11,13,15,1,14
1,3,5,6,7,10>3,5,6,8,14,15,10,7
1,3,5,6,7,10>1,5,6,8,14,15,10,7
1,3,4,6,8,10,11,12,15>4,7,10,11,12,13,15,8,3,6
1,3,4,6,8,10,11,12,15>1,7,10,11,12,13,15,8,3,6
3,5,8,9,11,13>4,5,6,7,8,11,13,9
3,5,8,9,11,13>3,5,6,7,8,11,13,9
2,3,6,8,9,12>12,5,7,2,3,6,8,9
2,3,6,8,9,12>13,5,7,2,3,6,8,9
1,11,4,13>5,6,7,11,13,4
1,11,4,13>1,6,7,11,13,4
1,2,3,4,8,10,11,12,14,15>7,10,11,12,15,1,2,3,4,8,14
1,2,3,4,8,10,11,12,14,15>6,10,11,12,15,1,2,3,4,8,14
1,4,5,9,12,13,14>6,7,12,13,14,9,4,5
1,4,5,9,12,13,14>1,7,12,13,14,9,4,5
1,2,4,5,6,7,8,10,12,14>5,6,12,15,1,2,7,8,10,14
1,2,4,5,6,7,8,10,12,14>4,6,12,15,1,2,7,8,10,14
1,2,4,5,8,12,13,14>6,7,8,12,13,14,2,4,5
1,2,4,5,8,12,13,14>1,7,8,12,13,14,2,4,5
1,2,3,5,6,7,8,12,14>6,10,12,15,1,2,5,7,8,14
1,2,3,5,6,7,8,12,14>3,10,12,15,1,2,5,7,8,14
3,5,8,13,14,15>4,5,6,7,8,13,14,15
3,5,8,13,14,15>3,5,6,7,8,13,14,15
3,4,7,9,14,15>10,5,14,3,4,7,9,15
3,4,7,9,14,15>8,5,14,3,4,7,9,15
1,3,5,6,7,10,11,13,14,15>5,6,7,11,13,1,10,14,15
1,3,5,6,7,10,11,13,14,15>3,6,7,11,13,1,10,14,15
2,4,6,10,11,12,13,15>10,11,12,15,2,13,6
2,4,6,10,11,12,13,15>4,11,12,15,2,13,6
1,3,4,5,7,9,10,11,14>3,5,8,11,15,4,7,9,10,14
1,3,4,5,7,9,10,11,14>1,5,8,11,15,4,7,9,10,14
6,7,8,9,10,14>6,15,7,8,9,10,14
6,7,8,9,10,14>3,15,7,8,9,10,14
2,3,4,5,6,9,11,12>4,7,8,10,11,12,9,2,5,6
2,3,4,5,6,9,11,12>3,7,8,10,11,12,9,2,5,6
1,2,5,6,7,8>15,6,14,1,2,5,7,8
1,2,5,6,7,8>10,6,14,1,2,5,7,8
1,2,3,5,6,12,13>3,5,12,13,2,6
1,2,3,5,6,12,13>1,5,12,13,2,6
1,4,5,6,7,9,10,12,14>4,5,6,8,12,15,9,10,14,7
1,4,5,6,7,9,10,12,14>1,5,6,8,12,15,9,10,14,7
3,4,5,6,7,9,11,12,15>4,6,8,10,11,12,9,15,5,7
3,4,5,6,7,9,11,12,15>3,6,8,10,11,12,9,15,5,7
1,2,7,9,11,12,13,15>5,10,11,12,13,14,1,2,7,9,15
1,2,7,9,11,12,13,15>4,10,11,12,13,14,1,2,7,9,15
2,5,6,10,11,12,15>7,8,11,12,15,2,10,6
2,5,6,10,11,12,15>5,8,11,12,15,2,10,6
1,3,7,8,12,15>4,5,10,12,14,8,3,15,7
1,3,7,8,12,15>1,5,10,12,14,8,3,15,7
1,2,3,5,7,11,12,14,15>4,8,10,11,12,1,2,5,7,14,15
1,2,3,5,7,11,12,14,15>3,8,10,11,12,1,2,5,7,14,15
2,3,5,7,11,13,14>3,4,10,11,13,14,15,2,5,7
2,3,5,7,11,13,14>1,4,10,11,13,14,15,2,5,7
1,3,5,7,8,15>3,4,10,14,8,15,5,7
1,3,5,7,8,15>1,4,10,14,8,15,5,7
1,2,3,4,6,7,9,10,11,13>4,6,7,11,13,14,15,1,2,10,9
1,2,3,4,6,7,9,10,11,13>3,6,7,11,13,14,15,1,2,10,9
1,4,5,7,8,14>10,15,4,5,7,8,14
1,4,5,7,8,14>1,15,4,5,7,8,14
11,12,6,7>5,6,8,10,11,12,15,7
11,12,6,7>3,6,8,10,11,12,15,7
4,6,7,8,10,11,12,14,15>4,6,11,12,7,8,10,14,15
4,6,7,8,10,11,12,14,15>3,6,11,12,7,8,10,14,15
5,7,8,9,10,11,12,13>5,8,11,12,13,14,15,9,10,7
5,7,8,9,10,11,12,13>4,8,11,12,13,14,15,9,10,7
1,2,5,6,7,8,14>6,15,1,2,5,7,8,14
1,2,5,6,7,8,14>10,15,1,2,5,7,8,14
5,6,8,10,14,15>7,10,14,15,8,6
5,6,8,10,14,15>5,10,14,15,8,6
1,3,4,5,6,7,15>3,4,6,8,10,14,15,5,7
1,3,4,5,6,7,15>1,4,6,8,10,14,15,5,7
