AP3,UFO,FUL,FT,AP1,EMF1,LFY,AP2,WUS,AG,LUG,CLF,TFL1,PI,SEP
8,10,13,7>8,13,14,15,10,7
8,10,13,7>4,13,14,15,10,7
8,10,13,7>4,8,14,15,10,7
8,10,13,7>4,8,13,15,10,7
1,2,4,8,9,10,12,13>6,7,8,10,12,13,9,2,4
1,2,4,8,9,10,12,13>1,7,8,10,12,13,9,2,4
1,2,4,8,9,10,12,13>1,6,8,10,12,13,9,2,4
1,2,4,8,9,10,12,13>1,6,7,10,12,13,9,2,4
1,6,9,10,11,13,15>9,10,11,15,13,6
1,6,9,10,11,13,15>1,10,11,15,13,6
1,6,9,10,11,13,15>1,9,11,15,13,6
1,6,9,10,11,13,15>1,9,10,15,13,6
3,5,6,7,8,9,11,13,15>6,7,8,10,11,13,9,5,15
3,5,6,7,8,9,11,13,15>3,7,8,10,11,13,9,5,15
3,5,6,7,8,9,11,13,15>3,6,8,10,11,13,9,5,15
3,5,6,7,8,9,11,13,15>3,6,7,10,11,13,9,5,15
3,5,8,9,12,14,15>4,6,7,12,14,15,8,9,5
3,5,8,9,12,14,15>3,6,7,12,14,15,8,9,5
3,5,8,9,12,14,15>3,4,7,12,14,15,8,9,5
3,5,8,9,12,14,15>3,4,6,12,14,15,8,9,5
1,9,10,11,14>3,4,6,7,8,11,14,9,10
1,9,10,11,14>1,4,6,7,8,11,14,9,10
1,9,10,11,14>1,3,6,7,8,11,14,9,10
1,9,10,11,14>1,3,4,7,8,11,14,9,10
2,4,5,7,8,11,13,14,15>8,10,11,13,14,2,4,5,7,15
2,4,5,7,8,11,13,14,15>1,10,11,13,14,2,4,5,7,15
2,4,5,7,8,11,13,14,15>1,8,11,13,14,2,4,5,7,15
2,4,5,7,8,11,13,14,15>1,8,10,13,14,2,4,5,7,15
2,3,5,6,11,13>13,3,5,2,6
2,3,5,6,11,13>11,3,5,2,6
2,3,5,6,11,13>11,13,5,2,6
2,3,5,6,11,13>11,13,3,2,6
11,3,5,15>4,6,7,8,10,11,15,5
11,3,5,15>3,6,7,8,10,11,15,5
11,3,5,15>3,4,7,8,10,11,15,5
11,3,5,15>3,4,6,8,10,11,15,5
4,5,6,7,9,10,12,14>5,6,8,12,15,9,10,14,7
4,5,6,7,9,10,12,14>4,6,8,12,15,9,10,14,7
4,5,6,7,9,10,12,14>4,5,8,12,15,9,10,14,7
4,5,6,7,9,10,12,14>4,5,6,12,15,9,10,14,7
1,2,3,4,5,9,10,11,15>3,5,6,7,8,9,11,15,2,10,4
1,2,3,4,5,9,10,11,15>1,5,6,7,8,9,11,15,2,10,4
1,2,3,4,5,9,10,11,15>1,3,6,7,8,9,11,15,2,10,4
1,2,3,4,5,9,10,11,15>1,3,5,7,8,9,11,15,2,10,4
1,5,7,10,11,12,15>4,5,8,11,12,14,10,15,7
1,5,7,10,11,12,15>1,5,8,11,12,14,10,15,7
1,5,7,10,11,12,15>1,4,8,11,12,14,10,15,7
1,5,7,10,11,12,15>1,4,5,11,12,14,10,15,7
1,3,4,7,8,10,12,13,15>3,8,12,13,14,10,4,15,7
1,3,4,7,8,10,12,13,15>1,8,12,13,14,10,4,15,7
1,3,4,7,8,10,12,13,15>1,3,12,13,14,10,4,15,7
1,3,4,7,8,10,12,13,15>1,3,8,13,14,10,4,15,7
3,5,14>4,6,7,8,10,14,5
3,5,14>3,6,7,8,10,14,5
3,5,14>3,4,7,8,10,14,5
3,5,14>3,4,6,8,10,14,5
1,2,3,4,7,8,10,13>8,13,14,15,1,2,4,7,10
1,2,3,4,7,8,10,13>3,13,14,15,1,2,4,7,10
1,2,3,4,7,8,10,13>3,8,14,15,1,2,4,7,10
1,2,3,4,7,8,10,13>3,8,13,15,1,2,4,7,10
1,3,5,7,8,9,11,12,15>3,4,10,11,12,14,5,7,8,9,15
1,3,5,7,8,9,11,12,15>1,4,10,11,12,14,5,7,8,9,15
1,3,5,7,8,9,11,12,15>1,3,10,11,12,14,5,7,8,9,15
1,3,5,7,8,9,11,12,15>1,3,4,11,12,14,5,7,8,9,15
1,3,4,7,10,11,14>1,11,15,3,4,7,10,14
1,3,4,7,10,11,14>8,11,15,3,4,7,10,14
1,3,4,7,10,11,14>8,1,15,3,4,7,10,14
1,3,4,7,10,11,14>8,1,11,3,4,7,10,14
15,6,14>5,7,8,10,13,14,15,6
15,6,14>3,7,8,10,13,14,15,6
15,6,14>3,5,8,10,13,14,15,6
15,6,14>3,5,7,10,13,14,15,6
1,3,6,8,10,11,13,14>3,8,10,11,14,13,6
1,3,6,8,10,11,13,14>1,8,10,11,14,13,6
1,3,6,8,10,11,13,14>1,3,10,11,14,13,6
1,3,6,8,10,11,13,14>1,3,8,11,14,13,6
4,5,6,8,12,15>4,12,7,8,5,6
4,5,6,8,12,15>15,12,7,8,5,6
4,5,6,8,12,15>15,4,7,8,5,6
4,5,6,8,12,15>15,4,12,8,5,6
2,9,11,12,15>4,5,6,7,8,10,11,12,15,9,2
2,9,11,12,15>3,5,6,7,8,10,11,12,15,9,2
2,9,11,12,15>3,4,6,7,8,10,11,12,15,9,2
2,9,11,12,15>3,4,5,7,8,10,11,12,15,9,2
4,5,7,9,12>10,12,15,9,4,5,7
4,5,7,9,12>8,12,15,9,4,5,7
4,5,7,9,12>8,10,15,9,4,5,7
4,5,7,9,12>8,10,12,9,4,5,7
1,4,5,8,9,11,12,14,15>7,11,12,15,1,4,5,8,9,14
1,4,5,8,9,11,12,14,15>6,11,12,15,1,4,5,8,9,14
1,4,5,8,9,11,12,14,15>6,7,12,15,1,4,5,8,9,14
1,4,5,8,9,11,12,14,15>6,7,11,15,1,4,5,8,9,14
1,4,6,9,13,14,15>4,5,14,15,9,13,6
1,4,6,9,13,14,15>1,5,14,15,9,13,6
1,4,6,9,13,14,15>1,4,14,15,9,13,6
1,4,6,9,13,14,15>1,4,5,15,9,13,6
6,7,8,9,10,12,13,14,15>7,8,9,12,13,10,14,15
6,7,8,9,10,12,13,14,15>6,8,9,12,13,10,14,15
6,7,8,9,10,12,13,14,15>6,7,9,12,13,10,14,15
6,7,8,9,10,12,13,14,15>6,7,8,12,13,10,14,15
3,4,5,10,12,13,14>5,6,7,10,12,13,14,4
3,4,5,10,12,13,14>3,6,7,10,12,13,14,4
3,4,5,10,12,13,14>3,5,7,10,12,13,14,4
3,4,5,10,12,13,14>3,5,6,10,12,13,14,4
2,3,5,7,8,9,12,13,14>3,4,8,10,12,13,14,15,9,2,5,7
2,3,5,7,8,9,12,13,14>1,4,8,10,12,13,14,15,9,2,5,7
2,3,5,7,8,9,12,13,14>1,3,8,10,12,13,14,15,9,2,5,7
2,3,5,7,8,9,12,13,14>1,3,4,10,12,13,14,15,9,2,5,7
1,2,7,9,10,11,13,15>9,11,13,14,1,2,7,10,15
1,2,7,9,10,11,13,15>4,11,13,14,1,2,7,10,15
1,2,7,9,10,11,13,15>4,9,13,14,1,2,7,10,15
1,2,7,9,10,11,13,15>4,9,11,14,1,2,7,10,15
2,3,6,8,9,12,13,15>3,12,15,9,2,13,6
2,3,6,8,9,12,13,15>8,12,15,9,2,13,6
2,3,6,8,9,12,13,15>8,3,15,9,2,13,6
2,3,6,8,9,12,13,15>8,3,12,9,2,13,6
7,8,9,10,12,13,14>8,12,13,15,9,10,14,7
7,8,9,10,12,13,14>4,12,13,15,9,10,14,7
7,8,9,10,12,13,14>4,8,13,15,9,10,14,7
7,8,9,10,12,13,14>4,8,12,15,9,10,14,7
2,3,6,7,8,9,10,15>14,6,9,2,3,7,8,10,15
2,3,6,7,8,9,10,15>1,6,9,2,3,7,8,10,15
2,3,6,7,8,9,10,15>1,14,9,2,3,7,8,10,15
2,3,6,7,8,9,10,15>1,14,6,2,3,7,8,10,15
1,4,5,6,8,10>4,5,7,10,8,6
1,4,5,6,8,10>1,5,7,10,8,6
1,4,5,6,8,10>1,4,7,10,8,6
1,4,5,6,8,10>1,4,5,10,8,6
1,4,5,6,9,10,12>4,5,7,8,12,9,10,6
1,4,5,6,9,10,12>1,5,7,8,12,9,10,6
1,4,5,6,9,10,12>1,4,7,8,12,9,10,6
1,4,5,6,9,10,12>1,4,5,8,12,9,10,6
2,3,4,5,7,8,9,14,15>10,3,14,2,4,5,7,8,9,15
2,3,4,5,7,8,9,14,15>1,3,14,2,4,5,7,8,9,15
2,3,4,5,7,8,9,14,15>1,10,14,2,4,5,7,8,9,15
2,3,4,5,7,8,9,14,15>1,10,3,2,4,5,7,8,9,15
5,6,8,12,13,15>8,12,13,15,6
5,6,8,12,13,15>5,12,13,15,6
5,6,8,12,13,15>5,8,13,15,6
5,6,8,12,13,15>5,8,12,15,6
3,6,10,11,14>8,11,13,14,10,3,6
3,6,10,11,14>7,11,13,14,10,3,6
3,6,10,11,14>7,8,13,14,10,3,6
3,6,10,11,14>7,8,11,14,10,3,6
2,3,6,7,8,9,10,11,12,14>6,11,12,15,2,3,7,8,9,10,14
2,3,6,7,8,9,10,11,12,14>1,11,12,15,2,3,7,8,9,10,14
2,3,6,7,8,9,10,11,12,14>1,6,12,15,2,3,7,8,9,10,14
2,3,6,7,8,9,10,11,12,14>1,6,11,15,2,3,7,8,9,10,14
2,10,12,14>4,6,7,8,12,14,2,10
2,10,12,14>3,6,7,8,12,14,2,10
2,10,12,14>3,4,7,8,12,14,2,10
2,10,12,14>3,4,6,8,12,14,2,10
1,3,5,7,11,12,13>3,4,10,11,12,13,14,15,5,7
1,3,5,7,11,12,13>1,4,10,11,12,13,14,15,5,7
1,3,5,7,11,12,13>1,3,10,11,12,13,14,15,5,7
1,3,5,7,11,12,13>1,3,4,11,12,13,14,15,5,7
1,5,6,8,9,11,12,15>7,11,12,15,8,9,5,6
1,5,6,8,9,11,12,15>1,11,12,15,8,9,5,6
1,5,6,8,9,11,12,15>1,7,12,15,8,9,5,6
1,5,6,8,9,11,12,15>1,7,11,15,8,9,5,6
2,8,10,12,15>4,6,7,10,12,15,8,2
2,8,10,12,15>3,6,7,10,12,15,8,2
2,8,10,12,15>3,4,7,10,12,15,8,2
2,8,10,12,15>3,4,6,10,12,15,8,2
3,6,7,9,10,11,13>6,7,11,13,14,15,9,10
3,6,7,9,10,11,13>3,7,11,13,14,15,9,10
3,6,7,9,10,11,13>3,6,11,13,14,15,9,10
3,6,7,9,10,11,13>3,6,7,13,14,15,9,10
1,7,8,10,11>3,4,11,14,15,8,10,7
1,7,8,10,11>1,4,11,14,15,8,10,7
1,7,8,10,11>1,3,11,14,15,8,10,7
1,7,8,10,11>1,3,4,14,15,8,10,7
1,6,7,8,11,12,15>3,5,6,10,11,12,14,8,15,7
1,6,7,8,11,12,15>1,5,6,10,11,12,14,8,15,7
1,6,7,8,11,12,15>1,3,6,10,11,12,14,8,15,7
1,6,7,8,11,12,15>1,3,5,10,11,12,14,8,15,7
1,3,4,7,10,11,12>8,11,12,14,15,10,3,4,7
1,3,4,7,10,11,12>1,11,12,14,15,10,3,4,7
1,3,4,7,10,11,12>1,8,12,14,15,10,3,4,7
1,3,4,7,10,11,12>1,8,11,14,15,10,3,4,7
2,5,11,13,14>5,6,7,11,13,14,2
2,5,11,13,14>4,6,7,11,13,14,2
2,5,11,13,14>4,5,7,11,13,14,2
2,5,11,13,14>4,5,6,11,13,14,2
1,3,4,6,8,9,10,13,14,15>4,8,9,10,15,1,13,6,14
1,3,4,6,8,9,10,13,14,15>3,8,9,10,15,1,13,6,14
1,3,4,6,8,9,10,13,14,15>3,4,9,10,15,1,13,6,14
1,3,4,6,8,9,10,13,14,15>3,4,8,10,15,1,13,6,14
1,3,4,6,8,10,13,14>3,4,8,10,14,13,6
1,3,4,6,8,10,13,14>1,4,8,10,14,13,6
1,3,4,6,8,10,13,14>1,3,8,10,14,13,6
1,3,4,6,8,10,13,14>1,3,4,10,14,13,6
4,6,9,10,14>4,7,8,13,14,9,10,6
4,6,9,10,14>3,7,8,13,14,9,10,6
4,6,9,10,14>3,4,8,13,14,9,10,6
4,6,9,10,14>3,4,7,13,14,9,10,6
4,6,7,8,9,10,11,12,13,14>6,7,8,11,12,13,15,9,10,14
4,6,7,8,9,10,11,12,13,14>4,7,8,11,12,13,15,9,10,14
4,6,7,8,9,10,11,12,13,14>4,6,8,11,12,13,15,9,10,14
4,6,7,8,9,10,11,12,13,14>4,6,7,11,12,13,15,9,10,14
1,2,3,4,8,10,13>3,6,7,8,10,13,2,4
1,2,3,4,8,10,13>1,6,7,8,10,13,2,4
1,2,3,4,8,10,13>1,3,7,8,10,13,2,4
1,2,3,4,8,10,13>1,3,6,8,10,13,2,4
3,5,7,8,12,13,14>4,8,10,12,13,14,15,5,7
3,5,7,8,12,13,14>3,8,10,12,13,14,15,5,7
3,5,7,8,12,13,14>3,4,10,12,13,14,15,5,7
3,5,7,8,12,13,14>3,4,8,12,13,14,15,5,7
2,3,4,5,6,7,11,12,13>3,4,6,7,10,11,12,13,15,2,5
2,3,4,5,6,7,11,12,13>1,4,6,7,10,11,12,13,15,2,5
2,3,4,5,6,7,11,12,13>1,3,6,7,10,11,12,13,15,2,5
2,3,4,5,6,7,11,12,13>1,3,4,7,10,11,12,13,15,2,5
1,2,3,4,6,8,9,13,14,15>3,4,5,8,14,15,9,2,13,6
1,2,3,4,6,8,9,13,14,15>1,4,5,8,14,15,9,2,13,6
1,2,3,4,6,8,9,13,14,15>1,3,5,8,14,15,9,2,13,6
1,2,3,4,6,8,9,13,14,15>1,3,4,8,14,15,9,2,13,6
2,3,4,6,7,8,10,13,14>3,4,6,7,8,13,15,2,10,14
2,3,4,6,7,8,10,13,14>1,4,6,7,8,13,15,2,10,14
2,3,4,6,7,8,10,13,14>1,3,6,7,8,13,15,2,10,14
2,3,4,6,7,8,10,13,14>1,3,4,7,8,13,15,2,10,14
1,3,4,5,10,11,12,13,15>3,5,6,7,10,11,12,13,15,4
1,3,4,5,10,11,12,13,15>1,5,6,7,10,11,12,13,15,4
1,3,4,5,10,11,12,13,15>1,3,6,7,10,11,12,13,15,4
1,3,4,5,10,11,12,13,15>1,3,5,7,10,11,12,13,15,4
2,5,8,10,12,15>5,6,7,10,12,15,8,2
2,5,8,10,12,15>4,6,7,10,12,15,8,2
2,5,8,10,12,15>4,5,7,10,12,15,8,2
2,5,8,10,12,15>4,5,6,10,12,15,8,2
2,4,8,9,13,14,15>6,7,8,13,14,15,9,2,4
2,4,8,9,13,14,15>5,7,8,13,14,15,9,2,4
2,4,8,9,13,14,15>5,6,8,13,14,15,9,2,4
2,4,8,9,13,14,15>5,6,7,13,14,15,9,2,4
1,3,4,8,9,11,14>5,6,7,11,14,8,9,3,4
1,3,4,8,9,11,14>1,6,7,11,14,8,9,3,4
1,3,4,8,9,11,14>1,5,7,11,14,8,9,3,4
1,3,4,8,9,11,14>1,5,6,11,14,8,9,3,4
2,5,15>6,7,8,10,15,2,5
2,5,15>4,7,8,10,15,2,5
2,5,15>4,6,8,10,15,2,5
2,5,15>4,6,7,10,15,2,5
1,2,4,5,7,8,9,12,13,14>10,12,13,15,1,2,4,5,7,9,14
1,2,4,5,7,8,9,12,13,14>8,12,13,15,1,2,4,5,7,9,14
1,2,4,5,7,8,9,12,13,14>8,10,13,15,1,2,4,5,7,9,14
1,2,4,5,7,8,9,12,13,14>8,10,12,15,1,2,4,5,7,9,14
2,6,11,12,14>5,7,8,10,11,12,13,14,2,6
2,6,11,12,14>3,7,8,10,11,12,13,14,2,6
2,6,11,12,14>3,5,8,10,11,12,13,14,2,6
2,6,11,12,14>3,5,7,10,11,12,13,14,2,6
1,5,6,7,9,11>6,8,10,11,14,15,9,5,7
1,5,6,7,9,11>1,8,10,11,14,15,9,5,7
1,5,6,7,9,11>1,6,10,11,14,15,9,5,7
1,5,6,7,9,11>1,6,8,11,14,15,9,5,7
1,2,3,4,7,9,12>8,10,12,14,15,1,2,3,4,7,9
1,2,3,4,7,9,12>5,10,12,14,15,1,2,3,4,7,9
1,2,3,4,7,9,12>5,8,12,14,15,1,2,3,4,7,9
1,2,3,4,7,9,12>5,8,10,14,15,1,2,3,4,7,9
1,2,5,7,11,12,13>10,11,12,13,14,15,1,2,5,7
1,2,5,7,11,12,13>4,11,12,13,14,15,1,2,5,7
1,2,5,7,11,12,13>4,10,12,13,14,15,1,2,5,7
1,2,5,7,11,12,13>4,10,11,13,14,15,1,2,5,7
1,7,8,9,10,11,12,13,14,15>8,9,11,12,13,1,7,10,14,15
1,7,8,9,10,11,12,13,14,15>4,9,11,12,13,1,7,10,14,15
1,7,8,9,10,11,12,13,14,15>4,8,11,12,13,1,7,10,14,15
1,7,8,9,10,11,12,13,14,15>4,8,9,12,13,1,7,10,14,15
1,2,7,9,11,12>4,5,8,10,11,12,14,15,1,2,9,7
1,2,7,9,11,12>3,5,8,10,11,12,14,15,1,2,9,7
1,2,7,9,11,12>3,4,8,10,11,12,14,15,1,2,9,7
1,2,7,9,11,12>3,4,5,10,11,12,14,15,1,2,9,7
2,4,6,7,8,13>4,5,6,7,8,10,13,15,2
2,4,6,7,8,13>1,5,6,7,8,10,13,15,2
2,4,6,7,8,13>1,4,6,7,8,10,13,15,2
2,4,6,7,8,13>1,4,5,7,8,10,13,15,2
8,9,5,15>15,6,7,8,9,5
8,9,5,15>4,6,7,8,9,5
8,9,5,15>4,15,7,8,9,5
8,9,5,15>4,15,6,8,9,5
3,5,6,7,8,10>5,6,14,15,8,10,7
3,5,6,7,8,10>3,6,14,15,8,10,7
3,5,6,7,8,10>3,5,14,15,8,10,7
3,5,6,7,8,10>3,5,6,15,8,10,7
2,6,7,8,13>5,6,7,8,10,13,15,2
2,6,7,8,13>1,6,7,8,10,13,15,2
2,6,7,8,13>1,5,7,8,10,13,15,2
2,6,7,8,13>1,5,6,8,10,13,15,2
2,5,8,9,12>12,6,7,8,9,2,5
2,5,8,9,12>4,6,7,8,9,2,5
2,5,8,9,12>4,12,7,8,9,2,5
2,5,8,9,12>4,12,6,8,9,2,5
1,3,6,9,11,12>5,7,8,10,11,12,13,9,3,6
1,3,6,9,11,12>1,7,8,10,11,12,13,9,3,6
1,3,6,9,11,12>1,5,8,10,11,12,13,9,3,6
1,3,6,9,11,12>1,5,7,10,11,12,13,9,3,6
8,9,13,14,15>6,7,8,13,14,15,9
8,9,13,14,15>4,7,8,13,14,15,9
8,9,13,14,15>4,6,8,13,14,15,9
8,9,13,14,15>4,6,7,13,14,15,9
3,7,8,12,14,15>5,10,12,14,8,3,15,7
3,7,8,12,14,15>4,10,12,14,8,3,15,7
3,7,8,12,14,15>4,5,12,14,8,3,15,7
3,7,8,12,14,15>4,5,10,14,8,3,15,7
1,2,5,7,9,11,14,15>10,11,4,1,2,5,7,9,14,15
1,2,5,7,9,11,14,15>8,11,4,1,2,5,7,9,14,15
1,2,5,7,9,11,14,15>8,10,4,1,2,5,7,9,14,15
1,2,5,7,9,11,14,15>8,10,11,1,2,5,7,9,14,15
3,7,12,14,15>5,8,10,12,14,3,15,7
3,7,12,14,15>4,8,10,12,14,3,15,7
3,7,12,14,15>4,5,10,12,14,3,15,7
3,7,12,14,15>4,5,8,12,14,3,15,7
3,5,6,8,9,10,11,12,13>5,8,10,11,12,13,9,6
3,5,6,8,9,10,11,12,13>3,8,10,11,12,13,9,6
3,5,6,8,9,10,11,12,13>3,5,10,11,12,13,9,6
3,5,6,8,9,10,11,12,13>3,5,8,11,12,13,9,6
6,7,8,11,13,15>6,7,8,10,11,13,15
6,7,8,11,13,15>5,7,8,10,11,13,15
6,7,8,11,13,15>5,6,8,10,11,13,15
6,7,8,11,13,15>5,6,7,10,11,13,15
2,4,5,6,7,10,12,14,15>4,5,6,8,12,2,7,10,14,15
2,4,5,6,7,10,12,14,15>1,5,6,8,12,2,7,10,14,15
2,4,5,6,7,10,12,14,15>1,4,6,8,12,2,7,10,14,15
2,4,5,6,7,10,12,14,15>1,4,5,8,12,2,7,10,14,15
