AP3,UFO,FUL,FT,AP1,EMF1,LFY,AP2,WUS,AG,LUG,CLF,TFL1,PI,SEP
2,4,7,8,9,12,14,15>3,5,10,12,14,2,4,7,8,9,15
2,4,7,8,9,12,14,15>1,5,10,12,14,2,4,7,8,9,15
2,4,7,8,9,12,14,15>1,3,10,12,14,2,4,7,8,9,15
2,4,7,8,9,12,14,15>1,3,5,12,14,2,4,7,8,9,15
2,4,7,8,9,12,14,15>1,3,5,10,14,2,4,7,8,9,15
2,4,7,8,9,12,14,15>1,3,5,10,12,2,4,7,8,9,15
4,5,8,9,11,12,13>7,8,11,12,13,9,4,5
4,5,8,9,11,12,13>6,8,11,12,13,9,4,5
4,5,8,9,11,12,13>6,7,11,12,13,9,4,5
4,5,8,9,11,12,13>6,7,8,12,13,9,4,5
4,5,8,9,11,12,13>6,7,8,11,13,9,4,5
4,5,8,9,11,12,13>6,7,8,11,12,9,4,5
3,4,5,6,7,8,9,10,14,15>4,5,6,9,7,8,10,14,15
3,4,5,6,7,8,9,10,14,15>3,6,9,7,8,10,14,15
3,4,5,6,7,8,9,10,14,15>3,4,9,7,8,10,14,15
3,4,5,6,7,8,9,10,14,15>3,4,6,7,8,10,14,15
3,4,5,6,7,8,9,10,14,15>3,4,5,7,8,10,14,15
3,4,5,6,7,8,9,10,14,15>3,5,9,7,8,10,14,15
1,4,5,7,10,15>5,14,10,4,15,7
1,4,5,7,10,15>8,14,10,4,15,7
1,4,5,7,10,15>8,5,10,4,15,7
1,4,5,7,10,15>8,1,10,4,15,7
1,4,5,7,10,15>1,14,10,4,15,7
1,4,5,7,10,15>1,5,10,4,15,7
1,2,4,6,8,9,10,12,13>4,8,10,12,9,2,13,6
1,2,4,6,8,9,10,12,13>1,10,12,9,2,13,6
1,2,4,6,8,9,10,12,13>1,4,12,9,2,13,6
1,2,4,6,8,9,10,12,13>1,4,10,9,2,13,6
1,2,4,6,8,9,10,12,13>1,4,8,9,2,13,6
1,2,4,6,8,9,10,12,13>1,8,12,9,2,13,6
5,6,7,9,10,12,14,15>6,8,9,12,10,15,14,7
5,6,7,9,10,12,14,15>5,9,12,10,15,14,7
5,6,7,9,10,12,14,15>5,6,12,10,15,14,7
5,6,7,9,10,12,14,15>5,6,9,10,15,14,7
5,6,7,9,10,12,14,15>5,6,8,10,15,14,7
5,6,7,9,10,12,14,15>5,8,12,10,15,14,7
6,14>5,7,8,10,13,14,6
6,14>3,7,8,10,13,14,6
6,14>3,5,8,10,13,14,6
6,14>3,5,7,10,13,14,6
6,14>3,5,7,8,13,14,6
6,14>3,5,7,8,10,14,6
3,4,6,8,9,11>5,7,11,13,8,9,3,6
3,4,6,8,9,11>4,11,13,8,9,3,6
3,4,6,8,9,11>4,5,13,8,9,3,6
3,4,6,8,9,11>4,5,11,8,9,3,6
3,4,6,8,9,11>4,5,7,8,9,3,6
3,4,6,8,9,11>4,7,13,8,9,3,6
3,4,6,7,8,11,14>5,6,10,11,14,15,8,3,7
3,4,6,7,8,11,14>4,6,10,11,14,15,8,3,7
3,4,6,7,8,11,14>4,5,10,11,14,15,8,3,7
3,4,6,7,8,11,14>4,5,6,11,14,15,8,3,7
3,4,6,7,8,11,14>4,5,6,10,14,15,8,3,7
3,4,6,7,8,11,14>4,5,6,10,11,15,8,3,7
1,3,5,7,9,11,12,13>3,4,10,11,12,13,14,15,9,5,7
1,3,5,7,9,11,12,13>1,4,10,11,12,13,14,15,9,5,7
1,3,5,7,9,11,12,13>1,3,10,11,12,13,14,15,9,5,7
1,3,5,7,9,11,12,13>1,3,4,11,12,13,14,15,9,5,7
1,3,5,7,9,11,12,13>1,3,4,10,12,13,14,15,9,5,7
1,3,5,7,9,11,12,13>1,3,4,10,11,13,14,15,9,5,7
1,2,3,9,13,15>3,4,6,7,13,15,9,2
1,2,3,9,13,15>1,4,6,7,13,15,9,2
1,2,3,9,13,15>1,3,6,7,13,15,9,2
1,2,3,9,13,15>1,3,4,7,13,15,9,2
1,2,3,9,13,15>1,3,4,6,13,15,9,2
1,2,3,9,13,15>1,3,4,6,7,15,9,2
13,2,10,5>5,6,7,10,13,2
13,2,10,5>4,6,7,10,13,2
13,2,10,5>4,5,7,10,13,2
13,2,10,5>4,5,6,10,13,2
13,2,10,5>4,5,6,7,13,2
13,2,10,5>4,5,6,7,10,2
1,3,4,6,8,10,12,13,14>3,4,8,10,12,14,13,6
1,3,4,6,8,10,12,13,14>1,4,8,10,12,14,13,6
1,3,4,6,8,10,12,13,14>1,3,8,10,12,14,13,6
1,3,4,6,8,10,12,13,14>1,3,4,10,12,14,13,6
1,3,4,6,8,10,12,13,14>1,3,4,8,12,14,13,6
1,3,4,6,8,10,12,13,14>1,3,4,8,10,14,13,6
1,8,9,10,12,14,15>4,6,7,9,10,12,15,8,1,14
1,8,9,10,12,14,15>3,6,7,9,10,12,15,8,1,14
1,8,9,10,12,14,15>3,4,7,9,10,12,15,8,1,14
1,8,9,10,12,14,15>3,4,6,9,10,12,15,8,1,14
1,8,9,10,12,14,15>3,4,6,7,10,12,15,8,1,14
1,8,9,10,12,14,15>3,4,6,7,9,12,15,8,1,14
1,5,6,7,10,11,13,15>5,6,7,11,13,14,10,15
1,5,6,7,10,11,13,15>1,6,7,11,13,14,10,15
1,5,6,7,10,11,13,15>1,5,7,11,13,14,10,15
1,5,6,7,10,11,13,15>1,5,6,11,13,14,10,15
1,5,6,7,10,11,13,15>1,5,6,7,13,14,10,15
1,5,6,7,10,11,13,15>1,5,6,7,11,14,10,15
1,3,4,5,8,9,10,11,12,14>3,5,6,7,10,11,12,14,8,9,4
1,3,4,5,8,9,10,11,12,14>1,5,6,7,10,11,12,14,8,9,4
1,3,4,5,8,9,10,11,12,14>1,3,6,7,10,11,12,14,8,9,4
1,3,4,5,8,9,10,11,12,14>1,3,5,7,10,11,12,14,8,9,4
1,3,4,5,8,9,10,11,12,14>1,3,5,6,10,11,12,14,8,9,4
1,3,4,5,8,9,10,11,12,14>1,3,5,6,7,11,12,14,8,9,4
1,2,3,4,5,6,10,12,14>3,4,5,7,8,12,14,2,10,6
1,2,3,4,5,6,10,12,14>1,4,5,7,8,12,14,2,10,6
1,2,3,4,5,6,10,12,14>1,3,5,7,8,12,14,2,10,6
1,2,3,4,5,6,10,12,14>1,3,4,7,8,12,14,2,10,6
1,2,3,4,5,6,10,12,14>1,3,4,5,8,12,14,2,10,6
1,2,3,4,5,6,10,12,14>1,3,4,5,7,12,14,2,10,6
9,3,4,13>5,6,7,13,9,4
9,3,4,13>3,7,13,9,4
9,3,4,13>3,5,13,9,4
9,3,4,13>3,5,7,9,4
9,3,4,13>3,5,6,9,4
9,3,4,13>3,6,13,9,4
2,3,5,7,8,11,12,14,15>3,4,11,12,14,2,5,7,8,15
2,3,5,7,8,11,12,14,15>1,4,11,12,14,2,5,7,8,15
2,3,5,7,8,11,12,14,15>1,3,11,12,14,2,5,7,8,15
2,3,5,7,8,11,12,14,15>1,3,4,12,14,2,5,7,8,15
2,3,5,7,8,11,12,14,15>1,3,4,11,14,2,5,7,8,15
2,3,5,7,8,11,12,14,15>1,3,4,11,12,2,5,7,8,15
2,5,6,7,8,9,13,14,15>6,7,8,10,13,14,9,2,5,15
2,5,6,7,8,9,13,14,15>1,7,8,10,13,14,9,2,5,15
2,5,6,7,8,9,13,14,15>1,6,8,10,13,14,9,2,5,15
2,5,6,7,8,9,13,14,15>1,6,7,10,13,14,9,2,5,15
2,5,6,7,8,9,13,14,15>1,6,7,8,13,14,9,2,5,15
2,5,6,7,8,9,13,14,15>1,6,7,8,10,14,9,2,5,15
2,5,10,11,14,15>5,6,7,8,11,14,15,2,10
2,5,10,11,14,15>4,6,7,8,11,14,15,2,10
2,5,10,11,14,15>4,5,7,8,11,14,15,2,10
2,5,10,11,14,15>4,5,6,8,11,14,15,2,10
2,5,10,11,14,15>4,5,6,7,11,14,15,2,10
2,5,10,11,14,15>4,5,6,7,8,14,15,2,10
1,3,5,9,10,15>3,4,5,6,7,8,9,15,10
1,3,5,9,10,15>1,4,5,6,7,8,9,15,10
1,3,5,9,10,15>1,3,5,6,7,8,9,15,10
1,3,5,9,10,15>1,3,4,6,7,8,9,15,10
1,3,5,9,10,15>1,3,4,5,7,8,9,15,10
1,3,5,9,10,15>1,3,4,5,6,8,9,15,10
1,2,4,9,11,14,15>3,5,6,7,8,10,11,14,15,9,2,4
1,2,4,9,11,14,15>1,5,6,7,8,10,11,14,15,9,2,4
1,2,4,9,11,14,15>1,3,6,7,8,10,11,14,15,9,2,4
1,2,4,9,11,14,15>1,3,5,7,8,10,11,14,15,9,2,4
1,2,4,9,11,14,15>1,3,5,6,8,10,11,14,15,9,2,4
1,2,4,9,11,14,15>1,3,5,6,7,10,11,14,15,9,2,4
1,2,3,4,5,7,9,10,11,13>5,11,13,14,15,1,2,4,7,9,10
1,2,3,4,5,7,9,10,11,13>3,11,13,14,15,1,2,4,7,9,10
1,2,3,4,5,7,9,10,11,13>3,5,13,14,15,1,2,4,7,9,10
1,2,3,4,5,7,9,10,11,13>3,5,11,14,15,1,2,4,7,9,10
1,2,3,4,5,7,9,10,11,13>3,5,11,13,15,1,2,4,7,9,10
1,2,3,4,5,7,9,10,11,13>3,5,11,13,14,1,2,4,7,9,10
2,3,4,5,6,7,8,10,12>3,4,5,6,12,14,15,8,2,10,7
2,3,4,5,6,7,8,10,12>1,4,5,6,12,14,15,8,2,10,7
2,3,4,5,6,7,8,10,12>1,3,5,6,12,14,15,8,2,10,7
2,3,4,5,6,7,8,10,12>1,3,4,6,12,14,15,8,2,10,7
2,3,4,5,6,7,8,10,12>1,3,4,5,12,14,15,8,2,10,7
2,3,4,5,6,7,8,10,12>1,3,4,5,6,14,15,8,2,10,7
1,2,4,8,12,13,14>5,6,7,8,12,13,14,2,4
1,2,4,8,12,13,14>1,6,7,8,12,13,14,2,4
1,2,4,8,12,13,14>1,5,7,8,12,13,14,2,4
1,2,4,8,12,13,14>1,5,6,8,12,13,14,2,4
1,2,4,8,12,13,14>1,5,6,7,12,13,14,2,4
1,2,4,8,12,13,14>1,5,6,7,8,13,14,2,4
1,2,9,11,13,15>4,6,7,11,13,15,9,2
1,2,9,11,13,15>1,6,7,11,13,15,9,2
1,2,9,11,13,15>1,4,7,11,13,15,9,2
1,2,9,11,13,15>1,4,6,11,13,15,9,2
1,2,9,11,13,15>1,4,6,7,13,15,9,2
1,2,9,11,13,15>1,4,6,7,11,15,9,2
1,3,4,5,6,7,8,11,14,15>4,6,10,11,1,5,7,8,14,15
1,3,4,5,6,7,8,11,14,15>3,10,11,1,5,7,8,14,15
1,3,4,5,6,7,8,11,14,15>3,4,11,1,5,7,8,14,15
1,3,4,5,6,7,8,11,14,15>3,4,10,1,5,7,8,14,15
1,3,4,5,6,7,8,11,14,15>3,4,6,1,5,7,8,14,15
1,3,4,5,6,7,8,11,14,15>3,6,11,1,5,7,8,14,15
10,11,4,12>6,7,8,11,12,10,4
10,11,4,12>3,7,8,11,12,10,4
10,11,4,12>3,6,8,11,12,10,4
10,11,4,12>3,6,7,11,12,10,4
10,11,4,12>3,6,7,8,12,10,4
10,11,4,12>3,6,7,8,11,10,4
1,2,5,8,10,11,12>4,5,6,7,10,11,12,8,2
1,2,5,8,10,11,12>1,5,6,7,10,11,12,8,2
1,2,5,8,10,11,12>1,4,6,7,10,11,12,8,2
1,2,5,8,10,11,12>1,4,5,7,10,11,12,8,2
1,2,5,8,10,11,12>1,4,5,6,10,11,12,8,2
1,2,5,8,10,11,12>1,4,5,6,7,11,12,8,2
3,6,8,9,10,12>13,7,8,9,3,6
3,6,8,9,10,12>10,7,8,9,3,6
3,6,8,9,10,12>10,13,8,9,3,6
3,6,8,9,10,12>10,12,8,9,3,6
3,6,8,9,10,12>12,7,8,9,3,6
3,6,8,9,10,12>12,13,8,9,3,6
2,3,5,9,11,13,14,15>4,5,6,7,11,13,14,15,9,2
2,3,5,9,11,13,14,15>3,5,6,7,11,13,14,15,9,2
2,3,5,9,11,13,14,15>3,4,6,7,11,13,14,15,9,2
2,3,5,9,11,13,14,15>3,4,5,7,11,13,14,15,9,2
2,3,5,9,11,13,14,15>3,4,5,6,11,13,14,15,9,2
2,3,5,9,11,13,14,15>3,4,5,6,7,13,14,15,9,2
2,3,5,6,7,8,9,12,13>3,6,7,8,10,12,13,15,9,2,5
2,3,5,6,7,8,9,12,13>1,6,7,8,10,12,13,15,9,2,5
2,3,5,6,7,8,9,12,13>1,3,7,8,10,12,13,15,9,2,5
2,3,5,6,7,8,9,12,13>1,3,6,8,10,12,13,15,9,2,5
2,3,5,6,7,8,9,12,13>1,3,6,7,10,12,13,15,9,2,5
2,3,5,6,7,8,9,12,13>1,3,6,7,8,12,13,15,9,2,5
8,9,11,12,13,14>6,7,8,11,12,13,14,9
8,9,11,12,13,14>4,7,8,11,12,13,14,9
8,9,11,12,13,14>4,6,8,11,12,13,14,9
8,9,11,12,13,14>4,6,7,11,12,13,14,9
8,9,11,12,13,14>4,6,7,8,12,13,14,9
8,9,11,12,13,14>4,6,7,8,11,13,14,9
1,5,6,7,10,11,13,14>5,6,7,11,13,15,10,14
1,5,6,7,10,11,13,14>1,6,7,11,13,15,10,14
1,5,6,7,10,11,13,14>1,5,7,11,13,15,10,14
1,5,6,7,10,11,13,14>1,5,6,11,13,15,10,14
1,5,6,7,10,11,13,14>1,5,6,7,13,15,10,14
1,5,6,7,10,11,13,14>1,5,6,7,11,15,10,14
1,3,5,6,7,10,15>3,5,6,8,14,10,15,7
1,3,5,6,7,10,15>1,5,6,8,14,10,15,7
1,3,5,6,7,10,15>1,3,6,8,14,10,15,7
1,3,5,6,7,10,15>1,3,5,8,14,10,15,7
1,3,5,6,7,10,15>1,3,5,6,14,10,15,7
1,3,5,6,7,10,15>1,3,5,6,8,10,15,7
1,3,4,5,6,8,12,15>3,4,7,12,15,8,5,6
1,3,4,5,6,8,12,15>1,4,7,12,15,8,5,6
1,3,4,5,6,8,12,15>1,3,7,12,15,8,5,6
1,3,4,5,6,8,12,15>1,3,4,12,15,8,5,6
1,3,4,5,6,8,12,15>1,3,4,7,15,8,5,6
1,3,4,5,6,8,12,15>1,3,4,7,12,8,5,6
1,2,6,9,10,14,15>7,8,9,13,15,1,2,6,10,14
1,2,6,9,10,14,15>3,8,9,13,15,1,2,6,10,14
1,2,6,9,10,14,15>3,7,9,13,15,1,2,6,10,14
1,2,6,9,10,14,15>3,7,8,13,15,1,2,6,10,14
1,2,6,9,10,14,15>3,7,8,9,15,1,2,6,10,14
1,2,6,9,10,14,15>3,7,8,9,13,1,2,6,10,14
1,2,4,9,11,13,15>5,6,7,11,13,15,9,2,4
1,2,4,9,11,13,15>1,6,7,11,13,15,9,2,4
1,2,4,9,11,13,15>1,5,7,11,13,15,9,2,4
1,2,4,9,11,13,15>1,5,6,11,13,15,9,2,4
1,2,4,9,11,13,15>1,5,6,7,13,15,9,2,4
1,2,4,9,11,13,15>1,5,6,7,11,15,9,2,4
2,3,5,7,9,10,13,14,15>3,4,5,9,13,2,7,10,14,15
2,3,5,7,9,10,13,14,15>1,4,5,9,13,2,7,10,14,15
2,3,5,7,9,10,13,14,15>1,3,5,9,13,2,7,10,14,15
2,3,5,7,9,10,13,14,15>1,3,4,9,13,2,7,10,14,15
2,3,5,7,9,10,13,14,15>1,3,4,5,13,2,7,10,14,15
2,3,5,7,9,10,13,14,15>1,3,4,5,9,2,7,10,14,15
9,11,13>6,7,11,13,9
9,11,13>4,11,13,9
9,11,13>4,6,13,9
9,11,13>4,6,11,9
9,11,13>4,6,7,9
9,11,13>4,7,13,9
1,2,4,7,9,10,12,14>12,15,1,2,4,7,9,10,14
1,2,4,7,9,10,12,14>8,15,1,2,4,7,9,10,14
1,2,4,7,9,10,12,14>8,12,1,2,4,7,9,10,14
1,2,4,7,9,10,12,14>8,3,1,2,4,7,9,10,14
1,2,4,7,9,10,12,14>3,15,1,2,4,7,9,10,14
1,2,4,7,9,10,12,14>3,12,1,2,4,7,9,10,14
1,4,5,6,7,9,13,14>4,6,7,10,13,15,9,5,14
1,4,5,6,7,9,13,14>1,6,7,10,13,15,9,5,14
1,4,5,6,7,9,13,14>1,4,7,10,13,15,9,5,14
1,4,5,6,7,9,13,14>1,4,6,10,13,15,9,5,14
1,4,5,6,7,9,13,14>1,4,6,7,13,15,9,5,14
1,4,5,6,7,9,13,14>1,4,6,7,10,15,9,5,14
3,4,8,10,12,15>7,10,12,15,8,3,4
3,4,8,10,12,15>6,12,15,8,3,4
3,4,8,10,12,15>6,7,15,8,3,4
3,4,8,10,12,15>6,7,12,8,3,4
3,4,8,10,12,15>6,7,10,8,3,4
3,4,8,10,12,15>6,10,15,8,3,4
3,4,7,8,11,12,14>10,11,12,14,15,8,3,4,7
3,4,7,8,11,12,14>5,11,12,14,15,8,3,4,7
3,4,7,8,11,12,14>5,10,12,14,15,8,3,4,7
3,4,7,8,11,12,14>5,10,11,14,15,8,3,4,7
3,4,7,8,11,12,14>5,10,11,12,15,8,3,4,7
3,4,7,8,11,12,14>5,10,11,12,14,8,3,4,7
1,2,4,5,6,8,9,11,12,14,15>7,11,12,15,1,2,5,6,8,9,14
1,2,4,5,6,8,9,11,12,14,15>4,12,15,1,2,5,6,8,9,14
1,2,4,5,6,8,9,11,12,14,15>4,7,15,1,2,5,6,8,9,14
1,2,4,5,6,8,9,11,12,14,15>4,7,12,1,2,5,6,8,9,14
1,2,4,5,6,8,9,11,12,14,15>4,7,11,1,2,5,6,8,9,14
1,2,4,5,6,8,9,11,12,14,15>4,11,15,1,2,5,6,8,9,14
2,4,5,9,11,12>7,8,10,11,12,9,2,4,5
2,4,5,9,11,12>6,8,10,11,12,9,2,4,5
2,4,5,9,11,12>6,7,10,11,12,9,2,4,5
2,4,5,9,11,12>6,7,8,11,12,9,2,4,5
2,4,5,9,11,12>6,7,8,10,12,9,2,4,5
2,4,5,9,11,12>6,7,8,10,11,9,2,4,5
1,4,5,7,8,9,10,15>9,14,4,7,8,10,15
1,4,5,7,8,9,10,15>1,14,4,7,8,10,15
1,4,5,7,8,9,10,15>1,9,4,7,8,10,15
1,4,5,7,8,9,10,15>1,5,4,7,8,10,15
1,4,5,7,8,9,10,15>5,14,4,7,8,10,15
1,4,5,7,8,9,10,15>5,9,4,7,8,10,15
1,3,5,6,10,11>3,5,7,8,11,10,6
1,3,5,6,10,11>1,5,7,8,11,10,6
1,3,5,6,10,11>1,3,7,8,11,10,6
1,3,5,6,10,11>1,3,5,8,11,10,6
1,3,5,6,10,11>1,3,5,7,11,10,6
1,3,5,6,10,11>1,3,5,7,8,10,6
1,2,5,10,12,15>4,5,6,7,8,12,15,2,10
1,2,5,10,12,15>1,5,6,7,8,12,15,2,10
1,2,5,10,12,15>1,4,6,7,8,12,15,2,10
1,2,5,10,12,15>1,4,5,7,8,12,15,2,10
1,2,5,10,12,15>1,4,5,6,8,12,15,2,10
1,2,5,10,12,15>1,4,5,6,7,12,15,2,10
2,3,4,5,8,13,14,15>6,7,8,13,14,15,2,4,5
2,3,4,5,8,13,14,15>3,7,8,13,14,15,2,4,5
2,3,4,5,8,13,14,15>3,6,8,13,14,15,2,4,5
2,3,4,5,8,13,14,15>3,6,7,13,14,15,2,4,5
2,3,4,5,8,13,14,15>3,6,7,8,14,15,2,4,5
2,3,4,5,8,13,14,15>3,6,7,8,13,15,2,4,5
2,3,6,9,10,11,15>8,9,11,13,15,10,2,3,6
2,3,6,9,10,11,15>7,9,11,13,15,10,2,3,6
2,3,6,9,10,11,15>7,8,11,13,15,10,2,3,6
2,3,6,9,10,11,15>7,8,9,13,15,10,2,3,6
2,3,6,9,10,11,15>7,8,9,11,15,10,2,3,6
2,3,6,9,10,11,15>7,8,9,11,13,10,2,3,6
1,2,3,8,9,10,12,13>3,4,6,7,8,10,12,13,9,2
1,2,3,8,9,10,12,13>1,4,6,7,8,10,12,13,9,2
1,2,3,8,9,10,12,13>1,3,6,7,8,10,12,13,9,2
1,2,3,8,9,10,12,13>1,3,4,7,8,10,12,13,9,2
1,2,3,8,9,10,12,13>1,3,4,6,8,10,12,13,9,2
1,2,3,8,9,10,12,13>1,3,4,6,7,10,12,13,9,2
3,5,6,7,8,9,10,11>5,6,11,14,15,8,9,10,7
3,5,6,7,8,9,10,11>3,6,11,14,15,8,9,10,7
3,5,6,7,8,9,10,11>3,5,11,14,15,8,9,10,7
3,5,6,7,8,9,10,11>3,5,6,14,15,8,9,10,7
3,5,6,7,8,9,10,11>3,5,6,11,15,8,9,10,7
3,5,6,7,8,9,10,11>3,5,6,11,14,8,9,10,7
1,2,3,6,9>5,7,8,10,13,9,2,3,6
1,2,3,6,9>1,7,8,10,13,9,2,3,6
1,2,3,6,9>1,5,8,10,13,9,2,3,6
1,2,3,6,9>1,5,7,10,13,9,2,3,6
1,2,3,6,9>1,5,7,8,13,9,2,3,6
1,2,3,6,9>1,5,7,8,10,9,2,3,6
9,14,15>4,5,6,7,8,10,14,15,9
9,14,15>3,5,6,7,8,10,14,15,9
9,14,15>3,4,6,7,8,10,14,15,9
9,14,15>3,4,5,7,8,10,14,15,9
9,14,15>3,4,5,6,8,10,14,15,9
9,14,15>3,4,5,6,7,10,14,15,9
2,3,8,9,10,14,15>6,7,9,10,14,15,8,2,3
2,3,8,9,10,14,15>4,7,9,10,14,15,8,2,3
2,3,8,9,10,14,15>4,6,9,10,14,15,8,2,3
2,3,8,9,10,14,15>4,6,7,10,14,15,8,2,3
2,3,8,9,10,14,15>4,6,7,9,14,15,8,2,3
2,3,8,9,10,14,15>4,6,7,9,10,15,8,2,3
1,4,8,9,10,11,12,13,14>6,7,8,10,11,12,13,14,9,4
1,4,8,9,10,11,12,13,14>1,7,8,10,11,12,13,14,9,4
1,4,8,9,10,11,12,13,14>1,6,8,10,11,12,13,14,9,4
1,4,8,9,10,11,12,13,14>1,6,7,10,11,12,13,14,9,4
1,4,8,9,10,11,12,13,14>1,6,7,8,11,12,13,14,9,4
1,4,8,9,10,11,12,13,14>1,6,7,8,10,12,13,14,9,4
1,2,5,6,11,14>7,8,10,11,14,2,5,6
1,2,5,6,11,14>1,8,10,11,14,2,5,6
1,2,5,6,11,14>1,7,10,11,14,2,5,6
1,2,5,6,11,14>1,7,8,11,14,2,5,6
1,2,5,6,11,14>1,7,8,10,14,2,5,6
1,2,5,6,11,14>1,7,8,10,11,2,5,6
1,2,5,6,12,14>7,8,10,12,14,2,5,6
1,2,5,6,12,14>1,8,10,12,14,2,5,6
1,2,5,6,12,14>1,7,10,12,14,2,5,6
1,2,5,6,12,14>1,7,8,12,14,2,5,6
1,2,5,6,12,14>1,7,8,10,14,2,5,6
1,2,5,6,12,14>1,7,8,10,12,2,5,6
8,11,3,6>5,7,8,3,6
8,11,3,6>13,7,8,3,6
8,11,3,6>13,5,8,3,6
8,11,3,6>13,11,8,3,6
8,11,3,6>11,7,8,3,6
8,11,3,6>11,5,8,3,6
2,4,5,6,10,11,14,15>5,7,8,11,14,15,2,10,6
2,4,5,6,10,11,14,15>4,7,8,11,14,15,2,10,6
2,4,5,6,10,11,14,15>4,5,8,11,14,15,2,10,6
2,4,5,6,10,11,14,15>4,5,7,11,14,15,2,10,6
2,4,5,6,10,11,14,15>4,5,7,8,14,15,2,10,6
2,4,5,6,10,11,14,15>4,5,7,8,11,15,2,10,6
1,2,5,6,7,8,9,13,14,15>7,8,10,13,1,2,5,9,14,15
1,2,5,6,7,8,9,13,14,15>6,10,13,1,2,5,9,14,15
1,2,5,6,7,8,9,13,14,15>6,7,13,1,2,5,9,14,15
1,2,5,6,7,8,9,13,14,15>6,7,10,1,2,5,9,14,15
1,2,5,6,7,8,9,13,14,15>6,7,8,1,2,5,9,14,15
1,2,5,6,7,8,9,13,14,15>6,8,13,1,2,5,9,14,15
1,2,4,6,11,13>4,5,2,13,6
1,2,4,6,11,13>1,5,2,13,6
1,2,4,6,11,13>1,4,2,13,6
1,2,4,6,11,13>1,11,2,13,6
1,2,4,6,11,13>11,5,2,13,6
1,2,4,6,11,13>11,4,2,13,6
3,4,7,9,11,12,13,14>5,10,11,12,13,14,15,9,4,7
3,4,7,9,11,12,13,14>3,10,11,12,13,14,15,9,4,7
3,4,7,9,11,12,13,14>3,5,11,12,13,14,15,9,4,7
3,4,7,9,11,12,13,14>3,5,10,12,13,14,15,9,4,7
3,4,7,9,11,12,13,14>3,5,10,11,13,14,15,9,4,7
3,4,7,9,11,12,13,14>3,5,10,11,12,14,15,9,4,7
1,2,3,5,8,11,12,14>3,4,6,7,11,12,14,8,2,5
1,2,3,5,8,11,12,14>1,4,6,7,11,12,14,8,2,5
1,2,3,5,8,11,12,14>1,3,6,7,11,12,14,8,2,5
1,2,3,5,8,11,12,14>1,3,4,7,11,12,14,8,2,5
1,2,3,5,8,11,12,14>1,3,4,6,11,12,14,8,2,5
1,2,3,5,8,11,12,14>1,3,4,6,7,12,14,8,2,5
1,3,4,6,8,9,10,11,15>4,7,9,10,11,13,15,8,3,6
1,3,4,6,8,9,10,11,15>1,7,9,10,11,13,15,8,3,6
1,3,4,6,8,9,10,11,15>1,4,9,10,11,13,15,8,3,6
1,3,4,6,8,9,10,11,15>1,4,7,10,11,13,15,8,3,6
1,3,4,6,8,9,10,11,15>1,4,7,9,11,13,15,8,3,6
1,3,4,6,8,9,10,11,15>1,4,7,9,10,13,15,8,3,6
5,12,13,14,15>5,6,7,12,13,14,15
5,12,13,14,15>4,6,7,12,13,14,15
5,12,13,14,15>4,5,7,12,13,14,15
5,12,13,14,15>4,5,6,12,13,14,15
5,12,13,14,15>4,5,6,7,13,14,15
5,12,13,14,15>4,5,6,7,12,14,15
1,2,4,7,8,11>5,10,11,14,15,1,2,4,7,8
1,2,4,7,8,11>3,10,11,14,15,1,2,4,7,8
1,2,4,7,8,11>3,5,11,14,15,1,2,4,7,8
1,2,4,7,8,11>3,5,10,14,15,1,2,4,7,8
1,2,4,7,8,11>3,5,10,11,15,1,2,4,7,8
1,2,4,7,8,11>3,5,10,11,14,1,2,4,7,8
2,3,4,5,8,10,11,13>5,6,7,8,10,11,13,2,4
2,3,4,5,8,10,11,13>3,6,7,8,10,11,13,2,4
2,3,4,5,8,10,11,13>3,5,7,8,10,11,13,2,4
2,3,4,5,8,10,11,13>3,5,6,8,10,11,13,2,4
2,3,4,5,8,10,11,13>3,5,6,7,10,11,13,2,4
2,3,4,5,8,10,11,13>3,5,6,7,8,11,13,2,4
1,2,4,6,9,10,14>3,4,7,8,13,14,9,2,10,6
1,2,4,6,9,10,14>1,4,7,8,13,14,9,2,10,6
1,2,4,6,9,10,14>1,3,7,8,13,14,9,2,10,6
1,2,4,6,9,10,14>1,3,4,8,13,14,9,2,10,6
1,2,4,6,9,10,14>1,3,4,7,13,14,9,2,10,6
1,2,4,6,9,10,14>1,3,4,7,8,14,9,2,10,6
1,2,4,6,8,9,13,14>4,5,8,14,9,2,13,6
1,2,4,6,8,9,13,14>1,8,14,9,2,13,6
1,2,4,6,8,9,13,14>1,4,14,9,2,13,6
1,2,4,6,8,9,13,14>1,4,8,9,2,13,6
1,2,4,6,8,9,13,14>1,4,5,9,2,13,6
1,2,4,6,8,9,13,14>1,5,14,9,2,13,6
2,3,4,5,6,7,11,13,15>3,4,6,7,10,11,13,2,5,15
2,3,4,5,6,7,11,13,15>1,4,6,7,10,11,13,2,5,15
2,3,4,5,6,7,11,13,15>1,3,6,7,10,11,13,2,5,15
2,3,4,5,6,7,11,13,15>1,3,4,7,10,11,13,2,5,15
2,3,4,5,6,7,11,13,15>1,3,4,6,10,11,13,2,5,15
2,3,4,5,6,7,11,13,15>1,3,4,6,7,11,13,2,5,15
2,4,5,6,7,9,10,13,14,15>4,5,6,7,9,13,2,10,14,15
2,4,5,6,7,9,10,13,14,15>1,5,6,7,9,13,2,10,14,15
2,4,5,6,7,9,10,13,14,15>1,4,6,7,9,13,2,10,14,15
2,4,5,6,7,9,10,13,14,15>1,4,5,7,9,13,2,10,14,15
2,4,5,6,7,9,10,13,14,15>1,4,5,6,9,13,2,10,14,15
2,4,5,6,7,9,10,13,14,15>1,4,5,6,7,13,2,10,14,15
1,2,3,8,9,11,12,14>4,5,6,7,11,12,14,8,9,2,3
1,2,3,8,9,11,12,14>1,5,6,7,11,12,14,8,9,2,3
1,2,3,8,9,11,12,14>1,4,6,7,11,12,14,8,9,2,3
1,2,3,8,9,11,12,14>1,4,5,7,11,12,14,8,9,2,3
1,2,3,8,9,11,12,14>1,4,5,6,11,12,14,8,9,2,3
1,2,3,8,9,11,12,14>1,4,5,6,7,12,14,8,9,2,3
2,4,8,13,14>6,7,8,13,14,2,4
2,4,8,13,14>5,7,8,13,14,2,4
2,4,8,13,14>5,6,8,13,14,2,4
2,4,8,13,14>5,6,7,13,14,2,4
2,4,8,13,14>5,6,7,8,14,2,4
2,4,8,13,14>5,6,7,8,13,2,4
1,2,4,5,7,9,11,12>10,11,12,14,15,1,2,4,5,7,9
1,2,4,5,7,9,11,12>8,11,12,14,15,1,2,4,5,7,9
1,2,4,5,7,9,11,12>8,10,12,14,15,1,2,4,5,7,9
1,2,4,5,7,9,11,12>8,10,11,14,15,1,2,4,5,7,9
1,2,4,5,7,9,11,12>8,10,11,12,15,1,2,4,5,7,9
1,2,4,5,7,9,11,12>8,10,11,12,14,1,2,4,5,7,9
1,4,12,7>3,5,8,10,12,14,15,4,7
1,4,12,7>1,5,8,10,12,14,15,4,7
1,4,12,7>1,3,8,10,12,14,15,4,7
1,4,12,7>1,3,5,10,12,14,15,4,7
1,4,12,7>1,3,5,8,12,14,15,4,7
1,4,12,7>1,3,5,8,10,14,15,4,7
3,7,8,9,10,11,13>4,8,11,13,14,15,9,10,7
3,7,8,9,10,11,13>3,8,11,13,14,15,9,10,7
3,7,8,9,10,11,13>3,4,11,13,14,15,9,10,7
3,7,8,9,10,11,13>3,4,8,13,14,15,9,10,7
3,7,8,9,10,11,13>3,4,8,11,14,15,9,10,7
3,7,8,9,10,11,13>3,4,8,11,13,15,9,10,7
2,5,9,10,11,12,15>5,6,7,8,9,11,12,15,2,10
2,5,9,10,11,12,15>4,6,7,8,9,11,12,15,2,10
2,5,9,10,11,12,15>4,5,7,8,9,11,12,15,2,10
2,5,9,10,11,12,15>4,5,6,8,9,11,12,15,2,10
2,5,9,10,11,12,15>4,5,6,7,9,11,12,15,2,10
2,5,9,10,11,12,15>4,5,6,7,8,11,12,15,2,10
