CD45,CD8,TCRlig,TCbind,PAGCsk,LCK,Fyn,Rlk,TCRphos,ZAP70,cCbl,Itk,LAT,Gads,Slp76,PLCg_b,Grb2Sos,DAG,PLCg_a,Ras,RasGRP1,PKCth,IP3,Raf,MEK,Ca,ERK,SEK,IKK,Calcin,Rsk,Fos,JNK,IkB,CREB,Jun,CRE,AP1,NFkB,NFAT
1,2,4,5,6,7,8,11,16,17,19,22,23,24,29,30,31,34,35,36,37,39>4,9,16,18,19,22,26,30,1,2,35,5,37,7,8,23,29
1,2,4,5,6,7,8,11,16,17,19,22,23,24,29,30,31,34,35,36,37,39>34,36,9,11,17,18,28,1,2,35,5,37,7,8,23,29
1,2,4,5,6,7,8,11,16,17,19,22,23,24,29,30,31,34,35,36,37,39>4,6,18,19,20,26,28,31,1,2,35,5,37,7,8,23,29
1,2,4,5,6,7,8,11,16,17,19,22,23,24,29,30,31,34,35,36,37,39>34,4,6,40,11,16,17,18,20,24,25,26,28,30,1,2,35,5,37,7,8,23,29
1,2,4,5,6,7,8,11,16,17,19,22,23,24,29,30,31,34,35,36,37,39>39,40,9,17,18,19,20,24,25,26,28,31,1,2,35,5,37,7,8,23,29
1,2,4,5,6,7,8,11,16,17,19,22,23,24,29,30,31,34,35,36,37,39>39,40,9,17,18,22,30,1,2,35,5,37,7,8,23,29
1,2,4,5,6,7,8,11,16,17,19,22,23,24,29,30,31,34,35,36,37,39>4,36,39,9,11,16,19,22,26,28,30,1,2,35,5,37,7,8,23,29
1,2,4,5,6,7,8,11,16,17,19,22,23,24,29,30,31,34,35,36,37,39>4,36,39,40,9,17,18,26,28,31,1,2,35,5,37,7,8,23,29
1,2,4,5,6,7,8,11,16,17,19,22,23,24,29,30,31,34,35,36,37,39>6,39,16,19,22,25,28,31,1,2,35,5,37,7,8,23,29
1,2,4,5,6,7,8,11,16,17,19,22,23,24,29,30,31,34,35,36,37,39>34,4,36,6,39,16,17,18,20,22,24,25,26,28,1,2,35,5,37,7,8,23,29
32,1,5,37,38,8,9,10,40,15,18,19,20,21,24,25,26,27,28>9,13,22,23,37,38,40,32,1,5,18,20,24,25,27
32,1,5,37,38,8,9,10,40,15,18,19,20,21,24,25,26,27,28>11,13,21,22,26,33,40,32,1,5,18,20,24,25,27
32,1,5,37,38,8,9,10,40,15,18,19,20,21,24,25,26,27,28>10,11,15,21,28,30,31,37,38,39,32,1,5,18,20,24,25,27
32,1,5,37,38,8,9,10,40,15,18,19,20,21,24,25,26,27,28>9,10,11,13,15,19,21,23,26,28,33,34,40,32,1,5,18,20,24,25,27
32,1,5,37,38,8,9,10,40,15,18,19,20,21,24,25,26,27,28>10,11,12,13,26,28,31,33,34,37,38,39,32,1,5,18,20,24,25,27
32,1,5,37,38,8,9,10,40,15,18,19,20,21,24,25,26,27,28>12,19,26,33,34,37,38,32,1,5,18,20,24,25,27
32,1,5,37,38,8,9,10,40,15,18,19,20,21,24,25,26,27,28>10,11,12,13,15,19,21,23,26,30,34,37,39,32,1,5,18,20,24,25,27
32,1,5,37,38,8,9,10,40,15,18,19,20,21,24,25,26,27,28>10,11,12,15,19,22,26,28,33,34,39,40,32,1,5,18,20,24,25,27
32,1,5,37,38,8,9,10,40,15,18,19,20,21,24,25,26,27,28>8,10,11,12,22,23,28,30,31,33,34,38,40,32,1,5,18,20,24,25,27
32,1,5,37,38,8,9,10,40,15,18,19,20,21,24,25,26,27,28>9,10,11,12,19,21,23,28,30,31,34,40,32,1,5,18,20,24,25,27
1,35,36,5,38,7,8,40,14,15,16,17,19,26,30,31>36,8,9,14,16,17,18,19,26,1,35,5,40,15,30
1,35,36,5,38,7,8,40,14,15,16,17,19,26,30,31>34,36,9,39,18,19,26,31,1,35,5,40,15,30
1,35,36,5,38,7,8,40,14,15,16,17,19,26,30,31>34,36,8,14,23,26,1,35,5,40,15,30
1,35,36,5,38,7,8,40,14,15,16,17,19,26,30,31>17,26,37,20,1,35,5,40,15,30
1,35,36,5,38,7,8,40,14,15,16,17,19,26,30,31>38,9,17,18,20,23,1,35,5,40,15,30
1,35,36,5,38,7,8,40,14,15,16,17,19,26,30,31>36,37,38,9,39,14,18,20,31,1,35,5,40,15,30
1,35,36,5,38,7,8,40,14,15,16,17,19,26,30,31>36,37,38,8,16,23,26,1,35,5,40,15,30
1,35,36,5,38,7,8,40,14,15,16,17,19,26,30,31>7,8,9,39,17,18,20,26,31,1,35,5,40,15,30
1,35,36,5,38,7,8,40,14,15,16,17,19,26,30,31>34,7,39,16,17,18,20,23,31,1,35,5,40,15,30
1,35,36,5,38,7,8,40,14,15,16,17,19,26,30,31>7,8,16,18,19,20,23,26,1,35,5,40,15,30
4,5,6,8,9,10,11,16,17,19,22,24,25,26,27,28,33,35,36,39,40>4,16,18,19,20,22,26,31,32,35,40,33,36,39,8,9,11,25,27,28
4,5,6,8,9,10,11,16,17,19,22,24,25,26,27,28,33,35,36,39,40>4,5,16,18,19,20,24,30,31,35,40,33,36,39,8,9,11,25,27,28
4,5,6,8,9,10,11,16,17,19,22,24,25,26,27,28,33,35,36,39,40>6,20,23,24,29,30,34,37,33,36,39,8,9,11,25,27,28
4,5,6,8,9,10,11,16,17,19,22,24,25,26,27,28,33,35,36,39,40>6,16,17,18,20,22,23,24,26,32,34,37,40,33,36,39,8,9,11,25,27,28
4,5,6,8,9,10,11,16,17,19,22,24,25,26,27,28,33,35,36,39,40>5,13,16,17,20,22,24,26,29,31,34,35,37,33,36,39,8,9,11,25,27,28
4,5,6,8,9,10,11,16,17,19,22,24,25,26,27,28,33,35,36,39,40>4,5,6,13,18,19,20,23,29,35,37,40,33,36,39,8,9,11,25,27,28
4,5,6,8,9,10,11,16,17,19,22,24,25,26,27,28,33,35,36,39,40>10,13,16,18,19,23,24,29,30,35,33,36,39,8,9,11,25,27,28
4,5,6,8,9,10,11,16,17,19,22,24,25,26,27,28,33,35,36,39,40>4,5,10,13,18,19,22,23,26,29,35,33,36,39,8,9,11,25,27,28
4,5,6,8,9,10,11,16,17,19,22,24,25,26,27,28,33,35,36,39,40>6,10,13,16,17,19,20,22,24,26,29,31,34,37,33,36,39,8,9,11,25,27,28
4,5,6,8,9,10,11,16,17,19,22,24,25,26,27,28,33,35,36,39,40>4,5,6,10,13,16,20,22,23,24,26,29,32,35,37,40,33,36,39,8,9,11,25,27,28
1,3,5,7,8,10,15,16,19,24,25,26,27,28,29,30,32,36,37,38,39>7,9,10,12,18,24,31,32,1,3,5,38,39,19,25,27,30
1,3,5,7,8,10,15,16,19,24,25,26,27,28,29,30,32,36,37,38,39>9,13,15,16,18,23,24,29,31,33,36,37,32,1,3,5,38,39,19,25,27,30
1,3,5,7,8,10,15,16,19,24,25,26,27,28,29,30,32,36,37,38,39>4,9,11,13,16,26,28,31,33,36,32,1,3,5,38,39,19,25,27,30
1,3,5,7,8,10,15,16,19,24,25,26,27,28,29,30,32,36,37,38,39>7,9,12,13,28,33,32,1,3,5,38,39,19,25,27,30
1,3,5,7,8,10,15,16,19,24,25,26,27,28,29,30,32,36,37,38,39>4,10,11,12,13,15,16,23,24,26,29,31,37,32,1,3,5,38,39,19,25,27,30
1,3,5,7,8,10,15,16,19,24,25,26,27,28,29,30,32,36,37,38,39>7,10,11,23,24,26,29,37,40,32,1,3,5,38,39,19,25,27,30
1,3,5,7,8,10,15,16,19,24,25,26,27,28,29,30,32,36,37,38,39>7,8,10,12,13,15,26,33,36,37,40,32,1,3,5,38,39,19,25,27,30
1,3,5,7,8,10,15,16,19,24,25,26,27,28,29,30,32,36,37,38,39>4,7,8,10,11,12,18,23,24,26,28,31,36,32,1,3,5,38,39,19,25,27,30
1,3,5,7,8,10,15,16,19,24,25,26,27,28,29,30,32,36,37,38,39>7,9,10,13,15,16,24,26,28,29,32,1,3,5,38,39,19,25,27,30
1,3,5,7,8,10,15,16,19,24,25,26,27,28,29,30,32,36,37,38,39>4,8,9,10,13,15,18,24,26,31,36,40,32,1,3,5,38,39,19,25,27,30
1,2,4,5,8,10,11,12,14,15,18,20,22,24,26,28,29,33,36,38,40>4,39,10,13,14,18,20,21,25,1,2,33,36,11,12,15,22,24,28,29
1,2,4,5,8,10,11,12,14,15,18,20,22,24,26,28,29,33,36,38,40>4,38,7,39,20,26,1,2,33,36,11,12,15,22,24,28,29
1,2,4,5,8,10,11,12,14,15,18,20,22,24,26,28,29,33,36,38,40>5,38,7,39,10,14,18,20,25,26,30,1,2,33,36,11,12,15,22,24,28,29
1,2,4,5,8,10,11,12,14,15,18,20,22,24,26,28,29,33,36,38,40>4,5,38,7,40,13,20,26,1,2,33,36,11,12,15,22,24,28,29
1,2,4,5,8,10,11,12,14,15,18,20,22,24,26,28,29,33,36,38,40>4,38,7,39,10,40,18,20,25,1,2,33,36,11,12,15,22,24,28,29
1,2,4,5,8,10,11,12,14,15,18,20,22,24,26,28,29,33,36,38,40>4,5,8,10,13,14,18,20,21,30,1,2,33,36,11,12,15,22,24,28,29
1,2,4,5,8,10,11,12,14,15,18,20,22,24,26,28,29,33,36,38,40>4,5,7,8,39,10,13,18,20,21,26,1,2,33,36,11,12,15,22,24,28,29
1,2,4,5,8,10,11,12,14,15,18,20,22,24,26,28,29,33,36,38,40>4,38,7,8,40,13,20,21,25,26,1,2,33,36,11,12,15,22,24,28,29
1,2,4,5,8,10,11,12,14,15,18,20,22,24,26,28,29,33,36,38,40>5,38,7,8,10,14,18,20,21,25,26,30,1,2,33,36,11,12,15,22,24,28,29
1,2,4,5,8,10,11,12,14,15,18,20,22,24,26,28,29,33,36,38,40>4,5,38,7,8,39,40,14,18,1,2,33,36,11,12,15,22,24,28,29
1,2,3,8,9,10,11,12,14,17,18,19,22,23,24,25,26,27,31,32,33,34,36,39>12,14,19,28,35,39,32,1,2,3,34,36,11,18,22,23,25,26,27,31
1,2,3,8,9,10,11,12,14,17,18,19,22,23,24,25,26,27,31,32,33,34,36,39>5,6,13,14,15,17,24,28,29,30,35,39,32,1,2,3,34,36,11,18,22,23,25,26,27,31
1,2,3,8,9,10,11,12,14,17,18,19,22,23,24,25,26,27,31,32,33,34,36,39>5,6,15,17,20,29,30,35,38,32,1,2,3,34,36,11,18,22,23,25,26,27,31
1,2,3,8,9,10,11,12,14,17,18,19,22,23,24,25,26,27,31,32,33,34,36,39>6,9,12,14,19,21,24,30,33,38,39,32,1,2,3,34,36,11,18,22,23,25,26,27,31
1,2,3,8,9,10,11,12,14,17,18,19,22,23,24,25,26,27,31,32,33,34,36,39>8,9,13,14,15,17,19,20,29,30,38,39,32,1,2,3,34,36,11,18,22,23,25,26,27,31
1,2,3,8,9,10,11,12,14,17,18,19,22,23,24,25,26,27,31,32,33,34,36,39>6,8,9,12,13,14,15,19,21,35,39,32,1,2,3,34,36,11,18,22,23,25,26,27,31
1,2,3,8,9,10,11,12,14,17,18,19,22,23,24,25,26,27,31,32,33,34,36,39>10,12,13,14,15,19,20,24,35,38,39,32,1,2,3,34,36,11,18,22,23,25,26,27,31
1,2,3,8,9,10,11,12,14,17,18,19,22,23,24,25,26,27,31,32,33,34,36,39>5,10,15,19,20,21,28,29,30,35,38,32,1,2,3,34,36,11,18,22,23,25,26,27,31
1,2,3,8,9,10,11,12,14,17,18,19,22,23,24,25,26,27,31,32,33,34,36,39>5,6,8,10,14,21,24,28,29,30,33,35,39,32,1,2,3,34,36,11,18,22,23,25,26,27,31
1,2,3,8,9,10,11,12,14,17,18,19,22,23,24,25,26,27,31,32,33,34,36,39>8,9,10,13,14,15,17,19,24,29,33,35,38,32,1,2,3,34,36,11,18,22,23,25,26,27,31
32,1,2,3,4,33,38,7,11,12,13,18,19,20,21,23,28,30,31>4,13,19,21,26,32,34,36,39,1,2,3,33,7,18,20,23
32,1,2,3,4,33,38,7,11,12,13,18,19,20,21,23,28,30,31>5,12,14,17,21,22,26,35,38,39,40,1,2,3,33,7,18,20,23
32,1,2,3,4,33,38,7,11,12,13,18,19,20,21,23,28,30,31>6,13,14,17,22,31,35,36,39,1,2,3,33,7,18,20,23
32,1,2,3,4,33,38,7,11,12,13,18,19,20,21,23,28,30,31>5,6,14,19,21,24,31,34,35,1,2,3,33,7,18,20,23
32,1,2,3,4,33,38,7,11,12,13,18,19,20,21,23,28,30,31>9,13,14,16,17,28,31,32,36,38,40,1,2,3,33,7,18,20,23
32,1,2,3,4,33,38,7,11,12,13,18,19,20,21,23,28,30,31>6,9,13,17,21,22,24,26,28,32,36,40,1,2,3,33,7,18,20,23
32,1,2,3,4,33,38,7,11,12,13,18,19,20,21,23,28,30,31>5,6,9,12,14,17,19,21,22,24,26,30,31,32,34,39,40,1,2,3,33,7,18,20,23
32,1,2,3,4,33,38,7,11,12,13,18,19,20,21,23,28,30,31>5,6,9,12,14,17,19,22,24,26,30,31,32,34,36,38,40,1,2,3,33,7,18,20,23
32,1,2,3,4,33,38,7,11,12,13,18,19,20,21,23,28,30,31>11,12,13,19,22,24,30,32,34,36,40,1,2,3,33,7,18,20,23
32,1,2,3,4,33,38,7,11,12,13,18,19,20,21,23,28,30,31>6,9,11,14,19,21,24,26,28,31,34,35,40,1,2,3,33,7,18,20,23
1,2,3,6,7,8,12,13,14,15,16,17,19,20,21,22,25,26,28,32,34,35,36,37,39,40>5,21,25,26,27,29,33,35,36,39,40,1,2,3,34,37,6,7,8,14,15,16,17,20,28
1,2,3,6,7,8,12,13,14,15,16,17,19,20,21,22,25,26,28,32,34,35,36,37,39,40>9,18,21,22,24,29,30,33,35,38,39,1,2,3,34,37,6,7,8,14,15,16,17,20,28
1,2,3,6,7,8,12,13,14,15,16,17,19,20,21,22,25,26,28,32,34,35,36,37,39,40>4,5,12,22,23,25,26,30,38,39,40,1,2,3,34,37,6,7,8,14,15,16,17,20,28
1,2,3,6,7,8,12,13,14,15,16,17,19,20,21,22,25,26,28,32,34,35,36,37,39,40>4,5,9,12,18,21,24,25,26,27,29,30,32,35,36,38,1,2,3,34,37,6,7,8,14,15,16,17,20,28
1,2,3,6,7,8,12,13,14,15,16,17,19,20,21,22,25,26,28,32,34,35,36,37,39,40>4,5,13,18,19,23,24,29,30,32,39,40,1,2,3,34,37,6,7,8,14,15,16,17,20,28
1,2,3,6,7,8,12,13,14,15,16,17,19,20,21,22,25,26,28,32,34,35,36,37,39,40>9,13,22,24,25,26,29,30,32,35,36,39,1,2,3,34,37,6,7,8,14,15,16,17,20,28
1,2,3,6,7,8,12,13,14,15,16,17,19,20,21,22,25,26,28,32,34,35,36,37,39,40>5,12,13,18,19,23,27,29,30,32,36,39,40,1,2,3,34,37,6,7,8,14,15,16,17,20,28
1,2,3,6,7,8,12,13,14,15,16,17,19,20,21,22,25,26,28,32,34,35,36,37,39,40>5,12,13,22,24,27,30,35,39,1,2,3,34,37,6,7,8,14,15,16,17,20,28
1,2,3,6,7,8,12,13,14,15,16,17,19,20,21,22,25,26,28,32,34,35,36,37,39,40>4,5,12,13,18,19,21,22,24,25,26,29,30,35,40,1,2,3,34,37,6,7,8,14,15,16,17,20,28
1,2,3,6,7,8,12,13,14,15,16,17,19,20,21,22,25,26,28,32,34,35,36,37,39,40>4,9,12,13,19,22,24,25,26,29,39,1,2,3,34,37,6,7,8,14,15,16,17,20,28
3,7,8,10,13,17,19,20,22,24,25,26,28,29,30,31,32,33,34,35,36,37,39,40>34,4,39,14,16,19,31,33,3,36,37,35,40,13,17,20,24,25,28,29,30
3,7,8,10,13,17,19,20,22,24,25,26,28,29,30,31,32,33,34,35,36,37,39,40>32,34,4,8,14,18,31,33,3,36,37,35,40,13,17,20,24,25,28,29,30
3,7,8,10,13,17,19,20,22,24,25,26,28,29,30,31,32,33,34,35,36,37,39,40>34,4,7,9,10,11,39,16,22,26,33,3,36,37,35,40,13,17,20,24,25,28,29,30
3,7,8,10,13,17,19,20,22,24,25,26,28,29,30,31,32,33,34,35,36,37,39,40>32,5,8,39,19,22,23,27,33,3,36,37,35,40,13,17,20,24,25,28,29,30
3,7,8,10,13,17,19,20,22,24,25,26,28,29,30,31,32,33,34,35,36,37,39,40>34,5,9,11,16,22,26,33,3,36,37,35,40,13,17,20,24,25,28,29,30
3,7,8,10,13,17,19,20,22,24,25,26,28,29,30,31,32,33,34,35,36,37,39,40>34,4,7,11,14,18,22,27,31,33,3,36,37,35,40,13,17,20,24,25,28,29,30
3,7,8,10,13,17,19,20,22,24,25,26,28,29,30,31,32,33,34,35,36,37,39,40>34,38,8,11,39,14,16,23,31,33,3,36,37,35,40,13,17,20,24,25,28,29,30
3,7,8,10,13,17,19,20,22,24,25,26,28,29,30,31,32,33,34,35,36,37,39,40>34,38,7,9,10,19,22,26,33,3,36,37,35,40,13,17,20,24,25,28,29,30
3,7,8,10,13,17,19,20,22,24,25,26,28,29,30,31,32,33,34,35,36,37,39,40>4,5,38,7,8,10,11,39,19,22,26,31,33,3,36,37,35,40,13,17,20,24,25,28,29,30
3,7,8,10,13,17,19,20,22,24,25,26,28,29,30,31,32,33,34,35,36,37,39,40>32,34,4,5,38,8,9,11,39,14,18,19,22,23,33,3,36,37,35,40,13,17,20,24,25,28,29,30
