CD45,CD8,TCRlig,TCbind,PAGCsk,LCK,Fyn,Rlk,TCRphos,ZAP70,cCbl,Itk,LAT,Gads,Slp76,PLCg_b,Grb2Sos,DAG,PLCg_a,Ras,RasGRP1,PKCth,IP3,Raf,MEK,Ca,ERK,SEK,IKK,Calcin,Rsk,Fos,JNK,IkB,CREB,Jun,CRE,AP1,NFkB,NFAT
32,1,2,33,4,5,35,7,36,38,40,15,16,17,20,22,27>40,16,17,22,24,29,31,32,1,2,36,5,38,7,20
32,1,2,33,4,5,35,7,36,38,40,15,16,17,20,22,27>35,39,40,9,15,17,22,24,27,28,31,32,1,2,36,5,38,7,20
32,1,2,33,4,5,35,7,36,38,40,15,16,17,20,22,27>33,35,40,9,16,22,24,28,29,31,32,1,2,36,5,38,7,20
32,1,2,33,4,5,35,7,36,38,40,15,16,17,20,22,27>33,4,37,40,9,15,17,31,32,1,2,36,5,38,7,20
32,1,2,33,4,5,35,7,36,38,40,15,16,17,20,22,27>33,37,9,16,22,27,31,32,1,2,36,5,38,7,20
32,1,2,33,4,5,35,7,36,38,40,15,16,17,20,22,27>34,37,40,9,22,24,27,28,32,1,2,36,5,38,7,20
32,1,2,33,4,5,35,7,36,38,40,15,16,17,20,22,27>33,35,37,39,9,17,22,29,32,1,2,36,5,38,7,20
32,1,2,33,4,5,35,7,36,38,40,15,16,17,20,22,27>33,35,37,40,9,17,24,27,29,31,32,1,2,36,5,38,7,20
32,1,2,33,4,5,35,7,36,38,40,15,16,17,20,22,27>4,37,39,40,15,27,31,32,1,2,36,5,38,7,20
32,1,2,33,4,5,35,7,36,38,40,15,16,17,20,22,27>33,4,37,22,24,32,1,2,36,5,38,7,20
2,5,6,9,10,11,12,17,18,19,21,24,25,26,27,28,32,34,36,37,38,39,40>6,8,13,22,24,30,36,37,40,32,2,34,5,38,11,18,25,27
2,5,6,9,10,11,12,17,18,19,21,24,25,26,27,28,32,34,36,37,38,39,40>8,9,19,20,23,26,28,31,36,39,32,2,34,5,38,11,18,25,27
2,5,6,9,10,11,12,17,18,19,21,24,25,26,27,28,32,34,36,37,38,39,40>10,19,20,23,28,30,33,39,40,32,2,34,5,38,11,18,25,27
2,5,6,9,10,11,12,17,18,19,21,24,25,26,27,28,32,34,36,37,38,39,40>8,10,19,21,22,23,24,26,28,36,37,39,32,2,34,5,38,11,18,25,27
2,5,6,9,10,11,12,17,18,19,21,24,25,26,27,28,32,34,36,37,38,39,40>8,9,10,12,19,21,23,26,30,31,33,36,32,2,34,5,38,11,18,25,27
2,5,6,9,10,11,12,17,18,19,21,24,25,26,27,28,32,34,36,37,38,39,40>9,10,17,20,21,23,31,33,37,32,2,34,5,38,11,18,25,27
2,5,6,9,10,11,12,17,18,19,21,24,25,26,27,28,32,34,36,37,38,39,40>12,13,19,20,21,22,24,26,28,39,32,2,34,5,38,11,18,25,27
2,5,6,9,10,11,12,17,18,19,21,24,25,26,27,28,32,34,36,37,38,39,40>8,9,10,12,13,19,22,24,26,28,30,31,36,32,2,34,5,38,11,18,25,27
2,5,6,9,10,11,12,17,18,19,21,24,25,26,27,28,32,34,36,37,38,39,40>8,9,10,12,13,19,20,24,28,36,37,32,2,34,5,38,11,18,25,27
2,5,6,9,10,11,12,17,18,19,21,24,25,26,27,28,32,34,36,37,38,39,40>6,8,9,10,12,21,23,33,37,32,2,34,5,38,11,18,25,27
1,35,4,39,8,9,10,13,15,17,18,19,20,21,22,23,25,28,31>12,15,19,24,25,27,29,1,35,39,13,17,18,20,21,22,23,28
1,35,4,39,8,9,10,13,15,17,18,19,20,21,22,23,25,28,31>8,9,10,14,15,16,19,24,27,1,35,39,13,17,18,20,21,22,23,28
1,35,4,39,8,9,10,13,15,17,18,19,20,21,22,23,25,28,31>34,9,10,11,12,14,19,24,25,27,31,1,35,39,13,17,18,20,21,22,23,28
1,35,4,39,8,9,10,13,15,17,18,19,20,21,22,23,25,28,31>4,9,10,12,14,19,24,26,27,1,35,39,13,17,18,20,21,22,23,28
1,35,4,39,8,9,10,13,15,17,18,19,20,21,22,23,25,28,31>33,34,4,9,10,14,16,19,25,26,27,29,1,35,39,13,17,18,20,21,22,23,28
1,35,4,39,8,9,10,13,15,17,18,19,20,21,22,23,25,28,31>33,37,8,9,11,16,19,24,25,27,1,35,39,13,17,18,20,21,22,23,28
1,35,4,39,8,9,10,13,15,17,18,19,20,21,22,23,25,28,31>33,7,9,24,25,29,1,35,39,13,17,18,20,21,22,23,28
1,35,4,39,8,9,10,13,15,17,18,19,20,21,22,23,25,28,31>34,4,7,8,10,11,12,14,15,19,27,31,1,35,39,13,17,18,20,21,22,23,28
1,35,4,39,8,9,10,13,15,17,18,19,20,21,22,23,25,28,31>33,37,7,8,14,15,19,24,25,29,1,35,39,13,17,18,20,21,22,23,28
1,35,4,39,8,9,10,13,15,17,18,19,20,21,22,23,25,28,31>34,37,7,10,12,15,16,19,26,27,29,31,1,35,39,13,17,18,20,21,22,23,28
1,3,4,5,11,12,13,16,17,22,23,26,28,30,32,33,34,35,36,37,38>32,4,40,11,12,1,33,3,34,36,37,38,16,17,26,28,30
1,3,4,5,11,12,13,16,17,22,23,26,28,30,32,33,34,35,36,37,38>5,40,12,13,14,29,1,33,3,34,36,37,38,16,17,26,28,30
1,3,4,5,11,12,13,16,17,22,23,26,28,30,32,33,34,35,36,37,38>35,5,40,11,12,14,20,23,29,1,33,3,34,36,37,38,16,17,26,28,30
1,3,4,5,11,12,13,16,17,22,23,26,28,30,32,33,34,35,36,37,38>4,5,40,11,20,29,1,33,3,34,36,37,38,16,17,26,28,30
1,3,4,5,11,12,13,16,17,22,23,26,28,30,32,33,34,35,36,37,38>4,5,11,12,13,14,20,22,23,1,33,3,34,36,37,38,16,17,26,28,30
1,3,4,5,11,12,13,16,17,22,23,26,28,30,32,33,34,35,36,37,38>12,14,5,7,1,33,3,34,36,37,38,16,17,26,28,30
1,3,4,5,11,12,13,16,17,22,23,26,28,30,32,33,34,35,36,37,38>32,5,7,40,11,13,14,23,29,1,33,3,34,36,37,38,16,17,26,28,30
1,3,4,5,11,12,13,16,17,22,23,26,28,30,32,33,34,35,36,37,38>35,5,7,40,11,13,20,23,1,33,3,34,36,37,38,16,17,26,28,30
1,3,4,5,11,12,13,16,17,22,23,26,28,30,32,33,34,35,36,37,38>4,5,7,40,11,22,23,1,33,3,34,36,37,38,16,17,26,28,30
1,3,4,5,11,12,13,16,17,22,23,26,28,30,32,33,34,35,36,37,38>4,5,7,14,20,22,23,1,33,3,34,36,37,38,16,17,26,28,30
1,2,3,4,33,34,7,36,37,10,11,39,13,16,19,21,25,26,28,30>4,5,10,40,14,17,18,19,20,23,28,1,2,3,34,33,36,7,11,13,16,30
1,2,3,4,33,34,7,36,37,10,11,39,13,16,19,21,25,26,28,30>6,10,40,21,23,25,27,1,2,3,34,33,36,7,11,13,16,30
1,2,3,4,33,34,7,36,37,10,11,39,13,16,19,21,25,26,28,30>4,6,9,10,14,18,19,20,23,25,26,28,1,2,3,34,33,36,7,11,13,16,30
1,2,3,4,33,34,7,36,37,10,11,39,13,16,19,21,25,26,28,30>4,37,9,10,14,17,21,25,27,28,1,2,3,34,33,36,7,11,13,16,30
1,2,3,4,33,34,7,36,37,10,11,39,13,16,19,21,25,26,28,30>5,37,10,40,14,20,23,27,1,2,3,34,33,36,7,11,13,16,30
1,2,3,4,33,34,7,36,37,10,11,39,13,16,19,21,25,26,28,30>5,39,9,10,14,18,19,21,28,1,2,3,34,33,36,7,11,13,16,30
1,2,3,4,33,34,7,36,37,10,11,39,13,16,19,21,25,26,28,30>6,39,40,17,18,19,25,26,28,1,2,3,34,33,36,7,11,13,16,30
1,2,3,4,33,34,7,36,37,10,11,39,13,16,19,21,25,26,28,30>6,39,19,21,28,1,2,3,34,33,36,7,11,13,16,30
1,2,3,4,33,34,7,36,37,10,11,39,13,16,19,21,25,26,28,30>37,39,9,10,40,17,18,19,20,21,26,27,1,2,3,34,33,36,7,11,13,16,30
1,2,3,4,33,34,7,36,37,10,11,39,13,16,19,21,25,26,28,30>4,5,37,39,40,14,17,18,20,21,27,28,1,2,3,34,33,36,7,11,13,16,30
1,3,5,6,7,9,11,12,14,16,19,20,21,23,25,26,30,31,34,36,37,38,39,40>35,37,8,11,14,16,18,21,24,31,1,34,3,5,7,40,9,20,23,26,30
1,3,5,6,7,9,11,12,14,16,19,20,21,23,25,26,30,31,34,36,37,38,39,40>36,6,8,12,14,15,19,24,25,1,34,3,5,7,40,9,20,23,26,30
1,3,5,6,7,9,11,12,14,16,19,20,21,23,25,26,30,31,34,36,37,38,39,40>35,36,37,6,8,39,11,24,25,1,34,3,5,7,40,9,20,23,26,30
1,3,5,6,7,9,11,12,14,16,19,20,21,23,25,26,30,31,34,36,37,38,39,40>35,36,38,16,18,19,21,27,31,1,34,3,5,7,40,9,20,23,26,30
1,3,5,6,7,9,11,12,14,16,19,20,21,23,25,26,30,31,34,36,37,38,39,40>37,38,8,11,16,18,19,21,24,1,34,3,5,7,40,9,20,23,26,30
1,3,5,6,7,9,11,12,14,16,19,20,21,23,25,26,30,31,34,36,37,38,39,40>35,37,38,8,12,16,24,27,1,34,3,5,7,40,9,20,23,26,30
1,3,5,6,7,9,11,12,14,16,19,20,21,23,25,26,30,31,34,36,37,38,39,40>6,38,11,14,18,19,27,1,34,3,5,7,40,9,20,23,26,30
1,3,5,6,7,9,11,12,14,16,19,20,21,23,25,26,30,31,34,36,37,38,39,40>36,6,38,39,11,12,14,16,18,21,24,25,27,1,34,3,5,7,40,9,20,23,26,30
1,3,5,6,7,9,11,12,14,16,19,20,21,23,25,26,30,31,34,36,37,38,39,40>35,36,6,38,14,18,19,25,1,34,3,5,7,40,9,20,23,26,30
1,3,5,6,7,9,11,12,14,16,19,20,21,23,25,26,30,31,34,36,37,38,39,40>36,37,6,38,39,12,14,16,21,24,25,27,31,1,34,3,5,7,40,9,20,23,26,30
3,4,6,7,8,11,12,14,16,17,18,19,20,21,24,31,33,34,35,36,37,38,40>9,11,12,17,22,23,25,31,34,35,3,36,37,8,18,20,24
3,4,6,7,8,11,12,14,16,17,18,19,20,21,24,31,33,34,35,36,37,38,40>33,4,40,11,12,16,17,21,22,31,34,35,3,36,37,8,18,20,24
3,4,6,7,8,11,12,14,16,17,18,19,20,21,24,31,33,34,35,36,37,38,40>4,6,38,9,40,12,14,17,21,23,25,31,34,35,3,36,37,8,18,20,24
3,4,6,7,8,11,12,14,16,17,18,19,20,21,24,31,33,34,35,36,37,38,40>7,38,9,40,11,12,15,23,25,31,34,35,3,36,37,8,18,20,24
3,4,6,7,8,11,12,14,16,17,18,19,20,21,24,31,33,34,35,36,37,38,40>33,7,9,11,12,14,15,16,21,22,25,31,34,35,3,36,37,8,18,20,24
3,4,6,7,8,11,12,14,16,17,18,19,20,21,24,31,33,34,35,36,37,38,40>4,7,40,11,14,15,19,21,22,25,31,34,35,3,36,37,8,18,20,24
3,4,6,7,8,11,12,14,16,17,18,19,20,21,24,31,33,34,35,36,37,38,40>4,7,38,11,12,14,16,17,21,22,25,34,35,3,36,37,8,18,20,24
3,4,6,7,8,11,12,14,16,17,18,19,20,21,24,31,33,34,35,36,37,38,40>33,4,7,9,15,16,22,23,31,34,35,3,36,37,8,18,20,24
3,4,6,7,8,11,12,14,16,17,18,19,20,21,24,31,33,34,35,36,37,38,40>33,6,7,40,11,14,15,16,17,22,23,31,34,35,3,36,37,8,18,20,24
3,4,6,7,8,11,12,14,16,17,18,19,20,21,24,31,33,34,35,36,37,38,40>33,5,6,7,9,40,11,15,16,23,25,34,35,3,36,37,8,18,20,24
33,36,5,37,7,38,9,40,15,16,17,21,22,23,24,26,27,30>33,34,7,39,17,20,22,24,28,36,5,40,9,26,30
33,36,5,37,7,38,9,40,15,16,17,21,22,23,24,26,27,30>34,37,7,39,16,17,22,25,29,36,5,40,9,26,30
33,36,5,37,7,38,9,40,15,16,17,21,22,23,24,26,27,30>32,34,37,7,39,15,16,20,21,28,29,36,5,40,9,26,30
33,36,5,37,7,38,9,40,15,16,17,21,22,23,24,26,27,30>38,16,17,21,23,27,36,5,40,9,26,30
33,36,5,37,7,38,9,40,15,16,17,21,22,23,24,26,27,30>32,34,37,38,7,20,21,22,23,28,29,36,5,40,9,26,30
33,36,5,37,7,38,9,40,15,16,17,21,22,23,24,26,27,30>34,38,39,16,21,24,25,27,28,29,31,36,5,40,9,26,30
33,36,5,37,7,38,9,40,15,16,17,21,22,23,24,26,27,30>32,34,38,20,24,25,27,29,31,36,5,40,9,26,30
33,36,5,37,7,38,9,40,15,16,17,21,22,23,24,26,27,30>33,37,38,7,16,17,20,21,22,28,29,31,36,5,40,9,26,30
33,36,5,37,7,38,9,40,15,16,17,21,22,23,24,26,27,30>34,37,38,39,16,17,23,24,27,28,29,31,36,5,40,9,26,30
33,36,5,37,7,38,9,40,15,16,17,21,22,23,24,26,27,30>32,34,37,38,7,15,17,20,21,22,24,25,36,5,40,9,26,30
1,3,9,10,13,15,18,21,23,24,25,26,27,28,29,30,32,33,34,36,40>14,15,16,18,20,22,34,32,1,33,3,36,40,13,25,26,27,30
1,3,9,10,13,15,18,21,23,24,25,26,27,28,29,30,32,33,34,36,40>4,9,12,14,17,20,21,24,29,34,38,32,1,33,3,36,40,13,25,26,27,30
1,3,9,10,13,15,18,21,23,24,25,26,27,28,29,30,32,33,34,36,40>4,9,12,14,15,16,17,20,21,23,28,29,32,1,33,3,36,40,13,25,26,27,30
1,3,9,10,13,15,18,21,23,24,25,26,27,28,29,30,32,33,34,36,40>4,5,9,14,16,18,22,23,28,31,32,1,33,3,36,40,13,25,26,27,30
1,3,9,10,13,15,18,21,23,24,25,26,27,28,29,30,32,33,34,36,40>4,5,9,10,11,12,14,17,18,20,21,22,23,28,29,38,32,1,33,3,36,40,13,25,26,27,30
1,3,9,10,13,15,18,21,23,24,25,26,27,28,29,30,32,33,34,36,40>4,5,9,11,16,17,20,23,24,31,38,32,1,33,3,36,40,13,25,26,27,30
1,3,9,10,13,15,18,21,23,24,25,26,27,28,29,30,32,33,34,36,40>4,5,10,11,12,21,22,23,28,31,34,32,1,33,3,36,40,13,25,26,27,30
1,3,9,10,13,15,18,21,23,24,25,26,27,28,29,30,32,33,34,36,40>9,10,11,12,15,17,20,22,23,24,29,31,38,32,1,33,3,36,40,13,25,26,27,30
1,3,9,10,13,15,18,21,23,24,25,26,27,28,29,30,32,33,34,36,40>5,9,10,11,15,20,21,22,23,24,28,31,38,32,1,33,3,36,40,13,25,26,27,30
1,3,9,10,13,15,18,21,23,24,25,26,27,28,29,30,32,33,34,36,40>4,5,9,10,11,12,14,17,18,22,24,29,34,32,1,33,3,36,40,13,25,26,27,30
1,33,3,34,5,36,37,8,40,10,11,12,13,15,16,17,24>37,14,15,20,24,25,1,34,3,36,5,11,12,13,16,17
1,33,3,34,5,36,37,8,40,10,11,12,13,15,16,17,24>37,15,19,20,24,25,1,34,3,36,5,11,12,13,16,17
1,33,3,34,5,36,37,8,40,10,11,12,13,15,16,17,24>24,25,40,1,34,3,36,5,11,12,13,16,17
1,33,3,34,5,36,37,8,40,10,11,12,13,15,16,17,24>40,14,15,19,24,1,34,3,36,5,11,12,13,16,17
1,33,3,34,5,36,37,8,40,10,11,12,13,15,16,17,24>40,14,15,20,24,1,34,3,36,5,11,12,13,16,17
1,33,3,34,5,36,37,8,40,10,11,12,13,15,16,17,24>8,40,19,20,24,1,34,3,36,5,11,12,13,16,17
1,33,3,34,5,36,37,8,40,10,11,12,13,15,16,17,24>33,37,8,40,14,19,24,1,34,3,36,5,11,12,13,16,17
1,33,3,34,5,36,37,8,40,10,11,12,13,15,16,17,24>8,10,14,19,20,1,34,3,36,5,11,12,13,16,17
1,33,3,34,5,36,37,8,40,10,11,12,13,15,16,17,24>33,37,40,10,14,15,19,25,1,34,3,36,5,11,12,13,16,17
1,33,3,34,5,36,37,8,40,10,11,12,13,15,16,17,24>37,8,40,10,20,25,1,34,3,36,5,11,12,13,16,17
