CD45,CD8,TCRlig,TCbind,PAGCsk,LCK,Fyn,Rlk,TCRphos,ZAP70,cCbl,Itk,LAT,Gads,Slp76,PLCg_b,Grb2Sos,DAG,PLCg_a,Ras,RasGRP1,PKCth,IP3,Raf,MEK,Ca,ERK,SEK,IKK,Calcin,Rsk,Fos,JNK,IkB,CREB,Jun,CRE,AP1,NFkB,NFAT
1,2,3,4,33,34,36,8,37,39,12,13,20,22,23,30>7,8,12,23,24,26,28,29,1,2,3,4,34,36
1,2,3,4,33,34,36,8,37,39,12,13,20,22,23,30>33,6,39,40,12,14,23,28,29,30,1,2,3,4,34,36
1,2,3,4,33,34,36,8,37,39,12,13,20,22,23,30>7,12,13,14,17,20,22,26,28,30,1,2,3,4,34,36
1,2,3,4,33,34,36,8,37,39,12,13,20,22,23,30>33,7,39,40,13,17,23,28,29,1,2,3,4,34,36
1,2,3,4,33,34,36,8,37,39,12,13,20,22,23,30>33,37,7,40,13,14,16,20,22,23,28,30,1,2,3,4,34,36
1,2,3,4,33,34,36,8,37,39,12,13,20,22,23,30>33,37,8,12,13,16,22,23,29,30,1,2,3,4,34,36
1,2,3,4,33,34,36,8,37,39,12,13,20,22,23,30>33,37,8,40,14,17,22,23,26,29,1,2,3,4,34,36
1,2,3,4,33,34,36,8,37,39,12,13,20,22,23,30>7,8,39,40,14,22,23,24,26,29,1,2,3,4,34,36
1,2,3,4,33,34,36,8,37,39,12,13,20,22,23,30>6,7,8,12,13,20,22,23,24,1,2,3,4,34,36
1,2,3,4,33,34,36,8,37,39,12,13,20,22,23,30>33,6,7,8,39,40,16,17,20,23,28,1,2,3,4,34,36
2,34,4,36,6,37,8,38,10,39,12,13,17,19,21,23,28,30,31>14,21,33,35,36,38,39,2,34,8,13,17,23
2,34,4,36,6,37,8,38,10,39,12,13,17,19,21,23,28,30,31>4,9,18,20,21,31,33,35,36,37,38,2,34,8,13,17,23
2,34,4,36,6,37,8,38,10,39,12,13,17,19,21,23,28,30,31>6,9,12,18,20,30,33,35,36,39,40,2,34,8,13,17,23
2,34,4,36,6,37,8,38,10,39,12,13,17,19,21,23,28,30,31>6,10,12,14,16,18,21,28,30,31,35,39,40,2,34,8,13,17,23
2,34,4,36,6,37,8,38,10,39,12,13,17,19,21,23,28,30,31>10,11,14,19,21,31,35,36,39,2,34,8,13,17,23
2,34,4,36,6,37,8,38,10,39,12,13,17,19,21,23,28,30,31>6,9,10,18,19,20,28,35,36,37,38,40,2,34,8,13,17,23
2,34,4,36,6,37,8,38,10,39,12,13,17,19,21,23,28,30,31>4,6,9,10,16,20,30,31,33,35,37,39,2,34,8,13,17,23
2,34,4,36,6,37,8,38,10,39,12,13,17,19,21,23,28,30,31>10,11,12,14,21,28,30,33,37,2,34,8,13,17,23
2,34,4,36,6,37,8,38,10,39,12,13,17,19,21,23,28,30,31>4,9,10,11,14,16,18,19,20,31,35,36,37,38,2,34,8,13,17,23
2,34,4,36,6,37,8,38,10,39,12,13,17,19,21,23,28,30,31>4,6,9,10,11,19,20,31,33,36,38,40,2,34,8,13,17,23
1,3,5,7,9,10,11,14,15,17,19,20,21,23,24,25,26,29,30,32,36,37,39>36,40,12,18,19,21,27,1,3,5,39,9,11,15,20,23,24,25,26,30
1,3,5,7,9,10,11,14,15,17,19,20,21,23,24,25,26,29,30,32,36,37,39>38,40,10,12,14,17,19,27,29,1,3,5,39,9,11,15,20,23,24,25,26,30
1,3,5,7,9,10,11,14,15,17,19,20,21,23,24,25,26,29,30,32,36,37,39>38,40,17,18,19,21,29,1,3,5,39,9,11,15,20,23,24,25,26,30
1,3,5,7,9,10,11,14,15,17,19,20,21,23,24,25,26,29,30,32,36,37,39>38,13,18,21,27,29,1,3,5,39,9,11,15,20,23,24,25,26,30
1,3,5,7,9,10,11,14,15,17,19,20,21,23,24,25,26,29,30,32,36,37,39>32,37,38,40,10,12,18,19,21,29,1,3,5,39,9,11,15,20,23,24,25,26,30
1,3,5,7,9,10,11,14,15,17,19,20,21,23,24,25,26,29,30,32,36,37,39>36,37,38,40,13,17,19,27,1,3,5,39,9,11,15,20,23,24,25,26,30
1,3,5,7,9,10,11,14,15,17,19,20,21,23,24,25,26,29,30,32,36,37,39>32,7,10,12,13,18,19,21,1,3,5,39,9,11,15,20,23,24,25,26,30
1,3,5,7,9,10,11,14,15,17,19,20,21,23,24,25,26,29,30,32,36,37,39>36,7,40,17,18,19,1,3,5,39,9,11,15,20,23,24,25,26,30
1,3,5,7,9,10,11,14,15,17,19,20,21,23,24,25,26,29,30,32,36,37,39>32,38,7,12,19,27,29,1,3,5,39,9,11,15,20,23,24,25,26,30
1,3,5,7,9,10,11,14,15,17,19,20,21,23,24,25,26,29,30,32,36,37,39>32,36,37,38,7,40,12,13,14,18,21,29,1,3,5,39,9,11,15,20,23,24,25,26,30
3,4,7,8,9,12,16,19,20,21,22,23,26,27,28,29,31,32,34,35,36,40>8,38,12,19,21,22,27,30,32,3,4,35,9,20,23,26,28,29,31
3,4,7,8,9,12,16,19,20,21,22,23,26,27,28,29,31,32,34,35,36,40>34,7,8,38,40,12,18,19,22,24,27,32,3,4,35,9,20,23,26,28,29,31
3,4,7,8,9,12,16,19,20,21,22,23,26,27,28,29,31,32,34,35,36,40>33,34,8,38,12,18,19,22,24,32,3,4,35,9,20,23,26,28,29,31
3,4,7,8,9,12,16,19,20,21,22,23,26,27,28,29,31,32,34,35,36,40>34,36,40,21,22,27,30,32,3,4,35,9,20,23,26,28,29,31
3,4,7,8,9,12,16,19,20,21,22,23,26,27,28,29,31,32,34,35,36,40>34,5,8,12,18,22,24,30,32,3,4,35,9,20,23,26,28,29,31
3,4,7,8,9,12,16,19,20,21,22,23,26,27,28,29,31,32,34,35,36,40>33,34,5,7,8,38,40,16,21,27,32,3,4,35,9,20,23,26,28,29,31
3,4,7,8,9,12,16,19,20,21,22,23,26,27,28,29,31,32,34,35,36,40>34,36,37,40,12,19,21,22,24,32,3,4,35,9,20,23,26,28,29,31
3,4,7,8,9,12,16,19,20,21,22,23,26,27,28,29,31,32,34,35,36,40>34,5,37,7,40,19,21,22,24,30,32,3,4,35,9,20,23,26,28,29,31
3,4,7,8,9,12,16,19,20,21,22,23,26,27,28,29,31,32,34,35,36,40>33,34,5,37,7,8,18,19,30,32,3,4,35,9,20,23,26,28,29,31
3,4,7,8,9,12,16,19,20,21,22,23,26,27,28,29,31,32,34,35,36,40>34,36,5,37,12,16,18,19,22,24,32,3,4,35,9,20,23,26,28,29,31
1,2,4,6,7,8,9,16,17,20,22,23,27,29,30,32,36,37,38,39,40>5,17,22,23,26,28,30,31,32,1,2,6,7,8,9,38,39,40,20,29
1,2,4,6,7,8,9,16,17,20,22,23,27,29,30,32,36,37,38,39,40>4,36,17,24,27,30,32,1,2,6,7,8,9,38,39,40,20,29
1,2,4,6,7,8,9,16,17,20,22,23,27,29,30,32,36,37,38,39,40>37,16,22,28,30,32,1,2,6,7,8,9,38,39,40,20,29
1,2,4,6,7,8,9,16,17,20,22,23,27,29,30,32,36,37,38,39,40>36,37,16,22,24,26,27,28,31,32,1,2,6,7,8,9,38,39,40,20,29
1,2,4,6,7,8,9,16,17,20,22,23,27,29,30,32,36,37,38,39,40>10,22,23,26,30,31,32,1,2,6,7,8,9,38,39,40,20,29
1,2,4,6,7,8,9,16,17,20,22,23,27,29,30,32,36,37,38,39,40>4,10,16,17,22,24,26,31,32,1,2,6,7,8,9,38,39,40,20,29
1,2,4,6,7,8,9,16,17,20,22,23,27,29,30,32,36,37,38,39,40>10,16,22,23,27,30,31,32,1,2,6,7,8,9,38,39,40,20,29
1,2,4,6,7,8,9,16,17,20,22,23,27,29,30,32,36,37,38,39,40>5,36,10,22,23,24,28,30,32,1,2,6,7,8,9,38,39,40,20,29
1,2,4,6,7,8,9,16,17,20,22,23,27,29,30,32,36,37,38,39,40>5,36,10,17,23,24,26,28,30,32,1,2,6,7,8,9,38,39,40,20,29
1,2,4,6,7,8,9,16,17,20,22,23,27,29,30,32,36,37,38,39,40>4,5,36,37,10,16,22,27,31,32,1,2,6,7,8,9,38,39,40,20,29
32,35,5,6,37,39,9,10,40,14,18,20,21,22,24,26,27>34,35,40,11,14,25,26,27,29,31,32,37,5,39,10,20,21,22,24
32,35,5,6,37,39,9,10,40,14,18,20,21,22,24,26,27>35,6,40,13,14,15,18,27,28,30,31,32,37,5,39,10,20,21,22,24
32,35,5,6,37,39,9,10,40,14,18,20,21,22,24,26,27>8,40,13,15,18,25,26,28,30,32,37,5,39,10,20,21,22,24
32,35,5,6,37,39,9,10,40,14,18,20,21,22,24,26,27>34,6,8,9,40,11,13,15,18,27,29,32,37,5,39,10,20,21,22,24
32,35,5,6,37,39,9,10,40,14,18,20,21,22,24,26,27>34,35,8,13,15,26,27,29,30,32,37,5,39,10,20,21,22,24
32,35,5,6,37,39,9,10,40,14,18,20,21,22,24,26,27>9,13,15,25,26,28,29,31,32,37,5,39,10,20,21,22,24
32,35,5,6,37,39,9,10,40,14,18,20,21,22,24,26,27>6,9,40,11,25,32,37,5,39,10,20,21,22,24
32,35,5,6,37,39,9,10,40,14,18,20,21,22,24,26,27>34,6,8,9,13,25,28,29,32,37,5,39,10,20,21,22,24
32,35,5,6,37,39,9,10,40,14,18,20,21,22,24,26,27>34,8,9,11,13,14,15,26,27,29,31,32,37,5,39,10,20,21,22,24
32,35,5,6,37,39,9,10,40,14,18,20,21,22,24,26,27>34,6,8,9,40,11,13,14,15,18,26,27,28,31,32,37,5,39,10,20,21,22,24
1,5,6,7,12,14,15,18,19,20,24,26,27,28,30,31,32,35,36,37,38,40>33,8,9,14,19,20,22,23,28,32,1,35,5,37,7,38,40,15,18,24,30,31
1,5,6,7,12,14,15,18,19,20,24,26,27,28,30,31,32,35,36,37,38,40>33,36,8,9,12,14,19,25,27,28,32,1,35,5,37,7,38,40,15,18,24,30,31
1,5,6,7,12,14,15,18,19,20,24,26,27,28,30,31,32,35,36,37,38,40>33,34,36,8,12,14,22,25,26,28,32,1,35,5,37,7,38,40,15,18,24,30,31
1,5,6,7,12,14,15,18,19,20,24,26,27,28,30,31,32,35,36,37,38,40>33,34,6,8,12,22,23,25,28,32,1,35,5,37,7,38,40,15,18,24,30,31
1,5,6,7,12,14,15,18,19,20,24,26,27,28,30,31,32,35,36,37,38,40>34,36,6,8,9,23,26,28,32,1,35,5,37,7,38,40,15,18,24,30,31
1,5,6,7,12,14,15,18,19,20,24,26,27,28,30,31,32,35,36,37,38,40>33,39,14,19,22,32,1,35,5,37,7,38,40,15,18,24,30,31
1,5,6,7,12,14,15,18,19,20,24,26,27,28,30,31,32,35,36,37,38,40>33,34,39,8,9,20,22,23,25,26,27,28,32,1,35,5,37,7,38,40,15,18,24,30,31
1,5,6,7,12,14,15,18,19,20,24,26,27,28,30,31,32,35,36,37,38,40>6,39,8,9,12,14,19,26,27,32,1,35,5,37,7,38,40,15,18,24,30,31
1,5,6,7,12,14,15,18,19,20,24,26,27,28,30,31,32,35,36,37,38,40>33,34,6,39,8,14,19,25,26,27,28,32,1,35,5,37,7,38,40,15,18,24,30,31
1,5,6,7,12,14,15,18,19,20,24,26,27,28,30,31,32,35,36,37,38,40>33,36,6,39,8,9,19,20,22,25,26,27,32,1,35,5,37,7,38,40,15,18,24,30,31
2,3,4,5,6,7,9,12,13,14,17,18,19,20,21,22,23,25,27,29,30,31,34,35,37,38>6,10,12,19,24,25,26,2,3,4,5,35,37,9,14,17,18,20,21,22,23,27,29,31
2,3,4,5,6,7,9,12,13,14,17,18,19,20,21,22,23,25,27,29,30,31,34,35,37,38>6,38,40,13,15,26,28,2,3,4,5,35,37,9,14,17,18,20,21,22,23,27,29,31
2,3,4,5,6,7,9,12,13,14,17,18,19,20,21,22,23,25,27,29,30,31,34,35,37,38>32,34,6,38,40,12,15,24,25,26,2,3,4,5,35,37,9,14,17,18,20,21,22,23,27,29,31
2,3,4,5,6,7,9,12,13,14,17,18,19,20,21,22,23,25,27,29,30,31,34,35,37,38>32,34,6,7,38,10,19,26,2,3,4,5,35,37,9,14,17,18,20,21,22,23,27,29,31
2,3,4,5,6,7,9,12,13,14,17,18,19,20,21,22,23,25,27,29,30,31,34,35,37,38>32,34,8,12,13,15,19,25,2,3,4,5,35,37,9,14,17,18,20,21,22,23,27,29,31
2,3,4,5,6,7,9,12,13,14,17,18,19,20,21,22,23,25,27,29,30,31,34,35,37,38>32,6,8,38,10,40,28,2,3,4,5,35,37,9,14,17,18,20,21,22,23,27,29,31
2,3,4,5,6,7,9,12,13,14,17,18,19,20,21,22,23,25,27,29,30,31,34,35,37,38>7,8,38,10,40,24,26,28,2,3,4,5,35,37,9,14,17,18,20,21,22,23,27,29,31
2,3,4,5,6,7,9,12,13,14,17,18,19,20,21,22,23,25,27,29,30,31,34,35,37,38>32,7,8,38,10,16,24,25,30,2,3,4,5,35,37,9,14,17,18,20,21,22,23,27,29,31
2,3,4,5,6,7,9,12,13,14,17,18,19,20,21,22,23,25,27,29,30,31,34,35,37,38>34,7,8,38,40,19,24,2,3,4,5,35,37,9,14,17,18,20,21,22,23,27,29,31
2,3,4,5,6,7,9,12,13,14,17,18,19,20,21,22,23,25,27,29,30,31,34,35,37,38>32,34,6,7,8,38,16,25,28,2,3,4,5,35,37,9,14,17,18,20,21,22,23,27,29,31
32,34,35,38,39,8,9,13,15,16,18,20,21,22,23,24,25,26,27,29>34,8,9,39,13,14,15,32,16,20,21,22,24,25,26,27,29
32,34,35,38,39,8,9,13,15,16,18,20,21,22,23,24,25,26,27,29>35,8,39,17,18,30,31,32,16,20,21,22,24,25,26,27,29
32,34,35,38,39,8,9,13,15,16,18,20,21,22,23,24,25,26,27,29>34,35,8,17,23,31,32,16,20,21,22,24,25,26,27,29
32,34,35,38,39,8,9,13,15,16,18,20,21,22,23,24,25,26,27,29>34,35,5,13,18,28,31,32,16,20,21,22,24,25,26,27,29
32,34,35,38,39,8,9,13,15,16,18,20,21,22,23,24,25,26,27,29>34,35,37,13,14,17,28,30,31,32,16,20,21,22,24,25,26,27,29
32,34,35,38,39,8,9,13,15,16,18,20,21,22,23,24,25,26,27,29>38,8,14,23,30,32,16,20,21,22,24,25,26,27,29
32,34,35,38,39,8,9,13,15,16,18,20,21,22,23,24,25,26,27,29>38,8,9,39,15,18,31,32,16,20,21,22,24,25,26,27,29
32,34,35,38,39,8,9,13,15,16,18,20,21,22,23,24,25,26,27,29>34,38,9,39,13,14,15,18,23,28,32,16,20,21,22,24,25,26,27,29
32,34,35,38,39,8,9,13,15,16,18,20,21,22,23,24,25,26,27,29>5,37,38,9,14,15,23,31,32,16,20,21,22,24,25,26,27,29
32,34,35,38,39,8,9,13,15,16,18,20,21,22,23,24,25,26,27,29>34,35,5,37,38,9,14,15,17,28,30,32,16,20,21,22,24,25,26,27,29
32,1,33,4,6,38,8,40,11,12,15,17,19,22,24,30>15,17,18,19,20,23,25,28,29,33,34,39,8,1,40
32,1,33,4,6,38,8,40,11,12,15,17,19,22,24,30>15,18,22,23,24,25,29,30,32,33,8,1,40
32,1,33,4,6,38,8,40,11,12,15,17,19,22,24,30>6,12,18,19,22,23,25,28,33,34,38,8,1,40
32,1,33,4,6,38,8,40,11,12,15,17,19,22,24,30>4,6,7,12,17,18,22,23,24,25,33,34,36,39,8,1,40
32,1,33,4,6,38,8,40,11,12,15,17,19,22,24,30>6,9,12,17,18,19,25,28,29,32,39,8,1,40
32,1,33,4,6,38,8,40,11,12,15,17,19,22,24,30>6,9,12,18,19,25,28,30,33,38,8,1,40
32,1,33,4,6,38,8,40,11,12,15,17,19,22,24,30>4,6,7,9,12,15,17,18,19,20,22,23,25,28,33,34,36,8,1,40
32,1,33,4,6,38,8,40,11,12,15,17,19,22,24,30>6,7,11,17,18,20,25,36,38,8,1,40
32,1,33,4,6,38,8,40,11,12,15,17,19,22,24,30>4,6,7,11,12,15,17,19,22,24,30,33,36,38,8,1,40
32,1,33,4,6,38,8,40,11,12,15,17,19,22,24,30>4,7,9,11,12,15,18,19,22,24,30,33,34,8,1,40
