CD45,CD8,TCRlig,TCbind,PAGCsk,LCK,Fyn,Rlk,TCRphos,ZAP70,cCbl,Itk,LAT,Gads,Slp76,PLCg_b,Grb2Sos,DAG,PLCg_a,Ras,RasGRP1,PKCth,IP3,Raf,MEK,Ca,ERK,SEK,IKK,Calcin,Rsk,Fos,JNK,IkB,CREB,Jun,CRE,AP1,NFkB,NFAT
2,3,4,5,6,9,10,14,15,16,22,23,26,27,28,30,31,33,35,36,38,39,40>32,5,11,13,14,16,22,27,33,2,3,4,35,36,39,40,9,10,15,26,28,30,31
2,3,4,5,6,9,10,14,15,16,22,23,26,27,28,30,31,33,35,36,38,39,40>32,6,8,38,11,14,16,22,23,27,29,33,2,3,4,35,36,39,40,9,10,15,26,28,30,31
2,3,4,5,6,9,10,14,15,16,22,23,26,27,28,30,31,33,35,36,38,39,40>34,6,38,11,12,33,2,3,4,35,36,39,40,9,10,15,26,28,30,31
2,3,4,5,6,9,10,14,15,16,22,23,26,27,28,30,31,33,35,36,38,39,40>32,34,6,11,12,13,33,2,3,4,35,36,39,40,9,10,15,26,28,30,31
2,3,4,5,6,9,10,14,15,16,22,23,26,27,28,30,31,33,35,36,38,39,40>5,6,8,38,11,12,16,23,29,33,2,3,4,35,36,39,40,9,10,15,26,28,30,31
2,3,4,5,6,9,10,14,15,16,22,23,26,27,28,30,31,33,35,36,38,39,40>37,8,38,12,27,33,2,3,4,35,36,39,40,9,10,15,26,28,30,31
2,3,4,5,6,9,10,14,15,16,22,23,26,27,28,30,31,33,35,36,38,39,40>5,37,8,11,13,16,23,33,2,3,4,35,36,39,40,9,10,15,26,28,30,31
2,3,4,5,6,9,10,14,15,16,22,23,26,27,28,30,31,33,35,36,38,39,40>5,37,12,14,22,27,33,2,3,4,35,36,39,40,9,10,15,26,28,30,31
2,3,4,5,6,9,10,14,15,16,22,23,26,27,28,30,31,33,35,36,38,39,40>34,5,37,38,12,16,33,2,3,4,35,36,39,40,9,10,15,26,28,30,31
2,3,4,5,6,9,10,14,15,16,22,23,26,27,28,30,31,33,35,36,38,39,40>32,34,5,6,37,11,12,22,23,27,33,2,3,4,35,36,39,40,9,10,15,26,28,30,31
2,3,4,5,7,10,13,14,15,16,17,18,19,20,22,23,25,28,29,31,35,37,38,39>9,11,21,24,25,26,31,2,3,4,5,35,37,39,13,14,15,16,17,18,20,22,23,28,29
2,3,4,5,7,10,13,14,15,16,17,18,19,20,22,23,25,28,29,31,35,37,38,39>33,7,9,26,27,2,3,4,5,35,37,39,13,14,15,16,17,18,20,22,23,28,29
2,3,4,5,7,10,13,14,15,16,17,18,19,20,22,23,25,28,29,31,35,37,38,39>33,38,7,9,11,21,24,26,31,2,3,4,5,35,37,39,13,14,15,16,17,18,20,22,23,28,29
2,3,4,5,7,10,13,14,15,16,17,18,19,20,22,23,25,28,29,31,35,37,38,39>10,11,12,21,25,26,27,2,3,4,5,35,37,39,13,14,15,16,17,18,20,22,23,28,29
2,3,4,5,7,10,13,14,15,16,17,18,19,20,22,23,25,28,29,31,35,37,38,39>33,38,7,9,12,25,26,2,3,4,5,35,37,39,13,14,15,16,17,18,20,22,23,28,29
2,3,4,5,7,10,13,14,15,16,17,18,19,20,22,23,25,28,29,31,35,37,38,39>38,10,11,19,25,27,2,3,4,5,35,37,39,13,14,15,16,17,18,20,22,23,28,29
2,3,4,5,7,10,13,14,15,16,17,18,19,20,22,23,25,28,29,31,35,37,38,39>33,38,10,11,25,26,2,3,4,5,35,37,39,13,14,15,16,17,18,20,22,23,28,29
2,3,4,5,7,10,13,14,15,16,17,18,19,20,22,23,25,28,29,31,35,37,38,39>38,10,12,19,25,27,2,3,4,5,35,37,39,13,14,15,16,17,18,20,22,23,28,29
2,3,4,5,7,10,13,14,15,16,17,18,19,20,22,23,25,28,29,31,35,37,38,39>33,38,7,10,11,19,21,24,26,27,2,3,4,5,35,37,39,13,14,15,16,17,18,20,22,23,28,29
2,3,4,5,7,10,13,14,15,16,17,18,19,20,22,23,25,28,29,31,35,37,38,39>38,7,9,10,11,24,25,2,3,4,5,35,37,39,13,14,15,16,17,18,20,22,23,28,29
1,3,5,7,8,9,10,12,13,14,15,19,21,22,24,27,29,32,33,36,37,39,40>16,17,23,24,27,38,32,1,3,36,5,39,9,12,13,14,15,29
1,3,5,7,8,9,10,12,13,14,15,19,21,22,24,27,29,32,33,36,37,39,40>11,17,19,20,22,23,24,25,37,40,32,1,3,36,5,39,9,12,13,14,15,29
1,3,5,7,8,9,10,12,13,14,15,19,21,22,24,27,29,32,33,36,37,39,40>7,11,16,17,20,21,22,23,25,37,40,32,1,3,36,5,39,9,12,13,14,15,29
1,3,5,7,8,9,10,12,13,14,15,19,21,22,24,27,29,32,33,36,37,39,40>4,7,11,16,18,19,21,24,25,28,31,33,32,1,3,36,5,39,9,12,13,14,15,29
1,3,5,7,8,9,10,12,13,14,15,19,21,22,24,27,29,32,33,36,37,39,40>8,11,16,17,18,19,23,24,25,28,38,32,1,3,36,5,39,9,12,13,14,15,29
1,3,5,7,8,9,10,12,13,14,15,19,21,22,24,27,29,32,33,36,37,39,40>4,8,11,16,17,19,21,22,24,25,31,37,38,40,32,1,3,36,5,39,9,12,13,14,15,29
1,3,5,7,8,9,10,12,13,14,15,19,21,22,24,27,29,32,33,36,37,39,40>4,7,8,11,20,22,24,25,28,31,33,40,32,1,3,36,5,39,9,12,13,14,15,29
1,3,5,7,8,9,10,12,13,14,15,19,21,22,24,27,29,32,33,36,37,39,40>4,10,11,16,20,21,23,25,28,31,33,38,32,1,3,36,5,39,9,12,13,14,15,29
1,3,5,7,8,9,10,12,13,14,15,19,21,22,24,27,29,32,33,36,37,39,40>4,7,10,11,16,17,20,22,23,25,31,33,40,32,1,3,36,5,39,9,12,13,14,15,29
1,3,5,7,8,9,10,12,13,14,15,19,21,22,24,27,29,32,33,36,37,39,40>7,8,10,11,16,18,19,21,25,28,31,33,38,40,32,1,3,36,5,39,9,12,13,14,15,29
1,33,3,4,34,6,7,8,36,10,11,13,19,25,29,30,31>34,40,19,23,27,30,31,1,3,36,7,8,11,13
1,33,3,4,34,6,7,8,36,10,11,13,19,25,29,30,31>33,35,40,16,18,19,27,31,1,3,36,7,8,11,13
1,33,3,4,34,6,7,8,36,10,11,13,19,25,29,30,31>34,35,40,9,16,19,23,25,29,30,31,1,3,36,7,8,11,13
1,33,3,4,34,6,7,8,36,10,11,13,19,25,29,30,31>33,35,6,10,19,23,25,29,30,31,1,3,36,7,8,11,13
1,33,3,4,34,6,7,8,36,10,11,13,19,25,29,30,31>33,4,17,23,25,27,29,31,1,3,36,7,8,11,13
1,33,3,4,34,6,7,8,36,10,11,13,19,25,29,30,31>34,4,40,9,14,25,29,1,3,36,7,8,11,13
1,33,3,4,34,6,7,8,36,10,11,13,19,25,29,30,31>34,5,14,18,23,25,27,29,30,1,3,36,7,8,11,13
1,33,3,4,34,6,7,8,36,10,11,13,19,25,29,30,31>4,5,6,40,19,25,31,1,3,36,7,8,11,13
1,33,3,4,34,6,7,8,36,10,11,13,19,25,29,30,31>33,4,5,40,9,10,18,19,23,25,29,31,1,3,36,7,8,11,13
1,33,3,4,34,6,7,8,36,10,11,13,19,25,29,30,31>34,4,5,6,9,16,18,19,23,25,30,1,3,36,7,8,11,13
32,1,2,35,4,36,6,7,39,10,11,18,19,22,24,25,26,27,30,31>34,4,5,37,10,38,13,23,24,26,28,32,1,2,35,6,7,39,11,18,22,25,27,30,31
32,1,2,35,4,36,6,7,39,10,11,18,19,22,24,25,26,27,30,31>4,40,19,26,28,29,32,1,2,35,6,7,39,11,18,22,25,27,30,31
32,1,2,35,4,36,6,7,39,10,11,18,19,22,24,25,26,27,30,31>34,4,40,21,26,32,1,2,35,6,7,39,11,18,22,25,27,30,31
32,1,2,35,4,36,6,7,39,10,11,18,19,22,24,25,26,27,30,31>34,4,5,8,10,38,40,19,21,23,32,1,2,35,6,7,39,11,18,22,25,27,30,31
32,1,2,35,4,36,6,7,39,10,11,18,19,22,24,25,26,27,30,31>34,36,9,10,13,21,23,28,32,1,2,35,6,7,39,11,18,22,25,27,30,31
32,1,2,35,4,36,6,7,39,10,11,18,19,22,24,25,26,27,30,31>34,5,36,10,21,24,26,32,1,2,35,6,7,39,11,18,22,25,27,30,31
32,1,2,35,4,36,6,7,39,10,11,18,19,22,24,25,26,27,30,31>37,8,10,38,13,19,21,23,26,28,29,32,1,2,35,6,7,39,11,18,22,25,27,30,31
32,1,2,35,4,36,6,7,39,10,11,18,19,22,24,25,26,27,30,31>5,37,8,19,23,24,28,32,1,2,35,6,7,39,11,18,22,25,27,30,31
32,1,2,35,4,36,6,7,39,10,11,18,19,22,24,25,26,27,30,31>34,4,5,37,9,38,13,21,23,26,29,32,1,2,35,6,7,39,11,18,22,25,27,30,31
32,1,2,35,4,36,6,7,39,10,11,18,19,22,24,25,26,27,30,31>36,37,9,38,40,21,23,24,26,28,29,32,1,2,35,6,7,39,11,18,22,25,27,30,31
32,33,2,34,35,5,6,7,36,9,38,11,14,17,18,21,23,24,27,29>6,7,15,17,18,22,23,26,27,31,33,34,35,32,2,36,5,38,9
32,33,2,34,35,5,6,7,36,9,38,11,14,17,18,21,23,24,27,29>11,17,22,26,31,33,34,37,32,2,36,5,38,9
32,33,2,34,35,5,6,7,36,9,38,11,14,17,18,21,23,24,27,29>7,11,15,17,23,24,25,27,31,33,37,32,2,36,5,38,9
32,33,2,34,35,5,6,7,36,9,38,11,14,17,18,21,23,24,27,29>8,11,22,25,26,27,34,35,37,32,2,36,5,38,9
32,33,2,34,35,5,6,7,36,9,38,11,14,17,18,21,23,24,27,29>6,7,8,11,15,17,18,20,24,25,33,35,37,32,2,36,5,38,9
32,33,2,34,35,5,6,7,36,9,38,11,14,17,18,21,23,24,27,29>14,18,21,22,31,33,34,35,37,32,2,36,5,38,9
32,33,2,34,35,5,6,7,36,9,38,11,14,17,18,21,23,24,27,29>6,7,8,14,15,17,20,22,23,24,25,26,27,34,32,2,36,5,38,9
32,33,2,34,35,5,6,7,36,9,38,11,14,17,18,21,23,24,27,29>7,11,14,15,20,25,27,31,33,34,35,37,32,2,36,5,38,9
32,33,2,34,35,5,6,7,36,9,38,11,14,17,18,21,23,24,27,29>7,8,11,14,17,18,20,21,23,29,31,34,37,32,2,36,5,38,9
32,33,2,34,35,5,6,7,36,9,38,11,14,17,18,21,23,24,27,29>6,7,8,11,14,20,22,23,26,31,33,34,35,32,2,36,5,38,9
32,1,2,34,4,5,35,37,9,12,15,16,22,26,27,28,31>33,4,12,15,27,32,1,2,35,34,37,28,31
32,1,2,34,4,5,35,37,9,12,15,16,22,26,27,28,31>22,7,29,15,32,1,2,35,34,37,28,31
32,1,2,34,4,5,35,37,9,12,15,16,22,26,27,28,31>33,7,16,22,29,30,32,1,2,35,34,37,28,31
32,1,2,34,4,5,35,37,9,12,15,16,22,26,27,28,31>33,7,12,15,16,22,26,32,1,2,35,34,37,28,31
32,1,2,34,4,5,35,37,9,12,15,16,22,26,27,28,31>33,4,5,7,22,27,30,32,1,2,35,34,37,28,31
32,1,2,34,4,5,35,37,9,12,15,16,22,26,27,28,31>16,29,9,15,32,1,2,35,34,37,28,31
32,1,2,34,4,5,35,37,9,12,15,16,22,26,27,28,31>4,5,9,12,15,22,30,32,1,2,35,34,37,28,31
32,1,2,34,4,5,35,37,9,12,15,16,22,26,27,28,31>4,5,9,16,26,27,32,1,2,35,34,37,28,31
32,1,2,34,4,5,35,37,9,12,15,16,22,26,27,28,31>33,7,9,22,27,29,30,32,1,2,35,34,37,28,31
32,1,2,34,4,5,35,37,9,12,15,16,22,26,27,28,31>33,4,7,9,12,16,26,29,30,32,1,2,35,34,37,28,31
1,2,6,8,10,13,14,15,16,18,19,21,24,25,26,27,28,30,32,33,37,39,40>28,31,21,23,32,1,2,33,6,39,8,40,13,14,15,16,18,19,25,27,30
1,2,6,8,10,13,14,15,16,18,19,21,24,25,26,27,28,30,32,33,37,39,40>34,11,12,17,21,23,24,26,32,1,2,33,6,39,8,40,13,14,15,16,18,19,25,27,30
1,2,6,8,10,13,14,15,16,18,19,21,24,25,26,27,28,30,32,33,37,39,40>34,36,12,21,23,24,26,32,1,2,33,6,39,8,40,13,14,15,16,18,19,25,27,30
1,2,6,8,10,13,14,15,16,18,19,21,24,25,26,27,28,30,32,33,37,39,40>34,5,10,11,12,20,23,24,31,32,1,2,33,6,39,8,40,13,14,15,16,18,19,25,27,30
1,2,6,8,10,13,14,15,16,18,19,21,24,25,26,27,28,30,32,33,37,39,40>36,5,37,17,20,21,23,24,26,31,32,1,2,33,6,39,8,40,13,14,15,16,18,19,25,27,30
1,2,6,8,10,13,14,15,16,18,19,21,24,25,26,27,28,30,32,33,37,39,40>36,5,37,11,12,22,23,24,31,32,1,2,33,6,39,8,40,13,14,15,16,18,19,25,27,30
1,2,6,8,10,13,14,15,16,18,19,21,24,25,26,27,28,30,32,33,37,39,40>34,5,7,17,23,26,32,1,2,33,6,39,8,40,13,14,15,16,18,19,25,27,30
1,2,6,8,10,13,14,15,16,18,19,21,24,25,26,27,28,30,32,33,37,39,40>34,36,5,7,10,12,20,23,28,31,32,1,2,33,6,39,8,40,13,14,15,16,18,19,25,27,30
1,2,6,8,10,13,14,15,16,18,19,21,24,25,26,27,28,30,32,33,37,39,40>36,37,7,11,17,20,23,28,31,32,1,2,33,6,39,8,40,13,14,15,16,18,19,25,27,30
1,2,6,8,10,13,14,15,16,18,19,21,24,25,26,27,28,30,32,33,37,39,40>36,5,37,7,11,20,21,23,31,32,1,2,33,6,39,8,40,13,14,15,16,18,19,25,27,30
34,3,35,36,6,37,8,40,11,12,14,15,16,17,18,22,27,28,29,31>32,33,6,11,12,18,20,21,35,3,37,8,15,22,28,29,31
34,3,35,36,6,37,8,40,11,12,14,15,16,17,18,22,27,28,29,31>32,36,5,11,12,20,35,3,37,8,15,22,28,29,31
34,3,35,36,6,37,8,40,11,12,14,15,16,17,18,22,27,28,29,31>32,33,36,40,11,12,14,20,21,35,3,37,8,15,22,28,29,31
34,3,35,36,6,37,8,40,11,12,14,15,16,17,18,22,27,28,29,31>34,36,11,12,17,20,21,35,3,37,8,15,22,28,29,31
34,3,35,36,6,37,8,40,11,12,14,15,16,17,18,22,27,28,29,31>32,34,36,6,14,16,17,21,27,35,3,37,8,15,22,28,29,31
34,3,35,36,6,37,8,40,11,12,14,15,16,17,18,22,27,28,29,31>32,34,36,40,12,17,20,21,35,3,37,8,15,22,28,29,31
34,3,35,36,6,37,8,40,11,12,14,15,16,17,18,22,27,28,29,31>32,33,5,6,40,11,12,14,35,3,37,8,15,22,28,29,31
34,3,35,36,6,37,8,40,11,12,14,15,16,17,18,22,27,28,29,31>34,5,40,11,12,16,17,27,35,3,37,8,15,22,28,29,31
34,3,35,36,6,37,8,40,11,12,14,15,16,17,18,22,27,28,29,31>32,33,34,5,40,17,18,27,35,3,37,8,15,22,28,29,31
34,3,35,36,6,37,8,40,11,12,14,15,16,17,18,22,27,28,29,31>32,36,5,40,14,21,27,35,3,37,8,15,22,28,29,31
1,3,5,6,7,9,10,16,17,20,21,22,23,24,25,26,27,28,33,34,35,37,40>4,8,16,17,21,1,33,3,34,5,37,7,9,10,20,24,25,26,27,28
1,3,5,6,7,9,10,16,17,20,21,22,23,24,25,26,27,28,33,34,35,37,40>35,4,40,22,29,1,33,3,34,5,37,7,9,10,20,24,25,26,27,28
1,3,5,6,7,9,10,16,17,20,21,22,23,24,25,26,27,28,33,34,35,37,40>32,35,36,8,40,13,16,17,29,30,31,1,33,3,34,5,37,7,9,10,20,24,25,26,27,28
1,3,5,6,7,9,10,16,17,20,21,22,23,24,25,26,27,28,33,34,35,37,40>32,35,4,36,8,11,23,30,31,1,33,3,34,5,37,7,9,10,20,24,25,26,27,28
1,3,5,6,7,9,10,16,17,20,21,22,23,24,25,26,27,28,33,34,35,37,40>35,6,8,22,29,31,1,33,3,34,5,37,7,9,10,20,24,25,26,27,28
1,3,5,6,7,9,10,16,17,20,21,22,23,24,25,26,27,28,33,34,35,37,40>32,4,6,17,23,29,30,31,1,33,3,34,5,37,7,9,10,20,24,25,26,27,28
1,3,5,6,7,9,10,16,17,20,21,22,23,24,25,26,27,28,33,34,35,37,40>35,4,6,40,21,22,23,31,1,33,3,34,5,37,7,9,10,20,24,25,26,27,28
1,3,5,6,7,9,10,16,17,20,21,22,23,24,25,26,27,28,33,34,35,37,40>32,4,6,40,13,21,30,31,1,33,3,34,5,37,7,9,10,20,24,25,26,27,28
1,3,5,6,7,9,10,16,17,20,21,22,23,24,25,26,27,28,33,34,35,37,40>35,4,6,40,16,17,22,1,33,3,34,5,37,7,9,10,20,24,25,26,27,28
1,3,5,6,7,9,10,16,17,20,21,22,23,24,25,26,27,28,33,34,35,37,40>32,4,36,6,40,16,21,22,23,29,31,1,33,3,34,5,37,7,9,10,20,24,25,26,27,28
