CD45,CD8,TCRlig,TCbind,PAGCsk,LCK,Fyn,Rlk,TCRphos,ZAP70,cCbl,Itk,LAT,Gads,Slp76,PLCg_b,Grb2Sos,DAG,PLCg_a,Ras,RasGRP1,PKCth,IP3,Raf,MEK,Ca,ERK,SEK,IKK,Calcin,Rsk,Fos,JNK,IkB,CREB,Jun,CRE,AP1,NFkB,NFAT
32,1,33,34,4,5,36,10,12,14,15,17,25,27,28,30,31>4,10,13,20,25,28,30,32,1,34,33,36,12,15,27,31
32,1,33,34,4,5,36,10,12,14,15,17,25,27,28,30,31>35,4,5,40,11,14,20,25,28,30,32,1,34,33,36,12,15,27,31
32,1,33,34,4,5,36,10,12,14,15,17,25,27,28,30,31>7,40,10,13,14,17,20,25,28,30,32,1,34,33,36,12,15,27,31
32,1,33,34,4,5,36,10,12,14,15,17,25,27,28,30,31>35,7,11,14,17,25,28,32,1,34,33,36,12,15,27,31
32,1,33,34,4,5,36,10,12,14,15,17,25,27,28,30,31>35,7,40,10,13,14,17,25,30,32,1,34,33,36,12,15,27,31
32,1,33,34,4,5,36,10,12,14,15,17,25,27,28,30,31>5,7,40,10,11,17,20,28,30,32,1,34,33,36,12,15,27,31
32,1,33,34,4,5,36,10,12,14,15,17,25,27,28,30,31>5,7,40,10,11,17,25,28,32,1,34,33,36,12,15,27,31
32,1,33,34,4,5,36,10,12,14,15,17,25,27,28,30,31>35,4,5,7,40,11,14,17,20,25,32,1,34,33,36,12,15,27,31
32,1,33,34,4,5,36,10,12,14,15,17,25,27,28,30,31>4,38,7,13,17,20,28,32,1,34,33,36,12,15,27,31
32,1,33,34,4,5,36,10,12,14,15,17,25,27,28,30,31>5,38,7,40,10,11,13,17,25,32,1,34,33,36,12,15,27,31
1,2,3,4,5,8,10,12,13,14,16,18,20,21,22,25,27,31,32,33,34,35,36,39>5,38,10,15,17,24,25,29,32,1,2,3,4,34,35,36,13,14,16,20,21,22,27,31
1,2,3,4,5,8,10,12,13,14,16,18,20,21,22,25,27,31,32,33,34,35,36,39>33,5,38,10,39,15,24,25,29,32,1,2,3,4,34,35,36,13,14,16,20,21,22,27,31
1,2,3,4,5,8,10,12,13,14,16,18,20,21,22,25,27,31,32,33,34,35,36,39>33,37,10,39,17,18,24,25,28,29,32,1,2,3,4,34,35,36,13,14,16,20,21,22,27,31
1,2,3,4,5,8,10,12,13,14,16,18,20,21,22,25,27,31,32,33,34,35,36,39>33,5,37,10,11,12,39,15,17,24,25,29,32,1,2,3,4,34,35,36,13,14,16,20,21,22,27,31
1,2,3,4,5,8,10,12,13,14,16,18,20,21,22,25,27,31,32,33,34,35,36,39>7,38,11,15,17,28,32,1,2,3,4,34,35,36,13,14,16,20,21,22,27,31
1,2,3,4,5,8,10,12,13,14,16,18,20,21,22,25,27,31,32,33,34,35,36,39>5,37,7,38,10,11,12,17,24,28,29,32,1,2,3,4,34,35,36,13,14,16,20,21,22,27,31
1,2,3,4,5,8,10,12,13,14,16,18,20,21,22,25,27,31,32,33,34,35,36,39>33,8,38,11,12,39,15,18,29,32,1,2,3,4,34,35,36,13,14,16,20,21,22,27,31
1,2,3,4,5,8,10,12,13,14,16,18,20,21,22,25,27,31,32,33,34,35,36,39>33,5,37,8,38,11,12,17,25,32,1,2,3,4,34,35,36,13,14,16,20,21,22,27,31
1,2,3,4,5,8,10,12,13,14,16,18,20,21,22,25,27,31,32,33,34,35,36,39>39,18,7,8,32,1,2,3,4,34,35,36,13,14,16,20,21,22,27,31
1,2,3,4,5,8,10,12,13,14,16,18,20,21,22,25,27,31,32,33,34,35,36,39>33,7,8,10,11,12,18,24,29,32,1,2,3,4,34,35,36,13,14,16,20,21,22,27,31
32,34,5,6,39,40,12,16,17,19,20,21,24,27,28,31>35,40,12,17,19,21,28,32,34,5,20,24,31
32,34,5,6,39,40,12,16,17,19,20,21,24,27,28,31>35,12,17,21,25,27,32,34,5,20,24,31
32,34,5,6,39,40,12,16,17,19,20,21,24,27,28,31>33,35,12,16,18,21,25,32,34,5,20,24,31
32,34,5,6,39,40,12,16,17,19,20,21,24,27,28,31>33,8,40,12,16,17,21,23,25,32,34,5,20,24,31
32,34,5,6,39,40,12,16,17,19,20,21,24,27,28,31>6,8,40,18,28,32,34,5,20,24,31
32,34,5,6,39,40,12,16,17,19,20,21,24,27,28,31>33,35,6,8,40,12,16,19,21,23,27,28,32,34,5,20,24,31
32,34,5,6,39,40,12,16,17,19,20,21,24,27,28,31>35,39,8,40,12,17,18,28,32,34,5,20,24,31
32,34,5,6,39,40,12,16,17,19,20,21,24,27,28,31>6,39,8,40,12,18,21,23,25,27,32,34,5,20,24,31
32,34,5,6,39,40,12,16,17,19,20,21,24,27,28,31>33,6,39,8,40,17,23,27,32,34,5,20,24,31
32,34,5,6,39,40,12,16,17,19,20,21,24,27,28,31>33,35,6,39,8,40,12,16,17,19,25,28,32,34,5,20,24,31
1,33,3,35,36,38,39,10,11,12,13,15,16,18,23,24,25,27,31>32,33,5,37,38,15,17,18,22,23,1,3,36,35,39,11,12,13,16,25,27,31
1,33,3,35,36,38,39,10,11,12,13,15,16,18,23,24,25,27,31>32,34,15,17,18,19,23,24,1,3,36,35,39,11,12,13,16,25,27,31
1,33,3,35,36,38,39,10,11,12,13,15,16,18,23,24,25,27,31>5,38,10,14,15,22,23,26,1,3,36,35,39,11,12,13,16,25,27,31
1,33,3,35,36,38,39,10,11,12,13,15,16,18,23,24,25,27,31>32,34,5,37,10,15,17,22,1,3,36,35,39,11,12,13,16,25,27,31
1,33,3,35,36,38,39,10,11,12,13,15,16,18,23,24,25,27,31>32,34,5,38,14,15,17,18,19,24,1,3,36,35,39,11,12,13,16,25,27,31
1,33,3,35,36,38,39,10,11,12,13,15,16,18,23,24,25,27,31>33,37,10,15,24,26,1,3,36,35,39,11,12,13,16,25,27,31
1,33,3,35,36,38,39,10,11,12,13,15,16,18,23,24,25,27,31>5,37,38,17,18,19,22,23,1,3,36,35,39,11,12,13,16,25,27,31
1,33,3,35,36,38,39,10,11,12,13,15,16,18,23,24,25,27,31>32,5,37,38,10,15,17,18,23,1,3,36,35,39,11,12,13,16,25,27,31
1,33,3,35,36,38,39,10,11,12,13,15,16,18,23,24,25,27,31>32,34,5,37,38,10,15,18,23,1,3,36,35,39,11,12,13,16,25,27,31
1,33,3,35,36,38,39,10,11,12,13,15,16,18,23,24,25,27,31>32,34,5,37,10,14,17,19,22,24,1,3,36,35,39,11,12,13,16,25,27,31
1,2,4,6,9,10,12,16,17,18,20,23,25,26,27,28,30,31,32,34,38>35,11,16,17,28,32,1,2,34,6,9,10,20,26,27,30,31
1,2,4,6,9,10,12,16,17,18,20,23,25,26,27,28,30,31,32,34,38>33,4,12,13,18,22,23,28,32,1,2,34,6,9,10,20,26,27,30,31
1,2,4,6,9,10,12,16,17,18,20,23,25,26,27,28,30,31,32,34,38>33,38,11,13,17,24,25,28,32,1,2,34,6,9,10,20,26,27,30,31
1,2,4,6,9,10,12,16,17,18,20,23,25,26,27,28,30,31,32,34,38>33,4,38,40,16,23,28,32,1,2,34,6,9,10,20,26,27,30,31
1,2,4,6,9,10,12,16,17,18,20,23,25,26,27,28,30,31,32,34,38>7,8,12,13,16,23,24,25,28,32,1,2,34,6,9,10,20,26,27,30,31
1,2,4,6,9,10,12,16,17,18,20,23,25,26,27,28,30,31,32,34,38>33,4,7,8,40,11,16,18,23,25,32,1,2,34,6,9,10,20,26,27,30,31
1,2,4,6,9,10,12,16,17,18,20,23,25,26,27,28,30,31,32,34,38>33,38,7,8,40,12,13,16,17,22,25,32,1,2,34,6,9,10,20,26,27,30,31
1,2,4,6,9,10,12,16,17,18,20,23,25,26,27,28,30,31,32,34,38>33,38,7,40,11,12,13,23,28,32,1,2,34,6,9,10,20,26,27,30,31
1,2,4,6,9,10,12,16,17,18,20,23,25,26,27,28,30,31,32,34,38>33,4,38,7,8,40,11,17,18,32,1,2,34,6,9,10,20,26,27,30,31
1,2,4,6,9,10,12,16,17,18,20,23,25,26,27,28,30,31,32,34,38>35,4,38,7,8,11,12,13,16,17,18,24,25,32,1,2,34,6,9,10,20,26,27,30,31
1,33,3,4,35,7,8,9,39,11,14,20,21,22,24,25,28>8,14,15,22,27,29,1,33,3,7,39,9,20,24,25,28
1,33,3,4,35,7,8,9,39,11,14,20,21,22,24,25,28>35,37,8,11,14,27,1,33,3,7,39,9,20,24,25,28
1,33,3,4,35,7,8,9,39,11,14,20,21,22,24,25,28>34,4,14,21,22,27,29,1,33,3,7,39,9,20,24,25,28
1,33,3,4,35,7,8,9,39,11,14,20,21,22,24,25,28>35,4,8,22,27,1,33,3,7,39,9,20,24,25,28
1,33,3,4,35,7,8,9,39,11,14,20,21,22,24,25,28>35,4,8,11,14,15,27,29,1,33,3,7,39,9,20,24,25,28
1,33,3,4,35,7,8,9,39,11,14,20,21,22,24,25,28>34,35,5,11,27,29,1,33,3,7,39,9,20,24,25,28
1,33,3,4,35,7,8,9,39,11,14,20,21,22,24,25,28>4,5,37,11,21,27,1,33,3,7,39,9,20,24,25,28
1,33,3,4,35,7,8,9,39,11,14,20,21,22,24,25,28>11,14,4,5,1,33,3,7,39,9,20,24,25,28
1,33,3,4,35,7,8,9,39,11,14,20,21,22,24,25,28>34,35,4,5,37,8,14,15,27,29,1,33,3,7,39,9,20,24,25,28
1,33,3,4,35,7,8,9,39,11,14,20,21,22,24,25,28>34,35,4,36,8,14,21,27,1,33,3,7,39,9,20,24,25,28
34,3,4,35,38,39,40,9,12,15,19,22,25,26,30,31>37,18,22,25,27,29,34,35,3,4,40,30
34,3,4,35,38,39,40,9,12,15,19,22,25,26,30,31>38,39,15,19,22,27,29,31,34,35,3,4,40,30
34,3,4,35,38,39,40,9,12,15,19,22,25,26,30,31>38,9,15,18,22,23,25,31,34,35,3,4,40,30
34,3,4,35,38,39,40,9,12,15,19,22,25,26,30,31>38,39,9,18,19,28,29,31,34,35,3,4,40,30
34,3,4,35,38,39,40,9,12,15,19,22,25,26,30,31>12,22,23,26,29,34,35,3,4,40,30
34,3,4,35,38,39,40,9,12,15,19,22,25,26,30,31>37,39,12,15,18,22,23,26,31,34,35,3,4,40,30
34,3,4,35,38,39,40,9,12,15,19,22,25,26,30,31>38,39,12,18,22,23,27,28,29,31,34,35,3,4,40,30
34,3,4,35,38,39,40,9,12,15,19,22,25,26,30,31>37,9,12,18,22,34,35,3,4,40,30
34,3,4,35,38,39,40,9,12,15,19,22,25,26,30,31>38,39,9,12,18,19,23,27,28,29,34,35,3,4,40,30
34,3,4,35,38,39,40,9,12,15,19,22,25,26,30,31>37,38,39,9,12,19,25,27,28,29,31,34,35,3,4,40,30
3,4,5,6,8,9,10,11,15,16,19,20,22,23,25,27,28,30,33,34,35,40>4,5,20,22,25,26,30,32,35,36,37,33,34,3,8,9,40,11,19,23,27,28
3,4,5,6,8,9,10,11,15,16,19,20,22,23,25,27,28,30,33,34,35,40>10,15,16,24,30,31,36,37,33,34,3,8,9,40,11,19,23,27,28
3,4,5,6,8,9,10,11,15,16,19,20,22,23,25,27,28,30,33,34,35,40>6,10,18,22,26,29,31,36,37,33,34,3,8,9,40,11,19,23,27,28
3,4,5,6,8,9,10,11,15,16,19,20,22,23,25,27,28,30,33,34,35,40>4,5,6,10,13,16,18,20,24,25,26,32,33,34,3,8,9,40,11,19,23,27,28
3,4,5,6,8,9,10,11,15,16,19,20,22,23,25,27,28,30,33,34,35,40>12,18,20,22,25,26,29,35,36,33,34,3,8,9,40,11,19,23,27,28
3,4,5,6,8,9,10,11,15,16,19,20,22,23,25,27,28,30,33,34,35,40>4,5,12,13,20,22,24,26,29,30,36,37,33,34,3,8,9,40,11,19,23,27,28
3,4,5,6,8,9,10,11,15,16,19,20,22,23,25,27,28,30,33,34,35,40>4,6,12,15,18,22,24,25,26,29,31,35,36,37,33,34,3,8,9,40,11,19,23,27,28
3,4,5,6,8,9,10,11,15,16,19,20,22,23,25,27,28,30,33,34,35,40>4,10,12,22,24,25,26,30,32,36,37,33,34,3,8,9,40,11,19,23,27,28
3,4,5,6,8,9,10,11,15,16,19,20,22,23,25,27,28,30,33,34,35,40>4,5,10,12,13,16,20,26,29,32,37,33,34,3,8,9,40,11,19,23,27,28
3,4,5,6,8,9,10,11,15,16,19,20,22,23,25,27,28,30,33,34,35,40>6,10,12,13,18,25,26,30,31,32,35,33,34,3,8,9,40,11,19,23,27,28
1,35,5,38,7,40,9,12,13,17,19,20,22,23,25,26,27,29>35,37,39,40,12,16,22,30,31,1,5,9,17,20,23,26,27,29
1,35,5,38,7,40,9,12,13,17,19,20,22,23,25,26,27,29>35,38,39,40,13,14,16,18,19,22,24,28,31,1,5,9,17,20,23,26,27,29
1,35,5,38,7,40,9,12,13,17,19,20,22,23,25,26,27,29>32,35,38,39,40,14,18,19,22,24,25,28,31,1,5,9,17,20,23,26,27,29
1,35,5,38,7,40,9,12,13,17,19,20,22,23,25,26,27,29>35,38,39,40,12,13,19,25,1,5,9,17,20,23,26,27,29
1,35,5,38,7,40,9,12,13,17,19,20,22,23,25,26,27,29>32,7,40,12,16,18,19,24,28,30,1,5,9,17,20,23,26,27,29
1,35,5,38,7,40,9,12,13,17,19,20,22,23,25,26,27,29>32,35,7,39,12,13,16,18,22,24,28,30,31,1,5,9,17,20,23,26,27,29
1,35,5,38,7,40,9,12,13,17,19,20,22,23,25,26,27,29>32,35,7,39,13,18,19,22,24,31,1,5,9,17,20,23,26,27,29
1,35,5,38,7,40,9,12,13,17,19,20,22,23,25,26,27,29>35,37,7,40,13,16,1,5,9,17,20,23,26,27,29
1,35,5,38,7,40,9,12,13,17,19,20,22,23,25,26,27,29>35,38,7,40,18,19,22,28,1,5,9,17,20,23,26,27,29
1,35,5,38,7,40,9,12,13,17,19,20,22,23,25,26,27,29>32,35,37,38,7,39,40,16,22,24,28,30,31,1,5,9,17,20,23,26,27,29
2,3,4,6,7,10,11,13,14,15,16,18,22,28,29,32,33,35,36,37,38>32,7,9,10,39,17,33,2,3,36,37,38,11,13,14,15,16,22,28,29
2,3,4,6,7,10,11,13,14,15,16,18,22,28,29,32,33,35,36,37,38>35,7,8,9,17,21,33,2,3,36,37,38,11,13,14,15,16,22,28,29
2,3,4,6,7,10,11,13,14,15,16,18,22,28,29,32,33,35,36,37,38>35,9,10,12,17,33,2,3,36,37,38,11,13,14,15,16,22,28,29
2,3,4,6,7,10,11,13,14,15,16,18,22,28,29,32,33,35,36,37,38>32,4,7,8,10,12,17,18,21,33,2,3,36,37,38,11,13,14,15,16,22,28,29
2,3,4,6,7,10,11,13,14,15,16,18,22,28,29,32,33,35,36,37,38>32,35,4,10,21,33,2,3,36,37,38,11,13,14,15,16,22,28,29
2,3,4,6,7,10,11,13,14,15,16,18,22,28,29,32,33,35,36,37,38>32,35,5,7,10,39,21,33,2,3,36,37,38,11,13,14,15,16,22,28,29
2,3,4,6,7,10,11,13,14,15,16,18,22,28,29,32,33,35,36,37,38>32,35,4,5,8,9,39,12,17,18,33,2,3,36,37,38,11,13,14,15,16,22,28,29
2,3,4,6,7,10,11,13,14,15,16,18,22,28,29,32,33,35,36,37,38>32,6,9,10,39,17,18,33,2,3,36,37,38,11,13,14,15,16,22,28,29
2,3,4,6,7,10,11,13,14,15,16,18,22,28,29,32,33,35,36,37,38>5,6,7,8,9,39,12,21,33,2,3,36,37,38,11,13,14,15,16,22,28,29
2,3,4,6,7,10,11,13,14,15,16,18,22,28,29,32,33,35,36,37,38>32,5,6,8,10,39,12,21,33,2,3,36,37,38,11,13,14,15,16,22,28,29
