CD45,CD8,TCRlig,TCbind,PAGCsk,LCK,Fyn,Rlk,TCRphos,ZAP70,cCbl,Itk,LAT,Gads,Slp76,PLCg_b,Grb2Sos,DAG,PLCg_a,Ras,RasGRP1,PKCth,IP3,Raf,MEK,Ca,ERK,SEK,IKK,Calcin,Rsk,Fos,JNK,IkB,CREB,Jun,CRE,AP1,NFkB,NFAT
32,1,36,6,7,39,40,10,13,15,16,18,19,20,21,22,26,29>5,8,9,11,12,40,14,15,19,23,1,39,7,13,16,18,20,21,22,29
32,1,36,6,7,39,40,10,13,15,16,18,19,20,21,22,26,29>5,8,11,19,26,30,1,39,7,13,16,18,20,21,22,29
3,4,5,6,7,35,36,39,17,18,19,23,29,30,31>37,6,7,8,9,40,19,20,26,31,35,3,4,5,39,18,23
3,4,5,6,7,35,36,39,17,18,19,23,29,30,31>36,37,6,7,9,17,22,35,3,4,5,39,18,23
32,2,35,4,37,7,39,11,14,15,18,20,22,23,27,28,29,30>33,5,18,20,21,24,26,31,32,2,37,39,15,22,28,29
32,2,35,4,37,7,39,11,14,15,18,20,22,23,27,28,29,30>4,40,9,14,20,21,23,26,27,30,32,2,37,39,15,22,28,29
1,34,3,4,5,6,36,37,39,10,40,12,13,14,15,16,19,20,22,29>36,6,7,9,10,40,18,22,24,28,1,3,4,12,13,14,15,16,19,29
1,34,3,4,5,6,36,37,39,10,40,12,13,14,15,16,19,20,22,29>34,36,6,7,8,9,10,11,37,39,40,17,20,24,28,1,3,4,12,13,14,15,16,19,29
2,34,4,5,35,40,9,11,12,13,14,15,18,22,26,31>4,5,37,40,9,11,16,17,18,21,26,28,29,2,35,34,14,15,22
2,34,4,5,35,40,9,11,12,13,14,15,18,22,26,31>4,5,37,11,12,13,17,18,21,28,29,31,2,35,34,14,15,22
2,3,5,6,8,10,13,14,15,16,18,21,22,24,25,26,27,28,29,30,35,36,38,40>32,4,6,38,39,11,17,18,19,20,31,2,3,5,8,40,13,14,15,16,21,22,25,27,28,29,30
2,3,5,6,8,10,13,14,15,16,18,21,22,24,25,26,27,28,29,30,35,36,38,40>35,37,38,17,19,26,2,3,5,8,40,13,14,15,16,21,22,25,27,28,29,30
32,33,2,3,5,38,8,9,40,12,14,15,22,26,27>33,34,38,39,26,27,28,30,32,2,3,5,15
32,33,2,3,5,38,8,9,40,12,14,15,22,26,27>4,9,40,28,29,30,32,2,3,5,15
1,33,3,6,38,39,9,12,17,18,19,21,22,23,26,29>33,5,7,8,9,10,36,38,17,19,28,30,1,3,39,18,21,22,23,26,29
1,33,3,6,38,39,9,12,17,18,19,21,22,23,26,29>33,5,6,8,12,17,19,20,28,1,3,39,18,21,22,23,26,29
32,2,34,35,36,6,38,8,9,12,21,26,27,30>35,6,9,10,27,32,2,34,38,8,30
32,2,34,35,36,6,38,8,9,12,21,26,27,30>35,36,37,9,10,12,20,26,32,2,34,38,8,30
34,35,36,5,6,37,9,14,15,17,18,25,26,30,31>6,8,9,10,14,18,20,26,31,34,35,37,5,15,30
34,35,36,5,6,37,9,14,15,17,18,25,26,30,31>36,6,8,40,14,20,22,27,34,35,37,5,15,30
