CD45,CD8,TCRlig,TCbind,PAGCsk,LCK,Fyn,Rlk,TCRphos,ZAP70,cCbl,Itk,LAT,Gads,Slp76,PLCg_b,Grb2Sos,DAG,PLCg_a,Ras,RasGRP1,PKCth,IP3,Raf,MEK,Ca,ERK,SEK,IKK,Calcin,Rsk,Fos,JNK,IkB,CREB,Jun,CRE,AP1,NFkB,NFAT
1,34,35,4,6,38,39,9,10,12,13,14,15,21,23,25,29,30,31>4,6,11,16,17,21,26,31,34,38,39,40,1,35,9,10,12,13,14,15
1,34,35,4,6,38,39,9,10,12,13,14,15,21,23,25,29,30,31>6,7,21,25,26,27,31,37,38,1,35,9,10,12,13,14,15
32,34,36,5,7,39,11,16,18,21,23,24,25,26,29,31>34,36,38,39,9,18,22,23,24,27,29,30,31,25,26,5
32,34,36,5,7,39,11,16,18,21,23,24,25,26,29,31>34,36,39,20,29,30,25,26,5
1,2,3,6,7,9,10,11,12,14,15,16,18,23,24,25,26,30,33,34,38>33,36,38,10,18,23,24,1,2,3,34,6,7,9,11,12,15,25,26,30
1,2,3,6,7,9,10,11,12,14,15,16,18,23,24,25,26,30,33,34,38>5,38,40,10,14,22,23,27,1,2,3,34,6,7,9,11,12,15,25,26,30
4,6,7,9,10,12,13,16,17,19,21,22,24,26,27,28,29,32,33,34,36,37>4,6,7,11,14,20,21,23,25,27,30,31,34,32,33,36,9,10,13,16,17,28,29
4,6,7,9,10,12,13,16,17,19,21,22,24,26,27,28,29,32,33,34,36,37>4,5,6,7,8,12,18,23,30,31,37,32,33,36,9,10,13,16,17,28,29
35,37,38,39,15,16,18,19,20,23,25>34,5,38,15,22,24,18,23,37,39
35,37,38,39,15,16,18,19,20,23,25>34,5,26,22,18,23,37,39
2,3,4,5,6,7,9,10,11,13,19,20,24,25,26,27,28,29,30,32,33,34,40>36,6,14,16,18,23,32,33,2,3,5,40,9,11,13,24,25,27,30
2,3,4,5,6,7,9,10,11,13,19,20,24,25,26,27,28,29,30,32,33,34,40>36,7,10,16,17,18,20,23,28,29,32,33,2,3,5,40,9,11,13,24,25,27,30
32,2,35,4,36,37,7,8,9,12,15,17,18,20,22,24,26,27,31>4,36,7,12,15,17,25,26,27,28,29,30,32,2,35,37,9,20,22,24,31
32,2,35,4,36,37,7,8,9,12,15,17,18,20,22,24,26,27,31>34,5,38,12,15,18,21,27,29,32,2,35,37,9,20,22,24,31
1,2,5,6,7,8,9,11,14,19,23,24,25,26,29,30,31,33,35,36,37,38,40>33,39,11,14,18,24,31,1,2,35,36,5,37,7,8,9,40,23,25,26,30
1,2,5,6,7,8,9,11,14,19,23,24,25,26,29,30,31,33,35,36,37,38,40>33,29,31,14,1,2,35,36,5,37,7,8,9,40,23,25,26,30
34,35,4,5,40,9,11,14,15,21,22,25,26,28,29,30>33,4,37,9,11,14,22,40,15,28,29,30
34,35,4,5,40,9,11,14,15,21,22,25,26,28,29,30>34,35,5,11,26,40,15,28,29,30
1,5,7,9,10,11,13,15,17,18,19,20,23,29,33,34,35,36,37,38,39,40>38,7,10,14,15,19,24,26,29,1,36,5,37,9,11,13,17,18,20,23
1,5,7,9,10,11,13,15,17,18,19,20,23,29,33,34,35,36,37,38,39,40>33,35,7,39,40,12,14,19,22,1,36,5,37,9,11,13,17,18,20,23
