CD45,CD8,TCRlig,TCbind,PAGCsk,LCK,Fyn,Rlk,TCRphos,ZAP70,cCbl,Itk,LAT,Gads,Slp76,PLCg_b,Grb2Sos,DAG,PLCg_a,Ras,RasGRP1,PKCth,IP3,Raf,MEK,Ca,ERK,SEK,IKK,Calcin,Rsk,Fos,JNK,IkB,CREB,Jun,CRE,AP1,NFkB,NFAT
1,33,35,5,39,8,10,11,13,14,15,20,21,22,23,24,26,28>36,10,12,17,21,22,23,25,29,30,1,33,5,39,11,13,14,15,20,24,26,28
1,33,35,5,39,8,10,11,13,14,15,20,21,22,23,24,26,28>34,35,36,37,8,12,16,21,25,29,30,1,33,5,39,11,13,14,15,20,24,26,28
1,2,4,6,7,10,12,13,14,15,17,18,19,21,23,29,32,33,34,35,37,39>35,39,11,19,20,21,22,1,2,37,6,7,12,13,14,15,17,18,23
1,2,4,6,7,10,12,13,14,15,17,18,19,21,23,29,32,33,34,35,37,39>32,33,34,4,5,36,39,8,16,19,22,29,1,2,37,6,7,12,13,14,15,17,18,23
1,3,4,36,6,39,8,10,11,12,14,16,18,19,20,24,27>32,10,12,13,14,15,16,27,1,3,39,8,11,18,24
1,3,4,36,6,39,8,10,11,12,14,16,18,19,20,24,27>32,34,36,9,23,25,31,1,3,39,8,11,18,24
2,3,4,6,7,9,10,11,13,14,16,17,21,22,23,24,25,28,30,32,33,35,37,38,40>4,7,8,10,15,20,21,24,26,29,35,36,39,33,2,3,37,40,9,11,13,14,16,17,25,28
2,3,4,6,7,9,10,11,13,14,16,17,21,22,23,24,25,28,30,32,33,35,37,38,40>4,6,8,20,21,22,23,24,29,30,32,38,39,33,2,3,37,40,9,11,13,14,16,17,25,28
1,4,5,6,8,9,10,13,20,21,22,23,24,25,26,27,29,30,31,34,37,38,39>4,5,6,7,38,39,40,21,23,28,1,8,9,10,13,20,24,25,26,27,29,30,31
1,4,5,6,8,9,10,13,20,21,22,23,24,25,26,27,29,30,31,34,37,38,39>35,4,5,6,37,38,39,11,14,16,17,21,22,28,1,8,9,10,13,20,24,25,26,27,29,30,31
1,33,34,35,36,37,38,8,9,40,13,14,15,18,19,20,27,29,30>32,35,8,13,19,20,23,24,29,30,1,36,37,40,14,15,18
1,33,34,35,36,37,38,8,9,40,13,14,15,18,19,20,27,29,30>32,34,5,38,16,19,20,22,1,36,37,40,14,15,18
33,2,3,4,34,35,37,9,11,13,14,15,17,19,21,25,26,29,30>33,40,9,11,18,19,26,27,2,3,37,14,15,17,30
33,2,3,4,34,35,37,9,11,13,14,15,17,19,21,25,26,29,30>35,36,13,18,19,20,21,23,29,2,3,37,14,15,17,30
32,3,35,5,37,7,8,38,12,15,16,17,21,22,25,26,27,29,30>28,12,15,38,32,3,37,5,27,29,30
32,3,35,5,37,7,8,38,12,15,16,17,21,22,25,26,27,29,30>38,39,12,17,20,22,26,31,32,3,37,5,27,29,30
1,3,5,9,10,12,13,15,17,18,19,20,21,22,24,26,27,28,30,31,32,35,38,40>33,39,11,14,15,23,27,29,32,1,3,35,5,40,12,13,17,18,20,21,22,24,28,30,31
1,3,5,9,10,12,13,15,17,18,19,20,21,22,24,26,27,28,30,31,32,35,38,40>33,34,37,14,15,16,19,23,25,29,32,1,3,35,5,40,12,13,17,18,20,21,22,24,28,30,31
32,33,34,36,5,7,8,40,12,14,20,23,24,25,28>8,9,14,20,23,27,28,33,34,36,5,24,25
32,33,34,36,5,7,8,40,12,14,20,23,24,25,28>38,7,8,9,40,12,23,26,28,33,34,36,5,24,25
