CD45,CD8,TCRlig,TCbind,PAGCsk,LCK,Fyn,Rlk,TCRphos,ZAP70,cCbl,Itk,LAT,Gads,Slp76,PLCg_b,Grb2Sos,DAG,PLCg_a,Ras,RasGRP1,PKCth,IP3,Raf,MEK,Ca,ERK,SEK,IKK,Calcin,Rsk,Fos,JNK,IkB,CREB,Jun,CRE,AP1,NFkB,NFAT
32,33,34,3,35,36,37,7,38,9,39,40,13,16,20,21,24,25,30>32,21,14,39,34,3,36,37,38,40,9,16,20,24,25
32,33,34,3,35,36,37,7,38,9,39,40,13,16,20,21,24,25,30>35,4,5,7,39,14,30,34,3,36,37,38,40,9,16,20,24,25
32,33,34,3,35,36,37,7,38,9,39,40,13,16,20,21,24,25,30>32,35,4,7,13,14,27,34,3,36,37,38,40,9,16,20,24,25
32,33,34,3,35,36,37,7,38,9,39,40,13,16,20,21,24,25,30>32,33,35,4,39,17,21,30,34,3,36,37,38,40,9,16,20,24,25
1,34,3,36,37,10,13,16,18,20,22,23,25,27,30,31>4,10,11,17,18,20,21,29,30,32,35,40,1,34,3,13,16,22,27,31
1,34,3,36,37,10,13,16,18,20,22,23,25,27,30,31>5,11,14,17,20,21,25,28,36,1,34,3,13,16,22,27,31
1,34,3,36,37,10,13,16,18,20,22,23,25,27,30,31>4,10,11,21,23,29,32,35,36,40,1,34,3,13,16,22,27,31
1,34,3,36,37,10,13,16,18,20,22,23,25,27,30,31>4,10,14,17,18,24,28,29,32,37,1,34,3,13,16,22,27,31
3,4,5,6,9,10,13,14,15,18,19,20,21,22,24,25,31,36,37,39,40>28,35,16,37,3,4,39,9,10,13,14,15,18,20,21,22,24,25
3,4,5,6,9,10,13,14,15,18,19,20,21,22,24,25,31,36,37,39,40>35,8,11,16,17,19,29,31,3,4,39,9,10,13,14,15,18,20,21,22,24,25
3,4,5,6,9,10,13,14,15,18,19,20,21,22,24,25,31,36,37,39,40>36,6,37,8,11,12,16,19,27,31,3,4,39,9,10,13,14,15,18,20,21,22,24,25
3,4,5,6,9,10,13,14,15,18,19,20,21,22,24,25,31,36,37,39,40>35,36,6,37,8,11,12,19,23,28,29,31,3,4,39,9,10,13,14,15,18,20,21,22,24,25
1,2,3,5,6,7,11,12,15,19,22,23,24,26,27,28,29,31,33,34,36,38,39>32,39,11,15,19,22,24,25,30,1,2,3,33,5,36,7,23,26,28,29,31
1,2,3,5,6,7,11,12,15,19,22,23,24,26,27,28,29,31,33,34,36,38,39>32,6,39,12,18,19,22,24,25,27,30,1,2,3,33,5,36,7,23,26,28,29,31
1,2,3,5,6,7,11,12,15,19,22,23,24,26,27,28,29,31,33,34,36,38,39>32,38,39,11,12,18,24,25,27,1,2,3,33,5,36,7,23,26,28,29,31
1,2,3,5,6,7,11,12,15,19,22,23,24,26,27,28,29,31,33,34,36,38,39>34,6,11,15,18,22,25,27,30,1,2,3,33,5,36,7,23,26,28,29,31
32,2,35,36,38,8,9,40,12,13,14,18,19,21,22,23,24,25,28,29>36,5,37,39,40,13,17,24,26,2,38,14,18,21,22,23,25,28,29
32,2,35,36,38,8,9,40,12,13,14,18,19,21,22,23,24,25,28,29>32,36,37,39,9,40,12,19,20,27,2,38,14,18,21,22,23,25,28,29
32,2,35,36,38,8,9,40,12,13,14,18,19,21,22,23,24,25,28,29>35,36,39,8,40,13,15,24,26,27,2,38,14,18,21,22,23,25,28,29
32,2,35,36,38,8,9,40,12,13,14,18,19,21,22,23,24,25,28,29>32,35,5,12,17,27,2,38,14,18,21,22,23,25,28,29
32,34,3,35,37,38,7,39,9,13,15,21,22,24,25,29>32,34,5,38,7,14,15,16,20,21,22,28,3,37,9,25,29
32,34,3,35,37,38,7,39,9,13,15,21,22,24,25,29>32,34,38,13,15,16,17,21,22,24,27,28,3,37,9,25,29
32,34,3,35,37,38,7,39,9,13,15,21,22,24,25,29>35,5,7,13,15,22,3,37,9,25,29
32,34,3,35,37,38,7,39,9,13,15,21,22,24,25,29>32,35,5,38,39,13,22,27,28,3,37,9,25,29
32,35,4,6,10,11,13,14,15,17,20,24,28,29,30,31>32,33,37,6,39,9,10,12,16,25,28,30,31,35,11,13,14,15,17,20,24
32,35,4,6,10,11,13,14,15,17,20,24,28,29,30,31>32,33,9,40,12,16,25,29,31,35,11,13,14,15,17,20,24
32,35,4,6,10,11,13,14,15,17,20,24,28,29,30,31>32,4,39,8,9,10,25,29,35,11,13,14,15,17,20,24
32,35,4,6,10,11,13,14,15,17,20,24,28,29,30,31>32,33,4,6,8,10,40,12,16,25,28,29,35,11,13,14,15,17,20,24
2,3,5,6,7,8,9,10,39,12,14,15,17,21,22,24,27,29,30>32,4,7,11,13,17,20,21,25,27,28,2,3,5,39,8,9,10,12,15,29
2,3,5,6,7,8,9,10,39,12,14,15,17,21,22,24,27,29,30>6,7,40,11,20,21,22,24,25,2,3,5,39,8,9,10,12,15,29
2,3,5,6,7,8,9,10,39,12,14,15,17,21,22,24,27,29,30>32,6,7,14,17,20,21,27,30,31,2,3,5,39,8,9,10,12,15,29
2,3,5,6,7,8,9,10,39,12,14,15,17,21,22,24,27,29,30>32,4,14,20,21,22,24,30,2,3,5,39,8,9,10,12,15,29
32,1,2,33,34,5,6,7,8,35,10,39,12,13,20,24,25,26,28,31>6,9,12,16,20,27,30,1,2,34,33,5,35,7,8,13,24,25
32,1,2,33,34,5,6,7,8,35,10,39,12,13,20,24,25,26,28,31>32,6,14,17,20,26,30,1,2,34,33,5,35,7,8,13,24,25
32,1,2,33,34,5,6,7,8,35,10,39,12,13,20,24,25,26,28,31>37,6,39,10,16,20,30,1,2,34,33,5,35,7,8,13,24,25
32,1,2,33,34,5,6,7,8,35,10,39,12,13,20,24,25,26,28,31>36,37,6,11,12,14,16,17,31,1,2,34,33,5,35,7,8,13,24,25
34,36,6,38,8,15,16,17,23,27,28,31>17,6,27,8,34,31
34,36,6,38,8,15,16,17,23,27,28,31>35,5,38,17,20,23,26,8,34,31
34,36,6,38,8,15,16,17,23,27,28,31>32,35,5,15,23,26,27,8,34,31
34,36,6,38,8,15,16,17,23,27,28,31>32,33,35,6,38,20,27,28,8,34,31
