CD45,CD8,TCRlig,TCbind,PAGCsk,LCK,Fyn,Rlk,TCRphos,ZAP70,cCbl,Itk,LAT,Gads,Slp76,PLCg_b,Grb2Sos,DAG,PLCg_a,Ras,RasGRP1,PKCth,IP3,Raf,MEK,Ca,ERK,SEK,IKK,Calcin,Rsk,Fos,JNK,IkB,CREB,Jun,CRE,AP1,NFkB,NFAT
33,34,3,38,8,40,12,20,21,22,23,26,27,30,31>32,33,36,12,24,28,29,34,3,40,20,26,30,31
33,34,3,38,8,40,12,20,21,22,23,26,27,30,31>33,5,38,21,22,24,27,28,29,34,3,40,20,26,30,31
33,34,3,38,8,40,12,20,21,22,23,26,27,30,31>32,33,4,38,8,12,22,24,29,34,3,40,20,26,30,31
33,34,3,38,8,40,12,20,21,22,23,26,27,30,31>32,4,38,8,12,21,23,24,34,3,40,20,26,30,31
1,33,3,35,38,39,8,40,13,15,16,17,25,26,27,28,31>32,5,38,13,20,26,30,1,33,3,35,39,16,17,27,31
1,33,3,35,38,39,8,40,13,15,16,17,25,26,27,28,31>34,5,37,38,13,20,26,28,1,33,3,35,39,16,17,27,31
1,33,3,35,38,39,8,40,13,15,16,17,25,26,27,28,31>34,37,8,38,13,14,25,28,1,33,3,35,39,16,17,27,31
1,33,3,35,38,39,8,40,13,15,16,17,25,26,27,28,31>32,34,4,40,13,14,15,26,28,30,1,33,3,35,39,16,17,27,31
32,2,3,5,6,7,40,9,10,12,17,19,20,21,22,23,24,26,27>6,8,11,12,17,19,21,27,40,32,2,3,5,9,10,20,23,24,26
32,2,3,5,6,7,40,9,10,12,17,19,20,21,22,23,24,26,27>6,7,11,12,17,21,25,39,40,32,2,3,5,9,10,20,23,24,26
32,2,3,5,6,7,40,9,10,12,17,19,20,21,22,23,24,26,27>6,7,8,11,12,18,21,27,30,32,2,3,5,9,10,20,23,24,26
32,2,3,5,6,7,40,9,10,12,17,19,20,21,22,23,24,26,27>4,6,7,22,30,31,34,39,32,2,3,5,9,10,20,23,24,26
1,4,6,7,9,10,11,13,14,15,17,18,20,21,23,27,29,33,34,35,36,37,38>18,21,22,27,29,32,34,35,38,1,36,37,7,9,11,13,14,15,17,20
1,4,6,7,9,10,11,13,14,15,17,18,20,21,23,27,29,33,34,35,36,37,38>12,21,22,23,24,27,29,32,34,38,1,36,37,7,9,11,13,14,15,17,20
1,4,6,7,9,10,11,13,14,15,17,18,20,21,23,27,29,33,34,35,36,37,38>8,12,16,21,22,23,31,34,35,1,36,37,7,9,11,13,14,15,17,20
1,4,6,7,9,10,11,13,14,15,17,18,20,21,23,27,29,33,34,35,36,37,38>4,5,6,8,16,18,22,23,24,26,27,29,31,33,34,35,1,36,37,7,9,11,13,14,15,17,20
1,3,6,8,9,10,11,12,14,19,22,24,25,26,30>5,6,10,13,14,15,18,24,27,28,34,39,1,3,8,11,25,30
1,3,6,8,9,10,11,12,14,19,22,24,25,26,30>5,7,9,10,15,19,22,24,26,27,28,1,3,8,11,25,30
1,3,6,8,9,10,11,12,14,19,22,24,25,26,30>6,7,12,14,15,18,19,28,39,40,1,3,8,11,25,30
1,3,6,8,9,10,11,12,14,19,22,24,25,26,30>5,6,7,10,15,18,22,24,27,28,29,34,39,40,1,3,8,11,25,30
2,5,6,7,10,11,12,13,14,15,16,17,19,20,21,22,23,24,28,29,30,31,34>33,6,8,21,22,26,30,2,5,11,12,13,14,15,16,17,19,20,23,24,28,29
2,5,6,7,10,11,12,13,14,15,16,17,19,20,21,22,23,24,28,29,30,31,34>34,7,8,18,30,31,2,5,11,12,13,14,15,16,17,19,20,23,24,28,29
2,5,6,7,10,11,12,13,14,15,16,17,19,20,21,22,23,24,28,29,30,31,34>33,35,7,8,9,40,18,22,25,31,2,5,11,12,13,14,15,16,17,19,20,23,24,28,29
2,5,6,7,10,11,12,13,14,15,16,17,19,20,21,22,23,24,28,29,30,31,34>34,35,7,8,10,26,30,31,2,5,11,12,13,14,15,16,17,19,20,23,24,28,29
3,4,6,11,12,13,14,17,19,20,21,23,26,27,30,31,32,35,36,37,40>4,8,9,11,13,16,18,19,21,24,32,3,35,37,40,14,17,20,23,26,30,31
3,4,6,11,12,13,14,17,19,20,21,23,26,27,30,31,32,35,36,37,40>34,4,6,38,11,13,15,18,19,21,24,32,3,35,37,40,14,17,20,23,26,30,31
3,4,6,11,12,13,14,17,19,20,21,23,26,27,30,31,32,35,36,37,40>34,36,6,38,8,9,39,12,13,15,16,24,27,32,3,35,37,40,14,17,20,23,26,30,31
3,4,6,11,12,13,14,17,19,20,21,23,26,27,30,31,32,35,36,37,40>34,4,36,38,11,12,18,21,32,3,35,37,40,14,17,20,23,26,30,31
32,1,33,35,5,6,37,8,10,11,12,14,16,19,27,29,30>33,35,7,13,16,27,29,31,32,1,37,5,8,11
32,1,33,35,5,6,37,8,10,11,12,14,16,19,27,29,30>35,40,12,13,16,30,32,1,37,5,8,11
32,1,33,35,5,6,37,8,10,11,12,14,16,19,27,29,30>33,35,6,7,39,40,13,18,27,30,31,32,1,37,5,8,11
32,1,33,35,5,6,37,8,10,11,12,14,16,19,27,29,30>35,36,39,40,10,12,13,14,15,27,29,32,1,37,5,8,11
32,1,2,33,34,5,8,9,10,40,13,15,16,20,24,25,27,30>33,36,12,17,31,32,1,2,34,5,40,13,16,24,25,27
32,1,2,33,34,5,8,9,10,40,13,15,16,20,24,25,27,30>33,8,11,12,15,17,20,30,31,32,1,2,34,5,40,13,16,24,25,27
32,1,2,33,34,5,8,9,10,40,13,15,16,20,24,25,27,30>36,8,9,10,11,15,32,1,2,34,5,40,13,16,24,25,27
32,1,2,33,34,5,8,9,10,40,13,15,16,20,24,25,27,30>33,36,8,9,10,15,19,20,31,32,1,2,34,5,40,13,16,24,25,27
1,2,33,4,38,7,13,14,19,20,21,24,29,30>36,38,39,13,16,17,23,25,29,1,2,7,14,20,24
1,2,33,4,38,7,13,14,19,20,21,24,29,30>33,4,6,9,39,17,18,23,29,30,1,2,7,14,20,24
1,2,33,4,38,7,13,14,19,20,21,24,29,30>5,36,38,40,13,19,25,30,1,2,7,14,20,24
1,2,33,4,38,7,13,14,19,20,21,24,29,30>6,36,39,13,15,16,19,23,1,2,7,14,20,24
