CD45,CD8,TCRlig,TCbind,PAGCsk,LCK,Fyn,Rlk,TCRphos,ZAP70,cCbl,Itk,LAT,Gads,Slp76,PLCg_b,Grb2Sos,DAG,PLCg_a,Ras,RasGRP1,PKCth,IP3,Raf,MEK,Ca,ERK,SEK,IKK,Calcin,Rsk,Fos,JNK,IkB,CREB,Jun,CRE,AP1,NFkB,NFAT
32,1,2,34,4,5,35,37,8,9,38,11,12,39,40,16,18,23,25,30>35,8,11,12,23,25,1,2,34,37,40
32,1,2,34,4,5,35,37,8,9,38,11,12,39,40,16,18,23,25,30>32,35,7,8,39,12,22,23,27,1,2,34,37,40
32,1,2,34,4,5,35,37,8,9,38,11,12,39,40,16,18,23,25,30>4,38,8,9,39,11,16,18,27,1,2,34,37,40
32,1,2,34,4,5,35,37,8,9,38,11,12,39,40,16,18,23,25,30>35,4,8,39,11,12,16,18,22,30,1,2,34,37,40
32,1,33,34,4,36,6,37,39,40,11,13,17,22,24,25,28,31>8,9,11,22,27,32,35,37,38,1,34,33,36,17,25,28
32,1,33,34,4,36,6,37,39,40,11,13,17,22,24,25,28,31>4,14,20,22,24,31,32,37,38,1,34,33,36,17,25,28
32,1,33,34,4,36,6,37,39,40,11,13,17,22,24,25,28,31>4,6,7,8,11,14,16,20,22,32,35,38,40,1,34,33,36,17,25,28
32,1,33,34,4,36,6,37,39,40,11,13,17,22,24,25,28,31>4,6,7,8,11,14,16,27,31,32,40,1,34,33,36,17,25,28
2,3,4,7,8,9,11,14,15,17,19,20,22,23,25,28,29,30,32,33,36,38,39,40>4,5,7,17,19,24,30,33,2,3,36,38,39,40,9,15,20,23,28,29
2,3,4,7,8,9,11,14,15,17,19,20,22,23,25,28,29,30,32,33,36,38,39,40>32,5,7,8,11,14,17,24,25,33,2,3,36,38,39,40,9,15,20,23,28,29
2,3,4,7,8,9,11,14,15,17,19,20,22,23,25,28,29,30,32,33,36,38,39,40>32,5,8,17,19,24,30,33,2,3,36,38,39,40,9,15,20,23,28,29
2,3,4,7,8,9,11,14,15,17,19,20,22,23,25,28,29,30,32,33,36,38,39,40>32,4,5,8,11,14,18,22,24,30,33,2,3,36,38,39,40,9,15,20,23,28,29
3,6,8,10,12,13,17,19,20,22,24,26,27,28,29,32,33,34,35,36,38>35,5,6,37,12,14,16,18,19,30,32,33,3,36,38,8,13,17,20,24,28,29
3,6,8,10,12,13,17,19,20,22,24,26,27,28,29,32,33,34,35,36,38>4,5,12,14,19,27,32,33,3,36,38,8,13,17,20,24,28,29
3,6,8,10,12,13,17,19,20,22,24,26,27,28,29,32,33,34,35,36,38>34,4,6,18,25,30,32,33,3,36,38,8,13,17,20,24,28,29
3,6,8,10,12,13,17,19,20,22,24,26,27,28,29,32,33,34,35,36,38>35,4,6,37,10,11,23,25,27,30,32,33,3,36,38,8,13,17,20,24,28,29
1,34,35,4,37,6,7,39,40,11,14,23,24,25,26,29,30>35,4,6,39,8,23,27,1,37,7,40,25,26,30
1,34,35,4,37,6,7,39,40,11,14,23,24,25,26,29,30>34,35,39,9,11,15,23,24,27,1,37,7,40,25,26,30
1,34,35,4,37,6,7,39,40,11,14,23,24,25,26,29,30>35,4,6,8,11,24,27,1,37,7,40,25,26,30
1,34,35,4,37,6,7,39,40,11,14,23,24,25,26,29,30>35,5,6,9,11,24,29,1,37,7,40,25,26,30
2,3,34,36,38,7,9,10,15,17,19,20,23,24,25,26,31>35,4,7,13,17,18,19,31,2,3,34,9,20,23,24,25,26
2,3,34,36,38,7,9,10,15,17,19,20,23,24,25,26,31>5,7,38,10,17,18,19,30,2,3,34,9,20,23,24,25,26
2,3,34,36,38,7,9,10,15,17,19,20,23,24,25,26,31>4,5,10,11,12,17,19,30,2,3,34,9,20,23,24,25,26
2,3,34,36,38,7,9,10,15,17,19,20,23,24,25,26,31>35,4,5,38,10,11,13,15,17,19,31,2,3,34,9,20,23,24,25,26
32,33,36,37,6,38,8,10,11,16,19,21,22,24,26,27,28,29,30,31>35,37,39,13,16,19,23,24,25,26,32,33,36,38,8,11,28,29,30,31
32,33,36,37,6,38,8,10,11,16,19,21,22,24,26,27,28,29,30,31>35,6,37,39,18,24,25,32,33,36,38,8,11,28,29,30,31
32,33,36,37,6,38,8,10,11,16,19,21,22,24,26,27,28,29,30,31>35,6,40,13,18,19,24,26,32,33,36,38,8,11,28,29,30,31
32,33,36,37,6,38,8,10,11,16,19,21,22,24,26,27,28,29,30,31>5,6,16,20,21,22,24,25,27,32,33,36,38,8,11,28,29,30,31
32,4,5,6,37,8,38,10,11,12,13,15,20,23,24,26,29,31>32,35,4,6,9,10,15,17,23,25,29,31,8,11,12,13,24,26
32,4,5,6,37,8,38,10,11,12,13,15,20,23,24,26,29,31>32,35,5,6,37,39,14,15,17,25,30,31,8,11,12,13,24,26
32,4,5,6,37,8,38,10,11,12,13,15,20,23,24,26,29,31>4,5,37,38,17,23,29,31,8,11,12,13,24,26
32,4,5,6,37,8,38,10,11,12,13,15,20,23,24,26,29,31>32,35,4,38,10,39,14,15,17,20,25,29,30,31,8,11,12,13,24,26
1,6,7,8,9,13,14,16,17,18,19,23,26,29,31,32,36,37,38,39,40>6,40,10,15,20,22,31,1,38,7,8,9,39,14,16,17,18,23,26
1,6,7,8,9,13,14,16,17,18,19,23,26,29,31,32,36,37,38,39,40>35,40,10,20,29,30,1,38,7,8,9,39,14,16,17,18,23,26
1,6,7,8,9,13,14,16,17,18,19,23,26,29,31,32,36,37,38,39,40>32,35,5,6,40,10,15,22,29,31,1,38,7,8,9,39,14,16,17,18,23,26
1,6,7,8,9,13,14,16,17,18,19,23,26,29,31,32,36,37,38,39,40>35,5,37,10,13,22,31,1,38,7,8,9,39,14,16,17,18,23,26
1,2,35,4,7,40,9,10,12,14,16,18,20,21,23,24,27,29,30>4,5,10,12,13,15,16,18,30,37,1,2,7,40,9,20,24
1,2,35,4,7,40,9,10,12,14,16,18,20,21,23,24,27,29,30>4,5,10,12,13,14,15,16,18,21,26,31,32,37,39,1,2,7,40,9,20,24
1,2,35,4,7,40,9,10,12,14,16,18,20,21,23,24,27,29,30>6,11,12,13,14,21,22,23,25,26,27,29,32,35,39,1,2,7,40,9,20,24
1,2,35,4,7,40,9,10,12,14,16,18,20,21,23,24,27,29,30>4,5,6,12,13,14,18,22,23,26,30,32,37,1,2,7,40,9,20,24
