CD45,CD8,TCRlig,TCbind,PAGCsk,LCK,Fyn,Rlk,TCRphos,ZAP70,cCbl,Itk,LAT,Gads,Slp76,PLCg_b,Grb2Sos,DAG,PLCg_a,Ras,RasGRP1,PKCth,IP3,Raf,MEK,Ca,ERK,SEK,IKK,Calcin,Rsk,Fos,JNK,IkB,CREB,Jun,CRE,AP1,NFkB,NFAT
1,2,4,8,10,12,16,17,18,19,20,21,22,26,27,28,29,30,31,33,35,38>4,6,7,8,12,13,17,23,27,36,37,38,40,1,2,35,33,18,20,21,22,28,29,30,31
1,2,4,8,10,12,16,17,18,19,20,21,22,26,27,28,29,30,31,33,35,38>4,7,10,12,23,26,32,36,40,1,2,35,33,18,20,21,22,28,29,30,31
1,2,4,8,10,12,16,17,18,19,20,21,22,26,27,28,29,30,31,33,35,38>4,7,10,11,13,19,23,24,27,37,38,39,1,2,35,33,18,20,21,22,28,29,30,31
1,2,4,8,10,12,16,17,18,19,20,21,22,26,27,28,29,30,31,33,35,38>4,6,7,8,16,19,23,26,27,32,38,40,1,2,35,33,18,20,21,22,28,29,30,31
3,4,5,6,7,8,9,10,14,16,17,18,20,21,23,25,29,32,33,34,36,37,38>13,14,15,17,18,24,25,29,33,34,37,3,4,5,36,38,8,9,10,20
3,4,5,6,7,8,9,10,14,16,17,18,20,21,23,25,29,32,33,34,36,37,38>7,11,13,18,21,24,25,27,33,3,4,5,36,38,8,9,10,20
3,4,5,6,7,8,9,10,14,16,17,18,20,21,23,25,29,32,33,34,36,37,38>7,11,13,14,15,16,22,23,24,25,26,29,32,33,34,37,3,4,5,36,38,8,9,10,20
3,4,5,6,7,8,9,10,14,16,17,18,20,21,23,25,29,32,33,34,36,37,38>6,7,11,13,14,15,16,18,21,22,25,27,33,34,3,4,5,36,38,8,9,10,20
1,2,5,9,10,11,13,15,18,19,20,21,22,23,27,29,30,31,32,34,36,39,40>34,39,9,17,19,27,28,32,1,2,5,40,11,13,18,20,21,22,23,29,31
1,2,5,9,10,11,13,15,18,19,20,21,22,23,27,29,30,31,32,34,36,39,40>35,9,16,24,27,30,32,1,2,5,40,11,13,18,20,21,22,23,29,31
1,2,5,9,10,11,13,15,18,19,20,21,22,23,27,29,30,31,32,34,36,39,40>34,36,9,10,15,16,24,26,30,32,1,2,5,40,11,13,18,20,21,22,23,29,31
1,2,5,9,10,11,13,15,18,19,20,21,22,23,27,29,30,31,32,34,36,39,40>34,36,38,39,12,15,17,19,32,1,2,5,40,11,13,18,20,21,22,23,29,31
1,2,6,7,9,11,12,13,15,16,17,18,19,21,22,26,28,30,32,33,35,37,38,39>32,5,38,8,11,14,15,23,1,2,33,37,6,7,39,9,16,17,18,21,22,28,30
1,2,6,7,9,11,12,13,15,16,17,18,19,21,22,26,28,30,32,33,35,37,38,39>32,34,35,36,5,12,13,15,19,20,23,26,1,2,33,37,6,7,39,9,16,17,18,21,22,28,30
1,2,6,7,9,11,12,13,15,16,17,18,19,21,22,26,28,30,32,33,35,37,38,39>35,36,8,40,13,14,15,19,20,1,2,33,37,6,7,39,9,16,17,18,21,22,28,30
1,2,6,7,9,11,12,13,15,16,17,18,19,21,22,26,28,30,32,33,35,37,38,39>32,34,35,36,38,8,40,19,29,1,2,33,37,6,7,39,9,16,17,18,21,22,28,30
2,3,4,34,35,36,38,9,39,13,15,17,21,22,26,27,28,31>32,33,38,9,26,27,29,2,35,3,4,34,17,28,31
2,3,4,34,35,36,38,9,39,13,15,17,21,22,26,27,28,31>32,33,38,39,9,13,15,20,21,22,26,27,30,2,35,3,4,34,17,28,31
2,3,4,34,35,36,38,9,39,13,15,17,21,22,26,27,28,31>36,38,14,16,21,2,35,3,4,34,17,28,31
2,3,4,34,35,36,38,9,39,13,15,17,21,22,26,27,28,31>33,36,38,15,20,26,27,29,30,2,35,3,4,34,17,28,31
1,2,6,8,9,11,14,15,16,18,20,21,22,24,27,30,31,32,33,36,38,39>5,14,16,27,28,29,30,32,1,2,36,6,38,8,39,15,20,21,22,24,31
1,2,6,8,9,11,14,15,16,18,20,21,22,24,27,30,31,32,33,36,38,39>33,34,40,14,16,25,27,30,32,1,2,36,6,38,8,39,15,20,21,22,24,31
1,2,6,8,9,11,14,15,16,18,20,21,22,24,27,30,31,32,33,36,38,39>33,34,5,40,11,14,30,32,1,2,36,6,38,8,39,15,20,21,22,24,31
1,2,6,8,9,11,14,15,16,18,20,21,22,24,27,30,31,32,33,36,38,39>34,35,5,7,11,14,18,27,29,32,1,2,36,6,38,8,39,15,20,21,22,24,31
1,3,4,6,8,11,12,16,17,18,20,21,22,23,25,26,27,28,29,30,31,35,38,40>33,6,39,11,12,16,17,24,1,3,35,8,40,20,21,22,26,27,28,29,30,31
1,3,4,6,8,11,12,16,17,18,20,21,22,23,25,26,27,28,29,30,31,35,38,40>32,33,6,7,38,39,11,18,23,25,1,3,35,8,40,20,21,22,26,27,28,29,30,31
1,3,4,6,8,11,12,16,17,18,20,21,22,23,25,26,27,28,29,30,31,35,38,40>32,4,37,6,9,39,11,12,16,17,18,1,3,35,8,40,20,21,22,26,27,28,29,30,31
1,3,4,6,8,11,12,16,17,18,20,21,22,23,25,26,27,28,29,30,31,35,38,40>33,4,6,38,9,16,17,24,1,3,35,8,40,20,21,22,26,27,28,29,30,31
1,2,3,4,6,7,8,9,10,12,14,15,17,18,19,23,25,26,28,30,32,33,35,36,37,38,39>32,40,13,17,20,22,25,27,28,1,2,3,4,33,6,7,8,9,10,36,12,37,38,15,39,18,23,26,30
1,2,3,4,6,7,8,9,10,12,14,15,17,18,19,23,25,26,28,30,32,33,35,36,37,38,39>14,32,11,17,1,2,3,4,33,6,7,8,9,10,36,12,37,38,15,39,18,23,26,30
1,2,3,4,6,7,8,9,10,12,14,15,17,18,19,23,25,26,28,30,32,33,35,36,37,38,39>35,5,11,13,14,25,1,2,3,4,33,6,7,8,9,10,36,12,37,38,15,39,18,23,26,30
1,2,3,4,6,7,8,9,10,12,14,15,17,18,19,23,25,26,28,30,32,33,35,36,37,38,39>32,34,13,14,19,25,27,1,2,3,4,33,6,7,8,9,10,36,12,37,38,15,39,18,23,26,30
2,3,4,5,6,7,9,12,13,15,18,19,20,23,24,25,26,27,28,29,34,36,37,38,39,40>10,13,14,16,22,28,29,30,31,33,36,38,40,2,3,4,5,9,18,23,24,25,26,27
2,3,4,5,6,7,9,12,13,15,18,19,20,23,24,25,26,27,28,29,34,36,37,38,39,40>7,12,13,14,15,17,20,28,29,31,32,33,37,39,2,3,4,5,9,18,23,24,25,26,27
2,3,4,5,6,7,9,12,13,15,18,19,20,23,24,25,26,27,28,29,34,36,37,38,39,40>10,13,15,16,17,20,22,32,39,2,3,4,5,9,18,23,24,25,26,27
2,3,4,5,6,7,9,12,13,15,18,19,20,23,24,25,26,27,28,29,34,36,37,38,39,40>6,7,8,10,15,16,17,19,20,29,30,36,37,38,40,2,3,4,5,9,18,23,24,25,26,27
33,2,35,4,6,38,40,10,11,12,13,18,19,22,24,27,28,29>10,16,17,19,23,31,32,35,36,38,39,40,33,2,11,13,18,22,28,29
33,2,35,4,6,38,40,10,11,12,13,18,19,22,24,27,28,29>8,12,17,23,24,27,31,32,37,39,33,2,11,13,18,22,28,29
33,2,35,4,6,38,40,10,11,12,13,18,19,22,24,27,28,29>6,8,12,14,24,27,32,35,37,33,2,11,13,18,22,28,29
33,2,35,4,6,38,40,10,11,12,13,18,19,22,24,27,28,29>9,14,16,17,24,31,37,38,33,2,11,13,18,22,28,29
