CD45,CD8,TCRlig,TCbind,PAGCsk,LCK,Fyn,Rlk,TCRphos,ZAP70,cCbl,Itk,LAT,Gads,Slp76,PLCg_b,Grb2Sos,DAG,PLCg_a,Ras,RasGRP1,PKCth,IP3,Raf,MEK,Ca,ERK,SEK,IKK,Calcin,Rsk,Fos,JNK,IkB,CREB,Jun,CRE,AP1,NFkB,NFAT
1,2,4,6,7,8,9,11,12,14,15,16,18,19,24,26,27,28,31,34,35,37,39,40>39,11,23,25,26,1,2,34,35,37,6,7,8,9,15,18,31
1,2,4,6,7,8,9,11,12,14,15,16,18,19,24,26,27,28,31,34,35,37,39,40>32,4,12,23,25,26,27,1,2,34,35,37,6,7,8,9,15,18,31
1,2,4,6,7,8,9,11,12,14,15,16,18,19,24,26,27,28,31,34,35,37,39,40>33,4,40,12,14,19,22,24,27,28,30,1,2,34,35,37,6,7,8,9,15,18,31
1,2,4,6,7,8,9,11,12,14,15,16,18,19,24,26,27,28,31,34,35,37,39,40>32,33,4,5,40,11,14,16,19,22,24,1,2,34,35,37,6,7,8,9,15,18,31
2,3,4,7,8,9,11,13,14,17,18,19,24,25,26,27,30,33,34,35,36,38>7,8,13,16,19,22,23,26,31,35,40,2,3,34,36,9,14,17,18,25,27,30
2,3,4,7,8,9,11,13,14,17,18,19,24,25,26,27,30,33,34,35,36,38>7,16,19,22,23,26,31,35,37,38,40,2,3,34,36,9,14,17,18,25,27,30
2,3,4,7,8,9,11,13,14,17,18,19,24,25,26,27,30,33,34,35,36,38>5,11,13,15,16,20,23,32,33,37,40,2,3,34,36,9,14,17,18,25,27,30
2,3,4,7,8,9,11,13,14,17,18,19,24,25,26,27,30,33,34,35,36,38>5,7,8,13,15,31,35,2,3,34,36,9,14,17,18,25,27,30
1,2,3,4,5,6,8,9,10,12,16,20,24,25,26,27,28,29,34,35,37,38,40>34,5,6,38,11,12,16,30,1,2,3,4,37,8,9,10,24,25,27
1,2,3,4,5,6,8,9,10,12,16,20,24,25,26,27,28,29,34,35,37,38,40>32,34,6,16,20,26,28,29,30,1,2,3,4,37,8,9,10,24,25,27
1,2,3,4,5,6,8,9,10,12,16,20,24,25,26,27,28,29,34,35,37,38,40>34,35,7,38,40,16,26,28,29,1,2,3,4,37,8,9,10,24,25,27
1,2,3,4,5,6,8,9,10,12,16,20,24,25,26,27,28,29,34,35,37,38,40>32,34,35,5,6,7,40,12,30,1,2,3,4,37,8,9,10,24,25,27
1,2,4,6,9,11,12,13,15,16,17,18,20,21,22,23,25,26,27,28,31,33,34,35,36,37,38>4,7,11,12,14,24,30,1,2,33,34,35,6,36,37,9,16,17,20,21,22,26,27,28,31
1,2,4,6,9,11,12,13,15,16,17,18,20,21,22,23,25,26,27,28,31,33,34,35,36,37,38>32,38,8,12,14,15,18,25,29,30,1,2,33,34,35,6,36,37,9,16,17,20,21,22,26,27,28,31
1,2,4,6,9,11,12,13,15,16,17,18,20,21,22,23,25,26,27,28,31,33,34,35,36,37,38>4,38,7,11,12,13,15,23,29,1,2,33,34,35,6,36,37,9,16,17,20,21,22,26,27,28,31
1,2,4,6,9,11,12,13,15,16,17,18,20,21,22,23,25,26,27,28,31,33,34,35,36,37,38>32,4,38,8,14,15,24,25,1,2,33,34,35,6,36,37,9,16,17,20,21,22,26,27,28,31
33,2,36,6,38,8,9,13,14,15,18,23,27,29,31>33,39,9,16,22,26,2,36,8,14,15,31
33,2,36,6,38,8,9,13,14,15,18,23,27,29,31>35,5,38,39,10,16,18,22,26,29,2,36,8,14,15,31
33,2,36,6,38,8,9,13,14,15,18,23,27,29,31>32,35,38,10,18,23,2,36,8,14,15,31
33,2,36,6,38,8,9,13,14,15,18,23,27,29,31>33,35,6,39,9,10,16,18,23,27,2,36,8,14,15,31
32,1,33,3,37,6,38,8,39,13,14,15,16,17,18,22,23,29>32,6,36,37,38,13,20,26,1,3,39,8,14,15,16,17,22,29
32,1,33,3,37,6,38,8,39,13,14,15,16,17,18,22,23,29>32,33,5,7,36,21,1,3,39,8,14,15,16,17,22,29
32,1,33,3,37,6,38,8,39,13,14,15,16,17,18,22,23,29>4,6,7,37,20,23,1,3,39,8,14,15,16,17,22,29
32,1,33,3,37,6,38,8,39,13,14,15,16,17,18,22,23,29>32,4,36,20,21,23,28,1,3,39,8,14,15,16,17,22,29
32,2,35,4,36,6,7,8,9,15,16,24,25,27,28,29,30>38,39,40,15,16,24,31,32,2,8,9,25,27
32,2,35,4,36,6,7,8,9,15,16,24,25,27,28,29,30>4,5,7,37,10,40,16,28,30,31,32,2,8,9,25,27
32,2,35,4,36,6,7,8,9,15,16,24,25,27,28,29,30>33,4,7,36,10,16,28,30,32,2,8,9,25,27
32,2,35,4,36,6,7,8,9,15,16,24,25,27,28,29,30>35,4,5,7,38,40,24,30,32,2,8,9,25,27
32,1,2,3,34,6,9,10,11,12,14,19,23,25,26,27,28,29,30>5,9,10,13,14,18,25,31,32,1,2,3,6,11,23,26,27,30
32,1,2,3,34,6,9,10,11,12,14,19,23,25,26,27,28,29,30>34,7,9,13,15,19,25,32,1,2,3,6,11,23,26,27,30
32,1,2,3,34,6,9,10,11,12,14,19,23,25,26,27,28,29,30>5,8,10,12,14,18,28,29,32,1,2,3,6,11,23,26,27,30
32,1,2,3,34,6,9,10,11,12,14,19,23,25,26,27,28,29,30>5,8,9,12,13,18,19,25,28,29,31,32,1,2,3,6,11,23,26,27,30
1,2,4,5,6,7,8,11,12,13,15,18,19,21,22,27,28,31,32,34,35,36,37,40>6,40,9,11,12,13,14,16,17,19,20,27,29,32,1,2,34,35,5,37,7,8,18,21,22,28,31
1,2,4,5,6,7,8,11,12,13,15,18,19,21,22,27,28,31,32,34,35,36,37,40>33,6,38,11,12,14,15,16,19,20,29,32,1,2,34,35,5,37,7,8,18,21,22,28,31
1,2,4,5,6,7,8,11,12,13,15,18,19,21,22,27,28,31,32,34,35,36,37,40>33,4,6,9,13,14,16,19,23,27,32,1,2,34,35,5,37,7,8,18,21,22,28,31
1,2,4,5,6,7,8,11,12,13,15,18,19,21,22,27,28,31,32,34,35,36,37,40>33,40,9,12,13,14,17,19,23,29,32,1,2,34,35,5,37,7,8,18,21,22,28,31
34,36,37,6,40,9,13,15,16,19,20,23,24,25,27,28,29,31>5,10,15,19,20,26,28,29,33,34,36,16,23,24,25,27,31
34,36,37,6,40,9,13,15,16,19,20,23,24,25,27,28,29,31>5,6,9,13,14,17,20,26,29,33,34,35,16,23,24,25,27,31
34,36,37,6,40,9,13,15,16,19,20,23,24,25,27,28,29,31>8,9,13,18,20,29,32,33,34,35,36,37,40,16,23,24,25,27,31
34,36,37,6,40,9,13,15,16,19,20,23,24,25,27,28,29,31>5,6,10,13,20,26,29,32,33,34,36,37,16,23,24,25,27,31
