CD45,CD8,TCRlig,TCbind,PAGCsk,LCK,Fyn,Rlk,TCRphos,ZAP70,cCbl,Itk,LAT,Gads,Slp76,PLCg_b,Grb2Sos,DAG,PLCg_a,Ras,RasGRP1,PKCth,IP3,Raf,MEK,Ca,ERK,SEK,IKK,Calcin,Rsk,Fos,JNK,IkB,CREB,Jun,CRE,AP1,NFkB,NFAT
3,35,36,37,7,39,40,11,13,14,15,17,18,19,23,26,27,28,29,31>33,40,16,19,28,29,30,35,3,37,39,14,15,17,18,23,26,31
3,35,36,37,7,39,40,11,13,14,15,17,18,19,23,26,27,28,29,31>32,5,16,19,20,27,28,29,30,35,3,37,39,14,15,17,18,23,26,31
3,35,36,37,7,39,40,11,13,14,15,17,18,19,23,26,27,28,29,31>33,5,40,9,11,13,16,19,22,27,28,35,3,37,39,14,15,17,18,23,26,31
3,35,36,37,7,39,40,11,13,14,15,17,18,19,23,26,27,28,29,31>36,5,40,9,13,16,19,20,35,3,37,39,14,15,17,18,23,26,31
3,35,36,37,7,39,40,11,13,14,15,17,18,19,23,26,27,28,29,31>32,5,7,40,9,19,20,27,28,35,3,37,39,14,15,17,18,23,26,31
3,35,36,37,7,39,40,11,13,14,15,17,18,19,23,26,27,28,29,31>32,33,36,5,7,40,11,16,22,28,35,3,37,39,14,15,17,18,23,26,31
1,3,4,6,7,8,11,12,14,17,19,25,26,28,29,31,33,34,35,38,39>4,6,17,19,23,25,26,27,28,29,31,34,36,37,38,1,33,3,35,7,8
1,3,4,6,7,8,11,12,14,17,19,25,26,28,29,31,33,34,35,38,39>5,6,14,15,18,29,31,34,36,1,33,3,35,7,8
1,3,4,6,7,8,11,12,14,17,19,25,26,28,29,31,33,34,35,38,39>5,6,9,15,18,20,23,27,30,36,38,39,1,33,3,35,7,8
1,3,4,6,7,8,11,12,14,17,19,25,26,28,29,31,33,34,35,38,39>4,5,6,9,12,17,19,23,27,30,31,34,36,39,1,33,3,35,7,8
1,3,4,6,7,8,11,12,14,17,19,25,26,28,29,31,33,34,35,38,39>11,15,19,20,25,26,27,29,30,31,34,36,38,1,33,3,35,7,8
1,3,4,6,7,8,11,12,14,17,19,25,26,28,29,31,33,34,35,38,39>4,5,6,9,11,12,15,17,19,20,23,29,30,31,34,36,38,1,33,3,35,7,8
32,36,6,39,8,40,13,14,16,18,19,20,21,23,24,26,27,28,29,31>35,13,17,25,28,29,32,39,8,14,16,18,20,23,24,26,31
32,36,6,39,8,40,13,14,16,18,19,20,21,23,24,26,27,28,29,31>35,36,40,15,21,22,27,28,29,32,39,8,14,16,18,20,23,24,26,31
32,36,6,39,8,40,13,14,16,18,19,20,21,23,24,26,27,28,29,31>33,35,36,5,17,19,27,28,29,32,39,8,14,16,18,20,23,24,26,31
32,36,6,39,8,40,13,14,16,18,19,20,21,23,24,26,27,28,29,31>6,40,15,19,22,25,27,28,29,32,39,8,14,16,18,20,23,24,26,31
32,36,6,39,8,40,13,14,16,18,19,20,21,23,24,26,27,28,29,31>33,5,6,40,13,17,19,22,27,28,29,30,32,39,8,14,16,18,20,23,24,26,31
32,36,6,39,8,40,13,14,16,18,19,20,21,23,24,26,27,28,29,31>33,35,5,6,15,21,22,25,27,28,32,39,8,14,16,18,20,23,24,26,31
2,3,4,6,9,11,12,13,14,15,18,20,21,22,24,25,27,32,33,35,36,37,39,40>35,38,8,40,11,12,13,17,18,29,32,2,3,36,37,39,9,14,15,20,21,22,24,25,27
2,3,4,6,9,11,12,13,14,15,18,20,21,22,24,25,27,32,33,35,36,37,39,40>34,4,8,11,12,13,16,18,32,2,3,36,37,39,9,14,15,20,21,22,24,25,27
2,3,4,6,9,11,12,13,14,15,18,20,21,22,24,25,27,32,33,35,36,37,39,40>6,38,8,40,11,17,28,32,2,3,36,37,39,9,14,15,20,21,22,24,25,27
2,3,4,6,9,11,12,13,14,15,18,20,21,22,24,25,27,32,33,35,36,37,39,40>6,38,8,40,12,17,18,28,29,31,32,2,3,36,37,39,9,14,15,20,21,22,24,25,27
2,3,4,6,9,11,12,13,14,15,18,20,21,22,24,25,27,32,33,35,36,37,39,40>33,34,35,6,40,11,16,17,18,28,31,32,2,3,36,37,39,9,14,15,20,21,22,24,25,27
2,3,4,6,9,11,12,13,14,15,18,20,21,22,24,25,27,32,33,35,36,37,39,40>35,4,6,38,12,13,16,17,28,29,31,32,2,3,36,37,39,9,14,15,20,21,22,24,25,27
1,2,3,4,6,7,8,10,11,14,15,16,17,19,20,22,23,24,25,26,27,29,30,31,33,34,35,37>33,36,9,10,14,16,17,28,1,2,3,35,37,6,7,8,11,15,19,20,23,24,25,26,27,29,30,31
1,2,3,4,6,7,8,10,11,14,15,16,17,19,20,22,23,24,25,26,27,29,30,31,33,34,35,37>33,34,36,40,14,17,18,22,1,2,3,35,37,6,7,8,11,15,19,20,23,24,25,26,27,29,30,31
1,2,3,4,6,7,8,10,11,14,15,16,17,19,20,22,23,24,25,26,27,29,30,31,33,34,35,37>32,33,34,40,9,10,13,14,16,18,22,28,1,2,3,35,37,6,7,8,11,15,19,20,23,24,25,26,27,29,30,31
1,2,3,4,6,7,8,10,11,14,15,16,17,19,20,22,23,24,25,26,27,29,30,31,33,34,35,37>34,4,36,13,14,16,18,22,1,2,3,35,37,6,7,8,11,15,19,20,23,24,25,26,27,29,30,31
1,2,3,4,6,7,8,10,11,14,15,16,17,19,20,22,23,24,25,26,27,29,30,31,33,34,35,37>32,34,5,40,9,12,13,17,28,1,2,3,35,37,6,7,8,11,15,19,20,23,24,25,26,27,29,30,31
1,2,3,4,6,7,8,10,11,14,15,16,17,19,20,22,23,24,25,26,27,29,30,31,33,34,35,37>32,33,34,4,5,40,9,10,12,16,17,18,28,1,2,3,35,37,6,7,8,11,15,19,20,23,24,25,26,27,29,30,31
2,4,7,8,9,10,11,16,21,22,23,24,25,27,28,29,31,32,33,38,39>38,13,20,21,23,26,32,33,2,39,9,11,25,27,28,29,31
2,4,7,8,9,10,11,16,21,22,23,24,25,27,28,29,31,32,33,38,39>5,8,38,13,16,20,32,33,2,39,9,11,25,27,28,29,31
2,4,7,8,9,10,11,16,21,22,23,24,25,27,28,29,31,32,33,38,39>35,36,38,10,13,21,24,32,33,2,39,9,11,25,27,28,29,31
2,4,7,8,9,10,11,16,21,22,23,24,25,27,28,29,31,32,33,38,39>4,5,7,8,38,10,22,23,24,32,33,2,39,9,11,25,27,28,29,31
2,4,7,8,9,10,11,16,21,22,23,24,25,27,28,29,31,32,33,38,39>36,7,38,16,23,26,32,33,2,39,9,11,25,27,28,29,31
2,4,7,8,9,10,11,16,21,22,23,24,25,27,28,29,31,32,33,38,39>5,36,7,10,16,20,21,23,32,33,2,39,9,11,25,27,28,29,31
2,4,5,8,11,12,13,16,18,19,21,22,24,26,27,29,32,33,34,38,40>13,23,25,27,28,34,40,32,2,16,18,21,22,29
2,4,5,8,11,12,13,16,18,19,21,22,24,26,27,29,32,33,34,38,40>5,8,13,14,19,20,24,28,34,38,32,2,16,18,21,22,29
2,4,5,8,11,12,13,16,18,19,21,22,24,26,27,29,32,33,34,38,40>5,11,13,17,19,20,24,26,33,34,40,32,2,16,18,21,22,29
2,4,5,8,11,12,13,16,18,19,21,22,24,26,27,29,32,33,34,38,40>5,8,11,23,24,27,28,30,31,34,38,32,2,16,18,21,22,29
2,4,5,8,11,12,13,16,18,19,21,22,24,26,27,29,32,33,34,38,40>11,12,14,19,20,23,24,25,26,30,34,36,38,40,32,2,16,18,21,22,29
2,4,5,8,11,12,13,16,18,19,21,22,24,26,27,29,32,33,34,38,40>4,8,11,12,13,14,19,26,28,30,31,34,36,40,32,2,16,18,21,22,29
32,33,34,35,36,37,6,38,39,9,14,15,21,22,23,24,25,27,29>33,34,39,14,22,23,24,26,28,31,32,36,37,38,15,25,27,29
32,33,34,35,36,37,6,38,39,9,14,15,21,22,23,24,25,27,29>35,39,9,20,21,22,24,26,28,32,36,37,38,15,25,27,29
32,33,34,35,36,37,6,38,39,9,14,15,21,22,23,24,25,27,29>33,34,39,9,20,21,23,24,28,31,32,36,37,38,15,25,27,29
32,33,34,35,36,37,6,38,39,9,14,15,21,22,23,24,25,27,29>34,35,8,9,10,23,32,36,37,38,15,25,27,29
32,33,34,35,36,37,6,38,39,9,14,15,21,22,23,24,25,27,29>33,35,8,9,14,22,23,24,26,28,31,32,36,37,38,15,25,27,29
32,33,34,35,36,37,6,38,39,9,14,15,21,22,23,24,25,27,29>33,35,6,39,8,10,14,20,26,28,32,36,37,38,15,25,27,29
1,6,8,9,10,12,14,15,16,17,18,19,21,22,25,26,27,29,31,33,35,39,40>32,5,14,16,17,25,26,30,1,35,39,8,10,12,15,18,19,21,22,27,29,31
1,6,8,9,10,12,14,15,16,17,18,19,21,22,25,26,27,29,31,33,35,39,40>33,5,7,40,11,13,1,35,39,8,10,12,15,18,19,21,22,27,29,31
1,6,8,9,10,12,14,15,16,17,18,19,21,22,25,26,27,29,31,33,35,39,40>32,5,7,9,13,16,17,20,23,25,26,30,1,35,39,8,10,12,15,18,19,21,22,27,29,31
1,6,8,9,10,12,14,15,16,17,18,19,21,22,25,26,27,29,31,33,35,39,40>32,36,5,7,37,9,40,11,16,20,23,26,1,35,39,8,10,12,15,18,19,21,22,27,29,31
1,6,8,9,10,12,14,15,16,17,18,19,21,22,25,26,27,29,31,33,35,39,40>33,36,6,13,23,28,30,1,35,39,8,10,12,15,18,19,21,22,27,29,31
1,6,8,9,10,12,14,15,16,17,18,19,21,22,25,26,27,29,31,33,35,39,40>32,5,6,37,9,16,17,20,26,1,35,39,8,10,12,15,18,19,21,22,27,29,31
34,35,5,6,7,38,9,39,11,40,14,16,18,22,23,26,27,28,29,31>32,33,7,39,16,21,27,35,5,9,22,26,28,29,31
34,35,5,6,7,38,9,39,11,40,14,16,18,22,23,26,27,28,29,31>33,34,7,39,11,40,14,16,27,30,35,5,9,22,26,28,29,31
34,35,5,6,7,38,9,39,11,40,14,16,18,22,23,26,27,28,29,31>32,6,38,11,40,30,35,5,9,22,26,28,29,31
34,35,5,6,7,38,9,39,11,40,14,16,18,22,23,26,27,28,29,31>32,34,6,7,8,39,11,40,18,23,27,30,35,5,9,22,26,28,29,31
34,35,5,6,7,38,9,39,11,40,14,16,18,22,23,26,27,28,29,31>32,34,6,38,39,11,16,23,35,5,9,22,26,28,29,31
34,35,5,6,7,38,9,39,11,40,14,16,18,22,23,26,27,28,29,31>32,33,34,6,8,14,15,16,18,21,23,30,35,5,9,22,26,28,29,31
