CD45,CD8,TCRlig,TCbind,PAGCsk,LCK,Fyn,Rlk,TCRphos,ZAP70,cCbl,Itk,LAT,Gads,Slp76,PLCg_b,Grb2Sos,DAG,PLCg_a,Ras,RasGRP1,PKCth,IP3,Raf,MEK,Ca,ERK,SEK,IKK,Calcin,Rsk,Fos,JNK,IkB,CREB,Jun,CRE,AP1,NFkB,NFAT
2,5,7,9,10,11,13,14,15,17,18,19,20,21,22,25,26,27,28,31,32,34,36>33,36,10,12,16,23,25,26,32,2,34,5,9,11,13,14,15,17,18,20,21,22,27,28,31
2,5,7,9,10,11,13,14,15,17,18,19,20,21,22,25,26,27,28,31,32,34,36>33,36,38,10,24,26,32,2,34,5,9,11,13,14,15,17,18,20,21,22,27,28,31
2,5,7,9,10,11,13,14,15,17,18,19,20,21,22,25,26,27,28,31,32,34,36>33,7,10,16,24,25,26,30,32,2,34,5,9,11,13,14,15,17,18,20,21,22,27,28,31
2,5,7,9,10,11,13,14,15,17,18,19,20,21,22,25,26,27,28,31,32,34,36>35,36,7,10,16,24,25,32,2,34,5,9,11,13,14,15,17,18,20,21,22,27,28,31
2,5,7,9,10,11,13,14,15,17,18,19,20,21,22,25,26,27,28,31,32,34,36>33,35,36,7,12,23,24,26,30,32,2,34,5,9,11,13,14,15,17,18,20,21,22,27,28,31
2,5,7,9,10,11,13,14,15,17,18,19,20,21,22,25,26,27,28,31,32,34,36>35,36,7,16,23,24,25,32,2,34,5,9,11,13,14,15,17,18,20,21,22,27,28,31
1,3,5,6,7,8,9,11,12,19,20,22,23,24,25,26,27,28,30,34,35,36,37,38,39,40>32,6,39,11,12,19,20,22,29,31,1,34,3,5,37,7,8,9,40,23,24,25,26,27,28,30
1,3,5,6,7,8,9,11,12,19,20,22,23,24,25,26,27,28,30,34,35,36,37,38,39,40>33,6,38,11,12,22,31,1,34,3,5,37,7,8,9,40,23,24,25,26,27,28,30
1,3,5,6,7,8,9,11,12,19,20,22,23,24,25,26,27,28,30,34,35,36,37,38,39,40>32,33,6,12,18,22,31,1,34,3,5,37,7,8,9,40,23,24,25,26,27,28,30
1,3,5,6,7,8,9,11,12,19,20,22,23,24,25,26,27,28,30,34,35,36,37,38,39,40>32,33,6,38,39,12,29,1,34,3,5,37,7,8,9,40,23,24,25,26,27,28,30
1,3,5,6,7,8,9,11,12,19,20,22,23,24,25,26,27,28,30,34,35,36,37,38,39,40>32,33,35,6,39,11,12,18,19,22,29,1,34,3,5,37,7,8,9,40,23,24,25,26,27,28,30
1,3,5,6,7,8,9,11,12,19,20,22,23,24,25,26,27,28,30,34,35,36,37,38,39,40>32,33,35,6,11,12,18,19,20,29,1,34,3,5,37,7,8,9,40,23,24,25,26,27,28,30
33,34,3,4,6,38,8,9,10,11,40,13,17,18,20,21,22,23,24>36,40,10,14,26,28,34,3,8,9,11,13,17,20,21,22,24
33,34,3,4,6,38,8,9,10,11,40,13,17,18,20,21,22,23,24>33,4,6,10,23,25,29,34,3,8,9,11,13,17,20,21,22,24
33,34,3,4,6,38,8,9,10,11,40,13,17,18,20,21,22,23,24>4,36,6,40,10,16,18,23,28,34,3,8,9,11,13,17,20,21,22,24
33,34,3,4,6,38,8,9,10,11,40,13,17,18,20,21,22,23,24>4,36,38,16,28,34,3,8,9,11,13,17,20,21,22,24
33,34,3,4,6,38,8,9,10,11,40,13,17,18,20,21,22,23,24>36,6,38,40,10,14,18,23,25,28,34,3,8,9,11,13,17,20,21,22,24
33,34,3,4,6,38,8,9,10,11,40,13,17,18,20,21,22,23,24>4,36,6,38,10,16,18,25,29,34,3,8,9,11,13,17,20,21,22,24
3,5,6,7,8,9,10,11,13,14,16,17,19,20,26,27,28,32,33,34,36,40>38,15,18,24,26,27,30,31,32,33,34,3,36,5,8,9,11,13,14,16,17,20
3,5,6,7,8,9,10,11,13,14,16,17,19,20,26,27,28,32,33,34,36,40>6,38,18,19,24,26,28,32,33,34,3,36,5,8,9,11,13,14,16,17,20
3,5,6,7,8,9,10,11,13,14,16,17,19,20,26,27,28,32,33,34,36,40>10,23,24,27,28,32,33,34,3,36,5,8,9,11,13,14,16,17,20
3,5,6,7,8,9,10,11,13,14,16,17,19,20,26,27,28,32,33,34,36,40>7,10,18,19,23,26,28,31,32,33,34,3,36,5,8,9,11,13,14,16,17,20
3,5,6,7,8,9,10,11,13,14,16,17,19,20,26,27,28,32,33,34,36,40>7,10,15,18,19,26,28,30,31,32,33,34,3,36,5,8,9,11,13,14,16,17,20
3,5,6,7,8,9,10,11,13,14,16,17,19,20,26,27,28,32,33,34,36,40>40,10,18,19,23,26,28,30,32,33,34,3,36,5,8,9,11,13,14,16,17,20
3,4,5,6,7,10,12,13,14,16,22,25,28,30,31,33,34,36,37,38,40>11,38,31,25,33,34,3,4,5,36,40,13,14,16,28
3,4,5,6,7,10,12,13,14,16,22,25,28,30,31,33,34,36,37,38,40>35,37,11,12,22,33,34,3,4,5,36,40,13,14,16,28
3,4,5,6,7,10,12,13,14,16,22,25,28,30,31,33,34,36,37,38,40>6,7,9,11,38,17,22,30,31,33,34,3,4,5,36,40,13,14,16,28
3,4,5,6,7,10,12,13,14,16,22,25,28,30,31,33,34,36,37,38,40>35,8,9,11,12,38,15,17,27,29,31,33,34,3,4,5,36,40,13,14,16,28
3,4,5,6,7,10,12,13,14,16,22,25,28,30,31,33,34,36,37,38,40>35,37,7,8,10,11,17,22,25,30,33,34,3,4,5,36,40,13,14,16,28
3,4,5,6,7,10,12,13,14,16,22,25,28,30,31,33,34,36,37,38,40>6,7,8,9,15,22,25,29,30,31,33,34,3,4,5,36,40,13,14,16,28
34,3,4,35,6,7,8,39,10,40,14,15,18,20,21,23,28,30,31>5,6,11,14,26,30,31,37,39,34,35,3,4,8,40,15,20
34,3,4,35,6,7,8,39,10,40,14,15,18,20,21,23,28,30,31>6,7,14,18,21,22,28,30,31,33,37,39,34,35,3,4,8,40,15,20
34,3,4,35,6,7,8,39,10,40,14,15,18,20,21,23,28,30,31>5,9,11,12,18,26,28,33,39,34,35,3,4,8,40,15,20
34,3,4,35,6,7,8,39,10,40,14,15,18,20,21,23,28,30,31>5,6,7,9,12,13,14,21,22,24,26,28,30,31,34,35,3,4,8,40,15,20
34,3,4,35,6,7,8,39,10,40,14,15,18,20,21,23,28,30,31>7,9,10,13,22,24,28,30,31,34,35,3,4,8,40,15,20
34,3,4,35,6,7,8,39,10,40,14,15,18,20,21,23,28,30,31>7,9,10,12,13,18,23,28,30,33,39,34,35,3,4,8,40,15,20
32,1,33,3,4,34,6,7,8,13,15,17,18,19,20,23,24,25,31>32,9,13,14,16,19,22,26,27,31,1,34,3,4,7,8,17,18,20,23,24,25
32,1,33,3,4,34,6,7,8,13,15,17,18,19,20,23,24,25,31>16,15,35,6,1,34,3,4,7,8,17,18,20,23,24,25
32,1,33,3,4,34,6,7,8,13,15,17,18,19,20,23,24,25,31>32,35,6,13,15,26,27,31,1,34,3,4,7,8,17,18,20,23,24,25
32,1,33,3,4,34,6,7,8,13,15,17,18,19,20,23,24,25,31>36,13,15,16,22,27,31,1,34,3,4,7,8,17,18,20,23,24,25
32,1,33,3,4,34,6,7,8,13,15,17,18,19,20,23,24,25,31>33,36,5,13,14,19,27,31,1,34,3,4,7,8,17,18,20,23,24,25
32,1,33,3,4,34,6,7,8,13,15,17,18,19,20,23,24,25,31>33,35,36,5,6,9,14,16,22,26,27,1,34,3,4,7,8,17,18,20,23,24,25
32,1,2,4,37,6,7,38,9,11,12,14,18,19,20,22,23,25,26,28>4,8,14,20,25,27,29,37,39,1,2,6,7,9,18,22,23,26,28
32,1,2,4,37,6,7,38,9,11,12,14,18,19,20,22,23,25,26,28>4,11,21,24,29,30,32,33,37,39,1,2,6,7,9,18,22,23,26,28
32,1,2,4,37,6,7,38,9,11,12,14,18,19,20,22,23,25,26,28>5,8,11,15,19,21,25,27,29,30,32,33,37,39,1,2,6,7,9,18,22,23,26,28
32,1,2,4,37,6,7,38,9,11,12,14,18,19,20,22,23,25,26,28>4,5,12,15,19,21,27,29,30,32,34,37,38,1,2,6,7,9,18,22,23,26,28
32,1,2,4,37,6,7,38,9,11,12,14,18,19,20,22,23,25,26,28>4,8,12,15,19,20,21,27,29,33,34,1,2,6,7,9,18,22,23,26,28
32,1,2,4,37,6,7,38,9,11,12,14,18,19,20,22,23,25,26,28>8,11,12,15,19,24,25,27,29,30,33,37,1,2,6,7,9,18,22,23,26,28
1,2,4,5,7,8,9,11,15,16,17,18,19,22,24,26,30,31,32,34,36,38,40>32,4,15,16,17,26,28,31,1,2,34,5,38,7,40,9,18,22,30
1,2,4,5,7,8,9,11,15,16,17,18,19,22,24,26,30,31,32,34,36,38,40>32,36,11,16,17,25,31,1,2,34,5,38,7,40,9,18,22,30
1,2,4,5,7,8,9,11,15,16,17,18,19,22,24,26,30,31,32,34,36,38,40>32,36,8,16,17,25,26,1,2,34,5,38,7,40,9,18,22,30
1,2,4,5,7,8,9,11,15,16,17,18,19,22,24,26,30,31,32,34,36,38,40>35,4,8,15,16,17,21,23,28,1,2,34,5,38,7,40,9,18,22,30
1,2,4,5,7,8,9,11,15,16,17,18,19,22,24,26,30,31,32,34,36,38,40>32,36,8,11,15,17,25,28,1,2,34,5,38,7,40,9,18,22,30
1,2,4,5,7,8,9,11,15,16,17,18,19,22,24,26,30,31,32,34,36,38,40>32,35,4,36,8,11,15,19,23,24,29,1,2,34,5,38,7,40,9,18,22,30
32,1,34,36,37,39,8,9,11,13,15,18,21,23,25,30,31>8,9,11,13,14,15,17,21,22,25,27,30,40,1,34
32,1,34,36,37,39,8,9,11,13,15,18,21,23,25,30,31>5,9,15,16,21,22,26,27,30,36,37,39,40,1,34
32,1,34,36,37,39,8,9,11,13,15,18,21,23,25,30,31>11,16,17,18,20,22,23,27,32,35,36,37,39,40,1,34
32,1,34,36,37,39,8,9,11,13,15,18,21,23,25,30,31>5,8,13,16,22,25,26,31,32,39,40,1,34
32,1,34,36,37,39,8,9,11,13,15,18,21,23,25,30,31>5,9,11,13,18,20,23,26,27,32,35,36,38,39,40,1,34
32,1,34,36,37,39,8,9,11,13,15,18,21,23,25,30,31>8,9,11,13,14,16,22,23,31,36,38,39,1,34
