CD45,CD8,TCRlig,TCbind,PAGCsk,LCK,Fyn,Rlk,TCRphos,ZAP70,cCbl,Itk,LAT,Gads,Slp76,PLCg_b,Grb2Sos,DAG,PLCg_a,Ras,RasGRP1,PKCth,IP3,Raf,MEK,Ca,ERK,SEK,IKK,Calcin,Rsk,Fos,JNK,IkB,CREB,Jun,CRE,AP1,NFkB,NFAT
32,1,35,5,6,7,8,9,37,11,12,38,14,17,20,23,24,26,28>33,39,12,23,25,28,1,5,37,7,8,9,20,24,26
32,1,35,5,6,7,8,9,37,11,12,38,14,17,20,23,24,26,28>33,39,11,15,23,28,30,1,5,37,7,8,9,20,24,26
32,1,35,5,6,7,8,9,37,11,12,38,14,17,20,23,24,26,28>32,35,11,14,23,28,30,1,5,37,7,8,9,20,24,26
32,1,35,5,6,7,8,9,37,11,12,38,14,17,20,23,24,26,28>34,35,39,11,15,30,1,5,37,7,8,9,20,24,26
32,1,35,5,6,7,8,9,37,11,12,38,14,17,20,23,24,26,28>32,33,34,6,39,11,17,28,30,1,5,37,7,8,9,20,24,26
32,1,35,5,6,7,8,9,37,11,12,38,14,17,20,23,24,26,28>32,35,6,38,39,11,12,14,15,17,28,30,1,5,37,7,8,9,20,24,26
34,3,4,5,6,7,35,9,10,38,12,13,14,17,18,21,26,27,30,31>37,6,38,40,21,22,27,34,35,3,4,5,9,10,13,14,17,30,31
34,3,4,5,6,7,35,9,10,38,12,13,14,17,18,21,26,27,30,31>37,7,38,11,12,15,16,18,20,22,27,34,35,3,4,5,9,10,13,14,17,30,31
34,3,4,5,6,7,35,9,10,38,12,13,14,17,18,21,26,27,30,31>32,37,7,40,12,15,16,18,22,34,35,3,4,5,9,10,13,14,17,30,31
34,3,4,5,6,7,35,9,10,38,12,13,14,17,18,21,26,27,30,31>37,6,7,11,15,16,21,22,34,35,3,4,5,9,10,13,14,17,30,31
34,3,4,5,6,7,35,9,10,38,12,13,14,17,18,21,26,27,30,31>32,37,6,7,40,15,18,20,26,34,35,3,4,5,9,10,13,14,17,30,31
34,3,4,5,6,7,35,9,10,38,12,13,14,17,18,21,26,27,30,31>37,6,7,8,40,11,12,15,18,21,27,34,35,3,4,5,9,10,13,14,17,30,31
2,3,6,7,9,11,12,13,15,16,17,18,19,21,22,24,25,26,29,30,32,33,35,36,38,39,40>33,35,37,12,19,24,26,27,2,3,36,38,39,40,9,16,17,18,21,22,25,29,30
2,3,6,7,9,11,12,13,15,16,17,18,19,21,22,24,25,26,29,30,32,33,35,36,38,39,40>5,8,11,14,15,20,23,24,26,27,2,3,36,38,39,40,9,16,17,18,21,22,25,29,30
2,3,6,7,9,11,12,13,15,16,17,18,19,21,22,24,25,26,29,30,32,33,35,36,38,39,40>6,7,8,12,20,23,24,26,27,28,2,3,36,38,39,40,9,16,17,18,21,22,25,29,30
2,3,6,7,9,11,12,13,15,16,17,18,19,21,22,24,25,26,29,30,32,33,35,36,38,39,40>32,33,6,7,12,14,15,19,20,23,24,28,2,3,36,38,39,40,9,16,17,18,21,22,25,29,30
2,3,6,7,9,11,12,13,15,16,17,18,19,21,22,24,25,26,29,30,32,33,35,36,38,39,40>5,6,11,13,15,20,24,26,28,2,3,36,38,39,40,9,16,17,18,21,22,25,29,30
2,3,6,7,9,11,12,13,15,16,17,18,19,21,22,24,25,26,29,30,32,33,35,36,38,39,40>32,5,6,7,11,12,19,20,27,2,3,36,38,39,40,9,16,17,18,21,22,25,29,30
5,6,8,9,10,11,12,14,15,17,18,19,21,25,27,28,29,30,31,34,37,38,39,40>6,10,17,20,23,28,30,34,35,38,5,8,40,11,12,15,18,27,31
5,6,8,9,10,11,12,14,15,17,18,19,21,25,27,28,29,30,31,34,37,38,39,40>13,19,21,25,34,35,5,8,40,11,12,15,18,27,31
5,6,8,9,10,11,12,14,15,17,18,19,21,25,27,28,29,30,31,34,37,38,39,40>13,17,22,25,28,32,33,34,35,38,5,8,40,11,12,15,18,27,31
5,6,8,9,10,11,12,14,15,17,18,19,21,25,27,28,29,30,31,34,37,38,39,40>10,14,19,20,21,23,25,29,30,32,33,34,35,37,5,8,40,11,12,15,18,27,31
5,6,8,9,10,11,12,14,15,17,18,19,21,25,27,28,29,30,31,34,37,38,39,40>6,10,14,21,22,25,28,29,33,34,5,8,40,11,12,15,18,27,31
5,6,8,9,10,11,12,14,15,17,18,19,21,25,27,28,29,30,31,34,37,38,39,40>6,9,13,14,30,33,34,35,37,5,8,40,11,12,15,18,27,31
2,3,5,8,11,16,17,18,20,22,24,25,26,27,29,31,32,33,34,36,39>34,8,16,18,21,26,30,32,2,3,36,5,20,22,24,25,27,29,31
2,3,5,8,11,16,17,18,20,22,24,25,26,27,29,31,32,33,34,36,39>34,35,8,18,26,28,30,32,2,3,36,5,20,22,24,25,27,29,31
2,3,5,8,11,16,17,18,20,22,24,25,26,27,29,31,32,33,34,36,39>35,38,16,17,18,26,30,32,2,3,36,5,20,22,24,25,27,29,31
2,3,5,8,11,16,17,18,20,22,24,25,26,27,29,31,32,33,34,36,39>33,39,17,18,21,26,28,32,2,3,36,5,20,22,24,25,27,29,31
2,3,5,8,11,16,17,18,20,22,24,25,26,27,29,31,32,33,34,36,39>35,39,8,17,21,28,30,32,2,3,36,5,20,22,24,25,27,29,31
2,3,5,8,11,16,17,18,20,22,24,25,26,27,29,31,32,33,34,36,39>38,39,16,17,21,30,32,2,3,36,5,20,22,24,25,27,29,31
1,33,36,38,7,39,10,14,16,19,20,25,27,29,31>32,33,10,13,14,15,16,18,19,20,24,25,29,1,36,39,27,31
1,33,36,38,7,39,10,14,16,19,20,25,27,29,31>32,38,9,10,11,15,16,19,20,24,25,1,36,39,27,31
1,33,36,38,7,39,10,14,16,19,20,25,27,29,31>33,38,9,16,20,23,25,29,1,36,39,27,31
1,33,36,38,7,39,10,14,16,19,20,25,27,29,31>33,38,9,10,11,13,16,20,25,1,36,39,27,31
1,33,36,38,7,39,10,14,16,19,20,25,27,29,31>32,35,5,38,9,14,15,16,18,19,20,29,1,36,39,27,31
1,33,36,38,7,39,10,14,16,19,20,25,27,29,31>33,35,5,38,9,10,11,15,18,20,25,1,36,39,27,31
32,1,2,3,4,35,7,39,9,11,12,14,16,17,19,21,23,24,25,27>34,37,12,17,18,20,21,24,32,1,2,3,7,39,9,23,25,27
32,1,2,3,4,35,7,39,9,11,12,14,16,17,19,21,23,24,25,27>35,37,11,14,15,18,19,21,26,32,1,2,3,7,39,9,23,25,27
32,1,2,3,4,35,7,39,9,11,12,14,16,17,19,21,23,24,25,27>34,35,4,37,11,14,18,19,24,26,32,1,2,3,7,39,9,23,25,27
32,1,2,3,4,35,7,39,9,11,12,14,16,17,19,21,23,24,25,27>34,35,4,14,17,19,20,24,26,32,1,2,3,7,39,9,23,25,27
32,1,2,3,4,35,7,39,9,11,12,14,16,17,19,21,23,24,25,27>34,6,12,16,18,19,20,26,31,32,1,2,3,7,39,9,23,25,27
32,1,2,3,4,35,7,39,9,11,12,14,16,17,19,21,23,24,25,27>34,35,4,6,37,11,12,14,17,19,26,31,32,1,2,3,7,39,9,23,25,27
33,37,6,39,9,12,13,14,16,17,18,20,23,24,25,27,29,30>32,36,8,9,40,13,15,22,23,26,30,39,14,16,17,20,24,25,27
33,37,6,39,9,12,13,14,16,17,18,20,23,24,25,27,29,30>32,33,5,9,40,18,22,26,29,30,31,39,14,16,17,20,24,25,27
33,37,6,39,9,12,13,14,16,17,18,20,23,24,25,27,29,30>36,5,37,8,9,40,13,18,23,29,31,39,14,16,17,20,24,25,27
33,37,6,39,9,12,13,14,16,17,18,20,23,24,25,27,29,30>32,33,36,5,9,40,12,13,15,29,30,39,14,16,17,20,24,25,27
33,37,6,39,9,12,13,14,16,17,18,20,23,24,25,27,29,30>32,33,36,5,8,10,40,13,15,22,23,26,31,39,14,16,17,20,24,25,27
33,37,6,39,9,12,13,14,16,17,18,20,23,24,25,27,29,30>32,33,5,6,8,9,13,18,26,30,31,39,14,16,17,20,24,25,27
1,5,6,9,10,17,18,19,20,21,23,28,29,30,31,32,33,35,38,39,40>32,37,38,11,13,24,28,29,30,31,1,33,35,5,39,40,10,18,20,23
1,5,6,9,10,17,18,19,20,21,23,28,29,30,31,32,33,35,38,39,40>32,36,37,38,11,17,21,22,26,28,30,1,33,35,5,39,40,10,18,20,23
1,5,6,9,10,17,18,19,20,21,23,28,29,30,31,32,33,35,38,39,40>32,36,37,6,8,38,13,17,21,22,24,26,28,30,31,1,33,35,5,39,40,10,18,20,23
1,5,6,9,10,17,18,19,20,21,23,28,29,30,31,32,33,35,38,39,40>36,7,8,9,38,21,24,26,28,1,33,35,5,39,40,10,18,20,23
1,5,6,9,10,17,18,19,20,21,23,28,29,30,31,32,33,35,38,39,40>32,37,6,7,9,38,11,13,17,19,22,26,28,29,31,1,33,35,5,39,40,10,18,20,23
1,5,6,9,10,17,18,19,20,21,23,28,29,30,31,32,33,35,38,39,40>32,36,37,6,7,8,11,17,21,28,31,1,33,35,5,39,40,10,18,20,23
33,34,4,5,36,7,8,9,10,11,39,13,14,16,19,23,24,29,31>34,8,39,18,19,24,25,36,5,9,11,13,14,16,23
33,34,4,5,36,7,8,9,10,11,39,13,14,16,19,23,24,29,31>33,35,8,39,15,18,19,24,25,26,36,5,9,11,13,14,16,23
33,34,4,5,36,7,8,9,10,11,39,13,14,16,19,23,24,29,31>35,4,7,15,17,19,25,26,36,5,9,11,13,14,16,23
33,34,4,5,36,7,8,9,10,11,39,13,14,16,19,23,24,29,31>34,7,8,10,18,19,26,36,5,9,11,13,14,16,23
33,34,4,5,36,7,8,9,10,11,39,13,14,16,19,23,24,29,31>4,7,17,19,24,25,36,5,9,11,13,14,16,23
33,34,4,5,36,7,8,9,10,11,39,13,14,16,19,23,24,29,31>35,4,7,8,10,18,19,24,25,26,29,36,5,9,11,13,14,16,23
