CD45,CD8,TCRlig,TCbind,PAGCsk,LCK,Fyn,Rlk,TCRphos,ZAP70,cCbl,Itk,LAT,Gads,Slp76,PLCg_b,Grb2Sos,DAG,PLCg_a,Ras,RasGRP1,PKCth,IP3,Raf,MEK,Ca,ERK,SEK,IKK,Calcin,Rsk,Fos,JNK,IkB,CREB,Jun,CRE,AP1,NFkB,NFAT
1,2,3,36,5,6,7,38,9,40,12,16,18,22,26,28,29>33,8,39,10,40,18,21,30,1,2,3,5,7,9,22,28,29
1,2,3,36,5,6,7,38,9,40,12,16,18,22,26,28,29>4,39,10,40,16,18,1,2,3,5,7,9,22,28,29
1,2,3,36,5,6,7,38,9,40,12,16,18,22,26,28,29>33,4,8,39,10,40,1,2,3,5,7,9,22,28,29
1,2,3,36,5,6,7,38,9,40,12,16,18,22,26,28,29>33,4,6,40,16,18,21,26,30,1,2,3,5,7,9,22,28,29
1,2,3,36,5,6,7,38,9,40,12,16,18,22,26,28,29>36,6,8,39,16,30,1,2,3,5,7,9,22,28,29
1,2,3,36,5,6,7,38,9,40,12,16,18,22,26,28,29>38,8,12,16,21,26,30,1,2,3,5,7,9,22,28,29
1,2,3,36,5,6,7,38,9,40,12,16,18,22,26,28,29>6,38,8,39,21,26,1,2,3,5,7,9,22,28,29
1,2,3,36,5,6,7,38,9,40,12,16,18,22,26,28,29>36,6,38,10,18,26,30,1,2,3,5,7,9,22,28,29
33,2,3,35,36,37,38,8,40,13,14,18,21,22,23,24,25,29,30,31>33,4,15,18,26,27,31,2,35,3,36,37,40,14,21,22,25,29
33,2,3,35,36,37,38,8,40,13,14,18,21,22,23,24,25,29,30,31>33,4,5,13,15,17,18,24,26,27,2,35,3,36,37,40,14,21,22,25,29
33,2,3,35,36,37,38,8,40,13,14,18,21,22,23,24,25,29,30,31>33,4,38,8,13,16,20,24,26,27,28,30,2,35,3,36,37,40,14,21,22,25,29
33,2,3,35,36,37,38,8,40,13,14,18,21,22,23,24,25,29,30,31>5,38,17,20,23,28,2,35,3,36,37,40,14,21,22,25,29
33,2,3,35,36,37,38,8,40,13,14,18,21,22,23,24,25,29,30,31>33,5,38,15,16,17,20,24,26,28,30,2,35,3,36,37,40,14,21,22,25,29
33,2,3,35,36,37,38,8,40,13,14,18,21,22,23,24,25,29,30,31>33,5,38,8,15,18,26,27,30,2,35,3,36,37,40,14,21,22,25,29
33,2,3,35,36,37,38,8,40,13,14,18,21,22,23,24,25,29,30,31>33,5,39,8,13,15,23,24,30,2,35,3,36,37,40,14,21,22,25,29
33,2,3,35,36,37,38,8,40,13,14,18,21,22,23,24,25,29,30,31>33,4,5,38,39,8,13,18,20,23,26,27,2,35,3,36,37,40,14,21,22,25,29
3,5,6,9,10,13,14,15,16,17,18,20,21,24,25,28,29,30,31,34,36,37,39,40>8,9,12,18,21,22,31,3,5,40,10,13,14,15,16,17,20,24,25
3,5,6,9,10,13,14,15,16,17,18,20,21,24,25,28,29,30,31,34,36,37,39,40>33,6,39,11,12,22,27,28,29,31,3,5,40,10,13,14,15,16,17,20,24,25
3,5,6,9,10,13,14,15,16,17,18,20,21,24,25,28,29,30,31,34,36,37,39,40>33,35,6,37,39,11,12,21,27,29,3,5,40,10,13,14,15,16,17,20,24,25
3,5,6,9,10,13,14,15,16,17,18,20,21,24,25,28,29,30,31,34,36,37,39,40>35,4,39,18,21,22,30,31,3,5,40,10,13,14,15,16,17,20,24,25
3,5,6,9,10,13,14,15,16,17,18,20,21,24,25,28,29,30,31,34,36,37,39,40>33,35,4,37,9,11,12,29,30,3,5,40,10,13,14,15,16,17,20,24,25
3,5,6,9,10,13,14,15,16,17,18,20,21,24,25,28,29,30,31,34,36,37,39,40>33,34,35,4,8,39,11,12,18,21,31,3,5,40,10,13,14,15,16,17,20,24,25
3,5,6,9,10,13,14,15,16,17,18,20,21,24,25,28,29,30,31,34,36,37,39,40>33,36,37,9,18,21,22,28,30,31,3,5,40,10,13,14,15,16,17,20,24,25
3,5,6,9,10,13,14,15,16,17,18,20,21,24,25,28,29,30,31,34,36,37,39,40>35,4,36,8,9,18,22,29,30,31,3,5,40,10,13,14,15,16,17,20,24,25
2,34,36,5,6,37,38,9,39,11,13,15,16,18,20,24,25,27,29,30>8,14,15,17,22,29,34,38,40,2,5,16,24,25,27
2,34,36,5,6,37,38,9,39,11,13,15,16,18,20,24,25,27,29,30>6,8,20,22,30,31,36,37,38,39,40,2,5,16,24,25,27
2,34,36,5,6,37,38,9,39,11,13,15,16,18,20,24,25,27,29,30>11,15,17,20,29,32,34,36,37,39,2,5,16,24,25,27
2,34,36,5,6,37,38,9,39,11,13,15,16,18,20,24,25,27,29,30>11,14,15,17,22,30,36,38,2,5,16,24,25,27
2,34,36,5,6,37,38,9,39,11,13,15,16,18,20,24,25,27,29,30>6,8,9,11,14,17,18,29,31,32,34,36,37,39,40,2,5,16,24,25,27
2,34,36,5,6,37,38,9,39,11,13,15,16,18,20,24,25,27,29,30>11,13,15,18,31,32,36,37,2,5,16,24,25,27
2,34,36,5,6,37,38,9,39,11,13,15,16,18,20,24,25,27,29,30>6,8,11,13,15,20,22,29,30,32,36,37,2,5,16,24,25,27
2,34,36,5,6,37,38,9,39,11,13,15,16,18,20,24,25,27,29,30>6,8,9,11,13,14,15,22,29,30,31,32,37,38,39,40,2,5,16,24,25,27
32,1,5,7,8,40,11,12,13,17,21,24,27,29,30>7,9,13,16,20,21,24,27,29,31,32,1,5,40,17
32,1,5,7,8,40,11,12,13,17,21,24,27,29,30>25,21,11,13,32,1,5,40,17
32,1,5,7,8,40,11,12,13,17,21,24,27,29,30>7,11,13,14,24,27,29,31,32,1,5,40,17
32,1,5,7,8,40,11,12,13,17,21,24,27,29,30>9,11,12,13,14,21,24,27,32,1,5,40,17
32,1,5,7,8,40,11,12,13,17,21,24,27,29,30>9,11,12,20,27,29,30,31,32,1,5,40,17
32,1,5,7,8,40,11,12,13,17,21,24,27,29,30>7,8,39,11,13,25,29,30,32,1,5,40,17
32,1,5,7,8,40,11,12,13,17,21,24,27,29,30>8,9,39,11,13,14,20,21,30,32,1,5,40,17
32,1,5,7,8,40,11,12,13,17,21,24,27,29,30>7,8,9,39,11,12,16,20,21,24,25,29,31,32,1,5,40,17
1,3,5,7,8,11,12,13,14,15,16,17,19,20,22,23,26,29,30,32,34,37>32,40,11,12,13,18,19,28,1,3,5,14,15,16,17,20,23,26,29,30
1,3,5,7,8,11,12,13,14,15,16,17,19,20,22,23,26,29,30,32,34,37>32,9,40,11,13,19,22,24,1,3,5,14,15,16,17,20,23,26,29,30
1,3,5,7,8,11,12,13,14,15,16,17,19,20,22,23,26,29,30,32,34,37>32,34,37,9,40,18,22,24,28,1,3,5,14,15,16,17,20,23,26,29,30
1,3,5,7,8,11,12,13,14,15,16,17,19,20,22,23,26,29,30,32,34,37>34,7,13,18,19,28,1,3,5,14,15,16,17,20,23,26,29,30
1,3,5,7,8,11,12,13,14,15,16,17,19,20,22,23,26,29,30,32,34,37>32,34,37,7,9,18,28,1,3,5,14,15,16,17,20,23,26,29,30
1,3,5,7,8,11,12,13,14,15,16,17,19,20,22,23,26,29,30,32,34,37>12,22,8,40,1,3,5,14,15,16,17,20,23,26,29,30
1,3,5,7,8,11,12,13,14,15,16,17,19,20,22,23,26,29,30,32,34,37>32,7,8,9,12,18,19,22,1,3,5,14,15,16,17,20,23,26,29,30
1,3,5,7,8,11,12,13,14,15,16,17,19,20,22,23,26,29,30,32,34,37>37,7,8,40,24,1,3,5,14,15,16,17,20,23,26,29,30
1,2,5,13,15,16,18,19,21,24,25,26,28,30,32,33,34,35,36,37,39,40>14,17,20,21,23,24,27,28,1,2,33,34,5,36,37,40,16,18,25,30
1,2,5,13,15,16,18,19,21,24,25,26,28,30,32,33,34,35,36,37,39,40>32,38,14,17,19,21,23,1,2,33,34,5,36,37,40,16,18,25,30
1,2,5,13,15,16,18,19,21,24,25,26,28,30,32,33,34,35,36,37,39,40>32,35,38,14,19,22,28,1,2,33,34,5,36,37,40,16,18,25,30
1,2,5,13,15,16,18,19,21,24,25,26,28,30,32,33,34,35,36,37,39,40>39,21,22,27,28,1,2,33,34,5,36,37,40,16,18,25,30
1,2,5,13,15,16,18,19,21,24,25,26,28,30,32,33,34,35,36,37,39,40>38,39,15,17,20,21,24,26,1,2,33,34,5,36,37,40,16,18,25,30
1,2,5,13,15,16,18,19,21,24,25,26,28,30,32,33,34,35,36,37,39,40>32,35,38,39,14,17,21,24,26,27,28,1,2,33,34,5,36,37,40,16,18,25,30
1,2,5,13,15,16,18,19,21,24,25,26,28,30,32,33,34,35,36,37,39,40>32,35,39,13,17,19,20,21,22,23,24,26,27,1,2,33,34,5,36,37,40,16,18,25,30
1,2,5,13,15,16,18,19,21,24,25,26,28,30,32,33,34,35,36,37,39,40>38,39,13,14,15,17,19,21,22,23,24,26,27,1,2,33,34,5,36,37,40,16,18,25,30
1,3,4,5,6,7,8,10,11,15,16,18,19,20,21,26,27,29,31,32,34,35,36,38,40>34,36,10,15,22,23,24,26,27,29,32,1,3,35,5,38,7,8,11,18,19,20,31
1,3,4,5,6,7,8,10,11,15,16,18,19,20,21,26,27,29,31,32,34,35,36,38,40>34,4,36,9,10,12,13,23,24,26,30,32,1,3,35,5,38,7,8,11,18,19,20,31
1,3,4,5,6,7,8,10,11,15,16,18,19,20,21,26,27,29,31,32,34,35,36,38,40>36,6,37,9,21,22,26,27,30,32,1,3,35,5,38,7,8,11,18,19,20,31
1,3,4,5,6,7,8,10,11,15,16,18,19,20,21,26,27,29,31,32,34,35,36,38,40>37,40,13,15,16,23,26,27,32,1,3,35,5,38,7,8,11,18,19,20,31
1,3,4,5,6,7,8,10,11,15,16,18,19,20,21,26,27,29,31,32,34,35,36,38,40>37,9,15,16,21,24,30,32,1,3,35,5,38,7,8,11,18,19,20,31
1,3,4,5,6,7,8,10,11,15,16,18,19,20,21,26,27,29,31,32,34,35,36,38,40>36,37,9,12,13,16,21,22,23,24,26,27,30,32,1,3,35,5,38,7,8,11,18,19,20,31
1,3,4,5,6,7,8,10,11,15,16,18,19,20,21,26,27,29,31,32,34,35,36,38,40>36,6,37,10,12,13,16,21,22,26,30,32,1,3,35,5,38,7,8,11,18,19,20,31
1,3,4,5,6,7,8,10,11,15,16,18,19,20,21,26,27,29,31,32,34,35,36,38,40>34,4,36,6,37,40,9,12,16,22,27,29,32,1,3,35,5,38,7,8,11,18,19,20,31
1,4,5,6,7,10,11,13,14,15,20,21,22,24,25,26,27,33,36,39,40>32,33,34,40,16,17,21,22,28,29,31,1,36,5,7,39,11,13,14,15,20,24,25,27
1,4,5,6,7,10,11,13,14,15,20,21,22,24,25,26,27,33,36,39,40>32,33,34,10,40,12,16,17,22,26,28,30,31,1,36,5,7,39,11,13,14,15,20,24,25,27
1,4,5,6,7,10,11,13,14,15,20,21,22,24,25,26,27,33,36,39,40>4,9,17,21,26,31,1,36,5,7,39,11,13,14,15,20,24,25,27
1,4,5,6,7,10,11,13,14,15,20,21,22,24,25,26,27,33,36,39,40>34,4,8,9,12,16,17,28,29,31,1,36,5,7,39,11,13,14,15,20,24,25,27
1,4,5,6,7,10,11,13,14,15,20,21,22,24,25,26,27,33,36,39,40>6,40,12,17,22,26,31,1,36,5,7,39,11,13,14,15,20,24,25,27
1,4,5,6,7,10,11,13,14,15,20,21,22,24,25,26,27,33,36,39,40>32,4,6,8,16,17,21,26,28,30,31,1,36,5,7,39,11,13,14,15,20,24,25,27
1,4,5,6,7,10,11,13,14,15,20,21,22,24,25,26,27,33,36,39,40>33,4,6,9,10,17,26,29,1,36,5,7,39,11,13,14,15,20,24,25,27
1,4,5,6,7,10,11,13,14,15,20,21,22,24,25,26,27,33,36,39,40>32,33,34,4,6,40,21,31,1,36,5,7,39,11,13,14,15,20,24,25,27
1,7,8,9,10,11,16,18,19,21,22,23,24,27,28,30,31,34,36,37,38>5,7,8,16,30,32,37,1,34,9,11,18,21,22,23,28,31
1,7,8,9,10,11,16,18,19,21,22,23,24,27,28,30,31,34,36,37,38>10,16,19,20,26,27,32,36,37,1,34,9,11,18,21,22,23,28,31
1,7,8,9,10,11,16,18,19,21,22,23,24,27,28,30,31,34,36,37,38>5,7,8,16,20,24,26,27,30,32,35,38,40,1,34,9,11,18,21,22,23,28,31
1,7,8,9,10,11,16,18,19,21,22,23,24,27,28,30,31,34,36,37,38>5,7,8,10,24,25,26,27,36,37,38,40,1,34,9,11,18,21,22,23,28,31
1,7,8,9,10,11,16,18,19,21,22,23,24,27,28,30,31,34,36,37,38>13,16,19,20,24,25,27,30,32,33,35,36,38,1,34,9,11,18,21,22,23,28,31
1,7,8,9,10,11,16,18,19,21,22,23,24,27,28,30,31,34,36,37,38>7,10,13,25,29,33,35,36,1,34,9,11,18,21,22,23,28,31
1,7,8,9,10,11,16,18,19,21,22,23,24,27,28,30,31,34,36,37,38>7,10,13,16,25,26,30,33,38,40,1,34,9,11,18,21,22,23,28,31
1,7,8,9,10,11,16,18,19,21,22,23,24,27,28,30,31,34,36,37,38>5,7,8,10,13,19,26,29,30,32,33,35,1,34,9,11,18,21,22,23,28,31
