CD45,CD8,TCRlig,TCbind,PAGCsk,LCK,Fyn,Rlk,TCRphos,ZAP70,cCbl,Itk,LAT,Gads,Slp76,PLCg_b,Grb2Sos,DAG,PLCg_a,Ras,RasGRP1,PKCth,IP3,Raf,MEK,Ca,ERK,SEK,IKK,Calcin,Rsk,Fos,JNK,IkB,CREB,Jun,CRE,AP1,NFkB,NFAT
1,3,4,7,8,9,13,14,15,18,19,20,21,22,26,28,29,32,33,35,36,37>17,5,26,30,1,33,3,4,36,37,7,9,14,15,18,20,21,22,28,29
1,3,4,7,8,9,13,14,15,18,19,20,21,22,26,28,29,32,33,35,36,37>32,35,5,39,8,19,30,1,33,3,4,36,37,7,9,14,15,18,20,21,22,28,29
1,3,4,7,8,9,13,14,15,18,19,20,21,22,26,28,29,32,33,35,36,37>35,5,19,23,24,30,1,33,3,4,36,37,7,9,14,15,18,20,21,22,28,29
1,3,4,7,8,9,13,14,15,18,19,20,21,22,26,28,29,32,33,35,36,37>5,38,17,19,24,1,33,3,4,36,37,7,9,14,15,18,20,21,22,28,29
1,3,4,7,8,9,13,14,15,18,19,20,21,22,26,28,29,32,33,35,36,37>35,5,39,8,13,17,23,26,1,33,3,4,36,37,7,9,14,15,18,20,21,22,28,29
1,3,4,7,8,9,13,14,15,18,19,20,21,22,26,28,29,32,33,35,36,37>32,35,5,39,16,23,1,33,3,4,36,37,7,9,14,15,18,20,21,22,28,29
1,3,4,7,8,9,13,14,15,18,19,20,21,22,26,28,29,32,33,35,36,37>38,39,13,17,19,26,30,1,33,3,4,36,37,7,9,14,15,18,20,21,22,28,29
1,3,4,7,8,9,13,14,15,18,19,20,21,22,26,28,29,32,33,35,36,37>35,38,39,8,16,17,26,1,33,3,4,36,37,7,9,14,15,18,20,21,22,28,29
4,5,6,9,10,11,12,14,16,18,20,22,24,28,30,31,32,33,35,37,38,39,40>4,5,12,14,15,21,25,29,30,36,38,33,35,37,39,40,9,11,22,24,28
4,5,6,9,10,11,12,14,16,18,20,22,24,28,30,31,32,33,35,37,38,39,40>4,5,8,13,20,21,31,32,34,38,33,35,37,39,40,9,11,22,24,28
4,5,6,9,10,11,12,14,16,18,20,22,24,28,30,31,32,33,35,37,38,39,40>4,5,6,8,12,13,15,21,30,31,34,36,38,33,35,37,39,40,9,11,22,24,28
4,5,6,9,10,11,12,14,16,18,20,22,24,28,30,31,32,33,35,37,38,39,40>5,10,12,13,14,15,21,29,30,32,36,38,33,35,37,39,40,9,11,22,24,28
4,5,6,9,10,11,12,14,16,18,20,22,24,28,30,31,32,33,35,37,38,39,40>6,10,13,15,30,31,34,36,33,35,37,39,40,9,11,22,24,28
4,5,6,9,10,11,12,14,16,18,20,22,24,28,30,31,32,33,35,37,38,39,40>5,6,10,12,14,16,20,30,36,33,35,37,39,40,9,11,22,24,28
4,5,6,9,10,11,12,14,16,18,20,22,24,28,30,31,32,33,35,37,38,39,40>4,8,10,14,15,18,20,29,31,32,33,35,37,39,40,9,11,22,24,28
4,5,6,9,10,11,12,14,16,18,20,22,24,28,30,31,32,33,35,37,38,39,40>4,5,6,8,10,13,16,18,21,30,31,34,36,38,33,35,37,39,40,9,11,22,24,28
4,37,13,15,16,22,29,31>22,28,31,39,16,29
4,37,13,15,16,22,29,31>35,4,39,22,31,16,29
4,37,13,15,16,22,29,31>4,37,39,15,31,16,29
4,37,13,15,16,22,29,31>4,13,15,17,28,16,29
4,37,13,15,16,22,29,31>37,13,15,17,22,16,29
4,37,13,15,16,22,29,31>31,39,13,15,16,29
4,37,13,15,16,22,29,31>35,4,39,13,22,16,29
4,37,13,15,16,22,29,31>4,37,39,13,15,16,29
32,1,2,35,4,7,40,9,11,13,17,18,19,20,22,23,24,25,27,30>37,14,16,19,21,26,28,29,30,31,32,1,2,7,40,9,17,18,20,22,23,24,25,27
32,1,2,35,4,7,40,9,11,13,17,18,19,20,22,23,24,25,27,30>34,11,19,26,31,32,1,2,7,40,9,17,18,20,22,23,24,25,27
32,1,2,35,4,7,40,9,11,13,17,18,19,20,22,23,24,25,27,30>35,39,13,14,21,26,28,29,30,32,1,2,7,40,9,17,18,20,22,23,24,25,27
32,1,2,35,4,7,40,9,11,13,17,18,19,20,22,23,24,25,27,30>34,5,39,14,19,21,26,30,31,32,1,2,7,40,9,17,18,20,22,23,24,25,27
32,1,2,35,4,7,40,9,11,13,17,18,19,20,22,23,24,25,27,30>4,5,37,39,16,19,26,28,30,31,32,1,2,7,40,9,17,18,20,22,23,24,25,27
32,1,2,35,4,7,40,9,11,13,17,18,19,20,22,23,24,25,27,30>34,6,39,11,13,14,19,21,29,30,32,1,2,7,40,9,17,18,20,22,23,24,25,27
32,1,2,35,4,7,40,9,11,13,17,18,19,20,22,23,24,25,27,30>34,4,6,13,14,21,28,29,30,31,32,1,2,7,40,9,17,18,20,22,23,24,25,27
32,1,2,35,4,7,40,9,11,13,17,18,19,20,22,23,24,25,27,30>34,35,4,6,37,11,13,21,29,32,1,2,7,40,9,17,18,20,22,23,24,25,27
33,3,35,36,37,40,14,17,18,20,21,22,24,25,26,27,28>32,39,14,15,26,29,31,33,3,36,37,20,21,22,24,25,27,28
33,3,35,36,37,40,14,17,18,20,21,22,24,25,26,27,28>32,34,35,39,40,26,29,30,31,33,3,36,37,20,21,22,24,25,27,28
33,3,35,36,37,40,14,17,18,20,21,22,24,25,26,27,28>34,4,14,17,26,29,33,3,36,37,20,21,22,24,25,27,28
33,3,35,36,37,40,14,17,18,20,21,22,24,25,26,27,28>32,34,4,39,40,15,17,29,30,31,33,3,36,37,20,21,22,24,25,27,28
33,3,35,36,37,40,14,17,18,20,21,22,24,25,26,27,28>32,35,4,40,17,18,26,33,3,36,37,20,21,22,24,25,27,28
33,3,35,36,37,40,14,17,18,20,21,22,24,25,26,27,28>35,5,39,15,29,31,33,3,36,37,20,21,22,24,25,27,28
33,3,35,36,37,40,14,17,18,20,21,22,24,25,26,27,28>32,35,5,15,18,26,30,31,33,3,36,37,20,21,22,24,25,27,28
33,3,35,36,37,40,14,17,18,20,21,22,24,25,26,27,28>32,35,5,14,15,17,26,31,33,3,36,37,20,21,22,24,25,27,28
1,2,33,5,39,9,11,15,16,18,19,21,22,24,28,29,30,31>35,36,9,11,20,23,24,31,1,2,33,5,39,18,21,22,28,29
1,2,33,5,39,9,11,15,16,18,19,21,22,24,28,29,30,31>36,40,19,23,24,31,1,2,33,5,39,18,21,22,28,29
1,2,33,5,39,9,11,15,16,18,19,21,22,24,28,29,30,31>35,36,40,9,16,20,23,24,31,1,2,33,5,39,18,21,22,28,29
1,2,33,5,39,9,11,15,16,18,19,21,22,24,28,29,30,31>35,36,40,9,15,16,20,23,25,30,1,2,33,5,39,18,21,22,28,29
1,2,33,5,39,9,11,15,16,18,19,21,22,24,28,29,30,31>40,11,20,25,31,1,2,33,5,39,18,21,22,28,29
1,2,33,5,39,9,11,15,16,18,19,21,22,24,28,29,30,31>20,36,40,11,1,2,33,5,39,18,21,22,28,29
1,2,33,5,39,9,11,15,16,18,19,21,22,24,28,29,30,31>35,9,11,15,19,20,24,25,30,31,1,2,33,5,39,18,21,22,28,29
1,2,33,5,39,9,11,15,16,18,19,21,22,24,28,29,30,31>35,36,9,11,19,20,23,30,31,1,2,33,5,39,18,21,22,28,29
32,1,3,35,37,38,7,39,9,17,20,22,25,26,27,29,30,31>4,5,17,24,28,32,1,3,35,37,39,9,20,27,29,30,31
32,1,3,35,37,38,7,39,9,17,20,22,25,26,27,29,30,31>38,22,25,26,28,32,1,3,35,37,39,9,20,27,29,30,31
32,1,3,35,37,38,7,39,9,17,20,22,25,26,27,29,30,31>4,5,38,17,22,25,28,32,1,3,35,37,39,9,20,27,29,30,31
32,1,3,35,37,38,7,39,9,17,20,22,25,26,27,29,30,31>4,7,22,24,25,28,32,1,3,35,37,39,9,20,27,29,30,31
32,1,3,35,37,38,7,39,9,17,20,22,25,26,27,29,30,31>5,7,17,22,24,26,32,1,3,35,37,39,9,20,27,29,30,31
32,1,3,35,37,38,7,39,9,17,20,22,25,26,27,29,30,31>5,7,22,24,28,32,1,3,35,37,39,9,20,27,29,30,31
32,1,3,35,37,38,7,39,9,17,20,22,25,26,27,29,30,31>38,7,24,25,26,28,32,1,3,35,37,39,9,20,27,29,30,31
32,1,3,35,37,38,7,39,9,17,20,22,25,26,27,29,30,31>25,26,40,17,32,1,3,35,37,39,9,20,27,29,30,31
33,2,36,5,6,39,9,10,11,12,13,15,17,18,19,22,23,24,26>33,34,6,15,16,19,21,24,2,36,5,39,11,12,13,17,18,22,23,26
33,2,36,5,6,39,9,10,11,12,13,15,17,18,19,22,23,24,26>33,34,6,16,19,20,21,24,25,28,29,30,2,36,5,39,11,12,13,17,18,22,23,26
33,2,36,5,6,39,9,10,11,12,13,15,17,18,19,22,23,24,26>33,34,8,15,16,25,29,30,2,36,5,39,11,12,13,17,18,22,23,26
33,2,36,5,6,39,9,10,11,12,13,15,17,18,19,22,23,24,26>33,34,6,8,9,10,15,19,30,2,36,5,39,11,12,13,17,18,22,23,26
33,2,36,5,6,39,9,10,11,12,13,15,17,18,19,22,23,24,26>6,9,14,16,19,20,25,30,2,36,5,39,11,12,13,17,18,22,23,26
33,2,36,5,6,39,9,10,11,12,13,15,17,18,19,22,23,24,26>33,8,9,15,16,19,25,29,2,36,5,39,11,12,13,17,18,22,23,26
33,2,36,5,6,39,9,10,11,12,13,15,17,18,19,22,23,24,26>34,6,8,9,14,16,20,25,30,2,36,5,39,11,12,13,17,18,22,23,26
33,2,36,5,6,39,9,10,11,12,13,15,17,18,19,22,23,24,26>33,34,6,8,9,14,16,19,20,21,24,29,2,36,5,39,11,12,13,17,18,22,23,26
1,2,3,4,5,6,7,9,10,12,13,15,17,19,20,30,31,32,34,35,37,38>32,6,15,24,31,1,2,3,4,5,34,7,35,9,10,37,12,13,17,20
1,2,3,4,5,6,7,9,10,12,13,15,17,19,20,30,31,32,34,35,37,38>32,6,38,15,19,30,1,2,3,4,5,34,7,35,9,10,37,12,13,17,20
1,2,3,4,5,6,7,9,10,12,13,15,17,19,20,30,31,32,34,35,37,38>32,8,15,16,18,23,24,31,1,2,3,4,5,34,7,35,9,10,37,12,13,17,20
1,2,3,4,5,6,7,9,10,12,13,15,17,19,20,30,31,32,34,35,37,38>40,15,16,18,24,31,1,2,3,4,5,34,7,35,9,10,37,12,13,17,20
1,2,3,4,5,6,7,9,10,12,13,15,17,19,20,30,31,32,34,35,37,38>40,15,16,18,23,30,31,1,2,3,4,5,34,7,35,9,10,37,12,13,17,20
1,2,3,4,5,6,7,9,10,12,13,15,17,19,20,30,31,32,34,35,37,38>6,38,40,16,19,23,1,2,3,4,5,34,7,35,9,10,37,12,13,17,20
1,2,3,4,5,6,7,9,10,12,13,15,17,19,20,30,31,32,34,35,37,38>15,8,40,1,2,3,4,5,34,7,35,9,10,37,12,13,17,20
1,2,3,4,5,6,7,9,10,12,13,15,17,19,20,30,31,32,34,35,37,38>6,8,40,18,23,1,2,3,4,5,34,7,35,9,10,37,12,13,17,20
1,3,4,36,6,7,39,40,11,15,16,17,20,22,23,25,26,30>4,8,11,15,16,17,22,23,27,29,1,3,39,40,7,20,26,30
1,3,4,36,6,7,39,40,11,15,16,17,20,22,23,25,26,30>34,5,8,9,15,22,23,24,25,27,29,1,3,39,40,7,20,26,30
1,3,4,36,6,7,39,40,11,15,16,17,20,22,23,25,26,30>4,5,9,15,23,25,28,29,1,3,39,40,7,20,26,30
1,3,4,36,6,7,39,40,11,15,16,17,20,22,23,25,26,30>5,6,8,11,17,22,25,27,29,1,3,39,40,7,20,26,30
1,3,4,36,6,7,39,40,11,15,16,17,20,22,23,25,26,30>4,5,6,8,9,11,17,22,23,24,29,1,3,39,40,7,20,26,30
1,3,4,36,6,7,39,40,11,15,16,17,20,22,23,25,26,30>34,4,5,6,8,11,15,16,22,23,24,27,28,29,1,3,39,40,7,20,26,30
1,3,4,36,6,7,39,40,11,15,16,17,20,22,23,25,26,30>34,5,36,9,11,17,22,23,25,28,1,3,39,40,7,20,26,30
1,3,4,36,6,7,39,40,11,15,16,17,20,22,23,25,26,30>4,5,6,36,9,11,15,17,23,24,25,28,1,3,39,40,7,20,26,30
