CD45,CD8,TCRlig,TCbind,PAGCsk,LCK,Fyn,Rlk,TCRphos,ZAP70,cCbl,Itk,LAT,Gads,Slp76,PLCg_b,Grb2Sos,DAG,PLCg_a,Ras,RasGRP1,PKCth,IP3,Raf,MEK,Ca,ERK,SEK,IKK,Calcin,Rsk,Fos,JNK,IkB,CREB,Jun,CRE,AP1,NFkB,NFAT
32,33,3,4,5,35,38,8,9,11,16,17,22,24,26,28,29,30>32,35,5,36,8,9,11,39,20,22,24,33,3,28,29,30
32,33,3,4,5,35,38,8,9,11,16,17,22,24,26,28,29,30>32,5,9,38,11,39,40,17,24,25,26,33,3,28,29,30
32,33,3,4,5,35,38,8,9,11,16,17,22,24,26,28,29,30>32,35,5,37,9,38,40,17,24,26,33,3,28,29,30
32,33,3,4,5,35,38,8,9,11,16,17,22,24,26,28,29,30>32,35,5,8,9,11,39,40,16,17,22,25,33,3,28,29,30
32,33,3,4,5,35,38,8,9,11,16,17,22,24,26,28,29,30>32,5,36,37,8,9,39,16,17,20,22,24,25,33,3,28,29,30
32,33,3,4,5,35,38,8,9,11,16,17,22,24,26,28,29,30>32,35,5,36,37,8,9,38,17,22,26,33,3,28,29,30
32,33,3,4,5,35,38,8,9,11,16,17,22,24,26,28,29,30>32,4,5,36,8,9,38,40,22,24,25,26,33,3,28,29,30
32,33,3,4,5,35,38,8,9,11,16,17,22,24,26,28,29,30>35,4,5,36,8,11,39,40,17,22,24,33,3,28,29,30
1,4,5,6,8,9,10,11,12,13,18,19,21,22,24,25,26,27,28,30,31,32,37,38,40>12,17,23,24,26,34,35,37,38,32,1,40,8,9,11,13,18,21,22,25,27,28,30,31
1,4,5,6,8,9,10,11,12,13,18,19,21,22,24,25,26,27,28,30,31,32,37,38,40>4,5,7,12,16,20,26,29,33,37,38,32,1,40,8,9,11,13,18,21,22,25,27,28,30,31
1,4,5,6,8,9,10,11,12,13,18,19,21,22,24,25,26,27,28,30,31,32,37,38,40>4,6,7,14,16,19,26,29,33,37,39,32,1,40,8,9,11,13,18,21,22,25,27,28,30,31
1,4,5,6,8,9,10,11,12,13,18,19,21,22,24,25,26,27,28,30,31,32,37,38,40>4,6,7,14,19,20,23,34,37,38,32,1,40,8,9,11,13,18,21,22,25,27,28,30,31
1,4,5,6,8,9,10,11,12,13,18,19,21,22,24,25,26,27,28,30,31,32,37,38,40>4,6,7,12,14,19,20,23,29,33,34,37,39,32,1,40,8,9,11,13,18,21,22,25,27,28,30,31
1,4,5,6,8,9,10,11,12,13,18,19,21,22,24,25,26,27,28,30,31,32,37,38,40>4,5,10,16,20,23,32,1,40,8,9,11,13,18,21,22,25,27,28,30,31
1,4,5,6,8,9,10,11,12,13,18,19,21,22,24,25,26,27,28,30,31,32,37,38,40>5,7,10,16,17,19,26,29,34,32,1,40,8,9,11,13,18,21,22,25,27,28,30,31
1,4,5,6,8,9,10,11,12,13,18,19,21,22,24,25,26,27,28,30,31,32,37,38,40>4,6,7,10,12,16,19,26,29,38,39,32,1,40,8,9,11,13,18,21,22,25,27,28,30,31
1,2,3,7,9,10,13,14,15,17,18,19,21,23,24,25,26,28,31,34,37,38,39,40>6,11,16,19,20,21,27,30,33,35,37,38,39,40,1,2,3,34,9,13,14,15,17,18,23,25,26
1,2,3,7,9,10,13,14,15,17,18,19,21,23,24,25,26,28,31,34,37,38,39,40>5,6,11,12,16,19,21,27,28,31,35,37,38,40,1,2,3,34,9,13,14,15,17,18,23,25,26
1,2,3,7,9,10,13,14,15,17,18,19,21,23,24,25,26,28,31,34,37,38,39,40>7,11,12,20,21,22,24,28,30,35,38,39,1,2,3,34,9,13,14,15,17,18,23,25,26
1,2,3,7,9,10,13,14,15,17,18,19,21,23,24,25,26,28,31,34,37,38,39,40>4,5,7,11,12,19,24,35,37,39,40,1,2,3,34,9,13,14,15,17,18,23,25,26
1,2,3,7,9,10,13,14,15,17,18,19,21,23,24,25,26,28,31,34,37,38,39,40>6,7,11,16,19,21,22,24,30,31,37,38,1,2,3,34,9,13,14,15,17,18,23,25,26
1,2,3,7,9,10,13,14,15,17,18,19,21,23,24,25,26,28,31,34,37,38,39,40>4,6,7,11,12,20,24,30,35,40,1,2,3,34,9,13,14,15,17,18,23,25,26
1,2,3,7,9,10,13,14,15,17,18,19,21,23,24,25,26,28,31,34,37,38,39,40>5,10,11,12,16,20,21,22,24,27,30,31,40,1,2,3,34,9,13,14,15,17,18,23,25,26
1,2,3,7,9,10,13,14,15,17,18,19,21,23,24,25,26,28,31,34,37,38,39,40>4,7,10,11,19,20,22,24,27,28,30,35,37,38,39,40,1,2,3,34,9,13,14,15,17,18,23,25,26
34,3,36,38,40,9,11,12,13,22,23,24,25,28,29,30,31>35,9,12,13,14,16,17,22,23,24,26,27,30,31,3,40,25,28,29
34,3,36,38,40,9,11,12,13,22,23,24,25,28,29,30,31>33,35,38,9,11,14,22,23,27,30,31,3,40,25,28,29
34,3,36,38,40,9,11,12,13,22,23,24,25,28,29,30,31>34,35,9,13,16,31,3,40,25,28,29
34,3,36,38,40,9,11,12,13,22,23,24,25,28,29,30,31>36,5,38,13,14,17,23,26,31,3,40,25,28,29
34,3,36,38,40,9,11,12,13,22,23,24,25,28,29,30,31>33,34,5,38,9,13,14,24,26,27,30,3,40,25,28,29
34,3,36,38,40,9,11,12,13,22,23,24,25,28,29,30,31>33,34,35,5,11,13,14,17,22,23,26,27,3,40,25,28,29
34,3,36,38,40,9,11,12,13,22,23,24,25,28,29,30,31>36,5,38,14,17,22,26,27,3,40,25,28,29
34,3,36,38,40,9,11,12,13,22,23,24,25,28,29,30,31>34,36,5,38,9,13,16,22,23,26,30,31,3,40,25,28,29
2,3,4,5,34,35,39,11,12,13,14,15,17,18,22,26,29>34,11,12,13,21,28,2,3,14,15,17,22,29
2,3,4,5,34,35,39,11,12,13,14,15,17,18,22,26,29>30,34,21,28,2,3,14,15,17,22,29
2,3,4,5,34,35,39,11,12,13,14,15,17,18,22,26,29>34,4,39,11,12,13,16,20,26,28,2,3,14,15,17,22,29
2,3,4,5,34,35,39,11,12,13,14,15,17,18,22,26,29>35,4,16,18,20,21,26,2,3,14,15,17,22,29
2,3,4,5,34,35,39,11,12,13,14,15,17,18,22,26,29>35,5,39,13,16,18,20,21,30,2,3,14,15,17,22,29
2,3,4,5,34,35,39,11,12,13,14,15,17,18,22,26,29>35,5,11,20,21,2,3,14,15,17,22,29
2,3,4,5,34,35,39,11,12,13,14,15,17,18,22,26,29>34,35,4,37,39,12,13,16,18,26,28,2,3,14,15,17,22,29
2,3,4,5,34,35,39,11,12,13,14,15,17,18,22,26,29>35,4,5,37,39,11,21,2,3,14,15,17,22,29
1,2,5,6,7,8,10,16,17,20,21,22,24,25,26,29,31,35,36,38,40>38,11,40,17,22,26,27,28,30,31,1,2,35,5,7,8,20,24,25,29
1,2,5,6,7,8,10,16,17,20,21,22,24,25,26,29,31,35,36,38,40>36,37,6,38,39,9,10,13,17,21,30,31,1,2,35,5,7,8,20,24,25,29
1,2,5,6,7,8,10,16,17,20,21,22,24,25,26,29,31,35,36,38,40>36,39,9,11,13,16,17,21,22,26,27,31,1,2,35,5,7,8,20,24,25,29
1,2,5,6,7,8,10,16,17,20,21,22,24,25,26,29,31,35,36,38,40>36,39,9,13,16,21,26,27,28,30,31,1,2,35,5,7,8,20,24,25,29
1,2,5,6,7,8,10,16,17,20,21,22,24,25,26,29,31,35,36,38,40>38,39,9,10,11,40,16,17,21,27,1,2,35,5,7,8,20,24,25,29
1,2,5,6,7,8,10,16,17,20,21,22,24,25,26,29,31,35,36,38,40>37,38,39,10,40,13,21,27,28,30,1,2,35,5,7,8,20,24,25,29
1,2,5,6,7,8,10,16,17,20,21,22,24,25,26,29,31,35,36,38,40>36,37,38,39,9,10,11,40,30,31,1,2,35,5,7,8,20,24,25,29
1,2,5,6,7,8,10,16,17,20,21,22,24,25,26,29,31,35,36,38,40>36,37,6,38,39,9,11,13,16,17,21,30,31,1,2,35,5,7,8,20,24,25,29
1,2,3,5,9,10,11,13,15,16,19,20,22,23,24,25,30,33,34,35,38,40>15,17,18,20,22,27,1,2,3,34,5,40,11,13,16,23,24,25
1,2,3,5,9,10,11,13,15,16,19,20,22,23,24,25,30,33,34,35,38,40>33,35,36,15,18,27,28,29,30,1,2,3,34,5,40,11,13,16,23,24,25
1,2,3,5,9,10,11,13,15,16,19,20,22,23,24,25,30,33,34,35,38,40>33,37,38,12,14,17,18,19,20,22,26,29,1,2,3,34,5,40,11,13,16,23,24,25
1,2,3,5,9,10,11,13,15,16,19,20,22,23,24,25,30,33,34,35,38,40>35,36,37,14,15,18,22,26,1,2,3,34,5,40,11,13,16,23,24,25
1,2,3,5,9,10,11,13,15,16,19,20,22,23,24,25,30,33,34,35,38,40>36,38,10,17,18,19,26,27,28,29,30,1,2,3,34,5,40,11,13,16,23,24,25
1,2,3,5,9,10,11,13,15,16,19,20,22,23,24,25,30,33,34,35,38,40>36,38,10,12,15,18,19,20,22,30,1,2,3,34,5,40,11,13,16,23,24,25
1,2,3,5,9,10,11,13,15,16,19,20,22,23,24,25,30,33,34,35,38,40>35,36,38,12,15,17,26,27,29,1,2,3,34,5,40,11,13,16,23,24,25
1,2,3,5,9,10,11,13,15,16,19,20,22,23,24,25,30,33,34,35,38,40>33,37,38,9,10,12,15,17,18,19,20,26,27,29,1,2,3,34,5,40,11,13,16,23,24,25
1,2,34,4,5,36,38,39,9,10,11,40,13,14,16,17,23,25,28,29>38,9,10,39,40,20,25,26,28,1,2,11,13,14,16,17
1,2,34,4,5,36,38,39,9,10,11,40,13,14,16,17,23,25,28,29>33,7,38,10,40,15,23,27,28,29,1,2,11,13,14,16,17
1,2,34,4,5,36,38,39,9,10,11,40,13,14,16,17,23,25,28,29>33,7,9,39,23,25,26,1,2,11,13,14,16,17
1,2,34,4,5,36,38,39,9,10,11,40,13,14,16,17,23,25,28,29>34,4,9,15,20,23,26,29,1,2,11,13,14,16,17
1,2,34,4,5,36,38,39,9,10,11,40,13,14,16,17,23,25,28,29>34,5,7,38,40,15,23,25,26,27,1,2,11,13,14,16,17
1,2,34,4,5,36,38,39,9,10,11,40,13,14,16,17,23,25,28,29>34,5,7,40,15,27,28,29,1,2,11,13,14,16,17
1,2,34,4,5,36,38,39,9,10,11,40,13,14,16,17,23,25,28,29>4,36,7,38,10,40,25,27,28,1,2,11,13,14,16,17
1,2,34,4,5,36,38,39,9,10,11,40,13,14,16,17,23,25,28,29>33,5,36,9,10,39,15,20,23,25,28,1,2,11,13,14,16,17
32,1,33,3,34,36,6,8,9,14,17,18,20,22,23,24,26,28,29>34,7,38,9,10,14,15,17,21,30,1,33,3,36,8,20,22,24,26,28,29
32,1,33,3,34,36,6,8,9,14,17,18,20,22,23,24,26,28,29>32,34,9,10,14,21,23,25,1,33,3,36,8,20,22,24,26,28,29
32,1,33,3,34,36,6,8,9,14,17,18,20,22,23,24,26,28,29>5,7,9,10,21,23,25,30,1,33,3,36,8,20,22,24,26,28,29
32,1,33,3,34,36,6,8,9,14,17,18,20,22,23,24,26,28,29>4,6,7,38,10,15,21,23,25,1,33,3,36,8,20,22,24,26,28,29
32,1,33,3,34,36,6,8,9,14,17,18,20,22,23,24,26,28,29>34,4,6,9,14,15,17,25,1,33,3,36,8,20,22,24,26,28,29
32,1,33,3,34,36,6,8,9,14,17,18,20,22,23,24,26,28,29>5,6,7,18,25,30,1,33,3,36,8,20,22,24,26,28,29
32,1,33,3,34,36,6,8,9,14,17,18,20,22,23,24,26,28,29>32,5,6,7,38,9,15,17,21,23,1,33,3,36,8,20,22,24,26,28,29
32,1,33,3,34,36,6,8,9,14,17,18,20,22,23,24,26,28,29>34,5,6,38,9,10,14,17,21,23,30,1,33,3,36,8,20,22,24,26,28,29
2,4,7,8,9,11,13,15,16,18,20,21,22,23,29,31,33,34,36,37,40>34,35,37,7,40,11,13,15,18,23,24,28,31,2,36,9,16,20,21,22,29
2,4,7,8,9,11,13,15,16,18,20,21,22,23,29,31,33,34,36,37,40>33,34,35,7,8,40,11,17,23,2,36,9,16,20,21,22,29
2,4,7,8,9,11,13,15,16,18,20,21,22,23,29,31,33,34,36,37,40>34,35,37,13,14,17,18,24,26,31,2,36,9,16,20,21,22,29
2,4,7,8,9,11,13,15,16,18,20,21,22,23,29,31,33,34,36,37,40>33,34,35,4,8,40,13,15,23,24,26,31,2,36,9,16,20,21,22,29
2,4,7,8,9,11,13,15,16,18,20,21,22,23,29,31,33,34,36,37,40>5,37,7,8,11,13,15,31,2,36,9,16,20,21,22,29
2,4,7,8,9,11,13,15,16,18,20,21,22,23,29,31,33,34,36,37,40>33,34,5,8,31,2,36,9,16,20,21,22,29
2,4,7,8,9,11,13,15,16,18,20,21,22,23,29,31,33,34,36,37,40>33,35,4,5,7,8,40,11,13,15,2,36,9,16,20,21,22,29
2,4,7,8,9,11,13,15,16,18,20,21,22,23,29,31,33,34,36,37,40>34,35,4,5,37,8,40,13,14,23,28,2,36,9,16,20,21,22,29
