CD45,CD8,TCRlig,TCbind,PAGCsk,LCK,Fyn,Rlk,TCRphos,ZAP70,cCbl,Itk,LAT,Gads,Slp76,PLCg_b,Grb2Sos,DAG,PLCg_a,Ras,RasGRP1,PKCth,IP3,Raf,MEK,Ca,ERK,SEK,IKK,Calcin,Rsk,Fos,JNK,IkB,CREB,Jun,CRE,AP1,NFkB,NFAT
1,34,3,4,6,7,8,40,10,12,13,15,16,20,21,23,26,27,28,30>6,10,14,15,17,21,23,27,31,1,34,3,4,7,8,40,12,13,16,20,26,30
1,34,3,4,6,7,8,40,10,12,13,15,16,20,21,23,26,27,28,30>32,6,11,14,17,19,21,23,24,31,1,34,3,4,7,8,40,12,13,16,20,26,30
1,34,3,4,6,7,8,40,10,12,13,15,16,20,21,23,26,27,28,30>33,5,6,14,21,23,24,27,31,1,34,3,4,7,8,40,12,13,16,20,26,30
1,34,3,4,6,7,8,40,10,12,13,15,16,20,21,23,26,27,28,30>32,33,9,11,14,17,21,23,24,27,31,1,34,3,4,7,8,40,12,13,16,20,26,30
1,34,3,4,6,7,8,40,10,12,13,15,16,20,21,23,26,27,28,30>5,9,19,21,23,24,31,1,34,3,4,7,8,40,12,13,16,20,26,30
1,34,3,4,6,7,8,40,10,12,13,15,16,20,21,23,26,27,28,30>32,5,9,10,11,14,17,19,23,28,1,34,3,4,7,8,40,12,13,16,20,26,30
1,34,3,4,6,7,8,40,10,12,13,15,16,20,21,23,26,27,28,30>32,5,6,9,11,14,15,23,28,1,34,3,4,7,8,40,12,13,16,20,26,30
1,34,3,4,6,7,8,40,10,12,13,15,16,20,21,23,26,27,28,30>32,33,5,6,9,10,11,15,17,1,34,3,4,7,8,40,12,13,16,20,26,30
1,3,6,9,10,15,16,17,18,19,20,21,23,24,25,26,27,29,30,31,32,36,38,40>35,9,36,12,39,15,16,17,21,22,32,1,3,38,40,10,18,20,23,24,25,26,27,30,31
1,3,6,9,10,15,16,17,18,19,20,21,23,24,25,26,27,29,30,31,32,36,38,40>5,6,8,9,36,12,39,15,16,22,29,32,1,3,38,40,10,18,20,23,24,25,26,27,30,31
1,3,6,9,10,15,16,17,18,19,20,21,23,24,25,26,27,29,30,31,32,36,38,40>35,7,8,9,11,12,39,19,21,22,32,1,3,38,40,10,18,20,23,24,25,26,27,30,31
1,3,6,9,10,15,16,17,18,19,20,21,23,24,25,26,27,29,30,31,32,36,38,40>35,7,8,11,13,17,19,22,29,32,1,3,38,40,10,18,20,23,24,25,26,27,30,31
1,3,6,9,10,15,16,17,18,19,20,21,23,24,25,26,27,29,30,31,32,36,38,40>35,6,7,8,11,12,39,15,21,29,32,1,3,38,40,10,18,20,23,24,25,26,27,30,31
1,3,6,9,10,15,16,17,18,19,20,21,23,24,25,26,27,29,30,31,32,36,38,40>35,4,6,7,8,9,13,16,17,19,21,29,32,1,3,38,40,10,18,20,23,24,25,26,27,30,31
1,3,6,9,10,15,16,17,18,19,20,21,23,24,25,26,27,29,30,31,32,36,38,40>35,5,6,7,8,36,11,12,13,39,16,21,22,29,32,1,3,38,40,10,18,20,23,24,25,26,27,30,31
1,3,6,9,10,15,16,17,18,19,20,21,23,24,25,26,27,29,30,31,32,36,38,40>35,4,5,6,7,36,11,12,13,19,21,22,32,1,3,38,40,10,18,20,23,24,25,26,27,30,31
32,1,33,3,4,5,6,7,36,37,38,11,40,15,19,20,24,25,27,30>33,34,39,8,31,32,1,3,36,5,38,7,40,24,25,27
32,1,33,3,4,5,6,7,36,37,38,11,40,15,19,20,24,25,27,30>33,37,39,8,15,18,20,23,30,31,32,1,3,36,5,38,7,40,24,25,27
32,1,33,3,4,5,6,7,36,37,38,11,40,15,19,20,24,25,27,30>4,37,8,11,20,23,32,1,3,36,5,38,7,40,24,25,27
32,1,33,3,4,5,6,7,36,37,38,11,40,15,19,20,24,25,27,30>33,4,37,15,23,31,32,1,3,36,5,38,7,40,24,25,27
32,1,33,3,4,5,6,7,36,37,38,11,40,15,19,20,24,25,27,30>34,4,37,15,18,30,32,1,3,36,5,38,7,40,24,25,27
32,1,33,3,4,5,6,7,36,37,38,11,40,15,19,20,24,25,27,30>34,4,37,39,9,11,15,19,30,32,1,3,36,5,38,7,40,24,25,27
32,1,33,3,4,5,6,7,36,37,38,11,40,15,19,20,24,25,27,30>37,6,39,8,11,15,31,32,1,3,36,5,38,7,40,24,25,27
32,1,33,3,4,5,6,7,36,37,38,11,40,15,19,20,24,25,27,30>4,37,6,39,8,9,11,30,31,32,1,3,36,5,38,7,40,24,25,27
5,6,39,40,9,10,13,14,17,18,19,22,23,25,28,31>33,34,35,9,15,16,21,27,29,31,5,39,10,13,14,17,18,22,23,28
5,6,39,40,9,10,13,14,17,18,19,22,23,25,28,31>34,6,9,15,20,26,27,31,5,39,10,13,14,17,18,22,23,28
5,6,39,40,9,10,13,14,17,18,19,22,23,25,28,31>35,6,9,40,19,21,27,29,31,5,39,10,13,14,17,18,22,23,28
5,6,39,40,9,10,13,14,17,18,19,22,23,25,28,31>33,34,35,6,11,20,27,31,5,39,10,13,14,17,18,22,23,28
5,6,39,40,9,10,13,14,17,18,19,22,23,25,28,31>8,9,40,11,15,16,20,21,26,29,31,5,39,10,13,14,17,18,22,23,28
5,6,39,40,9,10,13,14,17,18,19,22,23,25,28,31>33,35,8,9,40,15,25,26,29,31,5,39,10,13,14,17,18,22,23,28
5,6,39,40,9,10,13,14,17,18,19,22,23,25,28,31>6,8,40,11,19,25,5,39,10,13,14,17,18,22,23,28
5,6,39,40,9,10,13,14,17,18,19,22,23,25,28,31>33,34,6,8,15,16,19,21,26,27,5,39,10,13,14,17,18,22,23,28
1,3,4,5,12,13,15,18,19,20,21,22,26,27,29,31,34,36,37,39,40>5,13,15,16,19,23,26,27,28,30,35,36,37,39,1,3,4,18,20,21,22,29,31
1,3,4,5,12,13,15,18,19,20,21,22,26,27,29,31,34,36,37,39,40>7,13,16,23,27,30,34,40,1,3,4,18,20,21,22,29,31
1,3,4,5,12,13,15,18,19,20,21,22,26,27,29,31,34,36,37,39,40>12,13,15,16,19,24,27,28,32,34,37,40,1,3,4,18,20,21,22,29,31
1,3,4,5,12,13,15,18,19,20,21,22,26,27,29,31,34,36,37,39,40>5,12,13,15,16,17,23,24,26,27,28,30,34,37,39,1,3,4,18,20,21,22,29,31
1,3,4,5,12,13,15,18,19,20,21,22,26,27,29,31,34,36,37,39,40>5,7,12,13,15,19,23,24,26,37,39,40,1,3,4,18,20,21,22,29,31
1,3,4,5,12,13,15,18,19,20,21,22,26,27,29,31,34,36,37,39,40>5,14,16,23,27,30,34,35,40,1,3,4,18,20,21,22,29,31
1,3,4,5,12,13,15,18,19,20,21,22,26,27,29,31,34,36,37,39,40>5,14,15,17,26,27,30,34,35,37,1,3,4,18,20,21,22,29,31
1,3,4,5,12,13,15,18,19,20,21,22,26,27,29,31,34,36,37,39,40>7,12,14,15,17,23,24,28,35,1,3,4,18,20,21,22,29,31
1,2,3,5,6,9,10,12,14,16,17,18,22,23,24,25,27,30,31,34,37,39>6,12,13,14,15,17,21,24,26,32,35,37,40,1,2,3,34,5,10,22,25,27,31
1,2,3,5,6,9,10,12,14,16,17,18,22,23,24,25,27,30,31,34,37,39>7,8,11,12,13,15,16,18,20,23,26,30,32,35,40,1,2,3,34,5,10,22,25,27,31
1,2,3,5,6,9,10,12,14,16,17,18,22,23,24,25,27,30,31,34,37,39>7,8,11,13,14,16,20,23,26,28,29,30,35,39,40,1,2,3,34,5,10,22,25,27,31
1,2,3,5,6,9,10,12,14,16,17,18,22,23,24,25,27,30,31,34,37,39>9,16,21,23,24,1,2,3,34,5,10,22,25,27,31
1,2,3,5,6,9,10,12,14,16,17,18,22,23,24,25,27,30,31,34,37,39>4,9,12,14,16,18,21,26,28,30,32,37,39,1,2,3,34,5,10,22,25,27,31
1,2,3,5,6,9,10,12,14,16,17,18,22,23,24,25,27,30,31,34,37,39>6,9,12,14,16,17,20,23,24,26,28,30,35,37,39,40,1,2,3,34,5,10,22,25,27,31
1,2,3,5,6,9,10,12,14,16,17,18,22,23,24,25,27,30,31,34,37,39>6,8,9,12,18,21,26,28,29,35,37,39,1,2,3,34,5,10,22,25,27,31
1,2,3,5,6,9,10,12,14,16,17,18,22,23,24,25,27,30,31,34,37,39>4,6,8,9,11,12,13,16,17,20,21,26,28,30,37,1,2,3,34,5,10,22,25,27,31
32,33,34,36,37,7,39,40,10,11,13,17,18,19,20,22,23,25,26,31>7,9,25,27,28,29,32,33,35,37,38,40,34,36,11,13,17,18,20,22,23,26
32,33,34,36,37,7,39,40,10,11,13,17,18,19,20,22,23,25,26,31>5,7,9,16,19,21,25,29,31,38,34,36,11,13,17,18,20,22,23,26
32,33,34,36,37,7,39,40,10,11,13,17,18,19,20,22,23,25,26,31>10,19,21,24,27,28,29,40,34,36,11,13,17,18,20,22,23,26
32,33,34,36,37,7,39,40,10,11,13,17,18,19,20,22,23,25,26,31>5,10,21,25,27,28,29,30,33,38,40,34,36,11,13,17,18,20,22,23,26
32,33,34,36,37,7,39,40,10,11,13,17,18,19,20,22,23,25,26,31>7,9,16,21,24,27,35,37,39,34,36,11,13,17,18,20,22,23,26
32,33,34,36,37,7,39,40,10,11,13,17,18,19,20,22,23,25,26,31>5,14,21,27,30,33,35,38,39,34,36,11,13,17,18,20,22,23,26
32,33,34,36,37,7,39,40,10,11,13,17,18,19,20,22,23,25,26,31>10,14,16,19,25,27,28,30,32,33,35,38,40,34,36,11,13,17,18,20,22,23,26
32,33,34,36,37,7,39,40,10,11,13,17,18,19,20,22,23,25,26,31>9,10,14,19,28,30,31,32,33,34,36,11,13,17,18,20,22,23,26
2,3,4,6,7,9,11,12,13,14,19,20,21,22,24,30,31,33,34,35,37,38,40>4,7,12,16,18,19,22,29,30,33,2,35,3,34,37,40,9,14,20,24
2,3,4,6,7,9,11,12,13,14,19,20,21,22,24,30,31,33,34,35,37,38,40>4,5,7,12,13,17,19,23,28,33,38,2,35,3,34,37,40,9,14,20,24
2,3,4,6,7,9,11,12,13,14,19,20,21,22,24,30,31,33,34,35,37,38,40>4,6,7,11,12,15,16,18,23,31,33,36,2,35,3,34,37,40,9,14,20,24
2,3,4,6,7,9,11,12,13,14,19,20,21,22,24,30,31,33,34,35,37,38,40>4,5,6,7,13,15,16,18,19,22,23,25,28,29,31,2,35,3,34,37,40,9,14,20,24
2,3,4,6,7,9,11,12,13,14,19,20,21,22,24,30,31,33,34,35,37,38,40>4,8,11,13,17,23,25,29,31,36,2,35,3,34,37,40,9,14,20,24
2,3,4,6,7,9,11,12,13,14,19,20,21,22,24,30,31,33,34,35,37,38,40>6,8,15,17,18,19,21,23,25,28,29,31,36,2,35,3,34,37,40,9,14,20,24
2,3,4,6,7,9,11,12,13,14,19,20,21,22,24,30,31,33,34,35,37,38,40>5,6,8,11,12,16,17,19,21,22,23,36,2,35,3,34,37,40,9,14,20,24
2,3,4,6,7,9,11,12,13,14,19,20,21,22,24,30,31,33,34,35,37,38,40>4,5,6,8,11,15,16,19,22,28,29,31,33,2,35,3,34,37,40,9,14,20,24
1,4,6,7,8,10,12,13,14,16,20,23,24,25,27,28,29,31,35,36,38,40>11,12,17,20,28,32,36,38,1,35,7,8,13,14,16,24,25,27,31
1,4,6,7,8,10,12,13,14,16,20,23,24,25,27,28,29,31,35,36,38,40>4,5,11,12,17,20,23,26,29,33,36,38,39,40,1,35,7,8,13,14,16,24,25,27,31
1,4,6,7,8,10,12,13,14,16,20,23,24,25,27,28,29,31,35,36,38,40>5,6,12,23,26,28,32,37,38,39,1,35,7,8,13,14,16,24,25,27,31
1,4,6,7,8,10,12,13,14,16,20,23,24,25,27,28,29,31,35,36,38,40>6,9,12,20,26,32,36,37,40,1,35,7,8,13,14,16,24,25,27,31
1,4,6,7,8,10,12,13,14,16,20,23,24,25,27,28,29,31,35,36,38,40>4,6,10,11,15,17,20,23,26,32,36,37,40,1,35,7,8,13,14,16,24,25,27,31
1,4,6,7,8,10,12,13,14,16,20,23,24,25,27,28,29,31,35,36,38,40>9,10,11,15,17,20,23,26,28,29,32,33,37,39,40,1,35,7,8,13,14,16,24,25,27,31
1,4,6,7,8,10,12,13,14,16,20,23,24,25,27,28,29,31,35,36,38,40>4,9,10,20,26,32,33,37,40,1,35,7,8,13,14,16,24,25,27,31
1,4,6,7,8,10,12,13,14,16,20,23,24,25,27,28,29,31,35,36,38,40>5,6,9,10,11,15,17,29,36,37,39,40,1,35,7,8,13,14,16,24,25,27,31
32,1,34,3,35,37,38,39,8,10,11,12,13,14,17,22,25,26,29>34,8,15,16,20,25,27,1,3,37,11,13,14,17,29
32,1,34,3,35,37,38,39,8,10,11,12,13,14,17,22,25,26,29>35,15,20,25,26,1,3,37,11,13,14,17,29
32,1,34,3,35,37,38,39,8,10,11,12,13,14,17,22,25,26,29>5,8,10,12,15,16,20,25,26,28,1,3,37,11,13,14,17,29
32,1,34,3,35,37,38,39,8,10,11,12,13,14,17,22,25,26,29>32,34,5,15,16,20,30,1,3,37,11,13,14,17,29
32,1,34,3,35,37,38,39,8,10,11,12,13,14,17,22,25,26,29>32,34,38,8,20,25,27,28,30,1,3,37,11,13,14,17,29
32,1,34,3,35,37,38,39,8,10,11,12,13,14,17,22,25,26,29>32,34,38,39,15,20,27,28,30,1,3,37,11,13,14,17,29
32,1,34,3,35,37,38,39,8,10,11,12,13,14,17,22,25,26,29>32,34,35,38,12,15,20,22,27,28,1,3,37,11,13,14,17,29
32,1,34,3,35,37,38,39,8,10,11,12,13,14,17,22,25,26,29>35,5,38,10,12,15,20,25,27,30,1,3,37,11,13,14,17,29
