CD45,CD8,TCRlig,TCbind,PAGCsk,LCK,Fyn,Rlk,TCRphos,ZAP70,cCbl,Itk,LAT,Gads,Slp76,PLCg_b,Grb2Sos,DAG,PLCg_a,Ras,RasGRP1,PKCth,IP3,Raf,MEK,Ca,ERK,SEK,IKK,Calcin,Rsk,Fos,JNK,IkB,CREB,Jun,CRE,AP1,NFkB,NFAT
1,3,4,5,9,10,12,13,14,15,19,20,23,24,27,29,32,33,34,35,37,40>33,35,7,40,9,11,17,18,19,25,26,29,31,32,1,3,4,37,12,13,14,15,23,24
1,3,4,5,9,10,12,13,14,15,19,20,23,24,27,29,32,33,34,35,37,40>36,7,10,16,17,18,19,20,25,26,31,32,1,3,4,37,12,13,14,15,23,24
1,3,4,5,9,10,12,13,14,15,19,20,23,24,27,29,32,33,34,35,37,40>5,7,9,11,16,26,32,1,3,4,37,12,13,14,15,23,24
1,3,4,5,9,10,12,13,14,15,19,20,23,24,27,29,32,33,34,35,37,40>33,34,5,40,9,11,16,18,19,20,26,27,32,1,3,4,37,12,13,14,15,23,24
1,3,4,5,9,10,12,13,14,15,19,20,23,24,27,29,32,33,34,35,37,40>35,5,40,9,10,11,16,17,18,20,29,32,1,3,4,37,12,13,14,15,23,24
1,3,4,5,9,10,12,13,14,15,19,20,23,24,27,29,32,33,34,35,37,40>33,34,35,5,7,40,10,19,29,31,32,1,3,4,37,12,13,14,15,23,24
1,3,4,5,9,10,12,13,14,15,19,20,23,24,27,29,32,33,34,35,37,40>33,35,36,5,7,10,11,18,20,29,32,1,3,4,37,12,13,14,15,23,24
1,3,4,5,9,10,12,13,14,15,19,20,23,24,27,29,32,33,34,35,37,40>33,34,35,36,5,40,9,10,11,17,20,26,29,32,1,3,4,37,12,13,14,15,23,24
32,1,3,4,5,37,38,8,9,10,40,13,15,18,19,20,21,22,26,30>5,9,11,12,17,19,28,32,34,38,39,1,3,4,40,13,18,20,21,22,30
32,1,3,4,5,37,38,8,9,10,40,13,15,18,19,20,21,22,26,30>5,7,9,11,12,14,16,19,32,34,37,38,1,3,4,40,13,18,20,21,22,30
32,1,3,4,5,37,38,8,9,10,40,13,15,18,19,20,21,22,26,30>7,8,9,11,12,14,17,19,38,39,1,3,4,40,13,18,20,21,22,30
32,1,3,4,5,37,38,8,9,10,40,13,15,18,19,20,21,22,26,30>10,11,15,16,17,19,32,1,3,4,40,13,18,20,21,22,30
32,1,3,4,5,37,38,8,9,10,40,13,15,18,19,20,21,22,26,30>7,8,10,11,17,19,23,24,28,37,39,1,3,4,40,13,18,20,21,22,30
32,1,3,4,5,37,38,8,9,10,40,13,15,18,19,20,21,22,26,30>9,10,14,15,16,17,19,29,34,37,38,1,3,4,40,13,18,20,21,22,30
32,1,3,4,5,37,38,8,9,10,40,13,15,18,19,20,21,22,26,30>5,9,10,14,15,23,26,28,32,37,39,1,3,4,40,13,18,20,21,22,30
32,1,3,4,5,37,38,8,9,10,40,13,15,18,19,20,21,22,26,30>8,9,10,15,17,23,24,26,28,29,34,37,39,1,3,4,40,13,18,20,21,22,30
32,1,2,3,6,7,11,12,14,15,18,19,20,22,23,24,26,27,30,31>34,35,9,40,11,14,21,32,1,2,3,6,7,15,18,22,23,24,26,30,31
32,1,2,3,6,7,11,12,14,15,18,19,20,22,23,24,26,27,30,31>35,5,39,8,14,19,20,28,29,32,1,2,3,6,7,15,18,22,23,24,26,30,31
32,1,2,3,6,7,11,12,14,15,18,19,20,22,23,24,26,27,30,31>8,11,12,14,19,20,25,28,29,32,1,2,3,6,7,15,18,22,23,24,26,30,31
32,1,2,3,6,7,11,12,14,15,18,19,20,22,23,24,26,27,30,31>34,5,8,9,40,12,14,20,21,27,28,32,1,2,3,6,7,15,18,22,23,24,26,30,31
32,1,2,3,6,7,11,12,14,15,18,19,20,22,23,24,26,27,30,31>35,5,8,9,11,14,19,27,28,32,1,2,3,6,7,15,18,22,23,24,26,30,31
32,1,2,3,6,7,11,12,14,15,18,19,20,22,23,24,26,27,30,31>34,39,8,9,11,12,25,29,32,1,2,3,6,7,15,18,22,23,24,26,30,31
32,1,2,3,6,7,11,12,14,15,18,19,20,22,23,24,26,27,30,31>5,39,8,14,19,21,27,29,32,1,2,3,6,7,15,18,22,23,24,26,30,31
32,1,2,3,6,7,11,12,14,15,18,19,20,22,23,24,26,27,30,31>35,5,39,8,40,11,19,20,21,25,27,28,32,1,2,3,6,7,15,18,22,23,24,26,30,31
33,2,3,35,36,38,39,11,12,13,14,15,21,24,25,31>5,11,13,21,24,2,35,3,36,39,14,15,25
33,2,3,35,36,38,39,11,12,13,14,15,21,24,25,31>34,5,11,13,16,20,31,2,35,3,36,39,14,15,25
33,2,3,35,36,38,39,11,12,13,14,15,21,24,25,31>33,34,5,13,21,31,2,35,3,36,39,14,15,25
33,2,3,35,36,38,39,11,12,13,14,15,21,24,25,31>33,5,37,12,13,16,20,27,31,2,35,3,36,39,14,15,25
33,2,3,35,36,38,39,11,12,13,14,15,21,24,25,31>33,38,11,12,13,17,20,21,24,31,2,35,3,36,39,14,15,25
33,2,3,35,36,38,39,11,12,13,14,15,21,24,25,31>33,5,38,11,13,16,31,2,35,3,36,39,14,15,25
33,2,3,35,36,38,39,11,12,13,14,15,21,24,25,31>37,38,12,16,20,21,24,27,31,2,35,3,36,39,14,15,25
33,2,3,35,36,38,39,11,12,13,14,15,21,24,25,31>5,37,38,11,12,2,35,3,36,39,14,15,25
1,3,4,6,7,9,10,12,13,14,15,17,18,23,25,26,28,29,31,33,36,37,39>5,11,18,22,23,25,28,1,33,3,4,36,7,39,9,10,12,13,14,15,17,26
1,3,4,6,7,9,10,12,13,14,15,17,18,23,25,26,28,29,31,33,36,37,39>35,5,6,16,18,20,29,31,1,33,3,4,36,7,39,9,10,12,13,14,15,17,26
1,3,4,6,7,9,10,12,13,14,15,17,18,23,25,26,28,29,31,33,36,37,39>5,6,37,11,16,18,23,27,29,31,1,33,3,4,36,7,39,9,10,12,13,14,15,17,26
1,3,4,6,7,9,10,12,13,14,15,17,18,23,25,26,28,29,31,33,36,37,39>5,6,8,18,23,27,28,30,31,1,33,3,4,36,7,39,9,10,12,13,14,15,17,26
1,3,4,6,7,9,10,12,13,14,15,17,18,23,25,26,28,29,31,33,36,37,39>35,5,6,8,16,22,28,29,31,1,33,3,4,36,7,39,9,10,12,13,14,15,17,26
1,3,4,6,7,9,10,12,13,14,15,17,18,23,25,26,28,29,31,33,36,37,39>5,37,8,16,22,23,27,29,31,1,33,3,4,36,7,39,9,10,12,13,14,15,17,26
1,3,4,6,7,9,10,12,13,14,15,17,18,23,25,26,28,29,31,33,36,37,39>35,5,37,8,11,16,20,25,28,29,31,1,33,3,4,36,7,39,9,10,12,13,14,15,17,26
1,3,4,6,7,9,10,12,13,14,15,17,18,23,25,26,28,29,31,33,36,37,39>35,5,6,8,11,20,23,25,27,28,29,30,1,33,3,4,36,7,39,9,10,12,13,14,15,17,26
32,2,34,4,35,37,9,11,13,16,17,20,23,24,25,27,31>11,26,32,2,35,34,37,16,17,20,24,25,27,31
32,2,34,4,35,37,9,11,13,16,17,20,23,24,25,27,31>4,11,32,2,35,34,37,16,17,20,24,25,27,31
32,2,34,4,35,37,9,11,13,16,17,20,23,24,25,27,31>11,23,32,2,35,34,37,16,17,20,24,25,27,31
32,2,34,4,35,37,9,11,13,16,17,20,23,24,25,27,31>4,13,26,32,2,35,34,37,16,17,20,24,25,27,31
32,2,34,4,35,37,9,11,13,16,17,20,23,24,25,27,31>9,13,26,32,2,35,34,37,16,17,20,24,25,27,31
32,2,34,4,35,37,9,11,13,16,17,20,23,24,25,27,31>4,9,13,32,2,35,34,37,16,17,20,24,25,27,31
32,2,34,4,35,37,9,11,13,16,17,20,23,24,25,27,31>9,11,13,32,2,35,34,37,16,17,20,24,25,27,31
32,2,34,4,35,37,9,11,13,16,17,20,23,24,25,27,31>4,9,14,23,32,2,35,34,37,16,17,20,24,25,27,31
1,2,6,7,8,9,10,11,12,13,14,15,16,18,23,25,26,27,29,30,31,36,38,39>17,32,22,23,1,2,6,7,8,9,39,11,12,13,14,15,16,26,27,30,31
1,2,6,7,8,9,10,11,12,13,14,15,16,18,23,25,26,27,29,30,31,36,38,39>32,36,10,18,19,23,25,1,2,6,7,8,9,39,11,12,13,14,15,16,26,27,30,31
1,2,6,7,8,9,10,11,12,13,14,15,16,18,23,25,26,27,29,30,31,36,38,39>32,35,36,17,22,25,1,2,6,7,8,9,39,11,12,13,14,15,16,26,27,30,31
1,2,6,7,8,9,10,11,12,13,14,15,16,18,23,25,26,27,29,30,31,36,38,39>32,36,5,18,19,22,29,1,2,6,7,8,9,39,11,12,13,14,15,16,26,27,30,31
1,2,6,7,8,9,10,11,12,13,14,15,16,18,23,25,26,27,29,30,31,36,38,39>32,35,36,5,40,18,19,22,23,1,2,6,7,8,9,39,11,12,13,14,15,16,26,27,30,31
1,2,6,7,8,9,10,11,12,13,14,15,16,18,23,25,26,27,29,30,31,36,38,39>32,35,36,5,40,17,18,1,2,6,7,8,9,39,11,12,13,14,15,16,26,27,30,31
1,2,6,7,8,9,10,11,12,13,14,15,16,18,23,25,26,27,29,30,31,36,38,39>35,38,10,17,19,23,25,29,1,2,6,7,8,9,39,11,12,13,14,15,16,26,27,30,31
1,2,6,7,8,9,10,11,12,13,14,15,16,18,23,25,26,27,29,30,31,36,38,39>32,35,36,5,38,10,17,18,22,1,2,6,7,8,9,39,11,12,13,14,15,16,26,27,30,31
32,35,36,38,39,40,12,14,15,20,22,24,25,26,29,30,31>32,14,22,28,31,35,38,39,40,15,24,25,29,30
32,35,36,38,39,40,12,14,15,20,22,24,25,26,29,30,31>36,5,14,27,28,31,35,38,39,40,15,24,25,29,30
32,35,36,38,39,40,12,14,15,20,22,24,25,26,29,30,31>36,37,31,35,38,39,40,15,24,25,29,30
32,35,36,38,39,40,12,14,15,20,22,24,25,26,29,30,31>32,5,37,14,26,31,35,38,39,40,15,24,25,29,30
32,35,36,38,39,40,12,14,15,20,22,24,25,26,29,30,31>32,36,12,14,22,26,35,38,39,40,15,24,25,29,30
32,35,36,38,39,40,12,14,15,20,22,24,25,26,29,30,31>32,5,12,35,38,39,40,15,24,25,29,30
32,35,36,38,39,40,12,14,15,20,22,24,25,26,29,30,31>37,12,14,20,22,28,31,35,38,39,40,15,24,25,29,30
32,35,36,38,39,40,12,14,15,20,22,24,25,26,29,30,31>36,37,12,14,27,28,35,38,39,40,15,24,25,29,30
1,2,3,6,7,8,9,11,15,20,21,22,24,26,27,28,29,30,32,36,40>33,36,38,15,21,31,32,1,2,3,6,7,8,9,40,20,24,28,29,30
1,2,3,6,7,8,9,11,15,20,21,22,24,26,27,28,29,30,32,36,40>5,38,11,15,21,22,25,26,27,31,32,1,2,3,6,7,8,9,40,20,24,28,29,30
1,2,3,6,7,8,9,11,15,20,21,22,24,26,27,28,29,30,32,36,40>36,5,38,11,15,21,25,31,32,1,2,3,6,7,8,9,40,20,24,28,29,30
1,2,3,6,7,8,9,11,15,20,21,22,24,26,27,28,29,30,32,36,40>33,39,21,22,25,26,32,1,2,3,6,7,8,9,40,20,24,28,29,30
1,2,3,6,7,8,9,11,15,20,21,22,24,26,27,28,29,30,32,36,40>38,39,15,22,25,31,32,1,2,3,6,7,8,9,40,20,24,28,29,30
1,2,3,6,7,8,9,11,15,20,21,22,24,26,27,28,29,30,32,36,40>33,5,39,21,22,27,31,32,1,2,3,6,7,8,9,40,20,24,28,29,30
1,2,3,6,7,8,9,11,15,20,21,22,24,26,27,28,29,30,32,36,40>38,39,11,21,22,27,31,32,1,2,3,6,7,8,9,40,20,24,28,29,30
1,2,3,6,7,8,9,11,15,20,21,22,24,26,27,28,29,30,32,36,40>36,5,38,39,25,26,27,32,1,2,3,6,7,8,9,40,20,24,28,29,30
1,2,3,4,7,8,9,11,15,23,24,25,27,30,32,35,36,37,38,39,40>35,4,23,24,30,31,32,1,2,3,37,38,7,39,9,40,25,27
1,2,3,4,7,8,9,11,15,23,24,25,27,30,32,35,36,37,38,39,40>34,35,4,36,8,24,26,30,31,32,1,2,3,37,38,7,39,9,40,25,27
1,2,3,4,7,8,9,11,15,23,24,25,27,30,32,35,36,37,38,39,40>35,5,36,15,24,26,32,1,2,3,37,38,7,39,9,40,25,27
1,2,3,4,7,8,9,11,15,23,24,25,27,30,32,35,36,37,38,39,40>34,4,5,36,8,11,15,24,30,31,32,1,2,3,37,38,7,39,9,40,25,27
1,2,3,4,7,8,9,11,15,23,24,25,27,30,32,35,36,37,38,39,40>34,4,5,36,11,23,30,31,32,1,2,3,37,38,7,39,9,40,25,27
1,2,3,4,7,8,9,11,15,23,24,25,27,30,32,35,36,37,38,39,40>34,35,4,5,8,15,23,30,31,32,1,2,3,37,38,7,39,9,40,25,27
1,2,3,4,7,8,9,11,15,23,24,25,27,30,32,35,36,37,38,39,40>35,6,36,8,11,15,31,32,1,2,3,37,38,7,39,9,40,25,27
1,2,3,4,7,8,9,11,15,23,24,25,27,30,32,35,36,37,38,39,40>4,5,6,36,8,11,24,30,31,32,1,2,3,37,38,7,39,9,40,25,27
