CD45,CD8,TCRlig,TCbind,PAGCsk,LCK,Fyn,Rlk,TCRphos,ZAP70,cCbl,Itk,LAT,Gads,Slp76,PLCg_b,Grb2Sos,DAG,PLCg_a,Ras,RasGRP1,PKCth,IP3,Raf,MEK,Ca,ERK,SEK,IKK,Calcin,Rsk,Fos,JNK,IkB,CREB,Jun,CRE,AP1,NFkB,NFAT
1,2,3,7,8,9,12,14,20,21,22,23,24,26,28,29,30,31,34,35,36,39>4,5,6,7,8,36,39,14,21,23,1,2,3,35,9,20,24,26,28,29,30
1,2,3,7,8,9,12,14,20,21,22,23,24,26,28,29,30,31,34,35,36,39>33,34,4,8,37,39,40,22,25,1,2,3,35,9,20,24,26,28,29,30
32,2,3,34,5,36,38,9,10,11,12,15,16,17,21,24,27,28>33,36,10,15,16,17,25,31,32,2,3,34,5,38,11,12
32,2,3,34,5,36,38,9,10,11,12,15,16,17,21,24,27,28>9,19,20,21,24,27,31,32,2,3,34,5,38,11,12
32,33,34,3,36,37,39,40,9,13,16,18,19,22,23,25,30>5,37,9,13,14,17,27,34,3,36,40,16,18,22,23
32,33,34,3,36,37,39,40,9,13,16,18,19,22,23,25,30>4,39,13,17,19,21,25,26,30,34,3,36,40,16,18,22,23
2,3,5,9,12,14,15,16,17,18,19,21,22,26,28,30,32,33,37,38,40>34,36,9,14,17,23,29,33,2,3,5,40,15,18,21,22,28,30
2,3,5,9,12,14,15,16,17,18,19,21,22,26,28,30,32,33,37,38,40>32,34,38,9,12,16,17,20,23,26,33,2,3,5,40,15,18,21,22,28,30
32,1,34,3,4,5,6,7,8,37,39,11,12,13,14,18,28,30>32,37,39,9,12,13,16,17,18,22,28,30,1,34,3,5,7,8,14
32,1,34,3,4,5,6,7,8,37,39,11,12,13,14,18,28,30>32,6,40,9,15,16,28,1,34,3,5,7,8,14
32,4,5,36,37,8,9,10,11,38,39,40,15,17,18,23,24,25,28,29>9,10,12,17,18,22,24,26,28,29,37,25,11,38,39
32,4,5,36,37,8,9,10,11,38,39,40,15,17,18,23,24,25,28,29>5,10,12,15,20,22,26,29,33,37,40,25,11,38,39
1,2,4,5,6,7,38,9,40,12,15,18,19,21,22,26,27,31>34,4,6,39,10,40,26,27,28,29,1,2,5,7,9,18,21,22,31
1,2,4,5,6,7,38,9,40,12,15,18,19,21,22,26,27,31>34,35,6,38,39,10,40,12,15,19,23,26,27,29,30,1,2,5,7,9,18,21,22,31
1,3,4,5,6,7,10,14,15,17,18,20,23,24,25,26,27,28,32,35,36,37,39,40>6,9,10,11,12,13,14,22,30,34,35,32,1,3,4,5,37,7,39,15,20,24,25,26,27
1,3,4,5,6,7,10,14,15,17,18,20,23,24,25,26,27,28,32,35,36,37,39,40>6,9,11,13,14,17,31,33,36,32,1,3,4,5,37,7,39,15,20,24,25,26,27
1,3,5,37,8,40,10,11,16,17,19,20,21,23,27,29,31>35,37,39,8,13,16,17,24,27,1,3,5,11,20,23,31
1,3,5,37,8,40,10,11,16,17,19,20,21,23,27,29,31>35,37,39,19,21,27,29,1,3,5,11,20,23,31
1,2,3,33,5,34,8,9,40,12,14,18,20,26,28>4,36,9,40,12,14,18,20,22,26,1,2,3,33,5,34
1,2,3,33,5,34,8,9,40,12,14,18,20,26,28>4,36,14,15,18,22,24,28,1,2,3,33,5,34
1,2,35,36,5,37,12,17,19,20,23,25,26,28,29,30,31>33,36,40,12,17,19,24,27,28,1,2,35,37,5,20,23,26,30
1,2,35,36,5,37,12,17,19,20,23,25,26,28,29,30,31>33,36,39,19,28,1,2,35,37,5,20,23,26,30
32,33,34,36,5,9,10,12,16,17,18,20,21,22,24,25,28>16,17,18,33,34,36,5,20,21,22,24,25,28
32,33,34,36,5,9,10,12,16,17,18,20,21,22,24,25,28>32,38,9,10,18,33,34,36,5,20,21,22,24,25,28
1,2,5,7,9,10,14,15,16,18,19,24,25,26,27,29,30,31,33,35,36,38,39>32,33,38,7,40,11,13,14,16,24,1,2,35,36,5,39,9,15,18,25,27,30,31
1,2,5,7,9,10,14,15,16,18,19,24,25,26,27,29,30,31,33,35,36,38,39>37,7,10,11,19,22,26,29,1,2,35,36,5,39,9,15,18,25,27,30,31
32,1,34,3,6,38,8,9,13,14,15,16,18,19,20,21,22,24>32,7,38,10,17,19,29,1,34,3,8,14,15,16,18,20,21,22,24
32,1,34,3,6,38,8,9,13,14,15,16,18,19,20,21,22,24>32,4,6,38,9,17,25,1,34,3,8,14,15,16,18,20,21,22,24
32,1,33,3,4,37,7,9,11,14,15,18,19,20,21,26,28,30>39,11,23,24,26,1,33,3,7,9,15,18,20,30
32,1,33,3,4,37,7,9,11,14,15,18,19,20,21,26,28,30>32,5,36,40,11,21,24,26,1,33,3,7,9,15,18,20,30
5,6,7,8,9,13,14,15,17,18,19,24,25,26,27,29,30,31,33,34,37>34,35,37,10,13,16,19,20,22,24,26,29,5,8,9,14,15,17,18,25,27,30,31
5,6,7,8,9,13,14,15,17,18,19,24,25,26,27,29,30,31,33,34,37>34,35,36,37,6,7,10,16,22,5,8,9,14,15,17,18,25,27,30,31
33,2,34,35,36,6,7,38,39,40,11,14,21,25,28>35,5,7,11,40,25,27,28,33,2,34,36
33,2,34,35,36,6,7,38,39,40,11,14,21,25,28>35,6,7,9,39,15,40,20,27,28,33,2,34,36
33,2,34,36,5,37,38,8,9,10,11,12,39,14,15,16,18,28,30>38,8,14,16,18,19,22,28,30,33,2,34,36,5,11,12,15
33,2,34,36,5,37,38,8,9,10,11,12,39,14,15,16,18,28,30>38,39,8,9,13,16,18,19,30,33,2,34,36,5,11,12,15
32,33,4,5,6,7,8,37,38,11,39,13,14,15,17,19,20,22,27,29>36,6,7,38,13,19,27,32,5,39,8,14,15,17,20,29
32,33,4,5,6,7,8,37,38,11,39,13,14,15,17,19,20,22,27,29>33,4,36,37,11,16,19,23,24,27,28,31,32,5,39,8,14,15,17,20,29
32,1,34,7,40,9,11,12,17,18,19,20,21,22,23,25,26,28,30,31>17,19,24,31,1,34,40,9,18,20,21,22,23,26,28,30
32,1,34,7,40,9,11,12,17,18,19,20,21,22,23,25,26,28,30,31>32,35,11,12,19,24,25,27,31,1,34,40,9,18,20,21,22,23,26,28,30
2,4,36,6,39,11,12,13,14,15,16,18,19,28,31>4,8,9,11,13,17,23,28,2,39,14,15,16,18
2,4,36,6,39,11,12,13,14,15,16,18,19,28,31>33,34,35,4,8,13,17,22,23,2,39,14,15,16,18
1,2,3,4,5,6,7,10,11,12,13,15,16,18,21,22,25,28,33,36,37,38,39,40>4,6,9,10,40,15,18,19,20,27,29,1,2,3,33,5,36,7,39,11,12,13,16,21,22,28
1,2,3,4,5,6,7,10,11,12,13,15,16,18,21,22,25,28,33,36,37,38,39,40>4,6,8,9,40,14,18,20,25,27,1,2,3,33,5,36,7,39,11,12,13,16,21,22,28
2,3,6,10,13,14,15,19,21,23,25,26,28,29,30,31,32,33,34,35,36,37,40>4,10,11,12,16,20,21,27,29,38,33,2,3,36,35,37,40,13,14,15,23,26,30
2,3,6,10,13,14,15,19,21,23,25,26,28,29,30,31,32,33,34,35,36,37,40>5,11,12,16,18,19,20,21,25,28,31,38,33,2,3,36,35,37,40,13,14,15,23,26,30
1,2,33,5,37,39,9,11,13,14,15,17,19,24,27,29>32,37,9,11,19,20,24,25,27,31,1,2,5,39,14,15,17
1,2,33,5,37,39,9,11,13,14,15,17,19,24,27,29>33,36,37,9,20,23,24,25,31,1,2,5,39,14,15,17
1,3,6,7,10,11,13,15,17,18,20,21,22,26,29,30,32,36,37,38,40>9,12,16,18,24,26,1,3,38,7,40,11,13,17,20,21,22,29,30
1,3,6,7,10,11,13,15,17,18,20,21,22,26,29,30,32,36,37,38,40>32,36,5,8,12,14,15,16,18,28,1,3,38,7,40,11,13,17,20,21,22,29,30
34,36,5,6,37,40,11,13,14,16,17,19,21,24,26,27,29,31>6,18,19,24,26,32,34,40,5,14,16,17,31
34,36,5,6,37,40,11,13,14,16,17,19,21,24,26,27,29,31>6,11,13,18,19,20,23,25,32,35,36,5,14,16,17,31
1,3,36,5,7,40,9,11,12,17,18,21,22,23,25,26,27,30,31>34,7,39,12,23,25,28,1,3,5,40,9,21,22,26,27,30,31
1,3,36,5,7,40,9,11,12,17,18,21,22,23,25,26,27,30,31>32,34,35,36,11,17,20,25,28,1,3,5,40,9,21,22,26,27,30,31
33,3,4,6,38,8,9,10,39,40,14,16,21,22,25,26,27>6,14,20,21,22,25,26,30,33,34,36,38,3,4,39,8,9,10,27
33,3,4,6,38,8,9,10,39,40,14,16,21,22,25,26,27>6,11,13,16,21,25,26,29,30,31,40,3,4,39,8,9,10,27
1,2,3,4,6,7,8,9,10,11,13,15,16,18,19,21,22,27,29,32,33,34,38,39>5,10,12,14,20,23,27,32,1,2,3,6,7,8,9,11,13,16,18,19,21,22,29
1,2,3,4,6,7,8,9,10,11,13,15,16,18,19,21,22,27,29,32,33,34,38,39>4,5,36,38,12,17,27,31,32,1,2,3,6,7,8,9,11,13,16,18,19,21,22,29
5,6,8,10,12,13,14,15,16,19,20,21,22,23,26,27,30,31,32,35,40>34,6,11,21,22,28,29,32,35,5,8,40,12,13,14,15,16,19,20,23,26,30,31
5,6,8,10,12,13,14,15,16,19,20,21,22,23,26,27,30,31,32,35,40>37,6,39,10,11,18,27,29,32,35,5,8,40,12,13,14,15,16,19,20,23,26,30,31
1,3,5,6,8,12,13,15,17,21,25,27,29,30,31,32,34,35,36,37,38,39>4,36,6,7,40,12,13,14,15,16,20,21,29,32,1,3,35,5,37,38,8,17,27,31
1,3,5,6,8,12,13,15,17,21,25,27,29,30,31,32,34,35,36,37,38,39>4,36,6,40,13,14,16,20,25,29,32,1,3,35,5,37,38,8,17,27,31
34,3,4,5,10,15,17,18,19,20,21,22,27,28,29,30>31,5,27,3,4,18,20,21,22,28,29
34,3,4,5,10,15,17,18,19,20,21,22,27,28,29,30>32,33,5,40,11,13,17,24,31,3,4,18,20,21,22,28,29
1,3,4,5,7,9,11,12,14,15,16,17,20,22,25,27,28,29,30,32,34,39,40>33,34,39,11,16,24,32,1,3,5,7,40,9,15,20,27,28,29
1,3,4,5,7,9,11,12,14,15,16,17,20,22,25,27,28,29,30,32,34,39,40>33,34,4,17,25,30,31,32,1,3,5,7,40,9,15,20,27,28,29
2,3,4,7,9,10,11,12,13,14,16,17,20,21,22,23,24,26,27,29,31,32,33,36,37,38>35,37,7,21,25,30,32,2,3,36,38,9,11,13,14,16,17,20,24,26,29,31
2,3,4,7,9,10,11,12,13,14,16,17,20,21,22,23,24,26,27,29,31,32,33,36,37,38>33,35,5,39,10,22,23,25,32,2,3,36,38,9,11,13,14,16,17,20,24,26,29,31
1,2,3,4,34,6,37,8,39,10,12,13,18,19,21,24,26,28,30,31>10,11,14,16,17,19,20,33,37,40,1,2,3,4,34,6,8,13,18,30
1,2,3,4,34,6,37,8,39,10,12,13,18,19,21,24,26,28,30,31>10,11,19,22,37,40,1,2,3,4,34,6,8,13,18,30
1,2,5,7,8,9,13,15,17,18,19,21,25,26,31,33,34,35,37,38,39,40>14,16,21,22,31,38,1,2,35,34,5,37,9,17,18
1,2,5,7,8,9,13,15,17,18,19,21,25,26,31,33,34,35,37,38,39,40>7,19,20,22,23,25,26,27,30,33,36,38,39,1,2,35,34,5,37,9,17,18
1,3,4,5,7,8,9,11,12,13,15,16,17,18,20,25,28,29,32,34,37,38,39>32,33,34,4,37,39,12,13,15,18,24,28,1,3,5,7,9,16,17,20
1,3,4,5,7,8,9,11,12,13,15,16,17,18,20,25,28,29,32,34,37,38,39>32,33,34,38,39,8,11,12,13,14,24,29,1,3,5,7,9,16,17,20
35,5,6,7,8,37,10,40,13,15,17,18,19,27,28,31>33,7,9,10,11,12,14,15,16,19,22,23,35,37,5,8,13,17,18,31
35,5,6,7,8,37,10,40,13,15,17,18,19,27,28,31>32,33,34,7,9,12,40,14,15,16,20,22,23,35,37,5,8,13,17,18,31
1,2,4,5,6,7,13,15,17,19,22,23,24,27,29,30,31,33,34,35,39,40>4,8,9,13,14,15,20,22,24,28,33,37,1,2,35,5,7,40,17,23,29,31
1,2,4,5,6,7,13,15,17,19,22,23,24,27,29,30,31,33,34,35,39,40>4,6,8,9,13,16,18,19,27,30,32,33,34,1,2,35,5,7,40,17,23,29,31
33,2,35,37,6,7,8,9,39,12,15,17,18,20,21,27,28,29,31>32,17,22,27,28,33,2,35,37,39,8,9,20,31
33,2,35,37,6,7,8,9,39,12,15,17,18,20,21,27,28,29,31>36,6,7,10,12,15,17,33,2,35,37,39,8,9,20,31
1,2,4,5,36,39,8,9,40,11,19,24,28,29,31>4,5,9,23,25,1,2,39
1,2,4,5,36,39,8,9,40,11,19,24,28,29,31>4,7,8,11,18,19,25,28,29,31,1,2,39
2,3,5,6,7,8,9,11,12,14,15,17,18,20,21,24,25,26,34,35,36,37,38,40>6,7,11,14,17,21,26,2,3,34,5,37,8,9,15,20,24,25
2,3,5,6,7,8,9,11,12,14,15,17,18,20,21,24,25,26,34,35,36,37,38,40>36,6,7,40,11,12,14,21,27,2,3,34,5,37,8,9,15,20,24,25
32,34,3,4,5,37,7,38,9,39,13,19,20,22,24,25,27,30,31>35,37,7,39,13,14,16,17,19,22,28,32,34,3,4,5,9,24,25,27,31
32,34,3,4,5,37,7,38,9,39,13,19,20,22,24,25,27,30,31>35,37,38,40,13,14,17,20,23,30,32,34,3,4,5,9,24,25,27,31
3,6,7,8,9,10,12,13,14,16,18,20,21,22,24,26,28,32,37,39,40>33,34,5,7,37,12,15,18,26,30,3,39,8,9,10,13,14,16,20,21,22,24,28
3,6,7,8,9,10,12,13,14,16,18,20,21,22,24,26,28,32,37,39,40>32,33,34,5,40,15,17,18,3,39,8,9,10,13,14,16,20,21,22,24,28
4,5,6,7,40,10,11,14,15,16,19,21,22,23,24,25,31>4,10,12,14,19,26,27,29,31,5,11,15,23,25
4,5,6,7,40,10,11,14,15,16,19,21,22,23,24,25,31>4,6,7,8,9,14,16,18,19,21,22,26,31,34,35,39,40,5,11,15,23,25
32,1,2,33,4,37,6,7,8,9,38,40,13,16,17,19,24,26,28,31>5,13,23,24,31,35,36,38,39,1,2,33,6,7,8,9,16,17
32,1,2,33,4,37,6,7,8,9,38,40,13,16,17,19,24,26,28,31>4,5,13,18,19,20,28,30,31,32,34,35,39,1,2,33,6,7,8,9,16,17
1,3,4,5,6,35,8,38,10,40,14,17,18,19,22,23,24,25,27,30>9,10,11,14,21,28,32,37,38,39,1,3,4,8,40,18,22,23,25,27
1,3,4,5,6,35,8,38,10,40,14,17,18,19,22,23,24,25,27,30>6,7,9,17,20,28,30,31,32,37,39,1,3,4,8,40,18,22,23,25,27
32,2,34,4,35,6,7,8,9,36,38,12,13,18,22,23,25,26,28,29>10,12,14,16,18,27,33,36,37,2,38,8,9,22,26,28,29
32,2,34,4,35,6,7,8,9,36,38,12,13,18,22,23,25,26,28,29>4,5,7,10,12,13,16,17,23,25,30,33,34,2,38,8,9,22,26,28,29
32,2,34,36,5,6,38,8,9,40,12,14,15,16,17,20,22,24,31>35,36,40,12,14,17,22,28,29,2,34,5,38,8,15,20,24
32,2,34,36,5,6,38,8,9,40,12,14,15,16,17,20,22,24,31>32,35,36,40,9,16,25,2,34,5,38,8,15,20,24
32,33,3,4,35,36,7,8,9,39,11,40,13,14,20,21,26,28,31>32,34,5,37,15,26,30,31,33,3,36,35,39,9,14,20
32,33,3,4,35,36,7,8,9,39,11,40,13,14,20,21,26,28,31>32,34,5,38,11,13,15,21,33,3,36,35,39,9,14,20
32,2,3,4,5,6,34,36,9,10,37,12,38,15,19,20,24,26,29,31>37,11,15,18,19,23,26,29,30,31,2,3,4,38,9,10,12,24
32,2,3,4,5,6,34,36,9,10,37,12,38,15,19,20,24,26,29,31>34,36,5,8,13,15,18,20,23,25,29,30,31,2,3,4,38,9,10,12,24
2,3,4,37,6,7,8,39,10,11,12,13,40,18,19,22,23,24,31>5,9,10,12,17,19,21,24,31,35,2,3,39,8,11,13,18,22,23
2,3,4,37,6,7,8,39,10,11,12,13,40,18,19,22,23,24,31>5,6,7,9,16,21,26,28,35,37,40,2,3,39,8,11,13,18,22,23
1,2,4,5,7,8,9,10,11,12,14,15,16,18,21,23,26,28,29,30,31,32,34,36,37,38,40>8,19,20,22,28,29,31,33,34,35,36,37,1,2,5,38,7,40,9,11,12,15,26,30
1,2,4,5,7,8,9,10,11,12,14,15,16,18,21,23,26,28,29,30,31,32,34,36,37,38,40>4,10,13,16,18,20,21,29,31,32,35,37,1,2,5,38,7,40,9,11,12,15,26,30
3,4,5,7,10,11,12,13,14,16,17,18,20,21,22,23,24,27,28,29,34,37>32,33,4,37,7,9,18,23,25,31,3,5,11,13,14,16,17,20,21,22,24,28,29
3,4,5,7,10,11,12,13,14,16,17,18,20,21,22,23,24,27,28,29,34,37>34,4,37,7,9,10,12,18,23,25,26,27,31,3,5,11,13,14,16,17,20,21,22,24,28,29
1,33,3,35,5,36,37,39,9,13,17,20,21,23,25,29>33,9,16,23,24,27,29,1,3,36,37,5,39,17,20
1,33,3,35,5,36,37,39,9,13,17,20,21,23,25,29>35,9,16,21,24,25,27,1,3,36,37,5,39,17,20
1,33,3,35,5,6,37,38,40,10,16,19,20,23,24,25,29>35,4,6,7,10,11,39,13,18,1,3,37,5,23,24,25
1,33,3,35,5,6,37,38,40,10,16,19,20,23,24,25,29>33,35,4,7,8,38,10,11,13,40,16,20,27,1,3,37,5,23,24,25
2,3,4,6,7,9,11,12,13,14,15,17,18,20,21,24,27,30,31,32,35,36,37,39,40>4,5,6,7,36,11,12,13,16,18,21,22,25,27,30,32,2,3,35,37,39,40,9,14,15,17,20,24,31
2,3,4,6,7,9,11,12,13,14,15,17,18,20,21,24,27,30,31,32,35,36,37,39,40>34,4,5,7,8,36,38,11,13,16,18,25,30,32,2,3,35,37,39,40,9,14,15,17,20,24,31
2,3,4,5,7,8,10,11,13,14,17,19,20,21,22,23,24,26,28,32,33,34,36,38,40>32,8,9,10,16,21,22,29,30,33,2,3,34,5,36,38,11,13,14,17,20,23,24,26,28
2,3,4,5,7,8,10,11,13,14,17,19,20,21,22,23,24,26,28,32,33,34,36,38,40>4,10,15,16,19,30,33,2,3,34,5,36,38,11,13,14,17,20,23,24,26,28
32,1,33,34,4,37,38,7,8,9,39,12,14,16,18,21,22,26,27>33,4,37,38,14,30,32,1,34,7,9,21,22
32,1,33,34,4,37,38,7,8,9,39,12,14,16,18,21,22,26,27>5,37,39,12,14,16,18,20,28,31,32,1,34,7,9,21,22
32,1,34,36,37,6,7,38,40,10,12,14,18,19,23,26,29>32,34,36,6,37,10,15,19,29,30,1,38,7,18,23,26
32,1,34,36,37,6,7,38,40,10,12,14,18,19,23,26,29>32,34,36,5,8,9,12,13,14,40,29,1,38,7,18,23,26
2,35,36,6,7,39,9,12,13,15,18,19,22,29,31>36,10,13,16,19,23,31,2,35,39,9,18,22,29
2,35,36,6,7,39,9,12,13,15,18,19,22,29,31>5,6,7,37,17,19,21,2,35,39,9,18,22,29
32,34,35,4,5,36,37,40,13,16,17,19,20,21,22,25,27,28,30,31>38,14,19,21,23,24,25,30,32,34,35,37,40,16,17,20,27,28,31
32,34,35,4,5,36,37,40,13,16,17,19,20,21,22,25,27,28,30,31>4,18,22,24,25,32,34,35,37,40,16,17,20,27,28,31
32,33,2,4,5,37,38,39,9,40,14,15,16,19,20,25,26,27>33,5,36,37,38,9,40,18,19,20,24,30,31,32,2,39,15,27
32,33,2,4,5,37,38,39,9,40,14,15,16,19,20,25,26,27>33,34,5,36,37,38,14,18,19,25,31,32,2,39,15,27
2,34,4,35,6,7,8,9,36,37,38,13,14,15,39,27,29>34,35,5,6,38,10,13,16,27,2,37,8,9,14,15
2,34,4,35,6,7,8,9,36,37,38,13,14,15,39,27,29>32,34,35,4,6,7,36,38,39,13,16,17,27,29,2,37,8,9,14,15
32,1,3,35,5,38,7,8,39,11,12,14,16,20,21,24,25,26,28,29>32,33,37,7,8,11,12,15,16,27,28,30,1,3,5,39,20,24,25
32,1,3,35,5,38,7,8,39,11,12,14,16,20,21,24,25,26,28,29>32,35,11,14,21,28,29,1,3,5,39,20,24,25
32,2,3,36,37,6,8,40,10,11,13,14,15,19,25,29,31>32,5,6,39,10,40,12,18,19,25,2,3,8,11,13,14,15
32,2,3,36,37,6,8,40,10,11,13,14,15,19,25,29,31>32,35,36,5,37,38,10,17,18,23,25,27,29,2,3,8,11,13,14,15
32,1,33,34,36,5,7,39,40,10,14,15,18,19,20,27,29,30>34,10,11,20,22,32,1,36,5,40,15,18
32,1,33,34,36,5,7,39,40,10,14,15,18,19,20,27,29,30>33,38,39,9,10,12,13,14,19,20,23,29,32,1,36,5,40,15,18
1,2,6,7,8,10,11,12,13,16,19,22,23,24,25,28,32,33,34,37,39>32,9,14,17,19,24,27,29,1,2,33,34,6,7,8,11,13,16,23,25,28
1,2,6,7,8,10,11,12,13,16,19,22,23,24,25,28,32,33,34,37,39>36,9,10,12,19,24,1,2,33,34,6,7,8,11,13,16,23,25,28
1,2,3,5,6,7,8,9,11,14,19,20,22,23,24,27,28,30,31,35,36,37,38,39,40>32,6,38,15,18,27,29,1,2,3,35,5,37,7,8,9,39,40,23,24,28,31
1,2,3,5,6,7,8,9,11,14,19,20,22,23,24,27,28,30,31,35,36,37,38,39,40>32,33,34,36,38,11,19,20,30,1,2,3,35,5,37,7,8,9,39,40,23,24,28,31
2,4,5,6,7,8,11,12,17,18,21,22,23,24,25,26,33,34,35,36,39>6,7,17,18,20,24,27,29,30,2,34,36,5,8,21,22,25,26
2,4,5,6,7,8,11,12,17,18,21,22,23,24,25,26,33,34,35,36,39>33,35,37,6,9,18,20,27,30,2,34,36,5,8,21,22,25,26
32,3,35,37,6,7,40,13,17,18,20,25,27,28,30,31>4,5,6,8,39,14,22,24,28,30,32,35,3,37,40,17,20,27,31
32,3,35,37,6,7,40,13,17,18,20,25,27,28,30,31>33,34,4,5,7,8,9,24,30,32,35,3,37,40,17,20,27,31
1,2,3,5,6,7,8,9,10,11,14,15,17,18,20,21,22,26,27,28,29,32,35,38>33,35,6,38,10,13,17,18,24,31,32,1,2,3,5,7,8,9,11,15,20,21,22,28,29
1,2,3,5,6,7,8,9,10,11,14,15,17,18,20,21,22,26,27,28,29,32,35,38>33,35,39,12,13,17,18,26,27,30,31,32,1,2,3,5,7,8,9,11,15,20,21,22,28,29
32,2,35,36,5,39,40,9,11,12,13,14,15,16,17,24,25>34,37,38,40,9,12,24,2,5,39,14,15,16,17,25
32,2,35,36,5,39,40,9,11,12,13,14,15,16,17,24,25>12,34,35,37,2,5,39,14,15,16,17,25
1,34,35,4,5,37,8,9,13,15,16,21>35,9,14,15,20,16,1,34,37
1,34,35,4,5,37,8,9,13,15,16,21>35,4,13,14,17,21,16,1,34,37
32,1,34,5,7,8,39,10,11,12,16,18,21,22,25,26,29>32,7,9,12,18,20,27,28,30,1,5,11,21,22,29
32,1,34,5,7,8,39,10,11,12,16,18,21,22,25,26,29>32,34,7,8,9,39,20,26,27,30,1,5,11,21,22,29
33,3,35,5,36,39,9,11,12,13,16,17,20,22,26,27,28,29,30,31>32,40,9,22,27,33,3,36,5,35,39,16,17,20,28,29,30,31
33,3,35,5,36,39,9,11,12,13,16,17,20,22,26,27,28,29,30,31>37,40,11,13,14,24,33,3,36,5,35,39,16,17,20,28,29,30,31
1,2,3,4,33,6,11,15,16,17,18,19,20,21,22,27,29,30>33,36,9,40,15,19,28,30,1,2,3,6,18,20,21,22,29
1,2,3,4,33,6,11,15,16,17,18,19,20,21,22,27,29,30>4,36,7,8,11,40,15,17,23,24,27,1,2,3,6,18,20,21,22,29
32,1,34,5,37,39,40,9,10,11,12,19,20,22,23,24,25,28,29,31>32,37,40,10,12,20,26,27,31,1,5,11,23,24,25,28,29
32,1,34,5,37,39,40,9,10,11,12,19,20,22,23,24,25,28,29,31>33,34,35,39,40,9,13,18,19,20,26,27,31,1,5,11,23,24,25,28,29
4,6,7,8,9,10,12,13,14,19,22,24,26,28,31,34,35,36,37,38,39,40>5,7,11,12,15,16,18,19,23,29,30,31,36,39,40,34,35,37,8,9,10,13,14,28
4,6,7,8,9,10,12,13,14,19,22,24,26,28,31,34,35,36,37,38,39,40>5,7,12,19,22,23,25,26,29,33,36,34,35,37,8,9,10,13,14,28
1,33,3,4,5,37,40,12,15,19,28,29>36,37,7,12,15,18,19,29,1,3,4,33
1,33,3,4,5,37,40,12,15,19,28,29>36,5,37,39,18,19,29,1,3,4,33
2,3,4,5,6,8,10,12,14,16,17,18,20,22,24,27,28,29,30,33,34,37,39,40>10,11,12,13,18,21,25,27,30,31,32,34,36,33,2,3,4,8,40,20,22,24,28,29
2,3,4,5,6,8,10,12,14,16,17,18,20,22,24,27,28,29,30,33,34,37,39,40>6,12,13,16,17,18,21,30,31,36,37,39,33,2,3,4,8,40,20,22,24,28,29
32,1,33,35,4,39,8,40,11,14,21,26,28>32,35,4,36,37,7,8,40,15,20,28,30,1,39,33
32,1,33,35,4,39,8,40,11,14,21,26,28>32,34,35,37,40,11,14,15,21,26,1,39,33
1,3,5,8,11,12,14,16,21,22,23,26,28,30,31,32,33,35,36,37,38,39>8,12,14,21,23,1,33,3,35,5,36,37,38,39,26,28,30
1,3,5,8,11,12,14,16,21,22,23,26,28,30,31,32,33,35,36,37,38,39>32,8,40,16,20,21,23,31,1,33,3,35,5,36,37,38,39,26,28,30
1,2,3,8,9,10,11,12,13,15,16,18,22,23,26,28,30,32,33,36,38,40>34,5,6,39,14,17,18,21,23,29,1,2,3,33,36,38,40,11,12,13,16,22,26,28,30
1,2,3,8,9,10,11,12,13,15,16,18,22,23,26,28,30,32,33,36,38,40>32,34,5,6,39,8,9,14,17,1,2,3,33,36,38,40,11,12,13,16,22,26,28,30
1,2,3,4,5,6,10,11,12,16,17,18,20,21,28,29,31,34,35,36,38,39,40>5,8,12,16,17,24,29,33,37,40,1,2,3,35,11,20
1,2,3,4,5,6,10,11,12,16,17,18,20,21,28,29,31,34,35,36,38,39,40>5,6,7,18,21,22,31,33,36,38,39,40,1,2,3,35,11,20
1,33,3,34,36,6,8,9,40,13,14,16,19,22,27,28,30,31>6,7,9,13,18,22,29,30,1,34,3,36,33,8,40,14,16,28,31
1,33,3,34,36,6,8,9,40,13,14,16,19,22,27,28,30,31>32,35,4,5,6,9,10,13,15,18,19,23,1,34,3,36,33,8,40,14,16,28,31
1,2,34,5,6,7,38,9,10,13,14,15,20,21,22,24,26,27,29>32,34,38,11,12,21,25,26,30,1,2,5,7,9,10,13,14,15,20,24,29
1,2,34,5,6,7,38,9,10,13,14,15,20,21,22,24,26,27,29>34,6,38,8,11,12,16,17,21,22,25,26,27,31,1,2,5,7,9,10,13,14,15,20,24,29
32,33,3,35,36,37,38,9,10,11,12,14,15,17,20,21,25,27,29,30>40,14,17,21,24,29,30,31,32,3,36,37,38,11,12,15,20,27
32,33,3,35,36,37,38,9,10,11,12,14,15,17,20,21,25,27,29,30>33,35,5,39,9,10,13,14,17,24,25,29,30,31,32,3,36,37,38,11,12,15,20,27
32,1,34,3,5,37,8,40,10,13,16,18,23,26,27,30>4,10,14,17,27,32,1,34,3,5,40,13,16,26,30
32,1,34,3,5,37,8,40,10,13,16,18,23,26,27,30>37,10,11,17,18,23,31,32,1,34,3,5,40,13,16,26,30
32,36,5,7,39,11,14,16,18,19,20,21,24,25,26,29>32,15,19,22,27,30,5,39,18,20,24,25
32,36,5,7,39,11,14,16,18,19,20,21,24,25,26,29>36,7,9,11,14,15,16,19,23,26,29,5,39,18,20,24,25
2,3,4,6,14,15,16,17,18,19,20,21,22,26,27,28,30,31,32,34,35,36,38>6,8,9,17,19,23,26,32,2,3,4,34,35,38,15,18,20,21,22,28,30,31
2,3,4,6,14,15,16,17,18,19,20,21,22,26,27,28,30,31,32,34,35,36,38>37,6,8,9,40,16,24,26,27,32,2,3,4,34,35,38,15,18,20,21,22,28,30,31
32,34,3,38,7,8,39,40,11,15,17,24,27,30>5,8,9,39,11,15,24,25,32,40,34,3
32,34,3,38,7,8,39,40,11,15,17,24,27,30>5,38,7,39,17,20,25,27,30,32,40,34,3
1,2,33,34,35,36,7,8,38,12,13,15,17,21,22,23,24,25,26>6,7,9,13,16,20,22,23,24,27,28,29,33,37,38,1,2,34,36,17,25,26
1,2,33,34,35,36,7,8,38,12,13,15,17,21,22,23,24,25,26>5,6,7,8,15,16,20,21,22,23,24,33,38,1,2,34,36,17,25,26
38,1,2,33,4,5,34,35,8,9,10,11,12,36,37,15,18,19,22,23>35,5,8,10,15,19,21,28,29,1,2,34,36,37,11,12,18,22,23
38,1,2,33,4,5,34,35,8,9,10,11,12,36,37,15,18,19,22,23>33,35,4,5,7,8,26,28,29,1,2,34,36,37,11,12,18,22,23
33,34,3,35,5,7,8,40,10,12,15,17,18,19,21,22,23,24,27,31>7,9,10,13,17,19,20,24,26,28,29,40,34,35,3,5,12,18,21,22,23,31
33,34,3,35,5,7,8,40,10,12,15,17,18,19,21,22,23,24,27,31>4,7,8,17,19,20,24,26,29,32,33,36,40,34,35,3,5,12,18,21,22,23,31
1,2,3,6,8,9,10,11,15,16,19,20,22,23,26,27,29,31,33,34,38>7,9,10,12,15,18,24,27,32,36,38,1,2,3,6,8,11,19,23,26,29,31
1,2,3,6,8,9,10,11,15,16,19,20,22,23,26,27,29,31,33,34,38>7,9,10,16,22,24,27,30,32,34,1,2,3,6,8,11,19,23,26,29,31
1,2,3,6,8,9,10,13,14,15,16,17,18,19,21,22,23,24,30,31,32,33,35,37,38>20,24,25,28,29,34,39,1,2,3,35,37,6,8,10,13,14,15,16,17,18,19,21,22,23
1,2,3,6,8,9,10,13,14,15,16,17,18,19,21,22,23,24,30,31,32,33,35,37,38>4,11,20,24,28,31,33,34,38,40,1,2,3,35,37,6,8,10,13,14,15,16,17,18,19,21,22,23
32,1,2,33,35,36,38,7,40,9,10,15,16,17,19,20,21,28,30,31>5,7,10,12,15,17,19,21,24,30,31,32,34,1,2,35,36,33,38,40,9,20
32,1,2,33,35,36,38,7,40,9,10,15,16,17,19,20,21,28,30,31>5,7,12,15,17,18,21,23,24,28,32,34,1,2,35,36,33,38,40,9,20
4,6,7,8,9,10,12,15,17,18,20,21,22,23,25,27,29,31,32,37,39>11,13,15,17,18,25,32,39,8,9,10,12,20,21,22,27,29,31
4,6,7,8,9,10,12,15,17,18,20,21,22,23,25,27,29,31,32,37,39>35,5,37,15,23,26,32,39,8,9,10,12,20,21,22,27,29,31
2,4,6,7,8,10,11,13,15,17,18,19,20,22,24,25,27,28,30,32,33,34,36,40>4,38,9,10,12,21,29,30,32,33,2,34,36,8,40,11,13,17,18,20,22,24,25,27,28
2,4,6,7,8,10,11,13,15,17,18,19,20,22,24,25,27,28,30,32,33,34,36,40>4,6,7,9,15,29,31,32,33,2,34,36,8,40,11,13,17,18,20,22,24,25,27,28
1,2,5,6,7,10,13,15,16,18,20,21,24,25,27,29,31,32,33,35,37,40>33,39,9,11,14,18,22,32,1,2,35,5,37,7,13,16,20,24,25,27,31
1,2,5,6,7,10,13,15,16,18,20,21,24,25,27,29,31,32,33,35,37,40>33,36,6,12,17,21,22,29,32,1,2,35,5,37,7,13,16,20,24,25,27,31
1,33,34,35,5,6,7,36,9,10,18,20,22,23,26,27,28,30,31>32,6,8,11,13,18,20,21,23,27,29,1,34,35,33,5,36,7,9,10,22,26,28,30,31
1,33,34,35,5,6,7,36,9,10,18,20,22,23,26,27,28,30,31>37,6,11,13,18,21,24,29,1,34,35,33,5,36,7,9,10,22,26,28,30,31
1,3,4,6,7,8,11,12,14,15,17,18,19,20,21,22,24,26,27,28,29,30,31,33,34,35,38>6,37,9,38,11,12,23,25,26,1,33,3,35,7,8,15,18,20,21,22,24,28,29,30,31
1,3,4,6,7,8,11,12,14,15,17,18,19,20,21,22,24,26,27,28,29,30,31,33,34,35,38>32,34,4,5,36,9,12,14,17,23,26,1,33,3,35,7,8,15,18,20,21,22,24,28,29,30,31
32,1,34,3,37,6,7,8,38,39,16,18,20,25,27,28,31>35,6,9,39,18,24,32,1,34,3,7,8,27,31
32,1,34,3,37,6,7,8,38,39,16,18,20,25,27,28,31>33,4,5,38,9,39,18,22,32,1,34,3,7,8,27,31
32,1,2,3,4,33,6,34,35,36,38,39,14,21,22,28>32,37,7,8,9,20,21,22,29,1,2,3,4,33,6,34,36,38,28
32,1,2,3,4,33,6,34,35,36,38,39,14,21,22,28>32,35,37,9,14,20,21,29,1,2,3,4,33,6,34,36,38,28
32,2,3,4,34,6,7,37,38,11,12,15,17,18,22,23,26,27,29,31>4,5,7,15,17,18,20,21,27,28,34,35,38,32,2,3,22,26,29,31
32,2,3,4,34,6,7,37,38,11,12,15,17,18,22,23,26,27,29,31>5,6,8,12,15,23,28,35,37,38,32,2,3,22,26,29,31
1,2,4,5,7,8,9,10,11,12,16,17,19,20,21,22,24,26,27,31,32,34,37,38>8,10,16,17,19,21,23,25,27,28,30,37,38,32,1,2,34,5,7,9,11,20,24,31
1,2,4,5,7,8,9,10,11,12,16,17,19,20,21,22,24,26,27,31,32,34,37,38>8,10,13,16,18,21,26,27,28,29,30,35,32,1,2,34,5,7,9,11,20,24,31
1,3,5,6,9,10,11,12,13,14,15,16,17,18,23,24,29,30,31,32,33,34,35,36,39,40>6,18,19,22,23,24,29,31,32,33,39,1,3,36,5,35,40,11,12,13,14,15,16,17
1,3,5,6,9,10,11,12,13,14,15,16,17,18,23,24,29,30,31,32,33,34,35,36,39,40>7,8,20,22,25,29,30,37,39,1,3,36,5,35,40,11,12,13,14,15,16,17
32,1,33,34,4,5,35,37,8,9,38,11,16,20,21,22,25,26,29>7,8,9,11,16,21,22,24,25,26,27,28,30,33,34,36,1,29,20,37
32,1,33,34,4,5,35,37,8,9,38,11,16,20,21,22,25,26,29>7,9,11,21,25,34,35,1,29,20,37
2,3,5,6,7,9,10,11,12,15,16,17,20,21,22,23,24,25,27,31,34,37,39,40>32,35,8,10,40,15,16,19,21,22,23,2,3,34,5,9,11,12,20,24,25,27,31
2,3,5,6,7,9,10,11,12,15,16,17,20,21,22,23,24,25,27,31,34,37,39,40>37,8,39,10,13,15,16,19,21,22,26,2,3,34,5,9,11,12,20,24,25,27,31
2,6,7,8,9,11,12,14,15,16,18,19,21,25,27,29,30,32,35,36,38,40>35,36,5,7,37,11,14,16,20,22,29,30,31,32,2,38,8,9,40,15,18,27
2,6,7,8,9,11,12,14,15,16,18,19,21,25,27,29,30,32,35,36,38,40>35,36,5,6,7,37,11,12,14,16,22,32,2,38,8,9,40,15,18,27
1,3,4,5,6,7,8,9,11,12,17,18,21,22,23,27,29,31,33,35,36,37,38,40>32,6,38,39,40,12,20,23,27,28,1,3,35,5,36,7,8,9,37,21,22,29,31
1,3,4,5,6,7,8,9,11,12,17,18,21,22,23,27,29,31,33,35,36,37,38,40>4,38,11,20,26,1,3,35,5,36,7,8,9,37,21,22,29,31
32,33,3,35,5,36,37,40,10,13,16,17,19,23,25,26,28,29>38,40,14,18,19,20,29,33,3,36,37,5,13,16,17,23,26
32,33,3,35,5,36,37,40,10,13,16,17,19,23,25,26,28,29>35,38,39,14,18,25,29,30,33,3,36,37,5,13,16,17,23,26
33,34,3,4,35,36,7,37,9,10,39,17,21,26,28>35,17,26,28,30,33,34,3,4,36,37,9
33,34,3,4,35,36,7,37,9,10,39,17,21,26,28>7,39,10,11,21,26,28,30,33,34,3,4,36,37,9
2,3,4,36,6,37,38,10,14,15,17,18,21,24,28,29>8,9,10,12,17,21,22,25,33,36,38,2,3,4,15
2,3,4,36,6,37,38,10,14,15,17,18,21,24,28,29>8,9,10,13,17,28,29,37,39,2,3,4,15
4,5,6,7,8,10,11,13,14,15,17,20,21,22,25,26,27,31,34,35,36,37,39>32,36,12,21,22,25,26,30,34,35,5,37,8,11,13,14,15,17,20,27,31
4,5,6,7,8,10,11,13,14,15,17,20,21,22,25,26,27,31,34,35,36,37,39>4,36,7,39,22,25,28,29,30,34,35,5,37,8,11,13,14,15,17,20,27,31
1,3,4,6,9,10,11,14,16,22,23,25,27,28,29,30,32,34,37,38,39>4,6,8,10,13,14,15,22,26,30,31,33,37,38,40,32,1,3,9,11,27,28,29
1,3,4,6,9,10,11,14,16,22,23,25,27,28,29,30,32,34,37,38,39>6,7,10,14,15,25,26,33,34,37,39,40,32,1,3,9,11,27,28,29
32,2,3,6,7,8,40,10,14,16,18,19,20,24,25,26,29>4,7,9,11,14,16,22,23,26,27,29,40,2,3,8,18,24,25
32,2,3,6,7,8,40,10,14,16,18,19,20,24,25,26,29>5,9,13,14,16,19,20,23,29,39,40,2,3,8,18,24,25
1,33,3,4,34,36,37,8,9,38,39,16,18,20,26,29>9,20,22,29,30,1,3,4,36
1,33,3,4,34,36,37,8,9,38,39,16,18,20,26,29>33,37,8,39,24,30,1,3,4,36
32,34,3,35,5,6,7,36,37,40,11,12,17,19,20,21,22,23,26,27>6,11,12,24,27,28,31,35,38,40,32,34,3,37,5,20,23,26
32,34,3,35,5,6,7,36,37,40,11,12,17,19,20,21,22,23,26,27>6,7,9,22,24,27,28,30,38,32,34,3,37,5,20,23,26
2,3,4,6,7,12,13,15,16,19,20,21,22,24,26,27,28,29,31,32,33,37,38,39>9,12,14,19,27,30,35,37,38,32,33,2,3,4,39,16,20,24,28,29,31
2,3,4,6,7,12,13,15,16,19,20,21,22,24,26,27,28,29,31,32,33,37,38,39>7,8,13,14,15,17,18,19,21,25,26,27,35,36,37,32,33,2,3,4,39,16,20,24,28,29,31
1,5,9,10,12,13,14,15,18,20,21,24,25,26,27,28,29,30,31,32,33,34,35,36,37,38>11,16,17,18,21,22,26,28,32,1,33,35,36,5,37,38,12,13,14,15,20,24,25,27,30,31
1,5,9,10,12,13,14,15,18,20,21,24,25,26,27,28,29,30,31,32,33,34,35,36,37,38>40,10,11,22,26,28,32,1,33,35,36,5,37,38,12,13,14,15,20,24,25,27,30,31
1,2,3,4,6,7,8,9,10,11,13,14,15,16,19,20,21,24,25,26,28,29,30,34,36,37,39,40>34,5,12,18,23,26,28,29,1,2,3,6,7,8,9,40,11,13,14,15,16,19,20,24,25,30
1,2,3,4,6,7,8,9,10,11,13,14,15,16,19,20,21,24,25,26,28,29,30,34,36,37,39,40>33,4,36,37,39,10,12,17,18,26,27,28,29,1,2,3,6,7,8,9,40,11,13,14,15,16,19,20,24,25,30
1,2,3,5,7,9,11,12,13,16,17,18,20,21,23,24,25,27,28,30,31,34,35,38,39,40>32,13,22,26,30,1,2,3,34,5,35,40,9,16,17,20,24,25,27,31
1,2,3,5,7,9,11,12,13,16,17,18,20,21,23,24,25,27,28,30,31,34,35,38,39,40>37,39,11,12,13,18,26,28,1,2,3,34,5,35,40,9,16,17,20,24,25,27,31
3,4,5,6,7,9,12,14,16,20,21,25,26,27,29,31,32,34,36,37,38,39>34,35,37,8,12,15,25,26,29,30,32,3,4,5,38,9,20,27,31
3,4,5,6,7,9,12,14,16,20,21,25,26,27,29,31,32,34,36,37,38,39>35,36,37,7,10,12,21,24,29,32,3,4,5,38,9,20,27,31
1,5,6,7,10,11,12,15,18,19,20,21,22,23,24,25,26,27,28,29,31,33,34,37,38,40>34,36,6,38,9,10,40,13,1,33,5,7,11,12,18,20,21,22,23,24,25,26,27,28,29,31
1,5,6,7,10,11,12,15,18,19,20,21,22,23,24,25,26,27,28,29,31,33,34,37,38,40>32,35,36,38,8,9,40,15,19,1,33,5,7,11,12,18,20,21,22,23,24,25,26,27,28,29,31
1,5,7,8,9,12,13,16,18,19,20,21,22,24,30,31,33,34,37,38,39,40>36,37,7,39,13,17,28,30,1,34,5,40,9,16,18,20,21,22,24
1,5,7,8,9,12,13,16,18,19,20,21,22,24,30,31,33,34,37,38,39,40>36,8,12,14,19,25,28,29,31,1,34,5,40,9,16,18,20,21,22,24
1,2,3,4,9,12,13,15,21,23,25,27,28,29,30,31,32,33,37,38,39>6,14,15,20,23,25,26,28,29,30,36,32,1,2,3,4,33,39,27,31
1,2,3,4,9,12,13,15,21,23,25,27,28,29,30,31,32,33,37,38,39>6,7,9,12,15,20,21,28,29,36,37,38,40,32,1,2,3,4,33,39,27,31
1,3,4,7,39,9,10,11,13,16,18,20,21,24,27,30>32,4,10,21,25,27,31,1,3,39,7,9,11,13,16,20,24
1,3,4,7,39,9,10,11,13,16,18,20,21,24,27,30>32,4,5,10,14,17,25,31,1,3,39,7,9,11,13,16,20,24
32,35,36,39,8,9,11,13,16,19,20,23,24,25,28>35,5,37,38,13,14,18,39,16,23,24,25
32,35,36,39,8,9,11,13,16,19,20,23,24,25,28>35,5,37,38,9,11,13,17,18,19,20,26,39,16,23,24,25
34,3,35,39,40,10,14,18,19,20,22,23,24,26,27,28,30>4,37,10,15,19,21,25,29,34,3,40,18,22,23,24,26,28,30
34,3,35,39,40,10,14,18,19,20,22,23,24,26,27,28,30>32,33,35,37,10,15,19,20,21,27,29,34,3,40,18,22,23,24,26,28,30
32,3,36,37,7,39,9,12,14,17,19,21,23,26,27,30>7,37,38,12,14,15,17,20,21,27,31,32,3,39,9,23,26,30
32,3,36,37,7,39,9,12,14,17,19,21,23,26,27,30>34,5,36,7,37,40,12,14,15,17,18,19,21,27,31,32,3,39,9,23,26,30
4,6,7,8,11,13,15,16,19,20,23,24,25,27,30,32,33,36,37,38,39>33,34,5,7,37,9,14,20,30,31,32,36,38,39,8,16,23,24,25,27
4,6,7,8,11,13,15,16,19,20,23,24,25,27,30,32,33,36,37,38,39>34,4,5,37,40,11,13,14,17,19,20,26,30,31,32,36,38,39,8,16,23,24,25,27
2,3,4,5,9,10,11,13,18,20,21,23,24,26,27,28,30,31,33,34,36,37,38,39,40>37,38,9,17,18,21,22,25,27,33,2,3,34,36,40,11,13,20,24,26,30,31
2,3,4,5,9,10,11,13,18,20,21,23,24,26,27,28,30,31,33,34,36,37,38,39,40>32,4,37,39,14,17,18,21,22,23,25,28,33,2,3,34,36,40,11,13,20,24,26,30,31
2,3,8,9,11,12,15,16,20,21,22,24,27,28,31,32,33,34,35,38,39>37,8,9,11,12,15,16,27,29,32,33,2,3,34,35,20,24,28,31
2,3,8,9,11,12,15,16,20,21,22,24,27,28,31,32,33,34,35,38,39>5,37,8,39,12,15,16,21,25,29,32,33,2,3,34,35,20,24,28,31
32,1,2,3,33,5,34,36,38,39,10,40,12,18,20,21,23,27,28,30>23,24,27,30,32,1,2,3,33,5,34,36,38,40,20
32,1,2,3,33,5,34,36,38,39,10,40,12,18,20,21,23,27,28,30>10,11,12,18,21,22,27,32,1,2,3,33,5,34,36,38,40,20
32,34,4,5,6,7,8,36,40,12,13,17,18,22,23,27,29,30,31>34,4,36,6,9,12,13,14,23,26,27,30,32,5,8,40,17,22,29,31
32,34,4,5,6,7,8,36,40,12,13,17,18,22,23,27,29,30,31>34,35,4,7,18,20,21,28,32,5,8,40,17,22,29,31
1,2,3,6,8,9,10,11,13,15,17,18,20,26,27,28,29,30,31,33,39,40>36,15,16,22,24,27,29,1,2,3,33,6,39,8,40,11,13,17,20,30,31
1,2,3,6,8,9,10,11,13,15,17,18,20,26,27,28,29,30,31,33,39,40>35,36,9,15,16,18,22,24,29,1,2,3,33,6,39,8,40,11,13,17,20,30,31
1,2,3,4,5,34,35,36,38,39,14,16,19,21,23,27,28,29,31>32,36,5,7,38,39,14,15,16,19,20,21,26,1,2,3,4,35,23,31
1,2,3,4,5,34,35,36,38,39,14,16,19,21,23,27,28,29,31>32,33,34,36,5,37,7,19,21,1,2,3,4,35,23,31
2,3,4,5,6,7,8,10,15,16,18,19,23,24,25,26,31,32,33,34,35,38>32,7,10,11,12,16,22,30,31,2,3,4,5,34,35,8,18,19,23,25,26
2,3,4,5,6,7,8,10,15,16,18,19,23,24,25,26,31,32,33,34,35,38>32,6,7,38,10,11,12,22,27,31,2,3,4,5,34,35,8,18,19,23,25,26
1,2,5,6,7,9,10,12,13,14,16,17,18,20,21,22,24,26,27,29,30,31,35,36>36,39,11,12,15,25,26,27,1,2,35,5,7,9,10,13,14,16,17,20,21,22,24,29,30,31
1,2,5,6,7,9,10,12,13,14,16,17,18,20,21,22,24,26,27,29,30,31,35,36>36,37,6,8,40,11,12,18,25,27,1,2,35,5,7,9,10,13,14,16,17,20,21,22,24,29,30,31
2,3,4,5,6,7,36,9,37,11,39,14,16,21,24,25,26,30>6,7,8,11,15,21,24,26,27,2,3,5,39,9,25,30
2,3,4,5,6,7,36,9,37,11,39,14,16,21,24,25,26,30>4,8,11,15,20,24,27,2,3,5,39,9,25,30
32,33,2,38,7,8,9,10,12,18,20,21,23,25,26,28,29,30>5,10,11,13,21,22,24,25,27,29,32,36,40,33,2,9,20,26,30
32,33,2,38,7,8,9,10,12,18,20,21,23,25,26,28,29,30>8,12,18,21,25,29,38,40,33,2,9,20,26,30
1,2,3,4,5,6,8,10,12,14,15,17,18,22,23,24,25,30,31,32,33,34,36,38,39>9,10,13,14,17,18,20,24,26,31,32,33,39,1,2,3,4,34,36,38,8,12,15,22,25
1,2,3,4,5,6,8,10,12,14,15,17,18,22,23,24,25,30,31,32,33,34,36,38,39>5,6,7,11,13,20,23,24,27,30,32,33,1,2,3,4,34,36,38,8,12,15,22,25
32,33,2,34,4,5,37,7,38,39,10,11,12,40,24,26,29,30>34,9,13,25,26,2,5,40,11,30
32,33,2,34,4,5,37,7,38,39,10,11,12,40,24,26,29,30>32,34,36,7,38,13,25,2,5,40,11,30
1,3,6,7,9,12,13,15,16,19,22,23,24,26,27,28,32,34,37,39,40>6,12,14,19,22,24,40,32,1,34,3,7,9,16,23,26,28
1,3,6,7,9,12,13,15,16,19,22,23,24,26,27,28,32,34,37,39,40>6,10,12,17,18,22,27,37,32,1,34,3,7,9,16,23,26,28
2,3,4,5,6,34,35,9,38,11,12,14,15,18,19,20,23,26,27,29>34,4,37,8,11,12,14,19,20,24,27,29,31,2,3,9,15,18,23,26
2,3,4,5,6,34,35,9,38,11,12,14,15,18,19,20,23,26,27,29>32,34,5,11,19,22,30,31,2,3,9,15,18,23,26
1,2,3,4,5,8,9,11,12,14,16,18,19,21,22,24,27,28,29,30,31,34,37,38,39>5,11,15,19,20,24,37,38,39,1,2,3,18,21,22,28,29,31
1,2,3,4,5,8,9,11,12,14,16,18,19,21,22,24,27,28,29,30,31,34,37,38,39>5,9,15,19,20,24,35,37,39,1,2,3,18,21,22,28,29,31
1,2,3,5,7,9,12,13,15,16,21,22,25,27,31,32,33,35,36,38,40>33,34,40,13,14,15,20,25,29,32,1,2,3,35,5,36,38,9,16,27,31
1,2,3,5,7,9,12,13,15,16,21,22,25,27,31,32,33,35,36,38,40>34,4,40,14,17,20,29,32,1,2,3,35,5,36,38,9,16,27,31
1,2,3,4,5,6,7,8,9,11,13,14,15,16,18,19,20,21,24,26,27,30,33,34,35,38,39>26,32,33,37,38,1,2,3,34,5,7,8,9,14,15,16,18,20,24,30
1,2,3,4,5,6,7,8,9,11,13,14,15,16,18,19,20,21,24,26,27,30,33,34,35,38,39>4,17,27,31,36,37,39,1,2,3,34,5,7,8,9,14,15,16,18,20,24,30
1,2,4,5,6,7,36,11,12,15,16,17,18,22,23,25,26,27>8,11,15,16,17,18,28,30,32,34,36,1,2,5,7,22,26,27
1,2,4,5,6,7,36,11,12,15,16,17,18,22,23,25,26,27>4,8,9,15,17,20,23,25,29,32,36,39,1,2,5,7,22,26,27
2,3,4,5,6,9,10,12,14,16,17,19,20,22,23,25,30,32,34,35,36,39,40>5,12,14,15,18,19,22,25,27,29,30,35,36,39,2,3,4,34,40,9,10,20,23
2,3,4,5,6,9,10,12,14,16,17,19,20,22,23,25,30,32,34,35,36,39,40>5,8,13,14,15,16,17,22,24,26,27,28,36,2,3,4,34,40,9,10,20,23
1,2,4,5,6,9,11,12,16,17,18,19,20,22,23,25,26,27,28,31,33,34,36,37,38>32,6,7,8,38,12,16,19,25,29,1,2,33,34,36,9,18,20,22,23,26,27,28,31
1,2,4,5,6,9,11,12,16,17,18,19,20,22,23,25,26,27,28,31,33,34,36,37,38>4,8,37,11,16,29,30,1,2,33,34,36,9,18,20,22,23,26,27,28,31
3,6,8,9,11,12,14,16,17,18,19,20,23,25,26,28,30,32,33,35,36,37,38,39,40>32,34,6,9,11,12,15,16,17,22,25,27,28,33,3,36,37,38,39,8,40,18,20,23,26,30
3,6,8,9,11,12,14,16,17,18,19,20,23,25,26,28,30,32,33,35,36,37,38,39,40>35,5,6,9,11,12,14,15,22,24,27,33,3,36,37,38,39,8,40,18,20,23,26,30
1,3,4,5,6,8,9,10,11,13,14,17,18,19,20,21,22,24,25,26,27,28,29,32,34>34,4,6,7,10,15,23,30,32,1,3,8,9,11,13,14,17,18,20,21,22,24,25,27,28,29
1,3,4,5,6,8,9,10,11,13,14,17,18,19,20,21,22,24,25,26,27,28,29,32,34>33,34,4,6,16,19,23,30,31,32,1,3,8,9,11,13,14,17,18,20,21,22,24,25,27,28,29
2,5,37,39,8,40,10,13,14,15,16,17,19,20,22,24,26,27,30,31>34,8,12,22,25,27,2,5,39,40,13,14,15,16,17,19,20,24,30,31
2,5,37,39,8,40,10,13,14,15,16,17,19,20,22,24,26,27,30,31>32,34,35,8,10,11,12,18,22,25,26,28,2,5,39,40,13,14,15,16,17,19,20,24,30,31
1,2,3,4,6,7,10,12,13,15,16,18,19,21,25,26,27,29,31,32,33,34,36,38>34,9,10,11,17,21,22,23,26,29,30,32,1,2,3,4,36,6,7,38,12,13,16,18,19,27,31
1,2,3,4,6,7,10,12,13,15,16,18,19,21,25,26,27,29,31,32,33,34,36,38>33,34,8,10,17,23,25,32,1,2,3,4,36,6,7,38,12,13,16,18,19,27,31
33,35,36,37,6,8,9,12,15,17,19,21,23,24,27,28,29,30,31>5,10,15,20,21,24,25,39,33,35,36,37,8,23,31
33,35,36,37,6,8,9,12,15,17,19,21,23,24,27,28,29,30,31>9,12,20,26,27,28,29,32,33,35,36,37,8,23,31
32,2,34,4,35,36,7,39,9,10,13,17,20,22,23,28,29,30,31>4,14,16,23,26,30,33,37,38,39,40,2,35,9,13,17,20,28,29
32,2,34,4,35,36,7,39,9,10,13,17,20,22,23,28,29,30,31>4,5,7,10,14,22,23,31,32,33,37,38,39,40,2,35,9,13,17,20,28,29
1,2,33,35,5,6,8,40,11,12,14,17,18,21,23,25,27,28,31>6,14,17,18,20,23,25,26,28,34,36,37,1,2,35,33,5,8,27,31
1,2,33,35,5,6,8,40,11,12,14,17,18,21,23,25,27,28,31>6,7,15,17,18,21,22,25,26,28,32,34,36,37,39,40,1,2,35,33,5,8,27,31
