CD45,CD8,TCRlig,TCbind,PAGCsk,LCK,Fyn,Rlk,TCRphos,ZAP70,cCbl,Itk,LAT,Gads,Slp76,PLCg_b,Grb2Sos,DAG,PLCg_a,Ras,RasGRP1,PKCth,IP3,Raf,MEK,Ca,ERK,SEK,IKK,Calcin,Rsk,Fos,JNK,IkB,CREB,Jun,CRE,AP1,NFkB,NFAT
1,2,3,4,7,8,10,14,15,16,18,19,21,22,26,27,28,29,30,31,32,34,35,38,39>33,5,6,37,9,38,40,23,32,1,2,3,4,35,7,15,18,19,21,22,28,29,30,31
1,2,3,4,7,8,10,14,15,16,18,19,21,22,26,27,28,29,30,31,32,34,35,38,39>34,5,6,37,8,9,10,11,14,23,32,1,2,3,4,35,7,15,18,19,21,22,28,29,30,31
1,2,3,4,7,8,10,14,15,16,18,19,21,22,26,27,28,29,30,31,32,34,35,38,39>33,39,5,8,9,11,14,38,16,20,23,32,1,2,3,4,35,7,15,18,19,21,22,28,29,30,31
1,2,3,4,7,8,10,14,15,16,18,19,21,22,26,27,28,29,30,31,32,34,35,38,39>34,39,8,9,12,13,14,20,27,32,1,2,3,4,35,7,15,18,19,21,22,28,29,30,31
2,4,5,6,7,10,11,12,13,15,17,18,20,23,26,27,28,29,30,31,33,39>4,7,8,9,14,15,16,22,27,33,2,5,39,11,12,13,17,20,26,30,31
2,4,5,6,7,10,11,12,13,15,17,18,20,23,26,27,28,29,30,31,33,39>35,4,36,9,10,14,15,16,18,23,27,28,33,2,5,39,11,12,13,17,20,26,30,31
2,4,5,6,7,10,11,12,13,15,17,18,20,23,26,27,28,29,30,31,33,39>4,36,7,10,15,24,27,33,2,5,39,11,12,13,17,20,26,30,31
2,4,5,6,7,10,11,12,13,15,17,18,20,23,26,27,28,29,30,31,33,39>35,4,36,7,14,18,23,27,33,2,5,39,11,12,13,17,20,26,30,31
32,2,34,37,39,11,13,15,16,20,21,22,25,26,27,28,30,31>37,40,11,13,14,17,21,24,29,32,2,34,16,20,27,28,30,31
32,2,34,37,39,11,13,15,16,20,21,22,25,26,27,28,30,31>5,37,11,15,17,22,29,32,2,34,16,20,27,28,30,31
32,2,34,37,39,11,13,15,16,20,21,22,25,26,27,28,30,31>33,5,37,39,40,11,17,21,24,29,32,2,34,16,20,27,28,30,31
32,2,34,37,39,11,13,15,16,20,21,22,25,26,27,28,30,31>33,35,5,37,39,40,14,22,26,29,32,2,34,16,20,27,28,30,31
33,2,4,36,7,40,9,10,11,12,14,15,18,20,24,25,27,29>32,33,4,7,39,40,13,14,22,29,31,2,36,9,11,12,15,24,25,27
33,2,4,36,7,40,9,10,11,12,14,15,18,20,24,25,27,29>32,40,10,13,14,31,2,36,9,11,12,15,24,25,27
33,2,4,36,7,40,9,10,11,12,14,15,18,20,24,25,27,29>4,40,10,13,29,2,36,9,11,12,15,24,25,27
33,2,4,36,7,40,9,10,11,12,14,15,18,20,24,25,27,29>32,33,4,5,39,40,13,14,20,29,31,2,36,9,11,12,15,24,25,27
2,4,6,7,9,11,15,16,17,19,20,22,25,26,28,30,32,33,34,35,36,37,39>5,8,11,15,16,18,22,23,24,27,32,38,39,33,2,34,36,37,9,20,28,30
2,4,6,7,9,11,15,16,17,19,20,22,25,26,28,30,32,33,34,35,36,37,39>6,15,16,17,19,22,23,24,25,26,35,38,40,33,2,34,36,37,9,20,28,30
2,4,6,7,9,11,15,16,17,19,20,22,25,26,28,30,32,33,34,35,36,37,39>6,7,11,15,17,18,19,24,25,26,32,35,38,39,33,2,34,36,37,9,20,28,30
2,4,6,7,9,11,15,16,17,19,20,22,25,26,28,30,32,33,34,35,36,37,39>4,6,7,8,15,18,22,23,25,26,35,38,40,33,2,34,36,37,9,20,28,30
1,2,4,7,8,9,10,11,13,14,15,16,19,22,25,26,27,28,29,30,32,33,34,35,37>35,4,6,8,12,17,18,26,32,1,2,33,37,7,9,11,13,14,15,16,19,27,28,29,30
1,2,4,7,8,9,10,11,13,14,15,16,19,22,25,26,27,28,29,30,32,33,34,35,37>34,4,5,36,8,40,12,22,31,32,1,2,33,37,7,9,11,13,14,15,16,19,27,28,29,30
1,2,4,7,8,9,10,11,13,14,15,16,19,22,25,26,27,28,29,30,32,33,34,35,37>34,4,5,36,40,10,23,31,32,1,2,33,37,7,9,11,13,14,15,16,19,27,28,29,30
1,2,4,7,8,9,10,11,13,14,15,16,19,22,25,26,27,28,29,30,32,33,34,35,37>35,4,5,36,8,10,17,18,22,26,32,1,2,33,37,7,9,11,13,14,15,16,19,27,28,29,30
1,2,33,4,5,9,10,11,13,14,16,17,18,22,23,24,27,30>4,5,15,18,21,27,29,30,33,34,39,1,2,11,13,14,16,17,22
1,2,33,4,5,9,10,11,13,14,16,17,18,22,23,24,27,30>5,9,20,21,23,24,26,28,29,30,32,33,34,36,1,2,11,13,14,16,17,22
1,2,33,4,5,9,10,11,13,14,16,17,18,22,23,24,27,30>4,5,10,15,20,21,23,26,27,28,29,30,31,32,33,40,1,2,11,13,14,16,17,22
1,2,33,4,5,9,10,11,13,14,16,17,18,22,23,24,27,30>10,18,20,21,23,25,26,27,28,29,30,32,36,1,2,11,13,14,16,17,22
5,6,9,12,13,15,16,18,19,21,22,24,25,27,31,33,34,35,36,37,38,39,40>32,38,39,13,40,17,23,34,35,36,37,5,16,18,21,22,25,27,31
5,6,9,12,13,15,16,18,19,21,22,24,25,27,31,33,34,35,36,37,38,39,40>32,33,38,9,10,39,13,14,40,23,29,34,35,36,37,5,16,18,21,22,25,27,31
5,6,9,12,13,15,16,18,19,21,22,24,25,27,31,33,34,35,36,37,38,39,40>6,38,9,10,12,13,14,40,17,19,20,24,34,35,36,37,5,16,18,21,22,25,27,31
5,6,9,12,13,15,16,18,19,21,22,24,25,27,31,33,34,35,36,37,38,39,40>33,6,38,8,9,10,12,14,19,29,34,35,36,37,5,16,18,21,22,25,27,31
1,2,3,4,8,13,14,15,17,18,19,20,21,24,26,28,29,30,31,33,37,38,39,40>6,7,8,38,13,16,28,1,2,3,4,33,39,40,14,15,17,18,20,24,30
1,2,3,4,8,13,14,15,17,18,19,20,21,24,26,28,29,30,31,33,37,38,39,40>35,6,7,38,13,19,22,25,28,31,1,2,3,4,33,39,40,14,15,17,18,20,24,30
1,2,3,4,8,13,14,15,17,18,19,20,21,24,26,28,29,30,31,33,37,38,39,40>36,37,6,13,16,19,21,23,25,29,1,2,3,4,33,39,40,14,15,17,18,20,24,30
1,2,3,4,8,13,14,15,17,18,19,20,21,24,26,28,29,30,31,33,37,38,39,40>35,36,37,8,38,13,16,19,21,23,26,28,29,1,2,3,4,33,39,40,14,15,17,18,20,24,30
1,2,3,4,5,7,8,9,11,13,17,18,20,21,22,24,27,28,30,31,37,38>32,35,4,11,18,27,29,1,2,3,5,7,9,17,20,21,22,24,28,31
1,2,3,4,5,7,8,9,11,13,17,18,20,21,22,24,27,28,30,31,37,38>33,37,39,8,11,13,14,27,29,30,1,2,3,5,7,9,17,20,21,22,24,28,31
1,2,3,4,5,7,8,9,11,13,17,18,20,21,22,24,27,28,30,31,37,38>33,34,35,38,8,40,27,29,30,1,2,3,5,7,9,17,20,21,22,24,28,31
1,2,3,4,5,7,8,9,11,13,17,18,20,21,22,24,27,28,30,31,37,38>33,34,35,37,39,8,13,14,16,18,25,27,1,2,3,5,7,9,17,20,21,22,24,28,31
32,1,34,3,4,35,36,7,37,9,39,14,15,21,23,26,29>21,23,29,1,3,4,37,7,9,15,26
32,1,34,3,4,35,36,7,37,9,39,14,15,21,23,26,29>14,32,20,1,3,4,37,7,9,15,26
32,1,34,3,4,35,36,7,37,9,39,14,15,21,23,26,29>34,5,38,39,20,23,1,3,4,37,7,9,15,26
32,1,34,3,4,35,36,7,37,9,39,14,15,21,23,26,29>34,35,36,5,38,14,20,30,1,3,4,37,7,9,15,26
1,4,36,6,38,39,9,10,12,13,14,17,19,20,23,25,26,27,30>36,7,8,38,11,19,31,1,39,9,10,13,14,17,20,23,26,27,30
1,4,36,6,38,39,9,10,12,13,14,17,19,20,23,25,26,27,30>34,6,38,11,12,16,19,24,25,1,39,9,10,13,14,17,20,23,26,27,30
1,4,36,6,38,39,9,10,12,13,14,17,19,20,23,25,26,27,30>32,34,6,7,8,38,40,11,24,31,1,39,9,10,13,14,17,20,23,26,27,30
1,4,36,6,38,39,9,10,12,13,14,17,19,20,23,25,26,27,30>32,4,36,6,7,8,12,24,1,39,9,10,13,14,17,20,23,26,27,30
32,2,34,36,9,10,18,19,20,21,22,24,25,31>5,38,10,11,13,23,28,29,2,34,18,20,21,22,24,25
32,2,34,36,9,10,18,19,20,21,22,24,25,31>35,19,5,31,2,34,18,20,21,22,24,25
32,2,34,36,9,10,18,19,20,21,22,24,25,31>35,38,9,10,19,23,27,28,29,2,34,18,20,21,22,24,25
32,2,34,36,9,10,18,19,20,21,22,24,25,31>32,35,36,19,27,2,34,18,20,21,22,24,25
2,4,6,7,8,9,10,11,12,15,16,17,18,21,22,25,26,28,29,34,36,38,39>4,13,15,16,18,19,20,25,30,36,38,2,8,9,11,12,21,22,28,29
2,4,6,7,8,9,10,11,12,15,16,17,18,21,22,25,26,28,29,34,36,38,39>5,7,13,17,20,34,39,2,8,9,11,12,21,22,28,29
2,4,6,7,8,9,10,11,12,15,16,17,18,21,22,25,26,28,29,34,36,38,39>6,7,10,17,18,20,26,30,38,39,2,8,9,11,12,21,22,28,29
2,4,6,7,8,9,10,11,12,15,16,17,18,21,22,25,26,28,29,34,36,38,39>4,6,7,13,15,16,18,20,26,27,30,34,38,39,2,8,9,11,12,21,22,28,29
1,2,5,6,10,11,12,14,16,18,21,22,23,24,25,26,27,29,31,35,36,37,38,40>36,8,39,13,14,15,23,24,1,2,35,37,5,11,21,22,25,26,27,29,31
1,2,5,6,10,11,12,14,16,18,21,22,23,24,25,26,27,29,31,35,36,37,38,40>36,6,7,8,38,39,12,14,15,23,28,1,2,35,37,5,11,21,22,25,26,27,29,31
1,2,5,6,10,11,12,14,16,18,21,22,23,24,25,26,27,29,31,35,36,37,38,40>32,6,8,38,15,16,40,18,20,24,28,30,1,2,35,37,5,11,21,22,25,26,27,29,31
1,2,5,6,10,11,12,14,16,18,21,22,23,24,25,26,27,29,31,35,36,37,38,40>36,6,7,38,10,39,14,16,40,20,24,1,2,35,37,5,11,21,22,25,26,27,29,31
1,2,3,4,6,7,8,10,11,13,17,18,20,24,25,27,28,29,31,32,33,36,37,39>35,38,18,28,29,32,1,2,3,33,36,6,7,8,39,11,13,17,20,24,25,27,31
1,2,3,4,6,7,8,10,11,13,17,18,20,24,25,27,28,29,31,32,33,36,37,39>4,37,38,9,14,16,18,29,32,1,2,3,33,36,6,7,8,39,11,13,17,20,24,25,27,31
1,2,3,4,6,7,8,10,11,13,17,18,20,24,25,27,28,29,31,32,33,36,37,39>5,37,38,9,18,28,29,32,1,2,3,33,36,6,7,8,39,11,13,17,20,24,25,27,31
1,2,3,4,6,7,8,10,11,13,17,18,20,24,25,27,28,29,31,32,33,36,37,39>35,4,5,37,14,16,18,29,32,1,2,3,33,36,6,7,8,39,11,13,17,20,24,25,27,31
1,2,3,4,5,8,10,12,13,14,16,17,18,23,27,30,32,33,35,36,37,39>33,34,5,38,8,40,10,20,22,26,31,32,1,2,3,4,36,37,39,13,14,16,17
1,2,3,4,5,8,10,12,13,14,16,17,18,23,27,30,32,33,35,36,37,39>35,38,7,8,10,11,12,15,18,20,22,23,31,32,1,2,3,4,36,37,39,13,14,16,17
1,2,3,4,5,8,10,12,13,14,16,17,18,23,27,30,32,33,35,36,37,39>34,35,5,7,8,40,11,12,22,23,26,30,32,1,2,3,4,36,37,39,13,14,16,17
1,2,3,4,5,8,10,12,13,14,16,17,18,23,27,30,32,33,35,36,37,39>33,34,35,5,38,12,23,26,27,32,1,2,3,4,36,37,39,13,14,16,17
1,5,8,9,10,12,13,17,18,19,20,21,23,25,28,30,31,32,33,34,35,36,37,38,39>9,40,14,16,19,21,22,24,26,30,1,34,35,33,5,36,37,38,13,17,18,20,23
1,5,8,9,10,12,13,17,18,19,20,21,23,25,28,30,31,32,33,34,35,36,37,38,39>32,11,40,14,21,24,25,26,27,28,30,1,34,35,33,5,36,37,38,13,17,18,20,23
1,5,8,9,10,12,13,17,18,19,20,21,23,25,28,30,31,32,33,34,35,36,37,38,39>8,9,10,11,40,19,25,27,28,31,1,34,35,33,5,36,37,38,13,17,18,20,23
1,5,8,9,10,12,13,17,18,19,20,21,23,25,28,30,31,32,33,34,35,36,37,38,39>32,8,10,12,40,14,16,21,22,25,26,27,30,1,34,35,33,5,36,37,38,13,17,18,20,23
32,2,35,4,37,6,7,8,38,10,13,15,20,23,24,27>9,10,11,12,14,16,17,20,26,31,35,38,39,32,2,37,8,13,24
32,2,35,4,37,6,7,8,38,10,13,15,20,23,24,27>6,7,17,25,26,31,38,32,2,37,8,13,24
32,2,35,4,37,6,7,8,38,10,13,15,20,23,24,27>6,7,14,16,20,27,31,34,35,39,32,2,37,8,13,24
32,2,35,4,37,6,7,8,38,10,13,15,20,23,24,27>7,11,12,17,20,25,26,27,34,39,32,2,37,8,13,24
32,1,2,3,33,5,35,36,38,39,10,11,12,13,40,17>32,37,40,16,20,1,2,3,36,5,38,39,11,13,17
32,1,2,3,33,5,35,36,38,39,10,11,12,13,40,17>20,33,16,1,2,3,36,5,38,39,11,13,17
32,1,2,3,33,5,35,36,38,39,10,11,12,13,40,17>34,35,37,40,10,12,14,1,2,3,36,5,38,39,11,13,17
32,1,2,3,33,5,35,36,38,39,10,11,12,13,40,17>12,32,34,14,1,2,3,36,5,38,39,11,13,17
2,4,36,7,8,39,10,11,13,14,15,20,22,23,24,26,29,30,31>36,9,40,17,22,31,2,39,11,13,14,15,24,26,29,30
2,4,36,7,8,39,10,11,13,14,15,20,22,23,24,26,29,30,31>4,8,9,40,16,20,22,23,25,28,2,39,11,13,14,15,24,26,29,30
2,4,36,7,8,39,10,11,13,14,15,20,22,23,24,26,29,30,31>4,5,36,8,40,12,17,22,25,31,2,39,11,13,14,15,24,26,29,30
2,4,36,7,8,39,10,11,13,14,15,20,22,23,24,26,29,30,31>35,4,5,7,8,10,40,16,17,22,28,31,2,39,11,13,14,15,24,26,29,30
2,3,4,5,7,8,12,13,14,17,21,25,26,27,28,29,30,31,33,35,36,38,39>7,8,40,12,25,29,33,2,3,4,5,35,36,39,14,17,27,30,31
2,3,4,5,7,8,12,13,14,17,21,25,26,27,28,29,30,31,33,35,36,38,39>37,7,9,12,13,20,21,25,29,33,2,3,4,5,35,36,39,14,17,27,30,31
2,3,4,5,7,8,12,13,14,17,21,25,26,27,28,29,30,31,33,35,36,38,39>32,37,7,8,9,13,26,28,29,33,2,3,4,5,35,36,39,14,17,27,30,31
2,3,4,5,7,8,12,13,14,17,21,25,26,27,28,29,30,31,33,35,36,38,39>32,38,7,8,9,40,12,13,16,25,28,33,2,3,4,5,35,36,39,14,17,27,30,31
3,4,7,8,9,10,12,14,15,23,24,25,31,32,33,34,35,37,38,39,40>36,38,39,11,13,24,34,3,4,35,37,9,12,15,25
3,4,7,8,9,10,12,14,15,23,24,25,31,32,33,34,35,37,38,39,40>32,36,5,7,8,39,10,11,40,14,23,24,31,34,3,4,35,37,9,12,15,25
3,4,7,8,9,10,12,14,15,23,24,25,31,32,33,34,35,37,38,39,40>33,36,5,38,40,23,24,26,31,34,3,4,35,37,9,12,15,25
3,4,7,8,9,10,12,14,15,23,24,25,31,32,33,34,35,37,38,39,40>32,33,36,5,38,8,11,40,13,23,24,27,34,3,4,35,37,9,12,15,25
2,3,6,10,11,14,15,16,20,21,22,24,26,28,30,32,34,36,37,38,39,40>32,33,36,37,10,12,13,14,16,21,22,29,2,3,34,38,40,11,15,20,24,28,30
2,3,6,10,11,14,15,16,20,21,22,24,26,28,30,32,34,36,37,38,39,40>32,33,5,37,10,13,21,29,2,3,34,38,40,11,15,20,24,28,30
2,3,6,10,11,14,15,16,20,21,22,24,26,28,30,32,34,36,37,38,39,40>32,33,5,6,37,39,14,16,22,29,2,3,34,38,40,11,15,20,24,28,30
2,3,6,10,11,14,15,16,20,21,22,24,26,28,30,32,34,36,37,38,39,40>32,33,36,8,39,10,12,14,21,22,25,29,2,3,34,38,40,11,15,20,24,28,30
1,3,4,5,6,7,9,13,14,17,18,20,23,24,25,26,29,30,31,33,35,40>6,10,13,16,29,31,1,3,4,5,35,7,40,9,14,17,20,24,25,26,30
1,3,4,5,6,7,9,13,14,17,18,20,23,24,25,26,29,30,31,33,35,40>37,6,8,10,13,18,23,29,1,3,4,5,35,7,40,9,14,17,20,24,25,26,30
1,3,4,5,6,7,9,13,14,17,18,20,23,24,25,26,29,30,31,33,35,40>33,37,39,10,18,1,3,4,5,35,7,40,9,14,17,20,24,25,26,30
1,3,4,5,6,7,9,13,14,17,18,20,23,24,25,26,29,30,31,33,35,40>36,37,39,13,15,22,23,1,3,4,5,35,7,40,9,14,17,20,24,25,26,30
32,1,2,3,34,35,13,14,19,20,22,25,26,27,31>4,37,15,16,18,23,24,25,32,1,2,3,34,35,14,27,31
32,1,2,3,34,35,13,14,19,20,22,25,26,27,31>5,37,16,17,18,19,20,22,25,29,32,1,2,3,34,35,14,27,31
32,1,2,3,34,35,13,14,19,20,22,25,26,27,31>4,5,13,15,16,17,18,19,22,23,24,25,26,30,32,1,2,3,34,35,14,27,31
32,1,2,3,34,35,13,14,19,20,22,25,26,27,31>4,6,13,17,20,23,24,25,28,29,32,1,2,3,34,35,14,27,31
32,1,33,4,36,37,7,39,9,40,13,18,19,20,21,22,23,24,25>37,40,14,19,27,1,36,39,7,9,18,20,21,22,23,24,25
32,1,33,4,36,37,7,39,9,40,13,18,19,20,21,22,23,24,25>32,4,5,37,38,40,13,14,17,19,1,36,39,7,9,18,20,21,22,23,24,25
32,1,33,4,36,37,7,39,9,40,13,18,19,20,21,22,23,24,25>33,34,4,40,13,14,16,26,27,28,1,36,39,7,9,18,20,21,22,23,24,25
32,1,33,4,36,37,7,39,9,40,13,18,19,20,21,22,23,24,25>32,33,34,4,37,40,16,27,1,36,39,7,9,18,20,21,22,23,24,25
3,5,7,9,10,11,12,14,16,17,19,21,23,25,27,28,30,33,36,37,39,40>32,34,7,10,12,13,16,20,26,28,30,31,33,3,36,5,39,40,9,11,23,27
3,5,7,9,10,11,12,14,16,17,19,21,23,25,27,28,30,33,36,37,39,40>34,10,12,14,17,18,19,20,21,28,30,31,33,3,36,5,39,40,9,11,23,27
3,5,7,9,10,11,12,14,16,17,19,21,23,25,27,28,30,33,36,37,39,40>32,34,15,17,18,21,25,31,33,3,36,5,39,40,9,11,23,27
3,5,7,9,10,11,12,14,16,17,19,21,23,25,27,28,30,33,36,37,39,40>32,37,14,15,16,19,20,21,26,33,3,36,5,39,40,9,11,23,27
1,3,4,5,6,7,8,10,11,14,16,18,19,20,22,24,25,26,27,29,32,33,34,36,39,40>6,10,13,16,19,28,31,33,34,39,40,32,1,3,36,5,7,8,11,18,22,24,25,27,29
1,3,4,5,6,7,8,10,11,14,16,18,19,20,22,24,25,26,27,29,32,33,34,36,39,40>4,6,9,20,26,28,30,31,34,38,40,32,1,3,36,5,7,8,11,18,22,24,25,27,29
1,3,4,5,6,7,8,10,11,14,16,18,19,20,22,24,25,26,27,29,32,33,34,36,39,40>6,9,10,14,15,16,19,20,21,23,28,30,38,39,32,1,3,36,5,7,8,11,18,22,24,25,27,29
1,3,4,5,6,7,8,10,11,14,16,18,19,20,22,24,25,26,27,29,32,33,34,36,39,40>4,6,9,14,15,20,21,26,31,34,38,39,40,32,1,3,36,5,7,8,11,18,22,24,25,27,29
1,2,34,36,5,37,7,8,39,12,13,14,15,18,20,21,23,24,30,31>35,39,13,18,26,31,1,2,34,5,14,15,20,24
1,2,34,36,5,37,7,8,39,12,13,14,15,18,20,21,23,24,30,31>37,39,40,12,17,23,26,31,1,2,34,5,14,15,20,24
1,2,34,36,5,37,7,8,39,12,13,14,15,18,20,21,23,24,30,31>37,8,9,13,16,18,22,23,26,30,31,1,2,34,5,14,15,20,24
1,2,34,36,5,37,7,8,39,12,13,14,15,18,20,21,23,24,30,31>35,36,37,7,9,12,16,18,23,25,26,1,2,34,5,14,15,20,24
3,4,6,7,8,10,11,16,17,18,20,22,23,24,28,30,31,33,35,36,37>5,39,9,16,18,23,30,31,33,3,36,37,35,8,11,20,22,24,28
3,4,6,7,8,10,11,16,17,18,20,22,23,24,28,30,31,33,35,36,37>5,6,39,9,23,25,26,30,33,3,36,37,35,8,11,20,22,24,28
3,4,6,7,8,10,11,16,17,18,20,22,23,24,28,30,31,33,35,36,37>34,5,6,10,40,13,18,23,25,26,29,33,3,36,37,35,8,11,20,22,24,28
3,4,6,7,8,10,11,16,17,18,20,22,23,24,28,30,31,33,35,36,37>4,5,7,40,16,17,21,23,29,31,33,3,36,37,35,8,11,20,22,24,28
32,3,35,5,6,7,38,40,11,15,18,20,25,27,28,29>6,7,9,11,40,15,20,24,32,27,3,5
32,3,35,5,6,7,38,40,11,15,18,20,25,27,28,29>35,9,11,39,40,18,22,28,31,32,27,3,5
32,3,35,5,6,7,38,40,11,15,18,20,25,27,28,29>6,7,9,40,15,18,20,24,25,28,31,32,27,3,5
32,3,35,5,6,7,38,40,11,15,18,20,25,27,28,29>35,37,6,7,9,38,39,40,15,20,29,31,32,27,3,5
32,1,2,3,4,5,6,37,38,9,39,11,14,17,21,23,26,27,28,30>6,37,38,11,15,21,28,32,1,2,3,39,9,26,30
32,1,2,3,4,5,6,37,38,9,39,11,14,17,21,23,26,27,28,30>33,5,6,7,37,11,21,23,28,32,1,2,3,39,9,26,30
32,1,2,3,4,5,6,37,38,9,39,11,14,17,21,23,26,27,28,30>4,5,38,11,14,21,27,28,32,1,2,3,39,9,26,30
32,1,2,3,4,5,6,37,38,9,39,11,14,17,21,23,26,27,28,30>33,5,7,38,40,14,15,17,23,27,28,32,1,2,3,39,9,26,30
1,5,39,40,11,12,13,16,20,22,23,24,25,29,30,31>22,26,27,28,1,5,39,40,16,24,25,29
1,5,39,40,11,12,13,16,20,22,23,24,25,29,30,31>11,13,14,17,26,28,30,31,1,5,39,40,16,24,25,29
1,5,39,40,11,12,13,16,20,22,23,24,25,29,30,31>11,12,14,17,22,27,30,31,1,5,39,40,16,24,25,29
1,5,39,40,11,12,13,16,20,22,23,24,25,29,30,31>35,11,12,14,22,26,28,30,1,5,39,40,16,24,25,29
2,3,34,35,6,7,8,37,14,20,22,25,26,30,31>7,40,9,14,24,25,26,29,31,2,35,3,34,37,8,30
2,3,34,35,6,7,8,37,14,20,22,25,26,30,31>4,6,7,9,15,20,22,24,26,27,28,29,31,2,35,3,34,37,8,30
2,3,34,35,6,7,8,37,14,20,22,25,26,30,31>5,6,40,15,22,25,26,2,35,3,34,37,8,30
2,3,34,35,6,7,8,37,14,20,22,25,26,30,31>4,5,6,7,9,14,15,25,27,28,29,31,2,35,3,34,37,8,30
1,2,3,4,5,7,8,9,10,11,12,16,18,21,23,27,30,31,32,33,36,37,38>33,35,37,39,40,12,18,20,23,27,32,1,2,3,36,5,38,7,9,11,31
1,2,3,4,5,7,8,9,10,11,12,16,18,21,23,27,30,31,32,33,36,37,38>33,35,4,39,8,40,10,12,13,20,21,22,23,26,27,32,1,2,3,36,5,38,7,9,11,31
1,2,3,4,5,7,8,9,10,11,12,16,18,21,23,27,30,31,32,33,36,37,38>34,35,4,39,8,10,13,20,21,22,23,26,32,1,2,3,36,5,38,7,9,11,31
1,2,3,4,5,7,8,9,10,11,12,16,18,21,23,27,30,31,32,33,36,37,38>33,34,35,39,8,40,13,16,18,23,30,32,1,2,3,36,5,38,7,9,11,31
32,1,2,3,4,35,37,39,8,9,40,13,17,18,20,21,25,26,28,31>7,8,9,14,26,27,32,33,1,2,3,4,35,37,39,17,20
32,1,2,3,4,35,37,39,8,9,40,13,17,18,20,21,25,26,28,31>6,13,14,21,24,28,32,33,40,1,2,3,4,35,37,39,17,20
32,1,2,3,4,35,37,39,8,9,40,13,17,18,20,21,25,26,28,31>7,8,9,16,18,24,27,28,30,32,40,1,2,3,4,35,37,39,17,20
32,1,2,3,4,35,37,39,8,9,40,13,17,18,20,21,25,26,28,31>6,7,8,9,13,14,18,25,26,27,30,32,40,1,2,3,4,35,37,39,17,20
2,4,5,6,7,15,17,19,21,23,26,27,29,31,32,34,35,36,37,38,39,40>6,7,9,18,19,20,21,29,32,2,35,5,37,38,23,26,31
2,4,5,6,7,15,17,19,21,23,26,27,29,31,32,34,35,36,37,38,39,40>4,7,8,9,39,19,21,27,29,32,2,35,5,37,38,23,26,31
2,4,5,6,7,15,17,19,21,23,26,27,29,31,32,34,35,36,37,38,39,40>34,4,7,40,15,17,19,20,29,30,32,2,35,5,37,38,23,26,31
2,4,5,6,7,15,17,19,21,23,26,27,29,31,32,34,35,36,37,38,39,40>4,36,7,9,39,20,32,2,35,5,37,38,23,26,31
1,2,4,6,9,10,13,14,16,17,18,19,20,21,23,27,29,30,35,36,37,38>39,40,11,21,24,26,31,1,2,37,6,9,10,13,14,16,17,18,20,23
1,2,4,6,9,10,13,14,16,17,18,19,20,21,23,27,29,30,35,36,37,38>35,4,36,38,8,11,15,21,24,27,29,30,31,1,2,37,6,9,10,13,14,16,17,18,20,23
1,2,4,6,9,10,13,14,16,17,18,19,20,21,23,27,29,30,35,36,37,38>4,36,38,39,19,24,26,27,29,30,1,2,37,6,9,10,13,14,16,17,18,20,23
1,2,4,6,9,10,13,14,16,17,18,19,20,21,23,27,29,30,35,36,37,38>35,4,39,40,11,26,27,30,31,1,2,37,6,9,10,13,14,16,17,18,20,23
2,4,9,10,12,14,15,16,18,22,23,25,26,27,29,30,31,32,33,34,36>33,4,38,16,19,23,28,32,2,36,12,15,22,26,27,29,30,31
2,4,9,10,12,14,15,16,18,22,23,25,26,27,29,30,31,32,33,34,36>33,4,10,11,14,21,23,25,32,2,36,12,15,22,26,27,29,30,31
2,4,9,10,12,14,15,16,18,22,23,25,26,27,29,30,31,32,33,34,36>33,4,40,9,14,18,23,25,32,2,36,12,15,22,26,27,29,30,31
2,4,9,10,12,14,15,16,18,22,23,25,26,27,29,30,31,32,33,34,36>33,34,40,9,10,13,19,25,32,2,36,12,15,22,26,27,29,30,31
3,4,36,6,7,39,40,10,13,14,16,17,21,23,25,26,27,30,31>36,6,10,11,15,21,23,3,4,39,40,13,14,16,17,26,27,30,31
3,4,36,6,7,39,40,10,13,14,16,17,21,23,25,26,27,30,31>35,6,8,9,11,20,21,3,4,39,40,13,14,16,17,26,27,30,31
3,4,36,6,7,39,40,10,13,14,16,17,21,23,25,26,27,30,31>34,35,7,10,11,20,25,3,4,39,40,13,14,16,17,26,27,30,31
3,4,36,6,7,39,40,10,13,14,16,17,21,23,25,26,27,30,31>32,34,35,36,5,8,9,10,21,23,25,3,4,39,40,13,14,16,17,26,27,30,31
32,33,2,37,6,7,39,9,13,15,19,20,22,23,24,26,29,30>5,8,10,13,14,15,16,19,20,22,28,2,39,9,23,24,26,29,30
32,33,2,37,6,7,39,9,13,15,19,20,22,23,24,26,29,30>5,6,10,14,15,16,19,32,33,36,40,2,39,9,23,24,26,29,30
32,33,2,37,6,7,39,9,13,15,19,20,22,23,24,26,29,30>7,8,17,18,20,25,28,2,39,9,23,24,26,29,30
32,33,2,37,6,7,39,9,13,15,19,20,22,23,24,26,29,30>5,7,10,14,15,18,19,20,28,33,40,2,39,9,23,24,26,29,30
3,4,6,7,9,10,11,14,16,18,21,23,25,26,27,29,31,32,36,37,40>4,5,20,21,22,23,25,29,30,37,38,40,32,3,9,11,26,27,31
3,4,6,7,9,10,11,14,16,18,21,23,25,26,27,29,31,32,36,37,40>6,7,10,14,18,20,21,30,35,38,39,40,32,3,9,11,26,27,31
3,4,6,7,9,10,11,14,16,18,21,23,25,26,27,29,31,32,36,37,40>5,6,7,10,13,15,18,25,29,30,35,36,37,39,32,3,9,11,26,27,31
3,4,6,7,9,10,11,14,16,18,21,23,25,26,27,29,31,32,36,37,40>4,5,6,15,16,18,20,21,22,25,29,30,35,38,39,40,32,3,9,11,26,27,31
2,35,4,5,36,7,8,9,37,38,12,40,15,16,17,25,26,28,29,31>4,36,8,12,17,20,25,30,31,2,35,37,5,9
2,35,4,5,36,7,8,9,37,38,12,40,15,16,17,25,26,28,29,31>4,7,39,40,15,17,20,27,28,2,35,37,5,9
2,35,4,5,36,7,8,9,37,38,12,40,15,16,17,25,26,28,29,31>4,36,38,8,15,27,29,30,2,35,37,5,9
2,35,4,5,36,7,8,9,37,38,12,40,15,16,17,25,26,28,29,31>33,4,36,39,15,16,17,20,25,27,29,30,2,35,37,5,9
2,3,4,7,8,9,10,11,12,16,18,20,22,23,24,26,27,28,32,33,34,35,36,38,39,40>10,16,18,20,21,25,27,31,35,37,32,33,2,3,34,36,38,9,11,22,24,26,28
2,3,4,7,8,9,10,11,12,16,18,20,22,23,24,26,27,28,32,33,34,35,36,38,39,40>5,12,13,16,20,21,23,25,27,30,31,35,39,32,33,2,3,34,36,38,9,11,22,24,26,28
2,3,4,7,8,9,10,11,12,16,18,20,22,23,24,26,27,28,32,33,34,35,36,38,39,40>4,5,8,10,12,29,30,40,32,33,2,3,34,36,38,9,11,22,24,26,28
2,3,4,7,8,9,10,11,12,16,18,20,22,23,24,26,27,28,32,33,34,35,36,38,39,40>5,10,16,20,25,30,31,35,37,39,32,33,2,3,34,36,38,9,11,22,24,26,28
32,2,36,6,8,9,12,14,15,16,17,18,20,21,22,24,31>35,5,6,39,9,10,14,18,29,31,2,8,15,20,21,22,24
32,2,36,6,8,9,12,14,15,16,17,18,20,21,22,24,31>35,5,9,10,14,25,29,31,2,8,15,20,21,22,24
32,2,36,6,8,9,12,14,15,16,17,18,20,21,22,24,31>34,35,5,38,39,12,14,16,17,31,2,8,15,20,21,22,24
32,2,36,6,8,9,12,14,15,16,17,18,20,21,22,24,31>32,34,35,5,38,39,10,12,14,17,18,25,29,2,8,15,20,21,22,24
2,3,5,6,8,10,11,12,13,14,17,18,21,23,26,27,30,31,33,37,39>32,36,6,18,27,2,3,5,39,8,11,13,14,17,26,30,31
2,3,5,6,8,10,11,12,13,14,17,18,21,23,26,27,30,31,33,37,39>34,35,37,6,40,12,16,18,22,23,2,3,5,39,8,11,13,14,17,26,30,31
2,3,5,6,8,10,11,12,13,14,17,18,21,23,26,27,30,31,33,37,39>32,34,36,40,15,18,21,22,23,2,3,5,39,8,11,13,14,17,26,30,31
2,3,5,6,8,10,11,12,13,14,17,18,21,23,26,27,30,31,33,37,39>33,34,35,36,10,12,15,16,20,21,22,2,3,5,39,8,11,13,14,17,26,30,31
2,4,5,7,15,16,17,19,20,22,25,26,30,32,33,34,36,37,38,39,40>37,7,15,18,23,24,26,27,2,34,36,5,38,40,20,30
2,4,5,7,15,16,17,19,20,22,25,26,30,32,33,34,36,37,38,39,40>32,7,39,15,18,19,24,27,28,2,34,36,5,38,40,20,30
2,4,5,7,15,16,17,19,20,22,25,26,30,32,33,34,36,37,38,39,40>32,37,7,15,16,17,22,23,26,27,28,29,2,34,36,5,38,40,20,30
2,4,5,7,15,16,17,19,20,22,25,26,30,32,33,34,36,37,38,39,40>4,7,15,17,18,26,27,28,2,34,36,5,38,40,20,30
1,2,4,6,7,9,10,12,13,14,16,19,21,22,23,24,25,32,35,38,39>5,15,17,18,20,26,27,29,32,34,1,2,6,39,7,9,10,13,14,16,23,25
1,2,4,6,7,9,10,12,13,14,16,19,21,22,23,24,25,32,35,38,39>4,5,11,12,15,19,20,21,22,24,26,27,28,37,1,2,6,39,7,9,10,13,14,16,23,25
1,2,4,6,7,9,10,12,13,14,16,19,21,22,23,24,25,32,35,38,39>4,8,11,28,32,34,35,38,1,2,6,39,7,9,10,13,14,16,23,25
1,2,4,6,7,9,10,12,13,14,16,19,21,22,23,24,25,32,35,38,39>4,8,12,22,24,26,28,37,38,1,2,6,39,7,9,10,13,14,16,23,25
32,33,2,3,35,38,40,9,13,15,18,19,23,26,28,29,31>32,36,38,39,40,13,14,17,19,30,31,33,2,3,35,18,23,26
32,33,2,3,35,38,40,9,13,15,18,19,23,26,28,29,31>32,37,38,9,40,16,17,19,28,30,33,2,3,35,18,23,26
32,33,2,3,35,38,40,9,13,15,18,19,23,26,28,29,31>4,5,36,37,9,39,40,13,14,15,16,19,29,33,2,3,35,18,23,26
32,33,2,3,35,38,40,9,13,15,18,19,23,26,28,29,31>32,4,5,40,13,14,17,28,31,33,2,3,35,18,23,26
32,1,2,3,4,5,33,34,9,11,14,16,19,22,23,25,26,29,30>5,36,9,11,14,16,18,19,22,25,1,2,3,23,26,29,30
32,1,2,3,4,5,33,34,9,11,14,16,19,22,23,25,26,29,30>32,5,7,15,16,18,28,1,2,3,23,26,29,30
32,1,2,3,4,5,33,34,9,11,14,16,19,22,23,25,26,29,30>32,33,36,7,40,9,16,28,1,2,3,23,26,29,30
32,1,2,3,4,5,33,34,9,11,14,16,19,22,23,25,26,29,30>33,34,4,5,9,14,15,18,22,25,1,2,3,23,26,29,30
32,33,34,35,36,37,6,38,8,39,10,40,12,14,16,26,27,28,31>5,40,12,14,15,27,28,30,32,33,34,35,36,37,38,8,31
32,33,34,35,36,37,6,38,8,39,10,40,12,14,16,26,27,28,31>39,11,16,27,30,32,33,34,35,36,37,38,8,31
32,33,34,35,36,37,6,38,8,39,10,40,12,14,16,26,27,28,31>6,39,11,12,15,16,26,27,32,33,34,35,36,37,38,8,31
32,33,34,35,36,37,6,38,8,39,10,40,12,14,16,26,27,28,31>5,26,11,32,33,34,35,36,37,38,8,31
1,2,3,4,5,7,8,11,13,15,16,17,18,20,21,22,24,25,28,30,31,32,34,35,36,38,39,40>36,37,11,15,27,30,1,2,3,34,5,35,7,38,40,16,17,20,21,22,24,25,28
1,2,3,4,5,7,8,11,13,15,16,17,18,20,21,22,24,25,28,30,31,32,34,35,36,38,39,40>32,36,8,13,29,30,1,2,3,34,5,35,7,38,40,16,17,20,21,22,24,25,28
1,2,3,4,5,7,8,11,13,15,16,17,18,20,21,22,24,25,28,30,31,32,34,35,36,38,39,40>4,36,39,8,13,15,18,27,29,31,1,2,3,34,5,35,7,38,40,16,17,20,21,22,24,25,28
1,2,3,4,5,7,8,11,13,15,16,17,18,20,21,22,24,25,28,30,31,32,34,35,36,38,39,40>33,4,36,8,9,13,15,18,30,1,2,3,34,5,35,7,38,40,16,17,20,21,22,24,25,28
2,7,40,9,10,11,12,14,21,24,28,29>33,40,12,14,20,21,24,25,28,29,9,2,11
2,7,40,9,10,11,12,14,21,24,28,29>33,5,40,12,13,14,25,28,9,2,11
2,7,40,9,10,11,12,14,21,24,28,29>33,5,13,14,15,21,24,25,9,2,11
2,7,40,9,10,11,12,14,21,24,28,29>33,5,7,39,40,21,24,25,28,9,2,11
33,4,5,6,7,36,38,39,40,14,15,18,20,24,25,27,28,30,31>4,18,20,22,30,33,36,5,39,40,15,24,25,27,31
33,4,5,6,7,36,38,39,40,14,15,18,20,24,25,27,28,30,31>32,34,4,6,8,14,28,33,36,5,39,40,15,24,25,27,31
33,4,5,6,7,36,38,39,40,14,15,18,20,24,25,27,28,30,31>35,6,7,8,9,38,14,18,20,33,36,5,39,40,15,24,25,27,31
33,4,5,6,7,36,38,39,40,14,15,18,20,24,25,27,28,30,31>35,7,38,14,18,20,22,28,33,36,5,39,40,15,24,25,27,31
4,5,6,10,12,13,15,16,17,20,21,23,24,25,26,27,28,29,30,31,33,35,36,37,39,40>32,9,10,11,15,21,23,28,29,33,35,36,37,39,40,12,13,16,17,20,24,25,26,27,30,31
4,5,6,10,12,13,15,16,17,20,21,23,24,25,26,27,28,29,30,31,33,35,36,37,39,40>4,8,9,11,14,19,21,33,35,36,37,39,40,12,13,16,17,20,24,25,26,27,30,31
4,5,6,10,12,13,15,16,17,20,21,23,24,25,26,27,28,29,30,31,33,35,36,37,39,40>32,4,6,15,23,33,35,36,37,39,40,12,13,16,17,20,24,25,26,27,30,31
4,5,6,10,12,13,15,16,17,20,21,23,24,25,26,27,28,29,30,31,33,35,36,37,39,40>32,9,19,21,29,33,35,36,37,39,40,12,13,16,17,20,24,25,26,27,30,31
1,2,3,5,6,9,10,11,12,14,16,20,21,22,24,25,26,27,28,31,32,33,35,37,38,39,40>8,9,38,16,40,21,26,30,32,1,2,3,33,5,35,37,39,11,20,24,25,27,28,31
1,2,3,5,6,9,10,11,12,14,16,20,21,22,24,25,26,27,28,31,32,33,35,37,38,39,40>34,7,8,9,10,38,12,15,16,40,26,29,32,1,2,3,33,5,35,37,39,11,20,24,25,27,28,31
1,2,3,5,6,9,10,11,12,14,16,20,21,22,24,25,26,27,28,31,32,33,35,37,38,39,40>34,36,10,12,13,14,16,40,22,26,29,30,32,1,2,3,33,5,35,37,39,11,20,24,25,27,28,31
1,2,3,5,6,9,10,11,12,14,16,20,21,22,24,25,26,27,28,31,32,33,35,37,38,39,40>6,7,12,14,16,29,30,32,1,2,3,33,5,35,37,39,11,20,24,25,27,28,31
2,3,4,5,6,7,9,11,13,16,17,18,19,20,21,23,26,27,28,29,31,32,33,35,39>7,14,21,24,27,28,30,32,33,2,3,35,5,39,9,16,17,18,20,23,26,31
2,3,4,5,6,7,9,11,13,16,17,18,19,20,21,23,26,27,28,29,31,32,33,35,39>36,7,8,13,14,24,28,30,32,33,2,3,35,5,39,9,16,17,18,20,23,26,31
2,3,4,5,6,7,9,11,13,16,17,18,19,20,21,23,26,27,28,29,31,32,33,35,39>6,8,13,19,21,24,27,32,33,2,3,35,5,39,9,16,17,18,20,23,26,31
2,3,4,5,6,7,9,11,13,16,17,18,19,20,21,23,26,27,28,29,31,32,33,35,39>36,6,13,14,19,27,28,30,32,33,2,3,35,5,39,9,16,17,18,20,23,26,31
32,1,33,3,4,37,6,7,38,9,10,40,14,16,21,22,26,27,31>5,8,13,14,15,16,20,21,22,26,30,35,38,32,1,3,4,7,9,10,31
32,1,33,3,4,37,6,7,38,9,10,40,14,16,21,22,26,27,31>6,14,15,21,26,29,34,36,40,32,1,3,4,7,9,10,31
32,1,33,3,4,37,6,7,38,9,10,40,14,16,21,22,26,27,31>5,6,11,13,15,16,20,29,30,33,34,39,40,32,1,3,4,7,9,10,31
32,1,33,3,4,37,6,7,38,9,10,40,14,16,21,22,26,27,31>5,8,13,15,16,20,21,22,26,27,28,29,30,34,35,38,39,40,32,1,3,4,7,9,10,31
32,3,36,9,10,15,17,18,21,26,29>32,39,11,12,13,15,18,20,21,26,29,30,3
32,3,36,9,10,15,17,18,21,26,29>32,4,36,10,11,13,15,17,20,21,26,29,30,3
32,3,36,9,10,15,17,18,21,26,29>32,4,36,9,10,11,17,20,21,22,29,3
32,3,36,9,10,15,17,18,21,26,29>32,4,5,36,10,13,15,17,18,20,21,26,29,30,3
1,3,5,11,12,13,15,16,17,18,19,20,22,23,26,28,31,32,37,38,39>33,35,37,12,19,24,29,1,3,5,39,16,17,18,20,22,23,26,28
1,3,5,11,12,13,15,16,17,18,19,20,22,23,26,28,31,32,37,38,39>33,34,35,37,38,11,13,19,24,29,1,3,5,39,16,17,18,20,22,23,26,28
1,3,5,11,12,13,15,16,17,18,19,20,22,23,26,28,31,32,37,38,39>33,34,38,12,15,21,24,1,3,5,39,16,17,18,20,22,23,26,28
1,3,5,11,12,13,15,16,17,18,19,20,22,23,26,28,31,32,37,38,39>32,33,34,35,37,1,3,5,39,16,17,18,20,22,23,26,28
1,2,34,4,35,6,7,36,38,10,11,40,15,16,19,22,24,25,28,31>9,12,13,16,22,24,27,29,31,33,36,37,38,40,1,2,35,34,6,7,11,25,28
1,2,34,4,35,6,7,36,38,10,11,40,15,16,19,22,24,25,28,31>12,16,22,23,24,27,29,33,1,2,35,34,6,7,11,25,28
1,2,34,4,35,6,7,36,38,10,11,40,15,16,19,22,24,25,28,31>4,8,12,16,22,27,29,31,37,38,1,2,35,34,6,7,11,25,28
1,2,34,4,35,6,7,36,38,10,11,40,15,16,19,22,24,25,28,31>4,5,8,9,15,18,19,22,29,31,1,2,35,34,6,7,11,25,28
32,1,33,34,35,36,7,8,9,40,11,12,14,16,18,20,21,23,29,31>11,14,15,18,21,22,23,32,37,40,1,35,36,9,20
32,1,33,34,35,36,7,8,9,40,11,12,14,16,18,20,21,23,29,31>8,12,16,18,22,24,29,31,33,34,37,38,1,35,36,9,20
32,1,33,34,35,36,7,8,9,40,11,12,14,16,18,20,21,23,29,31>5,8,11,15,22,32,33,34,38,40,1,35,36,9,20
32,1,33,34,35,36,7,8,9,40,11,12,14,16,18,20,21,23,29,31>7,8,11,12,14,15,21,22,26,33,34,38,40,1,35,36,9,20
1,2,6,40,11,12,13,14,17,18,21,23,24,26,28,29,30,31>11,13,15,23,25,28,35,39,1,2,6,40,14,17,26,30
1,2,6,40,11,12,13,14,17,18,21,23,24,26,28,29,30,31>5,11,16,21,22,28,31,33,39,1,2,6,40,14,17,26,30
1,2,6,40,11,12,13,14,17,18,21,23,24,26,28,29,30,31>7,11,13,18,20,22,23,24,28,29,31,1,2,6,40,14,17,26,30
1,2,6,40,11,12,13,14,17,18,21,23,24,26,28,29,30,31>7,8,12,13,15,18,23,24,29,33,35,1,2,6,40,14,17,26,30
1,3,4,5,6,7,9,11,12,16,17,19,20,22,24,26,27,28,30,33,34,36,39,40>32,4,6,18,22,23,27,1,33,3,34,5,36,7,40,9,20,24,28,30
1,3,4,5,6,7,9,11,12,16,17,19,20,22,24,26,27,28,30,33,34,36,39,40>6,8,12,17,19,23,27,31,1,33,3,34,5,36,7,40,9,20,24,28,30
1,3,4,5,6,7,9,11,12,16,17,19,20,22,24,26,27,28,30,33,34,36,39,40>32,6,39,11,12,16,18,22,23,26,31,1,33,3,34,5,36,7,40,9,20,24,28,30
1,3,4,5,6,7,9,11,12,16,17,19,20,22,24,26,27,28,30,33,34,36,39,40>32,4,6,11,16,17,18,25,26,1,33,3,34,5,36,7,40,9,20,24,28,30
1,11,12,13,15,16,17,19,21,23,24,25,27,28,30,31,32,33,34,35,36>40,13,18,19,21,24,32,1,33,34,35,36,16,17,23,25,27,31
1,11,12,13,15,16,17,19,21,23,24,25,27,28,30,31,32,33,34,35,36>5,40,11,12,13,15,20,21,26,28,30,32,1,33,34,35,36,16,17,23,25,27,31
1,11,12,13,15,16,17,19,21,23,24,25,27,28,30,31,32,33,34,35,36>5,38,11,12,13,18,19,24,26,28,30,32,1,33,34,35,36,16,17,23,25,27,31
1,11,12,13,15,16,17,19,21,23,24,25,27,28,30,31,32,33,34,35,36>5,38,12,13,14,15,19,20,24,30,32,1,33,34,35,36,16,17,23,25,27,31
32,1,2,35,4,5,36,37,8,38,10,39,12,18,19,22,24,25,29,31>32,36,7,10,11,12,13,21,23,24,27,28,31,1,2,35,37,38,39,18,22,25,29
32,1,2,35,4,5,36,37,8,38,10,39,12,18,19,22,24,25,29,31>32,4,10,11,13,19,21,24,28,31,1,2,35,37,38,39,18,22,25,29
32,1,2,35,4,5,36,37,8,38,10,39,12,18,19,22,24,25,29,31>5,8,12,19,21,24,27,1,2,35,37,38,39,18,22,25,29
32,1,2,35,4,5,36,37,8,38,10,39,12,18,19,22,24,25,29,31>32,4,5,11,12,19,21,24,27,31,1,2,35,37,38,39,18,22,25,29
34,4,5,36,7,38,39,10,11,13,14,16,17,22,24,29,30,31>34,38,40,20,22,5,11,13,14,16,17,29
34,4,5,36,7,38,39,10,11,13,14,16,17,22,24,29,30,31>4,38,10,15,20,25,30,5,11,13,14,16,17,29
34,4,5,36,7,38,39,10,11,13,14,16,17,22,24,29,30,31>34,4,36,38,7,9,40,15,20,24,28,5,11,13,14,16,17,29
34,4,5,36,7,38,39,10,11,13,14,16,17,22,24,29,30,31>35,4,36,7,39,10,20,22,25,28,30,31,5,11,13,14,16,17,29
1,34,3,4,35,36,40,11,12,17,18,20,21,22,23,26,27>11,17,24,27,28,1,34,3,20,21,22,26
1,34,3,4,35,36,40,11,12,17,18,20,21,22,23,26,27>32,35,37,40,11,18,24,27,28,1,34,3,20,21,22,26
1,34,3,4,35,36,40,11,12,17,18,20,21,22,23,26,27>36,40,11,17,23,28,29,30,1,34,3,20,21,22,26
1,34,3,4,35,36,40,11,12,17,18,20,21,22,23,26,27>32,35,4,36,40,11,12,17,18,24,29,31,1,34,3,20,21,22,26
1,4,7,9,10,13,15,16,17,19,20,21,22,24,25,27,28,29,30,31,36,37,38>4,18,19,21,23,30,32,33,36,37,38,39,1,7,9,13,16,17,20,24,25,27,28,29,31
1,4,7,9,10,13,15,16,17,19,20,21,22,24,25,27,28,29,30,31,36,37,38>4,10,11,18,22,33,35,36,1,7,9,13,16,17,20,24,25,27,28,29,31
1,4,7,9,10,13,15,16,17,19,20,21,22,24,25,27,28,29,30,31,36,37,38>5,10,18,19,22,23,35,36,38,39,1,7,9,13,16,17,20,24,25,27,28,29,31
1,4,7,9,10,13,15,16,17,19,20,21,22,24,25,27,28,29,30,31,36,37,38>4,5,10,14,18,19,22,30,32,33,35,36,39,1,7,9,13,16,17,20,24,25,27,28,29,31
1,2,35,36,5,7,39,9,40,12,13,17,25,26>37,40,12,14,16,26,30,1,2,5,39,9,17
1,2,35,36,5,7,39,9,40,12,13,17,25,26>34,7,40,14,25,26,27,1,2,5,39,9,17
1,2,35,36,5,7,39,9,40,12,13,17,25,26>35,37,40,12,13,14,26,27,1,2,5,39,9,17
1,2,35,36,5,7,39,9,40,12,13,17,25,26>34,35,37,13,14,20,25,1,2,5,39,9,17
1,2,3,7,9,11,12,20,21,22,23,24,25,26,28,29,32,33,34,35,36>5,7,37,38,12,23,27,30,1,2,3,33,36,9,20,24,25,26,28,29
1,2,3,7,9,11,12,20,21,22,23,24,25,26,28,29,32,33,34,35,36>34,35,7,37,38,21,22,27,1,2,3,33,36,9,20,24,25,26,28,29
1,2,3,7,9,11,12,20,21,22,23,24,25,26,28,29,32,33,34,35,36>34,35,37,38,11,12,21,22,27,30,1,2,3,33,36,9,20,24,25,26,28,29
1,2,3,7,9,11,12,20,21,22,23,24,25,26,28,29,32,33,34,35,36>34,35,5,6,7,38,12,21,23,30,1,2,3,33,36,9,20,24,25,26,28,29
2,4,5,8,11,13,16,17,18,20,21,24,25,26,27,29,31,32,34,36,37>5,36,8,14,18,22,32,2,16,17,20,24,25,27,31
2,4,5,8,11,13,16,17,18,20,21,24,25,26,27,29,31,32,34,36,37>34,4,5,36,38,13,21,22,26,29,32,2,16,17,20,24,25,27,31
2,4,5,8,11,13,16,17,18,20,21,24,25,26,27,29,31,32,34,36,37>34,4,36,38,14,18,22,26,29,32,2,16,17,20,24,25,27,31
2,4,5,8,11,13,16,17,18,20,21,24,25,26,27,29,31,32,34,36,37>35,4,36,37,38,11,22,32,2,16,17,20,24,25,27,31
1,3,4,5,9,10,12,13,14,15,17,18,19,21,22,23,25,26,27,29,34,35,36,40>32,7,10,11,19,25,28,30,31,1,3,4,12,13,14,15,17,18,21,22,23,26,27,29
1,3,4,5,9,10,12,13,14,15,17,18,19,21,22,23,25,26,27,29,34,35,36,40>32,34,36,5,37,9,10,11,16,20,28,31,1,3,4,12,13,14,15,17,18,21,22,23,26,27,29
1,3,4,5,9,10,12,13,14,15,17,18,19,21,22,23,25,26,27,29,34,35,36,40>32,35,5,10,11,19,25,28,30,1,3,4,12,13,14,15,17,18,21,22,23,26,27,29
1,3,4,5,9,10,12,13,14,15,17,18,19,21,22,23,25,26,27,29,34,35,36,40>32,35,36,40,10,16,19,20,30,31,1,3,4,12,13,14,15,17,18,21,22,23,26,27,29
3,4,6,9,10,12,13,14,17,19,22,23,24,25,26,27,29,31,34,35,36,37,38>38,8,11,15,18,19,20,28,30,3,4,35,37,9,10,13,14,17,23,25,26,27,29,31
3,4,6,9,10,12,13,14,17,19,22,23,24,25,26,27,29,31,34,35,36,37,38>32,34,36,8,12,15,16,18,19,20,22,28,3,4,35,37,9,10,13,14,17,23,25,26,27,29,31
3,4,6,9,10,12,13,14,17,19,22,23,24,25,26,27,29,31,34,35,36,37,38>32,34,6,38,11,16,18,19,22,24,30,3,4,35,37,9,10,13,14,17,23,25,26,27,29,31
3,4,6,9,10,12,13,14,17,19,22,23,24,25,26,27,29,31,34,35,36,37,38>32,34,36,6,8,11,16,22,30,3,4,35,37,9,10,13,14,17,23,25,26,27,29,31
1,2,3,5,7,8,10,11,13,17,18,20,22,23,26,27,29,32,33,34,35,36,37,38,39,40>7,8,39,14,21,28,32,1,2,3,36,5,37,38,11,13,17,20,22,26,29
1,2,3,5,7,8,10,11,13,17,18,20,22,23,26,27,29,32,33,34,35,36,37,38,39,40>34,7,9,39,40,18,21,27,32,1,2,3,36,5,37,38,11,13,17,20,22,26,29
1,2,3,5,7,8,10,11,13,17,18,20,22,23,26,27,29,32,33,34,35,36,37,38,39,40>33,34,8,10,14,18,24,27,30,31,32,1,2,3,36,5,37,38,11,13,17,20,22,26,29
1,2,3,5,7,8,10,11,13,17,18,20,22,23,26,27,29,32,33,34,35,36,37,38,39,40>33,35,9,40,14,16,30,31,32,1,2,3,36,5,37,38,11,13,17,20,22,26,29
32,1,2,3,35,6,7,8,9,10,38,12,13,16,22,23,27,29,30,31>4,39,40,11,17,22,23,27,30,32,1,2,3,35,6,7,8,9,10,13,16,29,31
32,1,2,3,35,6,7,8,9,10,38,12,13,16,22,23,27,29,30,31>5,37,11,17,23,26,30,32,1,2,3,35,6,7,8,9,10,13,16,29,31
32,1,2,3,35,6,7,8,9,10,38,12,13,16,22,23,27,29,30,31>5,37,40,22,23,27,30,32,1,2,3,35,6,7,8,9,10,13,16,29,31
32,1,2,3,35,6,7,8,9,10,38,12,13,16,22,23,27,29,30,31>4,5,37,39,40,32,1,2,3,35,6,7,8,9,10,13,16,29,31
32,3,4,5,6,37,39,10,14,16,17,18,20,21,22,24,25,26,30>32,6,37,8,9,11,13,14,15,17,18,28,29,3,4,39,20,21,22,24,25,30
32,3,4,5,6,37,39,10,14,16,17,18,20,21,22,24,25,26,30>32,10,15,18,28,3,4,39,20,21,22,24,25,30
32,3,4,5,6,37,39,10,14,16,17,18,20,21,22,24,25,26,30>32,5,6,9,10,11,13,14,15,16,17,26,28,3,4,39,20,21,22,24,25,30
32,3,4,5,6,37,39,10,14,16,17,18,20,21,22,24,25,26,30>32,34,5,37,8,9,11,40,14,16,18,29,3,4,39,20,21,22,24,25,30
1,2,5,6,9,11,12,14,17,18,21,22,24,25,27,32,33,34,35,36,37,39>8,39,14,15,17,29,31,32,1,2,34,36,5,37,21,22,25,27
1,2,5,6,9,11,12,14,17,18,21,22,24,25,27,32,33,34,35,36,37,39>33,7,12,39,14,17,18,32,1,2,34,36,5,37,21,22,25,27
1,2,5,6,9,11,12,14,17,18,21,22,24,25,27,32,33,34,35,36,37,39>33,35,9,38,11,12,39,14,28,29,31,32,1,2,34,36,5,37,21,22,25,27
1,2,5,6,9,11,12,14,17,18,21,22,24,25,27,32,33,34,35,36,37,39>33,6,7,8,11,12,14,18,28,29,32,1,2,34,36,5,37,21,22,25,27
1,3,5,6,7,11,12,13,14,15,17,18,20,21,22,24,28,29,34,35,37,38,39>6,38,12,16,18,1,3,5,37,7,14,15,17,20,21,22,24,28,29
1,3,5,6,7,11,12,13,14,15,17,18,20,21,22,24,28,29,34,35,37,38,39>33,38,8,9,39,11,12,16,25,1,3,5,37,7,14,15,17,20,21,22,24,28,29
1,3,5,6,7,11,12,13,14,15,17,18,20,21,22,24,28,29,34,35,37,38,39>35,6,8,11,16,18,1,3,5,37,7,14,15,17,20,21,22,24,28,29
1,3,5,6,7,11,12,13,14,15,17,18,20,21,22,24,28,29,34,35,37,38,39>33,35,6,8,9,39,11,13,18,1,3,5,37,7,14,15,17,20,21,22,24,28,29
32,1,2,3,33,36,38,9,10,11,14,15,17,18,20,21,24,26,29,30>32,6,14,17,21,22,26,29,1,2,3,36,38,11,15,20,24,30
32,1,2,3,33,36,38,9,10,11,14,15,17,18,20,21,24,26,29,30>5,6,39,40,9,12,14,21,26,29,1,2,3,36,38,11,15,20,24,30
32,1,2,3,33,36,38,9,10,11,14,15,17,18,20,21,24,26,29,30>32,5,6,9,10,12,17,18,21,22,1,2,3,36,38,11,15,20,24,30
32,1,2,3,33,36,38,9,10,11,14,15,17,18,20,21,24,26,29,30>33,5,6,39,9,10,12,17,21,25,26,29,1,2,3,36,38,11,15,20,24,30
32,2,34,4,35,36,7,37,40,12,13,17,18,20,21,22,25,29,30,31>9,12,13,16,24,25,30,2,35,37,40,17,20,21,22,29
32,2,34,4,35,36,7,37,40,12,13,17,18,20,21,22,25,29,30,31>34,5,36,9,28,31,2,35,37,40,17,20,21,22,29
32,2,34,4,35,36,7,37,40,12,13,17,18,20,21,22,25,29,30,31>5,7,38,12,16,18,24,27,30,31,2,35,37,40,17,20,21,22,29
32,2,34,4,35,36,7,37,40,12,13,17,18,20,21,22,25,29,30,31>32,34,4,7,9,18,24,30,31,2,35,37,40,17,20,21,22,29
32,1,2,33,34,36,37,7,8,12,13,14,15,16,21,25,26,27,28,30>7,9,37,12,25,31,32,1,2,34,33,36,14,15,16,27,30
32,1,2,33,34,36,37,7,8,12,13,14,15,16,21,25,26,27,28,30>7,9,38,40,20,32,1,2,34,33,36,14,15,16,27,30
32,1,2,33,34,36,37,7,8,12,13,14,15,16,21,25,26,27,28,30>5,7,37,38,13,40,17,20,26,32,1,2,34,33,36,14,15,16,27,30
32,1,2,33,34,36,37,7,8,12,13,14,15,16,21,25,26,27,28,30>5,6,7,8,37,12,40,20,21,25,26,31,32,1,2,34,33,36,14,15,16,27,30
2,3,6,7,8,9,13,14,15,17,18,21,22,24,27,28,32,34,35,38,40>5,7,38,25,27,29,32,2,3,34,8,9,14,15,17,21,22,28
2,3,6,7,8,9,13,14,15,17,18,21,22,24,27,28,32,34,35,38,40>35,5,38,10,13,18,24,27,31,32,2,3,34,8,9,14,15,17,21,22,28
2,3,6,7,8,9,13,14,15,17,18,21,22,24,27,28,32,34,35,38,40>33,35,7,38,10,18,24,25,32,2,3,34,8,9,14,15,17,21,22,28
2,3,6,7,8,9,13,14,15,17,18,21,22,24,27,28,32,34,35,38,40>7,38,40,16,18,20,24,25,31,32,2,3,34,8,9,14,15,17,21,22,28
32,1,33,5,39,40,11,13,18,21,22,25,27,29,30>13,14,16,17,18,20,25,30,31,32,1,5,39,40,21,22,27,29
32,1,33,5,39,40,11,13,18,21,22,25,27,29,30>33,36,14,16,18,20,25,32,1,5,39,40,21,22,27,29
32,1,33,5,39,40,11,13,18,21,22,25,27,29,30>33,11,14,16,17,28,31,32,1,5,39,40,21,22,27,29
32,1,33,5,39,40,11,13,18,21,22,25,27,29,30>36,11,13,14,16,18,28,31,32,1,5,39,40,21,22,27,29
1,5,6,39,40,9,10,11,12,14,16,17,18,19,21,23,26,27,29>10,12,14,15,20,21,29,30,40,1,5,39,11,18,23,26
1,5,6,39,40,9,10,11,12,14,16,17,18,19,21,23,26,27,29>7,9,12,13,14,16,20,21,27,30,32,40,1,5,39,11,18,23,26
1,5,6,39,40,9,10,11,12,14,16,17,18,19,21,23,26,27,29>8,13,14,15,17,19,20,22,27,29,31,32,1,5,39,11,18,23,26
1,5,6,39,40,9,10,11,12,14,16,17,18,19,21,23,26,27,29>8,10,12,13,16,17,19,27,31,1,5,39,11,18,23,26
2,3,7,8,12,15,16,20,21,22,23,26,27,29,32,33,34,35,36,38,39>5,15,16,23,24,27,30,31,35,37,32,2,3,36,38,20,26,29
2,3,7,8,12,15,16,20,21,22,23,26,27,29,32,33,34,35,36,38,39>7,8,9,16,24,28,30,31,35,37,39,32,2,3,36,38,20,26,29
2,3,7,8,12,15,16,20,21,22,23,26,27,29,32,33,34,35,36,38,39>5,8,9,15,27,37,32,2,3,36,38,20,26,29
2,3,7,8,12,15,16,20,21,22,23,26,27,29,32,33,34,35,36,38,39>5,7,8,9,12,16,21,23,24,28,30,31,33,39,32,2,3,36,38,20,26,29
1,2,35,5,6,7,37,10,11,14,15,19,20,23,25,27,29>39,8,9,10,13,19,20,29,1,2,37,5,7,11,15,23,27
1,2,35,5,6,7,37,10,11,14,15,19,20,23,25,27,29>35,8,9,12,13,18,1,2,37,5,7,11,15,23,27
1,2,35,5,6,7,37,10,11,14,15,19,20,23,25,27,29>35,14,19,24,31,1,2,37,5,7,11,15,23,27
1,2,35,5,6,7,37,10,11,14,15,19,20,23,25,27,29>32,35,6,8,12,14,20,26,29,1,2,37,5,7,11,15,23,27
2,34,35,37,6,38,8,39,11,12,13,14,18,19,23,25,29,31>5,39,11,16,17,19,22,25,27,29,31,2,35,37,8,14,18,23
2,34,35,37,6,38,8,39,11,12,13,14,18,19,23,25,29,31>5,39,12,17,19,29,2,35,37,8,14,18,23
2,34,35,37,6,38,8,39,11,12,13,14,18,19,23,25,29,31>34,5,6,38,39,12,16,26,27,31,2,35,37,8,14,18,23
2,34,35,37,6,38,8,39,11,12,13,14,18,19,23,25,29,31>34,5,6,39,12,15,16,17,27,29,2,35,37,8,14,18,23
4,8,9,11,13,17,19,21,22,23,24,25,26,30,32,33,34,36,37,38,39,40>32,33,37,39,8,9,11,14,18,19,21,22,24,29,34,36,38,40,17,23,25,26,30
4,8,9,11,13,17,19,21,22,23,24,25,26,30,32,33,34,36,37,38,39,40>4,37,8,9,11,14,16,24,27,29,34,36,38,40,17,23,25,26,30
4,8,9,11,13,17,19,21,22,23,24,25,26,30,32,33,34,36,37,38,39,40>32,4,37,39,8,14,21,24,27,28,29,34,36,38,40,17,23,25,26,30
4,8,9,11,13,17,19,21,22,23,24,25,26,30,32,33,34,36,37,38,39,40>33,4,39,8,9,11,16,18,21,28,34,36,38,40,17,23,25,26,30
2,3,4,6,15,16,18,19,21,22,23,24,27,29,33,34,36,37,38,39,40>32,33,8,39,40,25,2,3,4,36,18,21,22,23,29
2,3,4,6,15,16,18,19,21,22,23,24,27,29,33,34,36,37,38,39,40>32,33,37,6,38,9,39,15,25,26,27,28,31,2,3,4,36,18,21,22,23,29
2,3,4,6,15,16,18,19,21,22,23,24,27,29,33,34,36,37,38,39,40>33,34,37,6,8,19,28,31,2,3,4,36,18,21,22,23,29
2,3,4,6,15,16,18,19,21,22,23,24,27,29,33,34,36,37,38,39,40>32,33,34,6,9,15,16,24,26,28,31,2,3,4,36,18,21,22,23,29
1,2,5,7,10,11,12,14,16,19,21,22,24,26,27,28,29,32,35,37,38,40>12,23,30,33,35,38,32,1,2,37,5,11,28,29
1,2,5,7,10,11,12,14,16,19,21,22,24,26,27,28,29,32,35,37,38,40>10,12,15,16,19,20,23,24,35,38,32,1,2,37,5,11,28,29
1,2,5,7,10,11,12,14,16,19,21,22,24,26,27,28,29,32,35,37,38,40>10,13,16,19,20,22,23,25,27,32,1,2,37,5,11,28,29
1,2,5,7,10,11,12,14,16,19,21,22,24,26,27,28,29,32,35,37,38,40>7,9,12,13,14,15,16,18,22,23,24,26,35,38,39,40,32,1,2,37,5,11,28,29
2,3,4,5,7,11,12,15,17,19,20,22,23,25,30,31,32,33,34,37,38,40>7,11,12,15,18,22,25,26,28,30,33,35,36,2,3,34,5,40,20,23
2,3,4,5,7,11,12,15,17,19,20,22,23,25,30,31,32,33,34,37,38,40>7,11,17,19,26,27,29,30,36,38,2,3,34,5,40,20,23
2,3,4,5,7,11,12,15,17,19,20,22,23,25,30,31,32,33,34,37,38,40>4,7,12,17,19,22,27,28,2,3,34,5,40,20,23
2,3,4,5,7,11,12,15,17,19,20,22,23,25,30,31,32,33,34,37,38,40>4,7,11,12,17,18,19,22,24,26,27,31,32,33,37,38,2,3,34,5,40,20,23
4,5,7,10,11,13,14,18,19,20,21,22,25,27,28,31,32,33,34,36,37,38,40>35,7,10,19,23,24,25,29,32,33,34,36,5,38,11,13,14,18,20,21,22,27,28,31
4,5,7,10,11,13,14,18,19,20,21,22,25,27,28,31,32,33,34,36,37,38,40>35,40,9,10,15,19,32,33,34,36,5,38,11,13,14,18,20,21,22,27,28,31
4,5,7,10,11,13,14,18,19,20,21,22,25,27,28,31,32,33,34,36,37,38,40>4,7,9,16,24,25,29,32,33,34,36,5,38,11,13,14,18,20,21,22,27,28,31
4,5,7,10,11,13,14,18,19,20,21,22,25,27,28,31,32,33,34,36,37,38,40>4,37,7,40,9,10,15,19,23,24,25,32,33,34,36,5,38,11,13,14,18,20,21,22,27,28,31
1,2,3,35,5,6,8,9,12,15,19,20,21,25,27,28,29,31>7,9,12,15,23,25,29,1,2,3,35,5,8,20,27,31
1,2,3,35,5,6,8,9,12,15,19,20,21,25,27,28,29,31>32,7,39,10,18,21,23,24,25,29,1,2,3,35,5,8,20,27,31
1,2,3,35,5,6,8,9,12,15,19,20,21,25,27,28,29,31>4,6,9,10,12,15,19,24,25,28,1,2,3,35,5,8,20,27,31
1,2,3,35,5,6,8,9,12,15,19,20,21,25,27,28,29,31>32,33,4,6,7,39,9,18,19,21,25,28,29,1,2,3,35,5,8,20,27,31
33,2,37,6,38,8,9,39,11,40,16,17,18,19,21,22,25,27,29>33,5,37,9,11,16,17,19,20,2,39,8,18,21,22,27,29
33,2,37,6,38,8,9,39,11,40,16,17,18,19,21,22,25,27,29>32,33,5,37,9,16,19,23,25,28,2,39,8,18,21,22,27,29
33,2,37,6,38,8,9,39,11,40,16,17,18,19,21,22,25,27,29>32,36,5,37,19,23,28,31,2,39,8,18,21,22,27,29
33,2,37,6,38,8,9,39,11,40,16,17,18,19,21,22,25,27,29>32,33,36,5,6,38,9,40,16,17,19,28,2,39,8,18,21,22,27,29
1,3,4,5,8,10,11,12,13,17,22,25,28,29,31,32,34,35,38,39,40>5,37,10,39,12,40,16,1,3,35,11,13,17,28,29
1,3,4,5,8,10,11,12,13,17,22,25,28,29,31,32,34,35,38,39,40>33,37,7,38,39,16,20,25,27,1,3,35,11,13,17,28,29
1,3,4,5,8,10,11,12,13,17,22,25,28,29,31,32,34,35,38,39,40>33,34,5,37,7,8,40,16,20,22,25,31,1,3,35,11,13,17,28,29
1,3,4,5,8,10,11,12,13,17,22,25,28,29,31,32,34,35,38,39,40>32,33,34,4,5,8,10,12,14,20,22,1,3,35,11,13,17,28,29
1,4,5,6,7,8,9,10,11,12,13,14,15,20,23,29,30,33,35,36,37>33,35,4,6,10,16,17,20,23,29,1,36,5,37,7,8,9,11,12,13,14,15
1,4,5,6,7,8,9,10,11,12,13,14,15,20,23,29,30,33,35,36,37>33,4,6,39,10,16,17,20,29,30,1,36,5,37,7,8,9,11,12,13,14,15
1,4,5,6,7,8,9,10,11,12,13,14,15,20,23,29,30,33,35,36,37>35,4,40,16,23,24,30,1,36,5,37,7,8,9,11,12,13,14,15
1,4,5,6,7,8,9,10,11,12,13,14,15,20,23,29,30,33,35,36,37>33,35,4,6,40,10,24,26,29,30,1,36,5,37,7,8,9,11,12,13,14,15
1,3,4,5,6,7,8,10,12,13,15,17,18,19,21,22,24,25,26,27,30,31,33,34,36,37,38,40>33,37,15,16,19,24,1,34,3,4,5,36,7,8,40,12,13,17,18,21,22,25,27,30,31
1,3,4,5,6,7,8,10,12,13,15,17,18,19,21,22,24,25,26,27,30,31,33,34,36,37,38,40>32,33,37,38,9,11,15,19,23,28,1,34,3,4,5,36,7,8,40,12,13,17,18,21,22,25,27,30,31
1,3,4,5,6,7,8,10,12,13,15,17,18,19,21,22,24,25,26,27,30,31,33,34,36,37,38,40>32,35,37,38,9,10,11,15,23,24,28,1,34,3,4,5,36,7,8,40,12,13,17,18,21,22,25,27,30,31
1,3,4,5,6,7,8,10,12,13,15,17,18,19,21,22,24,25,26,27,30,31,33,34,36,37,38,40>32,33,35,6,38,10,14,16,19,20,24,26,28,1,34,3,4,5,36,7,8,40,12,13,17,18,21,22,25,27,30,31
1,34,3,4,5,6,35,8,40,10,13,15,16,19,20,22,23>35,5,7,9,11,12,40,15,18,24,26,28,29,1,34,3,4,8,13,16,19,23
1,34,3,4,5,6,35,8,40,10,13,15,16,19,20,22,23>6,12,40,15,17,24,1,34,3,4,8,13,16,19,23
1,34,3,4,5,6,35,8,40,10,13,15,16,19,20,22,23>35,5,6,7,9,10,12,40,14,15,17,20,26,28,29,1,34,3,4,8,13,16,19,23
1,34,3,4,5,6,35,8,40,10,13,15,16,19,20,22,23>35,5,6,7,10,11,40,14,22,28,29,1,34,3,4,8,13,16,19,23
1,4,5,7,9,10,11,13,14,18,20,22,23,24,25,26,27,30,35,36,37,38,40>4,39,10,16,17,18,21,23,28,31,1,5,37,7,40,9,11,13,14,22,24,25,26,27,30
1,4,5,7,9,10,11,13,14,18,20,22,23,24,25,26,27,30,35,36,37,38,40>32,4,38,10,16,17,28,29,31,1,5,37,7,40,9,11,13,14,22,24,25,26,27,30
1,4,5,7,9,10,11,13,14,18,20,22,23,24,25,26,27,30,35,36,37,38,40>32,36,38,39,10,15,20,21,23,28,31,1,5,37,7,40,9,11,13,14,22,24,25,26,27,30
1,4,5,7,9,10,11,13,14,18,20,22,23,24,25,26,27,30,35,36,37,38,40>34,35,4,36,10,16,17,20,23,28,31,1,5,37,7,40,9,11,13,14,22,24,25,26,27,30
3,4,5,35,36,8,39,11,12,13,15,20,21,22,24,30,31>14,15,17,21,29,30,31,34,40,35,3,39,20,24
3,4,5,35,36,8,39,11,12,13,15,20,21,22,24,30,31>4,5,11,12,13,14,21,34,37,40,35,3,39,20,24
3,4,5,35,36,8,39,11,12,13,15,20,21,22,24,30,31>4,8,13,17,21,25,29,30,31,36,35,3,39,20,24
3,4,5,35,36,8,39,11,12,13,15,20,21,22,24,30,31>4,8,11,13,16,21,22,25,28,29,30,31,35,3,39,20,24
32,1,33,3,4,36,6,37,40,12,16,18,21,23,26,28,29>32,9,38,39,12,40,21,28,29,1,33,3,4,36,26
32,1,33,3,4,36,6,37,40,12,16,18,21,23,26,28,29>37,8,40,18,22,23,1,33,3,4,36,26
32,1,33,3,4,36,6,37,40,12,16,18,21,23,26,28,29>37,40,16,18,20,29,1,33,3,4,36,26
32,1,33,3,4,36,6,37,40,12,16,18,21,23,26,28,29>32,6,9,39,16,18,20,29,30,1,33,3,4,36,26
1,4,5,6,7,8,9,13,15,16,17,18,21,22,25,26,27,30,31,32,37,40>14,18,6,32,1,5,7,8,9,40,16,17,21,22,27,30,31
1,4,5,6,7,8,9,13,15,16,17,18,21,22,25,26,27,30,31,32,37,40>35,37,6,39,10,14,26,32,1,5,7,8,9,40,16,17,21,22,27,30,31
1,4,5,6,7,8,9,13,15,16,17,18,21,22,25,26,27,30,31,32,37,40>34,35,6,39,10,13,15,18,20,25,32,1,5,7,8,9,40,16,17,21,22,27,30,31
1,4,5,6,7,8,9,13,15,16,17,18,21,22,25,26,27,30,31,32,37,40>34,4,37,18,25,26,29,32,1,5,7,8,9,40,16,17,21,22,27,30,31
32,34,5,37,39,8,9,11,12,15,16,18,19,22,24,25,26,27,29,31>39,8,9,11,12,15,19,24,26,32,5,18,22,25,27,29,31
32,34,5,37,39,8,9,11,12,15,16,18,19,22,24,25,26,27,29,31>34,9,12,15,16,21,23,26,32,5,18,22,25,27,29,31
32,34,5,37,39,8,9,11,12,15,16,18,19,22,24,25,26,27,29,31>34,37,9,11,12,15,16,21,26,30,32,5,18,22,25,27,29,31
32,34,5,37,39,8,9,11,12,15,16,18,19,22,24,25,26,27,29,31>34,35,37,8,9,16,19,21,23,24,28,30,32,5,18,22,25,27,29,31
2,3,4,6,7,8,9,10,39,15,16,17,19,21,23,27,28,29>32,5,6,7,11,12,13,16,18,20,31,2,3,4,39,8,9,10,19,23
2,3,4,6,7,8,9,10,39,15,16,17,19,21,23,27,28,29>33,6,7,12,13,15,17,26,27,29,2,3,4,39,8,9,10,19,23
2,3,4,6,7,8,9,10,39,15,16,17,19,21,23,27,28,29>32,5,12,13,16,17,20,28,29,31,2,3,4,39,8,9,10,19,23
2,3,4,6,7,8,9,10,39,15,16,17,19,21,23,27,28,29>32,33,5,6,7,11,12,15,16,20,26,29,2,3,4,39,8,9,10,19,23
1,4,5,6,7,8,12,13,14,15,16,20,21,24,26,30,31,33,36,38,39,40>33,6,9,25,26,31,1,36,5,7,8,39,40,14,15,16,20,24,30
1,4,5,6,7,8,12,13,14,15,16,20,21,24,26,30,31,33,36,38,39,40>13,35,31,9,1,36,5,7,8,39,40,14,15,16,20,24,30
1,4,5,6,7,8,12,13,14,15,16,20,21,24,26,30,31,33,36,38,39,40>33,35,38,9,13,17,21,26,1,36,5,7,8,39,40,14,15,16,20,24,30
1,4,5,6,7,8,12,13,14,15,16,20,21,24,26,30,31,33,36,38,39,40>33,34,35,12,21,25,26,31,1,36,5,7,8,39,40,14,15,16,20,24,30
32,34,3,4,5,6,37,40,11,12,13,14,15,16,24,25,28,30,31>4,11,12,13,17,27,28,30,34,3,40,14,15,16,25
32,34,3,4,5,6,37,40,11,12,13,14,15,16,24,25,28,30,31>32,4,5,37,9,11,17,24,28,31,34,3,40,14,15,16,25
32,34,3,4,5,6,37,40,11,12,13,14,15,16,24,25,28,30,31>32,33,4,8,11,13,24,27,34,3,40,14,15,16,25
32,34,3,4,5,6,37,40,11,12,13,14,15,16,24,25,28,30,31>32,35,37,9,12,13,17,27,34,3,40,14,15,16,25
32,1,33,3,4,35,36,7,38,9,40,12,15,18,20,22,26,27,29>37,15,24,28,30,32,1,3,4,36,38,7,9,22,29
32,1,33,3,4,35,36,7,38,9,40,12,15,18,20,22,26,27,29>33,40,15,24,26,32,1,3,4,36,38,7,9,22,29
32,1,33,3,4,35,36,7,38,9,40,12,15,18,20,22,26,27,29>5,39,12,20,21,24,27,28,30,32,1,3,4,36,38,7,9,22,29
32,1,33,3,4,35,36,7,38,9,40,12,15,18,20,22,26,27,29>33,5,40,12,15,18,27,28,32,1,3,4,36,38,7,9,22,29
33,3,35,5,6,36,37,9,39,11,19,21,22,25,27,28,29>8,18,19,20,22,25,31,33,3,36,37,5,39,27,28,29
33,3,35,5,6,36,37,9,39,11,19,21,22,25,27,28,29>32,8,11,18,19,21,31,33,3,36,37,5,39,27,28,29
33,3,35,5,6,36,37,9,39,11,19,21,22,25,27,28,29>6,9,11,19,22,23,31,33,3,36,37,5,39,27,28,29
33,3,35,5,6,36,37,9,39,11,19,21,22,25,27,28,29>6,8,9,18,19,21,22,23,25,31,33,3,36,37,5,39,27,28,29
32,1,33,3,35,5,6,7,36,9,11,16,24,26,27,28,29,30>38,8,40,11,28,32,1,33,3,36,5,7,9,30
32,1,33,3,35,5,6,7,36,9,11,16,24,26,27,28,29,30>35,8,39,40,11,16,24,25,27,28,31,32,1,33,3,36,5,7,9,30
32,1,33,3,35,5,6,7,36,9,11,16,24,26,27,28,29,30>37,38,39,11,25,27,29,31,32,1,33,3,36,5,7,9,30
32,1,33,3,35,5,6,7,36,9,11,16,24,26,27,28,29,30>35,38,8,39,40,16,25,26,31,32,1,33,3,36,5,7,9,30
2,4,5,9,10,11,12,14,15,18,19,20,21,24,25,26,29,30,35,36,38,39>36,13,14,21,23,26,29,2,39,11,12,15,18,20,24,25,30
2,4,5,9,10,11,12,14,15,18,19,20,21,24,25,26,29,30,35,36,38,39>4,36,38,13,14,21,26,2,39,11,12,15,18,20,24,25,30
2,4,5,9,10,11,12,14,15,18,19,20,21,24,25,26,29,30,35,36,38,39>36,37,9,14,22,26,2,39,11,12,15,18,20,24,25,30
2,4,5,9,10,11,12,14,15,18,19,20,21,24,25,26,29,30,35,36,38,39>4,37,10,14,19,26,27,2,39,11,12,15,18,20,24,25,30
34,4,38,10,12,13,14,17,18,20,21,22,23,26,28,29,31>33,4,15,18,23,24,31,13,14,17,20,21,22,26,28,29
34,4,38,10,12,13,14,17,18,20,21,22,23,26,28,29,31>35,4,11,15,30,31,13,14,17,20,21,22,26,28,29
34,4,38,10,12,13,14,17,18,20,21,22,23,26,28,29,31>33,35,12,15,23,24,31,13,14,17,20,21,22,26,28,29
34,4,38,10,12,13,14,17,18,20,21,22,23,26,28,29,31>34,35,38,10,15,16,18,30,13,14,17,20,21,22,26,28,29
1,2,5,8,11,13,15,18,19,20,21,22,23,24,25,26,27,28,29,30,31,34,35,36,37,38,39,40>32,38,39,8,11,14,17,19,1,2,35,5,37,40,18,20,21,22,23,24,25,26,27,28,29,30,31
1,2,5,8,11,13,15,18,19,20,21,22,23,24,25,26,27,28,29,30,31,34,35,36,37,38,39,40>32,33,34,38,8,11,13,14,17,1,2,35,5,37,40,18,20,21,22,23,24,25,26,27,28,29,30,31
1,2,5,8,11,13,15,18,19,20,21,22,23,24,25,26,27,28,29,30,31,34,35,36,37,38,39,40>34,36,39,8,11,13,15,17,19,1,2,35,5,37,40,18,20,21,22,23,24,25,26,27,28,29,30,31
1,2,5,8,11,13,15,18,19,20,21,22,23,24,25,26,27,28,29,30,31,34,35,36,37,38,39,40>32,33,34,38,39,13,14,16,19,1,2,35,5,37,40,18,20,21,22,23,24,25,26,27,28,29,30,31
1,3,4,6,7,8,9,10,11,14,17,18,20,24,25,28,29,31,32,33,34,38,40>5,36,38,40,10,14,17,18,27,1,33,3,7,8,9,11,20,24,25
1,3,4,6,7,8,9,10,11,14,17,18,20,24,25,28,29,31,32,33,34,38,40>32,34,4,6,38,40,13,17,29,31,1,33,3,7,8,9,11,20,24,25
1,3,4,6,7,8,9,10,11,14,17,18,20,24,25,28,29,31,32,33,34,38,40>32,35,5,6,36,38,10,17,27,1,33,3,7,8,9,11,20,24,25
1,3,4,6,7,8,9,10,11,14,17,18,20,24,25,28,29,31,32,33,34,38,40>34,35,5,38,22,29,31,1,33,3,7,8,9,11,20,24,25
33,2,35,36,5,6,40,9,11,12,15,16,17,18,23,27,29>6,15,17,18,22,26,27,40,2,36,5
33,2,35,36,5,6,40,9,11,12,15,16,17,18,23,27,29>6,8,15,16,17,20,22,23,26,29,31,32,40,2,36,5
33,2,35,36,5,6,40,9,11,12,15,16,17,18,23,27,29>9,12,17,22,23,26,29,35,39,2,36,5
33,2,35,36,5,6,40,9,11,12,15,16,17,18,23,27,29>8,9,11,20,22,26,27,29,31,33,35,37,2,36,5
1,2,37,40,9,13,14,15,17,18,23,25,30,31>34,35,5,37,39,9,13,16,20,26,27,1,2,40,14,15,17
1,2,37,40,9,13,14,15,17,18,23,25,30,31>5,37,39,9,16,20,22,26,27,1,2,40,14,15,17
1,2,37,40,9,13,14,15,17,18,23,25,30,31>34,5,6,39,9,25,27,30,1,2,40,14,15,17
1,2,37,40,9,13,14,15,17,18,23,25,30,31>34,35,5,6,39,20,22,25,30,1,2,40,14,15,17
1,2,4,7,9,10,12,13,14,15,19,22,25,29,30,31,32,33,35,36,38,39,40>5,6,10,16,18,19,22,25,27,28,31,1,2,35,36,38,7,39,9,40,12,13,14,15,29
1,2,4,7,9,10,12,13,14,15,19,22,25,29,30,31,32,33,35,36,38,39,40>5,6,37,16,17,19,27,28,30,1,2,35,36,38,7,39,9,40,12,13,14,15,29
1,2,4,7,9,10,12,13,14,15,19,22,25,29,30,31,32,33,35,36,38,39,40>4,5,6,37,11,17,18,22,27,30,31,1,2,35,36,38,7,39,9,40,12,13,14,15,29
1,2,4,7,9,10,12,13,14,15,19,22,25,29,30,31,32,33,35,36,38,39,40>33,4,6,10,11,18,22,28,1,2,35,36,38,7,39,9,40,12,13,14,15,29
3,35,5,6,36,37,39,40,13,15,16,17,22,24,25,28,29,31>4,36,6,14,20,24,31,35,3,37,5,39,16,17,25,28,29
3,35,5,6,36,37,39,40,13,15,16,17,22,24,25,28,29,31>4,14,15,20,31,35,3,37,5,39,16,17,25,28,29
3,35,5,6,36,37,39,40,13,15,16,17,22,24,25,28,29,31>33,4,6,8,40,13,14,15,24,27,35,3,37,5,39,16,17,25,28,29
3,35,5,6,36,37,39,40,13,15,16,17,22,24,25,28,29,31>4,36,40,20,22,24,27,35,3,37,5,39,16,17,25,28,29
1,33,3,35,36,6,7,8,10,11,13,14,16,18,19>33,34,6,39,10,17,19,1,3,36,7,8,11,13,14,16,18
1,33,3,35,36,6,7,8,10,11,13,14,16,18,19>35,5,6,37,39,9,10,15,22,23,1,3,36,7,8,11,13,14,16,18
1,33,3,35,36,6,7,8,10,11,13,14,16,18,19>33,35,6,37,9,10,23,1,3,36,7,8,11,13,14,16,18
1,33,3,35,36,6,7,8,10,11,13,14,16,18,19>33,35,6,39,19,23,1,3,36,7,8,11,13,14,16,18
32,1,2,3,6,7,39,10,11,12,13,14,16,19,21,26,27,30>5,9,10,15,18,19,21,23,26,32,1,2,3,6,7,39,11,13,14,16,30
32,1,2,3,6,7,39,10,11,12,13,14,16,19,21,26,27,30>34,5,9,10,12,15,20,21,26,31,32,1,2,3,6,7,39,11,13,14,16,30
32,1,2,3,6,7,39,10,11,12,13,14,16,19,21,26,27,30>5,8,9,10,12,18,19,21,23,26,32,1,2,3,6,7,39,11,13,14,16,30
32,1,2,3,6,7,39,10,11,12,13,14,16,19,21,26,27,30>34,5,8,9,40,12,15,17,19,20,21,26,27,31,32,1,2,3,6,7,39,11,13,14,16,30
34,3,4,5,6,7,36,37,10,11,38,13,16,19,24,28,29,31>9,10,14,17,18,19,23,25,28,31,34,35,36,37,3,5,11,13,16
34,3,4,5,6,7,36,37,10,11,38,13,16,19,24,28,29,31>18,19,24,25,29,33,35,36,37,3,5,11,13,16
34,3,4,5,6,7,36,37,10,11,38,13,16,19,24,28,29,31>6,8,9,14,17,19,25,28,29,31,34,36,37,3,5,11,13,16
34,3,4,5,6,7,36,37,10,11,38,13,16,19,24,28,29,31>4,7,10,14,17,18,19,24,34,35,37,3,5,11,13,16
2,3,4,6,8,10,11,12,13,15,17,18,19,20,21,22,23,24,25,26,27,28,30,32,37,38>9,10,40,15,32,2,3,8,11,12,13,17,18,20,21,22,23,24,25,26,27,28,30
2,3,4,6,8,10,11,12,13,15,17,18,19,20,21,22,23,24,25,26,27,28,30,32,37,38>33,34,37,9,10,14,16,29,32,2,3,8,11,12,13,17,18,20,21,22,23,24,25,26,27,28,30
2,3,4,6,8,10,11,12,13,15,17,18,19,20,21,22,23,24,25,26,27,28,30,32,37,38>4,10,14,15,16,29,31,32,2,3,8,11,12,13,17,18,20,21,22,23,24,25,26,27,28,30
2,3,4,6,8,10,11,12,13,15,17,18,19,20,21,22,23,24,25,26,27,28,30,32,37,38>4,37,40,14,15,32,2,3,8,11,12,13,17,18,20,21,22,23,24,25,26,27,28,30
1,2,3,7,8,9,11,12,13,16,17,18,19,21,22,28,35,36,37,39,40>33,8,40,14,19,20,29,1,2,3,37,39,9,16,17,18,21,22,28
1,2,3,7,8,9,11,12,13,16,17,18,19,21,22,28,35,36,37,39,40>34,36,5,11,13,14,19,20,23,29,1,2,3,37,39,9,16,17,18,21,22,28
1,2,3,7,8,9,11,12,13,16,17,18,19,21,22,28,35,36,37,39,40>33,34,5,7,12,20,29,1,2,3,37,39,9,16,17,18,21,22,28
1,2,3,7,8,9,11,12,13,16,17,18,19,21,22,28,35,36,37,39,40>34,35,36,11,12,14,19,20,1,2,3,37,39,9,16,17,18,21,22,28
1,6,7,11,12,15,16,17,19,20,21,23,24,26,27,28,29,30,33,35,39,40>9,12,17,18,19,21,29,35,36,1,33,7,40,39,20,23,24,26,30
1,6,7,11,12,15,16,17,19,20,21,23,24,26,27,28,29,30,33,35,39,40>5,6,12,15,21,27,31,32,35,37,1,33,7,40,39,20,23,24,26,30
1,6,7,11,12,15,16,17,19,20,21,23,24,26,27,28,29,30,33,35,39,40>6,8,15,21,25,27,28,31,32,37,1,33,7,40,39,20,23,24,26,30
1,6,7,11,12,15,16,17,19,20,21,23,24,26,27,28,29,30,33,35,39,40>5,6,12,15,16,17,25,28,31,35,36,1,33,7,40,39,20,23,24,26,30
5,6,9,10,11,12,13,15,17,18,20,22,23,24,25,26,27,28,29,31,33,40>32,35,36,6,39,9,10,15,16,18,23,33,5,11,12,13,17,20,22,24,25,26,27,28,29,31
5,6,9,10,11,12,13,15,17,18,20,22,23,24,25,26,27,28,29,31,33,40>35,8,14,15,16,21,33,5,11,12,13,17,20,22,24,25,26,27,28,29,31
5,6,9,10,11,12,13,15,17,18,20,22,23,24,25,26,27,28,29,31,33,40>35,36,39,8,10,40,15,18,21,30,33,5,11,12,13,17,20,22,24,25,26,27,28,29,31
5,6,9,10,11,12,13,15,17,18,20,22,23,24,25,26,27,28,29,31,33,40>32,35,36,39,9,10,40,14,15,16,18,21,30,33,5,11,12,13,17,20,22,24,25,26,27,28,29,31
1,2,34,4,38,7,39,9,13,15,20,22,25,27,30,31>32,40,13,14,17,20,22,24,28,30,1,2,34,7,9,27,31
1,2,34,4,38,7,39,9,13,15,20,22,25,27,30,31>35,5,6,38,39,40,15,16,17,22,25,28,30,1,2,34,7,9,27,31
1,2,34,4,38,7,39,9,13,15,20,22,25,27,30,31>4,5,39,40,14,16,17,20,25,28,29,30,1,2,34,7,9,27,31
1,2,34,4,38,7,39,9,13,15,20,22,25,27,30,31>32,35,4,38,39,13,15,16,17,20,22,30,1,2,34,7,9,27,31
32,1,34,3,4,37,6,39,40,10,15,17,18,20,22,25,27,28,31>33,6,7,8,9,11,12,13,18,21,29,32,1,34,3,4,20,22,27,28,31
32,1,34,3,4,37,6,39,40,10,15,17,18,20,22,25,27,28,31>35,6,8,9,10,11,12,13,39,40,24,29,32,1,34,3,4,20,22,27,28,31
32,1,34,3,4,37,6,39,40,10,15,17,18,20,22,25,27,28,31>37,6,8,9,15,40,18,29,32,1,34,3,4,20,22,27,28,31
32,1,34,3,4,37,6,39,40,10,15,17,18,20,22,25,27,28,31>33,35,37,10,39,40,17,21,25,32,1,34,3,4,20,22,27,28,31
2,5,6,7,8,9,12,15,16,17,18,19,22,23,24,26,27,28,29,31,37,40>32,35,37,39,10,15,20,21,24,27,30,2,5,8,9,18,22,23,26,28,29,31
2,5,6,7,8,9,12,15,16,17,18,19,22,23,24,26,27,28,29,31,37,40>32,35,37,7,39,12,16,19,20,21,24,30,2,5,8,9,18,22,23,26,28,29,31
2,5,6,7,8,9,12,15,16,17,18,19,22,23,24,26,27,28,29,31,37,40>33,35,37,6,7,39,40,10,12,15,30,2,5,8,9,18,22,23,26,28,29,31
2,5,6,7,8,9,12,15,16,17,18,19,22,23,24,26,27,28,29,31,37,40>32,33,35,37,39,40,10,12,17,19,21,27,30,2,5,8,9,18,22,23,26,28,29,31
32,33,34,35,4,5,6,38,8,39,13,15,18,20,23,24,25,28>14,15,18,22,23,32,37,38,33,34,8,24,25
32,33,34,35,4,5,6,38,8,39,13,15,18,20,23,24,25,28>4,14,16,17,20,23,26,27,37,39,33,34,8,24,25
32,33,34,35,4,5,6,38,8,39,13,15,18,20,23,24,25,28>5,15,18,22,23,26,28,36,37,38,39,33,34,8,24,25
32,33,34,35,4,5,6,38,8,39,13,15,18,20,23,24,25,28>5,6,9,13,14,17,20,22,27,28,37,38,39,33,34,8,24,25
2,5,6,7,9,11,12,14,15,16,18,19,20,21,23,24,26,29,30,31,33,34,35,36,38>33,6,40,11,12,19,21,22,25,31,2,35,36,5,9,15,18,20,23,24,26,30
2,5,6,7,9,11,12,14,15,16,18,19,20,21,23,24,26,29,30,31,33,34,35,36,38>34,37,6,8,38,11,14,16,22,29,2,35,36,5,9,15,18,20,23,24,26,30
2,5,6,7,9,11,12,14,15,16,18,19,20,21,23,24,26,29,30,31,33,34,35,36,38>33,34,38,11,21,25,2,35,36,5,9,15,18,20,23,24,26,30
2,5,6,7,9,11,12,14,15,16,18,19,20,21,23,24,26,29,30,31,33,34,35,36,38>33,34,6,38,40,16,19,22,25,29,2,35,36,5,9,15,18,20,23,24,26,30
9,10,11,13,16,17,18,19,21,22,25,27,28,31,32,33,34,36,37,39,40>37,9,10,14,19,29,32,33,34,36,11,13,16,17,18,21,22,27,28,31
9,10,11,13,16,17,18,19,21,22,25,27,28,31,32,33,34,36,37,39,40>35,37,39,9,14,19,20,25,29,32,33,34,36,11,13,16,17,18,21,22,27,28,31
9,10,11,13,16,17,18,19,21,22,25,27,28,31,32,33,34,36,37,39,40>5,37,38,39,9,10,14,23,32,33,34,36,11,13,16,17,18,21,22,27,28,31
9,10,11,13,16,17,18,19,21,22,25,27,28,31,32,33,34,36,37,39,40>35,5,37,39,10,40,25,29,32,33,34,36,11,13,16,17,18,21,22,27,28,31
1,5,7,9,13,14,16,17,18,19,22,24,27,28,29,30,31,32,33,34,36,37,39>40,13,15,19,20,21,25,27,32,1,33,36,5,9,14,16,17,18,22,28,29,31
1,5,7,9,13,14,16,17,18,19,22,24,27,28,29,30,31,32,33,34,36,37,39>34,35,38,7,39,40,13,15,19,23,25,27,32,1,33,36,5,9,14,16,17,18,22,28,29,31
1,5,7,9,13,14,16,17,18,19,22,24,27,28,29,30,31,32,33,34,36,37,39>34,37,39,40,13,15,19,20,21,24,25,30,32,1,33,36,5,9,14,16,17,18,22,28,29,31
1,5,7,9,13,14,16,17,18,19,22,24,27,28,29,30,31,32,33,34,36,37,39>35,37,15,19,20,32,1,33,36,5,9,14,16,17,18,22,28,29,31
3,4,6,7,8,11,12,13,14,16,17,20,25,26,28,29,31,32,33,34,38,39,40>4,7,11,25,26,27,29,30,31,34,35,39,33,3,8,14,16,17,20
3,4,6,7,8,11,12,13,14,16,17,20,25,26,28,29,31,32,33,34,38,39,40>5,6,7,9,13,24,26,27,28,29,31,32,35,36,39,40,33,3,8,14,16,17,20
3,4,6,7,8,11,12,13,14,16,17,20,25,26,28,29,31,32,33,34,38,39,40>6,7,26,27,28,34,35,36,38,39,33,3,8,14,16,17,20
3,4,6,7,8,11,12,13,14,16,17,20,25,26,28,29,31,32,33,34,38,39,40>5,6,9,12,25,26,27,28,29,30,31,35,36,40,33,3,8,14,16,17,20
33,2,3,34,5,35,37,8,9,39,14,15,16,17,19,26,27,28,30>32,36,39,8,9,40,16,18,19,20,28,31,33,2,3,34,5,37,15,30
33,2,3,34,5,35,37,8,9,39,14,15,16,17,19,26,27,28,30>4,8,9,17,18,19,20,23,26,31,33,2,3,34,5,37,15,30
33,2,3,34,5,35,37,8,9,39,14,15,16,17,19,26,27,28,30>32,35,4,8,40,14,16,17,20,26,33,2,3,34,5,37,15,30
33,2,3,34,5,35,37,8,9,39,14,15,16,17,19,26,27,28,30>32,35,4,16,23,26,33,2,3,34,5,37,15,30
2,3,5,7,8,10,12,14,16,17,20,22,23,25,26,28,29,30,31,33,34,35,37,38,39>7,11,12,13,17,24,27,34,39,33,2,3,35,5,37,20,26,28,29,30
2,3,5,7,8,10,12,14,16,17,20,22,23,25,26,28,29,30,31,33,34,35,37,38,39>8,9,10,14,16,22,23,24,34,36,39,33,2,3,35,5,37,20,26,28,29,30
2,3,5,7,8,10,12,14,16,17,20,22,23,25,26,28,29,30,31,33,34,35,37,38,39>4,8,9,11,13,17,24,34,36,39,33,2,3,35,5,37,20,26,28,29,30
2,3,5,7,8,10,12,14,16,17,20,22,23,25,26,28,29,30,31,33,34,35,37,38,39>7,8,9,11,12,14,16,17,23,31,38,33,2,3,35,5,37,20,26,28,29,30
1,3,4,5,6,9,11,12,13,14,18,19,21,24,26,28,33,34,36,39,40>4,7,12,13,15,20,23,24,25,26,30,39,1,34,3,36,33,9,14,18
1,3,4,5,6,9,11,12,13,14,18,19,21,24,26,28,33,34,36,39,40>5,7,8,12,13,20,21,23,24,39,40,1,34,3,36,33,9,14,18
1,3,4,5,6,9,11,12,13,14,18,19,21,24,26,28,33,34,36,39,40>6,8,11,12,15,19,25,28,30,39,40,1,34,3,36,33,9,14,18
1,3,4,5,6,9,11,12,13,14,18,19,21,24,26,28,33,34,36,39,40>4,6,7,13,16,19,21,23,25,26,30,40,1,34,3,36,33,9,14,18
33,35,4,5,37,7,40,9,11,14,18,23,27,31>4,40,14,15,23,35,37,5,9,31
33,35,4,5,37,7,40,9,11,14,18,23,27,31>33,4,36,39,40,11,22,23,26,27,35,37,5,9,31
33,35,4,5,37,7,40,9,11,14,18,23,27,31>32,34,4,7,14,18,22,23,27,35,37,5,9,31
33,35,4,5,37,7,40,9,11,14,18,23,27,31>33,34,7,11,14,22,23,27,35,37,5,9,31
3,4,6,7,38,10,13,15,16,17,19,21,23,24,25,28,29,31>8,9,12,14,15,19,20,21,24,26,31,33,35,39,3,4,13,16,17,23,25
3,4,6,7,38,10,13,15,16,17,19,21,23,24,25,28,29,31>5,15,19,20,21,26,39,3,4,13,16,17,23,25
3,4,6,7,38,10,13,15,16,17,19,21,23,24,25,28,29,31>7,9,10,11,18,19,20,26,27,28,29,35,39,3,4,13,16,17,23,25
3,4,6,7,38,10,13,15,16,17,19,21,23,24,25,28,29,31>6,7,18,21,24,26,27,28,33,35,3,4,13,16,17,23,25
4,5,7,8,9,10,13,14,19,20,21,22,24,27,28,29,30,32,33,34,35,36,37,38,40>34,7,8,15,19,21,32,33,36,5,37,38,40,9,13,14,20,24,28,29
4,5,7,8,9,10,13,14,19,20,21,22,24,27,28,29,30,32,33,34,35,36,37,38,40>34,35,8,11,16,17,18,19,21,23,27,30,31,32,33,36,5,37,38,40,9,13,14,20,24,28,29
4,5,7,8,9,10,13,14,19,20,21,22,24,27,28,29,30,32,33,34,35,36,37,38,40>34,35,15,16,17,18,22,23,25,27,31,32,33,36,5,37,38,40,9,13,14,20,24,28,29
4,5,7,8,9,10,13,14,19,20,21,22,24,27,28,29,30,32,33,34,35,36,37,38,40>35,4,11,17,18,19,21,23,25,27,30,32,33,36,5,37,38,40,9,13,14,20,24,28,29
2,4,5,6,7,8,10,11,12,17,20,22,23,24,26,27,29,31,35,36,37,38,39>32,4,36,7,10,12,13,25,27,2,35,5,37,39,8,11,20,24,26,29,31
2,4,5,6,7,8,10,11,12,17,20,22,23,24,26,27,29,31,35,36,37,38,39>32,7,9,22,25,27,2,35,5,37,39,8,11,20,24,26,29,31
2,4,5,6,7,8,10,11,12,17,20,22,23,24,26,27,29,31,35,36,37,38,39>32,4,36,38,9,13,17,25,28,30,2,35,5,37,39,8,11,20,24,26,29,31
2,4,5,6,7,8,10,11,12,17,20,22,23,24,26,27,29,31,35,36,37,38,39>32,4,36,6,9,10,13,22,25,27,2,35,5,37,39,8,11,20,24,26,29,31
4,5,8,12,13,14,15,16,18,19,21,23,24,25,26,29,33,35,36,39,40>33,37,40,13,17,19,20,21,24,27,29,36,39,14,15,16,18,23,25,26
4,5,8,12,13,14,15,16,18,19,21,23,24,25,26,29,33,35,36,39,40>4,8,40,12,17,22,27,29,36,39,14,15,16,18,23,25,26
4,5,8,12,13,14,15,16,18,19,21,23,24,25,26,29,33,35,36,39,40>35,4,12,13,17,22,24,36,39,14,15,16,18,23,25,26
4,5,8,12,13,14,15,16,18,19,21,23,24,25,26,29,33,35,36,39,40>35,4,37,13,19,21,22,27,29,30,36,39,14,15,16,18,23,25,26
33,34,3,4,5,36,7,37,39,10,11,12,13,14,15,20,25,28>10,16,17,20,24,25,27,28,33,34,3,36,5,11,12,13,14,15
33,34,3,4,5,36,7,37,39,10,11,12,13,14,15,20,25,28>4,37,9,10,17,20,24,25,28,33,34,3,36,5,11,12,13,14,15
33,34,3,4,5,36,7,37,39,10,11,12,13,14,15,20,25,28>7,9,16,17,24,25,27,28,33,34,3,36,5,11,12,13,14,15
33,34,3,4,5,36,7,37,39,10,11,12,13,14,15,20,25,28>37,7,39,10,33,34,3,36,5,11,12,13,14,15
3,4,5,8,11,12,16,17,20,21,22,24,25,26,27,31,33,34,35,37,38,39,40>38,8,12,16,21,22,29,34,3,35,37,20,24,25,27,31
3,4,5,8,11,12,16,17,20,21,22,24,25,26,27,31,33,34,35,37,38,39,40>4,36,38,39,11,12,21,34,3,35,37,20,24,25,27,31
3,4,5,8,11,12,16,17,20,21,22,24,25,26,27,31,33,34,35,37,38,39,40>32,4,5,36,38,39,40,16,28,29,30,34,3,35,37,20,24,25,27,31
3,4,5,8,11,12,16,17,20,21,22,24,25,26,27,31,33,34,35,37,38,39,40>36,39,17,22,26,30,34,3,35,37,20,24,25,27,31
1,4,5,6,8,10,11,12,13,16,19,20,21,22,23,30,32,33,34,35,36,37,38,40>5,14,18,21,22,26,28,29,30,1,34,36,37,38,8,40,11,13,16,20,23
1,4,5,6,8,10,11,12,13,16,19,20,21,22,23,30,32,33,34,35,36,37,38,40>4,6,9,12,14,19,22,24,26,28,30,32,1,34,36,37,38,8,40,11,13,16,20,23
1,4,5,6,8,10,11,12,13,16,19,20,21,22,23,30,32,33,34,35,36,37,38,40>5,6,7,10,26,28,30,32,33,35,1,34,36,37,38,8,40,11,13,16,20,23
1,4,5,6,8,10,11,12,13,16,19,20,21,22,23,30,32,33,34,35,36,37,38,40>4,5,6,7,9,12,14,17,18,19,21,24,26,32,33,35,1,34,36,37,38,8,40,11,13,16,20,23
1,33,35,4,38,7,8,39,10,11,13,17,18,25,28,29,31>4,37,8,10,38,14,16,18,25,28,29,1,33,35,7,39,11,13,17
1,33,35,4,38,7,8,39,10,11,13,17,18,25,28,29,31>4,5,37,10,14,18,22,25,28,29,31,1,33,35,7,39,11,13,17
1,33,35,4,38,7,8,39,10,11,13,17,18,25,28,29,31>5,36,8,38,14,16,22,28,31,1,33,35,7,39,11,13,17
1,33,35,4,38,7,8,39,10,11,13,17,18,25,28,29,31>4,5,36,10,18,20,22,25,31,1,33,35,7,39,11,13,17
32,1,34,37,8,10,14,15,16,18,20,24,28,29,30>16,19,20,30,32,33,34,37,40,24,1,15
32,1,34,37,8,10,14,15,16,18,20,24,28,29,30>5,11,14,18,19,28,33,40,24,1,15
32,1,34,37,8,10,14,15,16,18,20,24,28,29,30>8,13,18,19,20,22,28,29,32,33,40,24,1,15
32,1,34,37,8,10,14,15,16,18,20,24,28,29,30>5,8,10,11,13,14,18,19,20,25,29,30,32,37,24,1,15
3,8,10,11,13,15,16,18,19,20,21,22,25,26,29,31,32,33,34,36,37,39,40>5,23,25,28,30,31,32,34,39,40,3,36,11,13,16,18,19,20,21,22,29
3,8,10,11,13,15,16,18,19,20,21,22,25,26,29,31,32,33,34,36,37,39,40>5,10,14,15,24,25,26,27,28,37,40,3,36,11,13,16,18,19,20,21,22,29
3,8,10,11,13,15,16,18,19,20,21,22,25,26,29,31,32,33,34,36,37,39,40>10,12,14,15,23,25,27,30,32,34,35,39,40,3,36,11,13,16,18,19,20,21,22,29
3,8,10,11,13,15,16,18,19,20,21,22,25,26,29,31,32,33,34,36,37,39,40>5,10,15,24,25,27,28,31,32,33,37,38,3,36,11,13,16,18,19,20,21,22,29
1,2,3,4,7,8,11,12,13,15,16,17,20,22,24,26,28,33,34,35,36,37,40>35,8,9,40,11,12,15,29,30,1,2,3,33,34,36,7,37,16,17,20,24,28
1,2,3,4,7,8,11,12,13,15,16,17,20,22,24,26,28,33,34,35,36,37,40>4,9,11,13,14,15,29,30,1,2,3,33,34,36,7,37,16,17,20,24,28
1,2,3,4,7,8,11,12,13,15,16,17,20,22,24,26,28,33,34,35,36,37,40>5,8,9,11,12,14,15,26,30,1,2,3,33,34,36,7,37,16,17,20,24,28
1,2,3,4,7,8,11,12,13,15,16,17,20,22,24,26,28,33,34,35,36,37,40>35,5,6,8,13,22,25,26,29,1,2,3,33,34,36,7,37,16,17,20,24,28
3,35,5,36,7,8,39,11,12,16,19,20,21,22,24>35,8,16,21,22,23,25,29,3,5,39,20,24
3,35,5,36,7,8,39,11,12,16,19,20,21,22,24>36,37,9,12,18,19,21,23,25,29,3,5,39,20,24
3,35,5,36,7,8,39,11,12,16,19,20,21,22,24>36,37,11,12,16,18,21,22,23,25,28,3,5,39,20,24
3,35,5,36,7,8,39,11,12,16,19,20,21,22,24>34,35,36,9,11,12,16,3,5,39,20,24
1,6,7,8,9,10,11,13,14,15,19,21,22,23,28,31,32,33,35,36,37,38>39,10,19,20,21,22,26,29,1,33,35,36,37,38,7,8,9,11,13,14,15,23,28
1,6,7,8,9,10,11,13,14,15,19,21,22,23,28,31,32,33,35,36,37,38>5,6,39,12,16,17,21,22,29,1,33,35,36,37,38,7,8,9,11,13,14,15,23,28
1,6,7,8,9,10,11,13,14,15,19,21,22,23,28,31,32,33,35,36,37,38>5,6,10,1,33,35,36,37,38,7,8,9,11,13,14,15,23,28
1,6,7,8,9,10,11,13,14,15,19,21,22,23,28,31,32,33,35,36,37,38>32,34,5,6,16,17,21,26,31,1,33,35,36,37,38,7,8,9,11,13,14,15,23,28
32,1,2,3,4,36,6,8,9,10,40,12,14,19,21,24,25,26,29,30>11,12,13,19,24,27,29,1,2,3,4,6,8,9,10,40,25,30
32,1,2,3,4,36,6,8,9,10,40,12,14,19,21,24,25,26,29,30>36,39,11,13,15,19,24,27,1,2,3,4,6,8,9,10,40,25,30
32,1,2,3,4,36,6,8,9,10,40,12,14,19,21,24,25,26,29,30>32,36,7,18,20,26,29,1,2,3,4,6,8,9,10,40,25,30
32,1,2,3,4,36,6,8,9,10,40,12,14,19,21,24,25,26,29,30>36,38,7,12,13,18,19,20,21,23,26,1,2,3,4,6,8,9,10,40,25,30
1,5,7,8,10,13,15,16,17,18,19,20,24,26,28,29,30,31,32,33,34,35,37,38,40>32,7,8,14,23,1,33,35,5,37,40,13,16,17,18,19,20,24,30
1,5,7,8,10,13,15,16,17,18,19,20,24,26,28,29,30,31,32,33,34,35,37,38,40>32,36,38,7,10,11,22,23,25,31,1,33,35,5,37,40,13,16,17,18,19,20,24,30
1,5,7,8,10,13,15,16,17,18,19,20,24,26,28,29,30,31,32,33,34,35,37,38,40>34,36,38,12,14,22,25,29,31,1,33,35,5,37,40,13,16,17,18,19,20,24,30
1,5,7,8,10,13,15,16,17,18,19,20,24,26,28,29,30,31,32,33,34,35,37,38,40>32,34,36,9,11,12,15,22,23,28,29,31,1,33,35,5,37,40,13,16,17,18,19,20,24,30
32,1,35,36,37,8,9,40,11,12,13,14,16,17,18,22,24,25,28,29>32,9,40,11,12,13,18,21,1,37,14,16,17,22,25,28,29
32,1,35,36,37,8,9,40,11,12,13,14,16,17,18,22,24,25,28,29>32,33,39,40,15,18,1,37,14,16,17,22,25,28,29
32,1,35,36,37,8,9,40,11,12,13,14,16,17,18,22,24,25,28,29>32,33,38,39,8,9,40,12,13,20,21,27,1,37,14,16,17,22,25,28,29
32,1,35,36,37,8,9,40,11,12,13,14,16,17,18,22,24,25,28,29>32,35,5,39,8,9,40,11,12,13,18,24,1,37,14,16,17,22,25,28,29
1,2,4,5,6,7,8,9,13,14,16,18,19,22,23,26,27,29,32,34,36,37,39>34,10,13,15,19,27,28,30,32,1,2,5,7,8,9,14,16,18,22,23,26,29
1,2,4,5,6,7,8,9,13,14,16,18,19,22,23,26,27,29,32,34,36,37,39>34,4,37,38,39,19,21,28,30,31,32,1,2,5,7,8,9,14,16,18,22,23,26,29
1,2,4,5,6,7,8,9,13,14,16,18,19,22,23,26,27,29,32,34,36,37,39>34,36,39,10,13,19,30,32,1,2,5,7,8,9,14,16,18,22,23,26,29
1,2,4,5,6,7,8,9,13,14,16,18,19,22,23,26,27,29,32,34,36,37,39>34,4,36,37,13,15,21,27,30,32,1,2,5,7,8,9,14,16,18,22,23,26,29
32,35,4,36,6,7,37,38,10,39,12,13,15,16,19,22,23,25,26,27>4,7,8,10,11,14,15,28,31,34,36,32,37,38,39,12,13,16,19,23,26,27
32,35,4,36,6,7,37,38,10,39,12,13,15,16,19,22,23,25,26,27>5,7,14,17,18,22,25,28,31,35,36,32,37,38,39,12,13,16,19,23,26,27
32,35,4,36,6,7,37,38,10,39,12,13,15,16,19,22,23,25,26,27>4,6,9,10,11,15,17,22,25,28,29,34,35,36,32,37,38,39,12,13,16,19,23,26,27
32,35,4,36,6,7,37,38,10,39,12,13,15,16,19,22,23,25,26,27>5,6,7,8,9,10,11,14,15,18,22,25,28,29,32,37,38,39,12,13,16,19,23,26,27
32,2,35,6,7,10,12,15,16,17,19,27,29,30>8,9,16,17,20,27,30,31,37,39,32,2,19,12
32,2,35,6,7,10,12,15,16,17,19,27,29,30>6,15,18,23,27,37,40,32,2,19,12
32,2,35,6,7,10,12,15,16,17,19,27,29,30>5,7,8,10,11,16,17,30,39,32,2,19,12
32,2,35,6,7,10,12,15,16,17,19,27,29,30>5,6,7,8,9,15,17,18,27,30,39,32,2,19,12
1,3,5,8,9,11,15,17,18,19,21,22,23,25,26,27,28,29,32,33,35,36,38,40>37,8,40,11,19,20,25,30,32,1,33,3,36,5,38,18,21,22,23,26,27,28,29
1,3,5,8,9,11,15,17,18,19,21,22,23,25,26,27,28,29,32,33,35,36,38,40>35,37,8,9,40,11,15,20,32,1,33,3,36,5,38,18,21,22,23,26,27,28,29
1,3,5,8,9,11,15,17,18,19,21,22,23,25,26,27,28,29,32,33,35,36,38,40>39,9,40,15,30,32,1,33,3,36,5,38,18,21,22,23,26,27,28,29
1,3,5,8,9,11,15,17,18,19,21,22,23,25,26,27,28,29,32,33,35,36,38,40>37,39,9,15,20,31,32,1,33,3,36,5,38,18,21,22,23,26,27,28,29
7,8,10,12,15,17,18,19,20,23,25,27,28,29,31,32,33,37,38,39,40>15,22,28,29,40,32,33,39,12,18,20,23,27,31
7,8,10,12,15,17,18,19,20,23,25,27,28,29,31,32,33,37,38,39,40>7,10,13,17,22,24,29,36,38,40,32,33,39,12,18,20,23,27,31
7,8,10,12,15,17,18,19,20,23,25,27,28,29,31,32,33,37,38,39,40>5,8,9,13,17,22,25,28,29,36,38,32,33,39,12,18,20,23,27,31
7,8,10,12,15,17,18,19,20,23,25,27,28,29,31,32,33,37,38,39,40>5,7,8,11,13,15,24,25,28,36,37,38,40,32,33,39,12,18,20,23,27,31
32,1,2,3,4,34,7,8,9,10,39,20,21,22,23,25,26,28,30,31>35,6,39,8,40,13,21,22,23,25,27,31,1,2,3,4,34,7,9,20,26,28,30
32,1,2,3,4,34,7,8,9,10,39,20,21,22,23,25,26,28,30,31>32,35,5,40,13,23,25,1,2,3,4,34,7,9,20,26,28,30
32,1,2,3,4,34,7,8,9,10,39,20,21,22,23,25,26,28,30,31>33,35,6,8,21,24,27,29,1,2,3,4,34,7,9,20,26,28,30
32,1,2,3,4,34,7,8,9,10,39,20,21,22,23,25,26,28,30,31>32,33,35,5,6,39,8,10,22,23,24,1,2,3,4,34,7,9,20,26,28,30
