CD45,CD8,TCRlig,TCbind,PAGCsk,LCK,Fyn,Rlk,TCRphos,ZAP70,cCbl,Itk,LAT,Gads,Slp76,PLCg_b,Grb2Sos,DAG,PLCg_a,Ras,RasGRP1,PKCth,IP3,Raf,MEK,Ca,ERK,SEK,IKK,Calcin,Rsk,Fos,JNK,IkB,CREB,Jun,CRE,AP1,NFkB,NFAT
1,2,3,6,13,14,16,17,19,20,22,23,25,26,28,29,31,33,34,35,37,38,40>4,36,7,8,40,15,19,24,25,31,1,2,3,33,35,6,37,14,16,17,20,23,26,28,29
1,2,3,6,13,14,16,17,19,20,22,23,25,26,28,29,31,33,34,35,37,38,40>34,4,38,13,15,18,19,27,31,1,2,3,33,35,6,37,14,16,17,20,23,26,28,29
1,2,3,6,13,14,16,17,19,20,22,23,25,26,28,29,31,33,34,35,37,38,40>34,5,36,8,38,15,25,30,31,1,2,3,33,35,6,37,14,16,17,20,23,26,28,29
1,2,3,6,13,14,16,17,19,20,22,23,25,26,28,29,31,33,34,35,37,38,40>34,4,5,40,22,27,1,2,3,33,35,6,37,14,16,17,20,23,26,28,29
2,4,5,7,8,9,12,13,15,17,18,21,22,24,25,26,27,28,30,33,34,37,38,39,40>32,4,36,37,39,12,14,15,16,18,20,24,26,33,2,34,5,40,9,17,21,22,25,27,28,30
2,4,5,7,8,9,12,13,15,17,18,21,22,24,25,26,27,28,30,33,34,37,38,39,40>32,4,8,12,15,33,2,34,5,40,9,17,21,22,25,27,28,30
2,4,5,7,8,9,12,13,15,17,18,21,22,24,25,26,27,28,30,33,34,37,38,39,40>36,37,39,13,15,20,29,31,33,2,34,5,40,9,17,21,22,25,27,28,30
2,4,5,7,8,9,12,13,15,17,18,21,22,24,25,26,27,28,30,33,34,37,38,39,40>32,4,36,37,38,39,12,13,15,16,18,26,31,33,2,34,5,40,9,17,21,22,25,27,28,30
32,33,4,37,38,8,9,40,12,15,19,21,23,26,27,28,31>35,37,9,39,40,12,18,21,27,32,33,23,26,31
32,33,4,37,38,8,9,40,12,15,19,21,23,26,27,28,31>34,35,36,37,39,40,15,19,21,32,33,23,26,31
32,33,4,37,38,8,9,40,12,15,19,21,23,26,27,28,31>4,36,38,8,9,39,12,15,21,27,28,32,33,23,26,31
32,33,4,37,38,8,9,40,12,15,19,21,23,26,27,28,31>34,35,4,8,40,12,27,30,32,33,23,26,31
35,4,5,36,39,8,9,10,40,12,14,15,16,20,28,29>5,37,8,9,10,11,40,13,14,16,20,24,28,12,15,39
35,4,5,36,39,8,9,10,40,12,14,15,16,20,28,29>4,36,37,9,10,19,20,24,28,29,12,15,39
35,4,5,36,39,8,9,10,40,12,14,15,16,20,28,29>35,16,19,20,28,12,15,39
35,4,5,36,39,8,9,10,40,12,14,15,16,20,28,29>4,36,37,9,10,40,13,16,24,29,12,15,39
32,34,4,5,6,7,8,9,10,37,13,18,21,23,26,29,30,31>4,37,14,16,20,22,5,8,9,10,13,26,30
32,34,4,5,6,7,8,9,10,37,13,18,21,23,26,29,30,31>32,35,7,40,11,16,17,21,22,23,5,8,9,10,13,26,30
32,34,4,5,6,7,8,9,10,37,13,18,21,23,26,29,30,31>34,35,6,7,20,23,5,8,9,10,13,26,30
32,34,4,5,6,7,8,9,10,37,13,18,21,23,26,29,30,31>32,34,35,4,6,40,14,17,18,20,21,22,23,29,31,5,8,9,10,13,26,30
2,4,6,7,8,10,11,17,18,19,20,23,24,26,27,28,31,34,35,38,39>32,6,37,10,39,13,17,19,25,27,28,2,34,35,8,11,18,20,23,24,26,31
2,4,6,7,8,10,11,17,18,19,20,23,24,26,27,28,31,34,35,38,39>32,33,7,38,17,22,25,27,28,30,2,34,35,8,11,18,20,23,24,26,31
2,4,6,7,8,10,11,17,18,19,20,23,24,26,27,28,31,34,35,38,39>32,4,5,37,10,17,22,30,2,34,35,8,11,18,20,23,24,26,31
2,4,6,7,8,10,11,17,18,19,20,23,24,26,27,28,31,34,35,38,39>32,4,6,7,37,9,38,39,17,30,2,34,35,8,11,18,20,23,24,26,31
3,4,5,35,36,37,9,10,11,39,15,16,18,19,24,25,27,29>36,12,15,16,19,23,24,3,37,39,11,18,25,27
3,4,5,35,36,37,9,10,11,39,15,16,18,19,24,25,27,29>32,4,36,10,13,19,24,29,31,3,37,39,11,18,25,27
3,4,5,35,36,37,9,10,11,39,15,16,18,19,24,25,27,29>35,4,36,13,15,16,22,24,3,37,39,11,18,25,27
3,4,5,35,36,37,9,10,11,39,15,16,18,19,24,25,27,29>32,35,4,5,36,9,12,16,19,23,3,37,39,11,18,25,27
1,3,5,7,8,10,11,13,15,16,19,20,21,22,23,24,26,27,28,29,30,31,34,36,39>7,8,9,39,40,15,21,22,27,1,3,5,11,13,16,19,20,23,24,26,28,29,30,31
1,3,5,7,8,10,11,13,15,16,19,20,21,22,23,24,26,27,28,29,30,31,34,36,39>32,8,9,10,39,12,40,15,18,21,27,1,3,5,11,13,16,19,20,23,24,26,28,29,30,31
1,3,5,7,8,10,11,13,15,16,19,20,21,22,23,24,26,27,28,29,30,31,34,36,39>34,36,7,9,10,12,40,14,21,25,27,1,3,5,11,13,16,19,20,23,24,26,28,29,30,31
1,3,5,7,8,10,11,13,15,16,19,20,21,22,23,24,26,27,28,29,30,31,34,36,39>32,34,35,36,7,8,10,39,15,18,1,3,5,11,13,16,19,20,23,24,26,28,29,30,31
2,3,34,35,37,38,8,40,11,12,13,15,16,18,19,21,24,25,30>35,8,13,15,17,20,2,3,34,37,40,16,18,25
2,3,34,35,37,38,8,40,11,12,13,15,16,18,19,21,24,25,30>38,12,14,19,20,22,23,24,2,3,34,37,40,16,18,25
2,3,34,35,37,38,8,40,11,12,13,15,16,18,19,21,24,25,30>5,38,8,12,13,14,19,21,27,2,3,34,37,40,16,18,25
2,3,34,35,37,38,8,40,11,12,13,15,16,18,19,21,24,25,30>35,8,11,12,17,19,20,27,30,2,3,34,37,40,16,18,25
1,34,40,9,10,15,19,22,23,25,28,30>13,15,19,22,25,1,34,40,23,28
1,34,40,9,10,15,19,22,23,25,28,30>5,9,12,15,18,19,22,27,29,1,34,40,23,28
1,34,40,9,10,15,19,22,23,25,28,30>33,9,10,12,13,15,18,19,22,27,30,1,34,40,23,28
1,34,40,9,10,15,19,22,23,25,28,30>5,9,10,12,13,15,18,27,30,1,34,40,23,28
32,33,3,5,7,8,39,10,11,40,13,14,17,18,19,20,23,25,28,30>32,34,36,7,15,19,22,25,28,33,3,5,39,40,11,13,14,17,18,20,23
32,33,3,5,7,8,39,10,11,40,13,14,17,18,19,20,23,25,28,30>34,9,15,16,19,22,24,25,26,33,3,5,39,40,11,13,14,17,18,20,23
32,33,3,5,7,8,39,10,11,40,13,14,17,18,19,20,23,25,28,30>32,34,7,9,16,22,25,26,28,30,33,3,5,39,40,11,13,14,17,18,20,23
32,33,3,5,7,8,39,10,11,40,13,14,17,18,19,20,23,25,28,30>32,34,36,7,15,19,22,26,30,33,3,5,39,40,11,13,14,17,18,20,23
1,3,4,5,9,10,11,13,14,18,20,21,22,24,27,31,32,33,35,36,38>33,37,9,10,16,25,32,1,3,35,36,38,11,13,14,20,21,22,24,31
1,3,4,5,9,10,11,13,14,18,20,21,22,24,27,31,32,33,35,36,38>34,37,39,9,17,25,27,32,1,3,35,36,38,11,13,14,20,21,22,24,31
1,3,4,5,9,10,11,13,14,18,20,21,22,24,27,31,32,33,35,36,38>4,5,7,39,10,16,17,18,25,28,32,1,3,35,36,38,11,13,14,20,21,22,24,31
1,3,4,5,9,10,11,13,14,18,20,21,22,24,27,31,32,33,35,36,38>33,34,4,7,15,17,18,27,32,1,3,35,36,38,11,13,14,20,21,22,24,31
2,3,4,6,8,9,10,12,13,14,19,20,22,25,26,27,28,29,31,35,36,37,40>33,12,16,18,23,25,2,3,4,35,37,8,9,10,13,14,27,28,29,31
2,3,4,6,8,9,10,12,13,14,19,20,22,25,26,27,28,29,31,35,36,37,40>32,36,6,40,11,15,17,19,22,23,24,25,2,3,4,35,37,8,9,10,13,14,27,28,29,31
2,3,4,6,8,9,10,12,13,14,19,20,22,25,26,27,28,29,31,35,36,37,40>33,36,40,11,16,17,22,30,2,3,4,35,37,8,9,10,13,14,27,28,29,31
2,3,4,6,8,9,10,12,13,14,19,20,22,25,26,27,28,29,31,35,36,37,40>32,33,36,6,39,17,18,19,22,23,26,30,2,3,4,35,37,8,9,10,13,14,27,28,29,31
1,4,5,6,8,10,11,12,14,18,19,20,21,24,25,26,27,28,29,32,34,35,38>10,12,14,15,19,21,22,23,29,34,35,38,32,1,8,11,18,20,24,25,27
1,4,5,6,8,10,11,12,14,18,19,20,21,24,25,26,27,28,29,32,34,35,38>4,9,12,14,28,29,30,31,34,35,38,32,1,8,11,18,20,24,25,27
1,4,5,6,8,10,11,12,14,18,19,20,21,24,25,26,27,28,29,32,34,35,38>5,7,14,15,19,21,23,26,29,31,34,35,38,32,1,8,11,18,20,24,25,27
1,4,5,6,8,10,11,12,14,18,19,20,21,24,25,26,27,28,29,32,34,35,38>5,6,7,9,10,12,14,15,21,22,23,28,29,30,31,33,35,38,32,1,8,11,18,20,24,25,27
6,7,9,10,11,12,15,16,19,20,22,23,24,26,29,30,32,34,35,37,38,40>32,5,7,38,10,13,18,25,28,37,40,9,11,12,19,23,24,26,29,30
6,7,9,10,11,12,15,16,19,20,22,23,24,26,29,30,32,34,35,37,38,40>32,35,6,10,15,16,18,20,25,37,40,9,11,12,19,23,24,26,29,30
6,7,9,10,11,12,15,16,19,20,22,23,24,26,29,30,32,34,35,37,38,40>32,34,35,6,8,18,37,40,9,11,12,19,23,24,26,29,30
6,7,9,10,11,12,15,16,19,20,22,23,24,26,29,30,32,34,35,37,38,40>32,34,35,5,6,38,18,25,37,40,9,11,12,19,23,24,26,29,30
2,4,6,7,9,11,15,16,18,19,20,21,22,27,28,29,33,35,36,39,40>32,7,8,37,15,19,23,27,33,2,36,39,9,18,20,21,22,28,29
2,4,6,7,9,11,15,16,18,19,20,21,22,27,28,29,33,35,36,39,40>32,35,7,8,11,19,31,33,2,36,39,9,18,20,21,22,28,29
2,4,6,7,9,11,15,16,18,19,20,21,22,27,28,29,33,35,36,39,40>32,35,6,37,40,11,16,19,23,27,31,33,2,36,39,9,18,20,21,22,28,29
2,4,6,7,9,11,15,16,18,19,20,21,22,27,28,29,33,35,36,39,40>32,35,4,5,40,16,19,23,27,33,2,36,39,9,18,20,21,22,28,29
37,6,7,39,9,10,13,14,17,23,25,26,27,29,31>6,8,16,23,30,39,9,10,13,14,17,26,27,31
37,6,7,39,9,10,13,14,17,23,25,26,27,29,31>35,6,7,8,37,11,15,16,20,30,39,9,10,13,14,17,26,27,31
37,6,7,39,9,10,13,14,17,23,25,26,27,29,31>32,35,6,7,8,37,15,30,39,9,10,13,14,17,26,27,31
37,6,7,39,9,10,13,14,17,23,25,26,27,29,31>35,5,6,7,8,37,11,20,39,9,10,13,14,17,26,27,31
32,1,35,4,36,6,7,8,38,11,13,14,15,17,21,23,27,29,30,31>5,39,40,13,21,26,27,32,1,35,38,7,8,14,15,17,31
32,1,35,4,36,6,7,8,38,11,13,14,15,17,21,23,27,29,30,31>4,5,36,39,40,16,20,21,30,32,1,35,38,7,8,14,15,17,31
32,1,35,4,36,6,7,8,38,11,13,14,15,17,21,23,27,29,30,31>4,6,36,39,21,23,29,30,32,1,35,38,7,8,14,15,17,31
32,1,35,4,36,6,7,8,38,11,13,14,15,17,21,23,27,29,30,31>4,5,6,36,37,9,39,40,21,23,32,1,35,38,7,8,14,15,17,31
32,33,2,35,36,5,38,17,23,27,29>31,39,32,2,36,5,38
32,33,2,35,36,5,38,17,23,27,29>33,17,32,2,36,5,38
32,33,2,35,36,5,38,17,23,27,29>31,33,37,20,32,2,36,5,38
32,33,2,35,36,5,38,17,23,27,29>35,37,39,17,26,29,32,2,36,5,38
2,3,5,6,7,8,9,13,14,16,17,20,23,24,25,28,30,31,32,34,35,36,37,38,39>32,6,7,39,40,10,13,15,26,27,30,31,2,3,34,5,35,37,8,9,38,14,16,17,20,24,25
2,3,5,6,7,8,9,13,14,16,17,20,23,24,25,28,30,31,32,34,35,36,37,38,39>4,7,39,15,23,31,2,3,34,5,35,37,8,9,38,14,16,17,20,24,25
2,3,5,6,7,8,9,13,14,16,17,20,23,24,25,28,30,31,32,34,35,36,37,38,39>32,4,36,7,10,13,23,2,3,34,5,35,37,8,9,38,14,16,17,20,24,25
2,3,5,6,7,8,9,13,14,16,17,20,23,24,25,28,30,31,32,34,35,36,37,38,39>32,36,39,40,13,26,30,2,3,34,5,35,37,8,9,38,14,16,17,20,24,25
3,4,5,6,7,8,9,37,38,13,14,18,19,22,23,25,29>39,10,13,17,21,25,27,3,4,5,8,9,14,18,22,23,29
3,4,5,6,7,8,9,37,38,13,14,18,19,22,23,25,29>37,15,19,21,25,26,27,28,3,4,5,8,9,14,18,22,23,29
3,4,5,6,7,8,9,37,38,13,14,18,19,22,23,25,29>37,6,7,38,16,21,25,26,28,3,4,5,8,9,14,18,22,23,29
3,4,5,6,7,8,9,37,38,13,14,18,19,22,23,25,29>37,6,7,38,10,13,15,17,27,28,3,4,5,8,9,14,18,22,23,29
1,2,3,4,5,7,8,11,12,13,15,16,19,24,25,27,28,31,32,33,34,35,36,37,40>8,9,40,11,12,18,19,23,32,1,2,3,33,5,34,7,35,36,37,16,25,27,31
1,2,3,4,5,7,8,11,12,13,15,16,19,24,25,27,28,31,32,33,34,35,36,37,40>4,38,8,9,40,14,15,19,23,32,1,2,3,33,5,34,7,35,36,37,16,25,27,31
1,2,3,4,5,7,8,11,12,13,15,16,19,24,25,27,28,31,32,33,34,35,36,37,40>4,8,12,13,17,18,19,28,32,1,2,3,33,5,34,7,35,36,37,16,25,27,31
1,2,3,4,5,7,8,11,12,13,15,16,19,24,25,27,28,31,32,33,34,35,36,37,40>4,38,8,9,40,14,15,17,32,1,2,3,33,5,34,7,35,36,37,16,25,27,31
1,33,3,4,35,38,7,8,9,39,11,13,15,17,18,20,22,23>13,14,16,18,23,35,36,1,3,39,7,9,17,20,22
1,33,3,4,35,38,7,8,9,39,11,13,15,17,18,20,22,23>8,14,15,16,21,28,33,35,37,1,3,39,7,9,17,20,22
1,33,3,4,35,38,7,8,9,39,11,13,15,17,18,20,22,23>5,8,13,15,18,21,26,29,34,35,36,1,3,39,7,9,17,20,22
1,33,3,4,35,38,7,8,9,39,11,13,15,17,18,20,22,23>4,5,8,14,16,18,21,28,33,34,35,37,38,1,3,39,7,9,17,20,22
1,33,3,5,6,7,8,39,10,11,13,19,22,23,24,29,31>16,33,6,31,1,3,5,7,8,39,11,13,23,29
1,33,3,5,6,7,8,39,10,11,13,19,22,23,24,29,31>35,36,16,22,24,25,1,3,5,7,8,39,11,13,23,29
1,33,3,5,6,7,8,39,10,11,13,19,22,23,24,29,31>33,9,14,16,17,18,22,26,28,1,3,5,7,8,39,11,13,23,29
1,33,3,5,6,7,8,39,10,11,13,19,22,23,24,29,31>35,36,6,9,10,16,17,28,31,1,3,5,7,8,39,11,13,23,29
1,2,3,33,5,6,7,8,9,35,11,37,13,38,16,17,24,25,28>34,35,6,20,24,1,2,3,33,5,37,7,8,9,16,17,25
1,2,3,33,5,6,7,8,9,35,11,37,13,38,16,17,24,25,28>13,36,27,28,1,2,3,33,5,37,7,8,9,16,17,25
1,2,3,33,5,6,7,8,9,35,11,37,13,38,16,17,24,25,28>34,36,6,38,11,13,14,20,24,28,1,2,3,33,5,37,7,8,9,16,17,25
1,2,3,33,5,6,7,8,9,35,11,37,13,38,16,17,24,25,28>34,35,36,39,14,20,1,2,3,33,5,37,7,8,9,16,17,25
32,33,35,4,6,38,39,9,10,11,13,14,17,20,22,24,25,26,31>6,37,8,10,15,22,28,29,30,31,35,39,9,11,13,14,17,20,24,25
32,33,35,4,6,38,39,9,10,11,13,14,17,20,22,24,25,26,31>34,4,6,8,10,22,26,27,30,31,35,39,9,11,13,14,17,20,24,25
32,33,35,4,6,38,39,9,10,11,13,14,17,20,22,24,25,26,31>34,6,8,16,22,26,29,35,39,9,11,13,14,17,20,24,25
32,33,35,4,6,38,39,9,10,11,13,14,17,20,22,24,25,26,31>33,6,37,8,38,15,28,29,30,35,39,9,11,13,14,17,20,24,25
32,33,35,4,5,36,38,8,39,12,16,19,20,21,22,25,27,30,31>34,5,40,18,21,22,24,29,32,35,36,38,39,20,27,31
32,33,35,4,5,36,38,8,39,12,16,19,20,21,22,25,27,30,31>33,34,37,12,18,21,22,23,25,28,32,35,36,38,39,20,27,31
32,33,35,4,5,36,38,8,39,12,16,19,20,21,22,25,27,30,31>34,5,8,16,18,25,30,32,35,36,38,39,20,27,31
32,33,35,4,5,36,38,8,39,12,16,19,20,21,22,25,27,30,31>34,4,5,37,12,24,28,29,30,32,35,36,38,39,20,27,31
5,6,7,10,11,12,15,17,19,20,21,23,24,25,27,32,34,36,37,38,39>37,7,8,9,19,26,31,32,34,5,38,11,12,20,23,24,25,27
5,6,7,10,11,12,15,17,19,20,21,23,24,25,27,32,34,36,37,38,39>36,37,7,10,13,15,17,18,19,26,32,34,5,38,11,12,20,23,24,25,27
5,6,7,10,11,12,15,17,19,20,21,23,24,25,27,32,34,36,37,38,39>36,37,8,10,39,13,17,18,21,26,32,34,5,38,11,12,20,23,24,25,27
5,6,7,10,11,12,15,17,19,20,21,23,24,25,27,32,34,36,37,38,39>36,37,6,9,39,13,15,19,21,32,34,5,38,11,12,20,23,24,25,27
32,37,7,39,9,10,40,21,23,24,26,27,30>37,7,10,11,13,20,21,27,31,32,39,40,9,26,30
32,37,7,39,9,10,40,21,23,24,26,27,30>5,7,13,24,25,31,32,39,40,9,26,30
32,37,7,39,9,10,40,21,23,24,26,27,30>37,7,10,11,13,20,23,24,25,27,32,39,40,9,26,30
32,37,7,39,9,10,40,21,23,24,26,27,30>5,10,11,13,21,24,25,27,32,39,40,9,26,30
2,5,6,7,8,9,11,12,13,14,15,16,17,18,19,21,23,31,32,33,34,36,37,39>33,6,7,19,20,22,26,31,2,34,36,5,8,9,14,15,16,17,18,23
2,5,6,7,8,9,11,12,13,14,15,16,17,18,19,21,23,31,32,33,34,36,37,39>32,33,37,7,13,20,22,26,31,2,34,36,5,8,9,14,15,16,17,18,23
2,5,6,7,8,9,11,12,13,14,15,16,17,18,19,21,23,31,32,33,34,36,37,39>35,37,6,38,19,26,31,2,34,36,5,8,9,14,15,16,17,18,23
2,5,6,7,8,9,11,12,13,14,15,16,17,18,19,21,23,31,32,33,34,36,37,39>32,33,35,37,7,38,11,19,20,21,2,34,36,5,8,9,14,15,16,17,18,23
1,33,3,4,35,6,39,40,9,11,13,19,20,21,26>4,6,13,14,17,19,24,30,33,34,36,37,40,1,3,39,9,20
1,33,3,4,35,6,39,40,9,11,13,19,20,21,26>4,6,8,11,16,18,21,26,30,35,36,37,40,1,3,39,9,20
1,33,3,4,35,6,39,40,9,11,13,19,20,21,26>4,7,11,14,16,17,18,21,23,24,34,36,1,3,39,9,20
1,33,3,4,35,6,39,40,9,11,13,19,20,21,26>4,6,11,14,16,17,19,26,34,35,36,37,1,3,39,9,20
1,2,4,5,6,7,8,9,10,11,12,13,16,18,19,21,22,23,25,26,30,33,34,35,38>36,37,38,40,10,14,17,20,28,1,2,34,5,7,8,9,11,13,16,18,21,22,23,26,30
1,2,4,5,6,7,8,9,10,11,12,13,16,18,19,21,22,23,25,26,30,33,34,35,38>35,36,6,37,10,12,14,25,27,29,1,2,34,5,7,8,9,11,13,16,18,21,22,23,26,30
1,2,4,5,6,7,8,9,10,11,12,13,16,18,19,21,22,23,25,26,30,33,34,35,38>33,4,36,37,38,40,10,17,20,25,29,1,2,34,5,7,8,9,11,13,16,18,21,22,23,26,30
1,2,4,5,6,7,8,9,10,11,12,13,16,18,19,21,22,23,25,26,30,33,34,35,38>35,37,38,14,17,1,2,34,5,7,8,9,11,13,16,18,21,22,23,26,30
32,2,36,38,7,39,9,10,14,18,19,21,26,29>32,11,14,19,21,30,2,38,39,9,18
32,2,36,38,7,39,9,10,14,18,19,21,26,29>36,10,13,14,23,26,30,2,38,39,9,18
32,2,36,38,7,39,9,10,14,18,19,21,26,29>32,5,7,11,14,15,20,22,26,29,30,2,38,39,9,18
32,2,36,38,7,39,9,10,14,18,19,21,26,29>36,13,14,15,19,20,29,30,2,38,39,9,18
3,35,36,37,7,8,9,39,40,13,14,15,16,17,18,22,24,27>32,4,8,40,13,20,21,25,27,28,3,37,39,9,14,15,16,17,22
3,35,36,37,7,8,9,39,40,13,14,15,16,17,18,22,24,27>34,36,7,21,24,25,27,29,3,37,39,9,14,15,16,17,22
3,35,36,37,7,8,9,39,40,13,14,15,16,17,18,22,24,27>34,4,40,13,18,20,21,28,31,3,37,39,9,14,15,16,17,22
3,35,36,37,7,8,9,39,40,13,14,15,16,17,18,22,24,27>35,5,13,20,21,25,27,28,29,31,3,37,39,9,14,15,16,17,22
2,4,5,7,8,9,11,12,13,15,16,18,19,20,21,22,23,25,26,30,35,37>7,11,12,13,17,19,27,2,5,37,9,16,18,20,21,22,23,26,30
2,4,5,7,8,9,11,12,13,15,16,18,19,20,21,22,23,25,26,30,35,37>4,11,15,24,27,29,2,5,37,9,16,18,20,21,22,23,26,30
2,4,5,7,8,9,11,12,13,15,16,18,19,20,21,22,23,25,26,30,35,37>35,4,39,11,12,13,14,15,28,29,2,5,37,9,16,18,20,21,22,23,26,30
2,4,5,7,8,9,11,12,13,15,16,18,19,20,21,22,23,25,26,30,35,37>35,4,8,13,15,19,24,27,29,2,5,37,9,16,18,20,21,22,23,26,30
1,3,4,7,8,9,11,12,13,14,17,18,20,23,25,26,27,30,36,37,39>36,8,40,11,13,25,1,3,7,39,9,14,17,20,26,27,30
1,3,4,7,8,9,11,12,13,14,17,18,20,23,25,26,27,30,36,37,39>32,5,11,12,13,15,16,18,22,24,1,3,7,39,9,14,17,20,26,27,30
1,3,4,7,8,9,11,12,13,14,17,18,20,23,25,26,27,30,36,37,39>32,4,5,8,40,15,22,24,1,3,7,39,9,14,17,20,26,27,30
1,3,4,7,8,9,11,12,13,14,17,18,20,23,25,26,27,30,36,37,39>32,34,4,37,8,11,12,13,16,23,24,1,3,7,39,9,14,17,20,26,27,30
1,2,5,8,10,12,14,16,17,19,20,21,24,26,27,30,32,33,35,36,37,39>8,14,16,18,19,23,26,33,35,32,1,2,36,5,37,39,20,24,30
1,2,5,8,10,12,14,16,17,19,20,21,24,26,27,30,32,33,35,36,37,39>11,12,13,14,15,17,19,21,23,25,26,31,33,34,38,40,32,1,2,36,5,37,39,20,24,30
1,2,5,8,10,12,14,16,17,19,20,21,24,26,27,30,32,33,35,36,37,39>8,11,16,19,27,31,33,35,40,32,1,2,36,5,37,39,20,24,30
1,2,5,8,10,12,14,16,17,19,20,21,24,26,27,30,32,33,35,36,37,39>8,10,11,12,14,16,18,23,25,26,27,31,35,38,40,32,1,2,36,5,37,39,20,24,30
1,4,5,6,7,10,12,14,18,19,22,23,26,29,31,32,33,34,36,37,38,40>11,12,14,15,19,21,31,34,35,37,1,36,5,38,7,18,22,23,26,29
1,4,5,6,7,10,12,14,18,19,22,23,26,29,31,32,33,34,36,37,38,40>6,9,11,13,14,15,19,32,35,1,36,5,38,7,18,22,23,26,29
1,4,5,6,7,10,12,14,18,19,22,23,26,29,31,32,33,34,36,37,38,40>4,8,10,12,13,14,19,33,34,35,37,40,1,36,5,38,7,18,22,23,26,29
1,4,5,6,7,10,12,14,18,19,22,23,26,29,31,32,33,34,36,37,38,40>4,6,8,12,15,19,21,32,33,37,1,36,5,38,7,18,22,23,26,29
32,33,3,35,37,6,7,40,15,17,19,20,21,22,23,24,25,27,28,29>4,5,7,8,9,36,39,40,18,19,21,22,32,33,3,37,20,23,24,25,27,28,29
32,33,3,35,37,6,7,40,15,17,19,20,21,22,23,24,25,27,28,29>4,5,6,8,36,39,40,17,18,19,22,26,32,33,3,37,20,23,24,25,27,28,29
32,33,3,35,37,6,7,40,15,17,19,20,21,22,23,24,25,27,28,29>35,5,6,7,8,39,15,17,18,22,26,31,32,33,3,37,20,23,24,25,27,28,29
32,33,3,35,37,6,7,40,15,17,19,20,21,22,23,24,25,27,28,29>4,5,8,9,39,40,15,17,18,21,31,32,33,3,37,20,23,24,25,27,28,29
1,2,3,4,5,9,10,11,12,14,15,17,18,20,22,24,25,26,27,28,29,30,31,32,33,34,35,37,38,39>34,36,7,38,9,13,17,18,26,32,1,2,3,33,35,37,11,12,15,20,22,24,25,27,28,29,30,31
1,2,3,4,5,9,10,11,12,14,15,17,18,20,22,24,25,26,27,28,29,30,31,32,33,34,35,37,38,39>4,36,7,38,10,13,14,18,21,26,32,1,2,3,33,35,37,11,12,15,20,22,24,25,27,28,29,30,31
1,2,3,4,5,9,10,11,12,14,15,17,18,20,22,24,25,26,27,28,29,30,31,32,33,34,35,37,38,39>4,7,9,39,13,17,21,32,1,2,3,33,35,37,11,12,15,20,22,24,25,27,28,29,30,31
1,2,3,4,5,9,10,11,12,14,15,17,18,20,22,24,25,26,27,28,29,30,31,32,33,34,35,37,38,39>34,36,7,13,14,18,26,32,1,2,3,33,35,37,11,12,15,20,22,24,25,27,28,29,30,31
32,34,35,36,5,38,8,40,10,12,14,18,20,21,22,28,29,30,31>33,37,10,11,14,18,31,35,5,38,40,20,21,22,28,29
32,34,35,36,5,38,8,40,10,12,14,18,20,21,22,28,29,30,31>34,36,10,12,13,15,18,35,5,38,40,20,21,22,28,29
32,34,35,36,5,38,8,40,10,12,14,18,20,21,22,28,29,30,31>32,34,8,10,12,15,18,24,35,5,38,40,20,21,22,28,29
32,34,35,36,5,38,8,40,10,12,14,18,20,21,22,28,29,30,31>33,34,11,12,13,14,15,30,31,35,5,38,40,20,21,22,28,29
2,3,4,5,34,35,8,36,37,40,12,13,19,20,22,23,27>5,13,17,18,24,27,28,36,40,2,3,4,37,34,23
2,3,4,5,34,35,8,36,37,40,12,13,19,20,22,23,27>8,14,16,17,26,27,31,32,35,36,2,3,4,37,34,23
2,3,4,5,34,35,8,36,37,40,12,13,19,20,22,23,27>12,13,17,19,24,28,35,40,2,3,4,37,34,23
2,3,4,5,34,35,8,36,37,40,12,13,19,20,22,23,27>8,12,20,22,27,29,31,36,2,3,4,37,34,23
1,2,3,35,6,7,38,9,40,13,17,19,23,25,27,28,29,30>10,26,29,30,32,33,37,38,39,1,2,3,6,7,40,9,17,23,27
1,2,3,35,6,7,38,9,40,13,17,19,23,25,27,28,29,30>4,10,13,14,16,18,20,29,31,32,38,39,1,2,3,6,7,40,9,17,23,27
1,2,3,35,6,7,38,9,40,13,17,19,23,25,27,28,29,30>4,5,10,16,18,19,29,30,37,38,39,1,2,3,6,7,40,9,17,23,27
1,2,3,35,6,7,38,9,40,13,17,19,23,25,27,28,29,30>4,5,10,13,14,18,19,29,30,38,1,2,3,6,7,40,9,17,23,27
34,3,35,39,40,10,14,18,19,20,21,22,23,24,25,28,29,31>39,10,13,14,19,35,3,18,20,21,22,23,24,25,28,29
34,3,35,39,40,10,14,18,19,20,21,22,23,24,25,28,29,31>33,4,37,39,40,13,14,35,3,18,20,21,22,23,24,25,28,29
34,3,35,39,40,10,14,18,19,20,21,22,23,24,25,28,29,31>34,4,37,39,10,19,35,3,18,20,21,22,23,24,25,28,29
34,3,35,39,40,10,14,18,19,20,21,22,23,24,25,28,29,31>33,34,4,39,40,13,15,27,35,3,18,20,21,22,23,24,25,28,29
5,9,10,12,13,15,16,17,18,22,23,24,25,26,27,30,31,34,36,38,39>32,35,36,39,40,9,11,14,15,19,20,23,24,34,5,12,13,16,17,22,25,26,27,30,31
5,9,10,12,13,15,16,17,18,22,23,24,25,26,27,30,31,34,36,38,39>36,38,10,11,18,19,20,21,23,34,5,12,13,16,17,22,25,26,27,30,31
5,9,10,12,13,15,16,17,18,22,23,24,25,26,27,30,31,34,36,38,39>32,36,38,40,10,11,14,19,21,23,24,29,34,5,12,13,16,17,22,25,26,27,30,31
5,9,10,12,13,15,16,17,18,22,23,24,25,26,27,30,31,34,36,38,39>32,35,36,40,11,15,18,21,23,28,29,34,5,12,13,16,17,22,25,26,27,30,31
32,1,2,33,34,5,38,9,10,12,16,17,23,24,25,26,29,30,31>32,35,38,40,10,13,17,20,23,27,29,31,1,2,5,25,26,30
32,1,2,33,34,5,38,9,10,12,16,17,23,24,25,26,29,30,31>33,40,9,16,17,20,23,24,29,31,1,2,5,25,26,30
32,1,2,33,34,5,38,9,10,12,16,17,23,24,25,26,29,30,31>32,34,35,38,40,9,11,17,20,29,1,2,5,25,26,30
32,1,2,33,34,5,38,9,10,12,16,17,23,24,25,26,29,30,31>32,33,34,38,10,11,12,17,24,27,29,31,1,2,5,25,26,30
5,6,7,8,9,10,12,14,15,19,20,21,22,24,25,26,27,29,30,32,33,35,36,37,38>35,40,11,13,21,22,23,26,28,31,32,36,5,37,38,8,9,10,12,15,20,24,25,27,29,30
5,6,7,8,9,10,12,14,15,19,20,21,22,24,25,26,27,29,30,32,33,35,36,37,38>6,11,13,14,18,23,26,31,32,36,5,37,38,8,9,10,12,15,20,24,25,27,29,30
5,6,7,8,9,10,12,14,15,19,20,21,22,24,25,26,27,29,30,32,33,35,36,37,38>33,6,7,39,13,18,19,21,23,26,31,32,36,5,37,38,8,9,10,12,15,20,24,25,27,29,30
5,6,7,8,9,10,12,14,15,19,20,21,22,24,25,26,27,29,30,32,33,35,36,37,38>35,6,7,40,11,13,14,22,23,26,31,32,36,5,37,38,8,9,10,12,15,20,24,25,27,29,30
3,4,5,35,7,8,37,38,11,12,39,14,40,18,19,20,23,30,31>14,19,8,26,35,3,37,5,39,40,18,23
3,4,5,35,7,8,37,38,11,12,39,14,40,18,19,20,23,30,31>34,12,14,15,19,22,24,30,35,3,37,5,39,40,18,23
3,4,5,35,7,8,37,38,11,12,39,14,40,18,19,20,23,30,31>38,7,11,12,20,31,35,3,37,5,39,40,18,23
3,4,5,35,7,8,37,38,11,12,39,14,40,18,19,20,23,30,31>38,7,8,9,11,14,20,22,26,30,31,35,3,37,5,39,40,18,23
2,6,7,8,9,10,11,13,14,15,18,19,21,22,23,24,25,26,27,28,29,30,32,34,35,36,37,38,40>33,5,6,12,16,17,31,2,8,9,11,13,14,15,18,21,22,23,25,26,27,28,29,30,32,37,38,40
2,6,7,8,9,10,11,13,14,15,18,19,21,22,23,24,25,26,27,28,29,30,32,34,35,36,37,38,40>33,34,5,10,20,24,31,2,8,9,11,13,14,15,18,21,22,23,25,26,27,28,29,30,32,37,38,40
2,6,7,8,9,10,11,13,14,15,18,19,21,22,23,24,25,26,27,28,29,30,32,34,35,36,37,38,40>35,36,5,6,16,17,19,20,2,8,9,11,13,14,15,18,21,22,23,25,26,27,28,29,30,32,37,38,40
2,6,7,8,9,10,11,13,14,15,18,19,21,22,23,24,25,26,27,28,29,30,32,34,35,36,37,38,40>33,34,35,36,5,10,12,16,17,19,24,31,2,8,9,11,13,14,15,18,21,22,23,25,26,27,28,29,30,32,37,38,40
2,3,5,7,8,9,11,12,15,16,18,21,22,23,24,27,28,30,33,34,35,38,39>12,18,23,24,35,33,2,3,34,5,9,21,22,28
2,3,5,7,8,9,11,12,15,16,18,21,22,23,24,27,28,30,33,34,35,38,39>15,23,25,26,30,31,32,37,38,33,2,3,34,5,9,21,22,28
2,3,5,7,8,9,11,12,15,16,18,21,22,23,24,27,28,30,33,34,35,38,39>7,11,12,15,23,29,30,37,38,39,33,2,3,34,5,9,21,22,28
2,3,5,7,8,9,11,12,15,16,18,21,22,23,24,27,28,30,33,34,35,38,39>7,15,23,24,27,29,30,35,36,33,2,3,34,5,9,21,22,28
2,3,5,8,9,10,11,12,14,15,17,18,22,23,24,27,28,29,31,32,35,36,38,39>8,10,17,18,21,25,32,2,3,35,5,38,39,11,12,15,22,28,29,31
2,3,5,8,9,10,11,12,14,15,17,18,22,23,24,27,28,29,31,32,35,36,38,39>33,9,17,18,21,24,26,32,2,3,35,5,38,39,11,12,15,22,28,29,31
2,3,5,8,9,10,11,12,14,15,17,18,22,23,24,27,28,29,31,32,35,36,38,39>36,9,10,14,17,18,20,23,24,25,27,32,2,3,35,5,38,39,11,12,15,22,28,29,31
2,3,5,8,9,10,11,12,14,15,17,18,22,23,24,27,28,29,31,32,35,36,38,39>33,8,9,10,13,14,18,21,25,26,32,2,3,35,5,38,39,11,12,15,22,28,29,31
1,2,33,34,5,36,37,8,12,14,19,20,21,23,24,28,29,30,31>34,8,40,14,15,18,19,21,25,26,1,2,33,36,5,20,23,24
1,2,33,34,5,36,37,8,12,14,19,20,21,23,24,28,29,30,31>37,8,12,14,15,18,19,25,26,29,30,1,2,33,36,5,20,23,24
1,2,33,34,5,36,37,8,12,14,19,20,21,23,24,28,29,30,31>37,8,40,12,21,28,29,31,1,2,33,36,5,20,23,24
1,2,33,34,5,36,37,8,12,14,19,20,21,23,24,28,29,30,31>34,37,40,14,15,21,25,26,30,31,1,2,33,36,5,20,23,24
32,33,2,3,4,37,38,7,11,14,16,21,22,24,25,26,27,31>14,15,16,20,21,22,24,26,28,30,34,35,37,39,32,2,3,25,27,31
32,33,2,3,4,37,38,7,11,14,16,21,22,24,25,26,27,31>4,9,14,16,20,21,22,24,26,28,29,33,34,37,38,39,32,2,3,25,27,31
32,33,2,3,4,37,38,7,11,14,16,21,22,24,25,26,27,31>4,5,11,16,34,37,32,2,3,25,27,31
32,33,2,3,4,37,38,7,11,14,16,21,22,24,25,26,27,31>4,7,11,16,20,21,28,29,30,33,35,38,39,32,2,3,25,27,31
2,4,5,6,7,10,12,13,14,16,17,20,21,24,25,28,30,31,34,35,37,39>33,10,12,39,40,21,28,30,2,34,35,5,37,13,14,16,17,20,24,25
2,4,5,6,7,10,12,13,14,16,17,20,21,24,25,28,30,31,34,35,37,39>6,7,8,9,11,39,21,28,31,2,34,35,5,37,13,14,16,17,20,24,25
2,4,5,6,7,10,12,13,14,16,17,20,21,24,25,28,30,31,34,35,37,39>33,6,7,8,40,21,30,31,2,34,35,5,37,13,14,16,17,20,24,25
2,4,5,6,7,10,12,13,14,16,17,20,21,24,25,28,30,31,34,35,37,39>33,6,7,8,9,10,11,39,40,15,27,30,31,2,34,35,5,37,13,14,16,17,20,24,25
32,1,33,3,34,35,6,7,36,10,14,15,17,23,24,30,31>4,5,8,10,11,12,13,17,23,33,1,34,3,35,36,7,15
32,1,33,3,34,35,6,7,36,10,14,15,17,23,24,30,31>6,9,13,20,23,24,25,31,32,33,37,40,1,34,3,35,36,7,15
32,1,33,3,34,35,6,7,36,10,14,15,17,23,24,30,31>6,9,13,14,17,23,24,37,38,1,34,3,35,36,7,15
32,1,33,3,34,35,6,7,36,10,14,15,17,23,24,30,31>4,5,6,8,11,20,23,25,26,1,34,3,35,36,7,15
1,2,3,7,8,12,15,16,18,21,23,24,25,28,29,30,31,32,35,37,38,39,40>7,12,20,24,27,28,29,32,38,1,2,3,35,37,39,40,25
1,2,3,7,8,12,15,16,18,21,23,24,25,28,29,30,31,32,35,37,38,39,40>4,7,8,9,15,20,22,23,24,26,27,29,30,31,32,33,1,2,3,35,37,39,40,25
1,2,3,7,8,12,15,16,18,21,23,24,25,28,29,30,31,32,35,37,38,39,40>4,6,12,18,24,26,27,28,29,30,32,33,1,2,3,35,37,39,40,25
1,2,3,7,8,12,15,16,18,21,23,24,25,28,29,30,31,32,35,37,38,39,40>5,6,9,12,18,24,30,31,32,33,1,2,3,35,37,39,40,25
1,3,4,6,7,8,9,10,11,12,15,17,20,24,26,28,29,32,33,38,39,40>36,38,40,15,28,29,30,1,33,3,7,8,9,39,11,12,20,24
1,3,4,6,7,8,9,10,11,12,15,17,20,24,26,28,29,32,33,38,39,40>32,6,38,40,10,17,26,29,30,1,33,3,7,8,9,39,11,12,20,24
1,3,4,6,7,8,9,10,11,12,15,17,20,24,26,28,29,32,33,38,39,40>5,6,38,10,28,29,1,33,3,7,8,9,39,11,12,20,24
1,3,4,6,7,8,9,10,11,12,15,17,20,24,26,28,29,32,33,38,39,40>4,5,40,10,15,17,26,28,29,1,33,3,7,8,9,39,11,12,20,24
1,34,35,4,5,36,37,8,9,39,11,13,18,19,22,25,28,29,30,31>4,8,11,13,14,16,19,23,30,31,36,40,1,35,37,18,22,28,29
1,34,35,4,5,36,37,8,9,39,11,13,18,19,22,25,28,29,30,31>5,8,11,14,17,19,21,23,27,30,33,34,36,39,40,1,35,37,18,22,28,29
1,34,35,4,5,36,37,8,9,39,11,13,18,19,22,25,28,29,30,31>4,5,8,9,11,13,16,21,27,34,36,39,40,1,35,37,18,22,28,29
1,34,35,4,5,36,37,8,9,39,11,13,18,19,22,25,28,29,30,31>5,7,8,13,14,17,31,34,36,39,1,35,37,18,22,28,29
33,34,3,36,5,6,37,8,10,13,15,19,25>33,10,12,15,16,17,18,27,34,3,36,5,8,13
33,34,3,36,5,6,37,8,10,13,15,19,25>33,4,6,10,15,18,25,27,34,3,36,5,8,13
33,34,3,36,5,6,37,8,10,13,15,19,25>4,37,6,11,14,16,17,19,23,27,34,3,36,5,8,13
33,34,3,36,5,6,37,8,10,13,15,19,25>33,4,6,10,11,15,16,17,34,3,36,5,8,13
2,3,4,6,8,9,11,12,13,14,15,18,19,20,21,23,25,26,28,30,33,36,37,38,40>34,4,6,39,11,12,13,16,17,19,21,22,25,33,2,3,36,8,9,40,14,15,18,20,23,26,30
2,3,4,6,8,9,11,12,13,14,15,18,19,20,21,23,25,26,28,30,33,36,37,38,40>37,6,11,13,16,19,21,25,27,28,33,2,3,36,8,9,40,14,15,18,20,23,26,30
2,3,4,6,8,9,11,12,13,14,15,18,19,20,21,23,25,26,28,30,33,36,37,38,40>37,6,38,13,16,19,21,22,24,27,28,33,2,3,36,8,9,40,14,15,18,20,23,26,30
2,3,4,6,8,9,11,12,13,14,15,18,19,20,21,23,25,26,28,30,33,36,37,38,40>34,4,37,6,16,21,22,27,28,33,2,3,36,8,9,40,14,15,18,20,23,26,30
2,4,6,7,8,9,12,13,14,16,19,21,22,27,30,31,33,34,35,36,37,40>4,5,12,13,18,19,21,22,30,32,2,35,34,37,36,8,9,40,14,16,31
2,4,6,7,8,9,12,13,14,16,19,21,22,27,30,31,33,34,35,36,37,40>6,7,10,12,13,15,17,27,2,35,34,37,36,8,9,40,14,16,31
2,4,6,7,8,9,12,13,14,16,19,21,22,27,30,31,33,34,35,36,37,40>5,6,7,12,13,15,18,22,23,27,29,30,2,35,34,37,36,8,9,40,14,16,31
2,4,6,7,8,9,12,13,14,16,19,21,22,27,30,31,33,34,35,36,37,40>4,5,6,10,19,22,23,27,30,32,33,2,35,34,37,36,8,9,40,14,16,31
2,5,7,10,11,12,13,14,16,17,18,19,21,22,24,28,30,33,34,37,38,40>37,9,15,20,25,30,33,2,34,5,40,11,13,14,16,17,18,21,22,28
2,5,7,10,11,12,13,14,16,17,18,19,21,22,24,28,30,33,34,37,38,40>36,37,12,20,23,24,29,33,2,34,5,40,11,13,14,16,17,18,21,22,28
2,5,7,10,11,12,13,14,16,17,18,19,21,22,24,28,30,33,34,37,38,40>38,9,12,15,20,25,30,33,2,34,5,40,11,13,14,16,17,18,21,22,28
2,5,7,10,11,12,13,14,16,17,18,19,21,22,24,28,30,33,34,37,38,40>36,37,38,9,10,23,30,33,2,34,5,40,11,13,14,16,17,18,21,22,28
1,4,5,6,7,8,9,10,11,14,15,18,21,22,23,28,31,33,35,36,38,40>34,38,39,10,12,18,23,26,29,1,33,35,36,5,7,8,9,11,15,21,22,28
1,4,5,6,7,8,9,10,11,14,15,18,21,22,23,28,31,33,35,36,38,40>34,4,37,6,39,40,10,12,13,20,26,29,31,1,33,35,36,5,7,8,9,11,15,21,22,28
1,4,5,6,7,8,9,10,11,14,15,18,21,22,23,28,31,33,35,36,38,40>4,37,38,40,12,13,14,20,26,1,33,35,36,5,7,8,9,11,15,21,22,28
1,4,5,6,7,8,9,10,11,14,15,18,21,22,23,28,31,33,35,36,38,40>34,4,37,38,40,10,12,20,26,29,31,1,33,35,36,5,7,8,9,11,15,21,22,28
1,3,8,9,13,14,15,16,17,19,20,25,27,28,29,32,33,35,37,38,39,40>35,5,36,38,9,40,13,18,28,32,1,33,3,37,39,14,15,16,17,20,27
1,3,8,9,13,14,15,16,17,19,20,25,27,28,29,32,33,35,37,38,39,40>4,8,9,13,18,19,23,32,1,33,3,37,39,14,15,16,17,20,27
1,3,8,9,13,14,15,16,17,19,20,25,27,28,29,32,33,35,37,38,39,40>35,5,9,40,13,24,25,28,29,32,1,33,3,37,39,14,15,16,17,20,27
1,3,8,9,13,14,15,16,17,19,20,25,27,28,29,32,33,35,37,38,39,40>4,38,8,9,18,19,24,29,31,32,1,33,3,37,39,14,15,16,17,20,27
33,2,35,37,6,7,39,11,12,15,17,19,22,23,24,26,28,29>6,9,12,17,20,33,2,37,39,23,26,28,29
33,2,35,37,6,7,39,11,12,15,17,19,22,23,24,26,28,29>35,9,12,19,20,22,24,25,33,2,37,39,23,26,28,29
33,2,35,37,6,7,39,11,12,15,17,19,22,23,24,26,28,29>35,11,19,22,24,25,33,2,37,39,23,26,28,29
33,2,35,37,6,7,39,11,12,15,17,19,22,23,24,26,28,29>35,36,5,7,9,11,17,18,19,22,24,33,2,37,39,23,26,28,29
1,2,3,4,5,6,8,12,13,14,15,16,18,21,24,25,27,28,29,33,34,35,36,37,40>35,6,7,40,13,17,18,20,21,24,28,29,31,1,2,3,4,33,36,37,8,14,15,16,25,27
1,2,3,4,5,6,8,12,13,14,15,16,18,21,24,25,27,28,29,33,34,35,36,37,40>32,5,6,7,9,12,17,28,29,1,2,3,4,33,36,37,8,14,15,16,25,27
1,2,3,4,5,6,8,12,13,14,15,16,18,21,24,25,27,28,29,33,34,35,36,37,40>35,5,9,17,18,20,21,22,28,29,1,2,3,4,33,36,37,8,14,15,16,25,27
1,2,3,4,5,6,8,12,13,14,15,16,18,21,24,25,27,28,29,33,34,35,36,37,40>5,9,12,13,20,24,1,2,3,4,33,36,37,8,14,15,16,25,27
1,3,4,5,6,7,9,12,15,16,17,18,20,22,25,30,31,33,35,36,38,39>8,15,16,25,28,30,31,33,34,37,38,1,3,4,5,35,7,36,9,39,20,22
1,3,4,5,6,7,9,12,15,16,17,18,20,22,25,30,31,33,35,36,38,39>10,25,29,30,33,34,37,1,3,4,5,35,7,36,9,39,20,22
1,3,4,5,6,7,9,12,15,16,17,18,20,22,25,30,31,33,35,36,38,39>8,15,17,21,25,27,28,30,31,33,34,37,1,3,4,5,35,7,36,9,39,20,22
1,3,4,5,6,7,9,12,15,16,17,18,20,22,25,30,31,33,35,36,38,39>8,10,12,15,17,18,21,24,28,30,31,33,1,3,4,5,35,7,36,9,39,20,22
32,35,4,37,40,9,10,12,15,19,21,24,26,29,30,31>4,9,10,11,13,15,19,20,21,23,24,35,37,40,12,30
32,35,4,37,40,9,10,12,15,19,21,24,26,29,30,31>4,39,11,15,19,25,29,31,35,37,40,12,30
32,35,4,37,40,9,10,12,15,19,21,24,26,29,30,31>4,39,10,13,19,23,31,35,37,40,12,30
32,35,4,37,40,9,10,12,15,19,21,24,26,29,30,31>32,4,39,9,11,19,23,24,29,31,35,37,40,12,30
32,1,4,36,7,8,9,40,11,12,14,15,19,20,21,27,28,31>33,34,35,36,8,11,18,21,24,27,32,1,7,9,15,20,31
32,1,4,36,7,8,9,40,11,12,14,15,19,20,21,27,28,31>33,34,35,38,8,39,40,11,12,14,18,19,21,27,32,1,7,9,15,20,31
32,1,4,36,7,8,9,40,11,12,14,15,19,20,21,27,28,31>34,35,4,36,38,39,12,14,19,21,27,28,32,1,7,9,15,20,31
32,1,4,36,7,8,9,40,11,12,14,15,19,20,21,27,28,31>33,34,35,4,5,38,39,40,12,14,19,21,24,32,1,7,9,15,20,31
1,3,4,5,6,7,8,9,16,19,21,22,25,26,27,28,29,30,34,35,37,38>33,35,38,16,19,20,23,25,26,31,1,3,4,5,37,7,8,9,27,28,29,30
1,3,4,5,6,7,8,9,16,19,21,22,25,26,27,28,29,30,34,35,37,38>34,35,6,40,16,20,22,26,31,1,3,4,5,37,7,8,9,27,28,29,30
1,3,4,5,6,7,8,9,16,19,21,22,25,26,27,28,29,30,34,35,37,38>32,34,35,40,10,16,20,22,25,26,1,3,4,5,37,7,8,9,27,28,29,30
1,3,4,5,6,7,8,9,16,19,21,22,25,26,27,28,29,30,34,35,37,38>32,34,35,38,10,20,23,1,3,4,5,37,7,8,9,27,28,29,30
32,1,33,3,34,37,38,39,8,40,11,16,20,21,24,27,29>33,34,38,40,11,21,25,27,31,32,1,3,20,24
32,1,33,3,34,37,38,39,8,40,11,16,20,21,24,27,29>33,36,37,8,39,40,11,21,25,27,32,1,3,20,24
32,1,33,3,34,37,38,39,8,40,11,16,20,21,24,27,29>34,36,5,37,38,40,16,31,32,1,3,20,24
32,1,33,3,34,37,38,39,8,40,11,16,20,21,24,27,29>33,34,36,5,38,39,40,27,31,32,1,3,20,24
33,34,35,4,36,37,7,8,10,18,20,21,26,28,29,30>34,4,5,7,8,10,11,40,18,21,22,24,26,29,33,36,37,20,30
33,34,35,4,36,37,7,8,10,18,20,21,26,28,29,30>35,10,13,18,21,24,28,33,36,37,20,30
33,34,35,4,36,37,7,8,10,18,20,21,26,28,29,30>35,5,9,21,26,33,36,37,20,30
33,34,35,4,36,37,7,8,10,18,20,21,26,28,29,30>34,35,4,8,10,11,13,18,26,29,33,36,37,20,30
1,2,4,5,7,8,10,11,12,13,14,15,16,17,19,20,22,27,28,29,30,31,32,38,39,40>35,4,38,8,9,22,23,24,27,30,32,1,2,5,7,39,40,11,12,13,14,15,16,17,19,20,28,29,31
1,2,4,5,7,8,10,11,12,13,14,15,16,17,19,20,22,27,28,29,30,31,32,38,39,40>35,38,10,23,24,30,32,1,2,5,7,39,40,11,12,13,14,15,16,17,19,20,28,29,31
1,2,4,5,7,8,10,11,12,13,14,15,16,17,19,20,22,27,28,29,30,31,32,38,39,40>38,8,18,22,24,32,1,2,5,7,39,40,11,12,13,14,15,16,17,19,20,28,29,31
1,2,4,5,7,8,10,11,12,13,14,15,16,17,19,20,22,27,28,29,30,31,32,38,39,40>35,4,9,10,23,30,32,1,2,5,7,39,40,11,12,13,14,15,16,17,19,20,28,29,31
1,3,4,5,38,7,12,17,22,25,26,27,28,29,30,31>38,39,9,20,25,26,1,3,4,5,7,27,28,29,30,31
1,3,4,5,38,7,12,17,22,25,26,27,28,29,30,31>33,38,39,40,17,20,25,26,1,3,4,5,7,27,28,29,30,31
1,3,4,5,38,7,12,17,22,25,26,27,28,29,30,31>35,38,12,20,25,26,1,3,4,5,7,27,28,29,30,31
1,3,4,5,38,7,12,17,22,25,26,27,28,29,30,31>32,35,40,17,20,22,26,1,3,4,5,7,27,28,29,30,31
1,2,33,4,5,38,39,8,40,11,12,13,17,25,26,27,28,30,31>32,34,35,4,36,7,38,14,16,28,1,2,33,39,40,17,27,30,31
1,2,33,4,5,38,39,8,40,11,12,13,17,25,26,27,28,30,31>34,36,8,38,11,20,25,26,1,2,33,39,40,17,27,30,31
1,2,33,4,5,38,39,8,40,11,12,13,17,25,26,27,28,30,31>32,35,4,8,38,12,13,14,16,26,1,2,33,39,40,17,27,30,31
1,2,33,4,5,38,39,8,40,11,12,13,17,25,26,27,28,30,31>32,34,35,4,36,7,11,14,16,20,26,28,1,2,33,39,40,17,27,30,31
2,4,6,7,8,10,11,12,13,14,17,18,20,26,27,28,29,30,31,32,34,35,36,37,38,40>5,7,9,16,18,22,24,26,27,29,32,2,35,37,38,8,40,11,13,14,17,20,30,31
2,4,6,7,8,10,11,12,13,14,17,18,20,26,27,28,29,30,31,32,34,35,36,37,38,40>6,36,10,15,18,22,26,32,2,35,37,38,8,40,11,13,14,17,20,30,31
2,4,6,7,8,10,11,12,13,14,17,18,20,26,27,28,29,30,31,32,34,35,36,37,38,40>4,5,7,10,16,18,22,26,28,32,2,35,37,38,8,40,11,13,14,17,20,30,31
2,4,6,7,8,10,11,12,13,14,17,18,20,26,27,28,29,30,31,32,34,35,36,37,38,40>33,4,5,10,15,26,32,2,35,37,38,8,40,11,13,14,17,20,30,31
2,3,5,8,9,13,14,15,16,18,20,22,24,26,28,29,31,32,33,34,37,40>32,36,8,40,17,18,20,33,2,3,5,14,15,16,22,24,28,29
2,3,5,8,9,13,14,15,16,18,20,22,24,26,28,29,31,32,33,34,37,40>34,4,37,9,40,17,18,20,25,30,33,2,3,5,14,15,16,22,24,28,29
2,3,5,8,9,13,14,15,16,18,20,22,24,26,28,29,31,32,33,34,37,40>34,35,9,40,13,18,25,26,30,31,33,2,3,5,14,15,16,22,24,28,29
2,3,5,8,9,13,14,15,16,18,20,22,24,26,28,29,31,32,33,34,37,40>34,35,4,8,17,18,20,21,25,26,31,33,2,3,5,14,15,16,22,24,28,29
33,3,5,7,9,10,16,19,20,21,23,24,27,28,29,30>10,11,16,25,28,29,33,3,5,9,20,23,24
33,3,5,7,9,10,16,19,20,21,23,24,27,28,29,30>4,36,7,40,10,13,16,18,21,25,26,27,30,33,3,5,9,20,23,24
33,3,5,7,9,10,16,19,20,21,23,24,27,28,29,30>32,36,7,39,10,11,18,21,25,26,28,31,33,3,5,9,20,23,24
33,3,5,7,9,10,16,19,20,21,23,24,27,28,29,30>4,36,39,40,10,16,19,25,26,28,29,33,3,5,9,20,23,24
1,4,38,7,8,9,10,14,18,19,24,25,27,29,30,31>5,38,8,40,10,11,13,14,15,30,1,7,9,18,25,27,31
1,4,38,7,8,9,10,14,18,19,24,25,27,29,30,31>35,38,8,40,10,11,13,30,1,7,9,18,25,27,31
1,4,38,7,8,9,10,14,18,19,24,25,27,29,30,31>4,5,8,40,11,22,23,29,1,7,9,18,25,27,31
1,4,38,7,8,9,10,14,18,19,24,25,27,29,30,31>35,4,5,39,11,29,1,7,9,18,25,27,31
1,2,7,9,11,12,13,14,15,16,17,18,19,21,24,25,26,29,31,32,37>5,7,11,12,13,19,20,21,22,30,31,32,35,37,1,2,9,14,15,16,17,18,25
1,2,7,9,11,12,13,14,15,16,17,18,19,21,24,25,26,29,31,32,37>6,11,12,20,23,24,26,31,39,1,2,9,14,15,16,17,18,25
1,2,7,9,11,12,13,14,15,16,17,18,19,21,24,25,26,29,31,32,37>5,7,11,19,21,22,23,24,30,31,35,39,1,2,9,14,15,16,17,18,25
1,2,7,9,11,12,13,14,15,16,17,18,19,21,24,25,26,29,31,32,37>5,7,12,20,21,24,26,27,31,32,35,37,39,1,2,9,14,15,16,17,18,25
1,2,4,6,9,10,12,13,17,21,22,23,24,25,26,30,31,32,33,34,35,37,38,39>8,12,14,16,22,24,27,28,29,31,32,33,38,40,1,2,35,34,37,6,9,10,13,17,25,26,30
1,2,4,6,9,10,12,13,17,21,22,23,24,25,26,30,31,32,33,34,35,37,38,39>8,11,12,14,16,22,23,27,29,32,36,38,40,1,2,35,34,37,6,9,10,13,17,25,26,30
1,2,4,6,9,10,12,13,17,21,22,23,24,25,26,30,31,32,33,34,35,37,38,39>8,11,21,27,31,39,40,1,2,35,34,37,6,9,10,13,17,25,26,30
1,2,4,6,9,10,12,13,17,21,22,23,24,25,26,30,31,32,33,34,35,37,38,39>4,7,8,14,16,20,21,23,32,36,38,39,40,1,2,35,34,37,6,9,10,13,17,25,26,30
1,3,4,5,6,9,10,11,16,18,19,21,22,23,24,26,27,28,29,33,34,39,40>6,10,39,40,13,1,33,3,9,11,18,21,22,23,26,28,29
1,3,4,5,6,9,10,11,16,18,19,21,22,23,24,26,27,28,29,33,34,39,40>4,7,8,36,10,13,24,30,1,33,3,9,11,18,21,22,23,26,28,29
1,3,4,5,6,9,10,11,16,18,19,21,22,23,24,26,27,28,29,33,34,39,40>4,5,7,10,20,25,27,30,31,1,33,3,9,11,18,21,22,23,26,28,29
1,3,4,5,6,9,10,11,16,18,19,21,22,23,24,26,27,28,29,33,34,39,40>32,34,4,6,8,10,39,13,19,20,30,31,1,33,3,9,11,18,21,22,23,26,28,29
1,3,5,6,7,8,9,10,12,13,15,16,20,21,22,23,24,27,34,35,36,37,40>4,40,11,17,19,21,22,26,28,29,1,34,3,5,37,7,8,9,10,12,13,16,20,24
1,3,5,6,7,8,9,10,12,13,15,16,20,21,22,23,24,27,34,35,36,37,40>32,35,11,14,15,17,19,21,22,23,28,29,1,34,3,5,37,7,8,9,10,12,13,16,20,24
1,3,5,6,7,8,9,10,12,13,15,16,20,21,22,23,24,27,34,35,36,37,40>4,36,6,11,14,21,23,25,26,28,29,1,34,3,5,37,7,8,9,10,12,13,16,20,24
1,3,5,6,7,8,9,10,12,13,15,16,20,21,22,23,24,27,34,35,36,37,40>32,35,4,6,11,14,15,17,19,23,25,26,29,1,34,3,5,37,7,8,9,10,12,13,16,20,24
33,2,34,4,36,6,7,37,38,39,12,14,18,22,23,27,28>32,8,12,39,15,18,27,31,33,2,34,36,22,28
33,2,34,4,36,6,7,37,38,39,12,14,18,22,23,27,28>32,4,6,9,38,12,14,18,26,27,29,33,2,34,36,22,28
33,2,34,4,36,6,7,37,38,39,12,14,18,22,23,27,28>5,6,7,9,37,15,18,31,33,2,34,36,22,28
33,2,34,4,36,6,7,37,38,39,12,14,18,22,23,27,28>4,5,8,12,18,21,26,27,31,33,2,34,36,22,28
32,37,6,38,10,12,15,18,20,23,24,26,29,30,31>32,8,38,10,11,39,40,15,18,20,22,23,31,24,26,12,30
32,37,6,38,10,12,15,18,20,23,24,26,29,30,31>35,10,39,13,15,20,22,25,24,26,12,30
32,37,6,38,10,12,15,18,20,23,24,26,29,30,31>32,35,10,11,39,13,40,22,31,24,26,12,30
32,37,6,38,10,12,15,18,20,23,24,26,29,30,31>32,35,5,37,10,11,39,13,20,25,29,24,26,12,30
32,33,35,5,7,8,9,10,14,16,18,19,21,22,24,26,27,28,29>13,14,19,20,31,36,39,32,33,5,9,18,21,22,28,29
32,33,35,5,7,8,9,10,14,16,18,19,21,22,24,26,27,28,29>7,13,15,20,25,27,35,37,32,33,5,9,18,21,22,28,29
32,33,35,5,7,8,9,10,14,16,18,19,21,22,24,26,27,28,29>7,10,11,14,15,19,23,24,25,26,30,32,33,5,9,18,21,22,28,29
32,33,35,5,7,8,9,10,14,16,18,19,21,22,24,26,27,28,29>8,10,11,13,16,19,23,24,26,31,35,37,39,32,33,5,9,18,21,22,28,29
2,3,4,5,6,7,8,11,14,16,18,19,20,22,23,24,26,27,29,33,34,36>33,7,11,15,19,20,21,25,27,30,31,2,3,36,5,8,18,22,23,24,26,29
2,3,4,5,6,7,8,11,14,16,18,19,20,22,23,24,26,27,29,33,34,36>33,6,7,9,11,14,21,28,30,31,2,3,36,5,8,18,22,23,24,26,29
2,3,4,5,6,7,8,11,14,16,18,19,20,22,23,24,26,27,29,33,34,36>34,4,6,7,21,28,2,3,36,5,8,18,22,23,24,26,29
2,3,4,5,6,7,8,11,14,16,18,19,20,22,23,24,26,27,29,33,34,36>33,34,6,9,31,2,3,36,5,8,18,22,23,24,26,29
2,3,4,5,6,7,8,10,11,14,15,18,19,20,22,23,26,27,28,31,33,35,37,38,39,40>32,34,4,9,10,40,13,14,27,29,33,2,3,35,5,37,39,8,11,15,18,22,23,26,28,31
2,3,4,5,6,7,8,10,11,14,15,18,19,20,22,23,26,27,28,31,33,35,37,38,39,40>32,6,38,9,10,40,13,14,19,20,24,29,30,33,2,3,35,5,37,39,8,11,15,18,22,23,26,28,31
2,3,4,5,6,7,8,10,11,14,15,18,19,20,22,23,26,27,28,31,33,35,37,38,39,40>34,6,7,38,9,10,40,12,14,19,24,29,33,2,3,35,5,37,39,8,11,15,18,22,23,26,28,31
2,3,4,5,6,7,8,10,11,14,15,18,19,20,22,23,26,27,28,31,33,35,37,38,39,40>32,34,4,7,40,12,13,14,21,24,33,2,3,35,5,37,39,8,11,15,18,22,23,26,28,31
32,2,37,8,11,12,16,18,26,27,28,29,30,31>39,8,40,12,18,27,28,32,2,30,31
32,2,37,8,11,12,16,18,26,27,28,29,30,31>35,37,39,12,16,18,22,27,29,32,2,30,31
32,2,37,8,11,12,16,18,26,27,28,29,30,31>33,5,39,8,16,18,22,29,32,2,30,31
32,2,37,8,11,12,16,18,26,27,28,29,30,31>33,5,37,11,12,16,22,29,32,2,30,31
32,33,35,4,5,6,7,8,39,15,16,18,19,20,21,23,24,26,29>32,33,35,4,6,7,9,16,29,30,5,39,8,18,20,23,24,26
32,33,35,4,5,6,7,8,39,15,16,18,19,20,21,23,24,26,29>32,35,4,37,9,15,16,19,25,29,30,5,39,8,18,20,23,24,26
32,33,35,4,5,6,7,8,39,15,16,18,19,20,21,23,24,26,29>33,35,6,7,37,16,19,22,29,30,5,39,8,18,20,23,24,26
32,33,35,4,5,6,7,8,39,15,16,18,19,20,21,23,24,26,29>32,33,35,4,37,9,15,21,25,30,5,39,8,18,20,23,24,26
32,1,2,34,37,6,39,8,9,40,16,17,19,25,27,29,31>37,7,9,16,18,19,20,29,32,1,2,6,8,27,31
32,1,2,34,37,6,39,8,9,40,16,17,19,25,27,29,31>34,39,9,10,40,16,18,20,29,32,1,2,6,8,27,31
32,1,2,34,37,6,39,8,9,40,16,17,19,25,27,29,31>35,39,9,40,16,17,18,20,32,1,2,6,8,27,31
32,1,2,34,37,6,39,8,9,40,16,17,19,25,27,29,31>5,7,39,16,18,19,20,25,29,32,1,2,6,8,27,31
33,34,35,36,38,40,12,15,16,18,19,21,22,23,24,29,30,31>33,34,38,15,25,26,30,35,36,40,18,21,22,23,29
33,34,35,36,38,40,12,15,16,18,19,21,22,23,24,29,30,31>34,5,38,16,19,20,24,25,28,30,35,36,40,18,21,22,23,29
33,34,35,36,38,40,12,15,16,18,19,21,22,23,24,29,30,31>34,5,37,24,25,28,31,35,36,40,18,21,22,23,29
33,34,35,36,38,40,12,15,16,18,19,21,22,23,24,29,30,31>33,34,5,38,12,16,24,26,30,31,35,36,40,18,21,22,23,29
2,3,7,11,12,14,15,16,17,18,20,24,26,27,28,29,31,32,33,34,37,39,40>5,11,12,14,17,22,25,26,28,34,32,33,2,3,15,20,24,31
2,3,7,11,12,14,15,16,17,18,20,24,26,27,28,29,31,32,33,34,37,39,40>7,12,14,17,22,25,27,28,29,30,35,36,39,40,32,33,2,3,15,20,24,31
2,3,7,11,12,14,15,16,17,18,20,24,26,27,28,29,31,32,33,34,37,39,40>5,7,12,16,22,26,27,28,29,34,37,32,33,2,3,15,20,24,31
2,3,7,11,12,14,15,16,17,18,20,24,26,27,28,29,31,32,33,34,37,39,40>5,7,9,11,14,22,28,29,30,34,35,36,37,39,40,32,33,2,3,15,20,24,31
2,3,9,10,11,12,13,15,16,19,22,24,26,27,28,29,30,31,32,35,36,39,40>33,10,14,15,17,23,26,27,32,2,3,35,39,40,11,12,13,16,19,28,29,30,31
2,3,9,10,11,12,13,15,16,19,22,24,26,27,28,29,30,31,32,35,36,39,40>33,37,38,9,14,15,22,25,27,32,2,3,35,39,40,11,12,13,16,19,28,29,30,31
2,3,9,10,11,12,13,15,16,19,22,24,26,27,28,29,30,31,32,35,36,39,40>33,36,5,37,38,9,10,14,15,23,24,25,32,2,3,35,39,40,11,12,13,16,19,28,29,30,31
2,3,9,10,11,12,13,15,16,19,22,24,26,27,28,29,30,31,32,35,36,39,40>33,36,5,9,10,15,18,22,24,32,2,3,35,39,40,11,12,13,16,19,28,29,30,31
2,3,4,5,7,8,9,11,12,14,17,20,22,23,26,27,28,29,32,33,36,39,40>38,7,11,12,14,22,27,30,32,33,2,3,36,5,39,9,20,26,28,29
2,3,4,5,7,8,9,11,12,14,17,20,22,23,26,27,28,29,32,33,36,39,40>4,38,40,14,22,23,27,30,31,32,33,2,3,36,5,39,9,20,26,28,29
2,3,4,5,7,8,9,11,12,14,17,20,22,23,26,27,28,29,32,33,36,39,40>7,8,11,22,24,32,33,2,3,36,5,39,9,20,26,28,29
2,3,4,5,7,8,9,11,12,14,17,20,22,23,26,27,28,29,32,33,36,39,40>38,7,40,14,17,23,24,27,30,31,32,33,2,3,36,5,39,9,20,26,28,29
32,1,33,36,5,37,38,40,10,11,12,15,18,19,26,27,28,30>15,26,27,28,31,32,1,33,36,5,38,40,11,12,18,30
32,1,33,36,5,37,38,40,10,11,12,15,18,19,26,27,28,30>37,10,19,22,23,31,32,1,33,36,5,38,40,11,12,18,30
32,1,33,36,5,37,38,40,10,11,12,15,18,19,26,27,28,30>34,39,10,19,22,26,28,32,1,33,36,5,38,40,11,12,18,30
32,1,33,36,5,37,38,40,10,11,12,15,18,19,26,27,28,30>37,39,10,13,15,22,26,27,28,32,1,33,36,5,38,40,11,12,18,30
1,3,5,6,8,9,12,14,16,18,19,20,23,25,27,28,29,32,33,34,35,37,38,40>10,12,14,19,22,24,25,26,28,31,35,36,38,40,32,1,33,3,5,37,8,18,23,27
1,3,5,6,8,9,12,14,16,18,19,20,23,25,27,28,29,32,33,34,35,37,38,40>4,14,16,19,20,22,24,26,31,35,38,40,32,1,33,3,5,37,8,18,23,27
1,3,5,6,8,9,12,14,16,18,19,20,23,25,27,28,29,32,33,34,35,37,38,40>6,7,9,12,14,20,24,34,36,32,1,33,3,5,37,8,18,23,27
1,3,5,6,8,9,12,14,16,18,19,20,23,25,27,28,29,32,33,34,35,37,38,40>6,7,16,22,24,25,26,29,31,35,36,38,40,32,1,33,3,5,37,8,18,23,27
33,5,38,7,39,9,10,40,12,14,15,16,17,21,23,26,27,29>33,7,17,20,21,31,5,39,9,12,15,26
33,5,38,7,39,9,10,40,12,14,15,16,17,21,23,26,27,29>32,33,38,7,40,10,11,13,16,19,20,21,23,29,30,5,39,9,12,15,26
33,5,38,7,39,9,10,40,12,14,15,16,17,21,23,26,27,29>32,33,38,11,16,17,20,27,29,30,5,39,9,12,15,26
33,5,38,7,39,9,10,40,12,14,15,16,17,21,23,26,27,29>33,36,7,10,13,14,19,20,21,23,30,5,39,9,12,15,26
32,2,3,4,9,11,13,14,16,17,19,20,22,25,26,29,31>32,35,4,9,11,13,19,22,23,24,25,26,28,31,2,3,14,16,17,20,29
32,2,3,4,9,11,13,14,16,17,19,20,22,25,26,29,31>4,11,13,15,18,23,25,27,28,2,3,14,16,17,20,29
32,2,3,4,9,11,13,14,16,17,19,20,22,25,26,29,31>35,4,39,9,11,13,22,23,25,27,28,2,3,14,16,17,20,29
32,2,3,4,9,11,13,14,16,17,19,20,22,25,26,29,31>35,4,39,23,24,26,27,30,31,2,3,14,16,17,20,29
32,1,33,37,38,39,8,10,11,12,13,14,17,19,20,24,27,28,29,30>38,8,10,15,16,18,19,28,32,1,33,39,11,13,14,17,20,24
32,1,33,37,38,39,8,10,11,12,13,14,17,19,20,24,27,28,29,30>36,5,40,15,18,19,23,27,30,31,32,1,33,39,11,13,14,17,20,24
32,1,33,37,38,39,8,10,11,12,13,14,17,19,20,24,27,28,29,30>36,5,37,38,12,15,18,19,25,27,28,32,1,33,39,11,13,14,17,20,24
32,1,33,37,38,39,8,10,11,12,13,14,17,19,20,24,27,28,29,30>36,5,37,8,40,12,15,18,23,25,30,32,1,33,39,11,13,14,17,20,24
1,2,35,4,38,7,8,12,13,14,18,20,22,23,26,30>8,9,16,17,18,20,21,23,28,29,34,37,39,1,2,7,14,22,26,30
1,2,35,4,38,7,8,12,13,14,18,20,22,23,26,30>5,6,8,12,23,24,28,34,37,39,40,1,2,7,14,22,26,30
1,2,35,4,38,7,8,12,13,14,18,20,22,23,26,30>4,5,15,17,20,21,23,28,29,34,35,39,1,2,7,14,22,26,30
1,2,35,4,38,7,8,12,13,14,18,20,22,23,26,30>5,6,8,9,12,13,17,18,21,23,28,29,35,38,1,2,7,14,22,26,30
1,34,4,36,38,39,8,11,12,13,16,17,18,21,23,27,28,30>4,12,13,18,21,22,23,26,27,31,32,36,39,16,1,34,17
1,34,4,36,38,39,8,11,12,13,16,17,18,21,23,27,28,30>4,7,12,13,14,21,22,23,28,30,33,36,39,40,16,1,34,17
1,34,4,36,38,39,8,11,12,13,16,17,18,21,23,27,28,30>8,11,12,18,20,21,23,28,30,31,36,39,40,16,1,34,17
1,34,4,36,38,39,8,11,12,13,16,17,18,21,23,27,28,30>4,7,8,12,13,14,20,21,30,36,40,16,1,34,17
1,2,33,34,5,8,40,10,12,13,15,17,24,25,28,29,30,31>8,10,14,16,20,24,30,31,1,2,33,5,40,12,13,17,25
1,2,33,34,5,8,40,10,12,13,15,17,24,25,28,29,30,31>35,8,11,14,20,24,28,29,30,31,1,2,33,5,40,12,13,17,25
1,2,33,34,5,8,40,10,12,13,15,17,24,25,28,29,30,31>34,36,8,10,14,20,27,29,1,2,33,5,40,12,13,17,25
1,2,33,34,5,8,40,10,12,13,15,17,24,25,28,29,30,31>34,35,36,8,14,15,24,28,29,31,1,2,33,5,40,12,13,17,25
33,34,6,39,8,9,40,12,14,15,16,18,19,21,23,24,25,29,31>5,6,9,10,19,20,21,22,29,31,33,34,35,8,15,18,23,25
33,34,6,39,8,9,40,12,14,15,16,18,19,21,23,24,25,29,31>5,9,14,19,20,26,27,34,35,39,8,15,18,23,25
33,34,6,39,8,9,40,12,14,15,16,18,19,21,23,24,25,29,31>6,9,12,14,16,19,22,29,33,36,39,40,8,15,18,23,25
33,34,6,39,8,9,40,12,14,15,16,18,19,21,23,24,25,29,31>5,6,9,12,16,20,21,22,24,27,29,34,40,8,15,18,23,25
1,3,7,39,9,10,14,15,16,17,25,28>28,14,10,25,1,3,39,9,15
1,3,7,39,9,10,14,15,16,17,25,28>5,10,11,13,14,16,17,28,1,3,39,9,15
1,3,7,39,9,10,14,15,16,17,25,28>34,4,5,7,11,12,16,27,1,3,39,9,15
1,3,7,39,9,10,14,15,16,17,25,28>34,4,13,16,20,1,3,39,9,15
1,35,4,5,37,40,9,11,13,15,18,20,22,23,28,31>15,16,18,21,23,33,39,1,35,37,22,28
1,35,4,5,37,40,9,11,13,15,18,20,22,23,28,31>5,7,9,11,15,16,23,24,29,31,39,1,35,37,22,28
1,35,4,5,37,40,9,11,13,15,18,20,22,23,28,31>4,7,9,11,13,14,20,29,31,33,34,1,35,37,22,28
1,35,4,5,37,40,9,11,13,15,18,20,22,23,28,31>5,7,11,13,17,20,26,40,1,35,37,22,28
2,3,8,9,10,11,12,15,16,21,23,24,25,26,27,28,29,30,34,35,36,38,40>5,10,13,16,19,21,24,28,29,31,33,35,36,2,3,40,11,12,25,26,27,30
2,3,8,9,10,11,12,15,16,21,23,24,25,26,27,28,29,30,34,35,36,38,40>5,8,13,15,16,19,20,24,28,29,33,37,38,2,3,40,11,12,25,26,27,30
2,3,8,9,10,11,12,15,16,21,23,24,25,26,27,28,29,30,34,35,36,38,40>5,9,10,13,15,16,20,21,29,31,33,35,36,37,38,2,3,40,11,12,25,26,27,30
2,3,8,9,10,11,12,15,16,21,23,24,25,26,27,28,29,30,34,35,36,38,40>8,9,13,15,16,21,31,32,2,3,40,11,12,25,26,27,30
1,2,8,10,14,15,17,18,23,25,26,27,31,32,33,34,35,37,38,39,40>6,8,10,11,13,40,17,18,22,25,32,1,2,35,34,37,15,26,27,31
1,2,8,10,14,15,17,18,23,25,26,27,31,32,33,34,35,37,38,39,40>36,39,10,11,12,14,40,18,30,32,1,2,35,34,37,15,26,27,31
1,2,8,10,14,15,17,18,23,25,26,27,31,32,33,34,35,37,38,39,40>33,5,38,8,11,12,14,40,18,22,23,30,32,1,2,35,34,37,15,26,27,31
1,2,8,10,14,15,17,18,23,25,26,27,31,32,33,34,35,37,38,39,40>36,10,11,14,17,18,22,23,32,1,2,35,34,37,15,26,27,31
1,3,4,5,7,9,10,16,17,18,19,21,22,24,25,27,28,29,31,33,35,37,38,40>36,39,11,16,19,20,23,24,1,33,3,4,5,35,7,37,9,18,21,22,25,27,28,29,31
1,3,4,5,7,9,10,16,17,18,19,21,22,24,25,27,28,29,31,33,35,37,38,40>32,36,39,11,13,20,24,1,33,3,4,5,35,7,37,9,18,21,22,25,27,28,29,31
1,3,4,5,7,9,10,16,17,18,19,21,22,24,25,27,28,29,31,33,35,37,38,40>36,38,40,11,13,16,24,1,33,3,4,5,35,7,37,9,18,21,22,25,27,28,29,31
1,3,4,5,7,9,10,16,17,18,19,21,22,24,25,27,28,29,31,33,35,37,38,40>36,38,40,16,17,20,24,1,33,3,4,5,35,7,37,9,18,21,22,25,27,28,29,31
1,2,33,35,7,40,9,10,11,14,15,16,20,25,29>5,6,37,39,10,13,16,24,29,1,2,9,11,15
1,2,33,35,7,40,9,10,11,14,15,16,20,25,29>33,5,7,40,24,25,27,1,2,9,11,15
1,2,33,35,7,40,9,10,11,14,15,16,20,25,29>33,36,5,7,37,10,24,29,1,2,9,11,15
1,2,33,35,7,40,9,10,11,14,15,16,20,25,29>35,36,5,39,10,40,13,14,20,24,25,27,29,1,2,9,11,15
1,2,3,4,7,8,9,11,13,14,16,18,21,22,25,29,30,32,34,37,40>5,8,13,18,25,27,28,30,1,2,3,7,40,9,14,16,21,22,29
1,2,3,4,7,8,9,11,13,14,16,18,21,22,25,29,30,32,34,37,40>32,20,13,30,1,2,3,7,40,9,14,16,21,22,29
1,2,3,4,7,8,9,11,13,14,16,18,21,22,25,29,30,32,34,37,40>6,15,20,27,28,1,2,3,7,40,9,14,16,21,22,29
1,2,3,4,7,8,9,11,13,14,16,18,21,22,25,29,30,32,34,37,40>32,4,6,37,11,13,17,18,25,1,2,3,7,40,9,14,16,21,22,29
1,2,5,7,8,9,10,11,12,13,15,17,22,24,27,29,30,35,36,38,39>14,20,22,24,25,30,1,2,5,39,9,11,12,13,17,29
1,2,5,7,8,9,10,11,12,13,15,17,22,24,27,29,30,35,36,38,39>35,37,7,8,40,10,16,31,1,2,5,39,9,11,12,13,17,29
1,2,5,7,8,9,10,11,12,13,15,17,22,24,27,29,30,35,36,38,39>32,35,36,37,7,8,40,14,15,20,25,31,1,2,5,39,9,11,12,13,17,29
1,2,5,7,8,9,10,11,12,13,15,17,22,24,27,29,30,35,36,38,39>32,35,36,7,40,10,15,16,20,25,28,30,1,2,5,39,9,11,12,13,17,29
2,3,4,5,7,9,10,13,15,16,17,18,20,21,22,24,25,26,28,30,31,32,40>35,7,10,15,27,2,3,4,5,40,9,13,16,17,20,21,22,24,25,28,30
2,3,4,5,7,9,10,13,15,16,17,18,20,21,22,24,25,26,28,30,31,32,40>32,33,39,10,11,12,14,15,2,3,4,5,40,9,13,16,17,20,21,22,24,25,28,30
2,3,4,5,7,9,10,13,15,16,17,18,20,21,22,24,25,26,28,30,31,32,40>32,34,35,11,12,27,29,2,3,4,5,40,9,13,16,17,20,21,22,24,25,28,30
2,3,4,5,7,9,10,13,15,16,17,18,20,21,22,24,25,26,28,30,31,32,40>32,34,35,7,11,14,27,31,2,3,4,5,40,9,13,16,17,20,21,22,24,25,28,30
1,3,4,6,8,9,11,14,17,20,21,22,24,25,27,28,29,30,32,34,37,39>34,6,7,39,40,11,15,21,30,31,32,1,3,8,9,20,24,25,27,28,29
1,3,4,6,8,9,11,14,17,20,21,22,24,25,27,28,29,30,32,34,37,39>33,4,37,6,39,11,14,15,17,30,32,1,3,8,9,20,24,25,27,28,29
1,3,4,6,8,9,11,14,17,20,21,22,24,25,27,28,29,30,32,34,37,39>33,4,37,7,40,15,17,22,30,31,32,1,3,8,9,20,24,25,27,28,29
1,3,4,6,8,9,11,14,17,20,21,22,24,25,27,28,29,30,32,34,37,39>34,4,6,7,40,11,15,22,30,31,32,1,3,8,9,20,24,25,27,28,29
32,1,33,34,4,35,37,39,40,12,13,15,16,21,23,24,26,29,30>32,33,35,7,13,15,20,23,24,1,37,40,16,26,30
32,1,33,34,4,35,37,39,40,12,13,15,16,21,23,24,26,29,30>32,34,36,12,14,24,25,29,1,37,40,16,26,30
32,1,33,34,4,35,37,39,40,12,13,15,16,21,23,24,26,29,30>32,34,4,36,7,12,14,15,17,20,21,29,1,37,40,16,26,30
32,1,33,34,4,35,37,39,40,12,13,15,16,21,23,24,26,29,30>32,33,35,4,36,39,12,13,14,21,23,24,25,29,1,37,40,16,26,30
1,2,4,7,10,11,13,14,15,16,18,22,23,24,26,28,29,30,32,33,34,35,36,37,39,40>5,39,9,12,18,23,1,2,33,36,37,7,40,11,13,14,15,16,22,26,28,29,30
1,2,4,7,10,11,13,14,15,16,18,22,23,24,26,28,29,30,32,33,34,35,36,37,39,40>32,4,6,38,23,24,1,2,33,36,37,7,40,11,13,14,15,16,22,26,28,29,30
1,2,4,7,10,11,13,14,15,16,18,22,23,24,26,28,29,30,32,33,34,35,36,37,39,40>34,6,38,9,10,12,21,24,1,2,33,36,37,7,40,11,13,14,15,16,22,26,28,29,30
1,2,4,7,10,11,13,14,15,16,18,22,23,24,26,28,29,30,32,33,34,35,36,37,39,40>32,34,5,6,39,9,10,12,17,23,1,2,33,36,37,7,40,11,13,14,15,16,22,26,28,29,30
33,2,34,35,5,6,7,36,38,40,11,13,15,18,20,22,23,24,27,30>6,9,15,16,17,21,25,28,30,31,33,2,34,36,5,40,22,24
33,2,34,35,5,6,7,36,38,40,11,13,15,18,20,22,23,24,27,30>6,7,9,13,20,21,26,30,32,35,38,2,34,36,5,40,22,24
33,2,34,35,5,6,7,36,38,40,11,13,15,18,20,22,23,24,27,30>7,8,11,14,15,16,20,26,28,29,30,32,33,35,37,2,34,36,5,40,22,24
33,2,34,35,5,6,7,36,38,40,11,13,15,18,20,22,23,24,27,30>7,8,13,15,16,17,18,20,21,23,26,28,30,32,33,35,37,38,2,34,36,5,40,22,24
33,3,4,35,6,36,39,11,16,17,20,21,26,29,30,31>4,8,9,11,16,21,26,35,3,36,39,20,30
33,3,4,35,6,36,39,11,16,17,20,21,26,29,30,31>33,4,6,8,11,16,17,21,24,26,35,3,36,39,20,30
33,3,4,35,6,36,39,11,16,17,20,21,26,29,30,31>33,37,9,40,16,24,26,31,35,3,36,39,20,30
33,3,4,35,6,36,39,11,16,17,20,21,26,29,30,31>4,37,6,40,11,31,35,3,36,39,20,30
2,3,4,5,6,7,8,9,10,12,14,19,20,21,22,23,24,25,26,28,32,36>6,39,11,13,14,18,19,21,29,30,2,3,4,5,8,9,10,20,23,24,25,26,28
2,3,4,5,6,7,8,9,10,12,14,19,20,21,22,23,24,25,26,28,32,36>32,39,11,13,19,27,29,30,2,3,4,5,8,9,10,20,23,24,25,26,28
2,3,4,5,6,7,8,9,10,12,14,19,20,21,22,23,24,25,26,28,32,36>34,36,39,12,14,15,18,21,27,2,3,4,5,8,9,10,20,23,24,25,26,28
2,3,4,5,6,7,8,9,10,12,14,19,20,21,22,23,24,25,26,28,32,36>32,34,36,7,12,13,14,19,2,3,4,5,8,9,10,20,23,24,25,26,28
32,2,3,34,6,7,38,9,39,12,14,15,16,17,18,20,24,25,27,28>5,6,8,38,14,17,18,22,31,32,2,3,34,9,15,20,24,25,27
32,2,3,34,6,7,38,9,39,12,14,15,16,17,18,20,24,25,27,28>4,7,10,39,12,14,17,28,32,2,3,34,9,15,20,24,25,27
32,2,3,34,6,7,38,9,39,12,14,15,16,17,18,20,24,25,27,28>5,6,8,10,12,16,18,22,31,32,2,3,34,9,15,20,24,25,27
32,2,3,34,6,7,38,9,39,12,14,15,16,17,18,20,24,25,27,28>33,4,5,14,17,31,32,2,3,34,9,15,20,24,25,27
2,3,10,14,15,17,19,20,21,22,23,24,27,28,29,30,31,33,35,39,40>36,13,14,17,18,19,21,25,26,30,33,2,3,35,39,40,15,20,23,24,28,29,31
2,3,10,14,15,17,19,20,21,22,23,24,27,28,29,30,31,33,35,39,40>32,36,10,11,12,13,14,19,21,22,26,27,30,33,2,3,35,39,40,15,20,23,24,28,29,31
2,3,10,14,15,17,19,20,21,22,23,24,27,28,29,30,31,33,35,39,40>32,5,36,37,10,11,21,22,25,26,27,33,2,3,35,39,40,15,20,23,24,28,29,31
2,3,10,14,15,17,19,20,21,22,23,24,27,28,29,30,31,33,35,39,40>32,5,36,10,11,13,18,19,22,25,26,30,33,2,3,35,39,40,15,20,23,24,28,29,31
1,33,34,35,37,8,10,13,14,15,16,22,23,26,27,28,29,31>5,8,10,11,12,17,23,27,30,1,33,35,37,13,14,15,16,26,28,29,31
1,33,34,35,37,8,10,13,14,15,16,22,23,26,27,28,29,31>32,5,10,11,23,30,1,33,35,37,13,14,15,16,26,28,29,31
1,33,34,35,37,8,10,13,14,15,16,22,23,26,27,28,29,31>36,5,8,10,11,12,22,30,1,33,35,37,13,14,15,16,26,28,29,31
1,33,34,35,37,8,10,13,14,15,16,22,23,26,27,28,29,31>32,36,11,12,17,22,30,1,33,35,37,13,14,15,16,26,28,29,31
1,2,6,8,9,10,11,12,13,16,17,18,19,20,23,24,26,28,29,30,32,35,37,38,40>9,12,14,19,29,1,2,37,6,8,40,11,13,16,17,18,20,23,24,26,30
1,2,6,8,9,10,11,12,13,16,17,18,19,20,23,24,26,28,29,30,32,35,37,38,40>32,5,39,9,12,14,25,29,1,2,37,6,8,40,11,13,16,17,18,20,23,24,26,30
1,2,6,8,9,10,11,12,13,16,17,18,19,20,23,24,26,28,29,30,32,35,37,38,40>32,33,5,38,10,14,19,22,29,1,2,37,6,8,40,11,13,16,17,18,20,23,24,26,30
1,2,6,8,9,10,11,12,13,16,17,18,19,20,23,24,26,28,29,30,32,35,37,38,40>32,35,5,7,1,2,37,6,8,40,11,13,16,17,18,20,23,24,26,30
32,33,2,34,35,38,7,39,9,13,16,18,23,25,26,27>35,5,37,7,39,14,17,18,22,23,25,30,32,2,34,9,16,26,27
32,33,2,34,35,38,7,39,9,13,16,18,23,25,26,27>36,7,38,39,13,14,22,30,31,32,2,34,9,16,26,27
32,33,2,34,35,38,7,39,9,13,16,18,23,25,26,27>35,5,7,38,14,17,18,22,23,31,32,2,34,9,16,26,27
32,33,2,34,35,38,7,39,9,13,16,18,23,25,26,27>36,5,7,17,18,25,30,31,32,2,34,9,16,26,27
1,2,4,5,6,7,8,9,11,13,17,18,21,22,24,26,27,29,30,31,38,40>6,38,13,16,18,24,25,27,1,2,5,7,8,9,40,17,21,22,29,30,31
1,2,4,5,6,7,8,9,11,13,17,18,21,22,24,26,27,29,30,31,38,40>32,6,38,11,16,18,24,27,28,1,2,5,7,8,9,40,17,21,22,29,30,31
1,2,4,5,6,7,8,9,11,13,17,18,21,22,24,26,27,29,30,31,38,40>35,6,39,13,14,18,24,25,27,28,1,2,5,7,8,9,40,17,21,22,29,30,31
1,2,4,5,6,7,8,9,11,13,17,18,21,22,24,26,27,29,30,31,38,40>32,35,4,6,13,18,24,26,27,1,2,5,7,8,9,40,17,21,22,29,30,31
1,4,5,6,8,11,12,13,14,15,19,20,21,22,23,24,26,27,30,34,36>4,5,12,16,19,21,25,27,36,40,1,34,8,14,15,20,23,24,26,30
1,4,5,6,8,11,12,13,14,15,19,20,21,22,23,24,26,27,30,34,36>6,11,12,16,17,18,19,22,27,28,29,31,32,36,1,34,8,14,15,20,23,24,26,30
1,4,5,6,8,11,12,13,14,15,19,20,21,22,23,24,26,27,30,34,36>4,5,7,11,13,16,17,19,21,22,25,28,29,31,32,1,34,8,14,15,20,23,24,26,30
1,4,5,6,8,11,12,13,14,15,19,20,21,22,23,24,26,27,30,34,36>4,6,9,11,13,16,18,19,21,22,27,29,32,40,1,34,8,14,15,20,23,24,26,30
3,4,5,6,8,11,13,15,17,18,19,22,25,27,28,29,30,33,34,37,38>4,13,19,25,30,31,32,34,36,37,40,33,3,8,17,18,22,27,28,29
3,4,5,6,8,11,13,15,17,18,19,22,25,27,28,29,30,33,34,37,38>5,11,13,14,16,19,21,23,30,34,36,37,38,40,33,3,8,17,18,22,27,28,29
3,4,5,6,8,11,13,15,17,18,19,22,25,27,28,29,30,33,34,37,38>4,5,11,13,15,19,20,21,23,30,37,40,33,3,8,17,18,22,27,28,29
3,4,5,6,8,11,13,15,17,18,19,22,25,27,28,29,30,33,34,37,38>5,6,9,11,14,15,19,20,25,32,40,33,3,8,17,18,22,27,28,29
3,4,6,7,9,13,17,20,25,26,27,28,29,30,33,35,36,37,38,39,40>6,7,13,14,16,26,28,31,33,3,4,36,37,39,40,9,17,20,27,30
3,4,6,7,9,13,17,20,25,26,27,28,29,30,33,35,36,37,38,39,40>32,35,5,6,7,8,13,16,25,28,29,33,3,4,36,37,39,40,9,17,20,27,30
3,4,6,7,9,13,17,20,25,26,27,28,29,30,33,35,36,37,38,39,40>32,5,6,7,8,38,10,13,16,24,28,33,3,4,36,37,39,40,9,17,20,27,30
3,4,6,7,9,13,17,20,25,26,27,28,29,30,33,35,36,37,38,39,40>32,35,5,7,8,10,13,28,29,31,33,3,4,36,37,39,40,9,17,20,27,30
32,1,35,36,39,40,12,13,14,16,18,22,27,29>36,5,38,40,12,13,15,17,18,21,32,1,39,14,16,22,29
32,1,35,36,39,40,12,13,14,16,18,22,27,29>35,36,38,40,13,15,18,21,27,32,1,39,14,16,22,29
32,1,35,36,39,40,12,13,14,16,18,22,27,29>36,5,37,40,12,13,18,21,27,32,1,39,14,16,22,29
32,1,35,36,39,40,12,13,14,16,18,22,27,29>35,36,5,38,13,15,18,21,27,28,31,32,1,39,14,16,22,29
1,2,3,34,5,6,35,8,9,10,11,38,39,40,15,17,20,21,28,30>33,6,12,13,15,28,1,2,3,34,5,8,40,11,20
1,2,3,34,5,6,35,8,9,10,11,38,39,40,15,17,20,21,28,30>33,35,7,38,13,15,21,28,1,2,3,34,5,8,40,11,20
1,2,3,34,5,6,35,8,9,10,11,38,39,40,15,17,20,21,28,30>35,37,6,7,10,13,15,17,28,30,1,2,3,34,5,8,40,11,20
1,2,3,34,5,6,35,8,9,10,11,38,39,40,15,17,20,21,28,30>33,35,6,38,39,12,1,2,3,34,5,8,40,11,20
32,2,3,35,37,39,11,12,13,16,17,18,19,23,26,29>12,14,19,20,22,30,2,3,37,39,16,17,18,23,26
32,2,3,35,37,39,11,12,13,16,17,18,19,23,26,29>35,5,11,12,13,14,19,22,30,2,3,37,39,16,17,18,23,26
32,2,3,35,37,39,11,12,13,16,17,18,19,23,26,29>32,35,5,11,13,14,22,30,2,3,37,39,16,17,18,23,26
32,2,3,35,37,39,11,12,13,16,17,18,19,23,26,29>32,35,5,11,12,13,19,20,22,29,2,3,37,39,16,17,18,23,26
1,4,6,7,10,14,16,18,20,21,23,24,26,27,28,29,30,31,32,33,35,37,38,39,40>8,13,18,23,25,28,29,38,32,1,33,35,37,7,39,40,20,24,26,30,31
1,4,6,7,10,14,16,18,20,21,23,24,26,27,28,29,30,31,32,33,35,37,38,39,40>4,10,13,15,16,18,21,22,38,32,1,33,35,37,7,39,40,20,24,26,30,31
1,4,6,7,10,14,16,18,20,21,23,24,26,27,28,29,30,31,32,33,35,37,38,39,40>5,6,8,9,14,15,23,25,28,36,32,1,33,35,37,7,39,40,20,24,26,30,31
1,4,6,7,10,14,16,18,20,21,23,24,26,27,28,29,30,31,32,33,35,37,38,39,40>4,5,6,8,9,13,15,16,18,21,22,27,29,36,38,32,1,33,35,37,7,39,40,20,24,26,30,31
32,2,3,34,5,35,9,12,14,15,16,17,18,19,24,25,28,29,31>32,33,14,16,17,19,20,23,28,29,2,35,3,5,15,18,25
32,2,3,34,5,35,9,12,14,15,16,17,18,19,24,25,28,29,31>34,4,16,17,20,22,23,27,29,2,35,3,5,15,18,25
32,2,3,34,5,35,9,12,14,15,16,17,18,19,24,25,28,29,31>33,34,4,9,12,20,27,28,29,31,2,35,3,5,15,18,25
32,2,3,34,5,35,9,12,14,15,16,17,18,19,24,25,28,29,31>32,33,34,4,9,19,22,24,27,29,31,2,35,3,5,15,18,25
32,34,3,4,5,36,7,38,39,11,12,14,15,16,18,19,24,29,30>39,11,16,19,23,30,3,5,38,15,18
32,34,3,4,5,36,7,38,39,11,12,14,15,16,18,19,24,29,30>32,34,39,12,22,30,3,5,38,15,18
32,34,3,4,5,36,7,38,39,11,12,14,15,16,18,19,24,29,30>39,9,40,11,12,16,22,24,29,3,5,38,15,18
32,34,3,4,5,36,7,38,39,11,12,14,15,16,18,19,24,29,30>32,4,36,9,40,12,16,19,24,29,30,3,5,38,15,18
33,34,35,4,37,6,38,39,10,12,16,19,22,26,27>10,11,12,18,22,23,27,28,30,36,38,39,34,37
33,34,35,4,37,6,38,39,10,12,16,19,22,26,27>4,8,10,12,13,16,23,27,29,30,31,32,33,38,34,37
33,34,35,4,37,6,38,39,10,12,16,19,22,26,27>6,8,10,13,16,19,23,26,27,28,31,32,33,35,36,38,34,37
33,34,35,4,37,6,38,39,10,12,16,19,22,26,27>4,6,8,10,16,19,23,26,29,31,33,35,38,39,34,37
2,34,4,5,6,38,40,10,17,18,19,20,21,22,24,27,29,31>6,8,10,13,17,19,23,27,2,18,20,21,22,24,29,31
2,34,4,5,6,38,40,10,17,18,19,20,21,22,24,27,29,31>32,34,4,6,8,9,11,40,27,28,2,18,20,21,22,24,29,31
2,34,4,5,6,38,40,10,17,18,19,20,21,22,24,27,29,31>4,5,8,9,13,25,28,2,18,20,21,22,24,29,31
2,34,4,5,6,38,40,10,17,18,19,20,21,22,24,27,29,31>32,34,35,4,6,38,10,11,40,13,17,19,27,2,18,20,21,22,24,29,31
32,1,2,33,34,5,6,7,35,37,40,16,17,18,21,26,27,28,29,30>6,16,17,20,26,28,29,31,32,1,2,33,5,37,7,40,30
32,1,2,33,34,5,6,7,35,37,40,16,17,18,21,26,27,28,29,30>35,6,8,22,26,27,32,1,2,33,5,37,7,40,30
32,1,2,33,34,5,6,7,35,37,40,16,17,18,21,26,27,28,29,30>36,22,26,27,28,29,32,1,2,33,5,37,7,40,30
32,1,2,33,34,5,6,7,35,37,40,16,17,18,21,26,27,28,29,30>35,6,8,9,16,18,26,32,1,2,33,5,37,7,40,30
32,1,34,3,4,5,6,35,8,37,39,40,13,15,17,26,28,29>32,6,7,40,13,16,20,26,30,1,3,4,37,8,17
32,1,34,3,4,5,6,35,8,37,39,40,13,15,17,26,28,29>33,35,5,39,9,40,13,16,20,26,29,1,3,4,37,8,17
32,1,34,3,4,5,6,35,8,37,39,40,13,15,17,26,28,29>34,5,6,9,14,15,20,28,30,1,3,4,37,8,17
32,1,34,3,4,5,6,35,8,37,39,40,13,15,17,26,28,29>32,33,34,35,7,39,9,20,28,29,1,3,4,37,8,17
2,5,7,8,10,12,13,14,16,18,19,22,23,25,26,27,28,29,30,35,36,37,40>7,9,15,17,19,21,31,2,5,37,40,13,14,16,18,22,23,26,27,28,29,30
2,5,7,8,10,12,13,14,16,18,19,22,23,25,26,27,28,29,30,35,36,37,40>32,7,8,9,10,11,12,17,19,2,5,37,40,13,14,16,18,22,23,26,27,28,29,30
2,5,7,8,10,12,13,14,16,18,19,22,23,25,26,27,28,29,30,35,36,37,40>35,9,10,11,39,15,25,2,5,37,40,13,14,16,18,22,23,26,27,28,29,30
2,5,7,8,10,12,13,14,16,18,19,22,23,25,26,27,28,29,30,35,36,37,40>35,7,10,11,12,39,21,25,2,5,37,40,13,14,16,18,22,23,26,27,28,29,30
32,33,2,3,34,37,6,38,39,9,15,16,22,24,25,26,27,29>33,36,8,9,10,38,39,15,16,22,30,31,32,2,3,25,27,29
32,33,2,3,34,37,6,38,39,9,15,16,22,24,25,26,27,29>34,5,36,8,9,10,37,38,39,15,16,22,28,32,2,3,25,27,29
32,33,2,3,34,37,6,38,39,9,15,16,22,24,25,26,27,29>34,6,37,38,15,16,22,24,26,32,2,3,25,27,29
32,33,2,3,34,37,6,38,39,9,15,16,22,24,25,26,27,29>4,5,6,9,38,16,24,28,30,31,32,2,3,25,27,29
1,2,7,8,9,10,11,14,15,17,19,21,22,24,26,27,30,32,33,35,39,40>5,6,8,14,17,19,20,23,24,25,27,28,29,31,33,37,32,1,2,39,40,9,11,15,30
1,2,7,8,9,10,11,14,15,17,19,21,22,24,26,27,30,32,33,35,39,40>6,12,13,14,18,19,20,24,25,26,29,31,33,37,32,1,2,39,40,9,11,15,30
1,2,7,8,9,10,11,14,15,17,19,21,22,24,26,27,30,32,33,35,39,40>5,6,12,14,17,18,19,20,21,23,24,26,27,28,33,36,37,32,1,2,39,40,9,11,15,30
1,2,7,8,9,10,11,14,15,17,19,21,22,24,26,27,30,32,33,35,39,40>7,8,13,14,19,22,24,27,29,31,33,35,32,1,2,39,40,9,11,15,30
2,3,4,5,34,35,37,9,10,11,15,16,18,19,21,25,26,27>32,5,9,12,16,25,26,30,31,2,3,34,37,11,18,27
2,3,4,5,34,35,37,9,10,11,15,16,18,19,21,25,26,27>32,10,15,19,26,30,31,2,3,34,37,11,18,27
2,3,4,5,34,35,37,9,10,11,15,16,18,19,21,25,26,27>32,4,5,10,22,25,2,3,34,37,11,18,27
2,3,4,5,34,35,37,9,10,11,15,16,18,19,21,25,26,27>32,4,9,10,12,13,15,16,20,21,23,26,31,2,3,34,37,11,18,27
1,37,6,7,40,9,10,14,18,20,22,23,24,25,26,27,30,31>6,37,8,39,11,13,18,20,28,1,7,40,9,10,22,24,25,26,27,30,31
1,37,6,7,40,9,10,14,18,20,22,23,24,25,26,27,30,31>34,18,20,23,28,29,1,7,40,9,10,22,24,25,26,27,30,31
1,37,6,7,40,9,10,14,18,20,22,23,24,25,26,27,30,31>32,35,5,37,13,18,23,28,1,7,40,9,10,22,24,25,26,27,30,31
1,37,6,7,40,9,10,14,18,20,22,23,24,25,26,27,30,31>32,35,6,37,8,18,23,28,29,1,7,40,9,10,22,24,25,26,27,30,31
32,1,2,3,4,33,6,7,35,36,37,11,13,22,24,28,30,31>32,5,39,8,11,13,14,16,24,25,29,31,1,2,3,33,35,6,7,36,37,28
32,1,2,3,4,33,6,7,35,36,37,11,13,22,24,28,30,31>4,5,38,39,8,40,11,13,16,22,31,1,2,3,33,35,6,7,36,37,28
32,1,2,3,4,33,6,7,35,36,37,11,13,22,24,28,30,31>34,4,5,38,8,17,22,24,29,31,1,2,3,33,35,6,7,36,37,28
32,1,2,3,4,33,6,7,35,36,37,11,13,22,24,28,30,31>32,34,4,9,13,14,17,29,30,1,2,3,33,35,6,7,36,37,28
32,1,34,3,4,35,36,7,37,9,10,11,38,39,20,27,28,29,30,31>33,5,36,27,30,32,1,3,35,37,38,7,9,11,31
32,1,34,3,4,35,36,7,37,9,10,11,38,39,20,27,28,29,30,31>34,4,5,39,10,20,24,27,28,29,30,32,1,3,35,37,38,7,9,11,31
32,1,34,3,4,35,36,7,37,9,10,11,38,39,20,27,28,29,30,31>33,4,30,40,32,1,3,35,37,38,7,9,11,31
32,1,34,3,4,35,36,7,37,9,10,11,38,39,20,27,28,29,30,31>34,4,5,36,39,40,10,20,27,28,30,32,1,3,35,37,38,7,9,11,31
3,5,38,39,8,9,10,40,12,13,14,16,19,21,23,26,28,31>33,34,8,10,11,40,15,21,30,31,3,5,39,13,14,16,23,26
3,5,38,39,8,9,10,40,12,13,14,16,19,21,23,26,28,31>35,8,40,18,20,21,28,3,5,39,13,14,16,23,26
3,5,38,39,8,9,10,40,12,13,14,16,19,21,23,26,28,31>34,35,38,9,10,11,17,18,21,3,5,39,13,14,16,23,26
3,5,38,39,8,9,10,40,12,13,14,16,19,21,23,26,28,31>33,34,35,38,8,10,11,19,20,30,3,5,39,13,14,16,23,26
32,34,35,4,5,38,40,10,16,18,19,20,22,23,24,25,29,31>34,37,40,13,16,19,21,35,18,22,23,24,25,29
32,34,35,4,5,38,40,10,16,18,19,20,22,23,24,25,29,31>32,34,5,37,40,11,13,19,21,27,28,35,18,22,23,24,25,29
32,34,35,4,5,38,40,10,16,18,19,20,22,23,24,25,29,31>4,5,37,10,13,16,26,35,18,22,23,24,25,29
32,34,35,4,5,38,40,10,16,18,19,20,22,23,24,25,29,31>32,4,37,38,40,10,13,16,20,27,28,35,18,22,23,24,25,29
32,33,34,35,4,36,8,10,11,14,15,18,19,21,25,27,31>38,12,13,14,20,21,23,25,32,34,35,36,11,15,18,27,31
32,33,34,35,4,36,8,10,11,14,15,18,19,21,25,27,31>33,8,12,13,21,23,32,34,35,36,11,15,18,27,31
32,33,34,35,4,36,8,10,11,14,15,18,19,21,25,27,31>37,13,19,20,25,32,34,35,36,11,15,18,27,31
32,33,34,35,4,36,8,10,11,14,15,18,19,21,25,27,31>4,37,10,12,13,22,32,34,35,36,11,15,18,27,31
32,2,3,4,36,37,7,38,40,11,13,14,15,17,22,27,30>5,7,37,39,16,20,27,28,30,31,32,2,3,38,40,14,15,17
32,2,3,4,36,37,7,38,40,11,13,14,15,17,22,27,30>34,4,5,36,37,9,11,16,27,32,2,3,38,40,14,15,17
32,2,3,4,36,37,7,38,40,11,13,14,15,17,22,27,30>4,5,36,7,9,13,16,20,22,27,28,32,2,3,38,40,14,15,17
32,2,3,4,36,37,7,38,40,11,13,14,15,17,22,27,30>34,4,5,36,7,9,16,20,30,31,32,2,3,38,40,14,15,17
32,1,3,36,5,37,38,8,9,39,12,13,17,19,22,23,26,27,28,29>33,13,20,30,31,32,1,3,5,38,39,17,23,26,28,29
32,1,3,36,5,37,38,8,9,39,12,13,17,19,22,23,26,27,28,29>33,36,8,9,13,14,19,20,22,27,31,32,1,3,5,38,39,17,23,26,28,29
32,1,3,36,5,37,38,8,9,39,12,13,17,19,22,23,26,27,28,29>4,36,37,9,12,14,16,19,22,30,31,32,1,3,5,38,39,17,23,26,28,29
32,1,3,36,5,37,38,8,9,39,12,13,17,19,22,23,26,27,28,29>33,4,36,8,9,14,16,19,20,22,32,1,3,5,38,39,17,23,26,28,29
33,2,34,4,5,6,36,38,39,11,18,19,21,22,23,24,27,29,30>4,5,6,9,26,27,30,31,33,34,38,40,2,36,18,21,22,23,29
33,2,34,4,5,6,36,38,39,11,18,19,21,22,23,24,27,29,30>4,6,8,9,19,24,25,28,30,31,34,38,39,40,2,36,18,21,22,23,29
33,2,34,4,5,6,36,38,39,11,18,19,21,22,23,24,27,29,30>6,9,19,24,25,27,33,34,38,39,2,36,18,21,22,23,29
33,2,34,4,5,6,36,38,39,11,18,19,21,22,23,24,27,29,30>4,5,6,24,28,30,32,33,38,39,40,2,36,18,21,22,23,29
32,33,3,5,6,37,38,9,10,11,12,13,15,16,17,20,21,24,30>37,38,9,40,14,15,19,21,30,3,5,11,12,13,16,17,20,24
32,33,3,5,6,37,38,9,10,11,12,13,15,16,17,20,21,24,30>37,6,38,8,10,14,30,3,5,11,12,13,16,17,20,24
32,33,3,5,6,37,38,9,10,11,12,13,15,16,17,20,21,24,30>6,8,9,10,39,40,25,30,3,5,11,12,13,16,17,20,24
32,33,3,5,6,37,38,9,10,11,12,13,15,16,17,20,21,24,30>32,33,34,36,9,10,40,19,21,3,5,11,12,13,16,17,20,24
2,3,4,5,6,7,8,9,11,13,14,17,18,20,24,25,29,30,31,34,36,37,40>35,36,6,7,11,15,22,29,31,2,3,5,8,9,40,14,17,20,24,25
2,3,4,5,6,7,8,9,11,13,14,17,18,20,24,25,29,30,31,34,36,37,40>34,35,36,6,7,11,13,2,3,5,8,9,40,14,17,20,24,25
2,3,4,5,6,7,8,9,11,13,14,17,18,20,24,25,29,30,31,34,36,37,40>34,4,36,11,15,22,27,29,31,2,3,5,8,9,40,14,17,20,24,25
2,3,4,5,6,7,8,9,11,13,14,17,18,20,24,25,29,30,31,34,36,37,40>35,4,6,13,15,30,2,3,5,8,9,40,14,17,20,24,25
1,33,3,5,38,10,14,15,17,18,19,20,27,28,29,30,31>13,14,19,27,32,36,38,39,40,1,33,3,5,15,18,20,31
1,33,3,5,38,10,14,15,17,18,19,20,27,28,29,30,31>4,10,11,13,14,23,24,28,29,32,36,39,40,1,33,3,5,15,18,20,31
1,33,3,5,38,10,14,15,17,18,19,20,27,28,29,30,31>10,11,14,28,29,30,32,39,1,33,3,5,15,18,20,31
1,33,3,5,38,10,14,15,17,18,19,20,27,28,29,30,31>4,10,11,14,17,29,32,35,1,33,3,5,15,18,20,31
32,1,33,3,4,6,38,8,9,10,17,18,19,20,23,25,28,29,30>38,39,40,11,13,17,19,25,26,27,28,29,1,33,3,4,8,9,10,18,20,23
32,1,33,3,4,6,38,8,9,10,17,18,19,20,23,25,28,29,30>32,38,40,11,13,25,27,29,30,1,33,3,4,8,9,10,18,20,23
32,1,33,3,4,6,38,8,9,10,17,18,19,20,23,25,28,29,30>32,36,7,39,40,11,13,17,26,28,1,33,3,4,8,9,10,18,20,23
32,1,33,3,4,6,38,8,9,10,17,18,19,20,23,25,28,29,30>32,36,7,38,39,40,11,13,17,28,29,1,33,3,4,8,9,10,18,20,23
2,3,5,8,9,10,12,13,14,15,17,18,19,22,23,26,27,31,34,36,37>32,35,36,37,9,10,16,20,21,27,29,2,3,34,5,12,13,14,15,17,18,22,23,26,31
2,3,5,8,9,10,12,13,14,15,17,18,19,22,23,26,27,31,34,36,37>4,36,37,9,10,16,19,20,2,3,34,5,12,13,14,15,17,18,22,23,26,31
2,3,5,8,9,10,12,13,14,15,17,18,19,22,23,26,27,31,34,36,37>32,35,9,10,16,21,27,29,30,2,3,34,5,12,13,14,15,17,18,22,23,26,31
2,3,5,8,9,10,12,13,14,15,17,18,19,22,23,26,27,31,34,36,37>32,35,4,36,8,9,10,16,19,28,2,3,34,5,12,13,14,15,17,18,22,23,26,31
1,4,5,7,8,9,10,11,13,14,15,16,21,24,26,30,32,33,35,37,38,39>35,4,38,19,20,21,26,1,5,37,7,39,9,11,13,14,15,16,30
1,4,5,7,8,9,10,11,13,14,15,16,21,24,26,30,32,33,35,37,38,39>34,35,10,12,21,24,1,5,37,7,39,9,11,13,14,15,16,30
1,4,5,7,8,9,10,11,13,14,15,16,21,24,26,30,32,33,35,37,38,39>32,34,35,4,38,10,19,24,1,5,37,7,39,9,11,13,14,15,16,30
1,4,5,7,8,9,10,11,13,14,15,16,21,24,26,30,32,33,35,37,38,39>32,33,34,4,36,8,20,25,26,1,5,37,7,39,9,11,13,14,15,16,30
1,4,5,7,8,9,10,12,15,17,19,20,21,22,24,26,28,30,31,34,35,37,39,40>10,11,13,15,17,18,21,25,26,29,31,1,34,35,5,37,7,40,9,12,20,24,28,30
1,4,5,7,8,9,10,12,15,17,19,20,21,22,24,26,28,30,31,34,35,37,39,40>4,39,10,15,17,19,21,22,1,34,35,5,37,7,40,9,12,20,24,28,30
1,4,5,7,8,9,10,12,15,17,19,20,21,22,24,26,28,30,31,34,35,37,39,40>33,39,8,10,15,18,22,23,29,31,1,34,35,5,37,7,40,9,12,20,24,28,30
1,4,5,7,8,9,10,12,15,17,19,20,21,22,24,26,28,30,31,34,35,37,39,40>4,39,8,18,19,26,31,1,34,35,5,37,7,40,9,12,20,24,28,30
1,2,3,6,11,12,14,15,17,18,19,20,22,23,24,25,26,27,28,29,33,34,35,39>5,7,8,21,30,1,2,3,33,6,15,18,20,22,23,24,25,26,27,28,29
1,2,3,6,11,12,14,15,17,18,19,20,22,23,24,25,26,27,28,29,33,34,35,39>34,36,37,7,8,39,12,14,19,21,1,2,3,33,6,15,18,20,22,23,24,25,26,27,28,29
1,2,3,6,11,12,14,15,17,18,19,20,22,23,24,25,26,27,28,29,33,34,35,39>35,5,7,11,12,14,17,19,30,31,1,2,3,33,6,15,18,20,22,23,24,25,26,27,28,29
1,2,3,6,11,12,14,15,17,18,19,20,22,23,24,25,26,27,28,29,33,34,35,39>32,34,35,36,5,37,7,8,12,14,17,19,21,31,1,2,3,33,6,15,18,20,22,23,24,25,26,27,28,29
1,2,35,36,5,6,7,39,40,10,11,12,15,16,21,25,29,31>37,13,19,20,21,25,29,31,1,2,35,5,7,39,11,12
1,2,35,36,5,6,7,39,40,10,11,12,15,16,21,25,29,31>37,6,8,9,10,13,19,20,21,25,1,2,35,5,7,39,11,12
1,2,35,36,5,6,7,39,40,10,11,12,15,16,21,25,29,31>36,6,10,40,19,27,31,1,2,35,5,7,39,11,12
1,2,35,36,5,6,7,39,40,10,11,12,15,16,21,25,29,31>37,6,10,13,15,19,25,27,29,31,1,2,35,5,7,39,11,12
