CD45,CD8,TCRlig,TCbind,PAGCsk,LCK,Fyn,Rlk,TCRphos,ZAP70,cCbl,Itk,LAT,Gads,Slp76,PLCg_b,Grb2Sos,DAG,PLCg_a,Ras,RasGRP1,PKCth,IP3,Raf,MEK,Ca,ERK,SEK,IKK,Calcin,Rsk,Fos,JNK,IkB,CREB,Jun,CRE,AP1,NFkB,NFAT
1,33,34,36,37,7,8,18,19,21,25,28,30>5,8,22,25,27,28,30,1,34,33,36,18
1,33,34,36,37,7,8,18,19,21,25,28,30>5,37,9,22,23,25,27,30,1,34,33,36,18
1,33,34,36,37,7,8,18,19,21,25,28,30>37,7,8,9,19,20,22,25,27,28,1,34,33,36,18
1,33,34,36,37,7,8,18,19,21,25,28,30>37,7,9,40,19,20,22,1,34,33,36,18
32,1,2,34,4,5,38,7,10,12,13,15,16,18,20,22,23,26,31>32,38,10,15,19,1,2,34,5,7,12,13,16,22,26
32,1,2,34,4,5,38,7,10,12,13,15,16,18,20,22,23,26,31>32,35,38,10,15,21,23,24,29,1,2,34,5,7,12,13,16,22,26
32,1,2,34,4,5,38,7,10,12,13,15,16,18,20,22,23,26,31>32,4,38,9,18,19,20,21,29,31,1,2,34,5,7,12,13,16,22,26
32,1,2,34,4,5,38,7,10,12,13,15,16,18,20,22,23,26,31>32,4,38,10,14,17,21,24,30,31,1,2,34,5,7,12,13,16,22,26
6,8,9,10,13,14,16,17,19,21,22,23,25,26,28,29,32,33,36,37,39>32,11,15,20,21,27,30,33,36,39,8,10,13,14,16,17,23,26,28,29
6,8,9,10,13,14,16,17,19,21,22,23,25,26,28,29,32,33,36,37,39>20,5,6,25,33,36,39,8,10,13,14,16,17,23,26,28,29
6,8,9,10,13,14,16,17,19,21,22,23,25,26,28,29,32,33,36,37,39>5,6,37,15,22,33,36,39,8,10,13,14,16,17,23,26,28,29
6,8,9,10,13,14,16,17,19,21,22,23,25,26,28,29,32,33,36,37,39>32,5,6,37,38,11,15,25,30,33,36,39,8,10,13,14,16,17,23,26,28,29
1,2,6,9,10,11,12,15,17,18,19,20,22,25,26,29,31,34,37,38,39>5,17,23,24,31,34,35,37,39,1,2,6,11,12,18,20,22,29
1,2,6,9,10,11,12,15,17,18,19,20,22,25,26,29,31,34,37,38,39>5,7,10,15,21,24,26,28,30,38,39,1,2,6,11,12,18,20,22,29
1,2,6,9,10,11,12,15,17,18,19,20,22,25,26,29,31,34,37,38,39>8,9,13,15,17,19,21,27,30,31,34,35,1,2,6,11,12,18,20,22,29
1,2,6,9,10,11,12,15,17,18,19,20,22,25,26,29,31,34,37,38,39>7,8,9,10,13,21,28,30,34,35,37,38,39,1,2,6,11,12,18,20,22,29
1,2,3,5,7,13,14,16,18,19,21,23,24,26,27,28,29,31,32,33,35,38>7,13,17,19,20,21,22,24,28,30,32,1,2,3,33,5,35,14,16,18,23,26,31
1,2,3,5,7,13,14,16,18,19,21,23,24,26,27,28,29,31,32,33,35,38>4,38,9,13,15,17,19,20,22,25,32,1,2,3,33,5,35,14,16,18,23,26,31
1,2,3,5,7,13,14,16,18,19,21,23,24,26,27,28,29,31,32,33,35,38>4,36,37,7,9,39,13,15,17,20,24,27,29,32,1,2,3,33,5,35,14,16,18,23,26,31
1,2,3,5,7,13,14,16,18,19,21,23,24,26,27,28,29,31,32,33,35,38>4,36,37,7,38,19,20,24,32,1,2,3,33,5,35,14,16,18,23,26,31
1,2,3,33,5,35,7,37,9,10,38,39,40,14,15,16,22,30>34,4,36,7,10,12,13,16,28,29,30,1,2,3,37,5,39,40,9,15
1,2,3,33,5,35,7,37,9,10,38,39,40,14,15,16,22,30>35,4,36,38,10,12,13,22,29,30,1,2,3,37,5,39,40,9,15
1,2,3,33,5,35,7,37,9,10,38,39,40,14,15,16,22,30>34,35,10,11,12,14,28,29,1,2,3,37,5,39,40,9,15
1,2,3,33,5,35,7,37,9,10,38,39,40,14,15,16,22,30>33,34,35,4,10,12,13,14,16,1,2,3,37,5,39,40,9,15
32,35,36,5,37,7,8,9,10,11,40,15,21,22,23,24,27,29,30>12,13,15,21,22,23,24,26,30,31,36,32,37,5,40,9,11,29
32,35,36,5,37,7,8,9,10,11,40,15,21,22,23,24,27,29,30>7,8,25,27,30,31,38,39,32,37,5,40,9,11,29
32,35,36,5,37,7,8,9,10,11,40,15,21,22,23,24,27,29,30>12,15,20,22,23,26,30,35,36,38,32,37,5,40,9,11,29
32,35,36,5,37,7,8,9,10,11,40,15,21,22,23,24,27,29,30>15,21,22,23,24,26,28,30,31,36,32,37,5,40,9,11,29
1,2,6,9,10,11,13,16,17,19,20,21,23,27,28,29,31,32,36,37,38,39,40>5,8,10,40,18,19,24,26,27,32,1,2,6,38,39,11,13,16,17,20,23,31
1,2,6,9,10,11,13,16,17,19,20,21,23,27,28,29,31,32,36,37,38,39,40>35,37,9,10,40,14,18,26,27,28,32,1,2,6,38,39,11,13,16,17,20,23,31
1,2,6,9,10,11,13,16,17,19,20,21,23,27,28,29,31,32,36,37,38,39,40>33,35,7,8,9,10,40,14,18,24,26,27,29,32,1,2,6,38,39,11,13,16,17,20,23,31
1,2,6,9,10,11,13,16,17,19,20,21,23,27,28,29,31,32,36,37,38,39,40>35,7,8,10,40,26,28,29,32,1,2,6,38,39,11,13,16,17,20,23,31
34,4,36,6,7,39,10,13,14,22,23,27,29>4,5,6,7,9,10,11,16,17,22,23,26,27,32,39,29,13,14
34,4,36,6,7,39,10,13,14,22,23,27,29>6,7,11,15,16,17,22,36,39,29,13,14
34,4,36,6,7,39,10,13,14,22,23,27,29>5,6,7,8,10,11,15,16,23,26,27,31,36,29,13,14
34,4,36,6,7,39,10,13,14,22,23,27,29>4,5,6,9,10,11,16,17,22,28,31,32,29,13,14
1,2,3,4,5,6,8,11,13,14,17,18,21,22,23,25,26,27,28,32,33,35,37,39,40>35,5,13,15,23,29,30,31,32,1,2,3,33,37,39,8,14,17,21,22,26,27,28
1,2,3,4,5,6,8,11,13,14,17,18,21,22,23,25,26,27,28,32,33,35,37,39,40>34,35,6,7,9,40,11,16,25,31,32,1,2,3,33,37,39,8,14,17,21,22,26,27,28
1,2,3,4,5,6,8,11,13,14,17,18,21,22,23,25,26,27,28,32,33,35,37,39,40>35,4,6,7,9,11,13,15,18,20,25,32,1,2,3,33,37,39,8,14,17,21,22,26,27,28
1,2,3,4,5,6,8,11,13,14,17,18,21,22,23,25,26,27,28,32,33,35,37,39,40>35,4,6,7,11,15,16,20,23,25,30,31,32,1,2,3,33,37,39,8,14,17,21,22,26,27,28
1,2,3,4,33,6,36,8,38,10,11,14,19,20,22,23,24,29,30,31>10,13,14,19,25,26,39,40,1,2,3,36,6,8,11,23,24,29
1,2,3,4,33,6,36,8,38,10,11,14,19,20,22,23,24,29,30,31>4,15,18,25,28,31,38,40,1,2,3,36,6,8,11,23,24,29
1,2,3,4,33,6,36,8,38,10,11,14,19,20,22,23,24,29,30,31>7,10,14,18,19,22,25,26,38,39,1,2,3,36,6,8,11,23,24,29
1,2,3,4,33,6,36,8,38,10,11,14,19,20,22,23,24,29,30,31>4,9,10,15,18,20,26,30,35,38,1,2,3,36,6,8,11,23,24,29
32,3,35,5,36,7,38,12,13,15,22,23,24,26,27,28,29,30>4,12,13,14,15,16,22,24,27,33,35,37,39,40,32,3,5,38,26,28,29,30
32,3,35,5,36,7,38,12,13,15,22,23,24,26,27,28,29,30>7,13,14,23,27,31,33,37,39,40,32,3,5,38,26,28,29,30
32,3,35,5,36,7,38,12,13,15,22,23,24,26,27,28,29,30>4,7,13,16,22,37,32,3,5,38,26,28,29,30
32,3,35,5,36,7,38,12,13,15,22,23,24,26,27,28,29,30>4,7,9,13,14,15,16,22,23,24,33,39,32,3,5,38,26,28,29,30
1,2,3,4,5,6,8,12,13,16,22,23,24,26,27,29,30,31,35,37,39,40>9,12,17,22,24,27,28,1,2,3,4,35,37,39,8,40,16,26,29,30,31
1,2,3,4,5,6,8,12,13,16,22,23,24,26,27,29,30,31,35,37,39,40>32,7,9,13,17,22,25,27,1,2,3,4,35,37,39,8,40,16,26,29,30,31
1,2,3,4,5,6,8,12,13,16,22,23,24,26,27,29,30,31,35,37,39,40>5,6,7,17,24,25,27,28,1,2,3,4,35,37,39,8,40,16,26,29,30,31
1,2,3,4,5,6,8,12,13,16,22,23,24,26,27,29,30,31,35,37,39,40>32,5,6,7,12,13,17,22,28,1,2,3,4,35,37,39,8,40,16,26,29,30,31
32,2,3,37,38,7,8,40,11,15,16,17,18,20,23,27,29,31>7,9,39,16,17,22,23,26,32,2,3,20,31
32,2,3,37,38,7,8,40,11,15,16,17,18,20,23,27,29,31>35,5,7,9,11,39,40,15,16,17,18,23,24,32,2,3,20,31
32,2,3,37,38,7,8,40,11,15,16,17,18,20,23,27,29,31>7,9,38,40,18,24,29,32,2,3,20,31
32,2,3,37,38,7,8,40,11,15,16,17,18,20,23,27,29,31>5,37,8,9,38,40,17,23,26,27,32,2,3,20,31
1,2,7,9,13,14,15,16,18,20,21,22,23,25,27,28,29,30,32,33,35,36,37,39,40>7,13,17,23,25,31,32,1,2,33,36,37,39,40,9,14,15,16,20,21,22,27,28,29
1,2,7,9,13,14,15,16,18,20,21,22,23,25,27,28,29,30,32,33,35,36,37,39,40>35,6,38,24,30,32,1,2,33,36,37,39,40,9,14,15,16,20,21,22,27,28,29
1,2,7,9,13,14,15,16,18,20,21,22,23,25,27,28,29,30,32,33,35,36,37,39,40>5,6,38,13,23,26,32,1,2,33,36,37,39,40,9,14,15,16,20,21,22,27,28,29
1,2,7,9,13,14,15,16,18,20,21,22,23,25,27,28,29,30,32,33,35,36,37,39,40>35,5,6,7,38,23,25,26,31,32,1,2,33,36,37,39,40,9,14,15,16,20,21,22,27,28,29
33,5,6,7,40,10,11,15,16,17,18,20,21,26,27,28,30,31>6,7,9,12,17,18,22,24,26,27,28,34,35,33,5,40,11,20,30,31
33,5,6,7,40,10,11,15,16,17,18,20,21,26,27,28,30,31>6,7,9,10,12,13,15,18,21,26,27,28,34,36,33,5,40,11,20,30,31
33,5,6,7,40,10,11,15,16,17,18,20,21,26,27,28,30,31>8,10,13,16,18,24,26,32,34,39,33,5,40,11,20,30,31
33,5,6,7,40,10,11,15,16,17,18,20,21,26,27,28,30,31>6,8,10,12,15,18,22,26,34,36,39,33,5,40,11,20,30,31
1,6,9,10,11,12,13,14,16,19,20,24,25,27,28,30,31,32,33,36,37,38,39,40>35,9,15,20,28,32,1,33,36,38,39,40,11,13,14,16,24,25,27,31
1,6,9,10,11,12,13,14,16,19,20,24,25,27,28,30,31,32,33,36,37,38,39,40>34,35,6,7,10,15,20,23,32,1,33,36,38,39,40,11,13,14,16,24,25,27,31
1,6,9,10,11,12,13,14,16,19,20,24,25,27,28,30,31,32,33,36,37,38,39,40>5,6,8,9,12,18,19,20,23,32,1,33,36,38,39,40,11,13,14,16,24,25,27,31
1,6,9,10,11,12,13,14,16,19,20,24,25,27,28,30,31,32,33,36,37,38,39,40>34,35,5,8,10,15,18,32,1,33,36,38,39,40,11,13,14,16,24,25,27,31
1,2,33,4,5,35,37,39,9,11,13,15,16,17,19,21,22,23,24,25>13,19,20,22,28,29,33,34,35,1,2,37,39,16,17,23,25
1,2,33,4,5,35,37,39,9,11,13,15,16,17,19,21,22,23,24,25>7,14,21,22,27,28,33,35,1,2,37,39,16,17,23,25
1,2,33,4,5,35,37,39,9,11,13,15,16,17,19,21,22,23,24,25>5,7,15,22,24,26,28,29,33,34,36,1,2,37,39,16,17,23,25
1,2,33,4,5,35,37,39,9,11,13,15,16,17,19,21,22,23,24,25>4,5,7,9,15,19,22,24,26,34,36,1,2,37,39,16,17,23,25
2,4,11,12,13,14,15,16,17,19,20,22,23,24,27,29,30,31,32,36,39,40>38,12,13,18,22,27,28,30,32,2,39,40,14,15,16,17,20,23,24,29,31
2,4,11,12,13,14,15,16,17,19,20,22,23,24,27,29,30,31,32,36,39,40>35,38,12,13,22,27,32,2,39,40,14,15,16,17,20,23,24,29,31
2,4,11,12,13,14,15,16,17,19,20,22,23,24,27,29,30,31,32,36,39,40>4,12,13,19,25,26,27,28,32,2,39,40,14,15,16,17,20,23,24,29,31
2,4,11,12,13,14,15,16,17,19,20,22,23,24,27,29,30,31,32,36,39,40>4,36,38,12,22,25,26,27,28,30,32,2,39,40,14,15,16,17,20,23,24,29,31
2,5,6,7,8,12,13,14,19,20,21,22,23,26,27,29,31,32,36,37,40>12,13,17,18,19,22,24,36,37,39,32,2,5,8,14,20,23,26,29,31
2,5,6,7,8,12,13,14,19,20,21,22,23,26,27,29,31,32,36,37,40>7,12,15,17,21,27,30,35,37,40,32,2,5,8,14,20,23,26,29,31
2,5,6,7,8,12,13,14,19,20,21,22,23,26,27,29,31,32,36,37,40>6,7,12,13,15,16,17,19,22,27,30,36,38,40,32,2,5,8,14,20,23,26,29,31
2,5,6,7,8,12,13,14,19,20,21,22,23,26,27,29,31,32,36,37,40>6,7,9,15,16,18,19,21,35,32,2,5,8,14,20,23,26,29,31
2,3,4,6,10,12,13,15,16,17,19,20,21,22,23,24,25,27,29,30,31,32,33,34,35,40>33,6,8,9,14,18,21,22,28,30,32,2,3,4,35,40,12,13,16,17,19,20,23,24,25,27,29,31
2,3,4,6,10,12,13,15,16,17,19,20,21,22,23,24,25,27,29,30,31,32,33,34,35,40>34,37,6,9,11,14,18,22,28,30,32,2,3,4,35,40,12,13,16,17,19,20,23,24,25,27,29,31
2,3,4,6,10,12,13,15,16,17,19,20,21,22,23,24,25,27,29,30,31,32,33,34,35,40>36,8,9,11,15,26,30,32,2,3,4,35,40,12,13,16,17,19,20,23,24,25,27,29,31
2,3,4,6,10,12,13,15,16,17,19,20,21,22,23,24,25,27,29,30,31,32,33,34,35,40>34,36,8,18,22,30,32,2,3,4,35,40,12,13,16,17,19,20,23,24,25,27,29,31
33,2,35,5,37,38,9,11,12,13,15,17,19,28,31>39,9,11,13,14,16,19,20,28,31,33,2,35,37,5,17
33,2,35,5,37,38,9,11,12,13,15,17,19,28,31>36,39,12,15,16,28,31,33,2,35,37,5,17
33,2,35,5,37,38,9,11,12,13,15,17,19,28,31>34,36,39,11,12,15,16,20,23,33,2,35,37,5,17
33,2,35,5,37,38,9,11,12,13,15,17,19,28,31>36,38,39,9,13,16,18,19,20,33,2,35,37,5,17
32,2,3,4,6,39,8,9,10,11,12,13,15,17,18,20,26,29,30>40,16,18,22,24,29,2,3,39,8,9,11,12,13,17,20,30
32,2,3,4,6,39,8,9,10,11,12,13,15,17,18,20,26,29,30>18,4,24,15,2,3,39,8,9,11,12,13,17,20,30
32,2,3,4,6,39,8,9,10,11,12,13,15,17,18,20,26,29,30>32,4,40,10,14,15,16,18,29,2,3,39,8,9,11,12,13,17,20,30
32,2,3,4,6,39,8,9,10,11,12,13,15,17,18,20,26,29,30>32,4,6,40,10,22,26,29,2,3,39,8,9,11,12,13,17,20,30
32,2,35,4,6,39,40,10,14,17,18,20,23,24,25>32,37,6,11,13,14,15,22,23,26,2,39,20,24,25
32,2,35,4,6,39,40,10,14,17,18,20,23,24,25>32,34,37,9,10,11,40,14,15,22,23,26,27,2,39,20,24,25
32,2,35,4,6,39,40,10,14,17,18,20,23,24,25>35,6,10,13,14,15,26,27,2,39,20,24,25
32,2,35,4,6,39,40,10,14,17,18,20,23,24,25>32,34,35,14,15,17,22,26,2,39,20,24,25
33,2,35,4,5,36,37,8,9,10,38,39,16,17,19,27,31>32,8,10,11,13,17,18,27,2,35,36,37,39,31
33,2,35,4,5,36,37,8,9,10,38,39,16,17,19,27,31>32,34,5,38,8,11,13,16,17,18,19,20,23,27,2,35,36,37,39,31
33,2,35,4,5,36,37,8,9,10,38,39,16,17,19,27,31>32,34,4,9,10,11,18,27,2,35,36,37,39,31
33,2,35,4,5,36,37,8,9,10,38,39,16,17,19,27,31>32,33,34,38,10,11,20,27,2,35,36,37,39,31
1,2,3,4,6,7,8,15,16,20,21,22,23,25,27,31,32,33,34,35,36,37,38,39,40>33,40,15,16,21,22,24,26,28,32,1,2,3,4,34,6,7,8,35,36,37,38,20,27,31
1,2,3,4,6,7,8,15,16,20,21,22,23,25,27,31,32,33,34,35,36,37,38,39,40>33,5,40,9,25,32,1,2,3,4,34,6,7,8,35,36,37,38,20,27,31
1,2,3,4,6,7,8,15,16,20,21,22,23,25,27,31,32,33,34,35,36,37,38,39,40>39,9,16,21,22,23,24,28,29,32,1,2,3,4,34,6,7,8,35,36,37,38,20,27,31
1,2,3,4,6,7,8,15,16,20,21,22,23,25,27,31,32,33,34,35,36,37,38,39,40>33,5,39,40,15,16,22,23,25,28,29,32,1,2,3,4,34,6,7,8,35,36,37,38,20,27,31
1,34,3,37,6,38,9,11,13,14,15,28,30,31>7,37,11,38,13,16,30,1,34,3,14,15
1,34,3,37,6,38,9,11,13,14,15,28,30,31>33,35,7,8,28,31,1,34,3,14,15
1,34,3,37,6,38,9,11,13,14,15,28,30,31>33,35,6,7,37,11,38,16,30,1,34,3,14,15
1,34,3,37,6,38,9,11,13,14,15,28,30,31>33,35,5,6,8,37,11,38,40,17,30,1,34,3,14,15
2,6,7,38,9,10,11,14,16,17,19,23,25,26,27,30,31>32,38,13,15,16,17,18,19,20,2,9,11,23,26,27,30,31
2,6,7,38,9,10,11,14,16,17,19,23,25,26,27,30,31>34,35,5,6,7,8,10,39,13,16,18,19,20,2,9,11,23,26,27,30,31
2,6,7,38,9,10,11,14,16,17,19,23,25,26,27,30,31>34,35,5,8,39,13,14,15,19,20,2,9,11,23,26,27,30,31
2,6,7,38,9,10,11,14,16,17,19,23,25,26,27,30,31>32,34,35,8,38,39,40,16,18,19,2,9,11,23,26,27,30,31
5,6,7,8,9,11,13,15,16,19,20,21,22,26,27,28,29,30,32,35,36,39,40>6,13,15,17,19,22,23,24,38,32,5,39,8,9,40,16,20,28,29,30
5,6,7,8,9,11,13,15,16,19,20,21,22,26,27,28,29,30,32,35,36,39,40>6,7,15,22,24,26,36,37,32,5,39,8,9,40,16,20,28,29,30
5,6,7,8,9,11,13,15,16,19,20,21,22,26,27,28,29,30,32,35,36,39,40>11,14,15,18,19,23,26,27,31,35,32,5,39,8,9,40,16,20,28,29,30
5,6,7,8,9,11,13,15,16,19,20,21,22,26,27,28,29,30,32,35,36,39,40>6,11,14,21,22,27,35,38,32,5,39,8,9,40,16,20,28,29,30
32,33,5,37,8,9,13,14,17,18,20,23,25,26>32,37,39,13,16,18,22,24,25,5,14,17,20,26
32,33,5,37,8,9,13,14,17,18,20,23,25,26>32,33,37,39,13,15,16,22,30,5,14,17,20,26
32,33,5,37,8,9,13,14,17,18,20,23,25,26>32,33,34,36,37,39,9,18,22,5,14,17,20,26
32,33,5,37,8,9,13,14,17,18,20,23,25,26>32,33,34,39,8,15,16,5,14,17,20,26
3,5,6,9,10,12,13,14,15,18,19,21,23,26,27,28,29,31,38,39,40>4,38,8,9,11,16,17,19,20,21,27,30,3,5,39,10,12,13,14,15,18,23,26,31
3,5,6,9,10,12,13,14,15,18,19,21,23,26,27,28,29,31,38,39,40>33,4,6,8,9,11,16,17,22,27,29,30,3,5,39,10,12,13,14,15,18,23,26,31
3,5,6,9,10,12,13,14,15,18,19,21,23,26,27,28,29,31,38,39,40>35,4,6,38,8,9,40,17,19,22,29,3,5,39,10,12,13,14,15,18,23,26,31
3,5,6,9,10,12,13,14,15,18,19,21,23,26,27,28,29,31,38,39,40>35,6,8,40,19,20,21,22,27,29,30,3,5,39,10,12,13,14,15,18,23,26,31
32,33,35,36,5,37,7,11,15,17,18,19,24,28,30>32,38,7,39,40,11,15,17,20,23,33,36,37,5,18
32,33,35,36,5,37,7,11,15,17,18,19,24,28,30>32,35,7,39,11,23,24,25,28,33,36,37,5,18
32,33,35,36,5,37,7,11,15,17,18,19,24,28,30>34,35,38,7,39,9,11,15,19,22,25,30,33,36,37,5,18
32,33,35,36,5,37,7,11,15,17,18,19,24,28,30>32,34,35,38,11,15,19,23,25,28,33,36,37,5,18
32,1,2,35,37,6,7,8,9,40,13,14,15,17,22,23,26,28,30>33,35,13,16,23,1,2,37,6,7,8,9,40,14,15,17,26,28,30
32,1,2,35,37,6,7,8,9,40,13,14,15,17,22,23,26,28,30>32,34,35,5,39,16,22,23,29,1,2,37,6,7,8,9,40,14,15,17,26,28,30
32,1,2,35,37,6,7,8,9,40,13,14,15,17,22,23,26,28,30>33,34,35,5,39,10,13,20,29,1,2,37,6,7,8,9,40,14,15,17,26,28,30
32,1,2,35,37,6,7,8,9,40,13,14,15,17,22,23,26,28,30>32,33,34,10,13,16,22,1,2,37,6,7,8,9,40,14,15,17,26,28,30
2,4,6,7,9,10,13,14,19,20,21,25,26,28,30,31,34,35,36,37,40>7,8,11,15,16,17,19,23,26,33,2,35,34,37,40,9,10,13,14,20,30
2,4,6,7,9,10,13,14,19,20,21,25,26,28,30,31,34,35,36,37,40>4,7,11,15,16,25,26,28,2,35,34,37,40,9,10,13,14,20,30
2,4,6,7,9,10,13,14,19,20,21,25,26,28,30,31,34,35,36,37,40>6,11,16,17,18,21,23,25,26,27,28,31,33,2,35,34,37,40,9,10,13,14,20,30
2,4,6,7,9,10,13,14,19,20,21,25,26,28,30,31,34,35,36,37,40>4,5,6,8,11,16,17,18,24,27,28,36,2,35,34,37,40,9,10,13,14,20,30
3,4,6,8,10,12,14,15,16,18,20,22,23,24,25,26,29,30,32,33,34,36,37,40>32,34,37,9,10,11,13,19,21,23,28,3,4,36,8,40,12,15,22,24,25,26,29,30
3,4,6,8,10,12,14,15,16,18,20,22,23,24,25,26,29,30,32,33,34,36,37,40>32,9,10,20,28,3,4,36,8,40,12,15,22,24,25,26,29,30
3,4,6,8,10,12,14,15,16,18,20,22,23,24,25,26,29,30,32,33,34,36,37,40>32,38,9,10,13,14,19,23,27,3,4,36,8,40,12,15,22,24,25,26,29,30
3,4,6,8,10,12,14,15,16,18,20,22,23,24,25,26,29,30,32,33,34,36,37,40>32,6,38,13,14,16,18,20,23,28,3,4,36,8,40,12,15,22,24,25,26,29,30
34,35,5,37,7,39,40,10,14,15,16,17,23,27,28,30>32,33,7,10,11,12,14,16,28,30,34,37,5,40,15
34,35,5,37,7,39,40,10,14,15,16,17,23,27,28,30>35,7,39,11,12,16,17,20,26,28,30,31,34,37,5,40,15
34,35,5,37,7,39,40,10,14,15,16,17,23,27,28,30>33,35,12,16,23,26,28,34,37,5,40,15
34,35,5,37,7,39,40,10,14,15,16,17,23,27,28,30>32,33,35,7,39,10,11,13,16,20,26,27,28,34,37,5,40,15
1,2,3,5,7,9,12,14,15,16,17,20,21,22,23,24,25,29,30,31,33,39,40>33,4,7,12,17,21,22,28,31,1,2,3,5,39,40,9,15,20,24,25,29
1,2,3,5,7,9,12,14,15,16,17,20,21,22,23,24,25,29,30,31,33,39,40>33,7,17,21,22,23,28,30,31,1,2,3,5,39,40,9,15,20,24,25,29
1,2,3,5,7,9,12,14,15,16,17,20,21,22,23,24,25,29,30,31,33,39,40>33,35,36,21,22,26,27,31,1,2,3,5,39,40,9,15,20,24,25,29
1,2,3,5,7,9,12,14,15,16,17,20,21,22,23,24,25,29,30,31,33,39,40>33,4,12,14,22,23,27,30,31,1,2,3,5,39,40,9,15,20,24,25,29
2,4,6,7,10,11,12,13,14,15,16,17,18,22,23,24,25,29,30,33,35>7,8,10,19,20,24,26,27,30,33,35,40,2,11,12,13,14,15,16,17,22,25,29
2,4,6,7,10,11,12,13,14,15,16,17,18,22,23,24,25,29,30,33,35>4,5,9,18,19,21,23,24,26,30,35,36,37,39,2,11,12,13,14,15,16,17,22,25,29
2,4,6,7,10,11,12,13,14,15,16,17,18,22,23,24,25,29,30,33,35>6,10,19,20,21,23,26,37,39,40,2,11,12,13,14,15,16,17,22,25,29
2,4,6,7,10,11,12,13,14,15,16,17,18,22,23,24,25,29,30,33,35>4,5,6,7,8,9,19,20,21,23,24,27,35,40,2,11,12,13,14,15,16,17,22,25,29
2,34,4,5,6,7,8,36,10,38,12,40,14,15,18,19,25,27,29>34,36,6,11,14,19,22,23,25,31,2,5,8,12,15,18,27
2,34,4,5,6,7,8,36,10,38,12,40,14,15,18,19,25,27,29>32,34,38,9,40,13,14,19,29,31,2,5,8,12,15,18,27
2,34,4,5,6,7,8,36,10,38,12,40,14,15,18,19,25,27,29>34,4,36,6,38,10,19,25,31,2,5,8,12,15,18,27
2,34,4,5,6,7,8,36,10,38,12,40,14,15,18,19,25,27,29>32,34,4,36,6,7,9,40,13,14,19,23,25,2,5,8,12,15,18,27
1,3,9,10,11,13,14,15,18,19,20,21,23,24,25,27,28,29,31,34,36,39,40>33,39,40,16,19,22,26,29,1,3,11,13,14,15,18,20,23,24,25,27,31
1,3,9,10,11,13,14,15,18,19,20,21,23,24,25,27,28,29,31,34,36,39,40>32,33,35,36,5,9,19,21,26,29,1,3,11,13,14,15,18,20,23,24,25,27,31
1,3,9,10,11,13,14,15,18,19,20,21,23,24,25,27,28,29,31,34,36,39,40>34,35,36,5,10,12,22,26,1,3,11,13,14,15,18,20,23,24,25,27,31
1,3,9,10,11,13,14,15,18,19,20,21,23,24,25,27,28,29,31,34,36,39,40>32,33,34,5,40,9,12,16,19,21,26,29,1,3,11,13,14,15,18,20,23,24,25,27,31
1,3,7,9,10,12,15,16,17,19,22,23,25,27,29,32,33,34,37,39,40>4,5,10,16,17,18,20,25,26,28,31,36,40,32,1,3,9,12,19,23,27,29
1,3,7,9,10,12,15,16,17,19,22,23,25,27,29,32,33,34,37,39,40>4,5,10,11,16,17,26,28,31,32,1,3,9,12,19,23,27,29
1,3,7,9,10,12,15,16,17,19,22,23,25,27,29,32,33,34,37,39,40>7,15,16,17,22,25,26,28,31,34,36,37,39,40,32,1,3,9,12,19,23,27,29
1,3,7,9,10,12,15,16,17,19,22,23,25,27,29,32,33,34,37,39,40>5,7,10,11,18,20,25,32,1,3,9,12,19,23,27,29
1,2,4,36,8,12,13,14,15,16,17,21,22,25,26,28,29,30>33,6,8,39,40,21,1,2,14,15,16,17,28,29,30
1,2,4,36,8,12,13,14,15,16,17,21,22,25,26,28,29,30>36,6,7,8,39,12,13,20,21,22,25,26,1,2,14,15,16,17,28,29,30
1,2,4,36,8,12,13,14,15,16,17,21,22,25,26,28,29,30>4,36,40,20,21,25,27,1,2,14,15,16,17,28,29,30
1,2,4,36,8,12,13,14,15,16,17,21,22,25,26,28,29,30>33,4,36,6,7,12,20,26,27,1,2,14,15,16,17,28,29,30
1,2,5,6,9,12,13,14,15,16,17,19,20,22,24,28,30,31,33,35,38,39>34,6,7,9,10,38,18,19,23,25,30,1,2,35,33,5,39,14,15,16,17,20,24,28
1,2,5,6,9,12,13,14,15,16,17,19,20,22,24,28,30,31,33,35,38,39>36,6,9,10,38,12,13,18,19,22,23,30,31,1,2,35,33,5,39,14,15,16,17,20,24,28
1,2,5,6,9,12,13,14,15,16,17,19,20,22,24,28,30,31,33,35,38,39>34,36,9,38,40,22,25,29,30,31,1,2,35,33,5,39,14,15,16,17,20,24,28
1,2,5,6,9,12,13,14,15,16,17,19,20,22,24,28,30,31,33,35,38,39>34,36,6,10,38,12,40,22,23,25,31,1,2,35,33,5,39,14,15,16,17,20,24,28
32,1,2,34,6,38,8,10,11,13,14,15,16,17,18,23,27,28,29>33,38,12,20,27,28,32,1,2,6,8,11,13,14,15,16,17
32,1,2,34,6,38,8,10,11,13,14,15,16,17,18,23,27,28,29>33,7,12,19,20,22,23,28,32,1,2,6,8,11,13,14,15,16,17
32,1,2,34,6,38,8,10,11,13,14,15,16,17,18,23,27,28,29>5,38,7,19,28,29,31,32,1,2,6,8,11,13,14,15,16,17
32,1,2,34,6,38,8,10,11,13,14,15,16,17,18,23,27,28,29>33,5,38,20,26,27,28,32,1,2,6,8,11,13,14,15,16,17
1,3,4,5,6,9,10,12,13,14,15,17,19,23,24,28,29,33,34,35,36,37,40>5,11,16,18,24,25,1,33,3,4,36,37,9,10,12,13,14,15,17,23
1,3,4,5,6,9,10,12,13,14,15,17,19,23,24,28,29,33,34,35,36,37,40>34,35,5,6,7,16,19,25,1,33,3,4,36,37,9,10,12,13,14,15,17,23
1,3,4,5,6,9,10,12,13,14,15,17,19,23,24,28,29,33,34,35,36,37,40>35,5,7,8,18,19,20,24,25,26,28,1,33,3,4,36,37,9,10,12,13,14,15,17,23
1,3,4,5,6,9,10,12,13,14,15,17,19,23,24,28,29,33,34,35,36,37,40>34,35,5,6,8,18,20,25,28,29,1,33,3,4,36,37,9,10,12,13,14,15,17,23
32,33,3,35,37,6,39,8,11,22,25,26,28,30>34,5,11,26,27,33,3,37,39,8,28,30
32,33,3,35,37,6,39,8,11,22,25,26,28,30>35,6,40,11,26,27,29,33,3,37,39,8,28,30
32,33,3,35,37,6,39,8,11,22,25,26,28,30>34,36,6,40,11,25,26,33,3,37,39,8,28,30
32,33,3,35,37,6,39,8,11,22,25,26,28,30>32,35,5,6,40,22,25,26,33,3,37,39,8,28,30
33,2,34,7,8,39,40,13,14,15,23,24,25,26,27,29,30,31>36,5,7,39,17,24,29,2,40,14,15,25,26,27,30,31
33,2,34,7,8,39,40,13,14,15,23,24,25,26,27,29,30,31>32,7,8,9,39,16,17,23,2,40,14,15,25,26,27,30,31
33,2,34,7,8,39,40,13,14,15,23,24,25,26,27,29,30,31>33,35,36,5,9,39,16,17,23,24,2,40,14,15,25,26,27,30,31
33,2,34,7,8,39,40,13,14,15,23,24,25,26,27,29,30,31>33,34,17,23,24,29,2,40,14,15,25,26,27,30,31
1,3,4,5,6,7,8,10,13,14,16,18,19,20,23,27,28,30,31,35,36,37,38>15,20,22,26,28,30,34,38,1,3,4,5,35,7,8,37,13,14,16,18,23,31
1,3,4,5,6,7,8,10,13,14,16,18,19,20,23,27,28,30,31,35,36,37,38>6,11,15,20,22,24,26,28,34,36,40,1,3,4,5,35,7,8,37,13,14,16,18,23,31
1,3,4,5,6,7,8,10,13,14,16,18,19,20,23,27,28,30,31,35,36,37,38>15,17,19,22,27,30,32,33,34,36,38,40,1,3,4,5,35,7,8,37,13,14,16,18,23,31
1,3,4,5,6,7,8,10,13,14,16,18,19,20,23,27,28,30,31,35,36,37,38>6,10,11,17,19,22,24,27,30,32,34,38,39,1,3,4,5,35,7,8,37,13,14,16,18,23,31
3,7,11,14,16,17,18,19,21,23,26,27,29,30,31,32,33,34,35,36,39>7,9,39,14,16,17,19,22,32,35,3,36,18,23,26,30,31
3,7,11,14,16,17,18,19,21,23,26,27,29,30,31,32,33,34,35,36,39>34,7,39,15,19,22,29,32,35,3,36,18,23,26,30,31
3,7,11,14,16,17,18,19,21,23,26,27,29,30,31,32,33,34,35,36,39>33,5,38,14,17,21,29,32,35,3,36,18,23,26,30,31
3,7,11,14,16,17,18,19,21,23,26,27,29,30,31,32,33,34,35,36,39>33,34,5,7,9,39,11,40,14,15,27,32,35,3,36,18,23,26,30,31
32,1,33,3,34,36,37,38,8,39,10,12,18,20,27,30,31>33,35,5,39,8,11,12,24,27,30,32,1,34,3,36,38,31
32,1,33,3,34,36,37,38,8,39,10,12,18,20,27,30,31>33,35,5,37,10,11,12,18,30,32,1,34,3,36,38,31
32,1,33,3,34,36,37,38,8,39,10,12,18,20,27,30,31>33,35,5,39,8,11,12,13,24,32,1,34,3,36,38,31
32,1,33,3,34,36,37,38,8,39,10,12,18,20,27,30,31>33,35,4,39,8,10,11,12,13,22,27,30,32,1,34,3,36,38,31
1,3,36,37,6,7,8,38,12,14,16,20,21,23,25,29>39,4,26,38,1,3,7,8,20
1,3,36,37,6,7,8,38,12,14,16,20,21,23,25,29>5,39,14,16,23,26,27,29,1,3,7,8,20
1,3,36,37,6,7,8,38,12,14,16,20,21,23,25,29>6,36,38,39,12,15,23,25,1,3,7,8,20
1,3,36,37,6,7,8,38,12,14,16,20,21,23,25,29>4,6,37,9,12,14,16,23,24,1,3,7,8,20
1,3,4,7,8,9,10,12,13,15,16,17,18,24,26,27,28,29,32,34,36,37,38>5,8,14,15,18,19,20,22,24,25,26,29,31,33,34,37,32,1,3,4,38,7,9,12,13,16,17
1,3,4,7,8,9,10,12,13,15,16,17,18,24,26,27,28,29,32,34,36,37,38>5,8,14,19,20,24,25,27,29,33,36,32,1,3,4,38,7,9,12,13,16,17
1,3,4,7,8,9,10,12,13,15,16,17,18,24,26,27,28,29,32,34,36,37,38>5,10,14,15,19,24,25,26,30,31,34,36,37,32,1,3,4,38,7,9,12,13,16,17
1,3,4,7,8,9,10,12,13,15,16,17,18,24,26,27,28,29,32,34,36,37,38>5,8,10,11,14,15,18,19,24,26,27,28,30,33,34,36,32,1,3,4,38,7,9,12,13,16,17
2,4,36,38,7,39,40,10,11,12,13,19,20,22,25,26,27,30,31>4,9,10,14,16,18,20,22,24,28,35,2,39,40,11,13,27,30,31
2,4,36,38,7,39,40,10,11,12,13,19,20,22,25,26,27,30,31>4,9,10,16,17,18,20,24,25,26,28,34,35,2,39,40,11,13,27,30,31
2,4,36,38,7,39,40,10,11,12,13,19,20,22,25,26,27,30,31>4,7,10,12,16,17,18,20,22,23,28,38,2,39,40,11,13,27,30,31
2,4,36,38,7,39,40,10,11,12,13,19,20,22,25,26,27,30,31>4,9,12,14,16,17,18,19,20,22,23,24,32,34,38,2,39,40,11,13,27,30,31
2,5,6,10,12,13,16,17,18,19,22,23,24,26,27,29,32,35,36,37,39,40>35,6,38,8,14,19,20,24,25,28,32,2,5,37,39,13,16,17,18,22,23,26,29
2,5,6,10,12,13,16,17,18,19,22,23,24,26,27,29,32,35,36,37,39,40>35,36,8,40,11,12,14,21,31,32,2,5,37,39,13,16,17,18,22,23,26,29
2,5,6,10,12,13,16,17,18,19,22,23,24,26,27,29,32,35,36,37,39,40>6,11,12,19,24,25,30,31,32,2,5,37,39,13,16,17,18,22,23,26,29
2,5,6,10,12,13,16,17,18,19,22,23,24,26,27,29,32,35,36,37,39,40>35,36,40,11,12,19,21,24,27,28,30,31,32,2,5,37,39,13,16,17,18,22,23,26,29
1,2,3,33,5,35,38,8,40,15,20,22,23,24,25,26,30,31>36,37,22,27,28,29,31,1,2,3,35,5,40,24,25,26,30
1,2,3,33,5,35,38,8,40,15,20,22,23,24,25,26,30,31>34,36,8,39,20,28,1,2,3,35,5,40,24,25,26,30
1,2,3,33,5,35,38,8,40,15,20,22,23,24,25,26,30,31>36,8,15,22,23,27,29,1,2,3,35,5,40,24,25,26,30
1,2,3,33,5,35,38,8,40,15,20,22,23,24,25,26,30,31>33,34,4,38,8,15,20,23,28,29,31,1,2,3,35,5,40,24,25,26,30
1,2,33,34,5,36,7,37,9,13,15,16,18,19,23,26,28,30>40,13,14,15,22,1,2,34,33,5,36,9,16,18,23,26,30
1,2,33,34,5,36,7,37,9,13,15,16,18,19,23,26,28,30>37,40,13,17,19,28,1,2,34,33,5,36,9,16,18,23,26,30
1,2,33,34,5,36,7,37,9,13,15,16,18,19,23,26,28,30>7,40,13,15,22,28,1,2,34,33,5,36,9,16,18,23,26,30
1,2,33,34,5,36,7,37,9,13,15,16,18,19,23,26,28,30>37,7,40,14,19,1,2,34,33,5,36,9,16,18,23,26,30
32,35,36,5,6,7,8,37,10,38,14,16,18,21,23,25,30,31>7,9,13,14,15,16,18,20,21,22,25,26,27,31,32,34,36,39,35,37,5,38,8
32,35,36,5,6,7,8,37,10,38,14,16,18,21,23,25,30,31>6,7,10,11,14,16,18,20,21,22,23,25,26,32,36,39,35,37,5,38,8
32,35,36,5,6,7,8,37,10,38,14,16,18,21,23,25,30,31>7,9,10,13,14,16,18,21,22,23,25,26,27,31,32,35,37,5,38,8
32,35,36,5,6,7,8,37,10,38,14,16,18,21,23,25,30,31>7,9,16,20,21,22,23,25,26,34,35,37,5,38,8
1,2,3,5,7,8,9,10,12,13,15,19,20,21,23,25,28,30,31,32,35,36,37,38>7,18,21,24,26,28,30,32,33,34,39,40,1,2,3,35,5,37,38,9,12,13,20,23
1,2,3,5,7,8,9,10,12,13,15,19,20,21,23,25,28,30,31,32,35,36,37,38>4,7,8,10,11,17,21,26,28,33,34,1,2,3,35,5,37,38,9,12,13,20,23
1,2,3,5,7,8,9,10,12,13,15,19,20,21,23,25,28,30,31,32,35,36,37,38>4,8,10,14,16,17,19,21,25,26,27,28,30,31,40,1,2,3,35,5,37,38,9,12,13,20,23
1,2,3,5,7,8,9,10,12,13,15,19,20,21,23,25,28,30,31,32,35,36,37,38>4,7,8,14,16,17,21,24,28,32,33,1,2,3,35,5,37,38,9,12,13,20,23
32,1,4,36,6,37,9,10,14,16,17,18,20,26,27,28,29>6,7,13,14,17,18,22,29,37,38,32,1,9,10,20
32,1,4,36,6,37,9,10,14,16,17,18,20,26,27,28,29>6,13,14,17,22,24,26,27,28,29,30,37,38,32,1,9,10,20
32,1,4,36,6,37,9,10,14,16,17,18,20,26,27,28,29>4,7,8,14,22,24,26,27,28,29,30,33,38,32,1,9,10,20
32,1,4,36,6,37,9,10,14,16,17,18,20,26,27,28,29>6,7,8,11,13,14,15,17,18,22,24,26,29,30,33,38,39,32,1,9,10,20
1,3,4,5,8,9,13,15,16,17,18,21,22,24,27,29,30,31,34,35,36,37,39>5,8,9,39,40,13,18,24,30,1,3,4,35,37,16,17,21,22,29,31
1,3,4,5,8,9,13,15,16,17,18,21,22,24,27,29,30,31,34,35,36,37,39>7,8,13,14,27,28,1,3,4,35,37,16,17,21,22,29,31
1,3,4,5,8,9,13,15,16,17,18,21,22,24,27,29,30,31,34,35,36,37,39>32,36,5,8,13,14,20,24,27,28,30,1,3,4,35,37,16,17,21,22,29,31
1,3,4,5,8,9,13,15,16,17,18,21,22,24,27,29,30,31,34,35,36,37,39>32,36,5,7,40,13,14,15,18,28,1,3,4,35,37,16,17,21,22,29,31
6,8,9,11,13,15,16,17,18,19,20,21,25,26,28,29,30,31,33,34,37,40>5,11,13,14,15,19,22,23,24,26,29,34,36,33,8,40,16,17,18,20,30
6,8,9,11,13,15,16,17,18,19,20,21,25,26,28,29,30,31,33,34,37,40>6,11,14,15,19,22,23,24,26,27,31,35,36,33,8,40,16,17,18,20,30
6,8,9,11,13,15,16,17,18,19,20,21,25,26,28,29,30,31,33,34,37,40>5,6,15,22,23,26,27,28,29,31,34,35,36,33,8,40,16,17,18,20,30
6,8,9,11,13,15,16,17,18,19,20,21,25,26,28,29,30,31,33,34,37,40>5,6,9,13,14,15,19,21,22,24,25,26,27,28,29,31,34,35,37,33,8,40,16,17,18,20,30
1,4,7,9,10,11,12,16,17,19,20,21,23,24,25,26,27,28,29,33,34,35,36,37,40>32,4,40,12,17,18,29,30,31,1,33,36,37,7,9,11,20,23,24,25,26,27
1,4,7,9,10,11,12,16,17,19,20,21,23,24,25,26,27,28,29,33,34,35,36,37,40>35,4,10,12,21,29,31,1,33,36,37,7,9,11,20,23,24,25,26,27
1,4,7,9,10,11,12,16,17,19,20,21,23,24,25,26,27,28,29,33,34,35,36,37,40>34,35,40,12,13,17,18,19,28,29,31,1,33,36,37,7,9,11,20,23,24,25,26,27
1,4,7,9,10,11,12,16,17,19,20,21,23,24,25,26,27,28,29,33,34,35,36,37,40>34,35,4,5,40,12,18,21,28,29,30,31,1,33,36,37,7,9,11,20,23,24,25,26,27
1,33,3,4,5,36,37,10,13,17,18,20,21,22,25,26,28>37,10,11,24,25,30,1,33,3,4,36,13,17,20,21,22,28
1,33,3,4,5,36,37,10,13,17,18,20,21,22,25,26,28>34,39,14,16,18,25,27,29,30,1,33,3,4,36,13,17,20,21,22,28
1,33,3,4,5,36,37,10,13,17,18,20,21,22,25,26,28>5,39,16,25,29,30,1,33,3,4,36,13,17,20,21,22,28
1,33,3,4,5,36,37,10,13,17,18,20,21,22,25,26,28>37,7,16,29,30,1,33,3,4,36,13,17,20,21,22,28
2,3,5,6,7,9,10,13,14,15,16,17,18,19,21,22,23,24,26,27,30,31,32,33,37>34,7,8,40,20,29,32,2,3,5,9,10,13,14,15,16,17,18,21,22,23,26,30,31
2,3,5,6,7,9,10,13,14,15,16,17,18,19,21,22,23,24,26,27,30,31,32,33,37>33,34,6,37,11,19,25,28,29,32,2,3,5,9,10,13,14,15,16,17,18,21,22,23,26,30,31
2,3,5,6,7,9,10,13,14,15,16,17,18,19,21,22,23,24,26,27,30,31,32,33,37>35,36,7,8,37,11,12,40,19,25,28,32,2,3,5,9,10,13,14,15,16,17,18,21,22,23,26,30,31
2,3,5,6,7,9,10,13,14,15,16,17,18,19,21,22,23,24,26,27,30,31,32,33,37>35,4,36,6,8,37,12,20,24,25,32,2,3,5,9,10,13,14,15,16,17,18,21,22,23,26,30,31
1,35,36,5,8,9,14,16,18,19,21,23,24,25>35,37,19,21,22,26,27,1,5,18,23,25
1,35,36,5,8,9,14,16,18,19,21,23,24,25>34,36,39,15,16,19,27,1,5,18,23,25
1,35,36,5,8,9,14,16,18,19,21,23,24,25>35,36,37,8,9,14,16,19,21,27,1,5,18,23,25
1,35,36,5,8,9,14,16,18,19,21,23,24,25>34,35,36,37,39,9,14,15,19,21,27,1,5,18,23,25
5,6,12,13,14,15,16,19,20,21,22,23,25,27,29,30,31,32,35,38,40>37,8,12,17,24,25,26,28,30,32,35,5,40,14,15,16,20,23,27,29,31
5,6,12,13,14,15,16,19,20,21,22,23,25,27,29,30,31,32,35,38,40>37,6,13,18,19,24,28,30,32,35,5,40,14,15,16,20,23,27,29,31
5,6,12,13,14,15,16,19,20,21,22,23,25,27,29,30,31,32,35,38,40>37,38,8,13,19,25,26,28,30,32,35,5,40,14,15,16,20,23,27,29,31
5,6,12,13,14,15,16,19,20,21,22,23,25,27,29,30,31,32,35,38,40>37,38,12,13,19,24,25,26,28,32,35,5,40,14,15,16,20,23,27,29,31
1,4,5,7,8,11,14,15,16,22,26,27,28,29,30,31,32,33,35,36,37,38,39>22,27,11,14,32,1,33,35,36,5,37,7,38,39,15,28,29,30,31
1,4,5,7,8,11,14,15,16,22,26,27,28,29,30,31,32,33,35,36,37,38,39>4,8,9,14,16,32,1,33,35,36,5,37,7,38,39,15,28,29,30,31
1,4,5,7,8,11,14,15,16,22,26,27,28,29,30,31,32,33,35,36,37,38,39>8,9,11,14,16,27,32,1,33,35,36,5,37,7,38,39,15,28,29,30,31
1,4,5,7,8,11,14,15,16,22,26,27,28,29,30,31,32,33,35,36,37,38,39>4,8,9,11,16,22,27,32,1,33,35,36,5,37,7,38,39,15,28,29,30,31
2,3,6,7,8,10,12,14,15,18,19,20,21,22,23,24,25,26,27,29,31,34,38,39>4,9,11,39,13,19,28,2,3,8,12,15,18,20,21,22,23,24,25,26,27,29,31
2,3,6,7,8,10,12,14,15,18,19,20,21,22,23,24,25,26,27,29,31,34,38,39>32,5,7,38,11,39,19,28,2,3,8,12,15,18,20,21,22,23,24,25,26,27,29,31
2,3,6,7,8,10,12,14,15,18,19,20,21,22,23,24,25,26,27,29,31,34,38,39>34,4,7,9,10,11,39,28,30,2,3,8,12,15,18,20,21,22,23,24,25,26,27,29,31
2,3,6,7,8,10,12,14,15,18,19,20,21,22,23,24,25,26,27,29,31,34,38,39>34,35,5,7,38,9,11,39,13,14,30,2,3,8,12,15,18,20,21,22,23,24,25,26,27,29,31
1,2,3,5,7,39,9,10,40,12,15,16,18,19,22,24,29,30,31>4,11,15,16,21,23,24,25,28,1,2,3,5,39,40,9,12,18,19,22,29
1,2,3,5,7,39,9,10,40,12,15,16,18,19,22,24,29,30,31>35,4,13,21,23,28,30,1,2,3,5,39,40,9,12,18,19,22,29
1,2,3,5,7,39,9,10,40,12,15,16,18,19,22,24,29,30,31>7,11,13,16,21,24,30,31,1,2,3,5,39,40,9,12,18,19,22,29
1,2,3,5,7,39,9,10,40,12,15,16,18,19,22,24,29,30,31>35,7,11,23,30,1,2,3,5,39,40,9,12,18,19,22,29
1,3,5,7,8,9,10,11,12,15,16,17,21,23,25,26,27,29,30,31,32,33,34,37,38,39>8,15,17,19,20,21,23,29,36,37,40,32,1,3,5,9,11,12,26,27,30,31
1,3,5,7,8,9,10,11,12,15,16,17,21,23,25,26,27,29,30,31,32,33,34,37,38,39>7,8,13,16,19,21,23,25,29,34,36,39,32,1,3,5,9,11,12,26,27,30,31
1,3,5,7,8,9,10,11,12,15,16,17,21,23,25,26,27,29,30,31,32,33,34,37,38,39>10,16,20,29,33,34,38,39,40,32,1,3,5,9,11,12,26,27,30,31
1,3,5,7,8,9,10,11,12,15,16,17,21,23,25,26,27,29,30,31,32,33,34,37,38,39>7,8,10,13,17,21,29,33,34,32,1,3,5,9,11,12,26,27,30,31
32,33,2,4,37,38,7,8,9,39,11,12,13,19,20,22,23,24,27,29>4,7,8,11,12,16,17,20,26,27,31,36,38,32,2,39,9,23,24,29
32,33,2,4,37,38,7,8,9,39,11,12,13,19,20,22,23,24,27,29>7,12,16,17,19,26,27,31,37,32,2,39,9,23,24,29
32,33,2,4,37,38,7,8,9,39,11,12,13,19,20,22,23,24,27,29>4,7,8,18,19,20,22,26,28,31,37,38,32,2,39,9,23,24,29
32,33,2,4,37,38,7,8,9,39,11,12,13,19,20,22,23,24,27,29>5,7,8,11,12,14,16,17,22,25,26,31,33,38,32,2,39,9,23,24,29
1,2,3,4,5,6,33,34,39,10,11,40,14,17,19,20,25,27,28,31>4,7,13,14,15,17,19,28,35,36,1,2,3,34,33,11,20,27,31
1,2,3,4,5,6,33,34,39,10,11,40,14,17,19,20,25,27,28,31>5,9,14,23,25,32,36,40,1,2,3,34,33,11,20,27,31
1,2,3,4,5,6,33,34,39,10,11,40,14,17,19,20,25,27,28,31>5,6,7,8,9,10,14,17,23,24,25,28,40,1,2,3,34,33,11,20,27,31
1,2,3,4,5,6,33,34,39,10,11,40,14,17,19,20,25,27,28,31>4,5,6,8,9,10,13,15,18,23,24,28,32,35,1,2,3,34,33,11,20,27,31
1,4,6,8,11,15,16,17,18,19,20,22,23,24,27,28,31,32,33,37,40>34,36,7,37,9,11,40,15,16,26,29,32,1,33,8,18,20,22,23,24,28,31
1,4,6,8,11,15,16,17,18,19,20,22,23,24,27,28,31,32,33,37,40>34,36,9,40,16,17,21,25,32,1,33,8,18,20,22,23,24,28,31
1,4,6,8,11,15,16,17,18,19,20,22,23,24,27,28,31,32,33,37,40>35,36,6,7,37,11,17,19,25,26,27,32,1,33,8,18,20,22,23,24,28,31
1,4,6,8,11,15,16,17,18,19,20,22,23,24,27,28,31,32,33,37,40>34,35,4,36,6,37,40,19,26,27,29,32,1,33,8,18,20,22,23,24,28,31
2,3,4,8,9,11,12,13,17,20,24,26,27,29,30,31,33,34,35,36,37,39,40>33,39,14,26,27,2,3,35,36,37,40,17,20,24,30,31
2,3,4,8,9,11,12,13,17,20,24,26,27,29,30,31,33,34,35,36,37,39,40>34,4,39,11,12,13,14,26,29,2,3,35,36,37,40,17,20,24,30,31
2,3,4,8,9,11,12,13,17,20,24,26,27,29,30,31,33,34,35,36,37,39,40>33,34,39,8,11,12,25,27,2,3,35,36,37,40,17,20,24,30,31
2,3,4,8,9,11,12,13,17,20,24,26,27,29,30,31,33,34,35,36,37,39,40>14,32,33,34,2,3,35,36,37,40,17,20,24,30,31
32,33,2,36,5,6,7,11,12,13,14,16,20,22,27,30,31>6,7,15,17,20,24,27,29,40,32,2,36,5,14,16,31
32,33,2,36,5,6,7,11,12,13,14,16,20,22,27,30,31>8,11,15,17,20,22,27,29,35,39,40,32,2,36,5,14,16,31
32,33,2,36,5,6,7,11,12,13,14,16,20,22,27,30,31>6,8,11,12,13,15,20,22,29,30,33,34,35,40,32,2,36,5,14,16,31
32,33,2,36,5,6,7,11,12,13,14,16,20,22,27,30,31>6,7,9,12,13,15,17,24,27,28,29,30,32,2,36,5,14,16,31
2,3,4,6,7,8,10,14,15,16,17,21,22,24,25,28,29,33,35,37,38,39>7,38,13,14,16,17,21,33,2,3,4,37,39,8,15,25,28,29
2,3,4,6,7,8,10,14,15,16,17,21,22,24,25,28,29,33,35,37,38,39>35,14,38,33,2,3,4,37,39,8,15,25,28,29
2,3,4,6,7,8,10,14,15,16,17,21,22,24,25,28,29,33,35,37,38,39>5,6,7,38,9,11,20,21,24,27,33,2,3,4,37,39,8,15,25,28,29
2,3,4,6,7,8,10,14,15,16,17,21,22,24,25,28,29,33,35,37,38,39>36,5,6,7,10,11,12,14,16,20,33,2,3,4,37,39,8,15,25,28,29
1,4,5,7,8,11,12,14,17,19,21,22,23,25,27,30,32,34,36,38,39,40>11,12,18,20,25,28,29,39,32,1,34,5,38,7,40,23,27
1,4,5,7,8,11,12,14,17,19,21,22,23,25,27,30,32,34,36,38,39,40>4,12,18,19,20,22,29,30,31,32,1,34,5,38,7,40,23,27
1,4,5,7,8,11,12,14,17,19,21,22,23,25,27,30,32,34,36,38,39,40>4,8,14,15,18,19,20,21,25,26,29,30,36,32,1,34,5,38,7,40,23,27
1,4,5,7,8,11,12,14,17,19,21,22,23,25,27,30,32,34,36,38,39,40>4,11,12,15,18,19,20,21,28,29,32,1,34,5,38,7,40,23,27
1,2,4,6,7,10,11,12,13,14,17,22,23,25,27,30,31,32,34,35,36,37,38,40>10,12,15,23,28,32,1,2,34,35,37,6,7,38,40,11,13,14,17,27,31
1,2,4,6,7,10,11,12,13,14,17,22,23,25,27,30,31,32,34,35,36,37,38,40>36,8,9,10,12,15,20,22,23,29,30,32,1,2,34,35,37,6,7,38,40,11,13,14,17,27,31
1,2,4,6,7,10,11,12,13,14,17,22,23,25,27,30,31,32,34,35,36,37,38,40>36,12,25,26,29,30,32,1,2,34,35,37,6,7,38,40,11,13,14,17,27,31
1,2,4,6,7,10,11,12,13,14,17,22,23,25,27,30,31,32,34,35,36,37,38,40>4,36,8,9,16,22,23,25,29,32,1,2,34,35,37,6,7,38,40,11,13,14,17,27,31
1,33,3,34,35,6,7,8,11,12,13,15,16,22,23,24,25,30,31>11,22,26,27,28,29,30,33,36,37,1,34,3,35,7,8,16,25
1,33,3,34,35,6,7,8,11,12,13,15,16,22,23,24,25,30,31>6,12,15,26,28,29,36,40,1,34,3,35,7,8,16,25
1,33,3,34,35,6,7,8,11,12,13,15,16,22,23,24,25,30,31>6,11,12,14,17,22,29,30,40,1,34,3,35,7,8,16,25
1,33,3,34,35,6,7,8,11,12,13,15,16,22,23,24,25,30,31>6,9,11,12,15,17,22,24,26,28,29,33,37,40,1,34,3,35,7,8,16,25
1,6,8,12,13,14,16,18,20,21,22,24,26,28,30,31,33,34,35,38,39,40>37,39,12,13,15,17,18,29,31,1,33,34,35,8,40,14,16,20,21,22,24,28,30
1,6,8,12,13,14,16,18,20,21,22,24,26,28,30,31,33,34,35,38,39,40>36,7,39,13,15,26,29,1,33,34,35,8,40,14,16,20,21,22,24,28,30
1,6,8,12,13,14,16,18,20,21,22,24,26,28,30,31,33,34,35,38,39,40>6,7,38,12,17,1,33,34,35,8,40,14,16,20,21,22,24,28,30
1,6,8,12,13,14,16,18,20,21,22,24,26,28,30,31,33,34,35,38,39,40>6,7,37,13,17,18,26,29,31,1,33,34,35,8,40,14,16,20,21,22,24,28,30
34,3,4,35,6,7,8,36,37,40,13,14,17,19,20,21,28,29,31>33,34,40,9,15,16,19,21,23,28,31,35,3,4,37,8,14,17,20
34,3,4,35,6,7,8,36,37,40,13,14,17,19,20,21,28,29,31>36,6,9,16,19,21,23,28,35,3,4,37,8,14,17,20
34,3,4,35,6,7,8,36,37,40,13,14,17,19,20,21,28,29,31>33,36,6,40,9,15,16,18,28,35,3,4,37,8,14,17,20
34,3,4,35,6,7,8,36,37,40,13,14,17,19,20,21,28,29,31>33,34,36,6,7,9,13,16,19,21,28,29,31,35,3,4,37,8,14,17,20
1,2,3,4,8,9,10,12,13,14,16,17,18,19,21,23,24,25,28,30,31,36>6,9,11,12,19,22,24,26,28,31,34,35,39,40,1,2,3,4,13,14,16,17,18,23,25
1,2,3,4,8,9,10,12,13,14,16,17,18,19,21,23,24,25,28,30,31,36>8,10,19,21,22,24,26,27,30,31,34,35,36,39,1,2,3,4,13,14,16,17,18,23,25
1,2,3,4,8,9,10,12,13,14,16,17,18,19,21,23,24,25,28,30,31,36>6,11,12,15,30,31,33,34,35,36,39,40,1,2,3,4,13,14,16,17,18,23,25
1,2,3,4,8,9,10,12,13,14,16,17,18,19,21,23,24,25,28,30,31,36>8,9,10,12,19,21,24,26,30,31,33,34,35,40,1,2,3,4,13,14,16,17,18,23,25
1,2,4,5,6,7,8,9,12,13,16,18,23,24,25,28,29,31,32,35,36,38>14,17,18,22,24,26,28,29,33,1,2,35,5,38,7,8,9,16,25
1,2,4,5,6,7,8,9,12,13,16,18,23,24,25,28,29,31,32,35,36,38>4,12,13,14,17,24,26,36,1,2,35,5,38,7,8,9,16,25
1,2,4,5,6,7,8,9,12,13,16,18,23,24,25,28,29,31,32,35,36,38>10,12,13,14,18,22,24,28,32,36,1,2,35,5,38,7,8,9,16,25
1,2,4,5,6,7,8,9,12,13,16,18,23,24,25,28,29,31,32,35,36,38>12,13,14,17,22,24,27,28,29,31,32,36,39,1,2,35,5,38,7,8,9,16,25
1,33,3,34,37,6,7,39,9,40,11,13,14,21,22,24,25,30>33,6,37,11,16,17,21,22,24,29,1,34,3,7,40,9,14,25
1,33,3,34,37,6,7,39,9,40,11,13,14,21,22,24,25,30>36,37,13,15,17,22,24,28,30,1,34,3,7,40,9,14,25
1,33,3,34,37,6,7,39,9,40,11,13,14,21,22,24,25,30>33,6,11,15,16,17,22,27,28,29,1,34,3,7,40,9,14,25
1,33,3,34,37,6,7,39,9,40,11,13,14,21,22,24,25,30>33,36,5,6,39,11,13,16,20,22,1,34,3,7,40,9,14,25
3,35,36,6,37,8,38,10,17,19,22,23,26>34,35,5,36,38,10,17,19,20,28,3,37,8,23,26
3,35,36,6,37,8,38,10,17,19,22,23,26>34,35,36,38,39,10,20,28,29,3,37,8,23,26
3,35,36,6,37,8,38,10,17,19,22,23,26>34,4,5,6,11,13,17,3,37,8,23,26
3,35,36,6,37,8,38,10,17,19,22,23,26>34,4,5,6,36,39,10,22,29,3,37,8,23,26
4,5,7,9,10,12,16,18,20,21,22,23,24,26,27,28,29,30,32,36,37,39,40>7,10,12,18,23,27,31,32,5,39,40,9,20,21,22,24,26,28,29,30
4,5,7,9,10,12,16,18,20,21,22,23,24,26,27,28,29,30,32,36,37,39,40>4,38,12,13,16,23,32,5,39,40,9,20,21,22,24,26,28,29,30
4,5,7,9,10,12,16,18,20,21,22,23,24,26,27,28,29,30,32,36,37,39,40>33,4,37,38,10,12,18,23,27,31,32,5,39,40,9,20,21,22,24,26,28,29,30
4,5,7,9,10,12,16,18,20,21,22,23,24,26,27,28,29,30,32,36,37,39,40>33,36,37,7,10,12,13,16,18,23,25,31,32,5,39,40,9,20,21,22,24,26,28,29,30
2,3,5,7,9,11,12,13,15,16,18,19,20,22,24,26,27,29,30,31,32,33,34,36,37>11,13,20,21,23,28,37,38,40,32,2,3,36,5,9,16,18,22,24,29,30,31
2,3,5,7,9,11,12,13,15,16,18,19,20,22,24,26,27,29,30,31,32,33,34,36,37>11,17,23,27,28,33,37,38,40,32,2,3,36,5,9,16,18,22,24,29,30,31
2,3,5,7,9,11,12,13,15,16,18,19,20,22,24,26,27,29,30,31,32,33,34,36,37>7,11,13,15,17,19,21,27,38,40,32,2,3,36,5,9,16,18,22,24,29,30,31
2,3,5,7,9,11,12,13,15,16,18,19,20,22,24,26,27,29,30,31,32,33,34,36,37>7,11,13,14,15,33,34,35,37,40,32,2,3,36,5,9,16,18,22,24,29,30,31
1,3,4,7,8,9,10,11,14,15,16,18,19,20,22,23,24,25,27,32,34,35,36,39,40>37,38,10,39,13,14,20,29,32,1,34,3,7,9,11,15,18,19,22,23,24,25,27
1,3,4,7,8,9,10,11,14,15,16,18,19,20,22,23,24,25,27,32,34,35,36,39,40>5,37,8,38,39,12,14,40,16,21,29,32,1,34,3,7,9,11,15,18,19,22,23,24,25,27
1,3,4,7,8,9,10,11,14,15,16,18,19,20,22,23,24,25,27,32,34,35,36,39,40>35,5,37,38,10,39,21,26,28,31,32,1,34,3,7,9,11,15,18,19,22,23,24,25,27
1,3,4,7,8,9,10,11,14,15,16,18,19,20,22,23,24,25,27,32,34,35,36,39,40>35,4,5,8,10,13,14,40,20,21,32,1,34,3,7,9,11,15,18,19,22,23,24,25,27
33,34,3,4,5,6,35,8,36,38,40,14,17,19,21,22,23,27,29>5,14,15,17,18,19,20,22,26,31,32,35,37,40,3,4,36,8,23,29
33,34,3,4,5,6,35,8,36,38,40,14,17,19,21,22,23,27,29>5,6,17,18,19,20,26,27,31,32,34,40,3,4,36,8,23,29
33,34,3,4,5,6,35,8,36,38,40,14,17,19,21,22,23,27,29>6,9,14,19,20,21,22,26,28,31,34,40,3,4,36,8,23,29
33,34,3,4,5,6,35,8,36,38,40,14,17,19,21,22,23,27,29>6,9,15,19,20,21,22,26,27,32,34,37,38,40,3,4,36,8,23,29
1,2,4,7,8,9,10,12,14,15,19,21,22,23,24,25,26,27,30,32,35,37,38,39,40>10,13,18,21,28,32,1,2,37,7,39,9,40,12,15,23,25,26,27,30
1,2,4,7,8,9,10,12,14,15,19,21,22,23,24,25,26,27,30,32,35,37,38,39,40>5,38,10,11,18,20,22,28,31,32,1,2,37,7,39,9,40,12,15,23,25,26,27,30
1,2,4,7,8,9,10,12,14,15,19,21,22,23,24,25,26,27,30,32,35,37,38,39,40>35,5,38,8,13,14,18,20,22,29,31,32,1,2,37,7,39,9,40,12,15,23,25,26,27,30
1,2,4,7,8,9,10,12,14,15,19,21,22,23,24,25,26,27,30,32,35,37,38,39,40>35,4,38,8,10,11,13,19,20,22,28,32,1,2,37,7,39,9,40,12,15,23,25,26,27,30
32,3,4,35,6,7,40,10,13,14,18,19,21,22,23,24,25,26,29,30>32,35,5,6,7,9,10,11,39,15,19,27,28,3,4,40,13,14,18,21,22,23,25,26,29,30
32,3,4,35,6,7,40,10,13,14,18,19,21,22,23,24,25,26,29,30>32,35,6,8,9,11,17,20,24,3,4,40,13,14,18,21,22,23,25,26,29,30
32,3,4,35,6,7,40,10,13,14,18,19,21,22,23,24,25,26,29,30>32,35,5,7,8,9,10,15,16,24,27,3,4,40,13,14,18,21,22,23,25,26,29,30
32,3,4,35,6,7,40,10,13,14,18,19,21,22,23,24,25,26,29,30>32,35,5,6,9,11,16,17,27,3,4,40,13,14,18,21,22,23,25,26,29,30
1,2,3,6,7,8,9,39,40,12,13,14,21,22,23,24,30,31>4,12,13,15,20,21,22,25,26,28,30,1,2,3,6,7,8,9,39,40,14
1,2,3,6,7,8,9,39,40,12,13,14,21,22,23,24,30,31>5,15,16,17,20,23,24,25,29,30,34,35,1,2,3,6,7,8,9,39,40,14
1,2,3,6,7,8,9,39,40,12,13,14,21,22,23,24,30,31>10,13,17,22,24,25,28,30,31,34,1,2,3,6,7,8,9,39,40,14
1,2,3,6,7,8,9,39,40,12,13,14,21,22,23,24,30,31>4,10,12,16,17,20,25,26,29,30,34,35,1,2,3,6,7,8,9,39,40,14
8,9,10,12,13,14,16,17,19,21,22,23,26,27,31,33,34,35,37,38,39,40>12,15,19,21,22,29,39,40,34,35,37,13,14,16,17,23,26,31
8,9,10,12,13,14,16,17,19,21,22,23,26,27,31,33,34,35,37,38,39,40>5,8,12,19,21,27,36,38,39,40,34,35,37,13,14,16,17,23,26,31
8,9,10,12,13,14,16,17,19,21,22,23,26,27,31,33,34,35,37,38,39,40>5,9,10,11,15,18,19,20,21,36,40,34,35,37,13,14,16,17,23,26,31
8,9,10,12,13,14,16,17,19,21,22,23,26,27,31,33,34,35,37,38,39,40>8,9,10,11,12,15,18,21,27,32,34,35,37,13,14,16,17,23,26,31
32,1,2,3,37,38,8,9,40,11,12,13,16,17,19,20,24,25,26,31>9,11,12,13,14,18,19,23,27,30,32,34,38,39,40,1,2,3,16,17,20,24,25
32,1,2,3,37,38,8,9,40,11,12,13,16,17,19,20,24,25,26,31>6,8,9,11,12,18,19,26,31,34,35,37,1,2,3,16,17,20,24,25
32,1,2,3,37,38,8,9,40,11,12,13,16,17,19,20,24,25,26,31>6,8,9,13,14,18,19,26,27,30,32,34,35,37,38,39,40,1,2,3,16,17,20,24,25
32,1,2,3,37,38,8,9,40,11,12,13,16,17,19,20,24,25,26,31>5,6,8,12,14,19,23,30,39,40,1,2,3,16,17,20,24,25
2,6,7,8,9,11,14,17,18,19,20,21,23,24,25,28,29,31,33,36,40>35,5,39,14,17,26,28,29,33,2,36,8,9,18,20,23,24,25
2,6,7,8,9,11,14,17,18,19,20,21,23,24,25,28,29,31,33,36,40>35,6,11,15,17,19,21,26,27,28,33,2,36,8,9,18,20,23,24,25
2,6,7,8,9,11,14,17,18,19,20,21,23,24,25,28,29,31,33,36,40>5,6,7,40,11,17,19,21,26,33,2,36,8,9,18,20,23,24,25
2,6,7,8,9,11,14,17,18,19,20,21,23,24,25,28,29,31,33,36,40>35,5,6,39,40,14,15,17,22,26,29,31,33,2,36,8,9,18,20,23,24,25
2,3,35,5,37,39,40,12,15,16,17,18,19,20,21,22,24,26,30>35,4,15,19,26,28,29,2,3,37,5,39,40,18,20,21,22,24,30
2,3,35,5,37,39,40,12,15,16,17,18,19,20,21,22,24,26,30>4,12,16,17,28,2,3,37,5,39,40,18,20,21,22,24,30
2,3,35,5,37,39,40,12,15,16,17,18,19,20,21,22,24,26,30>23,35,4,28,2,3,37,5,39,40,18,20,21,22,24,30
2,3,35,5,37,39,40,12,15,16,17,18,19,20,21,22,24,26,30>34,35,4,12,15,23,25,2,3,37,5,39,40,18,20,21,22,24,30
1,2,3,4,7,8,9,10,12,13,14,17,18,21,23,24,25,29,31,34,37,38,39>12,16,22,24,26,27,35,37,1,2,3,4,7,9,13,14,17,25
1,2,3,4,7,8,9,10,12,13,14,17,18,21,23,24,25,29,31,34,37,38,39>6,10,16,22,24,26,27,31,35,38,39,1,2,3,4,7,9,13,14,17,25
1,2,3,4,7,8,9,10,12,13,14,17,18,21,23,24,25,29,31,34,37,38,39>8,11,12,16,18,21,23,24,26,31,35,37,39,1,2,3,4,7,9,13,14,17,25
1,2,3,4,7,8,9,10,12,13,14,17,18,21,23,24,25,29,31,34,37,38,39>5,8,10,12,16,18,26,27,34,35,37,39,1,2,3,4,7,9,13,14,17,25
1,2,6,7,8,9,10,13,14,16,20,21,26,29,30,31,33,34,35,36,37,40>33,11,15,21,29,31,1,2,35,36,37,6,7,8,9,10,40,13,14,16,20,30
1,2,6,7,8,9,10,13,14,16,20,21,26,29,30,31,33,34,35,36,37,40>33,11,15,24,26,29,1,2,35,36,37,6,7,8,9,10,40,13,14,16,20,30
1,2,6,7,8,9,10,13,14,16,20,21,26,29,30,31,33,34,35,36,37,40>5,11,15,21,26,29,1,2,35,36,37,6,7,8,9,10,40,13,14,16,20,30
1,2,6,7,8,9,10,13,14,16,20,21,26,29,30,31,33,34,35,36,37,40>34,5,15,17,21,26,31,1,2,35,36,37,6,7,8,9,10,40,13,14,16,20,30
32,3,4,35,37,38,8,9,10,11,16,17,19,20,21,25,26,27,31>9,16,17,19,21,23,26,30,32,35,3,37,11,20,27,31
32,3,4,35,37,38,8,9,10,11,16,17,19,20,21,25,26,27,31>34,39,8,10,16,18,26,30,32,35,3,37,11,20,27,31
32,3,4,35,37,38,8,9,10,11,16,17,19,20,21,25,26,27,31>34,4,39,8,9,10,13,16,18,21,24,25,26,32,35,3,37,11,20,27,31
32,3,4,35,37,38,8,9,10,11,16,17,19,20,21,25,26,27,31>4,38,9,10,18,19,21,23,24,25,26,30,32,35,3,37,11,20,27,31
1,3,5,6,8,11,16,17,18,19,20,23,25,27,29,30,35,36,38,39,40>35,37,6,7,38,16,17,22,24,30,31,1,3,5,39,8,40,18,20,23,27
1,3,5,6,8,11,16,17,18,19,20,23,25,27,29,30,35,36,38,39,40>32,36,38,16,19,22,25,26,29,30,31,1,3,5,39,8,40,18,20,23,27
1,3,5,6,8,11,16,17,18,19,20,23,25,27,29,30,35,36,38,39,40>35,36,6,11,16,24,30,1,3,5,39,8,40,18,20,23,27
1,3,5,6,8,11,16,17,18,19,20,23,25,27,29,30,35,36,38,39,40>32,35,36,37,7,38,19,24,1,3,5,39,8,40,18,20,23,27
1,3,4,5,9,10,15,16,17,20,22,23,24,26,27,28,29,30,34,36,37,38,39>5,7,9,10,11,12,15,22,34,36,37,39,40,1,3,4,20,24,26,28,29,30
1,3,4,5,9,10,15,16,17,20,22,23,24,26,27,28,29,30,34,36,37,38,39>5,9,11,15,17,22,23,27,32,34,37,40,1,3,4,20,24,26,28,29,30
1,3,4,5,9,10,15,16,17,20,22,23,24,26,27,28,29,30,34,36,37,38,39>7,9,10,11,12,13,15,16,22,27,31,32,36,39,1,3,4,20,24,26,28,29,30
1,3,4,5,9,10,15,16,17,20,22,23,24,26,27,28,29,30,34,36,37,38,39>5,7,9,10,11,12,25,27,32,36,38,40,1,3,4,20,24,26,28,29,30
32,3,35,36,8,9,10,11,12,13,14,15,16,21,22,25,31>37,38,8,17,20,21,22,25,27,29,31,35,3,11,12,13,14,15,16
32,3,35,36,8,9,10,11,12,13,14,15,16,21,22,25,31>32,36,8,9,39,21,28,29,31,35,3,11,12,13,14,15,16
32,3,35,36,8,9,10,11,12,13,14,15,16,21,22,25,31>34,36,37,9,10,39,17,27,29,31,35,3,11,12,13,14,15,16
32,3,35,36,8,9,10,11,12,13,14,15,16,21,22,25,31>32,34,36,37,8,9,10,17,19,20,22,27,29,31,35,3,11,12,13,14,15,16
1,6,10,11,15,16,17,18,19,22,23,25,26,28,29,31,32,33,34,37,39,40>5,7,13,15,20,27,34,36,37,39,1,33,11,18,22,23,26,28,29
1,6,10,11,15,16,17,18,19,22,23,25,26,28,29,31,32,33,34,37,39,40>5,10,12,16,19,21,27,31,32,34,36,37,1,33,11,18,22,23,26,28,29
1,6,10,11,15,16,17,18,19,22,23,25,26,28,29,31,32,33,34,37,39,40>5,7,8,19,21,25,34,39,1,33,11,18,22,23,26,28,29
1,6,10,11,15,16,17,18,19,22,23,25,26,28,29,31,32,33,34,37,39,40>5,10,21,31,32,34,35,37,1,33,11,18,22,23,26,28,29
33,5,9,10,12,15,16,17,20,21,26,27,28,29,30,31>39,40,11,15,17,21,26,33,5,12,20,30,31
33,5,9,10,12,15,16,17,20,21,26,27,28,29,30,31>32,35,40,10,13,15,16,17,21,26,28,29,33,5,12,20,30,31
33,5,9,10,12,15,16,17,20,21,26,27,28,29,30,31>35,36,39,40,11,16,19,21,24,26,27,28,33,5,12,20,30,31
33,5,9,10,12,15,16,17,20,21,26,27,28,29,30,31>32,35,36,39,9,10,11,13,16,17,21,24,28,29,33,5,12,20,30,31
1,33,35,4,7,40,10,11,12,15,17,18,19,22,23,28,29,31>37,39,9,10,40,13,19,20,31,1,33,35,7,11,12,18,22,23,28,29
1,33,35,4,7,40,10,11,12,15,17,18,19,22,23,28,29,31>5,37,39,9,15,19,20,31,1,33,35,7,11,12,18,22,23,28,29
1,33,35,4,7,40,10,11,12,15,17,18,19,22,23,28,29,31>36,10,40,13,15,19,26,1,33,35,7,11,12,18,22,23,28,29
1,33,35,4,7,40,10,11,12,15,17,18,19,22,23,28,29,31>4,5,36,37,40,15,20,26,1,33,35,7,11,12,18,22,23,28,29
32,34,3,4,5,6,7,36,9,37,39,12,40,15,16,18,19,20,23,29>37,10,15,19,22,24,29,3,4,5,9,18,23
32,34,3,4,5,6,7,36,9,37,39,12,40,15,16,18,19,20,23,29>32,37,6,10,39,15,20,22,24,29,3,4,5,9,18,23
32,34,3,4,5,6,7,36,9,37,39,12,40,15,16,18,19,20,23,29>32,34,37,38,10,15,19,20,24,29,3,4,5,9,18,23
32,34,3,4,5,6,7,36,9,37,39,12,40,15,16,18,19,20,23,29>32,34,7,38,10,12,40,15,20,22,3,4,5,9,18,23
2,35,4,5,38,14,15,16,17,18,19,21,24,25,29,30,31>5,40,19,23,24,27,29,31,2,35,15,18,25
2,35,4,5,38,14,15,16,17,18,19,21,24,25,29,30,31>4,37,38,39,14,19,22,23,24,31,2,35,15,18,25
2,35,4,5,38,14,15,16,17,18,19,21,24,25,29,30,31>4,37,40,16,17,20,21,22,24,27,29,2,35,15,18,25
2,35,4,5,38,14,15,16,17,18,19,21,24,25,29,30,31>4,37,39,40,16,17,19,21,22,23,24,29,30,2,35,15,18,25
35,4,5,36,7,37,9,38,14,15,20,21,22,24,29,31>7,39,14,21,22,28,31,35,37,5,9,15,20,24,29
35,4,5,36,7,37,9,38,14,15,20,21,22,24,29,31>4,36,14,22,28,35,37,5,9,15,20,24,29
35,4,5,36,7,37,9,38,14,15,20,21,22,24,29,31>4,38,7,14,21,31,35,37,5,9,15,20,24,29
35,4,5,36,7,37,9,38,14,15,20,21,22,24,29,31>36,38,7,14,28,31,35,37,5,9,15,20,24,29
1,2,3,4,5,7,10,11,12,13,15,16,20,21,22,23,24,25,26,28,29,32,33,34,37,38,40>4,36,40,9,10,15,23,27,30,1,2,3,33,5,7,11,12,13,16,20,24,25,26,28,29
1,2,3,4,5,7,10,11,12,13,15,16,20,21,22,23,24,25,26,28,29,32,33,34,37,38,40>34,36,37,38,40,10,14,15,17,23,27,1,2,3,33,5,7,11,12,13,16,20,24,25,26,28,29
1,2,3,4,5,7,10,11,12,13,15,16,20,21,22,23,24,25,26,28,29,32,33,34,37,38,40>32,34,37,40,9,14,15,27,30,1,2,3,33,5,7,11,12,13,16,20,24,25,26,28,29
1,2,3,4,5,7,10,11,12,13,15,16,20,21,22,23,24,25,26,28,29,32,33,34,37,38,40>4,37,10,14,19,21,1,2,3,33,5,7,11,12,13,16,20,24,25,26,28,29
32,34,36,5,6,38,9,14,16,17,18,22,23,26,31>35,36,6,8,10,16,18,21,29,30,34,5,38,22,26
32,34,36,5,6,38,9,14,16,17,18,22,23,26,31>35,36,8,9,10,21,29,31,34,5,38,22,26
32,34,36,5,6,38,9,14,16,17,18,22,23,26,31>32,35,6,9,10,15,21,28,31,34,5,38,22,26
32,34,36,5,6,38,9,14,16,17,18,22,23,26,31>35,36,9,14,16,18,20,23,29,30,31,34,5,38,22,26
1,2,3,4,5,9,10,12,14,15,18,19,20,21,23,24,26,29,30,36,37,39,40>7,10,11,13,25,29,1,2,3,4,39,40,12,15,18,20,23,24,26,30
1,2,3,4,5,9,10,12,14,15,18,19,20,21,23,24,26,29,30,36,37,39,40>36,7,9,11,13,14,19,21,22,25,1,2,3,4,39,40,12,15,18,20,23,24,26,30
1,2,3,4,5,9,10,12,14,15,18,19,20,21,23,24,26,29,30,36,37,39,40>37,7,10,19,25,1,2,3,4,39,40,12,15,18,20,23,24,26,30
1,2,3,4,5,9,10,12,14,15,18,19,20,21,23,24,26,29,30,36,37,39,40>36,37,7,9,11,13,14,1,2,3,4,39,40,12,15,18,20,23,24,26,30
1,35,36,37,38,7,8,40,13,15,17,20,21,24,26,27,28,29,30,31>5,9,39,13,14,27,1,35,37,40,17,20,24,30,31
1,35,36,37,38,7,8,40,13,15,17,20,21,24,26,27,28,29,30,31>32,36,38,7,8,39,13,14,15,21,26,27,28,29,1,35,37,40,17,20,24,30,31
1,35,36,37,38,7,8,40,13,15,17,20,21,24,26,27,28,29,30,31>33,36,7,8,9,39,13,14,15,21,25,28,29,1,35,37,40,17,20,24,30,31
1,35,36,37,38,7,8,40,13,15,17,20,21,24,26,27,28,29,30,31>32,33,36,5,38,7,8,9,39,14,25,26,28,1,35,37,40,17,20,24,30,31
1,33,4,36,8,9,13,15,20,21,22,23,24,25,28,29,30>9,40,13,14,15,17,22,23,30,1,33,36,20,24,25,28,29
1,33,4,36,8,9,13,15,20,21,22,23,24,25,28,29,30>8,13,15,21,22,23,26,27,1,33,36,20,24,25,28,29
1,33,4,36,8,9,13,15,20,21,22,23,24,25,28,29,30>4,8,9,39,13,15,17,21,26,30,1,33,36,20,24,25,28,29
1,33,4,36,8,9,13,15,20,21,22,23,24,25,28,29,30>9,39,40,14,15,17,22,27,1,33,36,20,24,25,28,29
32,1,2,3,33,38,39,40,9,10,11,14,16,17,18,20,25,27>34,38,9,14,15,24,32,1,2,3,39,11,20,27
32,1,2,3,33,38,39,40,9,10,11,14,16,17,18,20,25,27>34,6,10,13,15,17,18,22,32,1,2,3,39,11,20,27
32,1,2,3,33,38,39,40,9,10,11,14,16,17,18,20,25,27>33,36,6,40,14,16,17,22,24,25,32,1,2,3,39,11,20,27
32,1,2,3,33,38,39,40,9,10,11,14,16,17,18,20,25,27>33,34,36,5,13,16,17,22,25,31,32,1,2,3,39,11,20,27
33,2,3,34,36,6,37,40,15,17,25,26,29,30>5,6,8,20,25,26,27,29,2,3,36,40,30
33,2,3,34,36,6,37,40,15,17,25,26,29,30>33,37,8,15,17,29,2,3,36,40,30
33,2,3,34,36,6,37,40,15,17,25,26,29,30>33,34,4,5,17,20,25,27,29,2,3,36,40,30
33,2,3,34,36,6,37,40,15,17,25,26,29,30>33,34,4,5,6,8,15,17,20,25,29,2,3,36,40,30
33,35,4,5,36,37,40,9,10,14,18,20,21,23,26,28,29,30>5,10,11,14,22,28,29,33,36,37,40,20,26,30
33,35,4,5,36,37,40,9,10,14,18,20,21,23,26,28,29,30>4,39,9,10,11,13,18,21,24,28,33,36,37,40,20,26,30
33,35,4,5,36,37,40,9,10,14,18,20,21,23,26,28,29,30>35,4,9,10,14,15,18,21,22,23,24,33,36,37,40,20,26,30
33,35,4,5,36,37,40,9,10,14,18,20,21,23,26,28,29,30>5,39,9,13,15,18,22,23,24,29,33,36,37,40,20,26,30
32,33,2,34,5,37,7,8,40,10,11,13,14,16,21,26,29,30,31>35,36,7,8,10,29,31,2,5,40,11,13,14,16,30
32,33,2,34,5,37,7,8,40,10,11,13,14,16,21,26,29,30,31>33,35,37,7,10,15,17,21,26,29,2,5,40,11,13,14,16,30
32,33,2,34,5,37,7,8,40,10,11,13,14,16,21,26,29,30,31>32,34,35,36,10,15,20,21,2,5,40,11,13,14,16,30
32,33,2,34,5,37,7,8,40,10,11,13,14,16,21,26,29,30,31>32,33,34,35,36,37,8,10,20,21,26,2,5,40,11,13,14,16,30
32,33,35,4,5,36,7,8,38,10,12,15,16,17,19,21,22,23,25,28>10,15,17,21,25,26,29,34,33,36,5,38,12,19,23,28
32,33,35,4,5,36,7,8,38,10,12,15,16,17,19,21,22,23,25,28>4,13,17,18,20,21,22,27,29,32,35,37,39,33,36,5,38,12,19,23,28
32,33,35,4,5,36,7,8,38,10,12,15,16,17,19,21,22,23,25,28>4,7,11,13,15,16,17,22,25,26,27,32,35,37,39,33,36,5,38,12,19,23,28
32,33,35,4,5,36,7,8,38,10,12,15,16,17,19,21,22,23,25,28>4,8,10,13,15,22,25,27,29,34,37,39,33,36,5,38,12,19,23,28
1,2,34,35,37,6,39,9,15,16,17,18,19,22,24,26,29,30,31>34,40,15,17,19,21,1,2,35,37,6,18,22,29,30
1,2,34,35,37,6,39,9,15,16,17,18,19,22,24,26,29,30,31>7,39,15,19,23,24,25,31,1,2,35,37,6,18,22,29,30
1,2,34,35,37,6,39,9,15,16,17,18,19,22,24,26,29,30,31>5,7,9,16,21,23,25,28,31,1,2,35,37,6,18,22,29,30
1,2,34,35,37,6,39,9,15,16,17,18,19,22,24,26,29,30,31>34,5,7,8,9,40,17,19,28,1,2,35,37,6,18,22,29,30
1,2,3,5,6,7,8,15,19,20,22,23,25,26,27,31,32,33,36,38,39,40>4,6,9,15,20,22,24,29,32,1,2,3,36,5,38,7,8,39,23,26,27,31
1,2,3,5,6,7,8,15,19,20,22,23,25,26,27,31,32,33,36,38,39,40>33,9,18,22,29,32,1,2,3,36,5,38,7,8,39,23,26,27,31
1,2,3,5,6,7,8,15,19,20,22,23,25,26,27,31,32,33,36,38,39,40>33,34,4,40,9,15,19,22,30,32,1,2,3,36,5,38,7,8,39,23,26,27,31
1,2,3,5,6,7,8,15,19,20,22,23,25,26,27,31,32,33,36,38,39,40>34,35,6,40,9,24,28,32,1,2,3,36,5,38,7,8,39,23,26,27,31
1,4,5,7,40,9,12,13,15,16,20,21,24,31>39,40,13,14,21,31,1,5,7,9,16,20,24
1,4,5,7,40,9,12,13,15,16,20,21,24,31>34,39,12,15,21,1,5,7,9,16,20,24
1,4,5,7,40,9,12,13,15,16,20,21,24,31>34,35,40,12,13,14,17,21,25,1,5,7,9,16,20,24
1,4,5,7,40,9,12,13,15,16,20,21,24,31>4,13,17,21,31,1,5,7,9,16,20,24
35,4,5,37,10,11,13,14,15,16,17,19,20,22,27,29,31>39,10,12,19,24,27,28,35,37,11,13,14,15,16,17,20,29,31
35,4,5,37,10,11,13,14,15,16,17,19,20,22,27,29,31>32,23,5,39,35,37,11,13,14,15,16,17,20,29,31
35,4,5,37,10,11,13,14,15,16,17,19,20,22,27,29,31>32,5,10,18,19,24,28,35,37,11,13,14,15,16,17,20,29,31
35,4,5,37,10,11,13,14,15,16,17,19,20,22,27,29,31>4,39,12,18,28,35,37,11,13,14,15,16,17,20,29,31
1,2,3,6,9,10,11,13,14,15,16,17,22,23,24,26,27,29,31,32,34,36,37>34,5,9,10,24,30,32,1,2,3,6,11,13,14,15,16,17,26,29,31
1,2,3,6,9,10,11,13,14,15,16,17,22,23,24,26,27,29,31,32,34,36,37>34,9,10,38,12,20,23,24,25,32,1,2,3,6,11,13,14,15,16,17,26,29,31
1,2,3,6,9,10,11,13,14,15,16,17,22,23,24,26,27,29,31,32,34,36,37>35,36,5,8,9,10,38,23,25,27,28,32,1,2,3,6,11,13,14,15,16,17,26,29,31
1,2,3,6,9,10,11,13,14,15,16,17,22,23,24,26,27,29,31,32,34,36,37>34,37,7,38,20,24,25,27,28,30,32,1,2,3,6,11,13,14,15,16,17,26,29,31
32,2,35,4,36,37,7,8,9,38,11,12,13,20,21,23,25,28,29,31>5,16,23,25,26,27,28,31,32,2,35,37,38,9,20
32,2,35,4,36,37,7,8,9,38,11,12,13,20,21,23,25,28,29,31>4,5,8,13,14,21,23,26,32,36,39,2,35,37,38,9,20
32,2,35,4,36,37,7,8,9,38,11,12,13,20,21,23,25,28,29,31>4,5,7,8,13,17,23,24,25,27,29,32,33,39,2,35,37,38,9,20
32,2,35,4,36,37,7,8,9,38,11,12,13,20,21,23,25,28,29,31>4,5,7,8,11,12,13,17,21,24,25,26,28,39,2,35,37,38,9,20
32,2,3,4,37,38,40,9,11,15,17,24,30>32,37,38,39,11,15,17,24,25,30,40,2,3
32,2,3,4,37,38,40,9,11,15,17,24,30>34,37,38,24,30,40,2,3
32,2,3,4,37,38,40,9,11,15,17,24,30>15,4,37,39,40,2,3
32,2,3,4,37,38,40,9,11,15,17,24,30>4,38,11,15,20,40,2,3
2,3,6,7,9,12,15,18,19,25,26,27,29,31,32,33,34,35,36,37,40>34,6,38,12,19,22,25,26,29,30,32,2,3,35,36,37,9,18,27,31
2,3,6,7,9,12,15,18,19,25,26,27,29,31,32,33,34,35,36,37,40>4,5,6,8,38,10,23,25,29,30,32,2,3,35,36,37,9,18,27,31
2,3,6,7,9,12,15,18,19,25,26,27,29,31,32,33,34,35,36,37,40>33,4,7,10,40,15,22,23,25,26,30,32,2,3,35,36,37,9,18,27,31
2,3,6,7,9,12,15,18,19,25,26,27,29,31,32,33,34,35,36,37,40>33,34,4,8,10,12,15,19,22,26,29,32,2,3,35,36,37,9,18,27,31
32,34,3,4,35,38,7,39,9,11,19,20,22,23,26,27,28,29,31>33,5,37,38,18,19,27,30,32,35,3,9,23,26,28,29,31
32,34,3,4,35,38,7,39,9,11,19,20,22,23,26,27,28,29,31>33,5,37,7,11,18,19,20,32,35,3,9,23,26,28,29,31
32,34,3,4,35,38,7,39,9,11,19,20,22,23,26,27,28,29,31>33,34,37,7,39,11,18,19,30,32,35,3,9,23,26,28,29,31
32,34,3,4,35,38,7,39,9,11,19,20,22,23,26,27,28,29,31>4,5,37,7,11,18,19,27,30,32,35,3,9,23,26,28,29,31
3,5,6,10,13,14,15,16,18,21,23,25,26,30,31,33,34,36,38,39,40>33,6,8,39,10,11,17,21,25,31,34,3,36,5,40,13,14,15,16,26,30
3,5,6,10,13,14,15,16,18,21,23,25,26,30,31,33,34,36,38,39,40>33,39,10,18,23,27,34,3,36,5,40,13,14,15,16,26,30
3,5,6,10,13,14,15,16,18,21,23,25,26,30,31,33,34,36,38,39,40>35,4,6,38,8,39,10,11,17,18,27,34,3,36,5,40,13,14,15,16,26,30
3,5,6,10,13,14,15,16,18,21,23,25,26,30,31,33,34,36,38,39,40>33,35,4,38,10,12,20,34,3,36,5,40,13,14,15,16,26,30
1,2,5,8,9,10,11,14,17,18,19,20,23,24,28,30,32,33,34,35,37,40>9,13,15,25,28,30,1,2,33,34,5,37,40,11,18,20,23,24
1,2,5,8,9,10,11,14,17,18,19,20,23,24,28,30,32,33,34,35,37,40>35,8,14,17,19,28,30,1,2,33,34,5,37,40,11,18,20,23,24
1,2,5,8,9,10,11,14,17,18,19,20,23,24,28,30,32,33,34,35,37,40>36,9,14,15,19,26,28,30,1,2,33,34,5,37,40,11,18,20,23,24
1,2,5,8,9,10,11,14,17,18,19,20,23,24,28,30,32,33,34,35,37,40>35,36,9,13,14,15,1,2,33,34,5,37,40,11,18,20,23,24
2,3,4,5,6,7,10,11,14,16,18,19,21,22,23,25,29,32,34,36,37,39>6,8,16,19,20,26,27,28,36,2,3,5,11,18,21,22,23,29
2,3,4,5,6,7,10,11,14,16,18,19,21,22,23,25,29,32,34,36,37,39>4,7,8,10,16,20,27,37,38,2,3,5,11,18,21,22,23,29
2,3,4,5,6,7,10,11,14,16,18,19,21,22,23,25,29,32,34,36,37,39>6,7,8,15,16,26,27,32,36,37,2,3,5,11,18,21,22,23,29
2,3,4,5,6,7,10,11,14,16,18,19,21,22,23,25,29,32,34,36,37,39>4,6,7,14,15,16,19,20,26,27,28,32,34,36,37,38,2,3,5,11,18,21,22,23,29
2,3,4,35,6,7,8,9,36,40,19,23,24,25,31>34,6,7,37,39,10,18,26,27,2,35,3,4,8,9,23,25
2,3,4,35,6,7,8,9,36,40,19,23,24,25,31>36,6,7,10,18,19,26,31,2,35,3,4,8,9,23,25
2,3,4,35,6,7,8,9,36,40,19,23,24,25,31>5,6,39,40,18,19,27,31,2,35,3,4,8,9,23,25
2,3,4,35,6,7,8,9,36,40,19,23,24,25,31>34,18,5,6,2,35,3,4,8,9,23,25
2,3,4,5,9,14,17,18,21,22,23,25,26,28,29,30,32,35,36,37,39,40>32,5,38,9,14,17,18,23,27,2,3,4,37,39,40,21,22,26,28,29,30
2,3,4,5,9,14,17,18,21,22,23,25,26,28,29,30,32,35,36,37,39,40>33,15,17,23,25,27,2,3,4,37,39,40,21,22,26,28,29,30
2,3,4,5,9,14,17,18,21,22,23,25,26,28,29,30,32,35,36,37,39,40>35,5,38,14,18,20,2,3,4,37,39,40,21,22,26,28,29,30
2,3,4,5,9,14,17,18,21,22,23,25,26,28,29,30,32,35,36,37,39,40>32,36,38,18,23,27,2,3,4,37,39,40,21,22,26,28,29,30
4,5,6,7,8,9,11,12,13,16,17,18,19,22,23,26,28,31,32,33,34,35,36,39,40>32,38,40,12,14,20,21,29,30,31,33,34,35,36,5,8,9,16,17,18,22,23,26,28
4,5,6,7,8,9,11,12,13,16,17,18,19,22,23,26,28,31,32,33,34,35,36,39,40>4,7,38,39,40,12,14,19,33,34,35,36,5,8,9,16,17,18,22,23,26,28
4,5,6,7,8,9,11,12,13,16,17,18,19,22,23,26,28,31,32,33,34,35,36,39,40>32,4,38,39,12,13,20,21,29,30,31,33,34,35,36,5,8,9,16,17,18,22,23,26,28
4,5,6,7,8,9,11,12,13,16,17,18,19,22,23,26,28,31,32,33,34,35,36,39,40>4,37,6,7,38,40,11,12,14,19,21,33,34,35,36,5,8,9,16,17,18,22,23,26,28
2,3,5,39,8,9,10,12,13,14,17,18,20,24,26,27,30,31>4,10,11,40,16,22,25,26,2,3,5,39,13,14,17,20,24,30,31
2,3,5,39,8,9,10,12,13,14,17,18,20,24,26,27,30,31>32,4,8,9,40,15,16,18,22,25,26,27,2,3,5,39,13,14,17,20,24,30,31
2,3,5,39,8,9,10,12,13,14,17,18,20,24,26,27,30,31>32,34,10,11,26,27,2,3,5,39,13,14,17,20,24,30,31
2,3,5,39,8,9,10,12,13,14,17,18,20,24,26,27,30,31>32,35,9,40,16,22,26,2,3,5,39,13,14,17,20,24,30,31
33,2,35,6,7,9,11,18,21,22,24,31>33,6,8,37,11,20,24,28,29,31,2,35,9,21,22
33,2,35,6,7,9,11,18,21,22,24,31>33,34,5,8,39,18,24,25,28,31,2,35,9,21,22
33,2,35,6,7,9,11,18,21,22,24,31>34,36,5,7,11,18,20,24,28,29,2,35,9,21,22
33,2,35,6,7,9,11,18,21,22,24,31>33,34,36,6,7,8,39,11,20,24,29,2,35,9,21,22
3,5,7,8,9,14,15,16,17,18,19,22,24,27,28,29,30,31,32,36,37,38>7,8,40,14,16,24,27,30,32,3,5,38,9,15,18,22,28,29,31
3,5,7,8,9,14,15,16,17,18,19,22,24,27,28,29,30,31,32,36,37,38>33,35,36,7,39,40,20,32,3,5,38,9,15,18,22,28,29,31
3,5,7,8,9,14,15,16,17,18,19,22,24,27,28,29,30,31,32,36,37,38>33,4,36,8,40,19,20,21,24,32,3,5,38,9,15,18,22,28,29,31
3,5,7,8,9,14,15,16,17,18,19,22,24,27,28,29,30,31,32,36,37,38>35,4,36,37,7,8,39,16,17,20,23,25,30,32,3,5,38,9,15,18,22,28,29,31
34,35,4,36,6,8,40,11,13,15,17,18,19,20,24,27,28,29,30>13,14,16,19,22,23,25,27,28,32,33,35,8,40,17,18,20,24
34,35,4,36,6,8,40,11,13,15,17,18,19,20,24,27,28,29,30>4,11,13,15,19,22,28,29,30,32,33,34,8,40,17,18,20,24
34,35,4,36,6,8,40,11,13,15,17,18,19,20,24,27,28,29,30>6,11,22,23,25,27,28,29,30,32,33,37,8,40,17,18,20,24
34,35,4,36,6,8,40,11,13,15,17,18,19,20,24,27,28,29,30>4,6,11,15,16,23,25,27,30,32,34,8,40,17,18,20,24
3,5,6,7,8,9,12,13,15,16,17,18,20,21,22,23,25,26,27,28,32,38,39,40>4,7,10,12,18,24,25,32,3,5,39,8,9,16,17,20,21,22,26,27,28
3,5,6,7,8,9,12,13,15,16,17,18,20,21,22,23,25,26,27,28,32,38,39,40>33,34,6,7,38,40,12,13,15,23,29,30,32,3,5,39,8,9,16,17,20,21,22,26,27,28
3,5,6,7,8,9,12,13,15,16,17,18,20,21,22,23,25,26,27,28,32,38,39,40>4,10,12,13,14,23,24,30,31,32,3,5,39,8,9,16,17,20,21,22,26,27,28
3,5,6,7,8,9,12,13,15,16,17,18,20,21,22,23,25,26,27,28,32,38,39,40>34,4,7,38,12,13,14,15,18,23,25,29,30,31,32,3,5,39,8,9,16,17,20,21,22,26,27,28
33,3,35,37,7,8,40,10,12,14,15,16,17,18,20,22,24,28,31>4,8,9,10,11,14,16,17,18,25,29,34,39,33,3,35,37,12,15,20,22,24,28
33,3,35,37,7,8,40,10,12,14,15,16,17,18,20,22,24,28,31>4,5,9,13,14,16,18,19,31,36,39,33,3,35,37,12,15,20,22,24,28
33,3,35,37,7,8,40,10,12,14,15,16,17,18,20,22,24,28,31>7,8,9,10,11,13,16,21,29,39,33,3,35,37,12,15,20,22,24,28
33,3,35,37,7,8,40,10,12,14,15,16,17,18,20,22,24,28,31>7,8,11,13,16,18,19,21,29,31,34,36,40,33,3,35,37,12,15,20,22,24,28
3,5,6,8,10,11,12,14,16,17,18,21,26,27,29,30,31,34,36,38,39,40>13,14,15,17,18,21,22,26,29,32,35,36,38,39,3,5,8,40,11,30,31
3,5,6,8,10,11,12,14,16,17,18,21,26,27,29,30,31,34,36,38,39,40>6,16,22,26,27,36,38,3,5,8,40,11,30,31
3,5,6,8,10,11,12,14,16,17,18,21,26,27,29,30,31,34,36,38,39,40>6,10,20,21,27,34,39,3,5,8,40,11,30,31
3,5,6,8,10,11,12,14,16,17,18,21,26,27,29,30,31,34,36,38,39,40>6,10,13,18,21,22,26,29,32,35,38,3,5,8,40,11,30,31
38,2,3,4,5,34,7,8,9,10,11,12,36,14,15,18,25,26,37>4,10,22,26,27,2,3,34,5,9,11,12,15
38,2,3,4,5,34,7,8,9,10,11,12,36,14,15,18,25,26,37>36,8,38,10,13,18,25,26,30,2,3,34,5,9,11,12,15
38,2,3,4,5,34,7,8,9,10,11,12,36,14,15,18,25,26,37>4,36,13,25,27,30,2,3,34,5,9,11,12,15
38,2,3,4,5,34,7,8,9,10,11,12,36,14,15,18,25,26,37>36,8,38,14,22,25,2,3,34,5,9,11,12,15
1,2,3,6,8,9,10,12,13,18,21,23,24,31,32,33,34,36,37,38,39>5,9,11,12,16,17,18,21,25,33,1,2,3,34,36,6,38,8,10,13
1,2,3,6,8,9,10,12,13,18,21,23,24,31,32,33,34,36,37,38,39>5,11,17,18,24,31,32,37,1,2,3,34,36,6,38,8,10,13
1,2,3,6,8,9,10,12,13,18,21,23,24,31,32,33,34,36,37,38,39>4,5,12,16,21,23,24,25,26,31,35,1,2,3,34,36,6,38,8,10,13
1,2,3,6,8,9,10,12,13,18,21,23,24,31,32,33,34,36,37,38,39>7,12,17,20,23,24,33,37,1,2,3,34,36,6,38,8,10,13
2,3,4,5,6,7,8,10,11,15,17,18,21,22,23,24,25,26,27,31,32,34,35,38>4,37,6,7,38,10,12,13,17,23,24,28,29,30,32,2,3,34,5,35,8,11,21,22,25,26,27,31
2,3,4,5,6,7,8,10,11,15,17,18,21,22,23,24,25,26,27,31,32,34,35,38>6,7,38,9,12,13,15,17,18,20,23,24,28,29,30,32,2,3,34,5,35,8,11,21,22,25,26,27,31
2,3,4,5,6,7,8,10,11,15,17,18,21,22,23,24,25,26,27,31,32,34,35,38>37,6,7,9,12,13,15,18,23,24,30,32,2,3,34,5,35,8,11,21,22,25,26,27,31
2,3,4,5,6,7,8,10,11,15,17,18,21,22,23,24,25,26,27,31,32,34,35,38>4,37,6,7,12,13,20,23,30,32,2,3,34,5,35,8,11,21,22,25,26,27,31
1,2,3,7,9,10,12,13,14,19,21,23,25,27,28,30,31,32,35,36,38>4,7,15,18,20,21,25,26,30,34,37,39,32,1,2,3,35,38,9,13,14,23,27,31
1,2,3,7,9,10,12,13,14,19,21,23,25,27,28,30,31,32,35,36,38>4,6,11,12,17,18,25,26,28,33,34,36,40,32,1,2,3,35,38,9,13,14,23,27,31
1,2,3,7,9,10,12,13,14,19,21,23,25,27,28,30,31,32,35,36,38>5,6,7,11,16,17,19,21,33,36,40,32,1,2,3,35,38,9,13,14,23,27,31
1,2,3,7,9,10,12,13,14,19,21,23,25,27,28,30,31,32,35,36,38>4,5,6,7,10,11,12,15,16,19,20,26,30,33,34,39,32,1,2,3,35,38,9,13,14,23,27,31
2,35,4,36,37,7,8,40,12,14,15,19,20,22,23,27,29,30>5,8,9,12,18,26,28,30,32,39,2,37,40,15,23,29
2,35,4,36,37,7,8,40,12,14,15,19,20,22,23,27,29,30>5,9,12,22,24,27,28,32,36,2,37,40,15,23,29
2,35,4,36,37,7,8,40,12,14,15,19,20,22,23,27,29,30>4,7,8,20,22,26,28,30,39,2,37,40,15,23,29
2,35,4,36,37,7,8,40,12,14,15,19,20,22,23,27,29,30>5,7,8,12,18,20,24,26,35,39,2,37,40,15,23,29
1,2,3,7,10,12,14,16,17,18,21,22,25,26,27,31,34,35,37,38,39>4,6,9,11,12,16,18,25,29,32,39,1,2,3,34,35,37,21,22,27,31
1,2,3,7,10,12,14,16,17,18,21,22,25,26,27,31,34,35,37,38,39>4,5,9,12,14,16,17,26,28,29,32,38,1,2,3,34,35,37,21,22,27,31
1,2,3,7,10,12,14,16,17,18,21,22,25,26,27,31,34,35,37,38,39>6,10,12,13,14,15,17,20,28,29,30,32,1,2,3,34,35,37,21,22,27,31
1,2,3,7,10,12,14,16,17,18,21,22,25,26,27,31,34,35,37,38,39>4,6,7,9,12,13,17,18,20,25,26,28,29,30,39,1,2,3,34,35,37,21,22,27,31
2,3,4,5,6,9,10,11,13,14,18,19,23,24,25,29,30,33,34,37,39,40>34,36,37,10,39,15,19,2,3,40,9,11,13,14,18,23,25
2,3,4,5,6,9,10,11,13,14,18,19,23,24,25,29,30,33,34,37,39,40>34,5,15,16,19,26,2,3,40,9,11,13,14,18,23,25
2,3,4,5,6,9,10,11,13,14,18,19,23,24,25,29,30,33,34,37,39,40>34,4,37,10,19,26,27,2,3,40,9,11,13,14,18,23,25
2,3,4,5,6,9,10,11,13,14,18,19,23,24,25,29,30,33,34,37,39,40>33,34,4,36,8,37,10,39,17,22,30,2,3,40,9,11,13,14,18,23,25
1,2,3,5,7,10,11,13,14,15,17,18,19,21,23,24,25,26,28,32,33,35,36,40>32,38,39,19,20,27,28,30,1,2,3,33,5,36,11,13,14,15,17,18,23,25,26
1,2,3,5,7,10,11,13,14,15,17,18,19,21,23,24,25,26,28,32,33,35,36,40>32,34,37,38,7,39,40,19,21,27,1,2,3,33,5,36,11,13,14,15,17,18,23,25,26
1,2,3,5,7,10,11,13,14,15,17,18,19,21,23,24,25,26,28,32,33,35,36,40>35,37,38,39,40,16,19,20,21,22,24,27,28,1,2,3,33,5,36,11,13,14,15,17,18,23,25,26
1,2,3,5,7,10,11,13,14,15,17,18,19,21,23,24,25,26,28,32,33,35,36,40>32,37,38,10,12,20,22,24,27,1,2,3,33,5,36,11,13,14,15,17,18,23,25,26
32,1,2,3,34,37,39,40,9,10,12,13,14,17,21,25,26,27,31>4,6,39,9,11,12,15,21,26,30,32,1,2,3,34,13,14,17,27,31
32,1,2,3,34,37,39,40,9,10,12,13,14,17,21,25,26,27,31>4,6,37,11,12,40,20,30,32,1,2,3,34,13,14,17,27,31
32,1,2,3,34,37,39,40,9,10,12,13,14,17,21,25,26,27,31>5,6,9,10,12,40,30,32,1,2,3,34,13,14,17,27,31
32,1,2,3,34,37,39,40,9,10,12,13,14,17,21,25,26,27,31>35,5,6,37,39,9,10,40,15,20,21,26,32,1,2,3,34,13,14,17,27,31
1,33,34,35,5,36,7,8,37,12,13,14,20,21,22,28,29,30,31>9,40,12,13,15,16,1,33,35,36,5,37,14,20,28,29
1,33,34,35,5,36,7,8,37,12,13,14,20,21,22,28,29,30,31>34,12,15,21,22,30,1,33,35,36,5,37,14,20,28,29
1,33,34,35,5,36,7,8,37,12,13,14,20,21,22,28,29,30,31>34,8,40,12,13,22,1,33,35,36,5,37,14,20,28,29
1,33,34,35,5,36,7,8,37,12,13,14,20,21,22,28,29,30,31>34,8,9,40,12,13,17,21,30,1,33,35,36,5,37,14,20,28,29
1,3,4,6,7,9,10,11,17,18,19,20,22,23,28,29,31,35,37,38,40>33,4,38,8,10,21,26,31,1,3,35,37,7,9,11,18,20,22,23,28,29
1,3,4,6,7,9,10,11,17,18,19,20,22,23,28,29,31,35,37,38,40>4,5,6,38,8,10,17,19,21,24,1,3,35,37,7,9,11,18,20,22,23,28,29
1,3,4,6,7,9,10,11,17,18,19,20,22,23,28,29,31,35,37,38,40>33,5,38,8,39,13,19,21,24,26,31,1,3,35,37,7,9,11,18,20,22,23,28,29
1,3,4,6,7,9,10,11,17,18,19,20,22,23,28,29,31,35,37,38,40>4,5,6,10,13,17,21,31,1,3,35,37,7,9,11,18,20,22,23,28,29
1,5,8,9,10,11,12,13,15,17,19,22,23,26,27,30,34,35,36,38,39>8,14,16,18,19,20,22,29,32,35,36,38,40,1,34,5,11,12,13,17,23,26,30
1,5,8,9,10,11,12,13,15,17,19,22,23,26,27,30,34,35,36,38,39>10,15,19,20,22,27,29,31,32,36,38,39,1,34,5,11,12,13,17,23,26,30
1,5,8,9,10,11,12,13,15,17,19,22,23,26,27,30,34,35,36,38,39>8,10,14,15,18,22,27,29,32,35,36,37,40,1,34,5,11,12,13,17,23,26,30
1,5,8,9,10,11,12,13,15,17,19,22,23,26,27,30,34,35,36,38,39>9,10,15,16,18,22,31,35,36,37,1,34,5,11,12,13,17,23,26,30
32,1,33,3,34,35,36,37,8,9,10,11,38,13,40,16,17,20,23,26>32,9,10,40,23,1,34,3,36,37,38,11,13,16,17,20,26
32,1,33,3,34,35,36,37,8,9,10,11,38,13,40,16,17,20,23,26>32,33,9,40,14,1,34,3,36,37,38,11,13,16,17,20,26
32,1,33,3,34,35,36,37,8,9,10,11,38,13,40,16,17,20,23,26>32,33,8,40,14,30,1,34,3,36,37,38,11,13,16,17,20,26
32,1,33,3,34,35,36,37,8,9,10,11,38,13,40,16,17,20,23,26>32,8,9,10,40,14,24,30,1,34,3,36,37,38,11,13,16,17,20,26
1,2,3,4,5,6,8,9,10,11,12,13,14,15,16,18,19,22,25,26,28,33,39,40>6,7,36,40,10,23,29,1,2,3,33,39,8,9,11,12,13,14,15,16,18,19,22,28
1,2,3,4,5,6,8,9,10,11,12,13,14,15,16,18,19,22,25,26,28,33,39,40>6,7,36,21,23,25,26,27,29,1,2,3,33,39,8,9,11,12,13,14,15,16,18,19,22,28
1,2,3,4,5,6,8,9,10,11,12,13,14,15,16,18,19,22,25,26,28,33,39,40>5,6,36,40,17,21,23,25,30,1,2,3,33,39,8,9,11,12,13,14,15,16,18,19,22,28
1,2,3,4,5,6,8,9,10,11,12,13,14,15,16,18,19,22,25,26,28,33,39,40>6,36,40,10,17,26,30,1,2,3,33,39,8,9,11,12,13,14,15,16,18,19,22,28
4,5,8,9,10,13,14,15,16,17,19,20,22,24,26,28,29,33,34,35,36,37,38,39>35,5,8,9,12,23,26,30,33,36,37,13,14,15,16,17,19,20,24,28,29
4,5,8,9,10,13,14,15,16,17,19,20,22,24,26,28,29,33,34,35,36,37,38,39>35,5,38,9,10,12,18,23,26,33,36,37,13,14,15,16,17,19,20,24,28,29
4,5,8,9,10,13,14,15,16,17,19,20,22,24,26,28,29,33,34,35,36,37,38,39>34,4,5,39,8,9,11,12,23,25,30,33,36,37,13,14,15,16,17,19,20,24,28,29
4,5,8,9,10,13,14,15,16,17,19,20,22,24,26,28,29,33,34,35,36,37,38,39>35,5,39,8,9,12,18,23,25,26,33,36,37,13,14,15,16,17,19,20,24,28,29
2,37,6,7,8,9,11,12,13,16,17,20,23,26,28,29,31>5,7,37,39,23,24,30,2,8,9,16,17,20,26
2,37,6,7,8,9,11,12,13,16,17,20,23,26,28,29,31>33,5,6,7,37,24,29,30,31,2,8,9,16,17,20,26
2,37,6,7,8,9,11,12,13,16,17,20,23,26,28,29,31>35,5,6,7,37,12,13,23,24,28,30,31,2,8,9,16,17,20,26
2,37,6,7,8,9,11,12,13,16,17,20,23,26,28,29,31>35,5,6,7,39,11,23,29,31,2,8,9,16,17,20,26
1,2,3,4,6,7,9,10,11,13,16,17,19,20,21,24,26,27,29,30,31,32,34,39>34,10,14,21,25,26,27,29,32,1,2,3,6,7,9,11,13,16,17,20,24,30,31
1,2,3,4,6,7,9,10,11,13,16,17,19,20,21,24,26,27,29,30,31,32,34,39>35,5,40,10,14,18,19,26,27,32,1,2,3,6,7,9,11,13,16,17,20,24,30,31
1,2,3,4,6,7,9,10,11,13,16,17,19,20,21,24,26,27,29,30,31,32,34,39>35,4,5,40,10,14,19,21,23,26,32,1,2,3,6,7,9,11,13,16,17,20,24,30,31
1,2,3,4,6,7,9,10,11,13,16,17,19,20,21,24,26,27,29,30,31,32,34,39>35,4,40,10,19,26,27,29,32,1,2,3,6,7,9,11,13,16,17,20,24,30,31
33,2,34,5,39,8,9,40,11,12,14,15,16,18,19,25,26,27,28,29>32,39,9,40,11,14,16,19,22,25,26,30,33,2,5,15,18,27
33,2,34,5,39,8,9,40,11,12,14,15,16,18,19,25,26,27,28,29>32,39,14,16,19,25,30,31,33,2,5,15,18,27
33,2,34,5,39,8,9,40,11,12,14,15,16,18,19,25,26,27,28,29>32,36,39,8,12,14,16,19,22,26,33,2,5,15,18,27
33,2,34,5,39,8,9,40,11,12,14,15,16,18,19,25,26,27,28,29>32,36,39,8,11,14,16,22,25,26,28,29,30,31,33,2,5,15,18,27
1,6,7,8,9,10,12,16,18,19,20,21,22,23,25,26,27,30,34,36,38,40>32,6,38,11,12,13,19,24,28,1,34,7,8,9,10,40,18,20,21,22,23,26,27,30
1,6,7,8,9,10,12,16,18,19,20,21,22,23,25,26,27,30,34,36,38,40>5,6,11,12,13,28,31,1,34,7,8,9,10,40,18,20,21,22,23,26,27,30
1,6,7,8,9,10,12,16,18,19,20,21,22,23,25,26,27,30,34,36,38,40>32,5,6,38,11,12,13,16,19,24,1,34,7,8,9,10,40,18,20,21,22,23,26,27,30
1,6,7,8,9,10,12,16,18,19,20,21,22,23,25,26,27,30,34,36,38,40>32,5,11,12,16,19,28,29,1,34,7,8,9,10,40,18,20,21,22,23,26,27,30
33,3,4,5,6,37,38,9,10,11,39,14,15,16,18,20,24,26,28,30>4,6,36,10,38,14,18,22,25,33,3,39,9,11,15,24,30
33,3,4,5,6,37,38,9,10,11,39,14,15,16,18,20,24,26,28,30>5,6,36,37,12,13,16,18,26,33,3,39,9,11,15,24,30
33,3,4,5,6,37,38,9,10,11,39,14,15,16,18,20,24,26,28,30>34,5,6,8,10,38,12,18,20,25,33,3,39,9,11,15,24,30
33,3,4,5,6,37,38,9,10,11,39,14,15,16,18,20,24,26,28,30>4,5,6,36,37,38,13,16,18,22,25,26,28,33,3,39,9,11,15,24,30
