CD45,CD8,TCRlig,TCbind,PAGCsk,LCK,Fyn,Rlk,TCRphos,ZAP70,cCbl,Itk,LAT,Gads,Slp76,PLCg_b,Grb2Sos,DAG,PLCg_a,Ras,RasGRP1,PKCth,IP3,Raf,MEK,Ca,ERK,SEK,IKK,Calcin,Rsk,Fos,JNK,IkB,CREB,Jun,CRE,AP1,NFkB,NFAT
2,4,6,7,8,9,10,11,12,13,14,16,18,21,24,26,28,29,30,33,35,39>4,6,12,15,21,22,24,25,26,36,37,40,33,2,39,8,9,11,13,14,16,30
2,4,6,7,8,9,10,11,12,13,14,16,18,21,24,26,28,29,30,33,35,39>4,7,17,20,21,22,24,25,28,29,37,40,33,2,39,8,9,11,13,14,16,30
2,4,6,7,8,9,10,11,12,13,14,16,18,21,24,26,28,29,30,33,35,39>4,5,7,12,18,21,22,26,29,35,36,37,40,33,2,39,8,9,11,13,14,16,30
2,4,6,7,8,9,10,11,12,13,14,16,18,21,24,26,28,29,30,33,35,39>6,7,15,18,21,22,25,26,29,35,36,40,33,2,39,8,9,11,13,14,16,30
2,4,6,7,8,9,10,11,12,13,14,16,18,21,24,26,28,29,30,33,35,39>10,12,15,17,21,22,24,28,29,35,36,37,33,2,39,8,9,11,13,14,16,30
2,4,6,7,8,9,10,11,12,13,14,16,18,21,24,26,28,29,30,33,35,39>10,15,20,21,25,29,36,37,40,33,2,39,8,9,11,13,14,16,30
2,4,6,7,8,9,10,11,12,13,14,16,18,21,24,26,28,29,30,33,35,39>4,10,12,18,20,28,29,35,40,33,2,39,8,9,11,13,14,16,30
2,4,6,7,8,9,10,11,12,13,14,16,18,21,24,26,28,29,30,33,35,39>5,6,10,15,18,21,25,26,29,36,33,2,39,8,9,11,13,14,16,30
2,4,6,7,8,9,10,11,12,13,14,16,18,21,24,26,28,29,30,33,35,39>6,7,10,12,18,28,35,36,37,40,33,2,39,8,9,11,13,14,16,30
2,4,6,7,8,9,10,11,12,13,14,16,18,21,24,26,28,29,30,33,35,39>4,5,6,7,10,15,18,24,25,26,37,40,33,2,39,8,9,11,13,14,16,30
1,2,3,33,5,6,34,8,38,14,15,16,18,24,30>33,38,40,16,25,30,1,2,3,34,5,8,15
1,2,3,33,5,6,34,8,38,14,15,16,18,24,30>4,40,16,18,22,30,1,2,3,34,5,8,15
1,2,3,33,5,6,34,8,38,14,15,16,18,24,30>4,38,14,18,22,1,2,3,34,5,8,15
1,2,3,33,5,6,34,8,38,14,15,16,18,24,30>36,38,14,16,22,24,25,1,2,3,34,5,8,15
1,2,3,33,5,6,34,8,38,14,15,16,18,24,30>33,38,40,14,16,22,24,30,1,2,3,34,5,8,15
1,2,3,33,5,6,34,8,38,14,15,16,18,24,30>4,36,14,16,22,24,30,1,2,3,34,5,8,15
1,2,3,33,5,6,34,8,38,14,15,16,18,24,30>33,4,22,24,1,2,3,34,5,8,15
1,2,3,33,5,6,34,8,38,14,15,16,18,24,30>7,38,18,22,24,25,1,2,3,34,5,8,15
1,2,3,33,5,6,34,8,38,14,15,16,18,24,30>33,6,7,38,14,22,1,2,3,34,5,8,15
1,2,3,33,5,6,34,8,38,14,15,16,18,24,30>4,36,6,7,38,1,2,3,34,5,8,15
32,33,2,3,4,5,34,7,35,39,12,14,15,18,19,21,22,27,30,31>9,12,14,23,27,28,29,32,2,3,4,5,34,35,15,18,21,22,31
32,33,2,3,4,5,34,7,35,39,12,14,15,18,19,21,22,27,30,31>33,23,27,28,30,32,2,3,4,5,34,35,15,18,21,22,31
32,33,2,3,4,5,34,7,35,39,12,14,15,18,19,21,22,27,30,31>33,36,12,19,20,27,28,29,30,32,2,3,4,5,34,35,15,18,21,22,31
32,33,2,3,4,5,34,7,35,39,12,14,15,18,19,21,22,27,30,31>33,36,9,40,19,23,29,32,2,3,4,5,34,35,15,18,21,22,31
32,33,2,3,4,5,34,7,35,39,12,14,15,18,19,21,22,27,30,31>30,33,39,14,32,2,3,4,5,34,35,15,18,21,22,31
32,33,2,3,4,5,34,7,35,39,12,14,15,18,19,21,22,27,30,31>36,37,39,19,20,23,28,30,32,2,3,4,5,34,35,15,18,21,22,31
32,33,2,3,4,5,34,7,35,39,12,14,15,18,19,21,22,27,30,31>7,39,14,23,27,28,30,32,2,3,4,5,34,35,15,18,21,22,31
32,33,2,3,4,5,34,7,35,39,12,14,15,18,19,21,22,27,30,31>36,7,39,12,28,30,32,2,3,4,5,34,35,15,18,21,22,31
32,33,2,3,4,5,34,7,35,39,12,14,15,18,19,21,22,27,30,31>33,36,7,39,40,12,19,23,27,29,30,32,2,3,4,5,34,35,15,18,21,22,31
32,33,2,3,4,5,34,7,35,39,12,14,15,18,19,21,22,27,30,31>33,37,7,39,12,14,19,27,29,32,2,3,4,5,34,35,15,18,21,22,31
32,33,34,4,5,6,38,8,11,14,16,17,18,19,22,27,28,30>4,6,36,9,11,17,20,23,29,32,33,34,8,18,22,28
32,33,34,4,5,6,38,8,11,14,16,17,18,19,22,27,28,30>5,6,36,11,19,29,30,31,32,33,34,8,18,22,28
32,33,34,4,5,6,38,8,11,14,16,17,18,19,22,27,28,30>38,40,14,15,16,20,21,29,30,32,33,34,8,18,22,28
32,33,34,4,5,6,38,8,11,14,16,17,18,19,22,27,28,30>38,9,16,17,27,29,30,32,33,34,8,18,22,28
32,33,34,4,5,6,38,8,11,14,16,17,18,19,22,27,28,30>6,38,15,16,20,21,27,29,30,32,33,34,8,18,22,28
32,33,34,4,5,6,38,8,11,14,16,17,18,19,22,27,28,30>4,6,38,9,11,14,15,16,20,23,27,29,31,32,33,34,8,18,22,28
32,33,34,4,5,6,38,8,11,14,16,17,18,19,22,27,28,30>5,36,38,9,40,11,15,17,19,27,32,33,34,8,18,22,28
32,33,34,4,5,6,38,8,11,14,16,17,18,19,22,27,28,30>4,5,36,38,11,14,15,16,23,27,30,32,33,34,8,18,22,28
32,33,34,4,5,6,38,8,11,14,16,17,18,19,22,27,28,30>6,36,38,9,40,14,15,17,23,27,30,31,32,33,34,8,18,22,28
32,33,34,4,5,6,38,8,11,14,16,17,18,19,22,27,28,30>5,6,36,38,9,40,14,15,23,31,32,33,34,8,18,22,28
1,2,3,33,35,6,36,8,40,11,12,13,15,16,17,22,23,28,29,30>35,12,13,14,15,20,26,1,2,3,33,36,6,8,40,16,17,28,29
1,2,3,33,35,6,36,8,40,11,12,13,15,16,17,22,23,28,29,30>35,5,11,12,13,15,23,26,30,1,2,3,33,36,6,8,40,16,17,28,29
1,2,3,33,35,6,36,8,40,11,12,13,15,16,17,22,23,28,29,30>35,5,37,12,13,14,22,23,26,1,2,3,33,36,6,8,40,16,17,28,29
1,2,3,33,35,6,36,8,40,11,12,13,15,16,17,22,23,28,29,30>35,37,7,14,15,20,22,26,30,1,2,3,33,36,6,8,40,16,17,28,29
1,2,3,33,35,6,36,8,40,11,12,13,15,16,17,22,23,28,29,30>5,37,7,13,14,15,22,23,26,1,2,3,33,36,6,8,40,16,17,28,29
1,2,3,33,35,6,36,8,40,11,12,13,15,16,17,22,23,28,29,30>5,37,7,12,13,20,22,23,26,30,1,2,3,33,36,6,8,40,16,17,28,29
1,2,3,33,35,6,36,8,40,11,12,13,15,16,17,22,23,28,29,30>35,37,39,12,14,15,22,23,1,2,3,33,36,6,8,40,16,17,28,29
1,2,3,33,35,6,36,8,40,11,12,13,15,16,17,22,23,28,29,30>35,7,39,11,12,15,1,2,3,33,36,6,8,40,16,17,28,29
1,2,3,33,35,6,36,8,40,11,12,13,15,16,17,22,23,28,29,30>5,7,39,11,12,14,20,22,26,30,1,2,3,33,36,6,8,40,16,17,28,29
1,2,3,33,35,6,36,8,40,11,12,13,15,16,17,22,23,28,29,30>5,37,7,39,11,15,20,23,26,30,1,2,3,33,36,6,8,40,16,17,28,29
1,2,33,4,5,36,7,11,14,20,22,23,24,28,29>9,15,20,22,25,26,1,2,33,36,5,7,24,28,29
1,2,33,4,5,36,7,11,14,20,22,23,24,28,29>4,9,15,20,22,23,26,1,2,33,36,5,7,24,28,29
1,2,33,4,5,36,7,11,14,20,22,23,24,28,29>4,11,15,22,23,1,2,33,36,5,7,24,28,29
1,2,33,4,5,36,7,11,14,20,22,23,24,28,29>39,11,20,23,25,26,1,2,33,36,5,7,24,28,29
1,2,33,4,5,36,7,11,14,20,22,23,24,28,29>4,39,11,15,20,22,1,2,33,36,5,7,24,28,29
1,2,33,4,5,36,7,11,14,20,22,23,24,28,29>4,9,11,20,1,2,33,36,5,7,24,28,29
1,2,33,4,5,36,7,11,14,20,22,23,24,28,29>22,4,9,11,1,2,33,36,5,7,24,28,29
1,2,33,4,5,36,7,11,14,20,22,23,24,28,29>9,14,15,23,25,1,2,33,36,5,7,24,28,29
1,2,33,4,5,36,7,11,14,20,22,23,24,28,29>11,14,15,22,25,26,1,2,33,36,5,7,24,28,29
1,2,33,4,5,36,7,11,14,20,22,23,24,28,29>39,9,11,14,22,23,26,1,2,33,36,5,7,24,28,29
32,1,34,3,37,6,38,39,17,18,19,20,21,23,25>8,37,17,22,25,27,1,34,3,18,20,23
32,1,34,3,37,6,38,39,17,18,19,20,21,23,25>4,38,39,17,19,21,22,24,25,26,1,34,3,18,20,23
32,1,34,3,37,6,38,39,17,18,19,20,21,23,25>32,4,5,37,38,39,19,21,22,24,25,27,1,34,3,18,20,23
32,1,34,3,37,6,38,39,17,18,19,20,21,23,25>6,38,39,21,22,24,25,27,1,34,3,18,20,23
32,1,34,3,37,6,38,39,17,18,19,20,21,23,25>32,6,8,25,26,27,1,34,3,18,20,23
32,1,34,3,37,6,38,39,17,18,19,20,21,23,25>32,4,6,38,17,21,25,1,34,3,18,20,23
32,1,34,3,37,6,38,39,17,18,19,20,21,23,25>5,6,8,39,19,22,25,26,27,1,34,3,18,20,23
32,1,34,3,37,6,38,39,17,18,19,20,21,23,25>7,38,39,17,19,21,25,26,27,1,34,3,18,20,23
32,1,34,3,37,6,38,39,17,18,19,20,21,23,25>5,7,37,21,27,1,34,3,18,20,23
32,1,34,3,37,6,38,39,17,18,19,20,21,23,25>5,6,7,38,17,19,21,22,24,1,34,3,18,20,23
3,6,7,11,12,13,14,15,16,19,20,21,22,23,24,26,27,30,33,35,36,39>5,6,8,17,18,19,21,22,31,33,34,37,3,36,39,14,15,16,20,23,24,26,30
3,6,7,11,12,13,14,15,16,19,20,21,22,23,24,26,27,30,33,35,36,39>7,8,11,12,18,25,27,28,29,31,33,35,37,3,36,39,14,15,16,20,23,24,26,30
3,6,7,11,12,13,14,15,16,19,20,21,22,23,24,26,27,30,33,35,36,39>5,7,8,11,17,18,19,22,27,28,29,35,3,36,39,14,15,16,20,23,24,26,30
3,6,7,11,12,13,14,15,16,19,20,21,22,23,24,26,27,30,33,35,36,39>9,11,18,19,22,27,28,29,31,32,35,3,36,39,14,15,16,20,23,24,26,30
3,6,7,11,12,13,14,15,16,19,20,21,22,23,24,26,27,30,33,35,36,39>5,9,13,17,25,31,32,33,37,40,3,36,39,14,15,16,20,23,24,26,30
3,6,7,11,12,13,14,15,16,19,20,21,22,23,24,26,27,30,33,35,36,39>5,7,9,11,12,13,18,19,21,22,28,31,33,34,3,36,39,14,15,16,20,23,24,26,30
3,6,7,11,12,13,14,15,16,19,20,21,22,23,24,26,27,30,33,35,36,39>5,6,7,9,11,12,13,17,18,19,21,22,31,35,37,3,36,39,14,15,16,20,23,24,26,30
3,6,7,11,12,13,14,15,16,19,20,21,22,23,24,26,27,30,33,35,36,39>8,9,12,13,17,18,19,28,29,31,34,35,3,36,39,14,15,16,20,23,24,26,30
3,6,7,11,12,13,14,15,16,19,20,21,22,23,24,26,27,30,33,35,36,39>5,6,8,9,12,17,18,34,35,3,36,39,14,15,16,20,23,24,26,30
3,6,7,11,12,13,14,15,16,19,20,21,22,23,24,26,27,30,33,35,36,39>6,7,8,9,12,17,19,22,25,27,32,40,3,36,39,14,15,16,20,23,24,26,30
2,3,4,6,7,8,9,10,11,12,15,16,17,19,21,23,25,26,28,30,32,33,36,37,38>4,37,39,40,13,15,17,18,20,27,28,33,2,3,36,38,8,9,11,12,19,23,26,30
2,3,4,6,7,8,9,10,11,12,15,16,17,19,21,23,25,26,28,30,32,33,36,37,38>32,4,7,37,10,40,13,21,27,28,33,2,3,36,38,8,9,11,12,19,23,26,30
2,3,4,6,7,8,9,10,11,12,15,16,17,19,21,23,25,26,28,30,32,33,36,37,38>32,5,7,39,10,40,15,16,17,20,25,28,33,2,3,36,38,8,9,11,12,19,23,26,30
2,3,4,6,7,8,9,10,11,12,15,16,17,19,21,23,25,26,28,30,32,33,36,37,38>32,4,5,40,15,20,21,25,27,33,2,3,36,38,8,9,11,12,19,23,26,30
2,3,4,6,7,8,9,10,11,12,15,16,17,19,21,23,25,26,28,30,32,33,36,37,38>6,13,16,17,20,28,33,2,3,36,38,8,9,11,12,19,23,26,30
2,3,4,6,7,8,9,10,11,12,15,16,17,19,21,23,25,26,28,30,32,33,36,37,38>6,37,39,10,13,15,16,25,27,33,2,3,36,38,8,9,11,12,19,23,26,30
2,3,4,6,7,8,9,10,11,12,15,16,17,19,21,23,25,26,28,30,32,33,36,37,38>34,6,7,10,40,13,15,16,17,20,21,33,2,3,36,38,8,9,11,12,19,23,26,30
2,3,4,6,7,8,9,10,11,12,15,16,17,19,21,23,25,26,28,30,32,33,36,37,38>4,6,7,37,39,40,15,17,18,21,25,28,33,2,3,36,38,8,9,11,12,19,23,26,30
2,3,4,6,7,8,9,10,11,12,15,16,17,19,21,23,25,26,28,30,32,33,36,37,38>34,5,6,39,10,13,15,18,25,28,33,2,3,36,38,8,9,11,12,19,23,26,30
2,3,4,6,7,8,9,10,11,12,15,16,17,19,21,23,25,26,28,30,32,33,36,37,38>32,4,5,6,7,37,13,15,16,18,21,25,33,2,3,36,38,8,9,11,12,19,23,26,30
33,34,3,4,5,37,40,12,15,16,18,21,23,24,25>36,12,16,24,26,25,34,3,4
33,34,3,4,5,37,40,12,15,16,18,21,23,24,25>33,5,12,18,20,25,34,3,4
33,34,3,4,5,37,40,12,15,16,18,21,23,24,25>36,5,15,20,21,22,24,25,34,3,4
33,34,3,4,5,37,40,12,15,16,18,21,23,24,25>33,36,5,12,16,20,22,24,27,25,34,3,4
33,34,3,4,5,37,40,12,15,16,18,21,23,24,25>37,15,16,18,20,21,22,23,26,25,34,3,4
33,34,3,4,5,37,40,12,15,16,18,21,23,24,25>36,5,16,18,22,24,26,25,34,3,4
33,34,3,4,5,37,40,12,15,16,18,21,23,24,25>33,5,37,15,16,20,22,23,24,26,25,34,3,4
33,34,3,4,5,37,40,12,15,16,18,21,23,24,25>36,5,37,12,16,18,26,25,34,3,4
33,34,3,4,5,37,40,12,15,16,18,21,23,24,25>36,5,37,12,15,16,21,22,24,25,34,3,4
33,34,3,4,5,37,40,12,15,16,18,21,23,24,25>33,36,37,40,15,18,21,22,23,24,26,25,34,3,4
2,3,4,6,8,10,12,13,14,17,18,20,23,24,25,27,31,33,35,36,37,39,40>6,10,11,12,16,18,22,26,2,3,4,35,36,37,8,39,13,14,17,20,24,25,27,31
2,3,4,6,8,10,12,13,14,17,18,20,23,24,25,27,31,33,35,36,37,39,40>6,9,11,12,15,22,2,3,4,35,36,37,8,39,13,14,17,20,24,25,27,31
2,3,4,6,8,10,12,13,14,17,18,20,23,24,25,27,31,33,35,36,37,39,40>32,33,6,10,11,15,16,18,23,26,2,3,4,35,36,37,8,39,13,14,17,20,24,25,27,31
2,3,4,6,8,10,12,13,14,17,18,20,23,24,25,27,31,33,35,36,37,39,40>32,34,6,11,12,16,18,23,26,2,3,4,35,36,37,8,39,13,14,17,20,24,25,27,31
2,3,4,6,8,10,12,13,14,17,18,20,23,24,25,27,31,33,35,36,37,39,40>32,40,9,15,16,22,2,3,4,35,36,37,8,39,13,14,17,20,24,25,27,31
2,3,4,6,8,10,12,13,14,17,18,20,23,24,25,27,31,33,35,36,37,39,40>32,33,40,9,10,16,18,26,2,3,4,35,36,37,8,39,13,14,17,20,24,25,27,31
2,3,4,6,8,10,12,13,14,17,18,20,23,24,25,27,31,33,35,36,37,39,40>32,33,40,10,12,15,18,22,23,2,3,4,35,36,37,8,39,13,14,17,20,24,25,27,31
2,3,4,6,8,10,12,13,14,17,18,20,23,24,25,27,31,33,35,36,37,39,40>32,33,34,40,10,11,22,26,2,3,4,35,36,37,8,39,13,14,17,20,24,25,27,31
2,3,4,6,8,10,12,13,14,17,18,20,23,24,25,27,31,33,35,36,37,39,40>6,40,9,10,15,16,18,22,26,2,3,4,35,36,37,8,39,13,14,17,20,24,25,27,31
2,3,4,6,8,10,12,13,14,17,18,20,23,24,25,27,31,33,35,36,37,39,40>33,34,6,40,9,11,15,16,18,26,2,3,4,35,36,37,8,39,13,14,17,20,24,25,27,31
34,3,4,39,40,10,11,13,15,16,17,20,21,23,25,27,29,30,31>14,32,23,15,3,40,11,13,16,17,20,27,31
34,3,4,39,40,10,11,13,15,16,17,20,21,23,25,27,29,30,31>32,34,4,10,14,21,23,24,25,26,29,3,40,11,13,16,17,20,27,31
34,3,4,39,40,10,11,13,15,16,17,20,21,23,25,27,29,30,31>32,34,4,10,12,14,15,21,24,30,3,40,11,13,16,17,20,27,31
34,3,4,39,40,10,11,13,15,16,17,20,21,23,25,27,29,30,31>34,35,4,10,12,14,21,23,24,25,29,30,3,40,11,13,16,17,20,27,31
34,3,4,39,40,10,11,13,15,16,17,20,21,23,25,27,29,30,31>32,39,12,15,25,26,30,3,40,11,13,16,17,20,27,31
34,3,4,39,40,10,11,13,15,16,17,20,21,23,25,27,29,30,31>32,34,39,10,12,21,24,26,3,40,11,13,16,17,20,27,31
34,3,4,39,40,10,11,13,15,16,17,20,21,23,25,27,29,30,31>34,35,39,10,12,14,23,25,26,29,30,3,40,11,13,16,17,20,27,31
34,3,4,39,40,10,11,13,15,16,17,20,21,23,25,27,29,30,31>34,4,39,12,14,15,23,25,26,29,30,3,40,11,13,16,17,20,27,31
34,3,4,39,40,10,11,13,15,16,17,20,21,23,25,27,29,30,31>32,34,4,39,10,14,24,26,29,30,3,40,11,13,16,17,20,27,31
34,3,4,39,40,10,11,13,15,16,17,20,21,23,25,27,29,30,31>32,35,4,39,14,15,24,26,3,40,11,13,16,17,20,27,31
1,4,5,6,10,11,13,14,15,16,17,18,22,23,24,26,33,35,38,39,40>9,10,23,24,25,29,35,38,40,1,39,11,13,14,15,16,17,22,26
1,4,5,6,10,11,13,14,15,16,17,18,22,23,24,26,33,35,38,39,40>4,21,24,29,33,37,38,1,39,11,13,14,15,16,17,22,26
1,4,5,6,10,11,13,14,15,16,17,18,22,23,24,26,33,35,38,39,40>5,7,9,21,23,28,29,34,37,1,39,11,13,14,15,16,17,22,26
1,4,5,6,10,11,13,14,15,16,17,18,22,23,24,26,33,35,38,39,40>4,5,7,12,30,33,34,36,37,40,1,39,11,13,14,15,16,17,22,26
1,4,5,6,10,11,13,14,15,16,17,18,22,23,24,26,33,35,38,39,40>6,7,10,12,18,21,23,24,25,28,30,35,36,38,1,39,11,13,14,15,16,17,22,26
1,4,5,6,10,11,13,14,15,16,17,18,22,23,24,26,33,35,38,39,40>5,6,7,10,12,20,25,28,33,34,35,37,40,1,39,11,13,14,15,16,17,22,26
1,4,5,6,10,11,13,14,15,16,17,18,22,23,24,26,33,35,38,39,40>5,6,8,18,20,24,25,28,34,38,1,39,11,13,14,15,16,17,22,26
1,4,5,6,10,11,13,14,15,16,17,18,22,23,24,26,33,35,38,39,40>4,5,6,8,10,20,21,23,25,28,33,37,1,39,11,13,14,15,16,17,22,26
1,4,5,6,10,11,13,14,15,16,17,18,22,23,24,26,33,35,38,39,40>4,7,8,9,12,21,24,25,29,33,35,36,1,39,11,13,14,15,16,17,22,26
1,4,5,6,10,11,13,14,15,16,17,18,22,23,24,26,33,35,38,39,40>5,6,7,8,9,10,12,18,20,21,24,28,29,30,34,35,38,40,1,39,11,13,14,15,16,17,22,26
2,6,7,38,40,13,14,18,21,23,25,27,28,29,30>5,22,23,25,30,39,40,2,27,14
2,6,7,38,40,13,14,18,21,23,25,27,28,29,30>5,13,15,16,17,20,21,22,25,29,30,32,33,38,40,2,27,14
2,6,7,38,40,13,14,18,21,23,25,27,28,29,30>5,6,15,18,20,21,22,23,25,26,28,33,38,39,40,2,27,14
2,6,7,38,40,13,14,18,21,23,25,27,28,29,30>6,7,16,18,20,22,23,28,29,30,33,39,40,2,27,14
2,6,7,38,40,13,14,18,21,23,25,27,28,29,30>6,8,13,17,20,21,22,28,29,31,38,39,40,2,27,14
2,6,7,38,40,13,14,18,21,23,25,27,28,29,30>5,7,8,16,17,18,20,21,23,26,30,39,40,2,27,14
2,6,7,38,40,13,14,18,21,23,25,27,28,29,30>5,7,8,13,16,17,18,22,25,26,28,30,32,38,39,40,2,27,14
2,6,7,38,40,13,14,18,21,23,25,27,28,29,30>6,9,16,20,26,30,32,33,40,2,27,14
2,6,7,38,40,13,14,18,21,23,25,27,28,29,30>6,8,9,13,15,18,23,26,28,30,31,40,2,27,14
2,6,7,38,40,13,14,18,21,23,25,27,28,29,30>5,6,8,9,16,17,18,21,22,23,25,28,31,32,33,38,39,40,2,27,14
1,3,4,5,7,9,10,13,14,18,19,21,22,23,25,26,28,30,31,32,33,34,37,38,39>29,36,17,39,1,33,3,4,5,34,7,9,13,14,18,21,22,23,26,28,30
1,3,4,5,7,9,10,13,14,18,19,21,22,23,25,26,28,30,31,32,33,34,37,38,39>35,36,39,40,15,17,19,20,27,31,1,33,3,4,5,34,7,9,13,14,18,21,22,23,26,28,30
1,3,4,5,7,9,10,13,14,18,19,21,22,23,25,26,28,30,31,32,33,34,37,38,39>32,37,40,10,15,17,29,1,33,3,4,5,34,7,9,13,14,18,21,22,23,26,28,30
1,3,4,5,7,9,10,13,14,18,19,21,22,23,25,26,28,30,31,32,33,34,37,38,39>35,37,10,11,16,17,27,29,31,1,33,3,4,5,34,7,9,13,14,18,21,22,23,26,28,30
1,3,4,5,7,9,10,13,14,18,19,21,22,23,25,26,28,30,31,32,33,34,37,38,39>36,37,16,25,31,1,33,3,4,5,34,7,9,13,14,18,21,22,23,26,28,30
1,3,4,5,7,9,10,13,14,18,19,21,22,23,25,26,28,30,31,32,33,34,37,38,39>32,38,40,16,17,1,33,3,4,5,34,7,9,13,14,18,21,22,23,26,28,30
1,3,4,5,7,9,10,13,14,18,19,21,22,23,25,26,28,30,31,32,33,34,37,38,39>37,38,40,11,15,16,19,20,29,1,33,3,4,5,34,7,9,13,14,18,21,22,23,26,28,30
1,3,4,5,7,9,10,13,14,18,19,21,22,23,25,26,28,30,31,32,33,34,37,38,39>35,36,38,39,40,10,11,17,1,33,3,4,5,34,7,9,13,14,18,21,22,23,26,28,30
1,3,4,5,7,9,10,13,14,18,19,21,22,23,25,26,28,30,31,32,33,34,37,38,39>37,38,10,16,27,31,1,33,3,4,5,34,7,9,13,14,18,21,22,23,26,28,30
1,3,4,5,7,9,10,13,14,18,19,21,22,23,25,26,28,30,31,32,33,34,37,38,39>32,35,37,38,39,10,11,15,17,19,25,31,1,33,3,4,5,34,7,9,13,14,18,21,22,23,26,28,30
32,1,34,3,37,38,39,9,10,11,12,16,18,20,21,22,24,26>5,38,13,16,25,1,34,3,11,20,21,22,24
32,1,34,3,37,38,39,9,10,11,12,16,18,20,21,22,24,26>37,38,13,18,25,28,29,30,1,34,3,11,20,21,22,24
32,1,34,3,37,38,39,9,10,11,12,16,18,20,21,22,24,26>39,10,13,16,26,29,30,1,34,3,11,20,21,22,24
32,1,34,3,37,38,39,9,10,11,12,16,18,20,21,22,24,26>39,9,16,25,26,30,1,34,3,11,20,21,22,24
32,1,34,3,37,38,39,9,10,11,12,16,18,20,21,22,24,26>5,39,13,25,26,28,1,34,3,11,20,21,22,24
32,1,34,3,37,38,39,9,10,11,12,16,18,20,21,22,24,26>32,5,39,9,25,28,30,1,34,3,11,20,21,22,24
32,1,34,3,37,38,39,9,10,11,12,16,18,20,21,22,24,26>32,5,39,9,10,30,1,34,3,11,20,21,22,24
32,1,34,3,37,38,39,9,10,11,12,16,18,20,21,22,24,26>38,39,9,10,12,13,25,26,28,1,34,3,11,20,21,22,24
32,1,34,3,37,38,39,9,10,11,12,16,18,20,21,22,24,26>5,38,39,9,13,29,1,34,3,11,20,21,22,24
32,1,34,3,37,38,39,9,10,11,12,16,18,20,21,22,24,26>32,5,37,38,39,9,12,16,30,1,34,3,11,20,21,22,24
1,3,5,7,10,11,12,13,14,17,19,20,22,23,24,27,29,32,33,35,40>39,9,40,22,26,27,31,32,1,3,5,11,13,14,17,20,23,24,29
1,3,5,7,10,11,12,13,14,17,19,20,22,23,24,27,29,32,33,35,40>25,26,35,31,32,1,3,5,11,13,14,17,20,23,24,29
1,3,5,7,10,11,12,13,14,17,19,20,22,23,24,27,29,32,33,35,40>35,39,9,10,40,12,15,16,19,27,31,32,1,3,5,11,13,14,17,20,23,24,29
1,3,5,7,10,11,12,13,14,17,19,20,22,23,24,27,29,32,33,35,40>33,36,39,9,40,12,18,19,25,26,28,31,32,1,3,5,11,13,14,17,20,23,24,29
1,3,5,7,10,11,12,13,14,17,19,20,22,23,24,27,29,32,33,35,40>37,9,10,16,18,19,22,26,31,32,1,3,5,11,13,14,17,20,23,24,29
1,3,5,7,10,11,12,13,14,17,19,20,22,23,24,27,29,32,33,35,40>36,37,10,12,15,16,19,22,32,1,3,5,11,13,14,17,20,23,24,29
1,3,5,7,10,11,12,13,14,17,19,20,22,23,24,27,29,32,33,35,40>36,37,39,9,18,19,25,26,27,28,31,32,1,3,5,11,13,14,17,20,23,24,29
1,3,5,7,10,11,12,13,14,17,19,20,22,23,24,27,29,32,33,35,40>35,36,37,16,19,22,25,26,32,1,3,5,11,13,14,17,20,23,24,29
1,3,5,7,10,11,12,13,14,17,19,20,22,23,24,27,29,32,33,35,40>33,35,37,7,9,10,12,16,18,19,22,32,1,3,5,11,13,14,17,20,23,24,29
1,3,5,7,10,11,12,13,14,17,19,20,22,23,24,27,29,32,33,35,40>33,35,36,37,7,10,15,19,25,27,28,32,1,3,5,11,13,14,17,20,23,24,29
1,2,3,5,6,7,9,11,16,17,18,19,21,22,23,24,25,26,27,30,34,36,38,39,40>36,39,16,17,19,20,24,28,1,2,3,34,5,7,40,9,18,21,22,23,25,26,27,30
1,2,3,5,6,7,9,11,16,17,18,19,21,22,23,24,25,26,27,30,34,36,38,39,40>6,39,17,19,20,24,28,31,1,2,3,34,5,7,40,9,18,21,22,23,25,26,27,30
1,2,3,5,6,7,9,11,16,17,18,19,21,22,23,24,25,26,27,30,34,36,38,39,40>6,38,11,17,20,28,29,31,1,2,3,34,5,7,40,9,18,21,22,23,25,26,27,30
1,2,3,5,6,7,9,11,16,17,18,19,21,22,23,24,25,26,27,30,34,36,38,39,40>32,6,38,11,24,1,2,3,34,5,7,40,9,18,21,22,23,25,26,27,30
1,2,3,5,6,7,9,11,16,17,18,19,21,22,23,24,25,26,27,30,34,36,38,39,40>32,36,6,38,39,17,20,31,1,2,3,34,5,7,40,9,18,21,22,23,25,26,27,30
1,2,3,5,6,7,9,11,16,17,18,19,21,22,23,24,25,26,27,30,34,36,38,39,40>8,11,16,19,24,28,31,1,2,3,34,5,7,40,9,18,21,22,23,25,26,27,30
1,2,3,5,6,7,9,11,16,17,18,19,21,22,23,24,25,26,27,30,34,36,38,39,40>32,8,39,17,20,24,28,29,1,2,3,34,5,7,40,9,18,21,22,23,25,26,27,30
1,2,3,5,6,7,9,11,16,17,18,19,21,22,23,24,25,26,27,30,34,36,38,39,40>36,8,39,11,28,29,31,1,2,3,34,5,7,40,9,18,21,22,23,25,26,27,30
1,2,3,5,6,7,9,11,16,17,18,19,21,22,23,24,25,26,27,30,34,36,38,39,40>32,8,39,19,20,24,28,29,1,2,3,34,5,7,40,9,18,21,22,23,25,26,27,30
1,2,3,5,6,7,9,11,16,17,18,19,21,22,23,24,25,26,27,30,34,36,38,39,40>38,8,11,17,24,28,31,1,2,3,34,5,7,40,9,18,21,22,23,25,26,27,30
1,2,3,6,7,8,9,10,11,12,13,14,15,16,20,21,22,23,25,26,27,30,31,32,36,37,38,39>34,35,10,17,19,22,24,25,1,2,3,6,7,8,9,11,12,13,14,15,16,20,26,27,30,31,32,38,39
1,2,3,6,7,8,9,10,11,12,13,14,15,16,20,21,22,23,25,26,27,30,31,32,36,37,38,39>34,36,17,21,28,1,2,3,6,7,8,9,11,12,13,14,15,16,20,26,27,30,31,32,38,39
1,2,3,6,7,8,9,10,11,12,13,14,15,16,20,21,22,23,25,26,27,30,31,32,36,37,38,39>34,35,36,40,10,21,22,1,2,3,6,7,8,9,11,12,13,14,15,16,20,26,27,30,31,32,38,39
1,2,3,6,7,8,9,10,11,12,13,14,15,16,20,21,22,23,25,26,27,30,31,32,36,37,38,39>34,35,5,40,17,21,22,1,2,3,6,7,8,9,11,12,13,14,15,16,20,26,27,30,31,32,38,39
1,2,3,6,7,8,9,10,11,12,13,14,15,16,20,21,22,23,25,26,27,30,31,32,36,37,38,39>34,35,5,21,23,28,1,2,3,6,7,8,9,11,12,13,14,15,16,20,26,27,30,31,32,38,39
1,2,3,6,7,8,9,10,11,12,13,14,15,16,20,21,22,23,25,26,27,30,31,32,36,37,38,39>34,36,5,17,23,24,28,1,2,3,6,7,8,9,11,12,13,14,15,16,20,26,27,30,31,32,38,39
1,2,3,6,7,8,9,10,11,12,13,14,15,16,20,21,22,23,25,26,27,30,31,32,36,37,38,39>37,17,19,22,23,28,1,2,3,6,7,8,9,11,12,13,14,15,16,20,26,27,30,31,32,38,39
1,2,3,6,7,8,9,10,11,12,13,14,15,16,20,21,22,23,25,26,27,30,31,32,36,37,38,39>35,37,19,21,23,24,25,28,29,1,2,3,6,7,8,9,11,12,13,14,15,16,20,26,27,30,31,32,38,39
1,2,3,6,7,8,9,10,11,12,13,14,15,16,20,21,22,23,25,26,27,30,31,32,36,37,38,39>34,35,37,17,19,29,1,2,3,6,7,8,9,11,12,13,14,15,16,20,26,27,30,31,32,38,39
1,2,3,6,7,8,9,10,11,12,13,14,15,16,20,21,22,23,25,26,27,30,31,32,36,37,38,39>34,5,37,40,10,17,22,23,28,1,2,3,6,7,8,9,11,12,13,14,15,16,20,26,27,30,31,32,38,39
1,2,33,34,5,6,35,8,38,10,14,20,22,23,24,28,29,30,31>34,36,37,7,38,40,10,11,22,23,25,31,1,2,35,33,5,8,24,28,29
1,2,33,34,5,6,35,8,38,10,14,20,22,23,24,28,29,30,31>34,6,40,10,14,15,26,30,31,1,2,35,33,5,8,24,28,29
1,2,33,34,5,6,35,8,38,10,14,20,22,23,24,28,29,30,31>7,38,10,22,23,26,31,1,2,35,33,5,8,24,28,29
1,2,33,34,5,6,35,8,38,10,14,20,22,23,24,28,29,30,31>7,38,40,10,11,13,14,20,23,25,30,31,1,2,35,33,5,8,24,28,29
1,2,33,34,5,6,35,8,38,10,14,20,22,23,24,28,29,30,31>36,7,38,40,10,13,15,22,23,25,26,1,2,35,33,5,8,24,28,29
1,2,33,34,5,6,35,8,38,10,14,20,22,23,24,28,29,30,31>37,7,38,40,10,13,15,1,2,35,33,5,8,24,28,29
1,2,33,34,5,6,35,8,38,10,14,20,22,23,24,28,29,30,31>34,37,7,38,40,14,20,22,23,1,2,35,33,5,8,24,28,29
1,2,33,34,5,6,35,8,38,10,14,20,22,23,24,28,29,30,31>34,6,7,38,11,13,20,22,23,25,30,1,2,35,33,5,8,24,28,29
1,2,33,34,5,6,35,8,38,10,14,20,22,23,24,28,29,30,31>34,6,7,10,14,15,31,1,2,35,33,5,8,24,28,29
1,2,33,34,5,6,35,8,38,10,14,20,22,23,24,28,29,30,31>34,37,6,7,38,40,11,13,22,23,1,2,35,33,5,8,24,28,29
