CD45,CD8,TCRlig,TCbind,PAGCsk,LCK,Fyn,Rlk,TCRphos,ZAP70,cCbl,Itk,LAT,Gads,Slp76,PLCg_b,Grb2Sos,DAG,PLCg_a,Ras,RasGRP1,PKCth,IP3,Raf,MEK,Ca,ERK,SEK,IKK,Calcin,Rsk,Fos,JNK,IkB,CREB,Jun,CRE,AP1,NFkB,NFAT
2,3,4,34,6,7,8,9,10,35,37,13,14,38,17,22,23,24,26,27>32,5,11,23,31,2,3,4,34,37,8,9,10,13,14,17,26
2,3,4,34,6,7,8,9,10,35,37,13,14,38,17,22,23,24,26,27>32,35,5,11,15,20,23,24,28,30,2,3,4,34,37,8,9,10,13,14,17,26
2,3,4,34,6,7,8,9,10,35,37,13,14,38,17,22,23,24,26,27>6,16,20,22,28,31,2,3,4,34,37,8,9,10,13,14,17,26
2,3,4,34,6,7,8,9,10,35,37,13,14,38,17,22,23,24,26,27>32,5,6,15,20,22,25,27,28,30,31,2,3,4,34,37,8,9,10,13,14,17,26
2,3,4,34,6,7,8,9,10,35,37,13,14,38,17,22,23,24,26,27>35,5,6,38,15,22,25,28,2,3,4,34,37,8,9,10,13,14,17,26
2,3,4,34,6,7,8,9,10,35,37,13,14,38,17,22,23,24,26,27>7,38,15,20,29,30,2,3,4,34,37,8,9,10,13,14,17,26
2,3,4,34,6,7,8,9,10,35,37,13,14,38,17,22,23,24,26,27>35,7,38,22,27,28,29,30,31,2,3,4,34,37,8,9,10,13,14,17,26
2,3,4,34,6,7,8,9,10,35,37,13,14,38,17,22,23,24,26,27>32,5,7,38,11,20,23,24,29,2,3,4,34,37,8,9,10,13,14,17,26
2,3,4,34,6,7,8,9,10,35,37,13,14,38,17,22,23,24,26,27>35,6,7,11,15,20,22,27,28,30,31,2,3,4,34,37,8,9,10,13,14,17,26
2,3,4,34,6,7,8,9,10,35,37,13,14,38,17,22,23,24,26,27>5,6,7,22,25,27,29,30,2,3,4,34,37,8,9,10,13,14,17,26
3,6,8,9,10,11,12,13,15,16,19,22,25,27,28,29,32,35,37,38,39>9,10,18,22,23,25,32,3,37,39,8,11,12,13,16,19,27,28,29
3,6,8,9,10,11,12,13,15,16,19,22,25,27,28,29,32,35,37,38,39>33,18,22,10,32,3,37,39,8,11,12,13,16,19,27,28,29
3,6,8,9,10,11,12,13,15,16,19,22,25,27,28,29,32,35,37,38,39>33,35,5,6,9,18,23,25,31,32,3,37,39,8,11,12,13,16,19,27,28,29
3,6,8,9,10,11,12,13,15,16,19,22,25,27,28,29,32,35,37,38,39>38,9,17,22,23,25,31,32,3,37,39,8,11,12,13,16,19,27,28,29
3,6,8,9,10,11,12,13,15,16,19,22,25,27,28,29,32,35,37,38,39>33,38,9,14,15,23,31,32,3,37,39,8,11,12,13,16,19,27,28,29
3,6,8,9,10,11,12,13,15,16,19,22,25,27,28,29,32,35,37,38,39>33,5,38,14,15,17,18,22,25,31,32,3,37,39,8,11,12,13,16,19,27,28,29
3,6,8,9,10,11,12,13,15,16,19,22,25,27,28,29,32,35,37,38,39>5,6,38,9,10,14,15,22,25,32,3,37,39,8,11,12,13,16,19,27,28,29
3,6,8,9,10,11,12,13,15,16,19,22,25,27,28,29,32,35,37,38,39>33,35,6,38,9,10,32,3,37,39,8,11,12,13,16,19,27,28,29
3,6,8,9,10,11,12,13,15,16,19,22,25,27,28,29,32,35,37,38,39>5,6,38,10,17,18,25,32,3,37,39,8,11,12,13,16,19,27,28,29
3,6,8,9,10,11,12,13,15,16,19,22,25,27,28,29,32,35,37,38,39>33,5,6,38,17,18,31,32,3,37,39,8,11,12,13,16,19,27,28,29
32,3,4,5,37,38,40,9,10,14,15,16,19,20,24,27,28,29,31>5,13,18,19,28,29,39,32,3,4,15,24,31
32,3,4,5,37,38,40,9,10,14,15,16,19,20,24,27,28,29,31>10,14,18,20,29,33,32,3,4,15,24,31
32,3,4,5,37,38,40,9,10,14,15,16,19,20,24,27,28,29,31>5,10,13,14,16,19,27,35,39,40,32,3,4,15,24,31
32,3,4,5,37,38,40,9,10,14,15,16,19,20,24,27,28,29,31>5,9,10,14,16,18,20,23,25,27,28,37,38,39,40,32,3,4,15,24,31
32,3,4,5,37,38,40,9,10,14,15,16,19,20,24,27,28,29,31>5,9,10,16,19,20,25,28,35,37,38,39,40,32,3,4,15,24,31
32,3,4,5,37,38,40,9,10,14,15,16,19,20,24,27,28,29,31>5,9,10,14,18,23,28,29,35,39,32,3,4,15,24,31
32,3,4,5,37,38,40,9,10,14,15,16,19,20,24,27,28,29,31>5,12,13,14,18,23,28,29,33,35,37,39,32,3,4,15,24,31
32,3,4,5,37,38,40,9,10,14,15,16,19,20,24,27,28,29,31>9,12,16,19,20,25,27,28,35,37,32,3,4,15,24,31
32,3,4,5,37,38,40,9,10,14,15,16,19,20,24,27,28,29,31>5,11,12,14,28,29,33,35,38,32,3,4,15,24,31
32,3,4,5,37,38,40,9,10,14,15,16,19,20,24,27,28,29,31>10,11,12,19,23,25,27,33,35,37,32,3,4,15,24,31
1,2,35,4,5,37,7,39,10,11,15,16,18,19,20,23,27>32,4,12,15,19,22,27,31,1,2,37,5,7,39,11,18,23
1,2,35,4,5,37,7,39,10,11,15,16,18,19,20,23,27>35,4,10,13,15,16,19,20,24,31,1,2,37,5,7,39,11,18,23
1,2,35,4,5,37,7,39,10,11,15,16,18,19,20,23,27>32,35,4,13,16,19,20,22,31,1,2,37,5,7,39,11,18,23
1,2,35,4,5,37,7,39,10,11,15,16,18,19,20,23,27>32,34,35,4,10,12,15,16,19,20,22,24,26,27,1,2,37,5,7,39,11,18,23
1,2,35,4,5,37,7,39,10,11,15,16,18,19,20,23,27>9,12,19,26,27,31,1,2,37,5,7,39,11,18,23
1,2,35,4,5,37,7,39,10,11,15,16,18,19,20,23,27>32,34,9,10,16,22,27,1,2,37,5,7,39,11,18,23
1,2,35,4,5,37,7,39,10,11,15,16,18,19,20,23,27>35,9,12,13,19,27,31,1,2,37,5,7,39,11,18,23
1,2,35,4,5,37,7,39,10,11,15,16,18,19,20,23,27>32,4,9,10,13,19,20,31,1,2,37,5,7,39,11,18,23
1,2,35,4,5,37,7,39,10,11,15,16,18,19,20,23,27>35,4,9,10,13,16,19,20,22,24,26,27,1,2,37,5,7,39,11,18,23
1,2,35,4,5,37,7,39,10,11,15,16,18,19,20,23,27>32,35,4,9,12,20,22,27,31,1,2,37,5,7,39,11,18,23
1,34,4,5,36,7,37,38,10,11,14,17,19,20,21,22,24,25,26,27>4,15,18,21,22,23,28,29,32,1,34,5,7,11,20,24,25,27
1,34,4,5,36,7,37,38,10,11,14,17,19,20,21,22,24,25,26,27>4,19,22,26,28,29,31,36,37,38,1,34,5,7,11,20,24,25,27
1,34,4,5,36,7,37,38,10,11,14,17,19,20,21,22,24,25,26,27>13,15,18,21,23,26,29,31,32,36,37,38,1,34,5,7,11,20,24,25,27
1,34,4,5,36,7,37,38,10,11,14,17,19,20,21,22,24,25,26,27>4,9,13,18,19,23,26,28,29,30,36,37,1,34,5,7,11,20,24,25,27
1,34,4,5,36,7,37,38,10,11,14,17,19,20,21,22,24,25,26,27>10,13,15,17,23,28,29,30,32,36,37,1,34,5,7,11,20,24,25,27
1,34,4,5,36,7,37,38,10,11,14,17,19,20,21,22,24,25,26,27>14,17,18,21,23,31,37,38,1,34,5,7,11,20,24,25,27
1,34,4,5,36,7,37,38,10,11,14,17,19,20,21,22,24,25,26,27>9,10,14,18,22,30,31,32,38,1,34,5,7,11,20,24,25,27
1,34,4,5,36,7,37,38,10,11,14,17,19,20,21,22,24,25,26,27>4,9,10,14,17,18,19,21,22,29,32,37,1,34,5,7,11,20,24,25,27
1,34,4,5,36,7,37,38,10,11,14,17,19,20,21,22,24,25,26,27>10,13,14,21,22,23,28,29,31,32,36,38,1,34,5,7,11,20,24,25,27
1,34,4,5,36,7,37,38,10,11,14,17,19,20,21,22,24,25,26,27>9,10,13,14,18,19,23,26,28,29,30,1,34,5,7,11,20,24,25,27
1,3,4,5,7,11,12,13,14,15,17,19,20,22,23,25,27,29,34,35,36,39>37,9,11,13,16,18,31,1,3,5,7,14,15,17,20,23,27,29
1,3,4,5,7,11,12,13,14,15,17,19,20,22,23,25,27,29,34,35,36,39>34,37,39,9,18,19,22,25,28,31,1,3,5,7,14,15,17,20,23,27,29
1,3,4,5,7,11,12,13,14,15,17,19,20,22,23,25,27,29,34,35,36,39>34,35,37,39,9,11,16,24,25,26,1,3,5,7,14,15,17,20,23,27,29
1,3,4,5,7,11,12,13,14,15,17,19,20,22,23,25,27,29,34,35,36,39>35,4,9,11,12,19,25,26,31,1,3,5,7,14,15,17,20,23,27,29
1,3,4,5,7,11,12,13,14,15,17,19,20,22,23,25,27,29,34,35,36,39>32,35,4,36,39,11,12,22,24,25,1,3,5,7,14,15,17,20,23,27,29
1,3,4,5,7,11,12,13,14,15,17,19,20,22,23,25,27,29,34,35,36,39>36,37,39,11,13,22,28,31,1,3,5,7,14,15,17,20,23,27,29
1,3,4,5,7,11,12,13,14,15,17,19,20,22,23,25,27,29,34,35,36,39>36,37,39,11,13,16,18,22,24,25,26,1,3,5,7,14,15,17,20,23,27,29
1,3,4,5,7,11,12,13,14,15,17,19,20,22,23,25,27,29,34,35,36,39>34,36,37,9,11,12,16,18,19,31,1,3,5,7,14,15,17,20,23,27,29
1,3,4,5,7,11,12,13,14,15,17,19,20,22,23,25,27,29,34,35,36,39>35,36,37,12,13,25,31,1,3,5,7,14,15,17,20,23,27,29
1,3,4,5,7,11,12,13,14,15,17,19,20,22,23,25,27,29,34,35,36,39>32,35,4,36,39,13,16,18,22,25,28,1,3,5,7,14,15,17,20,23,27,29
1,2,4,5,6,7,10,12,15,17,18,19,20,21,22,23,24,26,27,29,30,32,33,34,36,40>33,34,4,8,9,10,11,13,25,27,32,1,2,36,5,7,40,12,18,20,21,22,23,24,26,29,30
1,2,4,5,6,7,10,12,15,17,18,19,20,21,22,23,24,26,27,29,30,32,33,34,36,40>34,6,15,17,19,28,31,32,1,2,36,5,7,40,12,18,20,21,22,23,24,26,29,30
1,2,4,5,6,7,10,12,15,17,18,19,20,21,22,23,24,26,27,29,30,32,33,34,36,40>34,6,8,9,10,15,25,27,32,1,2,36,5,7,40,12,18,20,21,22,23,24,26,29,30
1,2,4,5,6,7,10,12,15,17,18,19,20,21,22,23,24,26,27,29,30,32,33,34,36,40>4,6,10,13,17,19,25,27,28,32,1,2,36,5,7,40,12,18,20,21,22,23,24,26,29,30
1,2,4,5,6,7,10,12,15,17,18,19,20,21,22,23,24,26,27,29,30,32,33,34,36,40>38,9,10,11,13,17,19,27,31,32,1,2,36,5,7,40,12,18,20,21,22,23,24,26,29,30
1,2,4,5,6,7,10,12,15,17,18,19,20,21,22,23,24,26,27,29,30,32,33,34,36,40>33,38,10,11,13,15,27,28,31,32,1,2,36,5,7,40,12,18,20,21,22,23,24,26,29,30
1,2,4,5,6,7,10,12,15,17,18,19,20,21,22,23,24,26,27,29,30,32,33,34,36,40>33,38,8,11,15,19,25,28,31,32,1,2,36,5,7,40,12,18,20,21,22,23,24,26,29,30
1,2,4,5,6,7,10,12,15,17,18,19,20,21,22,23,24,26,27,29,30,32,33,34,36,40>4,38,9,11,13,17,31,32,1,2,36,5,7,40,12,18,20,21,22,23,24,26,29,30
1,2,4,5,6,7,10,12,15,17,18,19,20,21,22,23,24,26,27,29,30,32,33,34,36,40>33,34,6,38,10,11,13,15,19,25,27,28,32,1,2,36,5,7,40,12,18,20,21,22,23,24,26,29,30
1,2,4,5,6,7,10,12,15,17,18,19,20,21,22,23,24,26,27,29,30,32,33,34,36,40>34,4,6,38,9,15,17,25,27,28,31,32,1,2,36,5,7,40,12,18,20,21,22,23,24,26,29,30
1,2,3,4,6,7,9,12,15,16,18,20,23,24,27,28,29,33,36,37,38,39,40>18,20,23,26,27,28,29,1,2,3,4,33,6,7,36,9,39,24
1,2,3,4,6,7,9,12,15,16,18,20,23,24,27,28,29,33,36,37,38,39,40>32,37,10,12,16,20,22,26,28,29,31,1,2,3,4,33,6,7,36,9,39,24
1,2,3,4,6,7,9,12,15,16,18,20,23,24,27,28,29,33,36,37,38,39,40>5,37,40,12,15,16,28,31,1,2,3,4,33,6,7,36,9,39,24
1,2,3,4,6,7,9,12,15,16,18,20,23,24,27,28,29,33,36,37,38,39,40>32,38,40,10,12,15,20,25,29,1,2,3,4,33,6,7,36,9,39,24
1,2,3,4,6,7,9,12,15,16,18,20,23,24,27,28,29,33,36,37,38,39,40>8,15,18,20,25,27,29,31,1,2,3,4,33,6,7,36,9,39,24
1,2,3,4,6,7,9,12,15,16,18,20,23,24,27,28,29,33,36,37,38,39,40>32,5,8,40,10,15,16,18,22,25,26,28,29,31,1,2,3,4,33,6,7,36,9,39,24
1,2,3,4,6,7,9,12,15,16,18,20,23,24,27,28,29,33,36,37,38,39,40>32,5,8,12,15,16,18,23,25,26,28,29,31,1,2,3,4,33,6,7,36,9,39,24
1,2,3,4,6,7,9,12,15,16,18,20,23,24,27,28,29,33,36,37,38,39,40>38,8,40,15,18,23,25,26,27,29,31,1,2,3,4,33,6,7,36,9,39,24
1,2,3,4,6,7,9,12,15,16,18,20,23,24,27,28,29,33,36,37,38,39,40>32,5,38,8,40,12,15,20,22,25,26,27,29,31,1,2,3,4,33,6,7,36,9,39,24
1,2,3,4,6,7,9,12,15,16,18,20,23,24,27,28,29,33,36,37,38,39,40>32,37,38,8,40,10,15,16,18,20,23,25,27,28,31,1,2,3,4,33,6,7,36,9,39,24
4,6,7,8,9,10,13,14,15,17,18,19,20,24,27,30,31,32,33,34,35,36,38,39,40>11,12,19,22,23,25,30,32,34,35,36,38,8,9,10,40,13,14,15,17,18,20,24,31
4,6,7,8,9,10,13,14,15,17,18,19,20,24,27,30,31,32,33,34,35,36,38,39,40>33,4,37,39,11,12,22,23,27,30,32,34,35,36,38,8,9,10,40,13,14,15,17,18,20,24,31
4,6,7,8,9,10,13,14,15,17,18,19,20,24,27,30,31,32,33,34,35,36,38,39,40>33,4,5,39,12,19,22,25,27,32,34,35,36,38,8,9,10,40,13,14,15,17,18,20,24,31
4,6,7,8,9,10,13,14,15,17,18,19,20,24,27,30,31,32,33,34,35,36,38,39,40>33,4,6,39,11,16,19,22,23,25,27,32,34,35,36,38,8,9,10,40,13,14,15,17,18,20,24,31
4,6,7,8,9,10,13,14,15,17,18,19,20,24,27,30,31,32,33,34,35,36,38,39,40>4,7,22,23,25,32,34,35,36,38,8,9,10,40,13,14,15,17,18,20,24,31
4,6,7,8,9,10,13,14,15,17,18,19,20,24,27,30,31,32,33,34,35,36,38,39,40>4,7,39,11,16,22,23,27,30,32,34,35,36,38,8,9,10,40,13,14,15,17,18,20,24,31
4,6,7,8,9,10,13,14,15,17,18,19,20,24,27,30,31,32,33,34,35,36,38,39,40>5,7,11,23,25,27,30,32,34,35,36,38,8,9,10,40,13,14,15,17,18,20,24,31
4,6,7,8,9,10,13,14,15,17,18,19,20,24,27,30,31,32,33,34,35,36,38,39,40>33,6,7,11,22,23,27,32,34,35,36,38,8,9,10,40,13,14,15,17,18,20,24,31
4,6,7,8,9,10,13,14,15,17,18,19,20,24,27,30,31,32,33,34,35,36,38,39,40>33,5,6,7,37,39,12,16,19,23,25,30,32,34,35,36,38,8,9,10,40,13,14,15,17,18,20,24,31
4,6,7,8,9,10,13,14,15,17,18,19,20,24,27,30,31,32,33,34,35,36,38,39,40>4,5,6,7,37,39,12,27,30,32,34,35,36,38,8,9,10,40,13,14,15,17,18,20,24,31
32,1,35,5,6,37,8,38,10,11,12,39,40,20,22,24,25,29>6,40,12,20,22,1,37,5,39,8,11,24,25,29
32,1,35,5,6,37,8,38,10,11,12,39,40,20,22,24,25,29>7,10,12,13,27,28,1,37,5,39,8,11,24,25,29
32,1,35,5,6,37,8,38,10,11,12,39,40,20,22,24,25,29>35,7,10,12,20,1,37,5,39,8,11,24,25,29
32,1,35,5,6,37,8,38,10,11,12,39,40,20,22,24,25,29>6,7,10,13,20,27,28,1,37,5,39,8,11,24,25,29
32,1,35,5,6,37,8,38,10,11,12,39,40,20,22,24,25,29>32,6,7,13,1,37,5,39,8,11,24,25,29
32,1,35,5,6,37,8,38,10,11,12,39,40,20,22,24,25,29>32,6,7,12,20,22,28,1,37,5,39,8,11,24,25,29
32,1,35,5,6,37,8,38,10,11,12,39,40,20,22,24,25,29>20,28,27,38,1,37,5,39,8,11,24,25,29
32,1,35,5,6,37,8,38,10,11,12,39,40,20,22,24,25,29>32,6,38,10,28,1,37,5,39,8,11,24,25,29
32,1,35,5,6,37,8,38,10,11,12,39,40,20,22,24,25,29>32,6,7,38,40,20,22,28,1,37,5,39,8,11,24,25,29
32,1,35,5,6,37,8,38,10,11,12,39,40,20,22,24,25,29>35,6,7,38,40,10,13,20,1,37,5,39,8,11,24,25,29
1,2,3,33,34,6,7,37,9,10,40,12,17,18,25,28,30>5,37,8,20,25,27,28,30,1,2,3,34,33,6,7,40,9,10
1,2,3,33,34,6,7,37,9,10,40,12,17,18,25,28,30>4,36,12,17,20,22,25,27,1,2,3,34,33,6,7,40,9,10
1,2,3,33,34,6,7,37,9,10,40,12,17,18,25,28,30>37,11,12,17,18,22,1,2,3,34,33,6,7,40,9,10
1,2,3,33,34,6,7,37,9,10,40,12,17,18,25,28,30>4,5,37,11,17,30,1,2,3,34,33,6,7,40,9,10
1,2,3,33,34,6,7,37,9,10,40,12,17,18,25,28,30>5,36,37,11,18,20,27,28,1,2,3,34,33,6,7,40,9,10
1,2,3,33,34,6,7,37,9,10,40,12,17,18,25,28,30>5,36,37,12,18,20,22,27,30,1,2,3,34,33,6,7,40,9,10
1,2,3,33,34,6,7,37,9,10,40,12,17,18,25,28,30>4,5,36,37,22,25,30,1,2,3,34,33,6,7,40,9,10
1,2,3,33,34,6,7,37,9,10,40,12,17,18,25,28,30>4,8,12,13,18,20,22,30,1,2,3,34,33,6,7,40,9,10
1,2,3,33,34,6,7,37,9,10,40,12,17,18,25,28,30>5,37,8,13,18,25,27,1,2,3,34,33,6,7,40,9,10
1,2,3,33,34,6,7,37,9,10,40,12,17,18,25,28,30>4,5,37,8,11,17,18,20,22,27,1,2,3,34,33,6,7,40,9,10
32,4,5,36,39,9,16,18,19,20,21,23,25,26,27,31>34,38,9,24,30,32,39,18,20,23,26,27,31
32,4,5,36,39,9,16,18,19,20,21,23,25,26,27,31>35,9,19,24,25,32,39,18,20,23,26,27,31
32,4,5,36,39,9,16,18,19,20,21,23,25,26,27,31>34,4,5,36,38,9,21,30,32,39,18,20,23,26,27,31
32,4,5,36,39,9,16,18,19,20,21,23,25,26,27,31>35,4,38,16,19,22,30,32,39,18,20,23,26,27,31
32,4,5,36,39,9,16,18,19,20,21,23,25,26,27,31>35,36,38,9,16,24,32,39,18,20,23,26,27,31
32,4,5,36,39,9,16,18,19,20,21,23,25,26,27,31>4,36,38,19,22,25,32,39,18,20,23,26,27,31
32,4,5,36,39,9,16,18,19,20,21,23,25,26,27,31>34,4,36,38,9,19,25,32,39,18,20,23,26,27,31
32,4,5,36,39,9,16,18,19,20,21,23,25,26,27,31>35,4,36,38,9,19,21,22,30,32,39,18,20,23,26,27,31
32,4,5,36,39,9,16,18,19,20,21,23,25,26,27,31>5,36,16,19,21,24,25,32,39,18,20,23,26,27,31
32,4,5,36,39,9,16,18,19,20,21,23,25,26,27,31>34,4,5,36,21,22,24,32,39,18,20,23,26,27,31
4,5,6,10,11,13,15,18,19,20,21,24,26,27,29,30,32,35,36,37,38,39>4,6,12,14,16,22,23,25,26,27,29,35,36,40,32,37,38,39,11,13,18,20,24,30
4,5,6,10,11,13,15,18,19,20,21,24,26,27,29,30,32,35,36,37,38,39>5,6,10,14,15,16,21,25,29,31,36,32,37,38,39,11,13,18,20,24,30
4,5,6,10,11,13,15,18,19,20,21,24,26,27,29,30,32,35,36,37,38,39>4,8,10,14,21,22,25,26,36,40,32,37,38,39,11,13,18,20,24,30
4,5,6,10,11,13,15,18,19,20,21,24,26,27,29,30,32,35,36,37,38,39>5,6,8,10,12,16,17,19,22,25,26,27,29,31,35,32,37,38,39,11,13,18,20,24,30
4,5,6,10,11,13,15,18,19,20,21,24,26,27,29,30,32,35,36,37,38,39>9,12,14,15,17,19,21,22,25,27,29,35,32,37,38,39,11,13,18,20,24,30
4,5,6,10,11,13,15,18,19,20,21,24,26,27,29,30,32,35,36,37,38,39>6,9,14,16,17,19,23,29,36,32,37,38,39,11,13,18,20,24,30
4,5,6,10,11,13,15,18,19,20,21,24,26,27,29,30,32,35,36,37,38,39>4,6,9,14,17,21,25,27,29,36,32,37,38,39,11,13,18,20,24,30
4,5,6,10,11,13,15,18,19,20,21,24,26,27,29,30,32,35,36,37,38,39>4,5,6,9,12,17,23,26,27,32,37,38,39,11,13,18,20,24,30
4,5,6,10,11,13,15,18,19,20,21,24,26,27,29,30,32,35,36,37,38,39>5,8,9,14,15,16,19,21,22,27,31,36,32,37,38,39,11,13,18,20,24,30
4,5,6,10,11,13,15,18,19,20,21,24,26,27,29,30,32,35,36,37,38,39>6,8,9,10,14,15,17,21,22,23,29,31,35,36,32,37,38,39,11,13,18,20,24,30
2,3,4,6,10,11,14,17,19,20,22,26,27,28,29,31,32,33,34,35,36,38,39,40>4,6,15,18,19,22,23,26,27,30,39,32,33,2,3,35,36,38,11,20,28,29,31
2,3,4,6,10,11,14,17,19,20,22,26,27,28,29,31,32,33,34,35,36,38,39,40>6,8,13,17,19,23,24,34,37,39,40,32,33,2,3,35,36,38,11,20,28,29,31
2,3,4,6,10,11,14,17,19,20,22,26,27,28,29,31,32,33,34,35,36,38,39,40>4,6,9,13,14,15,18,22,23,26,34,37,39,32,33,2,3,35,36,38,11,20,28,29,31
2,3,4,6,10,11,14,17,19,20,22,26,27,28,29,31,32,33,34,35,36,38,39,40>4,8,9,13,14,17,18,19,23,24,27,30,37,32,33,2,3,35,36,38,11,20,28,29,31
2,3,4,6,10,11,14,17,19,20,22,26,27,28,29,31,32,33,34,35,36,38,39,40>6,8,9,15,18,24,27,30,34,39,32,33,2,3,35,36,38,11,20,28,29,31
2,3,4,6,10,11,14,17,19,20,22,26,27,28,29,31,32,33,34,35,36,38,39,40>10,13,15,17,22,23,24,26,30,37,40,32,33,2,3,35,36,38,11,20,28,29,31
2,3,4,6,10,11,14,17,19,20,22,26,27,28,29,31,32,33,34,35,36,38,39,40>10,17,18,19,27,30,34,32,33,2,3,35,36,38,11,20,28,29,31
2,3,4,6,10,11,14,17,19,20,22,26,27,28,29,31,32,33,34,35,36,38,39,40>10,13,14,17,22,27,30,37,39,40,32,33,2,3,35,36,38,11,20,28,29,31
2,3,4,6,10,11,14,17,19,20,22,26,27,28,29,31,32,33,34,35,36,38,39,40>8,10,14,18,19,24,26,27,34,37,40,32,33,2,3,35,36,38,11,20,28,29,31
2,3,4,6,10,11,14,17,19,20,22,26,27,28,29,31,32,33,34,35,36,38,39,40>6,9,10,15,17,18,22,24,26,27,34,39,40,32,33,2,3,35,36,38,11,20,28,29,31
1,33,3,4,37,38,40,10,11,12,17,21,23,27,29,31>4,39,10,40,12,13,20,23,27,11,1,3,31
1,33,3,4,37,38,40,10,11,12,17,21,23,27,29,31>32,4,37,7,38,12,17,20,21,27,29,11,1,3,31
1,33,3,4,37,38,40,10,11,12,17,21,23,27,29,31>35,4,37,7,38,40,17,21,23,26,29,11,1,3,31
1,33,3,4,37,38,40,10,11,12,17,21,23,27,29,31>33,35,4,10,13,21,27,29,11,1,3,31
1,33,3,4,37,38,40,10,11,12,17,21,23,27,29,31>33,35,4,37,39,40,12,17,26,27,29,11,1,3,31
1,33,3,4,37,38,40,10,11,12,17,21,23,27,29,31>32,33,36,37,20,23,11,1,3,31
1,33,3,4,37,38,40,10,11,12,17,21,23,27,29,31>35,36,37,38,39,10,40,12,13,20,27,29,11,1,3,31
1,33,3,4,37,38,40,10,11,12,17,21,23,27,29,31>32,33,36,10,40,17,21,23,26,27,29,11,1,3,31
1,33,3,4,37,38,40,10,11,12,17,21,23,27,29,31>32,33,4,36,37,39,13,20,26,27,29,11,1,3,31
1,33,3,4,37,38,40,10,11,12,17,21,23,27,29,31>35,4,36,38,39,12,13,17,21,11,1,3,31
32,34,36,5,37,7,8,9,11,13,14,16,17,18,25,26,31>32,7,11,13,15,18,25,26,30,31,34,5,9,14,16,17
32,34,36,5,37,7,8,9,11,13,14,16,17,18,25,26,31>35,11,15,22,25,26,34,5,9,14,16,17
32,34,36,5,37,7,8,9,11,13,14,16,17,18,25,26,31>32,35,8,18,20,26,27,30,31,34,5,9,14,16,17
32,34,36,5,37,7,8,9,11,13,14,16,17,18,25,26,31>35,36,8,11,20,25,26,34,5,9,14,16,17
32,34,36,5,37,7,8,9,11,13,14,16,17,18,25,26,31>35,37,7,11,13,15,18,20,26,34,5,9,14,16,17
32,34,36,5,37,7,8,9,11,13,14,16,17,18,25,26,31>32,36,37,8,15,22,25,26,30,34,5,9,14,16,17
32,34,36,5,37,7,8,9,11,13,14,16,17,18,25,26,31>35,36,37,7,8,11,22,27,31,34,5,9,14,16,17
32,34,36,5,37,7,8,9,11,13,14,16,17,18,25,26,31>37,38,8,11,13,15,20,22,25,30,31,34,5,9,14,16,17
32,34,36,5,37,7,8,9,11,13,14,16,17,18,25,26,31>32,35,37,38,13,15,18,22,25,27,30,34,5,9,14,16,17
32,34,36,5,37,7,8,9,11,13,14,16,17,18,25,26,31>32,35,36,37,38,7,8,11,13,15,18,26,30,34,5,9,14,16,17
1,2,3,4,5,6,7,9,10,11,15,17,18,19,21,22,28,30,31,36,39>35,10,13,15,19,20,23,29,30,31,1,2,3,5,7,39,9,11,18,21,22,28
1,2,3,4,5,6,7,9,10,11,15,17,18,19,21,22,28,30,31,36,39>33,34,35,6,8,40,13,17,19,23,29,1,2,3,5,7,39,9,11,18,21,22,28
1,2,3,4,5,6,7,9,10,11,15,17,18,19,21,22,28,30,31,36,39>34,4,8,13,15,20,23,29,1,2,3,5,7,39,9,11,18,21,22,28
1,2,3,4,5,6,7,9,10,11,15,17,18,19,21,22,28,30,31,36,39>33,34,4,8,40,15,17,19,30,31,1,2,3,5,7,39,9,11,18,21,22,28
1,2,3,4,5,6,7,9,10,11,15,17,18,19,21,22,28,30,31,36,39>33,34,35,4,8,40,10,12,13,15,17,29,30,1,2,3,5,7,39,9,11,18,21,22,28
1,2,3,4,5,6,7,9,10,11,15,17,18,19,21,22,28,30,31,36,39>35,36,40,13,17,20,30,31,1,2,3,5,7,39,9,11,18,21,22,28
1,2,3,4,5,6,7,9,10,11,15,17,18,19,21,22,28,30,31,36,39>4,36,13,15,19,23,1,2,3,5,7,39,9,11,18,21,22,28
1,2,3,4,5,6,7,9,10,11,15,17,18,19,21,22,28,30,31,36,39>4,36,17,30,31,1,2,3,5,7,39,9,11,18,21,22,28
1,2,3,4,5,6,7,9,10,11,15,17,18,19,21,22,28,30,31,36,39>35,4,36,6,10,13,15,17,20,1,2,3,5,7,39,9,11,18,21,22,28
1,2,3,4,5,6,7,9,10,11,15,17,18,19,21,22,28,30,31,36,39>34,35,4,36,6,40,10,12,13,19,20,23,29,1,2,3,5,7,39,9,11,18,21,22,28
3,37,38,39,8,40,11,13,14,15,19,23,24,25,26,27,28,29,31>38,8,40,13,17,19,24,29,3,39,14,15,23,25,26,27,31
3,37,38,39,8,40,11,13,14,15,19,23,24,25,26,27,28,29,31>32,11,13,18,24,28,29,30,3,39,14,15,23,25,26,27,31
3,37,38,39,8,40,11,13,14,15,19,23,24,25,26,27,28,29,31>33,38,16,17,19,29,30,3,39,14,15,23,25,26,27,31
3,37,38,39,8,40,11,13,14,15,19,23,24,25,26,27,28,29,31>32,35,40,11,18,19,24,28,30,3,39,14,15,23,25,26,27,31
3,37,38,39,8,40,11,13,14,15,19,23,24,25,26,27,28,29,31>37,11,17,19,24,28,29,3,39,14,15,23,25,26,27,31
3,37,38,39,8,40,11,13,14,15,19,23,24,25,26,27,28,29,31>32,37,38,8,40,11,16,17,24,29,3,39,14,15,23,25,26,27,31
3,37,38,39,8,40,11,13,14,15,19,23,24,25,26,27,28,29,31>32,35,37,38,8,40,11,13,17,18,19,29,3,39,14,15,23,25,26,27,31
3,37,38,39,8,40,11,13,14,15,19,23,24,25,26,27,28,29,31>32,33,35,37,8,40,13,16,17,29,3,39,14,15,23,25,26,27,31
3,37,38,39,8,40,11,13,14,15,19,23,24,25,26,27,28,29,31>32,5,37,13,16,29,3,39,14,15,23,25,26,27,31
3,37,38,39,8,40,11,13,14,15,19,23,24,25,26,27,28,29,31>35,5,37,38,8,40,11,13,16,17,24,28,30,3,39,14,15,23,25,26,27,31
1,3,4,5,7,8,9,10,12,13,14,18,20,22,24,26,28,30,31,32,35,36,37,39,40>32,11,12,15,16,17,18,25,31,1,3,4,5,35,7,37,9,39,40,13,14,22,24,28,30
1,3,4,5,7,8,9,10,12,13,14,18,20,22,24,26,28,30,31,32,35,36,37,39,40>32,8,10,12,18,20,21,26,31,1,3,4,5,35,7,37,9,39,40,13,14,22,24,28,30
1,3,4,5,7,8,9,10,12,13,14,18,20,22,24,26,28,30,31,32,35,36,37,39,40>33,34,11,12,15,16,17,29,1,3,4,5,35,7,37,9,39,40,13,14,22,24,28,30
1,3,4,5,7,8,9,10,12,13,14,18,20,22,24,26,28,30,31,32,35,36,37,39,40>33,34,36,10,15,16,18,21,26,29,31,1,3,4,5,35,7,37,9,39,40,13,14,22,24,28,30
1,3,4,5,7,8,9,10,12,13,14,18,20,22,24,26,28,30,31,32,35,36,37,39,40>33,38,8,11,12,15,16,17,18,20,25,26,1,3,4,5,35,7,37,9,39,40,13,14,22,24,28,30
1,3,4,5,7,8,9,10,12,13,14,18,20,22,24,26,28,30,31,32,35,36,37,39,40>33,34,38,8,12,16,25,26,29,31,1,3,4,5,35,7,37,9,39,40,13,14,22,24,28,30
1,3,4,5,7,8,9,10,12,13,14,18,20,22,24,26,28,30,31,32,35,36,37,39,40>32,34,36,38,10,12,16,17,20,21,26,29,31,1,3,4,5,35,7,37,9,39,40,13,14,22,24,28,30
1,3,4,5,7,8,9,10,12,13,14,18,20,22,24,26,28,30,31,32,35,36,37,39,40>32,34,36,38,10,12,15,25,1,3,4,5,35,7,37,9,39,40,13,14,22,24,28,30
1,3,4,5,7,8,9,10,12,13,14,18,20,22,24,26,28,30,31,32,35,36,37,39,40>33,34,36,38,8,10,11,12,17,18,20,31,1,3,4,5,35,7,37,9,39,40,13,14,22,24,28,30
1,3,4,5,7,8,9,10,12,13,14,18,20,22,24,26,28,30,31,32,35,36,37,39,40>32,33,34,36,38,8,15,18,21,26,29,31,1,3,4,5,35,7,37,9,39,40,13,14,22,24,28,30
1,2,4,5,7,9,12,13,14,15,16,18,21,22,23,26,27,31,32,33,34,36,37,40>35,4,12,17,18,28,30,32,1,2,34,36,5,7,9,14,15,16,21,22,26,31
1,2,4,5,7,9,12,13,14,15,16,18,21,22,23,26,27,31,32,33,34,36,37,40>33,35,4,13,27,28,29,30,32,1,2,34,36,5,7,9,14,15,16,21,22,26,31
1,2,4,5,7,9,12,13,14,15,16,18,21,22,23,26,27,31,32,33,34,36,37,40>33,35,4,13,20,29,30,32,1,2,34,36,5,7,9,14,15,16,21,22,26,31
1,2,4,5,7,9,12,13,14,15,16,18,21,22,23,26,27,31,32,33,34,36,37,40>33,35,37,12,18,20,23,27,29,32,1,2,34,36,5,7,9,14,15,16,21,22,26,31
1,2,4,5,7,9,12,13,14,15,16,18,21,22,23,26,27,31,32,33,34,36,37,40>4,37,12,18,27,30,32,1,2,34,36,5,7,9,14,15,16,21,22,26,31
1,2,4,5,7,9,12,13,14,15,16,18,21,22,23,26,27,31,32,33,34,36,37,40>33,4,37,12,17,23,27,28,32,1,2,34,36,5,7,9,14,15,16,21,22,26,31
1,2,4,5,7,9,12,13,14,15,16,18,21,22,23,26,27,31,32,33,34,36,37,40>35,4,37,40,12,13,17,18,20,23,29,30,32,1,2,34,36,5,7,9,14,15,16,21,22,26,31
1,2,4,5,7,9,12,13,14,15,16,18,21,22,23,26,27,31,32,33,34,36,37,40>35,38,40,13,17,20,27,32,1,2,34,36,5,7,9,14,15,16,21,22,26,31
1,2,4,5,7,9,12,13,14,15,16,18,21,22,23,26,27,31,32,33,34,36,37,40>33,37,38,40,13,17,27,30,32,1,2,34,36,5,7,9,14,15,16,21,22,26,31
1,2,4,5,7,9,12,13,14,15,16,18,21,22,23,26,27,31,32,33,34,36,37,40>33,37,38,40,13,17,18,23,28,29,30,32,1,2,34,36,5,7,9,14,15,16,21,22,26,31
