CD45,CD8,TCRlig,TCbind,PAGCsk,LCK,Fyn,Rlk,TCRphos,ZAP70,cCbl,Itk,LAT,Gads,Slp76,PLCg_b,Grb2Sos,DAG,PLCg_a,Ras,RasGRP1,PKCth,IP3,Raf,MEK,Ca,ERK,SEK,IKK,Calcin,Rsk,Fos,JNK,IkB,CREB,Jun,CRE,AP1,NFkB,NFAT
1,3,7,10,12,13,18,19,22,23,25,27,28,29,30,31,32,36,38,39,40>35,5,14,19,21,25,32,1,3,38,39,40,13,18,22,23,27,28,29,31
1,3,7,10,12,13,18,19,22,23,25,27,28,29,30,31,32,36,38,39,40>35,4,9,10,11,12,16,19,26,32,1,3,38,39,40,13,18,22,23,27,28,29,31
1,2,3,4,6,7,9,10,13,14,16,19,20,23,24,26,27,28,30,35,39>32,33,35,37,8,40,17,19,20,25,28,1,2,3,4,6,7,39,9,10,13,14,16,23,24,26,30
1,2,3,4,6,7,9,10,13,14,16,19,20,23,24,26,27,28,30,35,39>32,33,34,35,5,17,25,27,1,2,3,4,6,7,39,9,10,13,14,16,23,24,26,30
1,5,6,39,40,9,10,11,13,14,15,17,19,21,22,26,29,31>35,6,9,10,40,16,18,21,22,23,28,1,5,39,11,13,14,15,17,29
1,5,6,39,40,9,10,11,13,14,15,17,19,21,22,26,29,31>35,6,8,12,16,20,21,26,30,1,5,39,11,13,14,15,17,29
1,33,4,36,6,7,8,9,40,11,12,16,18,19,20,23,24,25,28>39,40,11,16,19,22,26,27,1,33,36,7,8,9,18,23,24,25
1,33,4,36,6,7,8,9,40,11,12,16,18,19,20,23,24,25,28>34,40,19,20,22,26,27,28,1,33,36,7,8,9,18,23,24,25
1,33,3,4,35,6,40,12,13,14,16,20,21,22,23,24,25,26,28,30>34,35,37,6,7,8,9,13,21,23,29,1,33,3,4,40,14,16,20,24,25,26,28,30
1,33,3,4,35,6,40,12,13,14,16,20,21,22,23,24,25,26,28,30>34,36,37,7,8,39,15,21,22,23,29,1,33,3,4,40,14,16,20,24,25,26,28,30
2,3,5,6,8,9,11,12,15,18,22,23,25,30,31,33,34,35,36,38,39,40>37,9,11,12,15,26,27,28,29,30,31,2,3,34,5,35,36,8,40,22
2,3,5,6,8,9,11,12,15,18,22,23,25,30,31,33,34,35,36,38,39,40>33,37,9,11,18,21,28,29,30,2,3,34,5,35,36,8,40,22
1,2,5,8,9,10,11,13,15,16,17,18,20,23,24,25,26,27,28,29,33,34,36,37,39,40>34,39,8,9,10,40,14,28,29,30,1,2,33,36,5,11,13,16,17,20,24,25,26,27
1,2,5,8,9,10,11,13,15,16,17,18,20,23,24,25,26,27,28,29,33,34,36,37,39,40>34,37,8,9,40,12,14,18,30,31,1,2,33,36,5,11,13,16,17,20,24,25,26,27
1,33,4,5,6,36,8,38,10,11,12,39,15,19,20,22,26,28,29,30>4,38,9,13,18,19,22,23,1,33,36,39,8,11,12,28,29,30
1,33,4,5,6,36,8,38,10,11,12,39,15,19,20,22,26,28,29,30>6,38,9,10,40,15,20,22,1,33,36,39,8,11,12,28,29,30
1,2,34,36,38,39,40,9,10,11,12,13,14,16,22,23,25,28,30>33,38,10,15,17,23,26,27,30,1,2,34,40,11,13,14,16,28
1,2,34,36,38,39,40,9,10,11,12,13,14,16,22,23,25,28,30>36,5,38,39,15,23,25,26,29,1,2,34,40,11,13,14,16,28
2,5,6,7,10,11,14,15,16,21,23,24,25,26,27,29,30,31,32,36,37,39>37,6,7,38,40,20,21,29,32,2,5,39,11,15,25,26,27,30,31
2,5,6,7,10,11,14,15,16,21,23,24,25,26,27,29,30,31,32,36,37,39>36,37,6,7,8,9,38,13,14,24,29,32,2,5,39,11,15,25,26,27,30,31
2,3,4,7,8,9,11,12,16,17,18,19,24,28,29,30,31,34,36,37,40>5,11,17,19,20,23,28,29,31,34,35,37,2,3,40,9,18
2,3,4,7,8,9,11,12,16,17,18,19,24,28,29,30,31,34,36,37,40>4,5,7,8,11,19,25,30,34,35,36,37,2,3,40,9,18
1,34,35,36,5,6,7,8,9,12,17,18,19,22,24,26,27,29,30>35,37,40,17,21,24,27,28,1,5,7,8,9,18,22,29,30
1,34,35,36,5,6,7,8,9,12,17,18,19,22,24,26,27,29,30>32,35,37,40,10,12,19,21,23,25,31,1,5,7,8,9,18,22,29,30
1,5,8,9,11,12,14,16,18,19,20,22,24,25,27,31,32,33,35,36,37,38,40>39,40,12,14,15,16,20,21,23,28,29,32,1,35,36,5,37,38,18,22,24,25,27,31
1,5,8,9,11,12,14,16,18,19,20,22,24,25,27,31,32,33,35,36,37,38,40>34,39,12,16,21,28,29,32,1,35,36,5,37,38,18,22,24,25,27,31
1,3,36,5,6,39,8,9,12,14,17,20,25>10,12,15,24,25,1,3,5,39,8,20
1,3,36,5,6,39,8,9,12,14,17,20,25>34,6,12,14,15,27,1,3,5,39,8,20
1,2,3,6,7,9,10,11,13,14,15,16,21,22,23,26,31,33,35,38,40>34,37,8,39,40,17,20,22,23,29,30,1,2,3,35,6,7,9,11,13,14,15,16,26
1,2,3,6,7,9,10,11,13,14,15,16,21,22,23,26,31,33,35,38,40>33,34,5,37,8,12,17,21,22,23,28,29,30,1,2,3,35,6,7,9,11,13,14,15,16,26
33,34,4,37,39,40,10,13,16,17,19,20,21,23,24,26,31>33,37,39,40,11,14,18,19,30,34,13,16,17,20,23,24,26
33,34,4,37,39,40,10,13,16,17,19,20,21,23,24,26,31>35,4,37,40,10,11,14,19,25,34,13,16,17,20,23,24,26
1,4,6,11,12,13,16,17,18,19,20,22,23,25,26,29,30,32,34,36,37,38,39>4,8,9,11,19,21,24,25,34,36,37,39,40,1,38,16,17,18,20,22,23,26,29,30
1,4,6,11,12,13,16,17,18,19,20,22,23,25,26,29,30,32,34,36,37,38,39>4,6,7,8,11,12,24,27,32,36,39,1,38,16,17,18,20,22,23,26,29,30
32,33,37,6,8,9,10,11,12,13,14,40,16,23,24,26,28,29,30,31>35,5,6,37,39,10,15,17,23,25,29,33,8,40,11,13,14,16,26,30
32,33,37,6,8,9,10,11,12,13,14,40,16,23,24,26,28,29,30,31>32,36,6,39,10,15,17,23,25,29,33,8,40,11,13,14,16,26,30
1,2,33,4,34,35,39,11,16,17,20,22,23,25,27>33,4,36,6,37,39,17,22,24,26,29,1,2,34,20,27
1,2,33,4,34,35,39,11,16,17,20,22,23,25,27>33,4,36,37,39,11,22,25,28,31,1,2,34,20,27
1,2,3,6,7,8,11,12,14,17,19,22,23,25,27,31,32,33,34,35,36,38,39>37,39,9,14,17,18,20,22,28,29,32,1,2,3,34,35,6,7,8,36,38,23,27,31
1,2,3,6,7,8,11,12,14,17,19,22,23,25,27,31,32,33,34,35,36,38,39>37,39,12,17,18,20,22,25,28,32,1,2,3,34,35,6,7,8,36,38,23,27,31
