CD45,CD8,TCRlig,TCbind,PAGCsk,LCK,Fyn,Rlk,TCRphos,ZAP70,cCbl,Itk,LAT,Gads,Slp76,PLCg_b,Grb2Sos,DAG,PLCg_a,Ras,RasGRP1,PKCth,IP3,Raf,MEK,Ca,ERK,SEK,IKK,Calcin,Rsk,Fos,JNK,IkB,CREB,Jun,CRE,AP1,NFkB,NFAT
32,2,5,37,39,8,9,10,11,12,13,16,22,23,24,28,31>34,35,8,9,10,12,14,29,31,2,5,39,11,13,16,28
32,2,5,37,39,8,9,10,11,12,13,16,22,23,24,28,31>32,33,34,35,37,8,9,10,12,24,25,26,31,2,5,39,11,13,16,28
1,2,4,7,9,11,12,13,14,17,19,20,22,24,25,26,27,28,30,33,34,35,36,37,38>35,6,38,40,11,19,23,31,1,2,33,34,36,37,7,9,14,17,20,24,25,27,28,30
1,2,4,7,9,11,12,13,14,17,19,20,22,24,25,26,27,28,30,33,34,35,36,37,38>32,35,6,38,16,18,19,23,26,1,2,33,34,36,37,7,9,14,17,20,24,25,27,28,30
1,33,4,5,36,7,8,37,10,38,13,18,21,22,25,26,27,29,30,31>32,33,4,37,38,8,11,40,14,16,25,26,28,1,36,5,7,13,21,22,27,29,30,31
1,33,4,5,36,7,8,37,10,38,13,18,21,22,25,26,27,29,30,31>35,37,8,9,10,11,40,14,17,18,20,1,36,5,7,13,21,22,27,29,30,31
1,3,4,5,6,8,9,11,12,13,14,15,16,17,21,24,25,27,28,29,32,34,35,36,37,38,39>35,5,6,36,12,13,29,31,32,1,3,37,38,8,9,14,15,16,17,25,27
1,3,4,5,6,8,9,11,12,13,14,15,16,17,21,24,25,27,28,29,32,34,35,36,37,38,39>33,34,35,5,11,13,21,24,29,32,1,3,37,38,8,9,14,15,16,17,25,27
1,35,4,37,7,8,40,12,13,14,17,19,24,25,27,28,29>8,9,12,20,24,28,31,33,35,39,40,1,37,7,14,17,25,27
1,35,4,37,7,8,40,12,13,14,17,19,24,25,27,28,29>4,8,9,18,19,20,24,28,29,31,39,1,37,7,14,17,25,27
4,5,6,37,40,10,11,13,15,20,23,24,27,29,30>4,5,6,8,9,10,12,16,17,23,25,26,30,37,40,24,11,13
4,5,6,37,40,10,11,13,15,20,23,24,27,29,30>4,5,6,25,26,27,29,31,39,40,24,11,13
2,3,5,6,10,11,13,16,17,18,20,21,22,23,24,27,28,31,32,35,36,38,39,40>37,40,10,18,23,25,26,29,32,2,3,35,5,38,39,11,13,16,17,20,21,22,24,28,31
2,3,5,6,10,11,13,16,17,18,20,21,22,23,24,27,28,31,32,35,36,38,39,40>33,36,37,6,8,40,10,23,27,29,32,2,3,35,5,38,39,11,13,16,17,20,21,22,24,28,31
1,2,3,34,35,6,38,40,11,12,14,15,16,19,20,26,27,31>32,5,7,8,38,11,12,16,18,19,23,24,1,2,3,34,35,6,15,31
1,2,3,34,35,6,38,40,11,12,14,15,16,19,20,26,27,31>32,37,38,11,14,16,23,24,26,27,1,2,3,34,35,6,15,31
32,2,34,4,5,6,7,36,9,39,40,15,16,18,22,23,24,28,29,31>25,26,32,35,39,40,2,5,9,22,28,29
32,2,34,4,5,6,7,36,9,39,40,15,16,18,22,23,24,28,29,31>15,32,35,36,38,39,2,5,9,22,28,29
32,1,33,3,34,35,6,36,8,9,13,15,20,22,27,28,29,30,31>4,7,38,40,13,14,16,27,32,1,33,3,35,36,8,28,29,31
32,1,33,3,34,35,6,36,8,9,13,15,20,22,27,28,29,30,31>34,4,7,40,14,20,22,24,27,30,32,1,33,3,35,36,8,28,29,31
33,36,5,39,11,14,19,20,21,24,28,29,30,31>35,14,15,18,19,28,30,33,36,5,39,20,24
33,36,5,39,11,14,19,20,21,24,28,29,30,31>40,14,15,18,21,33,36,5,39,20,24
1,3,4,5,9,12,14,15,16,19,21,25,26,27,28,29,30,31,33,36,40>19,7,20,9,1,33,3,4,36,40,15,27,30,31
1,3,4,5,9,12,14,15,16,19,21,25,26,27,28,29,30,31,33,36,40>5,39,12,14,20,23,25,26,28,29,1,33,3,4,36,40,15,27,30,31
4,6,7,8,10,13,17,18,20,21,24,26,27,31,32,33,35,37,38,39,40>6,9,10,11,16,26,38,32,35,37,39,8,13,17,20,24,31
4,6,7,8,10,13,17,18,20,21,24,26,27,31,32,33,35,37,38,39,40>4,6,9,10,16,18,21,27,34,36,40,32,35,37,39,8,13,17,20,24,31
1,3,4,5,6,7,13,15,16,17,19,20,21,23,24,26,27,29,32,33,36,38,39>15,21,25,30,31,32,1,3,4,5,36,7,38,39,16,17,20,23,24,26
1,3,4,5,6,7,13,15,16,17,19,20,21,23,24,26,27,29,32,33,36,38,39>33,6,9,14,15,19,27,29,30,31,32,1,3,4,5,36,7,38,39,16,17,20,23,24,26
1,5,7,8,9,10,13,15,16,17,18,20,24,25,26,27,28,29,32,33,34,37,39,40>36,11,14,15,18,19,22,26,28,32,1,33,5,9,13,16,17,20,24,25,27
1,5,7,8,9,10,13,15,16,17,18,20,24,25,26,27,28,29,32,33,34,37,39,40>37,39,11,12,14,15,22,26,29,32,1,33,5,9,13,16,17,20,24,25,27
32,1,3,4,8,9,10,40,14,18,20,21,24,25,26,27>7,9,10,11,39,13,14,15,40,22,31,32,1,3,4,20,24,25,27
32,1,3,4,8,9,10,40,14,18,20,21,24,25,26,27>34,7,8,10,14,15,18,22,30,32,1,3,4,20,24,25,27
1,5,6,7,8,12,13,14,18,19,20,22,23,24,26,27,29,30,31,33,36,38>35,38,9,40,17,19,27,1,36,5,7,8,14,18,22,23,24,26,29,30,31
1,5,6,7,8,12,13,14,18,19,20,22,23,24,26,27,29,30,31,33,36,38>33,35,6,40,12,13,19,27,28,1,36,5,7,8,14,18,22,23,24,26,29,30,31
1,2,3,4,5,33,39,8,9,12,13,18,19,20,24,26,27,28,30,31>5,7,13,16,17,20,22,25,26,27,32,34,35,40,1,2,3,4,33,39,18,24,30,31
1,2,3,4,5,33,39,8,9,12,13,18,19,20,24,26,27,28,30,31>8,9,12,16,17,22,26,35,1,2,3,4,33,39,18,24,30,31
32,33,2,34,4,5,6,7,38,40,12,13,15,17,18,23,28,29,30,31>6,8,18,20,30,32,36,38,33,2,5,40,17
32,33,2,34,4,5,6,7,38,40,12,13,15,17,18,23,28,29,30,31>6,7,18,22,23,32,35,36,33,2,5,40,17
1,2,3,5,8,9,11,12,13,16,17,19,20,21,22,26,27,28,29,34,35,38,40>9,11,14,18,22,23,24,27,34,38,40,1,2,3,5,16,17,20,28,29
1,2,3,5,8,9,11,12,13,16,17,19,20,21,22,26,27,28,29,34,35,38,40>9,11,12,14,19,21,23,24,32,34,38,1,2,3,5,16,17,20,28,29
