CD45,CD8,TCRlig,TCbind,PAGCsk,LCK,Fyn,Rlk,TCRphos,ZAP70,cCbl,Itk,LAT,Gads,Slp76,PLCg_b,Grb2Sos,DAG,PLCg_a,Ras,RasGRP1,PKCth,IP3,Raf,MEK,Ca,ERK,SEK,IKK,Calcin,Rsk,Fos,JNK,IkB,CREB,Jun,CRE,AP1,NFkB,NFAT
32,1,2,34,4,37,40,9,10,12,13,22,23,24,30>6,12,16,17,22,23,24,25,26,28,30,1,2,34,40,13
32,1,2,34,4,37,40,9,10,12,13,22,23,24,30>32,4,7,9,11,12,14,16,17,22,23,24,1,2,34,40,13
32,1,2,34,4,37,40,9,10,12,13,22,23,24,30>37,6,9,10,11,16,17,24,25,26,28,1,2,34,40,13
32,1,2,34,4,37,40,9,10,12,13,22,23,24,30>32,4,37,6,9,14,17,23,26,28,29,1,2,34,40,13
1,2,3,4,5,6,7,8,10,11,15,18,22,24,25,28,29,30,31,36,37,38,40>36,37,10,39,15,18,24,27,1,2,3,5,7,8,40,11,22,25,28,29
1,2,3,4,5,6,7,8,10,11,15,18,22,24,25,28,29,30,31,36,37,38,40>33,4,36,6,37,38,10,12,13,15,24,31,1,2,3,5,7,8,40,11,22,25,28,29
1,2,3,4,5,6,7,8,10,11,15,18,22,24,25,28,29,30,31,36,37,38,40>33,4,36,37,10,12,13,18,27,30,1,2,3,5,7,8,40,11,22,25,28,29
1,2,3,4,5,6,7,8,10,11,15,18,22,24,25,28,29,30,31,36,37,38,40>33,35,4,36,6,38,39,12,13,15,21,24,1,2,3,5,7,8,40,11,22,25,28,29
1,3,4,7,8,15,18,19,20,21,22,23,24,27,29,31,32,34,35,36,38,40>5,8,15,27,28,32,1,3,4,35,38,7,18,20,21,22,23,24,29,31
1,3,4,7,8,15,18,19,20,21,22,23,24,27,29,31,32,34,35,36,38,40>34,5,9,40,25,27,32,1,3,4,35,38,7,18,20,21,22,23,24,29,31
1,3,4,7,8,15,18,19,20,21,22,23,24,27,29,31,32,34,35,36,38,40>36,5,40,19,26,28,32,1,3,4,35,38,7,18,20,21,22,23,24,29,31
1,3,4,7,8,15,18,19,20,21,22,23,24,27,29,31,32,34,35,36,38,40>36,5,9,15,25,27,32,1,3,4,35,38,7,18,20,21,22,23,24,29,31
1,2,3,5,7,10,11,12,14,17,19,21,23,24,25,32,33,34,35,36,38,40>32,35,40,9,10,14,15,21,1,2,3,34,5,36,38,11,23,25
1,2,3,5,7,10,11,12,14,17,19,21,23,24,25,32,33,34,35,36,38,40>33,37,40,9,12,13,14,17,19,21,24,27,1,2,3,34,5,36,38,11,23,25
1,2,3,5,7,10,11,12,14,17,19,21,23,24,25,32,33,34,35,36,38,40>32,35,37,9,12,15,20,21,27,1,2,3,34,5,36,38,11,23,25
1,2,3,5,7,10,11,12,14,17,19,21,23,24,25,32,33,34,35,36,38,40>33,35,37,7,40,9,13,14,15,17,18,19,20,24,1,2,3,34,5,36,38,11,23,25
32,4,37,6,8,9,10,40,12,14,22,23,24,25,27,30,31>6,39,11,13,23,24,30,32,8,40,10,9,25,27,31
32,4,37,6,8,9,10,40,12,14,22,23,24,25,27,30,31>34,6,39,12,13,14,24,29,32,8,40,10,9,25,27,31
32,4,37,6,8,9,10,40,12,14,22,23,24,25,27,30,31>34,6,12,13,22,23,24,26,28,29,32,8,40,10,9,25,27,31
32,4,37,6,8,9,10,40,12,14,22,23,24,25,27,30,31>35,4,37,6,12,15,26,28,29,30,32,8,40,10,9,25,27,31
32,3,4,5,36,7,14,15,16,17,18,23,26,27,28,30,31>33,36,38,7,39,9,40,14,17,22,23,28,32,3,4,5,15,26,30,31
32,3,4,5,36,7,14,15,16,17,18,23,26,27,28,30,31>33,34,35,20,23,27,28,32,3,4,5,15,26,30,31
32,3,4,5,36,7,14,15,16,17,18,23,26,27,28,30,31>33,35,36,38,7,39,40,16,17,18,20,23,27,32,3,4,5,15,26,30,31
32,3,4,5,36,7,14,15,16,17,18,23,26,27,28,30,31>33,34,35,36,38,7,9,40,17,23,27,32,3,4,5,15,26,30,31
1,6,38,8,9,10,11,14,15,16,17,18,24,28,31>9,10,12,14,17,18,20,22,24,25,31,33,34,35,8,1,11,15
1,6,38,8,9,10,11,14,15,16,17,18,24,28,31>6,9,10,13,14,16,17,18,20,22,25,28,31,35,38,8,1,11,15
1,6,38,8,9,10,11,14,15,16,17,18,24,28,31>5,7,12,14,22,33,35,8,1,11,15
1,6,38,8,9,10,11,14,15,16,17,18,24,28,31>10,14,16,18,20,24,31,34,35,8,1,11,15
33,3,4,5,6,7,35,9,36,37,38,39,17,21,22,23,25,27,29,31>7,10,22,25,26,28,35,3,4,5,36,37,9,39,27,29,31
33,3,4,5,6,7,35,9,36,37,38,39,17,21,22,23,25,27,29,31>33,8,38,22,23,25,35,3,4,5,36,37,9,39,27,29,31
33,3,4,5,6,7,35,9,36,37,38,39,17,21,22,23,25,27,29,31>6,38,17,21,23,26,28,35,3,4,5,36,37,9,39,27,29,31
33,3,4,5,6,7,35,9,36,37,38,39,17,21,22,23,25,27,29,31>32,6,38,10,17,26,28,35,3,4,5,36,37,9,39,27,29,31
5,6,7,8,9,10,14,18,19,20,21,22,24,26,29,31,32,33,37,38,40>13,15,26,28,30,32,5,8,9,10,18,20,21,22,24,29
5,6,7,8,9,10,14,18,19,20,21,22,24,26,29,31,32,33,37,38,40>13,15,23,25,26,28,30,33,35,36,37,40,5,8,9,10,18,20,21,22,24,29
5,6,7,8,9,10,14,18,19,20,21,22,24,26,29,31,32,33,37,38,40>15,25,28,32,33,35,36,5,8,9,10,18,20,21,22,24,29
5,6,7,8,9,10,14,18,19,20,21,22,24,26,29,31,32,33,37,38,40>15,19,23,25,26,28,31,36,40,5,8,9,10,18,20,21,22,24,29
1,3,4,6,7,12,13,15,16,17,18,21,24,25,27,33,34,35,36,37,38>24,14,5,18,1,34,3,4,36,37,7,16,17,25,27
1,3,4,6,7,12,13,15,16,17,18,21,24,25,27,33,34,35,36,37,38>35,5,38,12,13,18,20,21,22,1,34,3,4,36,37,7,16,17,25,27
1,3,4,6,7,12,13,15,16,17,18,21,24,25,27,33,34,35,36,37,38>6,9,13,14,15,18,22,1,34,3,4,36,37,7,16,17,25,27
1,3,4,6,7,12,13,15,16,17,18,21,24,25,27,33,34,35,36,37,38>32,33,35,5,6,8,9,13,14,15,21,24,1,34,3,4,36,37,7,16,17,25,27
2,3,5,6,7,11,12,15,16,20,22,25,26,27,28,29,32,33,34,36,40>40,15,22,25,26,30,31,32,33,2,3,36,5,27,28,29
2,3,5,6,7,11,12,15,16,20,22,25,26,27,28,29,32,33,34,36,40>34,6,40,15,20,25,26,31,32,33,2,3,36,5,27,28,29
2,3,5,6,7,11,12,15,16,20,22,25,26,27,28,29,32,33,34,36,40>7,8,38,11,12,16,20,22,24,32,33,2,3,36,5,27,28,29
2,3,5,6,7,11,12,15,16,20,22,25,26,27,28,29,32,33,34,36,40>6,7,8,9,40,15,16,31,32,33,2,3,36,5,27,28,29
1,2,4,5,7,8,10,14,17,18,21,22,23,25,29,30,32,33,34,38,39,40>8,10,13,17,20,26,34,38,39,1,2,5,7,40,21,22,29
1,2,4,5,7,8,10,14,17,18,21,22,23,25,29,30,32,33,34,38,39,40>8,9,10,13,14,15,17,18,20,25,26,27,38,1,2,5,7,40,21,22,29
1,2,4,5,7,8,10,14,17,18,21,22,23,25,29,30,32,33,34,38,39,40>4,9,10,14,20,23,30,33,36,39,1,2,5,7,40,21,22,29
1,2,4,5,7,8,10,14,17,18,21,22,23,25,29,30,32,33,34,38,39,40>8,9,10,11,15,18,26,28,32,36,38,39,1,2,5,7,40,21,22,29
2,3,4,6,38,8,9,10,39,13,14,15,16,19,20,21,23,24,29,31>12,17,18,29,31,2,3,4,39,8,9,10,13,14,15,16,19,20,23,24
2,3,4,6,38,8,9,10,39,13,14,15,16,19,20,21,23,24,29,31>35,11,17,18,21,25,26,29,31,2,3,4,39,8,9,10,13,14,15,16,19,20,23,24
2,3,4,6,38,8,9,10,39,13,14,15,16,19,20,21,23,24,29,31>6,11,12,17,29,31,2,3,4,39,8,9,10,13,14,15,16,19,20,23,24
2,3,4,6,38,8,9,10,39,13,14,15,16,19,20,21,23,24,29,31>35,6,38,18,21,25,2,3,4,39,8,9,10,13,14,15,16,19,20,23,24
32,3,37,6,7,8,9,10,38,39,40,15,17,21,22,23,27,28,29,31>33,35,4,5,6,7,37,40,11,15,21,23,27,32,3,39,8,9,10,28,29,31
32,3,37,6,7,8,9,10,38,39,40,15,17,21,22,23,27,28,29,31>4,40,12,20,21,22,26,32,3,39,8,9,10,28,29,31
32,3,37,6,7,8,9,10,38,39,40,15,17,21,22,23,27,28,29,31>35,4,5,12,13,15,20,22,23,26,32,3,39,8,9,10,28,29,31
32,3,37,6,7,8,9,10,38,39,40,15,17,21,22,23,27,28,29,31>33,35,4,5,37,40,11,17,21,27,32,3,39,8,9,10,28,29,31
33,34,35,36,5,6,7,8,39,10,12,14,15,22,23,24,26,27,30,31>7,11,14,23,24,27,34,35,36,5,8,12,15,26,30,31
33,34,35,36,5,6,7,8,39,10,12,14,15,22,23,24,26,27,30,31>32,9,10,14,22,24,25,28,34,35,36,5,8,12,15,26,30,31
33,34,35,36,5,6,7,8,39,10,12,14,15,22,23,24,26,27,30,31>32,33,6,11,14,23,27,29,34,35,36,5,8,12,15,26,30,31
33,34,35,36,5,6,7,8,39,10,12,14,15,22,23,24,26,27,30,31>32,37,6,7,9,11,40,13,14,22,27,28,34,35,36,5,8,12,15,26,30,31
1,2,35,36,37,6,7,11,12,16,17,18,19,23,24,26,27,28>5,9,12,17,19,20,25,27,28,30,31,33,39,1,2,37,6,7,18,23,26
1,2,35,36,37,6,7,11,12,16,17,18,19,23,24,26,27,28>11,16,17,19,20,24,28,30,31,33,35,1,2,37,6,7,18,23,26
1,2,35,36,37,6,7,11,12,16,17,18,19,23,24,26,27,28>8,11,16,17,19,20,24,27,28,31,33,34,39,1,2,37,6,7,18,23,26
1,2,35,36,37,6,7,11,12,16,17,18,19,23,24,26,27,28>5,9,25,28,31,32,33,34,35,36,39,1,2,37,6,7,18,23,26
1,2,3,4,6,7,8,9,11,13,14,16,20,21,24,25,28,30,33,36,38>4,5,39,40,11,13,15,17,21,30,1,2,3,33,36,6,7,8,9,14,16,20,24,25
1,2,3,4,6,7,8,9,11,13,14,16,20,21,24,25,28,30,33,36,38>4,5,11,27,30,1,2,3,33,36,6,7,8,9,14,16,20,24,25
1,2,3,4,6,7,8,9,11,13,14,16,20,21,24,25,28,30,33,36,38>34,4,5,11,17,30,1,2,3,33,36,6,7,8,9,14,16,20,24,25
1,2,3,4,6,7,8,9,11,13,14,16,20,21,24,25,28,30,33,36,38>34,4,5,11,15,21,28,30,1,2,3,33,36,6,7,8,9,14,16,20,24,25
2,3,4,5,7,9,11,13,15,16,17,20,21,22,24,29,30,33,34,36,37,38,39,40>38,39,11,13,14,15,21,22,30,2,3,36,5,40,9,16,17,20,24,29
2,3,4,5,7,9,11,13,15,16,17,20,21,22,24,29,30,33,34,36,37,38,39,40>33,37,11,14,28,30,2,3,36,5,40,9,16,17,20,24,29
2,3,4,5,7,9,11,13,15,16,17,20,21,22,24,29,30,33,34,36,37,38,39,40>34,13,14,22,25,2,3,36,5,40,9,16,17,20,24,29
2,3,4,5,7,9,11,13,15,16,17,20,21,22,24,29,30,33,34,36,37,38,39,40>34,4,37,38,7,11,13,14,2,3,36,5,40,9,16,17,20,24,29
7,9,10,11,12,13,17,20,21,22,24,29,30>5,39,21,22,25,28,30,9,11,13,17,20,24,29
7,9,10,11,12,13,17,20,21,22,24,29,30>5,39,14,25,28,30,9,11,13,17,20,24,29
7,9,10,11,12,13,17,20,21,22,24,29,30>5,39,10,16,30,9,11,13,17,20,24,29
7,9,10,11,12,13,17,20,21,22,24,29,30>5,39,16,21,25,28,9,11,13,17,20,24,29
1,5,6,8,10,11,13,14,15,16,19,20,21,24,26,27,28,29,30,31,33,36,39>40,10,18,21,23,25,26,27,1,33,36,5,39,8,11,13,14,15,16,19,20,24,30,31
1,5,6,8,10,11,13,14,15,16,19,20,21,24,26,27,28,29,30,31,33,36,39>35,7,40,10,12,17,23,27,28,29,1,33,36,5,39,8,11,13,14,15,16,19,20,24,30,31
1,5,6,8,10,11,13,14,15,16,19,20,21,24,26,27,28,29,30,31,33,36,39>32,35,7,40,17,18,23,26,28,1,33,36,5,39,8,11,13,14,15,16,19,20,24,30,31
1,5,6,8,10,11,13,14,15,16,19,20,21,24,26,27,28,29,30,31,33,36,39>6,7,40,12,17,18,28,1,33,36,5,39,8,11,13,14,15,16,19,20,24,30,31
