CD45,CD8,TCRlig,TCbind,PAGCsk,LCK,Fyn,Rlk,TCRphos,ZAP70,cCbl,Itk,LAT,Gads,Slp76,PLCg_b,Grb2Sos,DAG,PLCg_a,Ras,RasGRP1,PKCth,IP3,Raf,MEK,Ca,ERK,SEK,IKK,Calcin,Rsk,Fos,JNK,IkB,CREB,Jun,CRE,AP1,NFkB,NFAT
2,4,5,7,8,10,13,14,15,17,20,23,26,27,28,29,33,34,35,37,38>32,35,4,38,9,10,11,12,23,24,28,31,33,2,37,5,13,14,15,17,20,26
2,4,5,7,8,10,13,14,15,17,20,23,26,27,28,29,33,34,35,37,38>32,35,4,9,10,11,16,24,27,31,33,2,37,5,13,14,15,17,20,26
2,4,5,7,8,10,13,14,15,17,20,23,26,27,28,29,33,34,35,37,38>32,35,36,8,9,16,23,28,33,2,37,5,13,14,15,17,20,26
2,4,5,7,8,10,13,14,15,17,20,23,26,27,28,29,33,34,35,37,38>32,34,35,4,36,38,11,16,27,28,29,33,2,37,5,13,14,15,17,20,26
32,5,6,37,8,38,10,39,40,14,15,17,23,25,26,30,31>10,11,12,20,23,5,39,8,40,15,26,30
32,5,6,37,8,38,10,39,40,14,15,17,23,25,26,30,31>32,34,35,6,12,17,20,25,5,39,8,40,15,26,30
32,5,6,37,8,38,10,39,40,14,15,17,23,25,26,30,31>35,37,38,12,14,17,25,5,39,8,40,15,26,30
32,5,6,37,8,38,10,39,40,14,15,17,23,25,26,30,31>32,34,35,38,13,17,20,23,25,27,5,39,8,40,15,26,30
1,2,3,6,7,9,11,12,13,18,20,23,24,26,27,29,31,34,37,38,40>5,17,18,20,22,27,30,32,34,38,1,2,3,6,7,9,24,26,31
1,2,3,6,7,9,11,12,13,18,20,23,24,26,27,29,31,34,37,38,40>8,11,12,17,22,27,29,32,37,40,1,2,3,6,7,9,24,26,31
1,2,3,6,7,9,11,12,13,18,20,23,24,26,27,29,31,34,37,38,40>8,11,12,16,18,20,27,29,30,32,34,35,37,1,2,3,6,7,9,24,26,31
1,2,3,6,7,9,11,12,13,18,20,23,24,26,27,29,31,34,37,38,40>5,8,11,13,14,17,18,20,22,25,27,30,38,1,2,3,6,7,9,24,26,31
32,33,2,3,35,5,36,8,9,10,11,14,17,21,22,23,24,29,31>13,15,17,20,22,24,26,31,33,38,2,35,3,36,5,11,29
32,33,2,3,35,5,36,8,9,10,11,14,17,21,22,23,24,29,31>8,14,15,17,21,25,26,28,33,37,38,2,35,3,36,5,11,29
32,33,2,3,35,5,36,8,9,10,11,14,17,21,22,23,24,29,31>10,13,14,17,20,22,23,26,32,39,2,35,3,36,5,11,29
32,33,2,3,35,5,36,8,9,10,11,14,17,21,22,23,24,29,31>9,10,13,14,15,17,23,26,28,32,33,39,2,35,3,36,5,11,29
32,33,34,3,4,5,37,9,10,12,13,14,15,16,18,21,22,25,27,30>9,10,17,25,28,29,30,32,34,3,4,12,13,14,15,16,21,22,27
32,33,34,3,4,5,37,9,10,12,13,14,15,16,18,21,22,25,27,30>36,40,9,20,29,30,31,32,34,3,4,12,13,14,15,16,21,22,27
32,33,34,3,4,5,37,9,10,12,13,14,15,16,18,21,22,25,27,30>33,36,37,9,10,17,18,19,20,31,32,34,3,4,12,13,14,15,16,21,22,27
32,33,34,3,4,5,37,9,10,12,13,14,15,16,18,21,22,25,27,30>33,36,5,37,40,10,11,19,28,30,31,32,34,3,4,12,13,14,15,16,21,22,27
2,7,8,9,11,12,13,15,16,18,19,22,23,24,31,33,34,36,37,38,40>5,7,11,13,14,17,19,24,29,33,40,2,34,36,9,16,18,22,23
2,7,8,9,11,12,13,15,16,18,19,22,23,24,31,33,34,36,37,38,40>5,8,11,14,17,19,26,31,33,35,37,38,2,34,36,9,16,18,22,23
2,7,8,9,11,12,13,15,16,18,19,22,23,24,31,33,34,36,37,38,40>7,8,11,12,15,17,24,28,29,33,35,37,2,34,36,9,16,18,22,23
2,7,8,9,11,12,13,15,16,18,19,22,23,24,31,33,34,36,37,38,40>5,7,8,12,13,15,17,19,29,37,40,2,34,36,9,16,18,22,23
1,3,4,5,7,8,12,18,20,21,22,25,26,27,28,30,31,32,33,34,35,36,37>25,26,8,12,32,1,33,3,4,5,34,7,35,36,37,20,21,22,27,28,30,31
1,3,4,5,7,8,12,18,20,21,22,25,26,27,28,30,31,32,33,34,35,36,37>38,8,40,18,25,32,1,33,3,4,5,34,7,35,36,37,20,21,22,27,28,30,31
1,3,4,5,7,8,12,18,20,21,22,25,26,27,28,30,31,32,33,34,35,36,37>26,9,40,18,32,1,33,3,4,5,34,7,35,36,37,20,21,22,27,28,30,31
1,3,4,5,7,8,12,18,20,21,22,25,26,27,28,30,31,32,33,34,35,36,37>8,9,40,18,29,32,1,33,3,4,5,34,7,35,36,37,20,21,22,27,28,30,31
1,2,3,6,7,8,10,13,14,16,17,19,20,21,25,26,28,30,31,32,34,35,36,38,40>33,37,10,15,18,21,23,25,28,1,2,3,34,35,6,7,8,38,40,13,14,16,17,20,30
1,2,3,6,7,8,10,13,14,16,17,19,20,21,25,26,28,30,31,32,34,35,36,38,40>4,5,36,37,9,10,19,21,23,24,26,31,1,2,3,34,35,6,7,8,38,40,13,14,16,17,20,30
1,2,3,6,7,8,10,13,14,16,17,19,20,21,25,26,28,30,31,32,34,35,36,38,40>32,4,5,37,11,15,23,1,2,3,34,35,6,7,8,38,40,13,14,16,17,20,30
1,2,3,6,7,8,10,13,14,16,17,19,20,21,25,26,28,30,31,32,34,35,36,38,40>33,36,37,9,10,15,18,19,24,25,26,31,1,2,3,34,35,6,7,8,38,40,13,14,16,17,20,30
33,34,35,5,6,7,8,38,39,12,14,16,21,23,25,26,29,30>6,12,15,16,20,25,29,33,38,40,8,26,5,30
33,34,35,5,6,7,8,38,39,12,14,16,21,23,25,26,29,30>6,9,12,14,16,25,29,33,34,36,38,40,8,26,5,30
33,34,35,5,6,7,8,38,39,12,14,16,21,23,25,26,29,30>7,9,12,15,20,29,33,36,37,38,8,26,5,30
33,34,35,5,6,7,8,38,39,12,14,16,21,23,25,26,29,30>6,7,9,12,16,23,25,27,29,35,37,38,39,8,26,5,30
32,1,34,3,4,36,37,38,39,40,11,13,14,16,17,18,19,30>32,36,7,39,15,22,23,1,34,3,38,40,14,16,17,18
32,1,34,3,4,36,37,38,39,40,11,13,14,16,17,18,19,30>36,37,7,39,15,20,22,30,1,34,3,38,40,14,16,17,18
32,1,34,3,4,36,37,38,39,40,11,13,14,16,17,18,19,30>32,36,37,11,20,22,30,1,34,3,38,40,14,16,17,18
32,1,34,3,4,36,37,38,39,40,11,13,14,16,17,18,19,30>32,4,36,37,39,15,19,20,1,34,3,38,40,14,16,17,18
4,5,7,8,10,12,13,20,21,23,24,25,28,30,31,32,33,34,36,38,40>32,9,12,16,21,27,28,33,34,36,5,38,40,13,20,24,25
4,5,7,8,10,12,13,20,21,23,24,25,28,30,31,32,33,34,36,38,40>35,7,11,17,21,26,27,28,30,31,33,34,36,5,38,40,13,20,24,25
4,5,7,8,10,12,13,20,21,23,24,25,28,30,31,32,33,34,36,38,40>32,35,7,8,12,17,21,26,30,33,34,36,5,38,40,13,20,24,25
4,5,7,8,10,12,13,20,21,23,24,25,28,30,31,32,33,34,36,38,40>35,7,8,9,10,17,26,28,33,34,36,5,38,40,13,20,24,25
1,3,4,5,6,7,8,9,10,14,17,18,19,24,26,27,28,30,31,32,33,37,40>34,39,11,13,19,20,24,25,26,28,32,1,33,3,4,5,7,8,9,10,40,18,30,31
1,3,4,5,6,7,8,9,10,14,17,18,19,24,26,27,28,30,31,32,33,37,40>34,35,36,37,39,11,22,23,25,26,28,32,1,33,3,4,5,7,8,9,10,40,18,30,31
1,3,4,5,6,7,8,9,10,14,17,18,19,24,26,27,28,30,31,32,33,37,40>34,36,37,39,14,15,17,19,24,25,32,1,33,3,4,5,7,8,9,10,40,18,30,31
1,3,4,5,6,7,8,9,10,14,17,18,19,24,26,27,28,30,31,32,33,37,40>34,35,36,17,19,22,23,28,32,1,33,3,4,5,7,8,9,10,40,18,30,31
32,1,33,34,4,6,38,14,17,19,20,21,22,26,27,29,31>15,17,18,19,24,28,34,36,32,1,20,29,31
32,1,33,34,4,6,38,14,17,19,20,21,22,26,27,29,31>4,6,8,15,19,21,22,23,24,26,27,28,33,34,35,36,38,32,1,20,29,31
32,1,33,34,4,6,38,14,17,19,20,21,22,26,27,29,31>6,7,8,19,21,26,27,30,34,35,36,38,32,1,20,29,31
32,1,33,34,4,6,38,14,17,19,20,21,22,26,27,29,31>4,6,7,8,15,18,19,21,22,23,24,27,34,35,32,1,20,29,31
1,4,6,7,9,14,15,17,18,21,23,24,25,26,28,30,31,32,33,35,37,40>5,39,10,17,20,21,23,27,31,1,33,35,37,7,40,9,15,25,26,30
1,4,6,7,9,14,15,17,18,21,23,24,25,26,28,30,31,32,33,35,37,40>32,34,36,8,17,20,21,22,23,24,27,1,33,35,37,7,40,9,15,25,26,30
1,4,6,7,9,14,15,17,18,21,23,24,25,26,28,30,31,32,33,35,37,40>32,4,5,36,10,14,18,20,21,22,24,27,28,1,33,35,37,7,40,9,15,25,26,30
1,4,6,7,9,14,15,17,18,21,23,24,25,26,28,30,31,32,33,35,37,40>32,34,4,5,6,17,18,22,23,31,1,33,35,37,7,40,9,15,25,26,30
32,1,35,36,37,6,7,39,40,13,17,18,19,21,22,23,28,29,31>31,5,26,8,1,35,37,39,7,17,18,21,22,23,28,29
32,1,35,36,37,6,7,39,40,13,17,18,19,21,22,23,28,29,31>9,32,13,38,1,35,37,39,7,17,18,21,22,23,28,29
32,1,35,36,37,6,7,39,40,13,17,18,19,21,22,23,28,29,31>32,33,36,5,6,8,13,14,20,31,1,35,37,39,7,17,18,21,22,23,28,29
32,1,35,36,37,6,7,39,40,13,17,18,19,21,22,23,28,29,31>32,33,36,5,6,38,8,9,40,14,16,26,1,35,37,39,7,17,18,21,22,23,28,29
32,1,34,35,4,5,6,39,8,11,14,19,21,23,24,27,28,30>5,18,20,21,33,37,32,1,34,8,23
32,1,34,35,4,5,6,39,8,11,14,19,21,23,24,27,28,30>4,5,18,19,26,31,37,39,40,32,1,34,8,23
32,1,34,35,4,5,6,39,8,11,14,19,21,23,24,27,28,30>4,6,14,19,20,26,27,37,39,40,32,1,34,8,23
32,1,34,35,4,5,6,39,8,11,14,19,21,23,24,27,28,30>4,6,15,18,19,21,25,27,28,30,31,33,35,39,32,1,34,8,23
1,4,6,8,9,10,12,13,16,17,19,23,24,25,27,31,32,33,34,35,37,38,39>6,38,39,11,20,26,32,1,34,35,37,8,9,10,13,16,17,23,25,27,31
1,4,6,8,9,10,12,13,16,17,19,23,24,25,27,31,32,33,34,35,37,38,39>33,38,39,12,20,32,1,34,35,37,8,9,10,13,16,17,23,25,27,31
1,4,6,8,9,10,12,13,16,17,19,23,24,25,27,31,32,33,34,35,37,38,39>4,6,38,39,12,14,20,24,32,1,34,35,37,8,9,10,13,16,17,23,25,27,31
1,4,6,8,9,10,12,13,16,17,19,23,24,25,27,31,32,33,34,35,37,38,39>33,4,6,7,38,11,12,20,24,32,1,34,35,37,8,9,10,13,16,17,23,25,27,31
1,2,4,5,7,12,14,16,17,19,21,22,24,25,27,29,33,35,36,38,39,40>16,18,19,20,28,33,35,38,40,1,2,36,5,7,39,25,27,29
1,2,4,5,7,12,14,16,17,19,21,22,24,25,27,29,33,35,36,38,39,40>4,9,14,16,18,19,23,32,35,38,1,2,36,5,7,39,25,27,29
1,2,4,5,7,12,14,16,17,19,21,22,24,25,27,29,33,35,36,38,39,40>12,16,17,19,22,23,28,32,40,1,2,36,5,7,39,25,27,29
1,2,4,5,7,12,14,16,17,19,21,22,24,25,27,29,33,35,36,38,39,40>4,9,12,17,19,20,21,22,28,32,33,35,38,1,2,36,5,7,39,25,27,29
1,2,3,6,7,8,9,11,13,14,15,16,19,20,23,27,28,29,30,31,32,33,34,35,38>34,40,11,13,18,20,24,26,28,32,1,2,3,33,35,6,7,8,9,14,15,16,23,31
1,2,3,6,7,8,9,11,13,14,15,16,19,20,23,27,28,29,30,31,32,33,34,35,38>34,36,38,11,13,17,18,19,28,30,32,1,2,3,33,35,6,7,8,9,14,15,16,23,31
1,2,3,6,7,8,9,11,13,14,15,16,19,20,23,27,28,29,30,31,32,33,34,35,38>34,37,11,13,18,19,26,29,32,1,2,3,33,35,6,7,8,9,14,15,16,23,31
1,2,3,6,7,8,9,11,13,14,15,16,19,20,23,27,28,29,30,31,32,33,34,35,38>34,5,38,40,11,13,19,29,32,1,2,3,33,35,6,7,8,9,14,15,16,23,31
32,1,2,34,35,37,6,38,39,10,13,14,16,20,22,23,24,25,29,30>38,7,8,39,10,15,20,26,27,28,30,1,2,37,6,13,14,16,24,25,29
32,1,2,34,35,37,6,38,39,10,13,14,16,20,22,23,24,25,29,30>32,5,39,10,15,27,28,1,2,37,6,13,14,16,24,25,29
32,1,2,34,35,37,6,38,39,10,13,14,16,20,22,23,24,25,29,30>32,38,39,11,40,15,17,26,28,30,1,2,37,6,13,14,16,24,25,29
32,1,2,34,35,37,6,38,39,10,13,14,16,20,22,23,24,25,29,30>34,35,38,39,10,11,22,27,30,1,2,37,6,13,14,16,24,25,29
