CD45,CD8,TCRlig,TCbind,PAGCsk,LCK,Fyn,Rlk,TCRphos,ZAP70,cCbl,Itk,LAT,Gads,Slp76,PLCg_b,Grb2Sos,DAG,PLCg_a,Ras,RasGRP1,PKCth,IP3,Raf,MEK,Ca,ERK,SEK,IKK,Calcin,Rsk,Fos,JNK,IkB,CREB,Jun,CRE,AP1,NFkB,NFAT
1,3,5,7,9,11,12,13,15,16,17,19,20,22,23,26,27,31,32,33,34,35,38,39,40>39,11,13,14,22,24,27,29,32,1,34,3,35,5,9,16,17,20,23,26,31
1,3,5,7,9,11,12,13,15,16,17,19,20,22,23,26,27,31,32,33,34,35,38,39,40>33,38,7,11,14,19,24,27,29,30,32,1,34,3,35,5,9,16,17,20,23,26,31
1,3,5,7,9,11,12,13,15,16,17,19,20,22,23,26,27,31,32,33,34,35,38,39,40>33,37,39,40,11,18,19,22,24,27,29,32,1,34,3,35,5,9,16,17,20,23,26,31
1,3,5,7,9,11,12,13,15,16,17,19,20,22,23,26,27,31,32,33,34,35,38,39,40>33,36,37,7,39,40,11,13,14,18,24,27,28,32,1,34,3,35,5,9,16,17,20,23,26,31
33,2,34,35,36,38,7,9,12,15,17,18,20,21,24,29,31>33,7,38,17,29,2,35,36,9,20,24
33,2,34,35,36,38,7,9,12,15,17,18,20,21,24,29,31>34,37,12,21,22,25,31,2,35,36,9,20,24
33,2,34,35,36,38,7,9,12,15,17,18,20,21,24,29,31>33,5,37,7,38,18,22,31,2,35,36,9,20,24
33,2,34,35,36,38,7,9,12,15,17,18,20,21,24,29,31>33,37,7,38,12,18,29,31,2,35,36,9,20,24
1,5,6,8,10,11,12,14,20,22,26,27,28,29,31,32,33,34,35,36,39,40>38,10,40,12,13,14,15,20,24,26,32,1,33,35,36,5,8,11,28,29,31
1,5,6,8,10,11,12,14,20,22,26,27,28,29,31,32,33,34,35,36,39,40>34,7,39,10,13,14,15,20,24,27,30,32,1,33,35,36,5,8,11,28,29,31
1,5,6,8,10,11,12,14,20,22,26,27,28,29,31,32,33,34,35,36,39,40>37,6,10,40,13,15,20,22,27,32,1,33,35,36,5,8,11,28,29,31
1,5,6,8,10,11,12,14,20,22,26,27,28,29,31,32,33,34,35,36,39,40>34,37,6,38,39,10,13,14,15,20,26,30,32,1,33,35,36,5,8,11,28,29,31
1,2,3,4,5,8,9,12,13,14,15,17,19,20,22,23,24,25,26,28,30,32,37,38>34,9,38,12,16,19,22,27,1,2,3,4,14,15,17,20,23,24,25,26,28,30
1,2,3,4,5,8,9,12,13,14,15,17,19,20,22,23,24,25,26,28,30,32,37,38>33,5,37,7,8,9,38,39,13,18,19,22,1,2,3,4,14,15,17,20,23,24,25,26,28,30
1,2,3,4,5,8,9,12,13,14,15,17,19,20,22,23,24,25,26,28,30,32,37,38>34,37,8,38,13,40,16,18,27,29,1,2,3,4,14,15,17,20,23,24,25,26,28,30
1,2,3,4,5,8,9,12,13,14,15,17,19,20,22,23,24,25,26,28,30,32,37,38>34,8,38,39,13,40,16,18,19,22,1,2,3,4,14,15,17,20,23,24,25,26,28,30
32,1,2,3,36,5,6,40,12,13,14,15,18,22,23,25,26,28,29,31>7,13,18,21,25,30,32,33,35,38,1,2,3,5,14,15,22,26,28,29
32,1,2,3,36,5,6,40,12,13,14,15,18,22,23,25,26,28,29,31>7,18,23,25,35,36,1,2,3,5,14,15,22,26,28,29
32,1,2,3,36,5,6,40,12,13,14,15,18,22,23,25,26,28,29,31>4,7,8,13,17,18,25,31,32,35,36,38,40,1,2,3,5,14,15,22,26,28,29
32,1,2,3,36,5,6,40,12,13,14,15,18,22,23,25,26,28,29,31>6,7,17,18,21,23,27,30,31,35,36,38,1,2,3,5,14,15,22,26,28,29
1,2,3,4,35,7,39,9,11,13,15,17,18,19,22,25,27,28,29,31>5,6,37,13,16,21,23,25,1,2,3,35,7,39,9,17,18,22,27,28,29,31
1,2,3,4,35,7,39,9,11,13,15,17,18,19,22,25,27,28,29,31>4,5,14,15,16,21,23,1,2,3,35,7,39,9,17,18,22,27,28,29,31
1,2,3,4,35,7,39,9,11,13,15,17,18,19,22,25,27,28,29,31>32,4,37,14,15,16,23,25,1,2,3,35,7,39,9,17,18,22,27,28,29,31
1,2,3,4,35,7,39,9,11,13,15,17,18,19,22,25,27,28,29,31>32,33,4,11,16,19,25,1,2,3,35,7,39,9,17,18,22,27,28,29,31
2,3,4,34,35,7,36,12,13,14,17,19,22,24,27,28,29,31>33,13,15,19,20,22,24,25,2,35,3,4,14,17,28,29,31
2,3,4,34,35,7,36,12,13,14,17,19,22,24,27,28,29,31>32,33,5,37,7,12,13,15,22,24,27,2,35,3,4,14,17,28,29,31
2,3,4,34,35,7,36,12,13,14,17,19,22,24,27,28,29,31>34,9,12,20,22,24,25,2,35,3,4,14,17,28,29,31
2,3,4,34,35,7,36,12,13,14,17,19,22,24,27,28,29,31>33,34,36,5,7,9,13,18,19,20,23,2,35,3,4,14,17,28,29,31
3,6,7,9,10,11,13,15,16,17,20,21,22,25,27,29,30,32,36,37,39>36,5,7,8,37,10,12,14,22,25,28,30,31,32,3,39,9,11,13,16,17,20,27,29
3,6,7,9,10,11,13,15,16,17,20,21,22,25,27,29,30,32,36,37,39>36,5,37,38,12,14,15,22,24,25,30,32,3,39,9,11,13,16,17,20,27,29
3,6,7,9,10,11,13,15,16,17,20,21,22,25,27,29,30,32,36,37,39>6,37,38,12,40,14,21,22,25,31,32,3,39,9,11,13,16,17,20,27,29
3,6,7,9,10,11,13,15,16,17,20,21,22,25,27,29,30,32,36,37,39>6,7,8,37,40,15,21,22,31,32,3,39,9,11,13,16,17,20,27,29
1,3,4,5,7,11,12,14,15,16,20,22,23,24,25,29,30,33,34,36,39>33,34,4,40,12,20,22,26,30,1,3,36,5,7,15,24,25,29
1,3,4,5,7,11,12,14,15,16,20,22,23,24,25,29,30,33,34,36,39>33,39,40,11,12,20,27,28,1,3,36,5,7,15,24,25,29
1,3,4,5,7,11,12,14,15,16,20,22,23,24,25,29,30,33,34,36,39>33,34,9,12,27,1,3,36,5,7,15,24,25,29
1,3,4,5,7,11,12,14,15,16,20,22,23,24,25,29,30,33,34,36,39>33,34,4,40,9,16,26,1,3,36,5,7,15,24,25,29
32,2,35,38,40,13,14,15,16,19,21,22,23,26,27,28,29>33,39,40,17,18,19,21,27,30,32,2,14,15,16,23,26,28,29
32,2,35,38,40,13,14,15,16,19,21,22,23,26,27,28,29>35,27,40,32,2,14,15,16,23,26,28,29
32,2,35,38,40,13,14,15,16,19,21,22,23,26,27,28,29>33,35,38,39,13,17,20,31,32,2,14,15,16,23,26,28,29
32,2,35,38,40,13,14,15,16,19,21,22,23,26,27,28,29>5,37,39,40,13,19,21,22,27,32,2,14,15,16,23,26,28,29
32,1,2,3,4,5,36,7,8,9,11,12,13,15,16,17,19,20>36,14,15,18,23,24,1,2,3,5,7,9,16,17,20
32,1,2,3,4,5,36,7,8,9,11,12,13,15,16,17,19,20>34,38,39,8,11,12,13,15,18,23,1,2,3,5,7,9,16,17,20
32,1,2,3,4,5,36,7,8,9,11,12,13,15,16,17,19,20>32,34,36,8,13,15,18,24,1,2,3,5,7,9,16,17,20
32,1,2,3,4,5,36,7,8,9,11,12,13,15,16,17,19,20>4,36,38,11,13,14,19,23,1,2,3,5,7,9,16,17,20
3,4,5,6,8,10,11,15,16,18,19,22,23,24,26,27,28,29,31,32,33,37,39>35,5,6,36,9,10,12,13,16,21,25,27,30,32,33,3,39,8,11,18,19,22,23,26,28,29,31
3,4,5,6,8,10,11,15,16,18,19,22,23,24,26,27,28,29,31,32,33,37,39>4,36,10,13,16,24,25,27,30,32,33,3,39,8,11,18,19,22,23,26,28,29,31
3,4,5,6,8,10,11,15,16,18,19,22,23,24,26,27,28,29,31,32,33,37,39>35,5,9,10,13,21,24,25,32,33,3,39,8,11,18,19,22,23,26,28,29,31
3,4,5,6,8,10,11,15,16,18,19,22,23,24,26,27,28,29,31,32,33,37,39>35,4,5,36,12,13,15,21,32,33,3,39,8,11,18,19,22,23,26,28,29,31
32,2,3,4,34,35,7,8,38,40,11,13,14,16,17,19,28,30>33,35,4,5,37,8,9,38,11,13,28,2,3,34,40,14,16,17
32,2,3,4,34,35,7,8,38,40,11,13,14,16,17,19,28,30>32,33,8,38,11,13,15,2,3,34,40,14,16,17
32,2,3,4,34,35,7,8,38,40,11,13,14,16,17,19,28,30>11,20,35,37,2,3,34,40,14,16,17
32,2,3,4,34,35,7,8,38,40,11,13,14,16,17,19,28,30>33,35,5,37,9,38,11,15,18,19,23,28,30,2,3,34,40,14,16,17
1,3,5,8,9,11,12,13,14,15,16,17,18,21,23,24,29,30,32,33,34,35,37,38>8,18,22,24,25,29,32,34,35,36,38,40,1,3,37,5,14,15,16,17
1,3,5,8,9,11,12,13,14,15,16,17,18,21,23,24,29,30,32,33,34,35,37,38>11,18,21,22,23,24,25,26,29,33,34,36,1,3,37,5,14,15,16,17
1,3,5,8,9,11,12,13,14,15,16,17,18,21,23,24,29,30,32,33,34,35,37,38>8,11,12,25,26,29,30,34,35,38,40,1,3,37,5,14,15,16,17
1,3,5,8,9,11,12,13,14,15,16,17,18,21,23,24,29,30,32,33,34,35,37,38>8,9,11,13,22,24,30,32,33,34,36,38,40,1,3,37,5,14,15,16,17
32,34,35,5,37,38,8,39,10,40,15,16,20,22,23,24,27,29,30>8,11,12,15,16,22,25,26,27,31,34,38,39,32,37,5,40,24,29
32,34,35,5,37,38,8,39,10,40,15,16,20,22,23,24,27,29,30>8,12,13,15,19,20,23,26,28,38,32,37,5,40,24,29
32,34,35,5,37,38,8,39,10,40,15,16,20,22,23,24,27,29,30>10,13,15,16,19,20,25,30,31,35,39,32,37,5,40,24,29
32,34,35,5,37,38,8,39,10,40,15,16,20,22,23,24,27,29,30>8,11,12,23,25,26,30,31,34,38,32,37,5,40,24,29
32,34,4,5,6,36,37,40,10,14,16,17,18,22,23,25,28,31>4,8,10,14,16,18,23,25,31,37,40,34,28,22
32,34,4,5,6,36,37,40,10,14,16,17,18,22,23,25,28,31>5,6,8,13,14,17,20,21,25,33,35,36,37,38,34,28,22
32,34,4,5,6,36,37,40,10,14,16,17,18,22,23,25,28,31>6,13,15,17,26,29,31,32,33,38,34,28,22
32,34,4,5,6,36,37,40,10,14,16,17,18,22,23,25,28,31>5,6,8,9,10,13,14,15,16,17,23,25,27,33,35,38,34,28,22
3,6,8,9,11,12,13,18,21,22,24,26,28,29,30,31,32,33,36,37,39,40>32,37,9,11,12,14,16,25,26,31,33,3,36,39,8,40,21,22,28,29,30
3,6,8,9,11,12,13,18,21,22,24,26,28,29,30,31,32,33,36,37,39,40>5,37,38,9,12,13,16,20,24,25,26,33,3,36,39,8,40,21,22,28,29,30
3,6,8,9,11,12,13,18,21,22,24,26,28,29,30,31,32,33,36,37,39,40>32,5,37,38,13,14,16,18,20,24,25,26,31,33,3,36,39,8,40,21,22,28,29,30
3,6,8,9,11,12,13,18,21,22,24,26,28,29,30,31,32,33,36,37,39,40>32,35,5,38,11,16,20,25,26,31,33,3,36,39,8,40,21,22,28,29,30
32,1,34,35,5,6,39,8,11,12,14,18,24,25,30,31>32,40,12,14,15,22,24,31,1,34,35,5,8,25
32,1,34,35,5,6,39,8,11,12,14,18,24,25,30,31>37,40,15,22,24,1,34,35,5,8,25
32,1,34,35,5,6,39,8,11,12,14,18,24,25,30,31>32,6,7,39,14,22,30,31,1,34,35,5,8,25
32,1,34,35,5,6,39,8,11,12,14,18,24,25,30,31>37,7,39,12,14,15,18,22,30,31,1,34,35,5,8,25
1,2,3,33,5,36,37,10,12,14,15,16,18,19,20,22,24,25,28,30>30,39,40,11,1,2,3,33,5,36,12,15,18,19,22,24,25,28
1,2,3,33,5,36,37,10,12,14,15,16,18,19,20,22,24,25,28,30>34,40,10,11,14,16,23,27,1,2,3,33,5,36,12,15,18,19,22,24,25,28
1,2,3,33,5,36,37,10,12,14,15,16,18,19,20,22,24,25,28,30>34,4,39,11,13,14,16,20,21,27,1,2,3,33,5,36,12,15,18,19,22,24,25,28
1,2,3,33,5,36,37,10,12,14,15,16,18,19,20,22,24,25,28,30>34,37,40,10,14,16,21,23,27,30,1,2,3,33,5,36,12,15,18,19,22,24,25,28
1,2,4,6,7,8,9,10,11,15,16,17,18,20,22,24,29,30,31,33,34,35,36,39,40>33,5,37,10,12,15,18,21,30,1,2,35,36,6,7,8,9,40,11,20,22,24,29
1,2,4,6,7,8,9,10,11,15,16,17,18,20,22,24,29,30,31,33,34,35,36,39,40>34,5,39,10,13,15,19,25,28,30,31,1,2,35,36,6,7,8,9,40,11,20,22,24,29
1,2,4,6,7,8,9,10,11,15,16,17,18,20,22,24,29,30,31,33,34,35,36,39,40>4,5,13,15,16,28,30,1,2,35,36,6,7,8,9,40,11,20,22,24,29
1,2,4,6,7,8,9,10,11,15,16,17,18,20,22,24,29,30,31,33,34,35,36,39,40>33,34,4,5,37,39,10,15,16,25,31,1,2,35,36,6,7,8,9,40,11,20,22,24,29
