CD45,CD8,TCRlig,TCbind,PAGCsk,LCK,Fyn,Rlk,TCRphos,ZAP70,cCbl,Itk,LAT,Gads,Slp76,PLCg_b,Grb2Sos,DAG,PLCg_a,Ras,RasGRP1,PKCth,IP3,Raf,MEK,Ca,ERK,SEK,IKK,Calcin,Rsk,Fos,JNK,IkB,CREB,Jun,CRE,AP1,NFkB,NFAT
1,3,8,9,10,11,12,15,16,17,18,19,22,24,29,31,33,34,35,38,39>10,13,15,17,20,25,31,33,34,1,3,35,11,12,18,19,22,29
1,3,8,9,10,11,12,15,16,17,18,19,22,24,29,31,33,34,35,38,39>8,10,17,20,21,23,25,28,36,38,1,3,35,11,12,18,19,22,29
1,3,8,9,10,11,12,15,16,17,18,19,22,24,29,31,33,34,35,38,39>9,10,13,15,16,17,24,25,31,34,37,39,1,3,35,11,12,18,19,22,29
1,3,8,9,10,11,12,15,16,17,18,19,22,24,29,31,33,34,35,38,39>9,15,16,20,21,31,33,36,1,3,35,11,12,18,19,22,29
2,6,7,8,10,13,14,15,17,20,23,26,27,29,30,34,36,37,38,39,40>5,6,7,37,9,12,38,39,23,29,31,2,8,40,13,14,15,17,20,26,30
2,6,7,8,10,13,14,15,17,20,23,26,27,29,30,34,36,37,38,39,40>32,5,6,7,37,9,10,11,38,39,16,27,29,31,2,8,40,13,14,15,17,20,26,30
2,6,7,8,10,13,14,15,17,20,23,26,27,29,30,34,36,37,38,39,40>32,9,12,39,16,23,24,29,2,8,40,13,14,15,17,20,26,30
2,6,7,8,10,13,14,15,17,20,23,26,27,29,30,34,36,37,38,39,40>32,34,7,37,9,11,38,23,24,29,2,8,40,13,14,15,17,20,26,30
1,4,5,7,8,10,11,12,13,14,15,16,18,24,25,27,32,34,35,36,38,39>39,17,18,19,22,31,32,1,34,5,38,7,11,12,13,14,15,16,25,27
1,4,5,7,8,10,11,12,13,14,15,16,18,24,25,27,32,34,35,36,38,39>4,37,39,10,22,32,1,34,5,38,7,11,12,13,14,15,16,25,27
1,4,5,7,8,10,11,12,13,14,15,16,18,24,25,27,32,34,35,36,38,39>35,36,37,10,17,18,19,32,1,34,5,38,7,11,12,13,14,15,16,25,27
1,4,5,7,8,10,11,12,13,14,15,16,18,24,25,27,32,34,35,36,38,39>4,36,8,18,22,24,31,32,1,34,5,38,7,11,12,13,14,15,16,25,27
1,4,5,6,7,9,10,11,14,15,16,17,18,19,22,26,29,30,31,33,34,36,39,40>6,39,8,12,16,17,19,26,28,31,1,36,5,7,40,9,11,15,18,22,29,30
1,4,5,6,7,9,10,11,14,15,16,17,18,19,22,26,29,30,31,33,34,36,39,40>33,6,12,13,14,17,21,23,28,31,1,36,5,7,40,9,11,15,18,22,29,30
1,4,5,6,7,9,10,11,14,15,16,17,18,19,22,26,29,30,31,33,34,36,39,40>33,34,6,39,8,12,13,14,19,21,26,28,1,36,5,7,40,9,11,15,18,22,29,30
1,4,5,6,7,9,10,11,14,15,16,17,18,19,22,26,29,30,31,33,34,36,39,40>34,35,39,8,10,16,19,20,23,28,31,1,36,5,7,40,9,11,15,18,22,29,30
32,2,3,34,37,8,11,13,15,17,18,20,26,27,30>5,16,22,27,31,32,2,3,34,17,20,30
32,2,3,34,37,8,11,13,15,17,18,20,26,27,30>8,40,11,13,15,22,24,27,31,32,2,3,34,17,20,30
32,2,3,34,37,8,11,13,15,17,18,20,26,27,30>5,40,11,13,14,15,16,18,24,27,32,2,3,34,17,20,30
32,2,3,34,37,8,11,13,15,17,18,20,26,27,30>37,8,11,13,14,15,16,22,24,32,2,3,34,17,20,30
2,5,37,7,8,9,10,11,39,40,16,20,21,22,23,25,28,29,31>33,7,8,22,23,24,25,26,27,31,2,5,39,9,11,20,28,29
2,5,37,7,8,9,10,11,39,40,16,20,21,22,23,25,28,29,31>33,35,8,40,13,16,21,22,24,26,2,5,39,9,11,20,28,29
2,5,37,7,8,9,10,11,39,40,16,20,21,22,23,25,28,29,31>33,35,37,7,8,16,21,24,26,2,5,39,9,11,20,28,29
2,5,37,7,8,9,10,11,39,40,16,20,21,22,23,25,28,29,31>33,35,37,7,13,16,22,25,26,31,2,5,39,9,11,20,28,29
1,2,3,4,5,7,11,18,19,20,22,23,24,27,28,31,32,34,37,38,39,40>37,38,11,19,21,25,29,32,1,2,3,34,5,7,18,22,23,24,28,31
1,2,3,4,5,7,11,18,19,20,22,23,24,27,28,31,32,34,37,38,39,40>35,38,39,40,19,20,25,27,32,1,2,3,34,5,7,18,22,23,24,28,31
1,2,3,4,5,7,11,18,19,20,22,23,24,27,28,31,32,34,37,38,39,40>35,4,37,38,19,29,32,1,2,3,34,5,7,18,22,23,24,28,31
1,2,3,4,5,7,11,18,19,20,22,23,24,27,28,31,32,34,37,38,39,40>33,35,4,37,38,39,40,21,25,26,32,1,2,3,34,5,7,18,22,23,24,28,31
33,2,3,4,5,34,37,8,9,10,11,38,14,15,17,20,25>37,8,10,38,12,17,25,27,2,3,34,11,15,20
33,2,3,4,5,34,37,8,9,10,11,38,14,15,17,20,25>33,4,36,37,9,10,38,13,17,25,2,3,34,11,15,20
33,2,3,4,5,34,37,8,9,10,11,38,14,15,17,20,25>5,36,10,38,17,25,27,2,3,34,11,15,20
33,2,3,4,5,34,37,8,9,10,11,38,14,15,17,20,25>5,37,9,12,13,17,25,2,3,34,11,15,20
32,33,34,3,4,5,6,35,37,9,39,11,40,15,19,21,23,31>33,5,6,39,15,20,21,34,35,3,37,9,23
32,33,34,3,4,5,6,35,37,9,39,11,40,15,19,21,23,31>32,33,6,36,40,11,15,18,19,21,26,34,35,3,37,9,23
32,33,34,3,4,5,6,35,37,9,39,11,40,15,19,21,23,31>32,4,6,36,8,39,11,15,21,34,35,3,37,9,23
32,33,34,3,4,5,6,35,37,9,39,11,40,15,19,21,23,31>33,36,8,39,15,18,20,21,34,35,3,37,9,23
1,3,4,5,7,12,14,15,16,17,19,20,25,27,28,29,32,34,35,36,37,38>36,12,16,18,29,32,1,3,4,5,37,7,38,15,20,27
1,3,4,5,7,12,14,15,16,17,19,20,25,27,28,29,32,34,35,36,37,38>33,35,14,16,18,28,32,1,3,4,5,37,7,38,15,20,27
1,3,4,5,7,12,14,15,16,17,19,20,25,27,28,29,32,34,35,36,37,38>36,12,18,25,29,31,32,1,3,4,5,37,7,38,15,20,27
1,3,4,5,7,12,14,15,16,17,19,20,25,27,28,29,32,34,35,36,37,38>33,35,36,9,17,19,23,24,28,29,32,1,3,4,5,37,7,38,15,20,27
32,33,3,4,36,39,40,11,12,13,18,24,26,29,30,31>4,11,16,17,18,22,24,26,31,3,36,39,40,30
32,33,3,4,36,39,40,11,12,13,18,24,26,29,30,31>33,38,12,14,16,17,22,3,36,39,40,30
32,33,3,4,36,39,40,11,12,13,18,24,26,29,30,31>35,4,12,13,16,17,18,24,26,29,3,36,39,40,30
32,33,3,4,36,39,40,11,12,13,18,24,26,29,30,31>32,35,11,12,18,26,31,3,36,39,40,30
4,6,8,9,11,13,14,15,18,19,22,23,29,30,31,32,33,34,35,39,40>32,4,37,16,26,28,35,8,9,40,14,15,18,22,23,29
4,6,8,9,11,13,14,15,18,19,22,23,29,30,31,32,33,34,35,39,40>33,4,36,6,13,17,19,28,30,31,35,8,9,40,14,15,18,22,23,29
4,6,8,9,11,13,14,15,18,19,22,23,29,30,31,32,33,34,35,39,40>32,33,6,37,39,19,21,35,8,9,40,14,15,18,22,23,29
4,6,8,9,11,13,14,15,18,19,22,23,29,30,31,32,33,34,35,39,40>32,34,4,36,37,39,16,17,19,26,35,8,9,40,14,15,18,22,23,29
33,34,4,38,7,39,9,40,13,14,15,17,20,21,27,28,30>32,4,7,16,24,27,28,31,33,34,40,9,14,15,17,20
33,34,4,38,7,39,9,40,13,14,15,17,20,21,27,28,30>4,38,13,24,28,31,33,34,40,9,14,15,17,20
33,34,4,38,7,39,9,40,13,14,15,17,20,21,27,28,30>32,4,36,7,38,13,31,33,34,40,9,14,15,17,20
33,34,4,38,7,39,9,40,13,14,15,17,20,21,27,28,30>32,5,36,39,13,16,21,24,27,33,34,40,9,14,15,17,20
32,33,34,4,36,6,7,37,9,40,13,14,20,21,22,27>8,10,13,15,17,21,24,28,29,37,38,32,34,36,9,14,20
32,33,34,4,36,6,7,37,9,40,13,14,20,21,22,27>6,7,10,16,21,22,28,29,38,40,32,34,36,9,14,20
32,33,34,4,36,6,7,37,9,40,13,14,20,21,22,27>6,7,10,21,22,24,27,31,37,38,40,32,34,36,9,14,20
32,33,34,4,36,6,7,37,9,40,13,14,20,21,22,27>5,6,7,10,21,22,28,29,37,38,32,34,36,9,14,20
1,2,3,4,8,9,11,12,13,14,15,16,18,19,20,21,22,25,27,29,30,31,37,40>35,8,11,13,17,19,23,24,28,30,1,2,3,40,14,15,16,18,20,21,22,27,29,31
1,2,3,4,8,9,11,12,13,14,15,16,18,19,20,21,22,25,27,29,30,31,37,40>32,4,7,39,12,17,19,23,24,25,28,30,1,2,3,40,14,15,16,18,20,21,22,27,29,31
1,2,3,4,8,9,11,12,13,14,15,16,18,19,20,21,22,25,27,29,30,31,37,40>25,28,4,37,1,2,3,40,14,15,16,18,20,21,22,27,29,31
1,2,3,4,8,9,11,12,13,14,15,16,18,19,20,21,22,25,27,29,30,31,37,40>32,4,6,39,12,19,23,24,1,2,3,40,14,15,16,18,20,21,22,27,29,31
32,2,37,7,39,9,40,11,15,16,18,19,20,23,24,25,26,27,28,31>15,16,37,30,32,2,39,9,18,23,24,25,26,27,31
32,2,37,7,39,9,40,11,15,16,18,19,20,23,24,25,26,27,28,31>33,34,35,5,37,7,40,11,19,32,2,39,9,18,23,24,25,26,27,31
32,2,37,7,39,9,40,11,15,16,18,19,20,23,24,25,26,27,28,31>33,34,35,7,15,16,19,20,22,32,2,39,9,18,23,24,25,26,27,31
32,2,37,7,39,9,40,11,15,16,18,19,20,23,24,25,26,27,28,31>33,34,35,5,40,15,19,20,22,28,32,2,39,9,18,23,24,25,26,27,31
32,1,2,5,37,7,38,39,10,11,12,14,19,22,24,30,31>7,12,13,14,15,23,25,32,35,37,1,2,5,39,11
32,1,2,5,37,7,38,39,10,11,12,14,19,22,24,30,31>7,9,10,14,15,19,24,29,31,34,40,1,2,5,39,11
32,1,2,5,37,7,38,39,10,11,12,14,19,22,24,30,31>7,9,10,13,14,15,19,24,29,34,35,38,40,1,2,5,39,11
32,1,2,5,37,7,38,39,10,11,12,14,19,22,24,30,31>7,9,10,12,19,23,25,28,29,30,31,32,34,38,1,2,5,39,11
2,3,6,8,9,11,12,13,16,17,18,19,20,21,24,26,27,28,29,30,33,35,37,38,39>6,9,14,22,23,26,27,28,32,35,36,33,2,3,37,39,8,16,17,18,20,24,30
2,3,6,8,9,11,12,13,16,17,18,19,20,21,24,26,27,28,29,30,33,35,37,38,39>6,11,12,22,29,31,32,35,36,40,33,2,3,37,39,8,16,17,18,20,24,30
2,3,6,8,9,11,12,13,16,17,18,19,20,21,24,26,27,28,29,30,33,35,37,38,39>9,11,12,21,22,23,25,27,29,32,36,38,33,2,3,37,39,8,16,17,18,20,24,30
2,3,6,8,9,11,12,13,16,17,18,19,20,21,24,26,27,28,29,30,33,35,37,38,39>6,9,11,21,22,26,29,36,38,40,33,2,3,37,39,8,16,17,18,20,24,30
32,2,34,36,5,7,8,9,10,39,12,40,17,22,24,31>32,29,31,17,9,2,34,5
32,2,34,36,5,7,8,9,10,39,12,40,17,22,24,31>35,8,10,11,13,22,25,28,31,9,2,34,5
32,2,34,36,5,7,8,9,10,39,12,40,17,22,24,31>35,36,38,10,24,29,31,9,2,34,5
32,2,34,36,5,7,8,9,10,39,12,40,17,22,24,31>35,36,7,8,39,12,40,29,9,2,34,5
1,2,3,5,6,9,12,14,15,16,17,20,21,24,26,27,29,30,31,36,38,39,40>35,4,36,6,7,8,10,38,12,17,27,29,1,2,3,5,39,40,15,20,24,30,31
1,2,3,5,6,9,12,14,15,16,17,20,21,24,26,27,29,30,31,36,38,39,40>35,36,16,26,29,1,2,3,5,39,40,15,20,24,30,31
1,2,3,5,6,9,12,14,15,16,17,20,21,24,26,27,29,30,31,36,38,39,40>4,7,10,38,14,16,17,21,25,26,1,2,3,5,39,40,15,20,24,30,31
1,2,3,5,6,9,12,14,15,16,17,20,21,24,26,27,29,30,31,36,38,39,40>35,4,6,8,38,14,16,25,29,1,2,3,5,39,40,15,20,24,30,31
