CD45,CD8,TCRlig,TCbind,PAGCsk,LCK,Fyn,Rlk,TCRphos,ZAP70,cCbl,Itk,LAT,Gads,Slp76,PLCg_b,Grb2Sos,DAG,PLCg_a,Ras,RasGRP1,PKCth,IP3,Raf,MEK,Ca,ERK,SEK,IKK,Calcin,Rsk,Fos,JNK,IkB,CREB,Jun,CRE,AP1,NFkB,NFAT
33,3,4,5,6,7,9,10,11,12,15,19,20,22,24,26,27>8,13,15,18,19,22,23,27,29,30,31,32,33,34,36,3,5,9,11,12,24
33,3,4,5,6,7,9,10,11,12,15,19,20,22,24,26,27>6,8,13,19,20,25,26,30,31,33,36,39,3,5,9,11,12,24
33,3,4,5,6,7,9,10,11,12,15,19,20,22,24,26,27>4,7,8,10,13,15,19,25,26,27,31,3,5,9,11,12,24
33,3,4,5,6,7,9,10,11,12,15,19,20,22,24,26,27>4,6,7,8,10,13,18,25,27,28,30,31,32,33,34,39,3,5,9,11,12,24
1,3,5,11,12,13,15,16,18,19,21,22,23,26,27,28,29,30,32,38,39>33,12,13,14,20,31,32,1,3,5,39,16,18,21,22,23,26,28,29,30
1,3,5,11,12,13,15,16,18,19,21,22,23,26,27,28,29,30,32,38,39>38,11,14,15,17,19,20,27,32,1,3,5,39,16,18,21,22,23,26,28,29,30
1,3,5,11,12,13,15,16,18,19,21,22,23,26,27,28,29,30,32,38,39>33,38,11,13,17,19,20,32,1,3,5,39,16,18,21,22,23,26,28,29,30
1,3,5,11,12,13,15,16,18,19,21,22,23,26,27,28,29,30,32,38,39>33,38,40,14,15,19,20,27,32,1,3,5,39,16,18,21,22,23,26,28,29,30
1,2,33,4,6,7,38,40,10,15,19,21,22,24,25>4,12,15,18,19,20,22,24,27,33,39,40,1,2,6,7,25
1,2,33,4,6,7,38,40,10,15,19,21,22,24,25>8,9,13,18,19,24,33,39,1,2,6,7,25
1,2,33,4,6,7,38,40,10,15,19,21,22,24,25>4,15,18,19,20,21,22,24,29,34,36,39,40,1,2,6,7,25
1,2,33,4,6,7,38,40,10,15,19,21,22,24,25>4,5,8,11,13,15,18,21,27,29,36,38,39,40,1,2,6,7,25
32,1,2,3,33,35,6,36,37,40,11,15,16,18,20,22,26,28,29,31>32,38,7,39,40,11,15,18,24,1,2,3,35,33,6,36,37,22,28,29
32,1,2,3,33,35,6,36,37,40,11,15,16,18,20,22,26,28,29,31>32,5,39,15,24,30,31,1,2,3,35,33,6,36,37,22,28,29
32,1,2,3,33,35,6,36,37,40,11,15,16,18,20,22,26,28,29,31>38,7,8,20,24,26,30,1,2,3,35,33,6,36,37,22,28,29
32,1,2,3,33,35,6,36,37,40,11,15,16,18,20,22,26,28,29,31>32,38,7,39,11,18,21,26,1,2,3,35,33,6,36,37,22,28,29
32,1,4,7,39,40,10,12,14,15,20,24,25,28,30,31>5,10,14,27,30,31,1,39,40,7,12,15,24,25
32,1,4,7,39,40,10,12,14,15,20,24,25,28,30,31>32,33,35,9,10,20,27,28,30,31,1,39,40,7,12,15,24,25
32,1,4,7,39,40,10,12,14,15,20,24,25,28,30,31>34,35,4,10,11,13,14,20,30,31,1,39,40,7,12,15,24,25
32,1,4,7,39,40,10,12,14,15,20,24,25,28,30,31>33,34,35,4,9,11,13,20,28,31,1,39,40,7,12,15,24,25
2,3,34,35,36,8,9,11,14,15,17,18,20,21,24,26,28,29,30,31>33,9,40,11,21,26,28,31,2,35,3,15,20,24,30
2,3,34,35,36,8,9,11,14,15,17,18,20,21,24,26,28,29,30,31>34,37,40,11,17,18,22,25,29,2,35,3,15,20,24,30
2,3,34,35,36,8,9,11,14,15,17,18,20,21,24,26,28,29,30,31>33,34,5,8,9,40,18,26,28,2,35,3,15,20,24,30
2,3,34,35,36,8,9,11,14,15,17,18,20,21,24,26,28,29,30,31>33,34,36,37,14,22,25,28,29,31,2,35,3,15,20,24,30
2,34,4,5,35,37,8,9,10,11,38,39,14,16,17,18,19,22,26,29>5,9,13,15,19,20,21,30,34,35,38,39,2,37,11,18,22,29
2,34,4,5,35,37,8,9,10,11,38,39,14,16,17,18,19,22,26,29>4,5,13,15,16,20,28,34,38,2,37,11,18,22,29
2,34,4,5,35,37,8,9,10,11,38,39,14,16,17,18,19,22,26,29>5,9,10,13,14,16,17,19,23,26,28,38,39,2,37,11,18,22,29
2,34,4,5,35,37,8,9,10,11,38,39,14,16,17,18,19,22,26,29>4,5,8,9,10,13,19,21,23,26,35,38,2,37,11,18,22,29
1,34,5,37,7,39,40,10,17,19,20,26,27,28>39,11,40,13,18,19,24,27,1,34,20,5
1,34,5,37,7,39,40,10,17,19,20,26,27,28>32,7,39,9,10,11,13,24,27,28,30,31,1,34,20,5
1,34,5,37,7,39,40,10,17,19,20,26,27,28>9,17,18,19,23,24,26,27,28,1,34,20,5
1,34,5,37,7,39,40,10,17,19,20,26,27,28>32,33,7,39,9,10,11,17,24,26,31,1,34,20,5
2,34,36,5,6,39,8,12,13,15,16,17,18,19,21,24,25,26,31>14,15,20,26,31,2,34,5,8,16,17,18,25
2,34,36,5,6,39,8,12,13,15,16,17,18,19,21,24,25,26,31>35,6,19,22,23,30,31,2,34,5,8,16,17,18,25
2,34,36,5,6,39,8,12,13,15,16,17,18,19,21,24,25,26,31>36,12,13,24,26,27,30,2,34,5,8,16,17,18,25
2,34,36,5,6,39,8,12,13,15,16,17,18,19,21,24,25,26,31>35,6,13,14,19,22,23,24,26,30,2,34,5,8,16,17,18,25
1,34,4,36,37,8,40,10,11,12,15,16,21,22,23,27,29,31>8,10,13,15,19,22,26,27,32,34,35,36,1,11,12,29,31
1,34,4,36,37,8,40,10,11,12,15,16,21,22,23,27,29,31>4,8,10,13,20,22,23,26,27,34,35,37,1,11,12,29,31
1,34,4,36,37,8,40,10,11,12,15,16,21,22,23,27,29,31>7,8,10,13,16,20,21,23,27,32,34,36,40,1,11,12,29,31
1,34,4,36,37,8,40,10,11,12,15,16,21,22,23,27,29,31>4,7,8,13,15,19,20,21,23,26,27,28,32,36,37,1,11,12,29,31
33,2,3,4,34,35,7,36,9,39,11,13,16,17,20,27,28,30,31>11,13,24,28,30,33,2,3,34,35,36,9,16,17,20,31
33,2,3,4,34,35,7,36,9,39,11,13,16,17,20,27,28,30,31>32,7,13,40,33,2,3,34,35,36,9,16,17,20,31
33,2,3,4,34,35,7,36,9,39,11,13,16,17,20,27,28,30,31>4,37,7,39,11,13,14,24,27,28,33,2,3,34,35,36,9,16,17,20,31
33,2,3,4,34,35,7,36,9,39,11,13,16,17,20,27,28,30,31>32,4,5,7,39,13,30,33,2,3,34,35,36,9,16,17,20,31
1,2,3,6,8,10,11,13,15,16,17,18,20,21,23,24,25,26,31,32,39>32,10,12,14,15,18,22,27,30,1,2,3,6,39,8,11,13,16,17,20,24,25,26
1,2,3,6,8,10,11,13,15,16,17,18,20,21,23,24,25,26,31,32,39>34,14,15,22,27,30,1,2,3,6,39,8,11,13,16,17,20,24,25,26
1,2,3,6,8,10,11,13,15,16,17,18,20,21,23,24,25,26,31,32,39>32,34,7,10,18,19,22,27,31,1,2,3,6,39,8,11,13,16,17,20,24,25,26
1,2,3,6,8,10,11,13,15,16,17,18,20,21,23,24,25,26,31,32,39>34,35,12,21,31,1,2,3,6,39,8,11,13,16,17,20,24,25,26
1,5,6,7,8,9,10,13,14,18,19,20,24,27,29,31,32,35,37,38,39,40>6,38,11,15,16,19,20,22,23,25,27,32,1,35,5,37,7,8,9,10,39,13,14,18,24,31
1,5,6,7,8,9,10,13,14,18,19,20,24,27,29,31,32,35,37,38,39,40>6,40,15,17,19,20,25,27,29,32,1,35,5,37,7,8,9,10,39,13,14,18,24,31
1,5,6,7,8,9,10,13,14,18,19,20,24,27,29,31,32,35,37,38,39,40>38,40,11,15,17,23,25,29,32,1,35,5,37,7,8,9,10,39,13,14,18,24,31
1,5,6,7,8,9,10,13,14,18,19,20,24,27,29,31,32,35,37,38,39,40>6,38,40,15,20,25,29,32,1,35,5,37,7,8,9,10,39,13,14,18,24,31
1,2,5,7,8,9,12,15,17,18,22,24,26,27,29,30,32,33,34,39,40>34,39,17,18,24,26,27,28,32,1,2,5,40,9,22,29,30
1,2,5,7,8,9,12,15,17,18,22,24,26,27,29,30,32,33,34,39,40>36,7,39,12,18,21,26,27,32,1,2,5,40,9,22,29,30
1,2,5,7,8,9,12,15,17,18,22,24,26,27,29,30,32,33,34,39,40>34,36,39,12,18,20,24,26,27,28,31,32,1,2,5,40,9,22,29,30
1,2,5,7,8,9,12,15,17,18,22,24,26,27,29,30,32,33,34,39,40>33,34,36,8,39,12,20,21,25,28,32,1,2,5,40,9,22,29,30
1,2,7,8,9,10,11,14,15,17,18,19,24,27,29,30,31,35,36,37,38,39,40>8,12,17,19,23,25,30,1,2,35,37,39,40,9,11,15,18,31
1,2,7,8,9,10,11,14,15,17,18,19,24,27,29,30,31,35,36,37,38,39,40>5,6,7,10,12,13,14,19,20,22,23,25,27,30,32,36,1,2,35,37,39,40,9,11,15,18,31
1,2,7,8,9,10,11,14,15,17,18,19,24,27,29,30,31,35,36,37,38,39,40>5,7,10,12,23,24,29,30,36,1,2,35,37,39,40,9,11,15,18,31
1,2,7,8,9,10,11,14,15,17,18,19,24,27,29,30,31,35,36,37,38,39,40>5,6,7,10,14,19,20,23,24,27,30,32,36,38,1,2,35,37,39,40,9,11,15,18,31
5,6,7,10,12,13,17,22,23,25,27,28,29,30,31,32,33,34,36,38,39>8,11,39,14,16,20,22,25,32,33,36,5,38,13,17,27,28,29,31
5,6,7,10,12,13,17,22,23,25,27,28,29,30,31,32,33,34,36,38,39>35,8,9,10,39,40,22,26,30,32,33,36,5,38,13,17,27,28,29,31
5,6,7,10,12,13,17,22,23,25,27,28,29,30,31,32,33,34,36,38,39>35,6,8,10,11,12,39,16,20,22,23,25,32,33,36,5,38,13,17,27,28,29,31
5,6,7,10,12,13,17,22,23,25,27,28,29,30,31,32,33,34,36,38,39>35,6,7,8,39,14,20,22,23,32,33,36,5,38,13,17,27,28,29,31
3,5,6,9,10,13,14,15,17,20,21,22,24,26,28,29,30,32,33,34,35,38>32,6,37,8,11,12,40,26,33,3,5,10,13,14,15,17,20,24,28,29,30
3,5,6,9,10,13,14,15,17,20,21,22,24,26,28,29,30,32,33,34,35,38>34,4,36,6,9,40,22,26,33,3,5,10,13,14,15,17,20,24,28,29,30
3,5,6,9,10,13,14,15,17,20,21,22,24,26,28,29,30,32,33,34,35,38>32,34,37,8,12,40,16,33,3,5,10,13,14,15,17,20,24,28,29,30
3,5,6,9,10,13,14,15,17,20,21,22,24,26,28,29,30,32,33,34,35,38>32,35,4,6,9,38,11,12,16,21,26,33,3,5,10,13,14,15,17,20,24,28,29,30
2,4,6,7,8,9,10,12,13,14,16,18,20,22,23,24,25,29,33,35,38>5,11,15,17,23,27,28,35,37,2,8,9,10,13,14,16,22,24,25,29
2,4,6,7,8,9,10,12,13,14,16,18,20,22,23,24,25,29,33,35,38>5,7,12,20,21,23,33,35,36,38,2,8,9,10,13,14,16,22,24,25,29
2,4,6,7,8,9,10,12,13,14,16,18,20,22,23,24,25,29,33,35,38>6,7,15,17,21,23,26,36,37,39,2,8,9,10,13,14,16,22,24,25,29
2,4,6,7,8,9,10,12,13,14,16,18,20,22,23,24,25,29,33,35,38>5,6,11,15,21,26,38,2,8,9,10,13,14,16,22,24,25,29
1,2,3,7,10,11,12,14,16,18,19,20,21,27,28,30,31,33,34,35,36,38,39>9,10,13,14,15,23,28,32,37,39,1,2,3,34,33,35,36,11,18,20,31
1,2,3,7,10,11,12,14,16,18,19,20,21,27,28,30,31,33,34,35,36,38,39>7,9,16,24,27,28,30,37,40,1,2,3,34,33,35,36,11,18,20,31
1,2,3,7,10,11,12,14,16,18,19,20,21,27,28,30,31,33,34,35,36,38,39>5,7,14,15,19,21,23,24,27,38,40,1,2,3,34,33,35,36,11,18,20,31
1,2,3,7,10,11,12,14,16,18,19,20,21,27,28,30,31,33,34,35,36,38,39>6,7,10,14,15,21,22,23,24,28,32,37,38,39,40,1,2,3,34,33,35,36,11,18,20,31
3,6,7,10,11,12,13,16,17,19,20,21,23,26,28,30,31,32,33,34,37,39>35,36,7,10,37,39,40,18,24,31,33,34,3,11,13,16,17,20,23,26,30
3,6,7,10,11,12,13,16,17,19,20,21,23,26,28,30,31,32,33,34,37,39>32,35,5,9,12,39,19,24,31,33,34,3,11,13,16,17,20,23,26,30
3,6,7,10,11,12,13,16,17,19,20,21,23,26,28,30,31,32,33,34,37,39>36,5,14,19,21,24,33,34,3,11,13,16,17,20,23,26,30
3,6,7,10,11,12,13,16,17,19,20,21,23,26,28,30,31,32,33,34,37,39>35,36,7,8,10,12,39,18,19,31,33,34,3,11,13,16,17,20,23,26,30
