CD45,CD8,TCRlig,TCbind,PAGCsk,LCK,Fyn,Rlk,TCRphos,ZAP70,cCbl,Itk,LAT,Gads,Slp76,PLCg_b,Grb2Sos,DAG,PLCg_a,Ras,RasGRP1,PKCth,IP3,Raf,MEK,Ca,ERK,SEK,IKK,Calcin,Rsk,Fos,JNK,IkB,CREB,Jun,CRE,AP1,NFkB,NFAT
32,33,35,4,5,6,36,8,9,10,37,38,14,15,19,22,23,25,29,30>32,33,39,40,12,13,18,25,27,36,37,38,8,9,10,15,23,29
32,33,35,4,5,6,36,8,9,10,37,38,14,15,19,22,23,25,29,30>33,35,39,40,11,13,14,18,19,25,26,28,30,36,37,38,8,9,10,15,23,29
32,33,35,4,5,6,36,8,9,10,37,38,14,15,19,22,23,25,29,30>33,4,6,39,40,13,14,19,25,26,27,28,30,36,37,38,8,9,10,15,23,29
32,33,35,4,5,6,36,8,9,10,37,38,14,15,19,22,23,25,29,30>32,33,5,6,39,40,11,19,26,30,36,37,38,8,9,10,15,23,29
32,33,35,4,5,6,36,8,9,10,37,38,14,15,19,22,23,25,29,30>33,4,5,39,12,13,14,18,25,26,27,30,36,37,38,8,9,10,15,23,29
32,33,35,4,5,6,36,8,9,10,37,38,14,15,19,22,23,25,29,30>33,4,5,6,11,13,14,19,25,36,37,38,8,9,10,15,23,29
1,3,5,7,8,12,14,15,16,17,19,21,22,23,25,26,27,28,33,35,36>7,18,19,20,22,25,31,32,35,1,33,3,36,5,15,23,26,27,28
1,3,5,7,8,12,14,15,16,17,19,21,22,23,25,26,27,28,33,35,36>4,7,9,16,18,19,22,25,30,31,34,35,39,1,33,3,36,5,15,23,26,27,28
1,3,5,7,8,12,14,15,16,17,19,21,22,23,25,26,27,28,33,35,36>4,8,9,14,18,20,21,22,29,37,39,1,33,3,36,5,15,23,26,27,28
1,3,5,7,8,12,14,15,16,17,19,21,22,23,25,26,27,28,33,35,36>8,12,16,17,18,22,32,34,37,39,1,33,3,36,5,15,23,26,27,28
1,3,5,7,8,12,14,15,16,17,19,21,22,23,25,26,27,28,33,35,36>4,7,8,12,16,21,25,29,30,31,35,37,1,33,3,36,5,15,23,26,27,28
1,3,5,7,8,12,14,15,16,17,19,21,22,23,25,26,27,28,33,35,36>7,9,12,14,17,18,20,25,29,30,31,32,35,37,1,33,3,36,5,15,23,26,27,28
1,2,3,35,36,37,13,24,25,27,30,31>32,34,4,36,40,14,24,30,1,2,3,35,37,25,27,31
1,2,3,35,36,37,13,24,25,27,30,31>4,5,36,39,13,16,17,1,2,3,35,37,25,27,31
1,2,3,35,36,37,13,24,25,27,30,31>4,6,36,39,40,14,17,1,2,3,35,37,25,27,31
1,2,3,35,36,37,13,24,25,27,30,31>32,4,6,40,17,30,1,2,3,35,37,25,27,31
1,2,3,35,36,37,13,24,25,27,30,31>34,4,6,40,14,24,30,1,2,3,35,37,25,27,31
1,2,3,35,36,37,13,24,25,27,30,31>34,4,5,6,36,39,40,16,17,1,2,3,35,37,25,27,31
1,33,3,34,36,38,7,10,11,13,14,15,20,21,22,24,27,28,29,30>32,40,9,16,25,27,31,1,33,3,36,11,13,14,15,20,24,28,29
1,33,3,34,36,38,7,10,11,13,14,15,20,21,22,24,27,28,29,30>32,40,9,10,12,17,25,30,1,33,3,36,11,13,14,15,20,24,28,29
1,33,3,34,36,38,7,10,11,13,14,15,20,21,22,24,27,28,29,30>32,5,40,12,16,17,21,22,30,1,33,3,36,11,13,14,15,20,24,28,29
1,33,3,34,36,38,7,10,11,13,14,15,20,21,22,24,27,28,29,30>5,38,40,12,16,17,21,30,31,1,33,3,36,11,13,14,15,20,24,28,29
1,33,3,34,36,38,7,10,11,13,14,15,20,21,22,24,27,28,29,30>32,34,5,7,40,9,10,12,17,21,25,31,1,33,3,36,11,13,14,15,20,24,28,29
1,33,3,34,36,38,7,10,11,13,14,15,20,21,22,24,27,28,29,30>34,5,38,7,40,16,21,22,27,1,33,3,36,11,13,14,15,20,24,28,29
32,1,2,34,4,35,6,37,10,11,12,13,16,18,22,23,28,31>32,33,10,14,17,18,21,23,26,29,1,2,35,34,37,6,11,13,16,22,28
32,1,2,34,4,35,6,37,10,11,12,13,16,18,22,23,28,31>32,18,7,29,1,2,35,34,37,6,11,13,16,22,28
32,1,2,34,4,35,6,37,10,11,12,13,16,18,22,23,28,31>32,33,7,10,12,23,1,2,35,34,37,6,11,13,16,22,28
32,1,2,34,4,35,6,37,10,11,12,13,16,18,22,23,28,31>33,4,7,9,10,12,17,21,29,1,2,35,34,37,6,11,13,16,22,28
32,1,2,34,4,35,6,37,10,11,12,13,16,18,22,23,28,31>32,8,10,12,17,26,31,1,2,35,34,37,6,11,13,16,22,28
32,1,2,34,4,35,6,37,10,11,12,13,16,18,22,23,28,31>32,33,4,8,10,12,14,21,26,29,31,1,2,35,34,37,6,11,13,16,22,28
32,33,2,34,5,6,39,8,11,13,15,16,17,22,24,28,30,31>32,35,13,14,20,25,29,30,31,33,2,34,5,8,16,17,28
32,33,2,34,5,6,39,8,11,13,15,16,17,22,24,28,30,31>36,40,20,22,24,25,29,31,33,2,34,5,8,16,17,28
32,33,2,34,5,6,39,8,11,13,15,16,17,22,24,28,30,31>35,6,40,13,14,24,31,33,2,34,5,8,16,17,28
32,33,2,34,5,6,39,8,11,13,15,16,17,22,24,28,30,31>32,35,6,40,15,25,30,33,2,34,5,8,16,17,28
32,33,2,34,5,6,39,8,11,13,15,16,17,22,24,28,30,31>32,36,39,11,13,14,20,22,24,31,33,2,34,5,8,16,17,28
32,33,2,34,5,6,39,8,11,13,15,16,17,22,24,28,30,31>32,35,36,6,39,11,22,24,29,30,33,2,34,5,8,16,17,28
33,2,34,4,35,36,8,10,11,13,16,19,23,25,26,29>33,34,10,17,19,27,29,2,36,11,13,16,23,26
33,2,34,4,35,36,8,10,11,13,16,19,23,25,26,29>34,4,8,18,19,25,27,29,30,2,36,11,13,16,23,26
33,2,34,4,35,36,8,10,11,13,16,19,23,25,26,29>33,35,37,10,18,25,27,2,36,11,13,16,23,26
33,2,34,4,35,36,8,10,11,13,16,19,23,25,26,29>33,34,4,37,18,27,29,2,36,11,13,16,23,26
33,2,34,4,35,36,8,10,11,13,16,19,23,25,26,29>35,4,37,8,14,17,19,25,27,29,2,36,11,13,16,23,26
33,2,34,4,35,36,8,10,11,13,16,19,23,25,26,29>33,34,35,4,37,8,14,17,18,25,29,2,36,11,13,16,23,26
2,4,5,6,7,8,9,10,11,12,14,19,21,22,23,25,28,29,30,33,34,35,36,38,39>7,13,14,18,19,22,25,26,27,35,39,33,2,36,5,8,9,11,23,28,29
2,4,5,6,7,8,9,10,11,12,14,19,21,22,23,25,28,29,30,33,34,35,36,38,39>4,10,19,20,22,25,27,30,35,38,39,33,2,36,5,8,9,11,23,28,29
2,4,5,6,7,8,9,10,11,12,14,19,21,22,23,25,28,29,30,33,34,35,36,38,39>4,7,10,14,15,25,30,34,38,39,33,2,36,5,8,9,11,23,28,29
2,4,5,6,7,8,9,10,11,12,14,19,21,22,23,25,28,29,30,33,34,35,36,38,39>4,6,12,13,14,19,22,30,34,39,40,33,2,36,5,8,9,11,23,28,29
2,4,5,6,7,8,9,10,11,12,14,19,21,22,23,25,28,29,30,33,34,35,36,38,39>4,10,12,13,18,19,22,25,26,34,38,33,2,36,5,8,9,11,23,28,29
2,4,5,6,7,8,9,10,11,12,14,19,21,22,23,25,28,29,30,33,34,35,36,38,39>4,10,12,19,20,22,25,26,34,38,40,33,2,36,5,8,9,11,23,28,29
32,1,2,3,4,34,35,37,38,9,40,12,13,18,23,25,27,30>35,12,14,18,22,25,31,32,1,2,3,4,34,37,40,27
32,1,2,3,4,34,35,37,38,9,40,12,13,18,23,25,27,30>6,12,13,14,17,18,22,23,26,31,32,1,2,3,4,34,37,40,27
32,1,2,3,4,34,35,37,38,9,40,12,13,18,23,25,27,30>35,6,12,14,17,25,30,31,32,1,2,3,4,34,37,40,27
32,1,2,3,4,34,35,37,38,9,40,12,13,18,23,25,27,30>35,38,12,14,17,18,22,23,25,32,1,2,3,4,34,37,40,27
32,1,2,3,4,34,35,37,38,9,40,12,13,18,23,25,27,30>7,9,13,16,17,18,22,26,31,32,1,2,3,4,34,37,40,27
32,1,2,3,4,34,35,37,38,9,40,12,13,18,23,25,27,30>6,7,9,14,22,23,26,31,32,1,2,3,4,34,37,40,27
1,4,5,7,8,9,10,11,13,17,19,20,21,22,23,24,25,26,27,29,33,34,38,40>33,38,8,40,14,22,28,31,1,5,7,9,11,13,17,20,23,24,25,26,27,29
1,4,5,7,8,9,10,11,13,17,19,20,21,22,23,24,25,26,27,29,33,34,38,40>34,38,8,10,14,18,22,28,1,5,7,9,11,13,17,20,23,24,25,26,27,29
1,4,5,7,8,9,10,11,13,17,19,20,21,22,23,24,25,26,27,29,33,34,38,40>32,33,34,8,10,16,18,19,28,31,1,5,7,9,11,13,17,20,23,24,25,26,27,29
1,4,5,7,8,9,10,11,13,17,19,20,21,22,23,24,25,26,27,29,33,34,38,40>32,33,34,8,40,10,14,16,18,21,28,30,31,1,5,7,9,11,13,17,20,23,24,25,26,27,29
1,4,5,7,8,9,10,11,13,17,19,20,21,22,23,24,25,26,27,29,33,34,38,40>34,4,38,40,14,18,19,22,28,30,31,1,5,7,9,11,13,17,20,23,24,25,26,27,29
1,4,5,7,8,9,10,11,13,17,19,20,21,22,23,24,25,26,27,29,33,34,38,40>33,34,4,36,40,10,19,22,31,1,5,7,9,11,13,17,20,23,24,25,26,27,29
2,3,5,7,8,9,11,12,13,14,15,18,19,20,22,23,24,32,33,34,40>33,36,12,13,16,20,21,25,26,2,3,34,5,9,14,15,18,22,23,24
2,3,5,7,8,9,11,12,13,14,15,18,19,20,22,23,24,32,33,34,40>32,33,7,40,13,17,19,20,28,2,3,34,5,9,14,15,18,22,23,24
2,3,5,7,8,9,11,12,13,14,15,18,19,20,22,23,24,32,33,34,40>32,33,36,7,13,16,19,20,21,28,29,2,3,34,5,9,14,15,18,22,23,24
2,3,5,7,8,9,11,12,13,14,15,18,19,20,22,23,24,32,33,34,40>32,33,36,8,12,13,16,17,19,20,2,3,34,5,9,14,15,18,22,23,24
2,3,5,7,8,9,11,12,13,14,15,18,19,20,22,23,24,32,33,34,40>32,33,7,8,12,20,25,26,2,3,34,5,9,14,15,18,22,23,24
2,3,5,7,8,9,11,12,13,14,15,18,19,20,22,23,24,32,33,34,40>33,36,7,8,11,13,17,20,21,25,26,2,3,34,5,9,14,15,18,22,23,24
1,2,3,6,8,9,10,11,13,17,18,22,24,25,28,30,31,34,36,37,39,40>7,9,10,20,31,1,2,3,34,6,8,40,11,13,17,22,25,28
1,2,3,6,8,9,10,11,13,17,18,22,24,25,28,30,31,34,36,37,39,40>33,35,9,16,27,29,31,1,2,3,34,6,8,40,11,13,17,22,25,28
1,2,3,6,8,9,10,11,13,17,18,22,24,25,28,30,31,34,36,37,39,40>35,5,7,14,18,20,29,30,31,1,2,3,34,6,8,40,11,13,17,22,25,28
1,2,3,6,8,9,10,11,13,17,18,22,24,25,28,30,31,34,36,37,39,40>33,35,5,7,16,21,29,30,31,1,2,3,34,6,8,40,11,13,17,22,25,28
1,2,3,6,8,9,10,11,13,17,18,22,24,25,28,30,31,34,36,37,39,40>33,35,37,9,18,20,29,30,31,1,2,3,34,6,8,40,11,13,17,22,25,28
1,2,3,6,8,9,10,11,13,17,18,22,24,25,28,30,31,34,36,37,39,40>33,36,5,37,7,39,10,18,27,1,2,3,34,6,8,40,11,13,17,22,25,28
3,4,5,7,8,9,11,12,13,14,16,17,19,22,24,25,26,29,30,31,32,33,40>13,15,18,22,27,31,32,39,3,5,40,9,14,16,17,25,29,30
3,4,5,7,8,9,11,12,13,14,16,17,19,22,24,25,26,29,30,31,32,33,40>7,8,15,18,19,20,22,24,27,33,39,3,5,40,9,14,16,17,25,29,30
3,4,5,7,8,9,11,12,13,14,16,17,19,22,24,25,26,29,30,31,32,33,40>11,13,18,20,22,24,26,32,33,35,36,39,3,5,40,9,14,16,17,25,29,30
3,4,5,7,8,9,11,12,13,14,16,17,19,22,24,25,26,29,30,31,32,33,40>7,11,18,22,23,24,26,33,35,36,39,3,5,40,9,14,16,17,25,29,30
3,4,5,7,8,9,11,12,13,14,16,17,19,22,24,25,26,29,30,31,32,33,40>4,8,12,13,15,20,22,23,24,27,35,3,5,40,9,14,16,17,25,29,30
3,4,5,7,8,9,11,12,13,14,16,17,19,22,24,25,26,29,30,31,32,33,40>4,7,8,12,19,23,24,31,35,36,39,3,5,40,9,14,16,17,25,29,30
2,3,6,7,8,9,10,11,14,16,21,22,23,24,25,30,31,32,33,36,37,39,40>5,10,15,20,21,23,24,33,35,2,3,36,39,8,9,40,11,25
2,3,6,7,8,9,10,11,14,16,21,22,23,24,25,30,31,32,33,36,37,39,40>5,6,13,14,20,21,22,23,24,26,27,29,30,31,32,34,35,37,38,2,3,36,39,8,9,40,11,25
2,3,6,7,8,9,10,11,14,16,21,22,23,24,25,30,31,32,33,36,37,39,40>5,6,13,14,16,27,32,33,35,2,3,36,39,8,9,40,11,25
2,3,6,7,8,9,10,11,14,16,21,22,23,24,25,30,31,32,33,36,37,39,40>6,7,13,14,15,21,22,26,31,35,37,2,3,36,39,8,9,40,11,25
2,3,6,7,8,9,10,11,14,16,21,22,23,24,25,30,31,32,33,36,37,39,40>7,10,13,15,20,21,24,26,29,30,31,33,34,35,38,2,3,36,39,8,9,40,11,25
2,3,6,7,8,9,10,11,14,16,21,22,23,24,25,30,31,32,33,36,37,39,40>5,7,10,13,30,31,32,33,34,35,2,3,36,39,8,9,40,11,25
32,1,33,3,38,7,40,9,10,11,16,20,21,22,23,26,28,30,31>36,38,7,39,13,22,24,29,1,33,3,40,9,11,20,26,28,30
32,1,33,3,38,7,40,9,10,11,16,20,21,22,23,26,28,30,31>32,35,36,7,39,10,13,16,21,22,23,31,1,33,3,40,9,11,20,26,28,30
32,1,33,3,38,7,40,9,10,11,16,20,21,22,23,26,28,30,31>5,38,7,13,16,21,23,29,31,1,33,3,40,9,11,20,26,28,30
32,1,33,3,38,7,40,9,10,11,16,20,21,22,23,26,28,30,31>34,5,21,23,24,29,1,33,3,40,9,11,20,26,28,30
32,1,33,3,38,7,40,9,10,11,16,20,21,22,23,26,28,30,31>35,5,7,39,13,16,21,22,24,1,33,3,40,9,11,20,26,28,30
32,1,33,3,38,7,40,9,10,11,16,20,21,22,23,26,28,30,31>32,34,36,5,7,10,22,23,1,33,3,40,9,11,20,26,28,30
4,5,7,10,12,16,17,18,19,21,22,23,26,27,28,30,31,32,33,34,36,37,38,39,40>35,4,10,13,16,19,27,32,33,34,36,5,38,40,18,21,22,23,26,28,30,31
4,5,7,10,12,16,17,18,19,21,22,23,26,27,28,30,31,32,33,34,36,37,38,39,40>39,9,10,11,13,16,17,27,29,32,33,34,36,5,38,40,18,21,22,23,26,28,30,31
4,5,7,10,12,16,17,18,19,21,22,23,26,27,28,30,31,32,33,34,36,37,38,39,40>7,39,9,10,11,12,16,17,20,32,33,34,36,5,38,40,18,21,22,23,26,28,30,31
4,5,7,10,12,16,17,18,19,21,22,23,26,27,28,30,31,32,33,34,36,37,38,39,40>4,7,39,9,10,11,12,13,17,19,20,32,33,34,36,5,38,40,18,21,22,23,26,28,30,31
4,5,7,10,12,16,17,18,19,21,22,23,26,27,28,30,31,32,33,34,36,37,38,39,40>37,7,39,9,13,16,20,27,29,32,33,34,36,5,38,40,18,21,22,23,26,28,30,31
4,5,7,10,12,16,17,18,19,21,22,23,26,27,28,30,31,32,33,34,36,37,38,39,40>35,4,37,7,39,12,13,16,17,20,29,32,33,34,36,5,38,40,18,21,22,23,26,28,30,31
1,2,3,5,6,8,9,11,14,15,17,19,22,25,28,31,32,36,37,38,40>6,19,23,25,27,29,31,33,35,36,1,2,3,5,38,8,15,28
1,2,3,5,6,8,9,11,14,15,17,19,22,25,28,31,32,36,37,38,40>7,9,18,22,23,29,32,33,34,37,1,2,3,5,38,8,15,28
1,2,3,5,6,8,9,11,14,15,17,19,22,25,28,31,32,36,37,38,40>6,7,9,11,19,27,33,34,35,37,40,1,2,3,5,38,8,15,28
1,2,3,5,6,8,9,11,14,15,17,19,22,25,28,31,32,36,37,38,40>9,11,14,25,35,37,1,2,3,5,38,8,15,28
1,2,3,5,6,8,9,11,14,15,17,19,22,25,28,31,32,36,37,38,40>6,9,11,14,22,23,29,32,36,37,1,2,3,5,38,8,15,28
1,2,3,5,6,8,9,11,14,15,17,19,22,25,28,31,32,36,37,38,40>6,7,9,11,14,18,20,22,31,33,34,35,36,39,40,1,2,3,5,38,8,15,28
1,2,3,4,6,10,11,12,13,14,15,18,20,23,24,25,26,28,29,31,35,37,38,40>4,7,8,10,18,22,23,27,31,1,2,3,35,37,6,11,12,13,14,15,24,25,26
1,2,3,4,6,10,11,12,13,14,15,18,20,23,24,25,26,28,29,31,35,37,38,40>33,4,38,9,39,40,22,27,29,31,1,2,3,35,37,6,11,12,13,14,15,24,25,26
1,2,3,4,6,10,11,12,13,14,15,18,20,23,24,25,26,28,29,31,35,37,38,40>4,7,10,23,27,28,29,31,1,2,3,35,37,6,11,12,13,14,15,24,25,26
1,2,3,4,6,10,11,12,13,14,15,18,20,23,24,25,26,28,29,31,35,37,38,40>33,4,38,8,9,39,40,16,17,18,22,28,30,31,1,2,3,35,37,6,11,12,13,14,15,24,25,26
1,2,3,4,6,10,11,12,13,14,15,18,20,23,24,25,26,28,29,31,35,37,38,40>4,7,8,9,39,17,18,22,23,27,29,30,31,1,2,3,35,37,6,11,12,13,14,15,24,25,26
1,2,3,4,6,10,11,12,13,14,15,18,20,23,24,25,26,28,29,31,35,37,38,40>33,38,7,8,39,40,16,17,20,22,23,28,1,2,3,35,37,6,11,12,13,14,15,24,25,26
3,6,7,8,9,11,13,16,17,20,21,22,23,24,25,26,30,33,34,35,36,38,39,40>37,11,21,23,29,34,3,36,8,9,40,16,17,20,24,25,26,30
3,6,7,8,9,11,13,16,17,20,21,22,23,24,25,26,30,33,34,35,36,38,39,40>33,35,5,38,11,21,22,23,27,28,29,34,3,36,8,9,40,16,17,20,24,25,26,30
3,6,7,8,9,11,13,16,17,20,21,22,23,24,25,26,30,33,34,35,36,38,39,40>33,6,37,38,39,13,21,22,23,27,28,29,34,3,36,8,9,40,16,17,20,24,25,26,30
3,6,7,8,9,11,13,16,17,20,21,22,23,24,25,26,30,33,34,35,36,38,39,40>33,35,6,38,13,14,22,27,28,34,3,36,8,9,40,16,17,20,24,25,26,30
3,6,7,8,9,11,13,16,17,20,21,22,23,24,25,26,30,33,34,35,36,38,39,40>5,7,37,38,14,23,34,3,36,8,9,40,16,17,20,24,25,26,30
3,6,7,8,9,11,13,16,17,20,21,22,23,24,25,26,30,33,34,35,36,38,39,40>35,6,7,38,39,13,14,21,27,28,34,3,36,8,9,40,16,17,20,24,25,26,30
3,5,6,7,9,10,11,12,13,14,15,17,18,20,22,23,24,26,27,28,29,30,32,34,36,37,39,40>34,38,10,39,21,25,27,32,3,5,40,9,11,12,13,14,15,17,20,22,24,26,28,29,30
3,5,6,7,9,10,11,12,13,14,15,17,18,20,22,23,24,26,27,28,29,30,32,34,36,37,39,40>37,10,18,23,27,31,32,3,5,40,9,11,12,13,14,15,17,20,22,24,26,28,29,30
3,5,6,7,9,10,11,12,13,14,15,17,18,20,22,23,24,26,27,28,29,30,32,34,36,37,39,40>33,34,36,37,7,8,38,10,16,21,25,31,32,3,5,40,9,11,12,13,14,15,17,20,22,24,26,28,29,30
3,5,6,7,9,10,11,12,13,14,15,17,18,20,22,23,24,26,27,28,29,30,32,34,36,37,39,40>36,6,7,38,10,16,18,21,27,32,3,5,40,9,11,12,13,14,15,17,20,22,24,26,28,29,30
3,5,6,7,9,10,11,12,13,14,15,17,18,20,22,23,24,26,27,28,29,30,32,34,36,37,39,40>33,34,36,6,8,38,16,21,23,31,32,3,5,40,9,11,12,13,14,15,17,20,22,24,26,28,29,30
3,5,6,7,9,10,11,12,13,14,15,17,18,20,22,23,24,26,27,28,29,30,32,34,36,37,39,40>36,37,6,7,38,16,18,21,23,31,32,3,5,40,9,11,12,13,14,15,17,20,22,24,26,28,29,30
