CD45,CD8,TCRlig,TCbind,PAGCsk,LCK,Fyn,Rlk,TCRphos,ZAP70,cCbl,Itk,LAT,Gads,Slp76,PLCg_b,Grb2Sos,DAG,PLCg_a,Ras,RasGRP1,PKCth,IP3,Raf,MEK,Ca,ERK,SEK,IKK,Calcin,Rsk,Fos,JNK,IkB,CREB,Jun,CRE,AP1,NFkB,NFAT
2,4,36,38,40,9,10,11,12,13,16,17,18,22,24,27,28,30>32,33,38,39,9,10,12,24,27,29,30,2,40,11,13,16,17,22,28
2,4,36,38,40,9,10,11,12,13,16,17,18,22,24,27,28,30>4,39,20,21,24,27,29,30,2,40,11,13,16,17,22,28
2,4,36,38,40,9,10,11,12,13,16,17,18,22,24,27,28,30>34,4,38,14,18,29,30,2,40,11,13,16,17,22,28
2,4,36,38,40,9,10,11,12,13,16,17,18,22,24,27,28,30>33,36,39,9,10,14,20,25,27,29,30,31,2,40,11,13,16,17,22,28
2,4,36,38,40,9,10,11,12,13,16,17,18,22,24,27,28,30>4,36,38,9,24,27,2,40,11,13,16,17,22,28
2,4,36,38,40,9,10,11,12,13,16,17,18,22,24,27,28,30>33,34,4,36,38,39,10,12,14,18,20,25,30,31,2,40,11,13,16,17,22,28
2,4,8,10,12,13,14,16,19,21,22,23,25,27,28,29,31,33,34,35,36,37>32,34,4,11,17,20,22,26,33,2,35,36,37,13,14,16,23,27,28,29,31
2,4,8,10,12,13,14,16,19,21,22,23,25,27,28,29,31,33,34,35,36,37>34,4,8,10,12,18,20,21,25,26,33,2,35,36,37,13,14,16,23,27,28,29,31
2,4,8,10,12,13,14,16,19,21,22,23,25,27,28,29,31,33,34,35,36,37>32,34,10,15,17,19,20,21,22,26,33,2,35,36,37,13,14,16,23,27,28,29,31
2,4,8,10,12,13,14,16,19,21,22,23,25,27,28,29,31,33,34,35,36,37>32,34,4,10,12,17,18,20,21,22,33,2,35,36,37,13,14,16,23,27,28,29,31
2,4,8,10,12,13,14,16,19,21,22,23,25,27,28,29,31,33,34,35,36,37>4,8,10,12,15,17,19,20,22,25,26,33,2,35,36,37,13,14,16,23,27,28,29,31
2,4,8,10,12,13,14,16,19,21,22,23,25,27,28,29,31,33,34,35,36,37>34,4,8,10,11,12,17,21,26,33,2,35,36,37,13,14,16,23,27,28,29,31
1,3,6,7,8,9,10,11,12,13,14,15,18,21,22,23,25,26,27,31,32,33,34,36,37,40>33,37,40,18,23,29,30,32,1,34,3,36,7,8,9,11,12,13,14,15,21,22,26,27,31
1,3,6,7,8,9,10,11,12,13,14,15,18,21,22,23,25,26,27,31,32,33,34,36,37,40>5,37,40,10,17,20,23,30,32,1,34,3,36,7,8,9,11,12,13,14,15,21,22,26,27,31
1,3,6,7,8,9,10,11,12,13,14,15,18,21,22,23,25,26,27,31,32,33,34,36,37,40>33,6,37,18,23,25,28,30,32,1,34,3,36,7,8,9,11,12,13,14,15,21,22,26,27,31
1,3,6,7,8,9,10,11,12,13,14,15,18,21,22,23,25,26,27,31,32,33,34,36,37,40>35,6,37,40,16,20,23,28,29,32,1,34,3,36,7,8,9,11,12,13,14,15,21,22,26,27,31
1,3,6,7,8,9,10,11,12,13,14,15,18,21,22,23,25,26,27,31,32,33,34,36,37,40>33,35,6,37,16,18,20,30,32,1,34,3,36,7,8,9,11,12,13,14,15,21,22,26,27,31
1,3,6,7,8,9,10,11,12,13,14,15,18,21,22,23,25,26,27,31,32,33,34,36,37,40>33,35,5,6,37,10,17,20,25,28,32,1,34,3,36,7,8,9,11,12,13,14,15,21,22,26,27,31
1,5,7,9,11,13,14,15,16,17,20,21,22,23,25,27,30,31,32,33,36,39,40>33,35,13,22,23,25,29,32,1,36,5,39,40,9,14,15,16,17,20,27,31
1,5,7,9,11,13,14,15,16,17,20,21,22,23,25,27,30,31,32,33,36,39,40>38,11,22,25,28,30,32,1,36,5,39,40,9,14,15,16,17,20,27,31
1,5,7,9,11,13,14,15,16,17,20,21,22,23,25,27,30,31,32,33,36,39,40>33,34,35,38,11,21,23,25,28,29,30,32,1,36,5,39,40,9,14,15,16,17,20,27,31
1,5,7,9,11,13,14,15,16,17,20,21,22,23,25,27,30,31,32,33,36,39,40>33,34,35,7,13,22,26,29,32,1,36,5,39,40,9,14,15,16,17,20,27,31
1,5,7,9,11,13,14,15,16,17,20,21,22,23,25,27,30,31,32,33,36,39,40>33,35,38,7,11,21,22,24,25,29,32,1,36,5,39,40,9,14,15,16,17,20,27,31
1,5,7,9,11,13,14,15,16,17,20,21,22,23,25,27,30,31,32,33,36,39,40>33,34,35,38,7,11,22,24,26,32,1,36,5,39,40,9,14,15,16,17,20,27,31
33,34,3,4,6,8,11,13,14,15,18,23,24,27,28>4,11,13,16,18,22,23,25,26,28,31,33,34,3,8,14,15
33,34,3,4,6,8,11,13,14,15,18,23,24,27,28>6,11,17,24,25,27,28,31,33,34,3,8,14,15
33,34,3,4,6,8,11,13,14,15,18,23,24,27,28>4,6,13,16,17,18,22,23,28,33,34,3,8,14,15
33,34,3,4,6,8,11,13,14,15,18,23,24,27,28>32,36,6,11,13,17,18,22,23,24,25,26,33,34,3,8,14,15
33,34,3,4,6,8,11,13,14,15,18,23,24,27,28>4,36,6,11,18,22,23,24,27,28,33,34,3,8,14,15
33,34,3,4,6,8,11,13,14,15,18,23,24,27,28>32,36,6,9,11,25,26,33,34,3,8,14,15
1,2,4,5,6,7,8,9,16,18,19,20,23,24,26,28,29,32,35,37,38,39,40>33,35,38,16,20,29,1,2,5,37,7,8,9,39,18,23,24,26
1,2,4,5,6,7,8,9,16,18,19,20,23,24,26,28,29,32,35,37,38,39,40>4,16,19,20,22,25,30,1,2,5,37,7,8,9,39,18,23,24,26
1,2,4,5,6,7,8,9,16,18,19,20,23,24,26,28,29,32,35,37,38,39,40>4,19,22,25,28,30,1,2,5,37,7,8,9,39,18,23,24,26
1,2,4,5,6,7,8,9,16,18,19,20,23,24,26,28,29,32,35,37,38,39,40>35,4,40,10,16,20,29,30,1,2,5,37,7,8,9,39,18,23,24,26
1,2,4,5,6,7,8,9,16,18,19,20,23,24,26,28,29,32,35,37,38,39,40>35,6,40,19,22,25,29,30,1,2,5,37,7,8,9,39,18,23,24,26
1,2,4,5,6,7,8,9,16,18,19,20,23,24,26,28,29,32,35,37,38,39,40>32,33,35,6,40,16,22,25,29,1,2,5,37,7,8,9,39,18,23,24,26
34,3,37,6,9,10,11,12,13,16,20,21,23,25,26,28,31>6,12,14,17,24,27,30,31,34,3,11,13,16,20,26
34,3,37,6,9,10,11,12,13,16,20,21,23,25,26,28,31>33,6,8,10,14,17,24,27,28,31,34,3,11,13,16,20,26
34,3,37,6,9,10,11,12,13,16,20,21,23,25,26,28,31>35,6,9,10,14,24,25,27,28,30,34,3,11,13,16,20,26
34,3,37,6,9,10,11,12,13,16,20,21,23,25,26,28,31>37,8,10,12,17,23,27,30,31,34,3,11,13,16,20,26
34,3,37,6,9,10,11,12,13,16,20,21,23,25,26,28,31>33,37,12,14,17,21,23,24,25,27,30,34,3,11,13,16,20,26
34,3,37,6,9,10,11,12,13,16,20,21,23,25,26,28,31>35,6,37,14,23,24,25,30,34,3,11,13,16,20,26
2,34,6,7,8,9,10,39,12,13,15,17,20,26,29,31>15,24,26,29,30,2,8,9,10,12,13,17,20
2,34,6,7,8,9,10,39,12,13,15,17,20,26,29,31>34,35,5,39,11,24,26,30,2,8,9,10,12,13,17,20
2,34,6,7,8,9,10,39,12,13,15,17,20,26,29,31>34,6,39,29,30,31,2,8,9,10,12,13,17,20
2,34,6,7,8,9,10,39,12,13,15,17,20,26,29,31>34,35,7,39,11,15,16,24,31,2,8,9,10,12,13,17,20
2,34,6,7,8,9,10,39,12,13,15,17,20,26,29,31>35,5,7,39,15,26,31,2,8,9,10,12,13,17,20
2,34,6,7,8,9,10,39,12,13,15,17,20,26,29,31>35,6,7,14,15,16,31,2,8,9,10,12,13,17,20
32,1,3,5,38,7,10,11,13,15,16,17,18,22,26,27,31>34,35,10,12,20,21,26,27,28,30,32,1,3,5,11,13,16,17,22,31
32,1,3,5,38,7,10,11,13,15,16,17,18,22,26,27,31>35,7,10,12,18,21,26,29,32,1,3,5,11,13,16,17,22,31
32,1,3,5,38,7,10,11,13,15,16,17,18,22,26,27,31>35,38,7,9,10,15,18,21,26,28,29,30,32,1,3,5,11,13,16,17,22,31
32,1,3,5,38,7,10,11,13,15,16,17,18,22,26,27,31>35,39,9,14,18,20,27,29,30,32,1,3,5,11,13,16,17,22,31
32,1,3,5,38,7,10,11,13,15,16,17,18,22,26,27,31>38,39,10,12,14,27,28,29,30,32,1,3,5,11,13,16,17,22,31
32,1,3,5,38,7,10,11,13,15,16,17,18,22,26,27,31>34,35,7,39,9,10,12,14,18,20,32,1,3,5,11,13,16,17,22,31
2,5,6,8,9,11,12,13,15,17,19,20,23,25,29,31,33,34,36,37,39>6,11,16,19,27,29,31,35,37,2,36,5,8,17,20,23
2,5,6,8,9,11,12,13,15,17,19,20,23,25,29,31,33,34,36,37,39>12,14,16,18,25,27,29,31,34,35,37,2,36,5,8,17,20,23
2,5,6,8,9,11,12,13,15,17,19,20,23,25,29,31,33,34,36,37,39>6,9,12,16,18,25,26,29,31,33,34,35,2,36,5,8,17,20,23
2,5,6,8,9,11,12,13,15,17,19,20,23,25,29,31,33,34,36,37,39>6,9,13,14,15,24,27,29,33,34,35,37,39,2,36,5,8,17,20,23
2,5,6,8,9,11,12,13,15,17,19,20,23,25,29,31,33,34,36,37,39>11,13,26,34,35,37,2,36,5,8,17,20,23
2,5,6,8,9,11,12,13,15,17,19,20,23,25,29,31,33,34,36,37,39>6,9,11,13,15,16,19,24,27,31,33,39,2,36,5,8,17,20,23
1,2,3,33,6,38,8,9,39,11,12,40,14,18,20,21,22,24,25,29>36,40,9,12,14,18,28,1,2,3,6,39,8,20,21,22,24,25,29
1,2,3,33,6,38,8,9,39,11,12,40,14,18,20,21,22,24,25,29>38,40,11,12,18,27,28,1,2,3,6,39,8,20,21,22,24,25,29
1,2,3,33,6,38,8,9,39,11,12,40,14,18,20,21,22,24,25,29>33,38,40,11,14,15,28,1,2,3,6,39,8,20,21,22,24,25,29
1,2,3,33,6,38,8,9,39,11,12,40,14,18,20,21,22,24,25,29>33,36,7,9,11,14,1,2,3,6,39,8,20,21,22,24,25,29
1,2,3,33,6,38,8,9,39,11,12,40,14,18,20,21,22,24,25,29>36,5,7,40,12,15,18,27,28,1,2,3,6,39,8,20,21,22,24,25,29
1,2,3,33,6,38,8,9,39,11,12,40,14,18,20,21,22,24,25,29>36,5,38,7,40,9,11,12,18,1,2,3,6,39,8,20,21,22,24,25,29
1,3,4,6,9,14,15,16,22,23,24,26,28,31,33,34,35,36,37,39,40>7,39,40,16,22,23,24,25,29,30,1,33,3,4,34,35,36,37,9,15,26,28
1,3,4,6,9,14,15,16,22,23,24,26,28,31,33,34,35,36,37,39,40>8,39,40,14,16,24,1,33,3,4,34,35,36,37,9,15,26,28
1,3,4,6,9,14,15,16,22,23,24,26,28,31,33,34,35,36,37,39,40>8,10,14,22,25,29,30,1,33,3,4,34,35,36,37,9,15,26,28
1,3,4,6,9,14,15,16,22,23,24,26,28,31,33,34,35,36,37,39,40>7,8,10,40,14,16,23,24,30,1,33,3,4,34,35,36,37,9,15,26,28
1,3,4,6,9,14,15,16,22,23,24,26,28,31,33,34,35,36,37,39,40>24,39,10,40,1,33,3,4,34,35,36,37,9,15,26,28
1,3,4,6,9,14,15,16,22,23,24,26,28,31,33,34,35,36,37,39,40>8,39,10,16,24,25,29,31,1,33,3,4,34,35,36,37,9,15,26,28
1,2,3,5,6,8,11,12,14,15,16,18,19,22,23,24,25,28,29,31,33,34,35,39,40>6,12,21,27,31,1,2,3,33,5,35,8,15,18,22,23,25,28,29
1,2,3,5,6,8,11,12,14,15,16,18,19,22,23,24,25,28,29,31,33,34,35,39,40>34,36,6,39,40,12,14,16,21,24,1,2,3,33,5,35,8,15,18,22,23,25,28,29
1,2,3,5,6,8,11,12,14,15,16,18,19,22,23,24,25,28,29,31,33,34,35,39,40>36,37,6,40,11,12,14,16,21,26,27,1,2,3,33,5,35,8,15,18,22,23,25,28,29
1,2,3,5,6,8,11,12,14,15,16,18,19,22,23,24,25,28,29,31,33,34,35,39,40>34,36,7,40,14,21,24,27,1,2,3,33,5,35,8,15,18,22,23,25,28,29
1,2,3,5,6,8,11,12,14,15,16,18,19,22,23,24,25,28,29,31,33,34,35,39,40>34,6,7,39,16,19,21,26,1,2,3,33,5,35,8,15,18,22,23,25,28,29
1,2,3,5,6,8,11,12,14,15,16,18,19,22,23,24,25,28,29,31,33,34,35,39,40>34,36,6,7,39,40,14,16,19,1,2,3,33,5,35,8,15,18,22,23,25,28,29
1,2,3,5,6,37,10,12,13,21,22,25,27,29,31>32,39,11,17,25,1,2,3,5,13,27,29,31
1,2,3,5,6,37,10,12,13,21,22,25,27,29,31>32,35,7,39,10,11,12,21,1,2,3,5,13,27,29,31
1,2,3,5,6,37,10,12,13,21,22,25,27,29,31>4,8,14,17,25,28,1,2,3,5,13,27,29,31
1,2,3,5,6,37,10,12,13,21,22,25,27,29,31>4,8,12,14,16,20,22,25,1,2,3,5,13,27,29,31
1,2,3,5,6,37,10,12,13,21,22,25,27,29,31>32,35,7,8,39,10,11,12,16,17,22,28,1,2,3,5,13,27,29,31
1,2,3,5,6,37,10,12,13,21,22,25,27,29,31>35,37,7,8,39,10,12,14,16,17,20,25,28,1,2,3,5,13,27,29,31
32,33,2,36,5,6,7,8,38,10,12,13,14,15,16,17,23,24,25,31>39,9,20,23,24,2,36,5,38,8,12,13,14,15,16,17,25
32,33,2,36,5,6,7,8,38,10,12,13,14,15,16,17,23,24,25,31>33,20,26,2,36,5,38,8,12,13,14,15,16,17,25
32,33,2,36,5,6,7,8,38,10,12,13,14,15,16,17,23,24,25,31>32,35,39,11,26,31,2,36,5,38,8,12,13,14,15,16,17,25
32,33,2,36,5,6,7,8,38,10,12,13,14,15,16,17,23,24,25,31>33,34,6,11,19,23,24,26,27,31,2,36,5,38,8,12,13,14,15,16,17,25
32,33,2,36,5,6,7,8,38,10,12,13,14,15,16,17,23,24,25,31>32,33,35,6,7,39,9,10,11,23,2,36,5,38,8,12,13,14,15,16,17,25
32,33,2,36,5,6,7,8,38,10,12,13,14,15,16,17,23,24,25,31>33,34,35,6,10,19,20,23,31,2,36,5,38,8,12,13,14,15,16,17,25
4,5,6,8,9,10,11,12,13,16,17,19,21,22,24,25,28,35,37,39,40>34,20,21,22,24,37,39,8,9,11,13,16,17,25,28
4,5,6,8,9,10,11,12,13,16,17,19,21,22,24,25,28,35,37,39,40>5,40,10,14,20,37,39,8,9,11,13,16,17,25,28
4,5,6,8,9,10,11,12,13,16,17,19,21,22,24,25,28,35,37,39,40>33,34,5,14,20,21,23,37,39,8,9,11,13,16,17,25,28
4,5,6,8,9,10,11,12,13,16,17,19,21,22,24,25,28,35,37,39,40>33,35,5,6,12,18,19,20,21,37,39,8,9,11,13,16,17,25,28
4,5,6,8,9,10,11,12,13,16,17,19,21,22,24,25,28,35,37,39,40>34,35,5,40,12,14,18,22,23,27,37,39,8,9,11,13,16,17,25,28
4,5,6,8,9,10,11,12,13,16,17,19,21,22,24,25,28,35,37,39,40>4,5,12,20,22,37,39,8,9,11,13,16,17,25,28
32,1,2,4,40,11,12,15,16,18,19,20,22,24,25,29>32,4,7,16,20,21,23,27,28,1,2,18,22,24,25,29
32,1,2,4,40,11,12,15,16,18,19,20,22,24,25,29>39,12,16,19,20,27,1,2,18,22,24,25,29
32,1,2,4,40,11,12,15,16,18,19,20,22,24,25,29>32,39,40,16,19,20,21,1,2,18,22,24,25,29
32,1,2,4,40,11,12,15,16,18,19,20,22,24,25,29>32,4,39,19,21,28,1,2,18,22,24,25,29
32,1,2,4,40,11,12,15,16,18,19,20,22,24,25,29>6,39,40,11,12,15,20,21,23,27,1,2,18,22,24,25,29
32,1,2,4,40,11,12,15,16,18,19,20,22,24,25,29>4,6,39,15,19,21,23,1,2,18,22,24,25,29
2,3,6,7,9,10,11,13,14,19,21,22,25,26,30,31,32,35,37,38,40>5,6,16,20,26,29,34,38,39,2,35,3,37,40,9,11,13,14,30
2,3,6,7,9,10,11,13,14,19,21,22,25,26,30,31,32,35,37,38,40>5,6,8,17,18,20,21,22,23,25,26,27,28,29,34,39,2,35,3,37,40,9,11,13,14,30
2,3,6,7,9,10,11,13,14,19,21,22,25,26,30,31,32,35,37,38,40>5,7,8,15,16,17,20,22,25,26,29,31,34,39,2,35,3,37,40,9,11,13,14,30
2,3,6,7,9,10,11,13,14,19,21,22,25,26,30,31,32,35,37,38,40>5,10,17,18,19,20,21,23,26,27,28,31,39,2,35,3,37,40,9,11,13,14,30
2,3,6,7,9,10,11,13,14,19,21,22,25,26,30,31,32,35,37,38,40>6,8,10,15,17,18,20,25,26,31,32,34,2,35,3,37,40,9,11,13,14,30
2,3,6,7,9,10,11,13,14,19,21,22,25,26,30,31,32,35,37,38,40>5,6,7,8,10,16,17,18,20,22,23,25,26,29,31,34,39,2,35,3,37,40,9,11,13,14,30
1,33,34,6,7,8,38,40,12,13,16,17,18,19,26,31>33,40,9,20,23,26,30,1,34,7,8,16,17,18
1,33,34,6,7,8,38,40,12,13,16,17,18,19,26,31>35,38,13,14,19,30,1,34,7,8,16,17,18
1,33,34,6,7,8,38,40,12,13,16,17,18,19,26,31>35,5,9,12,19,22,23,30,1,34,7,8,16,17,18
1,33,34,6,7,8,38,40,12,13,16,17,18,19,26,31>33,6,13,19,22,23,26,30,31,1,34,7,8,16,17,18
1,33,34,6,7,8,38,40,12,13,16,17,18,19,26,31>33,36,6,40,9,12,13,20,26,1,34,7,8,16,17,18
1,33,34,6,7,8,38,40,12,13,16,17,18,19,26,31>33,36,6,40,12,14,19,22,31,1,34,7,8,16,17,18
32,2,5,6,7,8,9,37,11,12,13,14,38,40,22,24,28,29,30,31>7,38,13,15,31,2,5,8,9,40,14,28,29
32,2,5,6,7,8,9,37,11,12,13,14,38,40,22,24,28,29,30,31>32,33,35,38,12,15,16,17,22,24,25,30,2,5,8,9,40,14,28,29
32,2,5,6,7,8,9,37,11,12,13,14,38,40,22,24,28,29,30,31>35,37,7,11,12,13,16,17,24,30,2,5,8,9,40,14,28,29
32,2,5,6,7,8,9,37,11,12,13,14,38,40,22,24,28,29,30,31>33,35,37,7,11,12,22,24,30,31,2,5,8,9,40,14,28,29
32,2,5,6,7,8,9,37,11,12,13,14,38,40,22,24,28,29,30,31>33,35,37,7,39,16,17,22,30,31,2,5,8,9,40,14,28,29
32,2,5,6,7,8,9,37,11,12,13,14,38,40,22,24,28,29,30,31>32,37,6,7,38,39,11,13,15,17,22,25,2,5,8,9,40,14,28,29
