CD45,CD8,TCRlig,TCbind,PAGCsk,LCK,Fyn,Rlk,TCRphos,ZAP70,cCbl,Itk,LAT,Gads,Slp76,PLCg_b,Grb2Sos,DAG,PLCg_a,Ras,RasGRP1,PKCth,IP3,Raf,MEK,Ca,ERK,SEK,IKK,Calcin,Rsk,Fos,JNK,IkB,CREB,Jun,CRE,AP1,NFkB,NFAT
32,33,35,36,5,8,9,10,13,14,15,16,18,19,20,21,23,26,27,28>34,38,10,11,17,22,27,30,31,32,33,36,5,13,14,15,16,18,19,20,23,26
32,33,35,36,5,8,9,10,13,14,15,16,18,19,20,21,23,26,27,28>34,35,38,8,9,11,12,22,30,32,33,36,5,13,14,15,16,18,19,20,23,26
32,33,35,36,5,8,9,10,13,14,15,16,18,19,20,21,23,26,27,28>37,39,9,10,12,22,28,32,33,36,5,13,14,15,16,18,19,20,23,26
32,33,35,36,5,8,9,10,13,14,15,16,18,19,20,21,23,26,27,28>34,35,37,39,8,11,22,24,27,31,32,33,36,5,13,14,15,16,18,19,20,23,26
32,33,35,36,5,8,9,10,13,14,15,16,18,19,20,21,23,26,27,28>34,37,38,39,8,11,12,17,21,22,24,30,32,33,36,5,13,14,15,16,18,19,20,23,26
32,33,35,36,5,8,9,10,13,14,15,16,18,19,20,21,23,26,27,28>34,35,37,38,39,8,12,21,24,27,32,33,36,5,13,14,15,16,18,19,20,23,26
32,1,33,3,38,40,10,11,12,14,18,22,23,28,31>34,39,12,13,14,18,21,26,1,33,3,11,22,28
32,1,33,3,38,40,10,11,12,14,18,22,23,28,31>34,35,38,10,13,14,15,18,21,23,29,31,1,33,3,11,22,28
32,1,33,3,38,40,10,11,12,14,18,22,23,28,31>34,5,39,10,12,14,18,21,23,26,29,31,1,33,3,11,22,28
32,1,33,3,38,40,10,11,12,14,18,22,23,28,31>35,5,38,39,40,10,13,15,18,21,26,31,1,33,3,11,22,28
32,1,33,3,38,40,10,11,12,14,18,22,23,28,31>34,35,5,40,10,13,14,15,21,29,1,33,3,11,22,28
32,1,33,3,38,40,10,11,12,14,18,22,23,28,31>34,36,5,40,10,14,15,29,1,33,3,11,22,28
2,3,6,12,15,16,20,21,22,24,25,27,29,30,31,32,33,35,38,39,40>4,8,37,15,16,22,32,2,3,35,39,40,20,24,25,27,29,31
2,3,6,12,15,16,20,21,22,24,25,27,29,30,31,32,33,35,38,39,40>6,38,12,15,22,32,2,3,35,39,40,20,24,25,27,29,31
2,3,6,12,15,16,20,21,22,24,25,27,29,30,31,32,33,35,38,39,40>33,6,8,38,12,21,32,2,3,35,39,40,20,24,25,27,29,31
2,3,6,12,15,16,20,21,22,24,25,27,29,30,31,32,33,35,38,39,40>33,36,37,38,16,21,32,2,3,35,39,40,20,24,25,27,29,31
2,3,6,12,15,16,20,21,22,24,25,27,29,30,31,32,33,35,38,39,40>33,4,36,37,16,21,28,32,2,3,35,39,40,20,24,25,27,29,31
2,3,6,12,15,16,20,21,22,24,25,27,29,30,31,32,33,35,38,39,40>5,36,8,12,15,16,21,30,32,2,3,35,39,40,20,24,25,27,29,31
3,4,7,39,10,11,12,14,15,17,22,23,24,26,28,30,31>33,35,7,9,14,17,23,29,31,3,39,11,12,15,26,28,30
3,4,7,39,10,11,12,14,15,17,22,23,24,26,28,30,31>33,34,35,9,10,14,17,20,31,3,39,11,12,15,26,28,30
3,4,7,39,10,11,12,14,15,17,22,23,24,26,28,30,31>33,34,5,10,13,14,22,24,3,39,11,12,15,26,28,30
3,4,7,39,10,11,12,14,15,17,22,23,24,26,28,30,31>33,35,5,40,9,13,22,23,29,3,39,11,12,15,26,28,30
3,4,7,39,10,11,12,14,15,17,22,23,24,26,28,30,31>34,4,5,9,14,17,20,22,24,25,29,3,39,11,12,15,26,28,30
3,4,7,39,10,11,12,14,15,17,22,23,24,26,28,30,31>33,35,4,5,7,9,10,22,24,25,31,3,39,11,12,15,26,28,30
32,1,34,35,4,5,36,7,8,9,38,12,13,15,17,22,23,27,28,31>33,12,16,20,22,23,26,32,1,34,35,5,38,7,9,17,28,31
32,1,34,35,4,5,36,7,8,9,38,12,13,15,17,22,23,27,28,31>4,36,12,13,14,20,27,32,1,34,35,5,38,7,9,17,28,31
32,1,34,35,4,5,36,7,8,9,38,12,13,15,17,22,23,27,28,31>33,4,36,37,12,13,15,16,20,26,27,32,1,34,35,5,38,7,9,17,28,31
32,1,34,35,4,5,36,7,8,9,38,12,13,15,17,22,23,27,28,31>33,4,8,13,14,16,20,22,23,27,29,32,1,34,35,5,38,7,9,17,28,31
32,1,34,35,4,5,36,7,8,9,38,12,13,15,17,22,23,27,28,31>33,36,8,14,16,20,22,29,32,1,34,35,5,38,7,9,17,28,31
32,1,34,35,4,5,36,7,8,9,38,12,13,15,17,22,23,27,28,31>36,37,8,15,16,20,22,27,32,1,34,35,5,38,7,9,17,28,31
3,5,6,7,8,9,11,12,13,14,15,16,17,18,22,23,26,29,32,33,38>32,39,11,18,21,3,5,8,9,14,15,16,17,22,26,29
3,5,6,7,8,9,11,12,13,14,15,16,17,18,22,23,26,29,32,33,38>32,36,38,39,12,13,20,23,3,5,8,9,14,15,16,17,22,26,29
3,5,6,7,8,9,11,12,13,14,15,16,17,18,22,23,26,29,32,33,38>6,38,11,12,20,21,23,3,5,8,9,14,15,16,17,22,26,29
3,5,6,7,8,9,11,12,13,14,15,16,17,18,22,23,26,29,32,33,38>33,6,38,39,12,13,18,20,21,23,28,30,3,5,8,9,14,15,16,17,22,26,29
3,5,6,7,8,9,11,12,13,14,15,16,17,18,22,23,26,29,32,33,38>32,33,36,6,38,12,18,20,23,3,5,8,9,14,15,16,17,22,26,29
3,5,6,7,8,9,11,12,13,14,15,16,17,18,22,23,26,29,32,33,38>32,36,6,7,38,18,21,28,30,3,5,8,9,14,15,16,17,22,26,29
2,3,5,6,7,8,9,12,14,15,16,17,19,21,22,23,24,26,29,32,34,39,40>6,10,20,24,25,30,32,40,2,3,5,8,9,15,23,26,29
2,3,5,6,7,8,9,12,14,15,16,17,19,21,22,23,24,26,29,32,34,39,40>4,7,10,14,16,17,19,20,21,28,40,2,3,5,8,9,15,23,26,29
2,3,5,6,7,8,9,12,14,15,16,17,19,21,22,23,24,26,29,32,34,39,40>4,7,10,14,18,19,22,24,30,34,40,2,3,5,8,9,15,23,26,29
2,3,5,6,7,8,9,12,14,15,16,17,19,21,22,23,24,26,29,32,34,39,40>4,12,14,16,17,18,20,22,30,39,40,2,3,5,8,9,15,23,26,29
2,3,5,6,7,8,9,12,14,15,16,17,19,21,22,23,24,26,29,32,34,39,40>10,12,14,16,17,18,21,24,28,30,39,2,3,5,8,9,15,23,26,29
2,3,5,6,7,8,9,12,14,15,16,17,19,21,22,23,24,26,29,32,34,39,40>6,10,12,14,19,21,22,25,39,40,2,3,5,8,9,15,23,26,29
1,3,6,8,10,11,13,15,17,22,23,25,26,28,30,31,34,35,36,37,39,40>36,39,12,14,15,16,20,22,23,25,27,29,1,34,3,35,37,8,40,11,13,17,26,28,30
1,3,6,8,10,11,13,15,17,22,23,25,26,28,30,31,34,35,36,37,39,40>36,10,14,15,22,23,25,29,31,1,34,3,35,37,8,40,11,13,17,26,28,30
1,3,6,8,10,11,13,15,17,22,23,25,26,28,30,31,34,35,36,37,39,40>36,12,20,27,31,1,34,3,35,37,8,40,11,13,17,26,28,30
1,3,6,8,10,11,13,15,17,22,23,25,26,28,30,31,34,35,36,37,39,40>33,36,5,39,12,16,27,29,31,1,34,3,35,37,8,40,11,13,17,26,28,30
1,3,6,8,10,11,13,15,17,22,23,25,26,28,30,31,34,35,36,37,39,40>5,6,10,12,16,25,29,31,1,34,3,35,37,8,40,11,13,17,26,28,30
1,3,6,8,10,11,13,15,17,22,23,25,26,28,30,31,34,35,36,37,39,40>5,7,39,14,15,20,23,25,27,29,1,34,3,35,37,8,40,11,13,17,26,28,30
1,2,5,6,7,8,37,10,38,40,13,16,17,18,24,27,28,29>6,39,10,40,24,28,31,1,2,5,7,8,13,16,17
1,2,5,6,7,8,37,10,38,40,13,16,17,18,24,27,28,29>6,9,10,11,14,20,25,27,28,31,1,2,5,7,8,13,16,17
1,2,5,6,7,8,37,10,38,40,13,16,17,18,24,27,28,29>32,33,37,6,39,10,11,40,20,24,31,1,2,5,7,8,13,16,17
1,2,5,6,7,8,37,10,38,40,13,16,17,18,24,27,28,29>32,37,38,39,10,11,40,18,22,25,27,29,31,1,2,5,7,8,13,16,17
1,2,5,6,7,8,37,10,38,40,13,16,17,18,24,27,28,29>33,37,38,39,11,22,24,27,28,1,2,5,7,8,13,16,17
1,2,5,6,7,8,37,10,38,40,13,16,17,18,24,27,28,29>32,37,6,38,39,14,18,22,25,28,29,31,1,2,5,7,8,13,16,17
1,33,4,5,6,36,40,9,12,17,20,22,26,27>6,10,12,24,27,28,29,30,31,33,34,40,1,36,20,9
1,33,4,5,6,36,40,9,12,17,20,22,26,27>4,8,12,22,24,26,27,34,1,36,20,9
1,33,4,5,6,36,40,9,12,17,20,22,26,27>7,8,12,22,27,28,31,32,40,1,36,20,9
1,33,4,5,6,36,40,9,12,17,20,22,26,27>4,7,8,24,26,29,30,32,34,40,1,36,20,9
1,33,4,5,6,36,40,9,12,17,20,22,26,27>4,5,7,8,10,17,22,24,26,27,29,30,31,33,34,1,36,20,9
1,33,4,5,6,36,40,9,12,17,20,22,26,27>6,7,8,24,29,30,31,32,33,34,1,36,20,9
2,34,4,5,35,37,9,10,13,16,17,19,20,22,27,29,30,31>9,14,18,19,23,24,27,30,2,35,37,13,16,17,20,29,31
2,34,4,5,35,37,9,10,13,16,17,19,20,22,27,29,30,31>32,4,10,14,18,19,24,30,2,35,37,13,16,17,20,29,31
2,34,4,5,35,37,9,10,13,16,17,19,20,22,27,29,30,31>34,40,19,22,23,30,2,35,37,13,16,17,20,29,31
2,34,4,5,35,37,9,10,13,16,17,19,20,22,27,29,30,31>4,5,40,11,14,18,19,23,27,28,2,35,37,13,16,17,20,29,31
2,34,4,5,35,37,9,10,13,16,17,19,20,22,27,29,30,31>32,4,5,40,9,11,14,19,22,24,27,28,30,2,35,37,13,16,17,20,29,31
2,34,4,5,35,37,9,10,13,16,17,19,20,22,27,29,30,31>32,34,4,5,40,11,14,22,23,24,27,28,2,35,37,13,16,17,20,29,31
1,2,5,6,7,8,9,10,13,14,15,16,17,19,20,21,22,25,26,27,28,32,33,34,36,37,39>37,12,18,23,30,31,32,1,2,33,34,5,36,7,8,9,10,13,14,15,16,17,19,20,27,28
1,2,5,6,7,8,9,10,13,14,15,16,17,19,20,21,22,25,26,27,28,32,33,34,36,37,39>37,6,21,22,23,24,26,29,31,32,1,2,33,34,5,36,7,8,9,10,13,14,15,16,17,19,20,27,28
1,2,5,6,7,8,9,10,13,14,15,16,17,19,20,21,22,25,26,27,28,32,33,34,36,37,39>6,38,18,21,25,26,30,32,1,2,33,34,5,36,7,8,9,10,13,14,15,16,17,19,20,27,28
1,2,5,6,7,8,9,10,13,14,15,16,17,19,20,21,22,25,26,27,28,32,33,34,36,37,39>6,39,12,22,23,24,26,29,31,32,1,2,33,34,5,36,7,8,9,10,13,14,15,16,17,19,20,27,28
1,2,5,6,7,8,9,10,13,14,15,16,17,19,20,21,22,25,26,27,28,32,33,34,36,37,39>6,38,39,12,18,22,23,25,26,29,32,1,2,33,34,5,36,7,8,9,10,13,14,15,16,17,19,20,27,28
1,2,5,6,7,8,9,10,13,14,15,16,17,19,20,21,22,25,26,27,28,32,33,34,36,37,39>37,38,11,23,31,32,1,2,33,34,5,36,7,8,9,10,13,14,15,16,17,19,20,27,28
1,35,4,5,6,37,8,9,10,11,39,13,40,19,20,22,24,27,29,30>35,14,18,19,20,22,27,30,31,1,37,39,8,9,40,11,13,24,29
1,35,4,5,6,37,8,9,10,11,39,13,40,19,20,22,24,27,29,30>4,7,10,16,18,20,25,31,1,37,39,8,9,40,11,13,24,29
1,35,4,5,6,37,8,9,10,11,39,13,40,19,20,22,24,27,29,30>35,5,10,14,17,19,30,1,37,39,8,9,40,11,13,24,29
1,35,4,5,6,37,8,9,10,11,39,13,40,19,20,22,24,27,29,30>35,5,16,18,22,23,28,1,37,39,8,9,40,11,13,24,29
1,35,4,5,6,37,8,9,10,11,39,13,40,19,20,22,24,27,29,30>32,4,5,6,7,10,14,16,17,18,20,22,23,27,28,30,1,37,39,8,9,40,11,13,24,29
1,35,4,5,6,37,8,9,10,11,39,13,40,19,20,22,24,27,29,30>32,4,5,6,10,16,17,18,19,20,22,25,27,30,31,1,37,39,8,9,40,11,13,24,29
1,33,34,4,37,38,7,8,9,39,13,14,15,21,23,25,26,27>33,8,38,17,20,25,30,31,1,34,7,9,14,15,26,27
1,33,34,4,37,38,7,8,9,39,13,14,15,21,23,25,26,27>32,5,37,39,13,16,17,21,1,34,7,9,14,15,26,27
1,33,34,4,37,38,7,8,9,39,13,14,15,21,23,25,26,27>32,33,5,8,38,17,20,21,23,30,31,1,34,7,9,14,15,26,27
1,33,34,4,37,38,7,8,9,39,13,14,15,21,23,25,26,27>4,5,8,38,39,13,17,23,25,30,1,34,7,9,14,15,26,27
1,33,34,4,37,38,7,8,9,39,13,14,15,21,23,25,26,27>5,36,13,16,17,20,25,30,1,34,7,9,14,15,26,27
1,33,34,4,37,38,7,8,9,39,13,14,15,21,23,25,26,27>32,33,4,5,36,39,13,16,20,23,25,1,34,7,9,14,15,26,27
2,3,4,6,9,10,11,13,15,21,22,23,24,25,28,31>4,6,15,21,22,23,26,27,31,39,2,3,9,11,13,25,28
2,3,4,6,9,10,11,13,15,21,22,23,24,25,28,31>4,6,14,21,22,23,24,26,27,29,31,33,34,35,2,3,9,11,13,25,28
2,3,4,6,9,10,11,13,15,21,22,23,24,25,28,31>4,6,12,14,21,24,26,27,2,3,9,11,13,25,28
2,3,4,6,9,10,11,13,15,21,22,23,24,25,28,31>10,12,14,16,17,23,24,27,31,33,39,2,3,9,11,13,25,28
2,3,4,6,9,10,11,13,15,21,22,23,24,25,28,31>4,10,12,14,17,21,22,23,33,34,2,3,9,11,13,25,28
2,3,4,6,9,10,11,13,15,21,22,23,24,25,28,31>8,10,12,16,17,20,21,24,29,34,35,2,3,9,11,13,25,28
1,2,3,4,6,8,9,12,13,15,17,18,19,23,24,26,27,30,34,35,37,39,40>27,7,13,1,2,3,4,34,6,37,8,9,40,17,18,23,26,30
1,2,3,4,6,8,9,12,13,15,17,18,19,23,24,26,27,30,34,35,37,39,40>35,39,12,13,14,15,19,22,24,25,27,1,2,3,4,34,6,37,8,9,40,17,18,23,26,30
1,2,3,4,6,8,9,12,13,15,17,18,19,23,24,26,27,30,34,35,37,39,40>10,13,16,20,22,24,25,31,1,2,3,4,34,6,37,8,9,40,17,18,23,26,30
1,2,3,4,6,8,9,12,13,15,17,18,19,23,24,26,27,30,34,35,37,39,40>32,10,12,13,15,16,22,27,1,2,3,4,34,6,37,8,9,40,17,18,23,26,30
1,2,3,4,6,8,9,12,13,15,17,18,19,23,24,26,27,30,34,35,37,39,40>7,10,15,16,20,24,27,1,2,3,4,34,6,37,8,9,40,17,18,23,26,30
1,2,3,4,6,8,9,12,13,15,17,18,19,23,24,26,27,30,34,35,37,39,40>35,7,39,10,13,15,16,22,24,31,1,2,3,4,34,6,37,8,9,40,17,18,23,26,30
32,1,2,3,4,35,36,7,8,9,38,11,39,13,16,17,21,22,26,31>36,11,13,14,20,28,31,1,2,3,35,38,7,39,9,16,17
32,1,2,3,4,35,36,7,8,9,38,11,39,13,16,17,21,22,26,31>5,36,8,11,20,26,28,29,30,1,2,3,35,38,7,39,9,16,17
32,1,2,3,4,35,36,7,8,9,38,11,39,13,16,17,21,22,26,31>32,5,8,37,11,13,30,31,1,2,3,35,38,7,39,9,16,17
32,1,2,3,4,35,36,7,8,9,38,11,39,13,16,17,21,22,26,31>32,5,6,8,21,26,31,1,2,3,35,38,7,39,9,16,17
32,1,2,3,4,35,36,7,8,9,38,11,39,13,16,17,21,22,26,31>32,4,5,6,8,37,11,13,20,26,28,1,2,3,35,38,7,39,9,16,17
32,1,2,3,4,35,36,7,8,9,38,11,39,13,16,17,21,22,26,31>34,4,5,6,36,8,37,11,13,20,21,1,2,3,35,38,7,39,9,16,17
1,3,4,5,6,7,11,12,13,14,16,18,19,20,22,24,30,31,33,34,35,37,38,40>4,6,12,13,17,19,20,25,29,31,36,1,34,3,35,5,37,7,40,14,16,18,22,24
1,3,4,5,6,7,11,12,13,14,16,18,19,20,22,24,30,31,33,34,35,37,38,40>9,12,17,21,23,30,33,36,1,34,3,35,5,37,7,40,14,16,18,22,24
1,3,4,5,6,7,11,12,13,14,16,18,19,20,22,24,30,31,33,34,35,37,38,40>4,9,15,17,20,25,28,33,1,34,3,35,5,37,7,40,14,16,18,22,24
1,3,4,5,6,7,11,12,13,14,16,18,19,20,22,24,30,31,33,34,35,37,38,40>6,9,17,19,20,23,30,33,1,34,3,35,5,37,7,40,14,16,18,22,24
1,3,4,5,6,7,11,12,13,14,16,18,19,20,22,24,30,31,33,34,35,37,38,40>4,11,12,13,15,19,21,23,30,33,36,1,34,3,35,5,37,7,40,14,16,18,22,24
1,3,4,5,6,7,11,12,13,14,16,18,19,20,22,24,30,31,33,34,35,37,38,40>4,8,9,11,13,30,33,1,34,3,35,5,37,7,40,14,16,18,22,24
3,4,5,6,7,10,13,15,17,18,20,21,24,27,30,31,32,33,35,38,40>6,9,12,16,18,27,30,33,36,38,39,32,35,3,4,5,40,13,17,20,24,31
3,4,5,6,7,10,13,15,17,18,20,21,24,27,30,31,32,33,35,38,40>6,9,11,12,14,22,25,27,30,33,34,37,32,35,3,4,5,40,13,17,20,24,31
3,4,5,6,7,10,13,15,17,18,20,21,24,27,30,31,32,33,35,38,40>6,10,11,14,15,16,22,25,30,33,38,39,32,35,3,4,5,40,13,17,20,24,31
3,4,5,6,7,10,13,15,17,18,20,21,24,27,30,31,32,33,35,38,40>6,9,10,11,15,16,18,21,22,25,34,37,32,35,3,4,5,40,13,17,20,24,31
3,4,5,6,7,10,13,15,17,18,20,21,24,27,30,31,32,33,35,38,40>6,9,10,11,12,14,15,21,25,30,34,36,37,38,32,35,3,4,5,40,13,17,20,24,31
3,4,5,6,7,10,13,15,17,18,20,21,24,27,30,31,32,33,35,38,40>7,8,9,10,15,16,21,22,27,34,38,39,32,35,3,4,5,40,13,17,20,24,31
32,2,3,4,35,38,39,8,12,15,17,18,21,22,23,25,26,28>32,34,8,15,20,25,27,2,3,4,39,21,22,26,28
32,2,3,4,35,38,39,8,12,15,17,18,21,22,23,25,26,28>33,35,8,15,17,20,25,29,30,2,3,4,39,21,22,26,28
32,2,3,4,35,38,39,8,12,15,17,18,21,22,23,25,26,28>32,33,35,17,20,30,2,3,4,39,21,22,26,28
32,2,3,4,35,38,39,8,12,15,17,18,21,22,23,25,26,28>34,35,12,17,20,23,27,30,2,3,4,39,21,22,26,28
32,2,3,4,35,38,39,8,12,15,17,18,21,22,23,25,26,28>32,37,38,8,17,18,20,25,27,30,2,3,4,39,21,22,26,28
32,2,3,4,35,38,39,8,12,15,17,18,21,22,23,25,26,28>32,33,34,35,37,8,17,18,25,27,29,2,3,4,39,21,22,26,28
