CD45,CD8,TCRlig,TCbind,PAGCsk,LCK,Fyn,Rlk,TCRphos,ZAP70,cCbl,Itk,LAT,Gads,Slp76,PLCg_b,Grb2Sos,DAG,PLCg_a,Ras,RasGRP1,PKCth,IP3,Raf,MEK,Ca,ERK,SEK,IKK,Calcin,Rsk,Fos,JNK,IkB,CREB,Jun,CRE,AP1,NFkB,NFAT
1,2,5,6,8,10,14,15,16,18,20,21,26,28,31,32,33,36,37,38,39,40>16,18,19,21,22,28,30,31,35,40,1,2,33,36,5,38,39,8,15,20
1,2,5,6,8,10,14,15,16,18,20,21,26,28,31,32,33,36,37,38,39,40>6,14,30,32,34,35,37,1,2,33,36,5,38,39,8,15,20
1,2,5,6,8,10,14,15,16,18,20,21,26,28,31,32,33,36,37,38,39,40>6,12,13,16,19,21,22,24,26,28,30,34,37,40,1,2,33,36,5,38,39,8,15,20
1,2,5,6,8,10,14,15,16,18,20,21,26,28,31,32,33,36,37,38,39,40>6,7,12,13,16,18,19,22,24,28,30,34,35,40,1,2,33,36,5,38,39,8,15,20
1,2,5,6,8,10,14,15,16,18,20,21,26,28,31,32,33,36,37,38,39,40>6,7,11,12,16,18,19,22,24,26,28,30,34,1,2,33,36,5,38,39,8,15,20
1,2,5,6,8,10,14,15,16,18,20,21,26,28,31,32,33,36,37,38,39,40>6,10,11,12,16,19,22,30,31,37,1,2,33,36,5,38,39,8,15,20
1,2,3,6,7,9,12,13,14,17,18,23,24,29,30,31,32,33,34,37,39>13,18,20,22,24,26,29,33,34,35,37,39,40,1,2,3,6,7,9,14,17
1,2,3,6,7,9,12,13,14,17,18,23,24,29,30,31,32,33,34,37,39>4,10,16,20,25,29,32,33,34,35,37,39,1,2,3,6,7,9,14,17
1,2,3,6,7,9,12,13,14,17,18,23,24,29,30,31,32,33,34,37,39>4,8,10,15,16,18,25,26,29,30,31,32,33,35,37,39,40,1,2,3,6,7,9,14,17
1,2,3,6,7,9,12,13,14,17,18,23,24,29,30,31,32,33,34,37,39>4,5,8,10,13,18,20,23,24,26,33,39,40,1,2,3,6,7,9,14,17
1,2,3,6,7,9,12,13,14,17,18,23,24,29,30,31,32,33,34,37,39>4,12,13,15,16,24,26,29,32,33,35,36,39,1,2,3,6,7,9,14,17
1,2,3,6,7,9,12,13,14,17,18,23,24,29,30,31,32,33,34,37,39>4,12,16,20,23,26,29,30,34,35,36,37,39,1,2,3,6,7,9,14,17
32,1,33,34,4,5,35,7,36,37,38,17,21,22,23,25,27,29,30>4,17,20,25,30,32,1,36,5,37,7,38,27,29
32,1,33,34,4,5,35,7,36,37,38,17,21,22,23,25,27,29,30>33,4,17,23,25,26,31,32,1,36,5,37,7,38,27,29
32,1,33,34,4,5,35,7,36,37,38,17,21,22,23,25,27,29,30>33,4,21,22,23,25,28,30,31,32,1,36,5,37,7,38,27,29
32,1,33,34,4,5,35,7,36,37,38,17,21,22,23,25,27,29,30>34,35,4,9,17,21,25,28,30,32,1,36,5,37,7,38,27,29
32,1,33,34,4,5,35,7,36,37,38,17,21,22,23,25,27,29,30>40,20,22,25,26,28,32,1,36,5,37,7,38,27,29
32,1,33,34,4,5,35,7,36,37,38,17,21,22,23,25,27,29,30>34,35,4,40,22,26,28,31,32,1,36,5,37,7,38,27,29
1,35,4,5,6,37,38,40,15,17,18,19,20,21,22,25,26,28,30>4,6,7,9,38,19,23,26,1,37,40,18,20,21,22,28,30
1,35,4,5,6,37,38,40,15,17,18,19,20,21,22,25,26,28,30>34,4,8,38,15,23,26,27,29,1,37,40,18,20,21,22,28,30
1,35,4,5,6,37,38,40,15,17,18,19,20,21,22,25,26,28,30>33,34,35,4,8,17,23,25,27,29,1,37,40,18,20,21,22,28,30
1,35,4,5,6,37,38,40,15,17,18,19,20,21,22,25,26,28,30>33,34,35,4,7,8,9,38,17,19,24,26,1,37,40,18,20,21,22,28,30
1,35,4,5,6,37,38,40,15,17,18,19,20,21,22,25,26,28,30>33,34,35,5,38,39,15,25,26,1,37,40,18,20,21,22,28,30
1,35,4,5,6,37,38,40,15,17,18,19,20,21,22,25,26,28,30>34,35,4,5,6,15,17,19,26,27,29,1,37,40,18,20,21,22,28,30
1,4,5,6,7,10,11,14,16,17,19,22,25,27,29,30,32,33,35,39,40>14,15,16,17,18,20,22,25,28,30,31,32,1,5,39,7,40,11,27,29
1,4,5,6,7,10,11,14,16,17,19,22,25,27,29,30,32,33,35,39,40>8,14,16,17,20,23,30,33,35,32,1,5,39,7,40,11,27,29
1,4,5,6,7,10,11,14,16,17,19,22,25,27,29,30,32,33,35,39,40>6,9,13,14,15,17,18,23,25,33,37,32,1,5,39,7,40,11,27,29
1,4,5,6,7,10,11,14,16,17,19,22,25,27,29,30,32,33,35,39,40>4,10,13,14,15,17,19,20,22,23,33,35,36,37,32,1,5,39,7,40,11,27,29
1,4,5,6,7,10,11,14,16,17,19,22,25,27,29,30,32,33,35,39,40>8,10,16,17,19,20,22,23,30,33,35,32,1,5,39,7,40,11,27,29
1,4,5,6,7,10,11,14,16,17,19,22,25,27,29,30,32,33,35,39,40>6,8,9,10,20,22,28,35,37,32,1,5,39,7,40,11,27,29
1,2,5,6,8,9,12,15,16,19,21,23,24,25,26,27,28,31,33,36,37,39,40>32,40,9,10,15,16,18,19,20,28,1,2,33,36,5,39,8,23,25,26,27,31
1,2,5,6,8,9,12,15,16,19,21,23,24,25,26,27,28,31,33,36,37,39,40>37,7,10,12,16,18,19,24,30,1,2,33,36,5,39,8,23,25,26,27,31
1,2,5,6,8,9,12,15,16,19,21,23,24,25,26,27,28,31,33,36,37,39,40>32,34,37,7,9,10,12,15,19,30,1,2,33,36,5,39,8,23,25,26,27,31
1,2,5,6,8,9,12,15,16,19,21,23,24,25,26,27,28,31,33,36,37,39,40>34,6,40,9,15,20,21,28,30,1,2,33,36,5,39,8,23,25,26,27,31
1,2,5,6,8,9,12,15,16,19,21,23,24,25,26,27,28,31,33,36,37,39,40>35,6,9,10,18,19,20,21,30,1,2,33,36,5,39,8,23,25,26,27,31
1,2,5,6,8,9,12,15,16,19,21,23,24,25,26,27,28,31,33,36,37,39,40>32,35,37,6,9,10,12,15,16,19,24,30,1,2,33,36,5,39,8,23,25,26,27,31
3,8,10,12,13,14,15,16,18,19,21,24,25,26,27,28,32,33,35,38,39>34,4,10,20,21,22,23,24,28,31,32,33,3,39,12,13,14,15,16,18,19,25,27
3,8,10,12,13,14,15,16,18,19,21,24,25,26,27,28,32,33,35,38,39>34,35,4,37,8,38,23,24,26,30,32,33,3,39,12,13,14,15,16,18,19,25,27
3,8,10,12,13,14,15,16,18,19,21,24,25,26,27,28,32,33,35,38,39>34,35,4,5,10,17,22,26,28,31,32,33,3,39,12,13,14,15,16,18,19,25,27
3,8,10,12,13,14,15,16,18,19,21,24,25,26,27,28,32,33,35,38,39>4,36,38,20,26,30,31,32,33,3,39,12,13,14,15,16,18,19,25,27
3,8,10,12,13,14,15,16,18,19,21,24,25,26,27,28,32,33,35,38,39>34,4,36,37,8,10,21,23,24,28,31,32,33,3,39,12,13,14,15,16,18,19,25,27
3,8,10,12,13,14,15,16,18,19,21,24,25,26,27,28,32,33,35,38,39>35,4,5,36,37,17,20,21,23,28,30,31,32,33,3,39,12,13,14,15,16,18,19,25,27
32,1,2,4,5,37,7,8,38,10,39,12,14,17,28,30,31>8,9,12,15,28,31,37,38,40,1,2,5,39,7
32,1,2,4,5,37,7,8,38,10,39,12,14,17,28,30,31>8,9,13,14,15,28,30,32,33,34,35,37,40,1,2,5,39,7
32,1,2,4,5,37,7,8,38,10,39,12,14,17,28,30,31>4,8,10,13,15,20,28,30,33,34,35,37,40,1,2,5,39,7
32,1,2,4,5,37,7,8,38,10,39,12,14,17,28,30,31>9,10,13,14,30,32,33,38,1,2,5,39,7
32,1,2,4,5,37,7,8,38,10,39,12,14,17,28,30,31>8,9,10,14,17,20,31,35,40,1,2,5,39,7
32,1,2,4,5,37,7,8,38,10,39,12,14,17,28,30,31>4,8,9,11,14,15,17,28,31,32,34,35,37,38,40,1,2,5,39,7
32,34,3,5,6,38,40,9,10,13,14,15,16,20,21,23,24,27>4,6,21,25,32,34,3,5,10,13,14,15,16,20,24
32,34,3,5,6,38,40,9,10,13,14,15,16,20,21,23,24,27>6,9,40,11,23,25,26,31,32,34,3,5,10,13,14,15,16,20,24
32,34,3,5,6,38,40,9,10,13,14,15,16,20,21,23,24,27>38,9,40,21,25,32,34,3,5,10,13,14,15,16,20,24
32,34,3,5,6,38,40,9,10,13,14,15,16,20,21,23,24,27>4,6,38,9,11,12,17,21,23,26,27,31,32,34,3,5,10,13,14,15,16,20,24
32,34,3,5,6,38,40,9,10,13,14,15,16,20,21,23,24,27>6,8,9,12,25,27,31,32,34,3,5,10,13,14,15,16,20,24
32,34,3,5,6,38,40,9,10,13,14,15,16,20,21,23,24,27>38,8,9,11,17,21,32,34,3,5,10,13,14,15,16,20,24
1,4,5,37,7,40,9,10,11,12,13,17,21,22,23,27>34,10,14,20,23,1,5,7,9,11,13,17
1,4,5,37,7,40,9,10,11,12,13,17,21,22,23,27>32,34,40,10,12,16,20,26,27,31,1,5,7,9,11,13,17
1,4,5,37,7,40,9,10,11,12,13,17,21,22,23,27>32,34,4,10,12,14,21,22,28,29,31,1,5,7,9,11,13,17
1,4,5,37,7,40,9,10,11,12,13,17,21,22,23,27>37,14,20,21,23,26,28,29,31,1,5,7,9,11,13,17
1,4,5,37,7,40,9,10,11,12,13,17,21,22,23,27>4,37,40,10,16,21,22,23,31,1,5,7,9,11,13,17
1,4,5,37,7,40,9,10,11,12,13,17,21,22,23,27>39,10,16,20,26,27,29,1,5,7,9,11,13,17
1,4,7,8,9,10,11,12,13,15,16,20,22,23,26,27,28,30,31,32,34,35,36,38>33,40,14,17,20,22,23,24,27,29,32,1,34,35,38,7,9,11,12,13,16,26,28,30,31
1,4,7,8,9,10,11,12,13,15,16,20,22,23,26,27,28,30,31,32,34,35,36,38>4,5,36,8,40,19,20,22,24,32,1,34,35,38,7,9,11,12,13,16,26,28,30,31
1,4,7,8,9,10,11,12,13,15,16,20,22,23,26,27,28,30,31,32,34,35,36,38>5,37,10,14,15,20,23,27,32,1,34,35,38,7,9,11,12,13,16,26,28,30,31
1,4,7,8,9,10,11,12,13,15,16,20,22,23,26,27,28,30,31,32,34,35,36,38>4,5,37,10,19,20,22,23,24,29,32,1,34,35,38,7,9,11,12,13,16,26,28,30,31
1,4,7,8,9,10,11,12,13,15,16,20,22,23,26,27,28,30,31,32,34,35,36,38>33,4,5,37,8,40,10,22,27,29,32,1,34,35,38,7,9,11,12,13,16,26,28,30,31
1,4,7,8,9,10,11,12,13,15,16,20,22,23,26,27,28,30,31,32,34,35,36,38>33,4,36,37,8,10,15,20,22,23,27,32,1,34,35,38,7,9,11,12,13,16,26,28,30,31
3,36,37,6,8,9,40,12,16,17,18,20,21,24,26,28,31>4,5,12,18,21,28,33,34,35,37,40,8,24,3,20
3,36,37,6,8,9,40,12,16,17,18,20,21,24,26,28,31>4,9,12,16,17,21,22,25,26,28,30,31,35,37,39,8,24,3,20
3,36,37,6,8,9,40,12,16,17,18,20,21,24,26,28,31>5,6,9,12,16,17,18,22,36,37,39,8,24,3,20
3,36,37,6,8,9,40,12,16,17,18,20,21,24,26,28,31>5,6,9,12,18,28,31,34,36,37,39,40,8,24,3,20
3,36,37,6,8,9,40,12,16,17,18,20,21,24,26,28,31>5,9,10,12,16,17,21,22,25,26,28,31,34,37,40,8,24,3,20
3,36,37,6,8,9,40,12,16,17,18,20,21,24,26,28,31>4,6,9,10,12,18,21,25,26,35,40,8,24,3,20
32,34,3,4,7,8,12,13,16,17,20,21,22,23,24,25,26,27,30>5,28,29,31,32,34,3,4,16,17,20,24,25,26,27,30
32,34,3,4,7,8,12,13,16,17,20,21,22,23,24,25,26,27,30>8,12,22,23,31,32,34,3,4,16,17,20,24,25,26,27,30
32,34,3,4,7,8,12,13,16,17,20,21,22,23,24,25,26,27,30>5,7,8,12,22,31,32,34,3,4,16,17,20,24,25,26,27,30
32,34,3,4,7,8,12,13,16,17,20,21,22,23,24,25,26,27,30>5,7,9,12,13,22,23,29,31,32,34,3,4,16,17,20,24,25,26,27,30
32,34,3,4,7,8,12,13,16,17,20,21,22,23,24,25,26,27,30>5,40,13,22,23,32,34,3,4,16,17,20,24,25,26,27,30
32,34,3,4,7,8,12,13,16,17,20,21,22,23,24,25,26,27,30>21,29,9,40,32,34,3,4,16,17,20,24,25,26,27,30
1,35,36,5,6,37,8,39,10,14,15,19,22,26,27,30,31>40,10,19,22,26,29,1,35,37,5,39,8,15,30,31
1,35,36,5,6,37,8,39,10,14,15,19,22,26,27,30,31>40,10,11,13,14,18,23,26,28,1,35,37,5,39,8,15,30,31
1,35,36,5,6,37,8,39,10,14,15,19,22,26,27,30,31>32,7,10,14,22,26,27,1,35,37,5,39,8,15,30,31
1,35,36,5,6,37,8,39,10,14,15,19,22,26,27,30,31>32,34,7,40,10,11,12,13,14,18,22,1,35,37,5,39,8,15,30,31
1,35,36,5,6,37,8,39,10,14,15,19,22,26,27,30,31>32,36,7,10,12,18,19,28,1,35,37,5,39,8,15,30,31
1,35,36,5,6,37,8,39,10,14,15,19,22,26,27,30,31>32,34,6,7,11,12,13,19,26,27,28,29,1,35,37,5,39,8,15,30,31
1,2,3,10,12,15,16,17,18,19,21,22,25,27,28,29,30,31,33,36,37,38,39,40>35,38,10,11,16,17,20,30,1,2,3,33,36,39,40,12,18,19,21,22,27,28,29,31
1,2,3,10,12,15,16,17,18,19,21,22,25,27,28,29,30,31,33,36,37,38,39,40>35,37,15,16,17,23,1,2,3,33,36,39,40,12,18,19,21,22,27,28,29,31
1,2,3,10,12,15,16,17,18,19,21,22,25,27,28,29,30,31,33,36,37,38,39,40>32,35,6,37,38,11,13,1,2,3,33,36,39,40,12,18,19,21,22,27,28,29,31
1,2,3,10,12,15,16,17,18,19,21,22,25,27,28,29,30,31,33,36,37,38,39,40>4,6,38,13,16,17,20,30,1,2,3,33,36,39,40,12,18,19,21,22,27,28,29,31
1,2,3,10,12,15,16,17,18,19,21,22,25,27,28,29,30,31,33,36,37,38,39,40>5,6,10,13,15,16,20,1,2,3,33,36,39,40,12,18,19,21,22,27,28,29,31
1,2,3,10,12,15,16,17,18,19,21,22,25,27,28,29,30,31,33,36,37,38,39,40>35,5,6,37,11,13,1,2,3,33,36,39,40,12,18,19,21,22,27,28,29,31
1,2,3,33,35,6,37,39,10,13,14,16,17,18,20,24,26,29,31>8,10,11,18,22,29,30,1,2,3,35,37,6,39,13,14,16,17,20,24
1,2,3,33,35,6,37,39,10,13,14,16,17,18,20,24,26,29,31>33,5,18,25,29,1,2,3,35,37,6,39,13,14,16,17,20,24
1,2,3,33,35,6,37,39,10,13,14,16,17,18,20,24,26,29,31>5,36,8,11,15,26,31,1,2,3,35,37,6,39,13,14,16,17,20,24
1,2,3,33,35,6,37,39,10,13,14,16,17,18,20,24,26,29,31>4,5,7,8,10,18,29,1,2,3,35,37,6,39,13,14,16,17,20,24
1,2,3,33,35,6,37,39,10,13,14,16,17,18,20,24,26,29,31>33,4,36,7,10,15,25,26,29,30,31,1,2,3,35,37,6,39,13,14,16,17,20,24
1,2,3,33,35,6,37,39,10,13,14,16,17,18,20,24,26,29,31>33,4,5,36,7,10,11,15,18,22,29,31,1,2,3,35,37,6,39,13,14,16,17,20,24
5,6,7,8,12,14,15,16,17,20,22,23,24,25,26,27,29,30,34,37,38,39,40>32,38,16,17,23,31,5,8,40,15,20,24,25,26,27,29,30
5,6,7,8,12,14,15,16,17,20,22,23,24,25,26,27,29,30,34,37,38,39,40>32,34,38,9,39,12,17,22,23,5,8,40,15,20,24,25,26,27,29,30
5,6,7,8,12,14,15,16,17,20,22,23,24,25,26,27,29,30,34,37,38,39,40>32,34,6,9,39,14,16,17,23,28,31,5,8,40,15,20,24,25,26,27,29,30
5,6,7,8,12,14,15,16,17,20,22,23,24,25,26,27,29,30,34,37,38,39,40>37,6,38,9,14,16,22,31,5,8,40,15,20,24,25,26,27,29,30
5,6,7,8,12,14,15,16,17,20,22,23,24,25,26,27,29,30,34,37,38,39,40>32,34,7,9,12,22,23,31,5,8,40,15,20,24,25,26,27,29,30
5,6,7,8,12,14,15,16,17,20,22,23,24,25,26,27,29,30,34,37,38,39,40>34,37,7,9,12,17,22,31,5,8,40,15,20,24,25,26,27,29,30
1,2,3,4,5,6,7,9,12,13,16,18,23,24,25,27,28,29,31,32,35,36,39,40>33,6,8,12,17,18,22,24,26,28,32,1,2,3,4,5,35,7,39,9,16,25,27,31
1,2,3,4,5,6,7,9,12,13,16,18,23,24,25,27,28,29,31,32,35,36,39,40>37,6,8,40,10,13,14,18,22,23,24,32,1,2,3,4,5,35,7,39,9,16,25,27,31
1,2,3,4,5,6,7,9,12,13,16,18,23,24,25,27,28,29,31,32,35,36,39,40>37,6,13,17,18,26,29,32,1,2,3,4,5,35,7,39,9,16,25,27,31
1,2,3,4,5,6,7,9,12,13,16,18,23,24,25,27,28,29,31,32,35,36,39,40>36,38,8,40,10,12,17,18,22,23,32,1,2,3,4,5,35,7,39,9,16,25,27,31
1,2,3,4,5,6,7,9,12,13,16,18,23,24,25,27,28,29,31,32,35,36,39,40>33,36,38,12,13,14,17,22,23,28,29,32,1,2,3,4,5,35,7,39,9,16,25,27,31
1,2,3,4,5,6,7,9,12,13,16,18,23,24,25,27,28,29,31,32,35,36,39,40>33,6,38,8,12,13,14,17,18,24,26,32,1,2,3,4,5,35,7,39,9,16,25,27,31
32,1,33,34,36,37,38,7,9,13,14,15,18,21,22,23,26,31>32,7,16,20,23,28,30,31,1,34,36,38,9,14,15,21,22,26
32,1,33,34,36,37,38,7,9,13,14,15,18,21,22,23,26,31>32,7,16,17,28,29,30,1,34,36,38,9,14,15,21,22,26
32,1,33,34,36,37,38,7,9,13,14,15,18,21,22,23,26,31>32,33,37,13,28,29,31,1,34,36,38,9,14,15,21,22,26
32,1,33,34,36,37,38,7,9,13,14,15,18,21,22,23,26,31>35,37,16,28,29,1,34,36,38,9,14,15,21,22,26
32,1,33,34,36,37,38,7,9,13,14,15,18,21,22,23,26,31>5,37,17,18,20,28,29,1,34,36,38,9,14,15,21,22,26
32,1,33,34,36,37,38,7,9,13,14,15,18,21,22,23,26,31>35,5,37,7,16,17,18,20,1,34,36,38,9,14,15,21,22,26
1,6,9,10,13,14,16,17,18,20,24,25,26,27,31,33,34,36,37,38,39>7,8,9,37,38,15,18,22,26,30,1,34,36,10,13,14,16,17,20,24,25,27,31
1,6,9,10,13,14,16,17,18,20,24,25,26,27,31,33,34,36,37,38,39>33,5,7,11,38,39,26,30,1,34,36,10,13,14,16,17,20,24,25,27,31
1,6,9,10,13,14,16,17,18,20,24,25,26,27,31,33,34,36,37,38,39>32,33,35,5,7,8,9,37,38,39,18,22,26,1,34,36,10,13,14,16,17,20,24,25,27,31
1,6,9,10,13,14,16,17,18,20,24,25,26,27,31,33,34,36,37,38,39>32,33,6,37,38,39,15,18,22,30,1,34,36,10,13,14,16,17,20,24,25,27,31
1,6,9,10,13,14,16,17,18,20,24,25,26,27,31,33,34,36,37,38,39>32,5,6,9,37,38,39,15,22,30,1,34,36,10,13,14,16,17,20,24,25,27,31
1,6,9,10,13,14,16,17,18,20,24,25,26,27,31,33,34,36,37,38,39>33,5,6,7,37,11,38,39,18,22,30,1,34,36,10,13,14,16,17,20,24,25,27,31
