CD45,CD8,TCRlig,TCbind,PAGCsk,LCK,Fyn,Rlk,TCRphos,ZAP70,cCbl,Itk,LAT,Gads,Slp76,PLCg_b,Grb2Sos,DAG,PLCg_a,Ras,RasGRP1,PKCth,IP3,Raf,MEK,Ca,ERK,SEK,IKK,Calcin,Rsk,Fos,JNK,IkB,CREB,Jun,CRE,AP1,NFkB,NFAT
2,4,10,11,12,13,14,15,20,22,23,24,28,30,31,32,33,34,36,37,40>16,17,23,25,30,33,2,34,36,40,11,12,13,14,15,24,28
2,4,10,11,12,13,14,15,20,22,23,24,28,30,31,32,33,34,36,37,40>35,37,17,20,22,26,33,2,34,36,40,11,12,13,14,15,24,28
2,4,10,11,12,13,14,15,20,22,23,24,28,30,31,32,33,34,36,37,40>35,4,37,16,17,20,31,33,2,34,36,40,11,12,13,14,15,24,28
2,4,10,11,12,13,14,15,20,22,23,24,28,30,31,32,33,34,36,37,40>32,35,4,37,10,16,17,25,26,30,31,33,2,34,36,40,11,12,13,14,15,24,28
2,4,10,11,12,13,14,15,20,22,23,24,28,30,31,32,33,34,36,37,40>32,35,4,38,10,16,20,22,29,30,33,2,34,36,40,11,12,13,14,15,24,28
2,4,10,11,12,13,14,15,20,22,23,24,28,30,31,32,33,34,36,37,40>35,37,38,10,16,17,23,25,26,31,33,2,34,36,40,11,12,13,14,15,24,28
2,4,10,11,12,13,14,15,20,22,23,24,28,30,31,32,33,34,36,37,40>32,35,37,38,10,16,17,20,26,29,30,31,33,2,34,36,40,11,12,13,14,15,24,28
2,4,10,11,12,13,14,15,20,22,23,24,28,30,31,32,33,34,36,37,40>32,4,37,38,10,26,31,33,2,34,36,40,11,12,13,14,15,24,28
1,2,3,4,8,9,40,11,13,14,18,21,22,24,27,28,29,31>33,7,9,11,13,16,17,1,2,3,14,21,22,28,29,31
1,2,3,4,8,9,40,11,13,14,18,21,22,24,27,28,29,31>32,35,7,8,9,39,15,16,17,18,24,27,1,2,3,14,21,22,28,29,31
1,2,3,4,8,9,40,11,13,14,18,21,22,24,27,28,29,31>33,35,8,9,39,11,13,16,17,18,27,1,2,3,14,21,22,28,29,31
1,2,3,4,8,9,40,11,13,14,18,21,22,24,27,28,29,31>32,33,35,7,8,11,40,15,20,1,2,3,14,21,22,28,29,31
1,2,3,4,8,9,40,11,13,14,18,21,22,24,27,28,29,31>32,33,6,39,11,40,13,16,17,18,24,25,27,1,2,3,14,21,22,28,29,31
1,2,3,4,8,9,40,11,13,14,18,21,22,24,27,28,29,31>4,6,8,39,11,16,24,1,2,3,14,21,22,28,29,31
1,2,3,4,8,9,40,11,13,14,18,21,22,24,27,28,29,31>4,6,7,11,16,17,25,1,2,3,14,21,22,28,29,31
1,2,3,4,8,9,40,11,13,14,18,21,22,24,27,28,29,31>33,4,6,39,40,15,16,20,24,25,1,2,3,14,21,22,28,29,31
2,35,38,39,10,12,13,14,15,19,22,24,27,29,30,31>37,10,16,17,18,19,25,27,2,35,39,12,13,14,15,29,31
2,35,38,39,10,12,13,14,15,19,22,24,27,29,30,31>37,38,10,11,18,22,23,25,2,35,39,12,13,14,15,29,31
2,35,38,39,10,12,13,14,15,19,22,24,27,29,30,31>37,38,10,18,19,22,28,30,2,35,39,12,13,14,15,29,31
2,35,38,39,10,12,13,14,15,19,22,24,27,29,30,31>32,37,38,10,11,24,25,27,30,2,35,39,12,13,14,15,29,31
2,35,38,39,10,12,13,14,15,19,22,24,27,29,30,31>32,5,37,38,17,19,27,30,2,35,39,12,13,14,15,29,31
2,35,38,39,10,12,13,14,15,19,22,24,27,29,30,31>37,38,40,11,16,18,19,22,23,24,27,28,2,35,39,12,13,14,15,29,31
2,35,38,39,10,12,13,14,15,19,22,24,27,29,30,31>5,37,38,40,17,18,19,23,28,2,35,39,12,13,14,15,29,31
2,35,38,39,10,12,13,14,15,19,22,24,27,29,30,31>32,5,37,38,40,10,18,19,23,25,27,2,35,39,12,13,14,15,29,31
32,34,35,4,37,7,8,39,10,11,12,16,17,20,21,22,24,28,31>33,8,39,21,22,31,34,35,37,11,20,24,28
32,34,35,4,37,7,8,39,10,11,12,16,17,20,21,22,24,28,31>33,5,8,9,39,16,17,21,22,25,34,35,37,11,20,24,28
32,34,35,4,37,7,8,39,10,11,12,16,17,20,21,22,24,28,31>32,33,5,13,16,21,22,25,29,31,34,35,37,11,20,24,28
32,34,35,4,37,7,8,39,10,11,12,16,17,20,21,22,24,28,31>4,5,8,9,10,39,12,16,17,21,22,25,29,31,34,35,37,11,20,24,28
32,34,35,4,37,7,8,39,10,11,12,16,17,20,21,22,24,28,31>32,4,5,39,12,13,16,21,29,34,35,37,11,20,24,28
32,34,35,4,37,7,8,39,10,11,12,16,17,20,21,22,24,28,31>7,12,13,17,25,31,34,35,37,11,20,24,28
32,34,35,4,37,7,8,39,10,11,12,16,17,20,21,22,24,28,31>32,7,10,12,17,21,22,34,35,37,11,20,24,28
32,34,35,4,37,7,8,39,10,11,12,16,17,20,21,22,24,28,31>32,33,5,7,9,10,12,13,29,34,35,37,11,20,24,28
2,3,4,6,7,9,10,12,16,20,21,22,23,25,27,31,34,35,36,37,40>36,40,12,21,22,24,26,2,3,4,34,35,37,9,10,20,27,31
2,3,4,6,7,9,10,12,16,20,21,22,23,25,27,31,34,35,36,37,40>32,6,40,11,13,16,25,28,29,2,3,4,34,35,37,9,10,20,27,31
2,3,4,6,7,9,10,12,16,20,21,22,23,25,27,31,34,35,36,37,40>32,36,6,40,11,13,21,23,2,3,4,34,35,37,9,10,20,27,31
2,3,4,6,7,9,10,12,16,20,21,22,23,25,27,31,34,35,36,37,40>32,5,6,12,16,21,23,24,26,29,2,3,4,34,35,37,9,10,20,27,31
2,3,4,6,7,9,10,12,16,20,21,22,23,25,27,31,34,35,36,37,40>36,5,6,22,25,26,28,29,2,3,4,34,35,37,9,10,20,27,31
2,3,4,6,7,9,10,12,16,20,21,22,23,25,27,31,34,35,36,37,40>32,6,7,8,40,11,12,16,21,23,24,26,28,29,2,3,4,34,35,37,9,10,20,27,31
2,3,4,6,7,9,10,12,16,20,21,22,23,25,27,31,34,35,36,37,40>32,5,6,7,8,40,11,12,16,23,24,25,29,2,3,4,34,35,37,9,10,20,27,31
2,3,4,6,7,9,10,12,16,20,21,22,23,25,27,31,34,35,36,37,40>32,36,5,6,7,12,13,21,22,23,24,28,29,2,3,4,34,35,37,9,10,20,27,31
3,4,35,38,39,40,9,10,12,18,21,22,24,26,27,28>10,12,20,30,32,34,35,3,4,39,21,22,28
3,4,35,38,39,40,9,10,12,18,21,22,24,26,27,28>10,12,20,24,25,29,31,33,35,37,40,3,4,39,21,22,28
3,4,35,38,39,40,9,10,12,18,21,22,24,26,27,28>11,12,18,25,32,33,34,38,40,3,4,39,21,22,28
3,4,35,38,39,40,9,10,12,18,21,22,24,26,27,28>10,11,12,20,26,33,35,37,38,40,3,4,39,21,22,28
3,4,35,38,39,40,9,10,12,18,21,22,24,26,27,28>9,13,24,27,29,30,34,37,38,40,3,4,39,21,22,28
3,4,35,38,39,40,9,10,12,18,21,22,24,26,27,28>12,13,25,26,29,30,32,33,38,40,3,4,39,21,22,28
3,4,35,38,39,40,9,10,12,18,21,22,24,26,27,28>11,13,18,20,25,27,29,34,38,40,3,4,39,21,22,28
3,4,35,38,39,40,9,10,12,18,21,22,24,26,27,28>12,13,20,26,27,30,31,32,33,35,38,40,3,4,39,21,22,28
32,33,2,34,4,5,36,38,39,12,13,16,18,23,24,25,26,28,29,31>35,5,39,12,17,28,29,30,33,2,36,38,16,25,26
32,33,2,34,4,5,36,38,39,12,13,16,18,23,24,25,26,28,29,31>35,5,12,13,24,27,29,30,33,2,36,38,16,25,26
32,33,2,34,4,5,36,38,39,12,13,16,18,23,24,25,26,28,29,31>32,35,5,39,13,14,18,22,23,27,31,33,2,36,38,16,25,26
32,33,2,34,4,5,36,38,39,12,13,16,18,23,24,25,26,28,29,31>32,35,5,17,18,22,24,27,31,33,2,36,38,16,25,26
32,33,2,34,4,5,36,38,39,12,13,16,18,23,24,25,26,28,29,31>34,35,5,12,13,14,22,23,30,33,2,36,38,16,25,26
32,33,2,34,4,5,36,38,39,12,13,16,18,23,24,25,26,28,29,31>34,4,5,12,14,17,18,23,24,30,31,33,2,36,38,16,25,26
32,33,2,34,4,5,36,38,39,12,13,16,18,23,24,25,26,28,29,31>32,34,4,5,14,17,18,22,24,27,28,29,31,33,2,36,38,16,25,26
32,33,2,34,4,5,36,38,39,12,13,16,18,23,24,25,26,28,29,31>35,4,5,39,12,17,18,23,27,29,30,33,2,36,38,16,25,26
1,2,4,6,7,9,10,12,13,14,15,16,17,19,20,22,23,24,27,28,30,33,34,39,40>32,4,5,8,11,25,29,1,2,33,34,6,7,40,9,10,12,13,14,15,16,17,19,20,23,24,28
1,2,4,6,7,9,10,12,13,14,15,16,17,19,20,22,23,24,27,28,30,33,34,39,40>4,36,11,18,27,29,30,1,2,33,34,6,7,40,9,10,12,13,14,15,16,17,19,20,23,24,28
1,2,4,6,7,9,10,12,13,14,15,16,17,19,20,22,23,24,27,28,30,33,34,39,40>32,4,36,8,18,22,25,26,29,30,31,1,2,33,34,6,7,40,9,10,12,13,14,15,16,17,19,20,23,24,28
1,2,4,6,7,9,10,12,13,14,15,16,17,19,20,22,23,24,27,28,30,33,34,39,40>36,39,18,25,26,30,31,1,2,33,34,6,7,40,9,10,12,13,14,15,16,17,19,20,23,24,28
1,2,4,6,7,9,10,12,13,14,15,16,17,19,20,22,23,24,27,28,30,33,34,39,40>32,5,39,8,22,26,27,1,2,33,34,6,7,40,9,10,12,13,14,15,16,17,19,20,23,24,28
1,2,4,6,7,9,10,12,13,14,15,16,17,19,20,22,23,24,27,28,30,33,34,39,40>4,5,39,8,11,18,30,31,1,2,33,34,6,7,40,9,10,12,13,14,15,16,17,19,20,23,24,28
1,2,4,6,7,9,10,12,13,14,15,16,17,19,20,22,23,24,27,28,30,33,34,39,40>4,5,39,8,11,18,25,26,27,29,30,1,2,33,34,6,7,40,9,10,12,13,14,15,16,17,19,20,23,24,28
1,2,4,6,7,9,10,12,13,14,15,16,17,19,20,22,23,24,27,28,30,33,34,39,40>36,39,8,22,25,26,30,1,2,33,34,6,7,40,9,10,12,13,14,15,16,17,19,20,23,24,28
1,34,3,36,37,6,7,9,11,13,14,16,22,23,26,28,29,30>40,15,36,17,1,3,7,9,14,16,26,28,29,30
1,34,3,36,37,6,7,9,11,13,14,16,22,23,26,28,29,30>33,34,36,8,11,15,22,23,1,3,7,9,14,16,26,28,29,30
1,34,3,36,37,6,7,9,11,13,14,16,22,23,26,28,29,30>33,5,40,13,15,17,22,1,3,7,9,14,16,26,28,29,30
1,34,3,36,37,6,7,9,11,13,14,16,22,23,26,28,29,30>33,34,36,5,37,8,11,13,15,1,3,7,9,14,16,26,28,29,30
1,34,3,36,37,6,7,9,11,13,14,16,22,23,26,28,29,30>34,36,6,37,11,15,17,1,3,7,9,14,16,26,28,29,30
1,34,3,36,37,6,7,9,11,13,14,16,22,23,26,28,29,30>33,34,36,6,8,13,15,23,1,3,7,9,14,16,26,28,29,30
1,34,3,36,37,6,7,9,11,13,14,16,22,23,26,28,29,30>34,5,6,8,15,17,22,1,3,7,9,14,16,26,28,29,30
1,34,3,36,37,6,7,9,11,13,14,16,22,23,26,28,29,30>33,34,5,6,13,15,22,23,1,3,7,9,14,16,26,28,29,30
1,2,4,5,6,7,8,9,15,20,22,23,25,26,27,30,31,32,34,35,36,37,40>22,24,20,32,1,2,34,35,5,37,7,8,9,40,26,27,30,31
1,2,4,5,6,7,8,9,15,20,22,23,25,26,27,30,31,32,34,35,36,37,40>22,4,23,20,32,1,2,34,35,5,37,7,8,9,40,26,27,30,31
1,2,4,5,6,7,8,9,15,20,22,23,25,26,27,30,31,32,34,35,36,37,40>4,36,24,28,32,1,2,34,35,5,37,7,8,9,40,26,27,30,31
1,2,4,5,6,7,8,9,15,20,22,23,25,26,27,30,31,32,34,35,36,37,40>4,6,15,20,22,28,29,32,1,2,34,35,5,37,7,8,9,40,26,27,30,31
1,2,4,5,6,7,8,9,15,20,22,23,25,26,27,30,31,32,34,35,36,37,40>36,6,38,22,23,24,28,29,32,1,2,34,35,5,37,7,8,9,40,26,27,30,31
1,2,4,5,6,7,8,9,15,20,22,23,25,26,27,30,31,32,34,35,36,37,40>4,10,15,32,1,2,34,35,5,37,7,8,9,40,26,27,30,31
1,2,4,5,6,7,8,9,15,20,22,23,25,26,27,30,31,32,34,35,36,37,40>36,6,10,32,1,2,34,35,5,37,7,8,9,40,26,27,30,31
1,2,4,5,6,7,8,9,15,20,22,23,25,26,27,30,31,32,34,35,36,37,40>36,38,10,15,22,23,28,32,1,2,34,35,5,37,7,8,9,40,26,27,30,31
32,1,2,3,4,34,35,36,40,9,11,12,13,17,18,20,22,24,25,30>7,37,9,11,13,16,18,21,27,1,2,3,34,40,17,20,22,24,25
32,1,2,3,4,34,35,36,40,9,11,12,13,17,18,20,22,24,25,30>32,36,9,38,12,18,27,28,29,30,1,2,3,34,40,17,20,22,24,25
32,1,2,3,4,34,35,36,40,9,11,12,13,17,18,20,22,24,25,30>32,35,36,7,37,9,38,12,16,18,21,27,28,1,2,3,34,40,17,20,22,24,25
32,1,2,3,4,34,35,36,40,9,11,12,13,17,18,20,22,24,25,30>4,36,13,14,21,28,29,1,2,3,34,40,17,20,22,24,25
32,1,2,3,4,34,35,36,40,9,11,12,13,17,18,20,22,24,25,30>35,4,36,9,12,14,21,28,29,1,2,3,34,40,17,20,22,24,25
32,1,2,3,4,34,35,36,40,9,11,12,13,17,18,20,22,24,25,30>35,4,36,7,37,11,12,13,14,18,21,29,30,1,2,3,34,40,17,20,22,24,25
32,1,2,3,4,34,35,36,40,9,11,12,13,17,18,20,22,24,25,30>32,6,11,14,16,18,21,29,30,1,2,3,34,40,17,20,22,24,25
32,1,2,3,4,34,35,36,40,9,11,12,13,17,18,20,22,24,25,30>32,35,6,7,37,38,11,12,16,21,29,30,1,2,3,34,40,17,20,22,24,25
33,3,4,36,37,7,40,12,13,15,29,30>12,13,14,16,29,40,3,4,36
33,3,4,36,37,7,40,12,13,15,29,30>33,5,12,16,17,40,3,4,36
33,3,4,36,37,7,40,12,13,15,29,30>33,37,9,13,17,29,40,3,4,36
33,3,4,36,37,7,40,12,13,15,29,30>5,37,7,39,13,15,16,29,30,40,3,4,36
33,3,4,36,37,7,40,12,13,15,29,30>7,39,9,14,29,40,3,4,36
33,3,4,36,37,7,40,12,13,15,29,30>33,7,39,12,14,29,40,3,4,36
33,3,4,36,37,7,40,12,13,15,29,30>37,7,39,12,13,16,30,40,3,4,36
33,3,4,36,37,7,40,12,13,15,29,30>5,37,7,39,9,12,13,14,16,40,3,4,36
3,4,6,8,9,10,14,15,16,17,19,21,23,25,26,28,29,32,33,34,35,36,39>6,12,13,17,20,21,25,27,30,32,34,35,37,38,33,3,4,36,8,9,10,15,19,23,26
3,4,6,8,9,10,14,15,16,17,19,21,23,25,26,28,29,32,33,34,35,36,39>11,12,13,18,20,28,30,34,37,38,33,3,4,36,8,9,10,15,19,23,26
3,4,6,8,9,10,14,15,16,17,19,21,23,25,26,28,29,32,33,34,35,36,39>6,11,12,13,28,34,35,38,39,33,3,4,36,8,9,10,15,19,23,26
3,4,6,8,9,10,14,15,16,17,19,21,23,25,26,28,29,32,33,34,35,36,39>6,12,13,16,17,20,25,27,28,30,32,35,38,39,33,3,4,36,8,9,10,15,19,23,26
3,4,6,8,9,10,14,15,16,17,19,21,23,25,26,28,29,32,33,34,35,36,39>6,14,18,25,27,28,29,32,35,33,3,4,36,8,9,10,15,19,23,26
3,4,6,8,9,10,14,15,16,17,19,21,23,25,26,28,29,32,33,34,35,36,39>11,13,14,18,25,28,34,35,37,38,39,33,3,4,36,8,9,10,15,19,23,26
3,4,6,8,9,10,14,15,16,17,19,21,23,25,26,28,29,32,33,34,35,36,39>6,12,13,14,16,17,18,21,28,32,34,35,37,33,3,4,36,8,9,10,15,19,23,26
3,4,6,8,9,10,14,15,16,17,19,21,23,25,26,28,29,32,33,34,35,36,39>11,12,13,14,16,17,18,20,28,29,30,35,37,38,33,3,4,36,8,9,10,15,19,23,26
1,5,6,7,8,12,13,14,19,20,25,26,27,28,30,31,33,34,38,39,40>35,39,9,17,18,19,20,24,25,26,28,1,33,34,5,7,8,40,14,27,30,31
1,5,6,7,8,12,13,14,19,20,25,26,27,28,30,31,33,34,38,39,40>36,6,39,15,16,19,24,25,1,33,34,5,7,8,40,14,27,30,31
1,5,6,7,8,12,13,14,19,20,25,26,27,28,30,31,33,34,38,39,40>36,6,39,9,16,20,23,26,1,33,34,5,7,8,40,14,27,30,31
1,5,6,7,8,12,13,14,19,20,25,26,27,28,30,31,33,34,38,39,40>32,35,36,6,39,12,15,17,18,25,26,28,1,33,34,5,7,8,40,14,27,30,31
1,5,6,7,8,12,13,14,19,20,25,26,27,28,30,31,33,34,38,39,40>32,35,36,38,9,12,13,15,19,25,28,1,33,34,5,7,8,40,14,27,30,31
1,5,6,7,8,12,13,14,19,20,25,26,27,28,30,31,33,34,38,39,40>36,38,39,16,17,18,20,23,24,25,26,28,1,33,34,5,7,8,40,14,27,30,31
1,5,6,7,8,12,13,14,19,20,25,26,27,28,30,31,33,34,38,39,40>32,36,38,9,12,13,17,23,25,28,1,33,34,5,7,8,40,14,27,30,31
1,5,6,7,8,12,13,14,19,20,25,26,27,28,30,31,33,34,38,39,40>32,35,36,38,39,12,13,15,16,18,19,20,1,33,34,5,7,8,40,14,27,30,31
1,2,3,4,5,7,8,11,12,13,14,16,17,18,22,25,29,31,32,34,37,38>34,12,18,21,28,31,1,2,3,5,7,14,16,17,22,29
1,2,3,4,5,7,8,11,12,13,14,16,17,18,22,25,29,31,32,34,37,38>32,34,35,38,8,9,11,12,15,21,25,27,28,31,1,2,3,5,7,14,16,17,22,29
1,2,3,4,5,7,8,11,12,13,14,16,17,18,22,25,29,31,32,34,37,38>4,38,8,11,20,21,25,27,31,1,2,3,5,7,14,16,17,22,29
1,2,3,4,5,7,8,11,12,13,14,16,17,18,22,25,29,31,32,34,37,38>34,4,38,9,15,18,20,21,27,1,2,3,5,7,14,16,17,22,29
1,2,3,4,5,7,8,11,12,13,14,16,17,18,22,25,29,31,32,34,37,38>34,35,4,38,15,18,20,31,1,2,3,5,7,14,16,17,22,29
1,2,3,4,5,7,8,11,12,13,14,16,17,18,22,25,29,31,32,34,37,38>34,37,20,25,27,31,1,2,3,5,7,14,16,17,22,29
1,2,3,4,5,7,8,11,12,13,14,16,17,18,22,25,29,31,32,34,37,38>32,34,37,38,12,21,25,27,31,1,2,3,5,7,14,16,17,22,29
1,2,3,4,5,7,8,11,12,13,14,16,17,18,22,25,29,31,32,34,37,38>32,34,35,4,37,11,12,13,15,18,20,21,27,28,1,2,3,5,7,14,16,17,22,29
33,34,35,36,5,37,38,11,14,16,18,19,21,23,25,26,29,30>20,22,14,36,37,5,18,23,26,30
33,34,35,36,5,37,38,11,14,16,18,19,21,23,25,26,29,30>35,14,15,22,25,27,36,37,5,18,23,26,30
33,34,35,36,5,37,38,11,14,16,18,19,21,23,25,26,29,30>35,14,15,16,19,36,37,5,18,23,26,30
33,34,35,36,5,37,38,11,14,16,18,19,21,23,25,26,29,30>33,34,35,11,14,16,22,27,29,36,37,5,18,23,26,30
33,34,35,36,5,37,38,11,14,16,18,19,21,23,25,26,29,30>33,38,15,16,20,21,25,27,29,36,37,5,18,23,26,30
33,34,35,36,5,37,38,11,14,16,18,19,21,23,25,26,29,30>34,40,14,15,20,25,29,36,37,5,18,23,26,30
33,34,35,36,5,37,38,11,14,16,18,19,21,23,25,26,29,30>33,34,40,14,15,19,21,27,36,37,5,18,23,26,30
33,34,35,36,5,37,38,11,14,16,18,19,21,23,25,26,29,30>33,34,38,40,11,15,20,21,22,27,29,36,37,5,18,23,26,30
33,2,34,4,38,7,10,12,13,14,16,19,20,21,24,26,27,28,30,31>4,12,15,17,21,23,32,33,2,34,13,14,16,20,24,30,31
33,2,34,4,38,7,10,12,13,14,16,19,20,21,24,26,27,28,30,31>7,11,12,15,18,19,25,27,28,32,40,33,2,34,13,14,16,20,24,30,31
33,2,34,4,38,7,10,12,13,14,16,19,20,21,24,26,27,28,30,31>4,7,18,21,32,35,33,2,34,13,14,16,20,24,30,31
33,2,34,4,38,7,10,12,13,14,16,19,20,21,24,26,27,28,30,31>4,10,11,17,18,19,25,26,35,38,33,2,34,13,14,16,20,24,30,31
33,2,34,4,38,7,10,12,13,14,16,19,20,21,24,26,27,28,30,31>7,10,12,15,17,19,21,26,27,35,33,2,34,13,14,16,20,24,30,31
33,2,34,4,38,7,10,12,13,14,16,19,20,21,24,26,27,28,30,31>4,5,7,10,12,15,18,19,21,23,26,36,40,33,2,34,13,14,16,20,24,30,31
33,2,34,4,38,7,10,12,13,14,16,19,20,21,24,26,27,28,30,31>4,5,9,10,11,15,17,19,21,23,26,27,36,33,2,34,13,14,16,20,24,30,31
33,2,34,4,38,7,10,12,13,14,16,19,20,21,24,26,27,28,30,31>7,9,10,11,18,19,25,26,35,40,33,2,34,13,14,16,20,24,30,31
1,2,3,5,7,12,13,14,15,17,21,24,25,27,30,31,34,35,36,37,38,39>16,36,21,39,1,2,3,34,5,35,37,14,15,17,25,27,31
1,2,3,5,7,12,13,14,15,17,21,24,25,27,30,31,34,35,36,37,38,39>38,20,39,1,2,3,34,5,35,37,14,15,17,25,27,31
1,2,3,5,7,12,13,14,15,17,21,24,25,27,30,31,34,35,36,37,38,39>38,9,40,13,16,20,21,24,1,2,3,34,5,35,37,14,15,17,25,27,31
1,2,3,5,7,12,13,14,15,17,21,24,25,27,30,31,34,35,36,37,38,39>32,38,7,13,21,24,30,1,2,3,34,5,35,37,14,15,17,25,27,31
1,2,3,5,7,12,13,14,15,17,21,24,25,27,30,31,34,35,36,37,38,39>16,13,36,7,1,2,3,34,5,35,37,14,15,17,25,27,31
1,2,3,5,7,12,13,14,15,17,21,24,25,27,30,31,34,35,36,37,38,39>32,4,36,7,39,9,12,13,20,1,2,3,34,5,35,37,14,15,17,25,27,31
1,2,3,5,7,12,13,14,15,17,21,24,25,27,30,31,34,35,36,37,38,39>32,38,7,39,9,40,13,16,24,1,2,3,34,5,35,37,14,15,17,25,27,31
1,2,3,5,7,12,13,14,15,17,21,24,25,27,30,31,34,35,36,37,38,39>32,4,36,38,7,9,12,16,21,30,1,2,3,34,5,35,37,14,15,17,25,27,31
1,2,4,5,8,9,10,11,12,13,15,16,17,19,20,24,26,28,29,31,33,34,35,36,37,38,39>10,30,23,9,1,2,33,35,36,37,11,12,13,16,17,19,20,24
1,2,4,5,8,9,10,11,12,13,15,16,17,19,20,24,26,28,29,31,33,34,35,36,37,38,39>5,38,7,8,9,14,15,18,23,25,26,29,1,2,33,35,36,37,11,12,13,16,17,19,20,24
1,2,4,5,8,9,10,11,12,13,15,16,17,19,20,24,26,28,29,31,33,34,35,36,37,38,39>4,10,39,14,18,23,26,30,31,1,2,33,35,36,37,11,12,13,16,17,19,20,24
1,2,4,5,8,9,10,11,12,13,15,16,17,19,20,24,26,28,29,31,33,34,35,36,37,38,39>34,5,10,39,23,30,1,2,33,35,36,37,11,12,13,16,17,19,20,24
1,2,4,5,8,9,10,11,12,13,15,16,17,19,20,24,26,28,29,31,33,34,35,36,37,38,39>34,4,5,10,39,14,15,25,26,28,29,30,31,1,2,33,35,36,37,11,12,13,16,17,19,20,24
1,2,4,5,8,9,10,11,12,13,15,16,17,19,20,24,26,28,29,31,33,34,35,36,37,38,39>34,7,8,9,10,14,15,18,25,26,30,1,2,33,35,36,37,11,12,13,16,17,19,20,24
1,2,4,5,8,9,10,11,12,13,15,16,17,19,20,24,26,28,29,31,33,34,35,36,37,38,39>5,38,7,8,9,39,14,23,25,26,28,30,1,2,33,35,36,37,11,12,13,16,17,19,20,24
1,2,4,5,8,9,10,11,12,13,15,16,17,19,20,24,26,28,29,31,33,34,35,36,37,38,39>4,5,38,7,8,10,39,18,25,26,1,2,33,35,36,37,11,12,13,16,17,19,20,24
34,3,4,5,36,39,8,40,10,12,14,15,18,21,22,27,30>32,36,18,29,30,31,34,3,4,40,12,15,21,22
34,3,4,5,36,39,8,40,10,12,14,15,18,21,22,27,30>36,5,10,13,14,18,20,28,31,34,3,4,40,12,15,21,22
34,3,4,5,36,39,8,40,10,12,14,15,18,21,22,27,30>36,5,39,10,14,18,31,34,3,4,40,12,15,21,22
34,3,4,5,36,39,8,40,10,12,14,15,18,21,22,27,30>36,5,39,13,20,28,34,3,4,40,12,15,21,22
34,3,4,5,36,39,8,40,10,12,14,15,18,21,22,27,30>8,20,28,30,31,34,3,4,40,12,15,21,22
34,3,4,5,36,39,8,40,10,12,14,15,18,21,22,27,30>5,8,10,11,13,20,27,28,29,34,3,4,40,12,15,21,22
34,3,4,5,36,39,8,40,10,12,14,15,18,21,22,27,30>32,36,39,8,11,14,28,31,34,3,4,40,12,15,21,22
34,3,4,5,36,39,8,40,10,12,14,15,18,21,22,27,30>5,39,8,10,18,31,34,3,4,40,12,15,21,22
