CD45,CD8,TCRlig,TCbind,PAGCsk,LCK,Fyn,Rlk,TCRphos,ZAP70,cCbl,Itk,LAT,Gads,Slp76,PLCg_b,Grb2Sos,DAG,PLCg_a,Ras,RasGRP1,PKCth,IP3,Raf,MEK,Ca,ERK,SEK,IKK,Calcin,Rsk,Fos,JNK,IkB,CREB,Jun,CRE,AP1,NFkB,NFAT
33,35,36,5,8,40,12,13,14,16,17,18,20,21,25,28,29,31>40,12,18,21,29,31,33,35,36,5,14,16,17,20
33,35,36,5,8,40,12,13,14,16,17,18,20,21,25,28,29,31>39,12,13,21,22,25,28,33,35,36,5,14,16,17,20
32,1,34,36,5,6,37,8,10,11,12,13,14,15,16,18,22,24,29>10,19,6,25,1,5,8,11,12,13,14,15,16,22,29
32,1,34,36,5,6,37,8,10,11,12,13,14,15,16,18,22,24,29>32,34,36,6,17,18,19,24,1,5,8,11,12,13,14,15,16,22,29
32,1,33,35,6,40,9,10,13,15,16,17,19,22,23,24,25,26,27,30>5,6,7,8,9,11,19,20,22,29,31,33,34,32,1,40,10,13,16,17,23,25,26,27,30
32,1,33,35,6,40,9,10,13,15,16,17,19,22,23,24,25,26,27,30>5,6,7,8,9,18,20,28,34,35,36,39,32,1,40,10,13,16,17,23,25,26,27,30
3,4,7,8,11,12,14,16,17,18,19,20,21,25,29,30,31,32,34,35,37,38,39>4,7,14,16,17,19,23,25,27,29,30,38,39,40,35,3,37,18,20
3,4,7,8,11,12,14,16,17,18,19,20,21,25,29,30,31,32,34,35,37,38,39>4,5,7,9,14,15,16,22,24,29,30,34,38,40,35,3,37,18,20
2,3,4,5,37,8,40,12,14,19,20,25,30,31>37,39,14,18,20,24,27,30,40,2,3,4
2,3,4,5,37,8,40,12,14,19,20,25,30,31>34,35,5,39,8,19,23,24,25,30,31,40,2,3,4
1,2,3,4,7,9,10,13,14,15,19,20,21,22,23,27,28,29,32,33,34,37,40>34,5,6,37,40,10,11,12,17,18,19,22,26,32,1,2,3,4,33,7,9,13,14,15,20,23,28,29
1,2,3,4,7,9,10,13,14,15,19,20,21,22,23,27,28,29,32,33,34,37,40>36,5,37,40,11,12,16,17,19,21,24,31,32,1,2,3,4,33,7,9,13,14,15,20,23,28,29
1,2,3,5,7,8,9,11,14,16,17,18,19,23,27,28,30,31,32,33,34,35,36,38>11,14,15,16,17,19,20,28,30,32,1,2,3,33,5,34,35,36,9,38,18,23,31
1,2,3,5,7,8,9,11,14,16,17,18,19,23,27,28,30,31,32,33,34,35,36,38>37,8,15,22,26,27,30,32,1,2,3,33,5,34,35,36,9,38,18,23,31
2,3,5,6,8,9,10,11,12,16,17,18,19,21,22,25,26,29,31,32,36,39>35,38,10,12,16,23,27,28,30,2,3,5,39,8,11,18,21,22,29
2,3,5,6,8,9,10,11,12,16,17,18,19,21,22,25,26,29,31,32,36,39>36,10,12,20,23,30,31,2,3,5,39,8,11,18,21,22,29
3,5,38,7,10,15,20,21,24,29,30,31>4,38,9,10,11,13,21,25,30,31,24,3,20,5
3,5,38,7,10,15,20,21,24,29,30,31>35,4,38,7,39,9,12,13,15,21,31,24,3,20,5
1,2,3,4,6,7,9,10,13,14,15,17,19,20,22,24,25,26,27,28,29,35,37,39>5,8,16,18,22,23,26,30,31,1,2,3,4,37,6,7,39,9,10,13,14,15,17,20,24,25,27,28,29
1,2,3,4,6,7,9,10,13,14,15,17,19,20,22,24,25,26,27,28,29,35,37,39>33,5,8,11,16,19,22,26,30,1,2,3,4,37,6,7,39,9,10,13,14,15,17,20,24,25,27,28,29
32,2,35,37,39,8,10,11,17,18,19,21,22,23,24,27,30>5,10,13,17,26,27,28,29,32,2,37,39,11,18,21,22,23
32,2,35,37,39,8,10,11,17,18,19,21,22,23,24,27,30>34,5,17,24,26,27,28,29,31,32,2,37,39,11,18,21,22,23
33,2,7,40,9,11,12,14,16,17,18,20,21,22,23,24,26,27,29,30>7,12,15,17,18,31,2,40,9,20,21,22,24,26,29,30
33,2,7,40,9,11,12,14,16,17,18,20,21,22,23,24,26,27,29,30>33,36,5,12,18,31,2,40,9,20,21,22,24,26,29,30
2,5,6,7,8,11,12,13,14,15,17,20,21,22,23,24,25,26,27,28,29,30,31,32,34,39,40>34,35,7,39,13,21,23,32,2,5,8,40,14,15,17,20,24,25,26,27,28,29,30,31
2,5,6,7,8,11,12,13,14,15,17,20,21,22,23,24,25,26,27,28,29,30,31,32,34,39,40>33,34,35,7,39,11,13,23,32,2,5,8,40,14,15,17,20,24,25,26,27,28,29,30,31
2,3,4,6,8,9,14,16,17,18,20,21,22,24,25,28,29,30,36,38,39,40>6,30,10,14,2,3,4,39,8,9,40,20,21,22,24,25,28,29
2,3,4,6,8,9,14,16,17,18,20,21,22,24,25,28,29,30,36,38,39,40>36,6,38,14,18,30,2,3,4,39,8,9,40,20,21,22,24,25,28,29
34,35,36,5,6,37,8,39,13,15,16,17,19,22,25,27,29>32,34,39,19,20,25,28,31,37,5,8,16,17,27,29
34,35,36,5,6,37,8,39,13,15,16,17,19,22,25,27,29>32,35,36,15,18,20,22,23,25,28,31,37,5,8,16,17,27,29
4,5,6,37,8,38,39,11,12,16,17,18,21,22,23,24,27,29,30>12,17,20,23,24,25,30,39,8,21,22,29
4,5,6,37,8,38,39,11,12,16,17,18,21,22,23,24,27,29,30>9,11,23,24,25,39,8,21,22,29
2,3,36,5,6,7,40,11,12,13,18,19,24,26,31>11,12,13,17,19,24,25,30,35,40,18,2,3,5
2,3,36,5,6,7,40,11,12,13,18,19,24,26,31>6,7,9,12,13,17,22,23,24,30,34,36,40,18,2,3,5
32,1,2,3,34,35,36,9,11,13,14,16,17,21,23,25,29>34,37,11,13,15,20,23,27,29,1,2,3,14,16,17
32,1,2,3,34,35,36,9,11,13,14,16,17,21,23,25,29>32,34,5,6,37,15,20,27,29,1,2,3,14,16,17
32,1,2,33,34,35,6,7,39,10,15,17,18,20,23,24,28,29,30>11,13,17,39,40,1,2,33,6,7,20,24
32,1,2,33,34,35,6,7,39,10,15,17,18,20,23,24,28,29,30>5,8,9,10,15,17,23,29,37,1,2,33,6,7,20,24
32,1,2,3,4,35,38,7,10,12,14,15,16,21,23,25,26,30,31>10,14,20,23,25,31,37,40,1,2,3,4,35,7,12,15,26,30
32,1,2,3,4,35,38,7,10,12,14,15,16,21,23,25,26,30,31>6,13,14,16,20,31,32,34,38,39,1,2,3,4,35,7,12,15,26,30
4,5,7,8,9,10,12,15,16,19,21,23,25,26,27,29,33,35,36,37,39>33,7,11,13,16,20,29,31,36,5,37,39,9,12,19,23,26,27
4,5,7,8,9,10,12,15,16,19,21,23,25,26,27,29,33,35,36,37,39>35,4,7,8,10,11,16,20,21,30,31,36,5,37,39,9,12,19,23,26,27
34,3,37,38,39,40,12,13,14,17,18,22,25,30>38,12,15,16,18,20,28,29,30,34,3,40,14,17,22
34,3,37,38,39,40,12,13,14,17,18,22,25,30>5,37,38,39,12,13,16,18,21,25,29,34,3,40,14,17,22
32,33,2,3,35,36,37,38,8,39,10,12,14,17,20,27,28,29,30>35,8,11,14,15,17,24,28,32,33,2,3,36,37,38,39,20
32,33,2,3,35,36,37,38,8,39,10,12,14,17,20,27,28,29,30>5,40,11,12,17,27,32,33,2,3,36,37,38,39,20
32,1,34,35,4,36,37,7,39,14,16,22,24,30>35,5,39,40,14,22,24,28,29,1,34,37,7
32,1,34,35,4,36,37,7,39,14,16,22,24,30>35,5,38,39,14,15,16,22,24,28,1,34,37,7
32,33,3,36,37,38,8,9,10,11,12,14,16,17,18,21,26,27,28,29>8,9,10,15,22,26,27,29,30,31,37,39,32,33,3,36,38,11
32,33,3,36,37,38,8,9,10,11,12,14,16,17,18,21,26,27,28,29>8,9,17,20,21,22,26,27,28,29,30,31,39,32,33,3,36,38,11
33,34,3,37,6,7,9,10,11,12,13,14,18,20,22,26,27,30>5,7,10,12,20,24,26,32,36,40,34,3,9,11,13,14,22,30
33,34,3,37,6,7,9,10,11,12,13,14,18,20,22,26,27,30>6,7,10,12,16,18,20,21,26,28,29,31,33,37,34,3,9,11,13,14,22,30
32,1,34,3,5,6,7,37,38,10,11,40,13,15,20,22,24,25,30,31>32,37,38,8,12,15,16,17,20,27,31,1,34,3,5,7,40,11,13,24,25
32,1,34,3,5,6,7,37,38,10,11,40,13,15,20,22,24,25,30,31>32,35,37,6,38,8,12,14,16,20,27,28,31,1,34,3,5,7,40,11,13,24,25
32,33,4,5,6,7,8,39,11,14,15,21,29,30>29,36,6,8,15,5,39
32,33,4,5,6,7,8,39,11,14,15,21,29,30>32,33,7,40,20,21,29,8,15,5,39
32,1,33,35,5,6,37,8,38,12,13,15,16,17,18,20,21,23,25>7,22,23,26,32,33,36,1,37,5,8,16,17,20
32,1,33,35,5,6,37,8,38,12,13,15,16,17,18,20,21,23,25>6,12,14,15,18,22,23,25,33,36,39,1,37,5,8,16,17,20
1,2,6,7,11,13,14,15,16,17,18,19,22,24,25,27,28,29,32,34,35,38,39>33,38,11,19,21,24,32,1,2,6,7,14,15,16,17,18,22,25,27,28,29
1,2,6,7,11,13,14,15,16,17,18,19,22,24,25,27,28,29,32,34,35,38,39>33,5,37,38,39,19,20,23,24,31,32,1,2,6,7,14,15,16,17,18,22,25,27,28,29
32,1,33,34,4,36,6,7,37,9,39,11,17,18,22,25,28,31>32,5,6,17,20,21,1,34,33,36,7,9,22,28
32,1,33,34,4,36,6,7,37,9,39,11,17,18,22,25,28,31>35,4,5,6,37,8,39,17,20,21,27,31,1,34,33,36,7,9,22,28
7,8,12,13,14,15,16,17,18,20,21,22,25,26,28,29,32,34,35,36,37>33,35,12,18,27,37,14,15,16,17,20,21,22,28,29
7,8,12,13,14,15,16,17,18,20,21,22,25,26,28,29,32,34,35,36,37>32,33,36,5,12,18,25,27,37,14,15,16,17,20,21,22,28,29
33,34,36,37,6,38,8,9,12,13,16,17,19,22,24,25,26>5,6,18,19,22,24,26,29,37,38,34,36,8,16,17,25
33,34,36,37,6,38,8,9,12,13,16,17,19,22,24,25,26>6,9,10,12,13,23,27,28,30,33,37,34,36,8,16,17,25
32,1,33,38,39,40,11,12,14,17,22,24,26,27,28,29,31>36,38,40,11,17,20,24,26,27,32,1,33,39,28,29,31
32,1,33,38,39,40,11,12,14,17,22,24,26,27,28,29,31>35,36,5,11,14,15,20,22,27,30,32,1,33,39,28,29,31
2,4,6,7,8,10,11,12,13,14,17,18,19,23,24,25,27,29,32,33,36,37>33,5,7,16,22,24,26,29,32,2,36,8,11,13,14,17,18,23,25,27
2,4,6,7,8,10,11,12,13,14,17,18,19,23,24,25,27,29,32,33,36,37>33,5,7,37,10,12,39,22,24,26,29,32,2,36,8,11,13,14,17,18,23,25,27
33,3,4,35,36,7,38,9,10,14,16,18,19,21,23,25,26,31>7,10,11,13,15,16,19,20,21,22,25,27,37,39,35,3,4,36,9,18,23,26
33,3,4,35,36,7,38,9,10,14,16,18,19,21,23,25,26,31>5,7,10,11,13,19,25,27,30,31,33,37,39,35,3,4,36,9,18,23,26
32,1,2,5,37,8,9,10,11,40,14,20,21,23,25,26,28>32,33,37,9,13,15,21,23,24,28,30,1,2,5,11,20,26
32,1,2,5,37,8,9,10,11,40,14,20,21,23,25,26,28>32,33,39,8,9,10,40,13,14,27,1,2,5,11,20,26
2,3,4,5,6,7,9,10,11,12,13,17,20,21,23,27,31,34,35,37,38,39,40>32,7,8,10,39,40,21,23,26,2,3,34,5,35,37,9,11,13,17,20,31
2,3,4,5,6,7,9,10,11,12,13,17,20,21,23,27,31,34,35,37,38,39,40>32,6,7,39,12,16,23,26,27,2,3,34,5,35,37,9,11,13,17,20,31
1,33,35,4,36,6,7,8,37,40,14,15,17,18,19,21,24,27,28,29>4,14,20,21,24,25,29,32,35,39,1,33,36,37,7,8,15,18
1,33,35,4,36,6,7,8,37,40,14,15,17,18,19,21,24,27,28,29>4,6,17,20,25,28,31,32,39,40,1,33,36,37,7,8,15,18
1,3,4,6,8,10,13,18,19,20,21,23,24,26,27,29,30,32,33,36,37>37,6,7,38,40,17,19,21,22,27,29,31,32,1,3,4,36,8,13,18,20,23,24,26,30
1,3,4,6,8,10,13,18,19,20,21,23,24,26,27,29,30,32,33,36,37>33,37,6,9,10,11,39,14,16,21,22,32,1,3,4,36,8,13,18,20,23,24,26,30
4,5,7,9,11,12,13,14,16,17,19,21,23,24,26,28,29,30,31,36,37,38,40>4,12,20,25,29,37,39,5,40,9,14,16,17,23,26,30
4,5,7,9,11,12,13,14,16,17,19,21,23,24,26,28,29,30,31,36,37,38,40>4,7,11,12,13,20,21,24,25,29,31,33,36,39,5,40,9,14,16,17,23,26,30
32,1,33,34,4,36,8,9,10,12,14,15,16,20,21,22,23,26,28,29>32,7,10,14,19,21,22,24,1,33,36,12,15,20,26,28,29
32,1,33,34,4,36,8,9,10,12,14,15,16,20,21,22,23,26,28,29>32,38,7,8,9,11,14,16,21,22,23,30,1,33,36,12,15,20,26,28,29
32,34,3,4,5,6,35,36,37,10,38,40,13,14,18,20,21,23,25>8,9,18,22,25,27,36,40,34,3,4,37,38,13,14,20
32,34,3,4,5,6,35,36,37,10,38,40,13,14,18,20,21,23,25>6,8,11,17,18,22,23,24,32,36,34,3,4,37,38,13,14,20
34,3,6,7,8,12,13,24,25,26,28,29,31>33,35,6,9,17,24,29,30,8,25,3
34,3,6,7,8,12,13,24,25,26,28,29,31>33,35,5,9,14,17,24,26,27,8,25,3
1,2,33,37,6,38,8,9,11,18,20,21,24,25,28,31>35,37,38,9,39,11,21,1,2,33,6,8,20,24,25
1,2,33,37,6,38,8,9,11,18,20,21,24,25,28,31>36,38,9,11,21,28,1,2,33,6,8,20,24,25
3,4,5,6,39,8,11,12,13,15,16,17,24,27,28,29>32,33,9,12,13,20,28,29,31,3,39,8,16,17
3,4,5,6,39,8,11,12,13,15,16,17,24,27,28,29>32,33,4,12,15,20,25,28,3,39,8,16,17
1,6,7,8,9,10,11,15,17,18,19,20,21,22,23,24,26,27,30,31,33,35,36,37,39,40>32,33,6,13,15,17,19,25,28,1,35,36,37,7,8,9,39,11,40,18,20,21,22,23,24,26,30,31
1,6,7,8,9,10,11,15,17,18,19,20,21,22,23,24,26,27,30,31,33,35,36,37,39,40>33,34,6,15,25,27,28,1,35,36,37,7,8,9,39,11,40,18,20,21,22,23,24,26,30,31
33,34,3,36,37,6,7,39,9,10,40,13,17,19,20,21,23,24>6,39,11,40,14,18,19,25,34,3,36,9,10,13,17,20,23,24
33,34,3,36,37,6,7,39,9,10,40,13,17,19,20,21,23,24>4,6,8,16,18,21,34,3,36,9,10,13,17,20,23,24
33,2,34,35,5,38,7,8,9,39,11,12,13,40,15,19,20,26,29>7,16,19,26,30,35,36,38,40,9,2,5
33,2,34,35,5,38,7,8,9,39,11,12,13,40,15,19,20,26,29>8,11,12,14,15,16,17,18,19,20,24,26,34,35,38,39,9,2,5
33,2,3,4,36,6,39,10,11,18,22,23,26,28,31>6,18,29,30,31,33,2,3,36,39,11,22,26,28
33,2,3,4,36,6,39,10,11,18,22,23,26,28,31>34,35,6,8,18,29,33,2,3,36,39,11,22,26,28
1,33,3,4,36,6,39,40,9,11,12,13,17,18,20,23,24,25,27,29>32,4,40,13,14,16,18,26,29,1,3,36,39,9,17,20,24,25,27
1,33,3,4,36,6,39,40,9,11,12,13,17,18,20,23,24,25,27,29>32,33,4,6,7,8,40,22,23,26,29,31,1,3,36,39,9,17,20,24,25,27
1,2,3,36,37,7,39,12,13,14,15,16,19,21,22,23,28,29,31>7,36,9,37,13,17,18,21,22,26,31,1,2,3,39,14,15,16,23,28,29
1,2,3,36,37,7,39,12,13,14,15,16,19,21,22,23,28,29,31>33,35,4,6,18,19,21,22,26,1,2,3,39,14,15,16,23,28,29
2,34,35,5,6,39,11,14,15,17,18,19,22,24>39,11,19,21,23,25,28,2,34,5,15,18,22
2,34,35,5,6,39,11,14,15,17,18,19,22,24>6,39,8,20,21,24,28,29,2,34,5,15,18,22
3,4,6,7,8,9,10,13,14,17,18,19,21,22,23,25,30,31,33,34,35,36,37>7,11,19,25,26,27,29,34,3,4,35,36,37,8,9,10,13,14,17,18,21,22,23
3,4,6,7,8,9,10,13,14,17,18,19,21,22,23,25,30,31,33,34,35,36,37>33,7,11,20,28,34,3,4,35,36,37,8,9,10,13,14,17,18,21,22,23
32,4,5,37,7,39,9,12,14,16,19,20,26,29>15,19,20,26,29,9,5,39
32,4,5,37,7,39,9,12,14,16,19,20,26,29>32,4,15,19,20,30,9,5,39
1,4,9,11,12,14,15,20,21,22,23,25,26,27,28,29,30,32,36,37,38>33,39,40,11,12,21,22,24,25,31,32,1,38,15,20,26,27,28,29,30
1,4,9,11,12,14,15,20,21,22,23,25,26,27,28,29,30,32,36,37,38>36,37,39,9,40,11,12,21,25,32,1,38,15,20,26,27,28,29,30
3,37,6,38,8,40,11,12,13,14,18,19,21,23,25,26>34,39,40,15,16,17,19,22,27,30,3,8,14,18,23,26
3,37,6,38,8,40,11,12,13,14,18,19,21,23,25,26>34,5,6,38,39,12,13,17,21,22,25,27,3,8,14,18,23,26
1,3,4,8,11,12,15,17,18,19,23,24,25,27,29,30,31,32,34,37,38,39>34,35,39,40,11,12,17,19,22,24,30,32,1,3,18,23,25,27,31
1,3,4,8,11,12,15,17,18,19,23,24,25,27,29,30,31,32,34,37,38,39>34,4,37,8,40,11,12,17,26,30,32,1,3,18,23,25,27,31
1,2,3,4,5,7,8,9,10,12,15,18,19,24,25,27,29,30,31,37,39>8,40,10,11,13,19,22,1,2,3,4,5,7,39,9,12,18,25,27,31
1,2,3,4,5,7,8,9,10,12,15,18,19,24,25,27,29,30,31,37,39>35,8,10,11,23,29,1,2,3,4,5,7,39,9,12,18,25,27,31
1,2,4,6,7,9,11,12,13,14,15,17,20,22,25,26,28,31,32,33,35,36,37,38,39>32,34,5,8,12,13,16,24,27,29,1,2,33,35,36,6,7,37,9,38,39,14,15,17,20,28
1,2,4,6,7,9,11,12,13,14,15,17,20,22,25,26,28,31,32,33,35,36,37,38,39>4,8,11,12,16,22,24,25,31,1,2,33,35,36,6,7,37,9,38,39,14,15,17,20,28
2,5,7,8,10,11,12,14,16,18,19,20,21,26,28,29,31,34,37,38,39,40>9,10,12,13,14,15,16,19,21,22,28,30,31,33,34,35,40,2,5,11,18,20
2,5,7,8,10,11,12,14,16,18,19,20,21,26,28,29,31,34,37,38,39,40>7,8,9,10,12,13,15,19,23,30,31,40,2,5,11,18,20
2,4,5,8,9,10,11,14,15,19,20,21,22,24,25,27,31,33,34,36,37,39,40>4,5,9,10,12,13,14,19,22,32,33,37,39,2,34,36,11,15,20,24,25,27,31
2,4,5,8,9,10,11,14,15,19,20,21,22,24,25,27,31,33,34,36,37,39,40>4,8,10,12,13,19,21,23,28,29,32,33,35,37,39,40,2,34,36,11,15,20,24,25,27,31
33,2,35,36,37,40,9,13,15,16,17,23,26,28>23,34,5,33,2,36,37,16,17,26
33,2,35,36,37,40,9,13,15,16,17,23,26,28>34,35,5,39,13,14,15,28,30,33,2,36,37,16,17,26
1,2,5,6,8,10,11,13,14,15,17,18,19,21,22,23,24,25,27,28,31,32,33,35>37,6,39,12,19,20,24,26,29,32,1,2,33,35,5,8,11,13,14,15,17,18,21,22,23,25,27,28,31
1,2,5,6,8,10,11,13,14,15,17,18,19,21,22,23,24,25,27,28,31,32,33,35>34,36,37,39,12,16,20,29,32,1,2,33,35,5,8,11,13,14,15,17,18,21,22,23,25,27,28,31
1,2,35,36,5,37,40,10,12,15,16,19,20,27,28,30>33,35,39,11,13,16,18,23,24,28,1,2,37,5,40,12,19
1,2,35,36,5,37,40,10,12,15,16,19,20,27,28,30>32,34,35,13,16,23,28,30,31,1,2,37,5,40,12,19
1,33,37,38,7,9,13,14,16,18,20,21,23,24,25,26,27,29,30>33,37,7,38,39,40,13,15,21,23,1,9,14,16,20,24,25,26,27,30
1,33,37,38,7,9,13,14,16,18,20,21,23,24,25,26,27,29,30>36,5,38,40,15,17,22,31,1,9,14,16,20,24,25,26,27,30
1,34,3,36,38,7,8,10,11,13,16,18,20,21,24,26,27,29,30>5,7,9,40,14,18,21,22,26,29,1,3,11,13,16,20,24,30
1,34,3,36,38,7,8,10,11,13,16,18,20,21,24,26,27,29,30>38,7,9,14,21,27,31,1,3,11,13,16,20,24,30
2,3,5,9,11,14,15,16,17,18,20,22,25,27,28,29,31,32,35,37,40>33,9,14,18,32,2,3,35,5,37,15,20,22,27,28,29,31
2,3,5,9,11,14,15,16,17,18,20,22,25,27,28,29,31,32,35,37,40>33,39,11,14,16,17,21,25,32,2,3,35,5,37,15,20,22,27,28,29,31
1,35,39,8,9,11,12,14,21,25,27,31>32,37,8,12,15,20,21,1,35,39,27,31
1,35,39,8,9,11,12,14,21,25,27,31>32,34,5,9,14,15,20,21,25,1,35,39,27,31
1,2,3,5,6,8,15,16,17,18,19,20,21,22,23,25,27,34,36,37,38>32,36,6,7,37,38,15,19,24,25,26,28,29,31,1,2,3,34,5,8,18,20,21,22,23,27
1,2,3,5,6,8,15,16,17,18,19,20,21,22,23,25,27,34,36,37,38>4,36,16,19,26,29,1,2,3,34,5,8,18,20,21,22,23,27
1,34,4,36,37,7,8,12,13,15,16,19,21,22,23,29,30,31>4,5,9,15,19,28,30,31,34,35,40,1,7,16,23,29
1,34,4,36,37,7,8,12,13,15,16,19,21,22,23,29,30,31>4,8,9,12,13,14,15,20,26,37,40,1,7,16,23,29
32,33,2,35,4,5,36,38,39,9,10,11,12,40,15,17,27,30,31>33,34,4,5,37,9,13,20,27,30,32,2,35,36,38,39,40,11,12,31
32,33,2,35,4,5,36,38,39,9,10,11,12,40,15,17,27,30,31>33,34,4,5,9,15,30,32,2,35,36,38,39,40,11,12,31
2,35,4,5,36,39,40,9,12,15,18,20,22,23,24,25,26,30>34,4,36,9,15,20,27,29,2,39,40,22,24,25,26,30
2,35,4,5,36,39,40,9,12,15,18,20,22,23,24,25,26,30>34,4,5,36,37,9,15,18,20,23,28,29,2,39,40,22,24,25,26,30
32,34,3,4,35,6,7,8,36,40,11,12,14,18,19,23,24,25,29,31>4,6,11,22,24,27,29,31,36,35,3,8,18,23,25
32,34,3,4,35,6,7,8,36,40,11,12,14,18,19,23,24,25,29,31>4,6,7,9,11,14,15,34,36,37,35,3,8,18,23,25
1,33,34,4,5,8,9,40,12,13,16,17,18,23,24,26,27,29,30,31>5,7,9,12,13,14,18,20,23,24,25,27,32,34,35,1,40,16,17,26,30,31
1,33,34,4,5,8,9,40,12,13,16,17,18,23,24,26,27,29,30,31>4,5,7,9,13,14,20,23,27,29,33,35,36,1,40,16,17,26,30,31
1,2,3,33,35,38,8,11,13,16,18,22,23,24>6,11,13,17,23,24,26,29,33,37,38,39,1,2,3,16,22
1,2,3,33,35,38,8,11,13,16,18,22,23,24>8,13,14,18,24,26,33,34,37,38,39,1,2,3,16,22
2,6,7,8,13,14,15,17,18,19,20,21,24,26,27,29,30,31,32,33,36,40>33,35,7,38,22,26,32,2,36,8,40,14,15,17,18,20,24,30,31
2,6,7,8,13,14,15,17,18,19,20,21,24,26,27,29,30,31,32,33,36,40>33,5,6,39,13,21,22,25,26,32,2,36,8,40,14,15,17,18,20,24,30,31
32,33,35,4,37,38,39,13,14,15,17,21,23,25,27,28,30,31>4,13,16,20,21,23,30,32,33,35,37,39,14,15,17,27,31
32,33,35,4,37,38,39,13,14,15,17,21,23,25,27,28,30,31>34,4,38,40,13,30,32,33,35,37,39,14,15,17,27,31
1,4,5,10,11,12,14,15,16,17,18,19,21,22,23,24,26,28,29,31,32,34,35,36,37,38,40>32,33,34,4,5,13,20,24,30,31,1,35,37,38,11,12,15,18,19,21,22,23,26,28,29
1,4,5,10,11,12,14,15,16,17,18,19,21,22,23,24,26,28,29,31,32,34,35,36,37,38,40>32,33,34,4,36,40,10,13,14,17,20,25,1,35,37,38,11,12,15,18,19,21,22,23,26,28,29
2,3,36,37,6,7,10,11,13,14,16,22,27,29,31>5,7,9,37,17,22,27,28,2,3,11,13,14,16,29,31
2,3,36,37,6,7,10,11,13,14,16,22,27,29,31>35,36,7,8,9,10,39,17,22,28,2,3,11,13,14,16,29,31
3,5,7,9,11,12,13,14,16,17,19,20,21,24,25,26,29,30,31,33,35>33,19,21,26,29,31,3,35,5,9,14,16,17,20,24,25,30
3,5,7,9,11,12,13,14,16,17,19,20,21,24,25,26,29,30,31,33,35>33,37,13,15,18,26,29,31,3,35,5,9,14,16,17,20,24,25,30
32,33,4,5,6,37,39,40,10,11,13,18,19,20,23,25,27,28,30>6,10,19,22,25,28,32,33,39,40,11,13,18,23,27
32,33,4,5,6,37,39,40,10,11,13,18,19,20,23,25,27,28,30>4,6,9,14,16,17,24,25,26,31,32,33,39,40,11,13,18,23,27
3,5,9,10,13,14,15,16,19,20,21,22,24,25,28,30,33,35,37,38,39>35,36,38,40,9,11,27,29,33,3,5,37,39,13,14,15,16,20,24,25,28
3,5,9,10,13,14,15,16,19,20,21,22,24,25,28,30,33,35,37,38,39>34,35,36,38,9,12,17,19,22,23,27,29,30,33,3,5,37,39,13,14,15,16,20,24,25,28
1,2,3,4,5,7,8,9,11,12,13,15,16,17,19,20,25,26,31,33,35,36,38,39,40>8,12,14,15,18,23,26,33,37,38,40,1,2,3,35,5,36,7,39,9,16,17,20
1,2,3,4,5,7,8,9,11,12,13,15,16,17,19,20,25,26,31,33,35,36,38,39,40>4,8,13,14,19,25,30,31,38,1,2,3,35,5,36,7,39,9,16,17,20
1,2,5,8,9,11,12,13,15,19,21,22,23,25,26,32,33,34,35,37,38>8,12,14,17,20,22,27,29,32,35,36,38,1,2,34,37,5,23,26
1,2,5,8,9,11,12,13,15,19,21,22,23,25,26,32,33,34,35,37,38>8,11,15,16,17,19,21,25,27,29,30,32,35,38,1,2,34,37,5,23,26
1,4,9,10,11,12,14,20,22,24,26,27,29,30,31,32,33,34,37,38,39>7,10,12,20,22,28,33,40,32,1,11,24,29,30,31
1,4,9,10,11,12,14,20,22,24,26,27,29,30,31,32,33,34,37,38,39>4,7,10,20,22,25,27,28,33,35,36,32,1,11,24,29,30,31
1,2,4,6,40,10,12,13,14,19,21,22,24,25,28>4,8,9,10,16,20,21,24,34,39,40,1,2,6,13,14,25,28
1,2,4,6,40,10,12,13,14,19,21,22,24,25,28>4,8,9,11,12,16,20,21,22,24,27,34,39,1,2,6,13,14,25,28
1,33,3,4,5,6,7,35,9,36,12,15,18,19,23,24,26,31>34,6,39,8,12,22,24,25,30,1,3,4,5,35,7,36,9,18,23,26
1,33,3,4,5,6,7,35,9,36,12,15,18,19,23,24,26,31>33,34,39,8,12,15,19,31,1,3,4,5,35,7,36,9,18,23,26
1,3,5,8,9,11,16,20,23,24,25,26,27,29,30,31,32,33,34,35,36,37,38>33,8,40,16,20,23,32,1,3,35,5,36,37,38,24,25,26,27,30,31
1,3,5,8,9,11,16,20,23,24,25,26,27,29,30,31,32,33,34,35,36,37,38>34,8,40,20,23,32,1,3,35,5,36,37,38,24,25,26,27,30,31
1,3,5,6,7,11,13,14,16,18,20,22,25,26,28,30,32,33,34,35,38,40>32,37,6,8,11,20,27,29,1,33,3,34,5,7,40,14,16,22,28,30
1,3,5,6,7,11,13,14,16,18,20,22,25,26,28,30,32,33,34,35,38,40>36,37,38,11,17,18,20,24,25,26,29,1,33,3,34,5,7,40,14,16,22,28,30
2,3,34,5,6,36,38,11,14,16,18,19,20,24,26,28>15,36,11,14,2,3,34,5,18,24
2,3,34,5,6,36,38,11,14,16,18,19,20,24,26,28>33,36,38,8,11,14,19,23,25,26,28,30,2,3,34,5,18,24
1,2,3,35,36,6,38,39,40,10,12,16,17,21,23,24,25,26,30,31>34,4,36,7,37,10,12,16,21,1,2,3,35,6,39,40,25,26,30
1,2,3,35,36,6,38,39,40,10,12,16,17,21,23,24,25,26,30,31>5,36,7,8,12,13,16,17,21,23,24,27,31,1,2,3,35,6,39,40,25,26,30
3,5,7,8,9,12,14,16,17,18,19,20,22,27,29,31,32,34,36,37,38,40>34,35,36,37,7,8,40,14,19,21,23,32,3,5,38,9,18,20,22,29,31
3,5,7,8,9,12,14,16,17,18,19,20,22,27,29,31,32,34,36,37,38,40>35,4,37,7,16,21,24,32,3,5,38,9,18,20,22,29,31
2,3,4,35,38,8,10,12,13,15,17,21,25,27>35,37,8,10,11,14,21,25,31,2,3,4,12,13,17,27
2,3,4,35,38,8,10,12,13,15,17,21,25,27>35,37,39,14,20,25,2,3,4,12,13,17,27
1,3,4,5,35,7,36,9,10,37,38,39,40,17,20,23,29,30>38,13,17,24,30,1,3,4,5,37,7,39,9,40,20
1,3,4,5,35,7,36,9,10,37,38,39,40,17,20,23,29,30>35,38,10,11,13,17,30,1,3,4,5,37,7,39,9,40,20
2,3,4,6,7,8,9,11,13,14,15,17,18,19,20,21,22,24,25,26,27,28,29,32,35,36,38,39>35,7,36,37,11,13,19,23,26,31,32,2,3,38,39,8,9,14,15,17,18,20,21,22,24,25,27,28,29
2,3,4,6,7,8,9,11,13,14,15,17,18,19,20,21,22,24,25,26,27,28,29,32,35,36,38,39>33,35,13,16,23,26,30,31,32,2,3,38,39,8,9,14,15,17,18,20,21,22,24,25,27,28,29
1,2,3,4,6,7,8,11,12,13,14,16,20,21,22,23,25,26,28,29,31,32,33,38,39,40>5,12,15,17,25,27,30,31,35,36,40,1,2,3,33,6,7,8,39,14,16,20,26,28,29
1,2,3,4,6,7,8,11,12,13,14,16,20,21,22,23,25,26,28,29,31,32,33,38,39,40>9,11,13,15,17,24,25,31,40,1,2,3,33,6,7,8,39,14,16,20,26,28,29
2,3,4,34,35,39,9,10,12,13,18,19,20,21,22,23,25,30,31>39,40,11,16,19,25,26,27,2,35,3,4,34,13,18,20,21,22,23
2,3,4,34,35,39,9,10,12,13,18,19,20,21,22,23,25,30,31>37,39,40,12,14,17,30,31,2,35,3,4,34,13,18,20,21,22,23
1,34,35,4,5,37,40,18,19,20,21,22,23,25,29,30>35,19,24,26,27,28,30,1,37,40,18,20,21,22,23,29
1,34,35,4,5,37,40,18,19,20,21,22,23,25,29,30>35,7,26,27,30,1,37,40,18,20,21,22,23,29
32,1,2,33,4,5,34,35,8,36,10,11,37,19,22,24,30,31>33,7,8,40,13,18,19,30,31,1,2,35,34,36,37,11
32,1,2,33,4,5,34,35,8,36,10,11,37,19,22,24,30,31>32,4,8,40,13,23,25,29,30,1,2,35,34,36,37,11
1,5,6,8,9,10,11,17,18,19,22,25,26,28,31,33,34,36,37,39,40>37,39,40,13,23,25,26,1,34,33,36,5,8,11,18,22,28
1,5,6,8,9,10,11,17,18,19,22,25,26,28,31,33,34,36,37,39,40>6,39,40,13,21,1,34,33,36,5,8,11,18,22,28
1,2,3,5,7,12,14,17,19,21,24,25,27,29,30,31,32,35,36,38,39,40>4,36,7,12,17,18,19,21,32,1,2,3,35,5,38,39,40,25,27,31
1,2,3,5,7,12,14,17,19,21,24,25,27,29,30,31,32,35,36,38,39,40>4,36,7,9,12,17,18,20,29,32,1,2,3,35,5,38,39,40,25,27,31
1,2,6,8,9,12,17,20,22,23,25,27,28,29,31,33,35,37,38,39,40>36,38,40,9,17,22,23,24,1,2,33,35,37,6,39,8,20,27,28,29,31
1,2,6,8,9,12,17,20,22,23,25,27,28,29,31,33,35,37,38,39,40>36,5,38,7,10,23,25,1,2,33,35,37,6,39,8,20,27,28,29,31
1,2,3,4,5,7,8,9,11,14,20,21,22,23,24,26,28,29,30,31,34,35,37>34,8,40,21,22,1,2,3,35,5,37,7,9,20,24,26,28,29,30
1,2,3,4,5,7,8,9,11,14,20,21,22,23,24,26,28,29,30,31,34,35,37>34,40,11,21,22,23,25,1,2,3,35,5,37,7,9,20,24,26,28,29,30
2,5,6,7,8,9,10,13,14,15,16,19,20,21,22,25,26,28,29,31,32,34,36,37,38>6,7,17,18,27,30,33,34,35,36,37,2,5,38,8,9,10,13,14,15,16,19,20,28,29
2,5,6,7,8,9,10,13,14,15,16,19,20,21,22,25,26,28,29,31,32,34,36,37,38>6,11,23,24,25,31,34,36,2,5,38,8,9,10,13,14,15,16,19,20,28,29
1,4,6,7,8,10,11,12,13,14,18,19,21,25,27,28,29,30,32,35,36,37>4,16,17,20,21,25,29,31,35,38,32,1,37,7,8,11,13,14,18,27
1,4,6,7,8,10,11,12,13,14,18,19,21,25,27,28,29,30,32,35,36,37>4,10,12,15,17,19,20,25,28,29,30,38,40,32,1,37,7,8,11,13,14,18,27
2,5,7,10,12,16,18,20,22,23,25,27,28,29,32,34,35,36,37,38,39>33,36,7,9,10,13,18,21,23,26,32,2,37,5,38,22,27,28,29
2,5,7,10,12,16,18,20,22,23,25,27,28,29,32,34,35,36,37,38,39>35,39,10,11,20,21,31,32,2,37,5,38,22,27,28,29
32,4,36,6,7,8,9,10,11,12,38,21,27,30,31>34,35,5,6,7,39,10,40,27,30,32,38,8,9,11,31
32,4,36,6,7,8,9,10,11,12,38,21,27,30,31>35,4,7,36,40,13,21,27,30,32,38,8,9,11,31
1,2,3,4,6,8,9,11,12,13,14,15,16,17,18,19,21,23,25,26,27,29,30,35,38>32,4,7,40,11,12,13,20,21,22,25,29,1,2,3,6,8,9,14,15,16,17,18,23,26,27,30
1,2,3,4,6,8,9,11,12,13,14,15,16,17,18,19,21,23,25,26,27,29,30,35,38>32,35,4,37,39,12,13,21,22,1,2,3,6,8,9,14,15,16,17,18,23,26,27,30
32,1,2,33,4,35,37,38,39,10,11,13,17,18,21,30,31>32,38,40,10,14,21,22,31,1,2,35,37,39,11,13,17
32,1,2,33,4,35,37,38,39,10,11,13,17,18,21,30,31>33,34,4,6,40,14,16,20,30,1,2,35,37,39,11,13,17
3,5,7,8,10,11,12,14,15,16,18,19,23,26,27,29,30,32,33,34,35,38,39,40>27,33,13,22,32,3,5,40,11,12,15,18,19,23,26,30
3,5,7,8,10,11,12,14,15,16,18,19,23,26,27,29,30,32,33,34,35,38,39,40>34,37,7,8,9,14,22,31,32,3,5,40,11,12,15,18,19,23,26,30
1,2,3,7,8,9,10,12,14,17,18,19,22,23,25,30,32,33,34,36,37,39>4,7,10,12,13,20,21,25,26,27,28,29,33,37,39,40,1,2,3,34,36,9,18,22,23
1,2,3,7,8,9,10,12,14,17,18,19,22,23,25,30,32,33,34,36,37,39>4,5,7,8,12,13,14,15,19,20,29,33,40,1,2,3,34,36,9,18,22,23
33,3,35,37,6,38,39,9,12,15,16,17,19,21,22,24,25,26>6,8,9,10,15,16,17,18,21,22,23,26,29,30,33,35,36,38,25,3,37,39
33,3,35,37,6,38,39,9,12,15,16,17,19,21,22,24,25,26>5,6,8,15,16,17,20,21,24,27,29,30,33,34,38,25,3,37,39
2,4,7,10,13,16,17,19,20,21,22,23,26,27,30,32,33,36,37,38,39,40>5,9,10,14,19,21,27,29,31,32,2,36,38,39,40,13,16,17,20,23,26,30
2,4,7,10,13,16,17,19,20,21,22,23,26,27,30,32,33,36,37,38,39,40>33,4,5,37,9,14,18,19,27,28,31,32,2,36,38,39,40,13,16,17,20,23,26,30
33,2,34,35,6,39,40,14,15,17,18,21,25,27,29,31>34,36,6,37,40,17,2,35,15,27,31
33,2,34,35,6,39,40,14,15,17,18,21,25,27,29,31>33,34,36,6,20,22,25,2,35,15,27,31
1,2,4,5,6,8,12,13,15,16,17,21,22,26,29,30,31,32,33,35,36,37,38>6,7,39,40,12,14,20,21,28,31,1,2,35,36,37,38,8,16,17,29,30
1,2,4,5,6,8,12,13,15,16,17,21,22,26,29,30,31,32,33,35,36,37,38>32,33,5,6,39,9,12,14,21,1,2,35,36,37,38,8,16,17,29,30
4,5,7,9,10,11,16,17,18,19,21,23,24,29,31,32,33,34,35,36,39>4,13,16,20,24,29,34,35,36,5,9,11,18,23
4,5,7,9,10,11,16,17,18,19,21,23,24,29,31,32,33,34,35,36,39>4,7,10,17,22,26,29,31,32,34,37,38,39,35,36,5,9,11,18,23
1,3,4,5,7,9,10,11,12,15,17,18,19,21,24,28,29,31,32,33,34,36,37,38,39,40>4,17,22,24,25,29,35,37,1,33,3,36,5,38,7,9,11,12,18
1,3,4,5,7,9,10,11,12,15,17,18,19,21,24,28,29,31,32,33,34,36,37,38,39,40>4,19,22,23,24,29,34,35,37,40,1,33,3,36,5,38,7,9,11,12,18
4,5,8,13,14,15,18,20,22,23,25,26,27,29,31,33,34,35,36,38,39>32,37,38,39,16,18,20,23,30,35,36,14,15,22,26,27,29,31
4,5,8,13,14,15,18,20,22,23,25,26,27,29,31,33,34,35,36,38,39>32,33,34,5,38,8,13,16,18,21,23,24,28,35,36,14,15,22,26,27,29,31
33,2,34,4,5,8,9,40,11,12,14,15,21,22,23,25,26,27,30,31>32,33,5,36,8,9,11,12,14,23,25,28,2,34,40,15,26,27,30,31
33,2,34,4,5,8,9,40,11,12,14,15,21,22,23,25,26,27,30,31>32,35,4,5,8,9,11,12,20,21,22,23,25,29,2,34,40,15,26,27,30,31
5,9,10,12,14,15,16,17,19,20,23,24,26,28,29,30,33,35,36,37,38,39,40>17,25,33,36,5,37,39,40,12,15,19,20,23,24,26,30
5,9,10,12,14,15,16,17,19,20,23,24,26,28,29,30,33,35,36,37,38,39,40>35,38,9,10,16,17,33,36,5,37,39,40,12,15,19,20,23,24,26,30
32,2,3,35,5,6,36,37,39,10,40,14,17,18,19,21,22,23,25,29>38,40,13,14,15,17,19,20,26,2,3,37,5,39,18,21,22,23,29
32,2,3,35,5,6,36,37,39,10,40,14,17,18,19,21,22,23,25,29>35,4,36,38,8,11,13,17,26,27,28,2,3,37,5,39,18,21,22,23,29
33,34,3,4,35,37,39,9,13,14,15,20,21,24,28,29,30,31>40,13,16,25,29,30,31,33,3,4,37,35,14,15,20,24
33,34,3,4,35,37,39,9,13,14,15,20,21,24,28,29,30,31>34,28,30,21,33,3,4,37,35,14,15,20,24
1,2,3,4,6,7,8,12,13,17,18,19,20,21,23,25,26,27,28,32,36,39,40>34,9,14,16,25,31,32,1,2,3,4,6,7,8,39,17,18,20,23,26,27
1,2,3,4,6,7,8,12,13,17,18,19,20,21,23,25,26,27,28,32,36,39,40>33,34,36,5,14,19,22,28,32,1,2,3,4,6,7,8,39,17,18,20,23,26,27
1,3,4,5,6,7,8,10,11,13,16,17,20,23,25,26,28,29,30,31,34,37,38,40>33,35,37,6,9,10,23,24,25,27,31,1,3,5,7,8,40,11,13,16,17,20,26,30
1,3,4,5,6,7,8,10,11,13,16,17,20,23,25,26,28,29,30,31,34,37,38,40>34,35,4,37,38,9,14,23,25,27,28,31,1,3,5,7,8,40,11,13,16,17,20,26,30
3,4,6,7,8,9,10,14,15,16,20,23,24,25,27,29,30,32,34,38,39>39,14,19,23,29,30,31,32,3,4,8,9,10,15,24,25,27
3,4,6,7,8,9,10,14,15,16,20,23,24,25,27,29,30,32,34,38,39>6,7,38,39,40,12,13,16,20,26,29,32,3,4,8,9,10,15,24,25,27
33,3,35,36,6,7,39,40,12,16,17,18,19,22,27,29,30,31>33,6,7,8,9,37,12,17,20,23,27,35,3,36,39,40,18,22,29,31
33,3,35,36,6,7,39,40,12,16,17,18,19,22,27,29,30,31>32,4,5,6,7,9,37,16,19,20,21,35,3,36,39,40,18,22,29,31
2,3,4,8,9,13,14,15,16,18,20,22,25,29,30,32,35,36,37,38,39>32,36,9,18,24,25,30,2,3,4,37,38,39,14,15,16,22,29
2,3,4,8,9,13,14,15,16,18,20,22,25,29,30,32,35,36,37,38,39>32,36,8,9,40,13,18,20,25,30,2,3,4,37,38,39,14,15,16,22,29
33,36,37,7,39,10,14,15,16,17,18,20,21,22,24,25,27,28>34,5,37,9,10,11,12,13,17,18,29,33,36,39,15,20,21,22,24,25,27,28
33,36,37,7,39,10,14,15,16,17,18,20,21,22,24,25,27,28>32,34,5,7,9,14,16,17,29,31,33,36,39,15,20,21,22,24,25,27,28
1,3,6,8,9,10,11,15,16,17,18,19,20,22,23,24,25,28,31,32,33,35,37,38,39,40>34,7,9,12,15,16,21,26,1,33,3,35,37,39,8,11,18,19,20,22,23,24,25,28
1,3,6,8,9,10,11,15,16,17,18,19,20,22,23,24,25,28,31,32,33,35,37,38,39,40>32,34,36,38,9,12,13,15,26,27,29,1,33,3,35,37,39,8,11,18,19,20,22,23,24,25,28
32,33,35,4,5,36,7,38,9,10,40,14,16,18,20,21,22,24,27,30>7,39,14,15,18,28,29,31,32,36,5,38,40,9,20,21,22,24
32,33,35,4,5,36,7,38,9,10,40,14,16,18,20,21,22,24,27,30>34,39,11,13,15,18,27,28,29,30,32,36,5,38,40,9,20,21,22,24
1,34,35,4,37,38,7,9,10,13,14,16,18,20,22,24,26,29,30>34,38,40,10,11,18,26,1,37,7,9,13,14,16,22,24,29,30
1,34,35,4,37,38,7,9,10,13,14,16,18,20,22,24,26,29,30>34,35,38,40,10,11,17,18,20,21,25,1,37,7,9,13,14,16,22,24,29,30
32,1,2,33,4,36,6,7,38,39,11,16,19,23,24,26,29,30,31>33,4,5,9,11,16,19,24,25,29,1,2,36,6,7,38,39,23,26,30
32,1,2,33,4,36,6,7,38,39,11,16,19,23,24,26,29,30,31>32,33,5,18,24,25,31,1,2,36,6,7,38,39,23,26,30
3,35,39,10,12,14,15,16,18,20,22,24,26,27,30>4,5,11,13,21,27,34,37,3,39,12,15,22,24,30
3,35,39,10,12,14,15,16,18,20,22,24,26,27,30>5,10,14,16,18,26,27,29,32,35,37,3,39,12,15,22,24,30
1,3,4,5,6,7,9,10,11,12,14,15,17,20,21,22,24,25,26,27,28,29,30,32,33,35,36,39,40>37,38,8,13,14,17,21,22,26,31,32,1,33,3,36,5,7,39,9,40,11,12,15,20,24,25,27,28,29,30
1,3,4,5,6,7,9,10,11,12,14,15,17,20,21,22,24,25,26,27,28,29,30,32,33,35,36,39,40>37,8,10,13,14,22,26,32,1,33,3,36,5,7,39,9,40,11,12,15,20,24,25,27,28,29,30
32,1,2,33,5,37,7,13,14,16,18,22,23,28,29,30,31>32,37,15,18,21,23,1,2,33,5,14,16,22,28,29
32,1,2,33,5,37,7,13,14,16,18,22,23,28,29,30,31>35,36,40,13,15,21,23,26,30,31,1,2,33,5,14,16,22,28,29
3,4,6,7,8,11,13,14,15,16,17,19,20,21,22,23,27,28,30,31,32,33,36,37,38,39,40>6,37,11,13,19,22,24,26,32,33,3,36,38,39,8,40,14,15,16,17,20,23,28,31
3,4,6,7,8,11,13,14,15,16,17,19,20,21,22,23,27,28,30,31,32,33,36,37,38,39,40>35,4,5,9,11,13,19,21,22,24,30,32,33,3,36,38,39,8,40,14,15,16,17,20,23,28,31
2,3,5,6,7,10,12,13,15,16,17,20,22,26,29,30,31,32,33,34,38,39,40>8,10,11,22,31,32,33,2,3,5,40,12,13,16,17,20,29,30
2,3,5,6,7,10,12,13,15,16,17,20,22,26,29,30,31,32,33,34,38,39,40>6,10,11,14,15,24,26,31,36,38,39,2,3,5,40,12,13,16,17,20,29,30
32,34,3,4,35,36,39,8,9,11,17,19,20,22,24,25,27,28,30>33,37,40,18,19,23,29,31,32,34,3,20,24,25,27,28
32,34,3,4,35,36,39,8,9,11,17,19,20,22,24,25,27,28,30>33,35,4,37,9,11,40,22,23,31,32,34,3,20,24,25,27,28
3,35,36,39,10,11,13,17,18,19,21,24,26,27,28,29>19,20,21,29,30,31,32,35,36,37,3,39,11,13,17,18
3,35,36,39,10,11,13,17,18,19,21,24,26,27,28,29>10,14,22,23,31,32,36,3,39,11,13,17,18
1,33,3,34,37,6,7,40,12,13,18,21,22,31>8,9,13,14,16,28,31,1,34,3,7,21,22
1,33,3,34,37,6,7,40,12,13,18,21,22,31>4,5,8,37,40,13,17,18,29,31,1,34,3,7,21,22
32,2,3,4,5,38,7,10,11,12,17,19,20,22,23,27,30,31>13,18,19,26,27,29,30,35,38,40,32,2,3,5,11,20,23,31
32,2,3,4,5,38,7,10,11,12,17,19,20,22,23,27,30,31>7,10,13,17,22,24,27,29,30,34,35,38,40,32,2,3,5,11,20,23,31
1,2,3,34,5,37,38,39,40,10,11,12,16,18,19,20,21,23,24,29>37,39,40,13,19,21,22,25,1,2,3,5,11,18,20,23,24
1,2,3,34,5,37,38,39,40,10,11,12,16,18,19,20,21,23,24,29>34,37,40,10,12,16,19,21,25,26,29,1,2,3,5,11,18,20,23,24
33,34,3,4,35,6,7,36,9,10,11,12,16,20,21,22,23,26,27,30>4,5,8,10,13,16,21,40,34,3,36,9,11,20,26,30
33,34,3,4,35,6,7,36,9,10,11,12,16,20,21,22,23,26,27,30>4,6,10,13,22,23,28,29,31,33,37,40,34,3,36,9,11,20,26,30
32,33,2,3,4,36,8,9,10,40,12,13,18,23,26,31>32,35,9,10,11,18,30,2,3,4,36,13,26
32,33,2,3,4,36,8,9,10,40,12,13,18,23,26,31>32,33,34,10,16,17,22,2,3,4,36,13,26
2,4,6,8,11,12,14,15,16,17,19,21,24,25,27,28,29,30,31,34,36,38,40>9,11,12,14,16,19,28,29,30,32,33,35,38,2,8,40,15,25,27,31
2,4,6,8,11,12,14,15,16,17,19,21,24,25,27,28,29,30,31,34,36,38,40>4,9,14,16,20,24,28,30,32,33,35,38,2,8,40,15,25,27,31
1,2,3,6,7,8,11,12,14,15,16,17,21,22,23,24,26,27,32,33,35,36,38,39>9,21,22,23,25,33,34,35,37,32,1,2,3,36,6,7,8,38,39,15,26
1,2,3,6,7,8,11,12,14,15,16,17,21,22,23,24,26,27,32,33,35,36,38,39>9,11,12,16,20,24,28,29,30,34,37,32,1,2,3,36,6,7,8,38,39,15,26
33,34,35,7,8,9,39,11,12,40,15,16,17,19,21,22,23,28,29>34,35,5,37,39,40,19,26,33,9,23,28,29
33,34,35,7,8,9,39,11,12,40,15,16,17,19,21,22,23,28,29>36,37,7,8,40,11,15,19,20,21,22,33,9,23,28,29
1,5,7,9,10,11,12,13,15,17,21,24,25,26,27,28,29,30,31,32,33,34,35,39,40>34,10,14,24,26,28,29,32,1,33,35,5,40,9,11,12,13,17,25,27,30,31
1,5,7,9,10,11,12,13,15,17,21,24,25,26,27,28,29,30,31,32,33,34,35,39,40>34,36,7,20,21,32,1,33,35,5,40,9,11,12,13,17,25,27,30,31
1,3,4,5,6,10,12,13,14,15,16,20,22,27,29,32,33,34,35,36,37>34,5,6,7,17,19,31,32,1,3,4,36,37,12,13,14,15,16,29
1,3,4,5,6,10,12,13,14,15,16,20,22,27,29,32,33,34,35,36,37>33,34,35,5,7,8,9,38,17,20,24,27,28,32,1,3,4,36,37,12,13,14,15,16,29
33,34,4,5,6,37,38,9,40,11,14,16,17,21,22,25,27,28,29,31>32,34,35,36,8,38,40,14,20,21,22,25,33,9,27,28,29,31
33,34,4,5,6,37,38,9,40,11,14,16,17,21,22,25,27,28,29,31>32,34,35,4,6,8,37,38,11,14,16,17,22,25,33,9,27,28,29,31
32,2,34,4,35,38,7,8,10,13,15,21,22,26,27,28>5,7,12,14,20,22,26,30,37,38,32,2,34,13,28
32,2,34,4,35,38,7,8,10,13,15,21,22,26,27,28>5,7,8,10,12,16,17,20,27,29,33,35,38,32,2,34,13,28
33,3,4,37,6,7,8,40,11,14,15,16,19,23,26,27,28,30>4,6,36,11,18,19,27,28,33,3,8,40,15,23,26,30
33,3,4,37,6,7,8,40,11,14,15,16,19,23,26,27,28,30>34,4,5,37,39,14,19,28,33,3,8,40,15,23,26,30
1,33,34,4,35,7,10,18,19,21,23,24,25,26,27,28,30>36,40,9,10,11,13,20,24,31,1,34,33,7,18,23,25,26,27,30
1,33,34,4,35,7,10,18,19,21,23,24,25,26,27,28,30>4,36,37,40,10,13,21,24,28,1,34,33,7,18,23,25,26,27,30
1,2,3,34,5,36,7,38,39,12,16,18,20,21,22,27,29,30>32,34,38,7,9,12,16,24,30,1,2,3,5,20,21,22,29
1,2,3,34,5,36,7,38,39,12,16,18,20,21,22,27,29,30>34,4,39,9,12,16,18,27,1,2,3,5,20,21,22,29
32,1,2,3,4,33,6,35,8,9,36,12,13,15,16,20,23,29,30>7,10,12,13,15,17,20,29,30,1,2,3,4,36,6,8,9,16
32,1,2,3,4,33,6,35,8,9,36,12,13,15,16,20,23,29,30>32,35,37,7,39,10,14,15,17,23,24,1,2,3,4,36,6,8,9,16
32,33,5,6,39,40,9,10,13,14,16,19,21,26,28,30,31>6,11,15,17,18,23,26,31,33,5,39,40,10,13,14,16,30
32,33,5,6,39,40,9,10,13,14,16,19,21,26,28,30,31>34,35,8,11,18,19,20,21,26,28,33,5,39,40,10,13,14,16,30
5,6,7,8,9,10,11,12,15,16,18,19,20,21,22,23,24,27,29,30,31,32,34,36,39>35,36,6,7,38,39,10,40,16,27,32,5,8,9,11,12,18,19,20,21,22,23,24,29,31
5,6,7,8,9,10,11,12,15,16,18,19,20,21,22,23,24,27,29,30,31,32,34,36,39>35,36,6,13,15,16,25,27,30,32,5,8,9,11,12,18,19,20,21,22,23,24,29,31
32,33,2,34,5,6,38,11,12,17,18,19,20,21,22,26,27,30>36,38,8,11,12,23,24,27,29,31,32,2,34,5,18,20,21,22,30
32,33,2,34,5,6,38,11,12,17,18,19,20,21,22,26,27,30>33,36,6,38,19,23,26,28,29,32,2,34,5,18,20,21,22,30
33,2,35,37,6,38,8,15,16,17,19,20,26,27,30>5,6,39,40,15,16,19,23,24,27,31,2,37,8,20,30
33,2,35,37,6,38,8,15,16,17,19,20,26,27,30>32,33,5,6,40,16,17,23,2,37,8,20,30
32,33,35,36,6,12,13,15,16,19,21,22,23,28,30,31>5,6,14,15,19,20,29,30,34,37,38,39,33,35,36,16,23,28
32,33,35,36,6,12,13,15,16,19,21,22,23,28,30,31>8,12,20,21,22,29,31,32,34,39,40,33,35,36,16,23,28
2,34,35,6,38,39,40,10,12,13,15,19,20,22,23,25,27,28,30,31>5,14,15,16,19,20,24,25,30,32,33,37,38,2,35,34,40,12,13,23,27,28,31
2,34,35,6,38,39,40,10,12,13,15,19,20,22,23,25,27,28,30,31>8,15,16,19,20,22,25,30,38,39,2,35,34,40,12,13,23,27,28,31
33,2,3,34,5,37,38,8,9,39,11,12,13,14,20,21,22,25,28>39,8,9,11,13,16,22,25,29,33,2,3,34,5,14,20,28
33,2,3,34,5,37,38,8,9,39,11,12,13,14,20,21,22,25,28>37,39,8,12,15,17,21,22,24,25,27,29,33,2,3,34,5,14,20,28
1,33,3,4,34,35,7,37,9,11,13,14,15,17,20,21,22,23,26,28>36,11,13,21,22,24,1,34,3,33,37,7,9,14,15,17,20,26,28
1,33,3,4,34,35,7,37,9,11,13,14,15,17,20,21,22,23,26,28>35,4,11,13,16,21,22,23,24,29,1,34,3,33,37,7,9,14,15,17,20,26,28
1,2,3,4,5,6,9,11,12,14,15,18,19,21,27,28,29,34,35,38,39,40>5,8,19,20,21,22,27,32,33,35,38,40,1,2,3,9,15,18
1,2,3,4,5,6,9,11,12,14,15,18,19,21,27,28,29,34,35,38,39,40>4,5,6,7,8,12,21,27,28,29,35,37,38,40,1,2,3,9,15,18
3,4,5,6,8,10,11,12,14,17,19,20,23,24,26,28,29,30,32,34,35,39,40>6,12,13,14,15,25,28,29,32,34,37,39,3,8,40,11,20,23,24,26,30
3,4,5,6,8,10,11,12,14,17,19,20,23,24,26,28,29,30,32,34,35,39,40>6,9,10,13,14,17,18,19,25,28,33,34,35,37,39,3,8,40,11,20,23,24,26,30
32,1,34,4,36,38,7,8,39,12,13,15,16,19,22,24,25,26,29>4,9,13,19,26,27,34,36,1,38,7,16,25,29
32,1,34,4,36,38,7,8,39,12,13,15,16,19,22,24,25,26,29>4,12,18,27,28,36,1,38,7,16,25,29
1,2,7,9,10,11,12,13,14,17,18,20,21,22,23,24,27,30,31,32,36,37,38>12,15,16,23,28,29,35,36,37,39,32,1,2,38,9,11,13,14,17,20,21,22,24,31
1,2,7,9,10,11,12,13,14,17,18,20,21,22,23,24,27,30,31,32,36,37,38>5,6,10,15,16,18,23,28,34,35,36,37,39,32,1,2,38,9,11,13,14,17,20,21,22,24,31
32,34,3,4,35,6,38,40,12,14,16,17,20,21,22,23,24,27,31>37,8,12,15,16,26,27,29,32,34,35,3,4,20,24,31
32,34,3,4,35,6,38,40,12,14,16,17,20,21,22,23,24,27,31>37,38,15,22,25,28,29,32,34,35,3,4,20,24,31
1,4,6,9,12,18,20,22,23,25,28,30,32,33,34,35,36,37,38,39,40>4,39,10,18,20,21,25,26,27,29,1,33,34,36,37,38,40,9,22,28
1,4,6,9,12,18,20,22,23,25,28,30,32,33,34,35,36,37,38,39,40>32,35,4,8,39,10,18,26,30,1,33,34,36,37,38,40,9,22,28
2,4,6,7,9,10,13,16,20,22,24,25,28,30,32,34,35,36,37,39,40>32,4,6,7,36,11,39,14,20,22,2,34,37,40,9,10,13,16,24,25,28
2,4,6,7,9,10,13,16,20,22,24,25,28,30,32,34,35,36,37,39,40>32,6,38,39,17,20,29,2,34,37,40,9,10,13,16,24,25,28
1,3,4,6,8,9,10,12,13,14,18,19,20,22,23,25,28,30,35,37,38>15,16,17,24,25,26,27,33,38,1,3,4,37,8,9,10,13,14,18,22,23,28
1,3,4,6,8,9,10,12,13,14,18,19,20,22,23,25,28,30,35,37,38>6,7,12,16,19,24,26,30,35,38,39,40,1,3,4,37,8,9,10,13,14,18,22,23,28
32,1,3,4,35,37,39,8,40,11,17,19,20,22,23,25,27,28,31>33,11,18,19,22,25,32,1,3,35,37,39,20,23,27,28,31
32,1,3,4,35,37,39,8,40,11,17,19,20,22,23,25,27,28,31>33,19,25,26,29,32,1,3,35,37,39,20,23,27,28,31
1,2,3,6,7,12,14,16,20,22,23,24,26,28,29,31,32,34,35,38,39,40>4,9,12,20,22,30,32,34,40,1,2,3,35,6,7,24,26,28,29
1,2,3,6,7,12,14,16,20,22,23,24,26,28,29,31,32,34,35,38,39,40>8,22,23,34,37,38,39,40,1,2,3,35,6,7,24,26,28,29
33,2,34,36,38,8,9,10,40,12,13,14,20,23,29,30>33,8,9,10,11,12,16,17,29,2,36,40,13,14
33,2,34,36,38,8,9,10,40,12,13,14,20,23,29,30>34,8,12,17,23,26,2,36,40,13,14
33,34,37,38,7,10,11,14,15,18,19,20,21,22,23,26,29,31>34,36,37,7,38,12,13,24,28,30,11,15,18,20,21,22,23,26,29
33,34,37,38,7,10,11,14,15,18,19,20,21,22,23,26,29,31>33,34,35,5,9,10,13,14,24,11,15,18,20,21,22,23,26,29
1,2,3,34,35,7,39,9,40,12,13,15,18,20,21,22,24,25,28,31>4,6,39,13,14,16,27,1,2,3,34,35,9,20,21,22,24,25,28
1,2,3,34,35,7,39,9,40,12,13,15,18,20,21,22,24,25,28,31>33,4,7,37,40,12,13,15,31,1,2,3,34,35,9,20,21,22,24,25,28
1,33,36,6,38,8,9,12,17,21,25,27,29,31>35,9,10,39,17,20,21,1,36,8,27,31
1,33,36,6,38,8,9,12,17,21,25,27,29,31>33,35,5,21,1,36,8,27,31
32,33,34,35,6,39,8,12,13,16,17,22,26,28,30>36,5,6,37,12,22,29,33,34,8,16,17,28,30
32,33,34,35,6,39,8,12,13,16,17,22,26,28,30>35,36,5,6,12,13,14,20,26,33,34,8,16,17,28,30
32,2,36,37,6,7,40,9,13,14,15,16,17,20,24,25,30,31>5,6,7,37,38,39,13,27,30,31,2,40,9,14,15,16,17,20,24,25
32,2,36,37,6,7,40,9,13,14,15,16,17,20,24,25,30,31>32,5,6,7,8,37,10,38,13,30,2,40,9,14,15,16,17,20,24,25
1,2,4,7,9,13,14,18,19,21,24,25,29,30,31,33,35,37,38,39,40>36,13,15,16,17,22,23,24,31,1,2,35,37,7,39,9,40,14,18,25
1,2,4,7,9,13,14,18,19,21,24,25,29,30,31,33,35,37,38,39,40>4,5,36,38,13,15,20,23,27,29,30,1,2,35,37,7,39,9,40,14,18,25
32,1,34,35,5,6,7,8,9,37,11,38,17,18,20,21,24,27,29>34,38,11,17,18,21,27,32,1,5,37,7,8,9,20,24
32,1,34,35,5,6,7,8,9,37,11,38,17,18,20,21,24,27,29>34,38,11,17,22,25,31,32,1,5,37,7,8,9,20,24
33,2,35,36,5,6,37,8,39,10,40,13,15,19,21,25,28,29,31>11,12,15,16,17,27,31,33,2,35,36,5,37,39,8,13
33,2,35,36,5,6,37,8,39,10,40,13,15,19,21,25,28,29,31>6,10,11,16,17,18,19,21,25,28,29,33,2,35,36,5,37,39,8,13
33,2,3,34,35,38,9,11,13,14,17,18,19,20,23,26,27,29>32,35,36,5,38,15,19,30,31,2,3,14,17,18,20,23,26
33,2,3,34,35,38,9,11,13,14,17,18,19,20,23,26,27,29>33,34,35,15,19,22,24,30,31,2,3,14,17,18,20,23,26
4,5,6,7,8,9,11,12,13,15,16,17,18,19,20,24,28,29,30,32,37,40>32,6,14,15,19,22,25,28,29,5,8,9,40,16,17,18,20,24
4,5,6,7,8,9,11,12,13,15,16,17,18,19,20,24,28,29,30,32,37,40>32,4,39,11,12,13,19,22,23,5,8,9,40,16,17,18,20,24
1,3,6,7,8,10,11,12,13,16,17,18,20,22,29,32,33,34,35,36,39>32,37,9,14,18,21,24,28,1,3,36,7,8,11,13,16,17,20,22,29
1,3,6,7,8,10,11,12,13,16,17,18,20,22,29,32,33,34,35,36,39>32,34,35,6,37,38,10,21,28,1,3,36,7,8,11,13,16,17,20,22,29
33,3,4,7,8,9,10,14,17,18,19,20,25,26,27,28,29>5,8,14,15,19,22,24,25,26,29,33,3,4,9,18,20,27
33,3,4,7,8,9,10,14,17,18,19,20,25,26,27,28,29>5,7,8,10,13,14,15,17,22,23,24,28,30,32,36,39,33,3,4,9,18,20,27
1,2,37,6,7,8,9,38,39,40,16,17,23,24,25,29,30,31>10,16,17,20,23,24,26,27,30,31,1,2,6,7,8,9,39,40,25
1,2,37,6,7,8,9,38,39,40,16,17,23,24,25,29,30,31>5,37,38,23,30,1,2,6,7,8,9,39,40,25
3,36,8,11,12,14,17,19,23,31>35,5,11,12,14,18,26,3,23
3,36,8,11,12,14,17,19,23,31>35,36,39,8,12,26,31,3,23
32,33,35,4,5,6,7,8,36,39,40,12,14,15,16,18,21,23,28,31>7,38,9,40,14,16,20,21,33,35,36,5,39,8,15
32,33,35,4,5,6,7,8,36,39,40,12,14,15,16,18,21,23,28,31>34,37,7,40,12,14,33,35,36,5,39,8,15
1,5,7,8,10,11,14,15,16,17,18,21,22,23,26,28,29,31,34,35,36,37,38,40>34,7,8,40,14,16,17,30,31,1,35,37,5,11,15,21,22,26,28,29
1,5,7,8,10,11,14,15,16,17,18,21,22,23,26,28,29,31,34,35,36,37,38,40>34,38,7,12,14,16,17,19,23,31,1,35,37,5,11,15,21,22,26,28,29
2,3,6,7,8,9,10,11,14,15,17,24,26,28,30,32,33,36,37,38,39,40>32,6,14,24,25,28,33,2,3,36,38,39,8,9,40,11,15,30
2,3,6,7,8,9,10,11,14,15,17,24,26,28,30,32,33,36,37,38,39,40>32,34,6,7,37,12,13,26,28,33,2,3,36,38,39,8,9,40,11,15,30
1,2,3,4,5,7,10,11,12,13,14,15,17,19,21,24,26,28,30,32,34,37,40>33,9,10,19,20,21,25,26,28,1,2,3,34,5,7,40,11,12,13,14,15,17,30
1,2,3,4,5,7,10,11,12,13,14,15,17,19,21,24,26,28,30,32,34,37,40>32,33,37,9,18,19,20,25,28,1,2,3,34,5,7,40,11,12,13,14,15,17,30
1,2,3,4,5,7,8,10,16,17,20,21,23,25,26,27,28,29,30,31,34,36,37,40>32,33,37,10,11,16,21,25,1,2,3,4,5,7,40,20,26,27,30,31
1,2,3,4,5,7,8,10,16,17,20,21,23,25,26,27,28,29,30,31,34,36,37,40>32,33,34,35,37,17,21,25,28,1,2,3,4,5,7,40,20,26,27,30,31
1,3,4,5,9,10,11,12,13,15,16,17,19,23,27,29,30,31,35,37,38>32,38,9,10,14,15,18,26,1,3,35,37,11,12,13,16,17,19,23,31
1,3,4,5,9,10,11,12,13,15,16,17,19,23,27,29,30,31,35,37,38>4,5,39,40,18,1,3,35,37,11,12,13,16,17,19,23,31
32,33,34,3,8,9,10,40,13,14,15,16,19,20,21,23,24,26,27,31>33,35,8,10,11,12,40,18,21,25,32,34,3,13,14,15,16,19,20,23,24,26,31
32,33,34,3,8,9,10,40,13,14,15,16,19,20,21,23,24,26,27,31>33,4,10,12,18,21,27,30,32,34,3,13,14,15,16,19,20,23,24,26,31
1,2,33,34,36,38,8,9,10,40,12,13,14,16,21,22,23,24,29,30>5,6,9,15,17,21,22,23,25,26,30,34,38,1,2,36,40,13,14,16,29
1,2,33,34,36,38,8,9,10,40,12,13,14,16,21,22,23,24,29,30>6,8,9,10,15,17,20,21,25,30,33,34,1,2,36,40,13,14,16,29
1,4,5,6,7,8,12,14,15,16,17,18,19,25,27,28,29,32,34,36,39>38,39,9,14,16,17,19,23,28,29,31,32,1,5,7,8,15,18,27
1,4,5,6,7,8,12,14,15,16,17,18,19,25,27,28,29,32,34,36,39>4,6,38,39,12,14,19,20,23,32,1,5,7,8,15,18,27
32,1,2,3,33,34,6,35,36,9,37,38,39,40,16,21,22,29,30>4,7,16,20,21,22,28,30,1,2,3,36,37,6,38,40,29
32,1,2,3,33,34,6,35,36,9,37,38,39,40,16,21,22,29,30>32,34,4,5,8,9,10,39,16,30,1,2,3,36,37,6,38,40,29
3,35,38,7,8,39,10,13,17,21,22,24,25,26,28,29,30,31>4,37,8,9,40,20,21,24,27,31,35,3,39,13,17,25,28,29,30
3,35,38,7,8,39,10,13,17,21,22,24,25,26,28,29,30,31>33,4,8,9,38,20,21,22,24,27,31,35,3,39,13,17,25,28,29,30
1,33,4,38,10,11,14,15,17,18,19,23,25,26,29,30>36,38,39,40,12,13,14,17,19,22,27,1,11,15,18,23,26,30
1,33,4,38,10,11,14,15,17,18,19,23,25,26,29,30>4,36,38,7,40,12,17,25,29,1,11,15,18,23,26,30
1,2,4,5,6,7,9,10,13,15,18,20,21,24,25,26,27,28,31,32,34,35,37,39>33,4,8,14,18,21,32,1,2,34,35,5,37,7,9,10,13,20,24,25,27,31
1,2,4,5,6,7,9,10,13,15,18,20,21,24,25,26,27,28,31,32,34,35,37,39>33,6,39,12,14,15,17,18,21,26,30,32,1,2,34,35,5,37,7,9,10,13,20,24,25,27,31
34,35,5,6,37,8,9,39,11,12,40,15,16,17,19,20,23,24,25,30>35,9,15,17,19,27,34,37,5,8,40,20,23,24,25
34,35,5,6,37,8,9,39,11,12,40,15,16,17,19,20,23,24,25,30>6,12,15,16,17,18,34,37,5,8,40,20,23,24,25
32,34,3,36,39,8,9,40,12,15,17,20,21,22,23,24,25,28,29>5,8,9,39,40,12,15,17,22,26,27,3,20,24,25,28,29
32,34,3,36,39,8,9,40,12,15,17,20,21,22,23,24,25,28,29>34,9,12,15,17,21,23,3,20,24,25,28,29
1,2,9,10,11,12,13,14,15,16,17,18,19,20,22,26,28,30,32,36,39>36,38,40,9,26,1,2,39,11,12,13,14,15,16,17,18,19,20,22,28,30
1,2,9,10,11,12,13,14,15,16,17,18,19,20,22,26,28,30,32,36,39>32,5,9,23,26,1,2,39,11,12,13,14,15,16,17,18,19,20,22,28,30
1,2,4,5,7,8,9,13,14,18,19,21,23,24,27,29,30,34,36,38,39>20,21,24,26,27,29,31,34,36,40,1,2,5,7,9,14,18,23
1,2,4,5,7,8,9,13,14,18,19,21,23,24,27,29,30,34,36,38,39>4,8,15,16,17,22,25,26,29,31,32,36,1,2,5,7,9,14,18,23
32,1,2,4,5,36,37,38,13,14,17,18,20,21,22,26,27,29,31>35,7,39,16,24,26,28,32,1,2,38,14,17,20,21,22,29,31
32,1,2,4,5,36,37,38,13,14,17,18,20,21,22,26,27,29,31>35,36,26,27,32,1,2,38,14,17,20,21,22,29,31
1,2,3,4,33,6,35,8,9,36,11,12,38,40,16,17,18,19,23>33,4,37,38,40,16,19,20,1,2,3,36,6,8,9,18,23
1,2,3,4,33,6,35,8,9,36,11,12,38,40,16,17,18,19,23>35,38,7,40,17,19,20,26,1,2,3,36,6,8,9,18,23
1,3,4,5,7,8,9,11,13,14,15,17,18,19,20,25,27,29,32,33,34,35,36,39,40>33,34,37,8,40,13,16,22,23,25,31,32,1,3,36,5,7,9,14,15,17,18,20,27
1,3,4,5,7,8,9,11,13,14,15,17,18,19,20,25,27,29,32,33,34,35,36,39,40>35,38,39,13,19,22,24,29,32,1,3,36,5,7,9,14,15,17,18,20,27
1,4,5,6,7,8,9,10,11,12,13,15,22,24,25,27,28,30,32,33,34,37,38,39>37,10,15,22,24,30,32,1,33,34,5,7,8,9,11,12,13,25,27,28
1,4,5,6,7,8,9,10,11,12,13,15,22,24,25,27,28,30,32,33,34,37,38,39>4,10,17,22,29,32,1,33,34,5,7,8,9,11,12,13,25,27,28
33,34,35,6,7,40,9,10,13,14,16,18,19,20,21,27,28,29>8,15,19,22,31,34,33,9,10,13,14,16,18,20
33,34,35,6,7,40,9,10,13,14,16,18,19,20,21,27,28,29>5,6,15,19,21,23,28,32,34,35,36,37,40,33,9,10,13,14,16,18,20
1,2,3,4,5,6,34,8,9,40,15,16,19,20,24,30,31>10,19,20,23,30,1,2,3,4,34,8,9,40,24
1,2,3,4,5,6,34,8,9,40,15,16,19,20,24,30,31>35,5,7,15,19,1,2,3,4,34,8,9,40,24
3,4,5,8,9,10,11,13,14,16,17,20,22,24,26,27,30,31,32,37,39>5,8,40,22,25,26,32,3,39,11,13,14,16,17,20,24,30,31
3,4,5,8,9,10,11,13,14,16,17,20,22,24,26,27,30,31,32,37,39>35,37,10,40,15,22,26,27,29,32,3,39,11,13,14,16,17,20,24,30,31
4,5,36,7,8,9,10,11,37,38,14,15,39,17,40,21,24,27,29,31>32,35,36,37,38,10,12,13,14,17,20,24,27,29,5,39,9,11,15,31
4,5,36,7,8,9,10,11,37,38,14,15,39,17,40,21,24,27,29,31>35,4,36,37,8,10,12,17,20,21,27,5,39,9,11,15,31
1,2,4,6,8,9,10,11,13,14,17,18,20,21,22,24,25,26,28,29,31,33,34,36,37,40>34,35,40,16,18,30,31,1,2,33,36,6,8,9,11,13,14,17,20,21,22,24,25,28,29
1,2,4,6,8,9,10,11,13,14,17,18,20,21,22,24,25,26,28,29,31,33,34,36,37,40>34,18,4,10,1,2,33,36,6,8,9,11,13,14,17,20,21,22,24,25,28,29
32,1,33,3,4,34,6,7,35,37,10,11,40,13,19,21,25,29,30>6,8,10,14,16,20,25,29,32,34,35,36,1,3,37,7,40,11,13
32,1,33,3,4,34,6,7,35,37,10,11,40,13,19,21,25,29,30>4,5,6,8,9,10,14,16,17,18,21,25,27,32,33,34,1,3,37,7,40,11,13
32,33,2,35,5,37,7,8,39,15,17,19,20,25,26,27,28,29,31>26,25,9,15,32,33,2,35,5,37,39,20,27,31
32,33,2,35,5,37,7,8,39,15,17,19,20,25,26,27,28,29,31>7,17,19,26,29,30,32,33,2,35,5,37,39,20,27,31
1,4,5,6,7,9,11,14,15,18,19,21,22,24,27,28,29,30,34,35,36,38,40>34,36,6,37,8,14,19,20,23,24,25,30,1,5,7,40,9,15,18,21,22,28,29
1,4,5,6,7,9,11,14,15,18,19,21,22,24,27,28,29,30,34,35,36,38,40>34,35,36,8,23,24,25,1,5,7,40,9,15,18,21,22,28,29
33,3,35,37,38,7,10,11,12,13,16,17,22,24,26,28,29,30>39,9,40,12,14,20,24,26,33,3,37,11,13,16,17,28,29,30
33,3,35,37,38,7,10,11,12,13,16,17,22,24,26,28,29,30>35,38,39,9,10,14,24,25,33,3,37,11,13,16,17,28,29,30
2,3,4,6,7,8,9,10,11,12,14,16,18,20,21,22,23,24,25,27,28,29,30,32,35,37,38,40>33,6,7,38,39,15,18,32,2,3,37,8,9,40,11,20,21,22,24,25,27,28,29
2,3,4,6,7,8,9,10,11,12,14,16,18,20,21,22,23,24,25,27,28,29,30,32,35,37,38,40>33,35,38,39,12,13,15,18,23,26,30,32,2,3,37,8,9,40,11,20,21,22,24,25,27,28,29
32,3,4,5,6,35,37,9,38,11,39,13,19,21,22,23>4,6,11,16,20,26,28,29,32,38,3,37,39,9,23
32,3,4,5,6,35,37,9,38,11,39,13,19,21,22,23>4,6,11,13,16,17,19,20,22,29,32,34,35,38,3,37,39,9,23
32,1,33,34,36,6,38,8,9,10,11,12,13,14,39,16,19,22,23,27>6,7,39,9,10,12,18,26,28,31,32,1,34,36,38,8,11,13,14,16,23
32,1,33,34,36,6,38,8,9,10,11,12,13,14,39,16,19,22,23,27>5,6,7,10,12,17,19,27,29,31,32,1,34,36,38,8,11,13,14,16,23
2,3,4,37,38,13,14,16,17,18,21,22,26,27,28,31>33,35,13,15,18,26,27,30,2,3,4,14,16,17,21,22,28,31
2,3,4,37,38,13,14,16,17,18,21,22,26,27,28,31>33,34,35,15,20,26,2,3,4,14,16,17,21,22,28,31
3,4,5,7,9,11,12,14,15,17,18,21,22,23,25,26,30,32,34,36,37,38,40>32,4,17,18,20,27,28,34,3,5,38,40,9,15,21,22,26,30
3,4,5,7,9,11,12,14,15,17,18,21,22,23,25,26,30,32,34,36,37,38,40>4,36,11,14,17,18,20,28,29,34,3,5,38,40,9,15,21,22,26,30
32,33,34,3,35,5,40,10,15,16,19,21,23,24,28>32,4,36,40,15,20,25,28,33,34,3,5,23
32,33,34,3,35,5,40,10,15,16,19,21,23,24,28>32,4,36,37,40,11,12,19,21,24,33,34,3,5,23
1,4,6,7,8,9,40,11,19,22,23,25,26,28>33,5,40,18,29,30,1,7,8,9,23,26,28
1,4,6,7,8,9,40,11,19,22,23,25,26,28>4,6,39,11,18,22,25,27,29,1,7,8,9,23,26,28
1,2,4,5,6,10,11,12,13,18,19,20,22,23,24,26,32,33,34,36,38,39,40>4,6,9,10,14,19,21,28,30,33,39,1,2,34,36,38,11,13,18,22,23,24,26
1,2,4,5,6,10,11,12,13,18,19,20,22,23,24,26,32,33,34,36,38,39,40>5,6,8,12,19,20,21,25,28,29,32,39,1,2,34,36,38,11,13,18,22,23,24,26
2,3,4,9,10,12,16,17,18,20,24,25,28,29,31,32,33,34,35,36,37,38,39>39,9,10,11,27,33,2,3,4,35,36,37,38,20,24,25
2,3,4,9,10,12,16,17,18,20,24,25,28,29,31,32,33,34,35,36,37,38,39>32,34,39,9,10,16,18,22,29,31,33,2,3,4,35,36,37,38,20,24,25
1,33,34,35,38,7,39,12,14,15,16,17,19,21,22,23,24,25,29,30>9,12,19,21,24,26,28,30,34,35,1,15,23,25,29
1,33,34,35,38,7,39,12,14,15,16,17,19,21,22,23,24,25,29,30>5,7,9,12,17,18,20,22,24,27,28,30,35,38,39,40,1,15,23,25,29
1,2,3,4,5,6,9,11,13,15,18,20,21,23,26,27,29,31,32,34,38,40>4,8,11,13,15,16,23,30,34,35,38,32,1,2,3,9,20,26,31
1,2,3,4,5,6,9,11,13,15,18,20,21,23,26,27,29,31,32,34,38,40>5,7,8,13,17,18,21,23,27,32,1,2,3,9,20,26,31
1,2,3,4,5,6,9,10,12,13,16,17,19,23,26,28,31,32,33,34,36,37,39,40>35,5,6,7,8,37,11,12,39,14,40,19,20,31,1,2,3,4,33,34,36,9,10,13,16,17,23,26
1,2,3,4,5,6,9,10,12,13,16,17,19,23,26,28,31,32,33,34,36,37,39,40>32,35,5,7,37,11,28,30,31,1,2,3,4,33,34,36,9,10,13,16,17,23,26
3,4,5,6,10,11,14,15,16,18,19,20,21,22,26,27,29,30,32,34,35,36,39>4,5,6,10,12,19,23,26,28,34,36,38,40,32,3,11,15,18,20,21,22,29,30
3,4,5,6,10,11,14,15,16,18,19,20,21,22,26,27,29,30,32,34,35,36,39>4,5,6,14,16,23,24,28,34,37,32,3,11,15,18,20,21,22,29,30
32,1,2,33,34,35,36,7,8,9,40,11,16,18,22,23,28,29,31>32,5,6,38,40,16,18,23,31,1,2,35,36,33,9,22,28,29
32,1,2,33,34,35,36,7,8,9,40,11,16,18,22,23,28,29,31>34,5,6,8,11,40,16,18,23,1,2,35,36,33,9,22,28,29
32,1,2,34,4,35,37,40,10,11,12,17,19,20,21,25,26,29,30>35,4,6,17,23,26,29,1,2,37,40,11,20,30
32,1,2,34,4,35,37,40,10,11,12,17,19,20,21,25,26,29,30>35,6,7,18,19,24,25,27,29,1,2,37,40,11,20,30
1,2,5,7,8,11,12,13,18,19,23,24,25,27,28,29,31,32,33,34,35,38>34,38,7,9,14,16,17,19,22,24,26,29,32,1,2,33,35,5,18,23,25,27,31
1,2,5,7,8,11,12,13,18,19,23,24,25,27,28,29,31,32,33,34,35,38>37,7,8,9,12,14,19,24,28,29,32,1,2,33,35,5,18,23,25,27,31
32,33,4,6,8,15,16,17,18,20,21,22,23>33,4,6,39,9,17,18,23,24,28,8,20,21,22
32,33,4,6,8,15,16,17,18,20,21,22,23>34,4,36,6,39,9,18,24,29,8,20,21,22
32,1,3,35,36,6,7,38,11,12,14,15,23,25,28>33,36,5,9,11,12,14,26,27,1,3,38,7,15
32,1,3,35,36,6,7,38,11,12,14,15,23,25,28>32,33,36,5,37,8,9,39,12,14,23,27,28,1,3,38,7,15
1,3,4,5,6,8,11,12,14,15,16,17,18,19,21,22,23,26,28,29,31,33,38>35,4,36,38,14,17,19,20,30,1,33,3,8,15,18,21,22,23,26,28,29
1,3,4,5,6,8,11,12,14,15,16,17,18,19,21,22,23,26,28,29,31,33,38>35,5,12,39,14,19,20,30,31,1,33,3,8,15,18,21,22,23,26,28,29
1,3,4,5,6,7,9,10,12,13,14,16,17,18,22,27,30,32,33,34,38>38,40,11,12,15,18,21,31,32,1,34,3,4,5,7,9,10,13,14,16,17,22
1,3,4,5,6,7,9,10,12,13,14,16,17,18,22,27,30,32,33,34,38>33,36,6,38,8,40,12,27,30,32,1,34,3,4,5,7,9,10,13,14,16,17,22
1,2,3,4,5,6,33,8,9,36,11,37,39,16,18,21,22,28,29>4,5,11,16,18,20,1,2,3,33,36,39,8,9,21,22,28,29
1,2,3,4,5,6,33,8,9,36,11,37,39,16,18,21,22,28,29>18,6,11,1,2,3,33,36,39,8,9,21,22,28,29
1,3,4,6,8,9,10,11,13,14,16,17,18,20,22,23,24,25,26,28,30,31,36,38,39,40>33,4,7,38,15,1,3,39,8,9,40,11,13,14,16,17,20,22,24,25,26,28,30
1,3,4,6,8,9,10,11,13,14,16,17,18,20,22,23,24,25,26,28,30,31,36,38,39,40>33,34,36,6,7,38,10,18,23,31,1,3,39,8,9,40,11,13,14,16,17,20,22,24,25,26,28,30
2,34,4,5,6,36,37,39,10,40,18,19,20,22,26,27>5,11,13,19,21,26,31,32,36,40,2,18,34,22
2,34,4,5,6,36,37,39,10,40,18,19,20,22,26,27>5,6,10,13,24,26,29,30,2,18,34,22
1,4,5,7,11,12,13,15,16,17,19,22,23,24,29,30,31,32,33,37,38,39,40>12,15,22,26,28,32,35,36,38,1,5,39,40,7,16,17,23,29
1,4,5,7,11,12,13,15,16,17,19,22,23,24,29,30,31,32,33,37,38,39,40>4,11,18,19,20,25,26,30,35,36,37,38,1,5,39,40,7,16,17,23,29
7,8,9,10,12,13,14,15,16,17,21,22,23,25,26,28,30,32,34,36,40>32,33,36,10,11,20,21,23,25,27,29,34,40,9,12,13,14,15,16,17,26,28,30
7,8,9,10,12,13,14,15,16,17,21,22,23,25,26,28,30,32,34,36,40>32,33,36,7,8,11,20,21,23,25,27,34,40,9,12,13,14,15,16,17,26,28,30
1,4,8,10,11,12,13,14,19,21,23,25,27,28,29,30,34,35,36,37,38,40>7,12,15,16,17,18,20,21,26,28,29,31,32,33,34,1,37,40,11,13,14,23,27
1,4,8,10,11,12,13,14,19,21,23,25,27,28,29,30,34,35,36,37,38,40>7,8,12,17,20,21,26,28,30,34,35,36,1,37,40,11,13,14,23,27
1,8,9,10,12,13,14,15,16,18,20,22,23,27,29,32,33,34,35,36,37,38,39>5,9,11,17,18,24,26,27,32,1,36,37,38,12,13,14,15,16,22,29
1,8,9,10,12,13,14,15,16,18,20,22,23,27,29,32,33,34,35,36,37,38,39>34,39,10,17,18,19,20,23,27,28,32,1,36,37,38,12,13,14,15,16,22,29
32,1,34,3,4,35,38,39,15,17,19,20,21,22,24,27,30,31>37,38,39,40,17,18,22,25,28,30,32,1,34,3,4,35,20,24,31
32,1,34,3,4,35,38,39,15,17,19,20,21,22,24,27,30,31>38,7,39,40,15,18,22,27,29,30,32,1,34,3,4,35,20,24,31
32,1,33,35,36,37,8,40,16,18,19,21,22,24,28,31>34,38,39,19,23,29,31,1,33,35,36,37,18,21,22,28
32,1,33,35,36,37,8,40,16,18,19,21,22,24,28,31>32,34,39,8,16,19,20,23,24,25,1,33,35,36,37,18,21,22,28
32,33,2,34,36,37,39,8,10,11,13,14,16,20,28,31>32,35,38,39,10,17,28,31,33,2,34,36,11,13,14,16
32,33,2,34,36,37,39,8,10,11,13,14,16,20,28,31>32,5,8,39,15,20,24,31,33,2,34,36,11,13,14,16
33,2,34,35,5,6,7,36,10,14,16,17,19,21,22,24,26,27,28>6,10,13,15,18,19,22,23,24,25,26,29,31,35,37,33,2,34,36,5,28
33,2,34,35,5,6,7,36,10,14,16,17,19,21,22,24,26,27,28>6,11,14,17,22,23,24,25,29,30,31,32,37,33,2,34,36,5,28
3,4,5,6,7,10,12,14,15,16,20,22,23,24,25,26,28,29,30,31,33,36>35,7,9,11,39,40,31,33,3,4,5,36,12,15,24,25,26,28,29,30
3,4,5,6,7,10,12,14,15,16,20,22,23,24,25,26,28,29,30,31,33,36>6,7,9,11,40,16,19,27,31,33,3,4,5,36,12,15,24,25,26,28,29,30
32,34,3,35,36,6,12,14,16,17,18,21,22,25,26,27,28,29,31>33,34,5,6,37,12,15,16,20,30,32,35,3,21,22,27,28,29,31
32,34,3,35,36,6,12,14,16,17,18,21,22,25,26,27,28,29,31>33,34,4,14,15,16,18,32,35,3,21,22,27,28,29,31
2,3,4,5,6,13,14,17,18,22,23,24,25,26,28,29,30,31,34,35,36,40>33,8,9,13,15,16,20,21,31,2,3,4,35,40,14,17,22,25,26,28,29,30
2,3,4,5,6,13,14,17,18,22,23,24,25,26,28,29,30,31,34,35,36,40>34,5,13,16,18,20,23,27,2,3,4,35,40,14,17,22,25,26,28,29,30
32,35,4,5,36,39,8,9,10,13,14,16,17,19,20,24,25,26>32,4,5,36,37,8,11,15,18,19,23,27,30,39,13,14,16,17,20,24,25
32,35,4,5,36,39,8,9,10,13,14,16,17,19,20,24,25,26>34,36,8,10,11,38,18,19,23,26,27,30,39,13,14,16,17,20,24,25
32,2,35,6,7,8,9,10,38,39,15,17,19,21,22,26,27,28,29>6,7,11,12,13,15,17,18,21,23,31,38,32,2,39,8,9,10,28,29
32,2,35,6,7,8,9,10,38,39,15,17,19,21,22,26,27,28,29>6,7,11,12,20,21,23,30,31,35,37,32,2,39,8,9,10,28,29
2,3,4,34,36,7,9,11,13,14,16,17,18,20,28,29,31>34,35,7,13,24,31,2,3,9,14,16,17,20
2,3,4,34,36,7,9,11,13,14,16,17,18,20,28,29,31>33,34,35,5,36,7,11,13,15,22,24,29,2,3,9,14,16,17,20
32,5,6,7,8,37,40,12,13,14,15,16,17,20,22,23,24,25,28,31>34,35,6,40,12,13,22,23,27,31,5,8,14,15,16,17,20,24,25,28
32,5,6,7,8,37,40,12,13,14,15,16,17,20,22,23,24,25,28,31>32,34,39,12,22,26,29,5,8,14,15,16,17,20,24,25,28
1,2,4,6,7,8,9,10,11,12,14,15,17,19,23,26,29,30,32,33,34,35,37,39>4,5,36,39,40,10,13,17,19,20,29,1,2,37,6,7,8,9,11,12,15,23,26,30
1,2,4,6,7,8,9,10,11,12,14,15,17,19,23,26,29,30,32,33,34,35,37,39>32,33,35,4,5,39,13,14,17,19,20,1,2,37,6,7,8,9,11,12,15,23,26,30
34,3,37,6,38,8,40,10,11,12,13,15,19,20,22,24,25,27,28,30>5,14,18,19,22,23,30,34,3,8,40,11,12,13,24,25,27,28
34,3,37,6,38,8,40,10,11,12,13,15,19,20,22,24,25,27,28,30>5,6,38,14,18,22,30,31,34,3,8,40,11,12,13,24,25,27,28
2,5,7,8,9,12,13,14,16,20,21,22,23,24,25,27,30,31,32,33,34,37,38>33,40,13,15,22,23,26,28,32,2,34,5,9,14,16,20,24,25,27,31
2,5,7,8,9,12,13,14,16,20,21,22,23,24,25,27,30,31,32,33,34,37,38>33,35,36,37,7,13,17,21,22,23,30,32,2,34,5,9,14,16,20,24,25,27,31
1,4,6,7,9,11,12,14,15,16,17,18,19,20,22,23,24,25,29,30,34,38>34,4,38,11,12,17,21,28,1,7,9,15,18,20,22,23,24,25,29
1,4,6,7,9,11,12,14,15,16,17,18,19,20,22,23,24,25,29,30,34,38>4,5,38,40,14,16,27,28,30,1,7,9,15,18,20,22,23,24,25,29
1,33,34,4,36,6,7,8,9,37,11,40,14,15,16,19,25,29,31>34,6,11,14,16,19,23,29,1,36,7,8,9,15
1,33,34,4,36,6,7,8,9,37,11,40,14,15,16,19,25,29,31>35,6,37,40,18,23,29,31,1,36,7,8,9,15
35,5,38,39,8,40,10,12,15,16,24,27,30>35,10,13,15,24,25,27,30,31,40,12,5,39
35,5,38,39,8,40,10,12,15,16,24,27,30>32,34,35,38,15,16,19,24,30,31,40,12,5,39
1,4,5,6,9,10,12,13,14,19,20,24,26,28,30,32,33,35,37,38,40>5,6,7,11,15,25,26,32,35,38,1,33,37,40,9,10,13,14,24,30
1,4,5,6,9,10,12,13,14,19,20,24,26,28,30,32,33,35,37,38,40>5,6,11,15,18,20,25,32,38,1,33,37,40,9,10,13,14,24,30
1,3,4,5,8,10,12,13,15,16,17,18,22,26,28,29,30,32,34,35,37>33,35,8,40,10,14,19,20,21,26,1,3,4,37,12,13,16,17,22,28,29,30
1,3,4,5,8,10,12,13,15,16,17,18,22,26,28,29,30,32,34,35,37>32,33,34,35,5,7,10,11,14,15,18,20,1,3,4,37,12,13,16,17,22,28,29,30
33,3,4,6,38,39,40,11,14,19,20,22,23,25,28,29>9,40,15,18,20,24,25,26,27,33,3,39,23,28,29
33,3,4,6,38,39,40,11,14,19,20,22,23,25,28,29>36,6,8,9,40,11,15,24,33,3,39,23,28,29
33,2,36,5,6,38,8,9,40,13,14,17,19,21,22,24,25,26,29,31>9,16,18,19,21,22,23,27,28,30,31,33,39,40,2,36,5,8,14,17,25,29
33,2,36,5,6,38,8,9,40,13,14,17,19,21,22,24,25,26,29,31>6,9,10,18,20,26,28,30,31,33,35,2,36,5,8,14,17,25,29
1,3,6,8,10,12,13,16,17,18,19,20,22,23,24,29,30,33,36,38,39>33,4,6,40,11,12,14,19,21,25,26,28,1,3,36,39,8,13,16,17,18,20,22,23,24,29
1,3,6,8,10,12,13,16,17,18,19,20,22,23,24,29,30,33,36,38,39>5,7,38,40,10,11,12,14,19,21,26,28,1,3,36,39,8,13,16,17,18,20,22,23,24,29
1,2,7,8,11,12,13,14,15,19,20,23,24,25,26,29,30,31,34,35,36>6,7,37,13,16,17,19,27,31,1,2,35,14,15,23,24,25,26,30
1,2,7,8,11,12,13,14,15,19,20,23,24,25,26,29,30,31,34,35,36>34,36,37,11,12,13,40,16,17,19,20,27,31,1,2,35,14,15,23,24,25,26,30
1,2,3,7,8,9,10,12,14,16,17,19,22,23,25,27,29,32,34,35,37,38,40>4,8,15,16,22,28,34,35,38,40,32,1,2,3,37,9,23,27,29
1,2,3,7,8,9,10,12,14,16,17,19,22,23,25,27,29,32,34,35,37,38,40>6,8,11,12,17,18,19,25,26,38,40,32,1,2,3,37,9,23,27,29
1,2,3,5,6,11,13,14,15,16,17,18,20,22,23,24,25,28,30,32,33,37,39,40>32,37,7,8,11,21,23,26,27,1,2,3,33,5,39,40,14,15,16,17,20,22,24,25,28
1,2,3,5,6,11,13,14,15,16,17,18,20,22,23,24,25,28,30,32,33,37,39,40>34,37,7,13,21,29,1,2,3,33,5,39,40,14,15,16,17,20,22,24,25,28
1,34,3,36,5,39,8,10,11,12,15,18,23,25,27,28,31>39,8,10,13,15,18,25,26,1,34,3,5,11,12,27,31
1,34,3,36,5,39,8,10,11,12,15,18,23,25,27,28,31>33,35,39,8,10,13,15,18,22,23,28,1,34,3,5,11,12,27,31
1,2,6,7,11,12,13,14,15,17,18,20,24,27,28,29,32,33,34,36,37,38,39>34,37,8,11,12,13,18,22,27,28,29,32,1,2,33,36,6,7,38,14,15,17,20,24
1,2,6,7,11,12,13,14,15,17,18,20,24,27,28,29,32,33,34,36,37,38,39>34,5,37,9,13,16,18,25,28,31,32,1,2,33,36,6,7,38,14,15,17,20,24
6,9,10,11,13,14,15,16,18,19,20,22,23,28,29,30,31,32,34,35,36,38,39>9,17,20,21,24,30,31,33,37,40,35,38,11,13,14,15,16,18,22,23,28,29
6,9,10,11,13,14,15,16,18,19,20,22,23,28,29,30,31,32,34,35,36,38,39>8,10,19,20,24,30,31,33,37,40,35,38,11,13,14,15,16,18,22,23,28,29
2,3,4,8,9,10,15,19,20,23,25,26,28,29,30,31,33,34,35,36,39,40>39,8,9,11,12,13,15,24,33,2,3,4,35,36,40,23,26,30
2,3,4,8,9,10,15,19,20,23,25,26,28,29,30,31,33,34,35,36,39,40>34,37,39,8,9,10,12,13,19,24,25,27,28,33,2,3,4,35,36,40,23,26,30
33,2,34,35,9,15,16,19,20,24,27,29,30>33,35,40,15,18,19,23,27,29,30,24,2
33,2,34,35,9,15,16,19,20,24,27,29,30>32,33,35,9,19,25,27,29,30,24,2
33,4,5,39,8,10,16,25,28>8,10,11,16,25,33,39
33,4,5,39,8,10,16,25,28>34,4,5,13,16,25,27,33,39
34,35,38,8,13,14,15,16,23,25,26,27>35,5,38,13,17,25,30,31,34,14,15,16,26,27
34,35,38,8,13,14,15,16,23,25,26,27>32,35,5,37,38,13,17,25,34,14,15,16,26,27
4,5,7,8,9,10,13,14,15,16,18,20,22,23,24,27,30,31,32,33,36>4,7,17,20,21,25,27,28,30,33,40,32,36,5,9,13,14,15,16,22,24,31
4,5,7,8,9,10,13,14,15,16,18,20,22,23,24,27,30,31,32,33,36>4,8,17,21,23,25,26,34,38,40,32,36,5,9,13,14,15,16,22,24,31
32,1,33,3,35,38,39,10,11,12,14,15,18,22,24,25,30,31>36,37,38,40,13,18,21,27,28,1,3,35,39,11,12,15,22,25
32,1,33,3,35,38,39,10,11,12,14,15,18,22,24,25,30,31>33,36,5,37,38,10,14,21,24,29,31,1,3,35,39,11,12,15,22,25
1,3,4,5,7,8,12,13,16,17,18,20,21,22,23,26,29,34,35,36,38>34,37,38,12,13,18,23,28,30,1,3,4,5,7,16,17,20,21,22,26,29
1,3,4,5,7,8,12,13,16,17,18,20,21,22,23,26,29,34,35,36,38>34,35,37,38,9,12,14,23,24,28,1,3,4,5,7,16,17,20,21,22,26,29
1,33,35,5,38,7,40,10,14,21,25,26,27,29,31>7,39,9,11,40,13,14,20,21,26,1,35,5,27,31
1,33,35,5,38,7,40,10,14,21,25,26,27,29,31>32,33,37,39,9,40,20,25,30,1,35,5,27,31
1,2,4,5,6,8,11,15,18,21,22,24,25,27,28,29,33,35,36,38,39,40>35,4,5,6,7,38,40,15,20,24,1,2,33,36,39,8,21,22,25,27,28,29
1,2,4,5,6,8,11,15,18,21,22,24,25,27,28,29,33,35,36,38,39,40>32,35,4,5,7,37,38,11,15,20,24,1,2,33,36,39,8,21,22,25,27,28,29
32,1,2,3,33,5,34,35,8,9,10,37,17,22,25,29,31>33,34,36,13,17,22,27,1,2,3,35,5,37,29
32,1,2,3,33,5,34,35,8,9,10,37,17,22,25,29,31>32,33,34,9,10,20,22,28,31,1,2,3,35,5,37,29
1,2,3,4,6,7,8,10,12,14,16,17,19,20,21,22,23,25,27,31,32,35,37,39,40>10,14,15,16,18,21,22,25,28,34,40,32,1,2,3,4,35,6,7,8,37,39,20,23,27,31
1,2,3,4,6,7,8,10,12,14,16,17,19,20,21,22,23,25,27,31,32,35,37,39,40>5,9,10,13,17,18,25,26,28,34,40,32,1,2,3,4,35,6,7,8,37,39,20,23,27,31
33,36,5,6,37,8,11,12,14,16,18,19,20,22,23,25,27,30,31>6,14,16,20,25,29,30,37,36,5,8,18,22,23,27,31
33,36,5,6,37,8,11,12,14,16,18,19,20,22,23,25,27,30,31>11,12,15,19,20,21,29,33,34,37,40,36,5,8,18,22,23,27,31
32,1,33,4,5,6,36,37,11,12,14,16,19,20,22,23,25,27,28,31>7,12,18,22,29,35,38,39,32,1,33,36,23,27,28,31
32,1,33,4,5,6,36,37,11,12,14,16,19,20,22,23,25,27,28,31>4,6,7,16,19,20,22,24,26,29,34,37,32,1,33,36,23,27,28,31
1,3,4,8,9,10,12,13,14,17,20,22,24,26,27,28,29,31,32,34,38,40>34,35,9,11,12,22,32,1,3,4,13,14,17,20,24,28,29,31
1,3,4,8,9,10,12,13,14,17,20,22,24,26,27,28,29,31,32,34,38,40>34,35,8,9,12,16,30,32,1,3,4,13,14,17,20,24,28,29,31
32,2,3,34,35,6,37,39,9,14,17,19,20,22,25,26,28,29,31>9,10,14,18,19,22,23,24,30,31,33,34,39,2,35,3,37,20,28,29
32,2,3,34,35,6,37,39,9,14,17,19,20,22,25,26,28,29,31>5,8,9,14,17,18,19,22,25,26,33,2,35,3,37,20,28,29
33,36,6,7,8,38,39,11,13,17,18,23,28,31>34,6,38,16,20,33,36,39,8,17
33,36,6,7,8,38,39,11,13,17,18,23,28,31>35,5,6,7,38,16,20,26,28,31,33,36,39,8,17
34,35,36,37,7,39,9,10,11,12,13,14,17,20,22,24,25,26,27,30>32,35,5,15,22,28,34,37,9,11,13,14,17,20,24,25,27,30
34,35,36,37,7,39,9,10,11,12,13,14,17,20,22,24,25,26,27,30>32,35,5,7,39,40,26,28,31,34,37,9,11,13,14,17,20,24,25,27,30
2,3,4,34,37,7,40,9,11,14,16,17,18,19,20,23,24,25,26>4,37,14,16,17,22,30,2,3,34,9,18,20,23,24,25,26
2,3,4,34,37,7,40,9,11,14,16,17,18,19,20,23,24,25,26>5,37,40,15,22,27,2,3,34,9,18,20,23,24,25,26
4,5,6,8,12,13,14,16,19,20,22,25,27,28,29,31,33,35,37,39,40>4,5,40,9,12,20,23,24,33,35,37,39,8,14,16,27,28,29,31
4,5,6,8,12,13,14,16,19,20,22,25,27,28,29,31,33,35,37,39,40>32,4,5,6,36,40,17,19,20,23,25,33,35,37,39,8,14,16,27,28,29,31
2,3,4,5,10,11,12,16,18,19,21,22,23,24,27,28,31,32,35,36,37,38,40>5,36,39,16,25,27,29,32,2,3,35,37,38,11,18,21,22,23,28,31
2,3,4,5,10,11,12,16,18,19,21,22,23,24,27,28,31,32,35,36,37,38,40>34,4,5,36,10,12,16,27,32,2,3,35,37,38,11,18,21,22,23,28,31
1,2,3,39,40,10,12,13,15,19,24,25,26,29,30,31>10,17,18,27,31,1,2,3,39,40,12,13,25,30
1,2,3,39,40,10,12,13,15,19,24,25,26,29,30,31>6,10,11,15,16,17,23,26,27,29,1,2,3,39,40,12,13,25,30
33,35,36,5,37,38,39,9,40,13,14,18,20,21,23,25,26,27,30>32,15,17,21,22,36,37,5,39,40,14,20,26,27,30
33,35,36,5,37,38,39,9,40,13,14,18,20,21,23,25,26,27,30>32,34,9,15,17,21,31,36,37,5,39,40,14,20,26,27,30
5,7,8,9,11,12,13,15,16,17,18,19,20,21,22,23,26,27,29,30,31,32,33,34,35,37,39,40>34,36,8,39,12,13,15,19,32,35,5,37,40,9,16,17,18,20,21,22,23,26,29,30,31
5,7,8,9,11,12,13,15,16,17,18,19,20,21,22,23,26,27,29,30,31,32,33,34,35,37,39,40>34,36,7,13,14,15,19,27,28,32,35,5,37,40,9,16,17,18,20,21,22,23,26,29,30,31
1,2,34,4,5,38,39,40,9,10,15,16,17,18,20,22,23>4,7,11,17,24,28,29,39,1,2,34,20,22
1,2,34,4,5,38,39,40,9,10,15,16,17,18,20,22,23>5,7,9,10,15,16,17,18,21,24,28,29,39,1,2,34,20,22
32,1,33,4,37,38,9,11,12,13,14,16,20,23,25,27,28,29,31>35,37,7,20,23,24,32,1,33,14,16,27,31
32,1,33,4,37,38,9,11,12,13,14,16,20,23,25,27,28,29,31>4,36,37,9,39,12,15,20,25,29,32,1,33,14,16,27,31
33,3,4,35,6,39,40,12,13,15,16,17,20,21,24,25,27,28,30,31>36,9,12,21,28,33,3,4,35,39,40,16,17,20,24,25,27,31
33,3,4,35,6,39,40,12,13,15,16,17,20,21,24,25,27,28,30,31>32,36,37,6,8,9,12,21,30,33,3,4,35,39,40,16,17,20,24,25,27,31
1,2,3,4,5,6,7,8,9,10,16,18,21,23,24,26,29,33,35,36,39,40>33,35,11,13,16,20,21,25,29,30,1,2,3,4,5,36,7,8,9,10,39,26
1,2,3,4,5,6,7,8,9,10,16,18,21,23,24,26,29,33,35,36,39,40>33,35,37,6,11,20,22,23,1,2,3,4,5,36,7,8,9,10,39,26
1,33,34,5,37,7,38,9,10,11,12,40,14,15,18,20,22,23,29,30>37,38,13,14,20,21,26,1,5,40,9,11,12,15,22,29
1,33,34,5,37,7,38,9,10,11,12,40,14,15,18,20,22,23,29,30>33,34,10,18,21,23,24,26,28,30,1,5,40,9,11,12,15,22,29
1,2,3,6,7,8,9,10,11,12,14,15,16,17,22,29,30,31,32,34,35,37,38,39>34,39,14,17,20,28,1,2,3,35,37,6,7,8,9,11,12,15,29
1,2,3,6,7,8,9,10,11,12,14,15,16,17,22,29,30,31,32,34,35,37,38,39>32,34,5,38,16,19,28,31,1,2,3,35,37,6,7,8,9,11,12,15,29
1,2,5,6,7,8,38,10,39,40,15,16,18,21,27,28,29,30>9,12,13,18,20,22,28,33,38,1,2,5,7,8,39,40
1,2,5,6,7,8,38,10,39,40,15,16,18,21,27,28,29,30>9,10,15,16,19,20,22,27,30,32,33,38,1,2,5,7,8,39,40
1,2,3,4,5,36,38,8,9,11,14,16,24,26,27,29,31>35,7,9,39,16,24,27,29,30,1,2,3,31
1,2,3,4,5,36,38,8,9,11,14,16,24,26,27,29,31>32,35,5,36,8,9,38,14,15,16,25,26,27,29,30,1,2,3,31
32,33,2,34,4,35,36,7,11,13,15,18,21,24,25,27,29>4,5,11,13,20,21,22,24,35,37,32,2,36,25,27
32,33,2,34,4,35,36,7,11,13,15,18,21,24,25,27,29>5,7,9,15,16,18,22,35,38,32,2,36,25,27
32,1,2,3,4,34,37,7,40,9,11,12,15,16,17,18,20,26,30,31>5,37,11,12,16,18,22,1,2,3,34,7,40,9,20,30
32,1,2,3,4,34,37,7,40,9,11,12,15,16,17,18,20,26,30,31>32,5,6,37,11,12,15,16,18,1,2,3,34,7,40,9,20,30
32,2,34,4,38,7,8,9,10,13,14,16,17,19,28,31>32,38,7,10,11,15,18,23,31,2,34,9,13,14,16,17
32,2,34,4,38,7,8,9,10,13,14,16,17,19,28,31>32,4,5,38,8,10,11,15,23,31,2,34,9,13,14,16,17
1,2,33,35,36,38,7,11,12,15,19,20,21,22,23,26,27,29,30,31>32,6,7,37,9,38,12,39,22,27,1,2,35,36,20,23,26,29,30,31
1,2,33,35,36,38,7,11,12,15,19,20,21,22,23,26,27,29,30,31>32,37,11,12,39,19,22,24,28,1,2,35,36,20,23,26,29,30,31
1,4,6,7,8,10,12,13,17,18,19,20,21,22,23,24,27,28,29,36,39>9,10,11,12,19,27,1,7,8,39,13,17,18,20,21,22,23,24,28,29
1,4,6,7,8,10,12,13,17,18,19,20,21,22,23,24,27,28,29,36,39>32,33,4,5,9,10,12,14,16,19,27,31,1,7,8,39,13,17,18,20,21,22,23,24,28,29
34,3,4,5,36,7,38,39,40,11,12,13,15,20,22,23,24,26,27,31>7,11,12,13,20,22,23,27,28,38,39,34,3,5,24,26,31
34,3,4,5,36,7,38,39,40,11,12,13,15,20,22,23,24,26,27,31>9,11,13,14,17,23,25,27,28,29,30,35,36,39,34,3,5,24,26,31
1,2,3,4,6,7,8,9,10,11,12,13,14,15,17,22,27,28,30,31,32,34,36,37,38,39>33,36,37,39,40,20,22,27,30,32,1,2,3,34,6,7,8,9,38,11,12,13,14,15,17,28,31
1,2,3,4,6,7,8,9,10,11,12,13,14,15,17,22,27,28,30,31,32,34,36,37,38,39>33,4,5,10,16,22,27,29,32,1,2,3,34,6,7,8,9,38,11,12,13,14,15,17,28,31
32,33,34,35,36,6,38,39,9,10,13,15,18,23,24,27,28>5,11,12,14,16,17,18,22,23,25,26,27,31,32,33,34,36,38,10,13
32,33,34,35,36,6,38,39,9,10,13,15,18,23,24,27,28>5,6,8,11,15,24,27,28,37,39,32,33,34,36,38,10,13
1,3,6,7,10,11,14,16,17,19,21,22,23,25,26,27,28,30,31,34,36,37,38,40>13,14,17,18,22,32,35,36,37,1,34,3,7,40,11,23,26,27,28,30,31
1,3,6,7,10,11,14,16,17,19,21,22,23,25,26,27,28,30,31,34,36,37,38,40>5,8,10,14,16,22,25,29,32,37,38,1,34,3,7,40,11,23,26,27,28,30,31
1,2,3,9,10,11,12,13,16,20,21,25,26,28,29,32,33,34,35,36,37,40>38,40,9,12,14,21,24,26,29,1,2,3,36,33,37,11,13,16,20
1,2,3,9,10,11,12,13,16,20,21,25,26,28,29,32,33,34,35,36,37,40>32,35,5,6,40,10,12,14,17,21,24,26,27,30,1,2,3,36,33,37,11,13,16,20
1,4,6,8,9,13,19,24,25,26,27,28,29,30,31,32,33,34,35,37,39,40>6,13,14,16,17,18,19,23,29,32,1,33,35,37,8,9,40,25,27,30,31
1,4,6,8,9,13,19,24,25,26,27,28,29,30,31,32,33,34,35,37,39,40>4,36,39,10,13,23,32,1,33,35,37,8,9,40,25,27,30,31
2,3,34,37,7,8,9,11,12,14,15,17,19,20,21,22,28,29>37,8,17,18,19,21,22,24,2,3,9,15,20,28,29
2,3,34,37,7,8,9,11,12,14,15,17,19,20,21,22,28,29>33,5,7,11,14,18,19,22,2,3,9,15,20,28,29
1,3,4,5,7,8,10,11,13,14,15,17,18,21,22,23,25,26,28,29,30,33,34,35,38,40>35,16,18,25,1,33,3,5,7,40,11,13,14,15,17,21,22,26,28,29,30
1,3,4,5,7,8,10,11,13,14,15,17,18,21,22,23,25,26,28,29,30,33,34,35,38,40>35,4,36,38,8,10,16,1,33,3,5,7,40,11,13,14,15,17,21,22,26,28,29,30
32,33,36,5,6,37,8,9,10,11,40,13,15,19,20,22,24,25>6,12,18,20,23,27,28,34,37,38,40,36,5,8,11,13,24,25
32,33,36,5,6,37,8,9,10,11,40,13,15,19,20,22,24,25>6,14,18,20,22,27,33,38,36,5,8,11,13,24,25
1,4,5,7,8,9,10,11,15,17,20,21,23,27,28,30,31,32,33,34,35>4,40,12,21,23,24,28,30,32,1,33,34,35,5,7,9,11,20,31
1,4,5,7,8,9,10,11,15,17,20,21,23,27,28,30,31,32,33,34,35>36,8,40,10,12,15,21,26,32,1,33,34,35,5,7,9,11,20,31
