CD45,CD8,TCRlig,TCbind,PAGCsk,LCK,Fyn,Rlk,TCRphos,ZAP70,cCbl,Itk,LAT,Gads,Slp76,PLCg_b,Grb2Sos,DAG,PLCg_a,Ras,RasGRP1,PKCth,IP3,Raf,MEK,Ca,ERK,SEK,IKK,Calcin,Rsk,Fos,JNK,IkB,CREB,Jun,CRE,AP1,NFkB,NFAT
1,4,6,8,9,10,13,17,18,21,22,23,24,25,26,28,32,33,34,36,40>4,40,14,16,20,23,24,30,1,33,34,36,8,9,10,13,17,21,22,25,26,28
1,4,6,8,9,10,13,17,18,21,22,23,24,25,26,28,32,33,34,36,40>32,4,6,7,38,11,18,20,27,30,1,33,34,36,8,9,10,13,17,21,22,25,26,28
2,3,4,5,6,7,11,13,15,17,19,21,23,24,25,26,27,28,30,31,32,33,34,36,37,38,39>35,4,6,39,13,15,18,20,24,28,32,33,2,3,34,5,36,38,17,23,25,26,27,30,31
2,3,4,5,6,7,11,13,15,17,19,21,23,24,25,26,27,28,30,31,32,33,34,36,37,38,39>35,37,6,7,8,39,13,14,16,19,20,21,28,32,33,2,3,34,5,36,38,17,23,25,26,27,30,31
33,34,4,38,7,8,11,12,14,18,19,23,29,31>9,38,11,12,14,15,29,18,23
33,34,4,38,7,8,11,12,14,18,19,23,29,31>33,4,36,7,8,9,38,12,15,26,29,18,23
32,1,2,33,34,5,36,7,39,9,11,16,18,20,24,26,27,28,29,31>38,39,16,20,22,25,28,30,32,1,2,33,36,5,9,24,31
32,1,2,33,34,5,36,7,39,9,11,16,18,20,24,26,27,28,29,31>34,38,7,39,26,27,32,1,2,33,36,5,9,24,31
1,34,3,6,7,38,9,12,13,15,18,20,21,23,24,28,29,30>4,5,8,10,14,18,23,26,28,29,30,34,38,40,1,3,7,9,20,24
1,34,3,6,7,38,9,12,13,15,18,20,21,23,24,28,29,30>5,6,12,14,15,16,18,21,26,28,29,33,34,38,1,3,7,9,20,24
2,34,35,39,8,9,10,40,12,13,14,17,18,19,21,23,26,27,29,31>5,8,10,11,40,19,20,22,27,30,2,35,13,14,17,18,23,26,31
2,34,35,39,8,9,10,40,12,13,14,17,18,19,21,23,26,27,29,31>32,34,5,37,9,10,11,15,16,19,22,27,29,30,2,35,13,14,17,18,23,26,31
1,3,5,9,11,12,13,14,15,17,19,22,24,26,28,29,31,33,34,37,38>12,19,11,1,33,3,5,14,15,17,28,29
1,3,5,9,11,12,13,14,15,17,19,22,24,26,28,29,31,33,34,37,38>34,35,12,19,30,31,1,33,3,5,14,15,17,28,29
35,4,36,37,38,8,10,11,12,15,17,18,23,24,25,26,27,28,29>13,15,18,20,22,29,32,33,37,11,12,25,26,27
35,4,36,37,38,8,10,11,12,15,17,18,23,24,25,26,27,28,29>8,10,13,15,24,28,31,32,33,36,37,11,12,25,26,27
2,6,7,8,9,10,11,12,13,15,16,17,18,19,21,22,23,25,28,29,30,33,34,35,36,39>34,35,7,37,30,33,2,36,8,9,11,12,13,16,17,18,19,21,22,23,28,29
2,6,7,8,9,10,11,12,13,15,16,17,18,19,21,22,23,25,28,29,30,33,34,35,36,39>34,5,6,7,10,40,14,25,27,30,33,2,36,8,9,11,12,13,16,17,18,19,21,22,23,28,29
2,4,5,6,10,11,12,14,18,19,22,26,30,31,32,33,34,36,37,38,39,40>4,8,13,14,15,23,26,31,32,2,34,36,38,40,11,18,22,30
2,4,5,6,10,11,12,14,18,19,22,26,30,31,32,33,34,36,37,38,39,40>4,5,6,12,19,26,28,29,35,37,39,2,34,36,38,40,11,18,22,30
1,3,4,6,8,10,12,15,16,17,19,20,21,24,25,26,29,30,31,32,34,35,36,37,39,40>9,10,11,15,18,27,29,32,34,1,3,4,35,37,8,40,12,19,20,24,25,30
1,3,4,6,8,10,12,15,16,17,19,20,21,24,25,26,29,30,31,32,34,35,36,37,39,40>6,9,11,13,16,18,31,34,36,1,3,4,35,37,8,40,12,19,20,24,25,30
34,4,38,7,8,9,40,16,17,18,21,23,24,26,27,28,29>20,21,23,24,25,27,30,31,9,26
34,4,38,7,8,9,40,16,17,18,21,23,24,26,27,28,29>4,5,18,24,27,29,30,31,32,33,34,38,40,9,26
2,5,8,10,11,14,15,17,18,20,21,25,27,29,30,31,34,36,37,39,40>32,36,37,8,10,12,14,18,22,24,29,30,2,5,40,11,15,20,27,31
2,5,8,10,11,14,15,17,18,20,21,25,27,29,30,31,34,36,37,39,40>32,34,36,39,12,17,18,22,30,2,5,40,11,15,20,27,31
32,34,35,4,36,37,38,8,9,12,15,20,23,26,27,29>34,35,8,9,12,23,27,29,30,31,32,26,37,38
32,34,35,4,36,37,38,8,9,12,15,20,23,26,27,29>35,4,9,12,20,23,24,27,30,32,26,37,38
3,12,13,14,15,16,17,19,20,23,24,25,26,28,31,32,34,35,36,37,40>32,5,36,38,40,19,27,28,30,31,34,3,35,37,14,15,16,17,20,23,24,25,26
3,12,13,14,15,16,17,19,20,23,24,25,26,28,31,32,34,35,36,37,40>32,36,38,40,12,13,28,30,31,34,3,35,37,14,15,16,17,20,23,24,25,26
2,34,4,35,36,7,8,37,38,39,12,40,14,15,21,23,25,26,28,29>7,9,14,20,25,29,33,34,35,36,38,2,26,37,15
2,34,4,35,36,7,8,37,38,39,12,40,14,15,21,23,25,26,28,29>5,7,9,14,20,25,27,30,33,36,38,39,2,26,37,15
1,2,3,33,36,6,37,8,12,14,18,21,22,24,28>34,4,7,39,15,18,20,1,2,3,36,33,6,8,21,22,28
1,2,3,33,36,6,37,8,12,14,18,21,22,24,28>4,5,37,7,39,12,20,29,1,2,3,36,33,6,8,21,22,28
3,4,7,8,10,12,14,15,16,20,21,24,25,26,28,31,32,34,35,36,37,39>5,7,10,11,13,19,21,26,27,30,31,32,36,38,34,35,3,4,37,12,15,20,24,25
3,4,7,8,10,12,14,15,16,20,21,24,25,26,28,31,32,34,35,36,37,39>8,10,13,14,26,31,32,33,36,38,34,35,3,4,37,12,15,20,24,25
32,33,34,3,36,6,7,38,9,13,17,19,22,23,25,27,29,30>4,8,18,22,31,33,32,3,36,38,9,17,23,27,29
32,33,34,3,36,6,7,38,9,13,17,19,22,23,25,27,29,30>4,5,7,16,19,25,34,32,3,36,38,9,17,23,27,29
1,3,7,13,17,18,19,20,21,22,25,26,27,29,30,31,33,35,36,37,39,40>5,7,9,19,23,24,25,28,1,3,35,36,37,39,40,17,18,20,21,22,27,29,30,31
1,3,7,13,17,18,19,20,21,22,25,26,27,29,30,31,33,35,36,37,39,40>33,7,9,13,19,24,25,26,1,3,35,36,37,39,40,17,18,20,21,22,27,29,30,31
1,3,4,5,6,7,9,10,12,13,14,16,17,21,24,25,28,29,31,33,34,37,38,39,40>6,38,39,40,11,15,21,24,27,28,1,33,3,4,5,7,9,10,13,14,16,17,25
1,3,4,5,6,7,9,10,12,13,14,16,17,21,24,25,28,29,31,33,34,37,38,39,40>34,35,37,6,38,8,39,11,15,20,27,1,33,3,4,5,7,9,10,13,14,16,17,25
4,8,10,11,12,13,19,20,22,23,26,28,29,30,31,32,34,35,37,38,40>4,8,12,14,16,17,18,24,31,35,37,40,11,13,23,26,28,29,30
4,8,10,11,12,13,19,20,22,23,26,28,29,30,31,32,34,35,37,38,40>32,33,4,38,8,12,14,19,22,24,31,35,37,40,11,13,23,26,28,29,30
1,2,3,5,7,8,9,10,11,14,15,16,17,22,23,24,28,30,32,34,35,40>8,10,13,14,17,19,20,22,24,29,30,35,37,1,2,3,34,5,40,9,11,15,28
1,2,3,5,7,8,9,10,11,14,15,16,17,22,23,24,28,30,32,34,35,40>7,8,10,14,16,17,19,25,30,33,35,37,1,2,3,34,5,40,9,11,15,28
32,1,33,34,4,5,35,7,8,40,12,17,19,20,22,25,27,28,30>37,9,12,17,18,23,25,29,32,1,34,33,5,7,40,20,27,28
32,1,33,34,4,5,35,7,8,40,12,17,19,20,22,25,27,28,30>35,4,12,18,19,32,1,34,33,5,7,40,20,27,28
1,33,3,35,37,6,38,8,9,10,13,15,16,18,19,21,22,25,26,29>4,11,12,14,15,20,23,30,39,1,3,37,8,10,13,16,18,19,21,22,29
1,33,3,35,37,6,38,8,9,10,13,15,16,18,19,21,22,25,26,29>6,9,11,12,14,17,20,23,25,26,27,28,30,33,1,3,37,8,10,13,16,18,19,21,22,29
2,3,5,6,8,9,11,12,13,14,17,18,19,20,21,22,23,27,28,29,30,32,36,37,39>33,6,38,13,15,19,26,31,32,2,3,5,39,8,14,17,18,20,21,22,23,28,29
2,3,5,6,8,9,11,12,13,14,17,18,19,20,21,22,23,27,28,29,30,32,36,37,39>33,36,37,38,9,12,15,16,27,30,32,2,3,5,39,8,14,17,18,20,21,22,23,28,29
3,4,5,6,8,9,10,12,16,17,18,19,20,21,22,24,27,29,34,35,37,39,40>35,5,6,40,17,19,23,25,3,4,37,8,9,10,18,20,21,22,24,29
3,4,5,6,8,9,10,12,16,17,18,19,20,21,22,24,27,29,34,35,37,39,40>32,35,40,11,12,16,19,23,25,28,3,4,37,8,9,10,18,20,21,22,24,29
2,34,6,38,8,40,15,18,20,21,24,27,28,29,30>18,32,5,29,2,8,40,20,24
2,34,6,38,8,40,15,18,20,21,24,27,28,29,30>32,33,34,5,6,15,18,2,8,40,20,24
1,33,36,38,39,10,11,12,13,15,18,19,22,23,26,27,29>33,5,10,14,16,17,28,30,1,36,39,11,12,13,18,22,23,26,29
1,33,36,38,39,10,11,12,13,15,18,19,22,23,26,27,29>32,33,5,38,16,28,30,31,1,36,39,11,12,13,18,22,23,26,29
1,4,5,6,7,10,12,13,14,16,17,19,20,22,23,24,26,27,30,32,35,36,38>11,18,19,25,39,40,32,1,5,38,7,13,14,16,17,20,23,24,26,30
1,4,5,6,7,10,12,13,14,16,17,19,20,22,23,24,26,27,30,32,35,36,38>6,15,18,22,25,31,34,36,37,32,1,5,38,7,13,14,16,17,20,23,24,26,30
1,5,6,7,8,9,10,11,13,15,16,19,22,23,24,26,27,29,30,31,33,34,37,38>34,36,37,6,38,12,14,15,17,18,25,1,5,7,8,9,11,13,16,19,23,26,29,30,31
1,5,6,7,8,9,10,11,13,15,16,19,22,23,24,26,27,29,30,31,33,34,37,38>34,36,10,18,22,27,28,1,5,7,8,9,11,13,16,19,23,26,29,30,31
3,35,5,6,37,40,9,10,15,16,18,19,21,23,28>39,8,9,40,15,16,21,22,26,3,37,5,10,18,23
3,35,5,6,37,40,9,10,15,16,18,19,21,23,28>34,35,4,6,39,9,11,13,15,16,3,37,5,10,18,23
2,34,35,6,39,8,9,13,15,16,18,19,21,22,24,25,26,29,31>34,5,39,9,10,13,17,19,23,24,26,27,30,31,2,35,8,16,18,21,22,25,29
2,34,35,6,39,8,9,13,15,16,18,19,21,22,24,25,26,29,31>34,6,9,14,20,23,24,27,28,31,2,35,8,16,18,21,22,25,29
32,34,35,4,7,40,10,15,16,18,19,27,28,29,30,31>33,7,11,12,13,15,19,23,27,28,29,30,32,35,40,18,31
32,34,35,4,7,40,10,15,16,18,19,27,28,29,30,31>34,4,11,13,19,27,28,29,32,35,40,18,31
3,6,7,8,9,11,13,14,15,16,18,19,20,21,28,29,30,32,33,34,35,38,39>5,6,11,13,17,21,22,30,34,35,38,39,33,3,8,9,14,15,16,18,20
3,6,7,8,9,11,13,14,15,16,18,19,20,21,28,29,30,32,33,34,35,38,39>7,11,21,23,24,36,39,33,3,8,9,14,15,16,18,20
32,2,34,35,37,38,40,9,10,12,13,15,16,21,23,24,29,30>38,14,15,17,19,25,29,30,2,37,40,12,13,16
32,2,34,35,37,38,40,9,10,12,13,15,16,21,23,24,29,30>32,35,5,38,10,11,15,23,29,2,37,40,12,13,16
32,1,3,36,37,7,8,9,10,40,13,14,16,17,21,22,25,26,29>4,8,11,15,21,27,37,40,1,3,9,13,14,16,17,29
32,1,3,36,37,7,8,9,10,40,13,14,16,17,21,22,25,26,29>4,7,10,11,20,26,27,30,36,37,38,1,3,9,13,14,16,17,29
1,2,3,5,6,8,10,14,17,18,19,21,22,24,26,32,35,36,37,39,40>4,7,10,14,15,17,19,25,1,2,3,37,5,39,8,18,21,22
1,2,3,5,6,8,10,14,17,18,19,21,22,24,26,32,35,36,37,39,40>6,7,11,13,17,19,23,25,26,29,30,32,38,1,2,3,37,5,39,8,18,21,22
1,4,6,7,10,11,12,13,14,15,16,19,25,26,28,30,31,33,34,35,36,40>5,37,9,18,23,28,31,1,33,34,35,36,7,40,11,12,13,14,15,16,19,30
1,4,6,7,10,11,12,13,14,15,16,19,25,26,28,30,31,33,34,35,36,40>5,8,17,18,23,25,26,1,33,34,35,36,7,40,11,12,13,14,15,16,19,30
32,33,34,37,38,7,8,9,13,16,18,19,21,22,24,27,28,31>37,7,14,24,27,29,32,33,34,9,16,18,21,22,28,31
32,33,34,37,38,7,8,9,13,16,18,19,21,22,24,27,28,31>5,37,8,38,14,17,19,24,25,27,29,32,33,34,9,16,18,21,22,28,31
32,1,33,3,4,5,34,7,36,9,10,12,15,17,19,20,24,25,28,30>32,10,11,13,18,27,30,1,33,3,4,5,34,7,36,9,12,20,24,25
32,1,33,3,4,5,34,7,36,9,10,12,15,17,19,20,24,25,28,30>38,40,11,18,19,23,28,1,33,3,4,5,34,7,36,9,12,20,24,25
1,3,9,10,11,14,15,16,17,18,19,20,22,25,26,29,30,32,33,35,38,39,40>14,24,25,26,27,28,32,35,37,38,1,3,39,40,11,15,18,20,22,29,30
1,3,9,10,11,14,15,16,17,18,19,20,22,25,26,29,30,32,33,35,38,39,40>5,10,16,17,27,32,33,36,1,3,39,40,11,15,18,20,22,29,30
3,6,9,10,12,14,15,18,21,22,23,24,26,28,29,30,31,32,34,35,36,38,40>32,4,6,8,9,37,20,23,24,31,3,35,38,40,10,12,15,21,22,26,28,29,30
3,6,9,10,12,14,15,18,21,22,23,24,26,28,29,30,31,32,34,35,36,38,40>33,6,36,9,13,18,20,23,25,31,3,35,38,40,10,12,15,21,22,26,28,29,30
1,33,34,35,5,6,37,38,40,13,19,21,22,25,29>6,7,13,16,17,20,23,28,40,1,29,37,5
1,33,34,35,5,6,37,38,40,13,19,21,22,25,29>8,13,14,16,18,19,20,22,23,28,33,34,35,38,1,29,37,5
1,2,3,33,34,35,39,8,40,10,13,16,21,24,27,28>4,5,8,10,11,21,25,27,28,31,36,39,1,2,3,34,33,13,16
1,2,3,33,34,35,39,8,40,10,13,16,21,24,27,28>5,6,11,14,24,27,28,31,36,39,40,1,2,3,34,33,13,16
32,33,3,4,35,6,36,8,38,10,12,14,15,17,19,20,21,23,26,30>34,35,37,40,9,10,13,14,19,3,4,36,38,8,12,15,20,23,26,30
32,33,3,4,35,6,36,8,38,10,12,14,15,17,19,20,21,23,26,30>34,35,37,40,10,13,17,18,19,3,4,36,38,8,12,15,20,23,26,30
32,1,2,34,4,35,38,40,9,10,12,15,16,17,20,23,25,27,28,29>4,6,9,10,16,17,19,24,31,37,40,32,1,2,12,20,27
32,1,2,34,4,35,38,40,9,10,12,15,16,17,20,23,25,27,28,29>7,9,11,15,16,17,19,23,29,31,37,32,1,2,12,20,27
1,2,5,9,10,11,12,13,14,16,17,18,19,21,22,25,28,31,32,34,36,37>32,33,9,10,12,20,23,25,29,1,2,34,5,11,13,14,16,17,18,21,22,28
1,2,5,9,10,11,12,13,14,16,17,18,19,21,22,25,28,31,32,34,36,37>33,35,37,9,12,20,25,27,1,2,34,5,11,13,14,16,17,18,21,22,28
1,33,37,6,7,8,9,10,39,14,15,17,20,23,25,26>33,34,6,37,11,13,14,23,1,7,8,9,10,39,15,20,26
1,33,37,6,7,8,9,10,39,14,15,17,20,23,25,26>36,6,11,12,27,1,7,8,9,10,39,15,20,26
1,2,5,6,8,9,10,12,14,16,18,20,21,23,24,26,27,31,32,33,35,38,39,40>9,13,15,21,22,23,25,33,36,37,38,40,32,1,2,35,5,39,8,10,20,24,26,31
1,2,5,6,8,9,10,12,14,16,18,20,21,23,24,26,27,31,32,33,35,38,39,40>6,7,9,15,16,21,22,30,33,37,40,32,1,2,35,5,39,8,10,20,24,26,31
4,5,9,10,14,15,16,17,18,20,21,22,25,29,30,33,34,35,37,38,40>4,5,10,12,13,14,17,18,25,27,28,30,33,37,40,15,20,21,22,29
4,5,9,10,14,15,16,17,18,20,21,22,25,29,30,33,34,35,37,38,40>9,10,11,12,13,17,36,38,37,40,15,20,21,22,29
1,33,35,5,37,40,11,17,18,19,25,26,27,28>36,11,19,20,22,23,26,30,1,33,37,5,18,27
1,33,35,5,37,40,11,17,18,19,25,26,27,28>32,36,11,19,25,1,33,37,5,18,27
32,34,3,4,5,35,37,40,12,13,17,18,19,22,25,27,29>20,23,25,31,32,3,4,37,17,18,22,27,29
32,34,3,4,5,35,37,40,12,13,17,18,19,22,25,27,29>5,14,16,19,20,23,25,32,3,4,37,17,18,22,27,29
32,33,3,5,38,7,40,9,12,14,15,16,17,21,22,23,24,25,27,28>4,38,7,39,16,20,22,23,29,31,32,33,3,5,9,15,25,27,28
32,33,3,5,38,7,40,9,12,14,15,16,17,21,22,23,24,25,27,28>36,7,39,12,16,17,21,22,26,32,33,3,5,9,15,25,27,28
1,33,3,4,36,6,7,37,39,14,15,16,18,20,23,25,27,30>32,5,6,37,16,22,23,24,25,30,31,1,3,4,36,7,39,15,27
1,33,3,4,36,6,7,37,39,14,15,16,18,20,23,25,27,30>34,5,6,37,8,9,40,14,18,20,22,24,25,30,31,1,3,4,36,7,39,15,27
4,6,7,8,10,13,17,18,19,21,24,25,26,27,29,30,31,33,34,37,39>4,10,11,19,20,21,23,26,29,34,36,39,8,13,17,18,25,27,30,31
4,6,7,8,10,13,17,18,19,21,24,25,26,27,29,30,31,33,34,37,39>5,6,10,14,19,21,22,23,26,29,39,40,8,13,17,18,25,27,30,31
1,3,4,7,8,9,11,14,15,18,19,21,23,24,25,26,28,31,34,38,39>33,35,8,14,19,20,22,24,28,30,1,34,3,7,9,15,18,23,25,26
1,3,4,7,8,9,11,14,15,18,19,21,23,24,25,26,28,31,34,38,39>4,5,8,19,21,24,30,1,34,3,7,9,15,18,23,25,26
1,2,5,7,9,12,13,14,17,19,21,22,23,26,27,28,30,31,32,34,36,37,38,40>35,36,37,7,12,15,16,20,29,32,1,2,34,5,38,40,9,14,17,23,26,28,30,31
1,2,5,7,9,12,13,14,17,19,21,22,23,26,27,28,30,31,32,34,36,37,38,40>35,36,37,7,13,15,19,21,22,29,32,1,2,34,5,38,40,9,14,17,23,26,28,30,31
33,3,4,35,6,36,37,38,39,40,13,14,20,22,24,26,28,29,30>16,6,26,15,33,3,4,37,36,39,40,14,24,28,29,30
33,3,4,35,6,36,37,38,39,40,13,14,20,22,24,26,28,29,30>6,8,20,22,25,33,3,4,37,36,39,40,14,24,28,29,30
3,5,8,10,12,14,15,17,19,20,21,22,23,26,27,29,30,31,32,33,34,35,36,38,39,40>33,37,39,8,11,19,21,22,24,32,3,35,5,36,38,40,12,15,20,23,26,29,30,31
3,5,8,10,12,14,15,17,19,20,21,22,23,26,27,29,30,31,32,33,34,35,36,38,39,40>33,4,8,10,18,21,24,27,32,3,35,5,36,38,40,12,15,20,23,26,29,30,31
32,1,33,3,37,38,39,10,12,14,16,20,21,23,24,25,27,28,30,31>34,35,5,36,37,11,13,15,16,23,26,28,30,32,1,33,3,39,20,24,25,27,31
32,1,33,3,37,38,39,10,12,14,16,20,21,23,24,25,27,28,30,31>34,4,5,36,40,10,11,12,16,21,23,32,1,33,3,39,20,24,25,27,31
32,33,2,35,6,38,8,39,10,11,15,17,20,21,26,27,30,31>33,36,5,6,38,40,13,15,17,24,32,2,35,39,8,11,20,30,31
32,33,2,35,6,38,8,39,10,11,15,17,20,21,26,27,30,31>33,34,36,37,38,40,10,12,13,15,17,24,26,32,2,35,39,8,11,20,30,31
1,2,3,5,7,8,9,12,14,16,20,24,25,28,29,30,32,34,35,36,37,38,39>34,36,7,39,40,14,28,30,1,2,3,5,37,38,9,24,25
1,2,3,5,7,8,9,12,14,16,20,24,25,28,29,30,32,34,35,36,37,38,39>32,34,7,8,39,40,12,14,16,29,1,2,3,5,37,38,9,24,25
1,2,4,5,7,8,10,11,13,14,18,19,20,21,23,25,27,30,32,33,34,35,36,37,38,39>35,15,16,19,21,24,26,31,32,1,2,34,36,5,37,7,38,11,13,14,18,20,23,27
1,2,4,5,7,8,10,11,13,14,18,19,20,21,23,25,27,30,32,33,34,35,36,37,38,39>33,4,39,8,40,17,19,30,32,1,2,34,36,5,37,7,38,11,13,14,18,20,23,27
4,5,6,7,8,9,12,14,17,18,20,21,24,25,27,29,31,33,34,38,39>33,35,4,36,7,38,39,12,22,5,8,9,20,24,25,27,31
4,5,6,7,8,9,12,14,17,18,20,21,24,25,27,29,31,33,34,38,39>32,33,34,35,10,12,14,17,18,22,29,5,8,9,20,24,25,27,31
2,3,4,6,9,10,11,12,13,17,20,21,23,24,25,26,27,28,29,30,32,34,35,39,40>33,4,37,10,14,16,21,23,28,29,31,32,2,3,40,9,11,13,17,20,24,25,26,27,30
2,3,4,6,9,10,11,12,13,17,20,21,23,24,25,26,27,28,29,30,32,34,35,39,40>34,35,37,6,23,29,32,2,3,40,9,11,13,17,20,24,25,26,27,30
32,34,35,36,5,38,39,11,12,15,17,18,19,20,21,24,26,28,31>39,12,15,17,19,23,30,31,34,35,5,38,18,20,24
32,34,35,36,5,38,39,11,12,15,17,18,19,20,21,24,26,28,31>32,33,37,11,12,15,17,21,26,28,30,31,34,35,5,38,18,20,24
1,2,5,6,9,11,12,15,17,18,19,21,25,26,27,30,32,34,35,36,37,39>8,9,11,20,21,26,31,35,36,38,39,32,1,2,34,5,37,18,27,30
1,2,5,6,9,11,12,15,17,18,19,21,25,26,27,30,32,34,35,36,37,39>7,8,12,21,22,25,26,31,36,39,32,1,2,34,5,37,18,27,30
1,33,35,36,5,38,39,40,10,15,17,19,20,21,25,26,27,28,29>13,15,17,18,19,23,25,26,28,29,30,31,37,38,40,1,33,36,5,39,20,27
1,33,35,36,5,38,39,40,10,15,17,19,20,21,25,26,27,28,29>10,12,17,18,24,38,1,33,36,5,39,20,27
32,1,3,37,6,7,8,39,40,12,15,16,18,20,22,23,26,27,29,30>4,6,37,9,15,16,21,27,31,32,1,3,7,8,39,40,22,26,29,30
32,1,3,37,6,7,8,39,40,12,15,16,18,20,22,23,26,27,29,30>5,6,9,16,18,27,32,1,3,7,8,39,40,22,26,29,30
1,2,33,35,6,7,38,39,40,15,16,17,19,20,21,25,26,28,30>34,35,37,38,8,9,21,23,24,25,26,27,28,1,2,33,6,7,39,40,20,30
1,2,33,35,6,7,38,39,40,15,16,17,19,20,21,25,26,28,30>34,36,5,37,38,8,9,15,17,21,23,26,27,28,1,2,33,6,7,39,40,20,30
2,3,4,34,36,38,39,11,16,18,19,20,25,28,29>4,38,39,16,19,22,25,28,29,18,2,3
2,3,4,34,36,38,39,11,16,18,19,20,25,28,29>34,4,38,39,11,16,20,22,23,27,28,29,18,2,3
1,33,3,4,34,36,37,8,9,10,14,17,18,20,23,24,28,29>37,8,9,10,14,15,18,22,23,25,26,1,33,3,4,36,20,24
1,33,3,4,34,36,37,8,9,10,14,17,18,20,23,24,28,29>37,7,8,9,14,15,17,22,23,28,29,1,33,3,4,36,20,24
32,1,2,34,5,7,8,40,11,18,20,24,25,26,28,31>35,7,8,11,18,22,27,30,31,1,2,34,5,24,25
32,1,2,34,5,7,8,40,11,18,20,24,25,26,28,31>18,35,8,40,1,2,34,5,24,25
33,34,35,5,38,7,39,10,14,18,20,21,24,25,26,27,31>36,37,7,39,10,11,14,15,18,22,26,30,34,35,5,20,24,25,27,31
33,34,35,5,38,7,39,10,14,18,20,21,24,25,26,27,31>33,36,38,7,9,10,14,21,34,35,5,20,24,25,27,31
33,34,35,36,7,8,9,10,11,12,15,19,20,21,23,25,27,29,31>32,5,37,7,8,24,25,26,35,36,9,11,12,20,23,27,31
33,34,35,36,7,8,9,10,11,12,15,19,20,21,23,25,27,29,31>32,33,34,37,7,8,10,13,18,21,35,36,9,11,12,20,23,27,31
2,3,5,6,10,12,14,15,17,18,20,21,23,24,26,29,32,33,34,37,39,40>11,13,14,17,18,23,25,33,40,2,3,5,12,15,20,24,26
2,3,5,6,10,12,14,15,17,18,20,21,23,24,26,29,32,33,34,37,39,40>4,8,14,21,22,23,29,30,33,39,2,3,5,12,15,20,24,26
2,5,6,7,9,11,12,13,14,16,19,20,21,23,25,30,31,32,33,34,36,37,38>8,11,15,21,26,27,30,33,2,34,36,5,38,9,14,16,20,23
2,5,6,7,9,11,12,13,14,16,19,20,21,23,25,30,31,32,33,34,36,37,38>6,7,8,15,17,18,21,24,26,27,31,2,34,36,5,38,9,14,16,20,23
33,2,3,35,37,6,7,40,12,13,18,19,20,22,24>9,12,13,16,17,19,20,23,25,28,29,35,2,3,37,18,22,24
33,2,3,35,37,6,7,40,12,13,18,19,20,22,24>4,6,8,9,12,17,21,23,28,33,34,39,2,3,37,18,22,24
1,2,5,6,7,9,11,14,15,16,20,21,22,23,24,26,27,30,31,32,33,34,35,38,40>29,16,21,22,32,1,2,34,35,5,7,40,9,15,20,24,26,30,31
1,2,5,6,7,9,11,14,15,16,20,21,22,23,24,26,27,30,31,32,33,34,35,38,40>33,36,37,6,8,11,16,22,23,27,28,29,32,1,2,34,35,5,7,40,9,15,20,24,26,30,31
32,1,2,3,33,5,37,39,10,14,18,21,22,28,30>15,36,40,29,1,2,3,33,5,39,21,22,28
32,1,2,3,33,5,37,39,10,14,18,21,22,28,30>4,37,10,11,14,18,30,1,2,3,33,5,39,21,22,28
2,4,7,11,12,13,15,16,17,18,21,22,24,27,28,29,30,33,34,36,40>4,7,12,13,15,20,27,30,33,2,36,40,16,17,21,22,28,29
2,4,7,11,12,13,15,16,17,18,21,22,24,27,28,29,30,33,34,36,40>34,4,5,7,9,11,13,14,18,25,30,33,2,36,40,16,17,21,22,28,29
1,3,35,5,6,38,40,9,10,12,13,14,15,17,20,25,28,30,31>33,37,6,8,9,39,16,24,30,31,1,3,35,5,40,10,12,13,14,15,17,20
1,3,35,5,6,38,40,9,10,12,13,14,15,17,20,25,28,30,31>4,37,6,7,8,38,11,24,25,28,30,31,1,3,35,5,40,10,12,13,14,15,17,20
1,2,3,4,5,6,9,11,13,14,17,18,21,22,23,25,27,28,29,30,32,36,37>4,11,15,33,36,37,32,1,2,3,9,14,17,21,22,27,28,29
1,2,3,4,5,6,9,11,13,14,17,18,21,22,23,25,27,28,29,30,32,36,37>4,5,8,11,13,26,30,36,37,38,40,32,1,2,3,9,14,17,21,22,27,28,29
33,2,3,34,6,39,8,9,12,13,15,16,19,25,27,28,29>6,9,10,12,14,15,17,28,31,34,36,33,2,3,8,16,27
33,2,3,34,6,39,8,9,12,13,15,16,19,25,27,28,29>4,5,6,9,10,12,13,17,18,19,23,25,32,34,36,33,2,3,8,16,27
1,2,4,7,11,12,13,14,16,17,18,19,22,24,25,28,31,34,36,37,39>15,19,20,24,29,33,1,2,34,7,14,16,17,18,22,25,28
1,2,4,7,11,12,13,14,16,17,18,19,22,24,25,28,31,34,36,37,39>4,5,12,13,15,20,21,23,27,29,31,33,39,1,2,34,7,14,16,17,18,22,25,28
3,4,5,6,8,9,10,11,12,13,16,20,21,23,24,25,26,27,34,38,40>6,12,14,17,23,30,34,3,8,9,11,13,16,20,24,25,26,27
3,4,5,6,8,9,10,11,12,13,16,20,21,23,24,25,26,27,34,38,40>4,38,40,10,12,14,17,21,30,31,34,3,8,9,11,13,16,20,24,25,26,27
1,2,3,4,34,36,37,38,10,11,13,14,15,16,17,18,21,26,30,31>35,36,37,38,40,18,20,21,26,31,1,2,3,34,11,13,14,15,16,17,30
1,2,3,4,34,36,37,38,10,11,13,14,15,16,17,18,21,26,30,31>35,4,36,6,37,10,21,31,1,2,3,34,11,13,14,15,16,17,30
32,2,34,4,5,6,36,37,9,10,38,12,40,14,21,22,23,28,29>6,37,11,12,14,20,21,26,2,38,9,10,28,29
32,2,34,4,5,6,36,37,9,10,38,12,40,14,21,22,23,28,29>32,4,5,6,36,12,15,20,21,2,38,9,10,28,29
32,33,4,37,38,8,9,10,11,40,14,16,18,20,23,26,29>10,13,15,16,29,38,39,26,11
32,33,4,37,38,8,9,10,11,40,14,16,18,20,23,26,29>4,9,16,18,23,24,29,36,37,39,26,11
1,33,34,35,5,6,36,8,9,38,39,12,14,15,20,22,23,26,29>7,38,9,14,24,28,1,36,5,8,15,26,29
1,33,34,35,5,6,36,8,9,38,39,12,14,15,20,22,23,26,29>33,34,35,37,6,7,9,39,12,22,24,28,30,1,36,5,8,15,26,29
2,3,5,6,7,11,12,14,15,16,21,22,23,24,25,27,29,30,32,33,35,37,38,39>8,11,12,24,30,31,33,40,32,2,3,37,5,39,15,25,27,29
2,3,5,6,7,11,12,14,15,16,21,22,23,24,25,27,29,30,32,33,35,37,38,39>8,11,14,24,26,28,31,33,38,32,2,3,37,5,39,15,25,27,29
1,2,3,5,6,7,9,10,11,13,14,17,18,20,22,23,25,31,34,35,37,38,40>38,8,40,15,21,23,24,25,26,27,28,29,31,1,2,3,34,5,35,7,37,9,11,13,14,17,20,22
1,2,3,5,6,7,9,10,11,13,14,17,18,20,22,23,25,31,34,35,37,38,40>38,8,15,16,18,24,26,28,29,1,2,3,34,5,35,7,37,9,11,13,14,17,20,22
1,2,3,4,7,8,9,14,16,17,19,22,23,25,26,27,29,32,34,35,38,39>35,37,8,38,39,15,22,25,28,30,31,32,1,2,3,4,7,9,23,26,27,29
1,2,3,4,7,8,9,14,16,17,19,22,23,25,26,27,29,32,34,35,38,39>35,5,6,37,8,38,39,14,19,22,28,30,32,1,2,3,4,7,9,23,26,27,29
2,3,5,6,7,8,10,11,12,13,14,15,16,21,22,23,25,26,27,32,33,38>33,6,39,17,20,21,23,25,28,29,30,32,2,3,5,8,11,12,13,14,15,16,26,27
2,3,5,6,7,8,10,11,12,13,14,15,16,21,22,23,25,26,27,32,33,38>33,36,7,9,17,21,22,28,30,31,32,2,3,5,8,11,12,13,14,15,16,26,27
2,6,7,9,14,17,18,19,20,22,24,25,27,29,32,33,34,35,36,37,40>6,7,8,10,40,14,15,21,23,31,32,2,36,37,9,18,20,22,24,25,27,29
2,6,7,9,14,17,18,19,20,22,24,25,27,29,32,33,34,35,36,37,40>34,35,5,6,7,15,17,19,21,23,28,32,2,36,37,9,18,20,22,24,25,27,29
4,5,6,11,12,13,14,15,16,17,19,20,21,25,29,30,31,32,33,34,36,37,38,39>8,9,11,23,25,27,31,33,34,37,39,40,36,38,14,15,16,17,20
4,5,6,11,12,13,14,15,16,17,19,20,21,25,29,30,31,32,33,34,36,37,38,39>5,6,9,13,18,21,23,24,29,30,37,39,40,36,38,14,15,16,17,20
34,4,5,36,37,38,11,12,15,16,18,22,24,27,30>36,38,11,12,15,16,18,24,27,29,30,34,22
34,4,5,36,37,38,11,12,15,16,18,22,24,27,30>5,36,37,38,40,12,15,25,27,28,31,34,22
33,2,34,35,5,6,36,8,37,10,17,18,19,20,23,24,29,30,31>33,10,11,13,19,26,29,31,2,35,36,5,37,8,18,20,23,24
33,2,34,35,5,6,36,8,37,10,17,18,19,20,23,24,29,30,31>33,34,22,26,29,2,35,36,5,37,8,18,20,23,24
1,3,5,7,8,9,13,14,15,18,19,21,22,23,24,25,26,27,31,32,36,37>36,37,7,8,13,17,19,24,29,30,32,1,3,5,9,14,15,18,21,22,23,25,26,27,31
1,3,5,7,8,9,13,14,15,18,19,21,22,23,24,25,26,27,31,32,36,37>35,4,36,37,8,39,16,20,28,32,1,3,5,9,14,15,18,21,22,23,25,26,27,31
3,5,8,10,14,15,16,17,19,20,21,22,24,26,27,28,31,33,34,35,39>14,16,17,22,23,26,30,32,36,37,33,34,3,35,5,15,19,20,24,28,31
3,5,8,10,14,15,16,17,19,20,21,22,24,26,27,28,31,33,34,35,39>8,10,16,21,22,23,25,26,29,30,32,37,39,33,34,3,35,5,15,19,20,24,28,31
1,33,3,4,34,35,36,8,9,10,38,12,40,17,20,23,24,26,29,31>7,8,11,13,40,29,30,1,3,4,35,36,20,24,26
1,33,3,4,34,35,36,8,9,10,38,12,40,17,20,23,24,26,29,31>33,34,8,9,17,23,25,29,30,31,1,3,4,35,36,20,24,26
32,33,3,4,5,38,39,40,10,11,14,17,19,20,21,23,25,28,29>38,10,13,17,21,25,26,28,33,3,39,11,20,23
32,33,3,4,5,38,39,40,10,11,14,17,19,20,21,23,25,28,29>32,4,38,40,10,13,14,15,18,19,21,24,25,26,28,29,33,3,39,11,20,23
1,2,8,10,12,13,14,15,20,21,22,23,24,27,29,32,34,36,38,39,40>6,39,8,10,11,16,17,21,22,23,31,32,1,2,38,12,13,14,15,20,24,29
1,2,8,10,12,13,14,15,20,21,22,23,24,27,29,32,34,36,38,39,40>34,5,39,11,16,21,23,28,31,32,1,2,38,12,13,14,15,20,24,29
1,3,5,6,8,9,10,11,12,15,19,25,26,27,29,30,31,32,33,35,37,38,39,40>38,9,13,15,18,19,23,29,32,1,3,35,5,37,39,8,40,11,12,27,30,31
1,3,5,6,8,9,10,11,12,15,19,25,26,27,29,30,31,32,33,35,37,38,39,40>6,7,38,10,15,18,26,32,1,3,35,5,37,39,8,40,11,12,27,30,31
2,3,4,6,7,8,10,11,12,13,14,20,22,24,25,29,31,33,34,39,40>5,7,9,12,16,17,31,33,35,39,40,2,3,8,11,13,14,24,25,29
2,3,4,6,7,8,10,11,12,13,14,20,22,24,25,29,31,33,34,39,40>6,9,10,15,17,27,28,31,34,36,39,40,2,3,8,11,13,14,24,25,29
1,2,6,9,10,15,17,18,19,20,24,25,26,28,29,30,32,35,36,37,38,40>7,9,11,12,17,19,22,27,29,32,33,35,1,2,37,38,6,40,10,18,20,24,25,30
1,2,6,9,10,15,17,18,19,20,24,25,26,28,29,30,32,35,36,37,38,40>5,7,8,9,11,15,17,22,23,26,27,29,33,36,1,2,37,38,6,40,10,18,20,24,25,30
2,4,5,7,8,9,10,15,16,19,20,21,22,23,25,27,28,29,31,32,33,34,39>8,11,12,13,15,18,22,24,25,26,32,33,2,5,9,19,20,23,27,28,29,31
2,4,5,7,8,9,10,15,16,19,20,21,22,23,25,27,28,29,31,32,33,34,39>34,35,36,39,10,11,12,13,15,16,18,21,24,32,33,2,5,9,19,20,23,27,28,29,31
1,2,3,5,9,10,11,14,15,18,19,21,22,23,26,28,29,30,31,33,37,38,39,40>36,9,12,20,31,1,2,3,33,5,39,40,11,15,18,21,22,23,26,28,29,30
1,2,3,5,9,10,11,14,15,18,19,21,22,23,26,28,29,30,31,33,37,38,39,40>35,37,12,13,20,1,2,3,33,5,39,40,11,15,18,21,22,23,26,28,29,30
32,1,34,3,35,5,11,12,15,16,17,18,21,22,24,25,26,27,29,31>34,11,16,17,24,28,32,1,3,35,5,21,22,25,27,29,31
32,1,34,3,35,5,11,12,15,16,17,18,21,22,24,25,26,27,29,31>37,11,16,17,26,28,32,1,3,35,5,21,22,25,27,29,31
1,2,3,33,5,6,35,36,39,15,16,18,19,20,21,22,28,30>4,6,8,16,23,30,1,2,3,33,5,36,39,18,20,21,22,28
1,2,3,33,5,6,35,36,39,15,16,18,19,20,21,22,28,30>4,37,6,15,16,24,29,30,1,2,3,33,5,36,39,18,20,21,22,28
1,33,34,36,5,7,9,10,11,14,16,17,18,25,28,29,31>7,10,16,20,22,25,29,1,33,36,5,9,11
1,33,34,36,5,7,9,10,11,14,16,17,18,25,28,29,31>34,7,14,15,17,22,28,29,31,1,33,36,5,9,11
32,1,4,5,36,7,38,15,17,19,21,23,24,25,30,31>34,39,9,17,18,24,26,27,30,1,5,38,7,23,25
32,1,4,5,36,7,38,15,17,19,21,23,24,25,30,31>35,4,9,17,19,20,21,26,27,30,31,1,5,38,7,23,25
2,5,6,7,8,10,14,15,17,19,22,23,27,28,29,33,34,37,38,39,40>6,12,13,14,20,22,27,31,32,33,2,5,8,15,23,28,29
2,5,6,7,8,10,14,15,17,19,22,23,27,28,29,33,34,37,38,39,40>6,7,9,11,13,19,20,37,38,39,40,33,2,5,8,15,23,28,29
1,4,5,6,8,9,10,12,13,14,16,17,19,20,22,24,30,31,32,34,35,36,37,38,40>32,4,5,6,12,15,18,31,1,34,35,37,38,8,9,10,40,13,14,16,17,20,24
1,4,5,6,8,9,10,12,13,14,16,17,19,20,22,24,30,31,32,34,35,36,37,38,40>32,4,5,36,11,12,15,22,23,31,1,34,35,37,38,8,9,10,40,13,14,16,17,20,24
32,1,33,34,35,6,7,8,9,10,11,38,14,16,17,23,25,29,31>5,6,25,27,32,33,37,38,1,35,7,8,9,11
32,1,33,34,35,6,7,8,9,10,11,38,14,16,17,23,25,29,31>5,6,13,14,15,16,25,26,27,29,31,33,34,37,38,1,35,7,8,9,11
2,6,7,10,11,12,14,15,19,20,21,22,23,25,26,27,29,30,35,37,38,40>32,5,6,7,10,38,39,13,19,21,22,24,25,28,31,2,37,40,11,12,15,20,23,26,27,29,30
2,6,7,10,11,12,14,15,19,20,21,22,23,25,26,27,29,30,35,37,38,40>32,5,6,8,10,39,14,18,21,22,24,25,31,2,37,40,11,12,15,20,23,26,27,29,30
32,33,35,36,37,38,40,10,14,17,18,19,21,22,28,30>35,39,17,20,23,33,36,37,38,40,18,21,22,28
32,33,35,36,37,38,40,10,14,17,18,19,21,22,28,30>35,5,39,11,14,15,17,19,29,30,33,36,37,38,40,18,21,22,28
1,2,3,33,5,6,36,8,9,10,11,39,13,15,16,21,24,25,27,31>32,33,35,6,9,10,12,14,15,17,20,1,2,3,36,5,39,8,11,13,16,25,27,31
1,2,3,33,5,6,36,8,9,10,11,39,13,15,16,21,24,25,27,31>32,34,12,17,19,21,1,2,3,36,5,39,8,11,13,16,25,27,31
2,3,4,6,7,8,9,10,12,14,18,19,20,22,24,25,29,30,31,32,33,37,40>6,11,20,21,23,30,35,36,37,2,3,4,8,9,10,40,18,22,24,25,29
2,3,4,6,7,8,9,10,12,14,18,19,20,22,24,25,29,30,31,32,33,37,40>5,7,14,20,27,30,31,33,35,2,3,4,8,9,10,40,18,22,24,25,29
2,3,36,5,7,8,9,40,14,21,24,27,30,31>32,4,7,20,24,25,2,3,5,40,9,31
2,3,36,5,7,8,9,40,14,21,24,27,30,31>32,35,4,14,24,2,3,5,40,9,31
34,4,5,6,7,8,36,37,15,18,21,22,23,24,26,27,28,31>32,35,7,37,18,24,27,34,5,8,21,22,26,28,31
34,4,5,6,7,8,36,37,15,18,21,22,23,24,26,27,28,31>33,35,6,7,23,29,34,5,8,21,22,26,28,31
3,4,11,13,15,17,18,19,20,21,23,24,26,29,30,31,32,35,37,38,39>40,13,14,16,19,21,22,25,3,35,37,39,17,18,20,23,24,26,30
3,4,11,13,15,17,18,19,20,21,23,24,26,29,30,31,32,35,37,38,39>40,11,13,14,15,21,3,35,37,39,17,18,20,23,24,26,30
1,3,4,5,7,12,13,18,19,21,22,23,26,27,29,30,34,35,36,37,38,39>32,36,38,39,14,16,17,20,27,28,1,3,4,5,37,7,18,21,22,23,26,29,30
1,3,4,5,7,12,13,18,19,21,22,23,26,27,29,30,34,35,36,37,38,39>34,36,38,40,13,17,27,31,1,3,4,5,37,7,18,21,22,23,26,29,30
1,4,36,37,7,39,40,14,17,18,23,26,27,28,29,30,31>33,35,4,36,9,14,15,20,27,28,1,39,40,7,26,30,31
1,4,36,37,7,39,40,14,17,18,23,26,27,28,29,30,31>32,33,35,5,36,37,14,17,18,23,28,1,39,40,7,26,30,31
32,1,33,3,4,38,39,8,13,14,16,17,18,22,23,25,26,29,30>32,33,38,18,23,27,28,1,3,4,39,14,16,17,22,26,29,30
32,1,33,3,4,38,39,8,13,14,16,17,18,22,23,25,26,29,30>32,33,38,8,40,13,15,21,23,25,1,3,4,39,14,16,17,22,26,29,30
32,1,34,37,6,7,9,10,12,15,16,18,19,22,23,25,26,29,30>6,40,11,25,27,1,7,9,10,12,18,19,22,23,26,29,30
32,1,34,37,6,7,9,10,12,15,16,18,19,22,23,25,26,29,30>32,34,5,37,15,21,27,1,7,9,10,12,18,19,22,23,26,29,30
32,33,2,35,4,36,37,38,40,14,15,16,18,20,21,26,31>32,33,40,14,16,26,2,35,36,37,38,15,20
32,33,2,35,4,36,37,38,40,14,15,16,18,20,21,26,31>33,34,40,18,21,22,24,26,30,2,35,36,37,38,15,20
1,2,33,34,5,6,35,36,9,11,16,17,18,19,24,26,28,30,31>7,9,40,17,22,26,28,31,1,2,34,33,5,35,36,18,30
1,2,33,34,5,6,35,36,9,11,16,17,18,19,24,26,28,30,31>37,6,7,8,9,11,17,20,22,23,24,1,2,34,33,5,35,36,18,30
32,1,34,3,5,39,11,15,16,20,25,26,27,28,29,30,31>33,11,15,24,26,32,1,3,5,27,30,31
32,1,34,3,5,39,11,15,16,20,25,26,27,28,29,30,31>34,35,11,16,29,32,1,3,5,27,30,31
32,33,2,6,38,39,9,40,11,14,16,17,18,21,25,28,30>5,9,11,14,15,17,20,27,32,36,40,33,2,39
32,33,2,6,38,39,9,40,11,14,16,17,18,21,25,28,30>5,6,9,14,15,16,18,25,28,30,32,34,38,40,33,2,39
2,3,5,6,7,8,9,11,12,13,14,16,18,19,20,22,28,30,31,33,36,37,39>35,37,6,11,13,15,19,20,21,30,33,2,3,36,5,39,8,9,14,16,18,22,28
2,3,5,6,7,8,9,11,12,13,14,16,18,19,20,22,28,30,31,33,36,37,39>34,35,37,7,40,11,13,15,17,20,23,31,33,2,3,36,5,39,8,9,14,16,18,22,28
32,1,2,33,4,34,36,38,9,12,14,17,18,21,23,29,31>33,4,6,7,12,17,20,23,1,2,36,38
32,1,2,33,4,34,36,38,9,12,14,17,18,21,23,29,31>32,33,4,7,9,12,15,18,21,22,23,26,29,31,1,2,36,38
32,1,2,35,4,5,37,7,8,9,38,39,40,14,16,18,23,29>32,4,38,8,23,29,1,2,37,5,7,39,9
32,1,2,35,4,5,37,7,8,9,38,39,40,14,16,18,23,29>35,4,38,14,15,16,18,26,29,1,2,37,5,7,39,9
32,1,33,34,35,5,6,7,8,36,38,39,12,16,18,23,27,30,31>18,39,27,9,32,1,34,35,36,5,38,7,8,31
32,1,33,34,35,5,6,7,8,36,38,39,12,16,18,23,27,30,31>33,37,40,12,16,18,27,32,1,34,35,36,5,38,7,8,31
1,3,36,5,37,7,8,38,12,13,15,24,25,26,27,30,31>35,4,9,39,12,13,14,17,1,3,5,25,27,30,31
1,3,36,5,37,7,8,38,12,13,15,24,25,26,27,30,31>32,34,35,7,8,38,12,15,17,40,1,3,5,25,27,30,31
1,3,4,8,10,11,12,13,14,15,16,17,21,22,25,26,27,28,31,32,33,34,36,40>35,40,19,21,30,32,1,33,3,34,36,11,12,13,14,15,16,17,27,28,31
1,3,4,8,10,11,12,13,14,15,16,17,21,22,25,26,27,28,31,32,33,34,36,40>35,4,40,20,21,22,26,30,32,1,33,3,34,36,11,12,13,14,15,16,17,27,28,31
33,3,4,6,7,9,10,13,14,17,20,21,22,23,24,25,29,31>36,5,6,15,16,22,27,28,3,4,9,10,13,14,17,20,24,25,29
33,3,4,6,7,9,10,13,14,17,20,21,22,23,24,25,29,31>35,36,5,7,8,39,11,16,21,26,31,3,4,9,10,13,14,17,20,24,25,29
2,35,36,5,6,38,8,9,12,14,18,20,22,23,26,27,30>6,9,12,15,20,21,24,28,31,35,38,40,2,5,8,22,26,30
2,35,36,5,6,38,8,9,12,14,18,20,22,23,26,27,30>6,9,12,14,15,18,20,21,23,24,28,29,32,38,39,40,2,5,8,22,26,30
1,2,33,34,5,35,36,9,14,16,26,27,28>37,14,15,16,26,28,1,2,34,33,5,36
1,2,33,34,5,35,36,9,14,16,26,27,28>32,35,37,9,15,16,1,2,34,33,5,36
32,1,2,3,34,5,6,7,39,9,40,12,17,19,22,24,25,26,27,30>39,8,17,18,22,24,31,32,1,2,3,34,5,7,40,9,25,27,30
32,1,2,3,34,5,6,7,39,9,40,12,17,19,22,24,25,26,27,30>4,39,8,12,17,18,19,29,32,1,2,3,34,5,7,40,9,25,27,30
1,33,34,35,6,7,8,9,10,11,38,13,40,16,17,18,19,20,23,26>35,5,6,38,40,24,1,34,7,8,9,11,13,16,17,18,20,23,26
1,33,34,35,6,7,8,9,10,11,38,13,40,16,17,18,19,20,23,26>33,35,36,5,6,37,40,10,14,19,22,24,1,34,7,8,9,11,13,16,17,18,20,23,26
32,33,2,34,4,35,38,7,40,9,11,13,14,16,19,22,23,24,25,26>11,17,18,22,29,30,33,35,36,38,40,2,34,9,14,16,23,25,26
32,33,2,34,4,35,38,7,40,9,11,13,14,16,19,22,23,24,25,26>5,11,13,15,17,18,19,29,36,38,40,2,34,9,14,16,23,25,26
1,2,5,7,13,14,15,18,19,21,22,23,24,25,27,30,32,33,34,36,38,40>7,20,24,26,30,31,32,1,2,34,36,5,38,40,14,15,18,21,22,23,25,27
1,2,5,7,13,14,15,18,19,21,22,23,24,25,27,30,32,33,34,36,38,40>33,7,9,13,16,17,19,24,28,31,32,1,2,34,36,5,38,40,14,15,18,21,22,23,25,27
32,3,37,6,7,8,38,10,11,12,13,39,15,16,21,22,29,30,31>32,35,6,7,9,10,38,40,14,17,19,28,31,3,39,8,11,12,13,16,29
32,3,37,6,7,8,38,10,11,12,13,39,15,16,21,22,29,30,31>32,35,5,6,9,10,38,14,15,17,19,21,22,28,3,39,8,11,12,13,16,29
1,4,6,8,10,11,12,13,14,17,18,20,21,22,29,30,32,33,35,36,37,38,39,40>32,4,10,12,16,24,28,1,36,37,38,39,8,40,11,13,14,17,20,21,22,29
1,4,6,8,10,11,12,13,14,17,18,20,21,22,29,30,32,33,35,36,37,38,39,40>32,35,4,7,10,12,15,24,28,30,1,36,37,38,39,8,40,11,13,14,17,20,21,22,29
1,3,5,6,7,8,10,11,13,14,17,20,21,22,27,28,29,30,32,33,34,35,36,37,38,39>34,6,39,40,10,21,24,30,31,32,1,33,3,36,5,37,7,8,38,11,13,14,17,20,28,29
1,3,5,6,7,8,10,11,13,14,17,20,21,22,27,28,29,30,32,33,34,35,36,37,38,39>35,6,39,40,16,22,27,30,32,1,33,3,36,5,37,7,8,38,11,13,14,17,20,28,29
1,3,5,7,8,9,10,11,14,15,16,17,18,20,23,24,25,26,27,28,31,32,33,35,36>34,38,8,12,13,16,22,30,32,1,33,3,35,5,36,9,11,15,20,24,25,26,27,31
1,3,5,7,8,9,10,11,14,15,16,17,18,20,23,24,25,26,27,28,31,32,33,35,36>37,38,7,8,39,12,13,14,16,18,22,28,30,32,1,33,3,35,5,36,9,11,15,20,24,25,26,27,31
1,33,3,4,35,6,36,37,9,40,12,13,14,15,17,26,30,31>34,7,8,39,12,31,1,3,4,35,36,37,40,9,14,15,17,30
1,33,3,4,35,6,36,37,9,40,12,13,14,15,17,26,30,31>6,7,10,12,20,26,1,3,4,35,36,37,40,9,14,15,17,30
1,2,3,4,5,7,8,9,11,12,15,17,18,21,22,24,26,27,28,29,31,32,33,35,36,37,38,39,40>4,8,12,17,32,1,2,3,33,5,35,7,36,9,37,38,39,21,22,28,29,31
1,2,3,4,5,7,8,9,11,12,15,17,18,21,22,24,26,27,28,29,31,32,33,35,36,37,38,39,40>4,40,11,12,15,20,24,26,30,32,1,2,3,33,5,35,7,36,9,37,38,39,21,22,28,29,31
1,4,5,7,9,11,12,13,14,15,16,17,19,20,21,24,26,27,28,30,34,36,37>4,36,37,40,11,12,18,19,21,23,25,26,27,28,31,1,34,5,7,9,14,15,16,17,20,24,30
1,4,5,7,9,11,12,13,14,15,16,17,19,20,21,24,26,27,28,30,34,36,37>32,4,36,37,12,18,19,21,31,1,34,5,7,9,14,15,16,17,20,24,30
32,1,33,3,35,37,7,8,9,10,11,40,14,15,17,18,19,24,27>7,10,13,14,17,20,22,33,35,36,40,32,1,3,37,9,11,15,18
32,1,33,3,35,37,7,8,9,10,11,40,14,15,17,18,19,24,27>7,8,10,13,14,17,19,34,39,40,32,1,3,37,9,11,15,18
6,8,10,12,13,14,15,16,20,22,23,24,25,26,29,31,32,33,34,38,40>32,33,34,35,6,38,40,11,27,28,8,12,13,14,15,16,24,25,26,29
6,8,10,12,13,14,15,16,20,22,23,24,25,26,29,31,32,33,34,38,40>32,33,34,5,6,38,40,19,22,27,28,31,8,12,13,14,15,16,24,25,26,29
2,5,6,8,9,11,12,13,14,16,20,22,23,26,29,30,31,32,36,37,39>35,9,13,15,17,20,28,31,2,5,39,8,14,16,26,29,30
2,5,6,8,9,11,12,13,14,16,20,22,23,26,29,30,31,32,36,37,39>36,37,40,9,11,12,13,15,17,20,28,2,5,39,8,14,16,26,29,30
32,1,34,4,36,37,38,8,9,14,15,16,19,20,22,23,24,26,30>32,40,16,19,20,25,28,1,34,38,15,23,24,26,30
32,1,34,4,36,37,38,8,9,14,15,16,19,20,22,23,24,26,30>32,36,37,7,8,9,16,22,25,29,1,34,38,15,23,24,26,30
4,5,36,7,12,13,15,16,17,19,22,24,25,26,27,28,31>12,15,18,22,23,24,26,29,30,36,39,5,16,17,25,27,28,31
4,5,36,7,12,13,15,16,17,19,22,24,25,26,27,28,31>4,7,13,14,19,23,26,29,33,34,36,39,5,16,17,25,27,28,31
1,2,4,6,8,9,10,11,13,15,18,19,20,22,23,24,25,27,31,34,35,38,40>32,10,12,19,20,28,1,2,34,35,6,8,9,11,13,18,22,23,24,25,27,31
1,2,4,6,8,9,10,11,13,15,18,19,20,22,23,24,25,27,31,34,35,38,40>4,10,12,14,20,21,26,29,1,2,34,35,6,8,9,11,13,18,22,23,24,25,27,31
32,33,2,34,38,7,8,39,10,11,17,19,21,22,23,24,25,29,30>5,8,13,18,19,22,24,28,34,38,39,40,2,11,23,25,29
32,33,2,34,38,7,8,39,10,11,17,19,21,22,23,24,25,29,30>5,7,8,9,10,13,18,19,20,21,28,40,2,11,23,25,29
1,3,4,5,36,39,8,40,11,14,16,20,22,25,26,28,29>5,36,40,15,20,22,24,27,1,3,39,28,29
1,3,4,5,36,39,8,40,11,14,16,20,22,25,26,28,29>4,5,36,7,14,20,24,25,30,1,3,39,28,29
4,6,7,8,9,13,14,15,17,18,19,20,21,23,24,26,27,29,35,37,38>4,39,16,19,21,22,30,37,8,9,14,15,17,18,20,23,24,26
4,6,7,8,9,13,14,15,17,18,19,20,21,23,24,26,27,29,35,37,38>32,4,5,7,39,10,13,22,25,27,37,8,9,14,15,17,18,20,23,24,26
1,34,3,36,5,39,40,14,19,21,24,25,27>4,21,24,15,1,34,3,5,25,27
1,34,3,36,5,39,40,14,19,21,24,25,27>32,4,40,23,24,1,34,3,5,25,27
32,33,34,4,6,7,8,38,10,11,39,40,15,18,24,25,28,31>6,7,9,10,12,15,27,36,38,40,33,34,8,11,25
32,33,34,4,6,7,8,38,10,11,39,40,15,18,24,25,28,31>6,7,9,10,12,13,18,22,28,38,39,33,34,8,11,25
3,4,7,8,9,12,14,17,18,20,22,23,24,26,30,31,32,35,37,38,39,40>34,5,12,17,31,3,4,35,37,39,40,9,20,22,24,26,30
3,4,7,8,9,12,14,17,18,20,22,23,24,26,30,31,32,35,37,38,39,40>32,34,5,38,7,8,15,17,18,29,31,3,4,35,37,39,40,9,20,22,24,26,30
1,2,3,33,34,36,7,8,9,38,40,12,15,19,23,24,26,28>8,38,40,12,19,25,1,2,3,34,33,36,9,23,26
1,2,3,33,34,36,7,8,9,38,40,12,15,19,23,24,26,28>5,6,15,18,25,30,1,2,3,34,33,36,9,23,26
1,33,3,34,38,10,11,12,13,15,16,19,23,25,26,28,29>34,36,38,15,17,18,25,29,1,33,3,11,12,13,16,19,23,26
1,33,3,34,38,10,11,12,13,15,16,19,23,25,26,28,29>34,5,38,14,18,25,28,29,30,1,33,3,11,12,13,16,19,23,26
36,5,37,39,15,16,17,19,20,21,23,25,26,30,31>35,36,37,40,19,21,24,31,5,39,20,23,26,30
36,5,37,39,15,16,17,19,20,21,23,25,26,30,31>34,35,36,19,21,24,27,31,5,39,20,23,26,30
1,4,5,8,9,11,13,14,15,16,18,21,24,26,29,30,33,35,36,37,38,40>5,38,7,8,9,39,11,18,20,29,1,36,37,40,14,15,16,30
1,4,5,8,9,11,13,14,15,16,18,21,24,26,29,30,33,35,36,37,38,40>33,35,4,38,7,8,13,20,22,24,25,1,36,37,40,14,15,16,30
1,2,3,5,8,9,10,11,12,15,17,19,21,27,29,31,32,35,36,39,40>37,8,40,13,20,21,23,27,32,1,2,3,35,5,39,11,12,31
1,2,3,5,8,9,10,11,12,15,17,19,21,27,29,31,32,35,36,39,40>36,38,8,10,15,17,19,20,23,27,32,1,2,3,35,5,39,11,12,31
32,2,34,4,5,6,36,9,10,11,12,15,16,18,21,25,26,29,30,31>5,6,8,10,13,16,21,25,27,31,32,34,35,36,38,2,9,11,12,30
32,2,34,4,5,6,36,9,10,11,12,15,16,18,21,25,26,29,30,31>4,5,6,8,10,13,18,20,21,26,29,31,32,36,2,9,11,12,30
2,5,6,8,9,12,13,14,15,17,19,22,23,24,25,26,27,28,30,33,34,37,39,40>39,9,10,12,16,18,20,24,29,33,2,34,5,8,40,14,15,17,23,25,26,27,28,30
2,5,6,8,9,12,13,14,15,17,19,22,23,24,25,26,27,28,30,33,34,37,39,40>36,37,9,10,12,16,20,22,31,33,2,34,5,8,40,14,15,17,23,25,26,27,28,30
33,35,36,5,6,8,13,15,18,19,23,25,27,28>39,13,14,15,17,22,26,28,33,36,5,8,18,23,27
33,35,36,5,6,8,13,15,18,19,23,25,27,28>32,37,6,13,22,31,33,36,5,8,18,23,27
32,1,33,4,5,6,36,8,38,39,40,13,14,15,17,23,28,31>4,6,7,40,13,16,20,23,26,31,1,33,36,38,39,8,14,15,17
32,1,33,4,5,6,36,8,38,39,40,13,14,15,17,23,28,31>32,34,35,4,6,13,16,23,26,1,33,36,38,39,8,14,15,17
32,34,4,37,38,8,9,12,15,16,17,18,23,27,29,30,31>34,4,37,38,8,9,17,23,27,29,32,31
32,34,4,37,38,8,9,12,15,16,17,18,23,27,29,30,31>34,35,4,37,8,16,17,18,22,23,29,32,31
32,2,34,4,37,38,7,8,9,10,40,13,18,19,20,21,26,31>7,14,16,21,22,24,26,30,32,35,37,38,40,2,34,9,13,18,20
32,2,34,4,37,38,7,8,9,10,40,13,18,19,20,21,26,31>7,10,11,14,16,19,30,31,32,38,40,2,34,9,13,18,20
33,3,4,5,38,40,10,13,14,15,16,17,22,24,25>5,10,11,12,20,22,27,3,4,13,14,15,16,17,25
33,3,4,5,38,40,10,13,14,15,16,17,22,24,25>34,36,5,39,40,10,20,24,29,3,4,13,14,15,16,17,25
1,34,4,36,37,38,8,9,10,39,40,13,21,23,25,26,27,31>9,14,23,30,32,36,37,38,39,40,1,34,13,26,27,31
1,34,4,36,37,38,8,9,10,39,40,13,21,23,25,26,27,31>4,7,9,10,23,25,30,32,35,36,37,38,1,34,13,26,27,31
32,33,2,35,5,6,38,9,10,11,18,21,22,24,26,31>24,25,30,31,32,37,38,2,35,5,11,21,22
32,33,2,35,5,6,38,9,10,11,18,21,22,24,26,31>18,28,29,30,31,33,34,36,38,2,35,5,11,21,22
1,2,3,4,7,9,10,11,12,13,14,17,18,19,20,21,22,28,29,35,36,40>33,4,6,36,39,10,40,15,16,19,1,2,3,7,9,11,13,14,17,18,20,21,22,28,29
1,2,3,4,7,9,10,11,12,13,14,17,18,19,20,21,22,28,29,35,36,40>35,4,5,36,10,12,16,1,2,3,7,9,11,13,14,17,18,20,21,22,28,29
2,5,6,8,9,10,11,13,14,16,18,19,20,22,23,24,25,27,29,37,38>37,6,38,9,10,15,17,19,21,26,28,2,5,8,11,13,14,16,18,22,23,24,25,27,29
2,5,6,8,9,10,11,13,14,16,18,19,20,22,23,24,25,27,29,37,38>32,37,6,39,9,15,17,28,2,5,8,11,13,14,16,18,22,23,24,25,27,29
4,6,10,11,13,14,15,17,18,20,22,23,26,27,30,32,33,34,36,37,40>6,8,10,16,18,23,27,32,34,36,40,11,13,14,15,17,20,22,26,30
4,6,10,11,13,14,15,17,18,20,22,23,26,27,30,32,33,34,36,37,40>4,37,38,8,10,16,18,21,23,27,28,32,34,36,40,11,13,14,15,17,20,22,26,30
1,2,3,4,34,37,39,11,12,17,18,19,20,23,25,28,29,31>6,7,12,19,22,24,25,31,1,2,3,18,20,23
1,2,3,4,34,37,39,11,12,17,18,19,20,23,25,28,29,31>34,4,7,25,26,27,31,1,2,3,18,20,23
3,36,5,37,7,39,10,12,14,17,18,19,21,23,28,29>37,7,10,11,13,15,17,19,20,21,22,29,3,5,39,18,23
3,36,5,37,7,39,10,12,14,17,18,19,21,23,28,29>33,4,37,7,9,10,13,15,17,21,22,26,3,5,39,18,23
1,2,3,33,5,37,38,8,9,10,12,13,14,16,20,22,23,30>4,8,12,17,20,24,33,34,37,38,1,2,3,5,13,14,16
1,2,3,33,5,37,38,8,9,10,12,13,14,16,20,22,23,30>8,9,10,11,15,17,20,23,28,34,37,38,39,40,1,2,3,5,13,14,16
33,2,3,4,38,40,10,11,13,14,15,16,18,19,20,28,30>34,4,39,10,17,19,20,22,23,30,33,2,3,40,11,13,14,15,16,18
33,2,3,4,38,40,10,11,13,14,15,16,18,19,20,28,30>34,4,36,39,17,19,20,22,23,30,33,2,3,40,11,13,14,15,16,18
1,33,34,4,5,6,35,8,40,10,12,13,14,17,20,21,25,26,27>4,7,11,12,24,30,33,36,37,1,34,8,13,14,17,20,27
1,33,34,4,5,6,35,8,40,10,12,13,14,17,20,21,25,26,27>4,6,9,11,15,16,24,26,33,37,1,34,8,13,14,17,20,27
32,33,2,35,5,11,12,13,14,17,18,19,22,29,30>35,36,37,12,13,19,20,23,30,2,5,14,17,18,22,29
32,33,2,35,5,11,12,13,14,17,18,19,22,29,30>32,35,36,39,12,13,15,19,30,2,5,14,17,18,22,29
2,34,6,7,40,9,11,12,14,16,19,21,22,23,25,26,27>6,8,12,15,19,20,21,30,32,40,2,34,9,23,26,27
2,34,6,7,40,9,11,12,14,16,19,21,22,23,25,26,27>5,7,11,12,14,16,18,21,25,28,32,40,2,34,9,23,26,27
32,33,2,4,5,36,37,10,12,13,15,16,18,20,21,22,23,26,29,31>32,4,5,39,14,23,24,28,30,31,2,36,12,13,16,20,21,22,26,29
32,33,2,4,5,36,37,10,12,13,15,16,18,20,21,22,23,26,29,31>33,38,10,17,18,19,2,36,12,13,16,20,21,22,26,29
1,33,6,8,12,13,14,15,17,18,19,20,21,22,24,27,29,30>33,5,7,39,40,16,23,31,1,8,14,15,17,18,20,21,22,24,29
1,33,6,8,12,13,14,15,17,18,19,20,21,22,24,27,29,30>32,33,36,6,7,39,12,13,16,19,25,27,30,31,1,8,14,15,17,18,20,21,22,24,29
32,1,33,3,34,35,6,7,8,9,36,37,17,19,20,21,23,24,27,31>27,25,38,17,32,1,34,3,35,36,37,7,8,9,20,23,24,31
32,1,33,3,34,35,6,7,8,9,36,37,17,19,20,21,23,24,27,31>33,4,6,38,10,18,21,25,27,32,1,34,3,35,36,37,7,8,9,20,23,24,31
32,33,2,3,35,5,6,39,9,12,15,19,21,22,23,24,26,27,28,30>4,9,12,15,19,21,22,24,25,35,36,37,40,32,33,2,3,5,39,23,26,28,30
32,33,2,3,35,5,6,39,9,12,15,19,21,22,23,24,26,27,28,30>4,8,10,12,15,20,21,24,27,29,35,36,32,33,2,3,5,39,23,26,28,30
33,34,3,35,37,38,39,12,14,15,16,19,20,26,27,28,30>32,5,38,14,16,23,33,34,3,37,15,30
33,34,3,35,37,38,39,12,14,15,16,19,20,26,27,28,30>35,4,5,12,18,19,20,23,26,33,34,3,37,15,30
33,2,3,4,34,6,35,8,38,39,15,16,20,21,22,23,24,29,31>33,37,6,38,15,16,25,28,2,35,3,4,8,20,24,29
33,2,3,4,34,6,35,8,38,39,15,16,20,21,22,23,24,29,31>34,6,39,22,28,2,35,3,4,8,20,24,29
32,1,2,4,36,6,40,9,10,12,19,27,30>34,4,38,13,19,32,1,2,6,40,9,10
32,1,2,4,36,6,40,9,10,12,19,27,30>34,36,38,13,18,19,23,32,1,2,6,40,9,10
32,1,36,37,6,8,9,12,13,14,15,17,18,19,20,23,26,27,30>34,7,37,38,16,19,24,27,31,32,1,8,14,15,17,18,20,23,26,30
32,1,36,37,6,8,9,12,13,14,15,17,18,19,20,23,26,27,30>36,37,10,19,27,32,1,8,14,15,17,18,20,23,26,30
33,2,34,35,5,8,11,15,16,17,18,20,21,24,26,27,29,30,31>32,36,8,11,15,17,22,27,29,2,35,5,20,24,30,31
33,2,34,35,5,8,11,15,16,17,18,20,21,24,26,27,29,30,31>32,34,11,15,16,17,22,25,26,2,35,5,20,24,30,31
1,3,4,7,8,9,10,13,15,17,18,19,21,22,24,25,27,29,31,32,33,38,40>33,5,40,11,12,15,20,23,24,32,1,3,4,7,9,13,17,18,21,22,25,27,29,31
1,3,4,7,8,9,10,13,15,17,18,19,21,22,24,25,27,29,31,32,33,38,40>35,36,10,14,15,16,19,20,23,24,32,1,3,4,7,9,13,17,18,21,22,25,27,29,31
1,3,4,6,7,8,10,11,12,15,17,19,21,23,24,25,26,28,34,35,37,39,40>33,4,5,10,15,17,24,27,1,34,3,37,7,8,11,12,23,25,26
1,3,4,6,7,8,10,11,12,15,17,19,21,23,24,25,26,28,34,35,37,39,40>33,35,4,6,39,40,10,13,15,17,18,19,24,27,28,1,34,3,37,7,8,11,12,23,25,26
32,33,2,34,4,36,7,8,39,10,11,40,15,19,21,24,25,26,27,29>4,5,10,18,19,20,24,26,29,30,34,38,39,32,2,36,11,25,27
32,33,2,34,4,36,7,8,39,10,11,40,15,19,21,24,25,26,27,29>4,5,7,9,12,18,20,21,23,26,29,30,31,33,40,32,2,36,11,25,27
32,2,3,5,6,38,11,12,13,14,15,17,18,20,21,24,25,28,30>32,34,38,8,39,40,11,13,21,28,30,2,3,5,14,15,17,20,24,25
32,2,3,5,6,38,11,12,13,14,15,17,18,20,21,24,25,28,30>32,34,39,11,13,18,22,28,2,3,5,14,15,17,20,24,25
32,1,33,34,35,5,37,7,38,39,10,12,13,16,18,20,21,23,27,30>7,9,14,18,21,23,35,38,39,32,1,34,37,5,13,16,20
32,1,33,34,35,5,37,7,38,39,10,12,13,16,18,20,21,23,27,30>7,9,10,14,17,18,23,24,26,27,30,36,38,39,32,1,34,37,5,13,16,20
1,3,4,6,7,10,11,13,14,16,18,21,22,24,25,28,31,34,37,38,39,40>5,6,8,38,39,40,18,29,1,34,3,7,11,13,14,16,21,22,25,28
1,3,4,6,7,10,11,13,14,16,18,21,22,24,25,28,31,34,37,38,39,40>35,5,37,8,9,39,15,17,20,24,27,31,1,34,3,7,11,13,14,16,21,22,25,28
2,5,6,8,10,11,12,15,16,18,19,20,21,22,23,24,25,29,31,35,36,39>37,13,16,26,28,2,35,5,39,8,11,12,18,19,20,21,22,23,24,25,29
2,5,6,8,10,11,12,15,16,18,19,20,21,22,23,24,25,29,31,35,36,39>36,37,6,10,26,28,31,2,35,5,39,8,11,12,18,19,20,21,22,23,24,25,29
32,1,2,36,5,6,37,38,9,11,19,20,23,24,26,27,31>36,37,7,9,39,30,32,1,2,5,38,23,24,26,31
32,1,2,36,5,6,37,38,9,11,19,20,23,24,26,27,31>35,36,6,39,18,19,25,32,1,2,5,38,23,24,26,31
32,1,33,34,4,5,35,7,8,9,10,38,12,13,14,16,17,24,26,30>4,36,38,11,12,15,24,1,34,5,7,9,13,14,16,17,30
32,1,33,34,4,5,35,7,8,9,10,38,12,13,14,16,17,24,26,30>32,35,4,38,8,10,11,12,15,20,24,26,1,34,5,7,9,13,14,16,17,30
32,1,2,35,38,8,40,12,15,17,18,19,21,23,24,25,26,27,28,31>33,6,37,8,39,12,19,20,21,22,24,28,30,32,1,2,35,18,23,25,26,27,31
32,1,2,35,38,8,40,12,15,17,18,19,21,23,24,25,26,27,28,31>34,5,6,8,38,40,12,15,19,20,21,22,32,1,2,35,18,23,25,26,27,31
32,1,2,3,4,37,39,40,9,12,13,14,17,21,24,25,27,28,30,31>15,37,21,24,32,1,2,3,4,39,40,14,17,25,27,31
32,1,2,3,4,37,39,40,9,12,13,14,17,21,24,25,27,28,30,31>33,34,6,20,21,30,32,1,2,3,4,39,40,14,17,25,27,31
1,2,6,8,9,12,15,17,18,21,22,23,24,27,30,31,32,33,35,36,40>5,7,12,15,17,20,23,24,27,28,30,34,37,32,1,2,35,36,6,8,40,21,22,31
1,2,6,8,9,12,15,17,18,21,22,23,24,27,30,31,32,33,35,36,40>5,7,9,12,15,18,23,24,25,27,28,33,37,39,32,1,2,35,36,6,8,40,21,22,31
3,4,36,39,8,9,18,23,25,26,27,28,31>35,8,18,23,25,3,4,39,26,27,31
3,4,36,39,8,9,18,23,25,26,27,28,31>33,35,36,22,25,28,3,4,39,26,27,31
33,34,3,35,38,9,10,15,16,19,20,23,24,26,28,31>4,37,38,11,13,19,20,28,33,34,3,35,23,24,26
33,34,3,35,38,9,10,15,16,19,20,23,24,26,28,31>36,37,38,11,12,13,15,16,18,20,25,30,33,34,3,35,23,24,26
32,1,2,34,36,37,40,9,11,12,13,15,18,25,28,30>11,13,14,15,16,18,22,28,30,37,40,1,2,34
32,1,2,34,36,37,40,9,11,12,13,15,18,25,28,30>9,12,14,16,17,27,28,30,32,33,40,1,2,34
2,6,7,8,9,13,14,15,16,17,18,20,21,22,24,25,27,29,31,32,33,34>33,5,6,7,18,28,32,2,8,9,14,15,16,17,20,21,22,24,25,27,29,31
2,6,7,8,9,13,14,15,16,17,18,20,21,22,24,25,27,29,31,32,33,34>33,35,5,6,7,32,2,8,9,14,15,16,17,20,21,22,24,25,27,29,31
1,2,3,4,6,8,11,13,17,18,19,20,21,25,28,30,31,32,33,34,37>4,9,22,23,25,31,36,40,1,2,3,33,34,6,8,17,18,20
1,2,3,4,6,8,11,13,17,18,19,20,21,25,28,30,31,32,33,34,37>4,9,13,21,23,24,25,27,28,31,35,37,40,1,2,3,33,34,6,8,17,18,20
33,2,5,39,8,9,12,15,17,20,21,22,24,25,27,28,30,31>34,8,9,40,12,22,29,30,33,2,5,39,20,24,25,27,28,31
33,2,5,39,8,9,12,15,17,20,21,22,24,25,27,28,30,31>32,34,36,9,40,12,15,17,29,33,2,5,39,20,24,25,27,28,31
1,2,33,35,5,6,7,36,37,39,40,13,15,16,18,20,24,26,28,31>6,40,13,14,15,17,18,22,25,28,30,31,1,2,35,33,5,36,7,37,39,16,24
1,2,33,35,5,6,7,36,37,39,40,13,15,16,18,20,24,26,28,31>6,9,15,20,22,25,26,30,31,1,2,35,33,5,36,7,37,39,16,24
1,2,3,6,9,10,12,13,14,15,19,22,23,24,25,26,27,28,35,36,37,38>4,7,9,16,17,19,22,29,30,36,38,39,1,2,3,37,6,10,12,13,14,15,23,25,26,27,28
1,2,3,6,9,10,12,13,14,15,19,22,23,24,25,26,27,28,35,36,37,38>4,5,7,8,11,22,30,31,32,33,34,35,39,1,2,3,37,6,10,12,13,14,15,23,25,26,27,28
33,34,4,5,37,7,38,9,13,14,18,20,21,26,27,28>7,38,17,18,21,24,27,28,30,33,34,5,9,14,20
33,34,4,5,37,7,38,9,13,14,18,20,21,26,27,28>32,4,7,38,13,16,21,22,24,30,33,34,5,9,14,20
1,3,35,5,6,7,38,10,14,17,22,23,24,25,26,29,31>6,8,9,11,15,17,20,23,27,30,31,39,1,3,35,5,7,25,26,29
1,3,35,5,6,7,38,10,14,17,22,23,24,25,26,29,31>4,6,8,10,11,14,15,22,23,30,31,37,39,1,3,35,5,7,25,26,29
1,33,34,11,12,13,16,17,18,19,20,22,25,27,28>32,36,11,12,13,14,23,24,25,31,1,34,33,16,17,18,20,22,27,28
1,33,34,11,12,13,16,17,18,19,20,22,25,27,28>32,36,5,11,12,21,24,1,34,33,16,17,18,20,22,27,28
2,3,4,5,7,8,9,11,12,13,16,18,19,21,22,23,25,27,31,34,35,36,37,38,40>32,36,11,14,17,26,28,2,3,34,5,35,37,9,16,18,21,22,23,27,31
2,3,4,5,7,8,9,11,12,13,16,18,19,21,22,23,25,27,31,34,35,36,37,38,40>4,36,8,11,12,17,19,20,25,26,28,29,2,3,34,5,35,37,9,16,18,21,22,23,27,31
32,1,34,3,4,35,6,7,36,10,13,19,20,22,23,24,25,28,31>6,14,16,17,18,19,20,27,29,31,32,38,1,34,3,4,35,7,13,23,24,25,28
32,1,34,3,4,35,6,7,36,10,13,19,20,22,23,24,25,28,31>6,8,9,11,14,16,17,20,22,26,31,32,33,36,37,1,34,3,4,35,7,13,23,24,25,28
2,37,6,39,40,9,10,12,13,14,15,17,19,20,21,22>34,6,9,40,11,16,18,22,28,2,39,10,12,13,14,15,17,20
2,37,6,39,40,9,10,12,13,14,15,17,19,20,21,22>34,5,6,9,40,18,19,21,22,23,2,39,10,12,13,14,15,17,20
1,2,4,6,9,13,14,16,17,19,20,21,23,24,29,30,31,32,33,34,36,37,39>10,13,18,34,35,37,38,40,1,2,36,6,9,14,16,17,20,23,24
1,2,4,6,9,13,14,16,17,19,20,21,23,24,29,30,31,32,33,34,36,37,39>7,8,13,18,19,25,26,29,30,33,38,1,2,36,6,9,14,16,17,20,23,24
32,2,3,34,5,36,38,8,9,39,12,15,18,22,27,31>35,36,39,18,28,29,32,2,3,34,5,38,22,31
32,2,3,34,5,36,38,8,9,39,12,15,18,22,27,31>35,36,8,18,21,29,32,2,3,34,5,38,22,31
33,3,4,37,6,7,8,9,10,11,38,13,15,16,18,19,24,29>33,5,7,37,10,38,39,14,17,3,8,9,11,13,16,18,19
33,3,4,37,6,7,8,9,10,11,38,13,15,16,18,19,24,29>33,4,5,7,37,10,14,15,17,22,24,3,8,9,11,13,16,18,19
1,5,6,7,8,12,13,16,17,18,19,22,23,24,26,29,31,34,35,37,38,39>6,12,19,21,25,30,1,35,5,37,7,8,16,17,18,22,23,26,29
1,5,6,7,8,12,13,16,17,18,19,22,23,24,26,29,31,34,35,37,38,39>38,39,13,14,19,20,21,30,31,1,35,5,37,7,8,16,17,18,22,23,26,29
1,3,5,7,8,11,12,14,15,16,17,19,20,23,25,26,34,36,37,39,40>39,11,12,16,17,18,19,24,25,27,1,34,3,5,15,20,23,26
1,3,5,7,8,11,12,14,15,16,17,19,20,23,25,26,34,36,37,39,40>37,8,39,14,16,19,24,25,27,1,34,3,5,15,20,23,26
32,1,2,33,4,34,6,7,8,9,10,35,37,15,16,22,23,25,28>32,5,13,26,27,1,2,34,33,37,6,7,8,9,10,28
32,1,2,33,4,34,6,7,8,9,10,35,37,15,16,22,23,25,28>32,35,4,36,12,16,23,25,26,1,2,34,33,37,6,7,8,9,10,28
33,34,3,4,5,6,7,8,35,10,36,14,16,18,20,21,22,24,27,31>15,25,34,3,4,5,35,36,8,20,21,22,24,31
33,34,3,4,5,6,7,8,35,10,36,14,16,18,20,21,22,24,27,31>32,33,7,9,13,16,25,28,34,3,4,5,35,36,8,20,21,22,24,31
3,6,7,8,9,10,13,14,16,17,24,25,27,28,29,31,32,35,36,37,38>4,39,15,24,28,32,3,35,37,38,8,9,10,13,14,16,17,25,27,31
3,6,7,8,9,10,13,14,16,17,24,25,27,28,29,31,32,35,36,37,38>5,6,7,24,28,29,32,3,35,37,38,8,9,10,13,14,16,17,25,27,31
1,4,9,12,13,15,16,17,20,22,23,24,26,28,31,32,34,35,38,39,40>32,37,7,39,40,12,14,23,1,34,35,16,17,20,24,26,28
1,4,9,12,13,15,16,17,20,22,23,24,26,28,31,32,34,35,38,39,40>32,33,4,37,7,40,12,14,22,25,31,1,34,35,16,17,20,24,26,28
1,3,6,8,10,12,14,15,18,19,20,22,25,26,27,28,33,34,36,37,38,40>6,10,11,13,14,19,21,23,24,26,29,30,31,32,38,1,34,3,36,33,8,12,15,18,22,27,28
1,3,6,8,10,12,14,15,18,19,20,22,25,26,27,28,33,34,36,37,38,40>4,6,7,10,11,23,26,29,30,32,37,1,34,3,36,33,8,12,15,18,22,27,28
1,2,3,5,8,11,12,13,14,15,17,19,22,23,24,26,29,31,35,36,38,39>37,8,13,16,18,19,20,28,1,2,3,35,5,39,14,15,17,23,26,29
1,2,3,5,8,11,12,13,14,15,17,19,22,23,24,26,29,31,35,36,38,39>37,38,12,13,16,18,20,1,2,3,35,5,39,14,15,17,23,26,29
1,2,33,38,7,8,9,10,12,14,17,18,22,23,31>5,6,8,15,17,21,26,33,34,35,36,39,1,2,9,22
1,2,33,38,7,8,9,10,12,14,17,18,22,23,31>6,7,8,10,11,14,15,21,23,26,31,33,34,36,39,1,2,9,22
1,2,3,4,5,8,9,13,14,17,18,19,20,21,22,23,24,25,28,31,32,34,35,36,37,38,39>33,36,8,39,13,15,26,27,29,1,2,3,4,34,35,37,38,14,17,18,20,21,22,23,24,25,28
1,2,3,4,5,8,9,13,14,17,18,19,20,21,22,23,24,25,28,31,32,34,35,36,37,38,39>32,33,36,9,13,15,16,1,2,3,4,34,35,37,38,14,17,18,20,21,22,23,24,25,28
1,33,35,36,6,7,8,9,39,11,40,15,22,23,25,26,27,29>6,37,40,11,15,28,30,31,1,36,7,8,9,39,26,27,29
1,33,35,36,6,7,8,9,39,11,40,15,22,23,25,26,27,29>32,35,40,15,22,30,31,1,36,7,8,9,39,26,27,29
32,1,3,37,38,39,40,9,12,22,25,30,31>32,35,5,37,38,12,27,28,30,40,1,3,39
32,1,3,37,38,39,40,9,12,22,25,30,31>34,35,22,27,29,30,40,1,3,39
1,2,3,6,8,16,17,18,19,20,21,22,25,26,30,33,34,35,36,37,39,40>33,24,19,16,1,2,3,34,36,6,37,8,40,18,20,21,22,30
1,2,3,6,8,16,17,18,19,20,21,22,25,26,30,33,34,35,36,37,39,40>33,35,7,39,16,17,19,23,26,27,29,1,2,3,34,36,6,37,8,40,18,20,21,22,30
1,2,3,5,6,9,11,12,14,15,17,18,19,20,21,22,25,26,27,28,34,35,37,38>35,6,7,9,11,12,14,17,19,23,25,26,1,2,3,34,5,37,15,18,20,21,22,27,28
1,2,3,5,6,9,11,12,14,15,17,18,19,20,21,22,25,26,27,28,34,35,37,38>32,35,6,8,9,11,14,23,26,30,1,2,3,34,5,37,15,18,20,21,22,27,28
1,2,3,4,5,7,10,11,13,15,19,20,21,22,23,24,25,27,28,29,30,34,35,38,39>12,16,17,18,22,30,32,37,1,2,3,5,7,11,13,20,23,24,25,27,28,29
1,2,3,4,5,7,10,11,13,15,19,20,21,22,23,24,25,27,28,29,30,34,35,38,39>4,9,10,16,18,22,30,33,34,35,40,1,2,3,5,7,11,13,20,23,24,25,27,28,29
1,2,3,4,33,35,7,36,9,37,38,40,16,17,26,27,28,30,31>20,28,39,1,2,3,4,33,35,7,36,9,37,40,30,31
1,2,3,4,33,35,7,36,9,37,38,40,16,17,26,27,28,30,31>32,34,6,39,16,20,26,1,2,3,4,33,35,7,36,9,37,40,30,31
32,33,34,3,35,6,38,40,10,15,16,17,19,20,21,24,27,30>4,10,11,12,13,15,17,18,25,27,35,38,32,34,3,40,20,24
32,33,34,3,35,6,38,40,10,15,16,17,19,20,21,24,27,30>4,5,8,10,11,13,17,19,23,27,31,33,35,36,37,32,34,3,40,20,24
32,1,2,3,4,37,8,40,10,11,12,13,16,20,22,24,27,29,30>4,39,12,14,20,28,31,32,1,2,3,40,11,13,16,24,29
32,1,2,3,4,37,8,40,10,11,12,13,16,20,22,24,27,29,30>6,7,8,39,10,12,20,22,32,1,2,3,40,11,13,16,24,29
33,34,3,35,5,6,7,8,9,36,38,39,14,15,19,22,24,25,26,28>4,7,38,39,19,22,23,30,33,34,3,36,5,8,9,15,25,28
33,34,3,35,5,6,7,8,9,36,38,39,14,15,19,22,24,25,26,28>4,37,6,39,10,23,24,27,30,33,34,3,36,5,8,9,15,25,28
1,2,34,4,5,6,7,35,36,10,11,12,13,38,16,20,22,23,26,27>8,22,27,28,30,31,35,36,37,1,2,34,5,7,11,13,16,26
1,2,34,4,5,6,7,35,36,10,11,12,13,38,16,20,22,23,26,27>4,6,8,9,10,20,22,23,24,27,28,29,31,32,36,37,38,1,2,34,5,7,11,13,16,26
1,2,3,4,5,8,9,10,13,14,15,18,19,20,22,24,26,29,31,32,33,34,36,38,39,40>8,9,10,11,12,21,23,30,39,1,2,3,4,36,38,13,14,15,18,22,24,29
1,2,3,4,5,8,9,10,13,14,15,18,19,20,22,24,26,29,31,32,33,34,36,38,39,40>5,7,8,9,12,16,17,19,20,21,23,25,32,33,34,39,40,1,2,3,4,36,38,13,14,15,18,22,24,29
3,5,9,11,12,13,16,20,21,22,24,26,27,28,30,31,32,34,36,37,38,39,40>33,9,12,14,17,21,22,25,27,29,32,34,3,5,38,40,16,20,24,28,30,31
3,5,9,11,12,13,16,20,21,22,24,26,27,28,30,31,32,34,36,37,38,39,40>35,36,39,9,11,13,14,17,21,27,32,34,3,5,38,40,16,20,24,28,30,31
34,35,4,36,6,8,9,10,11,40,13,14,15,18,22,23,25,26,29,30>36,10,12,16,17,18,21,25,28,8,9,40,11,13,14,15,22,26,29,30
34,35,4,36,6,8,9,10,11,40,13,14,15,18,22,23,25,26,29,30>4,36,6,12,16,17,18,21,23,25,27,8,9,40,11,13,14,15,22,26,29,30
1,35,7,8,9,40,14,15,18,19,23,26,29,30>5,37,7,39,19,29,1,40,9,15,18,23,26,30
1,35,7,8,9,40,14,15,18,19,23,26,29,30>35,5,37,7,14,22,1,40,9,15,18,23,26,30
32,33,34,3,36,37,38,7,8,9,17,20,21,22,23,24,25,28>32,37,7,21,27,29,33,34,3,36,38,9,20,24,25,28
32,33,34,3,36,37,38,7,8,9,17,20,21,22,23,24,25,28>4,5,37,7,8,21,26,29,33,34,3,36,38,9,20,24,25,28
32,33,2,35,4,5,6,36,37,12,14,16,18,20,22,24,25,29,30,31>5,8,9,14,16,18,20,27,28,32,33,39,40,2,35,36,37,22,24,25,29
32,33,2,35,4,5,6,36,37,12,14,16,18,20,22,24,25,29,30,31>4,5,14,15,16,20,21,27,31,38,39,40,2,35,36,37,22,24,25,29
34,3,4,5,6,7,36,37,10,13,14,15,18,19,21,24,25,27,29>6,7,9,11,19,21,29,36,3,4,5,13,14,15,18,25,27
34,3,4,5,6,7,36,37,10,13,14,15,18,19,21,24,25,27,29>6,8,9,11,16,19,20,21,22,31,37,3,4,5,13,14,15,18,25,27
2,3,36,5,8,11,12,15,16,18,21,22,24,26,27,30>34,39,40,11,12,16,18,20,25,26,27,28,2,3,5,21,22,30
2,3,36,5,8,11,12,15,16,18,21,22,24,26,27,30>32,36,39,11,15,16,18,20,27,29,2,3,5,21,22,30
32,1,2,3,35,5,6,37,40,9,11,12,13,19,21,22,25,26,30>6,13,14,17,18,21,22,23,25,26,32,35,1,2,3,37,5,40,30
32,1,2,3,35,5,6,37,40,9,11,12,13,19,21,22,25,26,30>8,9,11,13,14,18,20,22,25,26,32,34,39,1,2,3,37,5,40,30
2,35,5,7,40,9,11,12,13,17,19,20,26,28>39,13,14,19,23,24,26,2,5,9,17,20
2,35,5,7,40,9,11,12,13,17,19,20,26,28>34,35,37,39,40,11,19,23,28,30,2,5,9,17,20
1,3,4,6,7,8,9,10,11,12,13,14,15,17,21,22,23,24,25,27,32,34,35,37,38>22,26,38,10,32,1,34,3,37,7,8,9,11,12,13,14,15,17,25,27
1,3,4,6,7,8,9,10,11,12,13,14,15,17,21,22,23,24,25,27,32,34,35,37,38>5,6,38,16,20,22,23,26,28,32,1,34,3,37,7,8,9,11,12,13,14,15,17,25,27
32,1,33,3,34,5,6,7,35,9,37,39,12,14,15,24,27,28,30,31>36,40,24,25,27,28,32,1,34,3,33,5,35,7,37,9,15,31
32,1,33,3,34,5,6,7,35,9,37,39,12,14,15,24,27,28,30,31>36,6,40,14,25,27,30,32,1,34,3,33,5,35,7,37,9,15,31
2,3,4,5,35,7,8,37,38,11,39,13,14,40,22,24,26,29,30,31>4,7,8,17,22,25,26,2,35,3,37,5,39,40,14,29,30
2,3,4,5,35,7,8,37,38,11,39,13,14,40,22,24,26,29,30,31>38,7,8,9,13,16,24,25,26,28,2,35,3,37,5,39,40,14,29,30
1,3,4,5,6,11,12,13,14,15,16,17,18,19,22,23,24,30,32,34,35,36,38,39,40>4,9,19,24,25,26,28,29,1,34,3,38,40,14,15,16,17,18,22,23
1,3,4,5,6,11,12,13,14,15,16,17,18,19,22,23,24,30,32,34,35,36,38,39,40>5,7,8,9,24,28,30,32,35,1,34,3,38,40,14,15,16,17,18,22,23
1,35,36,37,7,39,10,11,12,14,16,19,21,24,26,27,29,30>5,10,12,13,14,15,16,18,20,24,26,31,32,36,40,1,37,39,11,30
1,35,36,37,7,39,10,11,12,14,16,19,21,24,26,27,29,30>5,12,14,15,19,24,26,27,29,31,35,36,40,1,37,39,11,30
1,4,5,6,37,8,39,40,11,14,16,23,24,25,27,28>32,33,5,6,15,24,28,1,39,8,25,27
1,4,5,6,37,8,39,40,11,14,16,23,24,25,27,28>32,33,34,5,6,37,40,15,16,23,26,28,31,1,39,8,25,27
2,4,5,6,8,9,12,15,16,17,22,24,25,26,29,30,35,36,37,38,39>5,6,38,40,10,12,15,16,17,20,24,27,2,37,39,8,9,25,29,30
2,4,5,6,8,9,12,15,16,17,22,24,25,26,29,30,35,36,37,38,39>35,5,38,12,16,20,2,37,39,8,9,25,29,30
6,7,8,9,10,15,16,17,19,21,23,25,26,28,30,31,35,37,38,39,40>6,13,15,16,20,25,27,35,37,39,8,9,10,40,19,23,26,30
6,7,8,9,10,15,16,17,19,21,23,25,26,28,30,31,35,37,38,39,40>33,34,11,13,17,18,20,21,27,28,35,37,39,8,9,10,40,19,23,26,30
2,3,4,34,6,38,39,9,10,12,14,15,18,22,25,27,29,31>6,38,11,13,14,25,28,2,3,4,9,10,12,15,22,27,29,31
2,3,4,34,6,38,39,9,10,12,14,15,18,22,25,27,29,31>32,34,35,38,13,14,18,2,3,4,9,10,12,15,22,27,29,31
32,34,3,36,5,6,37,38,9,12,13,21,22,25,26,29,31>6,9,10,13,16,17,21,22,25,26,28,31,32,34,35,37,29,3,5,38
32,34,3,36,5,6,37,38,9,12,13,21,22,25,26,29,31>4,6,9,13,21,26,34,36,37,29,3,5,38
1,3,4,6,11,14,15,16,19,20,23,24,25,29,33,34,36,37,38,39,40>34,8,9,38,16,19,26,27,1,3,36,15,23,24,25
1,3,4,6,11,14,15,16,19,20,23,24,25,29,33,34,36,37,38,39,40>33,34,6,8,40,14,19,29,1,3,36,15,23,24,25
1,3,4,6,10,11,12,14,17,18,20,22,24,26,29,31,32,33,37,38,39,40>4,6,8,9,10,15,17,21,25,30,32,33,35,36,37,38,1,3,39,11,20,22,24,29
1,3,4,6,10,11,12,14,17,18,20,22,24,26,29,31,32,33,37,38,39,40>4,7,8,9,10,12,18,25,30,36,38,40,1,3,39,11,20,22,24,29
1,3,4,5,6,7,9,11,12,13,18,19,20,21,22,23,26,27,29,30,31,32,33,38,39,40>33,4,38,8,13,24,28,32,1,3,5,7,39,9,40,18,20,21,22,23,26,29,30,31
1,3,4,5,6,7,9,11,12,13,18,19,20,21,22,23,26,27,29,30,31,32,33,38,39,40>35,4,36,6,8,12,13,16,19,24,27,28,32,1,3,5,7,39,9,40,18,20,21,22,23,26,29,30,31
1,3,35,37,38,7,10,11,12,15,18,19,22,23,24,25,26,27,30,31>39,9,10,40,15,29,1,3,35,37,11,12,18,22,23,25,26,27,30,31
1,3,35,37,38,7,10,11,12,15,18,19,22,23,24,25,26,27,30,31>32,10,40,13,19,24,1,3,35,37,11,12,18,22,23,25,26,27,30,31
1,34,4,5,37,7,38,9,10,39,12,15,17,18,20,21,24,29,31>37,39,13,15,17,21,29,31,1,5,7,9,12,20,24
1,34,4,5,37,7,38,9,10,39,12,15,17,18,20,21,24,29,31>34,4,38,39,11,25,29,31,1,5,7,9,12,20,24
1,2,3,34,6,38,40,10,12,15,16,18,20,22,23,25,26,28,30,31>4,7,11,15,18,19,20,23,25,29,31,33,38,1,2,3,34,6,40,12,22,26,28,30
1,2,3,34,6,38,40,10,12,15,16,18,20,22,23,25,26,28,30,31>5,7,11,13,15,16,20,21,24,25,29,1,2,3,34,6,40,12,22,26,28,30
2,3,7,9,14,15,16,17,18,19,22,24,25,26,28,29,31,32,35,36,37,39>33,5,17,19,21,23,24,27,30,31,2,3,35,37,39,9,15,18,22,25,28,29
2,3,7,9,14,15,16,17,18,19,22,24,25,26,28,29,31,32,35,36,37,39>4,7,38,16,17,20,21,23,26,2,3,35,37,39,9,15,18,22,25,28,29
2,4,5,6,8,9,10,11,13,14,15,16,17,22,25,26,27,28,29,31,32,37,39>5,12,20,22,26,32,2,39,8,9,11,13,14,15,16,17,27,28,29,31
2,4,5,6,8,9,10,11,13,14,15,16,17,22,25,26,27,28,29,31,32,37,39>33,35,4,5,6,37,20,22,25,26,30,32,2,39,8,9,11,13,14,15,16,17,27,28,29,31
2,34,4,35,6,39,13,14,15,16,22,25,27,29>32,37,39,9,13,17,22,2,14,15,16,27,29
2,34,4,35,6,39,13,14,15,16,22,25,27,29>34,35,37,6,39,8,13,17,22,25,28,31,2,14,15,16,27,29
32,1,2,4,5,6,9,10,11,13,15,21,23,25,27>4,6,8,10,20,25,31,32,1,2,9,11,13,27
32,1,2,4,5,6,9,10,11,13,15,21,23,25,27>34,4,5,7,10,12,14,15,16,20,21,25,26,31,32,1,2,9,11,13,27
1,33,3,34,5,6,7,36,38,10,40,12,17,22,24,26>8,9,10,12,17,20,22,24,25,26,30,1,34,3,36,5,7
1,33,3,34,5,6,7,36,38,10,40,12,17,22,24,26>4,8,9,10,11,12,13,40,20,22,25,28,29,1,34,3,36,5,7
2,5,6,7,8,37,39,15,18,20,21,22,23,24,25,27,28,29,31>33,7,9,2,5,39,8,20,21,22,24,25,27,28,29,31
2,5,6,7,8,37,39,15,18,20,21,22,23,24,25,27,28,29,31>18,23,35,9,2,5,39,8,20,21,22,24,25,27,28,29,31
1,35,4,36,6,8,40,10,12,13,14,15,16,18,19,21,25,27,30,31>32,4,36,10,39,20,22,25,1,35,8,40,12,13,14,15,16,18,19,27,31
1,35,4,36,6,8,40,10,12,13,14,15,16,18,19,21,25,27,30,31>34,4,36,9,23,30,1,35,8,40,12,13,14,15,16,18,19,27,31
32,1,2,37,6,7,40,10,12,14,15,17,18,20,21,22,24,26,28,29>32,37,39,8,10,40,13,18,25,26,30,1,2,6,7,12,15,20,21,22,24,28,29
32,1,2,37,6,7,40,10,12,14,15,17,18,20,21,22,24,26,28,29>32,5,8,11,40,13,17,18,25,26,30,1,2,6,7,12,15,20,21,22,24,28,29
1,2,3,4,5,6,8,9,11,13,15,19,23,24,26,28,30,33,34,36,38,39>5,7,39,40,11,13,14,16,17,18,19,1,2,3,33,34,36,8,9,23,26,30
1,2,3,4,5,6,8,9,11,13,15,19,23,24,26,28,30,33,34,36,38,39>4,5,39,40,11,14,25,28,1,2,3,33,34,36,8,9,23,26,30
33,3,5,38,39,9,12,18,19,20,21,22,28,29,30,31>30,35,36,12,33,3,5,39,18,20,21,22,28,29
33,3,5,38,39,9,12,18,19,20,21,22,28,29,30,31>4,36,23,24,31,33,3,5,39,18,20,21,22,28,29
2,4,5,7,8,11,12,13,14,15,16,17,18,21,23,24,25,26,27,28,33,38,40>9,18,23,28,30,32,36,38,39,40,33,2,5,14,15,16,17,25,26,27
2,4,5,7,8,11,12,13,14,15,16,17,18,21,23,24,25,26,27,28,33,38,40>4,7,8,11,12,18,20,21,23,28,30,32,36,39,40,33,2,5,14,15,16,17,25,26,27
4,37,6,10,15,17,18,19,20,21,24,29,30>37,39,8,40,17,21,22,23,25,24,18,20
4,37,6,10,15,17,18,19,20,21,24,29,30>37,8,11,12,15,23,25,24,18,20
1,2,3,4,5,33,34,9,10,12,16,20,21,22,24,25,27,29,31>33,34,5,9,10,11,12,22,1,2,3,4,20,24,25,27,29,31
1,2,3,4,5,33,34,9,10,12,16,20,21,22,24,25,27,29,31>33,34,35,36,7,10,11,21,22,28,1,2,3,4,20,24,25,27,29,31
32,33,2,34,36,5,6,38,39,10,11,15,19,20,23,24,25,27,29,30>8,40,10,15,19,26,29,30,31,32,2,36,5,38,11,23,24,25,27
32,33,2,34,36,5,6,38,39,10,11,15,19,20,23,24,25,27,29,30>34,6,10,12,26,29,30,31,32,2,36,5,38,11,23,24,25,27
2,3,5,7,9,10,11,14,21,23,24,25,27,28,29,30,31,34,37,38,39>10,15,20,21,28,30,32,34,37,38,39,2,3,5,9,11,25,27,31
2,3,5,7,9,10,11,14,21,23,24,25,27,28,29,30,31,34,37,38,39>13,20,21,28,29,32,35,37,38,2,3,5,9,11,25,27,31
1,3,36,5,6,7,8,40,11,12,18,21,23,24,25,29,30>6,9,12,18,20,21,22,24,26,1,3,5,7,8,40,25
1,3,36,5,6,7,8,40,11,12,18,21,23,24,25,29,30>6,9,12,20,22,24,26,27,1,3,5,7,8,40,25
32,1,34,3,4,36,6,37,8,9,12,15,16,17,18,21,22,25,31>36,6,7,10,15,16,20,27,1,34,3,4,8,9,21,22
32,1,34,3,4,36,6,37,8,9,12,15,16,17,18,21,22,25,31>32,36,10,12,17,18,25,27,1,34,3,4,8,9,21,22
1,2,35,4,5,37,8,9,40,11,12,13,14,17,19,20,26,29,30,31>4,9,39,12,13,15,16,19,23,24,26,1,2,35,37,40,14,17,20,30
1,2,35,4,5,37,8,9,40,11,12,13,14,17,19,20,26,29,30,31>5,7,9,12,16,18,19,31,1,2,35,37,40,14,17,20,30
1,33,3,35,36,6,37,8,38,10,12,16,17,20,23,24,25,30,31>33,7,11,13,16,17,26,27,30,31,1,3,36,37,35,8,20,24,25
1,33,3,35,36,6,37,8,38,10,12,16,17,20,23,24,25,30,31>33,4,6,38,39,11,13,17,23,30,1,3,36,37,35,8,20,24,25
1,2,3,4,6,7,8,10,12,13,20,21,22,24,25,28>33,34,39,9,10,22,27,1,2,3,4,6,7,8,13,20,24,25,28
1,2,3,4,6,7,8,10,12,13,20,21,22,24,25,28>33,34,9,12,21,22,27,29,1,2,3,4,6,7,8,13,20,24,25,28
32,33,2,34,4,35,37,38,8,9,13,14,16,17,20,22,25,28,29,31>13,22,33,2,35,37,14,16,17,20,28,29
32,33,2,34,4,35,37,38,8,9,13,14,16,17,20,22,25,28,29,31>34,8,9,22,25,31,33,2,35,37,14,16,17,20,28,29
32,1,37,6,7,38,39,10,11,14,16,20,22,23,24,30,31>15,16,22,23,34,40,1,39,7,11,24
32,1,37,6,7,38,39,10,11,14,16,20,22,23,24,30,31>5,6,9,10,22,26,28,29,34,40,1,39,7,11,24
1,2,10,13,15,16,18,19,20,21,24,26,27,28,29,30,33,35,37,39,40>11,12,15,17,22,23,25,27,31,36,1,2,33,37,39,40,13,16,18,20,24,30
1,2,10,13,15,16,18,19,20,21,24,26,27,28,29,30,33,35,37,39,40>5,11,12,17,19,22,23,25,26,27,31,32,1,2,33,37,39,40,13,16,18,20,24,30
1,3,4,5,7,9,10,11,12,13,14,15,16,18,20,21,22,23,24,25,29,30,31,37,39>35,37,40,18,23,28,31,1,3,5,7,39,9,11,12,13,14,15,16,20,21,22,24,25,29
1,3,4,5,7,9,10,11,12,13,14,15,16,18,20,21,22,23,24,25,29,30,31,37,39>4,37,10,19,23,31,1,3,5,7,39,9,11,12,13,14,15,16,20,21,22,24,25,29
33,3,35,5,6,7,8,9,11,12,15,19,20,21,24,25,26,27,29,30>33,36,37,6,7,39,40,12,15,18,19,23,26,31,3,5,8,9,20,24,25,27,30
33,3,35,5,6,7,8,9,11,12,15,19,20,21,24,25,26,27,29,30>32,35,36,6,7,39,12,15,21,31,3,5,8,9,20,24,25,27,30
1,2,4,6,9,10,11,13,14,15,16,17,18,21,25,27,31,33,36,38,40>32,33,38,39,10,40,18,25,1,2,36,6,9,11,13,14,15,16,17,27,31
1,2,4,6,9,10,11,13,14,15,16,17,18,21,25,27,31,33,36,38,40>32,33,4,40,18,21,22,25,1,2,36,6,9,11,13,14,15,16,17,27,31
32,1,34,35,5,37,7,8,38,40,14,17,18,20,22,25,26,28,29,31>32,7,9,40,14,15,18,21,25,26,27,1,35,37,5,20,22,28,29
32,1,34,35,5,37,7,8,38,40,14,17,18,20,22,25,26,28,29,31>33,34,8,15,17,21,24,26,27,1,35,37,5,20,22,28,29
2,4,5,6,7,8,9,11,19,21,23,28,29,30,31,32,33,35,36,38,40>32,37,7,39,11,18,19,21,33,2,35,36,5,38,8,9,40,23
2,4,5,6,7,8,9,11,19,21,23,28,29,30,31,32,33,35,36,38,40>4,37,6,11,28,30,33,2,35,36,5,38,8,9,40,23
32,34,3,35,37,6,7,9,11,13,14,15,24,27,28,29>33,5,7,8,11,25,27,32,3,37,9,14,15
32,34,3,35,37,6,7,9,11,13,14,15,24,27,28,29>33,34,35,5,8,11,13,16,17,27,28,31,32,3,37,9,14,15
32,33,34,4,37,8,40,10,12,13,16,22,23,24,25,26,30,31>4,36,37,11,14,22,23,24,31,34,40,13,16,25,26,30
32,33,34,4,37,8,40,10,12,13,16,22,23,24,25,26,30,31>32,36,37,10,11,12,14,17,22,27,28,29,31,34,40,13,16,25,26,30
32,1,2,3,33,5,7,9,11,13,14,17,18,23,27,29,31>13,15,20,23,26,27,32,1,2,3,5,9,14,17,31
32,1,2,3,33,5,7,9,11,13,14,17,18,23,27,29,31>35,36,7,39,11,13,16,18,23,26,32,1,2,3,5,9,14,17,31
32,1,2,34,37,6,7,8,39,10,11,40,15,16,17,19,20,26,28,31>12,13,15,23,24,26,30,32,33,35,39,40,1,2,34,6,7,8,11,19,20
32,1,2,34,37,6,7,8,39,10,11,40,15,16,17,19,20,26,28,31>5,12,15,16,17,23,24,28,30,35,37,39,40,1,2,34,6,7,8,11,19,20
1,2,5,6,7,8,11,12,13,18,20,23,24,26,28,29,30,31,33,34,36,37,38,40>34,35,37,6,38,12,13,14,17,20,22,25,29,1,2,33,36,5,7,8,40,24,26,30
1,2,5,6,7,8,11,12,13,18,20,23,24,26,28,29,30,31,33,34,36,37,38,40>34,35,37,17,18,20,25,28,29,1,2,33,36,5,7,8,40,24,26,30
32,33,34,4,37,40,9,10,11,12,13,14,16,17,18,22,26,28,29,30>32,34,37,10,18,20,21,33,40,11,13,14,16,17,22,28,29,30
32,33,34,4,37,40,9,10,11,12,13,14,16,17,18,22,26,28,29,30>32,4,15,20,21,33,40,11,13,14,16,17,22,28,29,30
1,2,3,5,8,9,12,14,15,16,17,22,23,24,26,27,28,30,31,32,34,37,40>4,9,14,16,22,24,25,27,32,1,2,3,34,5,40,15,26,28,30,31
1,2,3,5,8,9,12,14,15,16,17,22,23,24,26,27,28,30,31,32,34,37,40>33,4,37,22,23,24,25,29,32,1,2,3,34,5,40,15,26,28,30,31
1,3,7,8,11,13,14,16,17,18,19,21,22,24,25,26,27,30,32,36,37,39,40>5,37,9,38,11,19,32,1,3,39,40,14,16,17,18,21,22,25,27,30
1,3,7,8,11,13,14,16,17,18,19,21,22,24,25,26,27,30,32,36,37,39,40>5,37,8,11,13,28,29,32,1,3,39,40,14,16,17,18,21,22,25,27,30
2,5,7,8,9,12,15,16,19,20,21,22,24,26,27,28,29,34,35,36,39>12,16,18,26,30,31,32,33,34,36,39,2,5,9,20,24,28,29
2,5,7,8,9,12,15,16,19,20,21,22,24,26,27,28,29,34,35,36,39>7,8,12,15,21,25,26,27,30,31,34,2,5,9,20,24,28,29
1,2,3,34,5,6,11,18,19,26>6,11,19,26,30,1,2,3,34,5,18
1,2,3,34,5,6,11,18,19,26>6,7,11,30,1,2,3,34,5,18
1,2,6,7,8,11,12,13,15,18,19,20,21,24,27,29,31,32,33,35,36,37,38,39,40>5,13,14,15,16,17,21,22,25,27,32,1,2,35,36,37,6,7,8,38,39,18,20,24,31
1,2,6,7,8,11,12,13,15,18,19,20,21,24,27,29,31,32,33,35,36,37,38,39,40>33,40,12,15,19,21,22,25,29,32,1,2,35,36,37,6,7,8,38,39,18,20,24,31
32,1,34,5,37,39,40,9,11,13,14,15,16,17,18,20,23,25,27,28>37,39,11,24,25,28,32,1,34,5,14,15,16,17,20,27
32,1,34,5,37,39,40,9,11,13,14,15,16,17,18,20,23,25,27,28>33,37,39,18,24,25,26,28,32,1,34,5,14,15,16,17,20,27
1,2,4,7,9,10,12,13,15,16,18,19,20,21,24,25,26,28,29,30,33,34,35,36,39,40>34,35,37,15,17,1,2,33,36,7,40,9,12,13,16,18,19,20,24,25,30
1,2,4,7,9,10,12,13,15,16,18,19,20,21,24,25,26,28,29,30,33,34,35,36,39,40>4,5,37,17,21,22,23,26,1,2,33,36,7,40,9,12,13,16,18,19,20,24,25,30
32,2,5,37,39,40,10,11,14,20,22,25,28,31>34,15,20,24,27,31,2,5,39,11,28
32,2,5,37,39,40,10,11,14,20,22,25,28,31>32,33,34,35,37,40,10,13,15,22,25,27,31,2,5,39,11,28
33,2,35,36,38,7,8,40,11,15,16,17,20,22,24,26,28,31>34,11,39,16,17,26,33,2,35,36,20,24,28
33,2,35,36,38,7,8,40,11,15,16,17,20,22,24,26,28,31>34,5,37,38,39,15,26,29,30,31,33,2,35,36,20,24,28
34,3,5,38,39,9,10,13,14,15,16,19,20,21,24,25,27,28,30>32,4,39,40,9,11,18,21,23,28,30,31,34,3,5,13,14,15,16,20,24,25,27
34,3,5,38,39,9,10,13,14,15,16,19,20,21,24,25,27,28,30>32,33,4,39,11,12,19,23,28,34,3,5,13,14,15,16,20,24,25,27
2,34,4,35,36,8,11,12,13,14,16,19,20,26,27,28>8,12,13,15,18,19,23,30,32,36,37,16,2,34,14
2,34,4,35,36,8,11,12,13,14,16,19,20,26,27,28>4,11,12,13,15,17,23,26,27,28,31,35,37,16,2,34,14
32,3,36,37,6,7,8,9,10,39,40,14,16,20,22,24,25,30,31>5,7,11,15,16,28,29,30,34,38,3,39,8,9,10,40,24,25
32,3,36,37,6,7,8,9,10,39,40,14,16,20,22,24,25,30,31>5,6,13,20,22,27,30,32,34,36,38,3,39,8,9,10,40,24,25
33,34,3,37,39,8,12,13,22,23,24,28,29,30,31>13,14,16,17,25,30,31,35,37,39,33,3,28,29
33,34,3,37,39,8,12,13,22,23,24,28,29,30,31>4,8,14,16,22,23,25,35,36,37,40,33,3,28,29
33,2,34,4,5,37,7,8,9,38,40,12,14,16,19,21,22,26,28,30>36,7,16,19,20,21,26,33,2,34,5,40,9,28,30
33,2,34,4,5,37,7,8,9,38,40,12,14,16,19,21,22,26,28,30>37,7,8,14,15,16,20,21,22,23,29,33,2,34,5,40,9,28,30
1,2,3,4,6,9,10,13,16,18,19,21,25,27,28,29,31,35,36,37,40>32,33,7,8,39,14,22,23,25,28,29,1,2,3,4,35,6,37,9,10,13,16,18,27,31
1,2,3,4,6,9,10,13,16,18,19,21,25,27,28,29,31,35,36,37,40>32,36,40,17,20,23,25,28,1,2,3,4,35,6,37,9,10,13,16,18,27,31
