CD45,CD8,TCRlig,TCbind,PAGCsk,LCK,Fyn,Rlk,TCRphos,ZAP70,cCbl,Itk,LAT,Gads,Slp76,PLCg_b,Grb2Sos,DAG,PLCg_a,Ras,RasGRP1,PKCth,IP3,Raf,MEK,Ca,ERK,SEK,IKK,Calcin,Rsk,Fos,JNK,IkB,CREB,Jun,CRE,AP1,NFkB,NFAT
32,1,34,35,4,36,38,7,40,9,10,12,18,22,24,27,28,30>35,11,21,27,29,31,32,1,34,38,7,40,9,22,28
32,1,34,35,4,36,38,7,40,9,10,12,18,22,24,27,28,30>4,10,11,12,24,25,29,31,32,1,34,38,7,40,9,22,28
32,1,34,35,4,36,38,7,40,9,10,12,18,22,24,27,28,30>33,4,10,12,18,21,24,29,30,32,1,34,38,7,40,9,22,28
32,1,34,35,4,36,38,7,40,9,10,12,18,22,24,27,28,30>4,37,10,11,13,21,27,32,1,34,38,7,40,9,22,28
32,1,34,35,4,36,38,7,40,9,10,12,18,22,24,27,28,30>35,5,37,10,11,12,13,18,27,30,32,1,34,38,7,40,9,22,28
32,1,34,35,4,36,38,7,40,9,10,12,18,22,24,27,28,30>33,35,4,5,37,10,11,27,31,32,1,34,38,7,40,9,22,28
32,1,34,35,4,36,38,7,40,9,10,12,18,22,24,27,28,30>33,35,4,36,11,18,21,24,27,29,30,32,1,34,38,7,40,9,22,28
32,1,34,35,4,36,38,7,40,9,10,12,18,22,24,27,28,30>5,36,10,18,25,27,29,30,32,1,34,38,7,40,9,22,28
32,1,34,35,4,36,38,7,40,9,10,12,18,22,24,27,28,30>33,5,36,37,11,18,21,24,27,29,31,32,1,34,38,7,40,9,22,28
32,1,34,35,4,36,38,7,40,9,10,12,18,22,24,27,28,30>33,35,5,36,11,13,18,24,25,27,29,32,1,34,38,7,40,9,22,28
3,5,8,10,11,13,15,16,17,18,20,21,22,24,27,28,29,31,34,35,36,38,39,40>32,33,40,12,14,19,27,3,35,5,11,13,16,17,20,21,22,24,28,29,31
3,5,8,10,11,13,15,16,17,18,20,21,22,24,27,28,29,31,34,35,36,38,39,40>32,34,8,40,10,15,25,27,3,35,5,11,13,16,17,20,21,22,24,28,29,31
3,5,8,10,11,13,15,16,17,18,20,21,22,24,27,28,29,31,34,35,36,38,39,40>32,34,38,10,14,15,25,3,35,5,11,13,16,17,20,21,22,24,28,29,31
3,5,8,10,11,13,15,16,17,18,20,21,22,24,27,28,29,31,34,35,36,38,39,40>33,34,38,39,40,10,15,25,27,3,35,5,11,13,16,17,20,21,22,24,28,29,31
3,5,8,10,11,13,15,16,17,18,20,21,22,24,27,28,29,31,34,35,36,38,39,40>34,36,39,40,14,19,25,27,3,35,5,11,13,16,17,20,21,22,24,28,29,31
3,5,8,10,11,13,15,16,17,18,20,21,22,24,27,28,29,31,34,35,36,38,39,40>33,37,38,12,18,19,27,3,35,5,11,13,16,17,20,21,22,24,28,29,31
3,5,8,10,11,13,15,16,17,18,20,21,22,24,27,28,29,31,34,35,36,38,39,40>32,33,37,8,40,14,27,3,35,5,11,13,16,17,20,21,22,24,28,29,31
3,5,8,10,11,13,15,16,17,18,20,21,22,24,27,28,29,31,34,35,36,38,39,40>33,34,37,39,8,40,10,15,18,27,3,35,5,11,13,16,17,20,21,22,24,28,29,31
3,5,8,10,11,13,15,16,17,18,20,21,22,24,27,28,29,31,34,35,36,38,39,40>32,33,36,37,38,39,8,40,10,14,15,18,19,25,3,35,5,11,13,16,17,20,21,22,24,28,29,31
3,5,8,10,11,13,15,16,17,18,20,21,22,24,27,28,29,31,34,35,36,38,39,40>34,36,37,38,8,40,12,14,15,19,27,3,35,5,11,13,16,17,20,21,22,24,28,29,31
32,1,3,4,35,38,39,10,12,15,16,18,19,20,21,22,25,26,28>32,34,15,16,26,30,1,3,4,39,12,18,19,20,21,22,28
32,1,3,4,35,38,39,10,12,15,16,18,19,20,21,22,25,26,28>32,33,34,10,11,13,15,24,26,27,29,30,1,3,4,39,12,18,19,20,21,22,28
32,1,3,4,35,38,39,10,12,15,16,18,19,20,21,22,25,26,28>32,35,10,15,23,26,27,30,1,3,4,39,12,18,19,20,21,22,28
32,1,3,4,35,38,39,10,12,15,16,18,19,20,21,22,25,26,28>32,34,35,38,7,11,23,26,27,1,3,4,39,12,18,19,20,21,22,28
32,1,3,4,35,38,39,10,12,15,16,18,19,20,21,22,25,26,28>33,34,35,7,13,15,24,26,27,29,1,3,4,39,12,18,19,20,21,22,28
32,1,3,4,35,38,39,10,12,15,16,18,19,20,21,22,25,26,28>32,33,37,38,7,24,27,29,30,1,3,4,39,12,18,19,20,21,22,28
32,1,3,4,35,38,39,10,12,15,16,18,19,20,21,22,25,26,28>34,37,38,7,10,11,13,23,24,26,1,3,4,39,12,18,19,20,21,22,28
32,1,3,4,35,38,39,10,12,15,16,18,19,20,21,22,25,26,28>32,34,37,10,15,16,23,25,26,27,29,1,3,4,39,12,18,19,20,21,22,28
32,1,3,4,35,38,39,10,12,15,16,18,19,20,21,22,25,26,28>32,35,37,7,11,13,15,16,26,27,30,1,3,4,39,12,18,19,20,21,22,28
32,1,3,4,35,38,39,10,12,15,16,18,19,20,21,22,25,26,28>34,35,37,38,7,23,25,30,1,3,4,39,12,18,19,20,21,22,28
32,1,4,36,7,39,40,11,12,13,14,15,16,18,19,20,23,24,29,30>32,4,9,11,12,13,17,20,25,26,30,1,39,40,7,14,15,16,18,23,24
32,1,4,36,7,39,40,11,12,13,14,15,16,18,19,20,23,24,29,30>4,5,9,12,13,19,20,22,26,30,1,39,40,7,14,15,16,18,23,24
32,1,4,36,7,39,40,11,12,13,14,15,16,18,19,20,23,24,29,30>32,4,5,17,22,25,29,30,1,39,40,7,14,15,16,18,23,24
32,1,4,36,7,39,40,11,12,13,14,15,16,18,19,20,23,24,29,30>36,9,11,17,20,22,25,30,1,39,40,7,14,15,16,18,23,24
32,1,4,36,7,39,40,11,12,13,14,15,16,18,19,20,23,24,29,30>5,36,9,11,13,22,26,29,1,39,40,7,14,15,16,18,23,24
32,1,4,36,7,39,40,11,12,13,14,15,16,18,19,20,23,24,29,30>32,5,36,17,25,26,29,30,1,39,40,7,14,15,16,18,23,24
32,1,4,36,7,39,40,11,12,13,14,15,16,18,19,20,23,24,29,30>5,36,11,12,17,20,25,26,29,30,1,39,40,7,14,15,16,18,23,24
32,1,4,36,7,39,40,11,12,13,14,15,16,18,19,20,23,24,29,30>4,38,11,12,19,20,25,26,29,1,39,40,7,14,15,16,18,23,24
32,1,4,36,7,39,40,11,12,13,14,15,16,18,19,20,23,24,29,30>5,38,11,12,13,17,20,22,29,30,1,39,40,7,14,15,16,18,23,24
32,1,4,36,7,39,40,11,12,13,14,15,16,18,19,20,23,24,29,30>4,5,38,9,12,13,17,22,25,26,29,1,39,40,7,14,15,16,18,23,24
1,6,7,8,9,11,12,15,16,21,22,23,24,25,26,27,29,33,35,36,40>35,39,12,15,16,22,23,24,31,1,36,7,8,9,25,26,27,29
1,6,7,8,9,11,12,15,16,21,22,23,24,25,26,27,29,33,35,36,40>32,35,40,12,15,23,24,1,36,7,8,9,25,26,27,29
1,6,7,8,9,11,12,15,16,21,22,23,24,25,26,27,29,33,35,36,40>32,5,39,40,15,20,22,23,30,1,36,7,8,9,25,26,27,29
1,6,7,8,9,11,12,15,16,21,22,23,24,25,26,27,29,33,35,36,40>32,35,5,37,15,16,20,22,23,24,30,1,36,7,8,9,25,26,27,29
1,6,7,8,9,11,12,15,16,21,22,23,24,25,26,27,29,33,35,36,40>33,35,5,39,40,23,28,30,1,36,7,8,9,25,26,27,29
1,6,7,8,9,11,12,15,16,21,22,23,24,25,26,27,29,33,35,36,40>32,6,37,11,12,21,23,24,30,1,36,7,8,9,25,26,27,29
1,6,7,8,9,11,12,15,16,21,22,23,24,25,26,27,29,33,35,36,40>33,35,6,37,39,40,12,20,22,23,24,1,36,7,8,9,25,26,27,29
1,6,7,8,9,11,12,15,16,21,22,23,24,25,26,27,29,33,35,36,40>33,5,6,37,40,11,12,15,22,23,24,28,1,36,7,8,9,25,26,27,29
1,6,7,8,9,11,12,15,16,21,22,23,24,25,26,27,29,33,35,36,40>35,5,6,39,12,21,22,23,24,28,30,1,36,7,8,9,25,26,27,29
1,6,7,8,9,11,12,15,16,21,22,23,24,25,26,27,29,33,35,36,40>32,33,35,5,6,39,40,11,15,21,22,24,1,36,7,8,9,25,26,27,29
1,4,5,6,9,11,12,13,15,19,20,22,24,25,26,28,30,31,32,33,34,37,38,39>12,14,16,18,22,27,32,39,1,34,33,9,24,25,28,30
1,4,5,6,9,11,12,13,15,19,20,22,24,25,26,28,30,31,32,33,34,37,38,39>4,5,11,14,15,19,20,22,32,37,38,39,40,1,34,33,9,24,25,28,30
1,4,5,6,9,11,12,13,15,19,20,22,24,25,26,28,30,31,32,33,34,37,38,39>4,6,7,13,15,19,20,22,27,29,31,36,37,38,40,1,34,33,9,24,25,28,30
1,4,5,6,9,11,12,13,15,19,20,22,24,25,26,28,30,31,32,33,34,37,38,39>4,6,7,11,13,14,15,17,20,23,26,32,35,36,37,39,40,1,34,33,9,24,25,28,30
1,4,5,6,9,11,12,13,15,19,20,22,24,25,26,28,30,31,32,33,34,37,38,39>4,5,6,7,12,14,15,17,19,20,22,35,37,1,34,33,9,24,25,28,30
1,4,5,6,9,11,12,13,15,19,20,22,24,25,26,28,30,31,32,33,34,37,38,39>6,8,11,13,14,16,20,22,23,26,29,32,35,37,38,39,1,34,33,9,24,25,28,30
1,4,5,6,9,11,12,13,15,19,20,22,24,25,26,28,30,31,32,33,34,37,38,39>6,8,11,12,14,15,16,18,19,20,26,31,36,37,38,39,40,1,34,33,9,24,25,28,30
1,4,5,6,9,11,12,13,15,19,20,22,24,25,26,28,30,31,32,33,34,37,38,39>5,6,8,12,13,14,16,18,19,20,27,29,31,32,36,37,38,1,34,33,9,24,25,28,30
1,4,5,6,9,11,12,13,15,19,20,22,24,25,26,28,30,31,32,33,34,37,38,39>4,7,8,11,13,16,19,20,23,29,31,32,37,38,40,1,34,33,9,24,25,28,30
1,4,5,6,9,11,12,13,15,19,20,22,24,25,26,28,30,31,32,33,34,37,38,39>4,6,7,8,11,12,15,16,19,22,23,31,32,36,37,39,40,1,34,33,9,24,25,28,30
1,34,3,37,6,7,8,10,11,13,14,15,17,20,21,23,26,28,30>33,10,12,16,24,1,34,3,7,8,11,13,14,15,17,20,26,30
1,34,3,37,6,7,8,10,11,13,14,15,17,20,21,23,26,28,30>33,5,9,12,16,23,24,1,34,3,7,8,11,13,14,15,17,20,26,30
1,34,3,37,6,7,8,10,11,13,14,15,17,20,21,23,26,28,30>33,37,9,12,21,24,1,34,3,7,8,11,13,14,15,17,20,26,30
1,34,3,37,6,7,8,10,11,13,14,15,17,20,21,23,26,28,30>6,37,9,10,24,28,1,34,3,7,8,11,13,14,15,17,20,26,30
1,34,3,37,6,7,8,10,11,13,14,15,17,20,21,23,26,28,30>33,6,37,10,16,21,23,24,28,1,34,3,7,8,11,13,14,15,17,20,26,30
1,34,3,37,6,7,8,10,11,13,14,15,17,20,21,23,26,28,30>12,21,23,40,1,34,3,7,8,11,13,14,15,17,20,26,30
1,34,3,37,6,7,8,10,11,13,14,15,17,20,21,23,26,28,30>5,40,9,21,23,24,1,34,3,7,8,11,13,14,15,17,20,26,30
1,34,3,37,6,7,8,10,11,13,14,15,17,20,21,23,26,28,30>33,6,40,9,10,12,16,21,28,1,34,3,7,8,11,13,14,15,17,20,26,30
1,34,3,37,6,7,8,10,11,13,14,15,17,20,21,23,26,28,30>5,6,40,9,10,12,21,24,1,34,3,7,8,11,13,14,15,17,20,26,30
1,34,3,37,6,7,8,10,11,13,14,15,17,20,21,23,26,28,30>33,5,6,37,40,12,16,28,1,34,3,7,8,11,13,14,15,17,20,26,30
1,35,4,5,36,7,38,9,11,12,17,20,23,24,26,27>34,35,37,38,11,12,23,27,31,1,5,7,9,20,24,26
1,35,4,5,36,7,38,9,11,12,17,20,23,24,26,27>34,4,38,39,23,30,31,1,5,7,9,20,24,26
1,35,4,5,36,7,38,9,11,12,17,20,23,24,26,27>31,36,37,30,1,5,7,9,20,24,26
1,35,4,5,36,7,38,9,11,12,17,20,23,24,26,27>32,34,36,37,39,12,17,27,1,5,7,9,20,24,26
1,35,4,5,36,7,38,9,11,12,17,20,23,24,26,27>32,35,36,38,11,12,17,23,25,31,1,5,7,9,20,24,26
1,35,4,5,36,7,38,9,11,12,17,20,23,24,26,27>4,36,39,11,17,27,30,1,5,7,9,20,24,26
1,35,4,5,36,7,38,9,11,12,17,20,23,24,26,27>34,4,36,37,38,39,12,17,25,27,31,1,5,7,9,20,24,26
1,35,4,5,36,7,38,9,11,12,17,20,23,24,26,27>32,34,4,36,39,11,25,31,1,5,7,9,20,24,26
1,35,4,5,36,7,38,9,11,12,17,20,23,24,26,27>35,4,36,11,25,27,31,1,5,7,9,20,24,26
1,35,4,5,36,7,38,9,11,12,17,20,23,24,26,27>34,35,4,36,11,12,23,1,5,7,9,20,24,26
2,3,4,6,7,8,14,16,17,21,22,23,24,25,28,29,30,31,33,34,36,40>21,23,24,30,31,33,2,3,4,36,8,40,25,28,29
2,3,4,6,7,8,14,16,17,21,22,23,24,25,28,29,30,31,33,34,36,40>34,14,15,16,20,23,24,27,33,2,3,4,36,8,40,25,28,29
2,3,4,6,7,8,14,16,17,21,22,23,24,25,28,29,30,31,33,34,36,40>35,5,14,17,31,33,2,3,4,36,8,40,25,28,29
2,3,4,6,7,8,14,16,17,21,22,23,24,25,28,29,30,31,33,34,36,40>34,6,7,9,15,16,21,23,26,27,30,31,33,2,3,4,36,8,40,25,28,29
2,3,4,6,7,8,14,16,17,21,22,23,24,25,28,29,30,31,33,34,36,40>34,5,6,14,15,16,17,20,21,24,26,27,31,33,2,3,4,36,8,40,25,28,29
2,3,4,6,7,8,14,16,17,21,22,23,24,25,28,29,30,31,33,34,36,40>34,5,6,14,17,20,21,23,24,30,33,2,3,4,36,8,40,25,28,29
2,3,4,6,7,8,14,16,17,21,22,23,24,25,28,29,30,31,33,34,36,40>7,9,15,22,24,26,30,33,2,3,4,36,8,40,25,28,29
2,3,4,6,7,8,14,16,17,21,22,23,24,25,28,29,30,31,33,34,36,40>34,35,5,7,9,14,20,21,22,24,27,31,33,2,3,4,36,8,40,25,28,29
2,3,4,6,7,8,14,16,17,21,22,23,24,25,28,29,30,31,33,34,36,40>34,6,7,15,17,21,24,33,2,3,4,36,8,40,25,28,29
2,3,4,6,7,8,14,16,17,21,22,23,24,25,28,29,30,31,33,34,36,40>34,35,5,6,7,9,15,17,24,26,27,33,2,3,4,36,8,40,25,28,29
32,33,2,35,6,7,38,39,40,11,13,17,19,20,21,23,24,26,31>5,6,7,13,16,21,31,32,33,34,38,40,2,35,39,17,20,23,24,26
32,33,2,35,6,7,38,39,40,11,13,17,19,20,21,23,24,26,31>8,11,13,14,16,18,34,37,38,2,35,39,17,20,23,24,26
32,33,2,35,6,7,38,39,40,11,13,17,19,20,21,23,24,26,31>5,8,19,30,31,32,33,37,40,2,35,39,17,20,23,24,26
32,33,2,35,6,7,38,39,40,11,13,17,19,20,21,23,24,26,31>5,7,8,11,13,16,18,30,31,33,34,36,38,40,2,35,39,17,20,23,24,26
32,33,2,35,6,7,38,39,40,11,13,17,19,20,21,23,24,26,31>5,7,8,11,13,14,16,18,19,21,30,32,34,36,38,40,2,35,39,17,20,23,24,26
32,33,2,35,6,7,38,39,40,11,13,17,19,20,21,23,24,26,31>5,6,9,11,13,14,21,31,33,34,2,35,39,17,20,23,24,26
32,33,2,35,6,7,38,39,40,11,13,17,19,20,21,23,24,26,31>5,7,9,11,14,16,31,40,2,35,39,17,20,23,24,26
32,33,2,35,6,7,38,39,40,11,13,17,19,20,21,23,24,26,31>7,8,9,11,18,21,25,32,36,38,40,2,35,39,17,20,23,24,26
32,33,2,35,6,7,38,39,40,11,13,17,19,20,21,23,24,26,31>6,7,8,9,11,13,21,25,31,2,35,39,17,20,23,24,26
32,33,2,35,6,7,38,39,40,11,13,17,19,20,21,23,24,26,31>5,6,7,8,9,11,13,14,16,19,21,30,31,34,37,2,35,39,17,20,23,24,26
3,4,7,8,13,15,16,17,19,21,22,23,24,27,30,32,33,34,35,36,39>5,18,21,24,25,27,28,30,33,37,39,32,34,3,4,36,16,17,23
3,4,7,8,13,15,16,17,19,21,22,23,24,27,30,32,33,34,35,36,39>5,7,20,21,22,24,25,27,29,30,33,37,32,34,3,4,36,16,17,23
3,4,7,8,13,15,16,17,19,21,22,23,24,27,30,32,33,34,35,36,39>5,8,14,15,18,20,21,22,25,26,28,29,30,37,38,40,32,34,3,4,36,16,17,23
3,4,7,8,13,15,16,17,19,21,22,23,24,27,30,32,33,34,35,36,39>7,9,14,15,19,26,27,28,29,30,31,33,37,39,32,34,3,4,36,16,17,23
3,4,7,8,13,15,16,17,19,21,22,23,24,27,30,32,33,34,35,36,39>5,8,9,14,15,18,20,21,24,25,28,29,30,35,37,39,32,34,3,4,36,16,17,23
3,4,7,8,13,15,16,17,19,21,22,23,24,27,30,32,33,34,35,36,39>7,8,9,14,18,19,25,26,28,33,38,32,34,3,4,36,16,17,23
3,4,7,8,13,15,16,17,19,21,22,23,24,27,30,32,33,34,35,36,39>5,7,13,14,15,18,20,22,26,27,28,29,31,35,37,32,34,3,4,36,16,17,23
3,4,7,8,13,15,16,17,19,21,22,23,24,27,30,32,33,34,35,36,39>7,9,13,15,18,20,21,22,24,27,28,33,35,37,38,32,34,3,4,36,16,17,23
3,4,7,8,13,15,16,17,19,21,22,23,24,27,30,32,33,34,35,36,39>7,9,13,18,20,28,29,30,33,37,40,32,34,3,4,36,16,17,23
3,4,7,8,13,15,16,17,19,21,22,23,24,27,30,32,33,34,35,36,39>5,9,13,22,25,26,27,28,30,33,37,38,39,40,32,34,3,4,36,16,17,23
1,4,5,6,9,10,11,12,13,15,17,18,21,22,23,24,26,27,28,29,30,31,32,33,34,35,39,40>10,14,15,24,25,27,32,1,33,35,40,9,11,12,13,17,21,22,26,28,29,30,31
1,4,5,6,9,10,11,12,13,15,17,18,21,22,23,24,26,27,28,29,30,31,32,33,34,35,39,40>34,36,37,39,15,18,20,32,1,33,35,40,9,11,12,13,17,21,22,26,28,29,30,31
1,4,5,6,9,10,11,12,13,15,17,18,21,22,23,24,26,27,28,29,30,31,32,33,34,35,39,40>10,14,15,16,27,32,1,33,35,40,9,11,12,13,17,21,22,26,28,29,30,31
1,4,5,6,9,10,11,12,13,15,17,18,21,22,23,24,26,27,28,29,30,31,32,33,34,35,39,40>8,37,14,16,24,25,32,1,33,35,40,9,11,12,13,17,21,22,26,28,29,30,31
1,4,5,6,9,10,11,12,13,15,17,18,21,22,23,24,26,27,28,29,30,31,32,33,34,35,39,40>4,6,8,39,15,23,24,25,32,1,33,35,40,9,11,12,13,17,21,22,26,28,29,30,31
1,4,5,6,9,10,11,12,13,15,17,18,21,22,23,24,26,27,28,29,30,31,32,33,34,35,39,40>34,7,8,39,15,16,24,32,1,33,35,40,9,11,12,13,17,21,22,26,28,29,30,31
1,4,5,6,9,10,11,12,13,15,17,18,21,22,23,24,26,27,28,29,30,31,32,33,34,35,39,40>4,7,36,10,39,25,27,32,1,33,35,40,9,11,12,13,17,21,22,26,28,29,30,31
1,4,5,6,9,10,11,12,13,15,17,18,21,22,23,24,26,27,28,29,30,31,32,33,34,35,39,40>5,7,36,10,18,23,24,25,32,1,33,35,40,9,11,12,13,17,21,22,26,28,29,30,31
1,4,5,6,9,10,11,12,13,15,17,18,21,22,23,24,26,27,28,29,30,31,32,33,34,35,39,40>34,4,6,7,36,10,37,25,27,32,1,33,35,40,9,11,12,13,17,21,22,26,28,29,30,31
1,4,5,6,9,10,11,12,13,15,17,18,21,22,23,24,26,27,28,29,30,31,32,33,34,35,39,40>4,5,6,7,20,23,24,32,1,33,35,40,9,11,12,13,17,21,22,26,28,29,30,31
2,3,6,7,9,11,12,15,17,18,20,21,23,24,26,29,31,33,34,35,36,37,39>33,8,12,15,17,22,31,2,3,35,36,37,9,20,24,26
2,3,6,7,9,11,12,15,17,18,20,21,23,24,26,29,31,33,34,35,36,37,39>33,39,12,15,17,25,29,31,2,3,35,36,37,9,20,24,26
2,3,6,7,9,11,12,15,17,18,20,21,23,24,26,29,31,33,34,35,36,37,39>33,34,5,18,22,23,30,31,2,3,35,36,37,9,20,24,26
2,3,6,7,9,11,12,15,17,18,20,21,23,24,26,29,31,33,34,35,36,37,39>5,6,17,22,23,29,30,2,3,35,36,37,9,20,24,26
2,3,6,7,9,11,12,15,17,18,20,21,23,24,26,29,31,33,34,35,36,37,39>34,5,6,8,39,11,15,18,23,25,2,3,35,36,37,9,20,24,26
2,3,6,7,9,11,12,15,17,18,20,21,23,24,26,29,31,33,34,35,36,37,39>33,7,39,12,22,23,25,2,3,35,36,37,9,20,24,26
2,3,6,7,9,11,12,15,17,18,20,21,23,24,26,29,31,33,34,35,36,37,39>34,7,11,17,18,23,25,29,31,2,3,35,36,37,9,20,24,26
2,3,6,7,9,11,12,15,17,18,20,21,23,24,26,29,31,33,34,35,36,37,39>5,7,8,39,11,12,15,22,2,3,35,36,37,9,20,24,26
2,3,6,7,9,11,12,15,17,18,20,21,23,24,26,29,31,33,34,35,36,37,39>6,7,8,39,11,12,18,21,23,29,31,2,3,35,36,37,9,20,24,26
2,3,6,7,9,11,12,15,17,18,20,21,23,24,26,29,31,33,34,35,36,37,39>34,5,6,7,15,17,21,23,29,30,31,2,3,35,36,37,9,20,24,26
1,2,3,34,36,6,7,8,9,40,13,16,18,23,25,26,29,30,31>14,22,23,1,2,3,6,7,8,9,40,16,26,30
1,2,3,34,36,6,7,8,9,40,13,16,18,23,25,26,29,30,31>35,10,14,18,27,29,31,1,2,3,6,7,8,9,40,16,26,30
1,2,3,34,36,6,7,8,9,40,13,16,18,23,25,26,29,30,31>4,14,22,25,31,1,2,3,6,7,8,9,40,16,26,30
1,2,3,34,36,6,7,8,9,40,13,16,18,23,25,26,29,30,31>4,10,14,23,25,27,29,1,2,3,6,7,8,9,40,16,26,30
1,2,3,34,36,6,7,8,9,40,13,16,18,23,25,26,29,30,31>4,5,10,17,22,25,27,1,2,3,6,7,8,9,40,16,26,30
1,2,3,34,36,6,7,8,9,40,13,16,18,23,25,26,29,30,31>34,4,5,13,17,18,22,23,1,2,3,6,7,8,9,40,16,26,30
1,2,3,34,36,6,7,8,9,40,13,16,18,23,25,26,29,30,31>4,5,36,13,22,23,25,1,2,3,6,7,8,9,40,16,26,30
1,2,3,34,36,6,7,8,9,40,13,16,18,23,25,26,29,30,31>36,10,13,14,22,31,1,2,3,6,7,8,9,40,16,26,30
1,2,3,34,36,6,7,8,9,40,13,16,18,23,25,26,29,30,31>34,35,4,36,14,18,23,27,29,31,1,2,3,6,7,8,9,40,16,26,30
1,2,3,34,36,6,7,8,9,40,13,16,18,23,25,26,29,30,31>4,5,36,13,14,17,18,27,29,1,2,3,6,7,8,9,40,16,26,30
3,5,6,8,10,12,15,16,19,23,24,25,26,27,28,32,33,35,37,38,39>34,38,11,13,16,31,32,33,3,5,37,39,8,12,19,23,25,26,27
3,5,6,8,10,12,15,16,19,23,24,25,26,27,28,32,33,35,37,38,39>34,15,36,10,32,33,3,5,37,39,8,12,19,23,25,26,27
3,5,6,8,10,12,15,16,19,23,24,25,26,27,28,32,33,35,37,38,39>16,35,15,36,32,33,3,5,37,39,8,12,19,23,25,26,27
3,5,6,8,10,12,15,16,19,23,24,25,26,27,28,32,33,35,37,38,39>34,35,4,36,11,24,30,32,33,3,5,37,39,8,12,19,23,25,26,27
3,5,6,8,10,12,15,16,19,23,24,25,26,27,28,32,33,35,37,38,39>34,6,38,13,15,18,28,30,31,32,33,3,5,37,39,8,12,19,23,25,26,27
3,5,6,8,10,12,15,16,19,23,24,25,26,27,28,32,33,35,37,38,39>34,6,11,13,15,16,30,32,33,3,5,37,39,8,12,19,23,25,26,27
3,5,6,8,10,12,15,16,19,23,24,25,26,27,28,32,33,35,37,38,39>4,6,13,15,18,24,30,32,33,3,5,37,39,8,12,19,23,25,26,27
3,5,6,8,10,12,15,16,19,23,24,25,26,27,28,32,33,35,37,38,39>34,36,6,38,11,16,28,32,33,3,5,37,39,8,12,19,23,25,26,27
3,5,6,8,10,12,15,16,19,23,24,25,26,27,28,32,33,35,37,38,39>35,36,6,38,11,31,32,33,3,5,37,39,8,12,19,23,25,26,27
3,5,6,8,10,12,15,16,19,23,24,25,26,27,28,32,33,35,37,38,39>34,35,4,36,6,38,13,15,18,24,31,32,33,3,5,37,39,8,12,19,23,25,26,27
32,1,2,3,4,33,34,7,8,9,36,11,16,17,18,20,28,29>38,11,17,22,28,1,2,3,33,36,7,9,20
32,1,2,3,4,33,34,7,8,9,36,11,16,17,18,20,28,29>34,38,8,11,16,24,29,1,2,3,33,36,7,9,20
32,1,2,3,4,33,34,7,8,9,36,11,16,17,18,20,28,29>4,38,8,17,24,1,2,3,33,36,7,9,20
32,1,2,3,4,33,34,7,8,9,36,11,16,17,18,20,28,29>4,8,11,16,18,24,29,1,2,3,33,36,7,9,20
32,1,2,3,4,33,34,7,8,9,36,11,16,17,18,20,28,29>34,5,8,16,17,18,22,28,29,1,2,3,33,36,7,9,20
32,1,2,3,4,33,34,7,8,9,36,11,16,17,18,20,28,29>32,4,5,6,11,22,24,28,29,1,2,3,33,36,7,9,20
32,1,2,3,4,33,34,7,8,9,36,11,16,17,18,20,28,29>5,6,38,17,22,28,29,1,2,3,33,36,7,9,20
32,1,2,3,4,33,34,7,8,9,36,11,16,17,18,20,28,29>34,5,6,8,16,18,22,24,1,2,3,33,36,7,9,20
32,1,2,3,4,33,34,7,8,9,36,11,16,17,18,20,28,29>4,5,6,17,18,28,1,2,3,33,36,7,9,20
32,1,2,3,4,33,34,7,8,9,36,11,16,17,18,20,28,29>32,4,5,6,38,8,16,18,22,28,29,1,2,3,33,36,7,9,20
1,4,5,7,9,10,11,12,13,15,16,17,18,25,28,29,30,33,34,36,37,39>10,14,20,25,29,1,33,36,5,7,9,11,12,13,16,17
1,4,5,7,9,10,11,12,13,15,16,17,18,25,28,29,30,33,34,36,37,39>4,10,14,15,18,19,20,22,28,30,1,33,36,5,7,9,11,12,13,16,17
1,4,5,7,9,10,11,12,13,15,16,17,18,25,28,29,30,33,34,36,37,39>37,10,18,22,25,27,28,30,1,33,36,5,7,9,11,12,13,16,17
1,4,5,7,9,10,11,12,13,15,16,17,18,25,28,29,30,33,34,36,37,39>34,4,37,10,15,18,20,25,27,28,29,1,33,36,5,7,9,11,12,13,16,17
1,4,5,7,9,10,11,12,13,15,16,17,18,25,28,29,30,33,34,36,37,39>39,40,10,14,15,20,25,27,1,33,36,5,7,9,11,12,13,16,17
1,4,5,7,9,10,11,12,13,15,16,17,18,25,28,29,30,33,34,36,37,39>4,37,39,40,14,27,28,29,30,1,33,36,5,7,9,11,12,13,16,17
1,4,5,7,9,10,11,12,13,15,16,17,18,25,28,29,30,33,34,36,37,39>4,39,40,14,15,19,28,29,30,1,33,36,5,7,9,11,12,13,16,17
1,4,5,7,9,10,11,12,13,15,16,17,18,25,28,29,30,33,34,36,37,39>37,39,40,15,20,22,25,27,30,1,33,36,5,7,9,11,12,13,16,17
1,4,5,7,9,10,11,12,13,15,16,17,18,25,28,29,30,33,34,36,37,39>34,37,39,40,10,14,20,22,27,30,1,33,36,5,7,9,11,12,13,16,17
1,4,5,7,9,10,11,12,13,15,16,17,18,25,28,29,30,33,34,36,37,39>4,37,39,40,10,1,33,36,5,7,9,11,12,13,16,17
33,3,4,5,37,39,8,9,11,12,14,15,16,17,20,25,26,27,29>37,9,14,16,17,24,25,29,3,39,15,20,27
33,3,4,5,37,39,8,9,11,12,14,15,16,17,20,25,26,27,29>32,5,37,9,16,17,24,29,30,3,39,15,20,27
33,3,4,5,37,39,8,9,11,12,14,15,16,17,20,25,26,27,29>32,4,5,8,9,11,24,25,26,30,3,39,15,20,27
33,3,4,5,37,39,8,9,11,12,14,15,16,17,20,25,26,27,29>32,36,8,14,16,24,30,3,39,15,20,27
33,3,4,5,37,39,8,9,11,12,14,15,16,17,20,25,26,27,29>32,36,37,8,11,16,24,26,30,31,3,39,15,20,27
33,3,4,5,37,39,8,9,11,12,14,15,16,17,20,25,26,27,29>4,36,37,8,9,11,12,24,25,29,3,39,15,20,27
33,3,4,5,37,39,8,9,11,12,14,15,16,17,20,25,26,27,29>4,36,8,9,11,14,16,17,24,30,3,39,15,20,27
33,3,4,5,37,39,8,9,11,12,14,15,16,17,20,25,26,27,29>32,33,4,36,12,17,24,29,31,3,39,15,20,27
33,3,4,5,37,39,8,9,11,12,14,15,16,17,20,25,26,27,29>32,5,36,37,11,16,17,26,3,39,15,20,27
33,3,4,5,37,39,8,9,11,12,14,15,16,17,20,25,26,27,29>32,33,4,36,8,11,14,17,24,25,26,3,39,15,20,27
1,4,5,6,8,9,11,12,13,15,17,18,19,20,23,24,26,27,28,29,30,32,33,36>4,39,11,15,19,28,31,32,1,33,36,8,9,17,18,20,23,24,26,30
1,4,5,6,8,9,11,12,13,15,17,18,19,20,23,24,26,27,28,29,30,32,33,36>4,5,39,11,13,14,16,19,25,27,28,32,1,33,36,8,9,17,18,20,23,24,26,30
1,4,5,6,8,9,11,12,13,15,17,18,19,20,23,24,26,27,28,29,30,32,33,36>4,5,39,13,15,19,22,31,32,1,33,36,8,9,17,18,20,23,24,26,30
1,4,5,6,8,9,11,12,13,15,17,18,19,20,23,24,26,27,28,29,30,32,33,36>5,6,40,12,13,15,16,19,22,27,28,29,32,1,33,36,8,9,17,18,20,23,24,26,30
1,4,5,6,8,9,11,12,13,15,17,18,19,20,23,24,26,27,28,29,30,32,33,36>4,5,6,40,14,15,16,19,22,25,27,28,31,32,1,33,36,8,9,17,18,20,23,24,26,30
1,4,5,6,8,9,11,12,13,15,17,18,19,20,23,24,26,27,28,29,30,32,33,36>5,6,7,39,40,11,12,19,22,29,31,32,1,33,36,8,9,17,18,20,23,24,26,30
1,4,5,6,8,9,11,12,13,15,17,18,19,20,23,24,26,27,28,29,30,32,33,36>5,38,14,19,22,29,31,32,1,33,36,8,9,17,18,20,23,24,26,30
1,4,5,6,8,9,11,12,13,15,17,18,19,20,23,24,26,27,28,29,30,32,33,36>5,38,11,12,13,16,22,27,28,29,32,1,33,36,8,9,17,18,20,23,24,26,30
1,4,5,6,8,9,11,12,13,15,17,18,19,20,23,24,26,27,28,29,30,32,33,36>6,7,38,40,12,14,22,27,29,31,32,1,33,36,8,9,17,18,20,23,24,26,30
1,4,5,6,8,9,11,12,13,15,17,18,19,20,23,24,26,27,28,29,30,32,33,36>4,5,6,7,38,12,14,15,16,19,28,31,32,1,33,36,8,9,17,18,20,23,24,26,30
1,2,3,4,7,10,11,13,14,15,16,17,19,24,25,27,32,33,34,35,36,37,38,39,40>33,4,39,9,18,20,23,24,31,32,1,2,3,34,36,37,7,38,11,13,14,15,16,17,25,27
1,2,3,4,7,10,11,13,14,15,16,17,19,24,25,27,32,33,34,35,36,37,38,39,40>33,4,39,9,12,19,23,31,32,1,2,3,34,36,37,7,38,11,13,14,15,16,17,25,27
1,2,3,4,7,10,11,13,14,15,16,17,19,24,25,27,32,33,34,35,36,37,38,39,40>33,35,4,9,10,18,31,32,1,2,3,34,36,37,7,38,11,13,14,15,16,17,25,27
1,2,3,4,7,10,11,13,14,15,16,17,19,24,25,27,32,33,34,35,36,37,38,39,40>33,35,5,39,9,10,12,19,23,32,1,2,3,34,36,37,7,38,11,13,14,15,16,17,25,27
1,2,3,4,7,10,11,13,14,15,16,17,19,24,25,27,32,33,34,35,36,37,38,39,40>33,6,39,10,12,20,23,24,31,32,1,2,3,34,36,37,7,38,11,13,14,15,16,17,25,27
1,2,3,4,7,10,11,13,14,15,16,17,19,24,25,27,32,33,34,35,36,37,38,39,40>35,4,6,9,10,12,18,19,20,23,24,31,32,1,2,3,34,36,37,7,38,11,13,14,15,16,17,25,27
1,2,3,4,7,10,11,13,14,15,16,17,19,24,25,27,32,33,34,35,36,37,38,39,40>5,6,40,12,18,20,31,32,1,2,3,34,36,37,7,38,11,13,14,15,16,17,25,27
1,2,3,4,7,10,11,13,14,15,16,17,19,24,25,27,32,33,34,35,36,37,38,39,40>35,5,6,9,10,12,24,32,1,2,3,34,36,37,7,38,11,13,14,15,16,17,25,27
1,2,3,4,7,10,11,13,14,15,16,17,19,24,25,27,32,33,34,35,36,37,38,39,40>33,35,5,6,40,9,20,23,24,31,32,1,2,3,34,36,37,7,38,11,13,14,15,16,17,25,27
1,2,3,4,7,10,11,13,14,15,16,17,19,24,25,27,32,33,34,35,36,37,38,39,40>5,6,40,9,19,20,23,32,1,2,3,34,36,37,7,38,11,13,14,15,16,17,25,27
33,3,36,5,37,38,8,40,11,12,13,15,16,17,20,23,25,29>40,11,15,24,27,29,3,36,5,16,17,20
33,3,36,5,37,38,8,40,11,12,13,15,16,17,20,23,25,29>38,39,11,13,24,26,29,3,36,5,16,17,20
33,3,36,5,37,38,8,40,11,12,13,15,16,17,20,23,25,29>37,38,39,8,40,12,14,15,24,25,29,3,36,5,16,17,20
33,3,36,5,37,38,8,40,11,12,13,15,16,17,20,23,25,29>8,40,11,12,13,14,24,26,3,36,5,16,17,20
33,3,36,5,37,38,8,40,11,12,13,15,16,17,20,23,25,29>37,38,8,40,14,23,24,27,29,3,36,5,16,17,20
33,3,36,5,37,38,8,40,11,12,13,15,16,17,20,23,25,29>33,37,38,8,12,23,25,26,29,3,36,5,16,17,20
33,3,36,5,37,38,8,40,11,12,13,15,16,17,20,23,25,29>33,37,39,8,40,11,14,23,3,36,5,16,17,20
33,3,36,5,37,38,8,40,11,12,13,15,16,17,20,23,25,29>38,39,8,40,14,23,25,27,29,3,36,5,16,17,20
33,3,36,5,37,38,8,40,11,12,13,15,16,17,20,23,25,29>33,38,39,8,12,14,15,23,25,27,29,3,36,5,16,17,20
33,3,36,5,37,38,8,40,11,12,13,15,16,17,20,23,25,29>37,38,39,8,40,11,15,24,25,26,3,36,5,16,17,20
1,2,3,6,7,9,10,12,13,16,17,18,19,21,24,26,27,29,30,32,34,38,39>8,20,21,23,24,26,29,38,32,1,2,3,6,7,9,10,13,16,17,18,30
1,2,3,6,7,9,10,12,13,16,17,18,19,21,24,26,27,29,30,32,34,38,39>4,8,14,22,23,25,27,39,32,1,2,3,6,7,9,10,13,16,17,18,30
1,2,3,6,7,9,10,12,13,16,17,18,19,21,24,26,27,29,30,32,34,38,39>5,8,14,20,23,27,29,31,38,32,1,2,3,6,7,9,10,13,16,17,18,30
1,2,3,6,7,9,10,12,13,16,17,18,19,21,24,26,27,29,30,32,34,38,39>11,21,24,26,29,34,32,1,2,3,6,7,9,10,13,16,17,18,30
1,2,3,6,7,9,10,12,13,16,17,18,19,21,24,26,27,29,30,32,34,38,39>5,11,23,24,25,29,31,34,38,39,40,32,1,2,3,6,7,9,10,13,16,17,18,30
1,2,3,6,7,9,10,12,13,16,17,18,19,21,24,26,27,29,30,32,34,38,39>8,11,19,20,21,27,29,31,39,32,1,2,3,6,7,9,10,13,16,17,18,30
1,2,3,6,7,9,10,12,13,16,17,18,19,21,24,26,27,29,30,32,34,38,39>4,8,12,14,21,22,23,25,26,31,34,38,40,32,1,2,3,6,7,9,10,13,16,17,18,30
1,2,3,6,7,9,10,12,13,16,17,18,19,21,24,26,27,29,30,32,34,38,39>4,5,8,12,14,19,20,21,24,27,32,1,2,3,6,7,9,10,13,16,17,18,30
1,2,3,6,7,9,10,12,13,16,17,18,19,21,24,26,27,29,30,32,34,38,39>8,11,12,19,21,22,23,24,27,29,34,38,40,32,1,2,3,6,7,9,10,13,16,17,18,30
1,2,3,6,7,9,10,12,13,16,17,18,19,21,24,26,27,29,30,32,34,38,39>4,8,11,12,14,19,25,27,29,40,32,1,2,3,6,7,9,10,13,16,17,18,30
1,2,3,4,6,7,8,9,11,13,14,16,17,18,20,21,24,25,27,29,31,32,34,35,36,37,39>34,39,11,13,21,32,1,2,3,35,37,6,7,8,9,14,16,17,20,24,25,27,31
1,2,3,4,6,7,8,9,11,13,14,16,17,18,20,21,24,25,27,29,31,32,34,35,36,37,39>13,15,4,39,32,1,2,3,35,37,6,7,8,9,14,16,17,20,24,25,27,31
1,2,3,4,6,7,8,9,11,13,14,16,17,18,20,21,24,25,27,29,31,32,34,35,36,37,39>34,36,38,11,15,22,32,1,2,3,35,37,6,7,8,9,14,16,17,20,24,25,27,31
1,2,3,4,6,7,8,9,11,13,14,16,17,18,20,21,24,25,27,29,31,32,34,35,36,37,39>34,5,36,39,15,18,21,29,32,1,2,3,35,37,6,7,8,9,14,16,17,20,24,25,27,31
1,2,3,4,6,7,8,9,11,13,14,16,17,18,20,21,24,25,27,29,31,32,34,35,36,37,39>4,5,36,11,13,18,22,29,32,1,2,3,35,37,6,7,8,9,14,16,17,20,24,25,27,31
1,2,3,4,6,7,8,9,11,13,14,16,17,18,20,21,24,25,27,29,31,32,34,35,36,37,39>34,4,5,38,15,18,22,29,32,1,2,3,35,37,6,7,8,9,14,16,17,20,24,25,27,31
1,2,3,4,6,7,8,9,11,13,14,16,17,18,20,21,24,25,27,29,31,32,34,35,36,37,39>36,38,39,13,15,21,29,32,1,2,3,35,37,6,7,8,9,14,16,17,20,24,25,27,31
1,2,3,4,6,7,8,9,11,13,14,16,17,18,20,21,24,25,27,29,31,32,34,35,36,37,39>34,36,38,13,29,32,1,2,3,35,37,6,7,8,9,14,16,17,20,24,25,27,31
1,2,3,4,6,7,8,9,11,13,14,16,17,18,20,21,24,25,27,29,31,32,34,35,36,37,39>5,36,38,39,15,29,32,1,2,3,35,37,6,7,8,9,14,16,17,20,24,25,27,31
1,2,3,4,6,7,8,9,11,13,14,16,17,18,20,21,24,25,27,29,31,32,34,35,36,37,39>13,36,38,11,32,1,2,3,35,37,6,7,8,9,14,16,17,20,24,25,27,31
1,2,10,11,15,16,22,23,24,25,26,27,28,30,31,34,35,36,37,38,40>10,12,22,23,24,29,1,2,34,35,37,40,11,25,26,27,28,30,31
1,2,10,11,15,16,22,23,24,25,26,27,28,30,31,34,35,36,37,38,40>33,38,10,12,15,16,24,1,2,34,35,37,40,11,25,26,27,28,30,31
1,2,10,11,15,16,22,23,24,25,26,27,28,30,31,34,35,36,37,38,40>36,10,15,16,22,23,24,1,2,34,35,37,40,11,25,26,27,28,30,31
1,2,10,11,15,16,22,23,24,25,26,27,28,30,31,34,35,36,37,38,40>36,5,38,12,13,22,29,1,2,34,35,37,40,11,25,26,27,28,30,31
1,2,10,11,15,16,22,23,24,25,26,27,28,30,31,34,35,36,37,38,40>32,36,5,38,10,13,16,22,24,1,2,34,35,37,40,11,25,26,27,28,30,31
1,2,10,11,15,16,22,23,24,25,26,27,28,30,31,34,35,36,37,38,40>33,36,5,12,13,1,2,34,35,37,40,11,25,26,27,28,30,31
1,2,10,11,15,16,22,23,24,25,26,27,28,30,31,34,35,36,37,38,40>32,33,36,5,10,22,23,24,1,2,34,35,37,40,11,25,26,27,28,30,31
1,2,10,11,15,16,22,23,24,25,26,27,28,30,31,34,35,36,37,38,40>6,10,12,13,24,29,1,2,34,35,37,40,11,25,26,27,28,30,31
1,2,10,11,15,16,22,23,24,25,26,27,28,30,31,34,35,36,37,38,40>33,6,16,23,24,29,1,2,34,35,37,40,11,25,26,27,28,30,31
1,2,10,11,15,16,22,23,24,25,26,27,28,30,31,34,35,36,37,38,40>36,6,38,16,22,24,29,1,2,34,35,37,40,11,25,26,27,28,30,31
33,34,35,4,5,37,7,10,11,15,17,21,22,24,31>33,4,36,7,9,10,13,20,21,25,28,29,31,34,35,37,5,11
33,34,35,4,5,37,7,10,11,15,17,21,22,24,31>33,7,10,13,15,17,25,29,31,34,35,37,5,11
33,34,35,4,5,37,7,10,11,15,17,21,22,24,31>4,7,10,12,13,15,17,20,21,22,24,25,28,29,31,34,35,37,5,11
33,34,35,4,5,37,7,10,11,15,17,21,22,24,31>33,36,7,10,12,15,17,22,24,29,31,34,35,37,5,11
33,34,35,4,5,37,7,10,11,15,17,21,22,24,31>33,36,7,12,17,21,24,25,28,29,34,35,37,5,11
33,34,35,4,5,37,7,10,11,15,17,21,22,24,31>4,36,7,10,17,20,21,22,24,34,35,37,5,11
33,34,35,4,5,37,7,10,11,15,17,21,22,24,31>36,9,12,17,20,22,25,28,31,34,35,37,5,11
33,34,35,4,5,37,7,10,11,15,17,21,22,24,31>33,4,36,9,20,24,25,28,34,35,37,5,11
33,34,35,4,5,37,7,10,11,15,17,21,22,24,31>7,9,12,13,20,21,24,25,29,31,34,35,37,5,11
33,34,35,4,5,37,7,10,11,15,17,21,22,24,31>33,4,36,7,9,10,12,13,24,25,28,29,34,35,37,5,11
1,4,6,7,8,10,11,12,13,14,15,17,19,20,22,23,24,25,27,33,35,38>5,9,10,16,18,19,22,26,28,31,36,37,38,1,7,8,11,12,13,14,15,17,20,23,24,25,27
1,4,6,7,8,10,11,12,13,14,15,17,19,20,22,23,24,25,27,33,35,38>6,9,18,29,38,39,1,7,8,11,12,13,14,15,17,20,23,24,25,27
1,4,6,7,8,10,11,12,13,14,15,17,19,20,22,23,24,25,27,33,35,38>4,5,6,9,16,22,28,29,31,35,1,7,8,11,12,13,14,15,17,20,23,24,25,27
1,4,6,7,8,10,11,12,13,14,15,17,19,20,22,23,24,25,27,33,35,38>4,5,6,9,16,18,22,28,31,32,33,34,36,37,38,1,7,8,11,12,13,14,15,17,20,23,24,25,27
1,4,6,7,8,10,11,12,13,14,15,17,19,20,22,23,24,25,27,33,35,38>4,5,6,9,18,19,22,28,29,31,32,37,38,1,7,8,11,12,13,14,15,17,20,23,24,25,27
1,4,6,7,8,10,11,12,13,14,15,17,19,20,22,23,24,25,27,33,35,38>5,6,10,16,18,22,26,28,29,31,32,35,36,37,38,1,7,8,11,12,13,14,15,17,20,23,24,25,27
1,4,6,7,8,10,11,12,13,14,15,17,19,20,22,23,24,25,27,33,35,38>5,9,10,18,19,22,29,32,33,35,36,39,1,7,8,11,12,13,14,15,17,20,23,24,25,27
1,4,6,7,8,10,11,12,13,14,15,17,19,20,22,23,24,25,27,33,35,38>4,6,9,10,16,19,22,28,29,33,34,35,36,37,39,1,7,8,11,12,13,14,15,17,20,23,24,25,27
1,4,6,7,8,10,11,12,13,14,15,17,19,20,22,23,24,25,27,33,35,38>5,6,9,10,18,19,26,28,32,33,34,37,39,1,7,8,11,12,13,14,15,17,20,23,24,25,27
1,4,6,7,8,10,11,12,13,14,15,17,19,20,22,23,24,25,27,33,35,38>4,5,6,9,10,16,19,26,28,31,33,35,36,38,39,1,7,8,11,12,13,14,15,17,20,23,24,25,27
33,34,35,37,38,39,8,10,16,18,19,20,21,23,24,25,26,27,29,31>32,38,8,10,13,19,21,22,35,37,18,20,23,24,25,26,27,31
33,34,35,37,38,39,8,10,16,18,19,20,21,23,24,25,26,27,29,31>33,34,38,10,11,16,21,22,30,35,37,18,20,23,24,25,26,27,31
33,34,35,37,38,39,8,10,16,18,19,20,21,23,24,25,26,27,29,31>34,36,11,13,16,21,22,29,35,37,18,20,23,24,25,26,27,31
33,34,35,37,38,39,8,10,16,18,19,20,21,23,24,25,26,27,29,31>32,34,36,38,10,13,21,29,35,37,18,20,23,24,25,26,27,31
33,34,35,37,38,39,8,10,16,18,19,20,21,23,24,25,26,27,29,31>5,39,8,10,19,35,37,18,20,23,24,25,26,27,31
33,34,35,37,38,39,8,10,16,18,19,20,21,23,24,25,26,27,29,31>34,5,38,8,10,13,16,21,22,30,35,37,18,20,23,24,25,26,27,31
33,34,35,37,38,39,8,10,16,18,19,20,21,23,24,25,26,27,29,31>32,33,34,5,8,13,16,19,21,29,30,35,37,18,20,23,24,25,26,27,31
33,34,35,37,38,39,8,10,16,18,19,20,21,23,24,25,26,27,29,31>32,33,36,5,38,8,10,29,35,37,18,20,23,24,25,26,27,31
33,34,35,37,38,39,8,10,16,18,19,20,21,23,24,25,26,27,29,31>34,36,5,38,11,13,16,19,29,35,37,18,20,23,24,25,26,27,31
33,34,35,37,38,39,8,10,16,18,19,20,21,23,24,25,26,27,29,31>33,34,36,5,39,8,13,30,35,37,18,20,23,24,25,26,27,31
3,4,5,6,7,9,10,11,14,16,17,18,21,22,26,27,29,30,31,33,34,37,38,39,40>14,16,17,18,20,27,28,34,35,3,5,40,9,11,21,22,29,30,31
3,4,5,6,7,9,10,11,14,16,17,18,21,22,26,27,29,30,31,33,34,37,38,39,40>7,17,28,32,34,35,36,37,3,5,40,9,11,21,22,29,30,31
3,4,5,6,7,9,10,11,14,16,17,18,21,22,26,27,29,30,31,33,34,37,38,39,40>6,7,15,27,28,32,34,35,37,39,3,5,40,9,11,21,22,29,30,31
3,4,5,6,7,9,10,11,14,16,17,18,21,22,26,27,29,30,31,33,34,37,38,39,40>4,7,8,15,16,17,18,26,27,28,32,33,34,35,37,38,39,3,5,40,9,11,21,22,29,30,31
3,4,5,6,7,9,10,11,14,16,17,18,21,22,26,27,29,30,31,33,34,37,38,39,40>10,15,35,36,37,39,3,5,40,9,11,21,22,29,30,31
3,4,5,6,7,9,10,11,14,16,17,18,21,22,26,27,29,30,31,33,34,37,38,39,40>4,6,7,10,13,14,15,17,26,32,39,3,5,40,9,11,21,22,29,30,31
3,4,5,6,7,9,10,11,14,16,17,18,21,22,26,27,29,30,31,33,34,37,38,39,40>8,10,14,16,17,18,20,26,32,34,38,39,3,5,40,9,11,21,22,29,30,31
3,4,5,6,7,9,10,11,14,16,17,18,21,22,26,27,29,30,31,33,34,37,38,39,40>6,8,10,13,14,15,17,18,20,26,28,32,33,34,38,3,5,40,9,11,21,22,29,30,31
3,4,5,6,7,9,10,11,14,16,17,18,21,22,26,27,29,30,31,33,34,37,38,39,40>7,8,10,14,15,16,28,32,33,34,36,37,3,5,40,9,11,21,22,29,30,31
3,4,5,6,7,9,10,11,14,16,17,18,21,22,26,27,29,30,31,33,34,37,38,39,40>4,6,7,8,10,13,14,15,17,20,28,33,34,35,37,3,5,40,9,11,21,22,29,30,31
2,3,4,35,6,36,38,39,10,11,12,13,20,22,23,27,28,31>4,6,17,20,29,32,34,36,2,35,3,39,11,13,28,31
2,3,4,35,6,36,38,39,10,11,12,13,20,22,23,27,28,31>6,8,14,16,23,24,32,36,38,2,35,3,39,11,13,28,31
2,3,4,35,6,36,38,39,10,11,12,13,20,22,23,27,28,31>9,14,16,20,26,29,32,2,35,3,39,11,13,28,31
2,3,4,35,6,36,38,39,10,11,12,13,20,22,23,27,28,31>4,6,10,14,20,27,29,33,34,36,37,38,2,35,3,39,11,13,28,31
2,3,4,35,6,36,38,39,10,11,12,13,20,22,23,27,28,31>4,6,10,12,23,24,27,33,38,2,35,3,39,11,13,28,31
2,3,4,35,6,36,38,39,10,11,12,13,20,22,23,27,28,31>4,8,10,14,23,24,26,27,34,36,2,35,3,39,11,13,28,31
2,3,4,35,6,36,38,39,10,11,12,13,20,22,23,27,28,31>4,9,10,14,16,26,29,34,2,35,3,39,11,13,28,31
2,3,4,35,6,36,38,39,10,11,12,13,20,22,23,27,28,31>6,9,10,14,16,17,20,22,23,24,26,32,33,2,35,3,39,11,13,28,31
2,3,4,35,6,36,38,39,10,11,12,13,20,22,23,27,28,31>4,6,9,10,12,14,22,23,27,32,33,38,2,35,3,39,11,13,28,31
2,3,4,35,6,36,38,39,10,11,12,13,20,22,23,27,28,31>4,9,10,12,22,23,24,26,27,33,34,36,37,2,35,3,39,11,13,28,31
33,34,3,7,39,11,14,15,18,21,22,25,27,29,30>32,33,34,7,39,9,40,28,3,15,21,22,27,29
33,34,3,7,39,11,14,15,18,21,22,25,27,29,30>32,33,34,7,9,14,25,31,3,15,21,22,27,29
33,34,3,7,39,11,14,15,18,21,22,25,27,29,30>32,36,7,39,9,40,11,3,15,21,22,27,29
33,34,3,7,39,11,14,15,18,21,22,25,27,29,30>32,33,36,7,40,28,30,3,15,21,22,27,29
33,34,3,7,39,11,14,15,18,21,22,25,27,29,30>34,36,39,9,14,20,25,31,3,15,21,22,27,29
33,34,3,7,39,11,14,15,18,21,22,25,27,29,30>33,5,7,40,14,20,25,30,31,3,15,21,22,27,29
33,34,3,7,39,11,14,15,18,21,22,25,27,29,30>33,34,5,40,14,31,3,15,21,22,27,29
33,34,3,7,39,11,14,15,18,21,22,25,27,29,30>36,5,40,14,25,3,15,21,22,27,29
33,34,3,7,39,11,14,15,18,21,22,25,27,29,30>32,34,36,5,7,9,11,20,3,15,21,22,27,29
33,34,3,7,39,11,14,15,18,21,22,25,27,29,30>32,33,34,36,5,9,11,25,28,30,31,3,15,21,22,27,29
32,35,37,6,39,12,13,14,16,17,19,21,23,24,25,28,29,30>32,8,12,13,15,19,21,24,26,27,30,37,39,14,16,17,23,25
32,35,37,6,39,12,13,14,16,17,19,21,23,24,25,28,29,30>32,33,8,12,13,15,18,19,20,27,37,39,14,16,17,23,25
32,35,37,6,39,12,13,14,16,17,19,21,23,24,25,28,29,30>32,33,40,12,18,21,24,26,29,37,39,14,16,17,23,25
32,35,37,6,39,12,13,14,16,17,19,21,23,24,25,28,29,30>32,33,35,40,15,19,21,24,26,28,37,39,14,16,17,23,25
32,35,37,6,39,12,13,14,16,17,19,21,23,24,25,28,29,30>32,5,8,13,19,21,24,28,37,39,14,16,17,23,25
32,35,37,6,39,12,13,14,16,17,19,21,23,24,25,28,29,30>33,5,40,12,18,19,29,30,37,39,14,16,17,23,25
32,35,37,6,39,12,13,14,16,17,19,21,23,24,25,28,29,30>33,35,6,13,18,27,28,30,37,39,14,16,17,23,25
32,35,37,6,39,12,13,14,16,17,19,21,23,24,25,28,29,30>32,33,35,6,8,40,12,13,19,20,26,27,28,29,30,37,39,14,16,17,23,25
32,35,37,6,39,12,13,14,16,17,19,21,23,24,25,28,29,30>33,35,6,12,13,15,19,26,28,37,39,14,16,17,23,25
32,35,37,6,39,12,13,14,16,17,19,21,23,24,25,28,29,30>32,33,5,6,8,40,12,13,15,18,19,20,21,26,29,37,39,14,16,17,23,25
32,2,5,7,8,9,12,13,14,15,17,18,21,25,27,28,30>33,34,12,13,16,20,21,22,25,28,30,32,2,5,9,14,15,17,27
32,2,5,7,8,9,12,13,14,15,17,18,21,25,27,28,30>33,34,8,40,16,21,25,28,30,31,32,2,5,9,14,15,17,27
32,2,5,7,8,9,12,13,14,15,17,18,21,25,27,28,30>33,7,8,12,13,18,20,22,28,32,2,5,9,14,15,17,27
32,2,5,7,8,9,12,13,14,15,17,18,21,25,27,28,30>34,7,8,12,16,25,31,32,2,5,9,14,15,17,27
32,2,5,7,8,9,12,13,14,15,17,18,21,25,27,28,30>33,34,39,13,21,28,30,31,32,2,5,9,14,15,17,27
32,2,5,7,8,9,12,13,14,15,17,18,21,25,27,28,30>7,39,12,16,20,21,22,25,28,30,32,2,5,9,14,15,17,27
32,2,5,7,8,9,12,13,14,15,17,18,21,25,27,28,30>33,8,39,12,13,20,21,32,2,5,9,14,15,17,27
32,2,5,7,8,9,12,13,14,15,17,18,21,25,27,28,30>33,34,8,39,40,12,16,20,22,30,32,2,5,9,14,15,17,27
32,2,5,7,8,9,12,13,14,15,17,18,21,25,27,28,30>7,8,39,40,12,13,18,22,25,28,32,2,5,9,14,15,17,27
32,2,5,7,8,9,12,13,14,15,17,18,21,25,27,28,30>33,7,8,39,40,13,16,21,22,25,31,32,2,5,9,14,15,17,27
2,34,35,6,7,39,9,40,11,12,13,14,19,23,25,26,28,29>5,6,13,16,27,28,29,33,35,37,40,2,9,14,23,26
2,34,35,6,7,39,9,40,11,12,13,14,19,23,25,26,28,29>5,6,8,12,13,17,18,25,33,37,39,2,9,14,23,26
2,34,35,6,7,39,9,40,11,12,13,14,19,23,25,26,28,29>6,7,8,15,16,17,25,28,29,30,33,34,40,2,9,14,23,26
2,34,35,6,7,39,9,40,11,12,13,14,19,23,25,26,28,29>5,6,7,8,13,16,17,19,25,30,39,40,2,9,14,23,26
2,34,35,6,7,39,9,40,11,12,13,14,19,23,25,26,28,29>5,6,11,15,16,19,27,28,37,40,2,9,14,23,26
2,34,35,6,7,39,9,40,11,12,13,14,19,23,25,26,28,29>7,11,13,18,28,29,34,39,2,9,14,23,26
2,34,35,6,7,39,9,40,11,12,13,14,19,23,25,26,28,29>6,7,11,13,15,17,29,35,2,9,14,23,26
2,34,35,6,7,39,9,40,11,12,13,14,19,23,25,26,28,29>7,8,11,12,16,18,19,25,29,30,33,35,2,9,14,23,26
2,34,35,6,7,39,9,40,11,12,13,14,19,23,25,26,28,29>7,8,11,12,15,16,17,19,25,27,28,29,34,37,2,9,14,23,26
2,34,35,6,7,39,9,40,11,12,13,14,19,23,25,26,28,29>6,7,8,11,12,17,18,19,25,28,30,34,35,40,2,9,14,23,26
32,1,33,4,5,36,9,12,13,16,17,18,19,20,22,26,30>38,39,9,12,19,23,24,26,1,36,16,17,18,20,22,30
32,1,33,4,5,36,9,12,13,16,17,18,19,20,22,26,30>32,40,12,14,26,28,1,36,16,17,18,20,22,30
32,1,33,4,5,36,9,12,13,16,17,18,19,20,22,26,30>34,38,7,39,40,12,14,19,23,24,28,29,1,36,16,17,18,20,22,30
32,1,33,4,5,36,9,12,13,16,17,18,19,20,22,26,30>34,38,7,40,12,14,23,24,26,29,1,36,16,17,18,20,22,30
32,1,33,4,5,36,9,12,13,16,17,18,19,20,22,26,30>33,34,38,39,12,13,21,23,26,1,36,16,17,18,20,22,30
32,1,33,4,5,36,9,12,13,16,17,18,19,20,22,26,30>34,4,9,40,12,13,19,23,26,28,1,36,16,17,18,20,22,30
32,1,33,4,5,36,9,12,13,16,17,18,19,20,22,26,30>5,38,7,9,40,12,13,14,21,23,28,1,36,16,17,18,20,22,30
32,1,33,4,5,36,9,12,13,16,17,18,19,20,22,26,30>33,5,40,14,21,24,26,28,1,36,16,17,18,20,22,30
32,1,33,4,5,36,9,12,13,16,17,18,19,20,22,26,30>33,34,5,38,40,13,19,21,23,24,26,1,36,16,17,18,20,22,30
32,1,33,4,5,36,9,12,13,16,17,18,19,20,22,26,30>32,4,5,7,9,40,12,14,19,21,23,24,26,29,1,36,16,17,18,20,22,30
32,1,33,3,34,5,37,7,8,9,10,11,38,15,19,21,25,27,28>37,12,19,20,21,25,31,32,1,34,3,33,5,9,11,27
32,1,33,3,34,5,37,7,8,9,10,11,38,15,19,21,25,27,28>37,38,10,12,15,18,19,23,25,28,32,1,34,3,33,5,9,11,27
32,1,33,3,34,5,37,7,8,9,10,11,38,15,19,21,25,27,28>36,37,38,10,12,15,18,23,31,32,1,34,3,33,5,9,11,27
32,1,33,3,34,5,37,7,8,9,10,11,38,15,19,21,25,27,28>37,38,10,12,21,23,25,28,32,1,34,3,33,5,9,11,27
32,1,33,3,34,5,37,7,8,9,10,11,38,15,19,21,25,27,28>36,37,38,13,19,21,23,25,31,32,1,34,3,33,5,9,11,27
32,1,33,3,34,5,37,7,8,9,10,11,38,15,19,21,25,27,28>37,38,7,10,19,20,21,32,1,34,3,33,5,9,11,27
32,1,33,3,34,5,37,7,8,9,10,11,38,15,19,21,25,27,28>36,37,38,7,12,13,15,20,21,28,32,1,34,3,33,5,9,11,27
32,1,33,3,34,5,37,7,8,9,10,11,38,15,19,21,25,27,28>36,37,8,13,20,23,25,28,31,32,1,34,3,33,5,9,11,27
32,1,33,3,34,5,37,7,8,9,10,11,38,15,19,21,25,27,28>36,38,8,13,15,20,23,25,31,32,1,34,3,33,5,9,11,27
32,1,33,3,34,5,37,7,8,9,10,11,38,15,19,21,25,27,28>36,7,8,10,12,13,20,21,28,31,32,1,34,3,33,5,9,11,27
1,2,3,4,5,7,8,11,12,14,18,19,20,21,22,23,25,31,32,33,34,35,38,39,40>4,14,15,26,28,1,2,3,34,5,35,7,18,20,21,22,23
1,2,3,4,5,7,8,11,12,14,18,19,20,21,22,23,25,31,32,33,34,35,38,39,40>4,8,24,25,26,27,28,31,33,39,40,1,2,3,34,5,35,7,18,20,21,22,23
1,2,3,4,5,7,8,11,12,14,18,19,20,21,22,23,25,31,32,33,34,35,38,39,40>4,8,9,14,15,26,27,29,32,33,36,37,38,39,1,2,3,34,5,35,7,18,20,21,22,23
1,2,3,4,5,7,8,11,12,14,18,19,20,21,22,23,25,31,32,33,34,35,38,39,40>8,9,11,15,19,24,27,28,29,31,32,33,36,38,39,1,2,3,34,5,35,7,18,20,21,22,23
1,2,3,4,5,7,8,11,12,14,18,19,20,21,22,23,25,31,32,33,34,35,38,39,40>8,9,11,14,19,27,28,29,40,1,2,3,34,5,35,7,18,20,21,22,23
1,2,3,4,5,7,8,11,12,14,18,19,20,21,22,23,25,31,32,33,34,35,38,39,40>4,8,12,19,24,25,31,32,37,40,1,2,3,34,5,35,7,18,20,21,22,23
1,2,3,4,5,7,8,11,12,14,18,19,20,21,22,23,25,31,32,33,34,35,38,39,40>9,12,14,15,19,26,28,33,36,37,40,1,2,3,34,5,35,7,18,20,21,22,23
1,2,3,4,5,7,8,11,12,14,18,19,20,21,22,23,25,31,32,33,34,35,38,39,40>4,8,11,12,14,19,24,29,36,37,38,39,1,2,3,34,5,35,7,18,20,21,22,23
1,2,3,4,5,7,8,11,12,14,18,19,20,21,22,23,25,31,32,33,34,35,38,39,40>11,12,14,15,19,24,28,32,33,36,37,38,39,40,1,2,3,34,5,35,7,18,20,21,22,23
1,2,3,4,5,7,8,11,12,14,18,19,20,21,22,23,25,31,32,33,34,35,38,39,40>4,8,11,12,14,24,25,27,28,32,36,37,1,2,3,34,5,35,7,18,20,21,22,23
2,4,6,10,11,16,18,19,22,24,25,27,28,29,32,34,35,36,37,39,40>34,6,8,9,10,13,16,21,23,32,2,37,11,18,22,25,27,28,29
2,4,6,10,11,16,18,19,22,24,25,27,28,29,32,34,35,36,37,39,40>33,34,6,8,13,16,24,32,2,37,11,18,22,25,27,28,29
2,4,6,10,11,16,18,19,22,24,25,27,28,29,32,34,35,36,37,39,40>33,35,38,9,16,31,32,2,37,11,18,22,25,27,28,29
2,4,6,10,11,16,18,19,22,24,25,27,28,29,32,34,35,36,37,39,40>34,4,6,38,13,21,23,32,2,37,11,18,22,25,27,28,29
2,4,6,10,11,16,18,19,22,24,25,27,28,29,32,34,35,36,37,39,40>34,36,6,8,9,39,40,13,16,21,23,24,32,2,37,11,18,22,25,27,28,29
2,4,6,10,11,16,18,19,22,24,25,27,28,29,32,34,35,36,37,39,40>34,35,36,6,38,9,10,39,40,16,23,24,31,32,2,37,11,18,22,25,27,28,29
2,4,6,10,11,16,18,19,22,24,25,27,28,29,32,34,35,36,37,39,40>33,34,35,36,6,39,16,23,31,32,2,37,11,18,22,25,27,28,29
2,4,6,10,11,16,18,19,22,24,25,27,28,29,32,34,35,36,37,39,40>33,34,4,36,10,39,40,13,19,21,24,31,32,2,37,11,18,22,25,27,28,29
2,4,6,10,11,16,18,19,22,24,25,27,28,29,32,34,35,36,37,39,40>33,34,4,36,6,8,9,10,13,16,19,21,31,32,2,37,11,18,22,25,27,28,29
2,4,6,10,11,16,18,19,22,24,25,27,28,29,32,34,35,36,37,39,40>33,34,35,4,36,38,16,32,2,37,11,18,22,25,27,28,29
1,2,3,4,6,7,8,11,12,13,14,15,16,17,18,21,22,25,26,27,33,35,37,38>18,26,29,30,31,32,33,35,36,39,1,2,3,37,6,7,8,14,15,16,17,21,22,27
1,2,3,4,6,7,8,11,12,13,14,15,16,17,18,21,22,25,26,27,33,35,37,38>13,20,25,26,28,29,31,34,39,1,2,3,37,6,7,8,14,15,16,17,21,22,27
1,2,3,4,6,7,8,11,12,13,14,15,16,17,18,21,22,25,26,27,33,35,37,38>18,20,28,30,31,35,38,39,1,2,3,37,6,7,8,14,15,16,17,21,22,27
1,2,3,4,6,7,8,11,12,13,14,15,16,17,18,21,22,25,26,27,33,35,37,38>4,9,18,28,29,34,38,1,2,3,37,6,7,8,14,15,16,17,21,22,27
1,2,3,4,6,7,8,11,12,13,14,15,16,17,18,21,22,25,26,27,33,35,37,38>5,9,13,18,28,29,30,32,33,1,2,3,37,6,7,8,14,15,16,17,21,22,27
1,2,3,4,6,7,8,11,12,13,14,15,16,17,18,21,22,25,26,27,33,35,37,38>4,5,9,13,25,28,32,34,35,36,38,1,2,3,37,6,7,8,14,15,16,17,21,22,27
1,2,3,4,6,7,8,11,12,13,14,15,16,17,18,21,22,25,26,27,33,35,37,38>5,11,13,18,20,26,31,34,35,38,39,1,2,3,37,6,7,8,14,15,16,17,21,22,27
1,2,3,4,6,7,8,11,12,13,14,15,16,17,18,21,22,25,26,27,33,35,37,38>5,11,13,25,28,29,32,33,35,36,39,1,2,3,37,6,7,8,14,15,16,17,21,22,27
1,2,3,4,6,7,8,11,12,13,14,15,16,17,18,21,22,25,26,27,33,35,37,38>4,12,20,28,29,35,38,39,1,2,3,37,6,7,8,14,15,16,17,21,22,27
1,2,3,4,6,7,8,11,12,13,14,15,16,17,18,21,22,25,26,27,33,35,37,38>5,11,12,13,20,25,31,32,33,34,35,38,39,1,2,3,37,6,7,8,14,15,16,17,21,22,27
32,1,2,34,36,6,7,8,38,39,11,12,14,19,20,22,24,28,29>33,9,11,12,14,15,19,22,23,1,2,6,7,8,38,24,28,29
32,1,2,34,36,6,7,8,38,39,11,12,14,19,20,22,24,28,29>32,34,14,15,19,20,25,1,2,6,7,8,38,24,28,29
32,1,2,34,36,6,7,8,38,39,11,12,14,19,20,22,24,28,29>32,34,39,11,12,14,15,18,19,20,22,23,1,2,6,7,8,38,24,28,29
32,1,2,34,36,6,7,8,38,39,11,12,14,19,20,22,24,28,29>32,33,34,36,5,39,11,14,19,25,1,2,6,7,8,38,24,28,29
32,1,2,34,36,6,7,8,38,39,11,12,14,19,20,22,24,28,29>32,33,34,5,11,18,23,25,1,2,6,7,8,38,24,28,29
32,1,2,34,36,6,7,8,38,39,11,12,14,19,20,22,24,28,29>32,36,5,39,11,14,19,20,1,2,6,7,8,38,24,28,29
32,1,2,34,36,6,7,8,38,39,11,12,14,19,20,22,24,28,29>33,36,5,9,12,14,15,25,1,2,6,7,8,38,24,28,29
32,1,2,34,36,6,7,8,38,39,11,12,14,19,20,22,24,28,29>34,36,5,39,9,20,22,23,1,2,6,7,8,38,24,28,29
32,1,2,34,36,6,7,8,38,39,11,12,14,19,20,22,24,28,29>32,34,36,5,11,18,19,22,23,25,1,2,6,7,8,38,24,28,29
32,1,2,34,36,6,7,8,38,39,11,12,14,19,20,22,24,28,29>32,33,34,36,5,39,9,11,15,23,25,1,2,6,7,8,38,24,28,29
2,5,9,10,11,12,14,15,16,17,18,19,20,23,26,28,29,31,32,33,40>13,31,22,24,33,2,5,11,12,15,18,19,20,23,26
2,5,9,10,11,12,14,15,16,17,18,19,20,23,26,28,29,31,32,33,40>32,9,10,13,22,24,29,33,2,5,11,12,15,18,19,20,23,26
2,5,9,10,11,12,14,15,16,17,18,19,20,23,26,28,29,31,32,33,40>32,9,10,13,17,22,30,33,2,5,11,12,15,18,19,20,23,26
2,5,9,10,11,12,14,15,16,17,18,19,20,23,26,28,29,31,32,33,40>35,36,9,10,14,16,28,29,31,33,2,5,11,12,15,18,19,20,23,26
2,5,9,10,11,12,14,15,16,17,18,19,20,23,26,28,29,31,32,33,40>32,39,13,22,28,29,30,31,33,2,5,11,12,15,18,19,20,23,26
2,5,9,10,11,12,14,15,16,17,18,19,20,23,26,28,29,31,32,33,40>40,10,17,22,28,29,31,33,2,5,11,12,15,18,19,20,23,26
2,5,9,10,11,12,14,15,16,17,18,19,20,23,26,28,29,31,32,33,40>40,16,24,28,29,33,2,5,11,12,15,18,19,20,23,26
2,5,9,10,11,12,14,15,16,17,18,19,20,23,26,28,29,31,32,33,40>35,36,40,14,24,28,29,30,33,2,5,11,12,15,18,19,20,23,26
2,5,9,10,11,12,14,15,16,17,18,19,20,23,26,28,29,31,32,33,40>39,40,9,10,14,16,17,22,29,30,31,33,2,5,11,12,15,18,19,20,23,26
2,5,9,10,11,12,14,15,16,17,18,19,20,23,26,28,29,31,32,33,40>32,35,36,39,40,9,10,16,28,29,33,2,5,11,12,15,18,19,20,23,26
