CD45,CD8,TCRlig,TCbind,PAGCsk,LCK,Fyn,Rlk,TCRphos,ZAP70,cCbl,Itk,LAT,Gads,Slp76,PLCg_b,Grb2Sos,DAG,PLCg_a,Ras,RasGRP1,PKCth,IP3,Raf,MEK,Ca,ERK,SEK,IKK,Calcin,Rsk,Fos,JNK,IkB,CREB,Jun,CRE,AP1,NFkB,NFAT
1,3,4,5,7,9,10,12,14,15,17,18,20,22,26,28,29,31,32,35,37,39>18,24,26,30,1,3,4,5,35,7,37,9,39,12,15,20,22,28,29
1,3,4,5,7,9,10,12,14,15,17,18,20,22,26,28,29,31,32,35,37,39>33,10,14,26,30,1,3,4,5,35,7,37,9,39,12,15,20,22,28,29
1,3,4,5,7,9,10,12,14,15,17,18,20,22,26,28,29,31,32,35,37,39>32,33,10,14,17,24,31,1,3,4,5,35,7,37,9,39,12,15,20,22,28,29
1,3,4,5,7,9,10,12,14,15,17,18,20,22,26,28,29,31,32,35,37,39>11,14,18,21,24,1,3,4,5,35,7,37,9,39,12,15,20,22,28,29
1,3,4,5,7,9,10,12,14,15,17,18,20,22,26,28,29,31,32,35,37,39>33,11,17,18,21,24,30,31,1,3,4,5,35,7,37,9,39,12,15,20,22,28,29
1,3,4,5,7,9,10,12,14,15,17,18,20,22,26,28,29,31,32,35,37,39>33,10,13,14,17,18,30,1,3,4,5,35,7,37,9,39,12,15,20,22,28,29
1,3,4,5,7,9,10,12,14,15,17,18,20,22,26,28,29,31,32,35,37,39>32,33,10,13,14,30,1,3,4,5,35,7,37,9,39,12,15,20,22,28,29
1,3,4,5,7,9,10,12,14,15,17,18,20,22,26,28,29,31,32,35,37,39>11,13,18,21,24,1,3,4,5,35,7,37,9,39,12,15,20,22,28,29
1,3,4,5,7,9,10,12,14,15,17,18,20,22,26,28,29,31,32,35,37,39>32,10,11,13,14,21,26,30,31,1,3,4,5,35,7,37,9,39,12,15,20,22,28,29
1,3,4,5,7,9,10,12,14,15,17,18,20,22,26,28,29,31,32,35,37,39>33,10,11,13,17,21,31,1,3,4,5,35,7,37,9,39,12,15,20,22,28,29
1,2,3,4,12,13,14,16,18,19,23,24,28,29,30,31,33,34,35,38,40>38,12,17,22,24,25,30,31,1,2,3,4,33,35,40,14,16,18,23
1,2,3,4,12,13,14,16,18,19,23,24,28,29,30,31,33,34,35,38,40>34,36,12,19,24,25,29,1,2,3,4,33,35,40,14,16,18,23
1,2,3,4,12,13,14,16,18,19,23,24,28,29,30,31,33,34,35,38,40>34,36,6,38,13,17,19,24,28,30,31,1,2,3,4,33,35,40,14,16,18,23
1,2,3,4,12,13,14,16,18,19,23,24,28,29,30,31,33,34,35,38,40>37,6,13,17,19,22,24,25,26,30,1,2,3,4,33,35,40,14,16,18,23
1,2,3,4,12,13,14,16,18,19,23,24,28,29,30,31,33,34,35,38,40>34,37,7,13,15,17,22,28,29,30,1,2,3,4,33,35,40,14,16,18,23
1,2,3,4,12,13,14,16,18,19,23,24,28,29,30,31,33,34,35,38,40>6,7,17,24,25,26,28,30,31,1,2,3,4,33,35,40,14,16,18,23
1,2,3,4,12,13,14,16,18,19,23,24,28,29,30,31,33,34,35,38,40>36,6,7,38,12,15,17,22,29,30,31,1,2,3,4,33,35,40,14,16,18,23
1,2,3,4,12,13,14,16,18,19,23,24,28,29,30,31,33,34,35,38,40>34,36,6,7,12,15,22,24,25,26,29,31,1,2,3,4,33,35,40,14,16,18,23
1,2,3,4,12,13,14,16,18,19,23,24,28,29,30,31,33,34,35,38,40>37,6,7,12,15,17,24,25,26,30,31,1,2,3,4,33,35,40,14,16,18,23
1,2,3,4,12,13,14,16,18,19,23,24,28,29,30,31,33,34,35,38,40>34,36,6,7,38,12,13,17,19,22,24,25,26,28,31,1,2,3,4,33,35,40,14,16,18,23
1,4,5,6,36,8,39,10,11,40,13,18,22,25,29,30>5,9,14,16,25,27,28,30,1,39,8,40,11,13,22,29
1,4,5,6,36,8,39,10,11,40,13,18,22,25,29,30>4,5,18,25,1,39,8,40,11,13,22,29
1,4,5,6,36,8,39,10,11,40,13,18,22,25,29,30>5,6,9,14,16,21,25,28,1,39,8,40,11,13,22,29
1,4,5,6,36,8,39,10,11,40,13,18,22,25,29,30>5,6,14,16,17,25,30,1,39,8,40,11,13,22,29
1,4,5,6,36,8,39,10,11,40,13,18,22,25,29,30>4,5,6,36,16,17,21,28,1,39,8,40,11,13,22,29
1,4,5,6,36,8,39,10,11,40,13,18,22,25,29,30>36,9,14,16,17,18,21,27,28,30,1,39,8,40,11,13,22,29
1,4,5,6,36,8,39,10,11,40,13,18,22,25,29,30>6,36,10,17,18,25,27,28,1,39,8,40,11,13,22,29
1,4,5,6,36,8,39,10,11,40,13,18,22,25,29,30>4,5,6,36,9,10,25,28,30,1,39,8,40,11,13,22,29
1,4,5,6,36,8,39,10,11,40,13,18,22,25,29,30>5,7,36,16,17,21,25,27,28,30,1,39,8,40,11,13,22,29
1,4,5,6,36,8,39,10,11,40,13,18,22,25,29,30>4,5,7,36,16,25,1,39,8,40,11,13,22,29
1,33,3,36,6,38,40,9,10,16,18,19,21,22,23,24,25,28,30,31>11,13,16,19,27,29,31,35,39,1,33,3,36,40,10,18,21,22,23,25,28
1,33,3,36,6,38,40,9,10,16,18,19,21,22,23,24,25,28,30,31>4,5,7,8,16,19,20,24,26,27,29,30,31,34,35,39,1,33,3,36,40,10,18,21,22,23,25,28
1,33,3,36,6,38,40,9,10,16,18,19,21,22,23,24,25,28,30,31>4,5,13,16,20,26,27,29,30,31,34,38,1,33,3,36,40,10,18,21,22,23,25,28
1,33,3,36,6,38,40,9,10,16,18,19,21,22,23,24,25,28,30,31>4,6,9,13,19,20,24,27,29,30,34,38,39,1,33,3,36,40,10,18,21,22,23,25,28
1,33,3,36,6,38,40,9,10,16,18,19,21,22,23,24,25,28,30,31>7,13,16,19,24,26,27,30,35,1,33,3,36,40,10,18,21,22,23,25,28
1,33,3,36,6,38,40,9,10,16,18,19,21,22,23,24,25,28,30,31>4,5,6,8,9,13,16,19,20,24,26,27,31,34,35,38,39,1,33,3,36,40,10,18,21,22,23,25,28
1,33,3,36,6,38,40,9,10,16,18,19,21,22,23,24,25,28,30,31>7,8,9,11,16,20,24,29,31,35,1,33,3,36,40,10,18,21,22,23,25,28
1,33,3,36,6,38,40,9,10,16,18,19,21,22,23,24,25,28,30,31>5,7,8,9,11,16,19,30,31,34,35,39,1,33,3,36,40,10,18,21,22,23,25,28
1,33,3,36,6,38,40,9,10,16,18,19,21,22,23,24,25,28,30,31>4,5,7,8,13,20,24,26,30,38,1,33,3,36,40,10,18,21,22,23,25,28
1,33,3,36,6,38,40,9,10,16,18,19,21,22,23,24,25,28,30,31>5,6,7,8,16,26,31,34,38,1,33,3,36,40,10,18,21,22,23,25,28
1,2,36,5,7,39,40,12,13,14,15,16,18,20,23,30,31>35,12,13,17,20,26,1,2,5,39,40,14,15,16
1,2,36,5,7,39,40,12,13,14,15,16,18,20,23,30,31>34,35,13,17,18,22,23,26,31,1,2,5,39,40,14,15,16
1,2,36,5,7,39,40,12,13,14,15,16,18,20,23,30,31>36,12,13,17,18,20,24,26,1,2,5,39,40,14,15,16
1,2,36,5,7,39,40,12,13,14,15,16,18,20,23,30,31>36,7,17,18,22,23,31,1,2,5,39,40,14,15,16
1,2,36,5,7,39,40,12,13,14,15,16,18,20,23,30,31>34,36,7,13,20,23,30,1,2,5,39,40,14,15,16
1,2,36,5,7,39,40,12,13,14,15,16,18,20,23,30,31>34,35,36,7,12,13,17,20,30,31,1,2,5,39,40,14,15,16
1,2,36,5,7,39,40,12,13,14,15,16,18,20,23,30,31>9,12,13,18,22,23,31,1,2,5,39,40,14,15,16
1,2,36,5,7,39,40,12,13,14,15,16,18,20,23,30,31>36,9,12,17,18,26,30,1,2,5,39,40,14,15,16
1,2,36,5,7,39,40,12,13,14,15,16,18,20,23,30,31>34,36,9,12,18,23,24,26,31,1,2,5,39,40,14,15,16
1,2,36,5,7,39,40,12,13,14,15,16,18,20,23,30,31>34,35,36,7,9,13,18,20,23,24,26,31,1,2,5,39,40,14,15,16
3,4,5,6,12,13,16,18,19,20,21,22,26,28,30,32,34,35,36,37,39,40>32,6,8,9,14,17,19,24,29,34,3,4,37,40,16,18,20,21,22,28,30
3,4,5,6,12,13,16,18,19,20,21,22,26,28,30,32,34,35,36,37,39,40>33,6,38,8,9,12,17,34,3,4,37,40,16,18,20,21,22,28,30
3,4,5,6,12,13,16,18,19,20,21,22,26,28,30,32,34,35,36,37,39,40>32,38,8,39,19,23,24,26,34,3,4,37,40,16,18,20,21,22,28,30
3,4,5,6,12,13,16,18,19,20,21,22,26,28,30,32,34,35,36,37,39,40>32,35,36,6,38,9,39,14,17,23,24,26,29,34,3,4,37,40,16,18,20,21,22,28,30
3,4,5,6,12,13,16,18,19,20,21,22,26,28,30,32,34,35,36,37,39,40>32,5,6,12,13,14,19,26,29,34,3,4,37,40,16,18,20,21,22,28,30
3,4,5,6,12,13,16,18,19,20,21,22,26,28,30,32,34,35,36,37,39,40>32,33,35,36,5,9,39,12,13,17,23,26,34,3,4,37,40,16,18,20,21,22,28,30
3,4,5,6,12,13,16,18,19,20,21,22,26,28,30,32,34,35,36,37,39,40>32,35,5,6,39,14,24,26,29,34,3,4,37,40,16,18,20,21,22,28,30
3,4,5,6,12,13,16,18,19,20,21,22,26,28,30,32,34,35,36,37,39,40>33,35,5,6,38,8,9,12,13,14,26,34,3,4,37,40,16,18,20,21,22,28,30
3,4,5,6,12,13,16,18,19,20,21,22,26,28,30,32,34,35,36,37,39,40>32,33,35,5,6,8,9,39,12,13,24,34,3,4,37,40,16,18,20,21,22,28,30
3,4,5,6,12,13,16,18,19,20,21,22,26,28,30,32,34,35,36,37,39,40>32,33,35,36,5,6,38,12,13,17,23,24,26,29,34,3,4,37,40,16,18,20,21,22,28,30
32,34,3,4,35,36,9,10,11,12,23,24,27,28,29,30>23,24,27,28,29,33,34,36,37,40,32,11,3
32,34,3,4,35,36,9,10,11,12,23,24,27,28,29,30>12,23,24,27,29,31,33,34,37,38,32,11,3
32,34,3,4,35,36,9,10,11,12,23,24,27,28,29,30>9,12,23,24,26,27,28,31,33,36,37,38,32,11,3
32,34,3,4,35,36,9,10,11,12,23,24,27,28,29,30>4,9,12,25,26,28,35,36,32,11,3
32,34,3,4,35,36,9,10,11,12,23,24,27,28,29,30>4,13,28,29,30,31,34,36,40,32,11,3
32,34,3,4,35,36,9,10,11,12,23,24,27,28,29,30>4,13,23,26,29,36,38,40,32,11,3
32,34,3,4,35,36,9,10,11,12,23,24,27,28,29,30>12,13,23,24,26,27,29,30,31,33,36,38,40,32,11,3
32,34,3,4,35,36,9,10,11,12,23,24,27,28,29,30>9,12,13,23,24,26,28,30,33,35,37,32,11,3
32,34,3,4,35,36,9,10,11,12,23,24,27,28,29,30>4,10,12,13,24,26,27,29,31,33,35,37,32,11,3
32,34,3,4,35,36,9,10,11,12,23,24,27,28,29,30>9,10,12,13,23,25,27,31,35,36,38,32,11,3
32,2,35,36,5,38,11,12,13,19,20,21,24,25,26,27,28,29>35,36,11,13,16,18,26,28,29,31,32,2,5,38,20,24,25,27
32,2,35,36,5,38,11,12,13,19,20,21,24,25,26,27,28,29>35,36,11,16,18,19,21,29,30,31,32,2,5,38,20,24,25,27
32,2,35,36,5,38,11,12,13,19,20,21,24,25,26,27,28,29>33,35,37,39,17,18,19,21,23,26,31,32,2,5,38,20,24,25,27
32,2,35,36,5,38,11,12,13,19,20,21,24,25,26,27,28,29>33,37,12,13,14,16,19,26,30,31,32,2,5,38,20,24,25,27
32,2,35,36,5,38,11,12,13,19,20,21,24,25,26,27,28,29>37,16,19,21,23,26,28,29,31,32,2,5,38,20,24,25,27
32,2,35,36,5,38,11,12,13,19,20,21,24,25,26,27,28,29>33,35,37,12,13,16,18,19,21,29,31,32,2,5,38,20,24,25,27
32,2,35,36,5,38,11,12,13,19,20,21,24,25,26,27,28,29>36,37,14,16,19,21,23,28,29,30,32,2,5,38,20,24,25,27
32,2,35,36,5,38,11,12,13,19,20,21,24,25,26,27,28,29>33,35,39,16,19,23,26,31,32,2,5,38,20,24,25,27
32,2,35,36,5,38,11,12,13,19,20,21,24,25,26,27,28,29>35,37,39,12,14,21,28,31,32,2,5,38,20,24,25,27
32,2,35,36,5,38,11,12,13,19,20,21,24,25,26,27,28,29>33,35,37,39,11,16,18,19,21,28,30,32,2,5,38,20,24,25,27
32,33,34,35,4,36,6,40,9,13,14,17,19,24,29,30,31>6,15,16,23,25,30,33,34,37,35,36,40,9,14,17
32,33,34,35,4,36,6,40,9,13,14,17,19,24,29,30,31>6,15,24,25,29,32,34,35,36,40,9,14,17
32,33,34,35,4,36,6,40,9,13,14,17,19,24,29,30,31>6,8,18,19,24,25,30,31,32,37,38,35,36,40,9,14,17
32,33,34,35,4,36,6,40,9,13,14,17,19,24,29,30,31>6,10,15,16,18,20,25,29,30,31,32,33,34,37,38,35,36,40,9,14,17
32,33,34,35,4,36,6,40,9,13,14,17,19,24,29,30,31>4,6,10,30,32,38,35,36,40,9,14,17
32,33,34,35,4,36,6,40,9,13,14,17,19,24,29,30,31>4,8,10,15,18,19,20,23,24,29,31,33,34,35,36,40,9,14,17
32,33,34,35,4,36,6,40,9,13,14,17,19,24,29,30,31>4,6,13,23,24,25,31,32,37,35,36,40,9,14,17
32,33,34,35,4,36,6,40,9,13,14,17,19,24,29,30,31>6,8,13,24,25,29,31,32,33,37,35,36,40,9,14,17
32,33,34,35,4,36,6,40,9,13,14,17,19,24,29,30,31>4,6,8,13,16,18,19,20,24,31,32,38,35,36,40,9,14,17
32,33,34,35,4,36,6,40,9,13,14,17,19,24,29,30,31>6,10,13,15,16,19,25,29,30,31,32,34,37,38,35,36,40,9,14,17
32,2,34,5,37,7,8,38,10,11,39,16,18,22,23,25,26,29>32,37,8,16,21,23,25,27,28,30,2,5,11,22,26,29
32,2,34,5,37,7,8,38,10,11,39,16,18,22,23,25,26,29>32,38,8,9,10,21,28,30,2,5,11,22,26,29
32,2,34,5,37,7,8,38,10,11,39,16,18,22,23,25,26,29>32,37,38,10,39,13,16,18,21,23,30,2,5,11,22,26,29
32,2,34,5,37,7,8,38,10,11,39,16,18,22,23,25,26,29>32,37,38,8,39,23,25,27,30,2,5,11,22,26,29
32,2,34,5,37,7,8,38,10,11,39,16,18,22,23,25,26,29>34,7,8,39,13,16,18,23,28,2,5,11,22,26,29
32,2,34,5,37,7,8,38,10,11,39,16,18,22,23,25,26,29>32,34,37,7,8,9,10,39,13,16,21,30,2,5,11,22,26,29
32,2,34,5,37,7,8,38,10,11,39,16,18,22,23,25,26,29>37,7,9,10,39,21,23,30,2,5,11,22,26,29
32,2,34,5,37,7,8,38,10,11,39,16,18,22,23,25,26,29>34,7,8,9,10,13,16,18,21,25,2,5,11,22,26,29
32,2,34,5,37,7,8,38,10,11,39,16,18,22,23,25,26,29>32,34,37,7,9,16,18,23,25,27,28,2,5,11,22,26,29
32,2,34,5,37,7,8,38,10,11,39,16,18,22,23,25,26,29>32,34,38,7,9,39,18,23,27,2,5,11,22,26,29
1,2,3,4,5,7,8,12,13,16,18,21,24,25,26,27,30,31,33,35,36,39>32,33,12,18,20,1,2,3,4,5,35,7,36,39,16,25,27,30,31
1,2,3,4,5,7,8,12,13,16,18,21,24,25,26,27,30,31,33,35,36,39>33,37,40,12,14,21,1,2,3,4,5,35,7,36,39,16,25,27,30,31
1,2,3,4,5,7,8,12,13,16,18,21,24,25,26,27,30,31,33,35,36,39>33,34,37,9,13,18,22,26,1,2,3,4,5,35,7,36,39,16,25,27,30,31
1,2,3,4,5,7,8,12,13,16,18,21,24,25,26,27,30,31,33,35,36,39>32,8,9,40,12,17,18,24,26,1,2,3,4,5,35,7,36,39,16,25,27,30,31
1,2,3,4,5,7,8,12,13,16,18,21,24,25,26,27,30,31,33,35,36,39>34,8,12,13,14,17,26,1,2,3,4,5,35,7,36,39,16,25,27,30,31
1,2,3,4,5,7,8,12,13,16,18,21,24,25,26,27,30,31,33,35,36,39>32,34,8,40,20,21,22,1,2,3,4,5,35,7,36,39,16,25,27,30,31
1,2,3,4,5,7,8,12,13,16,18,21,24,25,26,27,30,31,33,35,36,39>33,34,8,9,40,13,14,18,21,26,1,2,3,4,5,35,7,36,39,16,25,27,30,31
1,2,3,4,5,7,8,12,13,16,18,21,24,25,26,27,30,31,33,35,36,39>37,8,9,40,20,21,24,26,1,2,3,4,5,35,7,36,39,16,25,27,30,31
1,2,3,4,5,7,8,12,13,16,18,21,24,25,26,27,30,31,33,35,36,39>33,37,8,9,40,14,17,20,26,1,2,3,4,5,35,7,36,39,16,25,27,30,31
1,2,3,4,5,7,8,12,13,16,18,21,24,25,26,27,30,31,33,35,36,39>33,37,8,9,13,14,17,18,20,21,22,1,2,3,4,5,35,7,36,39,16,25,27,30,31
1,33,36,38,39,9,20,25,26,28,29,31>5,9,20,25,30,1,36,39,33
1,33,36,38,39,9,20,25,26,28,29,31>5,38,24,27,28,30,1,36,39,33
1,33,36,38,39,9,20,25,26,28,29,31>9,25,28,29,31,1,36,39,33
1,33,36,38,39,9,20,25,26,28,29,31>35,5,38,9,24,27,28,29,1,36,39,33
1,33,36,38,39,9,20,25,26,28,29,31>35,20,25,26,27,30,31,1,36,39,33
1,33,36,38,39,9,20,25,26,28,29,31>9,20,24,26,28,31,1,36,39,33
1,33,36,38,39,9,20,25,26,28,29,31>35,9,20,25,26,31,1,36,39,33
1,33,36,38,39,9,20,25,26,28,29,31>5,9,20,27,29,30,1,36,39,33
1,33,36,38,39,9,20,25,26,28,29,31>38,9,20,24,25,29,1,36,39,33
1,33,36,38,39,9,20,25,26,28,29,31>35,5,38,9,20,24,27,30,31,1,36,39,33
3,4,5,8,10,11,12,13,14,15,17,18,19,20,21,22,24,25,26,27,29,30,31,33,35,38,39>33,4,8,38,10,19,26,3,35,39,11,12,13,14,15,17,18,20,21,22,24,25,27,29,30,31
3,4,5,8,10,11,12,13,14,15,17,18,19,20,21,22,24,25,26,27,29,30,31,33,35,38,39>33,5,8,10,19,23,26,3,35,39,11,12,13,14,15,17,18,20,21,22,24,25,27,29,30,31
3,4,5,8,10,11,12,13,14,15,17,18,19,20,21,22,24,25,26,27,29,30,31,33,35,38,39>32,4,5,37,8,10,16,19,23,26,28,3,35,39,11,12,13,14,15,17,18,20,21,22,24,25,27,29,30,31
3,4,5,8,10,11,12,13,14,15,17,18,19,20,21,22,24,25,26,27,29,30,31,33,35,38,39>32,33,4,5,8,10,19,23,28,3,35,39,11,12,13,14,15,17,18,20,21,22,24,25,27,29,30,31
3,4,5,8,10,11,12,13,14,15,17,18,19,20,21,22,24,25,26,27,29,30,31,33,35,38,39>32,33,4,5,37,8,19,26,28,3,35,39,11,12,13,14,15,17,18,20,21,22,24,25,27,29,30,31
3,4,5,8,10,11,12,13,14,15,17,18,19,20,21,22,24,25,26,27,29,30,31,33,35,38,39>32,36,37,10,19,3,35,39,11,12,13,14,15,17,18,20,21,22,24,25,27,29,30,31
3,4,5,8,10,11,12,13,14,15,17,18,19,20,21,22,24,25,26,27,29,30,31,33,35,38,39>32,4,36,8,38,23,3,35,39,11,12,13,14,15,17,18,20,21,22,24,25,27,29,30,31
3,4,5,8,10,11,12,13,14,15,17,18,19,20,21,22,24,25,26,27,29,30,31,33,35,38,39>32,33,4,36,37,8,10,23,26,28,3,35,39,11,12,13,14,15,17,18,20,21,22,24,25,27,29,30,31
3,4,5,8,10,11,12,13,14,15,17,18,19,20,21,22,24,25,26,27,29,30,31,33,35,38,39>33,5,36,37,38,16,19,23,26,28,3,35,39,11,12,13,14,15,17,18,20,21,22,24,25,27,29,30,31
3,4,5,8,10,11,12,13,14,15,17,18,19,20,21,22,24,25,26,27,29,30,31,33,35,38,39>33,4,5,36,37,23,26,28,3,35,39,11,12,13,14,15,17,18,20,21,22,24,25,27,29,30,31
1,2,3,5,6,7,11,16,17,18,21,24,25,27,28,31,32,34,36,37,38,39>33,35,8,11,18,20,32,1,2,3,34,5,38,7,25,27,31
1,2,3,5,6,7,11,16,17,18,21,24,25,27,28,31,32,34,36,37,38,39>35,36,39,8,9,11,21,32,1,2,3,34,5,38,7,25,27,31
1,2,3,5,6,7,11,16,17,18,21,24,25,27,28,31,32,34,36,37,38,39>37,39,8,9,16,18,21,28,32,1,2,3,34,5,38,7,25,27,31
1,2,3,5,6,7,11,16,17,18,21,24,25,27,28,31,32,34,36,37,38,39>35,37,8,9,16,18,21,22,32,1,2,3,34,5,38,7,25,27,31
1,2,3,5,6,7,11,16,17,18,21,24,25,27,28,31,32,34,36,37,38,39>36,37,39,17,20,21,32,1,2,3,34,5,38,7,25,27,31
1,2,3,5,6,7,11,16,17,18,21,24,25,27,28,31,32,34,36,37,38,39>36,37,11,20,21,22,28,32,1,2,3,34,5,38,7,25,27,31
1,2,3,5,6,7,11,16,17,18,21,24,25,27,28,31,32,34,36,37,38,39>33,35,36,37,39,8,11,24,28,32,1,2,3,34,5,38,7,25,27,31
1,2,3,5,6,7,11,16,17,18,21,24,25,27,28,31,32,34,36,37,38,39>33,36,6,39,9,16,17,18,21,32,1,2,3,34,5,38,7,25,27,31
1,2,3,5,6,7,11,16,17,18,21,24,25,27,28,31,32,34,36,37,38,39>37,6,9,16,17,18,20,21,24,32,1,2,3,34,5,38,7,25,27,31
1,2,3,5,6,7,11,16,17,18,21,24,25,27,28,31,32,34,36,37,38,39>33,37,6,8,11,16,17,22,32,1,2,3,34,5,38,7,25,27,31
1,3,8,10,11,13,15,16,18,21,25,26,30,32,33,34,35,36,37,39,40>35,39,10,14,25,26,27,1,34,3,36,37,40,11,13,16,30
1,3,8,10,11,13,15,16,18,21,25,26,30,32,33,34,35,36,37,39,40>5,8,12,14,15,19,20,21,22,25,26,1,34,3,36,37,40,11,13,16,30
1,3,8,10,11,13,15,16,18,21,25,26,30,32,33,34,35,36,37,39,40>35,5,8,14,18,19,20,25,26,1,34,3,36,37,40,11,13,16,30
1,3,8,10,11,13,15,16,18,21,25,26,30,32,33,34,35,36,37,39,40>33,35,5,8,18,25,26,1,34,3,36,37,40,11,13,16,30
1,3,8,10,11,13,15,16,18,21,25,26,30,32,33,34,35,36,37,39,40>33,35,5,39,12,14,15,18,20,22,25,1,34,3,36,37,40,11,13,16,30
1,3,8,10,11,13,15,16,18,21,25,26,30,32,33,34,35,36,37,39,40>32,33,35,5,8,10,14,15,17,19,25,27,1,34,3,36,37,40,11,13,16,30
1,3,8,10,11,13,15,16,18,21,25,26,30,32,33,34,35,36,37,39,40>33,35,5,8,14,15,17,19,20,21,22,25,27,1,34,3,36,37,40,11,13,16,30
1,3,8,10,11,13,15,16,18,21,25,26,30,32,33,34,35,36,37,39,40>33,38,39,8,14,15,17,18,19,21,22,25,26,27,1,34,3,36,37,40,11,13,16,30
1,3,8,10,11,13,15,16,18,21,25,26,30,32,33,34,35,36,37,39,40>32,33,35,38,8,12,14,19,22,1,34,3,36,37,40,11,13,16,30
1,3,8,10,11,13,15,16,18,21,25,26,30,32,33,34,35,36,37,39,40>33,35,5,38,39,8,10,12,18,20,1,34,3,36,37,40,11,13,16,30
32,33,2,35,5,37,39,9,14,15,16,17,24,25,26,27,29,30,31>33,16,17,20,29,32,2,35,37,5,39,15,25,27,30,31
32,33,2,35,5,37,39,9,14,15,16,17,24,25,26,27,29,30,31>40,17,20,24,26,29,32,2,35,37,5,39,15,25,27,30,31
32,33,2,35,5,37,39,9,14,15,16,17,24,25,26,27,29,30,31>33,36,40,17,24,29,32,2,35,37,5,39,15,25,27,30,31
32,33,2,35,5,37,39,9,14,15,16,17,24,25,26,27,29,30,31>24,36,29,9,32,2,35,37,5,39,15,25,27,30,31
32,33,2,35,5,37,39,9,14,15,16,17,24,25,26,27,29,30,31>40,9,16,17,24,26,32,2,35,37,5,39,15,25,27,30,31
32,33,2,35,5,37,39,9,14,15,16,17,24,25,26,27,29,30,31>36,40,14,16,20,24,32,2,35,37,5,39,15,25,27,30,31
32,33,2,35,5,37,39,9,14,15,16,17,24,25,26,27,29,30,31>36,40,14,20,24,26,32,2,35,37,5,39,15,25,27,30,31
32,33,2,35,5,37,39,9,14,15,16,17,24,25,26,27,29,30,31>20,29,9,14,32,2,35,37,5,39,15,25,27,30,31
32,33,2,35,5,37,39,9,14,15,16,17,24,25,26,27,29,30,31>36,40,14,16,17,20,32,2,35,37,5,39,15,25,27,30,31
32,33,2,35,5,37,39,9,14,15,16,17,24,25,26,27,29,30,31>40,9,14,32,2,35,37,5,39,15,25,27,30,31
32,1,3,5,38,39,8,11,15,18,19,24,25,26,30,31>40,11,15,19,23,24,27,1,3,5,39,18,25,30
32,1,3,5,38,39,8,11,15,18,19,24,25,26,30,31>34,40,11,19,22,23,24,27,31,1,3,5,39,18,25,30
32,1,3,5,38,39,8,11,15,18,19,24,25,26,30,31>32,35,40,15,23,24,26,27,31,1,3,5,39,18,25,30
32,1,3,5,38,39,8,11,15,18,19,24,25,26,30,31>8,19,22,24,26,27,31,1,3,5,39,18,25,30
32,1,3,5,38,39,8,11,15,18,19,24,25,26,30,31>32,8,11,19,23,24,31,1,3,5,39,18,25,30
32,1,3,5,38,39,8,11,15,18,19,24,25,26,30,31>34,8,11,22,23,26,31,1,3,5,39,18,25,30
32,1,3,5,38,39,8,11,15,18,19,24,25,26,30,31>32,8,11,19,26,31,1,3,5,39,18,25,30
32,1,3,5,38,39,8,11,15,18,19,24,25,26,30,31>34,35,8,11,15,22,23,24,27,31,1,3,5,39,18,25,30
32,1,3,5,38,39,8,11,15,18,19,24,25,26,30,31>38,8,40,26,27,31,1,3,5,39,18,25,30
32,1,3,5,38,39,8,11,15,18,19,24,25,26,30,31>34,38,8,40,11,15,19,31,1,3,5,39,18,25,30
1,33,3,4,5,34,7,37,9,12,13,14,15,21,24,25,26,31>36,16,17,21,24,27,31,1,34,3,4,5,7,9,14,15,25
1,33,3,4,5,34,7,37,9,12,13,14,15,21,24,25,26,31>33,36,21,24,26,27,1,34,3,4,5,7,9,14,15,25
1,33,3,4,5,34,7,37,9,12,13,14,15,21,24,25,26,31>33,35,36,13,16,17,20,21,27,30,31,1,34,3,4,5,7,9,14,15,25
1,33,3,4,5,34,7,37,9,12,13,14,15,21,24,25,26,31>33,12,13,16,17,24,1,34,3,4,5,7,9,14,15,25
1,33,3,4,5,34,7,37,9,12,13,14,15,21,24,25,26,31>33,12,13,17,20,21,26,27,30,1,34,3,4,5,7,9,14,15,25
1,33,3,4,5,34,7,37,9,12,13,14,15,21,24,25,26,31>33,35,12,16,17,24,27,31,1,34,3,4,5,7,9,14,15,25
1,33,3,4,5,34,7,37,9,12,13,14,15,21,24,25,26,31>33,36,12,17,21,26,1,34,3,4,5,7,9,14,15,25
1,33,3,4,5,34,7,37,9,12,13,14,15,21,24,25,26,31>35,36,12,24,27,30,1,34,3,4,5,7,9,14,15,25
1,33,3,4,5,34,7,37,9,12,13,14,15,21,24,25,26,31>35,37,12,13,16,17,20,1,34,3,4,5,7,9,14,15,25
1,33,3,4,5,34,7,37,9,12,13,14,15,21,24,25,26,31>33,35,37,12,16,17,21,26,31,1,34,3,4,5,7,9,14,15,25
1,33,35,4,38,39,10,11,14,24,29,30>7,38,40,24,25,30,1,11,39
1,33,35,4,38,39,10,11,14,24,29,30>33,35,40,10,13,15,25,29,1,11,39
1,33,35,4,38,39,10,11,14,24,29,30>36,40,10,14,24,25,30,1,11,39
1,33,35,4,38,39,10,11,14,24,29,30>4,36,7,38,13,14,15,24,30,1,11,39
1,33,35,4,38,39,10,11,14,24,29,30>33,4,36,7,10,13,15,25,29,1,11,39
1,33,35,4,38,39,10,11,14,24,29,30>35,4,36,38,40,10,15,25,1,11,39
1,33,35,4,38,39,10,11,14,24,29,30>35,4,36,7,40,10,13,14,25,30,1,11,39
1,33,35,4,38,39,10,11,14,24,29,30>35,36,37,7,38,40,13,14,15,24,25,1,11,39
1,33,35,4,38,39,10,11,14,24,29,30>4,36,37,7,38,40,10,13,14,24,1,11,39
1,33,35,4,38,39,10,11,14,24,29,30>35,36,37,40,10,13,15,25,30,1,11,39
2,6,7,8,9,10,14,16,18,20,21,22,25,26,28,30,32,33,34,35,36,38,39,40>5,11,14,15,18,29,33,2,34,36,38,8,9,10,40,20,21,22,28,30
2,6,7,8,9,10,14,16,18,20,21,22,25,26,28,30,32,33,34,35,36,38,39,40>32,5,37,11,15,24,33,2,34,36,38,8,9,10,40,20,21,22,28,30
2,6,7,8,9,10,14,16,18,20,21,22,25,26,28,30,32,33,34,35,36,38,39,40>35,6,39,11,14,16,18,25,26,33,2,34,36,38,8,9,10,40,20,21,22,28,30
2,6,7,8,9,10,14,16,18,20,21,22,25,26,28,30,32,33,34,35,36,38,39,40>32,35,6,39,11,14,18,25,27,33,2,34,36,38,8,9,10,40,20,21,22,28,30
2,6,7,8,9,10,14,16,18,20,21,22,25,26,28,30,32,33,34,35,36,38,39,40>32,5,6,37,39,11,13,26,33,2,34,36,38,8,9,10,40,20,21,22,28,30
2,6,7,8,9,10,14,16,18,20,21,22,25,26,28,30,32,33,34,35,36,38,39,40>7,39,11,16,18,26,27,33,2,34,36,38,8,9,10,40,20,21,22,28,30
2,6,7,8,9,10,14,16,18,20,21,22,25,26,28,30,32,33,34,35,36,38,39,40>32,7,11,14,18,27,29,33,2,34,36,38,8,9,10,40,20,21,22,28,30
2,6,7,8,9,10,14,16,18,20,21,22,25,26,28,30,32,33,34,35,36,38,39,40>5,7,37,39,11,13,24,25,26,27,33,2,34,36,38,8,9,10,40,20,21,22,28,30
2,6,7,8,9,10,14,16,18,20,21,22,25,26,28,30,32,33,34,35,36,38,39,40>5,6,7,37,11,13,16,25,29,33,2,34,36,38,8,9,10,40,20,21,22,28,30
2,6,7,8,9,10,14,16,18,20,21,22,25,26,28,30,32,33,34,35,36,38,39,40>35,5,6,7,11,13,14,15,16,18,24,25,33,2,34,36,38,8,9,10,40,20,21,22,28,30
1,4,5,7,8,10,11,12,15,16,17,19,20,21,22,24,25,27,30,32,33,34,35,36,37,40>33,10,15,16,17,21,22,28,32,1,34,36,5,37,7,40,11,12,19,20,24,25,27
1,4,5,7,8,10,11,12,15,16,17,19,20,21,22,24,25,27,30,32,33,34,35,36,37,40>4,9,10,16,22,23,28,30,31,32,1,34,36,5,37,7,40,11,12,19,20,24,25,27
1,4,5,7,8,10,11,12,15,16,17,19,20,21,22,24,25,27,30,32,33,34,35,36,37,40>4,9,16,21,28,31,32,1,34,36,5,37,7,40,11,12,19,20,24,25,27
1,4,5,7,8,10,11,12,15,16,17,19,20,21,22,24,25,27,30,32,33,34,35,36,37,40>33,4,16,18,21,22,30,32,1,34,36,5,37,7,40,11,12,19,20,24,25,27
1,4,5,7,8,10,11,12,15,16,17,19,20,21,22,24,25,27,30,32,33,34,35,36,37,40>33,38,17,21,22,23,29,32,1,34,36,5,37,7,40,11,12,19,20,24,25,27
1,4,5,7,8,10,11,12,15,16,17,19,20,21,22,24,25,27,30,32,33,34,35,36,37,40>8,13,15,16,17,18,21,23,28,29,32,1,34,36,5,37,7,40,11,12,19,20,24,25,27
1,4,5,7,8,10,11,12,15,16,17,19,20,21,22,24,25,27,30,32,33,34,35,36,37,40>8,9,10,17,18,21,22,23,29,31,32,1,34,36,5,37,7,40,11,12,19,20,24,25,27
1,4,5,7,8,10,11,12,15,16,17,19,20,21,22,24,25,27,30,32,33,34,35,36,37,40>33,35,8,9,13,17,21,28,32,1,34,36,5,37,7,40,11,12,19,20,24,25,27
1,4,5,7,8,10,11,12,15,16,17,19,20,21,22,24,25,27,30,32,33,34,35,36,37,40>33,35,4,8,9,16,18,23,30,31,32,1,34,36,5,37,7,40,11,12,19,20,24,25,27
1,4,5,7,8,10,11,12,15,16,17,19,20,21,22,24,25,27,30,32,33,34,35,36,37,40>35,4,38,8,9,10,13,16,18,30,31,32,1,34,36,5,37,7,40,11,12,19,20,24,25,27
33,35,36,37,6,7,8,9,10,11,38,39,14,40,19,22,28,29>5,40,13,14,15,18,19,22,33,36,37,39,8,9,11,28,29
33,35,36,37,6,7,8,9,10,11,38,39,14,40,19,22,28,29>5,6,40,13,18,33,36,37,39,8,9,11,28,29
33,35,36,37,6,7,8,9,10,11,38,39,14,40,19,22,28,29>35,5,6,40,10,14,18,19,22,33,36,37,39,8,9,11,28,29
33,35,36,37,6,7,8,9,10,11,38,39,14,40,19,22,28,29>7,40,13,14,18,19,23,33,36,37,39,8,9,11,28,29
33,35,36,37,6,7,8,9,10,11,38,39,14,40,19,22,28,29>35,5,7,40,14,15,23,33,36,37,39,8,9,11,28,29
33,35,36,37,6,7,8,9,10,11,38,39,14,40,19,22,28,29>35,6,7,40,14,15,18,23,33,36,37,39,8,9,11,28,29
33,35,36,37,6,7,8,9,10,11,38,39,14,40,19,22,28,29>5,38,40,10,13,14,18,19,23,33,36,37,39,8,9,11,28,29
33,35,36,37,6,7,8,9,10,11,38,39,14,40,19,22,28,29>35,6,38,14,15,18,19,23,33,36,37,39,8,9,11,28,29
33,35,36,37,6,7,8,9,10,11,38,39,14,40,19,22,28,29>5,7,38,13,18,23,33,36,37,39,8,9,11,28,29
33,35,36,37,6,7,8,9,10,11,38,39,14,40,19,22,28,29>5,7,38,10,14,15,18,19,23,33,36,37,39,8,9,11,28,29
4,5,6,10,12,13,14,17,19,22,24,27,28,29,30,31,32,35,37,38,39>5,11,16,18,23,25,33,32,35,37,39,13,14,17,28,29,31
4,5,6,10,12,13,14,17,19,22,24,27,28,29,30,31,32,35,37,38,39>4,5,11,12,15,19,20,23,24,25,27,33,40,32,35,37,39,13,14,17,28,29,31
4,5,6,10,12,13,14,17,19,22,24,27,28,29,30,31,32,35,37,38,39>6,10,11,16,18,19,20,22,25,40,32,35,37,39,13,14,17,28,29,31
4,5,6,10,12,13,14,17,19,22,24,27,28,29,30,31,32,35,37,38,39>4,5,11,16,18,20,23,33,38,40,32,35,37,39,13,14,17,28,29,31
4,5,6,10,12,13,14,17,19,22,24,27,28,29,30,31,32,35,37,38,39>4,5,6,15,16,19,22,40,32,35,37,39,13,14,17,28,29,31
4,5,6,10,12,13,14,17,19,22,24,27,28,29,30,31,32,35,37,38,39>5,8,16,18,19,25,33,38,40,32,35,37,39,13,14,17,28,29,31
4,5,6,10,12,13,14,17,19,22,24,27,28,29,30,31,32,35,37,38,39>4,5,6,8,10,11,18,20,24,27,32,35,37,39,13,14,17,28,29,31
4,5,6,10,12,13,14,17,19,22,24,27,28,29,30,31,32,35,37,38,39>4,9,15,16,18,19,24,27,30,33,38,40,32,35,37,39,13,14,17,28,29,31
4,5,6,10,12,13,14,17,19,22,24,27,28,29,30,31,32,35,37,38,39>4,6,9,11,12,16,18,27,33,38,32,35,37,39,13,14,17,28,29,31
4,5,6,10,12,13,14,17,19,22,24,27,28,29,30,31,32,35,37,38,39>4,6,8,9,10,11,12,15,16,19,22,23,25,30,38,32,35,37,39,13,14,17,28,29,31
32,33,34,35,36,37,38,7,8,9,12,14,15,17,19,20,24,25,29,31>8,19,23,27,29,31,35,36,37,38,9,15,20,24,25
32,33,34,35,36,37,38,7,8,9,12,14,15,17,19,20,24,25,29,31>5,7,12,17,27,31,35,36,37,38,9,15,20,24,25
32,33,34,35,36,37,38,7,8,9,12,14,15,17,19,20,24,25,29,31>32,34,8,12,14,27,31,35,36,37,38,9,15,20,24,25
32,33,34,35,36,37,38,7,8,9,12,14,15,17,19,20,24,25,29,31>32,33,34,12,14,18,19,27,29,35,36,37,38,9,15,20,24,25
32,33,34,35,36,37,38,7,8,9,12,14,15,17,19,20,24,25,29,31>32,5,8,12,14,18,23,29,35,36,37,38,9,15,20,24,25
32,33,34,35,36,37,38,7,8,9,12,14,15,17,19,20,24,25,29,31>32,34,5,12,19,23,27,29,31,35,36,37,38,9,15,20,24,25
32,33,34,35,36,37,38,7,8,9,12,14,15,17,19,20,24,25,29,31>33,34,5,8,12,14,17,18,23,35,36,37,38,9,15,20,24,25
32,33,34,35,36,37,38,7,8,9,12,14,15,17,19,20,24,25,29,31>32,34,5,8,14,17,23,27,29,35,36,37,38,9,15,20,24,25
32,33,34,35,36,37,38,7,8,9,12,14,15,17,19,20,24,25,29,31>7,8,12,14,17,18,23,31,35,36,37,38,9,15,20,24,25
32,33,34,35,36,37,38,7,8,9,12,14,15,17,19,20,24,25,29,31>5,7,19,23,31,35,36,37,38,9,15,20,24,25
32,1,3,35,5,6,36,8,9,38,39,14,16,20,21,23,25,28,29,30>6,15,21,24,27,30,33,35,36,40,1,3,5,38,39,8,20
32,1,3,35,5,6,36,8,9,38,39,14,16,20,21,23,25,28,29,30>4,7,16,21,23,27,28,29,32,33,36,1,3,5,38,39,8,20
32,1,3,35,5,6,36,8,9,38,39,14,16,20,21,23,25,28,29,30>6,7,14,16,23,25,27,28,29,1,3,5,38,39,8,20
32,1,3,35,5,6,36,8,9,38,39,14,16,20,21,23,25,28,29,30>6,9,16,27,28,29,32,36,37,40,1,3,5,38,39,8,20
32,1,3,35,5,6,36,8,9,38,39,14,16,20,21,23,25,28,29,30>4,6,9,14,16,21,23,26,29,32,35,36,40,1,3,5,38,39,8,20
32,1,3,35,5,6,36,8,9,38,39,14,16,20,21,23,25,28,29,30>4,7,9,14,24,25,26,27,28,36,1,3,5,38,39,8,20
32,1,3,35,5,6,36,8,9,38,39,14,16,20,21,23,25,28,29,30>4,7,9,14,15,16,21,23,24,27,28,36,40,1,3,5,38,39,8,20
32,1,3,35,5,6,36,8,9,38,39,14,16,20,21,23,25,28,29,30>4,7,9,15,21,24,26,27,30,33,35,36,37,40,1,3,5,38,39,8,20
32,1,3,35,5,6,36,8,9,38,39,14,16,20,21,23,25,28,29,30>7,9,10,14,21,26,27,28,32,35,37,1,3,5,38,39,8,20
32,1,3,35,5,6,36,8,9,38,39,14,16,20,21,23,25,28,29,30>4,6,7,9,10,15,16,25,28,32,35,40,1,3,5,38,39,8,20
1,6,8,10,12,13,14,15,16,17,19,23,24,25,27,28,29,30,31,34,38,40>33,6,7,10,18,20,26,29,1,8,40,12,13,14,15,16,17,19,23,25,27,31
1,6,8,10,12,13,14,15,16,17,19,23,24,25,27,28,29,30,31,34,38,40>32,33,6,7,10,11,20,24,26,28,29,30,1,8,40,12,13,14,15,16,17,19,23,25,27,31
1,6,8,10,12,13,14,15,16,17,19,23,24,25,27,28,29,30,31,34,38,40>32,34,35,5,6,7,11,18,24,26,1,8,40,12,13,14,15,16,17,19,23,25,27,31
1,6,8,10,12,13,14,15,16,17,19,23,24,25,27,28,29,30,31,34,38,40>32,33,34,7,11,20,24,1,8,40,12,13,14,15,16,17,19,23,25,27,31
1,6,8,10,12,13,14,15,16,17,19,23,24,25,27,28,29,30,31,34,38,40>32,33,35,38,10,18,20,24,26,30,1,8,40,12,13,14,15,16,17,19,23,25,27,31
1,6,8,10,12,13,14,15,16,17,19,23,24,25,27,28,29,30,31,34,38,40>32,33,34,35,6,38,10,18,20,24,28,29,1,8,40,12,13,14,15,16,17,19,23,25,27,31
1,6,8,10,12,13,14,15,16,17,19,23,24,25,27,28,29,30,31,34,38,40>33,5,7,24,26,1,8,40,12,13,14,15,16,17,19,23,25,27,31
1,6,8,10,12,13,14,15,16,17,19,23,24,25,27,28,29,30,31,34,38,40>32,33,35,5,6,7,10,11,20,28,29,1,8,40,12,13,14,15,16,17,19,23,25,27,31
1,6,8,10,12,13,14,15,16,17,19,23,24,25,27,28,29,30,31,34,38,40>32,34,35,5,7,38,11,24,26,29,1,8,40,12,13,14,15,16,17,19,23,25,27,31
1,6,8,10,12,13,14,15,16,17,19,23,24,25,27,28,29,30,31,34,38,40>32,33,34,35,5,7,18,20,24,28,29,30,1,8,40,12,13,14,15,16,17,19,23,25,27,31
32,2,3,6,39,8,9,10,12,15,16,17,18,20,22,28,30,31>4,5,13,21,31,33,34,35,2,3,39,8,10,12,20,22,28
32,2,3,6,39,8,9,10,12,15,16,17,18,20,22,28,30,31>4,6,13,16,21,30,33,35,40,2,3,39,8,10,12,20,22,28
32,2,3,6,39,8,9,10,12,15,16,17,18,20,22,28,30,31>4,6,9,13,15,21,24,29,31,32,33,34,40,2,3,39,8,10,12,20,22,28
32,2,3,6,39,8,9,10,12,15,16,17,18,20,22,28,30,31>5,6,9,16,17,18,24,31,2,3,39,8,10,12,20,22,28
32,2,3,6,39,8,9,10,12,15,16,17,18,20,22,28,30,31>5,6,9,13,15,17,18,19,33,35,2,3,39,8,10,12,20,22,28
32,2,3,6,39,8,9,10,12,15,16,17,18,20,22,28,30,31>4,11,13,15,17,18,19,21,31,32,34,35,2,3,39,8,10,12,20,22,28
32,2,3,6,39,8,9,10,12,15,16,17,18,20,22,28,30,31>4,11,16,21,33,40,2,3,39,8,10,12,20,22,28
32,2,3,6,39,8,9,10,12,15,16,17,18,20,22,28,30,31>4,9,11,13,16,17,19,29,31,32,34,2,3,39,8,10,12,20,22,28
32,2,3,6,39,8,9,10,12,15,16,17,18,20,22,28,30,31>4,6,9,11,15,18,19,21,24,29,30,32,33,2,3,39,8,10,12,20,22,28
32,2,3,6,39,8,9,10,12,15,16,17,18,20,22,28,30,31>4,5,6,9,11,15,18,30,32,33,35,40,2,3,39,8,10,12,20,22,28
2,3,6,7,9,10,11,15,18,20,23,24,27,28,29,30,31,32,34,35,39,40>5,12,15,18,22,27,28,30,32,2,35,3,40,9,11,24,31
2,3,6,7,9,10,11,15,18,20,23,24,27,28,29,30,31,32,34,35,39,40>5,20,22,25,26,27,28,30,34,32,2,35,3,40,9,11,24,31
2,3,6,7,9,10,11,15,18,20,23,24,27,28,29,30,31,32,34,35,39,40>5,6,25,28,29,34,39,32,2,35,3,40,9,11,24,31
2,3,6,7,9,10,11,15,18,20,23,24,27,28,29,30,31,32,34,35,39,40>5,18,22,23,27,39,32,2,35,3,40,9,11,24,31
2,3,6,7,9,10,11,15,18,20,23,24,27,28,29,30,31,32,34,35,39,40>6,12,18,25,29,30,33,32,2,35,3,40,9,11,24,31
2,3,6,7,9,10,11,15,18,20,23,24,27,28,29,30,31,32,34,35,39,40>6,20,22,26,28,37,39,32,2,35,3,40,9,11,24,31
2,3,6,7,9,10,11,15,18,20,23,24,27,28,29,30,31,32,34,35,39,40>5,8,15,18,23,28,37,32,2,35,3,40,9,11,24,31
2,3,6,7,9,10,11,15,18,20,23,24,27,28,29,30,31,32,34,35,39,40>7,8,15,18,20,23,25,26,27,28,29,34,32,2,35,3,40,9,11,24,31
2,3,6,7,9,10,11,15,18,20,23,24,27,28,29,30,31,32,34,35,39,40>6,10,13,18,23,27,29,39,32,2,35,3,40,9,11,24,31
2,3,6,7,9,10,11,15,18,20,23,24,27,28,29,30,31,32,34,35,39,40>7,8,10,12,13,22,27,29,33,37,32,2,35,3,40,9,11,24,31
32,35,37,38,39,40,9,11,12,13,14,17,18,21,23,24,26,28,30>11,12,13,16,18,20,21,22,25,37,39,40,14,17,26,30
32,35,37,38,39,40,9,11,12,13,14,17,18,21,23,24,26,28,30>32,9,11,12,13,18,22,23,37,39,40,14,17,26,30
32,35,37,38,39,40,9,11,12,13,14,17,18,21,23,24,26,28,30>32,33,18,21,22,24,37,39,40,14,17,26,30
32,35,37,38,39,40,9,11,12,13,14,17,18,21,23,24,26,28,30>32,34,11,12,13,18,22,23,37,39,40,14,17,26,30
32,35,37,38,39,40,9,11,12,13,14,17,18,21,23,24,26,28,30>35,11,12,13,20,22,23,37,39,40,14,17,26,30
32,35,37,38,39,40,9,11,12,13,14,17,18,21,23,24,26,28,30>32,33,34,35,9,13,20,28,37,39,40,14,17,26,30
32,35,37,38,39,40,9,11,12,13,14,17,18,21,23,24,26,28,30>32,33,5,9,11,12,13,16,18,21,23,28,37,39,40,14,17,26,30
32,35,37,38,39,40,9,11,12,13,14,17,18,21,23,24,26,28,30>32,34,5,38,9,11,12,15,18,21,22,24,28,37,39,40,14,17,26,30
32,35,37,38,39,40,9,11,12,13,14,17,18,21,23,24,26,28,30>33,34,5,9,11,15,16,18,20,22,24,25,37,39,40,14,17,26,30
32,35,37,38,39,40,9,11,12,13,14,17,18,21,23,24,26,28,30>32,33,34,5,38,9,11,12,13,21,24,37,39,40,14,17,26,30
32,35,36,5,37,39,8,11,13,15,16,17,18,23,25,26,27,28,29,30>33,35,13,15,18,20,23,25,31,32,37,5,39,16,17,26,27,30
32,35,36,5,37,39,8,11,13,15,16,17,18,23,25,26,27,28,29,30>36,40,11,15,20,25,29,32,37,5,39,16,17,26,27,30
32,35,36,5,37,39,8,11,13,15,16,17,18,23,25,26,27,28,29,30>36,40,11,13,15,18,25,28,29,31,32,37,5,39,16,17,26,27,30
32,35,36,5,37,39,8,11,13,15,16,17,18,23,25,26,27,28,29,30>38,11,14,22,28,29,31,32,37,5,39,16,17,26,27,30
32,35,36,5,37,39,8,11,13,15,16,17,18,23,25,26,27,28,29,30>35,38,13,14,18,25,32,37,5,39,16,17,26,27,30
32,35,36,5,37,39,8,11,13,15,16,17,18,23,25,26,27,28,29,30>33,35,38,11,13,28,31,32,37,5,39,16,17,26,27,30
32,35,36,5,37,39,8,11,13,15,16,17,18,23,25,26,27,28,29,30>33,36,38,13,14,15,20,22,25,28,32,37,5,39,16,17,26,27,30
32,35,36,5,37,39,8,11,13,15,16,17,18,23,25,26,27,28,29,30>35,36,38,15,18,20,22,28,29,31,32,37,5,39,16,17,26,27,30
32,35,36,5,37,39,8,11,13,15,16,17,18,23,25,26,27,28,29,30>33,8,11,13,14,18,20,22,23,31,32,37,5,39,16,17,26,27,30
32,35,36,5,37,39,8,11,13,15,16,17,18,23,25,26,27,28,29,30>33,35,38,8,40,11,13,14,22,25,32,37,5,39,16,17,26,27,30
32,33,3,35,5,6,38,8,40,10,15,17,21,22,23,25,26,29,30>4,6,13,21,23,32,35,36,37,38,3,5,8,40,26,29,30
32,33,3,35,5,6,38,8,40,10,15,17,21,22,23,25,26,29,30>4,6,10,13,22,23,25,32,35,37,38,39,3,5,8,40,26,29,30
32,33,3,35,5,6,38,8,40,10,15,17,21,22,23,25,26,29,30>4,6,11,13,17,27,35,37,38,39,3,5,8,40,26,29,30
32,33,3,35,5,6,38,8,40,10,15,17,21,22,23,25,26,29,30>4,10,11,15,20,22,23,25,27,28,32,33,35,36,38,39,3,5,8,40,26,29,30
32,33,3,35,5,6,38,8,40,10,15,17,21,22,23,25,26,29,30>4,10,11,15,22,25,27,33,36,37,38,39,3,5,8,40,26,29,30
32,33,3,35,5,6,38,8,40,10,15,17,21,22,23,25,26,29,30>4,10,11,25,28,33,35,37,3,5,8,40,26,29,30
32,33,3,35,5,6,38,8,40,10,15,17,21,22,23,25,26,29,30>6,12,15,17,21,22,23,28,35,37,3,5,8,40,26,29,30
32,33,3,35,5,6,38,8,40,10,15,17,21,22,23,25,26,29,30>4,6,12,13,15,17,20,25,27,35,38,39,3,5,8,40,26,29,30
32,33,3,35,5,6,38,8,40,10,15,17,21,22,23,25,26,29,30>10,12,15,20,22,28,33,35,36,38,39,3,5,8,40,26,29,30
32,33,3,35,5,6,38,8,40,10,15,17,21,22,23,25,26,29,30>4,10,12,13,17,20,21,22,23,28,32,35,36,37,38,39,3,5,8,40,26,29,30
1,2,3,6,8,10,13,14,16,18,22,23,24,25,27,28,32,33,37,38,39,40>34,38,10,11,23,24,31,32,1,2,3,33,6,39,8,13,14,16,22,25,27,28
1,2,3,6,8,10,13,14,16,18,22,23,24,25,27,28,32,33,37,38,39,40>5,37,38,10,11,40,17,21,24,26,32,1,2,3,33,6,39,8,13,14,16,22,25,27,28
1,2,3,6,8,10,13,14,16,18,22,23,24,25,27,28,32,33,37,38,39,40>34,4,5,37,38,40,15,32,1,2,3,33,6,39,8,13,14,16,22,25,27,28
1,2,3,6,8,10,13,14,16,18,22,23,24,25,27,28,32,33,37,38,39,40>36,37,11,15,17,18,24,26,32,1,2,3,33,6,39,8,13,14,16,22,25,27,28
1,2,3,6,8,10,13,14,16,18,22,23,24,25,27,28,32,33,37,38,39,40>4,36,10,17,23,24,32,1,2,3,33,6,39,8,13,14,16,22,25,27,28
1,2,3,6,8,10,13,14,16,18,22,23,24,25,27,28,32,33,37,38,39,40>34,36,7,10,40,18,21,23,24,29,31,32,1,2,3,33,6,39,8,13,14,16,22,25,27,28
1,2,3,6,8,10,13,14,16,18,22,23,24,25,27,28,32,33,37,38,39,40>4,7,37,10,40,17,21,23,24,26,32,1,2,3,33,6,39,8,13,14,16,22,25,27,28
1,2,3,6,8,10,13,14,16,18,22,23,24,25,27,28,32,33,37,38,39,40>34,4,7,37,38,15,17,21,23,26,29,31,32,1,2,3,33,6,39,8,13,14,16,22,25,27,28
1,2,3,6,8,10,13,14,16,18,22,23,24,25,27,28,32,33,37,38,39,40>34,36,7,10,11,40,15,21,29,31,32,1,2,3,33,6,39,8,13,14,16,22,25,27,28
1,2,3,6,8,10,13,14,16,18,22,23,24,25,27,28,32,33,37,38,39,40>34,4,36,7,10,40,17,23,29,32,1,2,3,33,6,39,8,13,14,16,22,25,27,28
34,3,4,36,37,7,11,12,13,16,17,20,22,23,26,30,31>35,4,5,37,40,11,12,14,22,23,29,34,3,16,17,20,26,30
34,3,4,36,37,7,11,12,13,16,17,20,22,23,26,30,31>35,36,9,11,12,14,23,24,28,34,3,16,17,20,26,30
34,3,4,36,37,7,11,12,13,16,17,20,22,23,26,30,31>4,7,37,12,22,28,29,34,3,16,17,20,26,30
34,3,4,36,37,7,11,12,13,16,17,20,22,23,26,30,31>5,7,40,11,12,22,29,31,34,3,16,17,20,26,30
34,3,4,36,37,7,11,12,13,16,17,20,22,23,26,30,31>4,5,7,37,9,11,12,14,22,23,28,31,34,3,16,17,20,26,30
34,3,4,36,37,7,11,12,13,16,17,20,22,23,26,30,31>35,4,5,7,37,40,11,14,22,28,34,3,16,17,20,26,30
34,3,4,36,37,7,11,12,13,16,17,20,22,23,26,30,31>4,5,36,7,37,14,22,23,24,31,34,3,16,17,20,26,30
34,3,4,36,37,7,11,12,13,16,17,20,22,23,26,30,31>4,36,7,9,11,13,34,3,16,17,20,26,30
34,3,4,36,37,7,11,12,13,16,17,20,22,23,26,30,31>4,5,36,7,9,40,13,22,29,31,34,3,16,17,20,26,30
34,3,4,36,37,7,11,12,13,16,17,20,22,23,26,30,31>35,4,5,7,37,9,11,13,22,23,29,31,34,3,16,17,20,26,30
1,3,7,8,9,11,13,14,15,16,17,20,22,23,25,26,29,32,33,35,37,38,39>32,33,35,7,24,25,27,28,30,1,3,37,39,9,14,15,16,17,20,26,29
1,3,7,8,9,11,13,14,15,16,17,20,22,23,25,26,29,32,33,35,37,38,39>32,36,38,11,23,25,27,30,1,3,37,39,9,14,15,16,17,20,26,29
1,3,7,8,9,11,13,14,15,16,17,20,22,23,25,26,29,32,33,35,37,38,39>32,33,35,36,13,23,25,1,3,37,39,9,14,15,16,17,20,26,29
1,3,7,8,9,11,13,14,15,16,17,20,22,23,25,26,29,32,33,35,37,38,39>5,7,8,11,13,28,1,3,37,39,9,14,15,16,17,20,26,29
1,3,7,8,9,11,13,14,15,16,17,20,22,23,25,26,29,32,33,35,37,38,39>33,35,5,38,7,8,13,22,25,27,28,1,3,37,39,9,14,15,16,17,20,26,29
1,3,7,8,9,11,13,14,15,16,17,20,22,23,25,26,29,32,33,35,37,38,39>32,33,36,5,13,22,24,30,1,3,37,39,9,14,15,16,17,20,26,29
1,3,7,8,9,11,13,14,15,16,17,20,22,23,25,26,29,32,33,35,37,38,39>32,33,36,5,7,11,13,28,30,1,3,37,39,9,14,15,16,17,20,26,29
1,3,7,8,9,11,13,14,15,16,17,20,22,23,25,26,29,32,33,35,37,38,39>35,36,5,7,11,13,22,23,27,1,3,37,39,9,14,15,16,17,20,26,29
1,3,7,8,9,11,13,14,15,16,17,20,22,23,25,26,29,32,33,35,37,38,39>32,35,36,5,7,13,23,25,30,1,3,37,39,9,14,15,16,17,20,26,29
1,3,7,8,9,11,13,14,15,16,17,20,22,23,25,26,29,32,33,35,37,38,39>32,33,35,36,5,38,7,11,24,27,30,1,3,37,39,9,14,15,16,17,20,26,29
1,33,3,4,5,35,7,8,37,11,16,18,20,21,23,28>34,35,11,16,24,26,28,1,33,3,5,37,7,20
1,33,3,4,5,35,7,8,37,11,16,18,20,21,23,28>34,4,8,22,26,1,33,3,5,37,7,20
1,33,3,4,5,35,7,8,37,11,16,18,20,21,23,28>35,36,11,16,18,21,22,26,28,1,33,3,5,37,7,20
1,33,3,4,5,35,7,8,37,11,16,18,20,21,23,28>34,4,36,8,11,22,28,1,33,3,5,37,7,20
1,33,3,4,5,35,7,8,37,11,16,18,20,21,23,28>35,4,36,9,23,1,33,3,5,37,7,20
1,33,3,4,5,35,7,8,37,11,16,18,20,21,23,28>34,35,4,36,23,24,26,1,33,3,5,37,7,20
1,33,3,4,5,35,7,8,37,11,16,18,20,21,23,28>34,39,8,16,18,21,23,24,28,1,33,3,5,37,7,20
1,33,3,4,5,35,7,8,37,11,16,18,20,21,23,28>35,36,39,9,11,16,18,21,22,24,26,1,33,3,5,37,7,20
1,33,3,4,5,35,7,8,37,11,16,18,20,21,23,28>34,35,36,39,8,9,11,21,26,1,33,3,5,37,7,20
1,33,3,4,5,35,7,8,37,11,16,18,20,21,23,28>34,4,36,39,8,18,22,23,24,28,1,33,3,5,37,7,20
1,34,35,4,5,6,36,37,40,11,12,14,26,28,31>8,9,36,11,40,15,26,31,1,34,35,37
1,34,35,4,5,6,36,37,40,11,12,14,26,28,31>33,8,9,36,11,14,15,26,30,31,1,34,35,37
1,34,35,4,5,6,36,37,40,11,12,14,26,28,31>8,36,11,12,15,26,28,1,34,35,37
1,34,35,4,5,6,36,37,40,11,12,14,26,28,31>33,4,5,9,36,12,40,14,30,1,34,35,37
1,34,35,4,5,6,36,37,40,11,12,14,26,28,31>7,8,9,36,31,1,34,35,37
1,34,35,4,5,6,36,37,40,11,12,14,26,28,31>7,9,11,40,15,26,28,31,1,34,35,37
1,34,35,4,5,6,36,37,40,11,12,14,26,28,31>33,4,5,7,8,9,11,12,26,28,30,1,34,35,37
1,34,35,4,5,6,36,37,40,11,12,14,26,28,31>4,6,7,8,9,36,28,30,1,34,35,37
1,34,35,4,5,6,36,37,40,11,12,14,26,28,31>4,5,6,7,9,36,14,15,30,31,1,34,35,37
1,34,35,4,5,6,36,37,40,11,12,14,26,28,31>33,4,5,6,7,8,11,12,40,14,15,31,1,34,35,37
1,3,4,5,6,8,9,10,12,13,14,16,17,18,21,23,24,32,33,34,39,40>33,11,12,20,22,1,34,3,4,8,9,10,13,14,16,17
1,3,4,5,6,8,9,10,12,13,14,16,17,18,21,23,24,32,33,34,39,40>32,33,39,40,11,12,15,18,21,22,25,26,1,34,3,4,8,9,10,13,14,16,17
1,3,4,5,6,8,9,10,12,13,14,16,17,18,21,23,24,32,33,34,39,40>32,36,40,12,18,20,21,22,24,26,1,34,3,4,8,9,10,13,14,16,17
1,3,4,5,6,8,9,10,12,13,14,16,17,18,21,23,24,32,33,34,39,40>32,5,39,40,11,12,15,20,21,22,23,24,25,26,1,34,3,4,8,9,10,13,14,16,17
1,3,4,5,6,8,9,10,12,13,14,16,17,18,21,23,24,32,33,34,39,40>32,36,5,7,39,11,12,15,20,24,1,34,3,4,8,9,10,13,14,16,17
1,3,4,5,6,8,9,10,12,13,14,16,17,18,21,23,24,32,33,34,39,40>32,6,40,12,18,21,22,24,26,1,34,3,4,8,9,10,13,14,16,17
1,3,4,5,6,8,9,10,12,13,14,16,17,18,21,23,24,32,33,34,39,40>36,6,7,40,18,20,23,24,25,26,1,34,3,4,8,9,10,13,14,16,17
1,3,4,5,6,8,9,10,12,13,14,16,17,18,21,23,24,32,33,34,39,40>32,36,6,15,20,23,1,34,3,4,8,9,10,13,14,16,17
1,3,4,5,6,8,9,10,12,13,14,16,17,18,21,23,24,32,33,34,39,40>5,6,39,11,12,18,25,1,34,3,4,8,9,10,13,14,16,17
1,3,4,5,6,8,9,10,12,13,14,16,17,18,21,23,24,32,33,34,39,40>32,5,6,11,15,21,22,25,1,34,3,4,8,9,10,13,14,16,17
1,2,3,4,8,9,11,12,13,14,15,18,20,23,26,27,28,30,31,35,36,38>4,11,12,16,18,22,27,28,34,38,1,2,3,35,14,15,26,30,31
1,2,3,4,8,9,11,12,13,14,15,18,20,23,26,27,28,30,31,35,36,38>7,11,16,18,20,27,32,33,36,37,38,1,2,3,35,14,15,26,30,31
1,2,3,4,8,9,11,12,13,14,15,18,20,23,26,27,28,30,31,35,36,38>4,7,16,17,20,23,27,33,38,39,1,2,3,35,14,15,26,30,31
1,2,3,4,8,9,11,12,13,14,15,18,20,23,26,27,28,30,31,35,36,38>6,7,11,13,17,20,23,28,34,36,39,1,2,3,35,14,15,26,30,31
1,2,3,4,8,9,11,12,13,14,15,18,20,23,26,27,28,30,31,35,36,38>8,11,18,24,34,36,39,1,2,3,35,14,15,26,30,31
1,2,3,4,8,9,11,12,13,14,15,18,20,23,26,27,28,30,31,35,36,38>4,9,11,12,13,17,18,22,28,33,34,38,1,2,3,35,14,15,26,30,31
1,2,3,4,8,9,11,12,13,14,15,18,20,23,26,27,28,30,31,35,36,38>6,9,11,16,17,18,22,27,33,37,1,2,3,35,14,15,26,30,31
1,2,3,4,8,9,11,12,13,14,15,18,20,23,26,27,28,30,31,35,36,38>7,9,11,13,18,20,23,24,28,32,34,39,40,1,2,3,35,14,15,26,30,31
1,2,3,4,8,9,11,12,13,14,15,18,20,23,26,27,28,30,31,35,36,38>4,6,7,9,11,13,17,22,23,32,39,1,2,3,35,14,15,26,30,31
1,2,3,4,8,9,11,12,13,14,15,18,20,23,26,27,28,30,31,35,36,38>6,8,9,12,13,16,17,20,22,24,27,33,34,37,38,39,1,2,3,35,14,15,26,30,31
32,3,4,35,36,37,8,9,38,39,14,15,20,21,25,26,27,28,29>33,21,24,26,28,32,3,4,37,38,39,15,20,27
32,3,4,35,36,37,8,9,38,39,14,15,20,21,25,26,27,28,29>33,14,21,25,26,28,29,30,31,32,3,4,37,38,39,15,20,27
32,3,4,35,36,37,8,9,38,39,14,15,20,21,25,26,27,28,29>33,36,24,26,28,29,32,3,4,37,38,39,15,20,27
32,3,4,35,36,37,8,9,38,39,14,15,20,21,25,26,27,28,29>33,35,36,14,21,25,26,29,32,3,4,37,38,39,15,20,27
32,3,4,35,36,37,8,9,38,39,14,15,20,21,25,26,27,28,29>33,8,21,24,25,26,29,30,31,32,3,4,37,38,39,15,20,27
32,3,4,35,36,37,8,9,38,39,14,15,20,21,25,26,27,28,29>33,35,36,9,25,26,28,29,30,32,3,4,37,38,39,15,20,27
32,3,4,35,36,37,8,9,38,39,14,15,20,21,25,26,27,28,29>8,9,14,21,26,29,32,3,4,37,38,39,15,20,27
32,3,4,35,36,37,8,9,38,39,14,15,20,21,25,26,27,28,29>35,8,9,14,28,29,32,3,4,37,38,39,15,20,27
32,3,4,35,36,37,8,9,38,39,14,15,20,21,25,26,27,28,29>36,8,9,24,26,31,32,3,4,37,38,39,15,20,27
32,3,4,35,36,37,8,9,38,39,14,15,20,21,25,26,27,28,29>33,36,8,9,14,21,24,28,30,32,3,4,37,38,39,15,20,27
32,2,34,4,6,39,40,15,18,20,23,24,25,26,29,30>4,9,20,23,27,2,40,24,25,26,30
32,2,34,4,6,39,40,15,18,20,23,24,25,26,29,30>22,4,27,29,2,40,24,25,26,30
32,2,34,4,6,39,40,15,18,20,23,24,25,26,29,30>4,6,39,15,18,20,29,2,40,24,25,26,30
32,2,34,4,6,39,40,15,18,20,23,24,25,26,29,30>39,15,18,20,22,23,27,29,2,40,24,25,26,30
32,2,34,4,6,39,40,15,18,20,23,24,25,26,29,30>34,4,39,8,9,18,20,22,2,40,24,25,26,30
32,2,34,4,6,39,40,15,18,20,23,24,25,26,29,30>32,34,4,39,15,18,20,23,29,2,40,24,25,26,30
32,2,34,4,6,39,40,15,18,20,23,24,25,26,29,30>32,34,6,39,9,15,23,27,29,2,40,24,25,26,30
32,2,34,4,6,39,40,15,18,20,23,24,25,26,29,30>4,6,39,15,18,22,27,2,40,24,25,26,30
32,2,34,4,6,39,40,15,18,20,23,24,25,26,29,30>32,4,6,39,15,23,2,40,24,25,26,30
32,2,34,4,6,39,40,15,18,20,23,24,25,26,29,30>32,34,4,6,39,8,15,22,2,40,24,25,26,30
