CD45,CD8,TCRlig,TCbind,PAGCsk,LCK,Fyn,Rlk,TCRphos,ZAP70,cCbl,Itk,LAT,Gads,Slp76,PLCg_b,Grb2Sos,DAG,PLCg_a,Ras,RasGRP1,PKCth,IP3,Raf,MEK,Ca,ERK,SEK,IKK,Calcin,Rsk,Fos,JNK,IkB,CREB,Jun,CRE,AP1,NFkB,NFAT
1,3,8,9,11,12,13,14,15,16,19,20,22,25,26,27,28,29,30,37,38,39,40>11,23,8,20,1,3,39,40,14,15,16,27,28,29,30
1,3,8,9,11,12,13,14,15,16,19,20,22,25,26,27,28,29,30,37,38,39,40>37,17,19,22,26,1,3,39,40,14,15,16,27,28,29,30
1,3,8,9,11,12,13,14,15,16,19,20,22,25,26,27,28,29,30,37,38,39,40>37,13,18,22,23,31,1,3,39,40,14,15,16,27,28,29,30
1,3,8,9,11,12,13,14,15,16,19,20,22,25,26,27,28,29,30,37,38,39,40>5,37,9,11,12,23,24,25,31,1,3,39,40,14,15,16,27,28,29,30
1,3,8,9,11,12,13,14,15,16,19,20,22,25,26,27,28,29,30,37,38,39,40>38,11,17,23,26,1,3,39,40,14,15,16,27,28,29,30
1,3,8,9,11,12,13,14,15,16,19,20,22,25,26,27,28,29,30,37,38,39,40>33,38,8,9,11,13,17,18,22,23,24,1,3,39,40,14,15,16,27,28,29,30
1,3,8,9,11,12,13,14,15,16,19,20,22,25,26,27,28,29,30,37,38,39,40>5,38,8,11,13,18,24,25,1,3,39,40,14,15,16,27,28,29,30
1,3,8,9,11,12,13,14,15,16,19,20,22,25,26,27,28,29,30,37,38,39,40>32,33,5,38,8,11,13,19,20,22,26,1,3,39,40,14,15,16,27,28,29,30
1,3,8,9,11,12,13,14,15,16,19,20,22,25,26,27,28,29,30,37,38,39,40>32,37,38,9,13,17,18,19,20,22,25,1,3,39,40,14,15,16,27,28,29,30
1,3,8,9,11,12,13,14,15,16,19,20,22,25,26,27,28,29,30,37,38,39,40>33,37,38,9,11,12,13,20,22,23,24,1,3,39,40,14,15,16,27,28,29,30
2,3,34,36,8,40,10,11,12,15,16,17,18,19,21,24,25,26,29,31>5,20,22,27,29,40,2,3,11,12,18,19,25
2,3,34,36,8,40,10,11,12,15,16,17,18,19,21,24,25,26,29,31>5,8,17,20,21,22,26,27,31,35,36,40,2,3,11,12,18,19,25
2,3,34,36,8,40,10,11,12,15,16,17,18,19,21,24,25,26,29,31>8,13,16,17,20,21,24,26,27,29,30,31,36,40,2,3,11,12,18,19,25
2,3,34,36,8,40,10,11,12,15,16,17,18,19,21,24,25,26,29,31>8,13,20,21,22,23,24,26,27,35,40,2,3,11,12,18,19,25
2,3,34,36,8,40,10,11,12,15,16,17,18,19,21,24,25,26,29,31>5,10,13,17,21,22,27,35,2,3,11,12,18,19,25
2,3,34,36,8,40,10,11,12,15,16,17,18,19,21,24,25,26,29,31>8,10,13,17,22,23,26,27,29,30,31,2,3,11,12,18,19,25
2,3,34,36,8,40,10,11,12,15,16,17,18,19,21,24,25,26,29,31>5,15,17,21,23,24,26,29,31,34,35,2,3,11,12,18,19,25
2,3,34,36,8,40,10,11,12,15,16,17,18,19,21,24,25,26,29,31>8,15,16,17,24,26,27,29,31,34,36,2,3,11,12,18,19,25
2,3,34,36,8,40,10,11,12,15,16,17,18,19,21,24,25,26,29,31>5,8,15,20,23,26,27,34,35,36,2,3,11,12,18,19,25
2,3,34,36,8,40,10,11,12,15,16,17,18,19,21,24,25,26,29,31>8,10,15,16,21,22,26,29,30,34,36,40,2,3,11,12,18,19,25
33,35,4,5,36,39,10,11,15,16,19,20,22,23,28,30>40,15,18,22,24,30,33,36,39,11,23,28
33,35,4,5,36,39,10,11,15,16,19,20,22,23,28,30>35,4,5,37,12,13,19,22,26,29,33,36,39,11,23,28
33,35,4,5,36,39,10,11,15,16,19,20,22,23,28,30>34,4,10,13,19,20,22,24,33,36,39,11,23,28
33,35,4,5,36,39,10,11,15,16,19,20,22,23,28,30>35,5,12,16,22,26,30,33,36,39,11,23,28
33,35,4,5,36,39,10,11,15,16,19,20,22,23,28,30>35,4,5,13,15,16,18,19,22,24,29,30,33,36,39,11,23,28
33,35,4,5,36,39,10,11,15,16,19,20,22,23,28,30>34,35,37,10,12,16,18,19,22,24,33,36,39,11,23,28
33,35,4,5,36,39,10,11,15,16,19,20,22,23,28,30>34,35,4,37,40,15,18,26,29,30,33,36,39,11,23,28
33,35,4,5,36,39,10,11,15,16,19,20,22,23,28,30>5,37,10,13,16,19,22,30,33,36,39,11,23,28
33,35,4,5,36,39,10,11,15,16,19,20,22,23,28,30>35,4,5,37,10,13,16,20,22,29,30,33,36,39,11,23,28
33,35,4,5,36,39,10,11,15,16,19,20,22,23,28,30>34,35,4,5,37,40,20,29,30,33,36,39,11,23,28
33,2,35,36,5,6,7,37,39,40,17,19,20,21,23,24,25,26,30,31>19,21,27,31,2,35,36,37,5,39,40,20,23,24,25,26,30
33,2,35,36,5,6,7,37,39,40,17,19,20,21,23,24,25,26,30,31>18,33,27,19,2,35,36,37,5,39,40,20,23,24,25,26,30
33,2,35,36,5,6,7,37,39,40,17,19,20,21,23,24,25,26,30,31>19,34,31,17,2,35,36,37,5,39,40,20,23,24,25,26,30
33,2,35,36,5,6,7,37,39,40,17,19,20,21,23,24,25,26,30,31>33,34,6,17,27,31,2,35,36,37,5,39,40,20,23,24,25,26,30
33,2,35,36,5,6,7,37,39,40,17,19,20,21,23,24,25,26,30,31>34,7,9,19,27,2,35,36,37,5,39,40,20,23,24,25,26,30
33,2,35,36,5,6,7,37,39,40,17,19,20,21,23,24,25,26,30,31>6,7,17,18,19,21,31,2,35,36,37,5,39,40,20,23,24,25,26,30
33,2,35,36,5,6,7,37,39,40,17,19,20,21,23,24,25,26,30,31>33,6,7,9,17,19,31,2,35,36,37,5,39,40,20,23,24,25,26,30
33,2,35,36,5,6,7,37,39,40,17,19,20,21,23,24,25,26,30,31>33,34,6,7,9,18,19,21,31,2,35,36,37,5,39,40,20,23,24,25,26,30
33,2,35,36,5,6,7,37,39,40,17,19,20,21,23,24,25,26,30,31>33,34,6,8,9,18,27,31,2,35,36,37,5,39,40,20,23,24,25,26,30
33,2,35,36,5,6,7,37,39,40,17,19,20,21,23,24,25,26,30,31>33,34,7,8,9,21,27,2,35,36,37,5,39,40,20,23,24,25,26,30
32,35,4,5,37,7,39,9,10,40,12,13,16,21,22,25,27,30,31>34,4,12,14,25,28,29,32,35,37,5,39,40,9,13,16,27,31
32,35,4,5,37,7,39,9,10,40,12,13,16,21,22,25,27,30,31>4,7,14,17,20,22,28,32,35,37,5,39,40,9,13,16,27,31
32,35,4,5,37,7,39,9,10,40,12,13,16,21,22,25,27,30,31>4,10,14,17,20,21,30,32,35,37,5,39,40,9,13,16,27,31
32,35,4,5,37,7,39,9,10,40,12,13,16,21,22,25,27,30,31>11,12,17,20,25,29,30,32,35,37,5,39,40,9,13,16,27,31
32,35,4,5,37,7,39,9,10,40,12,13,16,21,22,25,27,30,31>4,11,17,20,21,22,25,28,29,32,35,37,5,39,40,9,13,16,27,31
32,35,4,5,37,7,39,9,10,40,12,13,16,21,22,25,27,30,31>7,11,14,17,22,28,30,32,35,37,5,39,40,9,13,16,27,31
32,35,4,5,37,7,39,9,10,40,12,13,16,21,22,25,27,30,31>34,7,11,12,14,17,21,25,28,29,32,35,37,5,39,40,9,13,16,27,31
32,35,4,5,37,7,39,9,10,40,12,13,16,21,22,25,27,30,31>34,7,11,14,22,32,35,37,5,39,40,9,13,16,27,31
32,35,4,5,37,7,39,9,10,40,12,13,16,21,22,25,27,30,31>34,10,11,12,14,17,20,21,32,35,37,5,39,40,9,13,16,27,31
32,35,4,5,37,7,39,9,10,40,12,13,16,21,22,25,27,30,31>34,4,10,11,12,21,25,28,29,32,35,37,5,39,40,9,13,16,27,31
1,2,5,7,10,13,14,15,16,17,19,21,22,24,26,27,28,29,36,37,39,40>7,10,18,24,25,27,30,31,32,40,1,2,5,39,13,14,15,16,17,28,29
1,2,5,7,10,13,14,15,16,17,19,21,22,24,26,27,28,29,36,37,39,40>9,10,19,21,26,31,32,40,1,2,5,39,13,14,15,16,17,28,29
1,2,5,7,10,13,14,15,16,17,19,21,22,24,26,27,28,29,36,37,39,40>7,9,10,19,21,23,26,31,36,1,2,5,39,13,14,15,16,17,28,29
1,2,5,7,10,13,14,15,16,17,19,21,22,24,26,27,28,29,36,37,39,40>7,9,10,12,19,20,22,23,26,30,31,33,37,1,2,5,39,13,14,15,16,17,28,29
1,2,5,7,10,13,14,15,16,17,19,21,22,24,26,27,28,29,36,37,39,40>7,9,11,18,19,20,24,25,31,32,36,37,40,1,2,5,39,13,14,15,16,17,28,29
1,2,5,7,10,13,14,15,16,17,19,21,22,24,26,27,28,29,36,37,39,40>7,10,11,18,21,22,24,26,27,31,33,37,40,1,2,5,39,13,14,15,16,17,28,29
1,2,5,7,10,13,14,15,16,17,19,21,22,24,26,27,28,29,36,37,39,40>7,12,19,23,24,25,26,27,30,31,32,37,40,1,2,5,39,13,14,15,16,17,28,29
1,2,5,7,10,13,14,15,16,17,19,21,22,24,26,27,28,29,36,37,39,40>10,12,18,20,22,24,31,37,1,2,5,39,13,14,15,16,17,28,29
1,2,5,7,10,13,14,15,16,17,19,21,22,24,26,27,28,29,36,37,39,40>7,9,10,12,18,20,21,22,23,24,32,37,1,2,5,39,13,14,15,16,17,28,29
1,2,5,7,10,13,14,15,16,17,19,21,22,24,26,27,28,29,36,37,39,40>7,11,12,19,20,21,22,23,24,30,31,33,36,37,1,2,5,39,13,14,15,16,17,28,29
33,2,3,34,35,36,7,8,37,10,38,39,13,40,18,24,25,27,28,31>24,16,8,18,33,2,3,34,35,36,37,13,25,27,31
33,2,3,34,35,36,7,8,37,10,38,39,13,40,18,24,25,27,28,31>32,4,5,10,11,39,40,28,33,2,3,34,35,36,37,13,25,27,31
33,2,3,34,35,36,7,8,37,10,38,39,13,40,18,24,25,27,28,31>4,38,8,9,10,16,18,22,28,33,2,3,34,35,36,37,13,25,27,31
33,2,3,34,35,36,7,8,37,10,38,39,13,40,18,24,25,27,28,31>32,4,38,8,9,11,40,16,17,22,24,33,2,3,34,35,36,37,13,25,27,31
33,2,3,34,35,36,7,8,37,10,38,39,13,40,18,24,25,27,28,31>32,4,5,38,8,9,11,39,40,14,17,22,24,33,2,3,34,35,36,37,13,25,27,31
33,2,3,34,35,36,7,8,37,10,38,39,13,40,18,24,25,27,28,31>32,4,5,38,11,39,40,14,17,22,28,33,2,3,34,35,36,37,13,25,27,31
33,2,3,34,35,36,7,8,37,10,38,39,13,40,18,24,25,27,28,31>32,4,7,9,10,39,16,22,24,33,2,3,34,35,36,37,13,25,27,31
33,2,3,34,35,36,7,8,37,10,38,39,13,40,18,24,25,27,28,31>38,7,8,9,10,11,40,17,22,24,28,33,2,3,34,35,36,37,13,25,27,31
33,2,3,34,35,36,7,8,37,10,38,39,13,40,18,24,25,27,28,31>32,38,7,11,40,14,16,17,18,22,28,33,2,3,34,35,36,37,13,25,27,31
33,2,3,34,35,36,7,8,37,10,38,39,13,40,18,24,25,27,28,31>4,5,38,7,8,14,16,17,22,24,33,2,3,34,35,36,37,13,25,27,31
32,33,3,4,35,38,39,40,11,12,18,20,21,23,26,28,29>38,40,11,23,24,28,33,3,39,20,26
32,33,3,4,35,38,39,40,11,12,18,20,21,23,26,28,29>32,11,18,24,30,33,3,39,20,26
32,33,3,4,35,38,39,40,11,12,18,20,21,23,26,28,29>32,35,4,38,40,12,18,21,22,28,33,3,39,20,26
32,33,3,4,35,38,39,40,11,12,18,20,21,23,26,28,29>36,38,40,18,22,24,29,30,33,3,39,20,26
32,33,3,4,35,38,39,40,11,12,18,20,21,23,26,28,29>32,36,40,22,24,33,3,39,20,26
32,33,3,4,35,38,39,40,11,12,18,20,21,23,26,28,29>36,12,21,24,29,33,3,39,20,26
32,33,3,4,35,38,39,40,11,12,18,20,21,23,26,28,29>36,37,11,22,28,29,33,3,39,20,26
32,33,3,4,35,38,39,40,11,12,18,20,21,23,26,28,29>32,36,37,40,11,21,24,28,33,3,39,20,26
32,33,3,4,35,38,39,40,11,12,18,20,21,23,26,28,29>35,4,36,37,40,12,22,23,24,29,33,3,39,20,26
32,33,3,4,35,38,39,40,11,12,18,20,21,23,26,28,29>32,36,37,38,21,22,28,30,33,3,39,20,26
1,2,3,4,6,8,10,14,19,20,21,23,24,25,29,30,31,32,33,34,36,37,38,39,40>9,15,18,19,27,30,37,1,2,3,4,36,6,38,8,40,20,23,24,25
1,2,3,4,6,8,10,14,19,20,21,23,24,25,29,30,31,32,33,34,36,37,38,39,40>7,9,21,30,33,34,39,1,2,3,4,36,6,38,8,40,20,23,24,25
1,2,3,4,6,8,10,14,19,20,21,23,24,25,29,30,31,32,33,34,36,37,38,39,40>7,9,15,19,26,27,29,31,33,35,37,1,2,3,4,36,6,38,8,40,20,23,24,25
1,2,3,4,6,8,10,14,19,20,21,23,24,25,29,30,31,32,33,34,36,37,38,39,40>9,10,15,18,19,21,27,29,31,33,37,39,1,2,3,4,36,6,38,8,40,20,23,24,25
1,2,3,4,6,8,10,14,19,20,21,23,24,25,29,30,31,32,33,34,36,37,38,39,40>7,11,19,21,26,35,37,39,1,2,3,4,36,6,38,8,40,20,23,24,25
1,2,3,4,6,8,10,14,19,20,21,23,24,25,29,30,31,32,33,34,36,37,38,39,40>10,11,14,15,18,19,21,29,30,31,34,35,37,39,1,2,3,4,36,6,38,8,40,20,23,24,25
1,2,3,4,6,8,10,14,19,20,21,23,24,25,29,30,31,32,33,34,36,37,38,39,40>7,11,13,14,15,21,26,32,33,34,35,39,1,2,3,4,36,6,38,8,40,20,23,24,25
1,2,3,4,6,8,10,14,19,20,21,23,24,25,29,30,31,32,33,34,36,37,38,39,40>7,9,11,13,14,21,26,27,29,30,31,33,35,37,39,1,2,3,4,36,6,38,8,40,20,23,24,25
1,2,3,4,6,8,10,14,19,20,21,23,24,25,29,30,31,32,33,34,36,37,38,39,40>10,11,13,15,19,26,27,30,31,34,37,39,1,2,3,4,36,6,38,8,40,20,23,24,25
1,2,3,4,6,8,10,14,19,20,21,23,24,25,29,30,31,32,33,34,36,37,38,39,40>7,10,11,13,14,15,19,21,26,27,30,32,33,39,1,2,3,4,36,6,38,8,40,20,23,24,25
32,1,4,36,6,38,40,11,12,16,17,20,22,25,27,30,31>4,8,16,22,25,28,29,32,1,38,40,20,27,31
32,1,4,36,6,38,40,11,12,16,17,20,22,25,27,30,31>35,4,7,8,11,12,17,22,28,29,30,32,1,38,40,20,27,31
32,1,4,36,6,38,40,11,12,16,17,20,22,25,27,30,31>36,8,9,39,11,17,22,24,25,28,30,32,1,38,40,20,27,31
32,1,4,36,6,38,40,11,12,16,17,20,22,25,27,30,31>34,35,4,36,8,39,11,16,28,30,32,1,38,40,20,27,31
32,1,4,36,6,38,40,11,12,16,17,20,22,25,27,30,31>34,35,6,7,8,39,11,12,29,30,32,1,38,40,20,27,31
32,1,4,36,6,38,40,11,12,16,17,20,22,25,27,30,31>4,6,9,39,11,12,16,17,24,25,29,32,1,38,40,20,27,31
32,1,4,36,6,38,40,11,12,16,17,20,22,25,27,30,31>35,4,6,9,39,12,17,22,24,30,32,1,38,40,20,27,31
32,1,4,36,6,38,40,11,12,16,17,20,22,25,27,30,31>34,35,4,6,9,11,12,16,22,24,29,30,32,1,38,40,20,27,31
32,1,4,36,6,38,40,11,12,16,17,20,22,25,27,30,31>35,36,6,39,11,24,25,29,32,1,38,40,20,27,31
32,1,4,36,6,38,40,11,12,16,17,20,22,25,27,30,31>35,4,36,6,7,8,9,39,12,16,17,24,29,30,32,1,38,40,20,27,31
32,1,2,34,4,5,6,7,38,9,10,40,15,19,21,22,23,29,30,31>4,38,8,12,18,19,22,26,30,1,2,5,7,40,9,10,23,29
32,1,2,34,4,5,6,7,38,9,10,40,15,19,21,22,23,29,30,31>32,4,38,11,12,20,21,26,30,31,1,2,5,7,40,9,10,23,29
32,1,2,34,4,5,6,7,38,9,10,40,15,19,21,22,23,29,30,31>35,4,13,15,18,19,20,21,26,1,2,5,7,40,9,10,23,29
32,1,2,34,4,5,6,7,38,9,10,40,15,19,21,22,23,29,30,31>34,35,4,38,11,20,21,22,26,28,30,1,2,5,7,40,9,10,23,29
32,1,2,34,4,5,6,7,38,9,10,40,15,19,21,22,23,29,30,31>32,34,35,4,11,18,20,21,22,26,28,30,31,1,2,5,7,40,9,10,23,29
32,1,2,34,4,5,6,7,38,9,10,40,15,19,21,22,23,29,30,31>6,38,8,11,12,15,19,22,26,30,31,1,2,5,7,40,9,10,23,29
32,1,2,34,4,5,6,7,38,9,10,40,15,19,21,22,23,29,30,31>32,34,6,11,20,22,26,28,30,1,2,5,7,40,9,10,23,29
32,1,2,34,4,5,6,7,38,9,10,40,15,19,21,22,23,29,30,31>32,34,35,6,38,8,11,18,19,20,26,31,1,2,5,7,40,9,10,23,29
32,1,2,34,4,5,6,7,38,9,10,40,15,19,21,22,23,29,30,31>4,6,8,12,13,18,20,21,22,26,28,30,31,1,2,5,7,40,9,10,23,29
32,1,2,34,4,5,6,7,38,9,10,40,15,19,21,22,23,29,30,31>34,4,6,38,11,15,18,20,21,22,28,1,2,5,7,40,9,10,23,29
1,8,9,10,11,12,14,16,21,23,24,25,26,27,28,29,30,33,34,38,40>32,10,12,13,15,16,23,24,28,31,1,33,40,11,25,26,27,30
1,8,9,10,11,12,14,16,21,23,24,25,26,27,28,29,30,33,34,38,40>34,36,5,8,12,14,20,21,24,28,31,1,33,40,11,25,26,27,30
1,8,9,10,11,12,14,16,21,23,24,25,26,27,28,29,30,33,34,38,40>38,8,9,15,20,23,24,31,1,33,40,11,25,26,27,30
1,8,9,10,11,12,14,16,21,23,24,25,26,27,28,29,30,33,34,38,40>32,38,8,10,14,1,33,40,11,25,26,27,30
1,8,9,10,11,12,14,16,21,23,24,25,26,27,28,29,30,33,34,38,40>36,38,8,14,20,23,24,29,1,33,40,11,25,26,27,30
1,8,9,10,11,12,14,16,21,23,24,25,26,27,28,29,30,33,34,38,40>32,36,38,8,21,24,28,29,1,33,40,11,25,26,27,30
1,8,9,10,11,12,14,16,21,23,24,25,26,27,28,29,30,33,34,38,40>32,36,38,12,14,15,16,20,21,23,24,28,31,1,33,40,11,25,26,27,30
1,8,9,10,11,12,14,16,21,23,24,25,26,27,28,29,30,33,34,38,40>34,5,38,9,12,13,16,21,28,1,33,40,11,25,26,27,30
1,8,9,10,11,12,14,16,21,23,24,25,26,27,28,29,30,33,34,38,40>32,36,5,38,9,12,13,16,20,23,28,29,1,33,40,11,25,26,27,30
1,8,9,10,11,12,14,16,21,23,24,25,26,27,28,29,30,33,34,38,40>34,36,5,38,8,23,31,1,33,40,11,25,26,27,30
2,3,35,5,6,7,8,36,37,11,12,13,14,39,16,17,18,23,25,26>9,11,12,15,18,20,22,23,25,2,3,37,5,39,8,14,16,17,26
2,3,35,5,6,7,8,36,37,11,12,13,14,39,16,17,18,23,25,26>35,9,12,13,15,20,23,30,2,3,37,5,39,8,14,16,17,26
2,3,35,5,6,7,8,36,37,11,12,13,14,39,16,17,18,23,25,26>34,35,9,12,13,23,2,3,37,5,39,8,14,16,17,26
2,3,35,5,6,7,8,36,37,11,12,13,14,39,16,17,18,23,25,26>34,36,11,12,13,20,23,27,30,2,3,37,5,39,8,14,16,17,26
2,3,35,5,6,7,8,36,37,11,12,13,14,39,16,17,18,23,25,26>34,35,36,13,15,22,23,27,30,2,3,37,5,39,8,14,16,17,26
2,3,35,5,6,7,8,36,37,11,12,13,14,39,16,17,18,23,25,26>35,36,6,11,13,20,22,25,2,3,37,5,39,8,14,16,17,26
2,3,35,5,6,7,8,36,37,11,12,13,14,39,16,17,18,23,25,26>34,7,13,22,23,25,2,3,37,5,39,8,14,16,17,26
2,3,35,5,6,7,8,36,37,11,12,13,14,39,16,17,18,23,25,26>35,7,9,11,12,15,20,22,25,30,2,3,37,5,39,8,14,16,17,26
2,3,35,5,6,7,8,36,37,11,12,13,14,39,16,17,18,23,25,26>6,7,11,12,13,18,23,25,2,3,37,5,39,8,14,16,17,26
2,3,35,5,6,7,8,36,37,11,12,13,14,39,16,17,18,23,25,26>34,35,36,6,7,11,12,13,15,18,20,25,27,2,3,37,5,39,8,14,16,17,26
3,4,5,8,9,13,14,15,18,19,21,23,25,27,29,30,32,33,35,37,38,40>36,8,13,16,17,19,21,25,26,29,32,3,4,37,40,14,15,18,23,27
3,4,5,8,9,13,14,15,18,19,21,23,25,27,29,30,32,33,35,37,38,40>33,36,8,13,16,19,21,22,25,26,30,32,3,4,37,40,14,15,18,23,27
3,4,5,8,9,13,14,15,18,19,21,23,25,27,29,30,32,33,35,37,38,40>35,36,39,19,20,22,26,31,32,3,4,37,40,14,15,18,23,27
3,4,5,8,9,13,14,15,18,19,21,23,25,27,29,30,32,33,35,37,38,40>33,36,5,9,19,21,26,29,31,32,3,4,37,40,14,15,18,23,27
3,4,5,8,9,13,14,15,18,19,21,23,25,27,29,30,32,33,35,37,38,40>33,38,39,8,16,29,30,32,3,4,37,40,14,15,18,23,27
3,4,5,8,9,13,14,15,18,19,21,23,25,27,29,30,32,33,35,37,38,40>36,38,39,9,13,16,17,21,22,26,29,31,32,3,4,37,40,14,15,18,23,27
3,4,5,8,9,13,14,15,18,19,21,23,25,27,29,30,32,33,35,37,38,40>35,36,38,39,8,16,17,20,22,25,29,30,31,32,3,4,37,40,14,15,18,23,27
3,4,5,8,9,13,14,15,18,19,21,23,25,27,29,30,32,33,35,37,38,40>33,35,36,38,9,17,22,29,30,32,3,4,37,40,14,15,18,23,27
3,4,5,8,9,13,14,15,18,19,21,23,25,27,29,30,32,33,35,37,38,40>35,36,38,13,16,19,20,22,26,29,30,31,32,3,4,37,40,14,15,18,23,27
3,4,5,8,9,13,14,15,18,19,21,23,25,27,29,30,32,33,35,37,38,40>33,35,36,5,38,13,16,17,20,21,30,31,32,3,4,37,40,14,15,18,23,27
32,1,33,3,35,36,6,37,8,38,10,11,40,16,17,20,22,24,27,30>33,34,39,10,17,22,25,27,28,29,30,31,32,1,3,36,37,38,8,40,11,20,24
32,1,33,3,35,36,6,37,8,38,10,11,40,16,17,20,22,24,27,30>33,35,39,13,27,29,30,32,1,3,36,37,38,8,40,11,20,24
32,1,33,3,35,36,6,37,8,38,10,11,40,16,17,20,22,24,27,30>34,35,39,10,17,22,25,28,30,31,32,1,3,36,37,38,8,40,11,20,24
32,1,33,3,35,36,6,37,8,38,10,11,40,16,17,20,22,24,27,30>33,35,7,10,22,25,31,32,1,3,36,37,38,8,40,11,20,24
32,1,33,3,35,36,6,37,8,38,10,11,40,16,17,20,22,24,27,30>5,10,16,17,25,27,28,29,30,31,32,1,3,36,37,38,8,40,11,20,24
32,1,33,3,35,36,6,37,8,38,10,11,40,16,17,20,22,24,27,30>33,34,35,5,16,22,27,28,30,32,1,3,36,37,38,8,40,11,20,24
32,1,33,3,35,36,6,37,8,38,10,11,40,16,17,20,22,24,27,30>34,6,10,17,30,31,32,1,3,36,37,38,8,40,11,20,24
32,1,33,3,35,36,6,37,8,38,10,11,40,16,17,20,22,24,27,30>35,6,16,17,22,25,27,29,32,1,3,36,37,38,8,40,11,20,24
32,1,33,3,35,36,6,37,8,38,10,11,40,16,17,20,22,24,27,30>33,35,6,7,13,25,29,32,1,3,36,37,38,8,40,11,20,24
32,1,33,3,35,36,6,37,8,38,10,11,40,16,17,20,22,24,27,30>33,34,35,5,6,7,10,13,16,27,29,30,31,32,1,3,36,37,38,8,40,11,20,24
2,3,4,5,6,8,13,14,15,16,17,18,20,21,23,24,27,28,29,30,31,32,33,37,40>36,39,21,22,23,32,33,2,3,4,8,40,14,15,16,17,20,24,31
2,3,4,5,6,8,13,14,15,16,17,18,20,21,23,24,27,28,29,30,31,32,33,37,40>35,36,13,21,27,32,33,2,3,4,8,40,14,15,16,17,20,24,31
2,3,4,5,6,8,13,14,15,16,17,18,20,21,23,24,27,28,29,30,31,32,33,37,40>5,39,25,26,27,28,32,33,2,3,4,8,40,14,15,16,17,20,24,31
2,3,4,5,6,8,13,14,15,16,17,18,20,21,23,24,27,28,29,30,31,32,33,37,40>35,5,9,21,22,23,26,28,29,32,33,2,3,4,8,40,14,15,16,17,20,24,31
2,3,4,5,6,8,13,14,15,16,17,18,20,21,23,24,27,28,29,30,31,32,33,37,40>35,36,5,9,18,22,25,26,28,29,32,33,2,3,4,8,40,14,15,16,17,20,24,31
2,3,4,5,6,8,13,14,15,16,17,18,20,21,23,24,27,28,29,30,31,32,33,37,40>6,18,23,27,30,32,33,2,3,4,8,40,14,15,16,17,20,24,31
2,3,4,5,6,8,13,14,15,16,17,18,20,21,23,24,27,28,29,30,31,32,33,37,40>36,6,13,23,30,32,33,2,3,4,8,40,14,15,16,17,20,24,31
2,3,4,5,6,8,13,14,15,16,17,18,20,21,23,24,27,28,29,30,31,32,33,37,40>36,37,13,18,23,25,27,29,30,32,33,2,3,4,8,40,14,15,16,17,20,24,31
2,3,4,5,6,8,13,14,15,16,17,18,20,21,23,24,27,28,29,30,31,32,33,37,40>35,5,37,39,9,13,21,27,28,32,33,2,3,4,8,40,14,15,16,17,20,24,31
2,3,4,5,6,8,13,14,15,16,17,18,20,21,23,24,27,28,29,30,31,32,33,37,40>35,6,37,13,21,22,25,28,29,30,32,33,2,3,4,8,40,14,15,16,17,20,24,31
2,3,4,8,9,10,11,13,14,17,18,24,26,27,28,30,31,32,33,34,40>35,36,15,22,24,25,26,28,32,33,2,3,34,40,11,13,14,17,30,31
2,3,4,8,9,10,11,13,14,17,18,24,26,27,28,30,31,32,33,34,40>8,15,16,18,24,27,28,32,33,2,3,34,40,11,13,14,17,30,31
2,3,4,8,9,10,11,13,14,17,18,24,26,27,28,30,31,32,33,34,40>4,8,10,15,16,18,20,26,27,28,32,33,2,3,34,40,11,13,14,17,30,31
2,3,4,8,9,10,11,13,14,17,18,24,26,27,28,30,31,32,33,34,40>35,36,8,10,16,18,20,28,32,33,2,3,34,40,11,13,14,17,30,31
2,3,4,8,9,10,11,13,14,17,18,24,26,27,28,30,31,32,33,34,40>4,36,8,10,16,20,22,24,25,32,33,2,3,34,40,11,13,14,17,30,31
2,3,4,8,9,10,11,13,14,17,18,24,26,27,28,30,31,32,33,34,40>9,10,26,32,33,2,3,34,40,11,13,14,17,30,31
2,3,4,8,9,10,11,13,14,17,18,24,26,27,28,30,31,32,33,34,40>36,9,15,16,22,24,25,26,32,33,2,3,34,40,11,13,14,17,30,31
2,3,4,8,9,10,11,13,14,17,18,24,26,27,28,30,31,32,33,34,40>36,9,15,16,18,22,24,26,28,32,33,2,3,34,40,11,13,14,17,30,31
2,3,4,8,9,10,11,13,14,17,18,24,26,27,28,30,31,32,33,34,40>4,36,8,9,16,18,22,24,28,32,33,2,3,34,40,11,13,14,17,30,31
2,3,4,8,9,10,11,13,14,17,18,24,26,27,28,30,31,32,33,34,40>35,4,36,8,9,10,22,24,27,28,32,33,2,3,34,40,11,13,14,17,30,31
1,3,4,5,6,10,11,13,15,16,23,25,27,29,30,31,32,34,35,36,37,40>4,5,17,23,25,29,30,32,1,3,35,37,40,11,13,16,27,31
1,3,4,5,6,10,11,13,15,16,23,25,27,29,30,31,32,34,35,36,37,40>34,4,5,8,9,10,38,14,17,23,25,29,32,1,3,35,37,40,11,13,16,27,31
1,3,4,5,6,10,11,13,15,16,23,25,27,29,30,31,32,34,35,36,37,40>6,9,15,17,23,26,29,30,32,1,3,35,37,40,11,13,16,27,31
1,3,4,5,6,10,11,13,15,16,23,25,27,29,30,31,32,34,35,36,37,40>34,6,8,10,36,14,23,25,26,29,30,32,1,3,35,37,40,11,13,16,27,31
1,3,4,5,6,10,11,13,15,16,23,25,27,29,30,31,32,34,35,36,37,40>5,6,8,9,10,12,17,32,1,3,35,37,40,11,13,16,27,31
1,3,4,5,6,10,11,13,15,16,23,25,27,29,30,31,32,34,35,36,37,40>4,5,6,9,10,36,12,14,15,23,32,1,3,35,37,40,11,13,16,27,31
1,3,4,5,6,10,11,13,15,16,23,25,27,29,30,31,32,34,35,36,37,40>34,4,5,6,14,15,17,23,26,30,32,1,3,35,37,40,11,13,16,27,31
1,3,4,5,6,10,11,13,15,16,23,25,27,29,30,31,32,34,35,36,37,40>4,5,6,10,36,38,14,25,32,1,3,35,37,40,11,13,16,27,31
1,3,4,5,6,10,11,13,15,16,23,25,27,29,30,31,32,34,35,36,37,40>34,4,5,7,12,17,23,26,30,32,1,3,35,37,40,11,13,16,27,31
1,3,4,5,6,10,11,13,15,16,23,25,27,29,30,31,32,34,35,36,37,40>5,6,7,8,9,12,38,14,17,23,29,30,32,1,3,35,37,40,11,13,16,27,31
34,3,36,5,6,37,8,9,10,38,39,13,14,15,40,17,18,21,22,25>36,9,11,40,27,28,29,34,3,5,8,10,13,14,15,17,21,22
34,3,36,5,6,37,8,9,10,38,39,13,14,15,40,17,18,21,22,25>4,36,9,39,11,40,16,20,25,28,29,34,3,5,8,10,13,14,15,17,21,22
34,3,36,5,6,37,8,9,10,38,39,13,14,15,40,17,18,21,22,25>6,12,16,20,25,29,34,3,5,8,10,13,14,15,17,21,22
34,3,36,5,6,37,8,9,10,38,39,13,14,15,40,17,18,21,22,25>36,6,39,11,12,40,20,25,27,34,3,5,8,10,13,14,15,17,21,22
34,3,36,5,6,37,8,9,10,38,39,13,14,15,40,17,18,21,22,25>36,6,37,39,40,16,18,25,27,28,34,3,5,8,10,13,14,15,17,21,22
34,3,36,5,6,37,8,9,10,38,39,13,14,15,40,17,18,21,22,25>4,36,6,37,9,39,11,16,18,20,28,29,34,3,5,8,10,13,14,15,17,21,22
34,3,36,5,6,37,8,9,10,38,39,13,14,15,40,17,18,21,22,25>4,37,38,9,39,40,16,18,27,34,3,5,8,10,13,14,15,17,21,22
34,3,36,5,6,37,8,9,10,38,39,13,14,15,40,17,18,21,22,25>36,6,38,39,11,40,16,18,20,25,27,28,34,3,5,8,10,13,14,15,17,21,22
34,3,36,5,6,37,8,9,10,38,39,13,14,15,40,17,18,21,22,25>4,36,6,38,39,11,16,18,20,34,3,5,8,10,13,14,15,17,21,22
34,3,36,5,6,37,8,9,10,38,39,13,14,15,40,17,18,21,22,25>4,37,38,39,40,16,20,27,28,29,34,3,5,8,10,13,14,15,17,21,22
1,2,3,33,34,35,36,8,9,11,17,20,22,23,24,25,27,29>33,34,9,11,17,22,23,26,1,2,3,36,20,24,25,27,29
1,2,3,33,34,35,36,8,9,11,17,20,22,23,24,25,27,29>33,35,8,17,22,1,2,3,36,20,24,25,27,29
1,2,3,33,34,35,36,8,9,11,17,20,22,23,24,25,27,29>34,35,6,37,8,17,23,31,1,2,3,36,20,24,25,27,29
1,2,3,33,34,35,36,8,9,11,17,20,22,23,24,25,27,29>32,34,35,37,11,17,23,1,2,3,36,20,24,25,27,29
1,2,3,33,34,35,36,8,9,11,17,20,22,23,24,25,27,29>32,34,35,6,8,9,17,22,23,26,31,1,2,3,36,20,24,25,27,29
1,2,3,33,34,35,36,8,9,11,17,20,22,23,24,25,27,29>34,5,8,9,11,22,23,26,28,31,1,2,3,36,20,24,25,27,29
1,2,3,33,34,35,36,8,9,11,17,20,22,23,24,25,27,29>33,34,5,6,9,23,26,31,1,2,3,36,20,24,25,27,29
1,2,3,33,34,35,36,8,9,11,17,20,22,23,24,25,27,29>33,34,5,6,37,9,11,17,26,31,1,2,3,36,20,24,25,27,29
1,2,3,33,34,35,36,8,9,11,17,20,22,23,24,25,27,29>35,5,6,8,9,11,22,28,1,2,3,36,20,24,25,27,29
1,2,3,33,34,35,36,8,9,11,17,20,22,23,24,25,27,29>34,35,5,6,37,9,26,31,1,2,3,36,20,24,25,27,29
33,2,34,4,36,6,37,38,39,10,12,13,14,15,16,17,18,19,30,31>38,8,10,39,40,20,23,30,2,34,36,12,13,14,15,16,17,18,19
33,2,34,4,36,6,37,38,39,10,12,13,14,15,16,17,18,19,30,31>33,35,38,8,39,23,30,31,2,34,36,12,13,14,15,16,17,18,19
33,2,34,4,36,6,37,38,39,10,12,13,14,15,16,17,18,19,30,31>33,4,38,39,40,20,30,2,34,36,12,13,14,15,16,17,18,19
33,2,34,4,36,6,37,38,39,10,12,13,14,15,16,17,18,19,30,31>35,4,38,10,11,39,40,23,31,2,34,36,12,13,14,15,16,17,18,19
33,2,34,4,36,6,37,38,39,10,12,13,14,15,16,17,18,19,30,31>33,35,37,38,8,10,40,2,34,36,12,13,14,15,16,17,18,19
33,2,34,4,36,6,37,38,39,10,12,13,14,15,16,17,18,19,30,31>4,37,8,9,40,22,30,31,2,34,36,12,13,14,15,16,17,18,19
33,2,34,4,36,6,37,38,39,10,12,13,14,15,16,17,18,19,30,31>33,35,4,37,8,23,30,2,34,36,12,13,14,15,16,17,18,19
33,2,34,4,36,6,37,38,39,10,12,13,14,15,16,17,18,19,30,31>6,11,40,20,23,2,34,36,12,13,14,15,16,17,18,19
33,2,34,4,36,6,37,38,39,10,12,13,14,15,16,17,18,19,30,31>33,4,37,6,38,11,40,30,31,2,34,36,12,13,14,15,16,17,18,19
33,2,34,4,36,6,37,38,39,10,12,13,14,15,16,17,18,19,30,31>35,4,37,6,9,10,11,39,22,23,30,31,2,34,36,12,13,14,15,16,17,18,19
32,1,2,3,4,33,34,35,40,10,15,16,17,18,20,21,22,27,28>37,6,7,11,13,24,29,31,32,1,2,3,4,33,34,20,21,22,28
32,1,2,3,4,33,34,35,40,10,15,16,17,18,20,21,22,27,28>35,37,40,10,11,12,13,15,24,27,32,1,2,3,4,33,34,20,21,22,28
32,1,2,3,4,33,34,35,40,10,15,16,17,18,20,21,22,27,28>36,37,40,10,11,12,16,17,18,24,27,29,31,32,1,2,3,4,33,34,20,21,22,28
32,1,2,3,4,33,34,35,40,10,15,16,17,18,20,21,22,27,28>35,37,10,12,15,17,18,29,31,32,1,2,3,4,33,34,20,21,22,28
32,1,2,3,4,33,34,35,40,10,15,16,17,18,20,21,22,27,28>35,6,40,11,12,15,17,27,29,32,1,2,3,4,33,34,20,21,22,28
32,1,2,3,4,33,34,35,40,10,15,16,17,18,20,21,22,27,28>36,6,11,16,17,18,24,27,31,32,1,2,3,4,33,34,20,21,22,28
32,1,2,3,4,33,34,35,40,10,15,16,17,18,20,21,22,27,28>36,6,10,12,13,15,18,27,29,31,32,1,2,3,4,33,34,20,21,22,28
32,1,2,3,4,33,34,35,40,10,15,16,17,18,20,21,22,27,28>35,37,6,40,10,13,32,1,2,3,4,33,34,20,21,22,28
32,1,2,3,4,33,34,35,40,10,15,16,17,18,20,21,22,27,28>37,6,7,40,11,13,16,17,27,29,31,32,1,2,3,4,33,34,20,21,22,28
32,1,2,3,4,33,34,35,40,10,15,16,17,18,20,21,22,27,28>35,37,6,7,40,11,13,15,18,24,32,1,2,3,4,33,34,20,21,22,28
32,1,2,34,4,5,35,7,36,9,39,13,15,25,31>4,36,13,14,17,1,2,35,34,5,7,9
32,1,2,34,4,5,35,7,36,9,39,13,15,25,31>4,37,13,17,25,1,2,35,34,5,7,9
32,1,2,34,4,5,35,7,36,9,39,13,15,25,31>32,4,37,13,15,16,27,1,2,35,34,5,7,9
32,1,2,34,4,5,35,7,36,9,39,13,15,25,31>32,36,37,38,15,16,25,27,31,1,2,35,34,5,7,9
32,1,2,34,4,5,35,7,36,9,39,13,15,25,31>36,37,39,14,15,16,17,25,1,2,35,34,5,7,9
32,1,2,34,4,5,35,7,36,9,39,13,15,25,31>32,38,39,16,17,27,1,2,35,34,5,7,9
32,1,2,34,4,5,35,7,36,9,39,13,15,25,31>32,36,38,39,13,17,31,1,2,35,34,5,7,9
32,1,2,34,4,5,35,7,36,9,39,13,15,25,31>4,36,38,17,25,1,2,35,34,5,7,9
32,1,2,34,4,5,35,7,36,9,39,13,15,25,31>32,36,37,38,39,13,14,16,25,27,31,1,2,35,34,5,7,9
32,1,2,34,4,5,35,7,36,9,39,13,15,25,31>4,36,37,38,39,17,27,31,1,2,35,34,5,7,9
1,3,5,6,8,12,13,14,16,19,20,22,23,24,26,28,32,33,35,36,37,38>34,7,39,12,15,22,29,1,33,3,36,5,37,38,8,14,16,23,24,26,28
1,3,5,6,8,12,13,14,16,19,20,22,23,24,26,28,32,33,35,36,37,38>32,34,7,39,13,18,22,30,1,33,3,36,5,37,38,8,14,16,23,24,26,28
1,3,5,6,8,12,13,14,16,19,20,22,23,24,26,28,32,33,35,36,37,38>32,34,35,6,7,15,19,20,1,33,3,36,5,37,38,8,14,16,23,24,26,28
1,3,5,6,8,12,13,14,16,19,20,22,23,24,26,28,32,33,35,36,37,38>34,35,7,12,13,15,19,20,22,25,30,1,33,3,36,5,37,38,8,14,16,23,24,26,28
1,3,5,6,8,12,13,14,16,19,20,22,23,24,26,28,32,33,35,36,37,38>32,34,35,7,39,12,25,30,1,33,3,36,5,37,38,8,14,16,23,24,26,28
1,3,5,6,8,12,13,14,16,19,20,22,23,24,26,28,32,33,35,36,37,38>34,4,6,12,25,30,1,33,3,36,5,37,38,8,14,16,23,24,26,28
1,3,5,6,8,12,13,14,16,19,20,22,23,24,26,28,32,33,35,36,37,38>32,34,35,4,7,13,18,22,25,29,30,1,33,3,36,5,37,38,8,14,16,23,24,26,28
1,3,5,6,8,12,13,14,16,19,20,22,23,24,26,28,32,33,35,36,37,38>32,34,35,6,7,39,13,19,20,22,25,1,33,3,36,5,37,38,8,14,16,23,24,26,28
1,3,5,6,8,12,13,14,16,19,20,22,23,24,26,28,32,33,35,36,37,38>4,6,39,15,19,20,29,1,33,3,36,5,37,38,8,14,16,23,24,26,28
1,3,5,6,8,12,13,14,16,19,20,22,23,24,26,28,32,33,35,36,37,38>34,4,6,7,39,12,13,15,19,20,22,1,33,3,36,5,37,38,8,14,16,23,24,26,28
32,33,2,3,34,7,39,12,13,14,16,17,18,25,28>36,9,12,22,25,27,33,2,3,34,14,16,17
32,33,2,3,34,7,39,12,13,14,16,17,18,25,28>5,36,12,13,15,18,22,25,27,28,33,2,3,34,14,16,17
32,33,2,3,34,7,39,12,13,14,16,17,18,25,28>5,36,9,18,20,25,33,2,3,34,14,16,17
32,33,2,3,34,7,39,12,13,14,16,17,18,25,28>4,5,36,12,13,18,22,27,33,2,3,34,14,16,17
32,33,2,3,34,7,39,12,13,14,16,17,18,25,28>32,5,36,9,13,22,27,28,33,2,3,34,14,16,17
32,33,2,3,34,7,39,12,13,14,16,17,18,25,28>32,5,7,39,9,12,13,18,20,22,25,28,33,2,3,34,14,16,17
32,33,2,3,34,7,39,12,13,14,16,17,18,25,28>32,4,5,7,9,13,15,18,20,22,33,2,3,34,14,16,17
32,33,2,3,34,7,39,12,13,14,16,17,18,25,28>4,36,7,12,13,15,18,27,28,33,2,3,34,14,16,17
32,33,2,3,34,7,39,12,13,14,16,17,18,25,28>5,36,7,9,20,22,25,33,2,3,34,14,16,17
32,33,2,3,34,7,39,12,13,14,16,17,18,25,28>32,4,5,36,7,12,13,15,18,20,22,28,33,2,3,34,14,16,17
33,35,4,5,36,7,8,37,38,11,39,14,18,20,23,25,27,29,31>33,9,15,20,23,26,29,35,36,37,5,39,27,31
33,35,4,5,36,7,8,37,38,11,39,14,18,20,23,25,27,29,31>38,15,18,23,25,35,36,37,5,39,27,31
33,35,4,5,36,7,8,37,38,11,39,14,18,20,23,25,27,29,31>32,33,38,9,18,22,23,24,25,35,36,37,5,39,27,31
33,35,4,5,36,7,8,37,38,11,39,14,18,20,23,25,27,29,31>4,38,8,18,23,24,26,29,35,36,37,5,39,27,31
33,35,4,5,36,7,8,37,38,11,39,14,18,20,23,25,27,29,31>32,4,38,11,14,15,22,23,26,35,36,37,5,39,27,31
33,35,4,5,36,7,8,37,38,11,39,14,18,20,23,25,27,29,31>32,4,38,9,15,20,29,35,36,37,5,39,27,31
33,35,4,5,36,7,8,37,38,11,39,14,18,20,23,25,27,29,31>4,7,9,15,18,22,24,25,29,35,36,37,5,39,27,31
33,35,4,5,36,7,8,37,38,11,39,14,18,20,23,25,27,29,31>33,4,7,8,11,18,23,24,26,29,35,36,37,5,39,27,31
33,35,4,5,36,7,8,37,38,11,39,14,18,20,23,25,27,29,31>32,33,4,7,9,11,14,18,20,22,24,25,29,35,36,37,5,39,27,31
33,35,4,5,36,7,8,37,38,11,39,14,18,20,23,25,27,29,31>32,33,4,38,7,8,11,14,18,26,35,36,37,5,39,27,31
1,3,4,6,7,9,11,12,15,17,19,21,23,24,26,30,32,33,34,35,37>6,36,40,17,18,21,25,1,34,3,37,7,9,23,26,30
1,3,4,6,7,9,11,12,15,17,19,21,23,24,26,30,32,33,34,35,37>4,6,36,8,40,11,19,20,24,1,34,3,37,7,9,23,26,30
1,3,4,6,7,9,11,12,15,17,19,21,23,24,26,30,32,33,34,35,37>35,4,5,6,8,40,11,15,17,18,20,21,24,25,1,34,3,37,7,9,23,26,30
1,3,4,6,7,9,11,12,15,17,19,21,23,24,26,30,32,33,34,35,37>32,35,4,36,8,40,11,15,17,20,25,1,34,3,37,7,9,23,26,30
1,3,4,6,7,9,11,12,15,17,19,21,23,24,26,30,32,33,34,35,37>5,6,36,40,17,19,21,25,1,34,3,37,7,9,23,26,30
1,3,4,6,7,9,11,12,15,17,19,21,23,24,26,30,32,33,34,35,37>5,6,36,8,11,17,20,24,1,34,3,37,7,9,23,26,30
1,3,4,6,7,9,11,12,15,17,19,21,23,24,26,30,32,33,34,35,37>33,35,5,36,40,11,12,24,1,34,3,37,7,9,23,26,30
1,3,4,6,7,9,11,12,15,17,19,21,23,24,26,30,32,33,34,35,37>32,33,35,5,40,11,15,18,20,1,34,3,37,7,9,23,26,30
1,3,4,6,7,9,11,12,15,17,19,21,23,24,26,30,32,33,34,35,37>33,35,5,8,40,12,15,17,21,1,34,3,37,7,9,23,26,30
1,3,4,6,7,9,11,12,15,17,19,21,23,24,26,30,32,33,34,35,37>35,4,5,6,8,40,12,18,19,21,25,1,34,3,37,7,9,23,26,30
33,2,34,35,5,6,7,37,9,40,13,16,17,22,24,25,26,29,31>33,34,6,8,24,28,30,31,2,35,37,5,9,16,17,25,29
33,2,34,35,5,6,7,37,9,40,13,16,17,22,24,25,26,29,31>36,6,10,13,14,20,22,26,31,2,35,37,5,9,16,17,25,29
33,2,34,35,5,6,7,37,9,40,13,16,17,22,24,25,26,29,31>36,6,8,14,20,27,30,2,35,37,5,9,16,17,25,29
33,2,34,35,5,6,7,37,9,40,13,16,17,22,24,25,26,29,31>7,40,10,13,14,24,27,31,2,35,37,5,9,16,17,25,29
33,2,34,35,5,6,7,37,9,40,13,16,17,22,24,25,26,29,31>33,7,40,10,13,20,22,27,30,2,35,37,5,9,16,17,25,29
33,2,34,35,5,6,7,37,9,40,13,16,17,22,24,25,26,29,31>33,36,7,40,10,13,14,22,24,26,27,28,2,35,37,5,9,16,17,25,29
33,2,34,35,5,6,7,37,9,40,13,16,17,22,24,25,26,29,31>33,36,7,10,14,22,24,27,30,31,2,35,37,5,9,16,17,25,29
33,2,34,35,5,6,7,37,9,40,13,16,17,22,24,25,26,29,31>6,7,8,13,14,26,2,35,37,5,9,16,17,25,29
33,2,34,35,5,6,7,37,9,40,13,16,17,22,24,25,26,29,31>34,6,7,40,10,26,28,30,31,2,35,37,5,9,16,17,25,29
33,2,34,35,5,6,7,37,9,40,13,16,17,22,24,25,26,29,31>34,36,6,7,8,14,22,24,26,30,31,2,35,37,5,9,16,17,25,29
32,1,33,34,4,35,36,37,8,9,10,38,12,14,16,20,21,22,26,29>14,15,26,33,34,1,36,37,38,20,29
32,1,33,34,4,35,36,37,8,9,10,38,12,14,16,20,21,22,26,29>4,8,9,10,11,12,15,21,24,26,30,32,35,1,36,37,38,20,29
32,1,33,34,4,35,36,37,8,9,10,38,12,14,16,20,21,22,26,29>7,9,13,14,15,22,24,26,30,32,34,1,36,37,38,20,29
32,1,33,34,4,35,36,37,8,9,10,38,12,14,16,20,21,22,26,29>4,7,10,14,16,22,30,35,1,36,37,38,20,29
32,1,33,34,4,35,36,37,8,9,10,38,12,14,16,20,21,22,26,29>8,10,13,15,21,22,24,32,34,1,36,37,38,20,29
32,1,33,34,4,35,36,37,8,9,10,38,12,14,16,20,21,22,26,29>4,8,10,11,12,16,21,26,28,35,1,36,37,38,20,29
32,1,33,34,4,35,36,37,8,9,10,38,12,14,16,20,21,22,26,29>4,8,10,11,15,22,26,34,35,1,36,37,38,20,29
32,1,33,34,4,35,36,37,8,9,10,38,12,14,16,20,21,22,26,29>4,8,10,15,21,22,32,35,1,36,37,38,20,29
32,1,33,34,4,35,36,37,8,9,10,38,12,14,16,20,21,22,26,29>8,9,10,11,15,21,24,26,28,32,35,1,36,37,38,20,29
32,1,33,34,4,35,36,37,8,9,10,38,12,14,16,20,21,22,26,29>4,8,9,10,13,15,21,28,32,33,35,1,36,37,38,20,29
34,4,6,7,9,12,13,14,15,16,20,21,23,24,25,28,29,30,31>12,13,27,28,29,31,35,9,14,15,16,20,24,25
34,4,6,7,9,12,13,14,15,16,20,21,23,24,25,28,29,30,31>4,5,10,17,21,23,27,30,31,33,34,9,14,15,16,20,24,25
34,4,6,7,9,12,13,14,15,16,20,21,23,24,25,28,29,30,31>4,5,6,12,13,17,21,23,26,28,30,34,35,40,9,14,15,16,20,24,25
34,4,6,7,9,12,13,14,15,16,20,21,23,24,25,28,29,30,31>7,10,12,17,21,23,26,30,33,34,40,9,14,15,16,20,24,25
34,4,6,7,9,12,13,14,15,16,20,21,23,24,25,28,29,30,31>4,7,12,17,26,28,35,9,14,15,16,20,24,25
34,4,6,7,9,12,13,14,15,16,20,21,23,24,25,28,29,30,31>8,10,13,21,26,30,31,9,14,15,16,20,24,25
34,4,6,7,9,12,13,14,15,16,20,21,23,24,25,28,29,30,31>4,5,8,10,12,13,26,27,28,31,33,9,14,15,16,20,24,25
34,4,6,7,9,12,13,14,15,16,20,21,23,24,25,28,29,30,31>4,6,8,23,26,27,33,34,9,14,15,16,20,24,25
34,4,6,7,9,12,13,14,15,16,20,21,23,24,25,28,29,30,31>5,7,8,12,13,17,21,28,34,35,9,14,15,16,20,24,25
34,4,6,7,9,12,13,14,15,16,20,21,23,24,25,28,29,30,31>5,7,8,10,12,17,21,26,28,30,33,40,9,14,15,16,20,24,25
1,2,3,6,7,8,9,14,16,18,20,21,22,27,30,31,32,33,34,36,38,39>33,28,29,32,1,2,3,34,36,6,7,8,9,38,20,21,22,31
1,2,3,6,7,8,9,14,16,18,20,21,22,27,30,31,32,33,34,36,38,39>35,14,15,18,24,28,29,32,1,2,3,34,36,6,7,8,9,38,20,21,22,31
1,2,3,6,7,8,9,14,16,18,20,21,22,27,30,31,32,33,34,36,38,39>33,35,5,10,14,15,24,29,32,1,2,3,34,36,6,7,8,9,38,20,21,22,31
1,2,3,6,7,8,9,14,16,18,20,21,22,27,30,31,32,33,34,36,38,39>33,4,5,15,18,24,32,1,2,3,34,36,6,7,8,9,38,20,21,22,31
1,2,3,6,7,8,9,14,16,18,20,21,22,27,30,31,32,33,34,36,38,39>29,39,28,10,32,1,2,3,34,36,6,7,8,9,38,20,21,22,31
1,2,3,6,7,8,9,14,16,18,20,21,22,27,30,31,32,33,34,36,38,39>35,39,40,10,14,16,18,24,27,29,30,32,1,2,3,34,36,6,7,8,9,38,20,21,22,31
1,2,3,6,7,8,9,14,16,18,20,21,22,27,30,31,32,33,34,36,38,39>33,35,4,39,14,15,18,24,27,28,30,32,1,2,3,34,36,6,7,8,9,38,20,21,22,31
1,2,3,6,7,8,9,14,16,18,20,21,22,27,30,31,32,33,34,36,38,39>35,5,39,40,14,15,18,27,30,32,1,2,3,34,36,6,7,8,9,38,20,21,22,31
1,2,3,6,7,8,9,14,16,18,20,21,22,27,30,31,32,33,34,36,38,39>33,35,5,39,40,15,18,27,29,32,1,2,3,34,36,6,7,8,9,38,20,21,22,31
1,2,3,6,7,8,9,14,16,18,20,21,22,27,30,31,32,33,34,36,38,39>33,35,4,5,39,40,14,18,27,30,32,1,2,3,34,36,6,7,8,9,38,20,21,22,31
32,1,33,36,5,6,7,8,37,11,12,14,18,20,24,25>32,38,9,12,15,20,1,36,5,7,8,24,25
32,1,33,36,5,6,7,8,37,11,12,14,18,20,24,25>32,38,9,11,12,14,18,27,1,36,5,7,8,24,25
32,1,33,36,5,6,7,8,37,11,12,14,18,20,24,25>32,34,38,39,11,12,14,15,22,27,1,36,5,7,8,24,25
32,1,33,36,5,6,7,8,37,11,12,14,18,20,24,25>32,33,34,38,9,15,18,20,22,27,1,36,5,7,8,24,25
32,1,33,36,5,6,7,8,37,11,12,14,18,20,24,25>32,37,39,11,15,18,20,1,36,5,7,8,24,25
32,1,33,36,5,6,7,8,37,11,12,14,18,20,24,25>33,34,37,6,9,12,15,22,1,36,5,7,8,24,25
32,1,33,36,5,6,7,8,37,11,12,14,18,20,24,25>32,34,37,38,9,11,12,15,18,27,1,36,5,7,8,24,25
32,1,33,36,5,6,7,8,37,11,12,14,18,20,24,25>32,6,38,39,9,12,14,22,1,36,5,7,8,24,25
32,1,33,36,5,6,7,8,37,11,12,14,18,20,24,25>34,37,6,39,12,20,22,27,1,36,5,7,8,24,25
32,1,33,36,5,6,7,8,37,11,12,14,18,20,24,25>33,34,37,6,38,39,12,14,22,27,1,36,5,7,8,24,25
1,2,3,5,8,9,10,12,14,18,19,23,27,28,30,32,35,36,38,39,40>4,13,14,15,26,28,30,36,37,32,1,2,3,5,38,39,40,18,23
1,2,3,5,8,9,10,12,14,18,19,23,27,28,30,32,35,36,38,39,40>4,9,12,13,14,15,22,28,30,31,34,35,36,32,1,2,3,5,38,39,40,18,23
1,2,3,5,8,9,10,12,14,18,19,23,27,28,30,32,35,36,38,39,40>8,9,10,12,13,15,19,26,30,31,35,32,1,2,3,5,38,39,40,18,23
1,2,3,5,8,9,10,12,14,18,19,23,27,28,30,32,35,36,38,39,40>4,8,9,10,11,15,19,22,27,33,37,32,1,2,3,5,38,39,40,18,23
1,2,3,5,8,9,10,12,14,18,19,23,27,28,30,32,35,36,38,39,40>10,11,13,14,26,27,30,33,32,1,2,3,5,38,39,40,18,23
1,2,3,5,8,9,10,12,14,18,19,23,27,28,30,32,35,36,38,39,40>4,8,10,11,14,15,19,22,28,30,31,33,36,32,1,2,3,5,38,39,40,18,23
1,2,3,5,8,9,10,12,14,18,19,23,27,28,30,32,35,36,38,39,40>9,10,11,12,15,19,22,26,28,31,36,32,1,2,3,5,38,39,40,18,23
1,2,3,5,8,9,10,12,14,18,19,23,27,28,30,32,35,36,38,39,40>4,9,10,11,12,26,27,33,34,32,1,2,3,5,38,39,40,18,23
1,2,3,5,8,9,10,12,14,18,19,23,27,28,30,32,35,36,38,39,40>8,9,10,11,12,14,15,19,26,27,28,31,33,34,35,36,37,32,1,2,3,5,38,39,40,18,23
1,2,3,5,8,9,10,12,14,18,19,23,27,28,30,32,35,36,38,39,40>4,8,9,10,11,22,26,28,30,31,33,35,36,32,1,2,3,5,38,39,40,18,23
32,1,2,34,4,37,40,9,10,14,16,17,19,21,24,25,31>13,15,16,17,18,19,21,35,37,40,1,2,34,25
32,1,2,34,4,37,40,9,10,14,16,17,19,21,24,25,31>6,15,18,27,31,37,1,2,34,25
32,1,2,34,4,37,40,9,10,14,16,17,19,21,24,25,31>6,9,11,14,16,17,18,20,23,24,31,32,37,1,2,34,25
32,1,2,34,4,37,40,9,10,14,16,17,19,21,24,25,31>6,9,11,15,17,19,31,32,40,1,2,34,25
32,1,2,34,4,37,40,9,10,14,16,17,19,21,24,25,31>6,7,9,13,14,15,19,23,31,40,1,2,34,25
32,1,2,34,4,37,40,9,10,14,16,17,19,21,24,25,31>7,10,11,16,20,23,24,31,32,37,1,2,34,25
32,1,2,34,4,37,40,9,10,14,16,17,19,21,24,25,31>4,7,10,11,15,18,21,24,27,31,32,35,1,2,34,25
32,1,2,34,4,37,40,9,10,14,16,17,19,21,24,25,31>6,7,10,11,17,18,21,32,35,37,40,1,2,34,25
32,1,2,34,4,37,40,9,10,14,16,17,19,21,24,25,31>6,7,10,14,15,16,18,21,24,1,2,34,25
32,1,2,34,4,37,40,9,10,14,16,17,19,21,24,25,31>6,7,9,10,13,14,15,16,17,20,21,23,24,27,32,40,1,2,34,25
1,2,5,10,11,12,13,16,18,22,24,26,29,31,32,33,34,35,37,39,40>32,40,14,17,21,24,25,30,31,1,2,35,5,37,11,13,16,22,29
1,2,5,10,11,12,13,16,18,22,24,26,29,31,32,33,34,35,37,39,40>33,40,14,17,18,24,28,1,2,35,5,37,11,13,16,22,29
1,2,5,10,11,12,13,16,18,22,24,26,29,31,32,33,34,35,37,39,40>32,36,14,18,21,24,28,30,1,2,35,5,37,11,13,16,22,29
1,2,5,10,11,12,13,16,18,22,24,26,29,31,32,33,34,35,37,39,40>33,34,36,40,10,18,25,30,31,1,2,35,5,37,11,13,16,22,29
1,2,5,10,11,12,13,16,18,22,24,26,29,31,32,33,34,35,37,39,40>33,34,36,10,12,14,18,24,25,26,1,2,35,5,37,11,13,16,22,29
1,2,5,10,11,12,13,16,18,22,24,26,29,31,32,33,34,35,37,39,40>39,10,21,24,26,1,2,35,5,37,11,13,16,22,29
1,2,5,10,11,12,13,16,18,22,24,26,29,31,32,33,34,35,37,39,40>32,33,34,36,40,10,24,26,28,1,2,35,5,37,11,13,16,22,29
1,2,5,10,11,12,13,16,18,22,24,26,29,31,32,33,34,35,37,39,40>32,33,39,40,12,21,30,31,1,2,35,5,37,11,13,16,22,29
1,2,5,10,11,12,13,16,18,22,24,26,29,31,32,33,34,35,37,39,40>32,34,39,10,17,26,30,31,1,2,35,5,37,11,13,16,22,29
1,2,5,10,11,12,13,16,18,22,24,26,29,31,32,33,34,35,37,39,40>33,34,39,12,14,17,21,25,1,2,35,5,37,11,13,16,22,29
32,1,33,34,35,5,6,40,9,13,14,17,21,28,29,30>32,34,35,6,10,13,15,16,20,21,28,29,30,1,33,5,40,14,17
32,1,33,34,35,5,6,40,9,13,14,17,21,28,29,30>36,6,7,8,9,10,13,15,21,29,30,1,33,5,40,14,17
32,1,33,34,35,5,6,40,9,13,14,17,21,28,29,30>35,36,6,8,9,13,16,21,1,33,5,40,14,17
32,1,33,34,35,5,6,40,9,13,14,17,21,28,29,30>34,35,36,13,16,21,30,1,33,5,40,14,17
32,1,33,34,35,5,6,40,9,13,14,17,21,28,29,30>32,37,6,8,13,16,28,1,33,5,40,14,17
32,1,33,34,35,5,6,40,9,13,14,17,21,28,29,30>32,37,6,8,9,10,20,21,28,30,1,33,5,40,14,17
32,1,33,34,35,5,6,40,9,13,14,17,21,28,29,30>32,34,37,6,7,8,13,20,28,29,1,33,5,40,14,17
32,1,33,34,35,5,6,40,9,13,14,17,21,28,29,30>32,35,37,6,10,13,15,20,21,1,33,5,40,14,17
32,1,33,34,35,5,6,40,9,13,14,17,21,28,29,30>34,36,37,6,8,10,13,15,16,20,21,28,29,1,33,5,40,14,17
32,1,33,34,35,5,6,40,9,13,14,17,21,28,29,30>35,36,37,7,10,13,16,28,29,30,1,33,5,40,14,17
32,2,35,36,37,38,39,9,11,14,16,18,20,27,29,30>35,36,11,15,20,22,24,30,31,32,2,37,38,39
32,2,35,36,37,38,39,9,11,14,16,18,20,27,29,30>35,5,11,15,18,20,22,24,27,29,31,32,2,37,38,39
32,2,35,36,37,38,39,9,11,14,16,18,20,27,29,30>35,5,11,14,15,18,20,30,32,2,37,38,39
32,2,35,36,37,38,39,9,11,14,16,18,20,27,29,30>5,40,11,14,22,31,32,2,37,38,39
32,2,35,36,37,38,39,9,11,14,16,18,20,27,29,30>35,36,9,11,14,16,22,30,31,32,2,37,38,39
32,2,35,36,37,38,39,9,11,14,16,18,20,27,29,30>5,9,11,14,16,18,22,27,29,32,2,37,38,39
32,2,35,36,37,38,39,9,11,14,16,18,20,27,29,30>36,40,9,11,15,18,24,27,29,30,32,2,37,38,39
32,2,35,36,37,38,39,9,11,14,16,18,20,27,29,30>35,36,40,9,11,15,20,22,27,29,30,31,32,2,37,38,39
32,2,35,36,37,38,39,9,11,14,16,18,20,27,29,30>36,5,40,9,11,14,18,22,24,30,32,2,37,38,39
32,2,35,36,37,38,39,9,11,14,16,18,20,27,29,30>35,36,5,40,9,11,14,18,20,24,29,30,32,2,37,38,39
32,33,34,35,4,37,6,38,8,40,10,11,15,17,18,22,25,28,29,31>32,36,38,40,9,10,12,13,17,20,21,33,35,37,8,11,22,28,29
32,33,34,35,4,37,6,38,8,40,10,11,15,17,18,22,25,28,29,31>34,36,9,12,13,15,17,21,27,31,33,35,37,8,11,22,28,29
32,33,34,35,4,37,6,38,8,40,10,11,15,17,18,22,25,28,29,31>32,34,4,36,6,38,12,15,18,20,21,25,27,33,35,37,8,11,22,28,29
32,33,34,35,4,37,6,38,8,40,10,11,15,17,18,22,25,28,29,31>6,40,10,12,13,15,25,27,33,35,37,8,11,22,28,29
32,33,34,35,4,37,6,38,8,40,10,11,15,17,18,22,25,28,29,31>34,6,38,10,13,17,20,21,25,27,33,35,37,8,11,22,28,29
32,33,34,35,4,37,6,38,8,40,10,11,15,17,18,22,25,28,29,31>34,6,38,12,13,18,20,21,31,33,35,37,8,11,22,28,29
32,33,34,35,4,37,6,38,8,40,10,11,15,17,18,22,25,28,29,31>4,6,38,9,13,27,33,35,37,8,11,22,28,29
32,33,34,35,4,37,6,38,8,40,10,11,15,17,18,22,25,28,29,31>32,4,6,38,9,10,15,31,33,35,37,8,11,22,28,29
32,33,34,35,4,37,6,38,8,40,10,11,15,17,18,22,25,28,29,31>34,4,6,38,40,10,13,15,17,18,20,27,33,35,37,8,11,22,28,29
32,33,34,35,4,37,6,38,8,40,10,11,15,17,18,22,25,28,29,31>32,34,4,36,6,17,31,33,35,37,8,11,22,28,29
2,3,5,6,8,12,13,14,16,17,18,19,20,22,24,26,29,30,33,34,36,37,38,40>37,6,38,12,15,23,28,2,3,36,5,8,40,14,16,17,18,20,22,24,29,30
2,3,5,6,8,12,13,14,16,17,18,19,20,22,24,26,29,30,33,34,36,37,38,40>33,34,4,12,13,21,23,25,26,2,3,36,5,8,40,14,16,17,18,20,22,24,29,30
2,3,5,6,8,12,13,14,16,17,18,19,20,22,24,26,29,30,33,34,36,37,38,40>34,37,12,15,21,23,26,2,3,36,5,8,40,14,16,17,18,20,22,24,29,30
2,3,5,6,8,12,13,14,16,17,18,19,20,22,24,26,29,30,33,34,36,37,38,40>34,4,37,38,13,19,21,23,26,2,3,36,5,8,40,14,16,17,18,20,22,24,29,30
2,3,5,6,8,12,13,14,16,17,18,19,20,22,24,26,29,30,33,34,36,37,38,40>33,4,6,13,15,21,25,2,3,36,5,8,40,14,16,17,18,20,22,24,29,30
2,3,5,6,8,12,13,14,16,17,18,19,20,22,24,26,29,30,33,34,36,37,38,40>33,34,4,6,38,15,19,21,28,2,3,36,5,8,40,14,16,17,18,20,22,24,29,30
2,3,5,6,8,12,13,14,16,17,18,19,20,22,24,26,29,30,33,34,36,37,38,40>37,6,38,12,15,25,2,3,36,5,8,40,14,16,17,18,20,22,24,29,30
2,3,5,6,8,12,13,14,16,17,18,19,20,22,24,26,29,30,33,34,36,37,38,40>34,37,6,12,15,19,23,25,28,2,3,36,5,8,40,14,16,17,18,20,22,24,29,30
2,3,5,6,8,12,13,14,16,17,18,19,20,22,24,26,29,30,33,34,36,37,38,40>33,34,37,6,38,13,15,21,23,2,3,36,5,8,40,14,16,17,18,20,22,24,29,30
2,3,5,6,8,12,13,14,16,17,18,19,20,22,24,26,29,30,33,34,36,37,38,40>33,4,37,6,13,25,28,2,3,36,5,8,40,14,16,17,18,20,22,24,29,30
32,1,2,34,4,5,38,7,8,9,12,14,19,22,23,25,27,29>34,14,15,18,19,22,25,32,1,2,5,7,9,23,27,29
32,1,2,34,4,5,38,7,8,9,12,14,19,22,23,25,27,29>4,18,22,26,28,31,32,1,2,5,7,9,23,27,29
32,1,2,34,4,5,38,7,8,9,12,14,19,22,23,25,27,29>34,4,38,14,18,19,25,26,31,32,1,2,5,7,9,23,27,29
32,1,2,34,4,5,38,7,8,9,12,14,19,22,23,25,27,29>4,8,14,15,22,26,28,31,32,1,2,5,7,9,23,27,29
32,1,2,34,4,5,38,7,8,9,12,14,19,22,23,25,27,29>4,8,14,18,25,32,1,2,5,7,9,23,27,29
32,1,2,34,4,5,38,7,8,9,12,14,19,22,23,25,27,29>4,38,8,14,19,25,28,31,32,1,2,5,7,9,23,27,29
32,1,2,34,4,5,38,7,8,9,12,14,19,22,23,25,27,29>4,12,14,15,22,26,28,31,32,1,2,5,7,9,23,27,29
32,1,2,34,4,5,38,7,8,9,12,14,19,22,23,25,27,29>34,4,12,14,25,26,31,32,1,2,5,7,9,23,27,29
32,1,2,34,4,5,38,7,8,9,12,14,19,22,23,25,27,29>34,38,12,14,15,18,25,26,28,31,32,1,2,5,7,9,23,27,29
32,1,2,34,4,5,38,7,8,9,12,14,19,22,23,25,27,29>4,38,8,12,19,25,31,32,1,2,5,7,9,23,27,29
