CD45,CD8,TCRlig,TCbind,PAGCsk,LCK,Fyn,Rlk,TCRphos,ZAP70,cCbl,Itk,LAT,Gads,Slp76,PLCg_b,Grb2Sos,DAG,PLCg_a,Ras,RasGRP1,PKCth,IP3,Raf,MEK,Ca,ERK,SEK,IKK,Calcin,Rsk,Fos,JNK,IkB,CREB,Jun,CRE,AP1,NFkB,NFAT
2,3,6,7,8,9,10,11,12,15,16,18,21,23,26,27,28,29,32,35,36,37,39,40>7,15,18,22,28,31,35,38,32,2,3,37,39,8,9,11,12,26
2,3,6,7,8,9,10,11,12,15,16,18,21,23,26,27,28,29,32,35,36,37,39,40>6,7,10,15,16,18,19,20,21,31,36,38,40,32,2,3,37,39,8,9,11,12,26
1,33,3,4,36,6,38,8,9,39,11,40,14,17,20,23,25,27,29,30>32,33,4,6,38,25,26,30,1,3,36,39,8,9,40,20,27
1,33,3,4,36,6,38,8,9,39,11,40,14,17,20,23,25,27,29,30>32,33,4,6,38,14,23,24,26,31,1,3,36,39,8,9,40,20,27
3,4,5,6,9,10,11,13,14,15,17,18,19,20,21,22,23,24,27,28,29,32,35,36,38,39,40>5,6,8,10,40,32,3,38,39,9,11,13,14,15,17,18,20,21,22,23,24,28,29
3,4,5,6,9,10,11,13,14,15,17,18,19,20,21,22,23,24,27,28,29,32,35,36,38,39,40>33,35,5,36,37,10,40,12,26,27,31,32,3,38,39,9,11,13,14,15,17,18,20,21,22,23,24,28,29
33,2,35,4,36,37,8,10,13,14,16,17,19,20,21,22,24,25,27,28>32,10,11,18,21,33,2,36,37,13,14,16,17,20,24,25,27,28
33,2,35,4,36,37,8,10,13,14,16,17,19,20,21,22,24,25,27,28>32,34,4,8,10,18,22,29,33,2,36,37,13,14,16,17,20,24,25,27,28
2,5,7,8,9,10,11,12,17,18,19,23,25,26,27,30,31,33,34,37,38,40>8,32,38,22,2,34,5,40,9,11,18,23,26,27,30,31
2,5,7,8,9,10,11,12,17,18,19,23,25,26,27,30,31,33,34,37,38,40>33,35,37,38,7,12,19,20,25,2,34,5,40,9,11,18,23,26,27,30,31
32,2,3,35,36,38,14,17,18,19,21,24,26,28>5,15,17,19,22,23,24,26,28,32,35,36,18,2,3,38
32,2,3,35,36,38,14,17,18,19,21,24,26,28>14,15,19,21,23,26,28,30,32,34,36,18,2,3,38
34,3,36,37,38,10,11,12,13,14,19,21,22,23,24,27,30>16,17,18,19,20,21,22,25,30,32,37,40,34,3,11,13,14,23
34,3,36,37,38,10,11,12,13,14,19,21,22,23,24,27,30>5,15,17,18,20,21,22,24,25,26,27,28,30,31,32,40,34,3,11,13,14,23
1,2,3,4,6,9,11,13,15,16,17,18,20,22,23,24,27,29,30,32,34,35,37,39,40>34,35,8,11,18,21,23,26,27,28,30,31,32,1,2,3,37,6,40,9,16,17,20,22,24,29
1,2,3,4,6,9,11,13,15,16,17,18,20,22,23,24,27,29,30,32,34,35,37,39,40>35,4,7,8,11,15,18,23,26,28,30,31,32,1,2,3,37,6,40,9,16,17,20,22,24,29
32,1,33,3,7,8,39,40,12,18,20,21,22,23,26,27,29,30>7,8,18,27,28,32,1,3,39,40,20,21,22,26,29,30
32,1,33,3,7,8,39,40,12,18,20,21,22,23,26,27,29,30>33,4,5,36,7,8,9,12,23,28,32,1,3,39,40,20,21,22,26,29,30
2,3,4,34,6,7,8,9,10,39,12,13,14,15,23,24,25,26,27>32,5,7,39,11,23,30,2,3,4,34,8,9,10,12,13,14,15,25,26,27
2,3,4,34,6,7,8,9,10,39,12,13,14,15,23,24,25,26,27>32,5,6,7,23,31,2,3,4,34,8,9,10,12,13,14,15,25,26,27
32,1,2,36,39,9,17,18,19,20,22,24,27>34,38,19,21,23,25,27,28,32,1,2,39,18,20,22,24
32,1,2,36,39,9,17,18,19,20,22,24,27>36,5,6,9,17,23,25,27,28,31,32,1,2,39,18,20,22,24
32,34,3,35,5,37,7,8,40,13,16,17,18,19,24,25,30>35,7,8,9,13,14,22,24,34,3,37,5,40,16,17,18,25
32,34,3,35,5,37,7,8,40,13,16,17,18,19,24,25,30>4,7,20,24,27,34,3,37,5,40,16,17,18,25
32,33,34,35,4,5,39,40,9,11,12,14,17,18,19,20,23,25,30,31>14,24,30,32,33,36,34,35,40,18,20,23
32,33,34,35,4,5,39,40,9,11,12,14,17,18,19,20,23,25,30,31>5,11,19,25,26,33,34,35,40,18,20,23
33,34,35,6,7,8,9,38,11,12,14,16,17,19,20,25,27,29,31>7,14,15,18,29,32,34,36,38,35,8,9,20,27,31
33,34,35,6,7,8,9,38,11,12,14,16,17,19,20,25,27,29,31>5,6,7,17,19,29,32,33,34,36,37,38,35,8,9,20,27,31
32,33,3,5,6,8,9,40,17,18,20,26>33,4,36,6,39,9,10,22,24,26,8,3,20,5
32,33,3,5,6,8,9,40,17,18,20,26>33,34,36,39,10,17,24,8,3,20,5
1,34,3,4,5,39,40,9,11,13,19,25,26,27,28,29>5,11,16,17,19,26,31,32,33,39,27,1,3
1,34,3,4,5,39,40,9,11,13,19,25,26,27,28,29>5,9,13,14,18,19,23,25,26,29,31,32,34,27,1,3
32,1,2,3,33,5,38,7,8,12,16,17,18,22,23,28,29>32,4,38,7,8,39,12,16,21,23,26,1,2,3,33,5,22,28,29
32,1,2,3,33,5,38,7,8,12,16,17,18,22,23,28,29>32,36,7,8,39,12,16,18,21,1,2,3,33,5,22,28,29
1,6,8,10,11,13,16,17,18,19,21,22,25,27,29,30,34,35,37,38,39,40>32,34,5,6,7,19,23,28,1,37,8,40,11,13,16,17,18,21,22,27,29
1,6,8,10,11,13,16,17,18,19,21,22,25,27,29,30,34,35,37,38,39,40>35,19,20,25,30,31,1,37,8,40,11,13,16,17,18,21,22,27,29
3,4,8,9,15,17,19,21,23,24,25,27,30,31,33,35,36,37,38,39,40>32,34,38,18,20,30,3,4,35,36,37,39,40,23,25,27,31
3,4,8,9,15,17,19,21,23,24,25,27,30,31,33,35,36,37,38,39,40>32,33,34,9,15,18,21,30,3,4,35,36,37,39,40,23,25,27,31
32,34,5,6,7,38,40,10,13,16,20,23,25,26,27,29,30,31>34,8,11,14,17,20,25,29,32,5,40,13,16,26,27,30,31
32,34,5,6,7,38,40,10,13,16,20,23,25,26,27,29,30,31>34,35,6,7,9,14,17,25,32,5,40,13,16,26,27,30,31
33,36,6,7,40,13,15,17,19,21,22,23,24,26,28,29,30>6,8,9,13,15,16,18,22,25,33,36,40,17,23,26,28,29,30
33,36,6,7,40,13,15,17,19,21,22,23,24,26,28,29,30>6,7,8,39,15,22,24,25,33,36,40,17,23,26,28,29,30
3,5,6,7,11,12,13,14,15,16,19,21,22,23,26,27,33,34,36,37,39,40>8,11,17,20,22,27,37,39,40,34,3,36,5,14,15,16,23,26
3,5,6,7,11,12,13,14,15,16,19,21,22,23,26,27,33,34,36,37,39,40>7,8,9,17,18,19,30,33,37,39,34,3,36,5,14,15,16,23,26
1,3,5,9,10,11,12,16,17,18,20,22,23,25,27,28,29,31,32,33,34,35,38,40>9,10,12,17,21,26,32,1,33,3,35,5,11,20,22,27,28,29,31
1,3,5,9,10,11,12,16,17,18,20,22,23,25,27,28,29,31,32,33,34,35,38,40>36,37,40,10,12,17,24,26,32,1,33,3,35,5,11,20,22,27,28,29,31
1,3,4,7,9,10,11,13,14,15,16,17,18,19,21,24,27,28,29,30,31,32,35,39,40>37,10,19,21,22,23,28,32,1,3,35,7,39,9,40,11,13,14,15,16,17,18,31
1,3,4,7,9,10,11,13,14,15,16,17,18,19,21,24,27,28,29,30,31,32,35,39,40>33,5,37,10,12,22,23,24,25,27,28,29,32,1,3,35,7,39,9,40,11,13,14,15,16,17,18,31
5,8,11,12,13,14,15,17,22,23,25,26,29,30,31,32,33,34,36,37,38,39,40>33,35,11,12,13,22,23,28,31,36,5,38,40,14,15,17,26,29,30
5,8,11,12,13,14,15,17,22,23,25,26,29,30,31,32,33,34,36,37,38,39,40>32,33,35,37,39,8,11,13,16,20,22,23,25,27,28,36,5,38,40,14,15,17,26,29,30
3,4,35,6,37,39,9,10,40,13,14,15,16,20,21,24,26,27,28,30>33,35,6,8,11,12,17,25,26,3,4,37,39,40,9,10,13,14,15,16,20,24,30
3,4,35,6,37,39,9,10,40,13,14,15,16,20,21,24,26,27,28,30>33,34,35,11,12,17,26,3,4,37,39,40,9,10,13,14,15,16,20,24,30
1,2,3,4,5,9,11,12,13,14,15,17,18,19,20,21,22,28,30,34,36,37>33,5,36,7,11,19,23,24,29,1,2,3,34,14,15,17,18,20,21,22,28
1,2,3,4,5,9,11,12,13,14,15,17,18,19,20,21,22,28,30,34,36,37>4,5,7,37,12,13,16,19,29,30,1,2,3,34,14,15,17,18,20,21,22,28
32,1,2,3,33,5,6,34,35,36,40,16,19,21,22,23,24,28,29,30>32,34,35,20,22,1,2,3,33,5,36,40,23,28,29
32,1,2,3,33,5,6,34,35,36,40,16,19,21,22,23,24,28,29,30>32,34,35,4,37,6,8,18,19,21,24,25,26,30,1,2,3,33,5,36,40,23,28,29
2,3,8,9,10,11,13,15,16,17,18,19,22,26,28,29,31,32,34,35,37,40>9,40,12,15,20,21,31,2,3,35,37,11,13,16,17,18,19,22,28,29
2,3,8,9,10,11,13,15,16,17,18,19,22,26,28,29,31,32,34,35,37,40>32,33,34,5,8,9,40,12,14,20,23,31,2,3,35,37,11,13,16,17,18,19,22,28,29
32,1,5,37,39,8,40,10,11,12,13,14,16,17,19,22,23,25,26>32,34,8,40,15,18,28,1,5,39,11,13,14,16,17,23,26
32,1,5,37,39,8,40,10,11,12,13,14,16,17,19,22,23,25,26>32,37,40,10,15,19,22,30,1,5,39,11,13,14,16,17,23,26
1,2,3,6,8,11,12,14,15,19,20,23,24,26,28,29,31,32,33,37,40>32,36,5,37,40,11,18,19,25,28,30,31,1,2,3,33,6,8,15,23,24,26
1,2,3,6,8,11,12,14,15,19,20,23,24,26,28,29,31,32,33,37,40>35,36,5,37,7,11,12,14,25,29,30,1,2,3,33,6,8,15,23,24,26
32,39,10,13,20,21,23,25,27,29>23,31,16,17,32,39,13,20,27
32,39,10,13,20,21,23,25,27,29>5,10,17,21,24,25,26,29,32,39,13,20,27
33,3,4,35,36,38,40,9,10,12,13,14,15,18,21,22,23,24,25,29>33,35,38,39,10,16,17,23,27,3,4,36,12,13,14,15,21,22,25,29
33,3,4,35,36,38,40,9,10,12,13,14,15,18,21,22,23,24,25,29>33,35,37,38,39,40,11,3,4,36,12,13,14,15,21,22,25,29
1,2,4,37,7,9,10,11,13,14,19,22,23,24,28,30,31>10,15,17,18,24,25,30,40,1,2,7,9,11,13,14,23,28
1,2,4,37,7,9,10,11,13,14,19,22,23,24,28,30,31>4,6,10,17,18,19,24,25,26,29,31,33,34,35,37,39,1,2,7,9,11,13,14,23,28
32,2,34,4,35,6,7,40,9,10,12,15,18,21,24,25,27,30,31>5,8,37,20,22,30,32,2,35,34,40,9,10,12,25,27,31
32,2,34,4,35,6,7,40,9,10,12,15,18,21,24,25,27,30,31>4,5,7,11,20,21,22,24,32,2,35,34,40,9,10,12,25,27,31
33,2,37,6,7,38,40,10,12,13,15,16,18,20,22,24,26,28,30>5,6,8,9,10,11,14,17,18,21,29,34,37,33,2,40,12,13,16,22,24,28,30
33,2,37,6,7,38,40,10,12,13,15,16,18,20,22,24,26,28,30>7,9,11,17,20,21,25,29,34,33,2,40,12,13,16,22,24,28,30
32,1,33,3,35,5,36,7,38,9,40,16,19,25,28,31>32,4,39,40,19,25,1,33,3,35,5,36,38,9
32,1,33,3,35,5,36,7,38,9,40,16,19,25,28,31>34,4,39,40,18,31,1,33,3,35,5,36,38,9
4,5,10,11,12,13,14,17,18,20,21,22,28,29,30,31,32,34,37,38,40>32,35,4,38,10,12,16,40,11,13,14,17,20,21,22,28,29
4,5,10,11,12,13,14,17,18,20,21,22,28,29,30,31,32,34,37,38,40>32,33,34,35,4,5,38,12,15,18,24,40,11,13,14,17,20,21,22,28,29
1,2,4,5,12,13,14,15,17,19,20,22,23,24,25,26,32,33,34,36,38,39,40>32,7,39,13,16,19,29,30,1,2,34,36,38,14,15,17,20,23,24,25,26
1,2,4,5,12,13,14,15,17,19,20,22,23,24,25,26,32,33,34,36,38,39,40>32,33,4,39,40,16,19,22,27,28,1,2,34,36,38,14,15,17,20,23,24,25,26
1,2,3,4,33,6,7,8,9,10,35,12,36,39,20,27,28,29,30>32,40,11,12,20,24,28,29,1,2,3,4,33,6,7,8,9,10,36,39
1,2,3,4,33,6,7,8,9,10,35,12,36,39,20,27,28,29,30>5,40,12,13,24,28,29,30,1,2,3,4,33,6,7,8,9,10,36,39
