CD45,CD8,TCRlig,TCbind,PAGCsk,LCK,Fyn,Rlk,TCRphos,ZAP70,cCbl,Itk,LAT,Gads,Slp76,PLCg_b,Grb2Sos,DAG,PLCg_a,Ras,RasGRP1,PKCth,IP3,Raf,MEK,Ca,ERK,SEK,IKK,Calcin,Rsk,Fos,JNK,IkB,CREB,Jun,CRE,AP1,NFkB,NFAT
33,34,35,4,36,7,8,39,11,18,19,20,21,22,23,25,26,28,29,30>5,9,39,19,24,25,33,36,18,20,21,22,23,26,28,29,30
33,34,35,4,36,7,8,39,11,18,19,20,21,22,23,25,26,28,29,30>35,4,5,9,39,25,27,33,36,18,20,21,22,23,26,28,29,30
35,36,39,8,10,11,12,13,16,20,21,24,27,31>32,34,5,21,27,35,39,11,13,16,20,24,31
35,36,39,8,10,11,12,13,16,20,21,24,27,31>32,34,36,37,8,21,25,27,35,39,11,13,16,20,24,31
33,2,3,4,35,6,36,8,9,37,11,13,15,16,17,19,23,27,29,31>32,6,19,20,27,29,2,35,3,36,37,8,9,16,17,23,31
33,2,3,4,35,6,36,8,9,37,11,13,15,16,17,19,23,27,29,31>32,4,39,11,13,14,18,19,26,2,35,3,36,37,8,9,16,17,23,31
1,2,5,6,8,10,11,12,13,15,16,19,25,27,28,29,30,31,32,33,34,35,36,38>37,7,10,14,15,17,23,28,29,32,1,2,33,35,5,36,38,8,11,12,13,16,19,27,31
1,2,5,6,8,10,11,12,13,15,16,19,25,27,28,29,30,31,32,33,34,35,36,38>6,40,10,15,17,23,32,1,2,33,35,5,36,38,8,11,12,13,16,19,27,31
2,3,4,34,6,38,39,9,40,13,16,18,19,21,23,27,28,30,31>33,38,17,21,22,26,2,3,4,34,40,9,16,18,23,31
2,3,4,34,6,38,39,9,40,13,16,18,19,21,23,27,28,30,31>35,8,39,10,21,26,27,30,2,3,4,34,40,9,16,18,23,31
33,2,3,4,34,35,10,11,13,16,19,21,23,24,26,27,29>33,36,37,10,20,25,27,29,31,2,3,11,13,16,23,26
33,2,3,4,34,35,10,11,13,16,19,21,23,24,26,27,29>33,34,4,36,37,10,17,19,27,29,31,2,3,11,13,16,23,26
2,4,5,6,8,9,13,14,15,17,19,21,22,23,24,28,29,33,35,37,38,40>4,16,19,24,26,33,2,37,8,9,14,15,17,23,28,29
2,4,5,6,8,9,13,14,15,17,19,21,22,23,24,28,29,33,35,37,38,40>35,4,6,38,40,16,18,21,24,25,33,2,37,8,9,14,15,17,23,28,29
1,3,4,6,9,10,11,14,15,16,17,18,20,21,22,23,26,27,33,34,37>16,18,23,32,33,36,37,1,34,3,9,11,15,20,21,22,26
1,3,4,6,9,10,11,14,15,16,17,18,20,21,22,23,26,27,33,34,37>4,7,10,16,17,18,23,24,27,30,31,32,36,37,1,34,3,9,11,15,20,21,22,26
32,2,5,6,39,10,11,16,24,27,28,29,31>35,8,10,13,16,24,32,2,5,39,11,31
32,2,5,6,39,10,11,16,24,27,28,29,31>6,8,10,16,29,32,2,5,39,11,31
1,2,3,6,9,10,11,12,14,17,19,20,24,25,27,28,32,34,35,36,37,38,40>35,5,7,10,12,13,17,23,31,32,1,2,3,34,37,6,38,11,20,24,25,27
1,2,3,6,9,10,11,12,14,17,19,20,24,25,27,28,32,34,35,36,37,38,40>36,5,7,8,12,17,32,1,2,3,34,37,6,38,11,20,24,25,27
5,7,8,9,39,13,14,15,17,21,22,23,24,25,30,31>34,35,8,40,13,24,29,5,39,9,14,15,17,25
5,7,8,9,39,13,14,15,17,21,22,23,24,25,30,31>34,7,13,20,21,22,30,5,39,9,14,15,17,25
32,33,4,5,7,40,10,11,15,18,19,24,25,27,28,29,30,31>35,7,10,12,15,24,28,29,32,33,5,40,11,18,25,27,31
32,33,4,5,7,40,10,11,15,18,19,24,25,27,28,29,30,31>35,4,7,12,13,15,19,24,28,29,30,32,33,5,40,11,18,25,27,31
2,4,5,6,8,11,17,18,20,22,24,26,27,30,31,33,34,35,36,37,38>33,5,9,11,18,21,2,34,35,36,37,8,20,22,24,30,31
2,4,5,6,8,11,17,18,20,22,24,26,27,30,31,33,34,35,36,37,38>33,5,6,38,40,11,18,21,27,29,2,34,35,36,37,8,20,22,24,30,31
2,5,9,10,11,12,13,15,19,20,21,23,24,25,27,28,29,30,31,34,35,36,37,39,40>36,15,16,26,29,30,2,35,5,37,40,11,12,13,20,23,24,25,27,31
2,5,9,10,11,12,13,15,19,20,21,23,24,25,27,28,29,30,31,34,35,36,37,39,40>32,33,36,9,10,17,19,26,29,30,2,35,5,37,40,11,12,13,20,23,24,25,27,31
2,3,4,5,7,8,10,11,12,16,18,19,20,21,22,24,25,26,27,35,37>32,34,7,39,13,19,28,29,30,31,2,3,5,37,11,18,20,21,22,24,25,27
2,3,4,5,7,8,10,11,12,16,18,19,20,21,22,24,25,26,27,35,37>34,35,4,10,39,12,13,19,23,31,2,3,5,37,11,18,20,21,22,24,25,27
1,2,3,6,8,10,11,12,14,15,17,19,20,21,24,29,30,31,32,33,35,37,38,39>5,7,40,13,14,21,23,1,2,3,35,37,6,39,8,11,12,15,20,24
1,2,3,6,8,10,11,12,14,15,17,19,20,21,24,29,30,31,32,33,35,37,38,39>32,7,40,10,21,30,1,2,3,35,37,6,39,8,11,12,15,20,24
33,2,4,5,37,40,12,16,17,20,21,22,23,25,27,28,29,31>32,35,5,39,12,16,23,24,33,2,20,27,28,29,31
33,2,4,5,37,40,12,16,17,20,21,22,23,25,27,28,29,31>35,4,5,37,16,17,21,24,33,2,20,27,28,29,31
1,4,5,6,7,8,9,12,13,14,15,18,19,20,22,23,29,32,33,38,40>32,36,6,10,12,13,16,20,21,26,1,5,7,8,9,14,15,18,22,23,29
1,4,5,6,7,8,9,12,13,14,15,18,19,20,22,23,29,32,33,38,40>4,36,12,17,20,21,24,28,1,5,7,8,9,14,15,18,22,23,29
32,33,4,37,39,11,13,14,17,18,19,23,24,27>33,34,11,15,19,22,25,26,31,32,39,14,17,18,23
32,33,4,37,39,11,13,14,17,18,19,23,24,27>33,4,36,15,19,24,26,32,39,14,17,18,23
2,3,5,6,7,38,9,39,11,21,22,23,28,29,31>20,21,35,26,2,3,5,39,9,28,29
2,3,5,6,7,38,9,39,11,21,22,23,28,29,31>6,8,38,11,20,23,26,2,3,5,39,9,28,29
33,35,5,39,8,40,10,12,13,15,16,17,18,19,20,21,25,29,30>33,8,11,21,23,24,29,5,39,40,12,13,16,17,18,19,20
33,35,5,39,8,40,10,12,13,15,16,17,18,19,20,21,25,29,30>35,10,11,15,21,23,25,5,39,40,12,13,16,17,18,19,20
1,33,3,36,37,6,7,38,40,10,15,16,21,23,28,29>8,13,16,20,21,23,26,28,29,38,40,1,33,3,36,7
1,33,3,36,37,6,7,38,40,10,15,16,21,23,28,29>10,11,12,16,21,23,28,29,37,40,1,33,3,36,7
2,3,4,7,8,9,10,11,15,18,20,24,26,27,29,30,33,36,37,38,39,40>38,13,15,22,25,26,27,2,3,36,39,40,9,11,24,30
2,3,4,7,8,9,10,11,15,18,20,24,26,27,29,30,33,36,37,38,39,40>4,5,37,7,38,13,20,22,25,27,31,2,3,36,39,40,9,11,24,30
32,2,36,5,37,10,11,12,13,18,19,20,21,23,24,25,26,27,28,31>33,36,17,22,30,32,2,5,11,13,18,20,23,24,25,26,27,31
32,2,36,5,37,10,11,12,13,18,19,20,21,23,24,25,26,27,28,31>33,35,38,10,16,17,19,21,22,30,32,2,5,11,13,18,20,23,24,25,26,27,31
32,1,2,34,35,36,8,9,10,11,40,14,17,23,24,26,30>36,5,37,8,9,10,38,14,15,23,25,1,2,34,40,11,26,30
32,1,2,34,35,36,8,9,10,11,40,14,17,23,24,26,30>32,35,36,5,8,9,13,15,17,23,24,1,2,34,40,11,26,30
34,3,4,5,36,7,13,17,18,19,22,23,24,26,27,30,31>35,40,14,19,20,24,25,28,29,34,3,4,5,17,18,22,23,26,30,31
34,3,4,5,36,7,13,17,18,19,22,23,24,26,27,30,31>32,35,13,16,20,21,24,25,28,29,34,3,4,5,17,18,22,23,26,30,31
1,2,7,9,10,11,12,13,15,19,21,22,23,24,25,30,31,32,37,39,40>5,10,14,21,24,27,30,34,1,2,39,40,9,11,12,13,23,25
1,2,7,9,10,11,12,13,15,19,21,22,23,24,25,30,31,32,37,39,40>6,15,26,27,28,29,30,32,1,2,39,40,9,11,12,13,23,25
32,1,33,3,4,34,37,7,9,11,14,16,18,21,22,24,26,27,31>33,35,5,36,37,15,16,20,24,26,28,30,32,1,34,3,7,9,21,22,31
32,1,33,3,4,34,37,7,9,11,14,16,18,21,22,24,26,27,31>33,35,4,36,11,14,15,20,27,30,32,1,34,3,7,9,21,22,31
32,33,2,3,4,5,36,7,38,10,15,16,17,19,20,21,22,25,28>7,11,13,16,19,21,22,23,24,25,27,32,39,33,2,3,4,5,36,38,20,28
32,33,2,3,4,5,36,7,38,10,15,16,17,19,20,21,22,25,28>9,12,13,15,16,18,23,25,27,29,34,33,2,3,4,5,36,38,20,28
33,2,3,36,6,7,39,9,10,11,12,14,19,21,22,23,24,26,28,29>10,12,14,18,19,20,22,33,2,3,36,39,9,11,23,26,28,29
33,2,3,36,6,7,39,9,10,11,12,14,19,21,22,23,24,26,28,29>8,10,12,13,15,25,33,2,3,36,39,9,11,23,26,28,29
1,2,3,33,5,35,37,8,9,38,11,40,17,20,21,22,23,24>33,36,38,39,8,9,17,22,23,26,28,1,2,3,37,5,20,24
1,2,3,33,5,35,37,8,9,38,11,40,17,20,21,22,23,24>33,34,38,8,9,40,11,17,21,23,26,28,29,1,2,3,37,5,20,24
32,33,34,3,5,37,40,9,10,11,13,14,15,17,18,20,24,27,29>37,40,9,16,27,29,32,3,5,11,13,14,15,17,20,24
32,33,34,3,5,37,40,9,10,11,13,14,15,17,18,20,24,27,29>34,36,37,40,9,16,22,25,27,31,32,3,5,11,13,14,15,17,20,24
1,2,3,4,5,6,35,37,38,10,11,13,21,26,27,28,31>6,7,8,9,14,17,20,21,26,28,30,32,33,1,2,3,35,37,11,13,31
1,2,3,4,5,6,35,37,38,10,11,13,21,26,27,28,31>4,6,8,14,16,17,26,27,32,33,34,38,1,2,3,35,37,11,13,31
1,33,34,36,5,8,10,13,15,17,20,21,22,25,28,29,30>8,10,11,12,21,24,30,1,33,36,5,13,17,20,28,29
1,33,34,36,5,8,10,13,15,17,20,21,22,25,28,29,30>8,40,11,14,15,27,30,1,33,36,5,13,17,20,28,29
1,2,3,4,5,7,8,9,11,14,16,19,20,23,24,28,30,31,32,35,37,40>8,11,15,16,18,19,20,26,28,30,1,2,3,35,5,37,7,40,9,23,24
1,2,3,4,5,7,8,9,11,14,16,19,20,23,24,28,30,31,32,35,37,40>32,33,34,4,8,19,26,28,1,2,3,35,5,37,7,40,9,23,24
2,4,6,7,8,9,10,11,12,13,15,16,20,24,26,28,32,34,38,39,40>33,5,6,7,10,14,15,19,26,2,34,8,9,11,12,13,16,24
2,4,6,7,8,9,10,11,12,13,15,16,20,24,26,28,32,34,38,39,40>33,4,7,38,10,40,14,15,19,20,28,30,2,34,8,9,11,12,13,16,24
1,3,6,8,9,11,12,13,14,15,17,18,19,22,23,24,25,27,28,32,36,38,39>5,6,11,13,29,31,32,1,3,38,39,8,14,15,17,18,22,23,25,27,28
1,3,6,8,9,11,12,13,14,15,17,18,19,22,23,24,25,27,28,32,36,38,39>33,36,5,7,9,11,12,13,16,20,21,24,26,31,32,1,3,38,39,8,14,15,17,18,22,23,25,27,28
32,35,6,39,8,40,10,12,14,15,16,18,21,24,26,28,29,30>13,14,16,18,19,20,21,22,24,28,32,33,37,39,8,40,12,15,30
32,35,6,39,8,40,10,12,14,15,16,18,21,24,26,28,29,30>6,10,18,21,22,26,28,32,33,39,8,40,12,15,30
34,3,4,35,37,39,8,9,12,14,17,25,26,30,31>8,25,12,15,34,35,3,4,37,30
34,3,4,35,37,39,8,9,12,14,17,25,26,30,31>8,9,15,26,31,34,35,3,4,37,30
32,2,34,5,6,7,37,9,13,15,16,18,19,23,25,27,30,31>7,8,13,14,17,25,26,32,2,34,5,9,16,18,23,27,31
32,2,34,5,6,7,37,9,13,15,16,18,19,23,25,27,30,31>35,37,6,8,10,13,15,22,30,32,2,34,5,9,16,18,23,27,31
