CD45,CD8,TCRlig,TCbind,PAGCsk,LCK,Fyn,Rlk,TCRphos,ZAP70,cCbl,Itk,LAT,Gads,Slp76,PLCg_b,Grb2Sos,DAG,PLCg_a,Ras,RasGRP1,PKCth,IP3,Raf,MEK,Ca,ERK,SEK,IKK,Calcin,Rsk,Fos,JNK,IkB,CREB,Jun,CRE,AP1,NFkB,NFAT
5,6,7,9,10,12,14,15,16,22,24,25,26,28,29,32,33,34,35,36,38,40>32,37,6,8,14,16,26,33,36,5,38,9,10,12,15,25,28,29
5,6,7,9,10,12,14,15,16,22,24,25,26,28,29,32,33,34,35,36,38,40>34,37,8,11,13,19,22,26,27,30,33,36,5,38,9,10,12,15,25,28,29
33,35,5,6,38,8,10,11,12,13,14,15,16,19,22,23,30,31>6,38,40,17,18,26,28,29,30,35,5,8,11,12,13,14,15,16,19,23
33,35,5,6,38,8,10,11,12,13,14,15,16,19,22,23,30,31>34,37,39,40,17,18,22,26,30,35,5,8,11,12,13,14,15,16,19,23
1,34,4,39,40,9,11,12,13,15,19,21,22,24,26,31>11,12,13,16,17,18,19,21,23,25,26,28,29,30,35,40,1,34
1,34,4,39,40,9,11,12,13,15,19,21,22,24,26,31>11,12,16,17,19,20,21,22,23,26,28,30,31,1,34
2,4,7,9,14,17,18,19,21,24,25,26,27,28,29,30,35,36,37,38,39,40>4,15,20,21,23,29,32,33,35,36,2,37,39,40,9,18,25,27,30
2,4,7,9,14,17,18,19,21,24,25,26,27,28,29,30,35,36,37,38,39,40>4,14,23,28,31,33,35,36,38,2,37,39,40,9,18,25,27,30
32,1,33,34,36,5,6,7,37,40,10,12,16,19,27,29,30,31>35,37,6,9,10,11,13,16,18,23,29,30,32,1,36,5,7,40,31
32,1,33,34,36,5,6,7,37,40,10,12,16,19,27,29,30,31>33,35,37,6,38,11,16,18,23,30,32,1,36,5,7,40,31
2,3,4,6,7,8,9,10,13,14,16,19,20,21,22,24,25,27,30,31,33,35,36,38,40>34,5,38,39,11,15,17,21,23,30,2,35,3,4,36,8,9,10,40,13,14,16,20,24,25,27,31
2,3,4,6,7,8,9,10,13,14,16,19,20,21,22,24,25,27,30,31,33,35,36,38,40>33,34,5,7,37,38,21,22,23,28,30,2,35,3,4,36,8,9,10,40,13,14,16,20,24,25,27,31
1,3,6,8,9,12,14,15,16,17,18,21,22,24,25,27,28,31,32,33,34,36,37,39>4,5,37,9,38,12,14,16,24,29,32,1,33,3,34,36,8,15,21,22,25,27,28,31
1,3,6,8,9,12,14,15,16,17,18,21,22,24,25,27,28,31,32,33,34,36,37,39>4,5,6,7,37,9,39,14,17,18,20,24,32,1,33,3,34,36,8,15,21,22,25,27,28,31
32,3,35,36,37,7,39,10,11,19,22,25,28>32,35,9,10,19,23,27,3,37,39,11,28
32,3,35,36,37,7,39,10,11,19,22,25,28>33,35,7,9,10,13,19,23,25,29,3,37,39,11,28
3,4,5,6,7,8,10,12,14,17,19,20,24,25,27,28,29,31,35,36,37,38,40>10,11,12,13,14,15,17,18,19,23,28,29,33,36,35,3,4,5,37,8,20,24,25,27,31
3,4,5,6,7,8,10,12,14,17,19,20,24,25,27,28,29,31,35,36,37,38,40>7,9,10,11,12,14,15,17,23,29,33,38,39,35,3,4,5,37,8,20,24,25,27,31
32,33,36,37,38,39,8,9,40,12,13,20,21,23,24,25,26,27>33,34,37,8,40,13,14,16,17,21,30,32,36,38,39,20,24,25,26,27
32,33,36,37,38,39,8,9,40,12,13,20,21,23,24,25,26,27>33,5,12,23,31,32,36,38,39,20,24,25,26,27
2,3,4,6,8,9,15,16,17,18,19,24,25,26,29,30,31,32,35,36,38,39,40>36,6,22,23,29,31,2,3,4,35,38,39,8,9,40,18,25,30
2,3,4,6,8,9,15,16,17,18,19,24,25,26,29,30,31,32,35,36,38,39,40>32,36,6,10,15,22,23,24,2,3,4,35,38,39,8,9,40,18,25,30
1,3,4,5,6,8,11,13,14,16,18,20,21,24,25,26,28,29,30,31,32,33,34>7,13,17,18,21,22,26,29,32,34,40,1,33,3,8,14,16,20,24,25,30
1,3,4,5,6,8,11,13,14,16,18,20,21,24,25,26,28,29,30,31,32,33,34>5,7,9,13,15,17,18,26,31,32,36,40,1,33,3,8,14,16,20,24,25,30
1,34,35,38,7,40,13,16,17,23,24,26,27,29,30,31>37,9,13,14,20,23,25,1,35,40,16,17,26,30,31
1,34,35,38,7,40,13,16,17,23,24,26,27,29,30,31>5,37,38,9,13,14,23,24,29,1,35,40,16,17,26,30,31
1,2,7,8,11,13,15,19,20,21,25,27,28,30,33,34,35,36,37,38,39,40>5,6,8,11,15,16,18,24,25,38,1,2,34,36,33,37,40,20,27
1,2,7,8,11,13,15,19,20,21,25,27,28,30,33,34,35,36,37,38,39,40>7,9,11,13,14,15,17,18,23,30,31,32,35,39,1,2,34,36,33,37,40,20,27
32,2,34,4,5,35,38,9,10,13,16,17,19,24,25,27,28,29>34,38,9,10,18,19,24,28,29,32,2,13,16,17,25,27
32,2,34,4,5,35,38,9,10,13,16,17,19,24,25,27,28,29>35,4,9,10,19,23,24,28,32,2,13,16,17,25,27
1,33,3,36,5,6,8,40,10,11,13,14,16,17,18,25,26,29,30,31>7,15,18,25,27,31,1,3,36,5,8,40,11,13,14,16,17,30
1,33,3,36,5,6,8,40,10,11,13,14,16,17,18,25,26,29,30,31>6,7,29,15,1,3,36,5,8,40,11,13,14,16,17,30
32,33,34,3,4,5,35,7,36,9,40,11,21,22,27,30>33,35,11,22,27,28,31,32,34,3,36,5,40,9
32,33,34,3,4,5,35,7,36,9,40,11,21,22,27,30>4,37,38,7,20,22,30,32,34,3,36,5,40,9
1,2,3,33,5,34,7,35,9,10,11,38,13,40,15,27,28,30,31>32,36,7,10,14,17,28,30,1,2,3,33,5,34,35,40,9,11,13,31
1,2,3,33,5,34,7,35,9,10,11,38,13,40,15,27,28,30,31>32,37,38,10,15,17,28,30,1,2,3,33,5,34,35,40,9,11,13,31
33,2,34,5,37,7,40,15,18,19,27,29,30,31>36,19,22,27,29,30,2,5,40,18,31
33,2,34,5,37,7,40,15,18,19,27,29,30,31>32,33,34,35,36,37,15,23,27,29,30,2,5,40,18,31
1,3,4,35,36,39,8,9,11,12,14,15,17,18,19,20,21,22,24,29>36,8,9,11,12,14,17,23,1,3,39,15,18,20,21,22,24,29
1,3,4,35,36,39,8,9,11,12,14,15,17,18,19,20,21,22,24,29>35,36,37,8,9,11,17,19,23,28,1,3,39,15,18,20,21,22,24,29
32,2,35,4,5,6,36,8,37,38,40,13,15,16,22,23,27,29,31>4,5,40,17,22,28,32,2,35,37,38,8,16,29,31
32,2,35,4,5,6,36,8,37,38,40,13,15,16,22,23,27,29,31>4,6,36,9,40,17,22,26,27,28,32,2,35,37,38,8,16,29,31
2,3,6,7,8,9,10,11,12,18,19,20,22,23,24,26,29,32,33,34,35,37,39>34,36,5,6,10,12,19,20,21,25,28,30,2,3,37,8,9,11,18,22,23,24,26,29
2,3,6,7,8,9,10,11,12,18,19,20,22,23,24,26,29,32,33,34,35,37,39>33,34,35,36,5,13,19,20,30,2,3,37,8,9,11,18,22,23,24,26,29
2,3,34,35,6,7,38,13,14,17,21,24,25,30>35,6,7,9,37,13,21,24,27,30,2,3,34,14,17,25
2,3,34,35,6,7,38,13,14,17,21,24,25,30>5,6,7,37,38,20,2,3,34,14,17,25
3,4,5,6,9,11,12,13,15,16,17,18,19,21,23,25,26,28,29,30,32,33,35,37,38>4,8,12,14,15,20,22,25,28,29,35,40,33,3,37,9,16,17,18,23,26,30
3,4,5,6,9,11,12,13,15,16,17,18,19,21,23,25,26,28,29,30,32,33,35,37,38>4,5,8,11,13,14,15,21,22,25,27,29,32,35,39,40,33,3,37,9,16,17,18,23,26,30
1,3,6,7,10,11,13,14,17,18,23,27,28,29,30,31,33,35,38,39,40>32,37,38,16,20,22,23,27,30,1,33,3,35,7,39,40,11,13,14,17,31
1,3,6,7,10,11,13,14,17,18,23,27,28,29,30,31,33,35,38,39,40>32,5,6,8,10,38,15,18,20,22,26,27,29,30,1,33,3,35,7,39,40,11,13,14,17,31
1,2,5,6,7,8,10,11,12,15,16,19,21,23,25,26,29,31,34,36,37,39>10,18,21,25,27,1,2,5,7,8,11,12,19,23,26
1,2,5,6,7,8,10,11,12,15,16,19,21,23,25,26,29,31,34,36,37,39>34,35,6,10,13,15,16,20,21,27,31,1,2,5,7,8,11,12,19,23,26
34,3,4,5,6,37,8,9,10,12,15,17,20,21,23,25,31>37,21,24,26,31,34,3,4,8,9,10,12,20
34,3,4,5,6,37,8,9,10,12,15,17,20,21,23,25,31>21,5,37,25,34,3,4,8,9,10,12,20
2,3,4,5,6,11,13,14,15,17,21,22,23,25,26,28,29,30,31,32,33,34,36,37,40>32,35,5,37,9,11,13,16,20,22,27,31,33,2,3,36,40,14,15,17,26,28,29,30
2,3,4,5,6,11,13,14,15,17,21,22,23,25,26,28,29,30,31,32,33,34,36,37,40>34,35,4,5,6,37,38,13,22,25,33,2,3,36,40,14,15,17,26,28,29,30
1,4,5,6,7,9,13,14,15,17,18,19,26,27,28,29,30,31,32,33,34,36,39>34,35,6,19,29,32,1,33,36,5,7,9,14,15,17,18,30,31
1,4,5,6,7,9,13,14,15,17,18,19,26,27,28,29,30,31,32,33,34,36,39>4,6,20,22,23,27,28,29,32,1,33,36,5,7,9,14,15,17,18,30,31
32,33,34,3,4,37,6,38,39,40,11,19,22,24,25,29>32,33,37,9,38,39,18,19,22,27,25,3,29
32,33,34,3,4,37,6,38,39,40,11,19,22,24,25,29>32,34,4,36,8,9,11,18,19,22,23,25,3,29
32,33,2,3,34,35,36,37,8,9,10,40,12,14,15,22,25,27,29,30>34,4,38,11,13,14,25,28,31,32,2,3,36,37,40,12,15,27,29
32,33,2,3,34,35,36,37,8,9,10,40,12,14,15,22,25,27,29,30>33,35,5,11,13,14,25,28,31,32,2,3,36,37,40,12,15,27,29
2,3,4,34,7,8,9,39,12,18,19,20,23,27,28,29,30>34,7,40,12,19,22,24,29,30,2,3,4,9,18,23
2,3,4,34,7,8,9,39,12,18,19,20,23,27,28,29,30>33,34,7,12,22,24,26,30,31,2,3,4,9,18,23
34,3,4,5,36,7,37,9,40,12,13,14,19,20,23,25,26,27,28,31>36,37,13,17,19,25,34,3,4,5,9,14,23,26,27,31
34,3,4,5,36,7,37,9,40,12,13,14,19,20,23,25,26,27,28,31>32,33,7,40,16,19,20,34,3,4,5,9,14,23,26,27,31
1,2,4,5,7,8,10,11,12,13,15,17,18,20,22,24,26,28,29,30,31,32,33,37,38,40>37,38,8,39,15,16,1,2,33,5,7,40,11,12,13,17,20,22,24,28,29,30
1,2,4,5,7,8,10,11,12,13,15,17,18,20,22,24,26,28,29,30,31,32,33,37,38,40>32,4,37,8,15,18,25,26,1,2,33,5,7,40,11,12,13,17,20,22,24,28,29,30
33,4,36,6,39,40,9,10,12,14,15,20,21,23,24,26,27,28,29,31>4,6,8,11,13,14,23,25,27,29,33,36,39,9,10,12,15,20,24,26,31
33,4,36,6,39,40,9,10,12,14,15,20,21,23,24,26,27,28,29,31>4,6,11,13,14,23,25,27,29,30,33,36,39,9,10,12,15,20,24,26,31
32,1,2,3,4,5,34,35,36,40,12,16,17,19,21,22,24,27,28,29>17,20,21,23,27,33,37,38,40,32,1,2,3,4,28,29
32,1,2,3,4,5,34,35,36,40,12,16,17,19,21,22,24,27,28,29>5,16,18,21,25,31,38,40,32,1,2,3,4,28,29
1,2,4,6,7,9,10,11,12,13,15,19,20,21,22,23,25,29,33,34,35,36,37>4,14,15,17,21,22,26,1,2,36,37,6,7,9,11,12,13,20,23,29
1,2,4,6,7,9,10,11,12,13,15,19,20,21,22,23,25,29,33,34,35,36,37>33,34,4,16,19,21,22,24,27,28,1,2,36,37,6,7,9,11,12,13,20,23,29
2,4,5,6,36,8,9,37,39,40,14,16,21,22,26,28,30>5,6,10,15,20,21,22,26,29,2,39,8,9,40,28,30
2,4,5,6,36,8,9,37,39,40,14,16,21,22,26,28,30>33,6,36,37,14,16,21,22,26,29,2,39,8,9,40,28,30
1,2,4,6,8,9,12,13,14,15,16,19,20,24,27,28,33,35,36,37,39,40>35,7,12,17,18,20,25,27,31,1,2,33,36,37,6,39,8,9,14,15,16,24
1,2,4,6,8,9,12,13,14,15,16,19,20,24,27,28,33,35,36,37,39,40>32,34,35,7,17,20,27,28,31,1,2,33,36,37,6,39,8,9,14,15,16,24
34,3,6,38,39,9,10,40,12,13,14,16,18,19,21,23,26,29,30,31>35,4,5,38,8,9,39,11,12,31,3,40,10,13,14,16,18,23,26,30
34,3,6,38,39,9,10,40,12,13,14,16,18,19,21,23,26,29,30,31>34,35,4,5,38,39,15,19,31,3,40,10,13,14,16,18,23,26,30
