CD45,CD8,TCRlig,TCbind,PAGCsk,LCK,Fyn,Rlk,TCRphos,ZAP70,cCbl,Itk,LAT,Gads,Slp76,PLCg_b,Grb2Sos,DAG,PLCg_a,Ras,RasGRP1,PKCth,IP3,Raf,MEK,Ca,ERK,SEK,IKK,Calcin,Rsk,Fos,JNK,IkB,CREB,Jun,CRE,AP1,NFkB,NFAT
3,4,8,9,10,11,13,15,17,18,19,23,24,25,27,28,29,34,35,36,38>4,8,12,14,19,20,24,26,29,37,38,3,11,13,17,18,23,25,27
3,4,8,9,10,11,13,15,17,18,19,23,24,25,27,28,29,34,35,36,38>8,9,22,24,26,28,31,32,33,34,35,36,38,3,11,13,17,18,23,25,27
32,33,3,4,35,6,7,36,9,38,39,40,22,26,27,30>34,26,6,8,32,3,4,36,38,39,40,9,30
32,33,3,4,35,6,7,36,9,38,39,40,22,26,27,30>33,34,7,26,27,31,32,3,4,36,38,39,40,9,30
1,33,3,34,8,40,11,12,14,16,19,22,24,25,26,27,31>12,14,16,18,23,24,28,29,30,33,1,34,3,25,27,31
1,33,3,34,8,40,11,12,14,16,19,22,24,25,26,27,31>5,8,11,12,14,16,19,22,23,26,29,33,36,1,34,3,25,27,31
32,1,33,34,4,35,37,40,10,13,16,18,19,21,23,27,28,29,31>34,4,7,40,10,11,14,19,20,22,26,27,29,32,1,33,35,37,13,16,18,23,31
32,1,33,34,4,35,37,40,10,13,16,18,19,21,23,27,28,29,31>4,36,7,10,14,20,26,27,32,1,33,35,37,13,16,18,23,31
32,3,35,37,38,7,10,12,13,15,17,18,19,22,24,25,26>9,14,19,20,23,26,27,28,29,35,3,37,12,13,17,18,22,25
32,3,35,37,38,7,10,12,13,15,17,18,19,22,24,25,26>4,9,11,15,20,23,27,28,30,32,3,37,12,13,17,18,22,25
1,2,3,4,6,7,11,12,13,15,16,17,18,20,23,24,27,29,32,34,35,37,40>5,9,40,12,15,25,26,32,1,2,3,37,6,7,16,17,20,24
1,2,3,4,6,7,11,12,13,15,16,17,18,20,23,24,27,29,32,34,35,37,40>35,4,8,15,22,23,25,29,32,1,2,3,37,6,7,16,17,20,24
35,36,7,10,12,16,18,22,24,27,28,29,31>32,5,37,7,9,10,12,16,24,25,27,35,22,28,29,31
35,36,7,10,12,16,18,22,24,27,28,29,31>33,7,11,12,13,21,24,25,27,35,22,28,29,31
32,2,34,4,35,36,37,38,9,11,16,17,18,19,23,24,25,27,29>24,9,11,31,32,2,37,38,18,23,25,27
32,2,34,4,35,36,37,38,9,11,16,17,18,19,23,24,25,27,29>34,35,36,17,19,20,26,29,31,32,2,37,38,18,23,25,27
1,33,3,4,35,6,7,8,36,37,40,15,18,24,25>33,35,9,22,24,1,3,4,36,37,7,8,25
1,33,3,4,35,6,7,8,36,37,40,15,18,24,25>34,35,5,6,40,9,15,22,27,1,3,4,36,37,7,8,25
32,33,2,34,38,40,10,11,12,13,17,18,20,24,25,26,27,29,30,31>35,5,38,12,14,22,26,29,32,2,40,11,13,17,20,24,25,27,30,31
32,33,2,34,38,40,10,11,12,13,17,18,20,24,25,26,27,29,30,31>33,34,35,36,5,12,14,18,26,29,32,2,40,11,13,17,20,24,25,27,30,31
32,33,2,3,38,39,8,17,20,22,23,25,26,27,30>40,17,22,23,24,25,29,32,2,3,39,20,26,27,30
32,33,2,3,38,39,8,17,20,22,23,25,26,27,30>34,8,40,17,22,23,24,25,28,31,32,2,3,39,20,26,27,30
3,5,6,7,8,12,13,15,16,17,21,22,25,27,30,32,33,35,38,39,40>6,13,15,20,21,25,28,29,31,34,36,38,32,3,5,39,8,40,16,17,27
3,5,6,7,8,12,13,15,16,17,21,22,25,27,30,32,33,35,38,39,40>4,6,12,13,14,15,20,21,22,25,29,30,33,37,38,32,3,5,39,8,40,16,17,27
33,5,6,7,8,38,10,11,40,15,16,17,21,23,24,25,26,27,28>13,15,16,20,24,30,36,38,39,33,5,8,11,25,26,27
33,5,6,7,8,38,10,11,40,15,16,17,21,23,24,25,26,27,28>9,10,15,17,19,21,23,24,31,32,34,38,40,33,5,8,11,25,26,27
32,33,34,3,35,5,6,38,8,9,11,12,15,19,20,25,27>35,37,11,12,15,18,20,23,24,25,32,34,3,5,8,27
32,33,34,3,35,5,6,38,8,9,11,12,15,19,20,25,27>33,36,6,9,11,12,15,19,25,32,34,3,5,8,27
1,3,7,9,10,11,12,13,14,15,17,18,19,20,24,26,28,30,33,34,36,38,39>5,38,39,10,16,19,23,26,28,1,33,3,34,36,9,11,12,13,14,15,17,18,20,24,30
1,3,7,9,10,11,12,13,14,15,17,18,19,20,24,26,28,30,33,34,36,38,39>38,7,39,40,10,16,19,22,23,25,26,28,1,33,3,34,36,9,11,12,13,14,15,17,18,20,24,30
1,35,5,38,39,40,10,11,14,17,19,25,27,29,30,31>37,13,14,15,20,30,1,35,5,39,40,11,27,31
1,35,5,38,39,40,10,11,14,17,19,25,27,29,30,31>32,37,38,15,17,19,23,29,30,1,35,5,39,40,11,27,31
1,3,4,5,8,9,12,13,14,16,19,20,21,23,24,27,28,29,31,34,36,37,38,39,40>5,7,12,13,15,18,25,28,29,32,33,35,38,39,40,1,3,4,14,16,20,23,24,31
1,3,4,5,8,9,12,13,14,16,19,20,21,23,24,27,28,29,31,34,36,37,38,39,40>7,8,9,25,26,27,29,38,1,3,4,14,16,20,23,24,31
32,2,3,34,35,36,37,8,39,14,17,18,19,20,23,25,29,30>4,5,15,19,24,25,26,27,32,34,35,36,2,3,37,18,20,23
32,2,3,34,35,36,37,8,39,14,17,18,19,20,23,25,29,30>5,8,14,19,22,25,26,27,29,30,32,35,36,39,2,3,37,18,20,23
2,35,36,5,38,7,39,10,11,12,13,15,16,17,21,22,23,25,26>35,38,9,10,14,19,20,22,27,28,29,2,5,39,11,12,13,16,17,26
2,35,36,5,38,7,39,10,11,12,13,15,16,17,21,22,23,25,26>36,7,19,20,21,23,25,27,29,30,2,5,39,11,12,13,16,17,26
3,4,35,37,38,10,11,13,17,19,21,22,23,24,25,26,29,31>4,16,18,20,21,24,27,28,30,31,35,3,37,11,13,17,23,25,26,29
3,4,35,37,38,10,11,13,17,19,21,22,23,24,25,26,29,31>4,39,10,14,16,19,20,21,22,24,27,28,30,35,3,37,11,13,17,23,25,26,29
1,2,4,5,8,10,11,12,13,15,19,20,22,23,24,26,27,29,34,37,38,40>8,14,16,22,28,30,31,32,38,1,2,11,12,13,23,24,26,29
1,2,4,5,8,10,11,12,13,15,19,20,22,23,24,26,27,29,34,37,38,40>4,8,15,16,17,19,31,32,37,1,2,11,12,13,23,24,26,29
1,2,34,4,35,36,37,38,39,11,15,16,20,21,22,24,30>6,7,38,11,16,25,28,29,1,2,34,37,20,24
1,2,34,4,35,36,37,38,39,11,15,16,20,21,22,24,30>36,6,7,38,15,16,21,30,1,2,34,37,20,24
32,1,2,3,4,33,6,36,11,15,16,19,20,25,26,27,29,30>4,7,39,40,16,18,19,20,23,25,31,32,1,2,3,36,6,27,30
32,1,2,3,4,33,6,36,11,15,16,19,20,25,26,27,29,30>38,8,39,16,20,23,25,26,32,1,2,3,36,6,27,30
32,33,4,5,6,7,37,39,12,17,19,20,23,24,25,27,29,30,31>35,6,37,40,12,17,26,30,32,5,39,20,23,24,25,27,31
32,33,4,5,6,7,37,39,12,17,19,20,23,24,25,27,29,30,31>4,6,7,9,40,12,32,5,39,20,23,24,25,27,31
33,2,3,35,39,8,40,12,17,20,22,23,24>33,34,5,37,12,17,22,23,25,2,3,39,20,24
33,2,3,35,39,8,40,12,17,20,22,23,24>34,35,5,40,12,22,23,25,28,29,2,3,39,20,24
1,36,5,37,7,38,40,11,12,15,17,22,23,25,30>36,38,39,9,11,22,23,25,26,27,28,29,40,1,5
1,36,5,37,7,38,40,11,12,15,17,22,23,25,30>36,38,7,39,15,17,20,30,40,1,5
1,7,9,16,17,18,19,20,21,24,25,26,28,29,33,34,36,37,38,39,40>7,38,40,22,23,28,1,33,36,9,18,20,24,25
1,7,9,16,17,18,19,20,21,24,25,26,28,29,33,34,36,37,38,39,40>5,37,19,21,22,23,26,27,28,30,1,33,36,9,18,20,24,25
1,5,7,8,9,11,12,13,14,17,18,20,21,22,23,25,26,31,32,35,36,37>8,11,13,15,31,34,1,35,37,5,9,14,17,20,21,22,26
1,5,7,8,9,11,12,13,14,17,18,20,21,22,23,25,26,31,32,35,36,37>7,8,11,12,15,16,24,25,27,30,31,32,36,1,35,37,5,9,14,17,20,21,22,26
1,2,3,4,5,7,11,12,13,14,17,18,20,22,23,24,25,26,27,28,29,32,33,34,36>34,4,38,9,16,23,30,32,1,2,3,33,5,36,7,14,17,20,22,24,25,26,27,28,29
1,2,3,4,5,7,11,12,13,14,17,18,20,22,23,24,25,26,27,28,29,32,33,34,36>34,4,38,9,11,12,15,23,30,31,32,1,2,3,33,5,36,7,14,17,20,22,24,25,26,27,28,29
3,5,7,9,14,15,21,22,23,24,26,27,28,31,33,35,36,37,38,39,40>38,21,24,27,30,33,3,35,5,36,37,39,9,15,26,28,31
3,5,7,9,14,15,21,22,23,24,26,27,28,31,33,35,36,37,38,39,40>32,7,14,20,24,27,33,3,35,5,36,37,39,9,15,26,28,31
32,33,3,4,35,6,38,40,11,12,18,20,24,25,26,28,31>9,11,12,22,28,31,36,37,33,3,35,24,25
32,33,3,4,35,6,38,40,11,12,18,20,24,25,26,28,31>9,26,28,30,32,34,36,37,40,33,3,35,24,25
1,3,4,5,6,7,8,10,11,12,13,17,19,21,22,23,27,29,30,31,37,39,40>37,9,12,18,19,21,26,1,3,5,7,8,39,40,11,13,17,23,29,31
1,3,4,5,6,7,8,10,11,12,13,17,19,21,22,23,27,29,30,31,37,39,40>32,6,9,10,14,19,20,27,28,1,3,5,7,8,39,40,11,13,17,23,29,31
32,2,34,5,6,37,38,39,40,11,12,14,17,19,23,26,29,30,31>32,34,8,11,14,15,18,19,20,29,2,5,40,23,26,30
32,2,34,5,6,37,38,39,40,11,12,14,17,19,23,26,29,30,31>32,34,11,12,15,17,19,20,2,5,40,23,26,30
1,2,3,4,6,7,9,10,11,12,13,15,16,17,19,22,23,24,25,27,28,29,32,33,34,37>15,26,31,32,1,2,3,33,6,7,9,11,12,13,16,17,19,23,25,27,28,29
1,2,3,4,6,7,9,10,11,12,13,15,16,17,19,22,23,24,25,27,28,29,32,33,34,37>4,36,15,18,20,32,1,2,3,33,6,7,9,11,12,13,16,17,19,23,25,27,28,29
1,2,3,4,5,7,8,10,11,16,17,19,20,21,22,24,25,26,28,29,30,31,37,38,39,40>4,38,8,9,10,13,17,18,19,21,26,31,1,2,3,5,7,39,40,11,20,24,25,28,29,30
1,2,3,4,5,7,8,10,11,16,17,19,20,21,22,24,25,26,28,29,30,31,37,38,39,40>33,35,4,38,10,17,19,21,22,26,27,31,1,2,3,5,7,39,40,11,20,24,25,28,29,30
1,3,7,8,9,10,11,16,18,20,24,27,28,30,31,34,35,36,38,39,40>36,37,7,39,16,22,28,1,34,3,35,40,9,11,24,31
1,3,7,8,9,10,11,16,18,20,24,27,28,30,31,34,35,36,38,39,40>36,5,10,13,16,20,25,27,1,34,3,35,40,9,11,24,31
2,3,5,6,7,8,10,12,13,15,17,18,21,22,24,26,27,29,30,31,32,33,34,35,38,39>4,6,7,11,16,24,27,36,40,32,2,35,3,5,8,12,13,17,21,22,29,30,31
2,3,5,6,7,8,10,12,13,15,17,18,21,22,24,26,27,29,30,31,32,33,34,35,38,39>4,6,7,9,10,14,15,16,25,26,28,33,36,37,32,2,35,3,5,8,12,13,17,21,22,29,30,31
2,3,9,10,12,13,14,16,17,18,20,21,25,27,30,31,32,33,35,36,37,38>5,39,40,9,15,21,24,30,32,2,3,35,36,37,38,13,14,16,17,20,27,31
2,3,9,10,12,13,14,16,17,18,20,21,25,27,30,31,32,33,35,36,37,38>4,39,11,21,22,25,32,2,3,35,36,37,38,13,14,16,17,20,27,31
32,2,34,36,37,7,8,10,11,14,16,18,20,23,27,28,29>5,7,14,15,16,20,23,26,27,28,36,37,38,32,2,11
32,2,34,36,37,7,8,10,11,14,16,18,20,23,27,28,29>5,7,8,9,13,15,18,20,23,24,26,27,29,31,33,36,38,32,2,11
1,2,3,4,5,6,7,10,11,12,13,15,18,20,22,26,27,29,30,33,34,35,36,37,38,39,40>9,17,20,21,24,27,28,33,34,35,38,39,1,2,3,36,5,37,7,40,11,12,13,22,29,30
1,2,3,4,5,6,7,10,11,12,13,15,18,20,22,26,27,29,30,33,34,35,36,37,38,39,40>4,6,8,9,10,16,18,20,21,24,26,28,33,34,35,38,1,2,3,36,5,37,7,40,11,12,13,22,29,30
