CD45,CD8,TCRlig,TCbind,PAGCsk,LCK,Fyn,Rlk,TCRphos,ZAP70,cCbl,Itk,LAT,Gads,Slp76,PLCg_b,Grb2Sos,DAG,PLCg_a,Ras,RasGRP1,PKCth,IP3,Raf,MEK,Ca,ERK,SEK,IKK,Calcin,Rsk,Fos,JNK,IkB,CREB,Jun,CRE,AP1,NFkB,NFAT
32,34,3,38,8,9,40,11,18,19,21,23,24,26,29,30>34,11,19,20,21,24,25,29,3,40,18,23,26,30
32,34,3,38,8,9,40,11,18,19,21,23,24,26,29,30>32,34,8,9,11,19,20,21,24,3,40,18,23,26,30
2,3,5,6,7,9,10,13,14,15,16,19,20,21,22,23,24,27,29,30,32,34,35,38,39,40>4,6,8,11,17,26,28,31,37,38,39,32,2,3,5,40,9,10,13,14,15,16,20,23,24,29
2,3,5,6,7,9,10,13,14,15,16,19,20,21,22,23,24,27,29,30,32,34,35,38,39,40>6,7,22,26,28,30,31,37,38,32,2,3,5,40,9,10,13,14,15,16,20,23,24,29
2,3,4,5,8,11,13,17,19,20,22,27,28,31,33,35,36,37,38,39,40>40,11,13,14,22,27,29,33,2,3,35,36,37,39,17,20,28,31
2,3,4,5,8,11,13,17,19,20,22,27,28,31,33,35,36,37,38,39,40>5,8,13,16,22,27,33,2,3,35,36,37,39,17,20,28,31
33,34,35,36,6,38,39,9,40,13,14,15,16,20,23,25,29,31>13,17,20,24,27,29,31,37,38,39,40,35,36,14,15,16
33,34,35,36,6,38,39,9,40,13,14,15,16,20,23,25,29,31>5,8,9,20,23,24,27,29,33,37,38,35,36,14,15,16
3,36,37,40,11,13,14,18,19,22,23,24,25,27,29,30,31>32,35,37,39,13,15,17,26,3,40,14,18,22,23,25,27,29,31
3,36,37,40,11,13,14,18,19,22,23,24,25,27,29,30,31>32,35,37,39,13,15,16,17,30,3,40,14,18,22,23,25,27,29,31
32,33,2,34,4,7,8,9,39,11,17,19,20,21,22,23,29,31>32,34,35,36,7,8,39,11,19,21,24,26,28,2,9,20,23,29
32,33,2,34,4,7,8,9,39,11,17,19,20,21,22,23,29,31>32,33,34,35,4,5,36,11,18,22,26,28,2,9,20,23,29
2,6,7,10,11,13,14,15,16,18,19,21,22,23,25,28,29,30,31,33,35>7,8,9,37,17,19,20,25,33,2,35,11,13,14,15,16,18,21,22,23,28,29
2,6,7,10,11,13,14,15,16,18,19,21,22,23,25,28,29,30,31,33,35>36,5,7,8,9,37,12,17,19,26,27,30,33,2,35,11,13,14,15,16,18,21,22,23,28,29
1,3,4,5,7,9,12,13,14,15,16,18,19,21,22,23,24,25,27,29,30,31,33,38>38,39,12,13,19,20,24,28,1,3,4,5,7,9,14,15,16,18,21,22,23,25,27,29,31
1,3,4,5,7,9,12,13,14,15,16,18,19,21,22,23,24,25,27,29,30,31,33,38>32,35,36,39,40,24,26,30,1,3,4,5,7,9,14,15,16,18,21,22,23,25,27,29,31
33,35,4,37,9,12,13,17,18,23,24,25,26,30>35,4,36,9,14,16,20,22,24,37,17,25,26,30
33,35,4,37,9,12,13,17,18,23,24,25,26,30>33,34,35,4,36,40,12,16,20,23,24,27,37,17,25,26,30
2,3,4,6,8,9,10,11,13,14,19,20,21,24,25,28,32,34,37,38,40>32,4,10,15,18,19,21,23,28,2,3,34,8,9,11,13,14,20,24,25
2,3,4,6,8,9,10,11,13,14,19,20,21,24,25,28,32,34,37,38,40>32,33,4,38,40,10,15,16,18,19,23,27,2,3,34,8,9,11,13,14,20,24,25
1,2,5,6,7,9,11,12,13,15,17,19,22,23,24,26,28,29,30,35,37,39>35,40,11,12,13,14,15,18,20,1,2,5,37,7,39,9,17,23,26,28,29,30
1,2,5,6,7,9,11,12,13,15,17,19,22,23,24,26,28,29,30,35,37,39>33,35,40,12,14,15,19,24,25,1,2,5,37,7,39,9,17,23,26,28,29,30
1,3,4,5,6,9,11,12,13,15,16,19,20,21,23,24,27,28,29,31,33,40>4,8,11,14,15,18,19,21,26,27,35,1,33,3,9,16,20,23,24,31
1,3,4,5,6,9,11,12,13,15,16,19,20,21,23,24,27,28,29,31,33,40>4,6,7,8,12,13,14,17,19,25,27,28,40,1,33,3,9,16,20,23,24,31
1,33,3,4,35,6,7,38,10,12,15,23,24,25,27>33,35,36,6,37,8,38,15,23,31,1,3,4,7,12,25,27
1,33,3,4,35,6,7,38,10,12,15,23,24,25,27>34,6,37,8,10,11,38,15,23,1,3,4,7,12,25,27
1,2,33,4,6,7,8,38,39,40,17,18,19,20,21,23,26,28,29,31>35,4,36,38,40,19,21,30,31,1,2,33,6,7,8,39,18,20,23,26
1,2,33,4,6,7,8,38,39,40,17,18,19,20,21,23,26,28,29,31>35,4,5,38,21,28,29,30,1,2,33,6,7,8,39,18,20,23,26
33,2,3,34,37,6,7,39,9,10,11,40,13,14,19,21,28,30>36,7,8,37,39,15,17,19,21,28,30,33,2,3,34,40,9,11,13,14
33,2,3,34,37,6,7,39,9,10,11,40,13,14,19,21,28,30>36,5,6,8,37,10,15,18,19,21,28,30,33,2,3,34,40,9,11,13,14
32,1,33,36,5,9,10,11,12,16,17,18,19,20,21,22,27,28,30,31>35,40,9,16,17,19,24,29,32,1,33,36,5,11,18,20,21,22,28,31
32,1,33,36,5,9,10,11,12,16,17,18,19,20,21,22,27,28,30,31>35,38,39,10,17,24,27,29,30,32,1,33,36,5,11,18,20,21,22,28,31
1,34,4,5,36,7,37,39,10,11,40,14,15,17,24,27,28,29,30>4,9,12,17,24,25,27,28,30,31,33,1,5,7,40,11,15
1,34,4,5,36,7,37,39,10,11,40,14,15,17,24,27,28,29,30>9,10,13,17,20,24,28,30,37,1,5,7,40,11,15
33,35,5,38,7,8,9,10,39,40,13,14,19,21,27,28,29,30>7,10,11,16,19,28,30,31,36,33,5,39,40,9,13,14
33,35,5,38,7,8,9,10,39,40,13,14,19,21,27,28,29,30>8,10,11,17,20,27,30,31,32,36,37,33,5,39,40,9,13,14
33,2,4,36,37,8,12,13,16,20,22,24,25,26,27,28,29>39,14,17,20,30,33,2,36,16,24,25,27,28,29
33,2,4,36,37,8,12,13,16,20,22,24,25,26,27,28,29>4,37,12,13,17,20,26,33,2,36,16,24,25,27,28,29
2,4,7,9,10,12,16,17,20,21,24,25,27,28,31,33,34,35,36,37,38,39,40>4,38,39,11,13,16,21,33,2,34,35,36,37,9,20,24,25,27,31
2,4,7,9,10,12,16,17,20,21,24,25,27,28,31,33,34,35,36,37,38,39,40>4,5,38,7,40,11,12,13,21,28,33,2,34,35,36,37,9,20,24,25,27,31
32,2,35,36,37,8,10,12,13,15,20,25,26,29,30>38,39,8,11,15,17,20,24,25,26,2,37,12,13,30
32,2,35,36,37,8,10,12,13,15,20,25,26,29,30>36,38,40,11,14,15,17,29,2,37,12,13,30
2,3,4,34,35,7,36,37,38,13,14,15,18,19,22,23,26,27,29>7,9,13,16,17,21,28,30,2,3,4,37,14,15,18,22,23,26,29
2,3,4,34,35,7,36,37,38,13,14,15,18,19,22,23,26,27,29>34,5,38,7,9,13,17,31,2,3,4,37,14,15,18,22,23,26,29
32,33,2,34,36,38,7,39,14,17,18,19,21,22,23,24,25,26>7,39,14,15,17,24,2,34,36,38,18,21,22,23,25,26
32,33,2,34,36,38,7,39,14,17,18,19,21,22,23,24,25,26>5,7,39,14,20,24,27,30,2,34,36,38,18,21,22,23,25,26
1,2,3,4,33,34,7,35,11,13,14,15,17,19,20,23,30,31>36,9,40,18,19,24,26,30,31,1,2,3,34,35,7,14,15,17,20,23
1,2,3,4,33,34,7,35,11,13,14,15,17,19,20,23,30,31>6,36,37,9,40,11,13,18,19,30,31,1,2,3,34,35,7,14,15,17,20,23
2,5,7,8,10,13,15,18,20,22,24,27,28,29,31,34,35,37,38,39,40>10,11,12,15,16,17,18,20,25,32,40,2,35,37,5,13,22,24,28,29,31
2,5,7,8,10,13,15,18,20,22,24,27,28,29,31,34,35,37,38,39,40>7,8,9,10,12,17,20,27,32,33,2,35,37,5,13,22,24,28,29,31
1,2,4,5,6,9,13,14,15,18,19,20,23,24,25,27,28,31,32,35,37,38,39,40>33,7,8,38,13,17,19,22,32,1,2,35,37,39,9,14,15,18,23,24,25,27,31
1,2,4,5,6,9,13,14,15,18,19,20,23,24,25,27,28,31,32,35,37,38,39,40>34,6,7,8,10,17,20,22,26,32,1,2,35,37,39,9,14,15,18,23,24,25,27,31
3,4,6,8,9,10,11,12,14,15,18,19,21,22,24,34,35,37,38,39,40>35,38,39,40,13,14,19,20,24,28,29,34,3,37,8,9,11,12,15,18,21,22
3,4,6,8,9,10,11,12,14,15,18,19,21,22,24,34,35,37,38,39,40>4,6,38,39,40,20,24,25,28,34,3,37,8,9,11,12,15,18,21,22
32,1,2,34,4,5,6,7,37,9,40,12,13,16,21,23,24,26,27,28>25,14,30,32,1,2,34,5,7,9,16,26
32,1,2,34,4,5,6,7,37,9,40,12,13,16,21,23,24,26,27,28>4,37,12,14,23,31,32,1,2,34,5,7,9,16,26
3,4,5,6,7,8,10,14,15,16,20,21,22,23,24,26,27,29,33,34,36,37,38>6,9,11,12,14,23,25,27,30,31,32,33,34,38,3,4,5,36,8,15,20,24,26,29
3,4,5,6,7,8,10,14,15,16,20,21,22,23,24,26,27,29,33,34,36,37,38>6,7,9,11,13,16,19,22,23,25,27,30,31,38,3,4,5,36,8,15,20,24,26,29
32,1,33,3,36,37,6,7,8,9,10,38,39,15,16,20,21,24>4,5,11,12,16,25,1,3,36,38,7,8,9,10,39,20,24
32,1,33,3,36,37,6,7,8,9,10,38,39,15,16,20,21,24>32,33,4,5,6,12,13,19,21,1,3,36,38,7,8,9,10,39,20,24
32,2,3,4,35,36,37,8,38,13,14,16,18,19,24,26,30>32,35,36,39,40,13,15,19,24,25,2,3,4,37,38,14,16,18,30
32,2,3,4,35,36,37,8,38,13,14,16,18,19,24,26,30>32,34,35,39,8,40,13,15,19,22,23,26,2,3,4,37,38,14,16,18,30
2,36,5,37,39,17,20,22,24,26,31>34,17,22,28,29,30,31,2,5,39,20,24
2,36,5,37,39,17,20,22,24,26,31>34,36,37,22,25,31,2,5,39,20,24
2,36,37,6,7,38,39,12,13,15,22,23,24,25,31>5,7,8,12,13,14,15,17,23,27,28,31,34,35,36,25,2,39
2,36,37,6,7,38,39,12,13,15,22,23,24,25,31>6,7,8,9,16,17,23,27,28,29,31,37,25,2,39
1,2,3,5,7,8,9,10,12,14,15,16,20,21,22,23,25,27,30,31,32,33,35,36>4,7,13,14,16,19,21,22,23,24,25,26,34,38,40,32,1,2,3,35,5,36,9,12,15,20,27,31
1,2,3,5,7,8,9,10,12,14,15,16,20,21,22,23,25,27,30,31,32,33,35,36>8,10,13,23,25,26,29,30,33,34,37,32,1,2,3,35,5,36,9,12,15,20,27,31
1,33,3,4,37,6,8,10,11,12,13,14,17,21,23,24,27,29,30>4,6,9,15,16,20,23,24,25,26,27,29,30,36,37,39,40,1,3,8,11,13,14,17
1,33,3,4,37,6,8,10,11,12,13,14,17,21,23,24,27,29,30>7,9,12,15,21,23,24,25,26,29,30,31,36,37,39,40,1,3,8,11,13,14,17
1,3,4,5,8,10,11,12,15,18,19,21,22,24,25,26,27,28,29,30,31,32,33,34,36,38,39,40>4,5,7,8,10,13,15,19,20,23,32,1,33,3,36,38,40,11,12,18,21,22,25,27,28,29,30,31
1,3,4,5,8,10,11,12,15,18,19,21,22,24,25,26,27,28,29,30,31,32,33,34,36,38,39,40>35,4,5,7,39,19,20,24,32,1,33,3,36,38,40,11,12,18,21,22,25,27,28,29,30,31
3,4,6,7,10,11,12,13,14,15,16,17,20,23,25,26,27,28,29,30,34,35,37,38>32,34,35,5,6,8,9,31,3,37,11,12,13,14,15,16,17,20,26,27,30
3,4,6,7,10,11,12,13,14,15,16,17,20,23,25,26,27,28,29,30,34,35,37,38>32,34,5,8,9,10,38,40,24,28,3,37,11,12,13,14,15,16,17,20,26,27,30
1,4,6,9,10,13,17,18,19,20,21,22,27,29,30,32,33,35,36,37,38,39>35,4,6,7,40,16,23,28,31,32,1,36,37,38,39,9,10,13,17,18,20,21,22,29
1,4,6,9,10,13,17,18,19,20,21,22,27,29,30,32,33,35,36,37,38,39>35,4,6,40,14,28,31,32,1,36,37,38,39,9,10,13,17,18,20,21,22,29
1,5,6,7,8,9,10,12,16,17,18,19,21,24,25,26,27,31,32,33,34,39>33,39,13,20,21,23,24,32,1,34,5,7,8,9,10,18,25,27,31
1,5,6,7,8,9,10,12,16,17,18,19,21,24,25,26,27,31,32,33,34,39>36,6,17,22,23,26,30,32,1,34,5,7,8,9,10,18,25,27,31
32,2,34,36,37,38,10,13,18,20,23,25,27,29>34,36,37,10,11,17,18,20,22,24,25,26,32,2,38,13,27
32,2,34,36,37,38,10,13,18,20,23,25,27,29>34,36,5,37,10,11,17,18,23,24,25,32,2,38,13,27
