CD45,CD8,TCRlig,TCbind,PAGCsk,LCK,Fyn,Rlk,TCRphos,ZAP70,cCbl,Itk,LAT,Gads,Slp76,PLCg_b,Grb2Sos,DAG,PLCg_a,Ras,RasGRP1,PKCth,IP3,Raf,MEK,Ca,ERK,SEK,IKK,Calcin,Rsk,Fos,JNK,IkB,CREB,Jun,CRE,AP1,NFkB,NFAT
1,2,3,4,7,9,10,13,15,17,18,19,20,21,24,29,33,35,36,38,40>35,6,37,38,10,11,12,15,19,21,22,23,29,1,2,3,4,36,7,9,13,17,18,20,24
1,2,3,4,7,9,10,13,15,17,18,19,20,21,24,29,33,35,36,38,40>33,35,5,39,10,40,15,19,22,23,29,1,2,3,4,36,7,9,13,17,18,20,24
32,1,2,4,36,37,38,9,10,13,14,15,19,20,21,22,24,27,29,30>4,10,12,17,18,23,27,28,31,37,39,40,32,1,2,38,13,14,15,20,24,29
32,1,2,4,36,37,38,9,10,13,14,15,19,20,21,22,24,27,29,30>6,7,12,16,17,19,22,25,27,28,31,36,37,39,32,1,2,38,13,14,15,20,24,29
2,3,5,6,8,10,11,13,15,16,17,19,20,21,22,23,24,25,26,27,28,29,31,33,35,37,38,40>15,6,39,30,2,3,5,8,11,13,16,17,19,20,23,24,25,26,27,28,29,31,33,35,37
2,3,5,6,8,10,11,13,15,16,17,19,20,21,22,23,24,25,26,27,28,29,31,33,35,37,38,40>32,6,38,39,14,21,30,2,3,5,8,11,13,16,17,19,20,23,24,25,26,27,28,29,31,33,35,37
1,2,3,34,35,6,7,8,9,37,38,39,14,16,24,25,31>27,15,1,2,3,34,35,6,7,8,9,37,25
1,2,3,34,35,6,7,8,9,37,38,39,14,16,24,25,31>4,39,10,14,15,24,31,1,2,3,34,35,6,7,8,9,37,25
1,2,4,7,9,10,12,13,15,16,17,20,23,26,29,32,33,36,37,38,39,40>33,5,14,15,19,23,1,2,36,38,7,39,9,12,13,16,17,20,26
1,2,4,7,9,10,12,13,15,16,17,20,23,26,29,32,33,36,37,38,39,40>33,4,6,14,15,19,29,1,2,36,38,7,39,9,12,13,16,17,20,26
32,2,4,5,6,7,8,9,10,11,36,38,39,18,20,23,25,26,27,29>4,36,6,7,13,18,25,31,32,2,5,38,39,8,9,11,26,27
32,2,4,5,6,7,8,9,10,11,36,38,39,18,20,23,25,26,27,29>4,36,6,7,13,18,20,22,23,32,2,5,38,39,8,9,11,26,27
1,2,4,6,8,9,14,16,17,20,22,23,24,26,27,29,30,33,34,37,38,40>32,33,36,37,14,15,17,23,27,28,31,1,2,6,8,9,40,20,24,26,29,30
1,2,4,6,8,9,14,16,17,20,22,23,24,26,27,29,30,33,34,37,38,40>32,33,34,4,10,14,15,16,22,23,25,27,28,31,1,2,6,8,9,40,20,24,26,29,30
1,2,34,4,5,6,35,8,9,10,11,12,14,15,17,18,20,22,29>5,6,14,24,28,1,2,8,9,11,12,15,20,22,29
1,2,34,4,5,6,35,8,9,10,11,12,14,15,17,18,20,22,29>34,35,4,6,37,13,14,17,18,24,1,2,8,9,11,12,15,20,22,29
1,2,3,33,36,37,7,38,10,13,14,18,21,23,24,27,28,30>4,6,17,18,23,24,26,28,30,31,37,1,2,3,36,33,13,14
1,2,3,33,36,37,7,38,10,13,14,18,21,23,24,27,28,30>5,6,10,16,17,18,20,21,24,25,26,27,34,39,1,2,3,36,33,13,14
1,3,4,5,7,8,10,15,16,17,20,21,22,25,26,28,31,32,33,34,35,37>9,11,15,16,19,25,26,29,30,36,1,33,3,4,5,34,7,35,37,20,28
1,3,4,5,7,8,10,15,16,17,20,21,22,25,26,28,31,32,33,34,35,37>8,9,10,11,15,16,19,21,22,27,29,31,32,1,33,3,4,5,34,7,35,37,20,28
36,5,38,7,39,9,10,11,12,15,17,20,24,25,28,31>34,38,7,10,15,27,31,5,39,9,11,12,20,24,25
36,5,38,7,39,9,10,11,12,15,17,20,24,25,28,31>34,35,36,38,15,17,28,31,5,39,9,11,12,20,24,25
32,2,3,34,5,36,7,38,39,11,16,17,19,21,22,26,28,29>34,36,7,39,9,11,16,18,20,22,23,30,2,3,5,38,28,29
32,2,3,34,5,36,7,38,39,11,16,17,19,21,22,26,28,29>32,33,34,39,16,17,18,21,22,23,26,2,3,5,38,28,29
32,2,35,4,36,6,7,8,39,40,12,13,14,15,16,26,28,31>7,36,37,38,13,40,26,30,2,35,39,8,14,15,16
32,2,35,4,36,6,7,8,39,40,12,13,14,15,16,26,28,31>34,5,6,7,36,12,13,40,26,31,2,35,39,8,14,15,16
1,4,5,6,8,9,10,11,12,13,14,17,20,21,22,23,25,27,30,35,37,38>5,7,16,21,24,26,32,34,39,1,37,8,9,11,13,14,17,20,27
1,4,5,6,8,9,10,11,12,13,14,17,20,21,22,23,25,27,30,35,37,38>4,5,10,16,21,22,25,26,28,34,35,1,37,8,9,11,13,14,17,20,27
1,2,6,7,8,10,11,17,18,19,20,21,23,24,25,27,30,32,34,36,37>36,40,9,10,17,19,22,30,32,1,2,34,6,7,8,11,18,20,23,24,25,27
1,2,6,7,8,10,11,17,18,19,20,21,23,24,25,27,30,32,34,36,37>36,5,37,40,9,10,13,17,21,22,26,32,1,2,34,6,7,8,11,18,20,23,24,25,27
2,5,7,8,9,10,14,18,20,21,23,24,25,26,27,28,29,30,32,33,34,37,38>36,37,38,8,11,15,18,23,28,29,32,33,2,5,9,20,24,25,26,27,30
2,5,7,8,9,10,14,18,20,21,23,24,25,26,27,28,29,30,32,33,34,37,38>34,36,37,8,15,22,23,28,29,32,33,2,5,9,20,24,25,26,27,30
33,3,35,37,6,7,8,38,40,11,12,14,18,19,21,23,27,28>6,9,11,12,14,15,21,26,28,31,36,40,33,3,37,8,18,23
33,3,35,37,6,7,8,38,40,11,12,14,18,19,21,23,27,28>6,7,19,20,22,26,28,31,35,33,3,37,8,18,23
33,3,5,6,39,8,40,10,12,13,14,17,19,23,25,26,28,29,31>4,6,15,16,29,30,33,3,5,39,8,13,14,17,23,26
33,3,5,6,39,8,40,10,12,13,14,17,19,23,25,26,28,29,31>35,4,36,10,11,15,16,20,25,27,30,31,33,3,5,39,8,13,14,17,23,26
3,5,9,10,13,14,16,17,18,19,21,26,27,28,30,31,33,34,37,38,39,40>35,4,36,37,38,9,10,23,26,27,28,33,34,3,5,40,13,14,16,17,18,30,31
3,5,9,10,13,14,16,17,18,19,21,26,27,28,30,31,33,34,37,38,39,40>35,4,37,38,15,19,20,21,23,26,27,33,34,3,5,40,13,14,16,17,18,30,31
1,2,3,4,6,8,9,12,19,23,25,26,27,28,29,30,34,35,36,37,40>32,35,36,10,19,28,1,2,3,4,37,6,8,9,40,23,26,27,30
1,2,3,4,6,8,9,12,19,23,25,26,27,28,29,30,34,35,36,37,40>33,35,7,10,19,31,1,2,3,4,37,6,8,9,40,23,26,27,30
4,5,37,38,8,39,11,12,13,15,16,19,20,21,23,24,27,29,30>4,5,8,13,17,19,25,27,30,37,38,39,16,20,23,24
4,5,37,38,8,39,11,12,13,15,16,19,20,21,23,24,27,29,30>4,5,8,11,12,13,17,18,21,25,26,27,31,40,39,16,20,23,24
3,37,6,7,38,9,10,11,13,15,16,17,18,20,23,25,26,27,29,30>32,5,7,37,15,40,18,22,23,25,31,3,9,11,13,16,17,20,26,27,30
3,37,6,7,38,9,10,11,13,15,16,17,18,20,23,25,26,27,29,30>32,5,8,37,38,39,15,18,22,23,25,29,31,3,9,11,13,16,17,20,26,27,30
2,4,5,6,7,9,14,19,20,21,22,24,27,28,29,30,31,32,35,36,38,39,40>4,7,37,18,19,22,27,30,32,2,35,5,38,39,40,9,20,24,28,29,31
2,4,5,6,7,9,14,19,20,21,22,24,27,28,29,30,31,32,35,36,38,39,40>33,36,6,8,37,14,21,23,25,27,32,2,35,5,38,39,40,9,20,24,28,29,31
2,3,4,5,6,7,8,13,14,15,17,18,19,22,23,27,30,31,32,33,35,36,37,38,40>34,6,7,9,16,26,30,32,2,3,4,5,35,36,8,37,38,40,14,15,17,18,22,23,31
2,3,4,5,6,7,8,13,14,15,17,18,19,22,23,27,30,31,32,33,35,36,37,38,40>33,34,6,13,19,26,27,28,30,32,2,3,4,5,35,36,8,37,38,40,14,15,17,18,22,23,31
32,6,38,40,10,11,13,14,16,17,18,19,24,25,26>34,6,38,8,39,40,15,19,22,23,24,30,11,13,14,16,17,18,25
32,6,38,40,10,11,13,14,16,17,18,19,24,25,26>26,30,5,23,11,13,14,16,17,18,25
32,2,3,34,5,6,37,8,40,10,13,18,19,26>10,14,17,19,22,23,26,2,3,34,5,8,13,18
32,2,3,34,5,6,37,8,40,10,13,18,19,26>37,6,40,11,14,16,17,22,23,2,3,34,5,8,13,18
34,3,4,35,6,8,9,10,11,12,13,14,15,40,19,21,24,25,30>4,17,19,20,21,23,34,3,8,9,40,11,12,13,14,15,25
34,3,4,35,6,8,9,10,11,12,13,14,15,40,19,21,24,25,30>35,4,10,16,17,19,20,23,34,3,8,9,40,11,12,13,14,15,25
32,1,33,34,36,6,7,8,39,10,13,17,21,22,23,24,25,27,28,30>5,6,39,10,11,40,16,23,30,32,1,34,33,36,7,8,13,17,25,27,28
32,1,33,34,36,6,7,8,39,10,13,17,21,22,23,24,25,27,28,30>6,38,39,40,16,22,26,30,32,1,34,33,36,7,8,13,17,25,27,28
1,2,11,12,13,15,16,17,18,21,22,24,25,26,27,28,29,32,33,34,36,37,40>34,38,11,20,24,30,32,1,2,33,36,16,17,21,22,25,27,28,29
1,2,11,12,13,15,16,17,18,21,22,24,25,26,27,28,29,32,33,34,36,37,40>6,38,12,15,18,26,31,32,1,2,33,36,16,17,21,22,25,27,28,29
32,35,38,39,11,12,13,14,15,19,22,24,27,30>11,13,16,18,19,23,24,28,35,37,40,32,15,14,39
32,35,38,39,11,12,13,14,15,19,22,24,27,30>11,12,13,16,17,18,19,22,24,25,27,31,35,38,32,15,14,39
32,3,35,38,40,9,10,13,15,17,18,19,20,25,26,28>4,10,14,19,22,26,27,28,30,32,33,37,3,13,17,18,20
32,3,35,38,40,9,10,13,15,17,18,19,20,25,26,28>4,10,11,12,16,22,23,24,25,26,27,30,34,38,39,3,13,17,18,20
1,3,5,7,9,11,13,14,16,20,21,22,25,26,27,28,33,35,37,38,40>32,38,7,11,13,21,22,24,26,29,1,33,3,5,37,9,14,16,20,27,28
1,3,5,7,9,11,13,14,16,20,21,22,25,26,27,28,33,35,37,38,40>32,34,35,36,39,40,22,24,26,29,31,1,33,3,5,37,9,14,16,20,27,28
32,33,2,38,7,8,9,11,12,14,17,20,21,22,23,25,26,28,31>11,12,21,22,23,25,29,30,35,36,38,33,2,9,20,26,28
32,33,2,38,7,8,9,11,12,14,17,20,21,22,23,25,26,28,31>5,7,8,11,12,15,25,27,29,32,36,38,33,2,9,20,26,28
33,34,5,37,38,10,12,14,15,16,17,19,22,25,27>36,37,38,10,11,14,17,31,34,5,12,15,19,27
33,34,5,37,38,10,12,14,15,16,17,19,22,25,27>32,36,37,10,11,16,18,22,25,28,34,5,12,15,19,27
32,2,36,6,7,8,9,38,11,14,15,17,18,24,27,29>39,11,14,22,24,27,29,32,2,38,8,9,15
32,2,36,6,7,8,9,38,11,14,15,17,18,24,27,29>17,24,27,29,32,2,38,8,9,15
1,6,7,8,13,16,17,18,19,20,21,22,24,26,27,28,29,30,32,34,36,37,38,40>33,36,5,6,14,19,23,31,32,1,38,7,8,40,16,17,18,20,21,22,24,28,29,30
1,6,7,8,13,16,17,18,19,20,21,22,24,26,27,28,29,30,32,34,36,37,38,40>33,34,36,37,9,14,19,27,31,32,1,38,7,8,40,16,17,18,20,21,22,24,28,29,30
32,1,34,3,36,5,6,39,9,10,11,12,24,28,29,30,31>9,13,25,28,29,31,32,33,35,36,38,11,1,3,5
32,1,34,3,36,5,6,39,9,10,11,12,24,28,29,30,31>7,24,31,32,35,36,38,40,11,1,3,5
3,5,7,9,12,14,16,19,20,21,23,24,25,26,27,28,29,31,32,35,37,39>33,14,15,32,3,35,5,37,39,9,20,23,24,25,26,27,31
3,5,7,9,12,14,16,19,20,21,23,24,25,26,27,28,29,31,32,35,37,39>33,4,7,12,16,18,19,29,32,3,35,5,37,39,9,20,23,24,25,26,27,31
2,35,4,36,38,8,9,11,14,15,16,18,19,20,22,25,26,27,28>8,11,23,24,26,30,31,32,33,36,38,2,15,18,22,27,28
2,35,4,36,38,8,9,11,14,15,16,18,19,20,22,25,26,27,28>8,9,11,19,20,21,25,31,32,37,38,39,2,15,18,22,27,28
32,1,35,4,39,9,10,12,16,17,21,24,25,27,28,31>33,34,9,11,12,17,21,32,1,35,39,25,27,31
32,1,35,4,39,9,10,12,16,17,21,24,25,27,28,31>28,34,4,21,32,1,35,39,25,27,31
