CD45,CD8,TCRlig,TCbind,PAGCsk,LCK,Fyn,Rlk,TCRphos,ZAP70,cCbl,Itk,LAT,Gads,Slp76,PLCg_b,Grb2Sos,DAG,PLCg_a,Ras,RasGRP1,PKCth,IP3,Raf,MEK,Ca,ERK,SEK,IKK,Calcin,Rsk,Fos,JNK,IkB,CREB,Jun,CRE,AP1,NFkB,NFAT
32,34,35,4,6,38,8,9,40,11,14,15,16,17,19,20,23,25,26,28>32,35,38,40,18,19,24,25,27,34,8,9,15,20,23,26
32,34,35,4,6,38,8,9,40,11,14,15,16,17,19,20,23,25,26,28>35,37,6,17,19,24,25,30,34,8,9,15,20,23,26
32,34,35,4,6,38,8,9,40,11,14,15,16,17,19,20,23,25,26,28>32,35,11,17,18,24,28,30,34,8,9,15,20,23,26
32,34,35,4,6,38,8,9,40,11,14,15,16,17,19,20,23,25,26,28>32,33,35,4,37,11,14,16,19,27,34,8,9,15,20,23,26
1,4,6,7,8,10,13,15,17,23,24,25,26,27,29,30,31,32,33,34,35,36,38>33,4,40,9,14,15,16,23,24,32,1,35,36,38,7,8,13,17,25,26,27,30,31
1,4,6,7,8,10,13,15,17,23,24,25,26,27,29,30,31,32,33,34,35,36,38>33,34,37,40,9,10,11,12,15,23,32,1,35,36,38,7,8,13,17,25,26,27,30,31
1,4,6,7,8,10,13,15,17,23,24,25,26,27,29,30,31,32,33,34,35,36,38>33,4,5,37,40,11,12,14,32,1,35,36,38,7,8,13,17,25,26,27,30,31
1,4,6,7,8,10,13,15,17,23,24,25,26,27,29,30,31,32,33,34,35,36,38>34,4,9,10,11,12,14,16,23,32,1,35,36,38,7,8,13,17,25,26,27,30,31
1,2,33,4,7,9,12,13,15,17,19,21,23,25,26,27,28,30>5,36,39,40,12,15,16,21,28,31,1,2,33,7,9,17,23,26,27,30
1,2,33,4,7,9,12,13,15,17,19,21,23,25,26,27,28,30>34,5,6,39,40,12,13,15,16,18,19,25,31,1,2,33,7,9,17,23,26,27,30
1,2,33,4,7,9,12,13,15,17,19,21,23,25,26,27,28,30>32,34,5,6,40,14,15,20,21,25,1,2,33,7,9,17,23,26,27,30
1,2,33,4,7,9,12,13,15,17,19,21,23,25,26,27,28,30>34,40,13,14,15,16,21,25,1,2,33,7,9,17,23,26,27,30
32,33,2,36,6,39,8,10,11,13,14,15,16,19,21,25,28>32,5,38,17,20,23,25,27,28,33,2,36,39,8,11,13,14,15,16,19
32,33,2,36,6,39,8,10,11,13,14,15,16,19,21,25,28>32,34,38,10,17,18,21,25,33,2,36,39,8,11,13,14,15,16,19
32,33,2,36,6,39,8,10,11,13,14,15,16,19,21,25,28>32,5,6,38,10,20,21,23,25,27,28,33,2,36,39,8,11,13,14,15,16,19
32,33,2,36,6,39,8,10,11,13,14,15,16,19,21,25,28>32,34,38,12,17,18,20,23,27,33,2,36,39,8,11,13,14,15,16,19
33,6,38,8,9,40,12,15,17,18,24,25,27,30>32,33,36,5,38,39,12,15,17,22,30,31,8,25,40,27
33,6,38,8,9,40,12,15,17,18,24,25,27,30>34,36,39,12,18,8,25,40,27
33,6,38,8,9,40,12,15,17,18,24,25,27,30>33,34,36,5,38,10,17,20,24,30,31,8,25,40,27
33,6,38,8,9,40,12,15,17,18,24,25,27,30>32,33,34,6,9,10,17,18,20,22,24,30,31,8,25,40,27
1,2,35,4,5,6,36,8,40,15,17,18,19,23,24,27,29,31>6,7,9,15,17,1,2,35,8,18,23,31
1,2,35,4,5,6,36,8,40,15,17,18,19,23,24,27,29,31>32,4,7,36,37,15,17,20,22,25,26,29,1,2,35,8,18,23,31
1,2,35,4,5,6,36,8,40,15,17,18,19,23,24,27,29,31>32,4,6,36,9,37,15,17,19,20,24,26,27,29,1,2,35,8,18,23,31
1,2,35,4,5,6,36,8,40,15,17,18,19,23,24,27,29,31>32,4,5,36,9,20,22,29,1,2,35,8,18,23,31
1,34,3,4,36,37,8,40,11,13,18,19,21,25,27>36,37,8,13,14,16,17,20,21,22,23,25,1,34,3,18,27
1,34,3,4,36,37,8,40,11,13,18,19,21,25,27>32,36,40,20,21,23,1,34,3,18,27
1,34,3,4,36,37,8,40,11,13,18,19,21,25,27>4,36,7,8,11,17,19,20,22,23,25,31,1,34,3,18,27
1,34,3,4,36,37,8,40,11,13,18,19,21,25,27>32,4,36,8,40,13,14,19,21,22,31,1,34,3,18,27
1,2,33,36,6,7,8,9,39,40,13,14,16,17,21,23,25,28,31>40,10,15,20,21,23,26,28,1,2,33,36,6,7,8,9,39,14,16,17
1,2,33,36,6,7,8,9,39,40,13,14,16,17,21,23,25,28,31>5,13,20,21,25,26,27,28,1,2,33,36,6,7,8,9,39,14,16,17
1,2,33,36,6,7,8,9,39,40,13,14,16,17,21,23,25,28,31>34,5,40,10,21,23,31,1,2,33,36,6,7,8,9,39,14,16,17
1,2,33,36,6,7,8,9,39,40,13,14,16,17,21,23,25,28,31>34,35,5,20,21,23,26,1,2,33,36,6,7,8,9,39,14,16,17
1,5,6,7,10,11,13,14,15,18,19,20,23,27,28,30,32,35,36,37,40>10,16,17,19,26,27,33,35,36,38,32,1,37,5,7,40,11,13,14,15,18,23
1,5,6,7,10,11,13,14,15,18,19,20,23,27,28,30,32,35,36,37,40>6,12,16,17,22,27,28,30,31,33,34,36,32,1,37,5,7,40,11,13,14,15,18,23
1,5,6,7,10,11,13,14,15,18,19,20,23,27,28,30,32,35,36,37,40>6,9,19,20,22,27,28,36,38,39,32,1,37,5,7,40,11,13,14,15,18,23
1,5,6,7,10,11,13,14,15,18,19,20,23,27,28,30,32,35,36,37,40>6,8,9,12,16,19,22,26,27,35,38,39,32,1,37,5,7,40,11,13,14,15,18,23
1,34,36,5,37,39,8,9,10,11,12,40,15,17,19,20,26,30,31>10,17,18,19,23,24,31,1,34,5,40,11,12,20,30
1,34,36,5,37,39,8,9,10,11,12,40,15,17,19,20,26,30,31>36,39,8,10,17,1,34,5,40,11,12,20,30
1,34,36,5,37,39,8,9,10,11,12,40,15,17,19,20,26,30,31>35,36,37,13,15,17,19,31,1,34,5,40,11,12,20,30
1,34,36,5,37,39,8,9,10,11,12,40,15,17,19,20,26,30,31>35,36,37,10,18,19,23,24,26,1,34,5,40,11,12,20,30
2,3,4,5,6,36,8,9,10,11,37,13,15,18,19,23,25,27,28>6,12,14,15,16,22,26,32,34,37,39,2,3,8,9,11,13,18,23,27
2,3,4,5,6,36,8,9,10,11,37,13,15,18,19,23,25,27,28>6,10,14,15,16,22,28,31,33,36,39,2,3,8,9,11,13,18,23,27
2,3,4,5,6,36,8,9,10,11,37,13,15,18,19,23,25,27,28>4,5,6,15,17,19,22,25,26,28,34,2,3,8,9,11,13,18,23,27
2,3,4,5,6,36,8,9,10,11,37,13,15,18,19,23,25,27,28>4,5,6,12,16,19,26,31,33,37,39,2,3,8,9,11,13,18,23,27
32,1,33,9,10,13,14,15,20,24,25,26,29,31>36,9,12,16,17,20,27,30,31,1,13,14,15,24,25
32,1,33,9,10,13,14,15,20,24,25,26,29,31>32,36,5,39,11,12,20,26,30,31,1,13,14,15,24,25
32,1,33,9,10,13,14,15,20,24,25,26,29,31>36,5,39,11,12,29,30,31,1,13,14,15,24,25
32,1,33,9,10,13,14,15,20,24,25,26,29,31>32,33,5,39,12,17,29,1,13,14,15,24,25
1,35,37,40,9,11,16,18,19,20,22,26,29,30>35,5,9,21,23,24,26,1,37,40,18,22,29,30
1,35,37,40,9,11,16,18,19,20,22,26,29,30>20,35,39,9,1,37,40,18,22,29,30
1,35,37,40,9,11,16,18,19,20,22,26,29,30>5,39,9,11,20,1,37,40,18,22,29,30
1,35,37,40,9,11,16,18,19,20,22,26,29,30>35,5,39,19,23,26,1,37,40,18,22,29,30
34,3,5,6,37,38,15,17,19,20,21,23,27,28,29,30>21,24,27,30,31,38,3,20,5,23
34,3,5,6,37,38,15,17,19,20,21,23,27,28,29,30>4,17,18,21,24,29,30,32,37,3,20,5,23
34,3,5,6,37,38,15,17,19,20,21,23,27,28,29,30>8,17,21,24,28,29,31,33,38,40,3,20,5,23
34,3,5,6,37,38,15,17,19,20,21,23,27,28,29,30>4,8,18,21,29,31,32,38,40,3,20,5,23
33,34,3,36,6,7,38,9,10,39,12,14,15,17,20,23,30>6,38,40,13,14,24,30,34,3,36,9,10,12,15,20
33,34,3,36,6,7,38,9,10,39,12,14,15,17,20,23,30>4,11,40,13,14,17,24,34,3,36,9,10,12,15,20
33,34,3,36,6,7,38,9,10,39,12,14,15,17,20,23,30>4,5,6,38,11,14,30,34,3,36,9,10,12,15,20
33,34,3,36,6,7,38,9,10,39,12,14,15,17,20,23,30>33,4,5,7,38,40,13,14,17,23,24,26,34,3,36,9,10,12,15,20
1,2,3,4,7,9,10,13,14,15,16,21,22,23,26,30,31,32,36,37,38>32,36,37,40,10,21,29,1,2,3,4,38,7,9,13,14,15,16,26,30
1,2,3,4,7,9,10,13,14,15,16,21,22,23,26,30,31,32,36,37,38>32,6,39,40,10,11,17,22,1,2,3,4,38,7,9,13,14,15,16,26,30
1,2,3,4,7,9,10,13,14,15,16,21,22,23,26,30,31,32,36,37,38>35,36,37,40,12,21,22,23,1,2,3,4,38,7,9,13,14,15,16,26,30
1,2,3,4,7,9,10,13,14,15,16,21,22,23,26,30,31,32,36,37,38>34,35,10,20,21,1,2,3,4,38,7,9,13,14,15,16,26,30
1,3,4,5,6,7,8,10,11,16,18,20,21,22,24,26,27,28,30,34,36,38>36,6,38,13,16,18,26,27,29,1,34,3,5,7,8,11,20,21,22,24,28,30
1,3,4,5,6,7,8,10,11,16,18,20,21,22,24,26,27,28,30,34,36,38>33,36,9,13,26,29,1,34,3,5,7,8,11,20,21,22,24,28,30
1,3,4,5,6,7,8,10,11,16,18,20,21,22,24,26,27,28,30,34,36,38>32,4,9,13,18,26,27,1,34,3,5,7,8,11,20,21,22,24,28,30
1,3,4,5,6,7,8,10,11,16,18,20,21,22,24,26,27,28,30,34,36,38>33,4,36,6,38,40,9,16,25,26,27,29,1,34,3,5,7,8,11,20,21,22,24,28,30
1,2,3,36,5,6,38,39,12,14,15,19,21,22,23,25,26,31>6,7,14,18,19,21,22,25,28,31,34,35,1,2,3,5,39,15,23,26
1,2,3,36,5,6,38,39,12,14,15,19,21,22,23,25,26,31>6,8,14,19,21,25,28,30,31,38,1,2,3,5,39,15,23,26
1,2,3,36,5,6,38,39,12,14,15,19,21,22,23,25,26,31>4,6,12,14,18,19,20,29,35,36,38,1,2,3,5,39,15,23,26
1,2,3,36,5,6,38,39,12,14,15,19,21,22,23,25,26,31>6,7,8,14,18,19,21,25,30,38,1,2,3,5,39,15,23,26
2,3,4,9,11,12,16,17,18,19,20,22,23,24,25,26,30,31,34,36,38>36,9,11,17,19,21,29,31,2,3,34,18,20,22,23,24,25,26,30
2,3,4,9,11,12,16,17,18,19,20,22,23,24,25,26,30,31,34,36,38>36,11,12,16,17,21,27,28,2,3,34,18,20,22,23,24,25,26,30
2,3,4,9,11,12,16,17,18,19,20,22,23,24,25,26,30,31,34,36,38>36,38,40,9,11,12,17,21,27,31,2,3,34,18,20,22,23,24,25,26,30
2,3,4,9,11,12,16,17,18,19,20,22,23,24,25,26,30,31,34,36,38>4,36,38,40,9,11,12,16,21,27,2,3,34,18,20,22,23,24,25,26,30
32,1,34,6,38,8,9,10,11,39,17,18,22,23,24,25,26,27,29>7,38,9,13,20,21,28,30,32,1,8,11,22,25,26,27,29
32,1,34,6,38,8,9,10,11,39,17,18,22,23,24,25,26,27,29>5,7,38,10,39,13,17,18,20,21,24,28,31,32,1,8,11,22,25,26,27,29
32,1,34,6,38,8,9,10,11,39,17,18,22,23,24,25,26,27,29>34,5,10,13,17,23,24,28,31,32,1,8,11,22,25,26,27,29
32,1,34,6,38,8,9,10,11,39,17,18,22,23,24,25,26,27,29>34,6,7,38,9,39,13,17,20,21,24,32,1,8,11,22,25,26,27,29
1,2,4,5,8,11,12,14,16,20,21,22,23,25,26,29,31,32,34,38,39>7,12,14,15,21,22,23,30,32,35,38,1,2,20,26,29
1,2,4,5,8,11,12,14,16,20,21,22,23,25,26,29,31,32,34,38,39>4,5,8,15,16,21,22,23,24,25,34,35,38,39,1,2,20,26,29
1,2,4,5,8,11,12,14,16,20,21,22,23,25,26,29,31,32,34,38,39>7,16,23,25,27,30,31,34,1,2,20,26,29
1,2,4,5,8,11,12,14,16,20,21,22,23,25,26,29,31,32,34,38,39>7,8,11,21,23,24,25,28,30,32,35,1,2,20,26,29
33,35,7,11,13,14,15,18,19,21,22,23,24,25,30,31>7,16,20,26,28,29,30,34,36,37,39,40,35,14,15,18,21,22,23,25
33,35,7,11,13,14,15,18,19,21,22,23,24,25,30,31>9,13,16,20,27,28,29,30,31,33,34,36,37,39,35,14,15,18,21,22,23,25
33,35,7,11,13,14,15,18,19,21,22,23,24,25,30,31>5,9,11,13,24,27,29,33,36,39,35,14,15,18,21,22,23,25
33,35,7,11,13,14,15,18,19,21,22,23,24,25,30,31>5,7,9,17,19,20,26,27,30,33,37,39,40,35,14,15,18,21,22,23,25
1,34,36,7,8,9,10,11,12,13,39,40,16,17,18,20,21,26,27,28>32,5,39,18,21,22,24,26,27,28,30,1,34,9,11,13,16,17,20
1,34,36,7,8,9,10,11,12,13,39,40,16,17,18,20,21,26,27,28>33,5,7,10,14,18,22,26,27,1,34,9,11,13,16,17,20
1,34,36,7,8,9,10,11,12,13,39,40,16,17,18,20,21,26,27,28>32,33,8,39,10,18,22,26,27,28,30,31,1,34,9,11,13,16,17,20
1,34,36,7,8,9,10,11,12,13,39,40,16,17,18,20,21,26,27,28>32,7,8,39,40,14,18,21,1,34,9,11,13,16,17,20
1,33,3,4,35,37,7,8,9,38,12,14,17,18,20,21,22,24,25,26>5,38,39,8,12,14,17,27,28,29,30,1,3,4,37,7,9,20,21,22,24,25
1,33,3,4,35,37,7,8,9,38,12,14,17,18,20,21,22,24,25,26>34,36,38,14,15,18,27,28,29,30,1,3,4,37,7,9,20,21,22,24,25
1,33,3,4,35,37,7,8,9,38,12,14,17,18,20,21,22,24,25,26>33,34,35,36,38,14,15,17,18,29,30,1,3,4,37,7,9,20,21,22,24,25
1,33,3,4,35,37,7,8,9,38,12,14,17,18,20,21,22,24,25,26>33,34,35,36,5,14,17,26,29,1,3,4,37,7,9,20,21,22,24,25
1,2,3,4,6,7,8,12,14,15,16,17,19,21,22,24,33,35,36,38,39,40>12,14,17,19,21,24,34,35,37,38,40,1,2,3,4,36,6,7,8,39,15
1,2,3,4,6,7,8,12,14,15,16,17,19,21,22,24,33,35,36,38,39,40>12,14,16,17,18,19,21,22,23,24,25,29,33,35,37,38,40,1,2,3,4,36,6,7,8,39,15
1,2,3,4,6,7,8,12,14,15,16,17,19,21,22,24,33,35,36,38,39,40>5,12,14,16,17,19,21,22,24,29,33,34,37,1,2,3,4,36,6,7,8,39,15
1,2,3,4,6,7,8,12,14,15,16,17,19,21,22,24,33,35,36,38,39,40>9,12,14,16,17,19,20,22,23,24,25,28,29,33,34,35,1,2,3,4,36,6,7,8,39,15
32,1,2,3,4,35,6,36,8,37,38,39,14,17,19,20,24,25,27,31>34,23,9,19,32,1,2,3,4,35,6,37,8,38,39,20,24,25,27,31
32,1,2,3,4,35,6,36,8,37,38,39,14,17,19,20,24,25,27,31>36,9,14,17,18,23,32,1,2,3,4,35,6,37,8,38,39,20,24,25,27,31
32,1,2,3,4,35,6,36,8,37,38,39,14,17,19,20,24,25,27,31>34,7,9,14,15,18,32,1,2,3,4,35,6,37,8,38,39,20,24,25,27,31
32,1,2,3,4,35,6,36,8,37,38,39,14,17,19,20,24,25,27,31>34,7,9,15,18,19,32,1,2,3,4,35,6,37,8,38,39,20,24,25,27,31
1,34,35,5,6,37,8,40,11,15,19,24,26,31>6,11,18,19,25,26,30,1,34,35,37,5,8
1,34,35,5,6,37,8,40,11,15,19,24,26,31>6,15,18,19,25,26,30,31,1,34,35,37,5,8
1,34,35,5,6,37,8,40,11,15,19,24,26,31>7,40,18,19,23,25,26,30,31,1,34,35,37,5,8
1,34,35,5,6,37,8,40,11,15,19,24,26,31>6,11,15,18,19,23,24,25,31,1,34,35,37,5,8
3,6,7,8,9,10,11,13,14,15,18,19,21,23,26,27,28,30,31,32,35,39>34,37,40,16,17,21,22,27,28,32,3,35,39,8,9,11,13,14,15,18,23,26,30,31
3,6,7,8,9,10,11,13,14,15,18,19,21,23,26,27,28,30,31,32,35,39>33,34,40,16,19,20,22,32,3,35,39,8,9,11,13,14,15,18,23,26,30,31
3,6,7,8,9,10,11,13,14,15,18,19,21,23,26,27,28,30,31,32,35,39>5,40,12,19,20,21,28,32,3,35,39,8,9,11,13,14,15,18,23,26,30,31
3,6,7,8,9,10,11,13,14,15,18,19,21,23,26,27,28,30,31,32,35,39>34,6,7,10,12,16,17,21,27,32,3,35,39,8,9,11,13,14,15,18,23,26,30,31
32,1,35,36,5,6,7,8,38,10,12,14,15,22,24,25,26,30,31>37,6,10,14,22,31,1,35,5,38,7,8,12,15,25,30
32,1,35,36,5,6,7,8,38,10,12,14,15,22,24,25,26,30,31>32,36,6,39,40,14,22,24,26,28,29,31,1,35,5,38,7,8,12,15,25,30
32,1,35,36,5,6,7,8,38,10,12,14,15,22,24,25,26,30,31>34,36,39,40,13,14,22,27,29,1,35,5,38,7,8,12,15,25,30
32,1,35,36,5,6,7,8,38,10,12,14,15,22,24,25,26,30,31>32,34,36,37,40,9,11,13,24,27,28,31,1,35,5,38,7,8,12,15,25,30
33,35,4,37,38,7,39,40,10,11,12,13,15,18,19,22,23,24,25,27>4,5,7,9,10,16,17,19,21,24,26,29,31,33,35,36,38,40,37,39,11,12,13,18,22,23,25,27
33,35,4,37,38,7,39,40,10,11,12,13,15,18,19,22,23,24,25,27>4,14,19,24,26,28,29,31,32,33,35,36,40,37,39,11,12,13,18,22,23,25,27
33,35,4,37,38,7,39,40,10,11,12,13,15,18,19,22,23,24,25,27>4,7,10,16,17,19,21,24,28,35,38,37,39,11,12,13,18,22,23,25,27
33,35,4,37,38,7,39,40,10,11,12,13,15,18,19,22,23,24,25,27>4,5,7,15,16,17,21,24,26,28,31,38,37,39,11,12,13,18,22,23,25,27
38,1,2,3,4,33,6,7,8,35,36,11,12,13,14,15,18,21,25,30>4,9,13,16,22,25,30,34,37,39,40,1,2,3,36,6,7,8,14,15
38,1,2,3,4,33,6,7,8,35,36,11,12,13,14,15,18,21,25,30>4,9,12,13,16,17,18,25,27,30,34,35,37,39,1,2,3,36,6,7,8,14,15
38,1,2,3,4,33,6,7,8,35,36,11,12,13,14,15,18,21,25,30>4,5,17,18,21,22,25,27,30,34,39,40,1,2,3,36,6,7,8,14,15
38,1,2,3,4,33,6,7,8,35,36,11,12,13,14,15,18,21,25,30>4,9,11,18,22,30,33,34,35,39,1,2,3,36,6,7,8,14,15
1,4,6,7,9,13,14,16,17,18,21,23,25,30,32,33,34,35,36,39,40>4,8,10,15,20,21,23,25,27,30,37,1,34,36,7,40,9,14,16,17
1,4,6,7,9,13,14,16,17,18,21,23,25,30,32,33,34,35,36,39,40>4,18,20,21,23,27,32,33,35,37,39,1,34,36,7,40,9,14,16,17
1,4,6,7,9,13,14,16,17,18,21,23,25,30,32,33,34,35,36,39,40>4,10,13,18,21,22,23,27,35,37,39,1,34,36,7,40,9,14,16,17
1,4,6,7,9,13,14,16,17,18,21,23,25,30,32,33,34,35,36,39,40>6,8,13,15,18,20,26,35,38,39,1,34,36,7,40,9,14,16,17
32,35,4,36,6,37,8,9,14,16,19,22,23,27,28>4,10,15,19,27,29,31,32,37,8,9,23,28
32,35,4,36,6,37,8,9,14,16,19,22,23,27,28>33,36,38,10,14,16,19,27,29,31,32,37,8,9,23,28
32,35,4,36,6,37,8,9,14,16,19,22,23,27,28>34,35,4,6,38,39,14,15,16,18,19,29,32,37,8,9,23,28
32,35,4,36,6,37,8,9,14,16,19,22,23,27,28>33,34,35,4,36,38,39,10,14,15,16,18,19,22,26,29,31,32,37,8,9,23,28
2,3,5,6,7,8,10,11,12,13,15,17,18,19,20,21,24,25,27,31,32,38>39,16,22,23,32,2,3,5,8,11,12,13,17,18,20,24,25,27,31
2,3,5,6,7,8,10,11,12,13,15,17,18,19,20,21,24,25,27,31,32,38>34,10,14,16,23,32,2,3,5,8,11,12,13,17,18,20,24,25,27,31
2,3,5,6,7,8,10,11,12,13,15,17,18,19,20,21,24,25,27,31,32,38>34,35,7,38,9,10,39,14,21,22,32,2,3,5,8,11,12,13,17,18,20,24,25,27,31
2,3,5,6,7,8,10,11,12,13,15,17,18,19,20,21,24,25,27,31,32,38>35,6,38,10,15,16,19,32,2,3,5,8,11,12,13,17,18,20,24,25,27,31
1,4,5,7,9,11,12,14,15,16,17,18,19,24,25,31,33,35,37,39,40>36,12,14,20,22,23,1,35,5,37,7,39,9,15,18,25
1,4,5,7,9,11,12,14,15,16,17,18,19,24,25,31,33,35,37,39,40>34,11,12,14,16,20,22,23,24,27,1,35,5,37,7,39,9,15,18,25
1,4,5,7,9,11,12,14,15,16,17,18,19,24,25,31,33,35,37,39,40>33,34,36,40,11,14,16,17,20,22,24,1,35,5,37,7,39,9,15,18,25
1,4,5,7,9,11,12,14,15,16,17,18,19,24,25,31,33,35,37,39,40>4,36,40,14,17,19,22,24,1,35,5,37,7,39,9,15,18,25
34,35,36,37,6,7,8,38,10,39,12,40,16,18,19,20,24,28>5,10,11,12,22,25,35,34,37,8,18,24
34,35,36,37,6,7,8,38,10,39,12,40,16,18,19,20,24,28>5,13,16,19,20,22,28,33,36,40,34,37,8,18,24
34,35,36,37,6,7,8,38,10,39,12,40,16,18,19,20,24,28>5,7,9,12,16,28,33,36,40,34,37,8,18,24
34,35,36,37,6,7,8,38,10,39,12,40,16,18,19,20,24,28>6,7,9,12,13,19,25,35,34,37,8,18,24
34,3,36,37,38,10,11,13,14,15,16,21,22,23,24,25,27,29>32,37,38,10,23,26,31,3,11,13,14,15,16,25,27,29
34,3,36,37,38,10,11,13,14,15,16,21,22,23,24,25,27,29>34,37,38,12,17,20,22,23,24,31,3,11,13,14,15,16,25,27,29
34,3,36,37,38,10,11,13,14,15,16,21,22,23,24,25,27,29>36,5,37,12,17,20,23,24,26,31,3,11,13,14,15,16,25,27,29
34,3,36,37,38,10,11,13,14,15,16,21,22,23,24,25,27,29>32,34,36,38,21,24,28,31,3,11,13,14,15,16,25,27,29
32,2,4,6,39,40,10,11,13,14,15,16,19,20,28,29,30>4,9,10,17,19,28,30,2,39,40,11,13,14,15,16
32,2,4,6,39,40,10,11,13,14,15,16,19,20,28,29,30>33,8,10,12,17,18,19,23,24,29,30,2,39,40,11,13,14,15,16
32,2,4,6,39,40,10,11,13,14,15,16,19,20,28,29,30>4,8,12,18,19,24,28,30,2,39,40,11,13,14,15,16
32,2,4,6,39,40,10,11,13,14,15,16,19,20,28,29,30>32,33,4,9,10,19,20,28,30,2,39,40,11,13,14,15,16
4,5,6,7,9,13,15,16,17,19,20,22,23,24,27,28,30,34,37,38,40>4,8,10,14,15,18,19,22,37,34,5,40,9,16,17,20,23,24,28
4,5,6,7,9,13,15,16,17,19,20,22,23,24,27,28,30,34,37,38,40>4,15,18,19,27,29,31,37,34,5,40,9,16,17,20,23,24,28
4,5,6,7,9,13,15,16,17,19,20,22,23,24,27,28,30,34,37,38,40>4,6,8,10,13,19,22,29,30,31,37,38,34,5,40,9,16,17,20,23,24,28
4,5,6,7,9,13,15,16,17,19,20,22,23,24,27,28,30,34,37,38,40>4,6,7,8,10,13,15,19,27,31,32,34,5,40,9,16,17,20,23,24,28
4,9,10,11,12,13,15,16,17,19,20,22,23,24,26,27,31,33,34,35,37,39,40>4,40,10,14,15,25,27,28,30,34,35,37,11,12,13,16,17,19,20,23,24,26,31
4,9,10,11,12,13,15,16,17,19,20,22,23,24,26,27,31,33,34,35,37,39,40>32,4,40,9,10,18,22,28,34,35,37,11,12,13,16,17,19,20,23,24,26,31
4,9,10,11,12,13,15,16,17,19,20,22,23,24,26,27,31,33,34,35,37,39,40>33,4,36,39,40,10,14,18,22,29,34,35,37,11,12,13,16,17,19,20,23,24,26,31
4,9,10,11,12,13,15,16,17,19,20,22,23,24,26,27,31,33,34,35,37,39,40>32,33,4,36,39,9,10,25,27,34,35,37,11,12,13,16,17,19,20,23,24,26,31
