CD45,CD8,TCRlig,TCbind,PAGCsk,LCK,Fyn,Rlk,TCRphos,ZAP70,cCbl,Itk,LAT,Gads,Slp76,PLCg_b,Grb2Sos,DAG,PLCg_a,Ras,RasGRP1,PKCth,IP3,Raf,MEK,Ca,ERK,SEK,IKK,Calcin,Rsk,Fos,JNK,IkB,CREB,Jun,CRE,AP1,NFkB,NFAT
1,3,4,5,6,7,8,10,11,14,15,16,19,20,22,24,28,29,31,32,37,38,40>4,12,14,18,22,23,25,31,39,1,3,5,7,8,11,15,19,24,28,29
1,3,4,5,6,7,8,10,11,14,15,16,19,20,22,24,28,29,31,32,37,38,40>4,12,14,18,20,22,32,35,38,1,3,5,7,8,11,15,19,24,28,29
1,3,4,5,6,7,8,10,11,14,15,16,19,20,22,24,28,29,31,32,37,38,40>4,6,13,14,16,20,23,25,1,3,5,7,8,11,15,19,24,28,29
1,3,4,5,6,7,8,10,11,14,15,16,19,20,22,24,28,29,31,32,37,38,40>4,6,9,12,13,14,16,22,23,31,32,37,38,39,1,3,5,7,8,11,15,19,24,28,29
2,3,4,5,6,7,10,16,19,20,26,28,30,31,32,34,36,37,38,39,40>10,16,18,20,24,26,28,32,33,39,34,2,3,4,5,38,40,30
2,3,4,5,6,7,10,16,19,20,26,28,30,31,32,34,36,37,38,39,40>7,8,9,11,13,18,19,23,24,31,36,34,2,3,4,5,38,40,30
2,3,4,5,6,7,10,16,19,20,26,28,30,31,32,34,36,37,38,39,40>7,9,11,18,26,28,33,35,36,37,39,34,2,3,4,5,38,40,30
2,3,4,5,6,7,10,16,19,20,26,28,30,31,32,34,36,37,38,39,40>7,8,9,11,13,18,19,20,23,24,26,33,35,36,37,39,34,2,3,4,5,38,40,30
1,4,6,7,8,9,10,14,15,17,18,20,22,23,25,30,31,33,34,36,37,38,39,40>5,13,18,23,26,27,28,29,30,31,35,38,1,34,36,7,8,9,10,40,15,20,22
1,4,6,7,8,9,10,14,15,17,18,20,22,23,25,30,31,33,34,36,37,38,39,40>4,5,11,17,25,27,28,30,31,37,39,1,34,36,7,8,9,10,40,15,20,22
1,4,6,7,8,9,10,14,15,17,18,20,22,23,25,30,31,33,34,36,37,38,39,40>6,17,18,21,23,24,25,26,28,29,31,33,35,38,1,34,36,7,8,9,10,40,15,20,22
1,4,6,7,8,9,10,14,15,17,18,20,22,23,25,30,31,33,34,36,37,38,39,40>5,14,18,24,26,28,29,30,31,33,35,39,1,34,36,7,8,9,10,40,15,20,22
1,33,34,36,6,38,39,9,14,15,16,17,19,22,23,27,30>5,8,9,20,27,28,29,30,32,33,1,34,36,15,23
1,33,34,36,6,38,39,9,14,15,16,17,19,22,23,27,30>5,6,9,16,17,19,20,22,38,39,1,34,36,15,23
1,33,34,36,6,38,39,9,14,15,16,17,19,22,23,27,30>7,8,9,10,14,16,17,20,26,28,29,31,32,33,39,40,1,34,36,15,23
1,33,34,36,6,38,39,9,14,15,16,17,19,22,23,27,30>5,7,8,14,17,19,22,26,28,29,31,32,39,40,1,34,36,15,23
1,33,3,34,5,35,7,8,9,36,11,12,13,14,38,39,20,25,28>38,7,8,13,17,20,28,1,34,3,33,5,36,9,14
1,33,3,34,5,35,7,8,9,36,11,12,13,14,38,39,20,25,28>38,12,16,17,25,1,34,3,33,5,36,9,14
1,33,3,34,5,35,7,8,9,36,11,12,13,14,38,39,20,25,28>35,38,39,11,27,1,34,3,33,5,36,9,14
1,33,3,34,5,35,7,8,9,36,11,12,13,14,38,39,20,25,28>35,37,38,7,39,13,15,17,20,28,1,34,3,33,5,36,9,14
1,2,3,5,7,8,9,12,13,15,16,18,19,21,22,24,25,28,29,30,32,33,35,38,39,40>32,7,8,38,12,14,15,17,19,23,24,1,2,3,33,5,39,40,9,16,18,21,22,25,28,29
1,2,3,5,7,8,9,12,13,15,16,18,19,21,22,24,25,28,29,30,32,33,35,38,39,40>32,35,7,38,12,20,24,1,2,3,33,5,39,40,9,16,18,21,22,25,28,29
1,2,3,5,7,8,9,12,13,15,16,18,19,21,22,24,25,28,29,30,32,33,35,38,39,40>32,35,36,7,8,38,12,13,14,15,17,19,30,1,2,3,33,5,39,40,9,16,18,21,22,25,28,29
1,2,3,5,7,8,9,12,13,15,16,18,19,21,22,24,25,28,29,30,32,33,35,38,39,40>32,4,7,38,12,14,20,24,1,2,3,33,5,39,40,9,16,18,21,22,25,28,29
2,3,5,6,8,10,13,14,16,17,18,22,23,24,26,30,31,32,33,36,37,38,39>35,4,37,40,11,20,23,24,25,31,2,3,36,5,38,39,8,13,14,16,17,22,26,30
2,3,5,6,8,10,13,14,16,17,18,22,23,24,26,30,31,32,33,36,37,38,39>32,33,37,6,40,10,15,18,21,24,25,28,2,3,36,5,38,39,8,13,14,16,17,22,26,30
2,3,5,6,8,10,13,14,16,17,18,22,23,24,26,30,31,32,33,36,37,38,39>32,34,35,40,10,11,15,24,28,31,2,3,36,5,38,39,8,13,14,16,17,22,26,30
2,3,5,6,8,10,13,14,16,17,18,22,23,24,26,30,31,32,33,36,37,38,39>32,33,34,35,4,6,40,10,11,15,20,25,28,2,3,36,5,38,39,8,13,14,16,17,22,26,30
1,33,34,35,36,6,7,8,39,40,12,15,16,19,20,22,25,31>6,12,15,18,22,24,25,27,28,29,31,33,1,34,35,36,7,8
1,33,34,35,36,6,7,8,39,40,12,15,16,19,20,22,25,31>5,6,15,16,18,19,20,23,28,29,37,39,1,34,35,36,7,8
1,33,34,35,36,6,7,8,39,40,12,15,16,19,20,22,25,31>5,9,12,15,18,19,22,27,29,31,33,39,40,1,34,35,36,7,8
1,33,34,35,36,6,7,8,39,40,12,15,16,19,20,22,25,31>5,6,9,15,19,20,22,25,28,37,39,1,34,35,36,7,8
1,2,3,33,5,34,7,35,9,38,39,12,14,17,19,21,22,24,25,30>4,18,19,20,27,29,30,33,36,37,38,1,2,3,34,5,9,25
1,2,3,33,5,34,7,35,9,38,39,12,14,17,19,21,22,24,25,30>7,14,18,21,24,28,29,30,35,1,2,3,34,5,9,25
1,2,3,33,5,34,7,35,9,38,39,12,14,17,19,21,22,24,25,30>4,12,15,17,23,24,28,29,30,38,40,1,2,3,34,5,9,25
1,2,3,33,5,34,7,35,9,38,39,12,14,17,19,21,22,24,25,30>4,12,14,18,19,22,23,24,29,35,36,37,38,39,1,2,3,34,5,9,25
33,34,3,4,37,6,38,39,17,18,19,21,23,24,26,29,30>33,38,39,17,20,21,22,24,3,4,18,23,26,30
33,34,3,4,37,6,38,39,17,18,19,21,23,24,26,29,30>36,37,38,39,40,17,20,24,3,4,18,23,26,30
33,34,3,4,37,6,38,39,17,18,19,21,23,24,26,29,30>33,36,9,39,19,21,22,24,25,3,4,18,23,26,30
33,34,3,4,37,6,38,39,17,18,19,21,23,24,26,29,30>33,36,37,6,38,8,9,39,17,19,24,3,4,18,23,26,30
1,4,5,7,8,11,12,13,14,15,22,23,25,28,29,32,33,34,35,38,40>32,9,40,12,13,17,22,23,25,1,33,5,7,14,15,28,29
1,4,5,7,8,11,12,13,14,15,22,23,25,28,29,32,33,34,35,38,40>32,34,36,37,38,16,17,23,25,27,1,33,5,7,14,15,28,29
1,4,5,7,8,11,12,13,14,15,22,23,25,28,29,32,33,34,35,38,40>35,4,36,8,9,11,16,17,22,23,26,27,1,33,5,7,14,15,28,29
1,4,5,7,8,11,12,13,14,15,22,23,25,28,29,32,33,34,35,38,40>32,35,4,36,37,8,9,40,12,22,26,1,33,5,7,14,15,28,29
1,2,4,6,38,11,17,19,20,21,22,26,28,30,31>7,11,17,18,19,21,23,26,31,33,35,38,40,1,2,6,20,28,30
1,2,4,6,38,11,17,19,20,21,22,26,28,30,31>7,23,24,26,35,38,1,2,6,20,28,30
1,2,4,6,38,11,17,19,20,21,22,26,28,30,31>8,11,17,18,19,24,33,34,35,39,40,1,2,6,20,28,30
1,2,4,6,38,11,17,19,20,21,22,26,28,30,31>4,8,9,22,23,26,31,33,38,39,40,1,2,6,20,28,30
32,33,34,36,7,8,16,17,20,21,22,28>32,7,9,16,17,29,33,34,36,20,28
32,33,34,36,7,8,16,17,20,21,22,28>5,16,17,21,22,24,33,34,36,20,28
32,33,34,36,7,8,16,17,20,21,22,28>38,8,17,21,22,24,29,33,34,36,20,28
32,33,34,36,7,8,16,17,20,21,22,28>32,5,38,9,16,21,22,24,29,33,34,36,20,28
32,33,3,35,5,37,8,9,10,40,13,15,17,18,20,29,30>4,8,9,11,15,22,30,3,37,5,40,13,17,20
32,33,3,35,5,37,8,9,10,40,13,15,17,18,20,29,30>32,4,36,39,11,29,30,3,37,5,40,13,17,20
32,33,3,35,5,37,8,9,10,40,13,15,17,18,20,29,30>35,36,39,8,9,16,24,3,37,5,40,13,17,20
32,33,3,35,5,37,8,9,10,40,13,15,17,18,20,29,30>32,33,35,36,8,9,11,16,24,30,3,37,5,40,13,17,20
32,1,33,36,6,7,8,12,13,14,16,21,23,24>5,12,13,17,21,24,25,1,36,7,8,14,16
32,1,33,36,6,7,8,12,13,14,16,21,23,24>32,33,5,12,17,23,26,1,36,7,8,14,16
32,1,33,36,6,7,8,12,13,14,16,21,23,24>6,38,39,15,20,23,24,25,26,1,36,7,8,14,16
32,1,33,36,6,7,8,12,13,14,16,21,23,24>33,34,5,6,12,15,23,25,1,36,7,8,14,16
2,3,7,8,10,11,12,13,15,16,17,18,19,22,23,24,27,29,30,35,37,38,39,40>32,35,7,14,15,20,25,30,31,2,3,37,39,40,11,12,13,16,17,18,19,22,23,29
2,3,7,8,10,11,12,13,15,16,17,18,19,22,23,24,27,29,30,35,37,38,39,40>32,35,38,7,9,10,14,15,21,24,26,27,28,2,3,37,39,40,11,12,13,16,17,18,19,22,23,29
2,3,7,8,10,11,12,13,15,16,17,18,19,22,23,24,27,29,30,35,37,38,39,40>35,5,7,8,10,15,20,21,24,25,30,2,3,37,39,40,11,12,13,16,17,18,19,22,23,29
2,3,7,8,10,11,12,13,15,16,17,18,19,22,23,24,27,29,30,35,37,38,39,40>32,35,5,7,8,9,14,25,26,27,28,31,2,3,37,39,40,11,12,13,16,17,18,19,22,23,29
1,4,5,7,8,9,10,12,14,15,16,17,20,21,23,24,28,29,31,32,38>14,23,25,28,29,1,5,7,9,12,15,20,24
1,4,5,7,8,9,10,12,14,15,16,17,20,21,23,24,28,29,31,32,38>4,11,13,14,17,19,21,23,26,28,31,35,38,39,1,5,7,9,12,15,20,24
1,4,5,7,8,9,10,12,14,15,16,17,20,21,23,24,28,29,31,32,38>8,11,13,14,17,23,25,26,28,31,32,35,38,39,1,5,7,9,12,15,20,24
1,4,5,7,8,9,10,12,14,15,16,17,20,21,23,24,28,29,31,32,38>4,8,10,11,13,14,16,19,21,31,32,35,38,1,5,7,9,12,15,20,24
1,2,3,4,35,6,7,8,9,10,11,13,17,18,20,24,25,29,31>39,10,16,18,22,27,29,1,2,3,35,6,7,8,9,11,13,17,20,24,25
1,2,3,4,35,6,7,8,9,10,11,13,17,18,20,24,25,29,31>4,10,14,27,29,31,1,2,3,35,6,7,8,9,11,13,17,20,24,25
1,2,3,4,35,6,7,8,9,10,11,13,17,18,20,24,25,29,31>4,5,14,18,22,29,1,2,3,35,6,7,8,9,11,13,17,20,24,25
1,2,3,4,35,6,7,8,9,10,11,13,17,18,20,24,25,29,31>5,37,39,14,18,22,27,29,31,1,2,3,35,6,7,8,9,11,13,17,20,24,25
2,3,34,35,6,38,8,39,11,13,14,15,18,19,20,21,22,27,28,29>35,39,11,13,19,23,2,3,8,14,15,18,20,21,22,28,29
2,3,34,35,6,38,8,39,11,13,14,15,18,19,20,21,22,27,28,29>33,6,38,11,16,24,31,2,3,8,14,15,18,20,21,22,28,29
2,3,34,35,6,38,8,39,11,13,14,15,18,19,20,21,22,27,28,29>32,33,35,6,38,11,13,24,31,2,3,8,14,15,18,20,21,22,28,29
2,3,34,35,6,38,8,39,11,13,14,15,18,19,20,21,22,27,28,29>33,34,35,38,19,27,2,3,8,14,15,18,20,21,22,28,29
2,3,35,36,37,39,40,13,14,16,17,18,19,20,24,25,26,28,29,30>33,4,13,15,19,22,26,28,2,3,37,39,40,14,16,17,18,20,24,25,30
2,3,35,36,37,39,40,13,14,16,17,18,19,20,24,25,26,28,29,30>4,5,36,13,15,22,23,26,28,2,3,37,39,40,14,16,17,18,20,24,25,30
2,3,35,36,37,39,40,13,14,16,17,18,19,20,24,25,26,28,29,30>33,4,5,13,15,19,26,29,2,3,37,39,40,14,16,17,18,20,24,25,30
2,3,35,36,37,39,40,13,14,16,17,18,19,20,24,25,26,28,29,30>35,4,15,19,23,27,29,2,3,37,39,40,14,16,17,18,20,24,25,30
32,1,33,35,4,5,36,7,37,9,12,17,18,22,23,26,27,30,31>34,4,38,39,40,18,20,21,23,27,28,32,1,35,36,5,37,7,9,22,26,30,31
32,1,33,35,4,5,36,7,37,9,12,17,18,22,23,26,27,30,31>34,38,12,17,18,20,21,23,28,29,32,1,35,36,5,37,7,9,22,26,30,31
32,1,33,35,4,5,36,7,37,9,12,17,18,22,23,26,27,30,31>4,38,40,12,20,21,23,29,32,1,35,36,5,37,7,9,22,26,30,31
32,1,33,35,4,5,36,7,37,9,12,17,18,22,23,26,27,30,31>34,4,12,17,18,20,23,27,28,32,1,35,36,5,37,7,9,22,26,30,31
2,3,7,9,14,15,17,18,20,21,22,23,26,31,32,33,34,35,36,37,39,40>33,40,17,18,23,24,28,29,31,2,3,34,35,36,37,9,15,20,21,22,26
2,3,7,9,14,15,17,18,20,21,22,23,26,31,32,33,34,35,36,37,39,40>32,33,40,14,17,23,30,31,2,3,34,35,36,37,9,15,20,21,22,26
2,3,7,9,14,15,17,18,20,21,22,23,26,31,32,33,34,35,36,37,39,40>33,4,5,38,7,14,18,29,31,2,3,34,35,36,37,9,15,20,21,22,26
2,3,7,9,14,15,17,18,20,21,22,23,26,31,32,33,34,35,36,37,39,40>32,33,4,5,38,7,39,14,18,23,24,28,29,30,2,3,34,35,36,37,9,15,20,21,22,26
1,2,5,6,7,9,10,11,12,14,15,17,18,19,20,21,22,24,27,30,32,33,34,37,39,40>6,13,17,19,23,25,30,31,32,1,2,34,5,7,40,9,11,12,15,18,20,21,22,24
1,2,5,6,7,9,10,11,12,14,15,17,18,19,20,21,22,24,27,30,32,33,34,37,39,40>36,8,10,17,19,23,25,27,32,1,2,34,5,7,40,9,11,12,15,18,20,21,22,24
1,2,5,6,7,9,10,11,12,14,15,17,18,19,20,21,22,24,27,30,32,33,34,37,39,40>37,39,13,14,19,25,27,28,29,30,32,1,2,34,5,7,40,9,11,12,15,18,20,21,22,24
1,2,5,6,7,9,10,11,12,14,15,17,18,19,20,21,22,24,27,30,32,33,34,37,39,40>6,8,13,14,19,27,29,32,1,2,34,5,7,40,9,11,12,15,18,20,21,22,24
33,6,8,9,40,11,13,14,17,18,19,21,24,26,27,30,31>5,20,21,24,27,34,36,39,8,40,14,17,18,30,31
33,6,8,9,40,11,13,14,17,18,19,21,24,26,27,30,31>5,6,16,20,21,22,24,25,26,27,32,33,39,8,40,14,17,18,30,31
33,6,8,9,40,11,13,14,17,18,19,21,24,26,27,30,31>6,9,13,19,21,24,26,34,36,8,40,14,17,18,30,31
33,6,8,9,40,11,13,14,17,18,19,21,24,26,27,30,31>5,6,9,11,21,32,34,35,8,40,14,17,18,30,31
1,2,3,4,34,37,38,8,39,10,15,18,19,24,25,30,31>8,38,10,11,40,23,24,27,30,1,2,3,4,34,18,25
1,2,3,4,34,37,38,8,39,10,15,18,19,24,25,30,31>37,7,8,10,11,13,39,19,22,23,24,1,2,3,4,34,18,25
1,2,3,4,34,37,38,8,39,10,15,18,19,24,25,30,31>35,37,10,39,19,27,30,1,2,3,4,34,18,25
1,2,3,4,34,37,38,8,39,10,15,18,19,24,25,30,31>38,10,11,15,40,27,30,1,2,3,4,34,18,25
2,3,4,5,34,38,8,40,10,14,16,20,21,24,26,27,29>32,8,40,11,13,14,16,26,29,31,2,3,4,20,24
2,3,4,5,34,38,8,40,10,14,16,20,21,24,26,27,29>32,34,8,11,16,25,26,27,2,3,4,20,24
2,3,4,5,34,38,8,40,10,14,16,20,21,24,26,27,29>34,5,38,40,15,16,21,25,27,30,2,3,4,20,24
2,3,4,5,34,38,8,40,10,14,16,20,21,24,26,27,29>34,5,38,8,15,25,26,30,2,3,4,20,24
2,5,8,10,11,12,13,14,15,19,20,21,23,25,27,28,29,31,33,37,39>32,10,17,18,24,29,33,2,5,39,11,12,13,14,15,20,23,27,31
2,5,8,10,11,12,13,14,15,19,20,21,23,25,27,28,29,31,33,37,39>32,35,8,10,16,18,21,28,29,33,2,5,39,11,12,13,14,15,20,23,27,31
2,5,8,10,11,12,13,14,15,19,20,21,23,25,27,28,29,31,33,37,39>36,37,8,10,17,29,33,2,5,39,11,12,13,14,15,20,23,27,31
2,5,8,10,11,12,13,14,15,19,20,21,23,25,27,28,29,31,33,37,39>32,36,16,17,18,19,24,26,33,2,5,39,11,12,13,14,15,20,23,27,31
32,2,3,34,6,8,10,11,13,15,16,20,21,25,26,28,29,30,31>17,19,21,24,32,33,34,40,2,3,8,11,13,16,20,30
32,2,3,34,6,8,10,11,13,15,16,20,21,25,26,28,29,30,31>6,10,12,14,17,19,24,26,28,29,31,32,33,35,2,3,8,11,13,16,20,30
32,2,3,34,6,8,10,11,13,15,16,20,21,25,26,28,29,30,31>6,10,12,19,24,25,29,35,2,3,8,11,13,16,20,30
32,2,3,34,6,8,10,11,13,15,16,20,21,25,26,28,29,30,31>5,6,10,15,17,19,24,26,29,32,2,3,8,11,13,16,20,30
2,34,35,6,38,8,9,11,12,14,16,17,18,20,24,25,27,28,29>33,5,37,38,9,15,16,22,31,2,8,20,24,25,27
2,34,35,6,38,8,9,11,12,14,16,17,18,20,24,25,27,28,29>32,33,35,6,38,9,11,12,14,15,18,28,31,2,8,20,24,25,27
2,34,35,6,38,8,9,11,12,14,16,17,18,20,24,25,27,28,29>32,33,37,38,11,14,15,16,17,18,29,31,2,8,20,24,25,27
2,34,35,6,38,8,9,11,12,14,16,17,18,20,24,25,27,28,29>32,33,34,35,38,11,14,15,18,28,2,8,20,24,25,27
1,35,4,5,6,7,8,9,38,11,40,13,15,16,18,19,22,25,27,29>32,35,39,40,11,13,14,15,19,21,23,25,31,1,5,7,8,9,16,18,22,27,29
1,35,4,5,6,7,8,9,38,11,40,13,15,16,18,19,22,25,27,29>4,6,38,39,40,21,23,31,1,5,7,8,9,16,18,22,27,29
1,35,4,5,6,7,8,9,38,11,40,13,15,16,18,19,22,25,27,29>32,4,38,40,11,14,15,17,19,28,31,1,5,7,8,9,16,18,22,27,29
1,35,4,5,6,7,8,9,38,11,40,13,15,16,18,19,22,25,27,29>32,35,4,6,38,11,14,17,19,21,1,5,7,8,9,16,18,22,27,29
2,3,4,6,7,8,9,10,11,12,14,15,22,24,25,26,28,30,31,35,37,38,39,40>5,6,14,27,31,2,3,35,37,39,8,9,40,11,12,15,25,28,30
2,3,4,6,7,8,9,10,11,12,14,15,22,24,25,26,28,30,31,35,37,38,39,40>34,13,24,26,27,2,3,35,37,39,8,9,40,11,12,15,25,28,30
2,3,4,6,7,8,9,10,11,12,14,15,22,24,25,26,28,30,31,35,37,38,39,40>33,34,7,38,14,26,27,2,3,35,37,39,8,9,40,11,12,15,25,28,30
2,3,4,6,7,8,9,10,11,12,14,15,22,24,25,26,28,30,31,35,37,38,39,40>33,4,5,6,7,10,13,22,26,2,3,35,37,39,8,9,40,11,12,15,25,28,30
1,34,5,6,7,8,39,40,11,12,15,22,25,26,28,31>12,33,26,9,1,34,5,7,8,28
1,34,5,6,7,8,39,40,11,12,15,22,25,26,28,31>12,35,27,1,34,5,7,8,28
1,34,5,6,7,8,39,40,11,12,15,22,25,26,28,31>33,6,40,9,11,12,25,27,29,31,1,34,5,7,8,28
1,34,5,6,7,8,39,40,11,12,15,22,25,26,28,31>33,35,6,39,15,22,25,29,30,31,1,34,5,7,8,28
33,2,3,34,5,36,37,40,13,14,20,21,23,25,26,31>33,37,40,13,15,23,25,2,3,34,5,36,14,20,26
33,2,3,34,5,36,37,40,13,14,20,21,23,25,26,31>35,40,25,27,30,31,2,3,34,5,36,14,20,26
33,2,3,34,5,36,37,40,13,14,20,21,23,25,26,31>33,35,37,40,23,31,2,3,34,5,36,14,20,26
33,2,3,34,5,36,37,40,13,14,20,21,23,25,26,31>4,13,16,17,23,24,25,30,31,2,3,34,5,36,14,20,26
1,4,5,15,16,18,19,20,22,23,24,27,29,30,31,32,33,34,36,37,39,40>16,19,21,25,32,1,36,40,18,22,23,24,29,31
1,4,5,15,16,18,19,20,22,23,24,27,29,30,31,32,33,34,36,37,39,40>5,37,7,38,39,15,21,27,28,32,1,36,40,18,22,23,24,29,31
1,4,5,15,16,18,19,20,22,23,24,27,29,30,31,32,33,34,36,37,39,40>33,35,4,5,7,38,16,27,32,1,36,40,18,22,23,24,29,31
1,4,5,15,16,18,19,20,22,23,24,27,29,30,31,32,33,34,36,37,39,40>34,35,5,7,39,20,25,26,27,32,1,36,40,18,22,23,24,29,31
33,34,35,4,37,7,8,15,16,17,18,20,21,25,28>4,8,9,15,17,21,24,25,27,28,33,34,20,37
33,34,35,4,37,7,8,15,16,17,18,20,21,25,28>35,5,36,7,9,17,18,21,22,33,34,20,37
33,34,35,4,37,7,8,15,16,17,18,20,21,25,28>5,7,8,9,16,17,18,21,25,27,33,34,20,37
33,34,35,4,37,7,8,15,16,17,18,20,21,25,28>35,5,36,7,8,9,15,17,22,27,28,33,34,20,37
32,1,2,3,4,5,6,7,8,34,35,39,14,21,22,24,25,26>35,9,14,15,20,21,22,26,29,30,1,2,3,4,5,34,7,8,25
32,1,2,3,4,5,6,7,8,34,35,39,14,21,22,24,25,26>35,39,9,15,20,22,28,30,1,2,3,4,5,34,7,8,25
32,1,2,3,4,5,6,7,8,34,35,39,14,21,22,24,25,26>37,9,14,21,22,26,28,1,2,3,4,5,34,7,8,25
32,1,2,3,4,5,6,7,8,34,35,39,14,21,22,24,25,26>32,35,37,6,14,20,21,24,26,27,1,2,3,4,5,34,7,8,25
1,2,4,5,7,8,9,13,14,15,16,17,18,20,22,24,25,28,31,33,34,37,38,40>35,37,38,8,13,21,27,1,2,33,34,5,7,9,14,15,16,17,20,22,24,25,28
1,2,4,5,7,8,9,13,14,15,16,17,18,20,22,24,25,28,31,33,34,37,38,40>4,38,40,13,21,31,1,2,33,34,5,7,9,14,15,16,17,20,22,24,25,28
1,2,4,5,7,8,9,13,14,15,16,17,18,20,22,24,25,28,31,33,34,37,38,40>35,4,40,21,31,1,2,33,34,5,7,9,14,15,16,17,20,22,24,25,28
1,2,4,5,7,8,9,13,14,15,16,17,18,20,22,24,25,28,31,33,34,37,38,40>36,37,38,13,18,27,31,1,2,33,34,5,7,9,14,15,16,17,20,22,24,25,28
2,5,8,12,13,14,15,16,17,19,20,23,24,25,27,28,31,32,35,36,37,38,39,40>33,34,8,40,18,19,32,2,35,5,37,38,39,14,15,16,17,20,23,24,25,27,31
2,5,8,12,13,14,15,16,17,19,20,23,24,25,27,28,31,32,35,36,37,38,39,40>36,8,18,19,28,32,2,35,5,37,38,39,14,15,16,17,20,23,24,25,27,31
2,5,8,12,13,14,15,16,17,19,20,23,24,25,27,28,31,32,35,36,37,38,39,40>33,36,8,12,19,26,32,2,35,5,37,38,39,14,15,16,17,20,23,24,25,27,31
2,5,8,12,13,14,15,16,17,19,20,23,24,25,27,28,31,32,35,36,37,38,39,40>33,34,36,8,12,13,18,26,32,2,35,5,37,38,39,14,15,16,17,20,23,24,25,27,31
1,33,3,36,37,7,13,16,18,19,21,24,25,27,29>32,37,14,17,19,21,23,31,1,3,36,16,18,25,27
1,33,3,36,37,7,13,16,18,19,21,24,25,27,29>33,7,9,13,14,19,20,22,31,1,3,36,16,18,25,27
1,33,3,36,37,7,13,16,18,19,21,24,25,27,29>33,5,7,17,20,21,22,31,1,3,36,16,18,25,27
1,33,3,36,37,7,13,16,18,19,21,24,25,27,29>4,7,13,14,20,21,22,24,29,31,1,3,36,16,18,25,27
32,33,2,3,35,5,40,13,18,19,20,23,24,25,26,27,28,29,30,31>4,16,20,28,29,32,33,2,3,35,5,40,18,23,24,25,26,27,30,31
32,33,2,3,35,5,40,13,18,19,20,23,24,25,26,27,28,29,30,31>36,13,17,19,20,29,32,33,2,3,35,5,40,18,23,24,25,26,27,30,31
32,33,2,3,35,5,40,13,18,19,20,23,24,25,26,27,28,29,30,31>4,37,39,14,16,19,28,32,33,2,3,35,5,40,18,23,24,25,26,27,30,31
32,33,2,3,35,5,40,13,18,19,20,23,24,25,26,27,28,29,30,31>4,14,16,17,20,28,32,33,2,3,35,5,40,18,23,24,25,26,27,30,31
