CD45,CD8,TCRlig,TCbind,PAGCsk,LCK,Fyn,Rlk,TCRphos,ZAP70,cCbl,Itk,LAT,Gads,Slp76,PLCg_b,Grb2Sos,DAG,PLCg_a,Ras,RasGRP1,PKCth,IP3,Raf,MEK,Ca,ERK,SEK,IKK,Calcin,Rsk,Fos,JNK,IkB,CREB,Jun,CRE,AP1,NFkB,NFAT
3,5,7,9,10,11,13,17,20,21,22,23,26,27,29,30,32,33,34,35,37,38,39,40>34,10,16,22,23,27,31,32,3,5,37,40,9,11,13,17,20,26,29,30
3,5,7,9,10,11,13,17,20,21,22,23,26,27,29,30,32,33,34,35,37,38,39,40>34,39,16,21,22,24,31,32,3,5,37,40,9,11,13,17,20,26,29,30
3,5,7,9,10,11,13,17,20,21,22,23,26,27,29,30,32,33,34,35,37,38,39,40>35,7,10,27,28,32,3,5,37,40,9,11,13,17,20,26,29,30
3,5,7,9,10,11,13,17,20,21,22,23,26,27,29,30,32,33,34,35,37,38,39,40>33,35,36,38,7,16,21,23,28,31,32,3,5,37,40,9,11,13,17,20,26,29,30
1,2,4,5,6,7,9,11,14,16,17,18,19,20,22,28,31,32,35,36,37,39>32,34,4,38,8,11,16,17,19,23,29,31,1,2,35,5,37,7,39,9,18,20,22,28
1,2,4,5,6,7,9,11,14,16,17,18,19,20,22,28,31,32,35,36,37,39>32,6,38,11,15,21,23,24,1,2,35,5,37,7,39,9,18,20,22,28
1,2,4,5,6,7,9,11,14,16,17,18,19,20,22,28,31,32,35,36,37,39>32,34,36,6,11,14,19,23,1,2,35,5,37,7,39,9,18,20,22,28
1,2,4,5,6,7,9,11,14,16,17,18,19,20,22,28,31,32,35,36,37,39>33,34,36,6,38,8,19,23,24,29,1,2,35,5,37,7,39,9,18,20,22,28
33,34,3,36,5,37,38,8,39,40,12,13,17,19,21,22,23,24,28>37,39,40,12,13,18,21,22,33,34,3,36,5,17,23,28
33,34,3,36,5,37,38,8,39,40,12,13,17,19,21,22,23,24,28>38,8,40,12,14,19,22,24,25,29,33,34,3,36,5,17,23,28
33,34,3,36,5,37,38,8,39,40,12,13,17,19,21,22,23,24,28>37,38,40,13,14,20,24,25,26,33,34,3,36,5,17,23,28
33,34,3,36,5,37,38,8,39,40,12,13,17,19,21,22,23,24,28>4,37,38,8,13,14,16,18,20,21,22,24,29,33,34,3,36,5,17,23,28
1,4,7,9,12,13,16,18,19,20,22,24,25,26,27,29,32,34,35,36,37,39,40>35,36,13,17,19,20,23,28,31,32,1,37,7,9,16,18,22,24,25,27,29
1,4,7,9,12,13,16,18,19,20,22,24,25,26,27,29,32,34,35,36,37,39,40>4,5,36,38,39,12,13,20,23,26,28,32,1,37,7,9,16,18,22,24,25,27,29
1,4,7,9,12,13,16,18,19,20,22,24,25,26,27,29,32,34,35,36,37,39,40>35,4,38,39,40,14,17,20,26,30,32,1,37,7,9,16,18,22,24,25,27,29
1,4,7,9,12,13,16,18,19,20,22,24,25,26,27,29,32,34,35,36,37,39,40>34,35,4,39,12,13,20,23,28,32,1,37,7,9,16,18,22,24,25,27,29
2,3,4,5,6,8,12,14,15,18,19,20,21,22,23,24,25,26,34,36,37,39,40>5,39,9,40,14,2,3,4,34,8,15,18,20,21,22,23,24,25,26
2,3,4,5,6,8,12,14,15,18,19,20,21,22,23,24,25,26,34,36,37,39,40>36,5,39,12,27,29,30,2,3,4,34,8,15,18,20,21,22,23,24,25,26
2,3,4,5,6,8,12,14,15,18,19,20,21,22,23,24,25,26,34,36,37,39,40>5,6,37,39,9,40,12,19,27,30,2,3,4,34,8,15,18,20,21,22,23,24,25,26
2,3,4,5,6,8,12,14,15,18,19,20,21,22,23,24,25,26,34,36,37,39,40>36,5,6,37,39,9,19,28,2,3,4,34,8,15,18,20,21,22,23,24,25,26
32,1,33,35,36,37,38,7,8,39,11,16,17,20,23,24,25,27,31>7,8,11,16,23,32,1,35,36,37,38,39,20,24,25,27,31
32,1,33,35,36,37,38,7,8,39,11,16,17,20,23,24,25,27,31>33,34,5,8,16,17,32,1,35,36,37,38,39,20,24,25,27,31
32,1,33,35,36,37,38,7,8,39,11,16,17,20,23,24,25,27,31>34,5,7,8,9,23,32,1,35,36,37,38,39,20,24,25,27,31
32,1,33,35,36,37,38,7,8,39,11,16,17,20,23,24,25,27,31>33,34,5,17,23,32,1,35,36,37,38,39,20,24,25,27,31
3,4,5,8,10,12,13,14,15,16,18,20,22,23,26,29,31,33,34,35,39,40>33,5,37,8,40,11,17,18,24,28,30,35,3,4,12,13,14,15,16,22,26,29
3,4,5,8,10,12,13,14,15,16,18,20,22,23,26,29,31,33,34,35,39,40>34,39,8,40,19,20,21,23,28,30,35,3,4,12,13,14,15,16,22,26,29
3,4,5,8,10,12,13,14,15,16,18,20,22,23,26,29,31,33,34,35,39,40>34,36,5,39,40,10,11,23,28,30,35,3,4,12,13,14,15,16,22,26,29
3,4,5,8,10,12,13,14,15,16,18,20,22,23,26,29,31,33,34,35,39,40>33,34,36,37,39,8,10,11,19,20,28,30,31,35,3,4,12,13,14,15,16,22,26,29
1,2,7,8,10,11,15,17,18,19,20,22,25,27,29,31,32,34,35,38,39,40>8,9,10,12,13,17,19,21,25,28,40,32,1,2,35,11,18,20,22,27,29,31
1,2,7,8,10,11,15,17,18,19,20,22,25,27,29,31,32,34,35,38,39,40>6,10,19,21,23,38,40,32,1,2,35,11,18,20,22,27,29,31
1,2,7,8,10,11,15,17,18,19,20,22,25,27,29,31,32,34,35,38,39,40>5,7,9,21,23,24,34,38,39,40,32,1,2,35,11,18,20,22,27,29,31
1,2,7,8,10,11,15,17,18,19,20,22,25,27,29,31,32,34,35,38,39,40>6,7,8,9,10,12,13,15,17,23,24,25,28,37,39,40,32,1,2,35,11,18,20,22,27,29,31
1,2,4,5,6,7,8,11,12,13,14,16,18,20,21,23,25,26,28,29,34,38,40>6,12,13,15,17,21,28,30,33,34,38,40,1,2,5,7,8,14,16,20,26
1,2,4,5,6,7,8,11,12,13,14,16,18,20,21,23,25,26,28,29,34,38,40>4,9,11,12,15,17,18,24,28,34,38,1,2,5,7,8,14,16,20,26
1,2,4,5,6,7,8,11,12,13,14,16,18,20,21,23,25,26,28,29,34,38,40>6,9,12,13,15,17,18,21,22,23,27,29,30,33,34,38,40,1,2,5,7,8,14,16,20,26
1,2,4,5,6,7,8,11,12,13,14,16,18,20,21,23,25,26,28,29,34,38,40>4,6,9,11,13,15,17,22,23,28,29,34,40,1,2,5,7,8,14,16,20,26
5,6,7,10,11,13,14,15,18,19,21,22,24,25,27,28,29,30,31,32,33,36,40>35,8,10,38,16,19,24,30,32,33,36,5,40,11,13,14,15,18,21,22,25,27,28,29,31
5,6,7,10,11,13,14,15,18,19,21,22,24,25,27,28,29,30,31,32,33,36,40>35,6,7,9,38,16,20,23,30,32,33,36,5,40,11,13,14,15,18,21,22,25,27,28,29,31
5,6,7,10,11,13,14,15,18,19,21,22,24,25,27,28,29,30,31,32,33,36,40>6,7,9,38,39,16,19,23,30,32,33,36,5,40,11,13,14,15,18,21,22,25,27,28,29,31
5,6,7,10,11,13,14,15,18,19,21,22,24,25,27,28,29,30,31,32,33,36,40>35,6,7,10,16,20,23,24,32,33,36,5,40,11,13,14,15,18,21,22,25,27,28,29,31
5,6,8,10,11,12,14,15,17,18,19,20,21,23,24,25,29,30,31,32,34,37,38>32,6,38,14,21,26,29,30,31,5,8,11,12,15,18,20,23,24,25
5,6,8,10,11,12,14,15,17,18,19,20,21,23,24,25,29,30,31,32,34,37,38>32,34,6,40,13,17,19,21,22,27,30,5,8,11,12,15,18,20,23,24,25
5,6,8,10,11,12,14,15,17,18,19,20,21,23,24,25,29,30,31,32,34,37,38>32,34,6,38,40,10,14,19,21,5,8,11,12,15,18,20,23,24,25
5,6,8,10,11,12,14,15,17,18,19,20,21,23,24,25,29,30,31,32,34,37,38>34,35,37,40,13,19,22,27,30,5,8,11,12,15,18,20,23,24,25
2,34,5,6,38,8,40,10,16,18,22,23,24,25,26,27,28,31>38,10,11,16,21,2,34,5,8,22,25,26,27,28,31
2,34,5,6,38,8,40,10,16,18,22,23,24,25,26,27,28,31>32,33,6,38,11,13,23,24,2,34,5,8,22,25,26,27,28,31
2,34,5,6,38,8,40,10,16,18,22,23,24,25,26,27,28,31>32,33,6,11,16,18,30,2,34,5,8,22,25,26,27,28,31
2,34,5,6,38,8,40,10,16,18,22,23,24,25,26,27,28,31>32,35,38,40,16,21,23,24,30,2,34,5,8,22,25,26,27,28,31
4,5,6,8,9,10,12,13,15,17,18,21,23,24,25,26,27,30,32,33,35,37,39,40>34,6,36,14,15,16,18,21,22,32,37,39,8,9,10,40,12,13,17,25,26,27,30
4,5,6,8,9,10,12,13,15,17,18,21,23,24,25,26,27,30,32,33,35,37,39,40>35,11,14,15,20,22,31,32,37,39,8,9,10,40,12,13,17,25,26,27,30
4,5,6,8,9,10,12,13,15,17,18,21,23,24,25,26,27,30,32,33,35,37,39,40>33,35,4,15,16,18,20,23,24,32,37,39,8,9,10,40,12,13,17,25,26,27,30
4,5,6,8,9,10,12,13,15,17,18,21,23,24,25,26,27,30,32,33,35,37,39,40>33,34,35,4,5,11,14,16,18,20,22,23,32,37,39,8,9,10,40,12,13,17,25,26,27,30
32,2,37,6,38,39,9,13,14,17,21,23,24,25,30,31>16,20,27,30,32,38,2,39,14,17,25
32,2,37,6,38,39,9,13,14,17,21,23,24,25,30,31>5,6,9,10,16,20,21,23,24,30,31,32,35,40,2,39,14,17,25
32,2,37,6,38,39,9,13,14,17,21,23,24,25,30,31>6,8,10,13,15,20,21,23,30,37,38,2,39,14,17,25
32,2,37,6,38,39,9,13,14,17,21,23,24,25,30,31>5,6,8,10,13,15,20,21,23,24,27,34,35,40,2,39,14,17,25
1,3,5,7,8,9,10,14,15,16,17,18,21,22,23,25,26,31,32,33,34,35,39,40>7,10,12,13,14,18,19,25,28,29,30,31,32,36,1,34,3,35,5,9,15,21,22,26
1,3,5,7,8,9,10,14,15,16,17,18,21,22,23,25,26,31,32,33,34,35,39,40>8,10,11,12,25,28,29,31,32,33,40,1,34,3,35,5,9,15,21,22,26
1,3,5,7,8,9,10,14,15,16,17,18,21,22,23,25,26,31,32,33,34,35,39,40>4,8,10,11,13,14,16,17,18,19,20,23,25,27,29,31,32,37,39,40,1,34,3,35,5,9,15,21,22,26
1,3,5,7,8,9,10,14,15,16,17,18,21,22,23,25,26,31,32,33,34,35,39,40>4,7,8,10,14,19,25,27,28,32,33,36,1,34,3,35,5,9,15,21,22,26
33,3,4,36,6,7,8,9,10,38,12,39,15,16,20,22,24,29,30,31>33,16,19,22,25,28,3,4,36,39,8,9,10,12,24,29
33,3,4,36,6,7,8,9,10,38,12,39,15,16,20,22,24,29,30,31>35,6,38,40,11,15,16,19,20,25,28,3,4,36,39,8,9,10,12,24,29
33,3,4,36,6,7,8,9,10,38,12,39,15,16,20,22,24,29,30,31>5,7,38,40,16,22,25,30,3,4,36,39,8,9,10,12,24,29
33,3,4,36,6,7,8,9,10,38,12,39,15,16,20,22,24,29,30,31>35,5,7,13,15,19,20,30,3,4,36,39,8,9,10,12,24,29
1,33,3,35,37,6,39,8,10,11,12,14,18,20,21,22,26,27,31>33,36,5,6,7,10,12,14,24,29,1,3,35,37,39,8,11,20,21,22,31
1,33,3,35,37,6,39,8,10,11,12,14,18,20,21,22,26,27,31>32,33,36,5,6,10,12,13,14,15,18,28,1,3,35,37,39,8,11,20,21,22,31
1,33,3,35,37,6,39,8,10,11,12,14,18,20,21,22,26,27,31>34,36,5,6,7,18,26,30,1,3,35,37,39,8,11,20,21,22,31
1,33,3,35,37,6,39,8,10,11,12,14,18,20,21,22,26,27,31>32,33,34,5,6,10,14,26,27,28,29,1,3,35,37,39,8,11,20,21,22,31
32,33,34,5,37,7,9,10,11,15,16,20,22,24,25,26,27,30,31>7,40,10,15,16,32,34,5,9,11,24,25,27,30,31
32,33,34,5,37,7,9,10,11,15,16,20,22,24,25,26,27,30,31>33,40,13,20,22,28,32,34,5,9,11,24,25,27,30,31
32,33,34,5,37,7,9,10,11,15,16,20,22,24,25,26,27,30,31>35,15,20,22,26,32,34,5,9,11,24,25,27,30,31
32,33,34,5,37,7,9,10,11,15,16,20,22,24,25,26,27,30,31>33,7,40,10,12,16,20,26,32,34,5,9,11,24,25,27,30,31
1,3,7,9,10,16,17,18,20,21,22,24,25,26,28,32,33,34,38,39,40>38,39,16,17,27,30,1,33,3,34,9,20,21,22,24,25,28
1,3,7,9,10,16,17,18,20,21,22,24,25,26,28,32,33,34,38,39,40>4,36,7,38,13,16,18,1,33,3,34,9,20,21,22,24,25,28
1,3,7,9,10,16,17,18,20,21,22,24,25,26,28,32,33,34,38,39,40>32,4,38,40,16,26,27,29,1,33,3,34,9,20,21,22,24,25,28
1,3,7,9,10,16,17,18,20,21,22,24,25,26,28,32,33,34,38,39,40>32,5,36,38,39,11,40,13,17,18,26,27,29,30,1,33,3,34,9,20,21,22,24,25,28
4,5,6,7,9,10,12,13,14,15,16,17,20,22,24,27,30,34,36,37,38,39>8,38,11,22,25,28,30,34,5,9,10,12,13,14,15,16,17,20,24
4,5,6,7,9,10,12,13,14,15,16,17,20,22,24,27,30,34,36,37,38,39>32,4,36,38,11,19,27,28,29,34,5,9,10,12,13,14,15,16,17,20,24
4,5,6,7,9,10,12,13,14,15,16,17,20,22,24,27,30,34,36,37,38,39>4,36,6,8,39,40,19,30,34,5,9,10,12,13,14,15,16,17,20,24
4,5,6,7,9,10,12,13,14,15,16,17,20,22,24,27,30,34,36,37,38,39>32,4,36,7,8,40,25,29,30,31,34,5,9,10,12,13,14,15,16,17,20,24
1,2,6,7,9,11,13,14,16,17,18,20,22,24,25,26,27,31,34,35,36,38>32,37,38,8,11,15,26,28,29,30,1,2,34,35,6,7,9,14,16,17,20,22,24,25,27,31
1,2,6,7,9,11,13,14,16,17,18,20,22,24,25,26,27,31,34,35,36,38>32,36,38,8,11,15,18,26,29,30,1,2,34,35,6,7,9,14,16,17,20,22,24,25,27,31
1,2,6,7,9,11,13,14,16,17,18,20,22,24,25,26,27,31,34,35,36,38>32,36,37,8,13,26,30,1,2,34,35,6,7,9,14,16,17,20,22,24,25,27,31
1,2,6,7,9,11,13,14,16,17,18,20,22,24,25,26,27,31,34,35,36,38>32,38,21,26,28,29,1,2,34,35,6,7,9,14,16,17,20,22,24,25,27,31
1,2,3,4,7,9,10,12,13,16,18,19,20,22,24,25,26,27,30,37,38,39>34,38,40,10,12,17,20,23,26,28,29,31,1,2,3,4,7,39,9,13,16,18,22,24,25,27,30
1,2,3,4,7,9,10,12,13,16,18,19,20,22,24,25,26,27,30,37,38,39>5,6,38,12,17,19,23,31,1,2,3,4,7,39,9,13,16,18,22,24,25,27,30
1,2,3,4,7,9,10,12,13,16,18,19,20,22,24,25,26,27,30,37,38,39>32,5,11,14,19,20,21,23,26,28,1,2,3,4,7,39,9,13,16,18,22,24,25,27,30
1,2,3,4,7,9,10,12,13,16,18,19,20,22,24,25,26,27,30,37,38,39>34,5,6,37,38,11,12,14,19,20,26,1,2,3,4,7,39,9,13,16,18,22,24,25,27,30
32,1,2,33,34,36,9,12,15,17,21,26,27,29>6,9,15,20,21,26,27,32,1,2,36
32,1,2,33,34,36,9,12,15,17,21,26,27,29>34,9,12,15,17,20,29,30,32,1,2,36
32,1,2,33,34,36,9,12,15,17,21,26,27,29>6,12,17,21,26,27,29,30,31,32,1,2,36
32,1,2,33,34,36,9,12,15,17,21,26,27,29>33,34,12,15,20,21,26,27,29,30,31,32,1,2,36
1,2,4,6,7,8,10,11,14,15,17,18,19,23,24,25,26,29,30,31,32,34,35,37,40>32,9,10,14,19,20,27,31,1,2,35,37,6,7,8,40,11,15,18,23,25,26,30
1,2,4,6,7,8,10,11,14,15,17,18,19,23,24,25,26,29,30,31,32,34,35,37,40>32,34,5,12,13,17,19,24,27,29,1,2,35,37,6,7,8,40,11,15,18,23,25,26,30
1,2,4,6,7,8,10,11,14,15,17,18,19,23,24,25,26,29,30,31,32,34,35,37,40>32,4,5,9,12,17,22,24,27,1,2,35,37,6,7,8,40,11,15,18,23,25,26,30
1,2,4,6,7,8,10,11,14,15,17,18,19,23,24,25,26,29,30,31,32,34,35,37,40>32,5,9,20,22,27,31,1,2,35,37,6,7,8,40,11,15,18,23,25,26,30
1,3,6,7,8,10,14,15,16,17,18,19,20,22,23,25,27,28,29,31,32,33,34,37,40>35,36,9,11,14,16,21,24,26,32,1,33,3,7,8,15,18,19,20,22,23,27,28,29,31
1,3,6,7,8,10,14,15,16,17,18,19,20,22,23,25,27,28,29,31,32,33,34,37,40>4,6,36,10,11,13,14,17,24,32,1,33,3,7,8,15,18,19,20,22,23,27,28,29,31
1,3,6,7,8,10,14,15,16,17,18,19,20,22,23,25,27,28,29,31,32,33,34,37,40>35,4,5,6,36,37,10,11,14,17,24,25,26,32,1,33,3,7,8,15,18,19,20,22,23,27,28,29,31
1,3,6,7,8,10,14,15,16,17,18,19,20,22,23,25,27,28,29,31,32,33,34,37,40>34,35,4,5,36,37,9,11,12,14,40,17,21,25,26,32,1,33,3,7,8,15,18,19,20,22,23,27,28,29,31
2,3,4,5,8,12,13,15,16,19,20,22,23,24,25,27,31,33,34,35,38,39,40>15,19,22,28,33,36,37,38,40,2,35,3,4,34,16,23,24,25,27,31
2,3,4,5,8,12,13,15,16,19,20,22,23,24,25,27,31,33,34,35,38,39,40>5,13,14,18,20,22,33,38,39,2,35,3,4,34,16,23,24,25,27,31
2,3,4,5,8,12,13,15,16,19,20,22,23,24,25,27,31,33,34,35,38,39,40>8,15,19,26,28,29,37,39,40,2,35,3,4,34,16,23,24,25,27,31
2,3,4,5,8,12,13,15,16,19,20,22,23,24,25,27,31,33,34,35,38,39,40>8,12,14,15,19,20,28,33,37,38,40,2,35,3,4,34,16,23,24,25,27,31
32,33,2,3,4,35,36,7,8,40,10,16,17,18,19,23,24,26,27>7,9,10,13,20,24,30,31,33,37,32,2,3,4,36,18,23,26
32,33,2,3,4,35,36,7,8,40,10,16,17,18,19,23,24,26,27>5,7,13,17,20,22,34,35,38,39,40,32,2,3,4,36,18,23,26
32,33,2,3,4,35,36,7,8,40,10,16,17,18,19,23,24,26,27>8,9,13,19,22,25,31,34,39,32,2,3,4,36,18,23,26
32,33,2,3,4,35,36,7,8,40,10,16,17,18,19,23,24,26,27>5,8,13,16,24,25,30,31,37,39,32,2,3,4,36,18,23,26
3,4,35,36,37,8,38,14,16,18,20,21,22,26,27,28,29,30>32,33,36,38,40,14,15,27,31,3,4,37,20,21,22,28,29,30
3,4,35,36,37,8,38,14,16,18,20,21,22,26,27,28,29,30>35,39,8,14,24,27,3,4,37,20,21,22,28,29,30
3,4,35,36,37,8,38,14,16,18,20,21,22,26,27,28,29,30>32,35,38,40,14,16,24,26,27,3,4,37,20,21,22,28,29,30
3,4,35,36,37,8,38,14,16,18,20,21,22,26,27,28,29,30>32,33,36,39,40,14,15,18,27,31,3,4,37,20,21,22,28,29,30
32,33,34,36,5,7,10,13,15,16,17,20,23,27,29,31>33,38,7,9,15,24,26,27,32,36,5,13,16,17,20,31
32,33,34,36,5,7,10,13,15,16,17,20,23,27,29,31>33,34,9,23,24,26,27,29,32,36,5,13,16,17,20,31
32,33,34,36,5,7,10,13,15,16,17,20,23,27,29,31>33,35,7,10,12,14,15,23,24,26,27,32,36,5,13,16,17,20,31
32,33,34,36,5,7,10,13,15,16,17,20,23,27,29,31>33,34,35,38,7,9,12,15,26,32,36,5,13,16,17,20,31
3,4,5,6,8,9,10,13,15,17,19,21,22,24,27,28,29,30,31,32,38>11,14,15,16,20,21,22,24,25,27,30,33,38,40,32,3,4,8,9,10,13,17,28,29,31
3,4,5,6,8,9,10,13,15,17,19,21,22,24,27,28,29,30,31,32,38>5,12,14,15,16,20,21,22,24,25,27,35,38,39,40,32,3,4,8,9,10,13,17,28,29,31
3,4,5,6,8,9,10,13,15,17,19,21,22,24,27,28,29,30,31,32,38>6,16,18,19,20,23,24,25,33,38,40,32,3,4,8,9,10,13,17,28,29,31
3,4,5,6,8,9,10,13,15,17,19,21,22,24,27,28,29,30,31,32,38>11,15,18,21,23,25,27,30,32,3,4,8,9,10,13,17,28,29,31
2,3,4,36,7,12,13,17,19,20,21,22,27,28,29>32,5,39,13,14,18,22,23,27,31,2,3,4,17,20,28,29
2,3,4,36,7,12,13,17,19,20,21,22,27,28,29>32,33,5,39,13,19,23,27,31,2,3,4,17,20,28,29
2,3,4,36,7,12,13,17,19,20,21,22,27,28,29>32,33,13,16,27,31,2,3,4,17,20,28,29
2,3,4,36,7,12,13,17,19,20,21,22,27,28,29>33,36,5,9,16,18,21,23,27,2,3,4,17,20,28,29
32,1,2,34,35,36,8,9,10,40,12,15,16,18,20,22,23,24,31>18,20,25,28,32,38,40,1,2,35,34,12,22,24
32,1,2,34,35,36,8,9,10,40,12,15,16,18,20,22,23,24,31>5,9,13,16,18,20,25,28,29,36,37,38,40,1,2,35,34,12,22,24
32,1,2,34,35,36,8,9,10,40,12,15,16,18,20,22,23,24,31>6,10,11,13,16,20,21,23,25,26,28,32,37,1,2,35,34,12,22,24
32,1,2,34,35,36,8,9,10,40,12,15,16,18,20,22,23,24,31>5,11,15,18,19,21,25,29,32,36,1,2,35,34,12,22,24
2,35,4,5,37,7,40,10,11,13,18,21,25,27,28,30>7,9,14,17,18,20,30,31,2,37,5,40,11,13,27
2,35,4,5,37,7,40,10,11,13,18,21,25,27,28,30>34,35,10,14,16,25,28,31,2,37,5,40,11,13,27
2,35,4,5,37,7,40,10,11,13,18,21,25,27,28,30>32,34,35,4,7,9,10,17,21,30,2,37,5,40,11,13,27
2,35,4,5,37,7,40,10,11,13,18,21,25,27,28,30>32,33,34,35,9,14,18,21,28,31,2,37,5,40,11,13,27
33,2,34,5,6,7,12,14,15,16,22,23,26,27,30>32,6,9,40,22,27,29,2,34,5,15,26,30
33,2,34,5,6,7,12,14,15,16,22,23,26,27,30>33,36,8,9,16,23,27,28,31,2,34,5,15,26,30
33,2,34,5,6,7,12,14,15,16,22,23,26,27,30>36,40,14,22,23,27,29,2,34,5,15,26,30
33,2,34,5,6,7,12,14,15,16,22,23,26,27,30>33,36,6,7,22,23,27,28,2,34,5,15,26,30
32,3,4,5,6,7,10,14,15,19,23,24,26,27>34,6,8,9,10,39,19,25,27,32,3,4,5,15,23,26
32,3,4,5,6,7,10,14,15,19,23,24,26,27>34,7,12,14,18,19,24,32,3,4,5,15,23,26
32,3,4,5,6,7,10,14,15,19,23,24,26,27>6,7,39,24,25,27,31,32,3,4,5,15,23,26
32,3,4,5,6,7,10,14,15,19,23,24,26,27>34,6,7,8,9,10,13,18,25,30,32,3,4,5,15,23,26
1,2,3,33,5,38,7,40,9,10,13,16,19,21,24,25,28>7,40,11,19,21,23,24,27,1,2,3,33,5,9,13,16,25
1,2,3,33,5,38,7,40,9,10,13,16,19,21,24,25,28>38,7,39,11,17,18,19,20,21,28,1,2,3,33,5,9,13,16,25
1,2,3,33,5,38,7,40,9,10,13,16,19,21,24,25,28>34,36,38,7,14,27,28,1,2,3,33,5,9,13,16,25
1,2,3,33,5,38,7,40,9,10,13,16,19,21,24,25,28>4,36,23,24,28,1,2,3,33,5,9,13,16,25
3,4,8,9,10,11,12,15,17,18,21,22,24,25,26,27,28,31,32,34,36,37,39,40>35,36,38,9,13,15,17,18,20,24,26,32,34,3,11,12,21,22,25,27,28,31
3,4,8,9,10,11,12,15,17,18,21,22,24,25,26,27,28,31,32,34,36,37,39,40>33,4,37,8,9,10,39,20,24,29,32,34,3,11,12,21,22,25,27,28,31
3,4,8,9,10,11,12,15,17,18,21,22,24,25,26,27,28,31,32,34,36,37,39,40>33,35,4,38,8,10,39,13,18,26,30,32,34,3,11,12,21,22,25,27,28,31
3,4,8,9,10,11,12,15,17,18,21,22,24,25,26,27,28,31,32,34,36,37,39,40>33,35,4,38,8,39,40,15,17,18,20,24,29,32,34,3,11,12,21,22,25,27,28,31
32,3,36,10,14,15,16,19,20,24,25,26,27,28>13,18,23,26,30,36,39,32,3,15,24,25,27
32,3,36,10,14,15,16,19,20,24,25,26,27,28>5,12,14,16,23,26,28,30,38,39,32,3,15,24,25,27
32,3,36,10,14,15,16,19,20,24,25,26,27,28>4,5,11,16,18,20,23,30,31,36,38,39,32,3,15,24,25,27
32,3,36,10,14,15,16,19,20,24,25,26,27,28>4,5,11,13,16,19,23,28,33,36,39,32,3,15,24,25,27
1,2,3,5,7,10,11,15,18,19,21,22,23,25,26,31,32,34,36,38,40>35,10,12,13,19,27,29,1,2,3,34,5,38,11,18,21,22,23,26
1,2,3,5,7,10,11,15,18,19,21,22,23,25,26,31,32,34,36,38,40>32,36,9,10,12,13,15,27,30,1,2,3,34,5,38,11,18,21,22,23,26
1,2,3,5,7,10,11,15,18,19,21,22,23,25,26,31,32,34,36,38,40>32,36,7,40,12,13,20,27,29,30,31,1,2,3,34,5,38,11,18,21,22,23,26
1,2,3,5,7,10,11,15,18,19,21,22,23,25,26,31,32,34,36,38,40>35,36,13,15,19,20,25,28,29,1,2,3,34,5,38,11,18,21,22,23,26
4,6,8,10,14,15,20,21,22,23,26,27,28,29,30,31,33,35,36,37,38>32,4,38,39,9,10,11,12,13,21,24,33,35,36,37,8,15,20,26,28,29,30,31
4,6,8,10,14,15,20,21,22,23,26,27,28,29,30,31,33,35,36,37,38>32,4,6,14,40,23,27,33,35,36,37,8,15,20,26,28,29,30,31
4,6,8,10,14,15,20,21,22,23,26,27,28,29,30,31,33,35,36,37,38>32,4,6,38,39,9,10,11,12,14,40,21,22,33,35,36,37,8,15,20,26,28,29,30,31
4,6,8,10,14,15,20,21,22,23,26,27,28,29,30,31,33,35,36,37,38>32,4,6,38,39,10,11,14,21,23,24,27,33,35,36,37,8,15,20,26,28,29,30,31
