CD45,CD8,TCRlig,TCbind,PAGCsk,LCK,Fyn,Rlk,TCRphos,ZAP70,cCbl,Itk,LAT,Gads,Slp76,PLCg_b,Grb2Sos,DAG,PLCg_a,Ras,RasGRP1,PKCth,IP3,Raf,MEK,Ca,ERK,SEK,IKK,Calcin,Rsk,Fos,JNK,IkB,CREB,Jun,CRE,AP1,NFkB,NFAT
32,1,2,33,4,5,35,36,8,9,10,37,13,14,15,18,23,24,25>4,11,16,24,32,33,34,38,1,2,36,37,13,14,15,25
32,1,2,33,4,5,35,36,8,9,10,37,13,14,15,18,23,24,25>7,8,9,10,12,17,18,23,24,33,34,35,39,1,2,36,37,13,14,15,25
32,1,2,33,4,5,35,36,8,9,10,37,13,14,15,18,23,24,25>4,7,9,10,12,16,18,22,24,32,33,34,35,39,1,2,36,37,13,14,15,25
32,1,2,33,4,5,35,36,8,9,10,37,13,14,15,18,23,24,25>5,7,11,17,23,32,34,35,38,39,1,2,36,37,13,14,15,25
1,2,3,4,8,10,12,14,17,18,19,22,23,24,25,26,27,30,36,38,40>11,14,17,20,29,31,32,34,38,1,2,3,4,40,18,22,23,25,26,27,30
1,2,3,4,8,10,12,14,17,18,19,22,23,24,25,26,27,30,36,38,40>6,12,15,17,21,24,28,29,34,1,2,3,4,40,18,22,23,25,26,27,30
1,2,3,4,8,10,12,14,17,18,19,22,23,24,25,26,27,30,36,38,40>6,7,12,15,17,20,21,24,32,36,1,2,3,4,40,18,22,23,25,26,27,30
1,2,3,4,8,10,12,14,17,18,19,22,23,24,25,26,27,30,36,38,40>7,8,19,24,28,32,34,39,1,2,3,4,40,18,22,23,25,26,27,30
33,34,35,6,38,8,9,39,11,14,19,20,21,22,24,25,27,28,30>14,15,18,21,22,23,29,30,31,36,38,40,33,34,8,20,24,25,27,28
33,34,35,6,38,8,9,39,11,14,19,20,21,22,24,25,27,28,30>5,14,19,29,30,31,35,36,37,40,33,34,8,20,24,25,27,28
33,34,35,6,38,8,9,39,11,14,19,20,21,22,24,25,27,28,30>6,11,14,18,22,23,29,30,32,33,34,8,20,24,25,27,28
33,34,35,6,38,8,9,39,11,14,19,20,21,22,24,25,27,28,30>5,6,9,11,14,18,29,36,38,33,34,8,20,24,25,27,28
1,2,34,5,6,10,11,12,14,17,18,19,20,21,22,25,26,27,30,31>32,7,8,10,12,13,14,17,23,24,25,26,29,1,2,34,5,11,18,20,21,22,27,30,31
1,2,34,5,6,10,11,12,14,17,18,19,20,21,22,25,26,27,30,31>6,12,13,14,19,24,25,1,2,34,5,11,18,20,21,22,27,30,31
1,2,34,5,6,10,11,12,14,17,18,19,20,21,22,25,26,27,30,31>32,6,7,10,14,17,23,26,28,1,2,34,5,11,18,20,21,22,27,30,31
1,2,34,5,6,10,11,12,14,17,18,19,20,21,22,25,26,27,30,31>32,6,12,13,15,25,26,29,1,2,34,5,11,18,20,21,22,27,30,31
32,3,36,38,40,9,14,15,16,19,20,21,22,27,28,29,30>39,14,18,19,22,24,32,3,38,40,15,20,28,29
32,3,36,38,40,9,14,15,16,19,20,21,22,27,28,29,30>33,36,16,19,21,24,27,31,32,3,38,40,15,20,28,29
32,3,36,38,40,9,14,15,16,19,20,21,22,27,28,29,30>5,36,14,18,19,21,27,32,3,38,40,15,20,28,29
32,3,36,38,40,9,14,15,16,19,20,21,22,27,28,29,30>4,5,9,16,18,19,21,22,27,30,32,3,38,40,15,20,28,29
3,4,5,6,7,10,11,13,14,16,17,21,23,24,25,26,27,30,31,32,34,36,38,39>4,6,8,10,39,40,24,32,34,3,5,38,11,13,14,16,17,25,26,27,30,31
3,4,5,6,7,10,11,13,14,16,17,21,23,24,25,26,27,30,31,32,34,36,38,39>36,7,8,10,40,15,23,24,32,34,3,5,38,11,13,14,16,17,25,26,27,30,31
3,4,5,6,7,10,11,13,14,16,17,21,23,24,25,26,27,30,31,32,34,36,38,39>35,36,6,7,8,20,21,23,32,34,3,5,38,11,13,14,16,17,25,26,27,30,31
3,4,5,6,7,10,11,13,14,16,17,21,23,24,25,26,27,30,31,32,34,36,38,39>35,4,36,6,7,20,21,23,32,34,3,5,38,11,13,14,16,17,25,26,27,30,31
1,2,3,4,5,6,7,9,12,13,15,16,17,19,21,25,31,34,35,36,40>8,40,10,12,13,18,20,21,27,1,2,3,4,5,34,7,35,9,16,17
1,2,3,4,5,6,7,9,12,13,15,16,17,19,21,25,31,34,35,36,40>40,10,12,13,14,23,27,1,2,3,4,5,34,7,35,9,16,17
1,2,3,4,5,6,7,9,12,13,15,16,17,19,21,25,31,34,35,36,40>6,40,13,14,15,19,20,1,2,3,4,5,34,7,35,9,16,17
1,2,3,4,5,6,7,9,12,13,15,16,17,19,21,25,31,34,35,36,40>37,6,8,40,10,12,18,19,20,23,25,27,31,1,2,3,4,5,34,7,35,9,16,17
34,3,4,5,36,38,8,12,14,16,23,24,25,27,28,29,30,31>33,34,36,5,12,14,15,23,29,30,3,4,25,27,31
34,3,4,5,36,38,8,12,14,16,23,24,25,27,28,29,30,31>33,40,15,24,26,28,29,30,3,4,25,27,31
34,3,4,5,36,38,8,12,14,16,23,24,25,27,28,29,30,31>32,34,35,36,38,8,40,23,24,28,29,30,3,4,25,27,31
34,3,4,5,36,38,8,12,14,16,23,24,25,27,28,29,30,31>33,36,5,38,14,15,16,23,24,28,30,3,4,25,27,31
33,35,4,37,38,7,8,40,11,16,18,20,21,24,25,27,28,29>16,18,21,22,28,33,37,20,24,25,27
33,35,4,37,38,7,8,40,11,16,18,20,21,24,25,27,28,29>32,35,5,36,7,11,39,40,16,21,22,29,33,37,20,24,25,27
33,35,4,37,38,7,8,40,11,16,18,20,21,24,25,27,28,29>32,35,5,36,9,38,11,39,40,16,18,21,22,29,31,33,37,20,24,25,27
33,35,4,37,38,7,8,40,11,16,18,20,21,24,25,27,28,29>32,35,4,7,8,9,38,11,40,28,31,33,37,20,24,25,27
32,1,35,4,38,7,39,9,10,11,40,16,18,21,22,25,26,28,29,30>32,4,5,38,13,18,27,1,39,7,9,40,11,21,22,28,29,30
32,1,35,4,38,7,39,9,10,11,40,16,18,21,22,25,26,28,29,30>32,4,5,37,38,10,16,20,1,39,7,9,40,11,21,22,28,29,30
32,1,35,4,38,7,39,9,10,11,40,16,18,21,22,25,26,28,29,30>33,35,4,5,37,13,16,18,20,25,1,39,7,9,40,11,21,22,28,29,30
32,1,35,4,38,7,39,9,10,11,40,16,18,21,22,25,26,28,29,30>32,33,35,4,5,38,13,16,18,25,26,1,39,7,9,40,11,21,22,28,29,30
32,33,3,4,36,37,7,38,40,10,11,12,13,16,20,21,30>32,4,5,7,12,14,21,30,3,36,38,40,11,13,16,20
32,33,3,4,36,37,7,38,40,10,11,12,13,16,20,21,30>33,5,37,7,9,12,21,24,30,3,36,38,40,11,13,16,20
32,33,3,4,36,37,7,38,40,10,11,12,13,16,20,21,30>34,7,39,10,17,21,3,36,38,40,11,13,16,20
32,33,3,4,36,37,7,38,40,10,11,12,13,16,20,21,30>33,4,7,39,9,10,12,14,17,30,3,36,38,40,11,13,16,20
2,5,7,8,9,10,12,13,16,19,20,21,22,24,25,26,31,32,33,34,36,37,39>7,11,17,21,23,26,29,30,37,39,2,34,36,5,9,13,16,20,24,25
2,5,7,8,9,10,12,13,16,19,20,21,22,24,25,26,31,32,33,34,36,37,39>10,19,21,22,26,38,39,2,34,36,5,9,13,16,20,24,25
2,5,7,8,9,10,12,13,16,19,20,21,22,24,25,26,31,32,33,34,36,37,39>8,10,17,18,19,21,22,28,30,31,37,38,39,2,34,36,5,9,13,16,20,24,25
2,5,7,8,9,10,12,13,16,19,20,21,22,24,25,26,31,32,33,34,36,37,39>7,8,10,11,19,22,23,33,35,37,38,2,34,36,5,9,13,16,20,24,25
2,4,5,6,7,8,9,13,17,18,20,21,22,24,25,27,29,31,33,35,36,37,40>18,28,39,2,35,36,5,37,8,9,17,20,21,22,24,25,27,29,31
2,4,5,6,7,8,9,13,17,18,20,21,22,24,25,27,29,31,33,35,36,37,40>32,6,7,10,13,16,18,28,2,35,36,5,37,8,9,17,20,21,22,24,25,27,29,31
2,4,5,6,7,8,9,13,17,18,20,21,22,24,25,27,29,31,33,35,36,37,40>32,7,39,40,14,28,2,35,36,5,37,8,9,17,20,21,22,24,25,27,29,31
2,4,5,6,7,8,9,13,17,18,20,21,22,24,25,27,29,31,33,35,36,37,40>4,39,40,10,14,16,28,2,35,36,5,37,8,9,17,20,21,22,24,25,27,29,31
3,4,35,6,7,8,9,38,11,13,14,15,17,20,23,24,26,27,28,29>5,6,38,13,16,23,25,27,30,31,3,8,9,14,15,17,20,24,26
3,4,35,6,7,8,9,38,11,13,14,15,17,20,23,24,26,27,28,29>35,5,38,39,16,23,29,31,3,8,9,14,15,17,20,24,26
3,4,35,6,7,8,9,38,11,13,14,15,17,20,23,24,26,27,28,29>33,35,4,5,7,13,16,25,28,3,8,9,14,15,17,20,24,26
3,4,35,6,7,8,9,38,11,13,14,15,17,20,23,24,26,27,28,29>32,33,35,4,7,39,11,13,16,27,29,30,31,3,8,9,14,15,17,20,24,26
1,2,3,5,7,10,11,12,13,14,15,16,19,20,21,24,25,33,34,35,37,38,39,40>7,39,9,10,40,18,1,2,3,34,5,37,11,12,13,14,15,16,19,20,24,25
1,2,3,5,7,10,11,12,13,14,15,16,19,20,21,24,25,33,34,35,37,38,39,40>35,38,7,9,10,17,18,27,1,2,3,34,5,37,11,12,13,14,15,16,19,20,24,25
1,2,3,5,7,10,11,12,13,14,15,16,19,20,21,24,25,33,34,35,37,38,39,40>33,36,38,39,9,40,1,2,3,34,5,37,11,12,13,14,15,16,19,20,24,25
1,2,3,5,7,10,11,12,13,14,15,16,19,20,21,24,25,33,34,35,37,38,39,40>33,35,36,38,7,10,18,21,23,1,2,3,34,5,37,11,12,13,14,15,16,19,20,24,25
2,3,34,37,38,39,8,13,14,15,19,20,21,24,26,28,30,31>33,35,16,18,21,26,28,31,2,3,34,14,15,20,24,30
2,3,34,37,38,39,8,13,14,15,19,20,21,24,26,28,30,31>33,5,37,8,40,13,17,18,21,23,25,28,31,2,3,34,14,15,20,24,30
2,3,34,37,38,39,8,13,14,15,19,20,21,24,26,28,30,31>33,35,5,37,8,39,40,13,16,17,18,21,23,25,2,3,34,14,15,20,24,30
2,3,34,37,38,39,8,13,14,15,19,20,21,24,26,28,30,31>33,4,5,8,39,40,17,18,19,21,23,2,3,34,14,15,20,24,30
1,2,3,6,7,8,9,10,14,18,21,22,25,26,27,29,30,32,35,36,40>35,4,5,37,38,39,11,14,18,31,32,1,2,3,6,7,8,9,10,40,21,22,27,29,30
1,2,3,6,7,8,9,10,14,18,21,22,25,26,27,29,30,32,35,36,40>5,38,39,11,13,15,18,26,32,1,2,3,6,7,8,9,10,40,21,22,27,29,30
1,2,3,6,7,8,9,10,14,18,21,22,25,26,27,29,30,32,35,36,40>5,37,39,14,25,26,28,32,1,2,3,6,7,8,9,10,40,21,22,27,29,30
1,2,3,6,7,8,9,10,14,18,21,22,25,26,27,29,30,32,35,36,40>35,4,5,36,37,39,11,13,15,18,28,32,1,2,3,6,7,8,9,10,40,21,22,27,29,30
32,33,2,3,34,35,6,7,8,37,14,18,21,22,23,26,27,28,29,31>34,4,7,36,23,27,32,33,2,3,35,37,8,21,22,26,28,29,31
32,33,2,3,34,35,6,7,8,37,14,18,21,22,23,26,27,28,29,31>5,7,9,15,18,20,23,27,30,32,33,2,3,35,37,8,21,22,26,28,29,31
32,33,2,3,34,35,6,7,8,37,14,18,21,22,23,26,27,28,29,31>34,5,7,9,14,15,30,32,33,2,3,35,37,8,21,22,26,28,29,31
32,33,2,3,34,35,6,7,8,37,14,18,21,22,23,26,27,28,29,31>34,5,6,7,14,27,30,32,33,2,3,35,37,8,21,22,26,28,29,31
33,2,34,5,6,37,8,15,17,18,24,26,28,29,30>34,36,40,15,17,20,22,25,28,33,2,5,8,30
33,2,34,5,6,37,8,15,17,18,24,26,28,29,30>34,36,40,15,18,20,22,24,25,26,28,29,33,2,5,8,30
33,2,34,5,6,37,8,15,17,18,24,26,28,29,30>34,37,40,17,18,22,24,26,33,2,5,8,30
33,2,34,5,6,37,8,15,17,18,24,26,28,29,30>34,36,37,17,18,20,24,26,29,33,2,5,8,30
1,2,3,4,6,7,8,10,12,13,20,21,22,23,25,26,28,29,31,33,35,36,39,40>40,9,14,22,24,25,31,1,2,3,4,33,6,7,8,35,36,39,13,20,26,28,29
1,2,3,4,6,7,8,10,12,13,20,21,22,23,25,26,28,29,31,33,35,36,39,40>5,37,9,10,14,16,17,24,27,31,1,2,3,4,33,6,7,8,35,36,39,13,20,26,28,29
1,2,3,4,6,7,8,10,12,13,20,21,22,23,25,26,28,29,31,33,35,36,39,40>40,9,10,11,22,24,31,1,2,3,4,33,6,7,8,35,36,39,13,20,26,28,29
1,2,3,4,6,7,8,10,12,13,20,21,22,23,25,26,28,29,31,33,35,36,39,40>5,37,40,9,10,11,12,17,23,24,30,1,2,3,4,33,6,7,8,35,36,39,13,20,26,28,29
33,4,36,6,7,8,37,10,12,15,16,19,20,23,26,27,28,29,30,31>4,5,6,7,11,13,16,18,27,29,33,36,8,12,19,23,26,30,31
33,4,36,6,7,8,37,10,12,15,16,19,20,23,26,27,28,29,30,31>4,6,7,9,15,18,28,29,32,40,33,36,8,12,19,23,26,30,31
33,4,36,6,7,8,37,10,12,15,16,19,20,23,26,27,28,29,30,31>4,6,7,9,10,13,15,24,28,37,39,33,36,8,12,19,23,26,30,31
33,4,36,6,7,8,37,10,12,15,16,19,20,23,26,27,28,29,30,31>4,5,6,9,10,13,16,18,24,27,28,29,32,35,39,33,36,8,12,19,23,26,30,31
32,1,33,3,34,35,36,7,37,9,15,16,17,22,23,24,27,29,30>4,24,27,28,33,38,40,32,1,3,36,37,9,29
32,1,33,3,34,35,36,7,37,9,15,16,17,22,23,24,27,29,30>5,15,17,24,27,31,34,40,32,1,3,36,37,9,29
32,1,33,3,34,35,36,7,37,9,15,16,17,22,23,24,27,29,30>5,7,15,17,23,24,33,35,40,32,1,3,36,37,9,29
32,1,33,3,34,35,36,7,37,9,15,16,17,22,23,24,27,29,30>4,17,23,25,26,28,30,31,33,34,32,1,3,36,37,9,29
32,33,2,34,4,37,38,39,8,9,13,14,19,22,23,25,28,29,30,31>13,15,17,19,25,26,30,31,34,35,38,33,2,14,23,28,29
32,33,2,34,4,37,38,39,8,9,13,14,19,22,23,25,28,29,30,31>4,8,13,22,25,26,27,30,34,38,39,33,2,14,23,28,29
32,33,2,34,4,37,38,39,8,9,13,14,19,22,23,25,28,29,30,31>8,9,18,26,30,32,34,36,39,33,2,14,23,28,29
32,33,2,34,4,37,38,39,8,9,13,14,19,22,23,25,28,29,30,31>4,8,9,13,22,25,27,30,32,35,38,39,40,33,2,14,23,28,29
1,2,3,36,37,38,8,14,17,18,26,27,29>32,4,18,22,26,31,1,2,3
1,2,3,36,37,38,8,14,17,18,26,27,29>4,6,15,29,30,1,2,3
1,2,3,36,37,38,8,14,17,18,26,27,29>4,17,18,27,29,1,2,3
1,2,3,36,37,38,8,14,17,18,26,27,29>4,5,36,8,37,38,39,15,17,18,29,1,2,3
3,4,6,7,8,9,13,14,15,20,21,23,26,27,28,30,31,33,34,39,40>35,5,6,10,21,23,27,28,33,34,3,4,8,9,40,14,15,20,26,30,31
3,4,6,7,8,9,13,14,15,20,21,23,26,27,28,30,31,33,34,39,40>36,5,6,7,17,23,28,33,34,3,4,8,9,40,14,15,20,26,30,31
3,4,6,7,8,9,13,14,15,20,21,23,26,27,28,30,31,33,34,39,40>35,5,6,39,13,16,17,23,24,27,33,34,3,4,8,9,40,14,15,20,26,30,31
3,4,6,7,8,9,13,14,15,20,21,23,26,27,28,30,31,33,34,39,40>32,35,36,7,10,16,17,21,23,27,33,34,3,4,8,9,40,14,15,20,26,30,31
32,33,38,7,8,40,13,15,16,17,22,29>7,8,9,13,14,15,20,16,17,29
32,33,38,7,8,40,13,15,16,17,22,29>32,36,39,14,20,16,17,29
32,33,38,7,8,40,13,15,16,17,22,29>33,36,5,7,8,40,13,15,22,16,17,29
32,33,38,7,8,40,13,15,16,17,22,29>32,33,36,5,38,7,8,9,39,13,14,15,22,16,17,29
3,5,7,9,10,11,12,13,14,15,19,20,22,24,25,26,27,28,30,31,32,37,38,40>33,38,7,39,16,19,22,32,3,5,40,9,11,12,13,14,15,24,25,27,28,30,31
3,5,7,9,10,11,12,13,14,15,19,20,22,24,25,26,27,28,30,31,32,37,38,40>33,39,16,17,22,23,29,32,3,5,40,9,11,12,13,14,15,24,25,27,28,30,31
3,5,7,9,10,11,12,13,14,15,19,20,22,24,25,26,27,28,30,31,32,37,38,40>34,7,10,17,19,23,29,32,3,5,40,9,11,12,13,14,15,24,25,27,28,30,31
3,5,7,9,10,11,12,13,14,15,19,20,22,24,25,26,27,28,30,31,32,37,38,40>33,7,16,17,18,20,22,23,29,32,3,5,40,9,11,12,13,14,15,24,25,27,28,30,31
1,2,33,35,37,6,38,39,9,10,13,17,19,21,23,24,26,28,29>38,7,8,11,14,16,19,20,24,1,2,33,37,6,39,10,13,17,23,26
1,2,33,35,37,6,38,39,9,10,13,17,19,21,23,24,26,28,29>35,38,7,8,11,14,16,19,20,29,1,2,33,37,6,39,10,13,17,23,26
1,2,33,35,37,6,38,39,9,10,13,17,19,21,23,24,26,28,29>36,5,9,11,14,18,20,21,24,25,29,1,2,33,37,6,39,10,13,17,23,26
1,2,33,35,37,6,38,39,9,10,13,17,19,21,23,24,26,28,29>35,36,5,7,9,11,18,21,25,28,30,1,2,33,37,6,39,10,13,17,23,26
32,1,3,35,5,6,36,8,9,40,11,17,18,19,20,23,31>32,6,38,40,19,22,26,31,1,3,35,5,8,18,20,23
32,1,3,35,5,6,36,8,9,40,11,17,18,19,20,23,31>34,37,9,11,40,22,1,3,35,5,8,18,20,23
32,1,3,35,5,6,36,8,9,40,11,17,18,19,20,23,31>32,36,7,38,9,39,11,40,24,1,3,35,5,8,18,20,23
32,1,3,35,5,6,36,8,9,40,11,17,18,19,20,23,31>34,36,37,6,7,38,40,17,22,26,31,1,3,35,5,8,18,20,23
32,2,34,37,38,7,8,9,39,13,15,17,20,21,22,25,26,28,29,30>32,37,7,8,38,14,15,16,24,25,27,2,9,17,20,28,29,30
32,2,34,37,38,7,8,9,39,13,15,17,20,21,22,25,26,28,29,30>32,33,39,13,14,21,24,2,9,17,20,28,29,30
32,2,34,37,38,7,8,9,39,13,15,17,20,21,22,25,26,28,29,30>34,5,37,7,39,14,21,24,2,9,17,20,28,29,30
32,2,34,37,38,7,8,9,39,13,15,17,20,21,22,25,26,28,29,30>33,34,7,8,39,40,15,16,21,22,26,2,9,17,20,28,29,30
1,5,7,8,11,13,15,16,19,23,24,25,26,30,33,35,36,37,38,39,40>27,13,17,9,1,36,5,37,39,40,16,23,25,26,30
1,5,7,8,11,13,15,16,19,23,24,25,26,30,33,35,36,37,38,39,40>33,34,38,11,14,15,17,19,27,1,36,5,37,39,40,16,23,25,26,30
1,5,7,8,11,13,15,16,19,23,24,25,26,30,33,35,36,37,38,39,40>35,38,7,9,11,13,14,15,17,18,24,1,36,5,37,39,40,16,23,25,26,30
1,5,7,8,11,13,15,16,19,23,24,25,26,30,33,35,36,37,38,39,40>35,8,11,13,15,17,18,1,36,5,37,39,40,16,23,25,26,30
32,33,3,4,5,35,7,36,38,10,40,12,18,21,23,27,29,31>9,10,11,12,13,18,21,29,32,35,3,4,5,36,38,31
32,33,3,4,5,35,7,36,38,10,40,12,18,21,23,27,29,31>33,9,11,18,26,27,29,32,35,3,4,5,36,38,31
32,33,3,4,5,35,7,36,38,10,40,12,18,21,23,27,29,31>7,10,20,21,23,29,32,35,3,4,5,36,38,31
32,33,3,4,5,35,7,36,38,10,40,12,18,21,23,27,29,31>37,7,9,10,12,13,40,18,20,27,32,35,3,4,5,36,38,31
32,2,34,5,39,8,40,11,12,14,15,16,17,19,23,24,28,29,31>17,18,19,24,25,28,29,32,34,39,40,2,23,5,15
32,2,34,5,39,8,40,11,12,14,15,16,17,19,23,24,28,29,31>11,17,26,31,35,39,2,23,5,15
32,2,34,5,39,8,40,11,12,14,15,16,17,19,23,24,28,29,31>12,17,19,25,29,32,33,35,39,40,2,23,5,15
32,2,34,5,39,8,40,11,12,14,15,16,17,19,23,24,28,29,31>12,14,20,24,25,31,32,33,39,2,23,5,15
1,5,9,11,13,14,15,21,24,25,26,27,30,32,33,34,35,36,37,38,39,40>16,20,21,26,31,32,1,34,36,5,37,38,40,14,15,25,27,30
1,5,9,11,13,14,15,21,24,25,26,27,30,32,33,34,35,36,37,38,39,40>39,11,13,20,24,26,31,32,1,34,36,5,37,38,40,14,15,25,27,30
1,5,9,11,13,14,15,21,24,25,26,27,30,32,33,34,35,36,37,38,39,40>33,39,20,24,26,31,32,1,34,36,5,37,38,40,14,15,25,27,30
1,5,9,11,13,14,15,21,24,25,26,27,30,32,33,34,35,36,37,38,39,40>35,39,9,11,13,16,21,32,1,34,36,5,37,38,40,14,15,25,27,30
1,3,4,7,8,9,39,11,15,17,18,22,26,27,28,29>32,5,8,11,15,17,18,31,1,3,39,7,9,22,28,29
1,3,4,7,8,9,39,11,15,17,18,22,26,27,28,29>33,5,15,17,18,20,26,31,1,3,39,7,9,22,28,29
1,3,4,7,8,9,39,11,15,17,18,22,26,27,28,29>33,4,5,27,1,3,39,7,9,22,28,29
1,3,4,7,8,9,39,11,15,17,18,22,26,27,28,29>32,33,4,5,8,11,17,18,26,31,1,3,39,7,9,22,28,29
1,33,34,4,5,6,35,37,9,38,40,19,23,24,25,27,28>35,5,6,8,10,38,18,19,26,1,34,33,37,9,23,25,27
1,33,34,4,5,6,35,37,9,38,40,19,23,24,25,27,28>32,35,5,6,7,36,10,40,24,26,31,1,34,33,37,9,23,25,27
1,33,34,4,5,6,35,37,9,38,40,19,23,24,25,27,28>4,36,10,38,18,19,26,31,1,34,33,37,9,23,25,27
1,33,34,4,5,6,35,37,9,38,40,19,23,24,25,27,28>32,35,4,8,10,38,40,28,31,1,34,33,37,9,23,25,27
32,2,34,4,35,6,37,8,39,40,11,18,20,22,23,25,28,29,30,31>6,39,9,25,26,27,30,2,35,37,8,40,22,28,29
32,2,34,4,35,6,37,8,39,40,11,18,20,22,23,25,28,29,30,31>32,33,4,6,21,23,24,26,2,35,37,8,40,22,28,29
32,2,34,4,35,6,37,8,39,40,11,18,20,22,23,25,28,29,30,31>33,6,39,9,25,27,30,31,2,35,37,8,40,22,28,29
32,2,34,4,35,6,37,8,39,40,11,18,20,22,23,25,28,29,30,31>32,33,4,11,20,23,25,26,27,2,35,37,8,40,22,28,29
1,2,4,6,8,10,13,16,21,24,25,26,27,30,32,33,34,36,38,39,40>39,14,21,24,31,32,1,2,34,36,6,38,8,40,13,16,25,27,30
1,2,4,6,8,10,13,16,21,24,25,26,27,30,32,33,34,36,38,39,40>4,9,11,14,20,24,31,32,1,2,34,36,6,38,8,40,13,16,25,27,30
1,2,4,6,8,10,13,16,21,24,25,26,27,30,32,33,34,36,38,39,40>4,9,10,11,20,21,24,26,32,1,2,34,36,6,38,8,40,13,16,25,27,30
1,2,4,6,8,10,13,16,21,24,25,26,27,30,32,33,34,36,38,39,40>33,4,7,39,9,10,14,24,26,31,32,1,2,34,36,6,38,8,40,13,16,25,27,30
1,2,3,7,9,12,13,15,16,19,20,21,24,29,30,31,32,33,35,36,37,38,39,40>6,12,14,19,21,23,29,1,2,3,35,36,37,38,39,9,40,16,20,24
1,2,3,7,9,12,13,15,16,19,20,21,24,29,30,31,32,33,35,36,37,38,39,40>33,6,14,29,30,31,1,2,3,35,36,37,38,39,9,40,16,20,24
1,2,3,7,9,12,13,15,16,19,20,21,24,29,30,31,32,33,35,36,37,38,39,40>32,33,5,6,7,12,13,18,29,30,1,2,3,35,36,37,38,39,9,40,16,20,24
1,2,3,7,9,12,13,15,16,19,20,21,24,29,30,31,32,33,35,36,37,38,39,40>32,33,4,5,6,12,13,17,18,19,25,30,31,1,2,3,35,36,37,38,39,9,40,16,20,24
2,3,35,5,6,37,8,9,38,13,17,18,19,25,26>6,38,39,13,19,20,26,30,2,3,37,5,8,17,18
2,3,35,5,6,37,8,9,38,13,17,18,19,25,26>35,6,38,39,13,16,19,22,23,25,27,30,2,3,37,5,8,17,18
2,3,35,5,6,37,8,9,38,13,17,18,19,25,26>34,4,39,9,13,16,22,25,26,30,2,3,37,5,8,17,18
2,3,35,5,6,37,8,9,38,13,17,18,19,25,26>34,35,4,6,38,39,9,13,14,16,23,30,2,3,37,5,8,17,18
