CD45,CD8,TCRlig,TCbind,PAGCsk,LCK,Fyn,Rlk,TCRphos,ZAP70,cCbl,Itk,LAT,Gads,Slp76,PLCg_b,Grb2Sos,DAG,PLCg_a,Ras,RasGRP1,PKCth,IP3,Raf,MEK,Ca,ERK,SEK,IKK,Calcin,Rsk,Fos,JNK,IkB,CREB,Jun,CRE,AP1,NFkB,NFAT
2,6,9,11,13,14,15,17,20,22,23,24,25,26,28,29,31,32,33,35,37,38,39,40>9,13,22,23,27,31,33,2,35,37,39,14,15,17,20,24,25,26,28,29
2,6,9,11,13,14,15,17,20,22,23,24,25,26,28,29,31,32,33,35,37,38,39,40>32,8,9,40,11,13,22,23,30,33,2,35,37,39,14,15,17,20,24,25,26,28,29
2,6,9,11,13,14,15,17,20,22,23,24,25,26,28,29,31,32,33,35,37,38,39,40>36,5,40,11,16,30,33,2,35,37,39,14,15,17,20,24,25,26,28,29
2,6,9,11,13,14,15,17,20,22,23,24,25,26,28,29,31,32,33,35,37,38,39,40>6,8,9,11,13,16,23,31,33,2,35,37,39,14,15,17,20,24,25,26,28,29
2,6,9,11,13,14,15,17,20,22,23,24,25,26,28,29,31,32,33,35,37,38,39,40>32,6,8,40,11,23,31,33,2,35,37,39,14,15,17,20,24,25,26,28,29
2,6,9,11,13,14,15,17,20,22,23,24,25,26,28,29,31,32,33,35,37,38,39,40>32,36,38,8,11,13,23,27,30,31,33,2,35,37,39,14,15,17,20,24,25,26,28,29
1,2,33,35,36,6,7,40,9,10,13,14,16,17,19,22,25,30>33,34,39,15,27,28,30,1,2,36,6,7,40,9,10,13,14,16,17
1,2,33,35,36,6,7,40,9,10,13,14,16,17,19,22,25,30>33,34,39,8,18,19,25,28,1,2,36,6,7,40,9,10,13,14,16,17
1,2,33,35,36,6,7,40,9,10,13,14,16,17,19,22,25,30>33,34,5,11,18,19,22,23,27,30,1,2,36,6,7,40,9,10,13,14,16,17
1,2,33,35,36,6,7,40,9,10,13,14,16,17,19,22,25,30>35,5,8,18,19,20,22,23,25,27,28,29,30,1,2,36,6,7,40,9,10,13,14,16,17
1,2,33,35,36,6,7,40,9,10,13,14,16,17,19,22,25,30>34,37,39,11,18,20,22,23,27,30,1,2,36,6,7,40,9,10,13,14,16,17
1,2,33,35,36,6,7,40,9,10,13,14,16,17,19,22,25,30>33,35,5,37,8,15,20,23,25,27,29,1,2,36,6,7,40,9,10,13,14,16,17
2,3,4,5,7,8,11,15,16,17,18,22,24,26,27,28,30,31,33,34,35,36,37,39,40>11,18,20,21,24,29,33,2,3,34,5,35,36,37,40,22,28,30,31
2,3,4,5,7,8,11,15,16,17,18,22,24,26,27,28,30,31,33,34,35,36,37,39,40>7,39,11,15,16,20,21,24,25,26,27,33,2,3,34,5,35,36,37,40,22,28,30,31
2,3,4,5,7,8,11,15,16,17,18,22,24,26,27,28,30,31,33,34,35,36,37,39,40>32,7,8,39,11,15,16,18,20,25,26,33,2,3,34,5,35,36,37,40,22,28,30,31
2,3,4,5,7,8,11,15,16,17,18,22,24,26,27,28,30,31,33,34,35,36,37,39,40>4,7,8,20,26,33,2,3,34,5,35,36,37,40,22,28,30,31
2,3,4,5,7,8,11,15,16,17,18,22,24,26,27,28,30,31,33,34,35,36,37,39,40>32,7,8,15,16,18,21,25,26,33,2,3,34,5,35,36,37,40,22,28,30,31
2,3,4,5,7,8,11,15,16,17,18,22,24,26,27,28,30,31,33,34,35,36,37,39,40>4,7,9,15,17,24,25,29,33,2,3,34,5,35,36,37,40,22,28,30,31
1,3,4,6,10,11,12,13,15,16,18,19,22,23,24,25,26,30,31,35,36,38,39,40>9,10,14,15,21,27,28,31,1,3,35,39,40,11,12,13,16,18,19,22,23,25,26,30
1,3,4,6,10,11,12,13,15,16,18,19,22,23,24,25,26,30,31,35,36,38,39,40>34,4,36,10,14,28,29,1,3,35,39,40,11,12,13,16,18,19,22,23,25,26,30
1,3,4,6,10,11,12,13,15,16,18,19,22,23,24,25,26,30,31,35,36,38,39,40>36,6,10,37,17,21,31,1,3,35,39,40,11,12,13,16,18,19,22,23,25,26,30
1,3,4,6,10,11,12,13,15,16,18,19,22,23,24,25,26,30,31,35,36,38,39,40>36,6,8,38,21,24,27,1,3,35,39,40,11,12,13,16,18,19,22,23,25,26,30
1,3,4,6,10,11,12,13,15,16,18,19,22,23,24,25,26,30,31,35,36,38,39,40>7,8,10,14,24,27,28,31,1,3,35,39,40,11,12,13,16,18,19,22,23,25,26,30
1,3,4,6,10,11,12,13,15,16,18,19,22,23,24,25,26,30,31,35,36,38,39,40>4,7,8,10,37,38,14,15,17,24,29,1,3,35,39,40,11,12,13,16,18,19,22,23,25,26,30
3,7,8,9,11,12,13,15,16,17,18,22,24,28,30,31,32,34,35,36,38,40>32,7,8,12,14,18,21,24,29,31,34,35,3,38,40,9,16,17,22,28
3,7,8,9,11,12,13,15,16,17,18,22,24,28,30,31,32,34,35,36,38,40>32,33,36,7,12,14,18,20,25,29,31,34,35,3,38,40,9,16,17,22,28
3,7,8,9,11,12,13,15,16,17,18,22,24,28,30,31,32,34,35,36,38,40>32,36,5,8,20,21,25,30,34,35,3,38,40,9,16,17,22,28
3,7,8,9,11,12,13,15,16,17,18,22,24,28,30,31,32,34,35,36,38,40>32,37,8,11,13,18,21,30,31,34,35,3,38,40,9,16,17,22,28
3,7,8,9,11,12,13,15,16,17,18,22,24,28,30,31,32,34,35,36,38,40>33,37,11,15,24,30,31,34,35,3,38,40,9,16,17,22,28
3,7,8,9,11,12,13,15,16,17,18,22,24,28,30,31,32,34,35,36,38,40>32,33,36,5,37,7,8,11,13,15,18,20,24,25,30,34,35,3,38,40,9,16,17,22,28
1,33,34,35,6,40,11,12,13,15,16,17,19,23,25,26,27,29,31>5,6,12,13,15,19,29,30,32,34,36,1,35,16,17,23,26,27,31
1,33,34,35,6,40,11,12,13,15,16,17,19,23,25,26,27,29,31>5,6,18,30,32,33,34,40,1,35,16,17,23,26,27,31
1,33,34,35,6,40,11,12,13,15,16,17,19,23,25,26,27,29,31>6,8,14,15,20,25,32,33,34,40,1,35,16,17,23,26,27,31
1,33,34,35,6,40,11,12,13,15,16,17,19,23,25,26,27,29,31>5,8,11,12,13,14,19,20,25,29,30,34,1,35,16,17,23,26,27,31
1,33,34,35,6,40,11,12,13,15,16,17,19,23,25,26,27,29,31>6,8,11,13,14,15,19,29,33,36,37,40,1,35,16,17,23,26,27,31
1,33,34,35,6,40,11,12,13,15,16,17,19,23,25,26,27,29,31>7,8,11,14,15,18,19,20,25,30,34,36,37,40,1,35,16,17,23,26,27,31
32,1,33,3,37,6,7,39,11,12,13,14,16,17,19,20,21,25,26,27>5,8,12,13,23,26,30,31,33,34,37,32,1,3,39,7,14,16,17,20,27
32,1,33,3,37,6,7,39,11,12,13,14,16,17,19,20,21,25,26,27>11,12,13,15,21,24,26,30,33,36,32,1,3,39,7,14,16,17,20,27
32,1,33,3,37,6,7,39,11,12,13,14,16,17,19,20,21,25,26,27>5,11,13,15,19,21,23,24,36,37,32,1,3,39,7,14,16,17,20,27
32,1,33,3,37,6,7,39,11,12,13,14,16,17,19,20,21,25,26,27>5,11,12,13,15,19,21,26,31,33,34,36,37,32,1,3,39,7,14,16,17,20,27
32,1,33,3,37,6,7,39,11,12,13,14,16,17,19,20,21,25,26,27>6,8,11,18,19,23,25,31,33,34,37,32,1,3,39,7,14,16,17,20,27
32,1,33,3,37,6,7,39,11,12,13,14,16,17,19,20,21,25,26,27>5,8,9,11,15,18,21,24,25,30,33,34,36,32,1,3,39,7,14,16,17,20,27
4,5,7,9,11,12,13,15,16,17,19,22,23,24,25,26,30,32,33,34,36,39>33,38,39,40,11,13,14,24,28,34,36,5,9,16,17,23,25,26,30
4,5,7,9,11,12,13,15,16,17,19,22,23,24,25,26,30,32,33,34,36,39>33,4,7,11,12,14,18,22,28,29,34,36,5,9,16,17,23,25,26,30
4,5,7,9,11,12,13,15,16,17,19,22,23,24,25,26,30,32,33,34,36,39>32,33,38,7,40,11,12,14,15,19,29,34,36,5,9,16,17,23,25,26,30
4,5,7,9,11,12,13,15,16,17,19,22,23,24,25,26,30,32,33,34,36,39>33,38,7,39,11,13,14,15,18,20,22,34,36,5,9,16,17,23,25,26,30
4,5,7,9,11,12,13,15,16,17,19,22,23,24,25,26,30,32,33,34,36,39>32,33,38,7,40,11,13,14,15,22,29,34,36,5,9,16,17,23,25,26,30
4,5,7,9,11,12,13,15,16,17,19,22,23,24,25,26,30,32,33,34,36,39>33,4,38,7,39,11,12,18,19,20,22,29,34,36,5,9,16,17,23,25,26,30
1,2,3,4,7,10,16,17,18,20,21,23,24,25,26,27,29,32,36,37,39,40>36,5,6,10,16,17,18,21,29,31,32,1,2,3,4,7,39,20,24,25,26,27
1,2,3,4,7,10,16,17,18,20,21,23,24,25,26,27,29,32,36,37,39,40>36,37,9,11,40,13,17,18,21,22,29,31,32,1,2,3,4,7,39,20,24,25,26,27
1,2,3,4,7,10,16,17,18,20,21,23,24,25,26,27,29,32,36,37,39,40>5,6,37,40,13,22,23,31,32,1,2,3,4,7,39,20,24,25,26,27
1,2,3,4,7,10,16,17,18,20,21,23,24,25,26,27,29,32,36,37,39,40>36,5,6,37,10,40,17,21,22,23,30,32,1,2,3,4,7,39,20,24,25,26,27
1,2,3,4,7,10,16,17,18,20,21,23,24,25,26,27,29,32,36,37,39,40>5,6,37,38,10,11,40,18,29,30,32,1,2,3,4,7,39,20,24,25,26,27
1,2,3,4,7,10,16,17,18,20,21,23,24,25,26,27,29,32,36,37,39,40>36,5,6,37,38,11,40,16,32,1,2,3,4,7,39,20,24,25,26,27
2,3,4,5,34,37,38,40,12,13,14,16,18,19,21,23,25,26,31>35,5,12,15,17,20,30,2,3,4,34,14,16,18,23,26
2,3,4,5,34,37,38,40,12,13,14,16,18,19,21,23,25,26,31>35,5,37,12,17,21,22,25,27,30,31,2,3,4,34,14,16,18,23,26
2,3,4,5,34,37,38,40,12,13,14,16,18,19,21,23,25,26,31>35,5,38,13,17,21,25,31,2,3,4,34,14,16,18,23,26
2,3,4,5,34,37,38,40,12,13,14,16,18,19,21,23,25,26,31>35,38,40,13,17,20,31,2,3,4,34,14,16,18,23,26
2,3,4,5,34,37,38,40,12,13,14,16,18,19,21,23,25,26,31>5,38,40,17,19,22,25,30,31,2,3,4,34,14,16,18,23,26
2,3,4,5,34,37,38,40,12,13,14,16,18,19,21,23,25,26,31>35,5,38,40,15,20,21,22,31,2,3,4,34,14,16,18,23,26
34,4,5,6,7,37,40,13,14,15,18,20,21,23,25,28,31>6,13,17,18,22,23,24,25,27,31,35,34,5,14,15,20
34,4,5,6,7,37,40,13,14,15,18,20,21,23,25,28,31>7,8,17,18,21,22,24,26,33,35,40,34,5,14,15,20
34,4,5,6,7,37,40,13,14,15,18,20,21,23,25,28,31>4,6,7,9,16,17,18,25,26,28,31,40,34,5,14,15,20
34,4,5,6,7,37,40,13,14,15,18,20,21,23,25,28,31>4,8,9,17,18,21,23,24,25,27,33,37,34,5,14,15,20
34,4,5,6,7,37,40,13,14,15,18,20,21,23,25,28,31>6,8,9,13,16,17,18,21,22,23,24,27,28,31,33,35,34,5,14,15,20
34,4,5,6,7,37,40,13,14,15,18,20,21,23,25,28,31>7,8,9,13,17,18,22,25,26,28,31,37,34,5,14,15,20
1,33,34,35,5,36,7,37,38,10,13,19,20,22,23,25,26,27,30,31>32,7,11,14,16,18,20,22,24,28,1,34,35,36,5,37,13,23,26,27,30,31
1,33,34,35,5,36,7,37,38,10,13,19,20,22,23,25,26,27,30,31>32,33,38,7,9,16,17,18,19,20,24,28,29,1,34,35,36,5,37,13,23,26,27,30,31
1,33,34,35,5,36,7,37,38,10,13,19,20,22,23,25,26,27,30,31>33,38,7,40,11,14,16,18,19,20,22,24,25,1,34,35,36,5,37,13,23,26,27,30,31
1,33,34,35,5,36,7,37,38,10,13,19,20,22,23,25,26,27,30,31>38,40,10,11,16,18,20,22,24,25,28,29,1,34,35,36,5,37,13,23,26,27,30,31
1,33,34,35,5,36,7,37,38,10,13,19,20,22,23,25,26,27,30,31>33,7,40,9,14,19,24,28,1,34,35,36,5,37,13,23,26,27,30,31
1,33,34,35,5,36,7,37,38,10,13,19,20,22,23,25,26,27,30,31>33,38,7,40,9,11,14,22,24,28,1,34,35,36,5,37,13,23,26,27,30,31
2,6,8,9,10,11,13,17,23,26,27,29,30,31,32,33,35,36,38,39,40>20,6,10,14,32,2,35,36,38,39,8,40,11,13,17,26,30,31
2,6,8,9,10,11,13,17,23,26,27,29,30,31,32,33,35,36,38,39,40>5,6,16,23,27,32,2,35,36,38,39,8,40,11,13,17,26,30,31
2,6,8,9,10,11,13,17,23,26,27,29,30,31,32,33,35,36,38,39,40>33,5,37,16,20,23,27,29,32,2,35,36,38,39,8,40,11,13,17,26,30,31
2,6,8,9,10,11,13,17,23,26,27,29,30,31,32,33,35,36,38,39,40>33,5,6,37,10,20,23,29,32,2,35,36,38,39,8,40,11,13,17,26,30,31
2,6,8,9,10,11,13,17,23,26,27,29,30,31,32,33,35,36,38,39,40>6,9,14,16,20,23,27,32,2,35,36,38,39,8,40,11,13,17,26,30,31
2,6,8,9,10,11,13,17,23,26,27,29,30,31,32,33,35,36,38,39,40>37,9,16,20,23,32,2,35,36,38,39,8,40,11,13,17,26,30,31
1,33,3,4,5,6,34,38,39,10,40,13,15,18,23,24,25,26>8,12,14,16,18,27,1,34,3,4,13,25,26
1,33,3,4,5,6,34,38,39,10,40,13,15,18,23,24,25,26>9,11,12,14,17,18,23,24,30,38,40,1,34,3,4,13,25,26
1,33,3,4,5,6,34,38,39,10,40,13,15,18,23,24,25,26>7,9,10,11,12,15,16,17,18,24,27,30,33,38,40,1,34,3,4,13,25,26
1,33,3,4,5,6,34,38,39,10,40,13,15,18,23,24,25,26>5,7,9,12,17,22,27,36,1,34,3,4,13,25,26
1,33,3,4,5,6,34,38,39,10,40,13,15,18,23,24,25,26>6,7,9,10,12,18,23,33,39,40,1,34,3,4,13,25,26
1,33,3,4,5,6,34,38,39,10,40,13,15,18,23,24,25,26>5,6,7,8,9,12,14,15,17,22,23,30,33,36,38,39,1,34,3,4,13,25,26
32,1,3,4,35,37,39,9,10,11,14,15,16,17,20,24,30,31>32,7,10,13,16,30,31,1,3,35,37,39,11,15,20,24
32,1,3,4,35,37,39,9,10,11,14,15,16,17,20,24,30,31>4,7,10,12,14,16,17,30,1,3,35,37,39,11,15,20,24
32,1,3,4,35,37,39,9,10,11,14,15,16,17,20,24,30,31>4,7,12,13,17,25,30,1,3,35,37,39,11,15,20,24
32,1,3,4,35,37,39,9,10,11,14,15,16,17,20,24,30,31>34,4,40,10,14,30,31,1,3,35,37,39,11,15,20,24
32,1,3,4,35,37,39,9,10,11,14,15,16,17,20,24,30,31>34,7,40,10,12,14,17,30,1,3,35,37,39,11,15,20,24
32,1,3,4,35,37,39,9,10,11,14,15,16,17,20,24,30,31>34,7,40,9,10,12,13,30,31,1,3,35,37,39,11,15,20,24
33,2,35,4,37,6,38,9,13,17,19,21,22,26,29,31>4,8,14,16,18,30,31,33,36,39,2,35,37,9,17,29
33,2,35,4,37,6,38,9,13,17,19,21,22,26,29,31>4,10,18,22,28,30,31,33,38,39,2,35,37,9,17,29
33,2,35,4,37,6,38,9,13,17,19,21,22,26,29,31>4,13,19,22,31,36,2,35,37,9,17,29
33,2,35,4,37,6,38,9,13,17,19,21,22,26,29,31>6,13,16,18,20,22,26,28,30,33,36,38,2,35,37,9,17,29
33,2,35,4,37,6,38,9,13,17,19,21,22,26,29,31>4,6,13,14,16,18,20,21,28,31,38,39,2,35,37,9,17,29
33,2,35,4,37,6,38,9,13,17,19,21,22,26,29,31>4,6,10,13,14,18,23,28,30,33,36,39,2,35,37,9,17,29
2,3,4,8,9,10,14,17,19,20,21,22,24,28,29,30,31,32,34,36,39>8,9,11,15,18,19,22,31,33,34,35,36,38,39,2,3,4,20,24,28,29
2,3,4,8,9,10,14,17,19,20,21,22,24,28,29,30,31,32,34,36,39>9,13,15,17,21,22,23,25,31,32,33,36,40,2,3,4,20,24,28,29
2,3,4,8,9,10,14,17,19,20,21,22,24,28,29,30,31,32,34,36,39>10,13,14,17,18,19,30,31,33,39,2,3,4,20,24,28,29
2,3,4,8,9,10,14,17,19,20,21,22,24,28,29,30,31,32,34,36,39>10,13,14,15,17,18,19,25,30,36,39,2,3,4,20,24,28,29
2,3,4,8,9,10,14,17,19,20,21,22,24,28,29,30,31,32,34,36,39>10,13,14,15,17,18,19,25,31,33,35,36,39,40,2,3,4,20,24,28,29
2,3,4,8,9,10,14,17,19,20,21,22,24,28,29,30,31,32,34,36,39>8,10,11,13,15,17,18,21,25,30,31,35,39,2,3,4,20,24,28,29
32,33,35,4,36,37,38,39,10,12,13,14,16,17,19,20,23,24,26,30>35,40,15,18,19,25,36,37,38,39,13,14,16,17,20,23,24,26,30
32,33,35,4,36,37,38,39,10,12,13,14,16,17,19,20,23,24,26,30>32,35,40,10,11,15,18,36,37,38,39,13,14,16,17,20,23,24,26,30
32,33,35,4,36,37,38,39,10,12,13,14,16,17,19,20,23,24,26,30>4,40,11,12,15,19,25,36,37,38,39,13,14,16,17,20,23,24,26,30
32,33,35,4,36,37,38,39,10,12,13,14,16,17,19,20,23,24,26,30>32,4,11,12,15,18,25,36,37,38,39,13,14,16,17,20,23,24,26,30
32,33,35,4,36,37,38,39,10,12,13,14,16,17,19,20,23,24,26,30>32,34,4,40,10,11,36,37,38,39,13,14,16,17,20,23,24,26,30
32,33,35,4,36,37,38,39,10,12,13,14,16,17,19,20,23,24,26,30>32,33,35,4,18,19,36,37,38,39,13,14,16,17,20,23,24,26,30
33,35,4,36,6,7,39,9,12,14,16,18,21,22,27,28,30>5,6,10,12,16,31,37,40,33,36,39,9,21,22,28
33,35,4,36,6,7,39,9,12,14,16,18,21,22,27,28,30>4,5,7,12,16,29,30,31,32,34,35,37,33,36,39,9,21,22,28
33,35,4,36,6,7,39,9,12,14,16,18,21,22,27,28,30>6,7,10,20,27,30,32,34,35,37,40,33,36,39,9,21,22,28
33,35,4,36,6,7,39,9,12,14,16,18,21,22,27,28,30>8,10,16,18,20,27,30,32,40,33,36,39,9,21,22,28
33,35,4,36,6,7,39,9,12,14,16,18,21,22,27,28,30>4,5,8,12,14,18,31,34,35,33,36,39,9,21,22,28
33,35,4,36,6,7,39,9,12,14,16,18,21,22,27,28,30>6,7,8,10,12,14,16,18,20,29,31,32,34,33,36,39,9,21,22,28
32,1,2,3,4,34,36,7,8,38,10,39,13,14,16,18,22,24,26,28>36,10,11,15,17,18,24,25,1,2,3,4,34,38,7,13,14,16,22,28
32,1,2,3,4,34,36,7,8,38,10,39,13,14,16,18,22,24,26,28>32,5,8,11,18,24,26,1,2,3,4,34,38,7,13,14,16,22,28
32,1,2,3,4,34,36,7,8,38,10,39,13,14,16,18,22,24,26,28>32,33,36,5,8,11,15,17,18,21,24,29,1,2,3,4,34,38,7,13,14,16,22,28
32,1,2,3,4,34,36,7,8,38,10,39,13,14,16,18,22,24,26,28>33,6,8,9,11,21,24,30,1,2,3,4,34,38,7,13,14,16,22,28
32,1,2,3,4,34,36,7,8,38,10,39,13,14,16,18,22,24,26,28>32,33,36,6,39,24,25,30,1,2,3,4,34,38,7,13,14,16,22,28
32,1,2,3,4,34,36,7,8,38,10,39,13,14,16,18,22,24,26,28>5,6,9,17,21,26,29,1,2,3,4,34,38,7,13,14,16,22,28
33,34,38,8,40,10,13,14,16,18,19,21,22,26,27,31>8,40,10,11,17,20,26,28,30,34,13,14,16,18,21,22,31
33,34,38,8,40,10,13,14,16,18,19,21,22,26,27,31>32,33,38,11,15,19,29,34,13,14,16,18,21,22,31
33,34,38,8,40,10,13,14,16,18,19,21,22,26,27,31>33,35,40,10,11,19,23,30,34,13,14,16,18,21,22,31
33,34,38,8,40,10,13,14,16,18,19,21,22,26,27,31>32,33,35,36,8,10,15,17,19,23,26,34,13,14,16,18,21,22,31
33,34,38,8,40,10,13,14,16,18,19,21,22,26,27,31>32,5,38,8,10,11,20,23,27,34,13,14,16,18,21,22,31
33,34,38,8,40,10,13,14,16,18,19,21,22,26,27,31>35,5,10,15,23,26,28,34,13,14,16,18,21,22,31
33,34,3,35,37,38,7,8,14,15,17,18,19,20,23,24,25,28,31>5,7,8,38,14,17,19,22,26,33,34,3,35,37,15,18,20,23,24,25
33,34,3,35,37,38,7,8,14,15,17,18,19,20,23,24,25,28,31>5,9,38,14,17,26,27,28,31,33,34,3,35,37,15,18,20,23,24,25
33,34,3,35,37,38,7,8,14,15,17,18,19,20,23,24,25,28,31>4,5,36,38,14,22,27,28,31,33,34,3,35,37,15,18,20,23,24,25
33,34,3,35,37,38,7,8,14,15,17,18,19,20,23,24,25,28,31>14,7,28,31,33,34,3,35,37,15,18,20,23,24,25
33,34,3,35,37,38,7,8,14,15,17,18,19,20,23,24,25,28,31>4,36,8,38,14,17,19,22,28,31,33,34,3,35,37,15,18,20,23,24,25
33,34,3,35,37,38,7,8,14,15,17,18,19,20,23,24,25,28,31>5,7,8,9,38,14,19,26,33,34,3,35,37,15,18,20,23,24,25
33,34,5,37,8,40,11,12,15,17,18,19,20,24,27,28,29,30>36,12,15,22,23,25,28,29,30,31,33,5,40,18,20,24
33,34,5,37,8,40,11,12,15,17,18,19,20,24,27,28,29,30>32,36,37,11,17,22,27,28,29,31,33,5,40,18,20,24
33,34,5,37,8,40,11,12,15,17,18,19,20,24,27,28,29,30>36,8,12,17,19,22,23,28,29,31,33,5,40,18,20,24
33,34,5,37,8,40,11,12,15,17,18,19,20,24,27,28,29,30>32,34,36,8,12,23,25,33,5,40,18,20,24
33,34,5,37,8,40,11,12,15,17,18,19,20,24,27,28,29,30>32,37,8,11,12,15,19,22,25,27,28,29,30,31,33,5,40,18,20,24
33,34,5,37,8,40,11,12,15,17,18,19,20,24,27,28,29,30>32,36,37,8,12,15,23,27,30,31,33,5,40,18,20,24
1,2,35,36,37,6,38,8,40,12,14,20,24,25,26,27,28,29>38,39,40,14,26,30,1,2,37,6,8,24,25,27
1,2,35,36,37,6,38,8,40,12,14,20,24,25,26,27,28,29>5,38,39,26,29,1,2,37,6,8,24,25,27
1,2,35,36,37,6,38,8,40,12,14,20,24,25,26,27,28,29>33,35,5,38,7,39,12,15,28,29,31,1,2,37,6,8,24,25,27
1,2,35,36,37,6,38,8,40,12,14,20,24,25,26,27,28,29>33,35,5,39,12,14,15,26,28,30,31,1,2,37,6,8,24,25,27
1,2,35,36,37,6,38,8,40,12,14,20,24,25,26,27,28,29>36,5,40,12,14,15,29,30,31,1,2,37,6,8,24,25,27
1,2,35,36,37,6,38,8,40,12,14,20,24,25,26,27,28,29>32,33,36,5,7,14,15,28,29,1,2,37,6,8,24,25,27
1,33,35,36,7,8,9,39,11,13,14,17,18,20,21,24,28,29,31>8,15,22,28,31,1,33,35,36,39,9,14,17,20,24
1,33,35,36,7,8,9,39,11,13,14,17,18,20,21,24,28,29,31>11,16,18,28,29,1,33,35,36,39,9,14,17,20,24
1,33,35,36,7,8,9,39,11,13,14,17,18,20,21,24,28,29,31>5,7,11,13,15,21,22,31,1,33,35,36,39,9,14,17,20,24
1,33,35,36,7,8,9,39,11,13,14,17,18,20,21,24,28,29,31>5,37,8,11,22,25,31,1,33,35,36,39,9,14,17,20,24
1,33,35,36,7,8,9,39,11,13,14,17,18,20,21,24,28,29,31>5,7,8,11,13,15,16,18,21,1,33,35,36,39,9,14,17,20,24
1,33,35,36,7,8,9,39,11,13,14,17,18,20,21,24,28,29,31>5,37,7,8,11,13,16,18,21,1,33,35,36,39,9,14,17,20,24
32,3,5,37,11,14,15,18,22,23,26,30,31>35,40,18,23,29,31,3,5,15,22,26,30
32,3,5,37,11,14,15,18,22,23,26,30,31>35,40,18,21,28,29,31,3,5,15,22,26,30
32,3,5,37,11,14,15,18,22,23,26,30,31>37,40,21,28,29,3,5,15,22,26,30
32,3,5,37,11,14,15,18,22,23,26,30,31>35,37,21,23,29,31,3,5,15,22,26,30
32,3,5,37,11,14,15,18,22,23,26,30,31>32,39,40,14,29,31,3,5,15,22,26,30
32,3,5,37,11,14,15,18,22,23,26,30,31>23,37,39,40,3,5,15,22,26,30
32,1,2,3,4,35,37,10,12,13,16,17,20,23,27,28,30>33,34,40,10,11,23,26,27,30,32,1,2,3,4,37,13,16,17,20
32,1,2,3,4,35,37,10,12,13,16,17,20,23,27,28,30>34,6,39,10,12,14,24,28,31,32,1,2,3,4,37,13,16,17,20
32,1,2,3,4,35,37,10,12,13,16,17,20,23,27,28,30>7,40,10,11,24,26,28,30,31,32,1,2,3,4,37,13,16,17,20
32,1,2,3,4,35,37,10,12,13,16,17,20,23,27,28,30>33,7,40,10,11,14,24,26,28,32,1,2,3,4,37,13,16,17,20
32,1,2,3,4,35,37,10,12,13,16,17,20,23,27,28,30>33,35,7,39,40,10,11,12,23,24,26,27,28,31,32,1,2,3,4,37,13,16,17,20
32,1,2,3,4,35,37,10,12,13,16,17,20,23,27,28,30>33,34,35,7,39,40,10,14,23,24,26,30,31,32,1,2,3,4,37,13,16,17,20
32,1,2,3,34,38,7,39,40,11,16,19,21,23,24,26,28>32,9,39,18,19,20,21,24,25,28,1,2,3,34,23,26
32,1,2,3,34,38,7,39,40,11,16,19,21,23,24,26,28>32,33,6,9,11,40,16,19,20,25,28,1,2,3,34,23,26
32,1,2,3,34,38,7,39,40,11,16,19,21,23,24,26,28>33,7,38,11,20,30,1,2,3,34,23,26
32,1,2,3,34,38,7,39,40,11,16,19,21,23,24,26,28>33,5,7,38,40,18,19,21,28,1,2,3,34,23,26
32,1,2,3,34,38,7,39,40,11,16,19,21,23,24,26,28>32,33,5,7,38,40,16,18,21,25,28,30,1,2,3,34,23,26
32,1,2,3,34,38,7,39,40,11,16,19,21,23,24,26,28>5,6,7,39,16,19,20,25,1,2,3,34,23,26
2,3,5,39,40,13,16,17,18,19,23,25,27,28,29,30,31>32,22,25,26,28,2,3,5,39,40,16,17,18,23,27,31
2,3,5,39,40,13,16,17,18,19,23,25,27,28,29,30,31>32,33,19,20,22,26,2,3,5,39,40,16,17,18,23,27,31
2,3,5,39,40,13,16,17,18,19,23,25,27,28,29,30,31>32,4,22,25,29,30,2,3,5,39,40,16,17,18,23,27,31
2,3,5,39,40,13,16,17,18,19,23,25,27,28,29,30,31>32,35,4,14,22,25,28,2,3,5,39,40,16,17,18,23,27,31
2,3,5,39,40,13,16,17,18,19,23,25,27,28,29,30,31>33,13,14,19,22,26,28,29,2,3,5,39,40,16,17,18,23,27,31
2,3,5,39,40,13,16,17,18,19,23,25,27,28,29,30,31>33,4,13,19,20,26,28,29,30,2,3,5,39,40,16,17,18,23,27,31
32,34,35,36,7,8,10,11,14,15,17,18,20,23,24,27,28,29,31>5,12,22,23,28,33,37,38,32,35,11,15,20,24,31
32,34,35,36,7,8,10,11,14,15,17,18,20,23,24,27,28,29,31>7,8,12,13,18,25,26,28,34,37,32,35,11,15,20,24,31
32,34,35,36,7,8,10,11,14,15,17,18,20,23,24,27,28,29,31>7,10,13,14,17,25,27,28,38,32,35,11,15,20,24,31
32,34,35,36,7,8,10,11,14,15,17,18,20,23,24,27,28,29,31>5,7,10,17,37,32,35,11,15,20,24,31
32,34,35,36,7,8,10,11,14,15,17,18,20,23,24,27,28,29,31>7,8,10,13,14,18,22,23,25,33,34,36,32,35,11,15,20,24,31
32,34,35,36,7,8,10,11,14,15,17,18,20,23,24,27,28,29,31>5,7,8,10,12,18,23,25,27,36,37,32,35,11,15,20,24,31
32,1,2,3,33,5,37,8,9,10,13,17,19,20,21,22,23,26,27>4,8,14,18,24,27,28,30,33,36,37,32,1,2,3,5,13,17,20,23,26
32,1,2,3,33,5,37,8,9,10,13,17,19,20,21,22,23,26,27>10,11,14,21,22,24,31,33,34,36,39,32,1,2,3,5,13,17,20,23,26
32,1,2,3,33,5,37,8,9,10,13,17,19,20,21,22,23,26,27>11,18,21,24,27,29,33,34,36,37,32,1,2,3,5,13,17,20,23,26
32,1,2,3,33,5,37,8,9,10,13,17,19,20,21,22,23,26,27>8,9,11,14,22,28,31,33,34,36,32,1,2,3,5,13,17,20,23,26
32,1,2,3,33,5,37,8,9,10,13,17,19,20,21,22,23,26,27>4,8,9,11,14,16,19,21,22,27,28,30,31,34,37,32,1,2,3,5,13,17,20,23,26
32,1,2,3,33,5,37,8,9,10,13,17,19,20,21,22,23,26,27>10,11,14,19,21,22,24,28,30,31,33,34,37,32,1,2,3,5,13,17,20,23,26
1,2,4,5,8,9,10,12,15,18,22,23,24,25,27,28,29,30,31,35,38,39>33,4,7,10,38,18,21,24,1,2,35,39,12,22,25,27,28,29,31
1,2,4,5,8,9,10,12,15,18,22,23,24,25,27,28,29,30,31,35,38,39>32,5,9,10,38,13,40,23,1,2,35,39,12,22,25,27,28,29,31
1,2,4,5,8,9,10,12,15,18,22,23,24,25,27,28,29,30,31,35,38,39>32,4,5,7,8,9,10,11,38,40,15,18,1,2,35,39,12,22,25,27,28,29,31
1,2,4,5,8,9,10,12,15,18,22,23,24,25,27,28,29,30,31,35,38,39>33,37,7,8,10,15,21,23,24,26,1,2,35,39,12,22,25,27,28,29,31
1,2,4,5,8,9,10,12,15,18,22,23,24,25,27,28,29,30,31,35,38,39>32,33,37,7,10,13,21,30,1,2,35,39,12,22,25,27,28,29,31
1,2,4,5,8,9,10,12,15,18,22,23,24,25,27,28,29,30,31,35,38,39>32,4,37,8,9,11,38,18,23,24,1,2,35,39,12,22,25,27,28,29,31
33,4,37,6,7,39,9,10,40,14,15,16,18,22,23,24,26,30,31>4,7,11,12,14,16,23,24,25,34,35,37,39,40,9,10,15,22,26,30
33,4,37,6,7,39,9,10,40,14,15,16,18,22,23,24,26,30,31>4,7,11,12,16,23,24,25,29,31,34,36,37,39,40,9,10,15,22,26,30
33,4,37,6,7,39,9,10,40,14,15,16,18,22,23,24,26,30,31>4,5,6,7,13,18,21,24,25,28,33,34,35,36,39,40,9,10,15,22,26,30
33,4,37,6,7,39,9,10,40,14,15,16,18,22,23,24,26,30,31>4,5,8,11,14,21,23,31,33,37,39,40,9,10,15,22,26,30
33,4,37,6,7,39,9,10,40,14,15,16,18,22,23,24,26,30,31>5,7,8,12,16,33,34,35,36,37,39,40,9,10,15,22,26,30
33,4,37,6,7,39,9,10,40,14,15,16,18,22,23,24,26,30,31>4,5,6,7,8,12,13,23,24,28,34,36,37,39,40,9,10,15,22,26,30
1,2,8,9,10,14,16,17,18,21,22,23,24,25,26,27,28,29,30,34,37,38,39>5,13,15,16,17,24,33,39,40,1,2,21,22,25,26,27,28,29,30
1,2,8,9,10,14,16,17,18,21,22,23,24,25,26,27,28,29,30,34,37,38,39>6,9,11,13,14,16,18,20,23,24,37,39,40,1,2,21,22,25,26,27,28,29,30
1,2,8,9,10,14,16,17,18,21,22,23,24,25,26,27,28,29,30,34,37,38,39>5,6,10,13,14,18,20,24,31,32,34,38,40,1,2,21,22,25,26,27,28,29,30
1,2,8,9,10,14,16,17,18,21,22,23,24,25,26,27,28,29,30,34,37,38,39>5,6,8,10,14,17,18,20,23,24,33,38,39,1,2,21,22,25,26,27,28,29,30
1,2,8,9,10,14,16,17,18,21,22,23,24,25,26,27,28,29,30,34,37,38,39>9,10,11,13,15,17,18,23,24,32,34,1,2,21,22,25,26,27,28,29,30
1,2,8,9,10,14,16,17,18,21,22,23,24,25,26,27,28,29,30,34,37,38,39>8,9,10,11,15,18,23,32,33,37,40,1,2,21,22,25,26,27,28,29,30
1,4,5,6,8,10,13,14,17,19,20,21,25,26,27,28,29,34,37,38,39>15,16,21,28,38,1,8,13,14,17,20,27
1,4,5,6,8,10,13,14,17,19,20,21,25,26,27,28,29,34,37,38,39>5,15,16,18,19,23,24,25,26,30,31,32,33,37,38,1,8,13,14,17,20,27
1,4,5,6,8,10,13,14,17,19,20,21,25,26,27,28,29,34,37,38,39>6,16,18,23,25,29,31,33,37,39,1,8,13,14,17,20,27
1,4,5,6,8,10,13,14,17,19,20,21,25,26,27,28,29,34,37,38,39>4,5,7,10,11,15,18,19,24,29,30,32,34,1,8,13,14,17,20,27
1,4,5,6,8,10,13,14,17,19,20,21,25,26,27,28,29,34,37,38,39>7,9,10,11,21,23,28,30,32,33,37,38,1,8,13,14,17,20,27
1,4,5,6,8,10,13,14,17,19,20,21,25,26,27,28,29,34,37,38,39>4,5,7,9,10,11,16,18,21,23,29,30,31,34,38,39,1,8,13,14,17,20,27
1,3,4,7,8,9,11,12,14,15,16,17,19,23,26,28,33,34,35,37,39,40>4,5,8,40,12,14,18,20,28,1,33,3,34,37,7,9,15,23,26
1,3,4,7,8,9,11,12,14,15,16,17,19,23,26,28,33,34,35,37,39,40>4,5,36,40,12,14,16,17,19,28,30,1,33,3,34,37,7,9,15,23,26
1,3,4,7,8,9,11,12,14,15,16,17,19,23,26,28,33,34,35,37,39,40>39,40,11,12,16,17,19,28,30,1,33,3,34,37,7,9,15,23,26
1,3,4,7,8,9,11,12,14,15,16,17,19,23,26,28,33,34,35,37,39,40>39,8,16,19,20,28,1,33,3,34,37,7,9,15,23,26
1,3,4,7,8,9,11,12,14,15,16,17,19,23,26,28,33,34,35,37,39,40>4,5,39,40,12,16,28,30,1,33,3,34,37,7,9,15,23,26
1,3,4,7,8,9,11,12,14,15,16,17,19,23,26,28,33,34,35,37,39,40>35,4,36,39,8,40,11,14,16,17,19,20,1,33,3,34,37,7,9,15,23,26
1,33,34,37,39,8,9,40,12,13,16,19,20,22,25,27,28,31>5,14,18,19,20,23,35,36,1,34,33,16,27,28,31
1,33,34,37,39,8,9,40,12,13,16,19,20,22,25,27,28,31>5,9,19,20,24,35,36,37,40,1,34,33,16,27,28,31
1,33,34,37,39,8,9,40,12,13,16,19,20,22,25,27,28,31>8,13,14,18,19,20,23,24,29,32,36,37,40,1,34,33,16,27,28,31
1,33,34,37,39,8,9,40,12,13,16,19,20,22,25,27,28,31>9,13,14,18,19,20,22,23,24,25,29,32,35,40,1,34,33,16,27,28,31
1,33,34,37,39,8,9,40,12,13,16,19,20,22,25,27,28,31>5,8,9,13,18,20,22,32,35,36,39,1,34,33,16,27,28,31
1,33,34,37,39,8,9,40,12,13,16,19,20,22,25,27,28,31>8,9,12,13,17,19,23,25,32,36,37,1,34,33,16,27,28,31
1,2,5,9,10,11,12,13,16,18,19,21,22,23,27,28,31,32,34,36,37>33,36,10,12,27,29,32,1,2,34,5,11,13,16,18,21,22,23,28,31
1,2,5,9,10,11,12,13,16,18,19,21,22,23,27,28,31,32,34,36,37>36,37,9,10,12,19,20,27,29,32,1,2,34,5,11,13,16,18,21,22,23,28,31
1,2,5,9,10,11,12,13,16,18,19,21,22,23,27,28,31,32,34,36,37>35,38,10,12,20,26,27,32,1,2,34,5,11,13,16,18,21,22,23,28,31
1,2,5,9,10,11,12,13,16,18,19,21,22,23,27,28,31,32,34,36,37>33,36,38,12,19,26,29,32,1,2,34,5,11,13,16,18,21,22,23,28,31
1,2,5,9,10,11,12,13,16,18,19,21,22,23,27,28,31,32,34,36,37>35,36,38,12,17,20,32,1,2,34,5,11,13,16,18,21,22,23,28,31
1,2,5,9,10,11,12,13,16,18,19,21,22,23,27,28,31,32,34,36,37>33,36,37,38,10,17,27,32,1,2,34,5,11,13,16,18,21,22,23,28,31
2,35,5,38,7,39,40,10,17,20,21,22,25,26,27,28,29,30,31>32,33,37,11,13,21,2,35,5,39,40,20,27,28,29,30,31
2,35,5,38,7,39,40,10,17,20,21,22,25,26,27,28,29,30,31>32,7,10,11,22,2,35,5,39,40,20,27,28,29,30,31
2,35,5,38,7,39,40,10,17,20,21,22,25,26,27,28,29,30,31>32,7,9,10,21,22,24,2,35,5,39,40,20,27,28,29,30,31
2,35,5,38,7,39,40,10,17,20,21,22,25,26,27,28,29,30,31>33,38,7,9,11,13,24,26,2,35,5,39,40,20,27,28,29,30,31
2,35,5,38,7,39,40,10,17,20,21,22,25,26,27,28,29,30,31>37,38,7,11,25,26,2,35,5,39,40,20,27,28,29,30,31
2,35,5,38,7,39,40,10,17,20,21,22,25,26,27,28,29,30,31>33,37,38,7,9,13,17,24,25,26,2,35,5,39,40,20,27,28,29,30,31
32,1,2,33,5,7,8,9,40,11,12,13,15,18,21,22,23,28,30,31>7,11,15,16,20,23,26,32,35,39,1,2,33,5,40,9,21,22,28
32,1,2,33,5,7,8,9,40,11,12,13,15,18,21,22,23,28,30,31>7,8,12,15,17,23,26,31,36,39,1,2,33,5,40,9,21,22,28
32,1,2,33,5,7,8,9,40,11,12,13,15,18,21,22,23,28,30,31>7,8,13,15,16,18,30,31,32,39,1,2,33,5,40,9,21,22,28
32,1,2,33,5,7,8,9,40,11,12,13,15,18,21,22,23,28,30,31>12,13,14,18,20,23,31,35,1,2,33,5,40,9,21,22,28
32,1,2,33,5,7,8,9,40,11,12,13,15,18,21,22,23,28,30,31>8,12,13,15,23,29,31,32,36,1,2,33,5,40,9,21,22,28
32,1,2,33,5,7,8,9,40,11,12,13,15,18,21,22,23,28,30,31>7,8,12,13,14,15,29,31,1,2,33,5,40,9,21,22,28
