CD45,CD8,TCRlig,TCbind,PAGCsk,LCK,Fyn,Rlk,TCRphos,ZAP70,cCbl,Itk,LAT,Gads,Slp76,PLCg_b,Grb2Sos,DAG,PLCg_a,Ras,RasGRP1,PKCth,IP3,Raf,MEK,Ca,ERK,SEK,IKK,Calcin,Rsk,Fos,JNK,IkB,CREB,Jun,CRE,AP1,NFkB,NFAT
32,1,33,3,6,38,8,9,10,11,40,18,21,22,24,25,26,27,31>33,38,9,10,13,18,20,24,26,28,30,32,1,3,8,11,21,22,25,27,31
32,1,33,3,6,38,8,9,10,11,40,18,21,22,24,25,26,27,31>33,34,36,6,7,40,13,24,28,29,32,1,3,8,11,21,22,25,27,31
32,1,33,3,6,38,8,9,10,11,40,18,21,22,24,25,26,27,31>35,36,6,10,39,13,18,20,24,26,28,32,1,3,8,11,21,22,25,27,31
32,1,33,3,6,38,8,9,10,11,40,18,21,22,24,25,26,27,31>35,5,6,38,9,10,40,13,20,24,28,29,30,32,1,3,8,11,21,22,25,27,31
32,1,33,3,6,38,8,9,10,11,40,18,21,22,24,25,26,27,31>35,36,5,6,7,9,10,39,40,18,26,28,30,32,1,3,8,11,21,22,25,27,31
32,1,33,3,6,38,8,9,10,11,40,18,21,22,24,25,26,27,31>33,35,36,5,6,7,9,39,40,13,18,24,26,28,29,32,1,3,8,11,21,22,25,27,31
33,34,3,37,6,10,11,12,13,15,16,21,24,26,27,28,29,31>5,15,19,21,26,32,34,36,37,33,3,11,12,13,16,31
33,34,3,37,6,10,11,12,13,15,16,21,24,26,27,28,29,31>10,15,17,20,25,26,27,33,3,11,12,13,16,31
33,34,3,37,6,10,11,12,13,15,16,21,24,26,27,28,29,31>5,6,10,17,19,20,21,28,32,34,37,33,3,11,12,13,16,31
33,34,3,37,6,10,11,12,13,15,16,21,24,26,27,28,29,31>8,10,29,30,32,36,37,33,3,11,12,13,16,31
33,34,3,37,6,10,11,12,13,15,16,21,24,26,27,28,29,31>5,6,8,14,17,20,21,26,27,29,32,34,35,37,33,3,11,12,13,16,31
33,34,3,37,6,10,11,12,13,15,16,21,24,26,27,28,29,31>10,14,24,25,26,28,29,30,34,36,33,3,11,12,13,16,31
1,5,6,7,10,12,13,14,16,17,20,21,23,24,26,27,28,29,31,32,33,34,36,39,40>35,38,9,10,11,39,21,27,28,30,32,1,33,36,5,7,13,14,16,17,20,24,26,31
1,5,6,7,10,12,13,14,16,17,20,21,23,24,26,27,28,29,31,32,33,34,36,39,40>34,8,11,12,39,40,21,27,30,32,1,33,36,5,7,13,14,16,17,20,24,26,31
1,5,6,7,10,12,13,14,16,17,20,21,23,24,26,27,28,29,31,32,33,34,36,39,40>35,6,8,9,11,40,21,29,30,32,1,33,36,5,7,13,14,16,17,20,24,26,31
1,5,6,7,10,12,13,14,16,17,20,21,23,24,26,27,28,29,31,32,33,34,36,39,40>34,35,38,8,10,11,39,23,25,27,30,32,1,33,36,5,7,13,14,16,17,20,24,26,31
1,5,6,7,10,12,13,14,16,17,20,21,23,24,26,27,28,29,31,32,33,34,36,39,40>6,38,8,9,10,11,12,39,40,21,23,25,27,28,30,32,1,33,36,5,7,13,14,16,17,20,24,26,31
1,5,6,7,10,12,13,14,16,17,20,21,23,24,26,27,28,29,31,32,33,34,36,39,40>34,35,6,38,8,10,11,40,28,32,1,33,36,5,7,13,14,16,17,20,24,26,31
2,3,4,5,7,8,11,12,13,14,15,20,23,26,27,29,33,34,35,37,40>4,12,13,17,29,30,31,32,35,2,3,37,5,14,15,26
2,3,4,5,7,8,11,12,13,14,15,20,23,26,27,29,33,34,35,37,40>4,7,13,16,23,30,31,33,34,40,2,3,37,5,14,15,26
2,3,4,5,7,8,11,12,13,14,15,20,23,26,27,29,33,34,35,37,40>4,7,8,9,13,16,17,20,23,24,31,32,33,35,40,2,3,37,5,14,15,26
2,3,4,5,7,8,11,12,13,14,15,20,23,26,27,29,33,34,35,37,40>4,11,12,13,20,23,27,29,32,33,2,3,37,5,14,15,26
2,3,4,5,7,8,11,12,13,14,15,20,23,26,27,29,33,34,35,37,40>4,7,11,13,16,20,23,27,29,30,31,35,2,3,37,5,14,15,26
2,3,4,5,7,8,11,12,13,14,15,20,23,26,27,29,33,34,35,37,40>8,11,13,20,23,24,29,31,32,40,2,3,37,5,14,15,26
1,2,3,4,5,6,7,8,35,37,11,38,39,14,16,19,24,26,28,30>33,40,9,15,18,19,23,24,25,26,28,1,2,3,5,37,7,8,39,30
1,2,3,4,5,6,7,8,35,37,11,38,39,14,16,19,24,26,28,30>33,34,38,40,9,14,15,16,23,24,25,26,28,1,2,3,5,37,7,8,39,30
1,2,3,4,5,6,7,8,35,37,11,38,39,14,16,19,24,26,28,30>34,35,40,15,16,23,24,25,26,28,1,2,3,5,37,7,8,39,30
1,2,3,4,5,6,7,8,35,37,11,38,39,14,16,19,24,26,28,30>33,6,38,14,16,18,19,23,25,1,2,3,5,37,7,8,39,30
1,2,3,4,5,6,7,8,35,37,11,38,39,14,16,19,24,26,28,30>33,6,11,14,15,16,18,23,24,1,2,3,5,37,7,8,39,30
1,2,3,4,5,6,7,8,35,37,11,38,39,14,16,19,24,26,28,30>33,34,6,38,40,14,15,23,24,25,26,28,1,2,3,5,37,7,8,39,30
1,2,3,5,9,11,12,13,14,16,17,18,20,21,22,23,24,26,27,30,33,34,36,39,40>33,12,18,28,31,1,2,3,34,5,36,40,14,16,17,20,21,22,24,26,30
1,2,3,5,9,11,12,13,14,16,17,18,20,21,22,23,24,26,27,30,33,34,36,39,40>33,39,13,18,27,28,1,2,3,34,5,36,40,14,16,17,20,21,22,24,26,30
1,2,3,5,9,11,12,13,14,16,17,18,20,21,22,23,24,26,27,30,33,34,36,39,40>32,39,9,13,25,29,31,1,2,3,34,5,36,40,14,16,17,20,21,22,24,26,30
1,2,3,5,9,11,12,13,14,16,17,18,20,21,22,23,24,26,27,30,33,34,36,39,40>11,12,15,23,25,27,31,1,2,3,34,5,36,40,14,16,17,20,21,22,24,26,30
1,2,3,5,9,11,12,13,14,16,17,18,20,21,22,23,24,26,27,30,33,34,36,39,40>9,11,15,23,28,29,1,2,3,34,5,36,40,14,16,17,20,21,22,24,26,30
1,2,3,5,9,11,12,13,14,16,17,18,20,21,22,23,24,26,27,30,33,34,36,39,40>33,39,9,11,15,18,23,31,1,2,3,34,5,36,40,14,16,17,20,21,22,24,26,30
33,2,34,4,5,6,39,8,10,14,16,18,19,22,24>33,5,6,39,9,19,21,24,25,2,34,8,18,22
33,2,34,4,5,6,39,8,10,14,16,18,19,22,24>4,5,6,10,11,13,15,21,24,2,34,8,18,22
33,2,34,4,5,6,39,8,10,14,16,18,19,22,24>33,4,5,6,10,15,16,19,21,24,25,28,2,34,8,18,22
33,2,34,4,5,6,39,8,10,14,16,18,19,22,24>36,11,13,14,19,21,24,29,2,34,8,18,22
33,2,34,4,5,6,39,8,10,14,16,18,19,22,24>33,4,5,36,39,14,15,16,21,25,2,34,8,18,22
33,2,34,4,5,6,39,8,10,14,16,18,19,22,24>33,4,5,36,9,11,16,19,23,24,2,34,8,18,22
1,4,5,8,10,12,13,15,16,17,20,21,22,23,25,27,28,29,31,33,34,38,40>11,15,19,22,23,24,25,26,34,35,38,40,1,33,12,13,16,17,20,27,28,29,31
1,4,5,8,10,12,13,15,16,17,20,21,22,23,25,27,28,29,31,33,34,38,40>5,7,11,14,21,22,23,26,32,35,36,40,1,33,12,13,16,17,20,27,28,29,31
1,4,5,8,10,12,13,15,16,17,20,21,22,23,25,27,28,29,31,33,34,38,40>8,14,21,24,25,32,36,40,1,33,12,13,16,17,20,27,28,29,31
1,4,5,8,10,12,13,15,16,17,20,21,22,23,25,27,28,29,31,33,34,38,40>5,8,15,22,23,24,26,34,35,36,38,40,1,33,12,13,16,17,20,27,28,29,31
1,4,5,8,10,12,13,15,16,17,20,21,22,23,25,27,28,29,31,33,34,38,40>10,19,22,24,25,32,36,38,1,33,12,13,16,17,20,27,28,29,31
1,4,5,8,10,12,13,15,16,17,20,21,22,23,25,27,28,29,31,33,34,38,40>4,10,15,22,26,32,34,35,40,1,33,12,13,16,17,20,27,28,29,31
1,3,35,5,7,40,9,10,12,13,14,17,22,23,24,28,31>39,11,12,15,22,23,25,1,3,35,5,9,13,14,17,28
1,3,35,5,7,40,9,10,12,13,14,17,22,23,24,28,31>24,25,26,4,1,3,35,5,9,13,14,17,28
1,3,35,5,7,40,9,10,12,13,14,17,22,23,24,28,31>4,40,10,29,31,1,3,35,5,9,13,14,17,28
1,3,35,5,7,40,9,10,12,13,14,17,22,23,24,28,31>33,7,39,11,15,22,26,1,3,35,5,9,13,14,17,28
1,3,35,5,7,40,9,10,12,13,14,17,22,23,24,28,31>34,7,40,10,11,22,23,24,26,1,3,35,5,9,13,14,17,28
1,3,35,5,7,40,9,10,12,13,14,17,22,23,24,28,31>4,7,12,23,24,25,29,31,1,3,35,5,9,13,14,17,28
1,2,7,9,10,13,14,15,17,20,21,22,23,24,25,27,29,31,32,34,37,38,40>6,11,21,26,28,32,1,2,9,13,14,15,17,20,24,25,27,29,31
1,2,7,9,10,13,14,15,17,20,21,22,23,24,25,27,29,31,32,34,37,38,40>34,35,6,37,11,12,16,28,32,1,2,9,13,14,15,17,20,24,25,27,29,31
1,2,7,9,10,13,14,15,17,20,21,22,23,24,25,27,29,31,32,34,37,38,40>34,5,6,11,40,28,32,1,2,9,13,14,15,17,20,24,25,27,29,31
1,2,7,9,10,13,14,15,17,20,21,22,23,24,25,27,29,31,32,34,37,38,40>34,5,6,37,38,12,40,16,21,23,26,32,1,2,9,13,14,15,17,20,24,25,27,29,31
1,2,7,9,10,13,14,15,17,20,21,22,23,24,25,27,29,31,32,34,37,38,40>34,35,7,37,12,40,21,23,32,1,2,9,13,14,15,17,20,24,25,27,29,31
1,2,7,9,10,13,14,15,17,20,21,22,23,24,25,27,29,31,32,34,37,38,40>6,7,11,40,16,21,26,32,1,2,9,13,14,15,17,20,24,25,27,29,31
1,2,6,7,8,10,13,15,17,18,20,22,25,26,27,29,31,32,33,34,36,39,40>15,21,24,30,35,40,32,1,2,36,6,7,8,13,17,20,22,27,29,31
1,2,6,7,8,10,13,15,17,18,20,22,25,26,27,29,31,32,33,34,36,39,40>10,14,18,21,28,30,33,34,35,38,39,40,32,1,2,36,6,7,8,13,17,20,22,27,29,31
1,2,6,7,8,10,13,15,17,18,20,22,25,26,27,29,31,32,33,34,36,39,40>9,10,15,18,21,24,34,35,39,40,32,1,2,36,6,7,8,13,17,20,22,27,29,31
1,2,6,7,8,10,13,15,17,18,20,22,25,26,27,29,31,32,33,34,36,39,40>5,9,11,15,16,25,26,34,39,40,32,1,2,36,6,7,8,13,17,20,22,27,29,31
1,2,6,7,8,10,13,15,17,18,20,22,25,26,27,29,31,32,33,34,36,39,40>5,10,12,15,18,21,26,28,34,39,40,32,1,2,36,6,7,8,13,17,20,22,27,29,31
1,2,6,7,8,10,13,15,17,18,20,22,25,26,27,29,31,32,33,34,36,39,40>5,9,11,12,14,15,18,34,38,39,40,32,1,2,36,6,7,8,13,17,20,22,27,29,31
2,4,5,9,10,12,13,14,15,16,18,19,21,23,24,25,27,28,29,30,35,36,37,39,40>32,33,4,9,10,11,17,22,28,30,2,37,39,40,12,13,14,15,16,18,19,23,25,27
2,4,5,9,10,12,13,14,15,16,18,19,21,23,24,25,27,28,29,30,35,36,37,39,40>32,33,5,36,10,11,20,21,26,29,30,31,2,37,39,40,12,13,14,15,16,18,19,23,25,27
2,4,5,9,10,12,13,14,15,16,18,19,21,23,24,25,27,28,29,30,35,36,37,39,40>35,4,5,9,11,17,21,22,24,28,29,2,37,39,40,12,13,14,15,16,18,19,23,25,27
2,4,5,9,10,12,13,14,15,16,18,19,21,23,24,25,27,28,29,30,35,36,37,39,40>32,35,4,5,9,11,17,24,30,31,2,37,39,40,12,13,14,15,16,18,19,23,25,27
2,4,5,9,10,12,13,14,15,16,18,19,21,23,24,25,27,28,29,30,35,36,37,39,40>33,35,4,5,36,9,10,17,20,24,29,2,37,39,40,12,13,14,15,16,18,19,23,25,27
2,4,5,9,10,12,13,14,15,16,18,19,21,23,24,25,27,28,29,30,35,36,37,39,40>32,33,35,4,5,36,9,10,11,17,22,24,2,37,39,40,12,13,14,15,16,18,19,23,25,27
1,3,4,37,6,7,38,39,10,12,14,15,16,18,20,21,23,27,30,31>5,6,11,16,18,19,24,30,38,40,1,3,4,39,7,12,15,20,31
1,3,4,37,6,7,38,39,10,12,14,15,16,18,20,21,23,27,30,31>5,8,11,13,16,19,21,22,26,27,30,37,1,3,4,39,7,12,15,20,31
1,3,4,37,6,7,38,39,10,12,14,15,16,18,20,21,23,27,30,31>5,8,11,14,16,18,22,23,24,27,30,34,1,3,4,39,7,12,15,20,31
1,3,4,37,6,7,38,39,10,12,14,15,16,18,20,21,23,27,30,31>9,11,13,14,16,19,23,27,32,37,38,40,1,3,4,39,7,12,15,20,31
1,3,4,37,6,7,38,39,10,12,14,15,16,18,20,21,23,27,30,31>6,9,23,24,37,38,1,3,4,39,7,12,15,20,31
1,3,4,37,6,7,38,39,10,12,14,15,16,18,20,21,23,27,30,31>5,8,9,10,21,22,26,27,34,35,37,40,1,3,4,39,7,12,15,20,31
5,6,7,9,14,15,17,22,23,25,26,27,28,29,31,34,35,36,37,38,39,40>7,8,38,10,14,20,23,30,35,5,37,9,15,26,27,28,29,31
5,6,7,9,14,15,17,22,23,25,26,27,28,29,31,34,35,36,37,38,39,40>25,33,17,22,35,5,37,9,15,26,27,28,29,31
5,6,7,9,14,15,17,22,23,25,26,27,28,29,31,34,35,36,37,38,39,40>33,34,6,7,38,39,14,17,20,25,35,5,37,9,15,26,27,28,29,31
5,6,7,9,14,15,17,22,23,25,26,27,28,29,31,34,35,36,37,38,39,40>32,36,6,7,38,10,39,14,17,35,5,37,9,15,26,27,28,29,31
5,6,7,9,14,15,17,22,23,25,26,27,28,29,31,34,35,36,37,38,39,40>34,36,6,8,38,40,17,20,23,25,35,5,37,9,15,26,27,28,29,31
5,6,7,9,14,15,17,22,23,25,26,27,28,29,31,34,35,36,37,38,39,40>33,34,36,6,8,38,40,14,17,20,23,35,5,37,9,15,26,27,28,29,31
2,3,7,8,10,11,12,13,15,17,18,19,20,22,24,25,26,28,35,37,39,40>34,35,8,9,10,14,19,21,23,2,3,37,39,11,12,13,17,18,20,22,24,25,28
2,3,7,8,10,11,12,13,15,17,18,19,20,22,24,25,26,28,35,37,39,40>33,7,10,40,15,23,26,29,2,3,37,39,11,12,13,17,18,20,22,24,25,28
2,3,7,8,10,11,12,13,15,17,18,19,20,22,24,25,26,28,35,37,39,40>34,7,9,10,14,21,23,26,30,2,3,37,39,11,12,13,17,18,20,22,24,25,28
2,3,7,8,10,11,12,13,15,17,18,19,20,22,24,25,26,28,35,37,39,40>33,34,7,8,9,40,14,19,26,29,2,3,37,39,11,12,13,17,18,20,22,24,25,28
2,3,7,8,10,11,12,13,15,17,18,19,20,22,24,25,26,28,35,37,39,40>33,34,35,7,9,40,15,16,23,27,29,2,3,37,39,11,12,13,17,18,20,22,24,25,28
2,3,7,8,10,11,12,13,15,17,18,19,20,22,24,25,26,28,35,37,39,40>35,5,7,9,10,14,19,21,26,27,30,2,3,37,39,11,12,13,17,18,20,22,24,25,28
32,33,34,4,36,6,38,8,11,13,15,17,18,21,24,25,27,30>4,11,13,16,18,22,31,32,34,36,38,8,17,25,27
32,33,34,4,36,6,38,8,11,13,15,17,18,21,24,25,27,30>33,4,11,13,21,22,30,31,32,34,36,38,8,17,25,27
32,33,34,4,36,6,38,8,11,13,15,17,18,21,24,25,27,30>33,6,40,11,13,14,15,16,18,20,22,24,32,34,36,38,8,17,25,27
32,33,34,4,36,6,38,8,11,13,15,17,18,21,24,25,27,30>33,4,6,40,14,15,16,18,20,30,32,34,36,38,8,17,25,27
32,33,34,4,36,6,38,8,11,13,15,17,18,21,24,25,27,30>4,6,9,13,14,22,24,30,32,34,36,38,8,17,25,27
32,33,34,4,36,6,38,8,11,13,15,17,18,21,24,25,27,30>40,9,32,34,36,38,8,17,25,27
1,2,3,33,5,35,36,8,37,38,39,12,13,18,21,23,25,27,28,29>38,12,13,14,18,20,21,22,23,25,28,29,1,2,3,33,5,36,37,39,27
1,2,3,33,5,35,36,8,37,38,39,12,13,18,21,23,25,27,28,29>32,35,8,14,16,18,21,26,28,29,1,2,3,33,5,36,37,39,27
1,2,3,33,5,35,36,8,37,38,39,12,13,18,21,23,25,27,28,29>4,8,12,21,22,25,26,31,1,2,3,33,5,36,37,39,27
1,2,3,33,5,35,36,8,37,38,39,12,13,18,21,23,25,27,28,29>32,35,38,8,13,14,22,25,1,2,3,33,5,36,37,39,27
1,2,3,33,5,35,36,8,37,38,39,12,13,18,21,23,25,27,28,29>32,4,38,8,12,20,21,22,26,29,1,2,3,33,5,36,37,39,27
1,2,3,33,5,35,36,8,37,38,39,12,13,18,21,23,25,27,28,29>35,4,38,8,12,13,14,18,20,29,31,1,2,3,33,5,36,37,39,27
2,34,4,5,35,38,8,11,12,14,18,19,21,24,25,28,29,30>14,15,20,23,24,27,30,33,37,38,40,25,2,18
2,34,4,5,35,38,8,11,12,14,18,19,21,24,25,28,29,30>5,14,15,20,21,23,28,29,30,34,35,37,38,40,25,2,18
2,34,4,5,35,38,8,11,12,14,18,19,21,24,25,28,29,30>11,19,20,22,23,28,29,30,34,38,40,25,2,18
2,34,4,5,35,38,8,11,12,14,18,19,21,24,25,28,29,30>4,8,11,15,21,27,29,30,35,37,38,25,2,18
2,34,4,5,35,38,8,11,12,14,18,19,21,24,25,28,29,30>5,8,11,14,20,22,34,37,25,2,18
2,34,4,5,35,38,8,11,12,14,18,19,21,24,25,28,29,30>4,5,8,11,12,14,21,24,28,29,33,35,37,38,25,2,18
32,1,37,7,8,9,10,39,12,13,15,16,17,18,21,22,25,29,31>8,15,19,28,31,1,39,9,12,13,16,17,21,22,29
32,1,37,7,8,9,10,39,12,13,15,16,17,18,21,22,25,29,31>32,35,5,7,8,11,15,1,39,9,12,13,16,17,21,22,29
32,1,37,7,8,9,10,39,12,13,15,16,17,18,21,22,25,29,31>32,5,7,10,11,15,19,25,27,28,31,1,39,9,12,13,16,17,21,22,29
32,1,37,7,8,9,10,39,12,13,15,16,17,18,21,22,25,29,31>35,5,7,8,11,20,27,28,31,1,39,9,12,13,16,17,21,22,29
32,1,37,7,8,9,10,39,12,13,15,16,17,18,21,22,25,29,31>32,35,5,7,25,27,31,1,39,9,12,13,16,17,21,22,29
32,1,37,7,8,9,10,39,12,13,15,16,17,18,21,22,25,29,31>32,35,5,37,7,8,11,18,19,20,25,28,31,1,39,9,12,13,16,17,21,22,29
1,34,35,37,16,17,20,25,26,27,29,30>35,16,17,25,29,1,37,20,27,30
1,34,35,37,16,17,20,25,26,27,29,30>34,35,16,26,29,31,1,37,20,27,30
1,34,35,37,16,17,20,25,26,27,29,30>35,5,17,26,29,1,37,20,27,30
1,34,35,37,16,17,20,25,26,27,29,30>32,35,5,26,29,31,1,37,20,27,30
1,34,35,37,16,17,20,25,26,27,29,30>32,34,35,5,26,29,1,37,20,27,30
1,34,35,37,16,17,20,25,26,27,29,30>32,34,35,40,16,26,1,37,20,27,30
1,3,4,8,10,11,14,16,18,20,21,23,27,30,31,32,34,36,37,39,40>8,14,15,16,21,22,23,26,36,32,1,34,3,40,11,20,31
1,3,4,8,10,11,14,16,18,20,21,23,27,30,31,32,34,36,37,39,40>4,7,8,10,15,26,30,39,32,1,34,3,40,11,20,31
1,3,4,8,10,11,14,16,18,20,21,23,27,30,31,32,34,36,37,39,40>8,13,14,18,22,23,24,30,35,36,37,39,32,1,34,3,40,11,20,31
1,3,4,8,10,11,14,16,18,20,21,23,27,30,31,32,34,36,37,39,40>4,8,13,22,23,26,27,35,36,37,39,32,1,34,3,40,11,20,31
1,3,4,8,10,11,14,16,18,20,21,23,27,30,31,32,34,36,37,39,40>8,13,14,16,23,27,30,35,38,32,1,34,3,40,11,20,31
1,3,4,8,10,11,14,16,18,20,21,23,27,30,31,32,34,36,37,39,40>8,10,13,15,16,21,22,23,24,27,35,36,37,38,32,1,34,3,40,11,20,31
2,35,4,36,6,7,8,40,10,13,17,18,20,23,25,26,27,28,29>5,10,11,18,22,28,29,30,32,36,37,40,2,8,13,17,20,26,27
2,35,4,36,6,7,8,40,10,13,17,18,20,23,25,26,27,28,29>7,16,18,22,28,31,32,35,36,40,2,8,13,17,20,26,27
2,35,4,36,6,7,8,40,10,13,17,18,20,23,25,26,27,28,29>6,7,10,18,22,23,24,25,29,32,33,36,37,39,2,8,13,17,20,26,27
2,35,4,36,6,7,8,40,10,13,17,18,20,23,25,26,27,28,29>6,9,10,11,14,16,18,23,25,28,29,32,33,37,39,2,8,13,17,20,26,27
2,35,4,36,6,7,8,40,10,13,17,18,20,23,25,26,27,28,29>4,7,9,11,14,16,18,24,25,28,29,31,33,35,39,2,8,13,17,20,26,27
2,35,4,36,6,7,8,40,10,13,17,18,20,23,25,26,27,28,29>4,5,7,9,11,18,23,28,30,31,32,33,36,37,40,2,8,13,17,20,26,27
32,33,34,35,36,38,7,8,39,12,13,16,20,24,25,27,29,31>37,8,12,13,14,20,32,35,36,38,16,24,25,27,31
32,33,34,35,36,38,7,8,39,12,13,16,20,24,25,27,29,31>37,9,39,12,13,17,20,29,32,35,36,38,16,24,25,27,31
32,33,34,35,36,38,7,8,39,12,13,16,20,24,25,27,29,31>33,34,5,37,9,39,13,14,17,29,32,35,36,38,16,24,25,27,31
32,33,34,35,36,38,7,8,39,12,13,16,20,24,25,27,29,31>33,5,7,12,14,17,20,32,35,36,38,16,24,25,27,31
32,33,34,35,36,38,7,8,39,12,13,16,20,24,25,27,29,31>34,37,7,13,14,17,20,29,32,35,36,38,16,24,25,27,31
32,33,34,35,36,38,7,8,39,12,13,16,20,24,25,27,29,31>33,34,37,7,8,9,39,12,29,32,35,36,38,16,24,25,27,31
1,2,35,5,38,7,39,9,10,11,40,14,16,19,20,21,26,29>35,38,10,14,15,16,23,26,29,1,2,5,39,9,11,20
1,2,35,5,38,7,39,9,10,11,40,14,16,19,20,21,26,29>37,7,13,14,15,16,18,19,23,24,29,30,1,2,5,39,9,11,20
1,2,35,5,38,7,39,9,10,11,40,14,16,19,20,21,26,29>37,7,16,21,24,26,1,2,5,39,9,11,20
1,2,35,5,38,7,39,9,10,11,40,14,16,19,20,21,26,29>35,38,7,13,15,16,18,19,24,29,1,2,5,39,9,11,20
1,2,35,5,38,7,39,9,10,11,40,14,16,19,20,21,26,29>37,38,7,13,16,19,21,23,26,30,1,2,5,39,9,11,20
1,2,35,5,38,7,39,9,10,11,40,14,16,19,20,21,26,29>35,38,40,10,13,18,19,30,1,2,5,39,9,11,20
1,2,33,34,5,6,36,38,9,10,39,40,14,17,21,23,27,30>9,11,39,13,15,20,21,26,30,31,1,2,34,36,5,40,10
1,2,33,34,5,6,36,38,9,10,39,40,14,17,21,23,27,30>32,6,38,11,14,17,23,27,30,31,1,2,34,36,5,40,10
1,2,33,34,5,6,36,38,9,10,39,40,14,17,21,23,27,30>32,33,7,8,9,38,11,15,17,21,26,31,1,2,34,36,5,40,10
1,2,33,34,5,6,36,38,9,10,39,40,14,17,21,23,27,30>32,6,7,8,11,39,14,17,31,1,2,34,36,5,40,10
1,2,33,34,5,6,36,38,9,10,39,40,14,17,21,23,27,30>33,6,7,8,38,14,20,21,23,26,27,30,31,1,2,34,36,5,40,10
1,2,33,34,5,6,36,38,9,10,39,40,14,17,21,23,27,30>32,33,6,7,8,38,11,13,14,15,17,20,27,1,2,34,36,5,40,10
3,5,6,9,11,12,13,14,16,17,18,19,20,21,24,25,28,30,32,34,38,39,40>32,38,39,13,19,21,22,23,27,30,34,3,5,40,14,16,17,18,20,24,25
3,5,6,9,11,12,13,14,16,17,18,19,20,21,24,25,28,30,32,34,38,39,40>32,38,9,39,11,13,22,23,27,34,3,5,40,14,16,17,18,20,24,25
3,5,6,9,11,12,13,14,16,17,18,19,20,21,24,25,28,30,32,34,38,39,40>33,38,9,39,15,27,28,34,3,5,40,14,16,17,18,20,24,25
3,5,6,9,11,12,13,14,16,17,18,19,20,21,24,25,28,30,32,34,38,39,40>6,38,9,11,13,15,23,28,34,3,5,40,14,16,17,18,20,24,25
3,5,6,9,11,12,13,14,16,17,18,19,20,21,24,25,28,30,32,34,38,39,40>32,33,6,38,11,12,13,21,22,27,30,34,3,5,40,14,16,17,18,20,24,25
3,5,6,9,11,12,13,14,16,17,18,19,20,21,24,25,28,30,32,34,38,39,40>32,33,38,8,39,11,12,13,21,22,27,34,3,5,40,14,16,17,18,20,24,25
3,4,5,6,7,8,9,10,11,12,13,14,17,18,20,21,24,25,26,28,30,31,32,34,35,39,40>33,39,10,15,16,18,21,22,26,27,31,34,3,35,5,8,9,40,11,13,14,17,20,24,25,30
3,4,5,6,7,8,9,10,11,12,13,14,17,18,20,21,24,25,26,28,30,31,32,34,35,39,40>32,6,39,10,12,15,21,22,26,27,28,31,34,3,35,5,8,9,40,11,13,14,17,20,24,25,30
3,4,5,6,7,8,9,10,11,12,13,14,17,18,20,21,24,25,26,28,30,31,32,34,35,39,40>33,6,7,15,21,27,31,34,3,35,5,8,9,40,11,13,14,17,20,24,25,30
3,4,5,6,7,8,9,10,11,12,13,14,17,18,20,21,24,25,26,28,30,31,32,34,35,39,40>32,4,6,7,10,21,26,27,28,34,3,35,5,8,9,40,11,13,14,17,20,24,25,30
3,4,5,6,7,8,9,10,11,12,13,14,17,18,20,21,24,25,26,28,30,31,32,34,35,39,40>32,37,6,7,39,10,12,15,16,22,28,31,34,3,35,5,8,9,40,11,13,14,17,20,24,25,30
3,4,5,6,7,8,9,10,11,12,13,14,17,18,20,21,24,25,26,28,30,31,32,34,35,39,40>32,33,37,6,10,15,16,26,28,31,34,3,35,5,8,9,40,11,13,14,17,20,24,25,30
1,2,3,4,6,7,8,9,10,11,14,15,16,17,20,22,26,27,29,30,32,33,34,36,40>12,19,22,24,26,27,31,32,1,2,3,36,6,7,8,9,40,11,15,20,29,30
1,2,3,4,6,7,8,9,10,11,14,15,16,17,20,22,26,27,29,30,32,33,34,36,40>12,13,16,17,19,22,24,26,32,1,2,3,36,6,7,8,9,40,11,15,20,29,30
1,2,3,4,6,7,8,9,10,11,14,15,16,17,20,22,26,27,29,30,32,33,34,36,40>5,10,16,19,26,27,28,31,32,1,2,3,36,6,7,8,9,40,11,15,20,29,30
1,2,3,4,6,7,8,9,10,11,14,15,16,17,20,22,26,27,29,30,32,33,34,36,40>33,34,4,5,16,17,26,27,28,31,32,1,2,3,36,6,7,8,9,40,11,15,20,29,30
1,2,3,4,6,7,8,9,10,11,14,15,16,17,20,22,26,27,29,30,32,33,34,36,40>33,38,10,12,14,16,19,27,31,32,1,2,3,36,6,7,8,9,40,11,15,20,29,30
1,2,3,4,6,7,8,9,10,11,14,15,16,17,20,22,26,27,29,30,32,33,34,36,40>33,34,38,12,14,17,26,28,32,1,2,3,36,6,7,8,9,40,11,15,20,29,30
1,2,3,4,33,6,35,36,39,11,15,30,31>33,4,8,9,15,30,1,2,3,35,36,6,39
1,2,3,4,33,6,35,36,39,11,15,30,31>7,8,9,11,30,31,1,2,3,35,36,6,39
1,2,3,4,33,6,35,36,39,11,15,30,31>33,7,8,30,31,1,2,3,35,36,6,39
1,2,3,4,33,6,35,36,39,11,15,30,31>34,7,8,9,11,1,2,3,35,36,6,39
1,2,3,4,33,6,35,36,39,11,15,30,31>33,34,7,8,31,1,2,3,35,36,6,39
1,2,3,4,33,6,35,36,39,11,15,30,31>4,7,8,9,11,31,1,2,3,35,36,6,39
1,2,34,4,5,36,37,8,9,38,13,14,19,20,22,25,31>4,5,13,16,17,20,23,31,35,38,1,2,34,14
1,2,34,4,5,36,37,8,9,38,13,14,19,20,22,25,31>4,7,15,17,18,23,25,28,29,31,36,37,1,2,34,14
1,2,34,4,5,36,37,8,9,38,13,14,19,20,22,25,31>5,8,15,17,22,24,25,31,37,38,1,2,34,14
1,2,34,4,5,36,37,8,9,38,13,14,19,20,22,25,31>4,5,9,15,16,18,20,22,27,28,31,35,36,37,1,2,34,14
1,2,34,4,5,36,37,8,9,38,13,14,19,20,22,25,31>5,8,9,13,15,16,17,19,20,22,23,25,27,28,29,38,1,2,34,14
1,2,34,4,5,36,37,8,9,38,13,14,19,20,22,25,31>4,7,8,9,15,16,18,19,20,22,24,28,29,38,1,2,34,14
1,4,7,8,10,12,13,14,16,20,21,23,24,26,27,28,29,30,31,36,37,38,39>5,15,17,21,23,25,27,28,29,36,38,40,1,39,7,13,14,16,20,24,26,30,31
1,4,7,8,10,12,13,14,16,20,21,23,24,26,27,28,29,30,31,36,37,38,39>5,9,11,12,15,21,25,29,36,37,38,40,1,39,7,13,14,16,20,24,26,30,31
1,4,7,8,10,12,13,14,16,20,21,23,24,26,27,28,29,30,31,36,37,38,39>5,8,9,11,12,15,23,25,27,33,35,40,1,39,7,13,14,16,20,24,26,30,31
1,4,7,8,10,12,13,14,16,20,21,23,24,26,27,28,29,30,31,36,37,38,39>4,5,8,9,11,15,17,21,27,28,29,33,35,36,37,1,39,7,13,14,16,20,24,26,30,31
1,4,7,8,10,12,13,14,16,20,21,23,24,26,27,28,29,30,31,36,37,38,39>5,8,10,23,27,28,35,37,1,39,7,13,14,16,20,24,26,30,31
1,4,7,8,10,12,13,14,16,20,21,23,24,26,27,28,29,30,31,36,37,38,39>4,5,8,9,10,11,12,15,17,25,33,35,36,37,38,40,1,39,7,13,14,16,20,24,26,30,31
1,3,4,37,38,7,39,9,40,11,14,15,22,23,24,28,29,30,31>14,24,25,31,1,3,39,7,9,40,15,28,29
1,3,4,37,38,7,39,9,40,11,14,15,22,23,24,28,29,30,31>4,38,11,22,23,24,26,31,1,3,39,7,9,40,15,28,29
1,3,4,37,38,7,39,9,40,11,14,15,22,23,24,28,29,30,31>35,5,38,11,22,23,25,26,30,1,3,39,7,9,40,15,28,29
1,3,4,37,38,7,39,9,40,11,14,15,22,23,24,28,29,30,31>33,35,37,11,14,23,24,25,26,1,3,39,7,9,40,15,28,29
1,3,4,37,38,7,39,9,40,11,14,15,22,23,24,28,29,30,31>33,35,4,37,14,24,26,30,1,3,39,7,9,40,15,28,29
1,3,4,37,38,7,39,9,40,11,14,15,22,23,24,28,29,30,31>33,4,5,37,38,11,22,23,1,3,39,7,9,40,15,28,29
3,4,5,35,7,36,39,40,11,12,15,19,20,21,22,24,27,29,30,31>9,11,12,21,23,27,28,30,35,3,5,39,40,20,24,29,31
3,4,5,35,7,36,39,40,11,12,15,19,20,21,22,24,27,29,30,31>7,12,15,18,21,22,25,30,35,3,5,39,40,20,24,29,31
3,4,5,35,7,36,39,40,11,12,15,19,20,21,22,24,27,29,30,31>32,4,36,7,11,18,21,27,35,3,5,39,40,20,24,29,31
3,4,5,35,7,36,39,40,11,12,15,19,20,21,22,24,27,29,30,31>37,7,9,12,19,22,27,35,3,5,39,40,20,24,29,31
3,4,5,35,7,36,39,40,11,12,15,19,20,21,22,24,27,29,30,31>37,7,22,25,28,35,3,5,39,40,20,24,29,31
3,4,5,35,7,36,39,40,11,12,15,19,20,21,22,24,27,29,30,31>4,37,7,18,19,22,25,30,35,3,5,39,40,20,24,29,31
4,6,7,9,11,12,13,14,15,18,20,22,23,24,26,28,29,32,33,34,36,39>32,5,7,38,12,18,21,23,33,36,9,14,15,22,24,26,28,29
4,6,7,9,11,12,13,14,15,18,20,22,23,24,26,28,29,32,33,34,36,39>32,5,38,12,17,20,23,25,30,33,36,9,14,15,22,24,26,28,29
4,6,7,9,11,12,13,14,15,18,20,22,23,24,26,28,29,32,33,34,36,39>32,4,5,38,39,11,12,17,23,25,30,33,36,9,14,15,22,24,26,28,29
4,6,7,9,11,12,13,14,15,18,20,22,23,24,26,28,29,32,33,34,36,39>4,5,6,39,13,20,25,30,33,36,9,14,15,22,24,26,28,29
4,6,7,9,11,12,13,14,15,18,20,22,23,24,26,28,29,32,33,34,36,39>32,5,6,8,11,16,17,18,20,21,25,30,33,36,9,14,15,22,24,26,28,29
4,6,7,9,11,12,13,14,15,18,20,22,23,24,26,28,29,32,33,34,36,39>4,5,6,8,38,39,11,12,17,21,25,33,36,9,14,15,22,24,26,28,29
32,1,2,33,34,5,37,7,39,13,14,15,16,22,24,25,26,28,29,30>32,34,36,24,1,2,33,5,14,15,16,25,28,29,30
32,1,2,33,34,5,37,7,39,13,14,15,16,22,24,25,26,28,29,30>32,7,39,13,22,1,2,33,5,14,15,16,25,28,29,30
32,1,2,33,34,5,37,7,39,13,14,15,16,22,24,25,26,28,29,30>34,7,39,9,13,26,1,2,33,5,14,15,16,25,28,29,30
32,1,2,33,34,5,37,7,39,13,14,15,16,22,24,25,26,28,29,30>32,7,39,13,17,24,27,1,2,33,5,14,15,16,25,28,29,30
32,1,2,33,34,5,37,7,39,13,14,15,16,22,24,25,26,28,29,30>32,37,7,39,13,17,27,1,2,33,5,14,15,16,25,28,29,30
32,1,2,33,34,5,37,7,39,13,14,15,16,22,24,25,26,28,29,30>32,34,36,37,7,39,40,22,27,1,2,33,5,14,15,16,25,28,29,30
2,3,4,34,39,11,13,15,18,23,30,31>4,13,15,22,23,26,2,3,34
2,3,4,34,39,11,13,15,18,23,30,31>4,39,13,15,22,26,31,2,3,34
2,3,4,34,39,11,13,15,18,23,30,31>4,40,13,15,18,22,23,2,3,34
2,3,4,34,39,11,13,15,18,23,30,31>35,39,11,13,17,23,26,30,2,3,34
2,3,4,34,39,11,13,15,18,23,30,31>35,40,11,13,14,15,16,17,18,22,23,30,2,3,34
2,3,4,34,39,11,13,15,18,23,30,31>4,39,40,11,13,14,15,17,23,2,3,34
1,2,3,5,7,8,10,15,19,20,21,22,24,25,27,28,29,30,31,32,33,35,38>4,36,10,15,39,40,18,19,21,22,32,1,2,3,33,5,35,20,24,25,27,28,29,31
1,2,3,5,7,8,10,15,19,20,21,22,24,25,27,28,29,30,31,32,33,35,38>4,36,8,38,19,21,30,32,1,2,3,33,5,35,20,24,25,27,28,29,31
1,2,3,5,7,8,10,15,19,20,21,22,24,25,27,28,29,30,31,32,33,35,38>4,36,8,9,10,11,12,13,15,39,18,19,21,22,23,32,1,2,3,33,5,35,20,24,25,27,28,29,31
1,2,3,5,7,8,10,15,19,20,21,22,24,25,27,28,29,30,31,32,33,35,38>4,7,8,9,12,38,15,39,19,21,23,32,1,2,3,33,5,35,20,24,25,27,28,29,31
1,2,3,5,7,8,10,15,19,20,21,22,24,25,27,28,29,30,31,32,33,35,38>4,36,7,8,9,11,12,38,39,21,22,30,32,1,2,3,33,5,35,20,24,25,27,28,29,31
1,2,3,5,7,8,10,15,19,20,21,22,24,25,27,28,29,30,31,32,33,35,38>4,36,37,7,8,9,12,13,15,39,21,32,1,2,3,33,5,35,20,24,25,27,28,29,31
33,4,5,36,7,8,39,10,40,12,13,17,18,21,23,25,26,30,31>33,9,12,18,21,22,27,31,36,5,39,40,13,17,26,30
33,4,5,36,7,8,39,10,40,12,13,17,18,21,23,25,26,30,31>34,4,8,9,11,12,14,16,18,20,25,36,5,39,40,13,17,26,30
33,4,5,36,7,8,39,10,40,12,13,17,18,21,23,25,26,30,31>34,4,11,14,21,23,25,36,5,39,40,13,17,26,30
33,4,5,36,7,8,39,10,40,12,13,17,18,21,23,25,26,30,31>33,35,4,9,11,12,14,16,23,25,27,36,5,39,40,13,17,26,30
33,4,5,36,7,8,39,10,40,12,13,17,18,21,23,25,26,30,31>33,35,4,7,8,9,10,12,18,22,25,27,31,36,5,39,40,13,17,26,30
33,4,5,36,7,8,39,10,40,12,13,17,18,21,23,25,26,30,31>34,35,4,7,9,10,12,14,23,27,31,36,5,39,40,13,17,26,30
1,6,8,9,10,12,13,14,16,17,18,19,20,23,25,28,29,31,32,33,34,36,38,40>32,7,9,15,19,22,24,27,28,1,33,36,38,8,10,13,14,16,17,18,20,23
1,6,8,9,10,12,13,14,16,17,18,19,20,23,25,28,29,31,32,33,34,36,38,40>32,35,7,40,9,11,12,19,22,27,29,1,33,36,38,8,10,13,14,16,17,18,20,23
1,6,8,9,10,12,13,14,16,17,18,19,20,23,25,28,29,31,32,33,34,36,38,40>34,5,7,11,12,15,22,24,28,1,33,36,38,8,10,13,14,16,17,18,20,23
1,6,8,9,10,12,13,14,16,17,18,19,20,23,25,28,29,31,32,33,34,36,38,40>34,5,40,9,19,22,24,25,1,33,36,38,8,10,13,14,16,17,18,20,23
1,6,8,9,10,12,13,14,16,17,18,19,20,23,25,28,29,31,32,33,34,36,38,40>6,7,40,9,12,22,24,28,29,31,1,33,36,38,8,10,13,14,16,17,18,20,23
1,6,8,9,10,12,13,14,16,17,18,19,20,23,25,28,29,31,32,33,34,36,38,40>32,34,35,6,7,9,11,12,15,19,25,29,1,33,36,38,8,10,13,14,16,17,18,20,23
2,3,5,7,9,11,12,13,15,16,17,20,22,24,25,28,29,30,31,35,39>15,7,31,12,2,3,35,5,39,9,16,17,20,24,25,28,29
2,3,5,7,9,11,12,13,15,16,17,20,22,24,25,28,29,30,31,35,39>14,7,40,12,2,3,35,5,39,9,16,17,20,24,25,28,29
2,3,5,7,9,11,12,13,15,16,17,20,22,24,25,28,29,30,31,35,39>33,11,12,13,22,27,30,2,3,35,5,39,9,16,17,20,24,25,28,29
2,3,5,7,9,11,12,13,15,16,17,20,22,24,25,28,29,30,31,35,39>37,11,12,14,31,2,3,35,5,39,9,16,17,20,24,25,28,29
2,3,5,7,9,11,12,13,15,16,17,20,22,24,25,28,29,30,31,35,39>7,11,14,22,30,31,2,3,35,5,39,9,16,17,20,24,25,28,29
2,3,5,7,9,11,12,13,15,16,17,20,22,24,25,28,29,30,31,35,39>7,40,11,13,27,2,3,35,5,39,9,16,17,20,24,25,28,29
