CD45,CD8,TCRlig,TCbind,PAGCsk,LCK,Fyn,Rlk,TCRphos,ZAP70,cCbl,Itk,LAT,Gads,Slp76,PLCg_b,Grb2Sos,DAG,PLCg_a,Ras,RasGRP1,PKCth,IP3,Raf,MEK,Ca,ERK,SEK,IKK,Calcin,Rsk,Fos,JNK,IkB,CREB,Jun,CRE,AP1,NFkB,NFAT
32,1,2,3,35,5,6,10,11,13,19,21,22,26>6,7,10,17,18,20,23,28,29,32,34,35,39,1,2,3,5,11,13
32,1,2,3,35,5,6,10,11,13,19,21,22,26>7,8,10,16,18,19,20,21,22,23,28,29,30,34,1,2,3,5,11,13
32,1,2,3,35,5,6,10,11,13,19,21,22,26>6,8,14,16,17,18,26,32,34,35,1,2,3,5,11,13
32,1,2,3,35,5,6,10,11,13,19,21,22,26>7,8,14,16,18,20,21,22,26,29,30,32,34,1,2,3,5,11,13
32,1,2,3,35,5,6,10,11,13,19,21,22,26>10,14,20,21,30,34,39,1,2,3,5,11,13
32,1,2,3,35,5,6,10,11,13,19,21,22,26>6,7,8,10,14,16,19,20,21,22,23,26,29,30,32,35,37,39,1,2,3,5,11,13
32,1,2,4,5,37,38,39,9,40,13,16,20,22,25,26,29,30>32,4,5,38,9,14,17,24,25,26,28,1,2,39,40,16,29,30
32,1,2,4,5,37,38,39,9,40,13,16,20,22,25,26,29,30>37,38,13,20,25,27,1,2,39,40,16,29,30
32,1,2,4,5,37,38,39,9,40,13,16,20,22,25,26,29,30>5,37,38,22,24,26,28,1,2,39,40,16,29,30
32,1,2,4,5,37,38,39,9,40,13,16,20,22,25,26,29,30>4,5,37,14,17,20,22,27,28,1,2,39,40,16,29,30
32,1,2,4,5,37,38,39,9,40,13,16,20,22,25,26,29,30>4,7,13,14,17,20,24,25,26,27,1,2,39,40,16,29,30
32,1,2,4,5,37,38,39,9,40,13,16,20,22,25,26,29,30>32,5,7,9,22,25,1,2,39,40,16,29,30
2,3,4,5,7,8,9,10,11,12,13,15,16,17,18,21,23,24,25,28,31,34,38,40>8,15,19,20,21,23,26,28,33,35,38,40,2,3,34,5,9,11,12,13,16,17,25
2,3,4,5,7,8,9,10,11,12,13,15,16,17,18,21,23,24,25,28,31,34,38,40>4,7,8,15,19,20,21,22,26,31,33,38,2,3,34,5,9,11,12,13,16,17,25
2,3,4,5,7,8,9,10,11,12,13,15,16,17,18,21,23,24,25,28,31,34,38,40>4,7,10,15,18,21,23,28,35,40,2,3,34,5,9,11,12,13,16,17,25
2,3,4,5,7,8,9,10,11,12,13,15,16,17,18,21,23,24,25,28,31,34,38,40>4,8,10,22,26,27,28,31,33,38,2,3,34,5,9,11,12,13,16,17,25
2,3,4,5,7,8,9,10,11,12,13,15,16,17,18,21,23,24,25,28,31,34,38,40>4,7,8,14,18,19,20,21,24,26,28,31,35,40,2,3,34,5,9,11,12,13,16,17,25
2,3,4,5,7,8,9,10,11,12,13,15,16,17,18,21,23,24,25,28,31,34,38,40>4,8,10,14,18,19,22,23,24,27,33,35,38,2,3,34,5,9,11,12,13,16,17,25
33,2,36,5,6,7,38,9,39,11,12,13,16,20,23,25,31>33,12,14,23,24,25,2,36,5,39,9,16
33,2,36,5,6,7,38,9,39,11,12,13,16,20,23,25,31>33,34,38,11,12,14,17,24,25,26,27,31,2,36,5,39,9,16
33,2,36,5,6,7,38,9,39,11,12,13,16,20,23,25,31>35,6,11,13,20,24,25,26,31,2,36,5,39,9,16
33,2,36,5,6,7,38,9,39,11,12,13,16,20,23,25,31>33,35,7,8,12,17,23,24,26,31,2,36,5,39,9,16
33,2,36,5,6,7,38,9,39,11,12,13,16,20,23,25,31>33,34,35,7,8,11,12,14,20,24,25,26,31,2,36,5,39,9,16
33,2,36,5,6,7,38,9,39,11,12,13,16,20,23,25,31>33,34,6,7,38,11,12,17,23,26,31,2,36,5,39,9,16
2,5,7,9,10,11,13,15,18,19,24,26,27,28,29,30,31,33,34,35,36,38,40>32,34,12,15,16,17,22,24,25,26,33,2,35,36,5,40,9,11,13,18,30,31
2,5,7,9,10,11,13,15,18,19,24,26,27,28,29,30,31,33,34,35,36,38,40>37,15,22,23,28,33,2,35,36,5,40,9,11,13,18,30,31
2,5,7,9,10,11,13,15,18,19,24,26,27,28,29,30,31,33,34,35,36,38,40>32,37,12,14,15,16,17,23,24,25,27,29,33,2,35,36,5,40,9,11,13,18,30,31
2,5,7,9,10,11,13,15,18,19,24,26,27,28,29,30,31,33,34,35,36,38,40>32,7,15,16,17,19,26,27,29,33,2,35,36,5,40,9,11,13,18,30,31
2,5,7,9,10,11,13,15,18,19,24,26,27,28,29,30,31,33,34,35,36,38,40>37,38,7,10,12,17,19,22,24,33,2,35,36,5,40,9,11,13,18,30,31
2,5,7,9,10,11,13,15,18,19,24,26,27,28,29,30,31,33,34,35,36,38,40>32,37,38,7,12,15,17,22,23,26,27,33,2,35,36,5,40,9,11,13,18,30,31
33,2,34,4,37,7,39,9,40,12,15,16,17,19,20,21,23,26,29>37,15,16,17,18,29,30,2,9,20,23,26
33,2,34,4,37,7,39,9,40,12,15,16,17,19,20,21,23,26,29>33,7,16,18,21,29,30,2,9,20,23,26
33,2,34,4,37,7,39,9,40,12,15,16,17,19,20,21,23,26,29>33,5,7,37,12,15,18,19,21,24,2,9,20,23,26
33,2,34,4,37,7,39,9,40,12,15,16,17,19,20,21,23,26,29>4,36,7,37,40,12,18,24,30,2,9,20,23,26
33,2,34,4,37,7,39,9,40,12,15,16,17,19,20,21,23,26,29>33,4,36,7,37,39,15,16,17,19,21,24,30,2,9,20,23,26
33,2,34,4,37,7,39,9,40,12,15,16,17,19,20,21,23,26,29>34,4,5,36,39,16,17,18,21,2,9,20,23,26
32,1,33,35,4,5,6,37,40,9,11,12,17,19,20,21,28,29,31>32,5,8,36,39,40,17,18,19,21,23,29,31,1,33,35,37,9,20
32,1,33,35,4,5,6,37,40,9,11,12,17,19,20,21,28,29,31>5,6,39,11,12,40,17,19,24,29,1,33,35,37,9,20
32,1,33,35,4,5,6,37,40,9,11,12,17,19,20,21,28,29,31>7,8,11,40,19,21,29,31,1,33,35,37,9,20
32,1,33,35,4,5,6,37,40,9,11,12,17,19,20,21,28,29,31>32,4,7,8,12,40,17,18,21,23,24,28,29,31,1,33,35,37,9,20
32,1,33,35,4,5,6,37,40,9,11,12,17,19,20,21,28,29,31>32,4,7,11,12,40,17,19,21,23,31,1,33,35,37,9,20
32,1,33,35,4,5,6,37,40,9,11,12,17,19,20,21,28,29,31>32,4,5,6,7,11,12,19,24,31,1,33,35,37,9,20
1,2,3,5,6,7,9,10,11,13,14,15,16,17,18,20,21,31,32,35,38>32,8,39,12,21,24,31,1,2,3,35,5,7,9,11,13,14,15,16,17,20
1,2,3,5,6,7,9,10,11,13,14,15,16,17,18,20,21,31,32,35,38>32,34,37,8,39,12,18,22,24,31,1,2,3,35,5,7,9,11,13,14,15,16,17,20
1,2,3,5,6,7,9,10,11,13,14,15,16,17,18,20,21,31,32,35,38>32,34,6,38,8,39,10,22,31,1,2,3,35,5,7,9,11,13,14,15,16,17,20
1,2,3,5,6,7,9,10,11,13,14,15,16,17,18,20,21,31,32,35,38>34,37,38,12,18,22,24,1,2,3,35,5,7,9,11,13,14,15,16,17,20
1,2,3,5,6,7,9,10,11,13,14,15,16,17,18,20,21,31,32,35,38>32,34,6,38,8,39,10,12,22,24,1,2,3,35,5,7,9,11,13,14,15,16,17,20
1,2,3,5,6,7,9,10,11,13,14,15,16,17,18,20,21,31,32,35,38>37,6,38,8,39,12,18,21,24,31,1,2,3,35,5,7,9,11,13,14,15,16,17,20
33,34,35,36,5,6,38,40,9,11,13,16,22,24,25,31>40,14,17,22,24,27,28,29,31,34,35,36,5,16,25
33,34,35,36,5,6,38,40,9,11,13,16,22,24,25,31>38,9,40,11,14,22,27,28,31,34,35,36,5,16,25
33,34,35,36,5,6,38,40,9,11,13,16,22,24,25,31>37,38,14,17,27,31,34,35,36,5,16,25
33,34,35,36,5,6,38,40,9,11,13,16,22,24,25,31>33,37,8,17,22,24,27,29,34,35,36,5,16,25
33,34,35,36,5,6,38,40,9,11,13,16,22,24,25,31>6,8,40,11,17,24,27,28,29,34,35,36,5,16,25
33,34,35,36,5,6,38,40,9,11,13,16,22,24,25,31>6,38,8,9,40,13,14,24,28,34,35,36,5,16,25
33,34,35,4,5,36,37,38,40,11,12,14,16,17,19,22,23,26,30>33,35,11,14,15,17,18,19,22,34,36,37,40,23,26,30
33,34,35,4,5,36,37,38,40,11,12,14,16,17,19,22,23,26,30>33,4,11,14,16,17,20,22,28,29,34,36,37,40,23,26,30
33,34,35,4,5,36,37,38,40,11,12,14,16,17,19,22,23,26,30>33,35,4,11,12,14,15,18,19,28,34,36,37,40,23,26,30
33,34,35,4,5,36,37,38,40,11,12,14,16,17,19,22,23,26,30>4,38,11,14,15,17,18,28,29,34,36,37,40,23,26,30
33,34,35,4,5,36,37,38,40,11,12,14,16,17,19,22,23,26,30>33,4,38,11,12,15,19,22,34,36,37,40,23,26,30
33,34,35,4,5,36,37,38,40,11,12,14,16,17,19,22,23,26,30>33,35,4,5,38,11,16,17,18,19,29,34,36,37,40,23,26,30
32,1,33,3,4,36,6,8,9,10,12,17,19,20,21,24,29,30,31>33,35,38,11,12,19,21,23,29,30,31,1,3,4,36,8,9,10,20,24
32,1,33,3,4,36,6,8,9,10,12,17,19,20,21,24,29,30,31>33,35,38,11,12,17,19,21,29,30,1,3,4,36,8,9,10,20,24
32,1,33,3,4,36,6,8,9,10,12,17,19,20,21,24,29,30,31>33,6,39,40,17,18,21,23,25,29,1,3,4,36,8,9,10,20,24
32,1,33,3,4,36,6,8,9,10,12,17,19,20,21,24,29,30,31>33,35,6,38,39,40,13,19,25,30,31,1,3,4,36,8,9,10,20,24
32,1,33,3,4,36,6,8,9,10,12,17,19,20,21,24,29,30,31>33,35,6,11,12,17,19,31,1,3,4,36,8,9,10,20,24
32,1,33,3,4,36,6,8,9,10,12,17,19,20,21,24,29,30,31>32,33,35,6,38,40,11,12,13,17,25,29,30,1,3,4,36,8,9,10,20,24
32,1,2,3,34,5,36,7,8,38,39,13,18,20,23,29,31>7,14,16,18,20,23,24,26,31,32,35,39,1,2,3,5,38
32,1,2,3,34,5,36,7,8,38,39,13,18,20,23,29,31>4,7,9,14,16,20,23,26,29,31,35,1,2,3,5,38
32,1,2,3,34,5,36,7,8,38,39,13,18,20,23,29,31>8,9,18,20,22,24,1,2,3,5,38
32,1,2,3,34,5,36,7,8,38,39,13,18,20,23,29,31>7,8,13,16,17,20,22,23,24,26,32,35,1,2,3,5,38
32,1,2,3,34,5,36,7,8,38,39,13,18,20,23,29,31>7,8,9,13,14,17,18,23,26,32,34,36,39,1,2,3,5,38
32,1,2,3,34,5,36,7,8,38,39,13,18,20,23,29,31>4,7,8,9,13,18,20,22,23,31,34,39,1,2,3,5,38
1,2,5,8,10,11,12,13,14,16,20,21,24,25,26,29,30,32,36,38,40>32,36,12,15,17,27,29,1,2,5,38,40,11,13,14,16,20,24,25,30
1,2,5,8,10,11,12,13,14,16,20,21,24,25,26,29,30,32,36,38,40>36,39,12,17,27,1,2,5,38,40,11,13,14,16,20,24,25,30
1,2,5,8,10,11,12,13,14,16,20,21,24,25,26,29,30,32,36,38,40>32,36,39,8,12,15,27,29,1,2,5,38,40,11,13,14,16,20,24,25,30
1,2,5,8,10,11,12,13,14,16,20,21,24,25,26,29,30,32,36,38,40>32,36,39,8,12,17,21,1,2,5,38,40,11,13,14,16,20,24,25,30
1,2,5,8,10,11,12,13,14,16,20,21,24,25,26,29,30,32,36,38,40>36,10,12,15,21,27,1,2,5,38,40,11,13,14,16,20,24,25,30
1,2,5,8,10,11,12,13,14,16,20,21,24,25,26,29,30,32,36,38,40>32,39,8,10,1,2,5,38,40,11,13,14,16,20,24,25,30
1,2,6,8,9,10,11,12,13,14,16,17,19,21,22,24,26,27,28,31,37,39,40>7,18,19,21,23,24,25,29,30,37,1,2,6,39,8,11,13,14,16,17,28,31
1,2,6,8,9,10,11,12,13,14,16,17,19,21,22,24,26,27,28,31,37,39,40>9,10,15,18,21,22,23,25,29,32,40,1,2,6,39,8,11,13,14,16,17,28,31
1,2,6,8,9,10,11,12,13,14,16,17,19,21,22,24,26,27,28,31,37,39,40>5,7,9,10,15,18,19,21,22,23,25,26,33,37,1,2,6,39,8,11,13,14,16,17,28,31
1,2,6,8,9,10,11,12,13,14,16,17,19,21,22,24,26,27,28,31,37,39,40>5,7,12,19,20,23,26,27,35,37,1,2,6,39,8,11,13,14,16,17,28,31
1,2,6,8,9,10,11,12,13,14,16,17,19,21,22,24,26,27,28,31,37,39,40>9,12,15,19,20,21,32,33,34,35,37,1,2,6,39,8,11,13,14,16,17,28,31
1,2,6,8,9,10,11,12,13,14,16,17,19,21,22,24,26,27,28,31,37,39,40>5,9,12,15,19,23,25,26,27,30,32,34,35,37,1,2,6,39,8,11,13,14,16,17,28,31
32,1,34,3,36,5,38,7,8,13,16,17,19,22,23,25,26,31>35,9,19,20,27,29,30,31,1,34,3,5,38,16,17,23,26
32,1,34,3,36,5,38,7,8,13,16,17,19,22,23,25,26,31>4,13,14,18,27,1,34,3,5,38,16,17,23,26
32,1,34,3,36,5,38,7,8,13,16,17,19,22,23,25,26,31>35,7,8,9,13,14,20,25,28,31,1,34,3,5,38,16,17,23,26
32,1,34,3,36,5,38,7,8,13,16,17,19,22,23,25,26,31>32,4,7,8,14,22,29,30,1,34,3,5,38,16,17,23,26
32,1,34,3,36,5,38,7,8,13,16,17,19,22,23,25,26,31>32,35,4,7,8,18,19,20,25,27,28,30,31,1,34,3,5,38,16,17,23,26
32,1,34,3,36,5,38,7,8,13,16,17,19,22,23,25,26,31>32,35,4,36,7,9,13,14,19,20,22,25,29,30,1,34,3,5,38,16,17,23,26
2,5,7,9,10,12,14,16,17,18,22,23,24,25,26,27,28,30,34,36,37,39,40>10,15,16,17,20,24,29,31,32,33,39,2,34,5,40,9,22,25,26,27,28,30
2,5,7,9,10,12,14,16,17,18,22,23,24,25,26,27,28,30,34,36,37,39,40>7,11,14,24,31,37,39,2,34,5,40,9,22,25,26,27,28,30
2,5,7,9,10,12,14,16,17,18,22,23,24,25,26,27,28,30,34,36,37,39,40>7,10,12,16,21,23,29,31,32,37,2,34,5,40,9,22,25,26,27,28,30
2,5,7,9,10,12,14,16,17,18,22,23,24,25,26,27,28,30,34,36,37,39,40>10,11,12,15,16,17,18,31,32,39,2,34,5,40,9,22,25,26,27,28,30
2,5,7,9,10,12,14,16,17,18,22,23,24,25,26,27,28,30,34,36,37,39,40>7,10,13,15,16,17,21,23,31,32,36,37,2,34,5,40,9,22,25,26,27,28,30
2,5,7,9,10,12,14,16,17,18,22,23,24,25,26,27,28,30,34,36,37,39,40>7,10,11,13,15,17,23,32,33,36,37,39,2,34,5,40,9,22,25,26,27,28,30
34,3,4,36,6,37,8,9,39,15,17,18,21,22,24,28,29>18,20,39,10,3,4,8,9,21,22,28,29
34,3,4,36,6,37,8,9,39,15,17,18,21,22,24,28,29>33,24,25,39,3,4,8,9,21,22,28,29
34,3,4,36,6,37,8,9,39,15,17,18,21,22,24,28,29>34,36,10,15,18,20,25,3,4,8,9,21,22,28,29
34,3,4,36,6,37,8,9,39,15,17,18,21,22,24,28,29>33,34,37,10,15,17,18,20,3,4,8,9,21,22,28,29
34,3,4,36,6,37,8,9,39,15,17,18,21,22,24,28,29>34,36,6,39,10,17,24,3,4,8,9,21,22,28,29
34,3,4,36,6,37,8,9,39,15,17,18,21,22,24,28,29>33,37,6,10,18,24,25,3,4,8,9,21,22,28,29
2,3,5,7,8,11,13,14,15,16,18,20,21,22,23,24,27,28,30,31,32,33,35,36,38,39>34,37,7,11,13,17,18,26,27,29,32,33,2,3,35,5,36,38,39,14,15,16,20,21,22,24,28,31
2,3,5,7,8,11,13,14,15,16,18,20,21,22,23,24,27,28,30,31,32,33,35,36,38,39>34,37,8,11,13,29,30,32,33,2,3,35,5,36,38,39,14,15,16,20,21,22,24,28,31
2,3,5,7,8,11,13,14,15,16,18,20,21,22,23,24,27,28,30,31,32,33,35,36,38,39>34,37,9,11,17,18,23,25,26,32,33,2,3,35,5,36,38,39,14,15,16,20,21,22,24,28,31
2,3,5,7,8,11,13,14,15,16,18,20,21,22,23,24,27,28,30,31,32,33,35,36,38,39>34,37,9,13,17,26,27,32,33,2,3,35,5,36,38,39,14,15,16,20,21,22,24,28,31
2,3,5,7,8,11,13,14,15,16,18,20,21,22,23,24,27,28,30,31,32,33,35,36,38,39>8,9,25,27,30,32,33,2,3,35,5,36,38,39,14,15,16,20,21,22,24,28,31
2,3,5,7,8,11,13,14,15,16,18,20,21,22,23,24,27,28,30,31,32,33,35,36,38,39>7,8,9,40,18,25,32,33,2,3,35,5,36,38,39,14,15,16,20,21,22,24,28,31
32,1,7,8,40,10,11,12,13,14,15,20,22,26,27,30,31>34,5,9,16,27,28,29,32,1,40,11,12,13,14,15,30,31
32,1,7,8,40,10,11,12,13,14,15,20,22,26,27,30,31>35,5,9,10,16,17,20,22,24,26,27,28,32,1,40,11,12,13,14,15,30,31
32,1,7,8,40,10,11,12,13,14,15,20,22,26,27,30,31>34,35,5,7,39,16,17,22,24,26,27,32,1,40,11,12,13,14,15,30,31
32,1,7,8,40,10,11,12,13,14,15,20,22,26,27,30,31>34,8,9,39,24,32,1,40,11,12,13,14,15,30,31
32,1,7,8,40,10,11,12,13,14,15,20,22,26,27,30,31>5,8,9,16,17,24,27,29,32,1,40,11,12,13,14,15,30,31
32,1,7,8,40,10,11,12,13,14,15,20,22,26,27,30,31>34,35,5,8,9,10,16,17,20,22,28,32,1,40,11,12,13,14,15,30,31
1,34,35,4,7,40,12,13,14,17,18,21,22,24,25,26,31>5,12,20,27,29,31,1,34,35,7,14,17,21,22,25
1,34,35,4,7,40,12,13,14,17,18,21,22,24,25,26,31>4,5,40,9,12,13,16,18,26,28,1,34,35,7,14,17,21,22,25
1,34,35,4,7,40,12,13,14,17,18,21,22,24,25,26,31>5,37,13,16,18,20,27,28,29,30,1,34,35,7,14,17,21,22,25
1,34,35,4,7,40,12,13,14,17,18,21,22,24,25,26,31>4,40,12,16,29,30,31,1,34,35,7,14,17,21,22,25
1,34,35,4,7,40,12,13,14,17,18,21,22,24,25,26,31>4,37,9,15,16,26,28,29,30,31,1,34,35,7,14,17,21,22,25
1,34,35,4,7,40,12,13,14,17,18,21,22,24,25,26,31>4,5,40,9,12,13,26,28,31,1,34,35,7,14,17,21,22,25
3,5,7,8,11,13,14,15,16,21,22,23,26,27,29,30,31,32,33,36,37,38,40>33,35,37,8,9,17,20,21,22,23,32,3,36,5,38,40,14,15,16,26,29,30,31
3,5,7,8,11,13,14,15,16,21,22,23,26,27,29,30,31,32,33,36,37,38,40>33,7,39,11,13,22,32,3,36,5,38,40,14,15,16,26,29,30,31
3,5,7,8,11,13,14,15,16,21,22,23,26,27,29,30,31,32,33,36,37,38,40>8,9,11,17,21,27,32,3,36,5,38,40,14,15,16,26,29,30,31
3,5,7,8,11,13,14,15,16,21,22,23,26,27,29,30,31,32,33,36,37,38,40>33,8,11,13,20,21,22,27,28,32,3,36,5,38,40,14,15,16,26,29,30,31
3,5,7,8,11,13,14,15,16,21,22,23,26,27,29,30,31,32,33,36,37,38,40>33,35,8,9,39,11,28,32,3,36,5,38,40,14,15,16,26,29,30,31
3,5,7,8,11,13,14,15,16,21,22,23,26,27,29,30,31,32,33,36,37,38,40>33,35,37,8,39,11,13,17,20,21,22,28,32,3,36,5,38,40,14,15,16,26,29,30,31
1,3,5,6,7,8,9,10,14,15,16,21,22,24,25,26,27,32,33,34,37,39>4,14,20,24,29,30,31,33,36,32,1,34,3,5,7,8,9,10,15,25,27
1,3,5,6,7,8,9,10,14,15,16,21,22,24,25,26,27,32,33,34,37,39>4,6,14,16,19,20,24,26,29,31,32,1,34,3,5,7,8,9,10,15,25,27
1,3,5,6,7,8,9,10,14,15,16,21,22,24,25,26,27,32,33,34,37,39>11,12,21,22,28,29,31,36,37,32,1,34,3,5,7,8,9,10,15,25,27
1,3,5,6,7,8,9,10,14,15,16,21,22,24,25,26,27,32,33,34,37,39>4,6,11,12,21,22,29,31,33,37,39,32,1,34,3,5,7,8,9,10,15,25,27
1,3,5,6,7,8,9,10,14,15,16,21,22,24,25,26,27,32,33,34,37,39>4,6,13,14,20,21,24,30,31,39,32,1,34,3,5,7,8,9,10,15,25,27
1,3,5,6,7,8,9,10,14,15,16,21,22,24,25,26,27,32,33,34,37,39>6,11,12,13,21,24,26,36,39,32,1,34,3,5,7,8,9,10,15,25,27
32,1,2,34,35,5,6,7,8,37,39,14,16,19,20,22,23,24>32,14,20,25,29,1,2,34,5,37,7,8,23,24
32,1,2,34,35,5,6,7,8,37,39,14,16,19,20,22,23,24>35,14,16,18,28,1,2,34,5,37,7,8,23,24
32,1,2,34,35,5,6,7,8,37,39,14,16,19,20,22,23,24>32,6,14,18,22,25,26,28,1,2,34,5,37,7,8,23,24
32,1,2,34,35,5,6,7,8,37,39,14,16,19,20,22,23,24>32,35,9,15,16,18,19,20,26,28,29,1,2,34,5,37,7,8,23,24
32,1,2,34,35,5,6,7,8,37,39,14,16,19,20,22,23,24>39,9,14,16,22,26,28,1,2,34,5,37,7,8,23,24
32,1,2,34,35,5,6,7,8,37,39,14,16,19,20,22,23,24>35,39,9,15,22,26,1,2,34,5,37,7,8,23,24
5,38,7,40,10,11,12,13,17,19,25,29>7,39,40,12,14,16,18,19,23,29,17,13,11,5
5,38,7,40,10,11,12,13,17,19,25,29>9,12,14,18,20,23,17,13,11,5
5,38,7,40,10,11,12,13,17,19,25,29>38,7,39,9,40,14,18,19,20,25,17,13,11,5
5,38,7,40,10,11,12,13,17,19,25,29>38,39,10,19,23,27,29,17,13,11,5
5,38,7,40,10,11,12,13,17,19,25,29>38,7,9,10,40,14,20,23,25,27,17,13,11,5
5,38,7,40,10,11,12,13,17,19,25,29>7,39,9,10,14,16,18,20,25,29,17,13,11,5
32,1,4,37,6,8,9,10,14,17,18,21,22,23,26,27,29,31>4,13,14,15,23,27,30,32,1,8,9,10,21,22,26,29,31
32,1,4,37,6,8,9,10,14,17,18,21,22,23,26,27,29,31>4,37,6,39,17,18,30,32,1,8,9,10,21,22,26,29,31
32,1,4,37,6,8,9,10,14,17,18,21,22,23,26,27,29,31>4,7,39,17,18,27,28,30,32,1,8,9,10,21,22,26,29,31
32,1,4,37,6,8,9,10,14,17,18,21,22,23,26,27,29,31>35,37,7,39,14,18,23,27,30,32,1,8,9,10,21,22,26,29,31
32,1,4,37,6,8,9,10,14,17,18,21,22,23,26,27,29,31>6,7,39,13,14,17,18,20,23,30,32,1,8,9,10,21,22,26,29,31
32,1,4,37,6,8,9,10,14,17,18,21,22,23,26,27,29,31>35,4,6,7,13,15,18,27,30,32,1,8,9,10,21,22,26,29,31
1,2,5,8,9,10,11,12,13,14,15,16,19,21,24,25,28,29,30,31,32,34,36,38,40>10,21,23,24,27,28,29,1,2,5,38,40,11,12,13,14,15,16,19,25
1,2,5,8,9,10,11,12,13,14,15,16,19,21,24,25,28,29,30,31,32,34,36,38,40>33,34,8,10,18,23,28,29,31,1,2,5,38,40,11,12,13,14,15,16,19,25
1,2,5,8,9,10,11,12,13,14,15,16,19,21,24,25,28,29,30,31,32,34,36,38,40>33,35,9,10,17,23,31,1,2,5,38,40,11,12,13,14,15,16,19,25
1,2,5,8,9,10,11,12,13,14,15,16,19,21,24,25,28,29,30,31,32,34,36,38,40>32,34,36,20,23,29,1,2,5,38,40,11,12,13,14,15,16,19,25
1,2,5,8,9,10,11,12,13,14,15,16,19,21,24,25,28,29,30,31,32,34,36,38,40>34,35,36,9,10,17,18,20,21,27,28,30,31,1,2,5,38,40,11,12,13,14,15,16,19,25
1,2,5,8,9,10,11,12,13,14,15,16,19,21,24,25,28,29,30,31,32,34,36,38,40>32,34,35,36,8,9,10,17,20,27,28,29,30,1,2,5,38,40,11,12,13,14,15,16,19,25
1,2,3,4,33,34,36,8,38,39,11,40,13,15,19,20,21,23,27,31>4,6,7,11,17,18,24,26,27,33,35,40,1,2,3,34,36,20,23,31
1,2,3,4,33,34,36,8,38,39,11,40,13,15,19,20,21,23,27,31>4,6,7,15,17,18,19,21,27,35,39,1,2,3,34,36,20,23,31
1,2,3,4,33,34,36,8,38,39,11,40,13,15,19,20,21,23,27,31>4,6,7,8,15,16,17,18,21,26,27,38,40,1,2,3,34,36,20,23,31
1,2,3,4,33,34,36,8,38,39,11,40,13,15,19,20,21,23,27,31>11,13,14,17,18,21,27,32,33,35,39,40,1,2,3,34,36,20,23,31
1,2,3,4,33,34,36,8,38,39,11,40,13,15,19,20,21,23,27,31>4,6,7,11,15,18,19,21,26,33,35,38,1,2,3,34,36,20,23,31
1,2,3,4,33,34,36,8,38,39,11,40,13,15,19,20,21,23,27,31>4,7,8,11,13,17,19,24,27,32,39,40,1,2,3,34,36,20,23,31
1,3,4,5,8,10,11,12,13,14,16,17,18,19,23,24,26,29,35,36,37,38>4,5,38,10,12,22,25,29,1,3,37,11,13,14,16,17,18,23,26
1,3,4,5,8,10,11,12,13,14,16,17,18,19,23,24,26,29,35,36,37,38>4,36,8,38,10,15,19,20,22,30,1,3,37,11,13,14,16,17,18,23,26
1,3,4,5,8,10,11,12,13,14,16,17,18,19,23,24,26,29,35,36,37,38>35,7,8,10,15,19,29,1,3,37,11,13,14,16,17,18,23,26
1,3,4,5,8,10,11,12,13,14,16,17,18,19,23,24,26,29,35,36,37,38>35,5,7,38,20,24,25,29,1,3,37,11,13,14,16,17,18,23,26
1,3,4,5,8,10,11,12,13,14,16,17,18,19,23,24,26,29,35,36,37,38>35,36,7,39,15,20,1,3,37,11,13,14,16,17,18,23,26
1,3,4,5,8,10,11,12,13,14,16,17,18,19,23,24,26,29,35,36,37,38>5,36,7,8,10,15,19,29,1,3,37,11,13,14,16,17,18,23,26
1,3,4,6,8,14,16,17,18,21,23,24,27,29,32,34,36,37,38,39,40>16,17,21,23,24,27,29,34,39,32,1,3,4,38,8
1,3,4,6,8,14,16,17,18,21,23,24,27,29,32,34,36,37,38,39,40>6,16,21,23,24,37,32,1,3,4,38,8
1,3,4,6,8,14,16,17,18,21,23,24,27,29,32,34,36,37,38,39,40>6,9,14,21,23,25,26,27,29,31,36,39,32,1,3,4,38,8
1,3,4,6,8,14,16,17,18,21,23,24,27,29,32,34,36,37,38,39,40>6,7,9,15,16,20,22,23,25,27,29,39,32,1,3,4,38,8
1,3,4,6,8,14,16,17,18,21,23,24,27,29,32,34,36,37,38,39,40>6,7,9,15,17,18,23,34,37,32,1,3,4,38,8
1,3,4,6,8,14,16,17,18,21,23,24,27,29,32,34,36,37,38,39,40>6,7,9,14,15,16,20,21,23,24,26,27,29,34,32,1,3,4,38,8
1,5,7,8,10,12,13,15,17,19,21,23,24,25,26,27,30,31,32,35,36,40>38,9,10,11,14,18,24,32,1,35,5,40,12,13,17,23,25,26,27,30,31
1,5,7,8,10,12,13,15,17,19,21,23,24,25,26,27,30,31,32,35,36,40>36,38,9,39,14,19,32,1,35,5,40,12,13,17,23,25,26,27,30,31
1,5,7,8,10,12,13,15,17,19,21,23,24,25,26,27,30,31,32,35,36,40>37,38,8,9,11,39,18,21,32,1,35,5,40,12,13,17,23,25,26,27,30,31
1,5,7,8,10,12,13,15,17,19,21,23,24,25,26,27,30,31,32,35,36,40>34,36,7,9,39,14,15,16,18,20,32,1,35,5,40,12,13,17,23,25,26,27,30,31
1,5,7,8,10,12,13,15,17,19,21,23,24,25,26,27,30,31,32,35,36,40>34,37,7,8,14,16,19,32,1,35,5,40,12,13,17,23,25,26,27,30,31
1,5,7,8,10,12,13,15,17,19,21,23,24,25,26,27,30,31,32,35,36,40>34,36,38,7,9,10,14,19,21,24,32,1,35,5,40,12,13,17,23,25,26,27,30,31
35,4,5,37,7,8,9,39,11,12,13,16,18,19,20,22,26,29,30,31>4,7,8,13,14,17,19,23,24,31,35,37,5,39,9,16,18,22,29,30
35,4,5,37,7,8,9,39,11,12,13,16,18,19,20,22,26,29,30,31>7,40,12,13,14,17,24,26,28,35,37,5,39,9,16,18,22,29,30
35,4,5,37,7,8,9,39,11,12,13,16,18,19,20,22,26,29,30,31>7,8,40,12,13,14,17,23,28,35,37,5,39,9,16,18,22,29,30
35,4,5,37,7,8,9,39,11,12,13,16,18,19,20,22,26,29,30,31>11,13,14,17,20,23,31,35,37,5,39,9,16,18,22,29,30
35,4,5,37,7,8,9,39,11,12,13,16,18,19,20,22,26,29,30,31>4,11,12,14,17,19,21,26,28,31,35,37,5,39,9,16,18,22,29,30
35,4,5,37,7,8,9,39,11,12,13,16,18,19,20,22,26,29,30,31>7,8,11,12,13,14,21,24,26,31,35,37,5,39,9,16,18,22,29,30
1,3,4,7,8,9,10,14,16,19,20,21,23,24,25,27,29,30,31,34,35,36,37,39,40>8,10,11,18,19,1,3,4,35,37,7,40,9,20,23,24,25,27,31
1,3,4,7,8,9,10,14,16,19,20,21,23,24,25,27,29,30,31,34,35,36,37,39,40>32,36,8,13,14,15,16,19,21,26,29,1,3,4,35,37,7,40,9,20,23,24,25,27,31
1,3,4,7,8,9,10,14,16,19,20,21,23,24,25,27,29,30,31,34,35,36,37,39,40>32,34,36,5,11,13,29,30,1,3,4,35,37,7,40,9,20,23,24,25,27,31
1,3,4,7,8,9,10,14,16,19,20,21,23,24,25,27,29,30,31,34,35,36,37,39,40>32,34,36,5,10,11,15,16,19,21,26,30,1,3,4,35,37,7,40,9,20,23,24,25,27,31
1,3,4,7,8,9,10,14,16,19,20,21,23,24,25,27,29,30,31,34,35,36,37,39,40>32,34,39,11,15,16,18,30,1,3,4,35,37,7,40,9,20,23,24,25,27,31
1,3,4,7,8,9,10,14,16,19,20,21,23,24,25,27,29,30,31,34,35,36,37,39,40>5,39,8,10,13,16,26,1,3,4,35,37,7,40,9,20,23,24,25,27,31
1,5,6,10,13,14,15,17,18,19,22,25,26,27,31,33,35,36,37,39,40>33,8,11,16,19,21,25,29,1,35,36,37,5,39,13,14,15,17,18,22,27,31
1,5,6,10,13,14,15,17,18,19,22,25,26,27,31,33,35,36,37,39,40>32,6,7,8,10,16,23,26,30,1,35,36,37,5,39,13,14,15,17,18,22,27,31
1,5,6,10,13,14,15,17,18,19,22,25,26,27,31,33,35,36,37,39,40>33,34,8,40,12,16,20,26,28,1,35,36,37,5,39,13,14,15,17,18,22,27,31
1,5,6,10,13,14,15,17,18,19,22,25,26,27,31,33,35,36,37,39,40>32,33,34,6,8,40,10,12,20,23,25,28,29,1,35,36,37,5,39,13,14,15,17,18,22,27,31
1,5,6,10,13,14,15,17,18,19,22,25,26,27,31,33,35,36,37,39,40>6,7,8,40,11,16,21,25,28,29,30,1,35,36,37,5,39,13,14,15,17,18,22,27,31
1,5,6,10,13,14,15,17,18,19,22,25,26,27,31,33,35,36,37,39,40>32,6,7,10,19,26,28,1,35,36,37,5,39,13,14,15,17,18,22,27,31
1,3,4,6,7,10,15,16,18,23,25,27,28,29,30,31,33,34,37,38,39>6,11,16,18,22,25,28,29,30,32,35,36,38,1,33,3,4,7,27,31
1,3,4,6,7,10,15,16,18,23,25,27,28,29,30,31,33,34,37,38,39>6,11,12,13,15,16,18,22,28,29,32,34,1,33,3,4,7,27,31
1,3,4,6,7,10,15,16,18,23,25,27,28,29,30,31,33,34,37,38,39>8,11,12,13,15,16,18,22,23,25,29,34,35,36,37,38,40,1,33,3,4,7,27,31
1,3,4,6,7,10,15,16,18,23,25,27,28,29,30,31,33,34,37,38,39>5,6,8,11,13,15,26,30,34,38,1,33,3,4,7,27,31
1,3,4,6,7,10,15,16,18,23,25,27,28,29,30,31,33,34,37,38,39>5,8,9,13,15,16,25,26,35,37,38,39,40,1,33,3,4,7,27,31
1,3,4,6,7,10,15,16,18,23,25,27,28,29,30,31,33,34,37,38,39>6,9,10,11,12,15,16,18,23,26,28,32,35,36,37,39,1,33,3,4,7,27,31
32,33,34,4,5,7,8,10,13,16,19,22,23,24,28,29,30>32,34,36,10,11,40,17,18,19,25,33,5,13,16,23,28,29
32,33,34,4,5,7,8,10,13,16,19,22,23,24,28,29,30>32,7,8,9,11,40,26,30,33,5,13,16,23,28,29
32,33,34,4,5,7,8,10,13,16,19,22,23,24,28,29,30>4,7,8,9,10,40,17,19,25,26,33,5,13,16,23,28,29
32,33,34,4,5,7,8,10,13,16,19,22,23,24,28,29,30>32,34,36,7,9,40,19,25,26,33,5,13,16,23,28,29
32,33,34,4,5,7,8,10,13,16,19,22,23,24,28,29,30>32,34,36,7,9,17,19,25,26,30,33,5,13,16,23,28,29
32,33,34,4,5,7,8,10,13,16,19,22,23,24,28,29,30>32,4,36,7,9,10,40,17,19,24,33,5,13,16,23,28,29
1,34,4,5,37,7,8,39,10,11,40,14,15,19,21,22,24,28,29,31>4,14,22,24,25,31,34,37,40,1,5,7,11,15,28,29
1,34,4,5,37,7,8,39,10,11,40,14,15,19,21,22,24,28,29,31>8,18,31,33,34,1,5,7,11,15,28,29
1,34,4,5,37,7,8,39,10,11,40,14,15,19,21,22,24,28,29,31>4,10,14,19,23,25,33,35,39,40,1,5,7,11,15,28,29
1,34,4,5,37,7,8,39,10,11,40,14,15,19,21,22,24,28,29,31>4,8,12,13,14,18,19,23,24,1,5,7,11,15,28,29
1,34,4,5,37,7,8,39,10,11,40,14,15,19,21,22,24,28,29,31>4,10,12,18,19,20,21,24,25,37,39,1,5,7,11,15,28,29
1,34,4,5,37,7,8,39,10,11,40,14,15,19,21,22,24,28,29,31>4,8,9,10,12,13,19,20,22,31,34,37,40,1,5,7,11,15,28,29
1,33,3,4,37,9,14,17,18,21,23,25,26,27,29>32,33,15,18,22,23,25,31,1,3,4,26,27
1,33,3,4,37,9,14,17,18,21,23,25,26,27,29>37,15,18,20,23,30,31,1,3,4,26,27
1,33,3,4,37,9,14,17,18,21,23,25,26,27,29>37,39,18,20,22,23,30,31,1,3,4,26,27
1,33,3,4,37,9,14,17,18,21,23,25,26,27,29>33,36,7,39,14,15,20,21,22,23,31,1,3,4,26,27
1,33,3,4,37,9,14,17,18,21,23,25,26,27,29>37,7,17,18,20,22,23,31,1,3,4,26,27
1,33,3,4,37,9,14,17,18,21,23,25,26,27,29>32,36,37,7,9,14,18,25,30,31,1,3,4,26,27
32,1,33,36,37,7,8,9,10,39,12,13,14,22,24,26,29,30,31>7,12,16,22,25,31,33,38,40,1,36,39,9,13,14,29,30
32,1,33,36,37,7,8,9,10,39,12,13,14,22,24,26,29,30,31>8,12,15,16,24,25,31,33,35,40,1,36,39,9,13,14,29,30
32,1,33,36,37,7,8,9,10,39,12,13,14,22,24,26,29,30,31>5,7,8,17,22,24,28,32,33,1,36,39,9,13,14,29,30
32,1,33,36,37,7,8,9,10,39,12,13,14,22,24,26,29,30,31>7,10,16,31,32,33,38,40,1,36,39,9,13,14,29,30
32,1,33,36,37,7,8,9,10,39,12,13,14,22,24,26,29,30,31>5,7,10,12,16,24,25,33,38,1,36,39,9,13,14,29,30
32,1,33,36,37,7,8,9,10,39,12,13,14,22,24,26,29,30,31>5,7,8,10,15,16,25,26,31,32,33,1,36,39,9,13,14,29,30
33,2,36,6,10,12,13,14,19,24,25,26,27,28,29,31>35,12,19,23,24,30,33,2,36,13,14,25,27,31
33,2,36,6,10,12,13,14,19,24,25,26,27,28,29,31>32,35,8,12,15,16,19,26,29,30,33,2,36,13,14,25,27,31
33,2,36,6,10,12,13,14,19,24,25,26,27,28,29,31>39,8,10,11,12,15,16,18,19,23,24,28,29,30,33,2,36,13,14,25,27,31
33,2,36,6,10,12,13,14,19,24,25,26,27,28,29,31>35,39,8,10,11,15,17,23,24,28,29,30,33,2,36,13,14,25,27,31
33,2,36,6,10,12,13,14,19,24,25,26,27,28,29,31>6,39,8,15,16,17,18,24,28,33,2,36,13,14,25,27,31
33,2,36,6,10,12,13,14,19,24,25,26,27,28,29,31>32,35,6,39,8,10,12,15,16,17,23,24,29,30,33,2,36,13,14,25,27,31
33,2,34,35,5,36,37,38,11,13,14,18,20,25,26,27,28,31>32,38,22,25,28,33,2,35,34,5,36,37,14,27,31
33,2,34,35,5,36,37,38,11,13,14,18,20,25,26,27,28,31>32,13,16,17,20,22,24,28,30,33,2,35,34,5,36,37,14,27,31
33,2,34,35,5,36,37,38,11,13,14,18,20,25,26,27,28,31>32,13,16,20,24,25,26,33,2,35,34,5,36,37,14,27,31
33,2,34,35,5,36,37,38,11,13,14,18,20,25,26,27,28,31>11,13,17,18,28,33,2,35,34,5,36,37,14,27,31
33,2,34,35,5,36,37,38,11,13,14,18,20,25,26,27,28,31>32,38,13,15,16,18,20,24,28,30,33,2,35,34,5,36,37,14,27,31
33,2,34,35,5,36,37,38,11,13,14,18,20,25,26,27,28,31>11,13,15,16,20,22,25,30,33,2,35,34,5,36,37,14,27,31
