CD45,CD8,TCRlig,TCbind,PAGCsk,LCK,Fyn,Rlk,TCRphos,ZAP70,cCbl,Itk,LAT,Gads,Slp76,PLCg_b,Grb2Sos,DAG,PLCg_a,Ras,RasGRP1,PKCth,IP3,Raf,MEK,Ca,ERK,SEK,IKK,Calcin,Rsk,Fos,JNK,IkB,CREB,Jun,CRE,AP1,NFkB,NFAT
3,6,7,8,9,12,14,15,16,17,20,22,24,25,29,30,34,36,37,39,40>4,37,14,16,22,27,3,8,9,40,15,20,24,25,29
3,6,7,8,9,12,14,15,16,17,20,22,24,25,29,30,34,36,37,39,40>34,4,36,10,39,16,22,3,8,9,40,15,20,24,25,29
3,6,7,8,9,12,14,15,16,17,20,22,24,25,29,30,34,36,37,39,40>34,4,5,37,12,16,17,22,28,30,3,8,9,40,15,20,24,25,29
3,6,7,8,9,12,14,15,16,17,20,22,24,25,29,30,34,36,37,39,40>4,6,36,39,17,22,27,30,3,8,9,40,15,20,24,25,29
3,6,7,8,9,12,14,15,16,17,20,22,24,25,29,30,34,36,37,39,40>34,4,6,37,14,22,27,28,30,3,8,9,40,15,20,24,25,29
3,6,7,8,9,12,14,15,16,17,20,22,24,25,29,30,34,36,37,39,40>6,7,36,37,14,16,22,27,28,30,3,8,9,40,15,20,24,25,29
3,6,7,8,9,12,14,15,16,17,20,22,24,25,29,30,34,36,37,39,40>34,6,7,39,12,14,16,27,28,3,8,9,40,15,20,24,25,29
3,6,7,8,9,12,14,15,16,17,20,22,24,25,29,30,34,36,37,39,40>34,4,5,6,7,36,39,12,14,16,17,28,3,8,9,40,15,20,24,25,29
1,3,4,5,6,7,10,11,12,13,15,18,19,24,25,26,28,31,33,34,35,36,37,38>4,14,15,19,22,24,31,1,33,3,34,5,35,7,36,37,11,12,13,18,25
1,3,4,5,6,7,10,11,12,13,15,18,19,24,25,26,28,31,33,34,35,36,37,38>6,38,14,15,22,23,26,28,30,1,33,3,34,5,35,7,36,37,11,12,13,18,25
1,3,4,5,6,7,10,11,12,13,15,18,19,24,25,26,28,31,33,34,35,36,37,38>38,8,10,17,23,27,30,31,1,33,3,34,5,35,7,36,37,11,12,13,18,25
1,3,4,5,6,7,10,11,12,13,15,18,19,24,25,26,28,31,33,34,35,36,37,38>4,6,8,9,16,19,22,24,26,1,33,3,34,5,35,7,36,37,11,12,13,18,25
1,3,4,5,6,7,10,11,12,13,15,18,19,24,25,26,28,31,33,34,35,36,37,38>38,9,10,14,16,27,30,1,33,3,34,5,35,7,36,37,11,12,13,18,25
1,3,4,5,6,7,10,11,12,13,15,18,19,24,25,26,28,31,33,34,35,36,37,38>4,38,9,10,16,23,26,1,33,3,34,5,35,7,36,37,11,12,13,18,25
1,3,4,5,6,7,10,11,12,13,15,18,19,24,25,26,28,31,33,34,35,36,37,38>8,9,15,16,17,19,22,24,26,30,31,1,33,3,34,5,35,7,36,37,11,12,13,18,25
1,3,4,5,6,7,10,11,12,13,15,18,19,24,25,26,28,31,33,34,35,36,37,38>4,6,8,9,10,14,19,22,23,24,26,27,30,31,1,33,3,34,5,35,7,36,37,11,12,13,18,25
5,7,11,13,14,17,20,21,22,24,25,28,29,30,32,33,34,35,36,38,39,40>37,7,9,11,13,27,30,33,36,5,38,40,14,17,20,24,25,28,29
5,7,11,13,14,17,20,21,22,24,25,28,29,30,32,33,34,35,36,38,39,40>32,37,9,11,13,15,16,21,27,33,36,5,38,40,14,17,20,24,25,28,29
5,7,11,13,14,17,20,21,22,24,25,28,29,30,32,33,34,35,36,38,39,40>34,37,39,9,11,13,16,33,36,5,38,40,14,17,20,24,25,28,29
5,7,11,13,14,17,20,21,22,24,25,28,29,30,32,33,34,35,36,38,39,40>35,37,11,15,16,21,22,27,33,36,5,38,40,14,17,20,24,25,28,29
5,7,11,13,14,17,20,21,22,24,25,28,29,30,32,33,34,35,36,38,39,40>32,7,11,13,22,33,36,5,38,40,14,17,20,24,25,28,29
5,7,11,13,14,17,20,21,22,24,25,28,29,30,32,33,34,35,36,38,39,40>32,34,35,7,9,13,22,27,33,36,5,38,40,14,17,20,24,25,28,29
5,7,11,13,14,17,20,21,22,24,25,28,29,30,32,33,34,35,36,38,39,40>37,7,39,13,15,21,30,33,36,5,38,40,14,17,20,24,25,28,29
5,7,11,13,14,17,20,21,22,24,25,28,29,30,32,33,34,35,36,38,39,40>32,35,37,7,13,21,22,27,33,36,5,38,40,14,17,20,24,25,28,29
32,1,2,5,6,8,9,40,12,14,15,16,19,21,23,24,26,28,30>34,10,12,14,16,19,21,24,25,1,2,5,8,40,15,23,26,30
32,1,2,5,6,8,9,40,12,14,15,16,19,21,23,24,26,28,30>32,33,34,39,9,10,18,20,21,24,1,2,5,8,40,15,23,26,30
32,1,2,5,6,8,9,40,12,14,15,16,19,21,23,24,26,28,30>6,18,39,21,1,2,5,8,40,15,23,26,30
32,1,2,5,6,8,9,40,12,14,15,16,19,21,23,24,26,28,30>34,6,9,16,18,19,21,24,25,28,1,2,5,8,40,15,23,26,30
32,1,2,5,6,8,9,40,12,14,15,16,19,21,23,24,26,28,30>33,7,39,9,10,12,20,28,1,2,5,8,40,15,23,26,30
32,1,2,5,6,8,9,40,12,14,15,16,19,21,23,24,26,28,30>34,7,9,10,12,14,16,20,25,28,1,2,5,8,40,15,23,26,30
32,1,2,5,6,8,9,40,12,14,15,16,19,21,23,24,26,28,30>34,7,12,16,18,20,21,24,1,2,5,8,40,15,23,26,30
32,1,2,5,6,8,9,40,12,14,15,16,19,21,23,24,26,28,30>32,34,6,7,39,10,12,14,16,19,20,25,1,2,5,8,40,15,23,26,30
1,33,3,4,5,37,7,38,39,40,11,12,14,19,20,24,25,26,30,31>33,38,9,15,18,23,26,31,1,3,5,39,7,40,24,25,30
1,33,3,4,5,37,7,38,39,40,11,12,14,19,20,24,25,26,30,31>33,34,35,12,14,15,18,20,26,27,1,3,5,39,7,40,24,25,30
1,33,3,4,5,37,7,38,39,40,11,12,14,19,20,24,25,26,30,31>33,34,35,37,38,11,12,14,19,20,26,1,3,5,39,7,40,24,25,30
1,33,3,4,5,37,7,38,39,40,11,12,14,19,20,24,25,26,30,31>33,4,37,9,12,14,15,19,23,27,31,1,3,5,39,7,40,24,25,30
1,33,3,4,5,37,7,38,39,40,11,12,14,19,20,24,25,26,30,31>33,34,4,38,9,11,12,18,19,20,23,1,3,5,39,7,40,24,25,30
1,33,3,4,5,37,7,38,39,40,11,12,14,19,20,24,25,26,30,31>35,4,9,11,12,18,20,26,27,1,3,5,39,7,40,24,25,30
1,33,3,4,5,37,7,38,39,40,11,12,14,19,20,24,25,26,30,31>33,34,35,4,37,38,14,15,26,27,31,1,3,5,39,7,40,24,25,30
1,33,3,4,5,37,7,38,39,40,11,12,14,19,20,24,25,26,30,31>33,34,35,36,11,12,15,18,19,26,1,3,5,39,7,40,24,25,30
1,2,3,4,5,6,7,8,11,13,14,16,19,22,24,25,26,28,29,30,32,35,36,37,39>32,33,11,19,22,23,24,27,1,2,3,37,5,7,8,39,14,16,25,28,29,30
1,2,3,4,5,6,7,8,11,13,14,16,19,22,24,25,26,28,29,30,32,35,36,37,39>32,35,6,38,9,11,13,15,19,23,24,1,2,3,37,5,7,8,39,14,16,25,28,29,30
1,2,3,4,5,6,7,8,11,13,14,16,19,22,24,25,26,28,29,30,32,35,36,37,39>32,33,4,6,40,11,15,17,18,1,2,3,37,5,7,8,39,14,16,25,28,29,30
1,2,3,4,5,6,7,8,11,13,14,16,19,22,24,25,26,28,29,30,32,35,36,37,39>32,33,35,4,6,38,40,13,15,17,18,19,1,2,3,37,5,7,8,39,14,16,25,28,29,30
1,2,3,4,5,6,7,8,11,13,14,16,19,22,24,25,26,28,29,30,32,35,36,37,39>33,36,9,11,17,22,23,1,2,3,37,5,7,8,39,14,16,25,28,29,30
1,2,3,4,5,6,7,8,11,13,14,16,19,22,24,25,26,28,29,30,32,35,36,37,39>32,33,36,13,22,24,27,1,2,3,37,5,7,8,39,14,16,25,28,29,30
1,2,3,4,5,6,7,8,11,13,14,16,19,22,24,25,26,28,29,30,32,35,36,37,39>32,33,4,36,6,38,40,11,13,15,19,23,1,2,3,37,5,7,8,39,14,16,25,28,29,30
1,2,3,4,5,6,7,8,11,13,14,16,19,22,24,25,26,28,29,30,32,35,36,37,39>32,35,4,36,6,40,11,13,17,19,24,27,1,2,3,37,5,7,8,39,14,16,25,28,29,30
1,2,3,5,6,8,12,14,15,17,18,21,22,23,24,25,26,29,33,35,36,37,38,39>35,4,38,12,14,17,18,30,1,2,3,36,5,37,39,8,15,21,22,25,26,29
1,2,3,5,6,8,12,14,15,17,18,21,22,23,24,25,26,29,33,35,36,37,38,39>14,30,6,27,1,2,3,36,5,37,39,8,15,21,22,25,26,29
1,2,3,5,6,8,12,14,15,17,18,21,22,23,24,25,26,29,33,35,36,37,38,39>35,6,12,17,23,28,30,1,2,3,36,5,37,39,8,15,21,22,25,26,29
1,2,3,5,6,8,12,14,15,17,18,21,22,23,24,25,26,29,33,35,36,37,38,39>33,4,6,12,17,20,23,24,1,2,3,36,5,37,39,8,15,21,22,25,26,29
1,2,3,5,6,8,12,14,15,17,18,21,22,23,24,25,26,29,33,35,36,37,38,39>33,35,7,38,12,17,18,23,24,27,28,30,1,2,3,36,5,37,39,8,15,21,22,25,26,29
1,2,3,5,6,8,12,14,15,17,18,21,22,23,24,25,26,29,33,35,36,37,38,39>6,7,38,12,14,20,24,28,30,1,2,3,36,5,37,39,8,15,21,22,25,26,29
1,2,3,5,6,8,12,14,15,17,18,21,22,23,24,25,26,29,33,35,36,37,38,39>4,6,7,38,12,17,18,23,27,28,1,2,3,36,5,37,39,8,15,21,22,25,26,29
1,2,3,5,6,8,12,14,15,17,18,21,22,23,24,25,26,29,33,35,36,37,38,39>35,4,6,7,38,17,1,2,3,36,5,37,39,8,15,21,22,25,26,29
1,2,3,4,8,10,12,13,14,15,17,18,19,20,23,25,26,27,30,31,33,36,38,40>34,8,10,11,19,22,25,1,2,3,4,36,40,12,13,14,15,17,18,20,23,26,27,30,31
1,2,3,4,8,10,12,13,14,15,17,18,19,20,23,25,26,27,30,31,33,36,38,40>34,7,38,10,11,39,24,1,2,3,4,36,40,12,13,14,15,17,18,20,23,26,27,30,31
1,2,3,4,8,10,12,13,14,15,17,18,19,20,23,25,26,27,30,31,33,36,38,40>33,34,7,8,38,10,19,25,1,2,3,4,36,40,12,13,14,15,17,18,20,23,26,27,30,31
1,2,3,4,8,10,12,13,14,15,17,18,19,20,23,25,26,27,30,31,33,36,38,40>35,38,10,11,39,22,25,1,2,3,4,36,40,12,13,14,15,17,18,20,23,26,27,30,31
1,2,3,4,8,10,12,13,14,15,17,18,19,20,23,25,26,27,30,31,33,36,38,40>32,33,34,35,7,8,38,10,11,39,16,19,1,2,3,4,36,40,12,13,14,15,17,18,20,23,26,27,30,31
1,2,3,4,8,10,12,13,14,15,17,18,19,20,23,25,26,27,30,31,33,36,38,40>32,33,34,6,7,11,19,24,25,1,2,3,4,36,40,12,13,14,15,17,18,20,23,26,27,30,31
1,2,3,4,8,10,12,13,14,15,17,18,19,20,23,25,26,27,30,31,33,36,38,40>32,34,35,6,7,10,11,39,16,19,22,24,1,2,3,4,36,40,12,13,14,15,17,18,20,23,26,27,30,31
1,2,3,4,8,10,12,13,14,15,17,18,19,20,23,25,26,27,30,31,33,36,38,40>33,34,35,6,7,8,19,22,24,25,1,2,3,4,36,40,12,13,14,15,17,18,20,23,26,27,30,31
1,2,4,5,7,12,13,17,18,19,20,21,22,25,26,27,28,29,30,32,33,36>4,38,39,40,12,14,19,32,1,2,33,36,5,7,17,18,20,21,22,27,28,29,30
1,2,4,5,7,12,13,17,18,19,20,21,22,25,26,27,28,29,30,32,33,36>4,38,39,40,19,25,31,32,1,2,33,36,5,7,17,18,20,21,22,27,28,29,30
1,2,4,5,7,12,13,17,18,19,20,21,22,25,26,27,28,29,30,32,33,36>4,9,12,13,14,19,25,26,31,32,1,2,33,36,5,7,17,18,20,21,22,27,28,29,30
1,2,4,5,7,12,13,17,18,19,20,21,22,25,26,27,28,29,30,32,33,36>39,9,12,14,16,23,24,25,26,32,1,2,33,36,5,7,17,18,20,21,22,27,28,29,30
1,2,4,5,7,12,13,17,18,19,20,21,22,25,26,27,28,29,30,32,33,36>4,39,9,24,31,32,1,2,33,36,5,7,17,18,20,21,22,27,28,29,30
1,2,4,5,7,12,13,17,18,19,20,21,22,25,26,27,28,29,30,32,33,36>40,9,14,19,25,31,32,1,2,33,36,5,7,17,18,20,21,22,27,28,29,30
1,2,4,5,7,12,13,17,18,19,20,21,22,25,26,27,28,29,30,32,33,36>4,38,40,9,13,14,25,26,32,1,2,33,36,5,7,17,18,20,21,22,27,28,29,30
1,2,4,5,7,12,13,17,18,19,20,21,22,25,26,27,28,29,30,32,33,36>4,38,40,9,13,14,19,24,25,32,1,2,33,36,5,7,17,18,20,21,22,27,28,29,30
32,1,34,3,36,37,38,7,8,40,10,16,19,23,27,28,29,31>18,26,27,29,33,34,36,32,1,3,38,23,31
32,1,34,3,36,37,38,7,8,40,10,16,19,23,27,28,29,31>4,18,19,28,35,36,32,1,3,38,23,31
32,1,34,3,36,37,38,7,8,40,10,16,19,23,27,28,29,31>5,10,13,16,18,19,27,28,34,35,40,32,1,3,38,23,31
32,1,34,3,36,37,38,7,8,40,10,16,19,23,27,28,29,31>5,8,10,26,27,29,34,36,37,40,32,1,3,38,23,31
32,1,34,3,36,37,38,7,8,40,10,16,19,23,27,28,29,31>4,9,10,11,18,19,27,28,36,32,1,3,38,23,31
32,1,34,3,36,37,38,7,8,40,10,16,19,23,27,28,29,31>5,9,10,13,18,19,26,28,29,37,40,32,1,3,38,23,31
32,1,34,3,36,37,38,7,8,40,10,16,19,23,27,28,29,31>5,9,10,19,26,28,33,35,36,37,40,32,1,3,38,23,31
32,1,34,3,36,37,38,7,8,40,10,16,19,23,27,28,29,31>4,7,9,13,18,34,36,37,40,32,1,3,38,23,31
1,4,5,6,7,10,11,13,14,15,16,17,19,21,24,25,26,27,28,29,30,31,33,37,38,40>6,8,12,20,28,29,37,1,33,5,7,40,11,13,14,15,16,17,25,27,30,31
1,4,5,6,7,10,11,13,14,15,16,17,19,21,24,25,26,27,28,29,30,31,33,37,38,40>6,9,24,28,29,32,38,1,33,5,7,40,11,13,14,15,16,17,25,27,30,31
1,4,5,6,7,10,11,13,14,15,16,17,19,21,24,25,26,27,28,29,30,31,33,37,38,40>8,9,18,28,29,36,1,33,5,7,40,11,13,14,15,16,17,25,27,30,31
1,4,5,6,7,10,11,13,14,15,16,17,19,21,24,25,26,27,28,29,30,31,33,37,38,40>4,10,12,19,20,21,23,28,32,35,36,37,1,33,5,7,40,11,13,14,15,16,17,25,27,30,31
1,4,5,6,7,10,11,13,14,15,16,17,19,21,24,25,26,27,28,29,30,31,33,37,38,40>8,10,20,21,26,29,35,38,1,33,5,7,40,11,13,14,15,16,17,25,27,30,31
1,4,5,6,7,10,11,13,14,15,16,17,19,21,24,25,26,27,28,29,30,31,33,37,38,40>6,8,10,12,18,24,28,29,36,39,1,33,5,7,40,11,13,14,15,16,17,25,27,30,31
1,4,5,6,7,10,11,13,14,15,16,17,19,21,24,25,26,27,28,29,30,31,33,37,38,40>4,9,10,19,21,23,26,29,37,39,1,33,5,7,40,11,13,14,15,16,17,25,27,30,31
1,4,5,6,7,10,11,13,14,15,16,17,19,21,24,25,26,27,28,29,30,31,33,37,38,40>6,8,9,10,12,20,23,26,32,36,39,1,33,5,7,40,11,13,14,15,16,17,25,27,30,31
2,3,4,5,6,7,8,9,10,11,12,14,15,16,18,20,23,26,27,28,29,35,40>4,14,19,20,22,24,28,29,31,32,2,3,5,8,9,11,12,15,26
2,3,4,5,6,7,8,9,10,11,12,14,15,16,18,20,23,26,27,28,29,35,40>4,6,16,18,20,23,27,29,30,32,35,37,40,2,3,5,8,9,11,12,15,26
2,3,4,5,6,7,8,9,10,11,12,14,15,16,18,20,23,26,27,28,29,35,40>4,7,14,18,20,22,23,24,27,30,39,40,2,3,5,8,9,11,12,15,26
2,3,4,5,6,7,8,9,10,11,12,14,15,16,18,20,23,26,27,28,29,35,40>6,7,16,22,24,28,29,30,31,32,37,40,2,3,5,8,9,11,12,15,26
2,3,4,5,6,7,8,9,10,11,12,14,15,16,18,20,23,26,27,28,29,35,40>10,20,22,23,24,28,31,39,40,2,3,5,8,9,11,12,15,26
2,3,4,5,6,7,8,9,10,11,12,14,15,16,18,20,23,26,27,28,29,35,40>4,6,13,14,18,27,28,29,33,35,37,39,40,2,3,5,8,9,11,12,15,26
2,3,4,5,6,7,8,9,10,11,12,14,15,16,18,20,23,26,27,28,29,35,40>7,13,14,16,18,30,32,33,40,2,3,5,8,9,11,12,15,26
2,3,4,5,6,7,8,9,10,11,12,14,15,16,18,20,23,26,27,28,29,35,40>4,10,13,14,16,22,28,30,31,32,35,37,39,2,3,5,8,9,11,12,15,26
1,2,34,35,36,6,38,39,10,11,12,16,19,22,24,25,26,27,28,29>5,8,16,18,19,23,24,26,34,37,39,1,2,6,11,25,27,28,29
1,2,34,35,36,6,38,39,10,11,12,16,19,22,24,25,26,27,28,29>7,8,18,22,23,24,30,31,32,33,35,36,39,1,2,6,11,25,27,28,29
1,2,34,35,36,6,38,39,10,11,12,16,19,22,24,25,26,27,28,29>5,10,13,16,18,19,22,24,30,33,34,36,38,39,1,2,6,11,25,27,28,29
1,2,34,35,36,6,38,39,10,11,12,16,19,22,24,25,26,27,28,29>8,10,16,19,26,30,32,33,35,37,39,1,2,6,11,25,27,28,29
1,2,34,35,36,6,38,39,10,11,12,16,19,22,24,25,26,27,28,29>12,16,18,22,23,26,31,33,34,37,1,2,6,11,25,27,28,29
1,2,34,35,36,6,38,39,10,11,12,16,19,22,24,25,26,27,28,29>7,8,12,18,23,24,31,33,36,1,2,6,11,25,27,28,29
1,2,34,35,36,6,38,39,10,11,12,16,19,22,24,25,26,27,28,29>5,10,12,13,16,18,19,22,23,31,33,35,36,39,1,2,6,11,25,27,28,29
1,2,34,35,36,6,38,39,10,11,12,16,19,22,24,25,26,27,28,29>7,8,10,12,13,22,23,32,34,35,36,37,38,39,1,2,6,11,25,27,28,29
33,3,4,36,37,39,11,17,24,25,27,29,31>20,32,29,3,36,39,25,27,31
33,3,4,36,37,39,11,17,24,25,27,29,31>20,32,4,37,3,36,39,25,27,31
33,3,4,36,37,39,11,17,24,25,27,29,31>32,35,11,20,24,3,36,39,25,27,31
33,3,4,36,37,39,11,17,24,25,27,29,31>4,11,20,24,29,3,36,39,25,27,31
33,3,4,36,37,39,11,17,24,25,27,29,31>32,35,4,17,20,3,36,39,25,27,31
33,3,4,36,37,39,11,17,24,25,27,29,31>33,35,4,3,36,39,25,27,31
33,3,4,36,37,39,11,17,24,25,27,29,31>32,4,37,17,24,3,36,39,25,27,31
33,3,4,36,37,39,11,17,24,25,27,29,31>32,35,4,37,11,17,3,36,39,25,27,31
3,37,6,38,39,9,11,16,19,23,24,25,28,29,30>33,9,40,18,19,24,26,27,28,29,25,3,23,39
3,37,6,38,39,9,11,16,19,23,24,25,28,29,30>5,38,11,16,18,19,28,30,25,3,23,39
3,37,6,38,39,9,11,16,19,23,24,25,28,29,30>5,9,38,19,24,26,28,29,30,25,3,23,39
3,37,6,38,39,9,11,16,19,23,24,25,28,29,30>33,5,9,38,18,19,24,28,25,3,23,39
3,37,6,38,39,9,11,16,19,23,24,25,28,29,30>33,6,9,11,27,28,30,25,3,23,39
3,37,6,38,39,9,11,16,19,23,24,25,28,29,30>5,6,11,40,24,26,30,25,3,23,39
3,37,6,38,39,9,11,16,19,23,24,25,28,29,30>6,37,11,40,18,19,27,29,25,3,23,39
3,37,6,38,39,9,11,16,19,23,24,25,28,29,30>33,5,6,37,16,18,19,24,25,3,23,39
2,35,6,7,8,39,11,12,13,15,16,18,19,20,22,23,28>33,9,14,15,17,19,2,39,8,16,18,22,23,28
2,35,6,7,8,39,11,12,13,15,16,18,19,20,22,23,28>33,35,9,11,12,17,20,21,2,39,8,16,18,22,23,28
2,35,6,7,8,39,11,12,13,15,16,18,19,20,22,23,28>34,35,7,11,13,17,24,29,2,39,8,16,18,22,23,28
2,35,6,7,8,39,11,12,13,15,16,18,19,20,22,23,28>34,35,5,7,37,12,14,17,21,24,26,29,2,39,8,16,18,22,23,28
2,35,6,7,8,39,11,12,13,15,16,18,19,20,22,23,28>33,35,6,7,17,20,24,26,2,39,8,16,18,22,23,28
2,35,6,7,8,39,11,12,13,15,16,18,19,20,22,23,28>5,6,7,9,11,12,24,26,29,2,39,8,16,18,22,23,28
2,35,6,7,8,39,11,12,13,15,16,18,19,20,22,23,28>33,35,5,6,14,15,17,20,21,24,26,2,39,8,16,18,22,23,28
2,35,6,7,8,39,11,12,13,15,16,18,19,20,22,23,28>34,35,5,6,7,37,19,20,21,2,39,8,16,18,22,23,28
2,4,5,6,7,11,12,13,14,17,19,20,21,23,25,27,30,32,33,37,38,39,40>6,11,12,15,21,26,30,31,33,36,37,32,2,5,39,40,14,17,20,23,27
2,4,5,6,7,11,12,13,14,17,19,20,21,23,25,27,30,32,33,37,38,39,40>8,12,13,16,18,21,24,25,26,34,37,32,2,5,39,40,14,17,20,23,27
2,4,5,6,7,11,12,13,14,17,19,20,21,23,25,27,30,32,33,37,38,39,40>6,7,8,15,19,21,24,25,30,36,32,2,5,39,40,14,17,20,23,27
2,4,5,6,7,11,12,13,14,17,19,20,21,23,25,27,30,32,33,37,38,39,40>4,6,9,12,16,18,21,25,31,34,37,32,2,5,39,40,14,17,20,23,27
2,4,5,6,7,11,12,13,14,17,19,20,21,23,25,27,30,32,33,37,38,39,40>4,6,9,11,13,16,19,21,24,25,26,33,37,38,32,2,5,39,40,14,17,20,23,27
2,4,5,6,7,11,12,13,14,17,19,20,21,23,25,27,30,32,33,37,38,39,40>4,8,9,13,16,21,25,26,33,37,38,32,2,5,39,40,14,17,20,23,27
2,4,5,6,7,11,12,13,14,17,19,20,21,23,25,27,30,32,33,37,38,39,40>4,7,8,9,13,16,31,34,36,38,32,2,5,39,40,14,17,20,23,27
2,4,5,6,7,11,12,13,14,17,19,20,21,23,25,27,30,32,33,37,38,39,40>4,6,7,8,9,11,16,26,33,32,2,5,39,40,14,17,20,23,27
1,2,5,37,8,9,40,13,14,16,17,18,21,22,23,24,25,26,27>32,40,13,20,23,24,30,31,1,2,5,14,16,17,21,22,25,26,27
1,2,5,37,8,9,40,13,14,16,17,18,21,22,23,24,25,26,27>37,9,40,13,18,20,23,28,29,31,1,2,5,14,16,17,21,22,25,26,27
1,2,5,37,8,9,40,13,14,16,17,18,21,22,23,24,25,26,27>32,37,13,23,28,30,1,2,5,14,16,17,21,22,25,26,27
1,2,5,37,8,9,40,13,14,16,17,18,21,22,23,24,25,26,27>39,9,40,13,18,20,24,28,30,1,2,5,14,16,17,21,22,25,26,27
1,2,5,37,8,9,40,13,14,16,17,18,21,22,23,24,25,26,27>34,39,40,13,23,30,1,2,5,14,16,17,21,22,25,26,27
1,2,5,37,8,9,40,13,14,16,17,18,21,22,23,24,25,26,27>32,34,39,9,15,18,24,28,30,31,1,2,5,14,16,17,21,22,25,26,27
1,2,5,37,8,9,40,13,14,16,17,18,21,22,23,24,25,26,27>37,8,9,40,13,15,18,28,30,1,2,5,14,16,17,21,22,25,26,27
1,2,5,37,8,9,40,13,14,16,17,18,21,22,23,24,25,26,27>32,37,39,8,9,40,15,18,31,1,2,5,14,16,17,21,22,25,26,27
1,2,38,40,12,18,20,21,27,29,30,31>35,12,18,22,24,1,2,40,20,31
1,2,38,40,12,18,20,21,27,29,30,31>32,5,39,18,24,29,1,2,40,20,31
1,2,38,40,12,18,20,21,27,29,30,31>32,5,21,27,29,1,2,40,20,31
1,2,38,40,12,18,20,21,27,29,30,31>35,6,12,18,21,24,27,1,2,40,20,31
1,2,38,40,12,18,20,21,27,29,30,31>32,35,38,39,18,21,22,27,1,2,40,20,31
1,2,38,40,12,18,20,21,27,29,30,31>5,38,39,18,21,22,27,30,1,2,40,20,31
1,2,38,40,12,18,20,21,27,29,30,31>32,6,38,39,18,30,1,2,40,20,31
1,2,38,40,12,18,20,21,27,29,30,31>32,5,6,38,39,12,18,21,22,24,27,1,2,40,20,31
1,34,35,4,36,7,8,9,40,13,14,16,18,19,21,23,26,28>33,35,4,36,13,15,20,21,28,30,1,34,7,9,14,16,18,23,26
1,34,35,4,36,7,8,9,40,13,14,16,18,19,21,23,26,28>33,35,4,36,37,8,13,15,19,20,21,28,1,34,7,9,14,16,18,23,26
1,34,35,4,36,7,8,9,40,13,14,16,18,19,21,23,26,28>33,36,37,40,13,17,19,20,28,30,1,34,7,9,14,16,18,23,26
1,34,35,4,36,7,8,9,40,13,14,16,18,19,21,23,26,28>33,35,36,37,20,21,22,1,34,7,9,14,16,18,23,26
1,34,35,4,36,7,8,9,40,13,14,16,18,19,21,23,26,28>33,35,36,13,15,19,21,22,30,1,34,7,9,14,16,18,23,26
1,34,35,4,36,7,8,9,40,13,14,16,18,19,21,23,26,28>33,4,36,8,40,17,19,1,34,7,9,14,16,18,23,26
1,34,35,4,36,7,8,9,40,13,14,16,18,19,21,23,26,28>4,36,17,19,20,21,22,28,1,34,7,9,14,16,18,23,26
1,34,35,4,36,7,8,9,40,13,14,16,18,19,21,23,26,28>33,35,4,36,37,8,19,20,30,1,34,7,9,14,16,18,23,26
32,33,2,3,4,34,38,39,40,9,12,13,15,17,21,22,28,29,30>32,36,9,12,13,15,21,33,2,3,4,40,17,28,29
32,33,2,3,4,34,38,39,40,9,12,13,15,17,21,22,28,29,30>32,36,9,12,14,16,33,2,3,4,40,17,28,29
32,33,2,3,4,34,38,39,40,9,12,13,15,17,21,22,28,29,30>32,34,38,9,12,14,15,20,21,33,2,3,4,40,17,28,29
32,33,2,3,4,34,38,39,40,9,12,13,15,17,21,22,28,29,30>32,34,36,39,14,15,16,22,33,2,3,4,40,17,28,29
32,33,2,3,4,34,38,39,40,9,12,13,15,17,21,22,28,29,30>32,34,36,39,12,14,15,30,33,2,3,4,40,17,28,29
32,33,2,3,4,34,38,39,40,9,12,13,15,17,21,22,28,29,30>32,39,9,12,15,16,30,33,2,3,4,40,17,28,29
32,33,2,3,4,34,38,39,40,9,12,13,15,17,21,22,28,29,30>36,39,9,12,14,15,16,20,22,33,2,3,4,40,17,28,29
32,33,2,3,4,34,38,39,40,9,12,13,15,17,21,22,28,29,30>32,34,36,39,9,13,14,15,20,21,33,2,3,4,40,17,28,29
1,7,9,11,12,14,15,16,17,21,22,23,24,25,27,29,30,32,33,34,38,39>11,16,17,20,26,28,38,40,32,1,9,15,25,27,29
1,7,9,11,12,14,15,16,17,21,22,23,24,25,27,29,30,32,33,34,38,39>5,7,11,17,21,23,24,30,34,38,39,40,32,1,9,15,25,27,29
1,7,9,11,12,14,15,16,17,21,22,23,24,25,27,29,30,32,33,34,38,39>11,12,14,17,24,30,31,36,40,32,1,9,15,25,27,29
1,7,9,11,12,14,15,16,17,21,22,23,24,25,27,29,30,32,33,34,38,39>14,16,17,23,26,28,31,33,34,36,39,32,1,9,15,25,27,29
1,7,9,11,12,14,15,16,17,21,22,23,24,25,27,29,30,32,33,34,38,39>11,12,14,16,17,31,36,38,40,32,1,9,15,25,27,29
1,7,9,11,12,14,15,16,17,21,22,23,24,25,27,29,30,32,33,34,38,39>7,14,16,24,28,33,34,36,39,40,32,1,9,15,25,27,29
1,7,9,11,12,14,15,16,17,21,22,23,24,25,27,29,30,32,33,34,38,39>5,11,14,17,20,21,28,34,36,39,32,1,9,15,25,27,29
1,7,9,11,12,14,15,16,17,21,22,23,24,25,27,29,30,32,33,34,38,39>11,12,14,16,20,21,22,23,24,26,30,31,34,36,38,40,32,1,9,15,25,27,29
33,2,3,4,34,6,37,10,11,12,13,16,20,21,22,27,30,31>4,6,14,22,24,27,28,29,32,33,35,36,2,3,34,11,13,16,20,31
33,2,3,4,34,6,37,10,11,12,13,16,20,21,22,27,30,31>9,22,24,27,28,30,33,40,2,3,34,11,13,16,20,31
33,2,3,4,34,6,37,10,11,12,13,16,20,21,22,27,30,31>4,9,17,22,27,29,30,33,37,2,3,34,11,13,16,20,31
33,2,3,4,34,6,37,10,11,12,13,16,20,21,22,27,30,31>8,9,12,14,17,22,24,28,29,30,32,33,36,40,2,3,34,11,13,16,20,31
33,2,3,4,34,6,37,10,11,12,13,16,20,21,22,27,30,31>4,6,8,9,17,21,24,27,29,32,33,35,36,37,40,2,3,34,11,13,16,20,31
33,2,3,4,34,6,37,10,11,12,13,16,20,21,22,27,30,31>4,6,9,10,21,22,27,29,36,37,2,3,34,11,13,16,20,31
33,2,3,4,34,6,37,10,11,12,13,16,20,21,22,27,30,31>8,9,10,12,17,22,27,28,29,33,37,2,3,34,11,13,16,20,31
33,2,3,4,34,6,37,10,11,12,13,16,20,21,22,27,30,31>4,8,9,10,22,24,28,29,30,35,36,40,2,3,34,11,13,16,20,31
2,34,4,5,36,40,10,11,13,16,17,19,23,24,25,27,28,29,30,31>14,33,26,36,2,40,11,13,16,17,23,25,27,31
2,34,4,5,36,40,10,11,13,16,17,19,23,24,25,27,28,29,30,31>33,5,36,14,24,28,30,2,40,11,13,16,17,23,25,27,31
2,34,4,5,36,40,10,11,13,16,17,19,23,24,25,27,28,29,30,31>32,33,34,36,10,18,19,24,29,2,40,11,13,16,17,23,25,27,31
2,34,4,5,36,40,10,11,13,16,17,19,23,24,25,27,28,29,30,31>35,18,28,29,30,2,40,11,13,16,17,23,25,27,31
2,34,4,5,36,40,10,11,13,16,17,19,23,24,25,27,28,29,30,31>32,35,36,10,14,18,19,24,28,30,2,40,11,13,16,17,23,25,27,31
2,34,4,5,36,40,10,11,13,16,17,19,23,24,25,27,28,29,30,31>33,34,4,5,10,26,28,30,2,40,11,13,16,17,23,25,27,31
2,34,4,5,36,40,10,11,13,16,17,19,23,24,25,27,28,29,30,31>33,35,4,5,14,18,20,24,28,2,40,11,13,16,17,23,25,27,31
2,34,4,5,36,40,10,11,13,16,17,19,23,24,25,27,28,29,30,31>32,34,35,4,18,24,29,2,40,11,13,16,17,23,25,27,31
32,33,34,3,4,36,37,38,8,11,13,14,15,18,23,25,29,30,31>8,18,23,27,29,30,31,32,35,37,3,36,38,14,15
32,33,34,3,4,36,37,38,8,11,13,14,15,18,23,25,29,30,31>8,13,18,22,26,27,29,32,33,35,3,36,38,14,15
32,33,34,3,4,36,37,38,8,11,13,14,15,18,23,25,29,30,31>8,11,13,18,23,25,27,29,33,34,35,37,40,3,36,38,14,15
32,33,34,3,4,36,37,38,8,11,13,14,15,18,23,25,29,30,31>16,18,22,23,27,31,32,33,35,37,3,36,38,14,15
32,33,34,3,4,36,37,38,8,11,13,14,15,18,23,25,29,30,31>4,8,11,13,16,18,22,25,34,35,37,40,3,36,38,14,15
32,33,34,3,4,36,37,38,8,11,13,14,15,18,23,25,29,30,31>4,8,11,16,18,23,27,30,31,32,33,37,40,3,36,38,14,15
32,33,34,3,4,36,37,38,8,11,13,14,15,18,23,25,29,30,31>13,16,17,22,23,27,29,33,34,35,37,40,3,36,38,14,15
32,33,34,3,4,36,37,38,8,11,13,14,15,18,23,25,29,30,31>4,8,11,13,16,22,23,27,29,30,31,34,40,3,36,38,14,15
1,2,4,6,8,9,10,11,12,14,16,17,18,19,20,22,30,31,33,36,38,40>4,10,14,17,19,21,24,28,29,31,35,39,1,2,36,6,8,9,40,11,18,20,22
1,2,4,6,8,9,10,11,12,14,16,17,18,19,20,22,30,31,33,36,38,40>7,12,15,17,19,24,34,35,39,1,2,36,6,8,9,40,11,18,20,22
1,2,4,6,8,9,10,11,12,14,16,17,18,19,20,22,30,31,33,36,38,40>7,10,12,14,17,21,23,28,29,34,35,38,1,2,36,6,8,9,40,11,18,20,22
1,2,4,6,8,9,10,11,12,14,16,17,18,19,20,22,30,31,33,36,38,40>4,7,13,14,19,21,23,24,28,30,33,34,35,1,2,36,6,8,9,40,11,18,20,22
1,2,4,6,8,9,10,11,12,14,16,17,18,19,20,22,30,31,33,36,38,40>4,10,13,15,16,19,21,23,24,30,35,38,1,2,36,6,8,9,40,11,18,20,22
1,2,4,6,8,9,10,11,12,14,16,17,18,19,20,22,30,31,33,36,38,40>12,13,16,19,21,23,28,35,39,1,2,36,6,8,9,40,11,18,20,22
1,2,4,6,8,9,10,11,12,14,16,17,18,19,20,22,30,31,33,36,38,40>10,12,13,14,15,16,17,21,24,28,30,31,33,34,38,39,1,2,36,6,8,9,40,11,18,20,22
1,2,4,6,8,9,10,11,12,14,16,17,18,19,20,22,30,31,33,36,38,40>4,7,10,12,13,14,15,16,19,23,24,28,33,39,1,2,36,6,8,9,40,11,18,20,22
34,3,4,36,6,7,37,39,10,11,17,19,22,23,29,30,31>6,9,17,18,22,26,31,35,36,37,39,11,3,29,23
34,3,4,36,6,7,37,39,10,11,17,19,22,23,29,30,31>7,10,13,17,22,26,28,30,31,34,35,36,11,3,29,23
34,3,4,36,6,7,37,39,10,11,17,19,22,23,29,30,31>4,5,6,7,8,9,10,13,17,22,30,31,37,39,11,3,29,23
34,3,4,36,6,7,37,39,10,11,17,19,22,23,29,30,31>5,6,7,18,19,30,35,36,11,3,29,23
34,3,4,36,6,7,37,39,10,11,17,19,22,23,29,30,31>4,5,8,9,13,17,19,20,22,26,28,30,31,35,36,37,39,40,11,3,29,23
34,3,4,36,6,7,37,39,10,11,17,19,22,23,29,30,31>4,6,8,10,17,18,20,22,26,28,30,31,34,36,11,3,29,23
34,3,4,36,6,7,37,39,10,11,17,19,22,23,29,30,31>4,5,7,8,9,10,13,18,19,20,22,26,28,30,34,35,36,37,39,40,11,3,29,23
34,3,4,36,6,7,37,39,10,11,17,19,22,23,29,30,31>4,5,6,7,8,10,13,17,18,19,20,28,31,35,36,39,11,3,29,23
1,3,5,6,9,11,12,13,14,15,16,21,22,25,26,28,30,31,32,33,34,38,40>35,8,9,11,13,17,20,21,22,27,29,1,34,3,33,5,40,14,15,16,28,30
1,3,5,6,9,11,12,13,14,15,16,21,22,25,26,28,30,31,32,33,34,38,40>32,35,8,9,38,11,13,17,21,22,26,27,1,34,3,33,5,40,14,15,16,28,30
1,3,5,6,9,11,12,13,14,15,16,21,22,25,26,28,30,31,32,33,34,38,40>32,35,36,38,17,20,22,25,26,27,1,34,3,33,5,40,14,15,16,28,30
1,3,5,6,9,11,12,13,14,15,16,21,22,25,26,28,30,31,32,33,34,38,40>35,6,8,38,12,13,17,20,21,22,25,26,27,31,1,34,3,33,5,40,14,15,16,28,30
1,3,5,6,9,11,12,13,14,15,16,21,22,25,26,28,30,31,32,33,34,38,40>32,35,36,6,8,9,38,11,13,17,22,27,29,1,34,3,33,5,40,14,15,16,28,30
1,3,5,6,9,11,12,13,14,15,16,21,22,25,26,28,30,31,32,33,34,38,40>7,8,9,38,11,12,17,26,27,31,1,34,3,33,5,40,14,15,16,28,30
1,3,5,6,9,11,12,13,14,15,16,21,22,25,26,28,30,31,32,33,34,38,40>6,7,9,38,13,17,21,22,25,26,29,31,1,34,3,33,5,40,14,15,16,28,30
1,3,5,6,9,11,12,13,14,15,16,21,22,25,26,28,30,31,32,33,34,38,40>32,36,6,7,8,13,21,22,25,27,29,1,34,3,33,5,40,14,15,16,28,30
33,2,34,4,36,37,7,38,40,11,13,16,22,23,26,27,28,29,30>34,4,7,38,9,13,14,17,22,23,27,33,2,36,40,16,26,28,29,30
33,2,34,4,36,37,7,38,40,11,13,16,22,23,26,27,28,29,30>32,34,4,38,17,27,31,33,2,36,40,16,26,28,29,30
33,2,34,4,36,37,7,38,40,11,13,16,22,23,26,27,28,29,30>5,7,9,13,23,27,31,33,2,36,40,16,26,28,29,30
33,2,34,4,36,37,7,38,40,11,13,16,22,23,26,27,28,29,30>32,5,38,9,11,22,27,33,2,36,40,16,26,28,29,30
33,2,34,4,36,37,7,38,40,11,13,16,22,23,26,27,28,29,30>4,5,9,13,23,27,33,2,36,40,16,26,28,29,30
33,2,34,4,36,37,7,38,40,11,13,16,22,23,26,27,28,29,30>37,9,11,13,14,22,31,33,2,36,40,16,26,28,29,30
33,2,34,4,36,37,7,38,40,11,13,16,22,23,26,27,28,29,30>32,4,37,23,33,2,36,40,16,26,28,29,30
33,2,34,4,36,37,7,38,40,11,13,16,22,23,26,27,28,29,30>32,34,5,37,38,13,17,23,33,2,36,40,16,26,28,29,30
1,2,3,4,6,7,8,16,21,22,25,26,27,29,31,32,33,34,37,39,40>34,39,20,25,28,32,1,2,3,4,6,7,8,27,29,31
1,2,3,4,6,7,8,16,21,22,25,26,27,29,31,32,33,34,37,39,40>33,34,37,9,16,20,21,22,28,32,1,2,3,4,6,7,8,27,29,31
1,2,3,4,6,7,8,16,21,22,25,26,27,29,31,32,33,34,37,39,40>34,35,37,40,16,20,22,28,30,32,1,2,3,4,6,7,8,27,29,31
1,2,3,4,6,7,8,16,21,22,25,26,27,29,31,32,33,34,37,39,40>33,36,37,39,40,9,16,20,21,25,28,32,1,2,3,4,6,7,8,27,29,31
1,2,3,4,6,7,8,16,21,22,25,26,27,29,31,32,33,34,37,39,40>33,34,35,36,39,40,21,22,25,26,30,32,1,2,3,4,6,7,8,27,29,31
1,2,3,4,6,7,8,16,21,22,25,26,27,29,31,32,33,34,37,39,40>33,34,35,5,39,40,16,30,32,1,2,3,4,6,7,8,27,29,31
1,2,3,4,6,7,8,16,21,22,25,26,27,29,31,32,33,34,37,39,40>34,36,5,39,21,22,25,26,30,32,1,2,3,4,6,7,8,27,29,31
1,2,3,4,6,7,8,16,21,22,25,26,27,29,31,32,33,34,37,39,40>33,34,36,5,37,39,40,9,16,25,32,1,2,3,4,6,7,8,27,29,31
2,4,5,6,9,11,14,15,16,17,18,20,21,22,23,24,25,27,28,35,37,39,40>5,6,8,40,14,16,17,23,26,29,2,37,39,9,15,20,21,22,24,25,27,28
2,4,5,6,9,11,14,15,16,17,18,20,21,22,23,24,25,27,28,35,37,39,40>34,5,6,8,14,17,23,26,31,2,37,39,9,15,20,21,22,24,25,27,28
2,4,5,6,9,11,14,15,16,17,18,20,21,22,23,24,25,27,28,35,37,39,40>32,35,5,6,8,40,14,16,17,18,26,2,37,39,9,15,20,21,22,24,25,27,28
2,4,5,6,9,11,14,15,16,17,18,20,21,22,23,24,25,27,28,35,37,39,40>32,35,5,8,40,16,23,26,2,37,39,9,15,20,21,22,24,25,27,28
2,4,5,6,9,11,14,15,16,17,18,20,21,22,23,24,25,27,28,35,37,39,40>32,34,35,8,40,23,31,2,37,39,9,15,20,21,22,24,25,27,28
2,4,5,6,9,11,14,15,16,17,18,20,21,22,23,24,25,27,28,35,37,39,40>32,33,4,5,17,18,23,31,2,37,39,9,15,20,21,22,24,25,27,28
2,4,5,6,9,11,14,15,16,17,18,20,21,22,23,24,25,27,28,35,37,39,40>34,4,5,6,40,16,18,23,29,31,2,37,39,9,15,20,21,22,24,25,27,28
2,4,5,6,9,11,14,15,16,17,18,20,21,22,23,24,25,27,28,35,37,39,40>34,4,40,11,17,31,2,37,39,9,15,20,21,22,24,25,27,28
1,2,3,5,10,11,13,15,19,24,25,27,28,29,33,34,36,37,38,39,40>32,10,12,14,17,23,24,28,31,1,2,3,33,5,36,11,13,25,27
1,2,3,5,10,11,13,15,19,24,25,27,28,29,33,34,36,37,38,39,40>32,34,10,14,16,18,23,28,29,1,2,3,33,5,36,11,13,25,27
1,2,3,5,10,11,13,15,19,24,25,27,28,29,33,34,36,37,38,39,40>38,40,10,14,16,17,18,23,29,31,1,2,3,33,5,36,11,13,25,27
1,2,3,5,10,11,13,15,19,24,25,27,28,29,33,34,36,37,38,39,40>32,37,38,40,10,14,16,18,19,23,29,31,1,2,3,33,5,36,11,13,25,27
1,2,3,5,10,11,13,15,19,24,25,27,28,29,33,34,36,37,38,39,40>32,39,15,18,23,31,1,2,3,33,5,36,11,13,25,27
1,2,3,5,10,11,13,15,19,24,25,27,28,29,33,34,36,37,38,39,40>32,37,39,40,14,18,19,23,29,1,2,3,33,5,36,11,13,25,27
1,2,3,5,10,11,13,15,19,24,25,27,28,29,33,34,36,37,38,39,40>32,37,38,39,40,14,17,19,23,28,1,2,3,33,5,36,11,13,25,27
1,2,3,5,10,11,13,15,19,24,25,27,28,29,33,34,36,37,38,39,40>34,37,38,39,40,23,24,28,31,1,2,3,33,5,36,11,13,25,27
1,2,3,5,6,7,8,9,10,11,12,20,21,24,25,28,29,31,32,33,36,37,38,40>32,10,21,27,31,1,2,3,33,5,36,7,8,9,38,11,20,24,25
1,2,3,5,6,7,8,9,10,11,12,20,21,24,25,28,29,31,32,33,36,37,38,40>37,40,10,13,27,28,29,31,1,2,3,33,5,36,7,8,9,38,11,20,24,25
1,2,3,5,6,7,8,9,10,11,12,20,21,24,25,28,29,31,32,33,36,37,38,40>32,6,12,13,21,29,1,2,3,33,5,36,7,8,9,38,11,20,24,25
1,2,3,5,6,7,8,9,10,11,12,20,21,24,25,28,29,31,32,33,36,37,38,40>32,6,10,27,28,31,1,2,3,33,5,36,7,8,9,38,11,20,24,25
1,2,3,5,6,7,8,9,10,11,12,20,21,24,25,28,29,31,32,33,36,37,38,40>37,6,40,13,27,29,31,1,2,3,33,5,36,7,8,9,38,11,20,24,25
1,2,3,5,6,7,8,9,10,11,12,20,21,24,25,28,29,31,32,33,36,37,38,40>32,37,6,40,13,27,28,31,1,2,3,33,5,36,7,8,9,38,11,20,24,25
1,2,3,5,6,7,8,9,10,11,12,20,21,24,25,28,29,31,32,33,36,37,38,40>35,37,6,10,12,13,21,31,1,2,3,33,5,36,7,8,9,38,11,20,24,25
1,2,3,5,6,7,8,9,10,11,12,20,21,24,25,28,29,31,32,33,36,37,38,40>32,35,6,39,40,10,13,21,31,1,2,3,33,5,36,7,8,9,38,11,20,24,25
32,2,3,4,5,34,7,38,39,40,12,16,21,22,29,30>32,9,16,21,22,30,2,3,4,5,40,29
32,2,3,4,5,34,7,38,39,40,12,16,21,22,29,30>32,38,9,16,30,2,3,4,5,40,29
32,2,3,4,5,34,7,38,39,40,12,16,21,22,29,30>32,38,9,12,21,28,2,3,4,5,40,29
32,2,3,4,5,34,7,38,39,40,12,16,21,22,29,30>32,7,12,16,20,2,3,4,5,40,29
32,2,3,4,5,34,7,38,39,40,12,16,21,22,29,30>38,7,9,16,21,2,3,4,5,40,29
32,2,3,4,5,34,7,38,39,40,12,16,21,22,29,30>38,7,9,20,21,28,2,3,4,5,40,29
32,2,3,4,5,34,7,38,39,40,12,16,21,22,29,30>38,39,9,16,21,28,30,2,3,4,5,40,29
32,2,3,4,5,34,7,38,39,40,12,16,21,22,29,30>32,34,38,39,16,20,22,2,3,4,5,40,29
3,4,6,8,9,10,13,14,15,16,17,18,19,20,25,27,29,30,33,35,36>32,39,11,12,23,24,25,29,3,4,36,8,9,10,13,14,15,16,17,18,19,20,27
3,4,6,8,9,10,13,14,15,16,17,18,19,20,25,27,29,30,33,35,36>32,33,35,39,40,11,24,25,29,30,3,4,36,8,9,10,13,14,15,16,17,18,19,20,27
3,4,6,8,9,10,13,14,15,16,17,18,19,20,25,27,29,30,33,35,36>37,39,11,12,25,29,3,4,36,8,9,10,13,14,15,16,17,18,19,20,27
3,4,6,8,9,10,13,14,15,16,17,18,19,20,25,27,29,30,33,35,36>35,37,39,22,23,29,30,3,4,36,8,9,10,13,14,15,16,17,18,19,20,27
3,4,6,8,9,10,13,14,15,16,17,18,19,20,25,27,29,30,33,35,36>35,37,39,40,22,24,29,30,3,4,36,8,9,10,13,14,15,16,17,18,19,20,27
3,4,6,8,9,10,13,14,15,16,17,18,19,20,25,27,29,30,33,35,36>6,40,12,23,24,25,29,30,31,3,4,36,8,9,10,13,14,15,16,17,18,19,20,27
3,4,6,8,9,10,13,14,15,16,17,18,19,20,25,27,29,30,33,35,36>35,6,39,40,12,23,24,25,29,31,3,4,36,8,9,10,13,14,15,16,17,18,19,20,27
3,4,6,8,9,10,13,14,15,16,17,18,19,20,25,27,29,30,33,35,36>32,33,35,37,6,11,12,24,25,29,30,31,3,4,36,8,9,10,13,14,15,16,17,18,19,20,27
2,4,7,8,12,13,14,15,19,20,21,23,24,26,28,31,33,34,37,38,39,40>4,8,12,13,16,17,18,19,21,25,28,31,35,36,37,39,33,2,34,14,15,20,23,24,26
2,4,7,8,12,13,14,15,19,20,21,23,24,26,28,31,33,34,37,38,39,40>5,8,12,13,16,18,19,21,28,30,35,40,33,2,34,14,15,20,23,24,26
2,4,7,8,12,13,14,15,19,20,21,23,24,26,28,31,33,34,37,38,39,40>5,8,13,21,28,30,38,39,33,2,34,14,15,20,23,24,26
2,4,7,8,12,13,14,15,19,20,21,23,24,26,28,31,33,34,37,38,39,40>7,8,12,13,16,17,18,21,25,30,35,36,38,39,40,33,2,34,14,15,20,23,24,26
2,4,7,8,12,13,14,15,19,20,21,23,24,26,28,31,33,34,37,38,39,40>4,8,12,16,17,18,19,28,30,31,35,36,37,39,40,33,2,34,14,15,20,23,24,26
2,4,7,8,12,13,14,15,19,20,21,23,24,26,28,31,33,34,37,38,39,40>4,8,9,12,13,16,17,30,35,37,38,39,33,2,34,14,15,20,23,24,26
2,4,7,8,12,13,14,15,19,20,21,23,24,26,28,31,33,34,37,38,39,40>4,8,9,12,13,16,18,19,21,30,35,36,37,33,2,34,14,15,20,23,24,26
2,4,7,8,12,13,14,15,19,20,21,23,24,26,28,31,33,34,37,38,39,40>5,8,9,12,13,16,21,25,30,35,37,38,39,33,2,34,14,15,20,23,24,26
33,34,3,35,5,36,39,8,9,11,12,13,16,18,20,26,28,29,30>34,40,12,14,18,20,22,24,26,29,33,3,36,5,16,30
33,34,3,35,5,36,39,8,9,11,12,13,16,18,20,26,28,29,30>37,9,40,12,13,14,17,22,29,33,3,36,5,16,30
33,34,3,35,5,36,39,8,9,11,12,13,16,18,20,26,28,29,30>34,37,9,40,12,22,28,29,33,3,36,5,16,30
33,34,3,35,5,36,39,8,9,11,12,13,16,18,20,26,28,29,30>39,40,11,13,14,18,22,24,33,3,36,5,16,30
33,34,3,35,5,36,39,8,9,11,12,13,16,18,20,26,28,29,30>35,8,9,40,11,12,13,18,22,28,33,3,36,5,16,30
33,34,3,35,5,36,39,8,9,11,12,13,16,18,20,26,28,29,30>39,8,11,12,13,14,28,33,3,36,5,16,30
33,34,3,35,5,36,39,8,9,11,12,13,16,18,20,26,28,29,30>39,8,9,11,12,13,17,20,22,24,26,33,3,36,5,16,30
33,34,3,35,5,36,39,8,9,11,12,13,16,18,20,26,28,29,30>34,35,37,39,8,9,40,14,17,18,20,22,24,33,3,36,5,16,30
1,35,4,36,6,38,40,11,16,17,18,21,22,24,25,26,28,29,30,31>36,17,20,24,26,31,1,35,40,21,22,25,28,29,30
1,35,4,36,6,38,40,11,16,17,18,21,22,24,25,26,28,29,30,31>6,8,38,16,17,24,27,1,35,40,21,22,25,28,29,30
1,35,4,36,6,38,40,11,16,17,18,21,22,24,25,26,28,29,30,31>33,4,6,9,11,39,16,17,20,26,27,1,35,40,21,22,25,28,29,30
1,35,4,36,6,38,40,11,16,17,18,21,22,24,25,26,28,29,30,31>33,36,6,9,11,17,20,24,26,27,1,35,40,21,22,25,28,29,30
1,35,4,36,6,38,40,11,16,17,18,21,22,24,25,26,28,29,30,31>7,8,11,38,39,17,18,20,27,31,1,35,40,21,22,25,28,29,30
1,35,4,36,6,38,40,11,16,17,18,21,22,24,25,26,28,29,30,31>33,6,7,11,38,17,18,20,24,26,31,1,35,40,21,22,25,28,29,30
1,35,4,36,6,38,40,11,16,17,18,21,22,24,25,26,28,29,30,31>4,6,7,38,16,18,31,1,35,40,21,22,25,28,29,30
1,35,4,36,6,38,40,11,16,17,18,21,22,24,25,26,28,29,30,31>33,4,6,7,8,9,37,11,38,16,17,18,27,1,35,40,21,22,25,28,29,30
2,3,5,7,8,10,11,13,14,15,16,18,20,21,22,31,32,33,34,36,37,40>32,8,9,40,19,28,31,2,3,34,5,36,11,13,14,15,16,20,21,22
2,3,5,7,8,10,11,13,14,15,16,18,20,21,22,31,32,33,34,36,37,40>33,37,8,10,40,19,28,29,2,3,34,5,36,11,13,14,15,16,20,21,22
2,3,5,7,8,10,11,13,14,15,16,18,20,21,22,31,32,33,34,36,37,40>35,37,8,9,10,19,24,28,29,31,2,3,34,5,36,11,13,14,15,16,20,21,22
2,3,5,7,8,10,11,13,14,15,16,18,20,21,22,31,32,33,34,36,37,40>33,35,37,7,9,12,19,29,31,2,3,34,5,36,11,13,14,15,16,20,21,22
2,3,5,7,8,10,11,13,14,15,16,18,20,21,22,31,32,33,34,36,37,40>32,33,35,37,7,40,28,29,31,2,3,34,5,36,11,13,14,15,16,20,21,22
2,3,5,7,8,10,11,13,14,15,16,18,20,21,22,31,32,33,34,36,37,40>33,37,38,8,40,2,3,34,5,36,11,13,14,15,16,20,21,22
2,3,5,7,8,10,11,13,14,15,16,18,20,21,22,31,32,33,34,36,37,40>35,37,38,7,40,17,18,28,31,2,3,34,5,36,11,13,14,15,16,20,21,22
2,3,5,7,8,10,11,13,14,15,16,18,20,21,22,31,32,33,34,36,37,40>33,35,37,38,7,9,10,40,18,19,29,31,2,3,34,5,36,11,13,14,15,16,20,21,22
2,5,6,7,8,10,11,12,13,14,15,18,19,20,21,22,27,28,29,30,32,33,35,37,38>35,9,10,39,40,16,23,32,33,2,5,37,8,11,12,13,14,15,18,20,21,22,28,29
2,5,6,7,8,10,11,12,13,14,15,18,19,20,21,22,27,28,29,30,32,33,35,37,38>35,36,6,10,16,17,19,23,30,31,32,33,2,5,37,8,11,12,13,14,15,18,20,21,22,28,29
2,5,6,7,8,10,11,12,13,14,15,18,19,20,21,22,27,28,29,30,32,33,35,37,38>36,7,10,39,40,17,23,24,30,31,32,33,2,5,37,8,11,12,13,14,15,18,20,21,22,28,29
2,5,6,7,8,10,11,12,13,14,15,18,19,20,21,22,27,28,29,30,32,33,35,37,38>35,36,7,9,39,17,19,23,31,32,33,2,5,37,8,11,12,13,14,15,18,20,21,22,28,29
2,5,6,7,8,10,11,12,13,14,15,18,19,20,21,22,27,28,29,30,32,33,35,37,38>35,36,6,7,9,19,23,24,30,32,33,2,5,37,8,11,12,13,14,15,18,20,21,22,28,29
2,5,6,7,8,10,11,12,13,14,15,18,19,20,21,22,27,28,29,30,32,33,35,37,38>38,9,39,16,19,24,32,33,2,5,37,8,11,12,13,14,15,18,20,21,22,28,29
2,5,6,7,8,10,11,12,13,14,15,18,19,20,21,22,27,28,29,30,32,33,35,37,38>7,38,9,10,39,40,16,17,23,24,27,30,31,32,33,2,5,37,8,11,12,13,14,15,18,20,21,22,28,29
2,5,6,7,8,10,11,12,13,14,15,18,19,20,21,22,27,28,29,30,32,33,35,37,38>35,36,6,7,38,39,40,17,24,32,33,2,5,37,8,11,12,13,14,15,18,20,21,22,28,29
