CD45,CD8,TCRlig,TCbind,PAGCsk,LCK,Fyn,Rlk,TCRphos,ZAP70,cCbl,Itk,LAT,Gads,Slp76,PLCg_b,Grb2Sos,DAG,PLCg_a,Ras,RasGRP1,PKCth,IP3,Raf,MEK,Ca,ERK,SEK,IKK,Calcin,Rsk,Fos,JNK,IkB,CREB,Jun,CRE,AP1,NFkB,NFAT
1,2,3,33,5,6,7,8,9,39,11,14,15,17,19,24,26,29,30,31>6,17,18,19,24,29,1,2,3,5,7,8,9,39,15,30
1,2,3,33,5,6,7,8,9,39,11,14,15,17,19,24,26,29,30,31>33,35,6,11,14,19,20,23,26,31,1,2,3,5,7,8,9,39,15,30
1,2,3,33,5,6,7,8,9,39,11,14,15,17,19,24,26,29,30,31>6,40,11,14,19,20,24,25,26,1,2,3,5,7,8,9,39,15,30
1,2,3,33,5,6,7,8,9,39,11,14,15,17,19,24,26,29,30,31>35,36,6,14,17,18,19,20,23,24,25,26,1,2,3,5,7,8,9,39,15,30
1,2,3,33,5,6,7,8,9,39,11,14,15,17,19,24,26,29,30,31>33,36,40,11,23,24,25,29,1,2,3,5,7,8,9,39,15,30
1,2,3,33,5,6,7,8,9,39,11,14,15,17,19,24,26,29,30,31>6,40,11,14,17,18,19,20,23,25,1,2,3,5,7,8,9,39,15,30
1,2,3,33,5,6,7,8,9,39,11,14,15,17,19,24,26,29,30,31>33,6,40,11,17,23,26,29,31,1,2,3,5,7,8,9,39,15,30
1,2,3,33,5,6,7,8,9,39,11,14,15,17,19,24,26,29,30,31>33,36,6,40,11,20,23,31,1,2,3,5,7,8,9,39,15,30
2,3,4,6,7,8,11,13,19,20,21,22,23,24,26,29,30,31,32,35,39,40>9,11,14,16,17,19,2,3,35,39,8,40,20,23,24,26,29,30
2,3,4,6,7,8,11,13,19,20,21,22,23,24,26,29,30,31,32,35,39,40>32,4,37,14,18,31,2,3,35,39,8,40,20,23,24,26,29,30
2,3,4,6,7,8,11,13,19,20,21,22,23,24,26,29,30,31,32,35,39,40>5,37,11,13,14,16,18,19,21,22,28,2,3,35,39,8,40,20,23,24,26,29,30
2,3,4,6,7,8,11,13,19,20,21,22,23,24,26,29,30,31,32,35,39,40>32,6,9,13,17,18,31,2,3,35,39,8,40,20,23,24,26,29,30
2,3,4,6,7,8,11,13,19,20,21,22,23,24,26,29,30,31,32,35,39,40>32,4,6,9,11,14,28,31,2,3,35,39,8,40,20,23,24,26,29,30
2,3,4,6,7,8,11,13,19,20,21,22,23,24,26,29,30,31,32,35,39,40>32,4,7,9,14,16,17,21,28,2,3,35,39,8,40,20,23,24,26,29,30
2,3,4,6,7,8,11,13,19,20,21,22,23,24,26,29,30,31,32,35,39,40>32,4,5,7,37,9,11,13,16,17,31,2,3,35,39,8,40,20,23,24,26,29,30
2,3,4,6,7,8,11,13,19,20,21,22,23,24,26,29,30,31,32,35,39,40>32,6,7,37,11,13,16,18,21,31,2,3,35,39,8,40,20,23,24,26,29,30
2,3,5,9,10,11,14,15,19,20,22,23,25,26,27,28,29,30,32,35,38>9,10,13,14,18,20,22,25,31,32,2,3,5,11,15,23,26,27,28,29,30
2,3,5,9,10,11,14,15,19,20,22,23,25,26,27,28,29,30,32,35,38>33,37,9,10,14,18,22,25,31,32,2,3,5,11,15,23,26,27,28,29,30
2,3,5,9,10,11,14,15,19,20,22,23,25,26,27,28,29,30,32,35,38>33,37,38,40,10,12,19,22,32,2,3,5,11,15,23,26,27,28,29,30
2,3,5,9,10,11,14,15,19,20,22,23,25,26,27,28,29,30,32,35,38>39,9,12,13,14,18,20,22,24,25,31,32,2,3,5,11,15,23,26,27,28,29,30
2,3,5,9,10,11,14,15,19,20,22,23,25,26,27,28,29,30,32,35,38>33,37,39,13,14,19,20,22,32,2,3,5,11,15,23,26,27,28,29,30
2,3,5,9,10,11,14,15,19,20,22,23,25,26,27,28,29,30,32,35,38>35,37,39,10,14,18,19,20,25,32,2,3,5,11,15,23,26,27,28,29,30
2,3,5,9,10,11,14,15,19,20,22,23,25,26,27,28,29,30,32,35,38>38,39,9,10,12,19,22,25,31,32,2,3,5,11,15,23,26,27,28,29,30
2,3,5,9,10,11,14,15,19,20,22,23,25,26,27,28,29,30,32,35,38>33,35,37,38,39,14,18,22,25,31,32,2,3,5,11,15,23,26,27,28,29,30
1,34,4,5,36,7,37,38,40,12,17,18,20,21,23,24,26,28>37,40,12,17,18,22,23,25,28,30,1,34,5,7,20,24,26
1,34,4,5,36,7,37,38,40,12,17,18,20,21,23,24,26,28>33,4,36,37,17,25,30,1,34,5,7,20,24,26
1,34,4,5,36,7,37,38,40,12,17,18,20,21,23,24,26,28>38,9,22,23,25,30,1,34,5,7,20,24,26
1,34,4,5,36,7,37,38,40,12,17,18,20,21,23,24,26,28>33,38,9,12,18,23,1,34,5,7,20,24,26
1,34,4,5,36,7,37,38,40,12,17,18,20,21,23,24,26,28>36,38,9,18,21,22,23,30,1,34,5,7,20,24,26
1,34,4,5,36,7,37,38,40,12,17,18,20,21,23,24,26,28>33,4,37,38,40,17,22,23,25,30,1,34,5,7,20,24,26
1,34,4,5,36,7,37,38,40,12,17,18,20,21,23,24,26,28>4,36,37,38,40,17,18,25,28,30,1,34,5,7,20,24,26
1,34,4,5,36,7,37,38,40,12,17,18,20,21,23,24,26,28>33,4,36,37,38,40,9,17,21,23,25,28,1,34,5,7,20,24,26
32,2,3,4,36,37,40,10,15,16,17,18,19,20,21,25,28,29,31>10,21,25,27,28,32,35,37,38,39,2,3,4,18,20
32,2,3,4,36,37,40,10,15,16,17,18,19,20,21,25,28,29,31>11,16,17,21,25,27,28,29,31,39,40,2,3,4,18,20
32,2,3,4,36,37,40,10,15,16,17,18,19,20,21,25,28,29,31>10,12,16,21,22,23,27,28,31,35,37,38,39,2,3,4,18,20
32,2,3,4,36,37,40,10,15,16,17,18,19,20,21,25,28,29,31>10,13,19,21,22,24,25,31,32,33,37,39,40,2,3,4,18,20
32,2,3,4,36,37,40,10,15,16,17,18,19,20,21,25,28,29,31>10,12,15,17,22,23,27,29,32,33,37,39,2,3,4,18,20
32,2,3,4,36,37,40,10,15,16,17,18,19,20,21,25,28,29,31>13,15,16,17,22,24,28,32,33,36,37,40,2,3,4,18,20
32,2,3,4,36,37,40,10,15,16,17,18,19,20,21,25,28,29,31>12,13,15,16,21,23,24,28,36,37,38,40,2,3,4,18,20
32,2,3,4,36,37,40,10,15,16,17,18,19,20,21,25,28,29,31>10,12,13,15,17,19,21,29,31,32,36,38,39,2,3,4,18,20
2,3,4,5,6,7,8,34,10,11,36,13,38,15,21,23,28,29,31>7,9,12,15,23,29,31,33,34,35,38,2,3,5,8,11,13
2,3,4,5,6,7,8,34,10,11,36,13,38,15,21,23,28,29,31>4,10,15,20,28,29,34,35,2,3,5,8,11,13
2,3,4,5,6,7,8,34,10,11,36,13,38,15,21,23,28,29,31>6,10,15,16,17,20,23,28,29,33,34,36,2,3,5,8,11,13
2,3,4,5,6,7,8,34,10,11,36,13,38,15,21,23,28,29,31>4,7,10,12,17,23,26,29,31,33,35,36,38,2,3,5,8,11,13
2,3,4,5,6,7,8,34,10,11,36,13,38,15,21,23,28,29,31>9,10,21,23,26,31,34,36,38,2,3,5,8,11,13
2,3,4,5,6,7,8,34,10,11,36,13,38,15,21,23,28,29,31>4,9,10,12,15,17,21,23,31,2,3,5,8,11,13
2,3,4,5,6,7,8,34,10,11,36,13,38,15,21,23,28,29,31>4,6,9,10,15,20,21,23,28,29,31,33,35,36,2,3,5,8,11,13
2,3,4,5,6,7,8,34,10,11,36,13,38,15,21,23,28,29,31>4,6,7,9,10,12,14,15,16,20,21,29,33,35,36,2,3,5,8,11,13
1,33,3,34,5,36,37,8,9,12,13,15,16,21,22,23,27,29>4,8,14,15,22,23,26,27,1,3,36,5,16,29
1,33,3,34,5,36,37,8,9,12,13,15,16,21,22,23,27,29>32,33,4,8,9,17,22,27,31,1,3,36,5,16,29
1,33,3,34,5,36,37,8,9,12,13,15,16,21,22,23,27,29>32,33,4,9,12,14,17,21,22,23,31,1,3,36,5,16,29
1,33,3,34,5,36,37,8,9,12,13,15,16,21,22,23,27,29>33,34,4,8,9,12,13,15,21,26,28,31,1,3,36,5,16,29
1,33,3,34,5,36,37,8,9,12,13,15,16,21,22,23,27,29>34,4,37,8,9,17,20,23,26,27,1,3,36,5,16,29
1,33,3,34,5,36,37,8,9,12,13,15,16,21,22,23,27,29>32,34,4,37,8,9,12,17,22,23,26,27,28,31,1,3,36,5,16,29
1,33,3,34,5,36,37,8,9,12,13,15,16,21,22,23,27,29>33,34,4,37,8,9,15,17,20,22,23,31,1,3,36,5,16,29
1,33,3,34,5,36,37,8,9,12,13,15,16,21,22,23,27,29>32,33,34,4,37,8,9,13,14,17,21,23,26,28,31,1,3,36,5,16,29
32,2,4,39,40,15,17,18,23,28,30>32,23,34,40,2,39
32,2,4,39,40,15,17,18,23,28,30>33,34,17,18,20,22,23,28,40,2,39
32,2,4,39,40,15,17,18,23,28,30>32,4,17,20,22,23,28,30,40,2,39
32,2,4,39,40,15,17,18,23,28,30>32,34,4,18,20,28,40,2,39
32,2,4,39,40,15,17,18,23,28,30>32,33,34,4,17,22,28,30,40,2,39
32,2,4,39,40,15,17,18,23,28,30>32,33,34,4,18,20,22,30,40,2,39
32,2,4,39,40,15,17,18,23,28,30>32,33,15,20,23,26,30,40,2,39
32,2,4,39,40,15,17,18,23,28,30>34,4,15,18,23,26,28,30,40,2,39
3,4,5,6,7,9,11,14,17,22,25,26,29,30,32,33,34,37,38,39,40>6,20,26,27,33,34,37,3,5,40,9,29,30
3,4,5,6,7,9,11,14,17,22,25,26,29,30,32,33,34,37,38,39,40>4,7,17,34,37,39,3,5,40,9,29,30
3,4,5,6,7,9,11,14,17,22,25,26,29,30,32,33,34,37,38,39,40>6,7,17,27,28,32,37,38,3,5,40,9,29,30
3,4,5,6,7,9,11,14,17,22,25,26,29,30,32,33,34,37,38,39,40>4,6,7,14,17,28,33,36,39,3,5,40,9,29,30
3,4,5,6,7,9,11,14,17,22,25,26,29,30,32,33,34,37,38,39,40>4,8,14,15,17,25,28,32,33,39,3,5,40,9,29,30
3,4,5,6,7,9,11,14,17,22,25,26,29,30,32,33,34,37,38,39,40>4,7,11,14,15,20,22,25,26,28,33,37,39,3,5,40,9,29,30
3,4,5,6,7,9,11,14,17,22,25,26,29,30,32,33,34,37,38,39,40>7,8,11,14,15,17,22,25,26,32,33,34,37,3,5,40,9,29,30
3,4,5,6,7,9,11,14,17,22,25,26,29,30,32,33,34,37,38,39,40>4,6,7,8,11,15,17,20,22,25,27,32,33,34,36,39,3,5,40,9,29,30
1,3,5,9,13,14,18,19,20,26,27,29,31,32,34,35,36,37,38,39,40>13,15,16,17,20,22,26,27,30,32,1,3,35,5,37,38,14,18,31
1,3,5,9,13,14,18,19,20,26,27,29,31,32,34,35,36,37,38,39,40>34,4,13,15,16,19,24,27,30,32,1,3,35,5,37,38,14,18,31
1,3,5,9,13,14,18,19,20,26,27,29,31,32,34,35,36,37,38,39,40>34,4,9,13,15,19,23,29,32,1,3,35,5,37,38,14,18,31
1,3,5,9,13,14,18,19,20,26,27,29,31,32,34,35,36,37,38,39,40>4,36,9,13,16,17,24,26,27,32,1,3,35,5,37,38,14,18,31
1,3,5,9,13,14,18,19,20,26,27,29,31,32,34,35,36,37,38,39,40>39,15,17,23,26,27,32,1,3,35,5,37,38,14,18,31
1,3,5,9,13,14,18,19,20,26,27,29,31,32,34,35,36,37,38,39,40>34,4,36,39,9,13,22,26,29,32,1,3,35,5,37,38,14,18,31
1,3,5,9,13,14,18,19,20,26,27,29,31,32,34,35,36,37,38,39,40>39,40,9,13,15,17,20,22,24,27,29,32,1,3,35,5,37,38,14,18,31
1,3,5,9,13,14,18,19,20,26,27,29,31,32,34,35,36,37,38,39,40>34,4,39,40,13,20,29,32,1,3,35,5,37,38,14,18,31
32,34,36,5,6,7,8,9,37,11,12,15,19,21,22,23,26,28>33,36,38,11,12,18,19,21,22,30,34,5,8,9,23,26,28
32,34,36,5,6,7,8,9,37,11,12,15,19,21,22,23,26,28>32,33,37,38,11,15,18,19,20,21,22,34,5,8,9,23,26,28
32,34,36,5,6,7,8,9,37,11,12,15,19,21,22,23,26,28>32,33,36,37,7,38,11,12,19,29,30,34,5,8,9,23,26,28
32,34,36,5,6,7,8,9,37,11,12,15,19,21,22,23,26,28>6,11,18,22,29,34,5,8,9,23,26,28
32,34,36,5,6,7,8,9,37,11,12,15,19,21,22,23,26,28>33,6,7,38,11,20,21,34,5,8,9,23,26,28
32,34,36,5,6,7,8,9,37,11,12,15,19,21,22,23,26,28>37,6,7,38,11,12,18,19,20,30,34,5,8,9,23,26,28
32,34,36,5,6,7,8,9,37,11,12,15,19,21,22,23,26,28>32,37,6,38,11,12,15,18,19,20,21,34,5,8,9,23,26,28
32,34,36,5,6,7,8,9,37,11,12,15,19,21,22,23,26,28>32,33,36,37,6,12,18,20,21,22,30,34,5,8,9,23,26,28
1,34,4,39,9,10,11,12,13,14,15,18,19,21,22,24,26,29,30>4,39,10,40,16,19,20,25,1,11,12,13,14,15,18,21,22,29,30
1,34,4,39,9,10,11,12,13,14,15,18,19,21,22,24,26,29,30>34,4,9,10,16,19,24,25,26,28,1,11,12,13,14,15,18,21,22,29,30
1,34,4,39,9,10,11,12,13,14,15,18,19,21,22,24,26,29,30>7,9,10,40,26,1,11,12,13,14,15,18,21,22,29,30
1,34,4,39,9,10,11,12,13,14,15,18,19,21,22,24,26,29,30>4,7,9,10,19,23,25,26,28,1,11,12,13,14,15,18,21,22,29,30
1,34,4,39,9,10,11,12,13,14,15,18,19,21,22,24,26,29,30>4,7,9,10,40,17,19,20,25,28,1,11,12,13,14,15,18,21,22,29,30
1,34,4,39,9,10,11,12,13,14,15,18,19,21,22,24,26,29,30>34,39,9,10,40,16,25,1,11,12,13,14,15,18,21,22,29,30
1,34,4,39,9,10,11,12,13,14,15,18,19,21,22,24,26,29,30>34,7,39,9,16,19,24,26,28,1,11,12,13,14,15,18,21,22,29,30
1,34,4,39,9,10,11,12,13,14,15,18,19,21,22,24,26,29,30>4,7,39,9,10,40,19,20,23,24,28,1,11,12,13,14,15,18,21,22,29,30
32,33,34,3,5,37,39,40,10,13,19,20,21,22,24,26,27,28,29>4,14,17,22,26,34,37,40,32,33,3,5,13,20,24,28,29
32,33,34,3,5,37,39,40,10,13,19,20,21,22,24,26,27,28,29>4,11,14,17,21,22,25,26,31,37,39,32,33,3,5,13,20,24,28,29
32,33,34,3,5,37,39,40,10,13,19,20,21,22,24,26,27,28,29>4,16,19,21,22,26,30,31,34,36,40,32,33,3,5,13,20,24,28,29
32,33,34,3,5,37,39,40,10,13,19,20,21,22,24,26,27,28,29>10,16,22,23,26,27,31,36,39,40,32,33,3,5,13,20,24,28,29
32,33,34,3,5,37,39,40,10,13,19,20,21,22,24,26,27,28,29>4,10,11,16,17,19,21,22,30,34,36,39,32,33,3,5,13,20,24,28,29
32,33,34,3,5,37,39,40,10,13,19,20,21,22,24,26,27,28,29>10,14,16,17,21,22,23,25,26,31,37,32,33,3,5,13,20,24,28,29
32,33,34,3,5,37,39,40,10,13,19,20,21,22,24,26,27,28,29>4,10,14,16,17,18,19,22,23,30,37,39,32,33,3,5,13,20,24,28,29
32,33,34,3,5,37,39,40,10,13,19,20,21,22,24,26,27,28,29>4,11,14,16,18,19,21,25,32,33,3,5,13,20,24,28,29
32,34,35,5,38,7,9,10,11,12,14,16,20,22,26,28,29>32,33,38,10,12,13,15,20,22,24,30,5,9,11,28,29
32,34,35,5,38,7,9,10,11,12,14,16,20,22,26,28,29>32,35,38,7,10,13,14,24,26,30,5,9,11,28,29
32,34,35,5,38,7,9,10,11,12,14,16,20,22,26,28,29>33,35,38,12,14,15,26,5,9,11,28,29
32,34,35,5,38,7,9,10,11,12,14,16,20,22,26,28,29>33,35,38,7,14,26,30,5,9,11,28,29
32,34,35,5,38,7,9,10,11,12,14,16,20,22,26,28,29>34,35,38,7,12,13,24,5,9,11,28,29
32,34,35,5,38,7,9,10,11,12,14,16,20,22,26,28,29>32,34,35,7,12,13,14,15,16,22,26,5,9,11,28,29
32,34,35,5,38,7,9,10,11,12,14,16,20,22,26,28,29>33,37,7,10,13,14,22,5,9,11,28,29
32,34,35,5,38,7,9,10,11,12,14,16,20,22,26,28,29>32,33,35,37,38,13,14,16,20,24,26,30,5,9,11,28,29
2,34,35,36,37,7,8,40,13,14,15,18,22,23,26,27,28,30>32,33,8,9,13,16,18,29,2,34,37,40,14,15,22,26,28,30
2,34,35,36,37,7,8,40,13,14,15,18,22,23,26,27,28,30>33,36,7,9,17,23,27,29,2,34,37,40,14,15,22,26,28,30
2,34,35,36,37,7,8,40,13,14,15,18,22,23,26,27,28,30>32,35,36,8,18,23,29,2,34,37,40,14,15,22,26,28,30
2,34,35,36,37,7,8,40,13,14,15,18,22,23,26,27,28,30>33,35,36,7,9,16,18,21,27,29,2,34,37,40,14,15,22,26,28,30
2,34,35,36,37,7,8,40,13,14,15,18,22,23,26,27,28,30>33,35,36,9,13,16,21,31,2,34,37,40,14,15,22,26,28,30
2,34,35,36,37,7,8,40,13,14,15,18,22,23,26,27,28,30>32,33,35,36,7,8,9,17,18,29,31,2,34,37,40,14,15,22,26,28,30
2,34,35,36,37,7,8,40,13,14,15,18,22,23,26,27,28,30>32,5,7,8,17,18,23,2,34,37,40,14,15,22,26,28,30
2,34,35,36,37,7,8,40,13,14,15,18,22,23,26,27,28,30>33,35,5,7,8,9,17,21,23,29,2,34,37,40,14,15,22,26,28,30
6,7,8,10,14,16,18,19,21,24,26,29,30,31,32,33,34,35,37,39,40>6,13,14,15,16,19,21,22,25,29,31,32,33,39,35,37,8,40,18,30
6,7,8,10,14,16,18,19,21,24,26,29,30,31,32,33,34,35,37,39,40>6,7,11,14,15,23,24,26,29,34,36,35,37,8,40,18,30
6,7,8,10,14,16,18,19,21,24,26,29,30,31,32,33,34,35,37,39,40>6,9,15,16,19,25,31,32,34,36,39,35,37,8,40,18,30
6,7,8,10,14,16,18,19,21,24,26,29,30,31,32,33,34,35,37,39,40>5,7,9,14,15,23,26,33,36,35,37,8,40,18,30
6,7,8,10,14,16,18,19,21,24,26,29,30,31,32,33,34,35,37,39,40>5,6,7,9,15,16,21,23,24,29,32,34,39,35,37,8,40,18,30
6,7,8,10,14,16,18,19,21,24,26,29,30,31,32,33,34,35,37,39,40>7,10,11,15,20,21,23,26,31,32,33,34,36,35,37,8,40,18,30
6,7,8,10,14,16,18,19,21,24,26,29,30,31,32,33,34,35,37,39,40>5,7,10,11,19,22,24,25,26,31,32,33,35,37,8,40,18,30
6,7,8,10,14,16,18,19,21,24,26,29,30,31,32,33,34,35,37,39,40>5,6,7,10,11,13,14,15,16,22,24,26,29,31,34,35,37,8,40,18,30
32,35,4,5,36,37,8,38,10,11,12,39,14,40,17,24,27,28,31>8,12,13,25,28,32,35,37,38,39,11,31
32,35,4,5,36,37,8,38,10,11,12,39,14,40,17,24,27,28,31>10,28,4,8,32,35,37,38,39,11,31
32,35,4,5,36,37,8,38,10,11,12,39,14,40,17,24,27,28,31>33,34,5,8,13,14,15,17,24,27,28,32,35,37,38,39,11,31
32,35,4,5,36,37,8,38,10,11,12,39,14,40,17,24,27,28,31>36,8,40,10,13,14,17,20,24,27,32,35,37,38,39,11,31
32,35,4,5,36,37,8,38,10,11,12,39,14,40,17,24,27,28,31>4,36,8,13,14,15,17,28,32,35,37,38,39,11,31
32,35,4,5,36,37,8,38,10,11,12,39,14,40,17,24,27,28,31>33,4,36,40,13,14,17,24,25,28,32,35,37,38,39,11,31
32,35,4,5,36,37,8,38,10,11,12,39,14,40,17,24,27,28,31>5,36,8,10,12,14,17,20,24,28,32,35,37,38,39,11,31
32,35,4,5,36,37,8,38,10,11,12,39,14,40,17,24,27,28,31>33,5,36,40,15,17,28,32,35,37,38,39,11,31
33,2,3,36,37,40,9,10,11,12,14,16,17,20,24,25,27,28>32,9,10,14,16,17,33,2,3,36,11,20,24,25,27
33,2,3,36,37,40,9,10,11,12,14,16,17,20,24,25,27,28>34,40,9,10,12,13,14,15,16,28,31,33,2,3,36,11,20,24,25,27
33,2,3,36,37,40,9,10,11,12,14,16,17,20,24,25,27,28>32,34,40,9,13,15,16,28,31,33,2,3,36,11,20,24,25,27
33,2,3,36,37,40,9,10,11,12,14,16,17,20,24,25,27,28>32,5,37,9,10,13,14,17,28,31,33,2,3,36,11,20,24,25,27
33,2,3,36,37,40,9,10,11,12,14,16,17,20,24,25,27,28>32,34,5,37,10,12,13,15,17,28,33,2,3,36,11,20,24,25,27
33,2,3,36,37,40,9,10,11,12,14,16,17,20,24,25,27,28>5,39,40,9,10,13,16,17,33,2,3,36,11,20,24,25,27
33,2,3,36,37,40,9,10,11,12,14,16,17,20,24,25,27,28>5,37,39,10,13,14,15,33,2,3,36,11,20,24,25,27
33,2,3,36,37,40,9,10,11,12,14,16,17,20,24,25,27,28>34,5,37,39,9,10,14,17,28,33,2,3,36,11,20,24,25,27
1,3,5,6,8,11,12,14,16,18,19,20,23,24,27,28,29,32,33,36,38,39,40>40,15,20,22,26,28,31,32,1,33,3,36,5,38,39,8,18,23,24
1,3,5,6,8,11,12,14,16,18,19,20,23,24,27,28,29,32,33,36,38,39,40>40,14,15,19,22,25,26,28,32,1,33,3,36,5,38,39,8,18,23,24
1,3,5,6,8,11,12,14,16,18,19,20,23,24,27,28,29,32,33,36,38,39,40>7,40,14,22,27,32,1,33,3,36,5,38,39,8,18,23,24
1,3,5,6,8,11,12,14,16,18,19,20,23,24,27,28,29,32,33,36,38,39,40>11,16,19,20,25,31,32,1,33,3,36,5,38,39,8,18,23,24
1,3,5,6,8,11,12,14,16,18,19,20,23,24,27,28,29,32,33,36,38,39,40>12,14,15,19,22,28,31,32,1,33,3,36,5,38,39,8,18,23,24
1,3,5,6,8,11,12,14,16,18,19,20,23,24,27,28,29,32,33,36,38,39,40>40,12,14,15,22,29,32,1,33,3,36,5,38,39,8,18,23,24
1,3,5,6,8,11,12,14,16,18,19,20,23,24,27,28,29,32,33,36,38,39,40>6,11,12,14,16,19,25,26,28,31,32,1,33,3,36,5,38,39,8,18,23,24
1,3,5,6,8,11,12,14,16,18,19,20,23,24,27,28,29,32,33,36,38,39,40>6,40,11,12,15,16,19,20,22,28,31,32,1,33,3,36,5,38,39,8,18,23,24
2,4,5,6,9,12,13,15,16,17,20,21,22,23,24,26,27,29,31,32,36,40>5,12,13,14,21,23,25,27,28,35,36,38,39,40,32,2,9,16,17,20,24,26,29,31
2,4,5,6,9,12,13,15,16,17,20,21,22,23,24,26,27,29,31,32,36,40>5,8,25,27,28,30,35,36,38,40,32,2,9,16,17,20,24,26,29,31
2,4,5,6,9,12,13,15,16,17,20,21,22,23,24,26,27,29,31,32,36,40>4,5,6,8,12,14,21,22,23,28,30,36,38,39,32,2,9,16,17,20,24,26,29,31
2,4,5,6,9,12,13,15,16,17,20,21,22,23,24,26,27,29,31,32,36,40>10,12,13,23,25,35,32,2,9,16,17,20,24,26,29,31
2,4,5,6,9,12,13,15,16,17,20,21,22,23,24,26,27,29,31,32,36,40>4,5,6,8,12,14,21,30,35,36,38,39,32,2,9,16,17,20,24,26,29,31
2,4,5,6,9,12,13,15,16,17,20,21,22,23,24,26,27,29,31,32,36,40>4,5,10,12,13,15,23,25,28,36,38,32,2,9,16,17,20,24,26,29,31
2,4,5,6,9,12,13,15,16,17,20,21,22,23,24,26,27,29,31,32,36,40>4,5,10,14,15,21,22,25,28,35,36,38,39,32,2,9,16,17,20,24,26,29,31
2,4,5,6,9,12,13,15,16,17,20,21,22,23,24,26,27,29,31,32,36,40>4,5,6,8,10,12,25,27,28,35,38,40,32,2,9,16,17,20,24,26,29,31
1,2,5,6,7,8,9,10,11,12,13,15,17,19,21,22,23,26,27,30,32,37>37,15,18,20,21,22,27,28,32,1,2,5,7,8,9,11,12,13,17,23,26,30
1,2,5,6,7,8,9,10,11,12,13,15,17,19,21,22,23,26,27,30,32,37>34,37,15,16,18,19,20,21,27,32,1,2,5,7,8,9,11,12,13,17,23,26,30
1,2,5,6,7,8,9,10,11,12,13,15,17,19,21,22,23,26,27,30,32,37>34,37,6,10,14,15,18,21,29,32,1,2,5,7,8,9,11,12,13,17,23,26,30
1,2,5,6,7,8,9,10,11,12,13,15,17,19,21,22,23,26,27,30,32,37>34,37,39,10,14,15,19,20,27,32,1,2,5,7,8,9,11,12,13,17,23,26,30
1,2,5,6,7,8,9,10,11,12,13,15,17,19,21,22,23,26,27,30,32,37>37,6,39,10,15,16,18,21,31,32,1,2,5,7,8,9,11,12,13,17,23,26,30
1,2,5,6,7,8,9,10,11,12,13,15,17,19,21,22,23,26,27,30,32,37>37,6,39,10,16,18,20,21,28,29,32,1,2,5,7,8,9,11,12,13,17,23,26,30
1,2,5,6,7,8,9,10,11,12,13,15,17,19,21,22,23,26,27,30,32,37>34,37,39,40,14,15,20,21,22,29,31,32,1,2,5,7,8,9,11,12,13,17,23,26,30
1,2,5,6,7,8,9,10,11,12,13,15,17,19,21,22,23,26,27,30,32,37>34,37,6,39,40,15,21,22,27,31,32,1,2,5,7,8,9,11,12,13,17,23,26,30
32,1,4,36,39,8,9,12,13,18,24,25,27,29,30>4,36,12,14,16,17,18,31,32,1,39,25,27
32,1,4,36,39,8,9,12,13,18,24,25,27,29,30>36,7,13,14,17,18,24,29,30,32,1,39,25,27
32,1,4,36,39,8,9,12,13,18,24,25,27,29,30>4,38,8,9,12,14,16,22,24,31,32,1,39,25,27
32,1,4,36,39,8,9,12,13,18,24,25,27,29,30>36,38,8,9,40,13,14,22,24,30,32,1,39,25,27
32,1,4,36,39,8,9,12,13,18,24,25,27,29,30>4,36,38,8,9,12,14,16,17,22,29,31,32,1,39,25,27
32,1,4,36,39,8,9,12,13,18,24,25,27,29,30>7,8,9,13,14,22,29,32,1,39,25,27
32,1,4,36,39,8,9,12,13,18,24,25,27,29,30>4,38,7,8,40,16,18,24,29,30,31,32,1,39,25,27
32,1,4,36,39,8,9,12,13,18,24,25,27,29,30>4,36,38,7,8,9,40,12,17,18,30,32,1,39,25,27
1,2,5,7,11,13,14,16,17,18,20,21,22,23,24,26,27,28,30,34,35,37,38,40>32,33,35,7,11,13,15,23,25,27,29,31,1,2,34,5,37,40,14,16,17,20,21,22,24,26,28,30
1,2,5,7,11,13,14,16,17,18,20,21,22,23,24,26,27,28,30,34,35,37,38,40>32,35,13,18,23,25,29,1,2,34,5,37,40,14,16,17,20,21,22,24,26,28,30
1,2,5,7,11,13,14,16,17,18,20,21,22,23,24,26,27,28,30,34,35,37,38,40>35,38,9,11,13,15,31,1,2,34,5,37,40,14,16,17,20,21,22,24,26,28,30
1,2,5,7,11,13,14,16,17,18,20,21,22,23,24,26,27,28,30,34,35,37,38,40>33,35,38,9,15,18,23,29,31,1,2,34,5,37,40,14,16,17,20,21,22,24,26,28,30
1,2,5,7,11,13,14,16,17,18,20,21,22,23,24,26,27,28,30,34,35,37,38,40>7,15,18,27,29,31,1,2,34,5,37,40,14,16,17,20,21,22,24,26,28,30
1,2,5,7,11,13,14,16,17,18,20,21,22,23,24,26,27,28,30,34,35,37,38,40>32,33,35,7,9,11,15,25,29,31,1,2,34,5,37,40,14,16,17,20,21,22,24,26,28,30
1,2,5,7,11,13,14,16,17,18,20,21,22,23,24,26,27,28,30,34,35,37,38,40>33,38,7,13,15,31,1,2,34,5,37,40,14,16,17,20,21,22,24,26,28,30
1,2,5,7,11,13,14,16,17,18,20,21,22,23,24,26,27,28,30,34,35,37,38,40>33,35,38,7,11,25,27,1,2,34,5,37,40,14,16,17,20,21,22,24,26,28,30
2,4,8,9,10,11,13,15,16,17,18,19,20,21,22,23,24,26,27,34,35,38,40>4,9,10,40,15,28,30,31,2,34,11,13,16,17,18,19,20,21,22,23,24,26
2,4,8,9,10,11,13,15,16,17,18,19,20,21,22,23,24,26,27,34,35,38,40>35,37,8,10,12,14,15,25,28,29,30,31,2,34,11,13,16,17,18,19,20,21,22,23,24,26
2,4,8,9,10,11,13,15,16,17,18,19,20,21,22,23,24,26,27,34,35,38,40>32,35,37,8,29,31,2,34,11,13,16,17,18,19,20,21,22,23,24,26
2,4,8,9,10,11,13,15,16,17,18,19,20,21,22,23,24,26,27,34,35,38,40>32,35,38,9,40,25,28,30,31,2,34,11,13,16,17,18,19,20,21,22,23,24,26
2,4,8,9,10,11,13,15,16,17,18,19,20,21,22,23,24,26,27,34,35,38,40>4,38,10,40,25,27,2,34,11,13,16,17,18,19,20,21,22,23,24,26
2,4,8,9,10,11,13,15,16,17,18,19,20,21,22,23,24,26,27,34,35,38,40>32,35,4,38,8,10,40,14,27,2,34,11,13,16,17,18,19,20,21,22,23,24,26
2,4,8,9,10,11,13,15,16,17,18,19,20,21,22,23,24,26,27,34,35,38,40>4,37,38,10,40,12,14,27,29,31,2,34,11,13,16,17,18,19,20,21,22,23,24,26
2,4,8,9,10,11,13,15,16,17,18,19,20,21,22,23,24,26,27,34,35,38,40>32,4,37,38,10,14,15,29,30,2,34,11,13,16,17,18,19,20,21,22,23,24,26
4,10,11,13,15,18,19,20,24,25,26,27,31,32,33,34,35,36,37,39,40>33,4,12,15,17,19,20,22,23,30,32,34,35,36,37,11,13,18,24,25,27,31
4,10,11,13,15,18,19,20,24,25,26,27,31,32,33,34,35,36,37,39,40>33,38,10,12,15,17,20,22,23,30,32,34,35,36,37,11,13,18,24,25,27,31
4,10,11,13,15,18,19,20,24,25,26,27,31,32,33,34,35,36,37,39,40>33,39,12,14,15,19,20,32,34,35,36,37,11,13,18,24,25,27,31
4,10,11,13,15,18,19,20,24,25,26,27,31,32,33,34,35,36,37,39,40>33,4,39,10,16,17,22,23,30,32,34,35,36,37,11,13,18,24,25,27,31
4,10,11,13,15,18,19,20,24,25,26,27,31,32,33,34,35,36,37,39,40>33,38,39,12,15,17,22,26,32,34,35,36,37,11,13,18,24,25,27,31
4,10,11,13,15,18,19,20,24,25,26,27,31,32,33,34,35,36,37,39,40>4,40,12,14,15,16,19,20,23,26,32,34,35,36,37,11,13,18,24,25,27,31
4,10,11,13,15,18,19,20,24,25,26,27,31,32,33,34,35,36,37,39,40>33,4,38,40,12,14,20,22,32,34,35,36,37,11,13,18,24,25,27,31
4,10,11,13,15,18,19,20,24,25,26,27,31,32,33,34,35,36,37,39,40>33,4,38,39,40,14,16,17,23,26,30,32,34,35,36,37,11,13,18,24,25,27,31
32,1,33,3,4,5,36,38,10,12,14,18,19,21,25,27,30>34,7,13,14,15,20,21,23,25,30,32,1,3,4,36,38,18,27
32,1,33,3,4,5,36,38,10,12,14,18,19,21,25,27,30>5,7,10,11,12,19,21,23,25,30,31,32,1,3,4,36,38,18,27
32,1,33,3,4,5,36,38,10,12,14,18,19,21,25,27,30>39,10,11,13,19,20,23,32,1,3,4,36,38,18,27
32,1,33,3,4,5,36,38,10,12,14,18,19,21,25,27,30>34,39,40,11,12,13,14,15,21,23,32,1,3,4,36,38,18,27
32,1,33,3,4,5,36,38,10,12,14,18,19,21,25,27,30>34,39,40,10,11,12,13,20,25,31,32,1,3,4,36,38,18,27
32,1,33,3,4,5,36,38,10,12,14,18,19,21,25,27,30>34,39,10,13,14,20,23,30,31,32,1,3,4,36,38,18,27
32,1,33,3,4,5,36,38,10,12,14,18,19,21,25,27,30>7,39,10,11,13,19,20,21,25,30,31,32,1,3,4,36,38,18,27
32,1,33,3,4,5,36,38,10,12,14,18,19,21,25,27,30>34,7,39,11,12,19,23,31,32,1,3,4,36,38,18,27
1,2,33,4,5,6,35,37,39,11,12,18,19,25,26,27>5,6,9,11,12,19,22,25,26,31,1,2,37,39,18,27
1,2,33,4,5,6,35,37,39,11,12,18,19,25,26,27>33,34,9,11,12,19,22,23,30,1,2,37,39,18,27
1,2,33,4,5,6,35,37,39,11,12,18,19,25,26,27>32,33,34,5,6,8,9,11,19,22,25,26,30,1,2,37,39,18,27
1,2,33,4,5,6,35,37,39,11,12,18,19,25,26,27>33,35,5,19,26,30,1,2,37,39,18,27
1,2,33,4,5,6,35,37,39,11,12,18,19,25,26,27>32,34,35,5,6,9,36,31,1,2,37,39,18,27
1,2,33,4,5,6,35,37,39,11,12,18,19,25,26,27>33,34,35,36,12,23,30,31,1,2,37,39,18,27
1,2,33,4,5,6,35,37,39,11,12,18,19,25,26,27>33,4,5,7,9,36,23,25,30,31,1,2,37,39,18,27
1,2,33,4,5,6,35,37,39,11,12,18,19,25,26,27>32,33,34,35,4,7,11,19,25,26,1,2,37,39,18,27
2,3,4,5,7,8,10,12,13,14,16,17,18,20,22,23,24,25,26,29,31,34,35>37,15,18,21,27,28,2,3,4,5,35,13,14,16,17,20,22,24,25,26,29
2,3,4,5,7,8,10,12,13,14,16,17,18,20,22,23,24,25,26,29,31,34,35>37,7,11,15,23,28,2,3,4,5,35,13,14,16,17,20,22,24,25,26,29
2,3,4,5,7,8,10,12,13,14,16,17,18,20,22,23,24,25,26,29,31,34,35>34,37,8,10,15,21,27,30,31,2,3,4,5,35,13,14,16,17,20,22,24,25,26,29
2,3,4,5,7,8,10,12,13,14,16,17,18,20,22,23,24,25,26,29,31,34,35>37,9,10,12,18,21,23,28,31,2,3,4,5,35,13,14,16,17,20,22,24,25,26,29
2,3,4,5,7,8,10,12,13,14,16,17,18,20,22,23,24,25,26,29,31,34,35>37,9,15,21,28,30,31,2,3,4,5,35,13,14,16,17,20,22,24,25,26,29
2,3,4,5,7,8,10,12,13,14,16,17,18,20,22,23,24,25,26,29,31,34,35>37,9,10,11,12,15,21,28,30,2,3,4,5,35,13,14,16,17,20,22,24,25,26,29
2,3,4,5,7,8,10,12,13,14,16,17,18,20,22,23,24,25,26,29,31,34,35>34,37,8,9,11,18,23,28,31,2,3,4,5,35,13,14,16,17,20,22,24,25,26,29
2,3,4,5,7,8,10,12,13,14,16,17,18,20,22,23,24,25,26,29,31,34,35>34,37,7,8,9,12,18,31,2,3,4,5,35,13,14,16,17,20,22,24,25,26,29
32,33,2,36,5,38,39,8,9,10,40,14,18,20,23,24,26,29,31>8,9,13,22,29,2,36,5,38,39,24,26
32,33,2,36,5,38,39,8,9,10,40,14,18,20,23,24,26,29,31>33,40,13,14,15,18,20,31,2,36,5,38,39,24,26
32,33,2,36,5,38,39,8,9,10,40,14,18,20,23,24,26,29,31>35,10,13,14,15,18,22,25,29,30,2,36,5,38,39,24,26
32,33,2,36,5,38,39,8,9,10,40,14,18,20,23,24,26,29,31>35,8,10,11,13,14,15,22,23,29,30,2,36,5,38,39,24,26
32,33,2,36,5,38,39,8,9,10,40,14,18,20,23,24,26,29,31>33,35,8,10,11,40,13,15,18,30,31,2,36,5,38,39,24,26
32,33,2,36,5,38,39,8,9,10,40,14,18,20,23,24,26,29,31>35,9,10,40,14,22,25,31,2,36,5,38,39,24,26
32,33,2,36,5,38,39,8,9,10,40,14,18,20,23,24,26,29,31>35,9,11,40,18,25,30,2,36,5,38,39,24,26
32,33,2,36,5,38,39,8,9,10,40,14,18,20,23,24,26,29,31>8,9,40,23,25,2,36,5,38,39,24,26
1,2,3,4,5,6,7,11,12,13,14,16,17,20,21,25,26,28,29,31,32,35,36,37,39,40>6,8,12,21,24,26,28,30,33,38,1,2,3,35,5,37,7,39,14,16,17,20
1,2,3,4,5,6,7,11,12,13,14,16,17,20,21,25,26,28,29,31,32,35,36,37,39,40>4,6,8,13,15,21,24,26,27,28,30,36,38,40,1,2,3,35,5,37,7,39,14,16,17,20
1,2,3,4,5,6,7,11,12,13,14,16,17,20,21,25,26,28,29,31,32,35,36,37,39,40>4,9,12,21,24,28,30,32,40,1,2,3,35,5,37,7,39,14,16,17,20
1,2,3,4,5,6,7,11,12,13,14,16,17,20,21,25,26,28,29,31,32,35,36,37,39,40>6,9,12,13,21,24,25,26,28,30,31,32,36,40,1,2,3,35,5,37,7,39,14,16,17,20
1,2,3,4,5,6,7,11,12,13,14,16,17,20,21,25,26,28,29,31,32,35,36,37,39,40>4,6,8,9,13,21,25,27,28,30,32,40,1,2,3,35,5,37,7,39,14,16,17,20
1,2,3,4,5,6,7,11,12,13,14,16,17,20,21,25,26,28,29,31,32,35,36,37,39,40>6,8,11,12,13,21,25,26,30,31,1,2,3,35,5,37,7,39,14,16,17,20
1,2,3,4,5,6,7,11,12,13,14,16,17,20,21,25,26,28,29,31,32,35,36,37,39,40>9,11,15,21,24,26,29,30,31,33,1,2,3,35,5,37,7,39,14,16,17,20
1,2,3,4,5,6,7,11,12,13,14,16,17,20,21,25,26,28,29,31,32,35,36,37,39,40>4,9,11,13,15,24,26,30,33,36,38,40,1,2,3,35,5,37,7,39,14,16,17,20
32,1,2,33,36,5,38,39,8,9,10,40,13,14,16,18,21,24,26,30>33,34,10,11,18,20,22,24,1,2,36,5,38,39,40,13,14,16,30
32,1,2,33,36,5,38,39,8,9,10,40,13,14,16,18,21,24,26,30>32,33,34,8,15,17,20,22,26,1,2,36,5,38,39,40,13,14,16,30
32,1,2,33,36,5,38,39,8,9,10,40,13,14,16,18,21,24,26,30>32,9,10,11,15,17,20,24,25,26,1,2,36,5,38,39,40,13,14,16,30
32,1,2,33,36,5,38,39,8,9,10,40,13,14,16,18,21,24,26,30>32,33,9,11,15,18,22,25,26,1,2,36,5,38,39,40,13,14,16,30
32,1,2,33,36,5,38,39,8,9,10,40,13,14,16,18,21,24,26,30>34,9,10,11,17,20,22,25,26,1,2,36,5,38,39,40,13,14,16,30
32,1,2,33,36,5,38,39,8,9,10,40,13,14,16,18,21,24,26,30>33,8,9,18,24,1,2,36,5,38,39,40,13,14,16,30
32,1,2,33,36,5,38,39,8,9,10,40,13,14,16,18,21,24,26,30>32,33,8,9,10,11,15,17,20,21,22,26,1,2,36,5,38,39,40,13,14,16,30
32,1,2,33,36,5,38,39,8,9,10,40,13,14,16,18,21,24,26,30>33,34,8,9,11,17,20,21,22,25,26,1,2,36,5,38,39,40,13,14,16,30
2,3,4,5,6,7,8,10,12,13,15,18,21,22,28,30,31,35,36,38,40>34,7,38,10,39,16,17,18,29,31,2,35,3,4,5,8,40,12,13,21,22,28
2,3,4,5,6,7,8,10,12,13,15,18,21,22,28,30,31,35,36,38,40>33,36,10,14,16,18,29,30,2,35,3,4,5,8,40,12,13,21,22,28
2,3,4,5,6,7,8,10,12,13,15,18,21,22,28,30,31,35,36,38,40>34,36,37,10,11,14,15,17,20,29,30,31,2,35,3,4,5,8,40,12,13,21,22,28
2,3,4,5,6,7,8,10,12,13,15,18,21,22,28,30,31,35,36,38,40>33,34,6,7,9,10,39,14,29,31,2,35,3,4,5,8,40,12,13,21,22,28
2,3,4,5,6,7,8,10,12,13,15,18,21,22,28,30,31,35,36,38,40>34,36,6,38,11,39,17,20,31,2,35,3,4,5,8,40,12,13,21,22,28
2,3,4,5,6,7,8,10,12,13,15,18,21,22,28,30,31,35,36,38,40>34,36,6,7,39,16,17,20,29,2,35,3,4,5,8,40,12,13,21,22,28
2,3,4,5,6,7,8,10,12,13,15,18,21,22,28,30,31,35,36,38,40>34,37,6,10,14,17,18,30,2,35,3,4,5,8,40,12,13,21,22,28
2,3,4,5,6,7,8,10,12,13,15,18,21,22,28,30,31,35,36,38,40>33,34,37,6,10,39,15,16,17,2,35,3,4,5,8,40,12,13,21,22,28
32,33,34,35,36,8,9,10,11,13,15,17,19,21,22,23,26,27,28,31>5,10,14,15,18,19,20,22,29,32,33,34,35,36,11,13,17,23,26,28,31
32,33,34,35,36,8,9,10,11,13,15,17,19,21,22,23,26,27,28,31>38,15,18,22,27,30,32,33,34,35,36,11,13,17,23,26,28,31
32,33,34,35,36,8,9,10,11,13,15,17,19,21,22,23,26,27,28,31>5,37,38,14,15,19,21,27,32,33,34,35,36,11,13,17,23,26,28,31
32,33,34,35,36,8,9,10,11,13,15,17,19,21,22,23,26,27,28,31>5,37,8,9,15,19,20,27,32,33,34,35,36,11,13,17,23,26,28,31
32,33,34,35,36,8,9,10,11,13,15,17,19,21,22,23,26,27,28,31>5,37,9,10,12,14,15,16,18,19,20,21,30,32,33,34,35,36,11,13,17,23,26,28,31
32,33,34,35,36,8,9,10,11,13,15,17,19,21,22,23,26,27,28,31>5,38,9,10,19,20,22,32,33,34,35,36,11,13,17,23,26,28,31
32,33,34,35,36,8,9,10,11,13,15,17,19,21,22,23,26,27,28,31>5,37,8,9,15,16,18,20,21,29,32,33,34,35,36,11,13,17,23,26,28,31
32,33,34,35,36,8,9,10,11,13,15,17,19,21,22,23,26,27,28,31>37,38,8,9,10,12,16,18,21,30,32,33,34,35,36,11,13,17,23,26,28,31
33,2,37,6,38,8,12,13,15,16,17,18,19,20,21,23,26,27,30,31>33,6,38,39,12,13,15,19,21,27,2,8,16,17,18,20,23,26,30,31
33,2,37,6,38,8,12,13,15,16,17,18,19,20,21,23,26,27,30,31>33,34,37,38,39,13,27,2,8,16,17,18,20,23,26,30,31
33,2,37,6,38,8,12,13,15,16,17,18,19,20,21,23,26,27,30,31>32,35,5,6,37,38,39,12,14,15,21,22,24,2,8,16,17,18,20,23,26,30,31
33,2,37,6,38,8,12,13,15,16,17,18,19,20,21,23,26,27,30,31>32,33,35,5,37,39,40,12,14,19,21,27,2,8,16,17,18,20,23,26,30,31
33,2,37,6,38,8,12,13,15,16,17,18,19,20,21,23,26,27,30,31>32,36,6,37,39,40,12,13,14,15,21,24,27,2,8,16,17,18,20,23,26,30,31
33,2,37,6,38,8,12,13,15,16,17,18,19,20,21,23,26,27,30,31>33,36,5,39,40,13,14,15,19,22,27,2,8,16,17,18,20,23,26,30,31
33,2,37,6,38,8,12,13,15,16,17,18,19,20,21,23,26,27,30,31>33,34,36,6,37,39,19,2,8,16,17,18,20,23,26,30,31
33,2,37,6,38,8,12,13,15,16,17,18,19,20,21,23,26,27,30,31>33,34,35,36,5,38,40,12,14,15,19,21,2,8,16,17,18,20,23,26,30,31
2,5,11,14,16,20,21,22,23,24,25,26,27,31,32,33,35,37,38,39,40>38,11,15,21,22,29,30,32,2,35,5,37,39,20,24,25,26,27,31
2,5,11,14,16,20,21,22,23,24,25,26,27,31,32,33,35,37,38,39,40>34,38,21,23,29,30,32,2,35,5,37,39,20,24,25,26,27,31
2,5,11,14,16,20,21,22,23,24,25,26,27,31,32,33,35,37,38,39,40>33,34,38,11,15,23,28,30,32,2,35,5,37,39,20,24,25,26,27,31
2,5,11,14,16,20,21,22,23,24,25,26,27,31,32,33,35,37,38,39,40>36,38,14,22,30,32,2,35,5,37,39,20,24,25,26,27,31
2,5,11,14,16,20,21,22,23,24,25,26,27,31,32,33,35,37,38,39,40>33,36,38,15,16,21,23,28,29,32,2,35,5,37,39,20,24,25,26,27,31
2,5,11,14,16,20,21,22,23,24,25,26,27,31,32,33,35,37,38,39,40>33,36,40,11,15,22,23,28,29,30,32,2,35,5,37,39,20,24,25,26,27,31
2,5,11,14,16,20,21,22,23,24,25,26,27,31,32,33,35,37,38,39,40>33,34,36,40,11,14,15,16,22,23,28,30,32,2,35,5,37,39,20,24,25,26,27,31
2,5,11,14,16,20,21,22,23,24,25,26,27,31,32,33,35,37,38,39,40>33,36,38,40,21,22,32,2,35,5,37,39,20,24,25,26,27,31
32,2,3,35,5,6,37,8,39,10,11,12,13,40,20,26,27,30,31>24,26,12,16,32,2,35,3,5,37,39,8,40,11,13,30,31
32,2,3,35,5,6,37,8,39,10,11,12,13,40,20,26,27,30,31>6,27,12,16,32,2,35,3,5,37,39,8,40,11,13,30,31
32,2,3,35,5,6,37,8,39,10,11,12,13,40,20,26,27,30,31>34,6,10,12,17,26,27,32,2,35,3,5,37,39,8,40,11,13,30,31
32,2,3,35,5,6,37,8,39,10,11,12,13,40,20,26,27,30,31>34,6,10,12,16,20,26,32,2,35,3,5,37,39,8,40,11,13,30,31
32,2,3,35,5,6,37,8,39,10,11,12,13,40,20,26,27,30,31>34,14,20,24,26,32,2,35,3,5,37,39,8,40,11,13,30,31
32,2,3,35,5,6,37,8,39,10,11,12,13,40,20,26,27,30,31>6,14,16,20,27,32,2,35,3,5,37,39,8,40,11,13,30,31
32,2,3,35,5,6,37,8,39,10,11,12,13,40,20,26,27,30,31>34,6,14,17,20,26,32,2,35,3,5,37,39,8,40,11,13,30,31
32,2,3,35,5,6,37,8,39,10,11,12,13,40,20,26,27,30,31>10,14,17,20,24,27,32,2,35,3,5,37,39,8,40,11,13,30,31
32,1,35,36,37,6,7,8,9,38,16,17,18,20,21,24,27,28,29>33,39,16,17,21,22,31,32,1,37,38,7,8,9,20,24
32,1,35,36,37,6,7,8,9,38,16,17,18,20,21,24,27,28,29>33,36,10,18,21,25,28,29,32,1,37,38,7,8,9,20,24
32,1,35,36,37,6,7,8,9,38,16,17,18,20,21,24,27,28,29>33,5,39,10,16,17,18,22,28,31,32,1,37,38,7,8,9,20,24
32,1,35,36,37,6,7,8,9,38,16,17,18,20,21,24,27,28,29>6,39,17,18,21,29,31,32,1,37,38,7,8,9,20,24
32,1,35,36,37,6,7,8,9,38,16,17,18,20,21,24,27,28,29>35,36,6,39,10,16,18,21,25,28,31,32,1,37,38,7,8,9,20,24
32,1,35,36,37,6,7,8,9,38,16,17,18,20,21,24,27,28,29>35,5,6,39,10,16,18,21,25,28,29,32,1,37,38,7,8,9,20,24
32,1,35,36,37,6,7,8,9,38,16,17,18,20,21,24,27,28,29>33,36,5,6,39,10,16,18,21,22,27,28,32,1,37,38,7,8,9,20,24
32,1,35,36,37,6,7,8,9,38,16,17,18,20,21,24,27,28,29>35,36,5,6,39,10,22,25,27,28,32,1,37,38,7,8,9,20,24
35,36,5,6,7,37,38,10,39,12,13,40,18,21,23,25,27,29,31>11,12,16,18,22,26,32,36,38,35,37,5,39,13,27,31
35,36,5,6,7,37,38,10,39,12,13,40,18,21,23,25,27,29,31>7,11,18,20,21,23,25,26,29,32,36,35,37,5,39,13,27,31
35,36,5,6,7,37,38,10,39,12,13,40,18,21,23,25,27,29,31>6,7,12,16,22,25,26,29,32,40,35,37,5,39,13,27,31
35,36,5,6,7,37,38,10,39,12,13,40,18,21,23,25,27,29,31>8,12,14,16,17,18,22,23,26,36,40,35,37,5,39,13,27,31
35,36,5,6,7,37,38,10,39,12,13,40,18,21,23,25,27,29,31>7,9,14,17,18,20,26,36,35,37,5,39,13,27,31
35,36,5,6,7,37,38,10,39,12,13,40,18,21,23,25,27,29,31>6,8,10,12,14,21,22,23,26,36,38,35,37,5,39,13,27,31
35,36,5,6,7,37,38,10,39,12,13,40,18,21,23,25,27,29,31>6,8,10,11,12,14,16,17,22,23,25,32,35,37,5,39,13,27,31
35,36,5,6,7,37,38,10,39,12,13,40,18,21,23,25,27,29,31>6,7,8,9,10,20,21,25,26,29,32,36,40,35,37,5,39,13,27,31
32,36,37,6,39,10,12,13,15,16,17,19,20,21,24,26,28,29,30>33,5,37,11,15,21,23,39,12,13,16,17,19,20,24,30
32,36,37,6,39,10,12,13,15,16,17,19,20,21,24,26,28,29,30>36,5,8,10,14,18,28,39,12,13,16,17,19,20,24,30
32,36,37,6,39,10,12,13,15,16,17,19,20,21,24,26,28,29,30>32,33,6,37,10,14,15,18,23,25,26,29,39,12,13,16,17,19,20,24,30
32,36,37,6,39,10,12,13,15,16,17,19,20,21,24,26,28,29,30>32,33,6,38,14,18,25,26,28,29,39,12,13,16,17,19,20,24,30
32,36,37,6,39,10,12,13,15,16,17,19,20,21,24,26,28,29,30>32,33,6,37,38,11,40,15,18,23,28,39,12,13,16,17,19,20,24,30
32,36,37,6,39,10,12,13,15,16,17,19,20,21,24,26,28,29,30>32,33,36,6,8,11,14,21,25,26,39,12,13,16,17,19,20,24,30
32,36,37,6,39,10,12,13,15,16,17,19,20,21,24,26,28,29,30>32,5,6,8,38,10,11,40,18,23,28,39,12,13,16,17,19,20,24,30
32,36,37,6,39,10,12,13,15,16,17,19,20,21,24,26,28,29,30>33,36,5,6,37,10,11,40,15,39,12,13,16,17,19,20,24,30
2,34,35,37,6,38,39,9,40,13,14,15,18,20,21,22,23,25,30,31>5,10,13,18,23,25,28,31,2,35,34,37,40,14,15,20,21,22
2,34,35,37,6,38,39,9,40,13,14,15,18,20,21,22,23,25,30,31>8,10,13,17,23,24,27,28,30,31,2,35,34,37,40,14,15,20,21,22
2,34,35,37,6,38,39,9,40,13,14,15,18,20,21,22,23,25,30,31>5,8,39,16,23,24,27,28,30,31,2,35,34,37,40,14,15,20,21,22
2,34,35,37,6,38,39,9,40,13,14,15,18,20,21,22,23,25,30,31>5,8,10,39,13,17,24,25,26,31,2,35,34,37,40,14,15,20,21,22
2,34,35,37,6,38,39,9,40,13,14,15,18,20,21,22,23,25,30,31>38,8,10,39,13,16,17,18,23,24,25,26,28,29,31,2,35,34,37,40,14,15,20,21,22
2,34,35,37,6,38,39,9,40,13,14,15,18,20,21,22,23,25,30,31>5,6,9,13,23,24,25,26,29,30,2,35,34,37,40,14,15,20,21,22
2,34,35,37,6,38,39,9,40,13,14,15,18,20,21,22,23,25,30,31>38,9,13,17,18,24,25,27,29,2,35,34,37,40,14,15,20,21,22
2,34,35,37,6,38,39,9,40,13,14,15,18,20,21,22,23,25,30,31>6,8,9,39,18,23,24,25,28,31,2,35,34,37,40,14,15,20,21,22
