CD45,CD8,TCRlig,TCbind,PAGCsk,LCK,Fyn,Rlk,TCRphos,ZAP70,cCbl,Itk,LAT,Gads,Slp76,PLCg_b,Grb2Sos,DAG,PLCg_a,Ras,RasGRP1,PKCth,IP3,Raf,MEK,Ca,ERK,SEK,IKK,Calcin,Rsk,Fos,JNK,IkB,CREB,Jun,CRE,AP1,NFkB,NFAT
2,3,4,34,36,7,8,37,10,39,14,15,17,18,19,21,22,24,25,28>5,8,12,14,39,19,24,29,2,3,4,34,15,18,21,22,25,28
2,3,4,34,36,7,8,37,10,39,14,15,17,18,19,21,22,24,25,28>37,9,10,11,12,13,14,39,17,20,2,3,4,34,15,18,21,22,25,28
2,3,4,34,36,7,8,37,10,39,14,15,17,18,19,21,22,24,25,28>33,37,8,9,10,11,13,39,17,19,23,27,2,3,4,34,15,18,21,22,25,28
2,3,4,34,36,7,8,37,10,39,14,15,17,18,19,21,22,24,25,28>36,7,8,9,10,11,12,13,14,39,19,23,24,2,3,4,34,15,18,21,22,25,28
2,3,4,34,36,7,8,37,10,39,14,15,17,18,19,21,22,24,25,28>36,5,7,10,11,12,39,19,20,29,2,3,4,34,15,18,21,22,25,28
2,3,4,34,36,7,8,37,10,39,14,15,17,18,19,21,22,24,25,28>36,37,7,9,12,14,39,17,19,24,29,2,3,4,34,15,18,21,22,25,28
2,3,4,34,36,7,8,37,10,39,14,15,17,18,19,21,22,24,25,28>33,36,37,7,8,9,10,11,12,13,14,17,23,24,2,3,4,34,15,18,21,22,25,28
2,3,4,34,36,7,8,37,10,39,14,15,17,18,19,21,22,24,25,28>33,36,5,37,7,10,12,14,39,17,20,23,29,2,3,4,34,15,18,21,22,25,28
2,3,4,6,7,8,9,10,15,17,22,23,25,28,29,31,32,33,34,35,36,39,40>7,15,17,26,27,31,32,34,37,40,33,2,3,4,35,36,8,9,10,28,29
2,3,4,6,7,8,9,10,15,17,22,23,25,28,29,31,32,33,34,35,36,39,40>5,11,13,17,20,22,23,25,31,32,34,37,38,39,40,33,2,3,4,35,36,8,9,10,28,29
2,3,4,6,7,8,9,10,15,17,22,23,25,28,29,31,32,33,34,35,36,39,40>5,7,11,13,17,23,25,27,32,37,38,40,33,2,3,4,35,36,8,9,10,28,29
2,3,4,6,7,8,9,10,15,17,22,23,25,28,29,31,32,33,34,35,36,39,40>6,7,11,20,22,23,26,27,37,38,33,2,3,4,35,36,8,9,10,28,29
2,3,4,6,7,8,9,10,15,17,22,23,25,28,29,31,32,33,34,35,36,39,40>5,6,7,11,13,23,25,26,31,34,37,33,2,3,4,35,36,8,9,10,28,29
2,3,4,6,7,8,9,10,15,17,22,23,25,28,29,31,32,33,34,35,36,39,40>12,13,15,20,22,23,26,27,32,37,38,39,33,2,3,4,35,36,8,9,10,28,29
2,3,4,6,7,8,9,10,15,17,22,23,25,28,29,31,32,33,34,35,36,39,40>11,12,13,15,23,25,26,31,34,39,33,2,3,4,35,36,8,9,10,28,29
2,3,4,6,7,8,9,10,15,17,22,23,25,28,29,31,32,33,34,35,36,39,40>5,6,11,12,15,17,20,22,23,25,26,27,32,38,39,40,33,2,3,4,35,36,8,9,10,28,29
34,36,5,37,39,40,12,13,15,16,17,18,23,25,28,30>13,22,23,25,28,34,5,40,16,17
34,36,5,37,39,40,12,13,15,16,17,18,23,25,28,30>36,13,14,15,20,34,5,40,16,17
34,36,5,37,39,40,12,13,15,16,17,18,23,25,28,30>33,36,37,18,20,23,25,26,27,28,34,5,40,16,17
34,36,5,37,39,40,12,13,15,16,17,18,23,25,28,30>33,12,13,14,18,27,34,5,40,16,17
34,36,5,37,39,40,12,13,15,16,17,18,23,25,28,30>36,12,14,15,18,25,26,27,34,5,40,16,17
34,36,5,37,39,40,12,13,15,16,17,18,23,25,28,30>33,36,37,12,14,15,18,20,22,25,27,28,30,34,5,40,16,17
34,36,5,37,39,40,12,13,15,16,17,18,23,25,28,30>39,12,14,18,23,27,30,34,5,40,16,17
34,36,5,37,39,40,12,13,15,16,17,18,23,25,28,30>33,36,39,12,20,22,27,28,34,5,40,16,17
1,3,4,5,38,39,40,9,12,14,16,18,19,24,27,29,30,31>5,15,16,19,24,25,30,1,3,4,39,40,18,31
1,3,4,5,38,39,40,9,12,14,16,18,19,24,27,29,30,31>32,5,9,14,15,19,29,30,1,3,4,39,40,18,31
1,3,4,5,38,39,40,9,12,14,16,18,19,24,27,29,30,31>35,38,9,14,23,24,27,1,3,4,39,40,18,31
1,3,4,5,38,39,40,9,12,14,16,18,19,24,27,29,30,31>32,7,9,12,15,22,30,1,3,4,39,40,18,31
1,3,4,5,38,39,40,9,12,14,16,18,19,24,27,29,30,31>32,35,7,14,16,22,23,25,1,3,4,39,40,18,31
1,3,4,5,38,39,40,9,12,14,16,18,19,24,27,29,30,31>32,35,7,14,15,16,19,23,27,1,3,4,39,40,18,31
1,3,4,5,38,39,40,9,12,14,16,18,19,24,27,29,30,31>35,5,7,19,25,27,29,30,1,3,4,39,40,18,31
1,3,4,5,38,39,40,9,12,14,16,18,19,24,27,29,30,31>32,35,5,7,19,22,23,25,27,30,1,3,4,39,40,18,31
33,34,5,37,38,40,9,11,12,13,15,16,17,21,26,28,29,30,31>9,12,14,15,20,33,5,40,16,17,30
33,34,5,37,38,40,9,11,12,13,15,16,17,21,26,28,29,30,31>34,35,36,37,11,14,15,21,29,31,33,5,40,16,17,30
33,34,5,37,38,40,9,11,12,13,15,16,17,21,26,28,29,30,31>38,9,11,12,20,21,26,31,33,5,40,16,17,30
33,34,5,37,38,40,9,11,12,13,15,16,17,21,26,28,29,30,31>34,35,38,12,13,15,20,21,28,33,5,40,16,17,30
33,34,5,37,38,40,9,11,12,13,15,16,17,21,26,28,29,30,31>36,38,12,15,21,28,29,31,33,5,40,16,17,30
33,34,5,37,38,40,9,11,12,13,15,16,17,21,26,28,29,30,31>34,36,38,9,11,12,13,14,15,21,26,28,33,5,40,16,17,30
33,34,5,37,38,40,9,11,12,13,15,16,17,21,26,28,29,30,31>34,36,37,38,11,14,20,21,28,31,33,5,40,16,17,30
33,34,5,37,38,40,9,11,12,13,15,16,17,21,26,28,29,30,31>34,35,36,37,38,11,13,15,20,21,26,33,5,40,16,17,30
32,1,33,3,4,5,34,37,39,13,14,15,20,23,25,26,28,30>5,39,13,16,23,25,1,34,3,4,33,14,15,26,30
32,1,33,3,4,5,34,37,39,13,14,15,20,23,25,26,28,30>32,5,39,13,16,17,20,24,25,1,34,3,4,33,14,15,26,30
32,1,33,3,4,5,34,37,39,13,14,15,20,23,25,26,28,30>32,37,40,13,27,28,1,34,3,4,33,14,15,26,30
32,1,33,3,4,5,34,37,39,13,14,15,20,23,25,26,28,30>32,5,37,16,28,1,34,3,4,33,14,15,26,30
32,1,33,3,4,5,34,37,39,13,14,15,20,23,25,26,28,30>37,7,39,13,17,23,24,27,28,1,34,3,4,33,14,15,26,30
32,1,33,3,4,5,34,37,39,13,14,15,20,23,25,26,28,30>36,7,40,17,23,25,1,34,3,4,33,14,15,26,30
32,1,33,3,4,5,34,37,39,13,14,15,20,23,25,26,28,30>32,5,7,13,16,17,20,23,24,25,27,28,1,34,3,4,33,14,15,26,30
32,1,33,3,4,5,34,37,39,13,14,15,20,23,25,26,28,30>37,7,40,13,16,17,24,27,1,34,3,4,33,14,15,26,30
36,37,38,7,8,9,13,15,17,20,22,24,25,28,29>33,5,8,38,13,15,9,17,20,24,25,28,29
36,37,38,7,8,9,13,15,17,20,22,24,25,28,29>5,37,8,39,14,16,22,27,9,17,20,24,25,28,29
36,37,38,7,8,9,13,15,17,20,22,24,25,28,29>33,5,37,8,39,22,27,9,17,20,24,25,28,29
36,37,38,7,8,9,13,15,17,20,22,24,25,28,29>33,36,7,8,38,39,13,14,22,9,17,20,24,25,28,29
36,37,38,7,8,9,13,15,17,20,22,24,25,28,29>33,36,5,7,39,13,14,16,22,9,17,20,24,25,28,29
36,37,38,7,8,9,13,15,17,20,22,24,25,28,29>36,37,7,8,38,22,27,9,17,20,24,25,28,29
36,37,38,7,8,9,13,15,17,20,22,24,25,28,29>33,36,37,7,39,13,22,9,17,20,24,25,28,29
36,37,38,7,8,9,13,15,17,20,22,24,25,28,29>36,5,37,7,8,38,13,15,16,9,17,20,24,25,28,29
1,2,3,5,7,12,13,14,16,18,22,25,28,30,32,33,34,35,36,38,39,40>35,39,9,12,13,15,21,27,1,2,3,33,5,34,36,38,40,14,16,22,28
1,2,3,5,7,12,13,14,16,18,22,25,28,30,32,33,34,35,36,38,39,40>32,4,39,25,1,2,3,33,5,34,36,38,40,14,16,22,28
1,2,3,5,7,12,13,14,16,18,22,25,28,30,32,33,34,35,36,38,39,40>32,4,39,9,12,13,17,18,1,2,3,33,5,34,36,38,40,14,16,22,28
1,2,3,5,7,12,13,14,16,18,22,25,28,30,32,33,34,35,36,38,39,40>32,35,4,37,1,2,3,33,5,34,36,38,40,14,16,22,28
1,2,3,5,7,12,13,14,16,18,22,25,28,30,32,33,34,35,36,38,39,40>7,9,12,17,18,25,29,1,2,3,33,5,34,36,38,40,14,16,22,28
1,2,3,5,7,12,13,14,16,18,22,25,28,30,32,33,34,35,36,38,39,40>32,7,9,12,15,17,21,27,29,30,1,2,3,33,5,34,36,38,40,14,16,22,28
1,2,3,5,7,12,13,14,16,18,22,25,28,30,32,33,34,35,36,38,39,40>32,4,7,9,15,17,18,21,25,1,2,3,33,5,34,36,38,40,14,16,22,28
1,2,3,5,7,12,13,14,16,18,22,25,28,30,32,33,34,35,36,38,39,40>35,37,7,39,12,18,25,30,1,2,3,33,5,34,36,38,40,14,16,22,28
32,35,36,6,8,9,11,12,15,17,19,22,23,24,25,28,29>17,20,22,24,26,33,35,37,38,39,8,23,25,28,29
32,35,36,6,8,9,11,12,15,17,19,22,23,24,25,28,29>6,24,33,36,37,39,8,23,25,28,29
32,35,36,6,8,9,11,12,15,17,19,22,23,24,25,28,29>6,9,18,26,32,35,36,37,38,8,23,25,28,29
32,35,36,6,8,9,11,12,15,17,19,22,23,24,25,28,29>5,9,11,15,20,22,24,26,32,33,36,38,8,23,25,28,29
32,35,36,6,8,9,11,12,15,17,19,22,23,24,25,28,29>5,6,9,12,15,18,19,27,32,33,35,36,37,38,39,8,23,25,28,29
32,35,36,6,8,9,11,12,15,17,19,22,23,24,25,28,29>5,11,12,19,20,22,26,27,35,36,37,38,39,8,23,25,28,29
32,35,36,6,8,9,11,12,15,17,19,22,23,24,25,28,29>5,6,11,12,26,33,37,38,39,8,23,25,28,29
32,35,36,6,8,9,11,12,15,17,19,22,23,24,25,28,29>9,11,12,15,17,18,19,22,24,33,35,38,8,23,25,28,29
32,1,2,34,4,38,39,8,9,40,12,19,20,22,29,30,31>35,7,39,18,20,22,23,24,28,31,40,1,2,29
32,1,2,34,4,38,39,8,9,40,12,19,20,22,29,30,31>32,4,9,38,39,19,20,22,24,30,40,1,2,29
32,1,2,34,4,38,39,8,9,40,12,19,20,22,29,30,31>34,35,4,8,9,12,18,23,24,28,30,40,1,2,29
32,1,2,34,4,38,39,8,9,40,12,19,20,22,29,30,31>34,35,4,38,39,18,22,23,24,31,40,1,2,29
32,1,2,34,4,38,39,8,9,40,12,19,20,22,29,30,31>34,6,12,18,19,22,24,28,31,40,1,2,29
32,1,2,34,4,38,39,8,9,40,12,19,20,22,29,30,31>35,6,7,9,12,18,24,28,30,31,40,1,2,29
32,1,2,34,4,38,39,8,9,40,12,19,20,22,29,30,31>32,4,6,8,9,38,39,12,18,19,22,24,28,40,1,2,29
32,1,2,34,4,38,39,8,9,40,12,19,20,22,29,30,31>32,34,4,6,8,39,18,22,40,1,2,29
32,1,2,36,37,7,8,9,40,13,18,19,20,22,25,26,29,30,31>5,6,14,16,21,23,24,26,31,36,37,1,2,40,9,18,22,29,30
32,1,2,36,37,7,8,9,40,13,18,19,20,22,25,26,29,30,31>6,7,16,17,19,20,21,23,24,25,28,32,35,39,1,2,40,9,18,22,29,30
32,1,2,36,37,7,8,9,40,13,18,19,20,22,25,26,29,30,31>6,7,14,23,25,26,27,28,31,32,35,36,38,1,2,40,9,18,22,29,30
32,1,2,36,37,7,8,9,40,13,18,19,20,22,25,26,29,30,31>5,7,8,14,17,19,20,24,25,27,35,36,37,39,1,2,40,9,18,22,29,30
32,1,2,36,37,7,8,9,40,13,18,19,20,22,25,26,29,30,31>5,6,7,8,14,16,20,21,24,28,31,35,36,37,38,1,2,40,9,18,22,29,30
32,1,2,36,37,7,8,9,40,13,18,19,20,22,25,26,29,30,31>6,13,16,19,23,25,26,27,31,35,36,1,2,40,9,18,22,29,30
32,1,2,36,37,7,8,9,40,13,18,19,20,22,25,26,29,30,31>7,13,14,16,17,19,20,21,24,26,27,32,36,39,1,2,40,9,18,22,29,30
32,1,2,36,37,7,8,9,40,13,18,19,20,22,25,26,29,30,31>7,13,17,19,20,21,24,27,32,35,37,38,1,2,40,9,18,22,29,30
1,2,3,4,5,6,7,8,11,12,19,22,23,26,27,28,29,31,35,37,38,39>12,18,9,11,1,2,3,35,5,37,7,8,39,23,26,28,29,31
1,2,3,4,5,6,7,8,11,12,19,22,23,26,27,28,29,31,35,37,38,39>22,4,27,9,1,2,3,35,5,37,7,8,39,23,26,28,29,31
1,2,3,4,5,6,7,8,11,12,19,22,23,26,27,28,29,31,35,37,38,39>32,6,18,22,27,30,1,2,3,35,5,37,7,8,39,23,26,28,29,31
1,2,3,4,5,6,7,8,11,12,19,22,23,26,27,28,29,31,35,37,38,39>32,4,6,12,22,1,2,3,35,5,37,7,8,39,23,26,28,29,31
1,2,3,4,5,6,7,8,11,12,19,22,23,26,27,28,29,31,35,37,38,39>38,11,12,18,19,27,30,1,2,3,35,5,37,7,8,39,23,26,28,29,31
1,2,3,4,5,6,7,8,11,12,19,22,23,26,27,28,29,31,35,37,38,39>32,33,38,11,18,19,1,2,3,35,5,37,7,8,39,23,26,28,29,31
1,2,3,4,5,6,7,8,11,12,19,22,23,26,27,28,29,31,35,37,38,39>4,38,12,18,19,22,30,1,2,3,35,5,37,7,8,39,23,26,28,29,31
1,2,3,4,5,6,7,8,11,12,19,22,23,26,27,28,29,31,35,37,38,39>4,6,38,9,22,30,1,2,3,35,5,37,7,8,39,23,26,28,29,31
3,4,5,8,10,14,15,16,17,18,22,24,25,27,28,29,30,34,35,37,38,39,40>8,14,16,17,21,30,32,34,35,3,4,37,40,15,22,25,27,28,29
3,4,5,8,10,14,15,16,17,18,22,24,25,27,28,29,30,34,35,37,38,39,40>10,13,14,17,19,30,31,33,34,35,39,3,4,37,40,15,22,25,27,28,29
3,4,5,8,10,14,15,16,17,18,22,24,25,27,28,29,30,34,35,37,38,39,40>8,10,14,16,18,19,20,32,34,39,3,4,37,40,15,22,25,27,28,29
3,4,5,8,10,14,15,16,17,18,22,24,25,27,28,29,30,34,35,37,38,39,40>5,8,10,16,18,19,20,21,31,32,38,39,3,4,37,40,15,22,25,27,28,29
3,4,5,8,10,14,15,16,17,18,22,24,25,27,28,29,30,34,35,37,38,39,40>10,11,14,16,17,18,24,30,33,34,3,4,37,40,15,22,25,27,28,29
3,4,5,8,10,14,15,16,17,18,22,24,25,27,28,29,30,34,35,37,38,39,40>5,10,11,13,16,17,32,34,38,3,4,37,40,15,22,25,27,28,29
3,4,5,8,10,14,15,16,17,18,22,24,25,27,28,29,30,34,35,37,38,39,40>5,8,10,12,13,17,19,20,21,24,34,35,3,4,37,40,15,22,25,27,28,29
3,4,5,8,10,14,15,16,17,18,22,24,25,27,28,29,30,34,35,37,38,39,40>5,10,11,12,16,19,21,24,34,38,3,4,37,40,15,22,25,27,28,29
2,3,4,6,7,8,9,12,13,14,15,16,19,22,29,30,32,33,35,37,40>6,7,10,18,22,28,2,3,4,37,8,9,40,14,15,16,29
2,3,4,6,7,8,9,12,13,14,15,16,19,22,29,30,32,33,35,37,40>35,39,12,17,22,28,30,2,3,4,37,8,9,40,14,15,16,29
2,3,4,6,7,8,9,12,13,14,15,16,19,22,29,30,32,33,35,37,40>33,35,6,10,22,30,2,3,4,37,8,9,40,14,15,16,29
2,3,4,6,7,8,9,12,13,14,15,16,19,22,29,30,32,33,35,37,40>32,33,35,6,39,10,12,13,17,19,22,23,2,3,4,37,8,9,40,14,15,16,29
2,3,4,6,7,8,9,12,13,14,15,16,19,22,29,30,32,33,35,37,40>36,6,7,13,18,22,23,28,30,2,3,4,37,8,9,40,14,15,16,29
2,3,4,6,7,8,9,12,13,14,15,16,19,22,29,30,32,33,35,37,40>5,6,12,17,18,19,22,23,30,2,3,4,37,8,9,40,14,15,16,29
2,3,4,6,7,8,9,12,13,14,15,16,19,22,29,30,32,33,35,37,40>5,7,10,13,17,18,19,23,28,2,3,4,37,8,9,40,14,15,16,29
2,3,4,6,7,8,9,12,13,14,15,16,19,22,29,30,32,33,35,37,40>32,33,35,5,39,17,18,19,30,2,3,4,37,8,9,40,14,15,16,29
3,4,5,6,8,9,10,12,13,17,19,21,22,23,27,30,31,32,33,34,35,37,39,40>5,6,11,12,14,21,26,27,30,32,34,3,4,35,37,8,9,10,40,13,17,23,31
3,4,5,6,8,9,10,12,13,17,19,21,22,23,27,30,31,32,33,34,35,37,39,40>39,11,14,18,21,22,26,27,28,29,32,34,3,4,35,37,8,9,10,40,13,17,23,31
3,4,5,6,8,9,10,12,13,17,19,21,22,23,27,30,31,32,33,34,35,37,39,40>33,39,11,12,16,19,20,26,28,30,32,34,3,4,35,37,8,9,10,40,13,17,23,31
3,4,5,6,8,9,10,12,13,17,19,21,22,23,27,30,31,32,33,34,35,37,39,40>33,5,39,11,12,19,20,21,28,32,34,3,4,35,37,8,9,10,40,13,17,23,31
3,4,5,6,8,9,10,12,13,17,19,21,22,23,27,30,31,32,33,34,35,37,39,40>33,6,39,18,19,21,30,32,34,3,4,35,37,8,9,10,40,13,17,23,31
3,4,5,6,8,9,10,12,13,17,19,21,22,23,27,30,31,32,33,34,35,37,39,40>33,36,6,39,14,18,22,26,29,32,34,3,4,35,37,8,9,10,40,13,17,23,31
3,4,5,6,8,9,10,12,13,17,19,21,22,23,27,30,31,32,33,34,35,37,39,40>5,6,39,11,12,14,16,18,19,26,27,28,30,32,34,3,4,35,37,8,9,10,40,13,17,23,31
3,4,5,6,8,9,10,12,13,17,19,21,22,23,27,30,31,32,33,34,35,37,39,40>33,36,5,6,39,11,16,21,22,27,32,34,3,4,35,37,8,9,10,40,13,17,23,31
1,2,3,6,7,10,12,16,17,18,21,22,23,24,25,26,28,29,30,33,34,35,36,37,40>34,5,9,10,11,12,17,24,27,1,2,3,33,36,6,7,37,40,21,22,25,26,28,29,30
1,2,3,6,7,10,12,16,17,18,21,22,23,24,25,26,28,29,30,33,34,35,36,37,40>35,5,9,10,11,12,16,17,20,24,1,2,3,33,36,6,7,37,40,21,22,25,26,28,29,30
1,2,3,6,7,10,12,16,17,18,21,22,23,24,25,26,28,29,30,33,34,35,36,37,40>34,4,5,11,12,13,18,20,1,2,3,33,36,6,7,37,40,21,22,25,26,28,29,30
1,2,3,6,7,10,12,16,17,18,21,22,23,24,25,26,28,29,30,33,34,35,36,37,40>4,8,9,10,12,13,16,18,20,23,24,27,1,2,3,33,36,6,7,37,40,21,22,25,26,28,29,30
1,2,3,6,7,10,12,16,17,18,21,22,23,24,25,26,28,29,30,33,34,35,36,37,40>34,35,4,8,9,11,12,13,20,24,1,2,3,33,36,6,7,37,40,21,22,25,26,28,29,30
1,2,3,6,7,10,12,16,17,18,21,22,23,24,25,26,28,29,30,33,34,35,36,37,40>35,5,8,10,12,17,27,1,2,3,33,36,6,7,37,40,21,22,25,26,28,29,30
1,2,3,6,7,10,12,16,17,18,21,22,23,24,25,26,28,29,30,33,34,35,36,37,40>35,4,5,8,11,13,16,17,23,1,2,3,33,36,6,7,37,40,21,22,25,26,28,29,30
1,2,3,6,7,10,12,16,17,18,21,22,23,24,25,26,28,29,30,33,34,35,36,37,40>35,5,8,11,12,13,16,18,1,2,3,33,36,6,7,37,40,21,22,25,26,28,29,30
33,2,3,4,37,6,7,8,38,10,11,12,13,14,17,18,20,21,24,27>4,5,10,12,15,16,21,25,38,2,3,8,11,13,14,17,20,24
33,2,3,4,37,6,7,8,38,10,11,12,13,14,17,18,20,21,24,27>4,6,16,21,22,27,31,37,38,39,2,3,8,11,13,14,17,20,24
33,2,3,4,37,6,7,8,38,10,11,12,13,14,17,18,20,21,24,27>9,10,12,16,22,31,33,34,38,2,3,8,11,13,14,17,20,24
33,2,3,4,37,6,7,8,38,10,11,12,13,14,17,18,20,21,24,27>5,9,10,12,16,18,22,27,31,37,2,3,8,11,13,14,17,20,24
33,2,3,4,37,6,7,8,38,10,11,12,13,14,17,18,20,21,24,27>4,5,9,12,16,18,21,22,31,34,36,39,2,3,8,11,13,14,17,20,24
33,2,3,4,37,6,7,8,38,10,11,12,13,14,17,18,20,21,24,27>6,9,16,25,27,32,34,38,2,3,8,11,13,14,17,20,24
33,2,3,4,37,6,7,8,38,10,11,12,13,14,17,18,20,21,24,27>4,6,9,10,12,15,21,25,31,32,33,36,37,39,2,3,8,11,13,14,17,20,24
33,2,3,4,37,6,7,8,38,10,11,12,13,14,17,18,20,21,24,27>5,7,9,10,12,15,27,31,32,36,37,38,2,3,8,11,13,14,17,20,24
32,2,34,4,5,35,7,38,39,10,14,18,21,22,24,25,26,28,31>13,14,15,18,20,26,29,31,32,2,35,34,5,21,22,25,28
32,2,34,4,5,35,7,38,39,10,14,18,21,22,24,25,26,28,31>4,15,18,27,29,31,37,38,2,35,34,5,21,22,25,28
32,2,34,4,5,35,7,38,39,10,14,18,21,22,24,25,26,28,31>9,14,20,26,30,31,33,37,38,39,2,35,34,5,21,22,25,28
32,2,34,4,5,35,7,38,39,10,14,18,21,22,24,25,26,28,31>4,9,29,30,31,32,38,39,2,35,34,5,21,22,25,28
32,2,34,4,5,35,7,38,39,10,14,18,21,22,24,25,26,28,31>7,9,13,14,15,18,20,24,27,29,30,31,32,33,37,39,2,35,34,5,21,22,25,28
32,2,34,4,5,35,7,38,39,10,14,18,21,22,24,25,26,28,31>7,10,13,15,18,20,26,31,32,33,2,35,34,5,21,22,25,28
32,2,34,4,5,35,7,38,39,10,14,18,21,22,24,25,26,28,31>4,7,10,13,26,27,29,31,33,37,39,2,35,34,5,21,22,25,28
32,2,34,4,5,35,7,38,39,10,14,18,21,22,24,25,26,28,31>4,7,9,11,13,15,18,26,29,31,33,37,2,35,34,5,21,22,25,28
32,3,37,6,7,39,12,13,14,15,16,17,22,23,24,26,29>32,5,8,13,20,24,25,28,3,39,14,15,16,17,26,29
32,3,37,6,7,39,12,13,14,15,16,17,22,23,24,26,29>32,5,8,9,37,12,20,22,23,3,39,14,15,16,17,26,29
32,3,37,6,7,39,12,13,14,15,16,17,22,23,24,26,29>4,6,12,13,25,30,3,39,14,15,16,17,26,29
32,3,37,6,7,39,12,13,14,15,16,17,22,23,24,26,29>4,5,6,8,9,12,20,22,25,28,30,3,39,14,15,16,17,26,29
32,3,37,6,7,39,12,13,14,15,16,17,22,23,24,26,29>4,7,8,9,20,23,28,3,39,14,15,16,17,26,29
32,3,37,6,7,39,12,13,14,15,16,17,22,23,24,26,29>5,7,13,22,24,25,28,3,39,14,15,16,17,26,29
32,3,37,6,7,39,12,13,14,15,16,17,22,23,24,26,29>4,5,7,8,37,12,20,23,30,3,39,14,15,16,17,26,29
32,3,37,6,7,39,12,13,14,15,16,17,22,23,24,26,29>32,5,6,7,8,9,13,20,22,23,25,3,39,14,15,16,17,26,29
32,1,3,35,36,6,38,39,9,10,14,15,16,18,19,20,23,24,26,29>5,11,13,14,22,29,37,1,3,38,39,10,15,18,23,24,26
32,1,3,35,36,6,38,39,9,10,14,15,16,18,19,20,23,24,26,29>5,13,16,19,22,29,30,35,36,1,3,38,39,10,15,18,23,24,26
32,1,3,35,36,6,38,39,9,10,14,15,16,18,19,20,23,24,26,29>4,6,9,11,12,13,14,20,22,25,36,37,1,3,38,39,10,15,18,23,24,26
32,1,3,35,36,6,38,39,9,10,14,15,16,18,19,20,23,24,26,29>4,8,12,13,16,20,22,25,30,32,35,1,3,38,39,10,15,18,23,24,26
32,1,3,35,36,6,38,39,9,10,14,15,16,18,19,20,23,24,26,29>7,8,9,11,20,22,29,32,35,37,1,3,38,39,10,15,18,23,24,26
32,1,3,35,36,6,38,39,9,10,14,15,16,18,19,20,23,24,26,29>4,7,8,9,12,13,14,19,20,25,29,30,32,37,1,3,38,39,10,15,18,23,24,26
32,1,3,35,36,6,38,39,9,10,14,15,16,18,19,20,23,24,26,29>4,6,7,8,11,12,13,14,16,22,25,30,35,36,37,1,3,38,39,10,15,18,23,24,26
32,1,3,35,36,6,38,39,9,10,14,15,16,18,19,20,23,24,26,29>5,6,7,8,9,11,12,13,16,22,25,30,32,35,36,1,3,38,39,10,15,18,23,24,26
32,34,3,36,38,7,39,9,10,11,14,16,19,24,26,29,31>13,15,18,23,25,31,35,11,9,3,38
32,34,3,36,38,7,39,9,10,11,14,16,19,24,26,29,31>10,13,16,19,24,25,26,30,31,11,9,3,38
32,34,3,36,38,7,39,9,10,11,14,16,19,24,26,29,31>10,13,15,16,18,19,25,26,29,30,32,34,39,11,9,3,38
32,34,3,36,38,7,39,9,10,11,14,16,19,24,26,29,31>7,10,13,15,16,18,25,29,31,34,35,36,11,9,3,38
32,34,3,36,38,7,39,9,10,11,14,16,19,24,26,29,31>14,16,18,24,31,39,11,9,3,38
32,34,3,36,38,7,39,9,10,11,14,16,19,24,26,29,31>5,14,16,18,23,26,30,31,32,34,36,11,9,3,38
32,34,3,36,38,7,39,9,10,11,14,16,19,24,26,29,31>5,7,10,14,15,16,18,19,23,24,26,29,35,36,11,9,3,38
32,34,3,36,38,7,39,9,10,11,14,16,19,24,26,29,31>5,7,13,14,15,16,23,25,30,35,36,11,9,3,38
1,3,5,7,8,10,11,12,13,16,21,22,24,26,28,29,32,33,34,35,36,37,38,39>32,35,9,39,12,21,26,1,33,3,36,5,37,38,11,13,16,28,29
1,3,5,7,8,10,11,12,13,16,21,22,24,26,28,29,32,33,34,35,36,37,38,39>34,7,39,17,20,21,24,1,33,3,36,5,37,38,11,13,16,28,29
1,3,5,7,8,10,11,12,13,16,21,22,24,26,28,29,32,33,34,35,36,37,38,39>32,34,7,14,17,21,22,24,30,1,33,3,36,5,37,38,11,13,16,28,29
1,3,5,7,8,10,11,12,13,16,21,22,24,26,28,29,32,33,34,35,36,37,38,39>32,35,8,12,14,17,22,24,25,26,1,33,3,36,5,37,38,11,13,16,28,29
1,3,5,7,8,10,11,12,13,16,21,22,24,26,28,29,32,33,34,35,36,37,38,39>32,35,8,10,17,22,26,30,1,33,3,36,5,37,38,11,13,16,28,29
1,3,5,7,8,10,11,12,13,16,21,22,24,26,28,29,32,33,34,35,36,37,38,39>32,34,7,8,9,10,14,17,21,24,25,26,30,1,33,3,36,5,37,38,11,13,16,28,29
1,3,5,7,8,10,11,12,13,16,21,22,24,26,28,29,32,33,34,35,36,37,38,39>32,35,7,8,39,12,14,21,22,25,30,1,33,3,36,5,37,38,11,13,16,28,29
1,3,5,7,8,10,11,12,13,16,21,22,24,26,28,29,32,33,34,35,36,37,38,39>32,34,35,7,8,39,17,20,22,24,30,1,33,3,36,5,37,38,11,13,16,28,29
1,5,6,8,9,11,12,13,15,19,20,21,22,24,25,26,29,33,34,36,37,39>6,13,14,16,18,19,21,22,23,26,28,30,34,1,36,5,8,20,24,25,29
1,5,6,8,9,11,12,13,15,19,20,21,22,24,25,26,29,33,34,36,37,39>7,13,15,19,21,22,23,27,30,33,34,37,1,36,5,8,20,24,25,29
1,5,6,8,9,11,12,13,15,19,20,21,22,24,25,26,29,33,34,36,37,39>6,7,11,13,14,18,21,26,30,33,34,1,36,5,8,20,24,25,29
1,5,6,8,9,11,12,13,15,19,20,21,22,24,25,26,29,33,34,36,37,39>9,11,13,15,16,21,22,23,27,28,30,33,34,39,1,36,5,8,20,24,25,29
1,5,6,8,9,11,12,13,15,19,20,21,22,24,25,26,29,33,34,36,37,39>12,17,19,21,22,26,27,37,1,36,5,8,20,24,25,29
1,5,6,8,9,11,12,13,15,19,20,21,22,24,25,26,29,33,34,36,37,39>9,12,13,15,18,21,23,28,30,33,34,39,1,36,5,8,20,24,25,29
1,5,6,8,9,11,12,13,15,19,20,21,22,24,25,26,29,33,34,36,37,39>7,9,12,15,16,17,18,22,23,28,30,1,36,5,8,20,24,25,29
1,5,6,8,9,11,12,13,15,19,20,21,22,24,25,26,29,33,34,36,37,39>6,7,9,12,15,18,19,21,22,30,34,39,1,36,5,8,20,24,25,29
1,33,3,34,6,8,40,10,11,12,14,15,16,23,30,31>7,19,23,30,31,1,34,3,8,40,11,12,15
1,33,3,34,6,8,40,10,11,12,14,15,16,23,30,31>33,35,36,5,10,16,23,26,30,1,34,3,8,40,11,12,15
1,33,3,34,6,8,40,10,11,12,14,15,16,23,30,31>33,6,10,16,19,23,30,1,34,3,8,40,11,12,15
1,33,3,34,6,8,40,10,11,12,14,15,16,23,30,31>33,6,10,13,14,16,23,26,31,1,34,3,8,40,11,12,15
1,33,3,34,6,8,40,10,11,12,14,15,16,23,30,31>33,35,6,7,10,14,16,23,31,1,34,3,8,40,11,12,15
1,33,3,34,6,8,40,10,11,12,14,15,16,23,30,31>5,6,10,13,14,19,26,1,34,3,8,40,11,12,15
1,33,3,34,6,8,40,10,11,12,14,15,16,23,30,31>35,5,6,7,10,13,16,1,34,3,8,40,11,12,15
1,33,3,34,6,8,40,10,11,12,14,15,16,23,30,31>36,5,6,10,19,31,1,34,3,8,40,11,12,15
1,2,4,6,10,11,12,13,16,17,18,20,21,26,27,31,32,33,34,35,37,39>36,39,21,24,26,27,32,1,2,34,35,37,6,11,13,16,17,20,31
1,2,4,6,10,11,12,13,16,17,18,20,21,26,27,31,32,33,34,35,37,39>4,36,9,39,14,18,21,24,27,32,1,2,34,35,37,6,11,13,16,17,20,31
1,2,4,6,10,11,12,13,16,17,18,20,21,26,27,31,32,33,34,35,37,39>33,4,36,10,21,24,30,32,1,2,34,35,37,6,11,13,16,17,20,31
1,2,4,6,10,11,12,13,16,17,18,20,21,26,27,31,32,33,34,35,37,39>4,36,9,39,12,22,24,27,32,1,2,34,35,37,6,11,13,16,17,20,31
1,2,4,6,10,11,12,13,16,17,18,20,21,26,27,31,32,33,34,35,37,39>33,4,36,7,9,39,14,18,26,27,32,1,2,34,35,37,6,11,13,16,17,20,31
1,2,4,6,10,11,12,13,16,17,18,20,21,26,27,31,32,33,34,35,37,39>33,36,8,9,39,12,14,18,21,22,24,27,32,1,2,34,35,37,6,11,13,16,17,20,31
1,2,4,6,10,11,12,13,16,17,18,20,21,26,27,31,32,33,34,35,37,39>33,4,36,8,10,12,14,22,24,27,32,1,2,34,35,37,6,11,13,16,17,20,31
1,2,4,6,10,11,12,13,16,17,18,20,21,26,27,31,32,33,34,35,37,39>7,8,10,14,18,21,22,24,26,32,1,2,34,35,37,6,11,13,16,17,20,31
2,5,7,9,10,11,13,14,16,17,18,19,20,22,25,26,28,31,32,33,35,36,40>40,10,15,24,25,26,27,30,31,33,2,35,36,5,9,11,13,14,16,17,18,20,22,28
2,5,7,9,10,11,13,14,16,17,18,19,20,22,25,26,28,31,32,33,35,36,40>39,40,15,19,21,24,25,26,27,29,31,33,2,35,36,5,9,11,13,14,16,17,18,20,22,28
2,5,7,9,10,11,13,14,16,17,18,19,20,22,25,26,28,31,32,33,35,36,40>32,38,10,21,23,24,25,30,31,33,2,35,36,5,9,11,13,14,16,17,18,20,22,28
2,5,7,9,10,11,13,14,16,17,18,19,20,22,25,26,28,31,32,33,35,36,40>32,34,38,40,19,30,33,2,35,36,5,9,11,13,14,16,17,18,20,22,28
2,5,7,9,10,11,13,14,16,17,18,19,20,22,25,26,28,31,32,33,35,36,40>32,34,38,39,15,23,26,29,30,33,2,35,36,5,9,11,13,14,16,17,18,20,22,28
2,5,7,9,10,11,13,14,16,17,18,19,20,22,25,26,28,31,32,33,35,36,40>32,7,40,10,21,24,25,29,31,33,2,35,36,5,9,11,13,14,16,17,18,20,22,28
2,5,7,9,10,11,13,14,16,17,18,19,20,22,25,26,28,31,32,33,35,36,40>32,7,39,10,19,25,27,29,31,33,2,35,36,5,9,11,13,14,16,17,18,20,22,28
2,5,7,9,10,11,13,14,16,17,18,19,20,22,25,26,28,31,32,33,35,36,40>32,34,7,40,10,15,25,29,30,31,33,2,35,36,5,9,11,13,14,16,17,18,20,22,28
34,35,4,5,36,39,40,9,10,11,13,14,17,22,24>39,10,16,22,24,25,29,34,11,13,14,17
34,35,4,5,36,39,40,9,10,11,13,14,17,22,24>35,4,5,39,25,29,34,11,13,14,17
34,35,4,5,36,39,40,9,10,11,13,14,17,22,24>35,36,40,16,20,25,28,29,34,11,13,14,17
34,35,4,5,36,39,40,9,10,11,13,14,17,22,24>37,39,9,16,20,22,34,11,13,14,17
34,35,4,5,36,39,40,9,10,11,13,14,17,22,24>35,37,10,22,28,34,11,13,14,17
34,35,4,5,36,39,40,9,10,11,13,14,17,22,24>4,37,9,40,20,25,34,11,13,14,17
34,35,4,5,36,39,40,9,10,11,13,14,17,22,24>4,5,37,39,9,24,25,34,11,13,14,17
34,35,4,5,36,39,40,9,10,11,13,14,17,22,24>5,36,37,39,9,10,15,20,22,25,29,34,11,13,14,17
1,3,4,5,6,39,9,10,11,13,15,19,20,24,29,30>10,12,14,17,18,23,25,29,30,1,3,39,9,11,13,24
1,3,4,5,6,39,9,10,11,13,15,19,20,24,29,30>5,10,17,20,23,25,29,30,1,3,39,9,11,13,24
1,3,4,5,6,39,9,10,11,13,15,19,20,24,29,30>4,7,40,10,12,14,16,18,19,20,23,29,30,1,3,39,9,11,13,24
1,3,4,5,6,39,9,10,11,13,15,19,20,24,29,30>4,5,7,40,10,12,14,16,18,19,20,23,25,30,1,3,39,9,11,13,24
1,3,4,5,6,39,9,10,11,13,15,19,20,24,29,30>4,6,7,12,16,18,20,25,1,3,39,9,11,13,24
1,3,4,5,6,39,9,10,11,13,15,19,20,24,29,30>6,8,15,16,18,23,29,1,3,39,9,11,13,24
1,3,4,5,6,39,9,10,11,13,15,19,20,24,29,30>4,6,8,40,12,16,19,23,25,29,30,1,3,39,9,11,13,24
1,3,4,5,6,39,9,10,11,13,15,19,20,24,29,30>4,5,7,8,12,16,17,18,20,23,25,1,3,39,9,11,13,24
1,2,3,4,5,6,34,35,39,40,12,14,17,19,20,21,25,26,28,29>5,6,7,12,14,15,17,18,23,24,25,26,27,29,33,39,40,1,2,3,4,20
1,2,3,4,5,6,34,35,39,40,12,14,17,19,20,21,25,26,28,29>8,14,15,18,26,30,35,37,40,1,2,3,4,20
1,2,3,4,5,6,34,35,39,40,12,14,17,19,20,21,25,26,28,29>5,6,8,15,24,25,28,30,35,39,40,1,2,3,4,20
1,2,3,4,5,6,34,35,39,40,12,14,17,19,20,21,25,26,28,29>5,6,7,8,14,17,18,30,34,35,37,40,1,2,3,4,20
1,2,3,4,5,6,34,35,39,40,12,14,17,19,20,21,25,26,28,29>5,6,7,8,15,23,25,29,37,40,1,2,3,4,20
1,2,3,4,5,6,34,35,39,40,12,14,17,19,20,21,25,26,28,29>5,6,7,8,14,15,26,28,30,33,35,37,39,1,2,3,4,20
1,2,3,4,5,6,34,35,39,40,12,14,17,19,20,21,25,26,28,29>5,6,7,9,12,14,15,17,19,21,24,26,28,30,34,35,1,2,3,4,20
1,2,3,4,5,6,34,35,39,40,12,14,17,19,20,21,25,26,28,29>5,6,7,8,9,12,17,18,19,21,23,25,27,30,33,34,37,1,2,3,4,20
1,2,6,8,9,10,13,16,18,19,20,21,22,24,25,26,29,30,33,37,38,39>38,9,40,14,23,27,1,2,6,39,8,10,13,16,18,20,21,22,24,25,29,30
1,2,6,8,9,10,13,16,18,19,20,21,22,24,25,26,29,30,33,37,38,39>9,11,17,27,28,1,2,6,39,8,10,13,16,18,20,21,22,24,25,29,30
1,2,6,8,9,10,13,16,18,19,20,21,22,24,25,26,29,30,33,37,38,39>33,40,11,23,26,27,1,2,6,39,8,10,13,16,18,20,21,22,24,25,29,30
1,2,6,8,9,10,13,16,18,19,20,21,22,24,25,26,29,30,33,37,38,39>33,5,37,40,11,17,19,1,2,6,39,8,10,13,16,18,20,21,22,24,25,29,30
1,2,6,8,9,10,13,16,18,19,20,21,22,24,25,26,29,30,33,37,38,39>7,9,40,11,19,23,28,1,2,6,39,8,10,13,16,18,20,21,22,24,25,29,30
1,2,6,8,9,10,13,16,18,19,20,21,22,24,25,26,29,30,33,37,38,39>37,7,9,40,11,17,26,1,2,6,39,8,10,13,16,18,20,21,22,24,25,29,30
1,2,6,8,9,10,13,16,18,19,20,21,22,24,25,26,29,30,33,37,38,39>33,36,37,7,38,9,40,14,23,26,1,2,6,39,8,10,13,16,18,20,21,22,24,25,29,30
1,2,6,8,9,10,13,16,18,19,20,21,22,24,25,26,29,30,33,37,38,39>36,5,37,7,38,40,17,19,23,28,1,2,6,39,8,10,13,16,18,20,21,22,24,25,29,30
1,3,6,7,11,12,13,14,15,18,21,22,23,26,29,30,33,34,36,37,38,40>33,12,16,18,23,1,3,36,7,40,14,15,21,22,26,29,30
1,3,6,7,11,12,13,14,15,18,21,22,23,26,29,30,33,34,36,37,38,40>33,37,11,12,13,16,23,28,1,3,36,7,40,14,15,21,22,26,29,30
1,3,6,7,11,12,13,14,15,18,21,22,23,26,29,30,33,34,36,37,38,40>33,34,13,37,1,3,36,7,40,14,15,21,22,26,29,30
1,3,6,7,11,12,13,14,15,18,21,22,23,26,29,30,33,34,36,37,38,40>5,37,8,38,12,13,17,20,28,1,3,36,7,40,14,15,21,22,26,29,30
1,3,6,7,11,12,13,14,15,18,21,22,23,26,29,30,33,34,36,37,38,40>5,37,12,13,18,28,1,3,36,7,40,14,15,21,22,26,29,30
1,3,6,7,11,12,13,14,15,18,21,22,23,26,29,30,33,34,36,37,38,40>33,6,37,38,11,13,16,18,28,1,3,36,7,40,14,15,21,22,26,29,30
1,3,6,7,11,12,13,14,15,18,21,22,23,26,29,30,33,34,36,37,38,40>34,5,6,37,9,38,11,12,17,18,1,3,36,7,40,14,15,21,22,26,29,30
1,3,6,7,11,12,13,14,15,18,21,22,23,26,29,30,33,34,36,37,38,40>33,34,5,6,37,9,11,12,16,17,18,1,3,36,7,40,14,15,21,22,26,29,30
3,5,6,7,12,13,14,15,18,20,23,25,29,30,31,32,35,36,37,38,39,40>4,12,17,20,22,23,26,30,36,35,3,37,5,38,39,40,14,15
3,5,6,7,12,13,14,15,18,20,23,25,29,30,31,32,35,36,37,38,39,40>4,6,20,22,23,25,26,29,35,3,37,5,38,39,40,14,15
3,5,6,7,12,13,14,15,18,20,23,25,29,30,31,32,35,36,37,38,39,40>6,7,13,16,18,20,24,26,27,29,30,31,32,35,3,37,5,38,39,40,14,15
3,5,6,7,12,13,14,15,18,20,23,25,29,30,31,32,35,36,37,38,39,40>4,6,7,12,16,18,22,23,24,27,30,35,3,37,5,38,39,40,14,15
3,5,6,7,12,13,14,15,18,20,23,25,29,30,31,32,35,36,37,38,39,40>7,8,13,17,22,23,26,27,30,31,32,36,35,3,37,5,38,39,40,14,15
3,5,6,7,12,13,14,15,18,20,23,25,29,30,31,32,35,36,37,38,39,40>4,7,8,9,22,23,26,30,32,35,3,37,5,38,39,40,14,15
3,5,6,7,12,13,14,15,18,20,23,25,29,30,31,32,35,36,37,38,39,40>4,7,8,9,16,18,20,26,29,32,35,3,37,5,38,39,40,14,15
3,5,6,7,12,13,14,15,18,20,23,25,29,30,31,32,35,36,37,38,39,40>4,6,7,8,9,13,16,20,23,30,31,32,36,35,3,37,5,38,39,40,14,15
3,4,5,35,37,8,38,10,11,12,13,15,16,18,19,27,28,30,31>33,40,10,14,17,27,28,35,3,37,11,12,13,16,18,19,31
3,4,5,35,37,8,38,10,11,12,13,15,16,18,19,27,28,30,31>32,33,39,40,15,17,23,28,35,3,37,11,12,13,16,18,19,31
3,4,5,35,37,8,38,10,11,12,13,15,16,18,19,27,28,30,31>34,10,15,17,22,27,30,35,3,37,11,12,13,16,18,19,31
3,4,5,35,37,8,38,10,11,12,13,15,16,18,19,27,28,30,31>32,33,34,38,8,10,15,17,22,27,28,35,3,37,11,12,13,16,18,19,31
3,4,5,35,37,8,38,10,11,12,13,15,16,18,19,27,28,30,31>34,4,38,39,10,23,30,35,3,37,11,12,13,16,18,19,31
3,4,5,35,37,8,38,10,11,12,13,15,16,18,19,27,28,30,31>33,34,4,8,15,23,27,35,3,37,11,12,13,16,18,19,31
3,4,5,35,37,8,38,10,11,12,13,15,16,18,19,27,28,30,31>32,33,4,5,38,40,14,15,17,22,28,30,35,3,37,11,12,13,16,18,19,31
3,4,5,35,37,8,38,10,11,12,13,15,16,18,19,27,28,30,31>32,34,4,5,38,8,40,22,28,35,3,37,11,12,13,16,18,19,31
2,3,4,5,6,7,10,13,15,16,18,21,22,23,30,32,34,35,37,38,39>6,8,14,17,23,29,30,32,35,38,34,2,3,4,5,37,13,16,21,22
2,3,4,5,6,7,10,13,15,16,18,21,22,23,30,32,34,35,37,38,39>8,9,14,15,17,18,20,23,26,30,39,40,34,2,3,4,5,37,13,16,21,22
2,3,4,5,6,7,10,13,15,16,18,21,22,23,30,32,34,35,37,38,39>6,8,9,12,15,18,20,28,29,32,35,38,34,2,3,4,5,37,13,16,21,22
2,3,4,5,6,7,10,13,15,16,18,21,22,23,30,32,34,35,37,38,39>7,10,12,17,20,23,30,35,39,40,34,2,3,4,5,37,13,16,21,22
2,3,4,5,6,7,10,13,15,16,18,21,22,23,30,32,34,35,37,38,39>6,7,10,12,15,18,38,39,40,34,2,3,4,5,37,13,16,21,22
2,3,4,5,6,7,10,13,15,16,18,21,22,23,30,32,34,35,37,38,39>7,8,10,11,17,18,20,28,29,32,38,34,2,3,4,5,37,13,16,21,22
2,3,4,5,6,7,10,13,15,16,18,21,22,23,30,32,34,35,37,38,39>7,8,10,11,12,15,17,20,28,29,30,38,39,40,34,2,3,4,5,37,13,16,21,22
2,3,4,5,6,7,10,13,15,16,18,21,22,23,30,32,34,35,37,38,39>6,8,9,10,14,17,20,23,26,28,34,2,3,4,5,37,13,16,21,22
33,2,34,6,39,8,40,11,13,15,16,17,19,23,24,25,27,30>36,39,11,13,14,15,31,2,34,8,40,16,17,23,25,27
33,2,34,6,39,8,40,11,13,15,16,17,19,23,24,25,27,30>32,36,39,13,14,30,2,34,8,40,16,17,23,25,27
33,2,34,6,39,8,40,11,13,15,16,17,19,23,24,25,27,30>33,36,14,15,19,26,30,2,34,8,40,16,17,23,25,27
33,2,34,6,39,8,40,11,13,15,16,17,19,23,24,25,27,30>5,26,11,2,34,8,40,16,17,23,25,27
33,2,34,6,39,8,40,11,13,15,16,17,19,23,24,25,27,30>32,6,39,14,15,18,19,26,30,2,34,8,40,16,17,23,25,27
33,2,34,6,39,8,40,11,13,15,16,17,19,23,24,25,27,30>33,5,6,39,11,13,14,31,2,34,8,40,16,17,23,25,27
33,2,34,6,39,8,40,11,13,15,16,17,19,23,24,25,27,30>36,5,6,13,14,15,19,20,24,26,30,2,34,8,40,16,17,23,25,27
33,2,34,6,39,8,40,11,13,15,16,17,19,23,24,25,27,30>32,33,36,5,6,13,14,20,26,31,2,34,8,40,16,17,23,25,27
3,4,6,7,8,9,12,15,16,18,21,22,23,25,28,29,30,31,32,37,40>7,37,10,12,15,16,23,27,3,4,8,9,40,21,22,28,29
3,4,6,7,8,9,12,15,16,18,21,22,23,25,28,29,30,31,32,37,40>35,7,39,18,25,26,27,3,4,8,9,40,21,22,28,29
3,4,6,7,8,9,12,15,16,18,21,22,23,25,28,29,30,31,32,37,40>32,35,37,10,15,18,26,27,30,3,4,8,9,40,21,22,28,29
3,4,6,7,8,9,12,15,16,18,21,22,23,25,28,29,30,31,32,37,40>32,33,35,5,7,15,16,27,3,4,8,9,40,21,22,28,29
3,4,6,7,8,9,12,15,16,18,21,22,23,25,28,29,30,31,32,37,40>32,33,35,5,15,16,18,27,31,3,4,8,9,40,21,22,28,29
3,4,6,7,8,9,12,15,16,18,21,22,23,25,28,29,30,31,32,37,40>32,6,7,10,16,20,23,26,27,30,31,3,4,8,9,40,21,22,28,29
3,4,6,7,8,9,12,15,16,18,21,22,23,25,28,29,30,31,32,37,40>32,33,6,7,37,39,10,15,18,20,23,25,27,3,4,8,9,40,21,22,28,29
3,4,6,7,8,9,12,15,16,18,21,22,23,25,28,29,30,31,32,37,40>32,35,6,37,39,15,16,23,25,26,27,31,3,4,8,9,40,21,22,28,29
34,4,37,38,14,15,16,17,18,20,21,22,26,27,30,31>32,4,17,18,24,26,28,29,34,15,20,21,22,30,31
34,4,37,38,14,15,16,17,18,20,21,22,26,27,30,31>17,35,4,14,34,15,20,21,22,30,31
34,4,37,38,14,15,16,17,18,20,21,22,26,27,30,31>32,4,40,14,34,15,20,21,22,30,31
34,4,37,38,14,15,16,17,18,20,21,22,26,27,30,31>37,40,17,24,27,28,34,15,20,21,22,30,31
34,4,37,38,14,15,16,17,18,20,21,22,26,27,30,31>35,4,37,40,14,16,26,27,29,34,15,20,21,22,30,31
34,4,37,38,14,15,16,17,18,20,21,22,26,27,30,31>35,4,37,14,16,18,26,27,28,29,34,15,20,21,22,30,31
34,4,37,38,14,15,16,17,18,20,21,22,26,27,30,31>32,38,40,14,16,17,18,24,26,28,29,34,15,20,21,22,30,31
34,4,37,38,14,15,16,17,18,20,21,22,26,27,30,31>4,37,38,16,24,26,28,29,34,15,20,21,22,30,31
32,2,35,4,37,6,38,40,10,11,15,17,18,19,21,24,26,31>4,9,10,17,21,22,25,26,30,31,32,38,39,2,35,37,11,18
32,2,35,4,37,6,38,40,10,11,15,17,18,19,21,24,26,31>9,17,20,21,30,32,34,40,2,35,37,11,18
32,2,35,4,37,6,38,40,10,11,15,17,18,19,21,24,26,31>6,9,13,15,20,21,25,26,30,31,32,38,40,2,35,37,11,18
32,2,35,4,37,6,38,40,10,11,15,17,18,19,21,24,26,31>8,9,12,15,17,20,21,22,24,25,26,32,34,2,35,37,11,18
32,2,35,4,37,6,38,40,10,11,15,17,18,19,21,24,26,31>8,9,12,13,15,20,21,22,25,26,34,38,39,40,2,35,37,11,18
32,2,35,4,37,6,38,40,10,11,15,17,18,19,21,24,26,31>4,10,20,21,22,26,30,32,38,39,40,2,35,37,11,18
32,2,35,4,37,6,38,40,10,11,15,17,18,19,21,24,26,31>4,9,10,12,15,21,22,25,26,30,31,34,38,39,40,2,35,37,11,18
32,2,35,4,37,6,38,40,10,11,15,17,18,19,21,24,26,31>6,9,10,13,17,20,23,24,25,26,34,2,35,37,11,18
32,34,4,37,6,38,8,40,13,15,17,20,25,27,28,30,31>13,15,16,9,32,34,8,40,17,20,27,31
32,34,4,37,6,38,8,40,13,15,17,20,25,27,28,30,31>13,37,28,32,34,8,40,17,20,27,31
32,34,4,37,6,38,8,40,13,15,17,20,25,27,28,30,31>35,37,9,14,24,25,30,32,34,8,40,17,20,27,31
32,34,4,37,6,38,8,40,13,15,17,20,25,27,28,30,31>4,37,13,14,15,16,25,32,34,8,40,17,20,27,31
32,34,4,37,6,38,8,40,13,15,17,20,25,27,28,30,31>33,4,37,38,14,15,24,25,28,32,34,8,40,17,20,27,31
32,34,4,37,6,38,8,40,13,15,17,20,25,27,28,30,31>33,35,6,13,15,16,24,28,30,32,34,8,40,17,20,27,31
32,34,4,37,6,38,8,40,13,15,17,20,25,27,28,30,31>35,4,6,13,28,30,32,34,8,40,17,20,27,31
32,34,4,37,6,38,8,40,13,15,17,20,25,27,28,30,31>33,35,4,37,6,38,9,15,16,24,25,32,34,8,40,17,20,27,31
32,1,36,6,7,8,11,12,13,14,15,16,18,23,26,28,29,31>32,35,38,9,12,22,23,28,29,1,7,8,14,15,16,26
32,1,36,6,7,8,11,12,13,14,15,16,18,23,26,28,29,31>33,35,38,9,17,28,29,1,7,8,14,15,16,26
32,1,36,6,7,8,11,12,13,14,15,16,18,23,26,28,29,31>32,35,38,39,11,13,17,18,22,29,1,7,8,14,15,16,26
32,1,36,6,7,8,11,12,13,14,15,16,18,23,26,28,29,31>32,33,36,38,22,30,1,7,8,14,15,16,26
32,1,36,6,7,8,11,12,13,14,15,16,18,23,26,28,29,31>33,35,36,6,38,9,11,12,30,31,1,7,8,14,15,16,26
32,1,36,6,7,8,11,12,13,14,15,16,18,23,26,28,29,31>32,35,5,6,13,17,22,23,30,1,7,8,14,15,16,26
32,1,36,6,7,8,11,12,13,14,15,16,18,23,26,28,29,31>36,5,13,17,22,29,31,1,7,8,14,15,16,26
32,1,36,6,7,8,11,12,13,14,15,16,18,23,26,28,29,31>33,35,36,5,6,38,39,9,11,13,17,18,29,30,31,1,7,8,14,15,16,26
