CD45,CD8,TCRlig,TCbind,PAGCsk,LCK,Fyn,Rlk,TCRphos,ZAP70,cCbl,Itk,LAT,Gads,Slp76,PLCg_b,Grb2Sos,DAG,PLCg_a,Ras,RasGRP1,PKCth,IP3,Raf,MEK,Ca,ERK,SEK,IKK,Calcin,Rsk,Fos,JNK,IkB,CREB,Jun,CRE,AP1,NFkB,NFAT
32,1,2,3,34,36,37,39,8,40,10,12,13,20,21,25,26,28>4,12,17,21,24,25,26,32,33,38,40,1,2,3,34,13,20
32,1,2,3,34,36,37,39,8,40,10,12,13,20,21,25,26,28>5,14,17,24,25,33,36,37,39,40,1,2,3,34,13,20
32,1,2,3,34,36,37,39,8,40,10,12,13,20,21,25,26,28>4,5,6,11,12,14,16,17,21,24,25,32,33,36,37,1,2,3,34,13,20
32,1,2,3,34,36,37,39,8,40,10,12,13,20,21,25,26,28>4,6,8,12,17,21,24,25,26,27,30,33,37,1,2,3,34,13,20
32,1,2,3,34,36,37,39,8,40,10,12,13,20,21,25,26,28>4,5,6,8,11,17,21,26,27,32,33,37,40,1,2,3,34,13,20
32,1,2,3,34,36,37,39,8,40,10,12,13,20,21,25,26,28>10,12,14,17,26,30,36,39,40,1,2,3,34,13,20
32,1,2,3,34,36,37,39,8,40,10,12,13,20,21,25,26,28>4,6,10,11,12,14,17,21,27,30,33,36,39,40,1,2,3,34,13,20
32,1,2,3,34,36,37,39,8,40,10,12,13,20,21,25,26,28>4,5,6,10,14,21,24,27,30,36,37,38,39,40,1,2,3,34,13,20
32,1,2,3,34,36,37,39,8,40,10,12,13,20,21,25,26,28>5,8,10,16,17,24,26,28,32,33,36,37,38,1,2,3,34,13,20
32,1,2,3,34,36,37,39,8,40,10,12,13,20,21,25,26,28>4,6,8,10,12,14,17,21,24,28,32,38,39,1,2,3,34,13,20
1,2,34,4,5,6,35,8,9,39,40,12,14,16,19,21,24,27,29>12,14,16,18,19,20,21,24,29,31,34,37,39,8,1,2,9
1,2,34,4,5,6,35,8,9,39,40,12,14,16,19,21,24,27,29>14,16,18,19,21,24,25,29,31,32,35,37,8,1,2,9
1,2,34,4,5,6,35,8,9,39,40,12,14,16,19,21,24,27,29>4,5,18,20,23,25,27,31,32,35,37,40,8,1,2,9
1,2,34,4,5,6,35,8,9,39,40,12,14,16,19,21,24,27,29>6,12,15,16,18,21,24,27,31,32,35,40,8,1,2,9
1,2,34,4,5,6,35,8,9,39,40,12,14,16,19,21,24,27,29>5,6,16,19,24,31,32,35,37,39,8,1,2,9
1,2,34,4,5,6,35,8,9,39,40,12,14,16,19,21,24,27,29>4,5,6,15,19,20,23,25,27,32,34,37,39,8,1,2,9
1,2,34,4,5,6,35,8,9,39,40,12,14,16,19,21,24,27,29>4,5,7,15,16,19,23,24,27,29,34,37,40,8,1,2,9
1,2,34,4,5,6,35,8,9,39,40,12,14,16,19,21,24,27,29>4,5,10,16,20,21,24,35,8,1,2,9
1,2,34,4,5,6,35,8,9,39,40,12,14,16,19,21,24,27,29>6,7,10,16,19,20,23,24,25,29,32,35,37,39,8,1,2,9
1,2,34,4,5,6,35,8,9,39,40,12,14,16,19,21,24,27,29>5,6,7,10,14,15,20,25,29,32,34,39,40,8,1,2,9
1,3,4,5,7,8,12,13,15,20,22,23,24,25,28,30,33,34,38,39,40>12,13,16,17,20,23,29,30,1,33,3,4,5,34,7,40,24,25,28
1,3,4,5,7,8,12,13,15,20,22,23,24,25,28,30,33,34,38,39,40>36,12,13,15,16,20,23,30,1,33,3,4,5,34,7,40,24,25,28
1,3,4,5,7,8,12,13,15,20,22,23,24,25,28,30,33,34,38,39,40>36,8,9,12,14,22,23,30,1,33,3,4,5,34,7,40,24,25,28
1,3,4,5,7,8,12,13,15,20,22,23,24,25,28,30,33,34,38,39,40>36,38,39,12,16,22,26,27,30,1,33,3,4,5,34,7,40,24,25,28
1,3,4,5,7,8,12,13,15,20,22,23,24,25,28,30,33,34,38,39,40>36,8,12,15,16,17,22,30,1,33,3,4,5,34,7,40,24,25,28
1,3,4,5,7,8,12,13,15,20,22,23,24,25,28,30,33,34,38,39,40>39,8,12,13,14,15,20,26,29,1,33,3,4,5,34,7,40,24,25,28
1,3,4,5,7,8,12,13,15,20,22,23,24,25,28,30,33,34,38,39,40>36,39,8,14,15,16,17,20,22,27,29,1,33,3,4,5,34,7,40,24,25,28
1,3,4,5,7,8,12,13,15,20,22,23,24,25,28,30,33,34,38,39,40>38,9,12,13,14,16,17,22,26,29,1,33,3,4,5,34,7,40,24,25,28
1,3,4,5,7,8,12,13,15,20,22,23,24,25,28,30,33,34,38,39,40>36,8,9,13,14,16,17,22,23,26,27,30,1,33,3,4,5,34,7,40,24,25,28
1,3,4,5,7,8,12,13,15,20,22,23,24,25,28,30,33,34,38,39,40>36,38,8,9,13,20,22,23,26,27,30,1,33,3,4,5,34,7,40,24,25,28
32,1,35,5,7,39,11,12,13,14,16,18,21,22,23,24,26,28,29,31>33,15,17,24,25,30,31,1,35,5,39,14,16,21,22,26,28,29
32,1,35,5,7,39,11,12,13,14,16,18,21,22,23,24,26,28,29,31>33,37,7,9,11,13,17,18,20,23,30,1,35,5,39,14,16,21,22,26,28,29
32,1,35,5,7,39,11,12,13,14,16,18,21,22,23,24,26,28,29,31>33,9,11,15,18,23,24,25,30,31,1,35,5,39,14,16,21,22,26,28,29
32,1,35,5,7,39,11,12,13,14,16,18,21,22,23,24,26,28,29,31>32,37,9,17,18,23,1,35,5,39,14,16,21,22,26,28,29
32,1,35,5,7,39,11,12,13,14,16,18,21,22,23,24,26,28,29,31>32,33,7,9,11,13,15,18,23,31,1,35,5,39,14,16,21,22,26,28,29
32,1,35,5,7,39,11,12,13,14,16,18,21,22,23,24,26,28,29,31>7,9,12,13,15,18,20,24,31,1,35,5,39,14,16,21,22,26,28,29
32,1,35,5,7,39,11,12,13,14,16,18,21,22,23,24,26,28,29,31>32,7,9,11,17,18,20,23,25,30,1,35,5,39,14,16,21,22,26,28,29
32,1,35,5,7,39,11,12,13,14,16,18,21,22,23,24,26,28,29,31>33,7,9,11,12,18,23,30,31,1,35,5,39,14,16,21,22,26,28,29
32,1,35,5,7,39,11,12,13,14,16,18,21,22,23,24,26,28,29,31>32,33,7,9,12,13,15,17,18,20,25,30,1,35,5,39,14,16,21,22,26,28,29
32,1,35,5,7,39,11,12,13,14,16,18,21,22,23,24,26,28,29,31>33,37,7,9,17,24,25,1,35,5,39,14,16,21,22,26,28,29
1,2,3,6,9,12,13,14,15,16,19,21,22,24,26,28,30,31,32,33,36,40>12,13,21,22,24,26,29,31,32,1,2,3,36,33,6,40,14,15,16,28,30
1,2,3,6,9,12,13,14,15,16,19,21,22,24,26,28,30,31,32,33,36,40>5,13,19,21,23,26,29,31,35,38,39,1,2,3,36,33,6,40,14,15,16,28,30
1,2,3,6,9,12,13,14,15,16,19,21,22,24,26,28,30,31,32,33,36,40>4,7,10,13,17,19,22,25,29,31,35,1,2,3,36,33,6,40,14,15,16,28,30
1,2,3,6,9,12,13,14,15,16,19,21,22,24,26,28,30,31,32,33,36,40>5,8,12,18,20,22,25,32,34,38,39,1,2,3,36,33,6,40,14,15,16,28,30
1,2,3,6,9,12,13,14,15,16,19,21,22,24,26,28,30,31,32,33,36,40>4,9,10,13,17,19,20,21,23,25,34,35,38,1,2,3,36,33,6,40,14,15,16,28,30
1,2,3,6,9,12,13,14,15,16,19,21,22,24,26,28,30,31,32,33,36,40>5,9,10,13,17,18,21,24,25,26,29,32,34,39,1,2,3,36,33,6,40,14,15,16,28,30
1,2,3,6,9,12,13,14,15,16,19,21,22,24,26,28,30,31,32,33,36,40>4,8,9,10,12,20,21,22,24,29,31,32,39,1,2,3,36,33,6,40,14,15,16,28,30
1,2,3,6,9,12,13,14,15,16,19,21,22,24,26,28,30,31,32,33,36,40>5,8,9,12,13,18,21,22,23,29,32,34,39,1,2,3,36,33,6,40,14,15,16,28,30
1,2,3,6,9,12,13,14,15,16,19,21,22,24,26,28,30,31,32,33,36,40>4,5,8,9,13,18,19,22,24,29,34,35,39,1,2,3,36,33,6,40,14,15,16,28,30
1,2,3,6,9,12,13,14,15,16,19,21,22,24,26,28,30,31,32,33,36,40>4,7,8,9,10,17,19,21,22,31,32,35,38,1,2,3,36,33,6,40,14,15,16,28,30
1,2,4,8,10,11,14,16,17,18,19,21,23,25,29,31,32,33,34,35,37,38>4,6,14,16,17,21,22,25,26,29,31,33,38,1,2,35,37,11,18,23
1,2,4,8,10,11,14,16,17,18,19,21,23,25,29,31,32,33,34,35,37,38>4,6,13,15,16,26,27,32,33,34,38,1,2,35,37,11,18,23
1,2,4,8,10,11,14,16,17,18,19,21,23,25,29,31,32,33,34,35,37,38>4,6,14,19,21,25,26,29,32,38,1,2,35,37,11,18,23
1,2,4,8,10,11,14,16,17,18,19,21,23,25,29,31,32,33,34,35,37,38>4,6,8,13,16,17,19,20,22,25,27,29,32,33,34,36,1,2,35,37,11,18,23
1,2,4,8,10,11,14,16,17,18,19,21,23,25,29,31,32,33,34,35,37,38>4,6,7,8,13,14,15,16,17,20,27,34,1,2,35,37,11,18,23
1,2,4,8,10,11,14,16,17,18,19,21,23,25,29,31,32,33,34,35,37,38>6,10,13,14,16,21,26,27,29,31,33,1,2,35,37,11,18,23
1,2,4,8,10,11,14,16,17,18,19,21,23,25,29,31,32,33,34,35,37,38>4,6,10,13,14,15,16,17,19,22,25,29,32,33,1,2,35,37,11,18,23
1,2,4,8,10,11,14,16,17,18,19,21,23,25,29,31,32,33,34,35,37,38>4,6,7,10,13,15,16,20,25,26,1,2,35,37,11,18,23
1,2,4,8,10,11,14,16,17,18,19,21,23,25,29,31,32,33,34,35,37,38>6,7,8,10,13,15,16,17,19,21,25,26,27,31,32,33,36,1,2,35,37,11,18,23
1,2,4,8,10,11,14,16,17,18,19,21,23,25,29,31,32,33,34,35,37,38>4,6,7,8,10,17,21,25,27,29,31,32,1,2,35,37,11,18,23
1,2,3,4,5,6,7,8,10,11,16,17,20,21,22,23,25,27,29,31,32,35,36,39,40>4,13,16,21,22,24,26,32,1,2,3,35,5,7,8,39,11,20,27,29,31
1,2,3,4,5,6,7,8,10,11,16,17,20,21,22,23,25,27,29,31,32,35,36,39,40>4,36,10,17,21,22,23,32,1,2,3,35,5,7,8,39,11,20,27,29,31
1,2,3,4,5,6,7,8,10,11,16,17,20,21,22,23,25,27,29,31,32,35,36,39,40>4,36,6,9,10,16,17,21,22,24,32,1,2,3,35,5,7,8,39,11,20,27,29,31
1,2,3,4,5,6,7,8,10,11,16,17,20,21,22,23,25,27,29,31,32,35,36,39,40>4,6,37,40,13,16,22,24,26,28,32,1,2,3,35,5,7,8,39,11,20,27,29,31
1,2,3,4,5,6,7,8,10,11,16,17,20,21,22,23,25,27,29,31,32,35,36,39,40>4,6,37,9,10,40,22,23,25,26,28,32,1,2,3,35,5,7,8,39,11,20,27,29,31
1,2,3,4,5,6,7,8,10,11,16,17,20,21,22,23,25,27,29,31,32,35,36,39,40>38,9,40,16,23,26,32,1,2,3,35,5,7,8,39,11,20,27,29,31
1,2,3,4,5,6,7,8,10,11,16,17,20,21,22,23,25,27,29,31,32,35,36,39,40>36,38,10,40,13,21,32,1,2,3,35,5,7,8,39,11,20,27,29,31
1,2,3,4,5,6,7,8,10,11,16,17,20,21,22,23,25,27,29,31,32,35,36,39,40>4,6,38,9,16,17,21,22,24,28,32,1,2,3,35,5,7,8,39,11,20,27,29,31
1,2,3,4,5,6,7,8,10,11,16,17,20,21,22,23,25,27,29,31,32,35,36,39,40>37,38,10,40,21,22,23,25,28,32,1,2,3,35,5,7,8,39,11,20,27,29,31
1,2,3,4,5,6,7,8,10,11,16,17,20,21,22,23,25,27,29,31,32,35,36,39,40>36,6,37,38,10,40,17,22,24,25,26,32,1,2,3,35,5,7,8,39,11,20,27,29,31
32,34,4,5,36,7,8,9,10,11,12,38,40,15,22,26,27,30>8,13,15,22,27,28,31,32,34,5,38,40,9,11,12,30
32,34,4,5,36,7,8,9,10,11,12,38,40,15,22,26,27,30>36,7,8,13,15,27,28,31,32,34,5,38,40,9,11,12,30
32,34,4,5,36,7,8,9,10,11,12,38,40,15,22,26,27,30>4,36,7,8,15,26,31,32,34,5,38,40,9,11,12,30
32,34,4,5,36,7,8,9,10,11,12,38,40,15,22,26,27,30>4,10,13,15,26,29,31,32,34,5,38,40,9,11,12,30
32,34,4,5,36,7,8,9,10,11,12,38,40,15,22,26,27,30>36,10,15,22,26,27,28,29,31,32,34,5,38,40,9,11,12,30
32,34,4,5,36,7,8,9,10,11,12,38,40,15,22,26,27,30>7,10,22,26,27,29,32,34,5,38,40,9,11,12,30
32,34,4,5,36,7,8,9,10,11,12,38,40,15,22,26,27,30>36,7,10,22,26,27,31,32,34,5,38,40,9,11,12,30
32,34,4,5,36,7,8,9,10,11,12,38,40,15,22,26,27,30>36,7,10,15,22,27,28,29,32,34,5,38,40,9,11,12,30
32,34,4,5,36,7,8,9,10,11,12,38,40,15,22,26,27,30>7,8,10,13,22,28,29,31,32,34,5,38,40,9,11,12,30
32,34,4,5,36,7,8,9,10,11,12,38,40,15,22,26,27,30>4,36,7,8,10,13,15,22,27,31,32,34,5,38,40,9,11,12,30
32,1,34,35,6,7,9,12,13,15,18,20,21,22,25,27,28,29,31>34,5,12,13,14,15,32,1,35,7,9,20,21,22,27,28,29,31
32,1,34,35,6,7,9,12,13,15,18,20,21,22,25,27,28,29,31>33,6,10,12,13,14,15,24,25,32,1,35,7,9,20,21,22,27,28,29,31
32,1,34,35,6,7,9,12,13,15,18,20,21,22,25,27,28,29,31>34,6,15,16,17,18,24,25,32,1,35,7,9,20,21,22,27,28,29,31
32,1,34,35,6,7,9,12,13,15,18,20,21,22,25,27,28,29,31>5,6,12,13,14,15,17,18,24,32,1,35,7,9,20,21,22,27,28,29,31
32,1,34,35,6,7,9,12,13,15,18,20,21,22,25,27,28,29,31>34,5,37,8,12,14,15,17,18,25,32,1,35,7,9,20,21,22,27,28,29,31
32,1,34,35,6,7,9,12,13,15,18,20,21,22,25,27,28,29,31>33,34,5,37,13,14,17,32,1,35,7,9,20,21,22,27,28,29,31
32,1,34,35,6,7,9,12,13,15,18,20,21,22,25,27,28,29,31>33,34,6,37,8,15,18,25,32,1,35,7,9,20,21,22,27,28,29,31
32,1,34,35,6,7,9,12,13,15,18,20,21,22,25,27,28,29,31>33,34,6,37,8,12,14,18,32,1,35,7,9,20,21,22,27,28,29,31
32,1,34,35,6,7,9,12,13,15,18,20,21,22,25,27,28,29,31>34,5,6,37,10,16,18,24,25,32,1,35,7,9,20,21,22,27,28,29,31
32,1,34,35,6,7,9,12,13,15,18,20,21,22,25,27,28,29,31>33,34,5,6,37,10,12,14,32,1,35,7,9,20,21,22,27,28,29,31
1,2,3,4,5,6,33,35,9,37,39,40,16,17,28,29>5,8,40,16,17,20,28,1,2,3,4,33,37,39,9
1,2,3,4,5,6,33,35,9,37,39,40,16,17,28,29>35,36,6,8,10,17,20,28,1,2,3,4,33,37,39,9
1,2,3,4,5,6,33,35,9,37,39,40,16,17,28,29>5,6,8,20,29,1,2,3,4,33,37,39,9
1,2,3,4,5,6,33,35,9,37,39,40,16,17,28,29>35,36,6,10,16,17,1,2,3,4,33,37,39,9
1,2,3,4,5,6,33,35,9,37,39,40,16,17,28,29>35,36,5,6,8,40,17,20,28,1,2,3,4,33,37,39,9
1,2,3,4,5,6,33,35,9,37,39,40,16,17,28,29>7,40,10,16,28,29,1,2,3,4,33,37,39,9
1,2,3,4,5,6,33,35,9,37,39,40,16,17,28,29>36,7,8,10,16,17,20,29,1,2,3,4,33,37,39,9
1,2,3,4,5,6,33,35,9,37,39,40,16,17,28,29>5,7,40,10,16,17,28,1,2,3,4,33,37,39,9
1,2,3,4,5,6,33,35,9,37,39,40,16,17,28,29>6,7,40,17,20,28,1,2,3,4,33,37,39,9
1,2,3,4,5,6,33,35,9,37,39,40,16,17,28,29>35,5,6,7,8,17,20,28,1,2,3,4,33,37,39,9
1,2,3,4,5,7,10,13,14,16,17,18,21,22,23,25,26,27,30,31,34,36,37,38>35,40,9,11,20,25,28,1,2,3,4,5,34,7,13,14,16,17,21,22,26,27,30,31
1,2,3,4,5,7,10,13,14,16,17,18,21,22,23,25,26,27,30,31,34,36,37,38>32,35,40,23,28,1,2,3,4,5,34,7,13,14,16,17,21,22,26,27,30,31
1,2,3,4,5,7,10,13,14,16,17,18,21,22,23,25,26,27,30,31,34,36,37,38>32,35,9,18,20,25,1,2,3,4,5,34,7,13,14,16,17,21,22,26,27,30,31
1,2,3,4,5,7,10,13,14,16,17,18,21,22,23,25,26,27,30,31,34,36,37,38>32,35,36,40,9,10,11,15,18,1,2,3,4,5,34,7,13,14,16,17,21,22,26,27,30,31
1,2,3,4,5,7,10,13,14,16,17,18,21,22,23,25,26,27,30,31,34,36,37,38>32,35,36,10,20,25,1,2,3,4,5,34,7,13,14,16,17,21,22,26,27,30,31
1,2,3,4,5,7,10,13,14,16,17,18,21,22,23,25,26,27,30,31,34,36,37,38>37,9,10,15,18,20,28,1,2,3,4,5,34,7,13,14,16,17,21,22,26,27,30,31
1,2,3,4,5,7,10,13,14,16,17,18,21,22,23,25,26,27,30,31,34,36,37,38>37,9,11,15,18,20,23,28,29,1,2,3,4,5,34,7,13,14,16,17,21,22,26,27,30,31
1,2,3,4,5,7,10,13,14,16,17,18,21,22,23,25,26,27,30,31,34,36,37,38>32,36,37,9,11,15,18,20,29,1,2,3,4,5,34,7,13,14,16,17,21,22,26,27,30,31
1,2,3,4,5,7,10,13,14,16,17,18,21,22,23,25,26,27,30,31,34,36,37,38>38,40,11,18,25,1,2,3,4,5,34,7,13,14,16,17,21,22,26,27,30,31
1,2,3,4,5,7,10,13,14,16,17,18,21,22,23,25,26,27,30,31,34,36,37,38>35,38,40,9,10,20,28,1,2,3,4,5,34,7,13,14,16,17,21,22,26,27,30,31
1,2,3,35,6,7,9,11,12,15,17,21,22,25,27,28,29,31>33,11,17,20,22,1,2,3,35,6,7,9,27,28,29,31
1,2,3,35,6,7,9,11,12,15,17,21,22,25,27,28,29,31>32,5,8,17,20,21,22,1,2,3,35,6,7,9,27,28,29,31
1,2,3,35,6,7,9,11,12,15,17,21,22,25,27,28,29,31>37,15,17,20,21,25,1,2,3,35,6,7,9,27,28,29,31
1,2,3,35,6,7,9,11,12,15,17,21,22,25,27,28,29,31>32,5,37,15,17,22,25,1,2,3,35,6,7,9,27,28,29,31
1,2,3,35,6,7,9,11,12,15,17,21,22,25,27,28,29,31>33,39,8,11,12,15,1,2,3,35,6,7,9,27,28,29,31
1,2,3,35,6,7,9,11,12,15,17,21,22,25,27,28,29,31>5,39,11,15,20,21,22,1,2,3,35,6,7,9,27,28,29,31
1,2,3,35,6,7,9,11,12,15,17,21,22,25,27,28,29,31>32,37,39,8,11,12,15,20,21,1,2,3,35,6,7,9,27,28,29,31
1,2,3,35,6,7,9,11,12,15,17,21,22,25,27,28,29,31>33,37,39,8,15,20,21,25,1,2,3,35,6,7,9,27,28,29,31
1,2,3,35,6,7,9,11,12,15,17,21,22,25,27,28,29,31>15,5,37,39,1,2,3,35,6,7,9,27,28,29,31
1,2,3,35,6,7,9,11,12,15,17,21,22,25,27,28,29,31>33,37,39,12,15,17,20,21,22,1,2,3,35,6,7,9,27,28,29,31
1,2,3,5,7,8,10,11,12,13,14,16,17,18,19,20,21,22,27,28,29,30,32,33,35,39>35,36,9,12,19,23,24,27,30,32,1,2,3,33,5,39,11,13,14,16,17,18,20,21,22,28,29
1,2,3,5,7,8,10,11,12,13,14,16,17,18,19,20,21,22,27,28,29,30,32,33,35,39>37,40,15,24,27,32,1,2,3,33,5,39,11,13,14,16,17,18,20,21,22,28,29
1,2,3,5,7,8,10,11,12,13,14,16,17,18,19,20,21,22,27,28,29,30,32,33,35,39>37,9,40,15,19,23,27,30,32,1,2,3,33,5,39,11,13,14,16,17,18,20,21,22,28,29
1,2,3,5,7,8,10,11,12,13,14,16,17,18,19,20,21,22,27,28,29,30,32,33,35,39>35,36,7,10,12,19,23,24,27,30,32,1,2,3,33,5,39,11,13,14,16,17,18,20,21,22,28,29
1,2,3,5,7,8,10,11,12,13,14,16,17,18,19,20,21,22,27,28,29,30,32,33,35,39>35,36,7,9,10,15,32,1,2,3,33,5,39,11,13,14,16,17,18,20,21,22,28,29
1,2,3,5,7,8,10,11,12,13,14,16,17,18,19,20,21,22,27,28,29,30,32,33,35,39>35,8,10,15,19,23,27,30,31,32,1,2,3,33,5,39,11,13,14,16,17,18,20,21,22,28,29
1,2,3,5,7,8,10,11,12,13,14,16,17,18,19,20,21,22,27,28,29,30,32,33,35,39>35,37,8,9,15,19,23,24,27,30,31,32,1,2,3,33,5,39,11,13,14,16,17,18,20,21,22,28,29
1,2,3,5,7,8,10,11,12,13,14,16,17,18,19,20,21,22,27,28,29,30,32,33,35,39>35,36,37,8,9,19,24,27,30,32,1,2,3,33,5,39,11,13,14,16,17,18,20,21,22,28,29
1,2,3,5,7,8,10,11,12,13,14,16,17,18,19,20,21,22,27,28,29,30,32,33,35,39>35,36,7,8,9,10,40,23,32,1,2,3,33,5,39,11,13,14,16,17,18,20,21,22,28,29
1,2,3,5,7,8,10,11,12,13,14,16,17,18,19,20,21,22,27,28,29,30,32,33,35,39>37,7,8,9,10,40,24,30,31,32,1,2,3,33,5,39,11,13,14,16,17,18,20,21,22,28,29
1,34,3,4,35,7,8,40,10,11,16,23,25,26,27,28,30,31>32,8,10,13,25,1,34,3,35,7,40,11,26,27,30,31
1,34,3,4,35,7,8,40,10,11,16,23,25,26,27,28,30,31>32,4,8,10,13,16,23,28,1,34,3,35,7,40,11,26,27,30,31
1,34,3,4,35,7,8,40,10,11,16,23,25,26,27,28,30,31>32,33,4,8,13,16,23,28,1,34,3,35,7,40,11,26,27,30,31
1,34,3,4,35,7,8,40,10,11,16,23,25,26,27,28,30,31>5,9,13,16,23,25,1,34,3,35,7,40,11,26,27,30,31
1,34,3,4,35,7,8,40,10,11,16,23,25,26,27,28,30,31>4,5,9,10,13,16,25,28,1,34,3,35,7,40,11,26,27,30,31
1,34,3,4,35,7,8,40,10,11,16,23,25,26,27,28,30,31>4,5,8,10,13,23,25,1,34,3,35,7,40,11,26,27,30,31
1,34,3,4,35,7,8,40,10,11,16,23,25,26,27,28,30,31>33,4,5,10,16,28,1,34,3,35,7,40,11,26,27,30,31
1,34,3,4,35,7,8,40,10,11,16,23,25,26,27,28,30,31>33,4,5,8,9,10,23,25,28,1,34,3,35,7,40,11,26,27,30,31
1,34,3,4,35,7,8,40,10,11,16,23,25,26,27,28,30,31>32,33,37,8,9,10,16,23,1,34,3,35,7,40,11,26,27,30,31
1,34,3,4,35,7,8,40,10,11,16,23,25,26,27,28,30,31>32,33,5,37,10,1,34,3,35,7,40,11,26,27,30,31
32,2,34,4,37,8,9,40,12,13,16,18,22,23,25,26>32,40,12,18,29,2,34,16,22,26
32,2,34,4,37,8,9,40,12,13,16,18,22,23,25,26>32,12,13,14,17,25,28,29,2,34,16,22,26
32,2,34,4,37,8,9,40,12,13,16,18,22,23,25,26>37,40,13,14,17,18,23,25,30,2,34,16,22,26
32,2,34,4,37,8,9,40,12,13,16,18,22,23,25,26>8,13,21,25,27,30,2,34,16,22,26
32,2,34,4,37,8,9,40,12,13,16,18,22,23,25,26>37,8,12,14,23,28,30,2,34,16,22,26
32,2,34,4,37,8,9,40,12,13,16,18,22,23,25,26>37,9,13,18,21,23,27,28,30,2,34,16,22,26
32,2,34,4,37,8,9,40,12,13,16,18,22,23,25,26>32,37,9,14,25,27,29,30,2,34,16,22,26
32,2,34,4,37,8,9,40,12,13,16,18,22,23,25,26>32,4,37,9,13,18,21,25,27,28,29,2,34,16,22,26
32,2,34,4,37,8,9,40,12,13,16,18,22,23,25,26>37,8,9,12,13,18,21,25,27,28,2,34,16,22,26
32,2,34,4,37,8,9,40,12,13,16,18,22,23,25,26>4,37,8,9,12,17,21,23,25,30,2,34,16,22,26
2,3,7,8,10,11,12,14,17,19,20,22,23,27,28,29,34,36,37,39,40>12,14,18,19,27,33,36,37,39,40,2,3,11,20,23,28,29
2,3,7,8,10,11,12,14,17,19,20,22,23,27,28,29,34,36,37,39,40>7,8,12,13,14,17,18,19,22,24,27,32,36,39,40,2,3,11,20,23,28,29
2,3,7,8,10,11,12,14,17,19,20,22,23,27,28,29,34,36,37,39,40>7,8,17,18,24,26,27,32,33,2,3,11,20,23,28,29
2,3,7,8,10,11,12,14,17,19,20,22,23,27,28,29,34,36,37,39,40>5,7,9,12,15,17,18,19,24,27,33,36,39,2,3,11,20,23,28,29
2,3,7,8,10,11,12,14,17,19,20,22,23,27,28,29,34,36,37,39,40>8,9,12,14,18,22,24,27,32,39,40,2,3,11,20,23,28,29
2,3,7,8,10,11,12,14,17,19,20,22,23,27,28,29,34,36,37,39,40>7,8,9,13,14,15,17,22,24,27,32,36,37,39,2,3,11,20,23,28,29
2,3,7,8,10,11,12,14,17,19,20,22,23,27,28,29,34,36,37,39,40>5,10,12,14,18,19,22,24,26,32,33,39,2,3,11,20,23,28,29
2,3,7,8,10,11,12,14,17,19,20,22,23,27,28,29,34,36,37,39,40>9,10,13,14,15,24,26,27,34,37,40,2,3,11,20,23,28,29
2,3,7,8,10,11,12,14,17,19,20,22,23,27,28,29,34,36,37,39,40>8,9,10,13,15,19,26,27,31,32,34,36,2,3,11,20,23,28,29
2,3,7,8,10,11,12,14,17,19,20,22,23,27,28,29,34,36,37,39,40>8,9,10,12,17,18,19,22,24,31,32,33,34,37,40,2,3,11,20,23,28,29
2,5,6,7,8,9,13,14,17,19,20,21,23,25,26,28,29,30,31,32,35,37,38>32,13,15,18,25,28,29,31,2,35,5,37,8,9,14,17,20,23,26,30
2,5,6,7,8,9,13,14,17,19,20,21,23,25,26,28,29,30,31,32,35,37,38>32,40,15,21,25,2,35,5,37,8,9,14,17,20,23,26,30
2,5,6,7,8,9,13,14,17,19,20,21,23,25,26,28,29,30,31,32,35,37,38>33,19,24,28,31,2,35,5,37,8,9,14,17,20,23,26,30
2,5,6,7,8,9,13,14,17,19,20,21,23,25,26,28,29,30,31,32,35,37,38>6,40,13,15,18,21,27,29,31,2,35,5,37,8,9,14,17,20,23,26,30
2,5,6,7,8,9,13,14,17,19,20,21,23,25,26,28,29,30,31,32,35,37,38>33,6,13,18,21,24,25,28,29,31,2,35,5,37,8,9,14,17,20,23,26,30
2,5,6,7,8,9,13,14,17,19,20,21,23,25,26,28,29,30,31,32,35,37,38>6,7,39,40,15,16,18,21,25,28,29,31,2,35,5,37,8,9,14,17,20,23,26,30
2,5,6,7,8,9,13,14,17,19,20,21,23,25,26,28,29,30,31,32,35,37,38>38,39,10,13,15,18,24,25,2,35,5,37,8,9,14,17,20,23,26,30
2,5,6,7,8,9,13,14,17,19,20,21,23,25,26,28,29,30,31,32,35,37,38>32,38,39,10,13,16,18,21,25,27,28,31,2,35,5,37,8,9,14,17,20,23,26,30
2,5,6,7,8,9,13,14,17,19,20,21,23,25,26,28,29,30,31,32,35,37,38>32,38,10,13,15,16,21,25,27,28,2,35,5,37,8,9,14,17,20,23,26,30
2,5,6,7,8,9,13,14,17,19,20,21,23,25,26,28,29,30,31,32,35,37,38>7,38,13,19,21,24,28,31,2,35,5,37,8,9,14,17,20,23,26,30
1,2,7,10,11,13,14,17,20,21,22,23,24,25,26,28,29,31,34,35,38>6,10,16,22,23,31,1,2,35,11,13,14,17,20,24,25,26,28,29
1,2,7,10,11,13,14,17,20,21,22,23,24,25,26,28,29,31,34,35,38>6,37,10,38,15,16,23,30,31,1,2,35,11,13,14,17,20,24,25,26,28,29
1,2,7,10,11,13,14,17,20,21,22,23,24,25,26,28,29,31,34,35,38>33,5,6,37,9,10,15,16,21,23,27,30,31,1,2,35,11,13,14,17,20,24,25,26,28,29
1,2,7,10,11,13,14,17,20,21,22,23,24,25,26,28,29,31,34,35,38>33,5,6,37,9,10,38,22,27,30,1,2,35,11,13,14,17,20,24,25,26,28,29
1,2,7,10,11,13,14,17,20,21,22,23,24,25,26,28,29,31,34,35,38>33,7,9,16,23,1,2,35,11,13,14,17,20,24,25,26,28,29
1,2,7,10,11,13,14,17,20,21,22,23,24,25,26,28,29,31,34,35,38>5,7,37,10,21,22,23,27,30,31,1,2,35,11,13,14,17,20,24,25,26,28,29
1,2,7,10,11,13,14,17,20,21,22,23,24,25,26,28,29,31,34,35,38>6,7,10,15,16,21,23,1,2,35,11,13,14,17,20,24,25,26,28,29
1,2,7,10,11,13,14,17,20,21,22,23,24,25,26,28,29,31,34,35,38>33,5,6,7,9,10,22,23,1,2,35,11,13,14,17,20,24,25,26,28,29
1,2,7,10,11,13,14,17,20,21,22,23,24,25,26,28,29,31,34,35,38>34,5,6,7,9,38,15,23,31,1,2,35,11,13,14,17,20,24,25,26,28,29
1,2,7,10,11,13,14,17,20,21,22,23,24,25,26,28,29,31,34,35,38>33,34,5,6,7,15,21,22,30,31,1,2,35,11,13,14,17,20,24,25,26,28,29
33,2,35,36,38,7,8,9,40,13,14,15,16,17,20,22,26,29,31>40,13,24,39,2,35,36,9,14,15,16,17,20,29
33,2,35,36,38,7,8,9,40,13,14,15,16,17,20,22,26,29,31>13,22,24,26,30,31,2,35,36,9,14,15,16,17,20,29
33,2,35,36,38,7,8,9,40,13,14,15,16,17,20,22,26,29,31>5,37,39,22,24,2,35,36,9,14,15,16,17,20,29
33,2,35,36,38,7,8,9,40,13,14,15,16,17,20,22,26,29,31>8,39,22,26,28,30,2,35,36,9,14,15,16,17,20,29
33,2,35,36,38,7,8,9,40,13,14,15,16,17,20,22,26,29,31>37,8,38,13,28,30,2,35,36,9,14,15,16,17,20,29
33,2,35,36,38,7,8,9,40,13,14,15,16,17,20,22,26,29,31>5,37,8,38,40,13,22,26,30,2,35,36,9,14,15,16,17,20,29
33,2,35,36,38,7,8,9,40,13,14,15,16,17,20,22,26,29,31>33,5,37,8,39,13,26,28,31,2,35,36,9,14,15,16,17,20,29
33,2,35,36,38,7,8,9,40,13,14,15,16,17,20,22,26,29,31>33,7,8,38,39,40,13,26,28,2,35,36,9,14,15,16,17,20,29
33,2,35,36,38,7,8,9,40,13,14,15,16,17,20,22,26,29,31>37,7,8,38,39,13,24,26,28,31,2,35,36,9,14,15,16,17,20,29
33,2,35,36,38,7,8,9,40,13,14,15,16,17,20,22,26,29,31>5,37,7,8,40,13,26,30,31,2,35,36,9,14,15,16,17,20,29
1,3,4,5,6,37,8,38,39,16,18,19,20,21,24,25,30>34,5,40,19,21,23,27,30,1,3,4,39,8,18,20,24,25
1,3,4,5,6,37,8,38,39,16,18,19,20,21,24,25,30>34,5,6,22,23,27,1,3,4,39,8,18,20,24,25
1,3,4,5,6,37,8,38,39,16,18,19,20,21,24,25,30>34,6,7,9,40,27,1,3,4,39,8,18,20,24,25
1,3,4,5,6,37,8,38,39,16,18,19,20,21,24,25,30>5,6,7,9,38,16,19,23,1,3,4,39,8,18,20,24,25
1,3,4,5,6,37,8,38,39,16,18,19,20,21,24,25,30>5,37,38,16,21,22,27,30,1,3,4,39,8,18,20,24,25
1,3,4,5,6,37,8,38,39,16,18,19,20,21,24,25,30>34,6,37,9,40,19,22,27,30,1,3,4,39,8,18,20,24,25
1,3,4,5,6,37,8,38,39,16,18,19,20,21,24,25,30>34,7,37,38,40,19,21,23,30,1,3,4,39,8,18,20,24,25
1,3,4,5,6,37,8,38,39,16,18,19,20,21,24,25,30>6,7,37,38,21,22,27,1,3,4,39,8,18,20,24,25
1,3,4,5,6,37,8,38,39,16,18,19,20,21,24,25,30>34,6,7,37,19,21,23,30,1,3,4,39,8,18,20,24,25
1,3,4,5,6,37,8,38,39,16,18,19,20,21,24,25,30>34,7,37,9,22,27,1,3,4,39,8,18,20,24,25
32,34,35,5,37,38,39,40,10,12,14,19,21,22,24,26,28,29>10,11,15,23,30,32,34,35,38,29,37,28,5
32,34,35,5,37,38,39,40,10,12,14,19,21,22,24,26,28,29>10,12,19,20,21,23,24,30,33,35,38,39,29,37,28,5
32,34,35,5,37,38,39,40,10,12,14,19,21,22,24,26,28,29>10,12,15,18,23,25,30,33,40,29,37,28,5
32,34,35,5,37,38,39,40,10,12,14,19,21,22,24,26,28,29>10,13,15,20,21,23,24,25,30,34,35,39,29,37,28,5
32,34,35,5,37,38,39,40,10,12,14,19,21,22,24,26,28,29>10,12,13,18,19,20,22,25,26,30,32,38,39,29,37,28,5
32,34,35,5,37,38,39,40,10,12,14,19,21,22,24,26,28,29>11,12,13,15,19,21,22,23,25,26,32,34,29,37,28,5
32,34,35,5,37,38,39,40,10,12,14,19,21,22,24,26,28,29>11,14,15,20,21,24,26,30,34,35,29,37,28,5
32,34,35,5,37,38,39,40,10,12,14,19,21,22,24,26,28,29>10,11,14,20,21,22,32,33,35,29,37,28,5
32,34,35,5,37,38,39,40,10,12,14,19,21,22,24,26,28,29>13,14,15,22,23,25,26,30,32,39,40,29,37,28,5
32,34,35,5,37,38,39,40,10,12,14,19,21,22,24,26,28,29>10,12,13,14,18,19,20,22,23,24,25,26,33,35,40,29,37,28,5
32,1,2,33,4,34,38,39,8,14,17,19,20,22,23,24,25,28,29,30>32,34,7,8,39,15,18,19,22,26,27,30,1,2,33,20,23,24,25,28,29
32,1,2,33,4,34,38,39,8,14,17,19,20,22,23,24,25,28,29,30>32,36,7,8,39,40,15,17,18,22,27,30,1,2,33,20,23,24,25,28,29
32,1,2,33,4,34,38,39,8,14,17,19,20,22,23,24,25,28,29,30>32,34,36,38,39,14,18,19,27,30,1,2,33,20,23,24,25,28,29
32,1,2,33,4,34,38,39,8,14,17,19,20,22,23,24,25,28,29,30>4,36,38,39,14,15,17,18,22,27,1,2,33,20,23,24,25,28,29
32,1,2,33,4,34,38,39,8,14,17,19,20,22,23,24,25,28,29,30>32,34,4,36,7,14,17,19,22,30,1,2,33,20,23,24,25,28,29
32,1,2,33,4,34,38,39,8,14,17,19,20,22,23,24,25,28,29,30>6,39,15,17,18,19,26,27,30,1,2,33,20,23,24,25,28,29
32,1,2,33,4,34,38,39,8,14,17,19,20,22,23,24,25,28,29,30>32,6,38,15,17,19,1,2,33,20,23,24,25,28,29
32,1,2,33,4,34,38,39,8,14,17,19,20,22,23,24,25,28,29,30>32,4,6,7,38,39,14,17,19,22,30,1,2,33,20,23,24,25,28,29
32,1,2,33,4,34,38,39,8,14,17,19,20,22,23,24,25,28,29,30>34,4,6,7,38,39,15,17,18,1,2,33,20,23,24,25,28,29
32,1,2,33,4,34,38,39,8,14,17,19,20,22,23,24,25,28,29,30>32,34,4,6,8,40,14,15,18,26,1,2,33,20,23,24,25,28,29
33,2,36,5,38,39,10,12,13,15,18,19,20,24,28,30>34,40,10,11,15,19,20,22,23,25,28,30,33,2,36,5,39,12,13,18,24
33,2,36,5,38,39,10,12,13,15,18,19,20,24,28,30>38,10,15,16,19,20,23,33,2,36,5,39,12,13,18,24
33,2,36,5,38,39,10,12,13,15,18,19,20,24,28,30>38,40,10,15,17,22,23,25,33,2,36,5,39,12,13,18,24
33,2,36,5,38,39,10,12,13,15,18,19,20,24,28,30>38,40,10,19,20,25,28,33,2,36,5,39,12,13,18,24
33,2,36,5,38,39,10,12,13,15,18,19,20,24,28,30>38,11,14,17,23,28,30,33,2,36,5,39,12,13,18,24
33,2,36,5,38,39,10,12,13,15,18,19,20,24,28,30>38,11,14,15,20,22,25,28,30,33,2,36,5,39,12,13,18,24
33,2,36,5,38,39,10,12,13,15,18,19,20,24,28,30>38,10,11,22,23,25,28,30,33,2,36,5,39,12,13,18,24
33,2,36,5,38,39,10,12,13,15,18,19,20,24,28,30>34,38,10,11,15,16,17,22,23,28,30,33,2,36,5,39,12,13,18,24
33,2,36,5,38,39,10,12,13,15,18,19,20,24,28,30>34,40,10,11,14,16,19,20,22,30,33,2,36,5,39,12,13,18,24
33,2,36,5,38,39,10,12,13,15,18,19,20,24,28,30>34,38,40,10,11,17,28,30,33,2,36,5,39,12,13,18,24
32,1,3,4,36,37,38,8,9,40,12,13,14,19,20,24,29,30,31>7,9,15,20,23,25,30,32,35,37,39,1,3,4,38,40,14,24
32,1,3,4,36,37,38,8,9,40,12,13,14,19,20,24,29,30,31>8,12,18,23,25,39,1,3,4,38,40,14,24
32,1,3,4,36,37,38,8,9,40,12,13,14,19,20,24,29,30,31>7,9,12,16,19,20,29,32,35,36,39,1,3,4,38,40,14,24
32,1,3,4,36,37,38,8,9,40,12,13,14,19,20,24,29,30,31>8,13,16,17,23,29,30,31,36,39,1,3,4,38,40,14,24
32,1,3,4,36,37,38,8,9,40,12,13,14,19,20,24,29,30,31>9,13,15,16,17,19,20,25,30,31,32,37,1,3,4,38,40,14,24
32,1,3,4,36,37,38,8,9,40,12,13,14,19,20,24,29,30,31>7,9,13,16,18,20,23,32,35,36,37,39,1,3,4,38,40,14,24
32,1,3,4,36,37,38,8,9,40,12,13,14,19,20,24,29,30,31>7,12,13,15,18,19,23,25,30,31,35,1,3,4,38,40,14,24
32,1,3,4,36,37,38,8,9,40,12,13,14,19,20,24,29,30,31>8,12,13,15,16,17,18,19,20,23,29,32,36,1,3,4,38,40,14,24
32,1,3,4,36,37,38,8,9,40,12,13,14,19,20,24,29,30,31>9,12,13,16,18,23,32,35,36,37,1,3,4,38,40,14,24
32,1,3,4,36,37,38,8,9,40,12,13,14,19,20,24,29,30,31>7,8,9,12,13,15,16,17,18,29,31,32,35,37,1,3,4,38,40,14,24
1,2,36,38,8,10,15,16,20,23,25>34,8,13,16,19,20,23,25,1,2
1,2,36,38,8,10,15,16,20,23,25>34,5,11,12,13,23,25,1,2
1,2,36,38,8,10,15,16,20,23,25>34,6,38,8,11,15,20,26,27,1,2
1,2,36,38,8,10,15,16,20,23,25>6,12,19,25,26,1,2
1,2,36,38,8,10,15,16,20,23,25>34,5,6,39,11,12,15,16,19,25,27,1,2
1,2,36,38,8,10,15,16,20,23,25>38,11,12,15,16,19,20,24,26,27,1,2
1,2,36,38,8,10,15,16,20,23,25>34,36,38,8,11,13,15,20,23,25,27,1,2
1,2,36,38,8,10,15,16,20,23,25>36,5,38,11,12,13,16,23,24,26,27,1,2
1,2,36,38,8,10,15,16,20,23,25>34,6,38,8,39,10,11,12,13,15,23,24,1,2
1,2,36,38,8,10,15,16,20,23,25>36,5,6,38,39,10,11,12,15,24,26,1,2
33,36,6,7,8,39,10,15,16,17,20,22,28,30>34,9,10,12,13,22,33,36,39,8,20,28
33,36,6,7,8,39,10,15,16,17,20,22,28,30>34,9,10,11,12,13,15,16,17,24,29,33,36,39,8,20,28
33,36,6,7,8,39,10,15,16,17,20,22,28,30>34,5,9,10,16,22,33,36,39,8,20,28
33,36,6,7,8,39,10,15,16,17,20,22,28,30>34,6,9,12,16,17,19,24,29,30,33,36,39,8,20,28
33,36,6,7,8,39,10,15,16,17,20,22,28,30>34,6,11,13,29,30,33,36,39,8,20,28
33,36,6,7,8,39,10,15,16,17,20,22,28,30>34,6,10,12,13,17,19,30,33,36,39,8,20,28
33,36,6,7,8,39,10,15,16,17,20,22,28,30>5,6,7,11,13,15,17,19,24,29,30,33,36,39,8,20,28
33,36,6,7,8,39,10,15,16,17,20,22,28,30>34,5,6,7,9,15,22,29,33,36,39,8,20,28
33,36,6,7,8,39,10,15,16,17,20,22,28,30>34,40,9,10,13,16,19,24,33,36,39,8,20,28
33,36,6,7,8,39,10,15,16,17,20,22,28,30>34,6,7,40,10,12,16,19,24,29,30,33,36,39,8,20,28
1,2,3,6,8,9,11,15,17,19,21,24,25,26,27,31,32,33,35,36,38,39,40>40,9,15,18,19,20,21,24,26,30,32,1,2,3,35,36,6,38,8,39,25,27,31
1,2,3,6,8,9,11,15,17,19,21,24,25,26,27,31,32,33,35,36,38,39,40>34,40,9,17,18,21,24,26,32,1,2,3,35,36,6,38,8,39,25,27,31
1,2,3,6,8,9,11,15,17,19,21,24,25,26,27,31,32,33,35,36,38,39,40>11,30,17,5,32,1,2,3,35,36,6,38,8,39,25,27,31
1,2,3,6,8,9,11,15,17,19,21,24,25,26,27,31,32,33,35,36,38,39,40>34,5,40,9,15,19,26,32,1,2,3,35,36,6,38,8,39,25,27,31
1,2,3,6,8,9,11,15,17,19,21,24,25,26,27,31,32,33,35,36,38,39,40>33,34,5,11,19,20,21,23,24,26,32,1,2,3,35,36,6,38,8,39,25,27,31
1,2,3,6,8,9,11,15,17,19,21,24,25,26,27,31,32,33,35,36,38,39,40>33,34,5,9,11,15,20,21,23,24,26,30,32,1,2,3,35,36,6,38,8,39,25,27,31
1,2,3,6,8,9,11,15,17,19,21,24,25,26,27,31,32,33,35,36,38,39,40>33,37,11,17,21,23,30,32,1,2,3,35,36,6,38,8,39,25,27,31
1,2,3,6,8,9,11,15,17,19,21,24,25,26,27,31,32,33,35,36,38,39,40>5,7,9,11,18,20,23,32,1,2,3,35,36,6,38,8,39,25,27,31
1,2,3,6,8,9,11,15,17,19,21,24,25,26,27,31,32,33,35,36,38,39,40>33,37,7,9,11,15,19,24,32,1,2,3,35,36,6,38,8,39,25,27,31
1,2,3,6,8,9,11,15,17,19,21,24,25,26,27,31,32,33,35,36,38,39,40>33,34,5,37,7,11,17,20,24,32,1,2,3,35,36,6,38,8,39,25,27,31
1,4,5,7,8,9,12,14,15,16,17,19,21,22,24,25,26,29,30,32,33,34,36,39>4,17,18,19,27,28,32,34,38,40,1,36,5,7,9,15,25,29,30
1,4,5,7,8,9,12,14,15,16,17,19,21,22,24,25,26,29,30,32,33,34,36,39>8,17,18,19,22,24,28,39,40,1,36,5,7,9,15,25,29,30
1,4,5,7,8,9,12,14,15,16,17,19,21,22,24,25,26,29,30,32,33,34,36,39>12,18,20,21,22,23,24,26,32,38,1,36,5,7,9,15,25,29,30
1,4,5,7,8,9,12,14,15,16,17,19,21,22,24,25,26,29,30,32,33,34,36,39>8,12,17,18,21,22,23,24,28,34,38,39,1,36,5,7,9,15,25,29,30
1,4,5,7,8,9,12,14,15,16,17,19,21,22,24,25,26,29,30,32,33,34,36,39>8,12,17,18,20,21,23,34,38,1,36,5,7,9,15,25,29,30
1,4,5,7,8,9,12,14,15,16,17,19,21,22,24,25,26,29,30,32,33,34,36,39>4,12,14,18,21,22,23,27,28,39,1,36,5,7,9,15,25,29,30
1,4,5,7,8,9,12,14,15,16,17,19,21,22,24,25,26,29,30,32,33,34,36,39>4,12,16,18,19,20,22,33,34,40,1,36,5,7,9,15,25,29,30
1,4,5,7,8,9,12,14,15,16,17,19,21,22,24,25,26,29,30,32,33,34,36,39>4,8,12,16,17,18,19,20,21,22,23,26,33,34,39,1,36,5,7,9,15,25,29,30
1,4,5,7,8,9,12,14,15,16,17,19,21,22,24,25,26,29,30,32,33,34,36,39>14,16,17,24,38,39,1,36,5,7,9,15,25,29,30
1,4,5,7,8,9,12,14,15,16,17,19,21,22,24,25,26,29,30,32,33,34,36,39>4,12,14,16,17,18,22,23,26,27,28,33,34,39,1,36,5,7,9,15,25,29,30
1,2,4,36,37,7,38,9,16,17,18,20,21,25,26,28,31>4,5,6,21,25,27,28,34,36,37,38,1,2,7,9,20
1,2,4,36,37,7,38,9,16,17,18,20,21,25,26,28,31>5,16,24,28,30,31,34,36,37,39,1,2,7,9,20
1,2,4,36,37,7,38,9,16,17,18,20,21,25,26,28,31>6,16,18,22,25,26,28,30,31,34,35,36,37,39,1,2,7,9,20
1,2,4,36,37,7,38,9,16,17,18,20,21,25,26,28,31>4,6,16,18,24,27,28,31,35,36,38,39,1,2,7,9,20
1,2,4,36,37,7,38,9,16,17,18,20,21,25,26,28,31>4,5,6,16,18,21,22,25,28,31,33,34,37,1,2,7,9,20
1,2,4,36,37,7,38,9,16,17,18,20,21,25,26,28,31>4,5,17,18,21,25,28,30,31,34,1,2,7,9,20
1,2,4,36,37,7,38,9,16,17,18,20,21,25,26,28,31>6,17,18,22,24,27,31,33,34,37,1,2,7,9,20
1,2,4,36,37,7,38,9,16,17,18,20,21,25,26,28,31>4,16,17,18,30,31,35,36,37,1,2,7,9,20
1,2,4,36,37,7,38,9,16,17,18,20,21,25,26,28,31>4,6,16,17,22,24,25,26,27,28,31,33,39,1,2,7,9,20
1,2,4,36,37,7,38,9,16,17,18,20,21,25,26,28,31>5,6,16,17,21,22,26,1,2,7,9,20
2,4,5,6,9,12,13,15,16,17,18,21,23,24,25,26,27,28,30,31,36,38,40>4,12,13,15,22,32,33,35,39,2,40,9,16,17,25,26,27,30,31
2,4,5,6,9,12,13,15,16,17,18,21,23,24,25,26,27,28,30,31,36,38,40>4,13,14,18,20,23,24,33,34,35,36,38,39,2,40,9,16,17,25,26,27,30,31
2,4,5,6,9,12,13,15,16,17,18,21,23,24,25,26,27,28,30,31,36,38,40>4,5,6,12,13,14,18,20,21,23,32,33,35,38,39,2,40,9,16,17,25,26,27,30,31
2,4,5,6,9,12,13,15,16,17,18,21,23,24,25,26,27,28,30,31,36,38,40>5,8,12,14,18,20,21,28,32,34,35,36,38,39,2,40,9,16,17,25,26,27,30,31
2,4,5,6,9,12,13,15,16,17,18,21,23,24,25,26,27,28,30,31,36,38,40>4,10,13,15,18,20,22,28,32,33,34,39,2,40,9,16,17,25,26,27,30,31
2,4,5,6,9,12,13,15,16,17,18,21,23,24,25,26,27,28,30,31,36,38,40>4,10,15,20,22,24,33,34,36,39,2,40,9,16,17,25,26,27,30,31
2,4,5,6,9,12,13,15,16,17,18,21,23,24,25,26,27,28,30,31,36,38,40>5,10,12,13,15,18,21,24,28,32,36,2,40,9,16,17,25,26,27,30,31
2,4,5,6,9,12,13,15,16,17,18,21,23,24,25,26,27,28,30,31,36,38,40>6,10,14,18,20,21,24,28,32,33,35,39,2,40,9,16,17,25,26,27,30,31
2,4,5,6,9,12,13,15,16,17,18,21,23,24,25,26,27,28,30,31,36,38,40>4,5,10,13,21,22,34,2,40,9,16,17,25,26,27,30,31
2,4,5,6,9,12,13,15,16,17,18,21,23,24,25,26,27,28,30,31,36,38,40>5,8,10,14,15,20,21,22,23,24,32,33,39,2,40,9,16,17,25,26,27,30,31
33,2,3,7,39,10,12,13,14,16,17,20,21,24,26,27,30,31>33,36,7,11,15,21,26,27,2,3,39,13,14,16,17,20,24,30,31
33,2,3,7,39,10,12,13,14,16,17,20,21,24,26,27,30,31>32,33,36,7,9,10,11,15,2,3,39,13,14,16,17,20,24,30,31
33,2,3,7,39,10,12,13,14,16,17,20,21,24,26,27,30,31>32,33,34,35,4,5,40,11,21,25,2,3,39,13,14,16,17,20,24,30,31
33,2,3,7,39,10,12,13,14,16,17,20,21,24,26,27,30,31>33,34,11,12,15,21,25,26,2,3,39,13,14,16,17,20,24,30,31
33,2,3,7,39,10,12,13,14,16,17,20,21,24,26,27,30,31>32,34,35,5,36,40,9,12,15,25,2,3,39,13,14,16,17,20,24,30,31
33,2,3,7,39,10,12,13,14,16,17,20,21,24,26,27,30,31>32,4,5,36,10,11,15,21,2,3,39,13,14,16,17,20,24,30,31
33,2,3,7,39,10,12,13,14,16,17,20,21,24,26,27,30,31>32,4,36,40,10,11,12,25,26,27,2,3,39,13,14,16,17,20,24,30,31
33,2,3,7,39,10,12,13,14,16,17,20,21,24,26,27,30,31>32,33,4,5,36,40,10,15,25,27,2,3,39,13,14,16,17,20,24,30,31
33,2,3,7,39,10,12,13,14,16,17,20,21,24,26,27,30,31>35,4,5,9,15,25,2,3,39,13,14,16,17,20,24,30,31
33,2,3,7,39,10,12,13,14,16,17,20,21,24,26,27,30,31>32,33,34,35,4,40,10,11,12,15,26,2,3,39,13,14,16,17,20,24,30,31
1,2,3,5,7,8,12,16,18,19,24,25,26,29,31,32,33,35,36,38,40>32,4,9,39,19,24,27,29,30,1,2,3,35,5,36,38,18,25
1,2,3,5,7,8,12,16,18,19,24,25,26,29,31,32,33,35,36,38,40>32,33,37,8,40,12,16,23,24,26,30,1,2,3,35,5,36,38,18,25
1,2,3,5,7,8,12,16,18,19,24,25,26,29,31,32,33,35,36,38,40>32,33,37,8,40,12,19,22,26,30,1,2,3,35,5,36,38,18,25
1,2,3,5,7,8,12,16,18,19,24,25,26,29,31,32,33,35,36,38,40>32,33,4,7,8,40,12,22,24,29,1,2,3,35,5,36,38,18,25
1,2,3,5,7,8,12,16,18,19,24,25,26,29,31,32,33,35,36,38,40>33,4,37,9,40,22,24,27,30,31,1,2,3,35,5,36,38,18,25
1,2,3,5,7,8,12,16,18,19,24,25,26,29,31,32,33,35,36,38,40>32,7,39,16,19,22,26,27,29,30,31,1,2,3,35,5,36,38,18,25
1,2,3,5,7,8,12,16,18,19,24,25,26,29,31,32,33,35,36,38,40>33,7,9,39,40,12,19,22,27,29,1,2,3,35,5,36,38,18,25
1,2,3,5,7,8,12,16,18,19,24,25,26,29,31,32,33,35,36,38,40>32,33,4,7,8,39,23,24,26,29,30,1,2,3,35,5,36,38,18,25
1,2,3,5,7,8,12,16,18,19,24,25,26,29,31,32,33,35,36,38,40>33,4,37,7,40,19,23,24,26,27,29,30,31,1,2,3,35,5,36,38,18,25
1,2,3,5,7,8,12,16,18,19,24,25,26,29,31,32,33,35,36,38,40>32,33,4,37,7,39,12,16,19,24,27,30,1,2,3,35,5,36,38,18,25
33,3,4,35,6,9,12,14,18,22,23,24,28,29,30,31>36,10,12,18,21,23,24,26,30,31,33,3,4,35,9,22,28,29
33,3,4,35,6,9,12,14,18,22,23,24,28,29,30,31>36,37,12,18,25,26,30,33,3,4,35,9,22,28,29
33,3,4,35,6,9,12,14,18,22,23,24,28,29,30,31>6,14,15,21,23,24,25,26,33,3,4,35,9,22,28,29
33,3,4,35,6,9,12,14,18,22,23,24,28,29,30,31>37,39,40,12,15,24,26,31,33,3,4,35,9,22,28,29
33,3,4,35,6,9,12,14,18,22,23,24,28,29,30,31>36,37,8,12,14,18,21,24,26,30,33,3,4,35,9,22,28,29
33,3,4,35,6,9,12,14,18,22,23,24,28,29,30,31>36,37,8,40,10,12,18,31,33,3,4,35,9,22,28,29
33,3,4,35,6,9,12,14,18,22,23,24,28,29,30,31>37,39,8,40,10,14,21,23,31,33,3,4,35,9,22,28,29
33,3,4,35,6,9,12,14,18,22,23,24,28,29,30,31>36,37,39,8,12,14,15,18,21,23,25,26,31,33,3,4,35,9,22,28,29
33,3,4,35,6,9,12,14,18,22,23,24,28,29,30,31>36,6,39,8,40,12,15,21,24,25,26,31,33,3,4,35,9,22,28,29
33,3,4,35,6,9,12,14,18,22,23,24,28,29,30,31>36,37,6,39,8,12,14,23,24,31,33,3,4,35,9,22,28,29
1,5,6,8,9,10,11,12,13,14,15,17,18,20,22,23,24,26,27,28,29,30,31,33,34,36,37,40>34,37,7,9,10,16,25,27,1,33,36,5,8,40,11,12,13,14,15,17,20,22,24,26,28,29,30,31
1,5,6,8,9,10,11,12,13,14,15,17,18,20,22,23,24,26,27,28,29,30,31,33,34,36,37,40>35,37,9,10,16,18,21,27,1,33,36,5,8,40,11,12,13,14,15,17,20,22,24,26,28,29,30,31
1,5,6,8,9,10,11,12,13,14,15,17,18,20,22,23,24,26,27,28,29,30,31,33,34,36,37,40>32,35,37,7,10,16,21,23,1,33,36,5,8,40,11,12,13,14,15,17,20,22,24,26,28,29,30,31
1,5,6,8,9,10,11,12,13,14,15,17,18,20,22,23,24,26,27,28,29,30,31,33,34,36,37,40>32,34,35,37,23,25,27,1,33,36,5,8,40,11,12,13,14,15,17,20,22,24,26,28,29,30,31
1,5,6,8,9,10,11,12,13,14,15,17,18,20,22,23,24,26,27,28,29,30,31,33,34,36,37,40>32,34,35,37,7,9,16,18,21,27,1,33,36,5,8,40,11,12,13,14,15,17,20,22,24,26,28,29,30,31
1,5,6,8,9,10,11,12,13,14,15,17,18,20,22,23,24,26,27,28,29,30,31,33,34,36,37,40>32,34,6,7,9,16,21,23,25,1,33,36,5,8,40,11,12,13,14,15,17,20,22,24,26,28,29,30,31
1,5,6,8,9,10,11,12,13,14,15,17,18,20,22,23,24,26,27,28,29,30,31,33,34,36,37,40>35,6,9,16,18,21,25,1,33,36,5,8,40,11,12,13,14,15,17,20,22,24,26,28,29,30,31
1,5,6,8,9,10,11,12,13,14,15,17,18,20,22,23,24,26,27,28,29,30,31,33,34,36,37,40>32,34,35,6,7,10,18,21,23,25,1,33,36,5,8,40,11,12,13,14,15,17,20,22,24,26,28,29,30,31
1,5,6,8,9,10,11,12,13,14,15,17,18,20,22,23,24,26,27,28,29,30,31,33,34,36,37,40>32,34,37,6,9,16,18,21,25,1,33,36,5,8,40,11,12,13,14,15,17,20,22,24,26,28,29,30,31
1,5,6,8,9,10,11,12,13,14,15,17,18,20,22,23,24,26,27,28,29,30,31,33,34,36,37,40>35,37,6,7,9,10,18,23,27,1,33,36,5,8,40,11,12,13,14,15,17,20,22,24,26,28,29,30,31
1,3,5,7,10,11,12,14,15,16,17,18,20,22,25,26,27,28,29,32,34,38,39>34,7,9,13,14,16,18,19,21,24,25,31,32,1,3,5,11,12,15,20,22,27,28,29
1,3,5,7,10,11,12,14,15,16,17,18,20,22,25,26,27,28,29,32,34,38,39>33,34,38,7,10,13,14,19,30,31,32,1,3,5,11,12,15,20,22,27,28,29
1,3,5,7,10,11,12,14,15,16,17,18,20,22,25,26,27,28,29,32,34,38,39>39,9,10,13,14,17,19,26,32,1,3,5,11,12,15,20,22,27,28,29
1,3,5,7,10,11,12,14,15,16,17,18,20,22,25,26,27,28,29,32,34,38,39>34,39,13,14,17,18,24,25,32,1,3,5,11,12,15,20,22,27,28,29
1,3,5,7,10,11,12,14,15,16,17,18,20,22,25,26,27,28,29,32,34,38,39>34,39,13,14,21,25,26,30,31,32,1,3,5,11,12,15,20,22,27,28,29
1,3,5,7,10,11,12,14,15,16,17,18,20,22,25,26,27,28,29,32,34,38,39>34,38,39,10,17,18,19,24,30,31,32,1,3,5,11,12,15,20,22,27,28,29
1,3,5,7,10,11,12,14,15,16,17,18,20,22,25,26,27,28,29,32,34,38,39>7,39,13,16,17,18,19,21,24,32,1,3,5,11,12,15,20,22,27,28,29
1,3,5,7,10,11,12,14,15,16,17,18,20,22,25,26,27,28,29,32,34,38,39>33,7,39,9,14,19,21,26,31,32,1,3,5,11,12,15,20,22,27,28,29
1,3,5,7,10,11,12,14,15,16,17,18,20,22,25,26,27,28,29,32,34,38,39>34,38,7,39,13,16,17,21,30,32,1,3,5,11,12,15,20,22,27,28,29
1,3,5,7,10,11,12,14,15,16,17,18,20,22,25,26,27,28,29,32,34,38,39>33,34,38,7,39,10,13,14,17,18,19,25,26,31,32,1,3,5,11,12,15,20,22,27,28,29
1,3,36,5,37,9,14,16,17,18,20,22,23,26,27>32,39,9,15,23,27,28,29,31,1,3,5,20,22,26
1,3,36,5,37,9,14,16,17,18,20,22,23,26,27>32,4,39,9,15,23,24,29,30,1,3,5,20,22,26
1,3,36,5,37,9,14,16,17,18,20,22,23,26,27>32,34,36,39,9,15,17,18,21,23,24,29,1,3,5,20,22,26
1,3,36,5,37,9,14,16,17,18,20,22,23,26,27>4,36,37,9,21,23,27,30,31,1,3,5,20,22,26
1,3,36,5,37,9,14,16,17,18,20,22,23,26,27>32,37,9,14,15,18,21,23,24,27,28,29,31,1,3,5,20,22,26
1,3,36,5,37,9,14,16,17,18,20,22,23,26,27>4,37,39,9,15,17,18,23,27,30,1,3,5,20,22,26
1,3,36,5,37,9,14,16,17,18,20,22,23,26,27>32,4,37,9,14,16,17,21,27,29,30,31,1,3,5,20,22,26
1,3,36,5,37,9,14,16,17,18,20,22,23,26,27>34,36,37,9,14,16,18,21,27,1,3,5,20,22,26
1,3,36,5,37,9,14,16,17,18,20,22,23,26,27>4,36,37,9,17,21,23,24,28,29,30,1,3,5,20,22,26
1,3,36,5,37,9,14,16,17,18,20,22,23,26,27>32,34,4,36,37,39,9,14,15,16,17,24,27,1,3,5,20,22,26
32,2,3,34,35,36,10,11,12,13,14,15,20,21,25,27>35,36,16,24,31,32,2,3,34,11,12,13,14,15,20,27
32,2,3,34,35,36,10,11,12,13,14,15,20,21,25,27>21,5,31,16,32,2,3,34,11,12,13,14,15,20,27
32,2,3,34,35,36,10,11,12,13,14,15,20,21,25,27>35,5,37,38,10,17,24,31,32,2,3,34,11,12,13,14,15,20,27
32,2,3,34,35,36,10,11,12,13,14,15,20,21,25,27>35,37,10,17,21,24,25,31,32,2,3,34,11,12,13,14,15,20,27
32,2,3,34,35,36,10,11,12,13,14,15,20,21,25,27>35,36,5,37,16,25,31,32,2,3,34,11,12,13,14,15,20,27
32,2,3,34,35,36,10,11,12,13,14,15,20,21,25,27>38,16,17,24,25,32,2,3,34,11,12,13,14,15,20,27
32,2,3,34,35,36,10,11,12,13,14,15,20,21,25,27>21,24,38,10,32,2,3,34,11,12,13,14,15,20,27
32,2,3,34,35,36,10,11,12,13,14,15,20,21,25,27>36,37,38,17,21,24,25,32,2,3,34,11,12,13,14,15,20,27
32,2,3,34,35,36,10,11,12,13,14,15,20,21,25,27>5,37,38,16,17,21,24,32,2,3,34,11,12,13,14,15,20,27
32,2,3,34,35,36,10,11,12,13,14,15,20,21,25,27>35,5,37,38,10,16,17,21,25,32,2,3,34,11,12,13,14,15,20,27
1,3,4,7,8,10,12,14,15,16,20,24,26,27,28,29,30,31,34,37,39,40>5,14,19,20,25,32,33,34,37,1,3,4,7,40,12,15,24,30,31
1,3,4,7,8,10,12,14,15,16,20,24,26,27,28,29,30,31,34,37,39,40>8,9,13,14,16,26,28,29,33,34,35,37,1,3,4,7,40,12,15,24,30,31
1,3,4,7,8,10,12,14,15,16,20,24,26,27,28,29,30,31,34,37,39,40>5,9,10,16,19,20,25,28,29,32,39,1,3,4,7,40,12,15,24,30,31
1,3,4,7,8,10,12,14,15,16,20,24,26,27,28,29,30,31,34,37,39,40>8,9,10,14,16,19,20,27,28,29,32,33,34,35,37,39,1,3,4,7,40,12,15,24,30,31
1,3,4,7,8,10,12,14,15,16,20,24,26,27,28,29,30,31,34,37,39,40>5,9,10,14,20,27,28,29,34,35,37,39,1,3,4,7,40,12,15,24,30,31
1,3,4,7,8,10,12,14,15,16,20,24,26,27,28,29,30,31,34,37,39,40>9,11,14,16,20,29,37,39,1,3,4,7,40,12,15,24,30,31
1,3,4,7,8,10,12,14,15,16,20,24,26,27,28,29,30,31,34,37,39,40>9,11,14,16,27,29,32,33,34,37,39,1,3,4,7,40,12,15,24,30,31
1,3,4,7,8,10,12,14,15,16,20,24,26,27,28,29,30,31,34,37,39,40>8,9,11,14,16,19,25,26,27,28,32,33,34,37,1,3,4,7,40,12,15,24,30,31
1,3,4,7,8,10,12,14,15,16,20,24,26,27,28,29,30,31,34,37,39,40>5,10,11,13,14,16,19,25,26,27,29,34,35,37,39,1,3,4,7,40,12,15,24,30,31
1,3,4,7,8,10,12,14,15,16,20,24,26,27,28,29,30,31,34,37,39,40>8,10,11,13,20,35,37,1,3,4,7,40,12,15,24,30,31
2,3,5,6,7,8,10,11,14,18,19,20,22,23,25,26,27,30,31,33,34,37>35,6,7,40,10,13,14,19,20,21,29,2,3,34,5,8,11,18,22,23,26,27,30,31
2,3,5,6,7,8,10,11,14,18,19,20,22,23,25,26,27,30,31,33,34,37>36,6,7,40,14,19,20,21,24,29,2,3,34,5,8,11,18,22,23,26,27,30,31
2,3,5,6,7,8,10,11,14,18,19,20,22,23,25,26,27,30,31,33,34,37>32,36,7,14,15,21,2,3,34,5,8,11,18,22,23,26,27,30,31
2,3,5,6,7,8,10,11,14,18,19,20,22,23,25,26,27,30,31,33,34,37>36,7,40,13,14,20,24,25,29,2,3,34,5,8,11,18,22,23,26,27,30,31
2,3,5,6,7,8,10,11,14,18,19,20,22,23,25,26,27,30,31,33,34,37>35,36,7,10,14,15,19,20,21,2,3,34,5,8,11,18,22,23,26,27,30,31
2,3,5,6,7,8,10,11,14,18,19,20,22,23,25,26,27,30,31,33,34,37>33,35,36,7,40,10,14,20,24,25,28,29,2,3,34,5,8,11,18,22,23,26,27,30,31
2,3,5,6,7,8,10,11,14,18,19,20,22,23,25,26,27,30,31,33,34,37>32,37,6,7,40,19,20,25,29,2,3,34,5,8,11,18,22,23,26,27,30,31
2,3,5,6,7,8,10,11,14,18,19,20,22,23,25,26,27,30,31,33,34,37>32,36,37,6,7,40,10,19,24,25,28,29,2,3,34,5,8,11,18,22,23,26,27,30,31
2,3,5,6,7,8,10,11,14,18,19,20,22,23,25,26,27,30,31,33,34,37>32,36,37,6,40,9,10,15,20,2,3,34,5,8,11,18,22,23,26,27,30,31
2,3,5,6,7,8,10,11,14,18,19,20,22,23,25,26,27,30,31,33,34,37>33,36,37,6,7,40,9,14,15,19,2,3,34,5,8,11,18,22,23,26,27,30,31
1,5,7,8,9,10,12,18,19,20,21,25,26,28,29,30,32,33,34,35,36,37>7,13,25,27,32,34,1,33,36,5,37,9,18,20,30
1,5,7,8,9,10,12,18,19,20,21,25,26,28,29,30,32,33,34,35,36,37>7,8,10,13,22,23,24,26,32,34,38,40,1,33,36,5,37,9,18,20,30
1,5,7,8,9,10,12,18,19,20,21,25,26,28,29,30,32,33,34,35,36,37>8,11,19,21,22,25,26,28,29,35,38,40,1,33,36,5,37,9,18,20,30
1,5,7,8,9,10,12,18,19,20,21,25,26,28,29,30,32,33,34,35,36,37>7,8,10,11,13,21,22,23,24,25,27,28,32,35,1,33,36,5,37,9,18,20,30
1,5,7,8,9,10,12,18,19,20,21,25,26,28,29,30,32,33,34,35,36,37>7,8,12,13,19,22,27,32,34,35,40,1,33,36,5,37,9,18,20,30
1,5,7,8,9,10,12,18,19,20,21,25,26,28,29,30,32,33,34,35,36,37>10,12,21,22,24,25,28,32,35,38,40,1,33,36,5,37,9,18,20,30
1,5,7,8,9,10,12,18,19,20,21,25,26,28,29,30,32,33,34,35,36,37>7,10,12,19,22,23,24,25,26,29,35,40,1,33,36,5,37,9,18,20,30
1,5,7,8,9,10,12,18,19,20,21,25,26,28,29,30,32,33,34,35,36,37>7,8,10,12,19,21,22,25,26,27,34,38,1,33,36,5,37,9,18,20,30
1,5,7,8,9,10,12,18,19,20,21,25,26,28,29,30,32,33,34,35,36,37>7,8,11,12,19,23,26,27,34,38,40,1,33,36,5,37,9,18,20,30
1,5,7,8,9,10,12,18,19,20,21,25,26,28,29,30,32,33,34,35,36,37>7,10,11,12,13,21,22,24,26,27,28,29,34,38,40,1,33,36,5,37,9,18,20,30
34,35,6,38,39,9,10,12,14,16,20,21,22,23,26,28,30>8,12,13,14,15,16,29,35,38,40,34,10,20,26,28,30
34,35,6,38,39,9,10,12,14,16,20,21,22,23,26,28,30>6,8,12,15,21,23,35,37,40,34,10,20,26,28,30
34,35,6,38,39,9,10,12,14,16,20,21,22,23,26,28,30>5,8,9,13,14,15,16,21,29,33,35,34,10,20,26,28,30
34,35,6,38,39,9,10,12,14,16,20,21,22,23,26,28,30>5,11,12,13,14,15,21,33,35,38,34,10,20,26,28,30
34,35,6,38,39,9,10,12,14,16,20,21,22,23,26,28,30>5,6,11,12,16,21,22,23,33,37,39,34,10,20,26,28,30
34,35,6,38,39,9,10,12,14,16,20,21,22,23,26,28,30>8,11,12,13,14,16,22,23,35,39,40,34,10,20,26,28,30
34,35,6,38,39,9,10,12,14,16,20,21,22,23,26,28,30>5,8,11,12,14,15,23,29,37,38,39,40,34,10,20,26,28,30
34,35,6,38,39,9,10,12,14,16,20,21,22,23,26,28,30>6,8,11,14,16,21,23,29,37,38,40,34,10,20,26,28,30
34,35,6,38,39,9,10,12,14,16,20,21,22,23,26,28,30>9,11,13,22,24,37,34,10,20,26,28,30
34,35,6,38,39,9,10,12,14,16,20,21,22,23,26,28,30>5,8,9,11,12,16,21,22,24,29,38,39,34,10,20,26,28,30
1,3,5,7,8,9,15,16,17,20,21,22,25,26,29,30,31,32,33,34,38>4,8,17,21,22,27,32,33,34,36,38,1,3,5,9,20,29,30
1,3,5,7,8,9,15,16,17,20,21,22,25,26,29,30,31,32,33,34,38>4,7,8,17,25,28,31,33,34,36,38,1,3,5,9,20,29,30
1,3,5,7,8,9,15,16,17,20,21,22,25,26,29,30,31,32,33,34,38>7,15,17,21,22,24,28,31,1,3,5,9,20,29,30
1,3,5,7,8,9,15,16,17,20,21,22,25,26,29,30,31,32,33,34,38>4,7,8,15,17,21,26,28,31,32,34,35,1,3,5,9,20,29,30
1,3,5,7,8,9,15,16,17,20,21,22,25,26,29,30,31,32,33,34,38>16,21,22,26,27,32,35,36,38,1,3,5,9,20,29,30
1,3,5,7,8,9,15,16,17,20,21,22,25,26,29,30,31,32,33,34,38>7,16,17,22,25,26,31,32,33,36,38,40,1,3,5,9,20,29,30
1,3,5,7,8,9,15,16,17,20,21,22,25,26,29,30,31,32,33,34,38>4,7,16,17,21,22,26,28,31,33,34,36,1,3,5,9,20,29,30
1,3,5,7,8,9,15,16,17,20,21,22,25,26,29,30,31,32,33,34,38>8,16,17,21,22,28,31,35,38,40,1,3,5,9,20,29,30
1,3,5,7,8,9,15,16,17,20,21,22,25,26,29,30,31,32,33,34,38>4,15,16,21,22,25,28,33,34,1,3,5,9,20,29,30
1,3,5,7,8,9,15,16,17,20,21,22,25,26,29,30,31,32,33,34,38>8,15,16,17,26,27,28,34,36,38,40,1,3,5,9,20,29,30
1,2,3,5,38,7,10,12,13,18,20,25,26,29,30,31>12,14,16,17,20,22,25,26,29,1,2,3,5,13,30
1,2,3,5,38,7,10,12,13,18,20,25,26,29,30,31>4,14,16,17,20,25,27,31,38,39,40,1,2,3,5,13,30
1,2,3,5,38,7,10,12,13,18,20,25,26,29,30,31>20,22,24,25,26,27,35,38,39,1,2,3,5,13,30
1,2,3,5,38,7,10,12,13,18,20,25,26,29,30,31>4,7,9,16,17,20,22,25,26,35,40,1,2,3,5,13,30
1,2,3,5,38,7,10,12,13,18,20,25,26,29,30,31>11,16,22,24,31,35,39,1,2,3,5,13,30
1,2,3,5,38,7,10,12,13,18,20,25,26,29,30,31>4,7,11,16,17,22,25,26,27,29,31,35,40,1,2,3,5,13,30
1,2,3,5,38,7,10,12,13,18,20,25,26,29,30,31>4,9,11,16,18,20,22,25,31,35,39,40,1,2,3,5,13,30
1,2,3,5,38,7,10,12,13,18,20,25,26,29,30,31>4,7,10,11,12,14,18,26,27,29,38,40,1,2,3,5,13,30
1,2,3,5,38,7,10,12,13,18,20,25,26,29,30,31>4,9,10,11,14,17,18,20,24,25,26,27,29,38,39,40,1,2,3,5,13,30
1,2,3,5,38,7,10,12,13,18,20,25,26,29,30,31>7,9,10,11,14,18,20,22,25,27,31,35,1,2,3,5,13,30
3,37,6,7,38,11,12,13,15,16,17,22,26>38,8,9,11,20,26,28,16,17,3
3,37,6,7,38,11,12,13,15,16,17,22,26>38,34,5,9,13,14,22,26,29,30,16,17,3
3,37,6,7,38,11,12,13,15,16,17,22,26>6,8,9,12,13,15,39,30,16,17,3
3,37,6,7,38,11,12,13,15,16,17,22,26>6,8,9,37,11,13,14,15,20,16,17,3
3,37,6,7,38,11,12,13,15,16,17,22,26>6,8,37,13,20,22,28,29,16,17,3
3,37,6,7,38,11,12,13,15,16,17,22,26>34,5,6,8,11,12,13,14,26,28,16,17,3
3,37,6,7,38,11,12,13,15,16,17,22,26>34,5,6,12,14,39,22,16,17,3
3,37,6,7,38,11,12,13,15,16,17,22,26>38,34,7,8,11,12,13,14,15,39,22,26,28,30,16,17,3
3,37,6,7,38,11,12,13,15,16,17,22,26>38,34,5,7,8,15,22,29,30,16,17,3
3,37,6,7,38,11,12,13,15,16,17,22,26>6,7,8,11,12,13,39,26,29,30,16,17,3
2,35,4,5,6,36,8,11,12,13,14,15,16,18,23,27,28,30,31>4,5,6,11,18,23,26,30,32,33,34,36,40,2,35,8,14,15,16,31
2,35,4,5,6,36,8,11,12,13,14,15,16,18,23,27,28,30,31>9,12,18,22,23,28,30,32,34,36,39,2,35,8,14,15,16,31
2,35,4,5,6,36,8,11,12,13,14,15,16,18,23,27,28,30,31>4,6,9,22,23,30,32,34,39,40,2,35,8,14,15,16,31
2,35,4,5,6,36,8,11,12,13,14,15,16,18,23,27,28,30,31>4,5,6,9,18,22,23,27,28,34,37,2,35,8,14,15,16,31
2,35,4,5,6,36,8,11,12,13,14,15,16,18,23,27,28,30,31>4,5,6,9,18,22,23,27,28,33,34,39,2,35,8,14,15,16,31
2,35,4,5,6,36,8,11,12,13,14,15,16,18,23,27,28,30,31>4,11,12,13,18,23,28,30,33,37,39,40,2,35,8,14,15,16,31
2,35,4,5,6,36,8,11,12,13,14,15,16,18,23,27,28,30,31>5,11,17,18,22,23,27,32,34,36,40,2,35,8,14,15,16,31
2,35,4,5,6,36,8,11,12,13,14,15,16,18,23,27,28,30,31>5,6,11,17,23,33,34,37,39,40,2,35,8,14,15,16,31
2,35,4,5,6,36,8,11,12,13,14,15,16,18,23,27,28,30,31>4,5,6,11,17,18,23,26,28,32,34,39,40,2,35,8,14,15,16,31
2,35,4,5,6,36,8,11,12,13,14,15,16,18,23,27,28,30,31>6,9,11,13,18,27,30,32,33,34,39,40,2,35,8,14,15,16,31
32,1,2,34,6,7,8,39,10,40,15,20,21,22,26,29,30,31>32,9,11,12,21,24,28,1,2,6,7,8,40,20,29,30
32,1,2,34,6,7,8,39,10,40,15,20,21,22,26,29,30,31>34,9,10,12,13,15,21,22,28,31,1,2,6,7,8,40,20,29,30
32,1,2,34,6,7,8,39,10,40,15,20,21,22,26,29,30,31>35,9,10,15,24,28,1,2,6,7,8,40,20,29,30
32,1,2,34,6,7,8,39,10,40,15,20,21,22,26,29,30,31>32,35,5,9,10,11,12,13,22,24,31,1,2,6,7,8,40,20,29,30
32,1,2,34,6,7,8,39,10,40,15,20,21,22,26,29,30,31>34,35,5,9,13,22,26,31,1,2,6,7,8,40,20,29,30
32,1,2,34,6,7,8,39,10,40,15,20,21,22,26,29,30,31>34,39,11,12,15,21,24,28,31,1,2,6,7,8,40,20,29,30
32,1,2,34,6,7,8,39,10,40,15,20,21,22,26,29,30,31>32,34,5,39,10,11,12,15,21,24,28,1,2,6,7,8,40,20,29,30
32,1,2,34,6,7,8,39,10,40,15,20,21,22,26,29,30,31>35,5,39,11,12,15,22,31,1,2,6,7,8,40,20,29,30
32,1,2,34,6,7,8,39,10,40,15,20,21,22,26,29,30,31>32,35,5,39,9,21,22,26,31,1,2,6,7,8,40,20,29,30
32,1,2,34,6,7,8,39,10,40,15,20,21,22,26,29,30,31>34,35,5,39,9,12,24,26,31,1,2,6,7,8,40,20,29,30
1,5,6,40,9,10,11,13,14,18,21,22,25,28,29>33,10,39,40,15,17,20,27,1,5,11,13,14,21,22,28,29
1,5,6,40,9,10,11,13,14,18,21,22,25,28,29>33,7,10,15,16,18,20,1,5,11,13,14,21,22,28,29
1,5,6,40,9,10,11,13,14,18,21,22,25,28,29>33,7,10,40,15,17,20,25,1,5,11,13,14,21,22,28,29
1,5,6,40,9,10,11,13,14,18,21,22,25,28,29>33,8,10,17,25,27,1,5,11,13,14,21,22,28,29
1,5,6,40,9,10,11,13,14,18,21,22,25,28,29>9,10,40,16,17,25,27,1,5,11,13,14,21,22,28,29
1,5,6,40,9,10,11,13,14,18,21,22,25,28,29>6,9,10,39,15,16,17,20,25,27,1,5,11,13,14,21,22,28,29
1,5,6,40,9,10,11,13,14,18,21,22,25,28,29>7,9,10,39,40,15,16,17,1,5,11,13,14,21,22,28,29
1,5,6,40,9,10,11,13,14,18,21,22,25,28,29>33,7,9,10,40,16,18,20,25,27,1,5,11,13,14,21,22,28,29
1,5,6,40,9,10,11,13,14,18,21,22,25,28,29>33,7,9,10,39,16,18,20,1,5,11,13,14,21,22,28,29
1,5,6,40,9,10,11,13,14,18,21,22,25,28,29>33,6,7,9,25,27,1,5,11,13,14,21,22,28,29
1,3,5,6,7,12,13,14,17,21,22,24,25,27,29,30,31,32,35,36,37,38,39>4,15,24,28,30,32,1,3,35,5,37,7,38,39,14,17,25,27,29,31
1,3,5,6,7,12,13,14,17,21,22,24,25,27,29,30,31,32,35,36,37,38,39>36,12,16,20,22,32,1,3,35,5,37,7,38,39,14,17,25,27,29,31
1,3,5,6,7,12,13,14,17,21,22,24,25,27,29,30,31,32,35,36,37,38,39>4,8,40,15,21,22,30,32,1,3,35,5,37,7,38,39,14,17,25,27,29,31
1,3,5,6,7,12,13,14,17,21,22,24,25,27,29,30,31,32,35,36,37,38,39>4,8,40,12,15,24,28,32,1,3,35,5,37,7,38,39,14,17,25,27,29,31
1,3,5,6,7,12,13,14,17,21,22,24,25,27,29,30,31,32,35,36,37,38,39>36,6,8,40,12,15,20,21,28,32,1,3,35,5,37,7,38,39,14,17,25,27,29,31
1,3,5,6,7,12,13,14,17,21,22,24,25,27,29,30,31,32,35,36,37,38,39>36,6,8,13,15,16,20,21,28,30,32,1,3,35,5,37,7,38,39,14,17,25,27,29,31
1,3,5,6,7,12,13,14,17,21,22,24,25,27,29,30,31,32,35,36,37,38,39>4,9,40,16,20,28,30,32,1,3,35,5,37,7,38,39,14,17,25,27,29,31
1,3,5,6,7,12,13,14,17,21,22,24,25,27,29,30,31,32,35,36,37,38,39>6,9,40,13,16,20,21,28,32,1,3,35,5,37,7,38,39,14,17,25,27,29,31
1,3,5,6,7,12,13,14,17,21,22,24,25,27,29,30,31,32,35,36,37,38,39>6,9,40,12,21,22,30,32,1,3,35,5,37,7,38,39,14,17,25,27,29,31
1,3,5,6,7,12,13,14,17,21,22,24,25,27,29,30,31,32,35,36,37,38,39>6,8,9,13,15,21,22,30,32,1,3,35,5,37,7,38,39,14,17,25,27,29,31
32,33,34,3,4,37,38,8,10,11,13,15,18,19,22,23,27,28,29,31>34,35,38,17,19,21,27,32,33,3,11,13,18,22,23,28,29,31
32,33,34,3,4,37,38,8,10,11,13,15,18,19,22,23,27,28,29,31>26,27,35,4,32,33,3,11,13,18,22,23,28,29,31
32,33,34,3,4,37,38,8,10,11,13,15,18,19,22,23,27,28,29,31>35,4,14,15,16,17,26,32,33,3,11,13,18,22,23,28,29,31
32,33,34,3,4,37,38,8,10,11,13,15,18,19,22,23,27,28,29,31>34,36,8,10,12,14,15,17,21,26,27,32,33,3,11,13,18,22,23,28,29,31
32,33,34,3,4,37,38,8,10,11,13,15,18,19,22,23,27,28,29,31>35,36,38,8,10,16,21,26,32,33,3,11,13,18,22,23,28,29,31
32,33,34,3,4,37,38,8,10,11,13,15,18,19,22,23,27,28,29,31>34,4,36,8,10,14,19,26,27,32,33,3,11,13,18,22,23,28,29,31
32,33,34,3,4,37,38,8,10,11,13,15,18,19,22,23,27,28,29,31>36,37,38,12,14,16,19,27,32,33,3,11,13,18,22,23,28,29,31
32,33,34,3,4,37,38,8,10,11,13,15,18,19,22,23,27,28,29,31>36,37,38,8,10,14,15,26,32,33,3,11,13,18,22,23,28,29,31
32,33,34,3,4,37,38,8,10,11,13,15,18,19,22,23,27,28,29,31>34,36,37,38,10,14,16,17,19,21,26,27,32,33,3,11,13,18,22,23,28,29,31
32,33,34,3,4,37,38,8,10,11,13,15,18,19,22,23,27,28,29,31>4,36,37,38,10,12,14,15,27,32,33,3,11,13,18,22,23,28,29,31
33,2,3,34,35,36,37,9,13,14,18,21,22,23,24,25,26,31>17,18,20,23,24,30,2,35,3,34,36,37,14,21,22,25,26
33,2,3,34,35,36,37,9,13,14,18,21,22,23,24,25,26,31>33,16,23,27,29,30,31,2,35,3,34,36,37,14,21,22,25,26
33,2,3,34,35,36,37,9,13,14,18,21,22,23,24,25,26,31>33,4,5,15,16,18,20,23,24,27,28,29,30,2,35,3,34,36,37,14,21,22,25,26
33,2,3,34,35,36,37,9,13,14,18,21,22,23,24,25,26,31>4,9,16,17,18,20,27,30,2,35,3,34,36,37,14,21,22,25,26
33,2,3,34,35,36,37,9,13,14,18,21,22,23,24,25,26,31>4,5,9,15,18,23,27,28,29,30,31,2,35,3,34,36,37,14,21,22,25,26
33,2,3,34,35,36,37,9,13,14,18,21,22,23,24,25,26,31>33,4,5,9,15,18,23,27,28,29,31,2,35,3,34,36,37,14,21,22,25,26
33,2,3,34,35,36,37,9,13,14,18,21,22,23,24,25,26,31>13,16,27,30,31,2,35,3,34,36,37,14,21,22,25,26
33,2,3,34,35,36,37,9,13,14,18,21,22,23,24,25,26,31>4,13,18,20,23,27,28,30,2,35,3,34,36,37,14,21,22,25,26
33,2,3,34,35,36,37,9,13,14,18,21,22,23,24,25,26,31>4,9,13,15,17,24,27,29,30,31,2,35,3,34,36,37,14,21,22,25,26
33,2,3,34,35,36,37,9,13,14,18,21,22,23,24,25,26,31>33,5,9,13,17,18,20,23,27,28,29,30,2,35,3,34,36,37,14,21,22,25,26
1,2,3,4,6,8,11,13,15,16,17,18,19,21,25,26,27,29,32,33,36,37,39,40>7,14,21,22,25,29,30,37,38,40,32,1,2,3,36,6,39,8,16,17,18,27
1,2,3,4,6,8,11,13,15,16,17,18,19,21,25,26,27,29,32,33,36,37,39,40>7,11,14,15,19,20,22,25,30,31,37,38,32,1,2,3,36,6,39,8,16,17,18,27
1,2,3,4,6,8,11,13,15,16,17,18,19,21,25,26,27,29,32,33,36,37,39,40>4,13,19,20,21,23,25,26,29,30,31,33,37,38,32,1,2,3,36,6,39,8,16,17,18,27
1,2,3,4,6,8,11,13,15,16,17,18,19,21,25,26,27,29,32,33,36,37,39,40>7,13,15,19,20,21,23,29,31,33,37,38,40,32,1,2,3,36,6,39,8,16,17,18,27
1,2,3,4,6,8,11,13,15,16,17,18,19,21,25,26,27,29,32,33,36,37,39,40>9,13,14,15,19,20,21,23,30,37,40,32,1,2,3,36,6,39,8,16,17,18,27
1,2,3,4,6,8,11,13,15,16,17,18,19,21,25,26,27,29,32,33,36,37,39,40>4,9,13,19,21,22,23,38,40,32,1,2,3,36,6,39,8,16,17,18,27
1,2,3,4,6,8,11,13,15,16,17,18,19,21,25,26,27,29,32,33,36,37,39,40>7,9,13,14,19,20,25,29,31,37,38,40,32,1,2,3,36,6,39,8,16,17,18,27
1,2,3,4,6,8,11,13,15,16,17,18,19,21,25,26,27,29,32,33,36,37,39,40>4,7,9,13,14,15,22,25,29,30,31,38,32,1,2,3,36,6,39,8,16,17,18,27
1,2,3,4,6,8,11,13,15,16,17,18,19,21,25,26,27,29,32,33,36,37,39,40>4,7,11,13,23,25,37,38,32,1,2,3,36,6,39,8,16,17,18,27
1,2,3,4,6,8,11,13,15,16,17,18,19,21,25,26,27,29,32,33,36,37,39,40>4,9,11,13,14,19,21,22,23,25,29,33,37,38,32,1,2,3,36,6,39,8,16,17,18,27
32,3,35,5,37,7,8,40,14,15,17,18,21,26,28,31>8,18,21,30,31,35,3,37,5,15
32,3,35,5,37,7,8,40,14,15,17,18,21,26,28,31>32,9,40,18,20,21,28,30,35,3,37,5,15
32,3,35,5,37,7,8,40,14,15,17,18,21,26,28,31>32,34,8,39,20,21,28,31,35,3,37,5,15
32,3,35,5,37,7,8,40,14,15,17,18,21,26,28,31>32,34,40,17,20,21,22,26,31,35,3,37,5,15
32,3,35,5,37,7,8,40,14,15,17,18,21,26,28,31>32,33,34,8,39,14,20,22,26,28,30,35,3,37,5,15
32,3,35,5,37,7,8,40,14,15,17,18,21,26,28,31>7,8,9,39,17,20,26,31,35,3,37,5,15
32,3,35,5,37,7,8,40,14,15,17,18,21,26,28,31>32,33,7,9,39,14,18,22,28,30,31,35,3,37,5,15
32,3,35,5,37,7,8,40,14,15,17,18,21,26,28,31>32,33,34,7,8,9,18,26,28,30,31,35,3,37,5,15
32,3,35,5,37,7,8,40,14,15,17,18,21,26,28,31>33,4,7,9,39,40,17,18,26,31,35,3,37,5,15
32,3,35,5,37,7,8,40,14,15,17,18,21,26,28,31>33,34,4,7,39,40,18,22,28,31,35,3,37,5,15
3,5,6,8,10,15,16,17,18,19,20,21,23,25,26,29,30,31,34,36,37,38,39,40>10,13,17,24,29,31,34,37,38,3,5,8,40,18,19,20,23,26,30
3,5,6,8,10,15,16,17,18,19,20,21,23,25,26,29,30,31,34,36,37,38,39,40>4,10,16,22,31,35,36,37,38,39,3,5,8,40,18,19,20,23,26,30
3,5,6,8,10,15,16,17,18,19,20,21,23,25,26,29,30,31,34,36,37,38,39,40>10,17,25,29,31,36,37,39,3,5,8,40,18,19,20,23,26,30
3,5,6,8,10,15,16,17,18,19,20,21,23,25,26,29,30,31,34,36,37,38,39,40>4,6,10,13,21,22,27,29,31,34,37,39,3,5,8,40,18,19,20,23,26,30
3,5,6,8,10,15,16,17,18,19,20,21,23,25,26,29,30,31,34,36,37,38,39,40>6,10,11,13,15,16,17,24,29,31,34,35,39,3,5,8,40,18,19,20,23,26,30
3,5,6,8,10,15,16,17,18,19,20,21,23,25,26,29,30,31,34,36,37,38,39,40>4,12,13,16,17,21,25,34,35,39,3,5,8,40,18,19,20,23,26,30
3,5,6,8,10,15,16,17,18,19,20,21,23,25,26,29,30,31,34,36,37,38,39,40>6,10,12,15,17,21,22,25,27,34,35,36,3,5,8,40,18,19,20,23,26,30
3,5,6,8,10,15,16,17,18,19,20,21,23,25,26,29,30,31,34,36,37,38,39,40>4,6,10,12,13,16,31,35,36,37,3,5,8,40,18,19,20,23,26,30
3,5,6,8,10,15,16,17,18,19,20,21,23,25,26,29,30,31,34,36,37,38,39,40>11,12,17,22,24,27,29,34,36,37,39,3,5,8,40,18,19,20,23,26,30
3,5,6,8,10,15,16,17,18,19,20,21,23,25,26,29,30,31,34,36,37,38,39,40>4,6,11,12,34,35,36,38,39,3,5,8,40,18,19,20,23,26,30
1,2,3,33,35,6,7,8,38,39,40,13,14,16,19,20,22,23,25,30>4,17,18,19,20,22,24,25,26,28,29,35,37,38,1,2,3,6,7,8,39,40,14,16,23
1,2,3,33,35,6,7,8,38,39,40,13,14,16,19,20,22,23,25,30>5,18,19,20,25,26,27,28,34,36,38,1,2,3,6,7,8,39,40,14,16,23
1,2,3,33,35,6,7,8,38,39,40,13,14,16,19,20,22,23,25,30>9,20,22,24,26,27,28,30,33,35,1,2,3,6,7,8,39,40,14,16,23
1,2,3,33,35,6,7,8,38,39,40,13,14,16,19,20,22,23,25,30>5,9,18,19,28,33,34,38,1,2,3,6,7,8,39,40,14,16,23
1,2,3,33,35,6,7,8,38,39,40,13,14,16,19,20,22,23,25,30>4,5,9,17,20,22,25,26,27,28,36,38,1,2,3,6,7,8,39,40,14,16,23
1,2,3,33,35,6,7,8,38,39,40,13,14,16,19,20,22,23,25,30>4,9,15,18,19,20,27,28,29,34,35,36,37,1,2,3,6,7,8,39,40,14,16,23
1,2,3,33,35,6,7,8,38,39,40,13,14,16,19,20,22,23,25,30>5,9,15,18,19,20,22,28,30,34,35,37,1,2,3,6,7,8,39,40,14,16,23
1,2,3,33,35,6,7,8,38,39,40,13,14,16,19,20,22,23,25,30>4,5,9,15,17,18,19,27,29,36,38,1,2,3,6,7,8,39,40,14,16,23
1,2,3,33,35,6,7,8,38,39,40,13,14,16,19,20,22,23,25,30>4,13,15,18,20,22,24,25,27,28,30,33,36,37,38,1,2,3,6,7,8,39,40,14,16,23
1,2,3,33,35,6,7,8,38,39,40,13,14,16,19,20,22,23,25,30>5,13,15,17,18,19,20,22,24,26,33,34,37,38,1,2,3,6,7,8,39,40,14,16,23
1,36,5,37,7,8,40,13,15,17,18,19,20,24,26,27,28,30,31>7,8,16,26,35,1,5,40,17,18,20,24,30,31
1,36,5,37,7,8,40,13,15,17,18,19,20,24,26,27,28,30,31>9,25,27,28,33,34,37,1,5,40,17,18,20,24,30,31
1,36,5,37,7,8,40,13,15,17,18,19,20,24,26,27,28,30,31>8,9,15,16,19,22,23,26,37,1,5,40,17,18,20,24,30,31
1,36,5,37,7,8,40,13,15,17,18,19,20,24,26,27,28,30,31>7,13,22,28,32,33,34,35,37,1,5,40,17,18,20,24,30,31
1,36,5,37,7,8,40,13,15,17,18,19,20,24,26,27,28,30,31>7,8,13,22,25,26,36,37,1,5,40,17,18,20,24,30,31
1,36,5,37,7,8,40,13,15,17,18,19,20,24,26,27,28,30,31>7,9,13,15,16,19,27,28,36,39,1,5,40,17,18,20,24,30,31
1,36,5,37,7,8,40,13,15,17,18,19,20,24,26,27,28,30,31>8,9,13,15,19,23,25,26,28,33,34,39,1,5,40,17,18,20,24,30,31
1,36,5,37,7,8,40,13,15,17,18,19,20,24,26,27,28,30,31>8,9,14,15,19,22,26,27,28,35,37,1,5,40,17,18,20,24,30,31
1,36,5,37,7,8,40,13,15,17,18,19,20,24,26,27,28,30,31>8,13,14,16,26,27,28,34,37,39,1,5,40,17,18,20,24,30,31
1,36,5,37,7,8,40,13,15,17,18,19,20,24,26,27,28,30,31>7,8,9,13,14,15,23,25,32,35,36,37,1,5,40,17,18,20,24,30,31
32,1,34,3,4,35,37,38,40,12,13,15,18,19,20,22,27>35,13,14,16,17,20,28,29,32,1,34,3,4,37,18,22
32,1,34,3,4,35,37,38,40,12,13,15,18,19,20,22,27>38,13,15,17,20,27,28,32,1,34,3,4,37,18,22
32,1,34,3,4,35,37,38,40,12,13,15,18,19,20,22,27>35,38,15,17,19,24,27,28,31,32,1,34,3,4,37,18,22
32,1,34,3,4,35,37,38,40,12,13,15,18,19,20,22,27>38,7,13,14,15,16,19,20,21,29,32,1,34,3,4,37,18,22
32,1,34,3,4,35,37,38,40,12,13,15,18,19,20,22,27>38,40,13,19,20,23,29,31,32,1,34,3,4,37,18,22
32,1,34,3,4,35,37,38,40,12,13,15,18,19,20,22,27>35,7,40,13,14,17,20,23,27,28,29,32,1,34,3,4,37,18,22
32,1,34,3,4,35,37,38,40,12,13,15,18,19,20,22,27>35,38,7,40,13,15,17,19,24,29,32,1,34,3,4,37,18,22
32,1,34,3,4,35,37,38,40,12,13,15,18,19,20,22,27>38,7,12,13,15,19,20,28,32,1,34,3,4,37,18,22
32,1,34,3,4,35,37,38,40,12,13,15,18,19,20,22,27>35,38,7,12,15,16,17,19,20,21,27,32,1,34,3,4,37,18,22
32,1,34,3,4,35,37,38,40,12,13,15,18,19,20,22,27>7,40,12,14,15,19,21,23,27,29,31,32,1,34,3,4,37,18,22
1,2,3,33,5,6,34,8,35,36,37,39,13,14,40,20,28,30>4,15,16,20,28,1,2,3,33,5,34,36,8,37,40,14
1,2,3,33,5,6,34,8,35,36,37,39,13,14,40,20,28,30>4,15,17,20,24,1,2,3,33,5,34,36,8,37,40,14
1,2,3,33,5,6,34,8,35,36,37,39,13,14,40,20,28,30>35,7,13,15,17,20,28,1,2,3,33,5,34,36,8,37,40,14
1,2,3,33,5,6,34,8,35,36,37,39,13,14,40,20,28,30>35,6,39,13,15,16,24,28,1,2,3,33,5,34,36,8,37,40,14
1,2,3,33,5,6,34,8,35,36,37,39,13,14,40,20,28,30>4,6,39,16,17,20,30,1,2,3,33,5,34,36,8,37,40,14
1,2,3,33,5,6,34,8,35,36,37,39,13,14,40,20,28,30>35,7,39,13,16,17,20,24,1,2,3,33,5,34,36,8,37,40,14
1,2,3,33,5,6,34,8,35,36,37,39,13,14,40,20,28,30>4,7,39,13,15,17,20,30,1,2,3,33,5,34,36,8,37,40,14
1,2,3,33,5,6,34,8,35,36,37,39,13,14,40,20,28,30>6,7,39,15,16,17,20,28,1,2,3,33,5,34,36,8,37,40,14
1,2,3,33,5,6,34,8,35,36,37,39,13,14,40,20,28,30>4,6,7,39,13,15,17,28,30,1,2,3,33,5,34,36,8,37,40,14
1,2,3,33,5,6,34,8,35,36,37,39,13,14,40,20,28,30>35,4,6,7,39,13,15,16,17,28,1,2,3,33,5,34,36,8,37,40,14
32,1,2,33,34,5,6,7,37,38,10,11,39,15,18,19,20,22,26,29>6,8,15,19,20,24,26,28,33,36,1,2,5,7,11,18,22,29
32,1,2,33,34,5,6,7,37,38,10,11,39,15,18,19,20,22,26,29>8,9,15,19,20,23,26,28,30,34,37,38,39,1,2,5,7,11,18,22,29
32,1,2,33,34,5,6,7,37,38,10,11,39,15,18,19,20,22,26,29>6,10,13,20,24,30,33,34,37,38,1,2,5,7,11,18,22,29
32,1,2,33,34,5,6,7,37,38,10,11,39,15,18,19,20,22,26,29>9,10,15,19,21,24,26,28,33,34,36,38,39,1,2,5,7,11,18,22,29
32,1,2,33,34,5,6,7,37,38,10,11,39,15,18,19,20,22,26,29>6,9,10,15,20,23,24,28,30,36,1,2,5,7,11,18,22,29
32,1,2,33,34,5,6,7,37,38,10,11,39,15,18,19,20,22,26,29>8,12,13,15,19,20,21,23,24,30,34,36,38,39,1,2,5,7,11,18,22,29
32,1,2,33,34,5,6,7,37,38,10,11,39,15,18,19,20,22,26,29>8,12,13,15,20,21,24,26,28,33,34,36,37,38,39,1,2,5,7,11,18,22,29
32,1,2,33,34,5,6,7,37,38,10,11,39,15,18,19,20,22,26,29>6,10,12,13,21,23,24,28,30,32,33,37,38,1,2,5,7,11,18,22,29
32,1,2,33,34,5,6,7,37,38,10,11,39,15,18,19,20,22,26,29>9,10,12,13,19,23,28,30,32,33,38,39,1,2,5,7,11,18,22,29
32,1,2,33,34,5,6,7,37,38,10,11,39,15,18,19,20,22,26,29>6,9,10,12,13,24,26,30,32,36,38,39,1,2,5,7,11,18,22,29
3,36,5,6,7,38,9,39,11,13,14,15,16,20,22,28,31>35,7,11,13,24,3,5,39,9,14,15,16,28
3,36,5,6,7,38,9,39,11,13,14,15,16,20,22,28,31>33,35,20,22,24,3,5,39,9,14,15,16,28
3,36,5,6,7,38,9,39,11,13,14,15,16,20,22,28,31>35,8,11,22,24,3,5,39,9,14,15,16,28
3,36,5,6,7,38,9,39,11,13,14,15,16,20,22,28,31>33,36,8,38,11,20,24,29,3,5,39,9,14,15,16,28
3,36,5,6,7,38,9,39,11,13,14,15,16,20,22,28,31>34,36,13,20,24,29,31,3,5,39,9,14,15,16,28
3,36,5,6,7,38,9,39,11,13,14,15,16,20,22,28,31>33,35,36,13,17,22,31,3,5,39,9,14,15,16,28
3,36,5,6,7,38,9,39,11,13,14,15,16,20,22,28,31>34,35,36,8,38,17,31,3,5,39,9,14,15,16,28
3,36,5,6,7,38,9,39,11,13,14,15,16,20,22,28,31>33,34,35,36,7,38,17,20,29,3,5,39,9,14,15,16,28
3,36,5,6,7,38,9,39,11,13,14,15,16,20,22,28,31>33,36,6,7,38,17,22,24,31,3,5,39,9,14,15,16,28
3,36,5,6,7,38,9,39,11,13,14,15,16,20,22,28,31>33,35,36,6,8,20,29,31,3,5,39,9,14,15,16,28
2,3,10,11,13,14,15,17,20,21,24,25,26,28,29,30,31,32,33,35,36>5,12,16,26,27,28,31,33,2,3,35,36,11,13,14,15,17,20,24,25,30
2,3,10,11,13,14,15,17,20,21,24,25,26,28,29,30,31,32,33,35,36>37,40,10,16,27,28,33,2,3,35,36,11,13,14,15,17,20,24,25,30
2,3,10,11,13,14,15,17,20,21,24,25,26,28,29,30,31,32,33,35,36>38,40,10,12,28,31,33,2,3,35,36,11,13,14,15,17,20,24,25,30
2,3,10,11,13,14,15,17,20,21,24,25,26,28,29,30,31,32,33,35,36>5,38,10,21,26,27,28,33,2,3,35,36,11,13,14,15,17,20,24,25,30
2,3,10,11,13,14,15,17,20,21,24,25,26,28,29,30,31,32,33,35,36>32,5,37,38,40,12,16,21,26,27,31,33,2,3,35,36,11,13,14,15,17,20,24,25,30
2,3,10,11,13,14,15,17,20,21,24,25,26,28,29,30,31,32,33,35,36>32,39,40,12,16,27,28,33,2,3,35,36,11,13,14,15,17,20,24,25,30
2,3,10,11,13,14,15,17,20,21,24,25,26,28,29,30,31,32,33,35,36>32,39,10,12,16,21,26,27,31,33,2,3,35,36,11,13,14,15,17,20,24,25,30
2,3,10,11,13,14,15,17,20,21,24,25,26,28,29,30,31,32,33,35,36>38,39,40,10,16,26,27,31,33,2,3,35,36,11,13,14,15,17,20,24,25,30
2,3,10,11,13,14,15,17,20,21,24,25,26,28,29,30,31,32,33,35,36>32,38,39,40,10,12,16,21,27,31,33,2,3,35,36,11,13,14,15,17,20,24,25,30
2,3,10,11,13,14,15,17,20,21,24,25,26,28,29,30,31,32,33,35,36>32,37,38,39,10,16,21,27,28,29,31,33,2,3,35,36,11,13,14,15,17,20,24,25,30
32,3,4,35,36,7,40,9,10,12,13,15,21,25,28,30>15,16,17,36,37,39,3,4,40,9,12,13
32,3,4,35,36,7,40,9,10,12,13,15,21,25,28,30>5,10,15,17,28,30,33,35,36,37,38,39,3,4,40,9,12,13
32,3,4,35,36,7,40,9,10,12,13,15,21,25,28,30>7,10,16,17,27,30,32,33,34,38,3,4,40,9,12,13
32,3,4,35,36,7,40,9,10,12,13,15,21,25,28,30>5,7,10,16,21,25,28,33,35,3,4,40,9,12,13
32,3,4,35,36,7,40,9,10,12,13,15,21,25,28,30>11,16,17,20,21,34,36,38,3,4,40,9,12,13
32,3,4,35,36,7,40,9,10,12,13,15,21,25,28,30>7,10,11,16,21,25,28,30,33,35,36,37,3,4,40,9,12,13
32,3,4,35,36,7,40,9,10,12,13,15,21,25,28,30>7,10,11,15,17,27,32,33,34,35,36,38,3,4,40,9,12,13
32,3,4,35,36,7,40,9,10,12,13,15,21,25,28,30>5,7,10,11,20,30,34,36,37,3,4,40,9,12,13
32,3,4,35,36,7,40,9,10,12,13,15,21,25,28,30>10,14,15,20,25,27,28,32,36,37,39,3,4,40,9,12,13
32,3,4,35,36,7,40,9,10,12,13,15,21,25,28,30>5,7,10,11,14,15,17,20,27,28,32,34,37,38,3,4,40,9,12,13
1,2,33,4,5,36,37,38,39,40,13,14,15,17,22,23,24,27,29,30>33,7,13,16,20,22,24,25,26,27,28,31,1,2,36,39,40,14,15,17,29
1,2,33,4,5,36,37,38,39,40,13,14,15,17,22,23,24,27,29,30>33,4,38,16,20,22,24,25,27,28,1,2,36,39,40,14,15,17,29
1,2,33,4,5,36,37,38,39,40,13,14,15,17,22,23,24,27,29,30>32,33,5,38,13,16,20,22,23,24,26,27,28,30,1,2,36,39,40,14,15,17,29
1,2,33,4,5,36,37,38,39,40,13,14,15,17,22,23,24,27,29,30>33,4,5,7,38,13,20,22,23,27,28,30,1,2,36,39,40,14,15,17,29
1,2,33,4,5,36,37,38,39,40,13,14,15,17,22,23,24,27,29,30>33,37,13,23,26,27,28,30,1,2,36,39,40,14,15,17,29
1,2,33,4,5,36,37,38,39,40,13,14,15,17,22,23,24,27,29,30>32,33,37,13,20,23,26,27,28,1,2,36,39,40,14,15,17,29
1,2,33,4,5,36,37,38,39,40,13,14,15,17,22,23,24,27,29,30>4,37,7,38,16,22,24,26,28,31,1,2,36,39,40,14,15,17,29
1,2,33,4,5,36,37,38,39,40,13,14,15,17,22,23,24,27,29,30>32,4,37,38,22,23,27,30,1,2,36,39,40,14,15,17,29
1,2,33,4,5,36,37,38,39,40,13,14,15,17,22,23,24,27,29,30>33,4,37,38,13,16,20,22,23,26,27,30,31,1,2,36,39,40,14,15,17,29
1,2,33,4,5,36,37,38,39,40,13,14,15,17,22,23,24,27,29,30>32,33,4,37,38,16,20,23,24,26,31,1,2,36,39,40,14,15,17,29
32,1,33,3,4,34,36,37,38,40,10,12,14,16,24,26,27,28,31>7,40,10,14,15,16,24,25,26,27,28,32,1,33,3,4,34,36,38,31
32,1,33,3,4,34,36,37,38,40,10,12,14,16,24,26,27,28,31>7,40,12,13,15,16,24,26,27,28,30,32,1,33,3,4,34,36,38,31
32,1,33,3,4,34,36,37,38,40,10,12,14,16,24,26,27,28,31>7,40,10,11,12,13,14,15,16,24,26,28,32,1,33,3,4,34,36,38,31
32,1,33,3,4,34,36,37,38,40,10,12,14,16,24,26,27,28,31>10,11,16,27,28,30,32,1,33,3,4,34,36,38,31
32,1,33,3,4,34,36,37,38,40,10,12,14,16,24,26,27,28,31>10,11,12,15,30,32,1,33,3,4,34,36,38,31
32,1,33,3,4,34,36,37,38,40,10,12,14,16,24,26,27,28,31>7,10,11,15,24,25,26,28,32,1,33,3,4,34,36,38,31
32,1,33,3,4,34,36,37,38,40,10,12,14,16,24,26,27,28,31>35,40,10,11,12,13,24,26,27,28,30,32,1,33,3,4,34,36,38,31
32,1,33,3,4,34,36,37,38,40,10,12,14,16,24,26,27,28,31>37,40,10,15,24,25,27,28,32,1,33,3,4,34,36,38,31
32,1,33,3,4,34,36,37,38,40,10,12,14,16,24,26,27,28,31>7,40,10,13,16,24,27,28,32,1,33,3,4,34,36,38,31
32,1,33,3,4,34,36,37,38,40,10,12,14,16,24,26,27,28,31>35,7,40,10,13,25,27,32,1,33,3,4,34,36,38,31
32,2,5,7,40,9,10,14,15,17,19,21,22,23,27,29,30,31>17,20,21,12,32,2,5,40,9,15,23,29,31
32,2,5,7,40,9,10,14,15,17,19,21,22,23,27,29,30,31>35,7,12,13,14,18,19,20,21,28,32,2,5,40,9,15,23,29,31
32,2,5,7,40,9,10,14,15,17,19,21,22,23,27,29,30,31>10,13,17,20,22,28,30,32,2,5,40,9,15,23,29,31
32,2,5,7,40,9,10,14,15,17,19,21,22,23,27,29,30,31>35,7,10,12,13,17,18,20,22,30,32,2,5,40,9,15,23,29,31
32,2,5,7,40,9,10,14,15,17,19,21,22,23,27,29,30,31>35,39,10,14,17,20,21,22,32,2,5,40,9,15,23,29,31
32,2,5,7,40,9,10,14,15,17,19,21,22,23,27,29,30,31>35,39,10,12,13,14,18,20,22,27,30,32,2,5,40,9,15,23,29,31
32,2,5,7,40,9,10,14,15,17,19,21,22,23,27,29,30,31>39,11,17,18,20,22,27,32,2,5,40,9,15,23,29,31
32,2,5,7,40,9,10,14,15,17,19,21,22,23,27,29,30,31>7,10,11,12,13,17,27,28,30,32,2,5,40,9,15,23,29,31
32,2,5,7,40,9,10,14,15,17,19,21,22,23,27,29,30,31>39,10,11,12,14,17,19,26,27,28,30,32,2,5,40,9,15,23,29,31
32,2,5,7,40,9,10,14,15,17,19,21,22,23,27,29,30,31>7,39,10,11,14,17,21,27,28,32,2,5,40,9,15,23,29,31
32,1,33,3,4,35,8,40,12,14,15,16,17,18,19,24,29>32,7,40,12,16,20,25,1,3,4,15,18
32,1,33,3,4,35,8,40,12,14,15,16,17,18,19,24,29>32,35,7,8,40,16,19,20,23,24,25,1,3,4,15,18
32,1,33,3,4,35,8,40,12,14,15,16,17,18,19,24,29>33,35,39,12,19,20,24,1,3,4,15,18
32,1,33,3,4,35,8,40,12,14,15,16,17,18,19,24,29>33,36,7,8,40,19,22,23,24,25,1,3,4,15,18
32,1,33,3,4,35,8,40,12,14,15,16,17,18,19,24,29>35,36,8,40,12,17,19,22,24,29,1,3,4,15,18
32,1,33,3,4,35,8,40,12,14,15,16,17,18,19,24,29>35,36,8,12,16,19,20,23,24,25,1,3,4,15,18
32,1,33,3,4,35,8,40,12,14,15,16,17,18,19,24,29>33,35,36,8,39,14,22,24,29,1,3,4,15,18
32,1,33,3,4,35,8,40,12,14,15,16,17,18,19,24,29>37,7,39,40,16,22,25,1,3,4,15,18
32,1,33,3,4,35,8,40,12,14,15,16,17,18,19,24,29>32,37,7,39,40,17,20,22,23,25,29,1,3,4,15,18
32,1,33,3,4,35,8,40,12,14,15,16,17,18,19,24,29>35,36,37,8,39,40,12,14,17,20,22,25,1,3,4,15,18
1,3,4,35,37,7,11,12,13,14,15,18,20,25,26,27,28,31>32,39,11,13,16,17,18,26,1,3,35,37,7,14,15,27,31
1,3,4,35,37,7,11,12,13,14,15,18,20,25,26,27,28,31>33,9,11,16,20,24,30,1,3,35,37,7,14,15,27,31
1,3,4,35,37,7,11,12,13,14,15,18,20,25,26,27,28,31>34,9,17,18,20,22,24,25,30,1,3,35,37,7,14,15,27,31
1,3,4,35,37,7,11,12,13,14,15,18,20,25,26,27,28,31>34,9,11,18,20,22,1,3,35,37,7,14,15,27,31
1,3,4,35,37,7,11,12,13,14,15,18,20,25,26,27,28,31>33,34,9,13,16,17,18,24,25,26,28,1,3,35,37,7,14,15,27,31
1,3,4,35,37,7,11,12,13,14,15,18,20,25,26,27,28,31>33,4,13,16,17,22,25,28,1,3,35,37,7,14,15,27,31
1,3,4,35,37,7,11,12,13,14,15,18,20,25,26,27,28,31>32,33,4,39,9,16,17,18,20,28,30,1,3,35,37,7,14,15,27,31
1,3,4,35,37,7,11,12,13,14,15,18,20,25,26,27,28,31>5,12,16,18,20,22,25,28,1,3,35,37,7,14,15,27,31
1,3,4,35,37,7,11,12,13,14,15,18,20,25,26,27,28,31>32,4,5,39,9,11,17,20,25,26,1,3,35,37,7,14,15,27,31
1,3,4,35,37,7,11,12,13,14,15,18,20,25,26,27,28,31>32,33,4,5,39,9,13,17,18,20,26,1,3,35,37,7,14,15,27,31
34,3,36,7,40,9,11,13,16,17,18,21,22,28>33,5,13,14,20,34,3,9,16,17,21,22,28
34,3,36,7,40,9,11,13,16,17,18,21,22,28>7,11,13,14,18,34,3,9,16,17,21,22,28
34,3,36,7,40,9,11,13,16,17,18,21,22,28>36,20,7,13,34,3,9,16,17,21,22,28
34,3,36,7,40,9,11,13,16,17,18,21,22,28>33,36,7,18,20,34,3,9,16,17,21,22,28
34,3,36,7,40,9,11,13,16,17,18,21,22,28>5,7,11,13,20,34,3,9,16,17,21,22,28
34,3,36,7,40,9,11,13,16,17,18,21,22,28>33,36,7,14,18,34,3,9,16,17,21,22,28
34,3,36,7,40,9,11,13,16,17,18,21,22,28>33,36,40,13,14,20,34,3,9,16,17,21,22,28
34,3,36,7,40,9,11,13,16,17,18,21,22,28>33,5,40,13,18,20,29,34,3,9,16,17,21,22,28
34,3,36,7,40,9,11,13,16,17,18,21,22,28>36,5,40,11,13,34,3,9,16,17,21,22,28
34,3,36,7,40,9,11,13,16,17,18,21,22,28>5,7,40,11,14,34,3,9,16,17,21,22,28
32,3,4,35,36,7,39,11,12,13,16,18,19,21,27,28,29,30>5,7,12,13,19,20,21,22,23,28,29,30,31,37,40,32,3,39,16,18
32,3,4,35,36,7,39,11,12,13,16,18,19,21,27,28,29,30>5,7,13,14,17,19,21,22,29,33,35,37,38,40,32,3,39,16,18
32,3,4,35,36,7,39,11,12,13,16,18,19,21,27,28,29,30>5,9,11,12,13,14,20,23,27,29,36,37,38,40,32,3,39,16,18
32,3,4,35,36,7,39,11,12,13,16,18,19,21,27,28,29,30>4,7,9,12,13,28,29,30,31,33,35,40,32,3,39,16,18
32,3,4,35,36,7,39,11,12,13,16,18,19,21,27,28,29,30>5,7,9,13,14,19,21,28,33,37,38,40,32,3,39,16,18
32,3,4,35,36,7,39,11,12,13,16,18,19,21,27,28,29,30>4,11,12,13,14,19,20,21,27,29,31,33,38,32,3,39,16,18
32,3,4,35,36,7,39,11,12,13,16,18,19,21,27,28,29,30>4,5,11,17,19,23,29,31,38,32,3,39,16,18
32,3,4,35,36,7,39,11,12,13,16,18,19,21,27,28,29,30>5,9,11,14,17,19,23,27,28,31,33,35,38,40,32,3,39,16,18
32,3,4,35,36,7,39,11,12,13,16,18,19,21,27,28,29,30>5,7,9,11,13,14,20,22,23,31,35,37,32,3,39,16,18
32,3,4,35,36,7,39,11,12,13,16,18,19,21,27,28,29,30>5,7,9,11,14,17,19,20,21,22,28,29,33,38,32,3,39,16,18
1,2,35,4,36,6,7,40,11,13,15,17,18,21,25,26>5,14,16,18,21,25,26,34,39,1,2,6,7,17
1,2,35,4,36,6,7,40,11,13,15,17,18,21,25,26>9,13,14,15,20,30,34,35,40,1,2,6,7,17
1,2,35,4,36,6,7,40,11,13,15,17,18,21,25,26>9,13,14,25,26,27,35,1,2,6,7,17
1,2,35,4,36,6,7,40,11,13,15,17,18,21,25,26>4,5,8,9,14,15,25,30,36,37,39,1,2,6,7,17
1,2,35,4,36,6,7,40,11,13,15,17,18,21,25,26>11,13,14,18,20,21,30,36,39,1,2,6,7,17
1,2,35,4,36,6,7,40,11,13,15,17,18,21,25,26>4,11,13,14,15,16,21,25,34,36,1,2,6,7,17
1,2,35,4,36,6,7,40,11,13,15,17,18,21,25,26>5,11,13,15,21,22,37,39,40,1,2,6,7,17
1,2,35,4,36,6,7,40,11,13,15,17,18,21,25,26>8,11,13,15,16,18,22,25,27,30,34,36,37,39,40,1,2,6,7,17
1,2,35,4,36,6,7,40,11,13,15,17,18,21,25,26>8,9,11,13,15,16,18,22,25,27,30,34,35,36,39,1,2,6,7,17
1,2,35,4,36,6,7,40,11,13,15,17,18,21,25,26>4,8,9,11,14,20,27,30,34,36,1,2,6,7,17
35,37,6,7,38,10,13,14,15,16,17,20,24,27,28,30,31>10,12,40,25,30,35,37,13,14,15,16,17,20,24,31
35,37,6,7,38,10,13,14,15,16,17,20,24,27,28,30,31>32,33,7,8,9,10,11,12,39,25,27,35,37,13,14,15,16,17,20,24,31
35,37,6,7,38,10,13,14,15,16,17,20,24,27,28,30,31>32,33,34,8,10,12,39,25,27,28,30,35,37,13,14,15,16,17,20,24,31
35,37,6,7,38,10,13,14,15,16,17,20,24,27,28,30,31>5,7,9,12,38,40,28,35,37,13,14,15,16,17,20,24,31
35,37,6,7,38,10,13,14,15,16,17,20,24,27,28,30,31>34,5,7,8,9,12,27,35,37,13,14,15,16,17,20,24,31
35,37,6,7,38,10,13,14,15,16,17,20,24,27,28,30,31>33,34,5,11,12,38,39,27,28,30,35,37,13,14,15,16,17,20,24,31
35,37,6,7,38,10,13,14,15,16,17,20,24,27,28,30,31>33,34,5,8,10,11,40,27,30,35,37,13,14,15,16,17,20,24,31
35,37,6,7,38,10,13,14,15,16,17,20,24,27,28,30,31>5,6,8,9,11,25,30,35,37,13,14,15,16,17,20,24,31
35,37,6,7,38,10,13,14,15,16,17,20,24,27,28,30,31>32,34,5,6,8,9,10,25,27,30,35,37,13,14,15,16,17,20,24,31
35,37,6,7,38,10,13,14,15,16,17,20,24,27,28,30,31>32,33,34,5,6,8,9,25,27,28,30,35,37,13,14,15,16,17,20,24,31
32,1,2,3,4,5,33,7,8,35,36,11,39,14,16,18,19,20,29,31>32,9,11,14,20,22,29,1,2,3,35,5,36,7,39,18
32,1,2,3,4,5,33,7,8,35,36,11,39,14,16,18,19,20,29,31>32,8,11,14,16,19,20,22,24,29,1,2,3,35,5,36,7,39,18
32,1,2,3,4,5,33,7,8,35,36,11,39,14,16,18,19,20,29,31>33,4,37,9,11,14,22,24,29,1,2,3,35,5,36,7,39,18
32,1,2,3,4,5,33,7,8,35,36,11,39,14,16,18,19,20,29,31>38,8,11,14,16,19,22,23,24,29,31,1,2,3,35,5,36,7,39,18
32,1,2,3,4,5,33,7,8,35,36,11,39,14,16,18,19,20,29,31>32,4,38,16,19,20,22,23,29,1,2,3,35,5,36,7,39,18
32,1,2,3,4,5,33,7,8,35,36,11,39,14,16,18,19,20,29,31>33,4,38,8,9,15,20,1,2,3,35,5,36,7,39,18
32,1,2,3,4,5,33,7,8,35,36,11,39,14,16,18,19,20,29,31>32,33,4,38,8,15,16,19,22,24,31,1,2,3,35,5,36,7,39,18
32,1,2,3,4,5,33,7,8,35,36,11,39,14,16,18,19,20,29,31>32,33,37,38,8,9,16,19,29,1,2,3,35,5,36,7,39,18
32,1,2,3,4,5,33,7,8,35,36,11,39,14,16,18,19,20,29,31>4,37,38,8,9,11,20,22,31,1,2,3,35,5,36,7,39,18
32,1,2,3,4,5,33,7,8,35,36,11,39,14,16,18,19,20,29,31>32,4,37,38,9,14,15,23,24,29,1,2,3,35,5,36,7,39,18
1,3,5,7,9,10,11,14,16,18,19,20,22,24,25,27,28,30,36,38,39,40>33,7,10,19,21,30,1,3,5,39,40,9,11,18,22,24,25,27,28
1,3,5,7,9,10,11,14,16,18,19,20,22,24,25,27,28,30,36,38,39,40>32,33,34,15,16,19,23,30,31,1,3,5,39,40,9,11,18,22,24,25,27,28
1,3,5,7,9,10,11,14,16,18,19,20,22,24,25,27,28,30,36,38,39,40>32,36,7,13,14,20,23,29,31,1,3,5,39,40,9,11,18,22,24,25,27,28
1,3,5,7,9,10,11,14,16,18,19,20,22,24,25,27,28,30,36,38,39,40>34,36,13,15,16,19,20,21,23,29,1,3,5,39,40,9,11,18,22,24,25,27,28
1,3,5,7,9,10,11,14,16,18,19,20,22,24,25,27,28,30,36,38,39,40>32,34,36,10,14,15,19,23,1,3,5,39,40,9,11,18,22,24,25,27,28
1,3,5,7,9,10,11,14,16,18,19,20,22,24,25,27,28,30,36,38,39,40>32,38,15,16,19,20,23,29,31,1,3,5,39,40,9,11,18,22,24,25,27,28
1,3,5,7,9,10,11,14,16,18,19,20,22,24,25,27,28,30,36,38,39,40>32,36,38,13,15,16,19,20,21,30,31,1,3,5,39,40,9,11,18,22,24,25,27,28
1,3,5,7,9,10,11,14,16,18,19,20,22,24,25,27,28,30,36,38,39,40>33,36,38,14,15,19,23,29,30,1,3,5,39,40,9,11,18,22,24,25,27,28
1,3,5,7,9,10,11,14,16,18,19,20,22,24,25,27,28,30,36,38,39,40>34,36,38,15,16,19,23,1,3,5,39,40,9,11,18,22,24,25,27,28
1,3,5,7,9,10,11,14,16,18,19,20,22,24,25,27,28,30,36,38,39,40>33,36,38,13,14,15,16,20,21,29,31,1,3,5,39,40,9,11,18,22,24,25,27,28
3,6,7,8,11,12,13,14,15,16,17,18,19,20,23,24,25,29,30,31,32,34,35,36,40>7,9,11,12,22,29,30,3,35,8,40,14,15,16,17,18,20,23,24,25
3,6,7,8,11,12,13,14,15,16,17,18,19,20,23,24,25,29,30,31,32,34,35,36,40>32,34,5,37,38,12,22,26,29,31,3,35,8,40,14,15,16,17,18,20,23,24,25
3,6,7,8,11,12,13,14,15,16,17,18,19,20,23,24,25,29,30,31,32,34,35,36,40>32,34,5,13,26,27,29,30,31,3,35,8,40,14,15,16,17,18,20,23,24,25
3,6,7,8,11,12,13,14,15,16,17,18,19,20,23,24,25,29,30,31,32,34,35,36,40>6,38,12,13,19,22,27,29,3,35,8,40,14,15,16,17,18,20,23,24,25
3,6,7,8,11,12,13,14,15,16,17,18,19,20,23,24,25,29,30,31,32,34,35,36,40>36,6,13,26,27,29,30,3,35,8,40,14,15,16,17,18,20,23,24,25
3,6,7,8,11,12,13,14,15,16,17,18,19,20,23,24,25,29,30,31,32,34,35,36,40>32,36,6,37,13,22,26,27,3,35,8,40,14,15,16,17,18,20,23,24,25
3,6,7,8,11,12,13,14,15,16,17,18,19,20,23,24,25,29,30,31,32,34,35,36,40>34,5,6,7,38,11,12,19,22,30,3,35,8,40,14,15,16,17,18,20,23,24,25
3,6,7,8,11,12,13,14,15,16,17,18,19,20,23,24,25,29,30,31,32,34,35,36,40>32,34,5,6,7,37,9,38,19,22,26,29,30,3,35,8,40,14,15,16,17,18,20,23,24,25
3,6,7,8,11,12,13,14,15,16,17,18,19,20,23,24,25,29,30,31,32,34,35,36,40>32,34,5,6,7,9,11,12,13,30,3,35,8,40,14,15,16,17,18,20,23,24,25
3,6,7,8,11,12,13,14,15,16,17,18,19,20,23,24,25,29,30,31,32,34,35,36,40>32,34,36,5,6,7,37,38,12,22,27,3,35,8,40,14,15,16,17,18,20,23,24,25
2,4,6,8,10,11,12,13,15,16,17,18,19,21,22,24,27,28,30,31,32,33,35,39>40,9,14,20,27,32,33,2,35,39,8,11,12,13,16,17,18,19,21,22,28,31
2,4,6,8,10,11,12,13,15,16,17,18,19,21,22,24,27,28,30,31,32,33,35,39>34,40,9,20,30,32,33,2,35,39,8,11,12,13,16,17,18,19,21,22,28,31
2,4,6,8,10,11,12,13,15,16,17,18,19,21,22,24,27,28,30,31,32,33,35,39>4,9,14,27,30,32,33,2,35,39,8,11,12,13,16,17,18,19,21,22,28,31
2,4,6,8,10,11,12,13,15,16,17,18,19,21,22,24,27,28,30,31,32,33,35,39>4,36,9,14,15,20,29,30,32,33,2,35,39,8,11,12,13,16,17,18,19,21,22,28,31
2,4,6,8,10,11,12,13,15,16,17,18,19,21,22,24,27,28,30,31,32,33,35,39>6,40,9,14,23,24,30,32,33,2,35,39,8,11,12,13,16,17,18,19,21,22,28,31
2,4,6,8,10,11,12,13,15,16,17,18,19,21,22,24,27,28,30,31,32,33,35,39>34,4,36,6,10,14,15,23,29,32,33,2,35,39,8,11,12,13,16,17,18,19,21,22,28,31
2,4,6,8,10,11,12,13,15,16,17,18,19,21,22,24,27,28,30,31,32,33,35,39>4,36,37,40,9,15,20,23,24,29,30,32,33,2,35,39,8,11,12,13,16,17,18,19,21,22,28,31
2,4,6,8,10,11,12,13,15,16,17,18,19,21,22,24,27,28,30,31,32,33,35,39>34,4,36,37,10,14,15,27,30,32,33,2,35,39,8,11,12,13,16,17,18,19,21,22,28,31
2,4,6,8,10,11,12,13,15,16,17,18,19,21,22,24,27,28,30,31,32,33,35,39>34,6,37,10,14,20,32,33,2,35,39,8,11,12,13,16,17,18,19,21,22,28,31
2,4,6,8,10,11,12,13,15,16,17,18,19,21,22,24,27,28,30,31,32,33,35,39>4,36,6,37,40,14,20,23,27,29,32,33,2,35,39,8,11,12,13,16,17,18,19,21,22,28,31
1,35,5,7,39,12,13,14,15,17,18,19,20,22,24,25,26,29,31>9,16,21,26,28,31,1,35,5,39,14,15,17,18,20,22,24,25,29
1,35,5,7,39,12,13,14,15,17,18,19,20,22,24,25,26,29,31>37,9,19,21,26,27,28,31,1,35,5,39,14,15,17,18,20,22,24,25,29
1,35,5,7,39,12,13,14,15,17,18,19,20,22,24,25,26,29,31>7,9,16,19,21,31,1,35,5,39,14,15,17,18,20,22,24,25,29
1,35,5,7,39,12,13,14,15,17,18,19,20,22,24,25,26,29,31>7,9,19,21,23,27,30,31,1,35,5,39,14,15,17,18,20,22,24,25,29
1,35,5,7,39,12,13,14,15,17,18,19,20,22,24,25,26,29,31>37,13,21,27,30,31,1,35,5,39,14,15,17,18,20,22,24,25,29
1,35,5,7,39,12,13,14,15,17,18,19,20,22,24,25,26,29,31>7,13,16,19,23,30,1,35,5,39,14,15,17,18,20,22,24,25,29
1,35,5,7,39,12,13,14,15,17,18,19,20,22,24,25,26,29,31>7,9,12,13,16,19,21,27,28,30,1,35,5,39,14,15,17,18,20,22,24,25,29
1,35,5,7,39,12,13,14,15,17,18,19,20,22,24,25,26,29,31>37,9,12,13,16,19,26,30,1,35,5,39,14,15,17,18,20,22,24,25,29
1,35,5,7,39,12,13,14,15,17,18,19,20,22,24,25,26,29,31>7,9,12,13,19,23,26,27,1,35,5,39,14,15,17,18,20,22,24,25,29
1,35,5,7,39,12,13,14,15,17,18,19,20,22,24,25,26,29,31>37,7,9,12,13,16,23,26,27,30,31,1,35,5,39,14,15,17,18,20,22,24,25,29
1,2,3,4,5,7,8,9,10,12,13,17,19,20,21,25,27,30,34,36,37,38,39,40>32,38,8,10,16,18,19,21,23,31,1,2,3,4,5,34,7,40,9,13,17,20,27
1,2,3,4,5,7,8,9,10,12,13,17,19,20,21,25,27,30,34,36,37,38,39,40>32,36,38,12,16,21,23,25,1,2,3,4,5,34,7,40,9,13,17,20,27
1,2,3,4,5,7,8,9,10,12,13,17,19,20,21,25,27,30,34,36,37,38,39,40>32,36,38,8,12,14,16,19,21,23,30,1,2,3,4,5,34,7,40,9,13,17,20,27
1,2,3,4,5,7,8,9,10,12,13,17,19,20,21,25,27,30,34,36,37,38,39,40>32,37,38,8,11,14,16,23,31,1,2,3,4,5,34,7,40,9,13,17,20,27
1,2,3,4,5,7,8,9,10,12,13,17,19,20,21,25,27,30,34,36,37,38,39,40>32,36,38,8,11,14,16,21,30,1,2,3,4,5,34,7,40,9,13,17,20,27
1,2,3,4,5,7,8,9,10,12,13,17,19,20,21,25,27,30,34,36,37,38,39,40>32,36,37,38,10,11,14,18,19,24,31,1,2,3,4,5,34,7,40,9,13,17,20,27
1,2,3,4,5,7,8,9,10,12,13,17,19,20,21,25,27,30,34,36,37,38,39,40>32,36,37,38,8,12,18,23,24,1,2,3,4,5,34,7,40,9,13,17,20,27
1,2,3,4,5,7,8,9,10,12,13,17,19,20,21,25,27,30,34,36,37,38,39,40>32,36,38,10,16,21,23,24,25,30,31,1,2,3,4,5,34,7,40,9,13,17,20,27
1,2,3,4,5,7,8,9,10,12,13,17,19,20,21,25,27,30,34,36,37,38,39,40>32,38,39,8,11,12,18,19,24,30,1,2,3,4,5,34,7,40,9,13,17,20,27
1,2,3,4,5,7,8,9,10,12,13,17,19,20,21,25,27,30,34,36,37,38,39,40>32,36,38,39,11,12,14,16,18,19,21,31,1,2,3,4,5,34,7,40,9,13,17,20,27
2,3,39,8,9,10,11,13,14,15,16,21,22,23,24,25,26>34,5,8,9,10,19,23,27,28,30,2,3,39,11,13,14,15,16,25,26
2,3,39,8,9,10,11,13,14,15,16,21,22,23,24,25,26>34,12,19,21,22,23,24,28,29,2,3,39,11,13,14,15,16,25,26
2,3,39,8,9,10,11,13,14,15,16,21,22,23,24,25,26>5,12,17,19,20,21,23,24,2,3,39,11,13,14,15,16,25,26
2,3,39,8,9,10,11,13,14,15,16,21,22,23,24,25,26>34,5,17,19,22,24,29,30,2,3,39,11,13,14,15,16,25,26
2,3,39,8,9,10,11,13,14,15,16,21,22,23,24,25,26>34,9,12,17,19,21,24,27,30,2,3,39,11,13,14,15,16,25,26
2,3,39,8,9,10,11,13,14,15,16,21,22,23,24,25,26>5,8,9,12,17,19,20,21,23,30,2,3,39,11,13,14,15,16,25,26
2,3,39,8,9,10,11,13,14,15,16,21,22,23,24,25,26>34,10,17,19,20,21,27,2,3,39,11,13,14,15,16,25,26
2,3,39,8,9,10,11,13,14,15,16,21,22,23,24,25,26>34,8,10,12,17,20,22,28,30,2,3,39,11,13,14,15,16,25,26
2,3,39,8,9,10,11,13,14,15,16,21,22,23,24,25,26>9,10,12,21,23,27,28,29,2,3,39,11,13,14,15,16,25,26
2,3,39,8,9,10,11,13,14,15,16,21,22,23,24,25,26>34,5,8,9,10,19,20,22,24,29,30,2,3,39,11,13,14,15,16,25,26
2,3,6,10,11,12,13,15,18,20,22,23,25,26,27,29,30,31,33,36,37,38,39>16,20,21,23,24,25,32,2,3,36,39,11,12,13,22,26,27,29,30,31
2,3,6,10,11,12,13,15,18,20,22,23,25,26,27,29,30,31,33,36,37,38,39>5,16,17,20,23,25,28,33,35,37,38,2,3,36,39,11,12,13,22,26,27,29,30,31
2,3,6,10,11,12,13,15,18,20,22,23,25,26,27,29,30,31,33,36,37,38,39>5,6,15,17,18,21,24,25,33,35,37,40,2,3,36,39,11,12,13,22,26,27,29,30,31
2,3,6,10,11,12,13,15,18,20,22,23,25,26,27,29,30,31,33,36,37,38,39>5,8,10,16,23,28,35,38,2,3,36,39,11,12,13,22,26,27,29,30,31
2,3,6,10,11,12,13,15,18,20,22,23,25,26,27,29,30,31,33,36,37,38,39>6,8,10,15,16,20,21,25,37,38,2,3,36,39,11,12,13,22,26,27,29,30,31
2,3,6,10,11,12,13,15,18,20,22,23,25,26,27,29,30,31,33,36,37,38,39>6,8,10,15,16,17,21,23,24,25,28,33,40,2,3,36,39,11,12,13,22,26,27,29,30,31
2,3,6,10,11,12,13,15,18,20,22,23,25,26,27,29,30,31,33,36,37,38,39>5,8,10,16,17,23,25,33,2,3,36,39,11,12,13,22,26,27,29,30,31
2,3,6,10,11,12,13,15,18,20,22,23,25,26,27,29,30,31,33,36,37,38,39>10,14,15,16,18,20,28,32,35,40,2,3,36,39,11,12,13,22,26,27,29,30,31
2,3,6,10,11,12,13,15,18,20,22,23,25,26,27,29,30,31,33,36,37,38,39>10,14,15,16,17,18,21,24,25,28,32,33,35,37,40,2,3,36,39,11,12,13,22,26,27,29,30,31
2,3,6,10,11,12,13,15,18,20,22,23,25,26,27,29,30,31,33,36,37,38,39>8,10,14,16,23,25,32,35,37,2,3,36,39,11,12,13,22,26,27,29,30,31
32,1,33,34,4,5,6,38,39,40,11,12,14,17,18,19,25,27,28,30>9,12,14,15,19,20,22,25,31,36,32,1,34,33,40,18,27
32,1,33,34,4,5,6,38,39,40,11,12,14,17,18,19,25,27,28,30>7,9,11,12,14,20,23,25,31,32,1,34,33,40,18,27
32,1,33,34,4,5,6,38,39,40,11,12,14,17,18,19,25,27,28,30>6,7,9,14,15,20,28,30,31,36,39,32,1,34,33,40,18,27
32,1,33,34,4,5,6,38,39,40,11,12,14,17,18,19,25,27,28,30>4,8,12,15,17,19,20,23,30,31,32,1,34,33,40,18,27
32,1,33,34,4,5,6,38,39,40,11,12,14,17,18,19,25,27,28,30>5,8,14,17,19,20,23,25,28,36,38,32,1,34,33,40,18,27
32,1,33,34,4,5,6,38,39,40,11,12,14,17,18,19,25,27,28,30>4,5,8,9,14,15,17,20,23,25,28,32,1,34,33,40,18,27
32,1,33,34,4,5,6,38,39,40,11,12,14,17,18,19,25,27,28,30>4,5,8,9,11,12,14,17,20,28,31,38,32,1,34,33,40,18,27
32,1,33,34,4,5,6,38,39,40,11,12,14,17,18,19,25,27,28,30>4,8,12,15,28,30,39,32,1,34,33,40,18,27
32,1,33,34,4,5,6,38,39,40,11,12,14,17,18,19,25,27,28,30>4,5,8,9,12,19,22,23,28,30,39,32,1,34,33,40,18,27
32,1,33,34,4,5,6,38,39,40,11,12,14,17,18,19,25,27,28,30>4,6,7,8,12,14,15,17,19,20,28,31,36,38,32,1,34,33,40,18,27
2,4,5,8,9,14,15,17,19,20,21,22,25,26,28,29,32,33,34,38,39>17,21,22,23,24,30,32,36,38,39,33,2,15,20,28,29
2,4,5,8,9,14,15,17,19,20,21,22,25,26,28,29,32,33,34,38,39>17,18,21,23,24,25,26,30,33,2,15,20,28,29
2,4,5,8,9,14,15,17,19,20,21,22,25,26,28,29,32,33,34,38,39>5,21,22,23,25,27,32,38,33,2,15,20,28,29
2,4,5,8,9,14,15,17,19,20,21,22,25,26,28,29,32,33,34,38,39>4,8,17,18,21,24,25,27,30,36,38,39,33,2,15,20,28,29
2,4,5,8,9,14,15,17,19,20,21,22,25,26,28,29,32,33,34,38,39>4,8,17,18,21,22,23,24,25,27,32,36,39,33,2,15,20,28,29
2,4,5,8,9,14,15,17,19,20,21,22,25,26,28,29,32,33,34,38,39>5,8,17,18,22,24,26,34,36,39,33,2,15,20,28,29
2,4,5,8,9,14,15,17,19,20,21,22,25,26,28,29,32,33,34,38,39>4,5,8,17,18,19,21,22,24,25,27,30,34,36,38,33,2,15,20,28,29
2,4,5,8,9,14,15,17,19,20,21,22,25,26,28,29,32,33,34,38,39>9,22,23,26,30,32,34,36,38,33,2,15,20,28,29
2,4,5,8,9,14,15,17,19,20,21,22,25,26,28,29,32,33,34,38,39>5,9,17,19,24,25,32,34,33,2,15,20,28,29
2,4,5,8,9,14,15,17,19,20,21,22,25,26,28,29,32,33,34,38,39>8,9,14,21,22,24,30,34,38,33,2,15,20,28,29
