CD45,CD8,TCRlig,TCbind,PAGCsk,LCK,Fyn,Rlk,TCRphos,ZAP70,cCbl,Itk,LAT,Gads,Slp76,PLCg_b,Grb2Sos,DAG,PLCg_a,Ras,RasGRP1,PKCth,IP3,Raf,MEK,Ca,ERK,SEK,IKK,Calcin,Rsk,Fos,JNK,IkB,CREB,Jun,CRE,AP1,NFkB,NFAT
1,2,6,38,8,39,10,11,12,18,20,23,24,25,26,27,28,30>34,7,40,12,13,18,20,22,23,28,31,1,2,6,39,8,11,24,25,26,27,30
1,2,6,38,8,39,10,11,12,18,20,23,24,25,26,27,28,30>32,34,12,18,20,1,2,6,39,8,11,24,25,26,27,30
1,2,6,38,8,39,10,11,12,18,20,23,24,25,26,27,28,30>32,33,34,12,13,20,22,23,31,1,2,6,39,8,11,24,25,26,27,30
1,2,6,38,8,39,10,11,12,18,20,23,24,25,26,27,28,30>32,33,5,7,12,13,20,22,31,1,2,6,39,8,11,24,25,26,27,30
1,2,6,38,8,39,10,11,12,18,20,23,24,25,26,27,28,30>33,34,5,40,13,20,23,28,31,1,2,6,39,8,11,24,25,26,27,30
1,2,6,38,8,39,10,11,12,18,20,23,24,25,26,27,28,30>32,38,10,13,18,20,23,1,2,6,39,8,11,24,25,26,27,30
1,2,6,38,8,39,10,11,12,18,20,23,24,25,26,27,28,30>32,33,38,7,40,10,20,22,28,31,1,2,6,39,8,11,24,25,26,27,30
1,2,6,38,8,39,10,11,12,18,20,23,24,25,26,27,28,30>32,34,38,40,13,20,23,31,1,2,6,39,8,11,24,25,26,27,30
1,2,6,38,8,39,10,11,12,18,20,23,24,25,26,27,28,30>32,34,5,38,7,12,13,23,31,1,2,6,39,8,11,24,25,26,27,30
1,2,6,38,8,39,10,11,12,18,20,23,24,25,26,27,28,30>33,34,5,38,7,12,13,1,2,6,39,8,11,24,25,26,27,30
1,33,35,5,37,7,8,9,10,11,38,13,15,17,25,28,29>20,28,10,1,33,37,5,9,11,13,17
1,33,35,5,37,7,8,9,10,11,38,13,15,17,25,28,29>35,36,39,12,16,20,27,28,29,1,33,37,5,9,11,13,17
1,33,35,5,37,7,8,9,10,11,38,13,15,17,25,28,29>35,36,10,12,14,25,27,28,1,33,37,5,9,11,13,17
1,33,35,5,37,7,8,9,10,11,38,13,15,17,25,28,29>36,7,8,39,10,12,16,29,1,33,37,5,9,11,13,17
1,33,35,5,37,7,8,9,10,11,38,13,15,17,25,28,29>35,38,7,39,12,20,25,27,1,33,37,5,9,11,13,17
1,33,35,5,37,7,8,9,10,11,38,13,15,17,25,28,29>8,10,14,16,20,25,27,29,1,33,37,5,9,11,13,17
1,33,35,5,37,7,8,9,10,11,38,13,15,17,25,28,29>36,8,10,12,25,27,29,1,33,37,5,9,11,13,17
1,33,35,5,37,7,8,9,10,11,38,13,15,17,25,28,29>35,36,8,10,12,14,15,27,1,33,37,5,9,11,13,17
1,33,35,5,37,7,8,9,10,11,38,13,15,17,25,28,29>36,7,8,39,15,16,20,25,29,1,33,37,5,9,11,13,17
1,33,35,5,37,7,8,9,10,11,38,13,15,17,25,28,29>38,7,8,10,16,25,27,28,29,1,33,37,5,9,11,13,17
1,2,4,6,7,8,10,11,14,15,16,22,25,26,27,28,30,31,32,33,34,36,37>35,40,9,10,14,16,19,22,32,1,2,33,34,36,6,7,8,11,15,27,28,30,31
1,2,4,6,7,8,10,11,14,15,16,22,25,26,27,28,30,31,32,33,34,36,37>5,40,12,14,16,19,26,32,1,2,33,34,36,6,7,8,11,15,27,28,30,31
1,2,4,6,7,8,10,11,14,15,16,22,25,26,27,28,30,31,32,33,34,36,37>5,37,40,16,19,25,29,32,1,2,33,34,36,6,7,8,11,15,27,28,30,31
1,2,4,6,7,8,10,11,14,15,16,22,25,26,27,28,30,31,32,33,34,36,37>35,5,37,9,10,13,14,19,22,25,26,32,1,2,33,34,36,6,7,8,11,15,27,28,30,31
1,2,4,6,7,8,10,11,14,15,16,22,25,26,27,28,30,31,32,33,34,36,37>5,37,40,9,10,12,16,25,32,1,2,33,34,36,6,7,8,11,15,27,28,30,31
1,2,4,6,7,8,10,11,14,15,16,22,25,26,27,28,30,31,32,33,34,36,37>35,4,5,37,40,10,12,13,14,22,25,26,32,1,2,33,34,36,6,7,8,11,15,27,28,30,31
1,2,4,6,7,8,10,11,14,15,16,22,25,26,27,28,30,31,32,33,34,36,37>38,40,9,12,13,14,16,26,29,32,1,2,33,34,36,6,7,8,11,15,27,28,30,31
1,2,4,6,7,8,10,11,14,15,16,22,25,26,27,28,30,31,32,33,34,36,37>35,38,40,12,14,19,29,32,1,2,33,34,36,6,7,8,11,15,27,28,30,31
1,2,4,6,7,8,10,11,14,15,16,22,25,26,27,28,30,31,32,33,34,36,37>35,4,38,40,9,12,14,16,29,32,1,2,33,34,36,6,7,8,11,15,27,28,30,31
1,2,4,6,7,8,10,11,14,15,16,22,25,26,27,28,30,31,32,33,34,36,37>4,5,38,14,16,26,29,32,1,2,33,34,36,6,7,8,11,15,27,28,30,31
32,34,5,7,39,9,10,40,14,16,18,19,21,25,26,29,30>7,11,14,16,20,22,25,5,40,9,18,30
32,34,5,7,39,9,10,40,14,16,18,19,21,25,26,29,30>34,7,15,16,20,23,26,27,5,40,9,18,30
32,34,5,7,39,9,10,40,14,16,18,19,21,25,26,29,30>34,7,11,14,16,20,25,26,27,5,40,9,18,30
32,34,5,7,39,9,10,40,14,16,18,19,21,25,26,29,30>32,34,39,13,15,20,23,29,5,40,9,18,30
32,34,5,7,39,9,10,40,14,16,18,19,21,25,26,29,30>34,7,39,11,15,19,20,25,26,27,29,5,40,9,18,30
32,34,5,7,39,9,10,40,14,16,18,19,21,25,26,29,30>32,10,11,13,15,20,21,22,23,26,27,5,40,9,18,30
32,34,5,7,39,9,10,40,14,16,18,19,21,25,26,29,30>34,10,11,13,14,15,16,19,22,23,25,26,29,5,40,9,18,30
32,34,5,7,39,9,10,40,14,16,18,19,21,25,26,29,30>32,34,7,10,14,16,22,23,25,26,29,5,40,9,18,30
32,34,5,7,39,9,10,40,14,16,18,19,21,25,26,29,30>39,10,11,13,14,16,19,20,21,25,26,27,29,5,40,9,18,30
32,34,5,7,39,9,10,40,14,16,18,19,21,25,26,29,30>32,34,7,39,10,15,16,21,22,23,26,5,40,9,18,30
2,3,4,6,7,8,9,11,12,13,14,15,16,18,19,20,26,29,33,37,38,40>4,5,12,13,17,20,22,23,26,30,33,36,37,38,40,2,3,8,9,14,15,16,18
2,3,4,6,7,8,9,11,12,13,14,15,16,18,19,20,26,29,33,37,38,40>4,6,17,22,23,37,38,39,2,3,8,9,14,15,16,18
2,3,4,6,7,8,9,11,12,13,14,15,16,18,19,20,26,29,33,37,38,40>5,7,12,13,19,22,23,24,26,36,37,40,2,3,8,9,14,15,16,18
2,3,4,6,7,8,9,11,12,13,14,15,16,18,19,20,26,29,33,37,38,40>11,17,26,29,33,36,40,2,3,8,9,14,15,16,18
2,3,4,6,7,8,9,11,12,13,14,15,16,18,19,20,26,29,33,37,38,40>11,12,13,17,22,23,26,36,38,39,40,2,3,8,9,14,15,16,18
2,3,4,6,7,8,9,11,12,13,14,15,16,18,19,20,26,29,33,37,38,40>5,6,11,12,23,24,29,30,40,2,3,8,9,14,15,16,18
2,3,4,6,7,8,9,11,12,13,14,15,16,18,19,20,26,29,33,37,38,40>4,5,6,11,17,19,20,24,26,29,30,36,37,39,40,2,3,8,9,14,15,16,18
2,3,4,6,7,8,9,11,12,13,14,15,16,18,19,20,26,29,33,37,38,40>5,7,11,12,13,20,24,37,38,40,2,3,8,9,14,15,16,18
2,3,4,6,7,8,9,11,12,13,14,15,16,18,19,20,26,29,33,37,38,40>4,5,7,11,13,33,37,38,40,2,3,8,9,14,15,16,18
2,3,4,6,7,8,9,11,12,13,14,15,16,18,19,20,26,29,33,37,38,40>5,6,7,11,12,30,33,36,2,3,8,9,14,15,16,18
1,3,5,10,12,14,17,18,20,21,22,23,25,26,28,31,32,33,34,36,37,38,40>4,10,11,13,15,17,25,29,30,1,34,3,33,5,36,38,20,21,22,26,28
1,3,5,10,12,14,17,18,20,21,22,23,25,26,28,31,32,33,34,36,37,38,40>4,10,11,12,18,24,25,27,1,34,3,33,5,36,38,20,21,22,26,28
1,3,5,10,12,14,17,18,20,21,22,23,25,26,28,31,32,33,34,36,37,38,40>32,35,4,10,11,13,15,17,18,23,27,29,30,31,1,34,3,33,5,36,38,20,21,22,26,28
1,3,5,10,12,14,17,18,20,21,22,23,25,26,28,31,32,33,34,36,37,38,40>32,37,10,13,18,27,30,1,34,3,33,5,36,38,20,21,22,26,28
1,3,5,10,12,14,17,18,20,21,22,23,25,26,28,31,32,33,34,36,37,38,40>32,4,37,12,14,23,25,29,1,34,3,33,5,36,38,20,21,22,26,28
1,3,5,10,12,14,17,18,20,21,22,23,25,26,28,31,32,33,34,36,37,38,40>32,4,37,11,23,24,27,30,1,34,3,33,5,36,38,20,21,22,26,28
1,3,5,10,12,14,17,18,20,21,22,23,25,26,28,31,32,33,34,36,37,38,40>32,35,4,37,12,14,18,25,29,30,1,34,3,33,5,36,38,20,21,22,26,28
1,3,5,10,12,14,17,18,20,21,22,23,25,26,28,31,32,33,34,36,37,38,40>32,40,10,13,15,18,24,25,27,29,30,1,34,3,33,5,36,38,20,21,22,26,28
1,3,5,10,12,14,17,18,20,21,22,23,25,26,28,31,32,33,34,36,37,38,40>32,35,4,40,11,12,18,23,27,29,30,31,1,34,3,33,5,36,38,20,21,22,26,28
1,3,5,10,12,14,17,18,20,21,22,23,25,26,28,31,32,33,34,36,37,38,40>32,4,37,40,10,11,12,13,14,25,27,31,1,34,3,33,5,36,38,20,21,22,26,28
32,2,35,5,6,37,38,10,12,16,19,22,24,26,27,28,29,31>33,6,10,16,22,25,27,32,2,35,37,5,28,29,31
32,2,35,5,6,37,38,10,12,16,19,22,24,26,27,28,29,31>38,11,12,13,16,24,26,27,30,32,2,35,37,5,28,29,31
32,2,35,5,6,37,38,10,12,16,19,22,24,26,27,28,29,31>33,38,13,18,23,24,26,32,2,35,37,5,28,29,31
32,2,35,5,6,37,38,10,12,16,19,22,24,26,27,28,29,31>33,6,8,10,12,13,22,25,27,32,2,35,37,5,28,29,31
32,2,35,5,6,37,38,10,12,16,19,22,24,26,27,28,29,31>33,38,8,13,16,22,25,26,27,32,2,35,37,5,28,29,31
32,2,35,5,6,37,38,10,12,16,19,22,24,26,27,28,29,31>33,39,10,16,18,23,24,26,27,32,2,35,37,5,28,29,31
32,2,35,5,6,37,38,10,12,16,19,22,24,26,27,28,29,31>6,39,10,12,13,19,22,32,2,35,37,5,28,29,31
32,2,35,5,6,37,38,10,12,16,19,22,24,26,27,28,29,31>33,39,11,13,16,19,25,26,27,32,2,35,37,5,28,29,31
32,2,35,5,6,37,38,10,12,16,19,22,24,26,27,28,29,31>33,8,39,10,11,13,18,22,23,25,26,32,2,35,37,5,28,29,31
32,2,35,5,6,37,38,10,12,16,19,22,24,26,27,28,29,31>6,38,8,39,10,11,12,13,26,30,32,2,35,37,5,28,29,31
1,3,35,5,6,39,40,10,12,14,18,20,23,25,27,28,29>6,12,14,18,20,23,26,31,32,33,37,40,1,3,5,39,27
1,3,35,5,6,39,40,10,12,14,18,20,23,25,27,28,29>6,7,11,13,14,15,20,22,23,28,29,31,32,33,35,1,3,5,39,27
1,3,35,5,6,39,40,10,12,14,18,20,23,25,27,28,29>4,6,7,11,12,15,22,23,28,35,37,1,3,5,39,27
1,3,35,5,6,39,40,10,12,14,18,20,23,25,27,28,29>8,11,12,13,15,20,22,24,25,26,28,29,33,40,1,3,5,39,27
1,3,35,5,6,39,40,10,12,14,18,20,23,25,27,28,29>4,6,8,13,14,20,22,23,25,31,32,33,35,37,40,1,3,5,39,27
1,3,35,5,6,39,40,10,12,14,18,20,23,25,27,28,29>4,7,10,11,12,13,14,22,23,24,25,28,31,32,33,35,37,1,3,5,39,27
1,3,35,5,6,39,40,10,12,14,18,20,23,25,27,28,29>4,8,10,13,20,22,23,25,29,32,40,1,3,5,39,27
1,3,35,5,6,39,40,10,12,14,18,20,23,25,27,28,29>6,8,10,11,14,18,22,24,29,31,32,33,40,1,3,5,39,27
1,3,35,5,6,39,40,10,12,14,18,20,23,25,27,28,29>4,7,8,10,11,13,18,20,23,26,28,29,33,37,40,1,3,5,39,27
1,3,35,5,6,39,40,10,12,14,18,20,23,25,27,28,29>4,6,7,8,10,11,12,13,14,18,20,23,29,32,33,37,1,3,5,39,27
1,3,10,11,12,13,14,21,22,23,25,27,28,29,30,31,32,33,34,35,36,37,38,39>5,12,16,21,25,26,30,32,1,33,3,35,36,37,38,11,13,14,27,28,29,31
1,3,10,11,12,13,14,21,22,23,25,27,28,29,30,31,32,33,34,35,36,37,38,39>34,5,17,22,23,26,30,32,1,33,3,35,36,37,38,11,13,14,27,28,29,31
1,3,10,11,12,13,14,21,22,23,25,27,28,29,30,31,32,33,34,35,36,37,38,39>39,15,16,17,20,22,30,32,1,33,3,35,36,37,38,11,13,14,27,28,29,31
1,3,10,11,12,13,14,21,22,23,25,27,28,29,30,31,32,33,34,35,36,37,38,39>34,39,16,17,20,23,30,32,1,33,3,35,36,37,38,11,13,14,27,28,29,31
1,3,10,11,12,13,14,21,22,23,25,27,28,29,30,31,32,33,34,35,36,37,38,39>5,40,16,21,23,30,32,1,33,3,35,36,37,38,11,13,14,27,28,29,31
1,3,10,11,12,13,14,21,22,23,25,27,28,29,30,31,32,33,34,35,36,37,38,39>34,5,39,40,12,15,17,21,23,25,32,1,33,3,35,36,37,38,11,13,14,27,28,29,31
1,3,10,11,12,13,14,21,22,23,25,27,28,29,30,31,32,33,34,35,36,37,38,39>5,39,10,15,20,21,22,23,25,32,1,33,3,35,36,37,38,11,13,14,27,28,29,31
1,3,10,11,12,13,14,21,22,23,25,27,28,29,30,31,32,33,34,35,36,37,38,39>34,5,39,10,21,22,23,25,32,1,33,3,35,36,37,38,11,13,14,27,28,29,31
1,3,10,11,12,13,14,21,22,23,25,27,28,29,30,31,32,33,34,35,36,37,38,39>5,39,40,10,12,15,21,25,26,30,32,1,33,3,35,36,37,38,11,13,14,27,28,29,31
1,3,10,11,12,13,14,21,22,23,25,27,28,29,30,31,32,33,34,35,36,37,38,39>34,5,39,40,10,15,17,21,23,26,30,32,1,33,3,35,36,37,38,11,13,14,27,28,29,31
32,5,6,8,16,17,18,19,24,25,26,27,28>33,39,23,26,31,32,5,8,18,25,27
32,5,6,8,16,17,18,19,24,25,26,27,28>34,6,39,17,20,23,24,26,32,5,8,18,25,27
32,5,6,8,16,17,18,19,24,25,26,27,28>34,6,39,19,20,23,26,30,31,32,5,8,18,25,27
32,5,6,8,16,17,18,19,24,25,26,27,28>6,16,19,23,30,32,5,8,18,25,27
32,5,6,8,16,17,18,19,24,25,26,27,28>33,6,16,20,22,26,28,30,31,32,5,8,18,25,27
32,5,6,8,16,17,18,19,24,25,26,27,28>33,6,16,19,20,22,26,32,5,8,18,25,27
32,5,6,8,16,17,18,19,24,25,26,27,28>33,6,39,16,17,19,24,26,28,30,32,5,8,18,25,27
32,5,6,8,16,17,18,19,24,25,26,27,28>34,6,16,19,22,23,32,5,8,18,25,27
32,5,6,8,16,17,18,19,24,25,26,27,28>33,6,39,16,17,19,22,28,30,32,5,8,18,25,27
32,5,6,8,16,17,18,19,24,25,26,27,28>33,34,6,39,16,19,22,24,31,32,5,8,18,25,27
3,4,5,6,7,8,10,14,18,20,23,26,27,30,31,32,34,35,36,37,38,39>6,10,13,14,15,23,24,32,34,3,4,5,35,37,8,38,26,30,31
3,4,5,6,7,8,10,14,18,20,23,26,27,30,31,32,34,35,36,37,38,39>7,10,11,13,15,18,23,32,34,3,4,5,35,37,8,38,26,30,31
3,4,5,6,7,8,10,14,18,20,23,26,27,30,31,32,34,35,36,37,38,39>36,7,10,40,14,27,32,34,3,4,5,35,37,8,38,26,30,31
3,4,5,6,7,8,10,14,18,20,23,26,27,30,31,32,34,35,36,37,38,39>36,14,7,11,32,34,3,4,5,35,37,8,38,26,30,31
3,4,5,6,7,8,10,14,18,20,23,26,27,30,31,32,34,35,36,37,38,39>36,6,39,13,14,15,18,22,24,27,32,34,3,4,5,35,37,8,38,26,30,31
3,4,5,6,7,8,10,14,18,20,23,26,27,30,31,32,34,35,36,37,38,39>7,39,10,11,13,18,23,32,34,3,4,5,35,37,8,38,26,30,31
3,4,5,6,7,8,10,14,18,20,23,26,27,30,31,32,34,35,36,37,38,39>6,7,39,10,11,40,13,14,22,23,24,27,32,34,3,4,5,35,37,8,38,26,30,31
3,4,5,6,7,8,10,14,18,20,23,26,27,30,31,32,34,35,36,37,38,39>7,9,11,40,14,20,24,32,34,3,4,5,35,37,8,38,26,30,31
3,4,5,6,7,8,10,14,18,20,23,26,27,30,31,32,34,35,36,37,38,39>6,7,9,10,40,13,15,18,20,24,32,34,3,4,5,35,37,8,38,26,30,31
3,4,5,6,7,8,10,14,18,20,23,26,27,30,31,32,34,35,36,37,38,39>36,7,39,9,10,13,18,22,23,24,27,32,34,3,4,5,35,37,8,38,26,30,31
3,5,6,9,11,12,13,16,17,19,20,21,22,23,28,30,32,34,35,37,39,40>33,11,12,18,21,22,24,29,30,34,3,5,37,40,16,17,20,23,28
3,5,6,9,11,12,13,16,17,19,20,21,22,23,28,30,32,34,35,37,39,40>32,33,12,14,18,24,26,29,34,3,5,37,40,16,17,20,23,28
3,5,6,9,11,12,13,16,17,19,20,21,22,23,28,30,32,34,35,37,39,40>32,33,6,8,14,19,22,24,26,29,30,34,3,5,37,40,16,17,20,23,28
3,5,6,9,11,12,13,16,17,19,20,21,22,23,28,30,32,34,35,37,39,40>32,35,6,9,12,18,24,26,29,34,3,5,37,40,16,17,20,23,28
3,5,6,9,11,12,13,16,17,19,20,21,22,23,28,30,32,34,35,37,39,40>32,33,35,6,8,9,11,13,21,24,34,3,5,37,40,16,17,20,23,28
3,5,6,9,11,12,13,16,17,19,20,21,22,23,28,30,32,34,35,37,39,40>32,33,35,6,8,12,18,19,21,22,29,34,3,5,37,40,16,17,20,23,28
3,5,6,9,11,12,13,16,17,19,20,21,22,23,28,30,32,34,35,37,39,40>32,33,39,9,12,13,18,22,24,26,29,34,3,5,37,40,16,17,20,23,28
3,5,6,9,11,12,13,16,17,19,20,21,22,23,28,30,32,34,35,37,39,40>32,33,6,39,9,13,26,29,34,3,5,37,40,16,17,20,23,28
3,5,6,9,11,12,13,16,17,19,20,21,22,23,28,30,32,34,35,37,39,40>32,35,6,39,8,11,13,14,21,24,29,30,34,3,5,37,40,16,17,20,23,28
3,5,6,9,11,12,13,16,17,19,20,21,22,23,28,30,32,34,35,37,39,40>32,33,35,6,39,8,9,11,12,18,19,22,34,3,5,37,40,16,17,20,23,28
1,2,3,4,6,9,11,12,15,16,18,19,20,23,26,27,28,31,33,37,38,39>32,34,4,37,16,19,22,24,28,30,1,2,3,33,6,39,9,18,23,26,31
1,2,3,4,6,9,11,12,15,16,18,19,20,23,26,27,28,31,33,37,38,39>32,34,4,7,8,38,11,19,27,28,1,2,3,33,6,39,9,18,23,26,31
1,2,3,4,6,9,11,12,15,16,18,19,20,23,26,27,28,31,33,37,38,39>34,35,4,7,15,20,24,27,1,2,3,33,6,39,9,18,23,26,31
1,2,3,4,6,9,11,12,15,16,18,19,20,23,26,27,28,31,33,37,38,39>36,38,11,12,16,22,30,1,2,3,33,6,39,9,18,23,26,31
1,2,3,4,6,9,11,12,15,16,18,19,20,23,26,27,28,31,33,37,38,39>36,37,7,8,11,15,20,22,24,28,30,1,2,3,33,6,39,9,18,23,26,31
1,2,3,4,6,9,11,12,15,16,18,19,20,23,26,27,28,31,33,37,38,39>32,34,36,37,8,38,11,12,15,19,27,30,1,2,3,33,6,39,9,18,23,26,31
1,2,3,4,6,9,11,12,15,16,18,19,20,23,26,27,28,31,33,37,38,39>35,36,37,7,8,16,19,20,24,28,30,1,2,3,33,6,39,9,18,23,26,31
1,2,3,4,6,9,11,12,15,16,18,19,20,23,26,27,28,31,33,37,38,39>4,36,7,8,38,12,20,24,30,1,2,3,33,6,39,9,18,23,26,31
1,2,3,4,6,9,11,12,15,16,18,19,20,23,26,27,28,31,33,37,38,39>32,34,4,36,7,38,12,16,22,28,1,2,3,33,6,39,9,18,23,26,31
1,2,3,4,6,9,11,12,15,16,18,19,20,23,26,27,28,31,33,37,38,39>35,4,36,37,38,11,12,15,20,30,1,2,3,33,6,39,9,18,23,26,31
33,34,35,5,6,9,12,13,17,20,21,23,24,25,26,27,28>35,36,9,14,21,28,30,33,34,5,17,20,24,25,26,27
33,34,35,5,6,9,12,13,17,20,21,23,24,25,26,27,28>32,35,36,37,9,12,16,21,28,30,33,34,5,17,20,24,25,26,27
33,34,35,5,6,9,12,13,17,20,21,23,24,25,26,27,28>6,8,13,16,21,30,31,33,34,5,17,20,24,25,26,27
33,34,35,5,6,9,12,13,17,20,21,23,24,25,26,27,28>32,35,6,21,28,30,31,33,34,5,17,20,24,25,26,27
33,34,35,5,6,9,12,13,17,20,21,23,24,25,26,27,28>32,35,6,9,13,16,21,23,31,33,34,5,17,20,24,25,26,27
33,34,35,5,6,9,12,13,17,20,21,23,24,25,26,27,28>32,35,6,8,13,14,16,28,31,33,34,5,17,20,24,25,26,27
33,34,35,5,6,9,12,13,17,20,21,23,24,25,26,27,28>32,35,36,6,9,13,21,33,34,5,17,20,24,25,26,27
33,34,35,5,6,9,12,13,17,20,21,23,24,25,26,27,28>37,6,8,12,13,21,30,33,34,5,17,20,24,25,26,27
33,34,35,5,6,9,12,13,17,20,21,23,24,25,26,27,28>35,37,6,9,10,12,14,16,21,28,31,33,34,5,17,20,24,25,26,27
33,34,35,5,6,9,12,13,17,20,21,23,24,25,26,27,28>35,36,37,6,8,10,12,14,16,21,23,28,30,31,33,34,5,17,20,24,25,26,27
1,2,33,4,5,6,34,35,36,37,38,13,14,16,17,20,28,29>7,8,9,13,15,28,1,2,33,36,37,14,16,17,20
1,2,33,4,5,6,34,35,36,37,38,13,14,16,17,20,28,29>35,4,7,8,9,15,28,1,2,33,36,37,14,16,17,20
1,2,33,4,5,6,34,35,36,37,38,13,14,16,17,20,28,29>35,5,7,9,15,29,1,2,33,36,37,14,16,17,20
1,2,33,4,5,6,34,35,36,37,38,13,14,16,17,20,28,29>34,35,4,5,7,13,29,1,2,33,36,37,14,16,17,20
1,2,33,4,5,6,34,35,36,37,38,13,14,16,17,20,28,29>6,9,38,13,15,24,1,2,33,36,37,14,16,17,20
1,2,33,4,5,6,34,35,36,37,38,13,14,16,17,20,28,29>6,7,8,9,38,15,28,1,2,33,36,37,14,16,17,20
1,2,33,4,5,6,34,35,36,37,38,13,14,16,17,20,28,29>4,6,9,38,15,24,28,1,2,33,36,37,14,16,17,20
1,2,33,4,5,6,34,35,36,37,38,13,14,16,17,20,28,29>34,4,6,7,8,13,24,29,1,2,33,36,37,14,16,17,20
1,2,33,4,5,6,34,35,36,37,38,13,14,16,17,20,28,29>4,6,8,9,15,24,29,1,2,33,36,37,14,16,17,20
1,2,33,4,5,6,34,35,36,37,38,13,14,16,17,20,28,29>5,6,38,13,15,28,29,1,2,33,36,37,14,16,17,20
1,3,4,5,7,12,13,14,15,17,18,19,20,22,23,24,27,28,31,32,33,34,39,40>35,12,13,16,19,26,32,1,33,3,4,5,34,7,14,15,17,18,20,22,23,24,28,31
1,3,4,5,7,12,13,14,15,17,18,19,20,22,23,24,27,28,31,32,33,34,39,40>35,36,19,21,27,29,32,1,33,3,4,5,34,7,14,15,17,18,20,22,23,24,28,31
1,3,4,5,7,12,13,14,15,17,18,19,20,22,23,24,27,28,31,32,33,34,39,40>35,36,39,21,25,32,1,33,3,4,5,34,7,14,15,17,18,20,22,23,24,28,31
1,3,4,5,7,12,13,14,15,17,18,19,20,22,23,24,27,28,31,32,33,34,39,40>40,12,16,25,26,27,29,32,1,33,3,4,5,34,7,14,15,17,18,20,22,23,24,28,31
1,3,4,5,7,12,13,14,15,17,18,19,20,22,23,24,27,28,31,32,33,34,39,40>40,12,16,19,21,25,26,29,32,1,33,3,4,5,34,7,14,15,17,18,20,22,23,24,28,31
1,3,4,5,7,12,13,14,15,17,18,19,20,22,23,24,27,28,31,32,33,34,39,40>35,36,40,12,16,19,26,27,29,32,1,33,3,4,5,34,7,14,15,17,18,20,22,23,24,28,31
1,3,4,5,7,12,13,14,15,17,18,19,20,22,23,24,27,28,31,32,33,34,39,40>36,9,12,21,25,26,27,32,1,33,3,4,5,34,7,14,15,17,18,20,22,23,24,28,31
1,3,4,5,7,12,13,14,15,17,18,19,20,22,23,24,27,28,31,32,33,34,39,40>40,9,12,13,19,21,25,26,27,32,1,33,3,4,5,34,7,14,15,17,18,20,22,23,24,28,31
1,3,4,5,7,12,13,14,15,17,18,19,20,22,23,24,27,28,31,32,33,34,39,40>40,9,13,25,26,27,29,32,1,33,3,4,5,34,7,14,15,17,18,20,22,23,24,28,31
1,3,4,5,7,12,13,14,15,17,18,19,20,22,23,24,27,28,31,32,33,34,39,40>39,40,9,16,19,21,25,26,27,32,1,33,3,4,5,34,7,14,15,17,18,20,22,23,24,28,31
1,4,5,8,9,12,18,21,22,23,24,25,27,31,32,33,34,35,36,37,38>20,23,24,12,32,1,34,35,36,37,38,21,22,25,27,31
1,4,5,8,9,12,18,21,22,23,24,25,27,31,32,33,34,35,36,37,38>33,9,18,20,28,29,32,1,34,35,36,37,38,21,22,25,27,31
1,4,5,8,9,12,18,21,22,23,24,25,27,31,32,33,34,35,36,37,38>33,4,9,18,20,23,26,29,32,1,34,35,36,37,38,21,22,25,27,31
1,4,5,8,9,12,18,21,22,23,24,25,27,31,32,33,34,35,36,37,38>5,9,12,18,24,26,29,32,1,34,35,36,37,38,21,22,25,27,31
1,4,5,8,9,12,18,21,22,23,24,25,27,31,32,33,34,35,36,37,38>4,7,12,24,28,29,32,1,34,35,36,37,38,21,22,25,27,31
1,4,5,8,9,12,18,21,22,23,24,25,27,31,32,33,34,35,36,37,38>5,7,20,23,24,26,28,29,32,1,34,35,36,37,38,21,22,25,27,31
1,4,5,8,9,12,18,21,22,23,24,25,27,31,32,33,34,35,36,37,38>33,5,8,12,18,20,28,29,32,1,34,35,36,37,38,21,22,25,27,31
1,4,5,8,9,12,18,21,22,23,24,25,27,31,32,33,34,35,36,37,38>4,7,8,12,18,26,29,32,1,34,35,36,37,38,21,22,25,27,31
1,4,5,8,9,12,18,21,22,23,24,25,27,31,32,33,34,35,36,37,38>5,7,8,12,20,24,26,29,32,1,34,35,36,37,38,21,22,25,27,31
1,4,5,8,9,12,18,21,22,23,24,25,27,31,32,33,34,35,36,37,38>4,5,7,8,20,28,29,32,1,34,35,36,37,38,21,22,25,27,31
1,2,3,4,6,9,11,12,14,15,17,18,20,21,22,23,26,27,29,30,34,35,37,38,40>35,7,11,14,17,18,23,24,28,1,2,3,37,6,40,9,15,20,21,22,26,29,30
1,2,3,4,6,9,11,12,14,15,17,18,20,21,22,23,26,27,29,30,34,35,37,38,40>34,35,17,23,24,27,28,31,1,2,3,37,6,40,9,15,20,21,22,26,29,30
1,2,3,4,6,9,11,12,14,15,17,18,20,21,22,23,26,27,29,30,34,35,37,38,40>32,34,35,12,17,23,27,31,1,2,3,37,6,40,9,15,20,21,22,26,29,30
1,2,3,4,6,9,11,12,14,15,17,18,20,21,22,23,26,27,29,30,34,35,37,38,40>32,34,35,7,12,31,1,2,3,37,6,40,9,15,20,21,22,26,29,30
1,2,3,4,6,9,11,12,14,15,17,18,20,21,22,23,26,27,29,30,34,35,37,38,40>32,4,11,12,14,24,27,28,31,1,2,3,37,6,40,9,15,20,21,22,26,29,30
1,2,3,4,6,9,11,12,14,15,17,18,20,21,22,23,26,27,29,30,34,35,37,38,40>38,7,17,23,24,27,28,31,1,2,3,37,6,40,9,15,20,21,22,26,29,30
1,2,3,4,6,9,11,12,14,15,17,18,20,21,22,23,26,27,29,30,34,35,37,38,40>34,38,7,8,12,14,17,31,1,2,3,37,6,40,9,15,20,21,22,26,29,30
1,2,3,4,6,9,11,12,14,15,17,18,20,21,22,23,26,27,29,30,34,35,37,38,40>32,34,38,7,8,11,12,18,24,1,2,3,37,6,40,9,15,20,21,22,26,29,30
1,2,3,4,6,9,11,12,14,15,17,18,20,21,22,23,26,27,29,30,34,35,37,38,40>32,35,4,38,7,11,12,18,28,1,2,3,37,6,40,9,15,20,21,22,26,29,30
1,2,3,4,6,9,11,12,14,15,17,18,20,21,22,23,26,27,29,30,34,35,37,38,40>32,34,35,4,38,17,27,1,2,3,37,6,40,9,15,20,21,22,26,29,30
2,3,5,6,7,10,12,13,14,17,18,20,22,24,25,28,31,37,38,39,40>4,6,12,15,16,27,29,31,34,35,37,38,40,2,3,5,39,13,14,17,20,22,24,25,28
2,3,5,6,7,10,12,13,14,17,18,20,22,24,25,28,31,37,38,39,40>7,10,11,15,21,27,31,33,34,35,37,40,2,3,5,39,13,14,17,20,22,24,25,28
2,3,5,6,7,10,12,13,14,17,18,20,22,24,25,28,31,37,38,39,40>6,7,10,16,27,29,33,34,35,37,38,2,3,5,39,13,14,17,20,22,24,25,28
2,3,5,6,7,10,12,13,14,17,18,20,22,24,25,28,31,37,38,39,40>7,8,12,16,18,27,31,34,35,2,3,5,39,13,14,17,20,22,24,25,28
2,3,5,6,7,10,12,13,14,17,18,20,22,24,25,28,31,37,38,39,40>7,9,10,11,16,18,33,37,40,2,3,5,39,13,14,17,20,22,24,25,28
2,3,5,6,7,10,12,13,14,17,18,20,22,24,25,28,31,37,38,39,40>4,7,9,11,16,27,29,31,34,35,37,38,2,3,5,39,13,14,17,20,22,24,25,28
2,3,5,6,7,10,12,13,14,17,18,20,22,24,25,28,31,37,38,39,40>6,7,9,10,12,18,29,31,33,34,40,2,3,5,39,13,14,17,20,22,24,25,28
2,3,5,6,7,10,12,13,14,17,18,20,22,24,25,28,31,37,38,39,40>4,8,9,12,15,16,18,21,29,37,38,2,3,5,39,13,14,17,20,22,24,25,28
2,3,5,6,7,10,12,13,14,17,18,20,22,24,25,28,31,37,38,39,40>6,8,9,11,12,15,21,35,37,2,3,5,39,13,14,17,20,22,24,25,28
2,3,5,6,7,10,12,13,14,17,18,20,22,24,25,28,31,37,38,39,40>7,8,9,10,12,15,18,27,31,33,35,40,2,3,5,39,13,14,17,20,22,24,25,28
1,3,4,5,7,9,10,11,13,14,17,18,20,21,22,24,27,28,29,30,32,34,35,36,40>34,37,10,15,16,18,27,32,1,3,5,7,40,9,11,13,14,17,20,21,22,24,28,29
1,3,4,5,7,9,10,11,13,14,17,18,20,21,22,24,27,28,29,30,32,34,35,36,40>33,34,35,36,10,16,18,30,32,1,3,5,7,40,9,11,13,14,17,20,21,22,24,28,29
1,3,4,5,7,9,10,11,13,14,17,18,20,21,22,24,27,28,29,30,32,34,35,36,40>34,4,38,10,25,30,31,32,1,3,5,7,40,9,11,13,14,17,20,21,22,24,28,29
1,3,4,5,7,9,10,11,13,14,17,18,20,21,22,24,27,28,29,30,32,34,35,36,40>33,34,4,37,15,16,31,32,1,3,5,7,40,9,11,13,14,17,20,21,22,24,28,29
1,3,4,5,7,9,10,11,13,14,17,18,20,21,22,24,27,28,29,30,32,34,35,36,40>36,37,15,18,30,31,32,1,3,5,7,40,9,11,13,14,17,20,21,22,24,28,29
1,3,4,5,7,9,10,11,13,14,17,18,20,21,22,24,27,28,29,30,32,34,35,36,40>33,36,37,38,15,16,25,27,32,1,3,5,7,40,9,11,13,14,17,20,21,22,24,28,29
1,3,4,5,7,9,10,11,13,14,17,18,20,21,22,24,27,28,29,30,32,34,35,36,40>34,36,15,16,25,27,31,32,1,3,5,7,40,9,11,13,14,17,20,21,22,24,28,29
1,3,4,5,7,9,10,11,13,14,17,18,20,21,22,24,27,28,29,30,32,34,35,36,40>33,34,35,36,38,10,18,25,27,31,32,1,3,5,7,40,9,11,13,14,17,20,21,22,24,28,29
1,3,4,5,7,9,10,11,13,14,17,18,20,21,22,24,27,28,29,30,32,34,35,36,40>33,4,36,10,15,16,18,25,30,32,1,3,5,7,40,9,11,13,14,17,20,21,22,24,28,29
1,3,4,5,7,9,10,11,13,14,17,18,20,21,22,24,27,28,29,30,32,34,35,36,40>33,34,35,4,36,37,16,18,27,30,31,32,1,3,5,7,40,9,11,13,14,17,20,21,22,24,28,29
1,3,4,5,7,9,10,11,12,16,18,20,21,24,25,27,28,31,35,36,37,39,40>32,40,10,13,18,1,3,35,5,37,7,39,9,11,20,24,25,27,31
1,3,4,5,7,9,10,11,12,16,18,20,21,24,25,27,28,31,35,36,37,39,40>34,10,12,13,16,21,28,1,3,35,5,37,7,39,9,11,20,24,25,27,31
1,3,4,5,7,9,10,11,12,16,18,20,21,24,25,27,28,31,35,36,37,39,40>13,33,34,21,1,3,35,5,37,7,39,9,11,20,24,25,27,31
1,3,4,5,7,9,10,11,12,16,18,20,21,24,25,27,28,31,35,36,37,39,40>32,33,34,10,12,18,1,3,35,5,37,7,39,9,11,20,24,25,27,31
1,3,4,5,7,9,10,11,12,16,18,20,21,24,25,27,28,31,35,36,37,39,40>32,33,4,40,10,13,16,21,22,1,3,35,5,37,7,39,9,11,20,24,25,27,31
1,3,4,5,7,9,10,11,12,16,18,20,21,24,25,27,28,31,35,36,37,39,40>32,33,34,4,22,1,3,35,5,37,7,39,9,11,20,24,25,27,31
1,3,4,5,7,9,10,11,12,16,18,20,21,24,25,27,28,31,35,36,37,39,40>32,33,34,4,40,28,1,3,35,5,37,7,39,9,11,20,24,25,27,31
1,3,4,5,7,9,10,11,12,16,18,20,21,24,25,27,28,31,35,36,37,39,40>12,32,36,40,1,3,35,5,37,7,39,9,11,20,24,25,27,31
1,3,4,5,7,9,10,11,12,16,18,20,21,24,25,27,28,31,35,36,37,39,40>33,36,40,10,1,3,35,5,37,7,39,9,11,20,24,25,27,31
1,3,4,5,7,9,10,11,12,16,18,20,21,24,25,27,28,31,35,36,37,39,40>32,34,36,13,21,22,28,1,3,35,5,37,7,39,9,11,20,24,25,27,31
32,34,3,4,35,6,36,39,9,40,13,14,18,20,26,27,29,30>6,18,22,26,27,29,31,34,36,32,3,4,40,9,14,30
32,34,3,4,35,6,36,39,9,40,13,14,18,20,26,27,29,30>6,16,18,20,22,24,31,34,39,32,3,4,40,9,14,30
32,34,3,4,35,6,36,39,9,40,13,14,18,20,26,27,29,30>13,15,16,17,20,26,31,34,37,38,32,3,4,40,9,14,30
32,34,3,4,35,6,36,39,9,40,13,14,18,20,26,27,29,30>8,10,16,27,29,31,34,35,36,37,32,3,4,40,9,14,30
32,34,3,4,35,6,36,39,9,40,13,14,18,20,26,27,29,30>6,8,10,16,17,18,20,27,29,31,34,35,37,38,39,32,3,4,40,9,14,30
32,34,3,4,35,6,36,39,9,40,13,14,18,20,26,27,29,30>8,10,17,18,20,22,26,29,31,35,36,37,39,32,3,4,40,9,14,30
32,34,3,4,35,6,36,39,9,40,13,14,18,20,26,27,29,30>13,15,16,17,18,20,34,32,3,4,40,9,14,30
32,34,3,4,35,6,36,39,9,40,13,14,18,20,26,27,29,30>6,10,13,17,26,27,29,31,34,37,38,32,3,4,40,9,14,30
32,34,3,4,35,6,36,39,9,40,13,14,18,20,26,27,29,30>13,15,17,18,20,22,24,27,31,34,35,36,32,3,4,40,9,14,30
32,34,3,4,35,6,36,39,9,40,13,14,18,20,26,27,29,30>8,13,15,18,20,24,26,27,29,31,34,36,37,39,32,3,4,40,9,14,30
1,33,3,34,35,38,39,8,12,13,14,16,17,19,22,23,27,29>5,18,20,27,34,35,36,38,1,3,14,16,17,23,29
1,33,3,34,35,38,39,8,12,13,14,16,17,19,22,23,27,29>4,5,18,19,20,27,32,33,37,38,39,1,3,14,16,17,23,29
1,33,3,34,35,38,39,8,12,13,14,16,17,19,22,23,27,29>8,15,18,31,32,35,37,1,3,14,16,17,23,29
1,33,3,34,35,38,39,8,12,13,14,16,17,19,22,23,27,29>5,8,20,22,28,31,33,35,36,38,1,3,14,16,17,23,29
1,33,3,34,35,38,39,8,12,13,14,16,17,19,22,23,27,29>4,13,15,18,19,22,26,27,31,34,35,36,38,39,1,3,14,16,17,23,29
1,33,3,34,35,38,39,8,12,13,14,16,17,19,22,23,27,29>8,13,19,27,28,31,34,35,36,37,39,1,3,14,16,17,23,29
1,33,3,34,35,38,39,8,12,13,14,16,17,19,22,23,27,29>5,8,13,15,20,22,26,28,34,37,38,1,3,14,16,17,23,29
1,33,3,34,35,38,39,8,12,13,14,16,17,19,22,23,27,29>4,5,8,13,18,22,27,28,32,33,35,36,37,38,1,3,14,16,17,23,29
1,33,3,34,35,38,39,8,12,13,14,16,17,19,22,23,27,29>4,8,12,13,15,19,31,33,34,37,38,39,1,3,14,16,17,23,29
1,33,3,34,35,38,39,8,12,13,14,16,17,19,22,23,27,29>4,5,8,12,13,15,18,19,20,27,31,32,34,36,37,38,39,1,3,14,16,17,23,29
2,3,4,34,6,35,8,40,13,15,18,21,22,24,25,26,28,29>34,35,40,9,17,18,20,24,27,2,3,4,8,21,22,25,28,29
2,3,4,34,6,35,8,40,13,15,18,21,22,24,25,26,28,29>33,34,37,13,15,20,24,26,2,3,4,8,21,22,25,28,29
2,3,4,34,6,35,8,40,13,15,18,21,22,24,25,26,28,29>33,34,37,40,9,13,14,15,16,18,24,26,27,2,3,4,8,21,22,25,28,29
2,3,4,34,6,35,8,40,13,15,18,21,22,24,25,26,28,29>33,35,37,40,9,13,16,17,18,20,26,27,2,3,4,8,21,22,25,28,29
2,3,4,34,6,35,8,40,13,15,18,21,22,24,25,26,28,29>33,34,37,6,9,13,17,18,20,24,30,2,3,4,8,21,22,25,28,29
2,3,4,34,6,35,8,40,13,15,18,21,22,24,25,26,28,29>33,34,35,37,40,16,17,18,24,26,2,3,4,8,21,22,25,28,29
2,3,4,34,6,35,8,40,13,15,18,21,22,24,25,26,28,29>33,34,6,9,13,15,16,18,20,30,2,3,4,8,21,22,25,28,29
2,3,4,34,6,35,8,40,13,15,18,21,22,24,25,26,28,29>33,34,37,6,9,14,15,16,17,20,24,26,27,2,3,4,8,21,22,25,28,29
2,3,4,34,6,35,8,40,13,15,18,21,22,24,25,26,28,29>33,35,37,6,40,9,14,18,24,27,2,3,4,8,21,22,25,28,29
2,3,4,34,6,35,8,40,13,15,18,21,22,24,25,26,28,29>34,35,37,6,9,13,14,15,16,18,20,24,26,30,2,3,4,8,21,22,25,28,29
32,2,3,5,38,7,40,11,14,16,17,21,27,31>34,40,11,14,15,16,27,32,2,3,5,31
32,2,3,5,38,7,40,11,14,16,17,21,27,31>35,40,11,14,17,20,32,2,3,5,31
32,2,3,5,38,7,40,11,14,16,17,21,27,31>35,9,40,14,20,21,32,2,3,5,31
32,2,3,5,38,7,40,11,14,16,17,21,27,31>38,9,40,11,14,27,32,2,3,5,31
32,2,3,5,38,7,40,11,14,16,17,21,27,31>34,35,7,9,14,15,21,27,32,2,3,5,31
32,2,3,5,38,7,40,11,14,16,17,21,27,31>38,7,17,21,27,32,2,3,5,31
32,2,3,5,38,7,40,11,14,16,17,21,27,31>35,39,9,14,16,17,20,27,32,2,3,5,31
32,2,3,5,38,7,40,11,14,16,17,21,27,31>35,38,39,9,40,11,16,17,20,21,27,32,2,3,5,31
32,2,3,5,38,7,40,11,14,16,17,21,27,31>34,7,39,11,14,16,20,21,32,2,3,5,31
32,2,3,5,38,7,40,11,14,16,17,21,27,31>38,7,39,20,21,32,2,3,5,31
1,2,3,5,9,10,11,13,15,16,18,19,21,23,25,26,27,28,29,32,33,35,36,38,39,40>12,15,17,19,20,21,22,25,28,29,31,32,1,2,3,33,5,36,38,39,11,13,16,18,23,26,27
1,2,3,5,9,10,11,13,15,16,18,19,21,23,25,26,27,28,29,32,33,35,36,38,39,40>37,15,17,20,22,28,31,32,1,2,3,33,5,36,38,39,11,13,16,18,23,26,27
1,2,3,5,9,10,11,13,15,16,18,19,21,23,25,26,27,28,29,32,33,35,36,38,39,40>35,37,14,17,19,20,22,31,32,1,2,3,33,5,36,38,39,11,13,16,18,23,26,27
1,2,3,5,9,10,11,13,15,16,18,19,21,23,25,26,27,28,29,32,33,35,36,38,39,40>35,40,9,15,20,21,25,28,29,32,1,2,3,33,5,36,38,39,11,13,16,18,23,26,27
1,2,3,5,9,10,11,13,15,16,18,19,21,23,25,26,27,28,29,32,33,35,36,38,39,40>37,40,9,15,20,21,22,32,1,2,3,33,5,36,38,39,11,13,16,18,23,26,27
1,2,3,5,9,10,11,13,15,16,18,19,21,23,25,26,27,28,29,32,33,35,36,38,39,40>37,40,9,14,21,22,25,28,32,1,2,3,33,5,36,38,39,11,13,16,18,23,26,27
1,2,3,5,9,10,11,13,15,16,18,19,21,23,25,26,27,28,29,32,33,35,36,38,39,40>40,10,14,19,25,29,30,31,32,1,2,3,33,5,36,38,39,11,13,16,18,23,26,27
1,2,3,5,9,10,11,13,15,16,18,19,21,23,25,26,27,28,29,32,33,35,36,38,39,40>9,10,12,15,17,19,20,21,25,32,1,2,3,33,5,36,38,39,11,13,16,18,23,26,27
1,2,3,5,9,10,11,13,15,16,18,19,21,23,25,26,27,28,29,32,33,35,36,38,39,40>9,10,19,21,25,29,32,1,2,3,33,5,36,38,39,11,13,16,18,23,26,27
1,2,3,5,9,10,11,13,15,16,18,19,21,23,25,26,27,28,29,32,33,35,36,38,39,40>35,9,10,12,14,19,32,1,2,3,33,5,36,38,39,11,13,16,18,23,26,27
8,9,10,11,12,14,16,18,19,20,21,25,27,31,33,34,35,37,38,39,40>5,13,14,16,19,22,23,25,36,39,40,34,35,37,11,18,20,27,31
8,9,10,11,12,14,16,18,19,20,21,25,27,31,33,34,35,37,38,39,40>8,16,21,22,23,24,25,36,40,34,35,37,11,18,20,27,31
8,9,10,11,12,14,16,18,19,20,21,25,27,31,33,34,35,37,38,39,40>5,8,13,15,16,19,22,23,32,38,40,34,35,37,11,18,20,27,31
8,9,10,11,12,14,16,18,19,20,21,25,27,31,33,34,35,37,38,39,40>5,8,13,15,16,21,22,23,25,32,33,38,40,34,35,37,11,18,20,27,31
8,9,10,11,12,14,16,18,19,20,21,25,27,31,33,34,35,37,38,39,40>10,16,19,32,33,39,40,34,35,37,11,18,20,27,31
8,9,10,11,12,14,16,18,19,20,21,25,27,31,33,34,35,37,38,39,40>10,13,14,15,16,19,21,23,32,38,40,34,35,37,11,18,20,27,31
8,9,10,11,12,14,16,18,19,20,21,25,27,31,33,34,35,37,38,39,40>8,9,10,13,14,16,22,33,38,39,40,34,35,37,11,18,20,27,31
8,9,10,11,12,14,16,18,19,20,21,25,27,31,33,34,35,37,38,39,40>5,8,9,12,14,15,16,21,22,23,24,25,32,36,39,34,35,37,11,18,20,27,31
8,9,10,11,12,14,16,18,19,20,21,25,27,31,33,34,35,37,38,39,40>5,8,10,12,13,14,15,19,23,24,25,32,34,35,37,11,18,20,27,31
8,9,10,11,12,14,16,18,19,20,21,25,27,31,33,34,35,37,38,39,40>8,9,10,12,14,15,19,24,25,34,35,37,11,18,20,27,31
32,6,7,38,9,40,12,13,14,15,19,20,21,23,24,25,26,29>5,38,13,16,17,19,21,29,9,14,15,20,23,24,25,26
32,6,7,38,9,40,12,13,14,15,19,20,21,23,24,25,26,29>5,6,10,39,12,40,17,18,19,9,14,15,20,23,24,25,26
32,6,7,38,9,40,12,13,14,15,19,20,21,23,24,25,26,29>32,5,7,38,12,13,40,17,19,21,27,30,9,14,15,20,23,24,25,26
32,6,7,38,9,40,12,13,14,15,19,20,21,23,24,25,26,29>5,6,7,38,39,40,17,19,21,29,30,9,14,15,20,23,24,25,26
32,6,7,38,9,40,12,13,14,15,19,20,21,23,24,25,26,29>8,38,40,17,18,21,30,9,14,15,20,23,24,25,26
32,6,7,38,9,40,12,13,14,15,19,20,21,23,24,25,26,29>32,5,8,38,10,13,16,19,21,9,14,15,20,23,24,25,26
32,6,7,38,9,40,12,13,14,15,19,20,21,23,24,25,26,29>6,8,38,39,12,13,40,16,17,19,29,9,14,15,20,23,24,25,26
32,6,7,38,9,40,12,13,14,15,19,20,21,23,24,25,26,29>6,7,8,39,12,40,18,19,21,30,9,14,15,20,23,24,25,26
32,6,7,38,9,40,12,13,14,15,19,20,21,23,24,25,26,29>32,7,8,38,39,13,40,18,9,14,15,20,23,24,25,26
32,6,7,38,9,40,12,13,14,15,19,20,21,23,24,25,26,29>6,7,8,38,10,12,13,18,21,30,9,14,15,20,23,24,25,26
8,9,10,11,13,15,16,17,19,20,21,22,24,25,26,27,28,32,33,34,36,37,39,40>5,39,40,14,21,22,23,29,30,32,33,34,36,11,13,16,17,19,20,24,25,27,28
8,9,10,11,13,15,16,17,19,20,21,22,24,25,26,27,28,32,33,34,36,37,39,40>37,39,12,14,15,22,26,32,33,34,36,11,13,16,17,19,20,24,25,27,28
8,9,10,11,13,15,16,17,19,20,21,22,24,25,26,27,28,32,33,34,36,37,39,40>5,38,10,12,40,14,15,21,23,26,29,30,32,33,34,36,11,13,16,17,19,20,24,25,27,28
8,9,10,11,13,15,16,17,19,20,21,22,24,25,26,27,28,32,33,34,36,37,39,40>8,10,14,29,31,32,33,34,36,11,13,16,17,19,20,24,25,27,28
8,9,10,11,13,15,16,17,19,20,21,22,24,25,26,27,28,32,33,34,36,37,39,40>5,37,8,40,14,21,23,32,33,34,36,11,13,16,17,19,20,24,25,27,28
8,9,10,11,13,15,16,17,19,20,21,22,24,25,26,27,28,32,33,34,36,37,39,40>5,37,9,10,39,12,15,21,32,33,34,36,11,13,16,17,19,20,24,25,27,28
8,9,10,11,13,15,16,17,19,20,21,22,24,25,26,27,28,32,33,34,36,37,39,40>38,9,10,39,14,18,21,30,31,32,33,34,36,11,13,16,17,19,20,24,25,27,28
8,9,10,11,13,15,16,17,19,20,21,22,24,25,26,27,28,32,33,34,36,37,39,40>5,37,38,9,12,40,15,18,21,22,26,29,31,32,33,34,36,11,13,16,17,19,20,24,25,27,28
8,9,10,11,13,15,16,17,19,20,21,22,24,25,26,27,28,32,33,34,36,37,39,40>5,37,8,9,14,15,22,23,29,30,32,33,34,36,11,13,16,17,19,20,24,25,27,28
8,9,10,11,13,15,16,17,19,20,21,22,24,25,26,27,28,32,33,34,36,37,39,40>38,8,9,10,39,12,40,15,22,26,31,32,33,34,36,11,13,16,17,19,20,24,25,27,28
1,2,4,5,7,8,9,10,13,15,19,21,22,24,26,28,29,30,31,36,38,39>10,11,12,14,15,16,18,20,21,22,23,25,33,36,38,1,2,5,7,39,9,13,28,29,30
1,2,4,5,7,8,9,10,13,15,19,21,22,24,26,28,29,30,31,36,38,39>4,8,10,14,16,18,19,21,22,40,1,2,5,7,39,9,13,28,29,30
1,2,4,5,7,8,9,10,13,15,19,21,22,24,26,28,29,30,31,36,38,39>11,14,16,17,21,23,24,25,31,36,40,1,2,5,7,39,9,13,28,29,30
1,2,4,5,7,8,9,10,13,15,19,21,22,24,26,28,29,30,31,36,38,39>4,11,14,15,17,18,20,21,23,31,1,2,5,7,39,9,13,28,29,30
1,2,4,5,7,8,9,10,13,15,19,21,22,24,26,28,29,30,31,36,38,39>8,10,11,15,16,19,21,22,23,24,25,31,33,35,38,40,1,2,5,7,39,9,13,28,29,30
1,2,4,5,7,8,9,10,13,15,19,21,22,24,26,28,29,30,31,36,38,39>4,8,12,14,19,23,24,25,31,33,38,40,1,2,5,7,39,9,13,28,29,30
1,2,4,5,7,8,9,10,13,15,19,21,22,24,26,28,29,30,31,36,38,39>10,12,18,20,22,24,25,38,1,2,5,7,39,9,13,28,29,30
1,2,4,5,7,8,9,10,13,15,19,21,22,24,26,28,29,30,31,36,38,39>4,11,12,14,15,16,17,18,19,20,22,24,26,31,35,36,40,1,2,5,7,39,9,13,28,29,30
1,2,4,5,7,8,9,10,13,15,19,21,22,24,26,28,29,30,31,36,38,39>4,8,11,12,15,18,19,21,25,35,1,2,5,7,39,9,13,28,29,30
1,2,4,5,7,8,9,10,13,15,19,21,22,24,26,28,29,30,31,36,38,39>10,11,12,16,17,20,21,31,33,40,1,2,5,7,39,9,13,28,29,30
33,35,36,37,6,8,11,12,14,15,16,17,18,20,21,24,27,29,31>6,11,14,16,17,25,27,29,35,36,37,8,15,20,24,31
33,35,36,37,6,8,11,12,14,15,16,17,18,20,21,24,27,29,31>6,11,12,16,18,21,25,27,35,36,37,8,15,20,24,31
33,35,36,37,6,8,11,12,14,15,16,17,18,20,21,24,27,29,31>33,6,11,16,17,18,21,22,25,29,35,36,37,8,15,20,24,31
33,35,36,37,6,8,11,12,14,15,16,17,18,20,21,24,27,29,31>33,6,11,12,17,18,27,29,35,36,37,8,15,20,24,31
33,35,36,37,6,8,11,12,14,15,16,17,18,20,21,24,27,29,31>5,6,11,12,14,16,18,25,35,36,37,8,15,20,24,31
33,35,36,37,6,8,11,12,14,15,16,17,18,20,21,24,27,29,31>39,17,18,21,25,27,35,36,37,8,15,20,24,31
33,35,36,37,6,8,11,12,14,15,16,17,18,20,21,24,27,29,31>39,11,14,17,18,21,25,29,35,36,37,8,15,20,24,31
33,35,36,37,6,8,11,12,14,15,16,17,18,20,21,24,27,29,31>32,33,39,12,14,16,17,18,25,27,29,35,36,37,8,15,20,24,31
33,35,36,37,6,8,11,12,14,15,16,17,18,20,21,24,27,29,31>33,5,39,14,16,17,18,21,29,35,36,37,8,15,20,24,31
33,35,36,37,6,8,11,12,14,15,16,17,18,20,21,24,27,29,31>32,33,5,6,39,14,17,18,27,29,35,36,37,8,15,20,24,31
32,34,3,35,37,6,39,8,9,13,17,18,19,20,22,23,25,27,29,30>35,40,13,14,16,21,24,26,28,31,32,3,37,8,17,18,20,22,23,27,29
32,34,3,35,37,6,39,8,9,13,17,18,19,20,22,23,25,27,29,30>35,39,40,16,19,21,24,25,28,30,31,32,3,37,8,17,18,20,22,23,27,29
32,34,3,35,37,6,39,8,9,13,17,18,19,20,22,23,25,27,29,30>4,13,14,24,26,28,31,32,3,37,8,17,18,20,22,23,27,29
32,34,3,35,37,6,39,8,9,13,17,18,19,20,22,23,25,27,29,30>35,40,14,21,24,25,26,28,30,31,32,3,37,8,17,18,20,22,23,27,29
32,34,3,35,37,6,39,8,9,13,17,18,19,20,22,23,25,27,29,30>34,35,5,39,9,10,21,24,26,28,31,32,3,37,8,17,18,20,22,23,27,29
32,34,3,35,37,6,39,8,9,13,17,18,19,20,22,23,25,27,29,30>4,5,39,40,10,13,16,19,21,24,28,31,32,3,37,8,17,18,20,22,23,27,29
32,34,3,35,37,6,39,8,9,13,17,18,19,20,22,23,25,27,29,30>4,5,39,9,10,19,21,24,25,30,31,32,3,37,8,17,18,20,22,23,27,29
32,34,3,35,37,6,39,8,9,13,17,18,19,20,22,23,25,27,29,30>35,4,5,39,40,13,26,31,32,3,37,8,17,18,20,22,23,27,29
32,34,3,35,37,6,39,8,9,13,17,18,19,20,22,23,25,27,29,30>34,35,6,39,9,10,13,14,19,21,24,25,32,3,37,8,17,18,20,22,23,27,29
32,34,3,35,37,6,39,8,9,13,17,18,19,20,22,23,25,27,29,30>34,35,4,6,40,9,13,14,16,21,26,30,32,3,37,8,17,18,20,22,23,27,29
5,8,9,11,12,13,14,15,16,17,19,22,23,24,26,31,34,35,36,37,38,40>38,12,18,22,25,28,31,34,35,5,37,14,15,16,17,23,26
5,8,9,11,12,13,14,15,16,17,19,22,23,24,26,31,34,35,36,37,38,40>36,8,13,18,22,24,29,31,34,35,5,37,14,15,16,17,23,26
5,8,9,11,12,13,14,15,16,17,19,22,23,24,26,31,34,35,36,37,38,40>36,9,12,13,22,28,29,30,31,34,35,5,37,14,15,16,17,23,26
5,8,9,11,12,13,14,15,16,17,19,22,23,24,26,31,34,35,36,37,38,40>8,9,12,13,18,22,30,34,35,5,37,14,15,16,17,23,26
5,8,9,11,12,13,14,15,16,17,19,22,23,24,26,31,34,35,36,37,38,40>36,8,9,11,19,20,25,28,34,35,5,37,14,15,16,17,23,26
5,8,9,11,12,13,14,15,16,17,19,22,23,24,26,31,34,35,36,37,38,40>36,38,40,12,18,20,22,24,28,30,31,34,35,5,37,14,15,16,17,23,26
5,8,9,11,12,13,14,15,16,17,19,22,23,24,26,31,34,35,36,37,38,40>8,40,11,13,19,20,25,29,34,35,5,37,14,15,16,17,23,26
5,8,9,11,12,13,14,15,16,17,19,22,23,24,26,31,34,35,36,37,38,40>36,38,40,11,13,19,20,22,24,25,28,29,31,34,35,5,37,14,15,16,17,23,26
5,8,9,11,12,13,14,15,16,17,19,22,23,24,26,31,34,35,36,37,38,40>38,8,40,12,19,20,22,24,29,31,34,35,5,37,14,15,16,17,23,26
5,8,9,11,12,13,14,15,16,17,19,22,23,24,26,31,34,35,36,37,38,40>38,9,40,11,12,18,20,24,25,28,29,31,34,35,5,37,14,15,16,17,23,26
33,2,3,5,6,8,9,10,11,12,14,15,17,20,23,25,29,31>9,24,26,27,29,31,2,3,5,8,11,12,15,20
33,2,3,5,6,8,9,10,11,12,14,15,17,20,23,25,29,31>33,9,14,17,23,27,31,2,3,5,8,11,12,15,20
33,2,3,5,6,8,9,10,11,12,14,15,17,20,23,25,29,31>35,9,13,24,26,27,2,3,5,8,11,12,15,20
33,2,3,5,6,8,9,10,11,12,14,15,17,20,23,25,29,31>33,35,14,23,24,29,2,3,5,8,11,12,15,20
33,2,3,5,6,8,9,10,11,12,14,15,17,20,23,25,29,31>36,10,13,23,26,29,2,3,5,8,11,12,15,20
33,2,3,5,6,8,9,10,11,12,14,15,17,20,23,25,29,31>36,13,17,25,26,27,29,31,2,3,5,8,11,12,15,20
33,2,3,5,6,8,9,10,11,12,14,15,17,20,23,25,29,31>33,35,6,9,14,17,25,29,2,3,5,8,11,12,15,20
33,2,3,5,6,8,9,10,11,12,14,15,17,20,23,25,29,31>33,35,36,6,10,14,27,2,3,5,8,11,12,15,20
33,2,3,5,6,8,9,10,11,12,14,15,17,20,23,25,29,31>39,9,10,24,26,27,31,2,3,5,8,11,12,15,20
33,2,3,5,6,8,9,10,11,12,14,15,17,20,23,25,29,31>33,39,13,17,24,26,27,29,31,2,3,5,8,11,12,15,20
1,2,3,4,6,7,11,13,14,15,16,18,19,22,23,25,27,28,29,31,32,33,35,36,37,39>5,11,21,25,26,1,2,3,6,7,14,15,16,18,22,23,27,28,29,31,32,33,35,36,37,39
1,2,3,4,6,7,11,13,14,15,16,18,19,22,23,25,27,28,29,31,32,33,35,36,37,39>25,5,38,11,1,2,3,6,7,14,15,16,18,22,23,27,28,29,31,32,33,35,36,37,39
1,2,3,4,6,7,11,13,14,15,16,18,19,22,23,25,27,28,29,31,32,33,35,36,37,39>8,11,13,1,2,3,6,7,14,15,16,18,22,23,27,28,29,31,32,33,35,36,37,39
1,2,3,4,6,7,11,13,14,15,16,18,19,22,23,25,27,28,29,31,32,33,35,36,37,39>38,8,11,17,19,21,25,26,1,2,3,6,7,14,15,16,18,22,23,27,28,29,31,32,33,35,36,37,39
1,2,3,4,6,7,11,13,14,15,16,18,19,22,23,25,27,28,29,31,32,33,35,36,37,39>9,11,19,21,26,1,2,3,6,7,14,15,16,18,22,23,27,28,29,31,32,33,35,36,37,39
1,2,3,4,6,7,11,13,14,15,16,18,19,22,23,25,27,28,29,31,32,33,35,36,37,39>38,9,13,17,21,25,26,1,2,3,6,7,14,15,16,18,22,23,27,28,29,31,32,33,35,36,37,39
1,2,3,4,6,7,11,13,14,15,16,18,19,22,23,25,27,28,29,31,32,33,35,36,37,39>4,5,38,9,26,1,2,3,6,7,14,15,16,18,22,23,27,28,29,31,32,33,35,36,37,39
1,2,3,4,6,7,11,13,14,15,16,18,19,22,23,25,27,28,29,31,32,33,35,36,37,39>5,38,9,11,19,1,2,3,6,7,14,15,16,18,22,23,27,28,29,31,32,33,35,36,37,39
1,2,3,4,6,7,11,13,14,15,16,18,19,22,23,25,27,28,29,31,32,33,35,36,37,39>4,5,38,9,13,17,19,1,2,3,6,7,14,15,16,18,22,23,27,28,29,31,32,33,35,36,37,39
1,2,3,4,6,7,11,13,14,15,16,18,19,22,23,25,27,28,29,31,32,33,35,36,37,39>38,9,11,17,21,1,2,3,6,7,14,15,16,18,22,23,27,28,29,31,32,33,35,36,37,39
32,1,34,5,6,7,8,9,38,14,15,16,22,24,26,27,28,29>34,6,14,16,22,24,27,32,1,5,7,8,9,15,28,29
32,1,34,5,6,7,8,9,38,14,15,16,22,24,26,27,28,29>33,34,38,22,24,26,27,32,1,5,7,8,9,15,28,29
32,1,34,5,6,7,8,9,38,14,15,16,22,24,26,27,28,29>6,38,14,22,24,25,26,27,30,32,1,5,7,8,9,15,28,29
32,1,34,5,6,7,8,9,38,14,15,16,22,24,26,27,28,29>33,6,38,22,24,25,26,30,31,32,1,5,7,8,9,15,28,29
32,1,34,5,6,7,8,9,38,14,15,16,22,24,26,27,28,29>33,6,38,14,25,26,32,1,5,7,8,9,15,28,29
32,1,34,5,6,7,8,9,38,14,15,16,22,24,26,27,28,29>33,34,6,38,24,26,27,30,31,32,1,5,7,8,9,15,28,29
32,1,34,5,6,7,8,9,38,14,15,16,22,24,26,27,28,29>33,6,38,14,16,22,25,27,30,32,1,5,7,8,9,15,28,29
32,1,34,5,6,7,8,9,38,14,15,16,22,24,26,27,28,29>34,10,14,22,25,31,32,1,5,7,8,9,15,28,29
32,1,34,5,6,7,8,9,38,14,15,16,22,24,26,27,28,29>33,34,6,10,14,32,1,5,7,8,9,15,28,29
32,1,34,5,6,7,8,9,38,14,15,16,22,24,26,27,28,29>33,34,38,10,14,25,26,30,32,1,5,7,8,9,15,28,29
1,33,34,35,7,8,9,39,13,14,17,21,22,23,24,30>7,22,23,24,26,28,30,35,36,39,40,1,34,9,14,17
1,33,34,35,7,8,9,39,13,14,17,21,22,23,24,30>5,7,13,16,20,22,23,26,28,29,33,37,40,1,34,9,14,17
1,33,34,35,7,8,9,39,13,14,17,21,22,23,24,30>8,13,21,23,26,29,35,36,37,1,34,9,14,17
1,33,34,35,7,8,9,39,13,14,17,21,22,23,24,30>5,7,8,13,21,23,24,30,36,39,40,1,34,9,14,17
1,33,34,35,7,8,9,39,13,14,17,21,22,23,24,30>5,15,20,24,25,30,37,40,1,34,9,14,17
1,33,34,35,7,8,9,39,13,14,17,21,22,23,24,30>7,15,16,20,22,23,25,28,29,33,36,39,1,34,9,14,17
1,33,34,35,7,8,9,39,13,14,17,21,22,23,24,30>5,7,8,15,16,20,22,24,26,37,1,34,9,14,17
1,33,34,35,7,8,9,39,13,14,17,21,22,23,24,30>13,15,16,20,24,25,28,29,30,33,35,36,39,1,34,9,14,17
1,33,34,35,7,8,9,39,13,14,17,21,22,23,24,30>5,7,13,15,21,23,26,28,29,30,33,1,34,9,14,17
1,33,34,35,7,8,9,39,13,14,17,21,22,23,24,30>8,13,15,20,24,33,1,34,9,14,17
1,2,34,4,7,8,9,10,11,40,14,15,19,21,22,24,25,28,30,31>4,8,19,27,29,33,35,1,2,34,7,40,9,11,15,25,28
1,2,34,4,7,8,9,10,11,40,14,15,19,21,22,24,25,28,30,31>5,8,13,18,19,27,30,31,33,35,1,2,34,7,40,9,11,15,25,28
1,2,34,4,7,8,9,10,11,40,14,15,19,21,22,24,25,28,30,31>4,5,8,12,13,18,19,22,23,24,27,29,30,35,1,2,34,7,40,9,11,15,25,28
1,2,34,4,7,8,9,10,11,40,14,15,19,21,22,24,25,28,30,31>5,6,8,13,19,20,21,22,24,27,29,30,31,33,35,1,2,34,7,40,9,11,15,25,28
1,2,34,4,7,8,9,10,11,40,14,15,19,21,22,24,25,28,30,31>5,10,12,13,20,21,22,23,24,27,31,33,35,1,2,34,7,40,9,11,15,25,28
1,2,34,4,7,8,9,10,11,40,14,15,19,21,22,24,25,28,30,31>4,5,10,12,13,14,19,22,23,24,29,31,1,2,34,7,40,9,11,15,25,28
1,2,34,4,7,8,9,10,11,40,14,15,19,21,22,24,25,28,30,31>4,6,10,14,19,20,23,27,29,30,33,35,1,2,34,7,40,9,11,15,25,28
1,2,34,4,7,8,9,10,11,40,14,15,19,21,22,24,25,28,30,31>4,5,8,10,12,22,27,29,33,35,1,2,34,7,40,9,11,15,25,28
1,2,34,4,7,8,9,10,11,40,14,15,19,21,22,24,25,28,30,31>4,6,8,10,12,13,14,21,22,29,31,33,1,2,34,7,40,9,11,15,25,28
1,2,34,4,7,8,9,10,11,40,14,15,19,21,22,24,25,28,30,31>5,6,8,10,12,13,14,19,20,21,22,23,27,29,30,31,35,1,2,34,7,40,9,11,15,25,28
32,33,4,37,39,40,10,11,13,16,17,18,19,21,24,26,27,29>33,4,10,14,22,23,24,25,26,27,29,30,31,32,39,11,13,16,17,18
32,33,4,37,39,40,10,11,13,16,17,18,19,21,24,26,27,29>36,10,14,20,22,24,25,27,30,31,32,39,11,13,16,17,18
32,33,4,37,39,40,10,11,13,16,17,18,19,21,24,26,27,29>33,4,37,19,21,23,24,31,32,39,11,13,16,17,18
32,33,4,37,39,40,10,11,13,16,17,18,19,21,24,26,27,29>4,36,37,14,19,21,22,23,25,30,31,32,39,11,13,16,17,18
32,33,4,37,39,40,10,11,13,16,17,18,19,21,24,26,27,29>4,36,37,10,19,20,21,22,26,29,32,39,11,13,16,17,18
32,33,4,37,39,40,10,11,13,16,17,18,19,21,24,26,27,29>36,37,40,20,22,23,24,29,30,32,39,11,13,16,17,18
32,33,4,37,39,40,10,11,13,16,17,18,19,21,24,26,27,29>33,4,36,40,10,14,21,22,25,26,30,32,39,11,13,16,17,18
32,33,4,37,39,40,10,11,13,16,17,18,19,21,24,26,27,29>36,37,40,10,19,21,22,23,25,26,29,32,39,11,13,16,17,18
32,33,4,37,39,40,10,11,13,16,17,18,19,21,24,26,27,29>33,36,37,40,10,14,20,24,25,27,31,32,39,11,13,16,17,18
32,33,4,37,39,40,10,11,13,16,17,18,19,21,24,26,27,29>4,36,37,40,19,22,23,27,30,32,39,11,13,16,17,18
2,3,4,11,12,13,14,15,16,17,19,20,22,24,27,28,29,31,34,37,38,39,40>33,34,35,4,38,40,23,25,2,3,14,15,16,17,20,24,28,29,31
2,3,4,11,12,13,14,15,16,17,19,20,22,24,27,28,29,31,34,37,38,39,40>32,33,35,38,39,18,19,27,2,3,14,15,16,17,20,24,28,29,31
2,3,4,11,12,13,14,15,16,17,19,20,22,24,27,28,29,31,34,37,38,39,40>32,34,35,37,40,12,13,18,19,23,25,2,3,14,15,16,17,20,24,28,29,31
2,3,4,11,12,13,14,15,16,17,19,20,22,24,27,28,29,31,34,37,38,39,40>4,37,39,40,11,13,19,22,23,25,27,2,3,14,15,16,17,20,24,28,29,31
2,3,4,11,12,13,14,15,16,17,19,20,22,24,27,28,29,31,34,37,38,39,40>32,4,39,18,19,2,3,14,15,16,17,20,24,28,29,31
2,3,4,11,12,13,14,15,16,17,19,20,22,24,27,28,29,31,34,37,38,39,40>32,33,4,37,38,12,27,2,3,14,15,16,17,20,24,28,29,31
2,3,4,11,12,13,14,15,16,17,19,20,22,24,27,28,29,31,34,37,38,39,40>33,34,4,37,39,40,13,18,19,23,27,2,3,14,15,16,17,20,24,28,29,31
2,3,4,11,12,13,14,15,16,17,19,20,22,24,27,28,29,31,34,37,38,39,40>35,4,38,11,12,13,19,23,25,27,2,3,14,15,16,17,20,24,28,29,31
2,3,4,11,12,13,14,15,16,17,19,20,22,24,27,28,29,31,34,37,38,39,40>32,34,35,4,38,40,11,13,18,19,22,23,27,2,3,14,15,16,17,20,24,28,29,31
2,3,4,11,12,13,14,15,16,17,19,20,22,24,27,28,29,31,34,37,38,39,40>33,34,35,4,39,40,18,22,25,27,2,3,14,15,16,17,20,24,28,29,31
32,33,34,38,9,12,13,16,17,18,21,23,27,28,30>36,12,14,18,26,27,28,31,32,33,34,16,17
32,33,34,38,9,12,13,16,17,18,21,23,27,28,30>36,5,18,20,26,27,28,31,32,33,34,16,17
32,33,34,38,9,12,13,16,17,18,21,23,27,28,30>36,5,12,21,22,23,26,27,28,30,31,32,33,34,16,17
32,33,34,38,9,12,13,16,17,18,21,23,27,28,30>5,38,20,21,22,26,30,31,32,33,34,16,17
32,33,34,38,9,12,13,16,17,18,21,23,27,28,30>40,13,14,18,21,23,27,28,30,32,33,34,16,17
32,33,34,38,9,12,13,16,17,18,21,23,27,28,30>36,5,9,14,23,26,27,32,33,34,16,17
32,33,34,38,9,12,13,16,17,18,21,23,27,28,30>5,38,9,12,13,14,18,21,26,27,28,30,32,33,34,16,17
32,33,34,38,9,12,13,16,17,18,21,23,27,28,30>5,38,9,14,18,21,23,26,32,33,34,16,17
32,33,34,38,9,12,13,16,17,18,21,23,27,28,30>36,40,9,13,20,22,23,27,28,30,32,33,34,16,17
32,33,34,38,9,12,13,16,17,18,21,23,27,28,30>36,38,40,9,18,20,22,23,27,30,32,33,34,16,17
1,2,5,6,8,10,11,13,14,18,19,20,23,25,27,29,31,32,34,35,36,37,38,39,40>36,10,15,16,17,19,24,26,29,32,1,2,35,5,37,38,8,11,13,14,18,23,27,31
1,2,5,6,8,10,11,13,14,18,19,20,23,25,27,29,31,32,34,35,36,37,38,39,40>7,40,15,16,17,19,24,25,26,29,32,1,2,35,5,37,38,8,11,13,14,18,23,27,31
1,2,5,6,8,10,11,13,14,18,19,20,23,25,27,29,31,32,34,35,36,37,38,39,40>34,7,40,10,15,16,17,20,22,32,1,2,35,5,37,38,8,11,13,14,18,23,27,31
1,2,5,6,8,10,11,13,14,18,19,20,23,25,27,29,31,32,34,35,36,37,38,39,40>36,7,40,10,16,20,22,24,29,32,1,2,35,5,37,38,8,11,13,14,18,23,27,31
1,2,5,6,8,10,11,13,14,18,19,20,23,25,27,29,31,32,34,35,36,37,38,39,40>34,6,7,16,17,20,22,24,25,29,32,1,2,35,5,37,38,8,11,13,14,18,23,27,31
1,2,5,6,8,10,11,13,14,18,19,20,23,25,27,29,31,32,34,35,36,37,38,39,40>34,36,6,7,40,10,16,17,19,22,26,32,1,2,35,5,37,38,8,11,13,14,18,23,27,31
1,2,5,6,8,10,11,13,14,18,19,20,23,25,27,29,31,32,34,35,36,37,38,39,40>36,39,40,10,19,20,24,25,29,32,1,2,35,5,37,38,8,11,13,14,18,23,27,31
1,2,5,6,8,10,11,13,14,18,19,20,23,25,27,29,31,32,34,35,36,37,38,39,40>7,39,40,10,16,17,20,22,24,25,29,32,1,2,35,5,37,38,8,11,13,14,18,23,27,31
1,2,5,6,8,10,11,13,14,18,19,20,23,25,27,29,31,32,34,35,36,37,38,39,40>36,6,39,40,10,19,20,24,29,32,1,2,35,5,37,38,8,11,13,14,18,23,27,31
1,2,5,6,8,10,11,13,14,18,19,20,23,25,27,29,31,32,34,35,36,37,38,39,40>7,39,10,15,17,24,25,32,1,2,35,5,37,38,8,11,13,14,18,23,27,31
32,1,34,37,6,7,11,12,15,16,17,18,20,21,26,29,31>5,6,15,16,21,22,24,30,31,32,35,37,1,20,7
32,1,34,37,6,7,11,12,15,16,17,18,20,21,26,29,31>5,6,12,17,18,21,22,29,1,20,7
32,1,34,37,6,7,11,12,15,16,17,18,20,21,26,29,31>8,12,15,21,22,24,29,31,1,20,7
32,1,34,37,6,7,11,12,15,16,17,18,20,21,26,29,31>6,8,12,15,16,17,18,21,22,24,32,37,1,20,7
32,1,34,37,6,7,11,12,15,16,17,18,20,21,26,29,31>6,8,12,17,18,22,24,30,31,37,1,20,7
32,1,34,37,6,7,11,12,15,16,17,18,20,21,26,29,31>5,6,9,12,15,24,32,34,37,1,20,7
32,1,34,37,6,7,11,12,15,16,17,18,20,21,26,29,31>5,6,8,9,16,17,22,29,31,34,35,1,20,7
32,1,34,37,6,7,11,12,15,16,17,18,20,21,26,29,31>5,11,12,16,17,18,22,24,29,31,32,1,20,7
32,1,34,37,6,7,11,12,15,16,17,18,20,21,26,29,31>6,11,12,16,17,24,29,30,31,32,35,37,1,20,7
32,1,34,37,6,7,11,12,15,16,17,18,20,21,26,29,31>5,8,11,12,24,26,31,1,20,7
32,3,36,6,11,16,17,18,20,23,24,25,27,29,31>36,11,16,18,22,23,26,32,3,20,24,25,27,31
32,3,36,6,11,16,17,18,20,23,24,25,27,29,31>5,8,39,11,16,18,32,3,20,24,25,27,31
32,3,36,6,11,16,17,18,20,23,24,25,27,29,31>36,5,8,11,16,17,26,32,3,20,24,25,27,31
32,3,36,6,11,16,17,18,20,23,24,25,27,29,31>35,36,6,39,11,16,18,22,32,3,20,24,25,27,31
32,3,36,6,11,16,17,18,20,23,24,25,27,29,31>35,36,6,38,8,11,22,23,29,32,3,20,24,25,27,31
32,3,36,6,11,16,17,18,20,23,24,25,27,29,31>36,5,6,16,17,26,32,3,20,24,25,27,31
32,3,36,6,11,16,17,18,20,23,24,25,27,29,31>35,38,39,17,18,22,23,26,32,3,20,24,25,27,31
32,3,36,6,11,16,17,18,20,23,24,25,27,29,31>35,38,8,11,16,17,18,22,23,32,3,20,24,25,27,31
32,3,36,6,11,16,17,18,20,23,24,25,27,29,31>35,6,38,39,16,17,22,23,29,32,3,20,24,25,27,31
32,3,36,6,11,16,17,18,20,23,24,25,27,29,31>35,36,6,38,8,39,23,29,32,3,20,24,25,27,31
1,2,5,6,8,10,11,12,18,21,22,26,27,28,29,33,34,35,36,37,40>34,10,18,27,30,31,1,2,33,36,5,37,8,11,21,22,28,29
1,2,5,6,8,10,11,12,18,21,22,26,27,28,29,33,34,35,36,37,40>32,6,10,12,13,20,27,30,1,2,33,36,5,37,8,11,21,22,28,29
1,2,5,6,8,10,11,12,18,21,22,26,27,28,29,33,34,35,36,37,40>32,6,40,10,12,18,26,27,31,1,2,33,36,5,37,8,11,21,22,28,29
1,2,5,6,8,10,11,12,18,21,22,26,27,28,29,33,34,35,36,37,40>32,34,6,40,13,26,27,1,2,33,36,5,37,8,11,21,22,28,29
1,2,5,6,8,10,11,12,18,21,22,26,27,28,29,33,34,35,36,37,40>32,35,6,40,12,18,20,27,30,31,1,2,33,36,5,37,8,11,21,22,28,29
1,2,5,6,8,10,11,12,18,21,22,26,27,28,29,33,34,35,36,37,40>32,34,35,6,40,10,13,31,1,2,33,36,5,37,8,11,21,22,28,29
1,2,5,6,8,10,11,12,18,21,22,26,27,28,29,33,34,35,36,37,40>32,34,7,20,31,1,2,33,36,5,37,8,11,21,22,28,29
1,2,5,6,8,10,11,12,18,21,22,26,27,28,29,33,34,35,36,37,40>34,35,7,10,12,18,20,27,31,1,2,33,36,5,37,8,11,21,22,28,29
1,2,5,6,8,10,11,12,18,21,22,26,27,28,29,33,34,35,36,37,40>32,6,7,13,18,20,26,30,1,2,33,36,5,37,8,11,21,22,28,29
1,2,5,6,8,10,11,12,18,21,22,26,27,28,29,33,34,35,36,37,40>32,6,7,18,20,27,30,1,2,33,36,5,37,8,11,21,22,28,29
1,2,3,33,35,36,39,8,10,13,19,20,21,22,24,26,27,28,30,31>4,8,14,16,17,21,25,29,34,1,2,3,35,33,36,39,13,20,24,28,30,31
1,2,3,33,35,36,39,8,10,13,19,20,21,22,24,26,27,28,30,31>4,8,16,17,19,21,22,25,1,2,3,35,33,36,39,13,20,24,28,30,31
1,2,3,33,35,36,39,8,10,13,19,20,21,22,24,26,27,28,30,31>4,6,8,11,14,16,18,22,37,1,2,3,35,33,36,39,13,20,24,28,30,31
1,2,3,33,35,36,39,8,10,13,19,20,21,22,24,26,27,28,30,31>4,6,8,17,19,21,23,25,27,40,1,2,3,35,33,36,39,13,20,24,28,30,31
1,2,3,33,35,36,39,8,10,13,19,20,21,22,24,26,27,28,30,31>5,6,8,11,16,17,18,21,22,26,29,40,1,2,3,35,33,36,39,13,20,24,28,30,31
1,2,3,33,35,36,39,8,10,13,19,20,21,22,24,26,27,28,30,31>10,11,14,16,17,18,19,21,22,23,25,32,34,1,2,3,35,33,36,39,13,20,24,28,30,31
1,2,3,33,35,36,39,8,10,13,19,20,21,22,24,26,27,28,30,31>4,6,10,14,16,19,21,22,25,26,27,29,40,1,2,3,35,33,36,39,13,20,24,28,30,31
1,2,3,33,35,36,39,8,10,13,19,20,21,22,24,26,27,28,30,31>4,5,6,10,11,16,18,19,22,23,25,26,27,29,34,40,1,2,3,35,33,36,39,13,20,24,28,30,31
1,2,3,33,35,36,39,8,10,13,19,20,21,22,24,26,27,28,30,31>4,5,8,10,11,14,17,18,19,21,22,23,25,29,37,1,2,3,35,33,36,39,13,20,24,28,30,31
1,2,3,33,35,36,39,8,10,13,19,20,21,22,24,26,27,28,30,31>4,5,6,8,10,14,16,17,21,22,23,25,34,37,1,2,3,35,33,36,39,13,20,24,28,30,31
2,4,5,6,7,8,9,11,12,15,16,17,19,20,24,25,26,29,31,33,35,36,38,39>38,15,17,18,27,29,30,2,35,36,5,39,8,9,20,24,25
2,4,5,6,7,8,9,11,12,15,16,17,19,20,24,25,26,29,31,33,35,36,38,39>33,38,11,12,15,16,27,30,2,35,36,5,39,8,9,20,24,25
2,4,5,6,7,8,9,11,12,15,16,17,19,20,24,25,26,29,31,33,35,36,38,39>4,38,12,15,17,18,23,29,2,35,36,5,39,8,9,20,24,25
2,4,5,6,7,8,9,11,12,15,16,17,19,20,24,25,26,29,31,33,35,36,38,39>4,38,12,17,19,23,26,30,2,35,36,5,39,8,9,20,24,25
2,4,5,6,7,8,9,11,12,15,16,17,19,20,24,25,26,29,31,33,35,36,38,39>6,38,11,16,19,23,29,31,2,35,36,5,39,8,9,20,24,25
2,4,5,6,7,8,9,11,12,15,16,17,19,20,24,25,26,29,31,33,35,36,38,39>37,7,38,12,17,18,30,2,35,36,5,39,8,9,20,24,25
2,4,5,6,7,8,9,11,12,15,16,17,19,20,24,25,26,29,31,33,35,36,38,39>6,7,12,15,18,19,26,29,31,2,35,36,5,39,8,9,20,24,25
2,4,5,6,7,8,9,11,12,15,16,17,19,20,24,25,26,29,31,33,35,36,38,39>33,4,6,7,38,11,12,15,16,17,19,23,29,30,2,35,36,5,39,8,9,20,24,25
2,4,5,6,7,8,9,11,12,15,16,17,19,20,24,25,26,29,31,33,35,36,38,39>33,37,6,7,11,12,15,19,23,26,30,2,35,36,5,39,8,9,20,24,25
2,4,5,6,7,8,9,11,12,15,16,17,19,20,24,25,26,29,31,33,35,36,38,39>33,4,37,6,7,38,11,15,16,18,19,26,31,2,35,36,5,39,8,9,20,24,25
1,4,7,10,11,12,13,14,16,17,18,19,20,21,22,25,26,27,29,34,35,37,38,40>32,35,40,9,10,15,19,23,26,31,1,37,7,11,13,14,16,17,18,20,21,22,27,29
1,4,7,10,11,12,13,14,16,17,18,19,20,21,22,25,26,27,29,34,35,37,38,40>32,35,10,12,19,23,24,30,31,1,37,7,11,13,14,16,17,18,20,21,22,27,29
1,4,7,10,11,12,13,14,16,17,18,19,20,21,22,25,26,27,29,34,35,37,38,40>34,4,38,40,15,26,30,1,37,7,11,13,14,16,17,18,20,21,22,27,29
1,4,7,10,11,12,13,14,16,17,18,19,20,21,22,25,26,27,29,34,35,37,38,40>34,35,4,38,40,9,12,19,24,30,31,1,37,7,11,13,14,16,17,18,20,21,22,27,29
1,4,7,10,11,12,13,14,16,17,18,19,20,21,22,25,26,27,29,34,35,37,38,40>32,5,38,15,25,26,28,31,1,37,7,11,13,14,16,17,18,20,21,22,27,29
1,4,7,10,11,12,13,14,16,17,18,19,20,21,22,25,26,27,29,34,35,37,38,40>35,5,38,10,23,25,26,28,1,37,7,11,13,14,16,17,18,20,21,22,27,29
1,4,7,10,11,12,13,14,16,17,18,19,20,21,22,25,26,27,29,34,35,37,38,40>34,4,5,38,9,12,24,26,28,30,31,1,37,7,11,13,14,16,17,18,20,21,22,27,29
1,4,7,10,11,12,13,14,16,17,18,19,20,21,22,25,26,27,29,34,35,37,38,40>32,35,4,5,40,12,23,24,25,28,1,37,7,11,13,14,16,17,18,20,21,22,27,29
1,4,7,10,11,12,13,14,16,17,18,19,20,21,22,25,26,27,29,34,35,37,38,40>34,35,4,5,38,15,25,31,1,37,7,11,13,14,16,17,18,20,21,22,27,29
1,4,7,10,11,12,13,14,16,17,18,19,20,21,22,25,26,27,29,34,35,37,38,40>32,34,35,4,5,9,10,19,23,24,25,1,37,7,11,13,14,16,17,18,20,21,22,27,29
1,2,4,6,7,8,9,10,11,12,16,21,22,26,27,29,30,31,35,36,39>4,40,10,12,16,20,21,22,27,28,1,2,35,6,7,8,9,39,11,29,30,31
1,2,4,6,7,8,9,10,11,12,16,21,22,26,27,29,30,31,35,36,39>32,4,5,40,12,13,16,22,26,27,1,2,35,6,7,8,9,39,11,29,30,31
1,2,4,6,7,8,9,10,11,12,16,21,22,26,27,29,30,31,35,36,39>36,40,10,13,21,26,27,1,2,35,6,7,8,9,39,11,29,30,31
1,2,4,6,7,8,9,10,11,12,16,21,22,26,27,29,30,31,35,36,39>32,36,13,16,28,1,2,35,6,7,8,9,39,11,29,30,31
1,2,4,6,7,8,9,10,11,12,16,21,22,26,27,29,30,31,35,36,39>32,4,36,40,10,12,13,26,1,2,35,6,7,8,9,39,11,29,30,31
1,2,4,6,7,8,9,10,11,12,16,21,22,26,27,29,30,31,35,36,39>37,10,12,13,21,27,28,1,2,35,6,7,8,9,39,11,29,30,31
1,2,4,6,7,8,9,10,11,12,16,21,22,26,27,29,30,31,35,36,39>4,37,12,13,21,26,27,1,2,35,6,7,8,9,39,11,29,30,31
1,2,4,6,7,8,9,10,11,12,16,21,22,26,27,29,30,31,35,36,39>32,4,5,37,10,13,20,21,22,28,1,2,35,6,7,8,9,39,11,29,30,31
1,2,4,6,7,8,9,10,11,12,16,21,22,26,27,29,30,31,35,36,39>36,37,40,16,20,26,27,28,1,2,35,6,7,8,9,39,11,29,30,31
1,2,4,6,7,8,9,10,11,12,16,21,22,26,27,29,30,31,35,36,39>32,36,37,12,13,20,22,28,1,2,35,6,7,8,9,39,11,29,30,31
33,2,35,4,5,6,37,8,9,10,39,15,17,18,22,23,24,26,27,29>4,5,13,18,20,21,24,25,28,31,36,2,37,39,8,9,10,22,26,29
33,2,35,4,5,6,37,8,9,10,39,15,17,18,22,23,24,26,27,29>6,11,17,18,20,21,24,25,27,30,31,35,2,37,39,8,9,10,22,26,29
33,2,35,4,5,6,37,8,9,10,39,15,17,18,22,23,24,26,27,29>4,6,12,15,17,21,23,25,28,30,31,35,2,37,39,8,9,10,22,26,29
33,2,35,4,5,6,37,8,9,10,39,15,17,18,22,23,24,26,27,29>5,6,12,13,17,18,20,23,27,31,32,33,35,2,37,39,8,9,10,22,26,29
33,2,35,4,5,6,37,8,9,10,39,15,17,18,22,23,24,26,27,29>4,5,6,12,13,17,21,23,24,25,27,28,36,2,37,39,8,9,10,22,26,29
33,2,35,4,5,6,37,8,9,10,39,15,17,18,22,23,24,26,27,29>5,6,11,12,13,15,17,18,20,21,25,30,32,33,2,37,39,8,9,10,22,26,29
33,2,35,4,5,6,37,8,9,10,39,15,17,18,22,23,24,26,27,29>4,11,12,13,21,23,25,27,28,32,36,2,37,39,8,9,10,22,26,29
33,2,35,4,5,6,37,8,9,10,39,15,17,18,22,23,24,26,27,29>5,11,12,21,25,27,28,31,32,33,2,37,39,8,9,10,22,26,29
33,2,35,4,5,6,37,8,9,10,39,15,17,18,22,23,24,26,27,29>4,6,11,12,13,15,21,23,28,30,32,35,2,37,39,8,9,10,22,26,29
33,2,35,4,5,6,37,8,9,10,39,15,17,18,22,23,24,26,27,29>5,6,11,12,13,15,17,23,30,31,35,36,2,37,39,8,9,10,22,26,29
1,2,35,37,7,39,10,11,13,14,15,16,19,22,25,26,28,29,30>6,10,17,18,22,23,27,1,2,37,39,11,13,14,15,16,28,29,30
1,2,35,37,7,39,10,11,13,14,15,16,19,22,25,26,28,29,30>33,35,6,40,9,12,18,22,25,26,27,1,2,37,39,11,13,14,15,16,28,29,30
1,2,35,37,7,39,10,11,13,14,15,16,19,22,25,26,28,29,30>33,35,6,40,9,10,12,19,23,1,2,37,39,11,13,14,15,16,28,29,30
1,2,35,37,7,39,10,11,13,14,15,16,19,22,25,26,28,29,30>33,35,5,6,40,9,12,17,22,25,26,1,2,37,39,11,13,14,15,16,28,29,30
1,2,35,37,7,39,10,11,13,14,15,16,19,22,25,26,28,29,30>33,35,5,7,10,12,17,19,23,25,26,27,1,2,37,39,11,13,14,15,16,28,29,30
1,2,35,37,7,39,10,11,13,14,15,16,19,22,25,26,28,29,30>33,35,5,7,10,12,17,18,19,22,25,26,1,2,37,39,11,13,14,15,16,28,29,30
1,2,35,37,7,39,10,11,13,14,15,16,19,22,25,26,28,29,30>33,35,5,7,10,17,18,25,27,1,2,37,39,11,13,14,15,16,28,29,30
1,2,35,37,7,39,10,11,13,14,15,16,19,22,25,26,28,29,30>33,35,6,7,12,17,18,22,23,25,1,2,37,39,11,13,14,15,16,28,29,30
1,2,35,37,7,39,10,11,13,14,15,16,19,22,25,26,28,29,30>33,5,6,7,40,9,17,1,2,37,39,11,13,14,15,16,28,29,30
1,2,35,37,7,39,10,11,13,14,15,16,19,22,25,26,28,29,30>35,5,6,7,40,10,12,18,22,23,26,27,1,2,37,39,11,13,14,15,16,28,29,30
2,6,7,8,9,11,13,14,15,17,20,22,23,24,27,30,31,33,35,36,37,38>33,7,40,11,13,22,25,26,29,30,2,35,36,37,8,9,14,15,17,20,24,31
2,6,7,8,9,11,13,14,15,17,20,22,23,24,27,30,31,33,35,36,37,38>32,33,38,40,11,25,28,29,30,2,35,36,37,8,9,14,15,17,20,24,31
2,6,7,8,9,11,13,14,15,17,20,22,23,24,27,30,31,33,35,36,37,38>33,38,40,23,26,27,28,30,2,35,36,37,8,9,14,15,17,20,24,31
2,6,7,8,9,11,13,14,15,17,20,22,23,24,27,30,31,33,35,36,37,38>32,33,16,25,26,28,2,35,36,37,8,9,14,15,17,20,24,31
2,6,7,8,9,11,13,14,15,17,20,22,23,24,27,30,31,33,35,36,37,38>33,34,38,40,11,13,25,26,28,29,30,2,35,36,37,8,9,14,15,17,20,24,31
2,6,7,8,9,11,13,14,15,17,20,22,23,24,27,30,31,33,35,36,37,38>32,33,34,39,22,23,25,26,28,29,30,2,35,36,37,8,9,14,15,17,20,24,31
2,6,7,8,9,11,13,14,15,17,20,22,23,24,27,30,31,33,35,36,37,38>34,5,7,13,16,23,25,27,30,2,35,36,37,8,9,14,15,17,20,24,31
2,6,7,8,9,11,13,14,15,17,20,22,23,24,27,30,31,33,35,36,37,38>34,6,7,38,39,13,16,23,28,29,30,2,35,36,37,8,9,14,15,17,20,24,31
2,6,7,8,9,11,13,14,15,17,20,22,23,24,27,30,31,33,35,36,37,38>5,6,7,38,39,13,22,29,30,2,35,36,37,8,9,14,15,17,20,24,31
2,6,7,8,9,11,13,14,15,17,20,22,23,24,27,30,31,33,35,36,37,38>32,5,6,7,38,39,40,13,16,23,26,30,2,35,36,37,8,9,14,15,17,20,24,31
2,4,5,8,13,15,16,17,18,20,23,24,27,30,31,32,35,36,37,38,40>4,13,14,15,18,22,23,26,32,2,35,37,38,40,16,17,20,24,31
2,4,5,8,13,15,16,17,18,20,23,24,27,30,31,32,35,36,37,38,40>4,36,8,14,15,22,30,32,2,35,37,38,40,16,17,20,24,31
2,4,5,8,13,15,16,17,18,20,23,24,27,30,31,32,35,36,37,38,40>34,5,36,8,14,26,27,30,32,2,35,37,38,40,16,17,20,24,31
2,4,5,8,13,15,16,17,18,20,23,24,27,30,31,32,35,36,37,38,40>4,39,13,15,18,22,23,32,2,35,37,38,40,16,17,20,24,31
2,4,5,8,13,15,16,17,18,20,23,24,27,30,31,32,35,36,37,38,40>34,4,39,8,18,22,27,30,32,2,35,37,38,40,16,17,20,24,31
2,4,5,8,13,15,16,17,18,20,23,24,27,30,31,32,35,36,37,38,40>34,4,5,39,13,14,23,25,27,30,32,2,35,37,38,40,16,17,20,24,31
2,4,5,8,13,15,16,17,18,20,23,24,27,30,31,32,35,36,37,38,40>36,39,13,25,26,27,32,2,35,37,38,40,16,17,20,24,31
2,4,5,8,13,15,16,17,18,20,23,24,27,30,31,32,35,36,37,38,40>4,36,39,14,18,25,26,30,32,2,35,37,38,40,16,17,20,24,31
2,4,5,8,13,15,16,17,18,20,23,24,27,30,31,32,35,36,37,38,40>5,36,39,8,13,18,23,26,30,32,2,35,37,38,40,16,17,20,24,31
2,4,5,8,13,15,16,17,18,20,23,24,27,30,31,32,35,36,37,38,40>34,5,36,39,8,13,18,22,30,32,2,35,37,38,40,16,17,20,24,31
2,5,6,9,10,13,18,19,20,21,23,24,25,30,33,34,35,36,37,38,39>33,35,6,11,40,14,17,22,27,2,34,36,5,37,10,13,18,20,23,24,25
2,5,6,9,10,13,18,19,20,21,23,24,25,30,33,34,35,36,37,38,39>33,38,9,11,16,19,21,30,2,34,36,5,37,10,13,18,20,23,24,25
2,5,6,9,10,13,18,19,20,21,23,24,25,30,33,34,35,36,37,38,39>33,38,14,16,17,19,22,27,30,2,34,36,5,37,10,13,18,20,23,24,25
2,5,6,9,10,13,18,19,20,21,23,24,25,30,33,34,35,36,37,38,39>6,38,9,40,16,17,19,21,2,34,36,5,37,10,13,18,20,23,24,25
2,5,6,9,10,13,18,19,20,21,23,24,25,30,33,34,35,36,37,38,39>33,35,6,38,9,39,11,40,26,27,30,2,34,36,5,37,10,13,18,20,23,24,25
2,5,6,9,10,13,18,19,20,21,23,24,25,30,33,34,35,36,37,38,39>33,35,6,38,9,11,40,16,19,21,27,2,34,36,5,37,10,13,18,20,23,24,25
2,5,6,9,10,13,18,19,20,21,23,24,25,30,33,34,35,36,37,38,39>33,8,9,39,40,14,17,19,26,2,34,36,5,37,10,13,18,20,23,24,25
2,5,6,9,10,13,18,19,20,21,23,24,25,30,33,34,35,36,37,38,39>6,8,39,40,16,17,21,30,2,34,36,5,37,10,13,18,20,23,24,25
2,5,6,9,10,13,18,19,20,21,23,24,25,30,33,34,35,36,37,38,39>35,38,8,9,11,40,22,26,27,30,2,34,36,5,37,10,13,18,20,23,24,25
2,5,6,9,10,13,18,19,20,21,23,24,25,30,33,34,35,36,37,38,39>33,35,6,38,8,11,17,21,22,27,30,2,34,36,5,37,10,13,18,20,23,24,25
32,1,36,5,6,7,8,9,37,11,12,38,14,15,39,21,23,24,29,30>11,12,14,20,21,23,24,29,30,1,5,38,7,8,9,39,15
32,1,36,5,6,7,8,9,37,11,12,38,14,15,39,21,23,24,29,30>32,12,14,24,25,1,5,38,7,8,9,39,15
32,1,36,5,6,7,8,9,37,11,12,38,14,15,39,21,23,24,29,30>32,36,11,23,24,25,26,29,30,1,5,38,7,8,9,39,15
32,1,36,5,6,7,8,9,37,11,12,38,14,15,39,21,23,24,29,30>37,11,12,21,24,25,26,30,1,5,38,7,8,9,39,15
32,1,36,5,6,7,8,9,37,11,12,38,14,15,39,21,23,24,29,30>37,11,20,21,23,29,30,1,5,38,7,8,9,39,15
32,1,36,5,6,7,8,9,37,11,12,38,14,15,39,21,23,24,29,30>32,36,6,14,21,23,26,30,1,5,38,7,8,9,39,15
32,1,36,5,6,7,8,9,37,11,12,38,14,15,39,21,23,24,29,30>36,37,6,11,12,23,24,29,1,5,38,7,8,9,39,15
32,1,36,5,6,7,8,9,37,11,12,38,14,15,39,21,23,24,29,30>32,36,40,11,12,14,21,25,26,29,1,5,38,7,8,9,39,15
32,1,36,5,6,7,8,9,37,11,12,38,14,15,39,21,23,24,29,30>32,6,40,12,23,24,26,1,5,38,7,8,9,39,15
32,1,36,5,6,7,8,9,37,11,12,38,14,15,39,21,23,24,29,30>36,37,6,40,14,20,23,25,26,29,1,5,38,7,8,9,39,15
33,4,36,6,37,9,10,11,12,13,15,16,17,25,26,27>8,19,25,30,31,36,9,11,12,13,16,17,27
33,4,36,6,37,9,10,11,12,13,15,16,17,25,26,27>32,33,39,15,19,20,25,26,30,31,36,9,11,12,13,16,17,27
33,4,36,6,37,9,10,11,12,13,15,16,17,25,26,27>32,33,39,8,10,14,19,20,30,36,9,11,12,13,16,17,27
33,4,36,6,37,9,10,11,12,13,15,16,17,25,26,27>32,34,10,15,20,30,31,36,9,11,12,13,16,17,27
33,4,36,6,37,9,10,11,12,13,15,16,17,25,26,27>4,10,14,15,25,26,30,31,36,9,11,12,13,16,17,27
33,4,36,6,37,9,10,11,12,13,15,16,17,25,26,27>32,4,6,39,15,19,20,31,36,9,11,12,13,16,17,27
33,4,36,6,37,9,10,11,12,13,15,16,17,25,26,27>34,4,6,39,8,10,20,26,31,36,9,11,12,13,16,17,27
33,4,36,6,37,9,10,11,12,13,15,16,17,25,26,27>32,34,4,8,14,20,31,36,9,11,12,13,16,17,27
33,4,36,6,37,9,10,11,12,13,15,16,17,25,26,27>34,37,39,14,19,20,26,36,9,11,12,13,16,17,27
33,4,36,6,37,9,10,11,12,13,15,16,17,25,26,27>34,4,37,19,20,30,36,9,11,12,13,16,17,27
32,1,3,40,9,11,14,15,18,21,23,24,26,27,29>5,39,21,22,25,27,29,30,32,1,3,15,26
32,1,3,40,9,11,14,15,18,21,23,24,26,27,29>5,39,18,21,23,24,25,27,29,30,32,1,3,15,26
32,1,3,40,9,11,14,15,18,21,23,24,26,27,29>39,9,18,21,22,25,27,29,30,32,1,3,15,26
32,1,3,40,9,11,14,15,18,21,23,24,26,27,29>39,40,9,14,20,22,23,27,29,30,32,1,3,15,26
32,1,3,40,9,11,14,15,18,21,23,24,26,27,29>39,40,9,21,24,25,31,32,1,3,15,26
32,1,3,40,9,11,14,15,18,21,23,24,26,27,29>11,18,22,24,29,30,32,1,3,15,26
32,1,3,40,9,11,14,15,18,21,23,24,26,27,29>5,11,14,20,22,25,29,31,32,1,3,15,26
32,1,3,40,9,11,14,15,18,21,23,24,26,27,29>39,11,14,18,24,29,31,32,1,3,15,26
32,1,3,40,9,11,14,15,18,21,23,24,26,27,29>5,40,9,11,14,18,20,21,23,27,29,31,32,1,3,15,26
32,1,3,40,9,11,14,15,18,21,23,24,26,27,29>5,39,40,9,11,18,22,25,27,30,32,1,3,15,26
2,3,4,9,10,12,13,19,20,21,23,24,25,26,27,31,33,34,36,37,39>32,10,12,16,19,2,3,4,34,36,13,20,23,24,25,26,27,31
2,3,4,9,10,12,13,19,20,21,23,24,25,26,27,31,33,34,36,37,39>33,35,12,14,16,18,2,3,4,34,36,13,20,23,24,25,26,27,31
2,3,4,9,10,12,13,19,20,21,23,24,25,26,27,31,33,34,36,37,39>33,37,9,12,14,19,21,2,3,4,34,36,13,20,23,24,25,26,27,31
2,3,4,9,10,12,13,19,20,21,23,24,25,26,27,31,33,34,36,37,39>32,33,37,10,12,14,16,18,21,30,2,3,4,34,36,13,20,23,24,25,26,27,31
2,3,4,9,10,12,13,19,20,21,23,24,25,26,27,31,33,34,36,37,39>32,33,37,9,11,14,16,17,18,19,21,30,2,3,4,34,36,13,20,23,24,25,26,27,31
2,3,4,9,10,12,13,19,20,21,23,24,25,26,27,31,33,34,36,37,39>33,35,37,11,12,14,18,30,2,3,4,34,36,13,20,23,24,25,26,27,31
2,3,4,9,10,12,13,19,20,21,23,24,25,26,27,31,33,34,36,37,39>39,10,12,17,18,21,2,3,4,34,36,13,20,23,24,25,26,27,31
2,3,4,9,10,12,13,19,20,21,23,24,25,26,27,31,33,34,36,37,39>32,39,9,12,14,17,19,30,2,3,4,34,36,13,20,23,24,25,26,27,31
2,3,4,9,10,12,13,19,20,21,23,24,25,26,27,31,33,34,36,37,39>32,33,37,39,11,12,14,16,2,3,4,34,36,13,20,23,24,25,26,27,31
2,3,4,9,10,12,13,19,20,21,23,24,25,26,27,31,33,34,36,37,39>35,37,39,9,11,12,14,16,19,21,2,3,4,34,36,13,20,23,24,25,26,27,31
32,1,4,36,6,7,37,38,11,15,17,20,22,23,24,27,28,29,31>33,8,9,37,11,17,22,23,27,32,1,38,7,20,24,28,29,31
32,1,4,36,6,7,37,38,11,15,17,20,22,23,24,27,28,29,31>35,8,37,11,17,22,23,25,27,32,1,38,7,20,24,28,29,31
32,1,4,36,6,7,37,38,11,15,17,20,22,23,24,27,28,29,31>33,35,8,9,11,39,15,22,23,25,32,1,38,7,20,24,28,29,31
32,1,4,36,6,7,37,38,11,15,17,20,22,23,24,27,28,29,31>33,4,36,9,11,15,17,22,25,32,1,38,7,20,24,28,29,31
32,1,4,36,6,7,37,38,11,15,17,20,22,23,24,27,28,29,31>5,36,11,39,15,17,22,23,32,1,38,7,20,24,28,29,31
32,1,4,36,6,7,37,38,11,15,17,20,22,23,24,27,28,29,31>33,35,5,36,8,9,37,11,15,17,23,25,27,32,1,38,7,20,24,28,29,31
32,1,4,36,6,7,37,38,11,15,17,20,22,23,24,27,28,29,31>4,5,36,8,9,39,17,22,23,25,26,32,1,38,7,20,24,28,29,31
32,1,4,36,6,7,37,38,11,15,17,20,22,23,24,27,28,29,31>6,11,39,15,22,25,32,1,38,7,20,24,28,29,31
32,1,4,36,6,7,37,38,11,15,17,20,22,23,24,27,28,29,31>35,6,36,8,22,23,25,26,32,1,38,7,20,24,28,29,31
32,1,4,36,6,7,37,38,11,15,17,20,22,23,24,27,28,29,31>5,6,9,37,17,23,25,26,27,32,1,38,7,20,24,28,29,31
32,33,36,5,6,7,37,9,40,11,16,20,21,22,26,29>33,38,39,11,16,21,30,36,5,9,20,29
32,33,36,5,6,7,37,9,40,11,16,20,21,22,26,29>32,37,39,11,40,22,24,26,28,30,36,5,9,20,29
32,33,36,5,6,7,37,9,40,11,16,20,21,22,26,29>33,37,8,11,21,26,30,36,5,9,20,29
32,33,36,5,6,7,37,9,40,11,16,20,21,22,26,29>32,6,38,11,40,22,26,28,36,5,9,20,29
32,33,36,5,6,7,37,9,40,11,16,20,21,22,26,29>33,6,8,38,39,21,22,26,28,30,36,5,9,20,29
32,33,36,5,6,7,37,9,40,11,16,20,21,22,26,29>33,37,6,38,11,40,16,21,22,26,28,36,5,9,20,29
32,33,36,5,6,7,37,9,40,11,16,20,21,22,26,29>32,6,7,8,38,39,11,40,16,26,28,36,5,9,20,29
32,33,36,5,6,7,37,9,40,11,16,20,21,22,26,29>32,6,7,8,39,11,40,16,21,28,30,36,5,9,20,29
32,33,36,5,6,7,37,9,40,11,16,20,21,22,26,29>37,6,7,8,11,40,21,22,24,28,36,5,9,20,29
32,33,36,5,6,7,37,9,40,11,16,20,21,22,26,29>32,33,37,6,7,38,39,16,26,30,36,5,9,20,29
34,5,39,8,40,10,11,12,13,17,20,21,23,26,27,29,30,31>16,23,24,27,29,5,40,11,13,17,20,26,30,31
34,5,39,8,40,10,11,12,13,17,20,21,23,26,27,29,30,31>35,12,14,24,29,5,40,11,13,17,20,26,30,31
34,5,39,8,40,10,11,12,13,17,20,21,23,26,27,29,30,31>35,39,8,16,21,24,27,29,5,40,11,13,17,20,26,30,31
34,5,39,8,40,10,11,12,13,17,20,21,23,26,27,29,30,31>34,39,10,14,16,23,24,29,5,40,11,13,17,20,26,30,31
34,5,39,8,40,10,11,12,13,17,20,21,23,26,27,29,30,31>32,35,39,10,12,23,24,5,40,11,13,17,20,26,30,31
34,5,39,8,40,10,11,12,13,17,20,21,23,26,27,29,30,31>14,34,27,8,5,40,11,13,17,20,26,30,31
34,5,39,8,40,10,11,12,13,17,20,21,23,26,27,29,30,31>32,39,8,10,12,21,24,29,5,40,11,13,17,20,26,30,31
34,5,39,8,40,10,11,12,13,17,20,21,23,26,27,29,30,31>34,39,8,12,16,29,5,40,11,13,17,20,26,30,31
34,5,39,8,40,10,11,12,13,17,20,21,23,26,27,29,30,31>35,39,8,12,16,27,29,5,40,11,13,17,20,26,30,31
34,5,39,8,40,10,11,12,13,17,20,21,23,26,27,29,30,31>35,39,8,10,21,23,29,5,40,11,13,17,20,26,30,31
5,6,8,9,10,12,13,14,15,19,20,22,26,28,31,32,34,35,37,38,39,40>33,16,18,20,23,26,29,30,34,35,5,37,8,10,12,13,14,15,28
5,6,8,9,10,12,13,14,15,19,20,22,26,28,31,32,34,35,37,38,39,40>32,33,11,17,19,20,23,26,29,31,34,35,5,37,8,10,12,13,14,15,28
5,6,8,9,10,12,13,14,15,19,20,22,26,28,31,32,34,35,37,38,39,40>33,11,17,18,20,22,26,29,31,34,35,5,37,8,10,12,13,14,15,28
5,6,8,9,10,12,13,14,15,19,20,22,26,28,31,32,34,35,37,38,39,40>33,9,16,17,19,20,22,23,24,26,30,34,35,5,37,8,10,12,13,14,15,28
5,6,8,9,10,12,13,14,15,19,20,22,26,28,31,32,34,35,37,38,39,40>32,6,39,40,18,19,20,23,24,26,31,34,35,5,37,8,10,12,13,14,15,28
5,6,8,9,10,12,13,14,15,19,20,22,26,28,31,32,34,35,37,38,39,40>32,33,6,39,40,11,16,17,19,20,22,23,29,34,35,5,37,8,10,12,13,14,15,28
5,6,8,9,10,12,13,14,15,19,20,22,26,28,31,32,34,35,37,38,39,40>38,39,9,11,16,17,18,19,20,24,26,31,34,35,5,37,8,10,12,13,14,15,28
5,6,8,9,10,12,13,14,15,19,20,22,26,28,31,32,34,35,37,38,39,40>32,33,38,39,9,40,11,18,20,22,34,35,5,37,8,10,12,13,14,15,28
5,6,8,9,10,12,13,14,15,19,20,22,26,28,31,32,34,35,37,38,39,40>32,33,38,39,9,11,17,18,19,20,29,30,31,34,35,5,37,8,10,12,13,14,15,28
5,6,8,9,10,12,13,14,15,19,20,22,26,28,31,32,34,35,37,38,39,40>32,33,6,38,39,40,18,19,22,24,26,30,34,35,5,37,8,10,12,13,14,15,28
1,2,9,10,11,14,15,16,18,20,21,22,23,25,26,27,30,32,34,35,36,37,38,39,40>35,10,13,14,23,25,31,32,1,2,34,37,38,40,11,15,20,21,22,26,27,30
1,2,9,10,11,14,15,16,18,20,21,22,23,25,26,27,30,32,34,35,36,37,38,39,40>35,36,5,12,13,18,23,29,32,1,2,34,37,38,40,11,15,20,21,22,26,27,30
1,2,9,10,11,14,15,16,18,20,21,22,23,25,26,27,30,32,34,35,36,37,38,39,40>35,5,6,12,14,16,25,28,29,31,32,1,2,34,37,38,40,11,15,20,21,22,26,27,30
1,2,9,10,11,14,15,16,18,20,21,22,23,25,26,27,30,32,34,35,36,37,38,39,40>35,36,5,6,13,14,16,23,25,28,31,32,1,2,34,37,38,40,11,15,20,21,22,26,27,30
1,2,9,10,11,14,15,16,18,20,21,22,23,25,26,27,30,32,34,35,36,37,38,39,40>35,39,9,12,13,14,23,24,28,31,32,1,2,34,37,38,40,11,15,20,21,22,26,27,30
1,2,9,10,11,14,15,16,18,20,21,22,23,25,26,27,30,32,34,35,36,37,38,39,40>36,39,10,16,18,24,32,1,2,34,37,38,40,11,15,20,21,22,26,27,30
1,2,9,10,11,14,15,16,18,20,21,22,23,25,26,27,30,32,34,35,36,37,38,39,40>35,36,6,39,9,16,18,23,25,28,31,32,1,2,34,37,38,40,11,15,20,21,22,26,27,30
1,2,9,10,11,14,15,16,18,20,21,22,23,25,26,27,30,32,34,35,36,37,38,39,40>5,6,39,9,13,18,23,24,25,28,31,32,1,2,34,37,38,40,11,15,20,21,22,26,27,30
1,2,9,10,11,14,15,16,18,20,21,22,23,25,26,27,30,32,34,35,36,37,38,39,40>36,5,6,39,9,12,16,25,28,31,32,1,2,34,37,38,40,11,15,20,21,22,26,27,30
1,2,9,10,11,14,15,16,18,20,21,22,23,25,26,27,30,32,34,35,36,37,38,39,40>35,36,5,6,39,9,16,23,25,29,32,1,2,34,37,38,40,11,15,20,21,22,26,27,30
1,3,4,5,6,13,19,21,23,24,27,28,29,30,32,34,35,36,37,38,40>14,18,21,25,26,27,28,33,36,32,1,3,4,37,38,40,23
1,3,4,5,6,13,19,21,23,24,27,28,29,30,32,34,35,36,37,38,40>6,13,14,17,19,24,26,29,30,33,34,35,32,1,3,4,37,38,40,23
1,3,4,5,6,13,19,21,23,24,27,28,29,30,32,34,35,36,37,38,40>5,7,8,13,14,20,25,26,28,29,31,35,36,32,1,3,4,37,38,40,23
1,3,4,5,6,13,19,21,23,24,27,28,29,30,32,34,35,36,37,38,40>5,9,13,17,18,26,28,30,31,33,34,32,1,3,4,37,38,40,23
1,3,4,5,6,13,19,21,23,24,27,28,29,30,32,34,35,36,37,38,40>5,9,14,20,24,25,27,28,30,35,36,32,1,3,4,37,38,40,23
1,3,4,5,6,13,19,21,23,24,27,28,29,30,32,34,35,36,37,38,40>7,9,14,16,17,18,20,24,25,28,29,31,36,32,1,3,4,37,38,40,23
1,3,4,5,6,13,19,21,23,24,27,28,29,30,32,34,35,36,37,38,40>7,9,13,16,19,27,28,31,34,32,1,3,4,37,38,40,23
1,3,4,5,6,13,19,21,23,24,27,28,29,30,32,34,35,36,37,38,40>6,7,9,13,16,17,18,19,20,24,25,26,28,30,31,35,32,1,3,4,37,38,40,23
1,3,4,5,6,13,19,21,23,24,27,28,29,30,32,34,35,36,37,38,40>6,8,9,13,17,18,19,26,30,34,35,36,32,1,3,4,37,38,40,23
1,3,4,5,6,13,19,21,23,24,27,28,29,30,32,34,35,36,37,38,40>5,6,8,9,17,20,24,27,28,33,34,35,32,1,3,4,37,38,40,23
1,33,34,37,6,40,11,12,14,15,18,22,23,24,25,26,27,28,29,30>32,36,37,11,31,1,33,40,15,22,25,26,27,28,29,30
1,33,34,37,6,40,11,12,14,15,18,22,23,24,25,26,27,28,29,30>32,36,11,14,21,23,31,1,33,40,15,22,25,26,27,28,29,30
1,33,34,37,6,40,11,12,14,15,18,22,23,24,25,26,27,28,29,30>5,7,8,11,18,24,31,1,33,40,15,22,25,26,27,28,29,30
1,33,34,37,6,40,11,12,14,15,18,22,23,24,25,26,27,28,29,30>5,8,37,12,31,1,33,40,15,22,25,26,27,28,29,30
1,33,34,37,6,40,11,12,14,15,18,22,23,24,25,26,27,28,29,30>5,7,37,11,12,14,18,23,24,31,1,33,40,15,22,25,26,27,28,29,30
1,33,34,37,6,40,11,12,14,15,18,22,23,24,25,26,27,28,29,30>32,34,36,5,6,12,18,21,24,1,33,40,15,22,25,26,27,28,29,30
1,33,34,37,6,40,11,12,14,15,18,22,23,24,25,26,27,28,29,30>32,34,36,5,7,37,12,14,18,21,31,1,33,40,15,22,25,26,27,28,29,30
1,33,34,37,6,40,11,12,14,15,18,22,23,24,25,26,27,28,29,30>32,6,8,12,21,1,33,40,15,22,25,26,27,28,29,30
1,33,34,37,6,40,11,12,14,15,18,22,23,24,25,26,27,28,29,30>34,5,6,8,11,12,21,23,24,1,33,40,15,22,25,26,27,28,29,30
1,33,34,37,6,40,11,12,14,15,18,22,23,24,25,26,27,28,29,30>32,34,36,5,6,18,31,1,33,40,15,22,25,26,27,28,29,30
1,34,3,35,5,6,36,8,37,10,12,13,14,21,24,25,29,31>4,10,11,12,20,21,24,29,31,1,3,35,5,37,8,13,14,25
1,34,3,35,5,6,36,8,37,10,12,13,14,21,24,25,29,31>36,12,15,27,31,1,3,35,5,37,8,13,14,25
1,34,3,35,5,6,36,8,37,10,12,13,14,21,24,25,29,31>34,36,11,12,20,24,27,29,1,3,35,5,37,8,13,14,25
1,34,3,35,5,6,36,8,37,10,12,13,14,21,24,25,29,31>4,36,10,11,12,17,20,24,27,31,1,3,35,5,37,8,13,14,25
1,34,3,35,5,6,36,8,37,10,12,13,14,21,24,25,29,31>36,6,17,20,27,31,1,3,35,5,37,8,13,14,25
1,34,3,35,5,6,36,8,37,10,12,13,14,21,24,25,29,31>4,36,6,11,12,16,17,21,1,3,35,5,37,8,13,14,25
1,34,3,35,5,6,36,8,37,10,12,13,14,21,24,25,29,31>34,4,36,6,15,16,31,1,3,35,5,37,8,13,14,25
1,34,3,35,5,6,36,8,37,10,12,13,14,21,24,25,29,31>34,4,36,6,7,10,12,16,20,21,24,31,1,3,35,5,37,8,13,14,25
1,34,3,35,5,6,36,8,37,10,12,13,14,21,24,25,29,31>4,7,10,11,29,31,1,3,35,5,37,8,13,14,25
1,34,3,35,5,6,36,8,37,10,12,13,14,21,24,25,29,31>34,4,36,6,7,10,11,12,16,21,24,1,3,35,5,37,8,13,14,25
1,2,3,5,6,8,10,11,14,15,17,21,22,23,24,27,31,32,33,37,39,40>6,7,17,21,22,24,25,26,29,33,34,36,37,32,1,2,3,5,39,8,11,15,31
1,2,3,5,6,8,10,11,14,15,17,21,22,23,24,27,31,32,33,37,39,40>6,10,17,20,23,24,28,34,40,32,1,2,3,5,39,8,11,15,31
1,2,3,5,6,8,10,11,14,15,17,21,22,23,24,27,31,32,33,37,39,40>6,10,12,14,20,22,23,25,33,35,40,32,1,2,3,5,39,8,11,15,31
1,2,3,5,6,8,10,11,14,15,17,21,22,23,24,27,31,32,33,37,39,40>7,10,12,17,20,21,22,23,24,25,33,34,36,37,40,32,1,2,3,5,39,8,11,15,31
1,2,3,5,6,8,10,11,14,15,17,21,22,23,24,27,31,32,33,37,39,40>6,13,14,24,25,27,28,33,36,40,32,1,2,3,5,39,8,11,15,31
1,2,3,5,6,8,10,11,14,15,17,21,22,23,24,27,31,32,33,37,39,40>10,13,22,23,24,25,26,33,35,32,1,2,3,5,39,8,11,15,31
1,2,3,5,6,8,10,11,14,15,17,21,22,23,24,27,31,32,33,37,39,40>6,10,13,23,25,28,29,34,35,36,37,40,32,1,2,3,5,39,8,11,15,31
1,2,3,5,6,8,10,11,14,15,17,21,22,23,24,27,31,32,33,37,39,40>6,7,10,13,14,17,21,22,23,24,28,29,37,40,32,1,2,3,5,39,8,11,15,31
1,2,3,5,6,8,10,11,14,15,17,21,22,23,24,27,31,32,33,37,39,40>10,12,13,17,22,25,26,27,28,33,35,37,40,32,1,2,3,5,39,8,11,15,31
1,2,3,5,6,8,10,11,14,15,17,21,22,23,24,27,31,32,33,37,39,40>6,7,10,12,13,20,21,22,24,28,29,34,35,36,32,1,2,3,5,39,8,11,15,31
2,4,5,6,8,10,11,12,13,14,15,16,20,23,25,26,29,30,31,32,34,38,40>32,34,6,10,17,23,24,27,29,2,8,40,11,12,13,14,15,16,26,30
2,4,5,6,8,10,11,12,13,14,15,16,20,23,25,26,29,30,31,32,34,38,40>35,6,17,23,24,25,27,31,2,8,40,11,12,13,14,15,16,26,30
2,4,5,6,8,10,11,12,13,14,15,16,20,23,25,26,29,30,31,32,34,38,40>32,34,6,38,9,17,19,23,27,29,31,2,8,40,11,12,13,14,15,16,26,30
2,4,5,6,8,10,11,12,13,14,15,16,20,23,25,26,29,30,31,32,34,38,40>32,34,10,17,19,23,25,27,29,2,8,40,11,12,13,14,15,16,26,30
2,4,5,6,8,10,11,12,13,14,15,16,20,23,25,26,29,30,31,32,34,38,40>32,4,6,10,19,20,25,31,2,8,40,11,12,13,14,15,16,26,30
2,4,5,6,8,10,11,12,13,14,15,16,20,23,25,26,29,30,31,32,34,38,40>34,4,6,9,10,24,25,2,8,40,11,12,13,14,15,16,26,30
2,4,5,6,8,10,11,12,13,14,15,16,20,23,25,26,29,30,31,32,34,38,40>32,35,4,38,10,17,19,23,24,25,27,29,31,2,8,40,11,12,13,14,15,16,26,30
2,4,5,6,8,10,11,12,13,14,15,16,20,23,25,26,29,30,31,32,34,38,40>32,34,35,5,10,20,23,24,31,2,8,40,11,12,13,14,15,16,26,30
2,4,5,6,8,10,11,12,13,14,15,16,20,23,25,26,29,30,31,32,34,38,40>32,4,5,6,38,9,17,20,23,24,27,29,2,8,40,11,12,13,14,15,16,26,30
2,4,5,6,8,10,11,12,13,14,15,16,20,23,25,26,29,30,31,32,34,38,40>35,4,5,6,10,19,20,24,27,29,31,2,8,40,11,12,13,14,15,16,26,30
1,3,7,8,9,14,16,17,18,21,23,24,26,27,30,31,32,33,34,35,37,39>33,4,8,40,14,16,17,21,23,24,25,27,32,1,34,3,35,37,9,26,30,31
1,3,7,8,9,14,16,17,18,21,23,24,26,27,30,31,32,33,34,35,37,39>33,4,8,39,14,18,20,22,23,24,25,32,1,34,3,35,37,9,26,30,31
1,3,7,8,9,14,16,17,18,21,23,24,26,27,30,31,32,33,34,35,37,39>33,5,8,39,40,14,18,20,21,23,24,25,32,1,34,3,35,37,9,26,30,31
1,3,7,8,9,14,16,17,18,21,23,24,26,27,30,31,32,33,34,35,37,39>33,4,36,8,39,14,17,22,24,25,27,32,1,34,3,35,37,9,26,30,31
1,3,7,8,9,14,16,17,18,21,23,24,26,27,30,31,32,33,34,35,37,39>33,4,36,8,18,21,23,24,25,27,32,1,34,3,35,37,9,26,30,31
1,3,7,8,9,14,16,17,18,21,23,24,26,27,30,31,32,33,34,35,37,39>33,4,5,36,14,15,16,20,21,22,27,32,1,34,3,35,37,9,26,30,31
1,3,7,8,9,14,16,17,18,21,23,24,26,27,30,31,32,33,34,35,37,39>7,18,20,25,27,32,1,34,3,35,37,9,26,30,31
1,3,7,8,9,14,16,17,18,21,23,24,26,27,30,31,32,33,34,35,37,39>33,36,7,40,14,17,18,20,32,1,34,3,35,37,9,26,30,31
1,3,7,8,9,14,16,17,18,21,23,24,26,27,30,31,32,33,34,35,37,39>33,4,36,7,40,17,20,21,23,32,1,34,3,35,37,9,26,30,31
1,3,7,8,9,14,16,17,18,21,23,24,26,27,30,31,32,33,34,35,37,39>5,36,7,16,18,21,22,23,24,25,27,32,1,34,3,35,37,9,26,30,31
2,4,5,6,7,9,11,12,13,15,16,20,22,23,24,27,28,29,30,33,34,36,37,38>6,12,13,20,22,23,25,26,27,32,34,37,38,33,2,36,5,9,16,24,28,29
2,4,5,6,7,9,11,12,13,15,16,20,22,23,24,27,28,29,30,33,34,36,37,38>4,6,7,12,13,14,15,20,22,23,27,32,34,40,33,2,36,5,9,16,24,28,29
2,4,5,6,7,9,11,12,13,15,16,20,22,23,24,27,28,29,30,33,34,36,37,38>6,8,14,15,20,25,26,34,37,40,33,2,36,5,9,16,24,28,29
2,4,5,6,7,9,11,12,13,15,16,20,22,23,24,27,28,29,30,33,34,36,37,38>7,8,12,14,20,26,27,30,31,34,33,2,36,5,9,16,24,28,29
2,4,5,6,7,9,11,12,13,15,16,20,22,23,24,27,28,29,30,33,34,36,37,38>4,6,7,8,13,23,25,27,34,38,40,33,2,36,5,9,16,24,28,29
2,4,5,6,7,9,11,12,13,15,16,20,22,23,24,27,28,29,30,33,34,36,37,38>4,6,11,12,13,14,22,23,25,26,32,34,37,33,2,36,5,9,16,24,28,29
2,4,5,6,7,9,11,12,13,15,16,20,22,23,24,27,28,29,30,33,34,36,37,38>4,6,7,11,22,23,25,26,30,34,37,33,2,36,5,9,16,24,28,29
2,4,5,6,7,9,11,12,13,15,16,20,22,23,24,27,28,29,30,33,34,36,37,38>4,6,8,11,12,13,15,17,23,30,31,32,37,38,33,2,36,5,9,16,24,28,29
2,4,5,6,7,9,11,12,13,15,16,20,22,23,24,27,28,29,30,33,34,36,37,38>7,8,11,12,13,14,15,17,20,22,25,26,27,37,33,2,36,5,9,16,24,28,29
2,4,5,6,7,9,11,12,13,15,16,20,22,23,24,27,28,29,30,33,34,36,37,38>4,6,7,8,11,12,17,22,26,30,31,37,38,40,33,2,36,5,9,16,24,28,29
5,37,38,8,9,39,11,12,40,14,15,16,17,18,20,21,26,28,30,31>35,8,16,17,22,24,31,5,39,40,15,20,30
5,37,38,8,9,39,11,12,40,14,15,16,17,18,20,21,26,28,30,31>33,37,9,11,12,16,17,22,24,26,31,5,39,40,15,20,30
5,37,38,8,9,39,11,12,40,14,15,16,17,18,20,21,26,28,30,31>33,37,8,12,17,18,22,26,28,5,39,40,15,20,30
5,37,38,8,9,39,11,12,40,14,15,16,17,18,20,21,26,28,30,31>34,35,37,8,11,12,16,17,21,28,31,5,39,40,15,20,30
5,37,38,8,9,39,11,12,40,14,15,16,17,18,20,21,26,28,30,31>33,34,35,37,8,9,12,14,17,18,21,26,31,5,39,40,15,20,30
5,37,38,8,9,39,11,12,40,14,15,16,17,18,20,21,26,28,30,31>38,8,9,12,18,22,28,31,5,39,40,15,20,30
5,37,38,8,9,39,11,12,40,14,15,16,17,18,20,21,26,28,30,31>34,38,12,17,18,22,26,28,31,5,39,40,15,20,30
5,37,38,8,9,39,11,12,40,14,15,16,17,18,20,21,26,28,30,31>33,34,38,9,12,17,21,26,28,31,5,39,40,15,20,30
5,37,38,8,9,39,11,12,40,14,15,16,17,18,20,21,26,28,30,31>35,38,8,12,14,17,26,31,5,39,40,15,20,30
5,37,38,8,9,39,11,12,40,14,15,16,17,18,20,21,26,28,30,31>34,35,37,38,9,14,22,28,5,39,40,15,20,30
2,4,6,7,8,9,11,12,13,14,16,17,18,19,20,21,26,32,33,35,40>4,5,6,12,15,21,22,23,24,26,30,34,36,39,2,8,9,14,16,17,18,20
2,4,6,7,8,9,11,12,13,14,16,17,18,19,20,21,26,32,33,35,40>4,7,12,13,15,21,22,23,30,32,33,36,37,39,2,8,9,14,16,17,18,20
2,4,6,7,8,9,11,12,13,14,16,17,18,19,20,21,26,32,33,35,40>5,7,15,21,23,30,33,34,36,40,2,8,9,14,16,17,18,20
2,4,6,7,8,9,11,12,13,14,16,17,18,19,20,21,26,32,33,35,40>4,6,7,12,19,21,22,26,30,33,34,35,39,2,8,9,14,16,17,18,20
2,4,6,7,8,9,11,12,13,14,16,17,18,19,20,21,26,32,33,35,40>5,6,7,12,13,22,26,33,34,35,36,37,39,2,8,9,14,16,17,18,20
2,4,6,7,8,9,11,12,13,14,16,17,18,19,20,21,26,32,33,35,40>5,6,7,13,21,24,34,36,39,40,2,8,9,14,16,17,18,20
2,4,6,7,8,9,11,12,13,14,16,17,18,19,20,21,26,32,33,35,40>11,12,22,23,30,33,36,37,40,2,8,9,14,16,17,18,20
2,4,6,7,8,9,11,12,13,14,16,17,18,19,20,21,26,32,33,35,40>5,6,11,13,15,21,22,24,26,33,34,35,36,37,2,8,9,14,16,17,18,20
2,4,6,7,8,9,11,12,13,14,16,17,18,19,20,21,26,32,33,35,40>7,11,12,13,19,23,26,30,32,33,35,36,37,39,2,8,9,14,16,17,18,20
2,4,6,7,8,9,11,12,13,14,16,17,18,19,20,21,26,32,33,35,40>5,7,11,13,19,22,26,33,34,39,2,8,9,14,16,17,18,20
1,2,4,5,6,7,15,17,19,21,22,23,24,26,27,28,30,32,36,37,38,39,40>33,34,4,37,9,18,21,22,24,27,29,31,32,1,2,5,38,7,39,40,23,26,28,30
1,2,4,5,6,7,15,17,19,21,22,23,24,26,27,28,30,32,36,37,38,39,40>33,36,37,17,18,19,20,21,22,27,29,32,1,2,5,38,7,39,40,23,26,28,30
1,2,4,5,6,7,15,17,19,21,22,23,24,26,27,28,30,32,36,37,38,39,40>34,36,37,9,17,19,22,24,25,29,32,1,2,5,38,7,39,40,23,26,28,30
1,2,4,5,6,7,15,17,19,21,22,23,24,26,27,28,30,32,36,37,38,39,40>34,36,8,15,17,20,21,22,24,29,32,1,2,5,38,7,39,40,23,26,28,30
1,2,4,5,6,7,15,17,19,21,22,23,24,26,27,28,30,32,36,37,38,39,40>33,4,36,17,18,19,20,21,22,24,25,29,32,1,2,5,38,7,39,40,23,26,28,30
1,2,4,5,6,7,15,17,19,21,22,23,24,26,27,28,30,32,36,37,38,39,40>33,6,37,8,15,19,20,22,27,32,1,2,5,38,7,39,40,23,26,28,30
1,2,4,5,6,7,15,17,19,21,22,23,24,26,27,28,30,32,36,37,38,39,40>33,4,6,8,15,17,22,24,27,32,1,2,5,38,7,39,40,23,26,28,30
1,2,4,5,6,7,15,17,19,21,22,23,24,26,27,28,30,32,36,37,38,39,40>33,36,6,37,9,15,19,24,27,29,32,1,2,5,38,7,39,40,23,26,28,30
1,2,4,5,6,7,15,17,19,21,22,23,24,26,27,28,30,32,36,37,38,39,40>4,36,6,37,15,18,20,21,22,25,27,29,31,32,1,2,5,38,7,39,40,23,26,28,30
1,2,4,5,6,7,15,17,19,21,22,23,24,26,27,28,30,32,36,37,38,39,40>34,4,36,6,17,18,20,22,24,27,32,1,2,5,38,7,39,40,23,26,28,30
1,2,4,5,8,10,12,14,17,18,20,24,26,27,28,29,30,32,35,36,37,39,40>11,12,14,18,25,26,27,28,31,36,38,32,1,2,37,39,40,20,24,30
1,2,4,5,8,10,12,14,17,18,20,24,26,27,28,29,30,32,35,36,37,39,40>5,13,14,15,22,25,26,28,35,36,38,32,1,2,37,39,40,20,24,30
1,2,4,5,8,10,12,14,17,18,20,24,26,27,28,29,30,32,35,36,37,39,40>5,12,13,17,18,27,33,36,32,1,2,37,39,40,20,24,30
1,2,4,5,8,10,12,14,17,18,20,24,26,27,28,29,30,32,35,36,37,39,40>5,10,17,18,22,26,27,28,33,32,1,2,37,39,40,20,24,30
1,2,4,5,8,10,12,14,17,18,20,24,26,27,28,29,30,32,35,36,37,39,40>7,10,11,12,13,18,22,27,31,35,38,32,1,2,37,39,40,20,24,30
1,2,4,5,8,10,12,14,17,18,20,24,26,27,28,29,30,32,35,36,37,39,40>4,7,10,11,12,13,17,28,33,35,36,38,32,1,2,37,39,40,20,24,30
1,2,4,5,8,10,12,14,17,18,20,24,26,27,28,29,30,32,35,36,37,39,40>4,7,10,11,13,14,15,25,28,29,31,35,36,32,1,2,37,39,40,20,24,30
1,2,4,5,8,10,12,14,17,18,20,24,26,27,28,29,30,32,35,36,37,39,40>7,8,10,11,12,14,15,17,18,22,25,26,28,29,33,35,36,32,1,2,37,39,40,20,24,30
1,2,4,5,8,10,12,14,17,18,20,24,26,27,28,29,30,32,35,36,37,39,40>4,7,8,10,11,12,17,27,29,35,36,38,32,1,2,37,39,40,20,24,30
1,2,4,5,8,10,12,14,17,18,20,24,26,27,28,29,30,32,35,36,37,39,40>4,5,7,8,10,14,15,25,33,35,36,38,32,1,2,37,39,40,20,24,30
32,1,34,36,6,7,38,9,10,40,15,16,20,21,23,24,25,26,28>32,40,11,21,23,27,30,1,34,38,7,9,10,20,24,25,26
32,1,34,36,6,7,38,9,10,40,15,16,20,21,23,24,25,26,28>32,33,8,11,12,15,21,30,1,34,38,7,9,10,20,24,25,26
32,1,34,36,6,7,38,9,10,40,15,16,20,21,23,24,25,26,28>32,33,8,40,11,12,13,16,23,28,30,1,34,38,7,9,10,20,24,25,26
32,1,34,36,6,7,38,9,10,40,15,16,20,21,23,24,25,26,28>36,8,40,12,13,23,27,1,34,38,7,9,10,20,24,25,26
32,1,34,36,6,7,38,9,10,40,15,16,20,21,23,24,25,26,28>32,5,8,11,12,21,27,30,1,34,38,7,9,10,20,24,25,26
32,1,34,36,6,7,38,9,10,40,15,16,20,21,23,24,25,26,28>32,5,11,12,16,21,23,27,30,1,34,38,7,9,10,20,24,25,26
32,1,34,36,6,7,38,9,10,40,15,16,20,21,23,24,25,26,28>33,36,5,8,40,12,13,21,28,30,1,34,38,7,9,10,20,24,25,26
32,1,34,36,6,7,38,9,10,40,15,16,20,21,23,24,25,26,28>6,13,15,23,28,1,34,38,7,9,10,20,24,25,26
32,1,34,36,6,7,38,9,10,40,15,16,20,21,23,24,25,26,28>33,36,6,11,12,27,28,1,34,38,7,9,10,20,24,25,26
32,1,34,36,6,7,38,9,10,40,15,16,20,21,23,24,25,26,28>32,5,6,8,40,15,21,23,27,1,34,38,7,9,10,20,24,25,26
1,2,34,36,5,40,11,17,18,22,24,26,28,31>35,20,21,25,30,31,1,2,34,5,22,28
1,2,34,36,5,40,11,17,18,22,24,26,28,31>33,36,18,24,25,31,1,2,34,5,22,28
1,2,34,36,5,40,11,17,18,22,24,26,28,31>33,35,36,40,17,18,20,25,29,1,2,34,5,22,28
1,2,34,36,5,40,11,17,18,22,24,26,28,31>33,11,17,18,24,26,29,30,1,2,34,5,22,28
1,2,34,36,5,40,11,17,18,22,24,26,28,31>33,36,11,17,20,24,25,26,29,30,1,2,34,5,22,28
1,2,34,36,5,40,11,17,18,22,24,26,28,31>35,36,11,18,20,21,24,26,29,30,31,1,2,34,5,22,28
1,2,34,36,5,40,11,17,18,22,24,26,28,31>33,35,36,11,17,18,24,26,31,1,2,34,5,22,28
1,2,34,36,5,40,11,17,18,22,24,26,28,31>40,11,20,25,29,30,1,2,34,5,22,28
1,2,34,36,5,40,11,17,18,22,24,26,28,31>33,35,40,11,18,20,21,26,29,30,1,2,34,5,22,28
1,2,34,36,5,40,11,17,18,22,24,26,28,31>36,40,11,17,20,21,24,25,29,31,1,2,34,5,22,28
1,2,3,7,8,9,10,11,15,18,19,20,21,22,24,25,31,33,35,37,38,39,40>33,7,38,10,12,13,15,19,23,31,1,2,3,35,37,39,9,11,18,20,21,22,24,25
1,2,3,7,8,9,10,11,15,18,19,20,21,22,24,25,31,33,35,37,38,39,40>34,36,7,38,12,13,15,23,28,29,31,1,2,3,35,37,39,9,11,18,20,21,22,24,25
1,2,3,7,8,9,10,11,15,18,19,20,21,22,24,25,31,33,35,37,38,39,40>34,5,7,8,15,19,29,31,1,2,3,35,37,39,9,11,18,20,21,22,24,25
1,2,3,7,8,9,10,11,15,18,19,20,21,22,24,25,31,33,35,37,38,39,40>33,36,5,40,13,15,28,29,1,2,3,35,37,39,9,11,18,20,21,22,24,25
1,2,3,7,8,9,10,11,15,18,19,20,21,22,24,25,31,33,35,37,38,39,40>33,5,6,38,40,13,23,28,29,31,1,2,3,35,37,39,9,11,18,20,21,22,24,25
1,2,3,7,8,9,10,11,15,18,19,20,21,22,24,25,31,33,35,37,38,39,40>33,34,6,38,10,40,12,13,15,23,27,28,29,31,1,2,3,35,37,39,9,11,18,20,21,22,24,25
1,2,3,7,8,9,10,11,15,18,19,20,21,22,24,25,31,33,35,37,38,39,40>33,5,6,7,8,10,13,27,28,29,31,1,2,3,35,37,39,9,11,18,20,21,22,24,25
1,2,3,7,8,9,10,11,15,18,19,20,21,22,24,25,31,33,35,37,38,39,40>33,34,5,6,7,40,12,23,29,31,1,2,3,35,37,39,9,11,18,20,21,22,24,25
1,2,3,7,8,9,10,11,15,18,19,20,21,22,24,25,31,33,35,37,38,39,40>36,5,6,7,8,38,12,13,15,23,27,29,31,1,2,3,35,37,39,9,11,18,20,21,22,24,25
1,2,3,7,8,9,10,11,15,18,19,20,21,22,24,25,31,33,35,37,38,39,40>33,34,5,6,8,38,40,13,27,28,1,2,3,35,37,39,9,11,18,20,21,22,24,25
1,2,3,4,10,14,17,20,21,22,24,25,26,27,29,30,32,33,34,35,38,39,40>35,7,38,14,15,31,32,1,2,3,4,40,20,24,25,27,29,30
1,2,3,4,10,14,17,20,21,22,24,25,26,27,29,30,32,33,34,35,38,39,40>36,6,7,38,39,10,17,21,28,31,32,1,2,3,4,40,20,24,25,27,29,30
1,2,3,4,10,14,17,20,21,22,24,25,26,27,29,30,32,33,34,35,38,39,40>36,6,7,39,10,11,13,15,21,22,26,31,32,1,2,3,4,40,20,24,25,27,29,30
1,2,3,4,10,14,17,20,21,22,24,25,26,27,29,30,32,33,34,35,38,39,40>34,36,6,7,38,10,11,14,26,28,32,1,2,3,4,40,20,24,25,27,29,30
1,2,3,4,10,14,17,20,21,22,24,25,26,27,29,30,32,33,34,35,38,39,40>35,36,6,7,38,10,13,14,17,21,31,32,1,2,3,4,40,20,24,25,27,29,30
1,2,3,4,10,14,17,20,21,22,24,25,26,27,29,30,32,33,34,35,38,39,40>33,37,39,11,14,17,28,32,1,2,3,4,40,20,24,25,27,29,30
1,2,3,4,10,14,17,20,21,22,24,25,26,27,29,30,32,33,34,35,38,39,40>33,34,37,7,11,13,15,17,21,22,28,32,1,2,3,4,40,20,24,25,27,29,30
1,2,3,4,10,14,17,20,21,22,24,25,26,27,29,30,32,33,34,35,38,39,40>33,34,35,37,7,38,10,13,14,17,22,26,32,1,2,3,4,40,20,24,25,27,29,30
1,2,3,4,10,14,17,20,21,22,24,25,26,27,29,30,32,33,34,35,38,39,40>34,36,37,38,11,14,17,26,31,32,1,2,3,4,40,20,24,25,27,29,30
1,2,3,4,10,14,17,20,21,22,24,25,26,27,29,30,32,33,34,35,38,39,40>33,34,35,36,37,6,11,13,14,15,17,26,32,1,2,3,4,40,20,24,25,27,29,30
33,34,4,6,7,9,10,12,14,15,18,22,30>4,36,11,21,28,30,34,9,10,12,15,22
33,34,4,6,7,9,10,12,14,15,18,22,30>33,4,8,11,13,18,28,30,34,9,10,12,15,22
33,34,4,6,7,9,10,12,14,15,18,22,30>4,5,40,11,13,14,28,29,34,9,10,12,15,22
33,34,4,6,7,9,10,12,14,15,18,22,30>4,5,8,13,14,18,28,29,34,9,10,12,15,22
33,34,4,6,7,9,10,12,14,15,18,22,30>6,7,8,36,40,11,28,30,34,9,10,12,15,22
33,34,4,6,7,9,10,12,14,15,18,22,30>33,5,6,40,11,29,34,9,10,12,15,22
33,34,4,6,7,9,10,12,14,15,18,22,30>33,4,5,6,11,21,29,30,34,9,10,12,15,22
33,34,4,6,7,9,10,12,14,15,18,22,30>7,40,13,14,18,21,29,34,9,10,12,15,22
33,34,4,6,7,9,10,12,14,15,18,22,30>6,7,8,40,13,34,9,10,12,15,22
33,34,4,6,7,9,10,12,14,15,18,22,30>33,4,6,7,18,21,34,9,10,12,15,22
2,34,35,36,6,7,38,39,10,11,40,15,16,22,23,24,25,27,29,30>6,15,22,26,30,34,36,38,2,40,11,25,27,29
2,34,35,36,6,7,38,39,10,11,40,15,16,22,23,24,25,27,29,30>7,22,24,28,30,34,35,37,39,2,40,11,25,27,29
2,34,35,36,6,7,38,39,10,11,40,15,16,22,23,24,25,27,29,30>5,7,16,23,24,28,30,31,34,35,36,37,38,2,40,11,25,27,29
2,34,35,36,6,7,38,39,10,11,40,15,16,22,23,24,25,27,29,30>5,6,7,12,13,16,22,28,30,34,2,40,11,25,27,29
2,34,35,36,6,7,38,39,10,11,40,15,16,22,23,24,25,27,29,30>7,8,13,15,23,26,28,32,36,37,38,2,40,11,25,27,29
2,34,35,36,6,7,38,39,10,11,40,15,16,22,23,24,25,27,29,30>6,7,8,12,22,24,31,32,34,36,38,39,2,40,11,25,27,29
2,34,35,36,6,7,38,39,10,11,40,15,16,22,23,24,25,27,29,30>9,12,16,22,23,24,26,28,32,35,37,2,40,11,25,27,29
2,34,35,36,6,7,38,39,10,11,40,15,16,22,23,24,25,27,29,30>7,9,10,15,16,22,23,26,28,37,38,2,40,11,25,27,29
2,34,35,36,6,7,38,39,10,11,40,15,16,22,23,24,25,27,29,30>7,9,12,24,28,30,32,34,36,39,2,40,11,25,27,29
2,34,35,36,6,7,38,39,10,11,40,15,16,22,23,24,25,27,29,30>5,6,7,8,9,10,13,15,22,23,24,28,32,37,38,39,2,40,11,25,27,29
