CD45,CD8,TCRlig,TCbind,PAGCsk,LCK,Fyn,Rlk,TCRphos,ZAP70,cCbl,Itk,LAT,Gads,Slp76,PLCg_b,Grb2Sos,DAG,PLCg_a,Ras,RasGRP1,PKCth,IP3,Raf,MEK,Ca,ERK,SEK,IKK,Calcin,Rsk,Fos,JNK,IkB,CREB,Jun,CRE,AP1,NFkB,NFAT
1,2,3,33,5,39,8,10,12,13,14,16,17,20,23,24,27,30>32,33,8,40,15,27,30,1,2,3,5,39,13,14,16,17,20,24
1,2,3,33,5,39,8,10,12,13,14,16,17,20,23,24,27,30>32,33,34,8,11,12,15,23,25,27,31,1,2,3,5,39,13,14,16,17,20,24
1,2,3,33,5,39,8,10,12,13,14,16,17,20,23,24,27,30>32,33,4,8,40,10,23,25,30,31,1,2,3,5,39,13,14,16,17,20,24
1,2,3,33,5,39,8,10,12,13,14,16,17,20,23,24,27,30>34,4,8,40,11,12,15,26,27,30,1,2,3,5,39,13,14,16,17,20,24
1,2,3,33,5,39,8,10,12,13,14,16,17,20,23,24,27,30>34,4,11,15,23,25,27,30,31,1,2,3,5,39,13,14,16,17,20,24
1,2,3,33,5,39,8,10,12,13,14,16,17,20,23,24,27,30>34,4,8,40,10,11,25,27,30,1,2,3,5,39,13,14,16,17,20,24
1,2,3,33,5,39,8,10,12,13,14,16,17,20,23,24,27,30>34,36,8,10,11,12,23,26,27,31,1,2,3,5,39,13,14,16,17,20,24
1,2,3,33,5,39,8,10,12,13,14,16,17,20,23,24,27,30>33,4,36,8,12,15,27,1,2,3,5,39,13,14,16,17,20,24
1,2,3,33,5,39,8,10,12,13,14,16,17,20,23,24,27,30>33,34,4,36,12,15,23,30,1,2,3,5,39,13,14,16,17,20,24
1,2,3,33,5,39,8,10,12,13,14,16,17,20,23,24,27,30>32,33,34,4,36,23,25,27,31,1,2,3,5,39,13,14,16,17,20,24
32,2,3,5,6,7,38,10,12,17,19,20,21,22,29,30>6,11,12,18,23,24,28,40,2,3,5,20,29
32,2,3,5,6,7,38,10,12,17,19,20,21,22,29,30>4,6,8,10,12,13,17,21,22,30,38,40,2,3,5,20,29
32,2,3,5,6,7,38,10,12,17,19,20,21,22,29,30>4,9,17,18,23,28,32,2,3,5,20,29
32,2,3,5,6,7,38,10,12,17,19,20,21,22,29,30>6,9,10,11,17,22,23,30,40,2,3,5,20,29
32,2,3,5,6,7,38,10,12,17,19,20,21,22,29,30>7,9,13,19,21,24,28,32,38,2,3,5,20,29
32,2,3,5,6,7,38,10,12,17,19,20,21,22,29,30>6,7,9,10,13,18,19,22,24,28,38,2,3,5,20,29
32,2,3,5,6,7,38,10,12,17,19,20,21,22,29,30>4,6,7,9,10,13,17,21,22,23,39,40,2,3,5,20,29
32,2,3,5,6,7,38,10,12,17,19,20,21,22,29,30>4,8,9,10,11,12,21,28,32,38,39,2,3,5,20,29
32,2,3,5,6,7,38,10,12,17,19,20,21,22,29,30>6,8,9,10,19,22,24,32,38,40,2,3,5,20,29
32,2,3,5,6,7,38,10,12,17,19,20,21,22,29,30>4,6,8,9,10,11,12,19,21,22,23,24,28,30,38,39,2,3,5,20,29
6,8,9,11,14,16,17,18,19,20,21,24,26,29,30,31,32,33,34,35,36,37,39,40>5,6,17,19,21,22,25,29,32,33,34,35,36,37,8,40,18,20,24,30
6,8,9,11,14,16,17,18,19,20,21,24,26,29,30,31,32,33,34,35,36,37,39,40>5,9,16,17,19,21,26,29,33,38,39,35,36,37,8,40,18,20,24,30
6,8,9,11,14,16,17,18,19,20,21,24,26,29,30,31,32,33,34,35,36,37,39,40>6,9,15,16,17,19,22,25,26,29,33,34,35,36,37,8,40,18,20,24,30
6,8,9,11,14,16,17,18,19,20,21,24,26,29,30,31,32,33,34,35,36,37,39,40>5,6,11,15,16,19,21,23,26,29,34,35,36,37,8,40,18,20,24,30
6,8,9,11,14,16,17,18,19,20,21,24,26,29,30,31,32,33,34,35,36,37,39,40>9,11,15,16,17,19,21,26,29,32,33,39,35,36,37,8,40,18,20,24,30
6,8,9,11,14,16,17,18,19,20,21,24,26,29,30,31,32,33,34,35,36,37,39,40>5,6,11,14,16,17,22,23,29,38,35,36,37,8,40,18,20,24,30
6,8,9,11,14,16,17,18,19,20,21,24,26,29,30,31,32,33,34,35,36,37,39,40>5,14,15,19,22,23,34,39,35,36,37,8,40,18,20,24,30
6,8,9,11,14,16,17,18,19,20,21,24,26,29,30,31,32,33,34,35,36,37,39,40>5,14,15,17,23,29,31,33,39,35,36,37,8,40,18,20,24,30
6,8,9,11,14,16,17,18,19,20,21,24,26,29,30,31,32,33,34,35,36,37,39,40>9,14,21,22,26,32,38,39,35,36,37,8,40,18,20,24,30
6,8,9,11,14,16,17,18,19,20,21,24,26,29,30,31,32,33,34,35,36,37,39,40>5,6,11,14,17,22,23,26,32,35,36,37,8,40,18,20,24,30
1,2,4,6,9,10,11,12,13,14,15,16,27,28,29,30,32,33,35,38,39>4,38,10,40,17,19,29,30,32,1,2,33,6,39,9,11,12,13,14,15,16
1,2,4,6,9,10,11,12,13,14,15,16,27,28,29,30,32,33,35,38,39>4,36,8,38,17,27,28,30,32,1,2,33,6,39,9,11,12,13,14,15,16
1,2,4,6,9,10,11,12,13,14,15,16,27,28,29,30,32,33,35,38,39>35,4,36,38,17,19,27,28,29,32,1,2,33,6,39,9,11,12,13,14,15,16
1,2,4,6,9,10,11,12,13,14,15,16,27,28,29,30,32,33,35,38,39>4,36,37,28,30,31,32,1,2,33,6,39,9,11,12,13,14,15,16
1,2,4,6,9,10,11,12,13,14,15,16,27,28,29,30,32,33,35,38,39>35,4,36,37,8,40,17,19,30,31,32,1,2,33,6,39,9,11,12,13,14,15,16
1,2,4,6,9,10,11,12,13,14,15,16,27,28,29,30,32,33,35,38,39>4,36,37,8,10,40,19,30,31,32,1,2,33,6,39,9,11,12,13,14,15,16
1,2,4,6,9,10,11,12,13,14,15,16,27,28,29,30,32,33,35,38,39>35,4,7,8,38,40,19,28,29,30,31,32,1,2,33,6,39,9,11,12,13,14,15,16
1,2,4,6,9,10,11,12,13,14,15,16,27,28,29,30,32,33,35,38,39>35,37,7,8,10,17,29,30,31,32,1,2,33,6,39,9,11,12,13,14,15,16
1,2,4,6,9,10,11,12,13,14,15,16,27,28,29,30,32,33,35,38,39>4,37,7,38,10,40,17,29,32,1,2,33,6,39,9,11,12,13,14,15,16
1,2,4,6,9,10,11,12,13,14,15,16,27,28,29,30,32,33,35,38,39>36,37,7,38,10,17,27,28,32,1,2,33,6,39,9,11,12,13,14,15,16
33,2,35,4,6,7,39,10,12,14,15,19,20,23,24,27>4,10,18,19,20,31,34,36,37,2,39,12,15,23,24
33,2,35,4,6,7,39,10,12,14,15,19,20,23,24,27>6,19,20,26,27,31,2,39,12,15,23,24
33,2,35,4,6,7,39,10,12,14,15,19,20,23,24,27>4,5,6,20,25,26,31,32,33,35,2,39,12,15,23,24
33,2,35,4,6,7,39,10,12,14,15,19,20,23,24,27>5,7,9,10,11,13,19,25,26,35,36,37,2,39,12,15,23,24
33,2,35,4,6,7,39,10,12,14,15,19,20,23,24,27>5,7,8,9,10,13,20,26,27,34,36,37,2,39,12,15,23,24
33,2,35,4,6,7,39,10,12,14,15,19,20,23,24,27>5,6,8,9,10,13,19,26,32,33,35,37,2,39,12,15,23,24
33,2,35,4,6,7,39,10,12,14,15,19,20,23,24,27>4,5,6,8,9,14,25,26,33,36,37,2,39,12,15,23,24
33,2,35,4,6,7,39,10,12,14,15,19,20,23,24,27>5,6,8,13,14,19,20,26,31,32,33,35,36,2,39,12,15,23,24
33,2,35,4,6,7,39,10,12,14,15,19,20,23,24,27>4,7,8,9,10,13,14,18,27,31,34,36,37,2,39,12,15,23,24
33,2,35,4,6,7,39,10,12,14,15,19,20,23,24,27>5,7,8,13,14,18,26,33,36,2,39,12,15,23,24
1,33,3,35,37,6,39,11,16,18,19,20,26,27,28,30>35,7,40,20,22,23,24,26,31,1,33,3,37,39,18,30
1,33,3,35,37,6,39,11,16,18,19,20,26,27,28,30>32,34,35,7,40,11,20,22,24,1,33,3,37,39,18,30
1,33,3,35,37,6,39,11,16,18,19,20,26,27,28,30>32,34,35,36,8,11,16,19,20,22,23,24,27,28,1,33,3,37,39,18,30
1,33,3,35,37,6,39,11,16,18,19,20,26,27,28,30>5,6,7,40,11,16,20,22,24,26,28,1,33,3,37,39,18,30
1,33,3,35,37,6,39,11,16,18,19,20,26,27,28,30>32,5,40,20,23,24,28,31,1,33,3,37,39,18,30
1,33,3,35,37,6,39,11,16,18,19,20,26,27,28,30>34,5,6,40,11,16,19,20,22,24,26,28,1,33,3,37,39,18,30
1,33,3,35,37,6,39,11,16,18,19,20,26,27,28,30>34,35,36,5,6,8,40,11,16,22,23,1,33,3,37,39,18,30
1,33,3,35,37,6,39,11,16,18,19,20,26,27,28,30>32,35,5,6,7,8,11,16,19,20,22,24,28,1,33,3,37,39,18,30
1,33,3,35,37,6,39,11,16,18,19,20,26,27,28,30>34,35,36,5,7,8,16,20,26,27,31,1,33,3,37,39,18,30
1,33,3,35,37,6,39,11,16,18,19,20,26,27,28,30>34,35,36,5,7,11,16,19,22,23,24,26,27,28,31,1,33,3,37,39,18,30
32,2,34,36,5,6,7,11,12,13,15,16,18,19,20,22,24,27,29>6,7,17,20,21,27,28,34,36,38,32,2,5,16,18,22,24,29
32,2,34,36,5,6,7,11,12,13,15,16,18,19,20,22,24,27,29>6,7,9,12,13,15,19,21,27,31,34,36,32,2,5,16,18,22,24,29
32,2,34,36,5,6,7,11,12,13,15,16,18,19,20,22,24,27,29>8,9,15,17,20,21,28,34,36,32,2,5,16,18,22,24,29
32,2,34,36,5,6,7,11,12,13,15,16,18,19,20,22,24,27,29>6,8,9,12,13,14,19,25,27,36,38,32,2,5,16,18,22,24,29
32,2,34,36,5,6,7,11,12,13,15,16,18,19,20,22,24,27,29>7,8,9,20,23,25,27,31,38,32,2,5,16,18,22,24,29
32,2,34,36,5,6,7,11,12,13,15,16,18,19,20,22,24,27,29>6,7,8,9,14,17,19,20,23,28,31,34,32,2,5,16,18,22,24,29
32,2,34,36,5,6,7,11,12,13,15,16,18,19,20,22,24,27,29>7,8,9,12,13,15,21,25,27,34,36,32,2,5,16,18,22,24,29
32,2,34,36,5,6,7,11,12,13,15,16,18,19,20,22,24,27,29>7,11,12,19,23,25,27,28,34,32,2,5,16,18,22,24,29
32,2,34,36,5,6,7,11,12,13,15,16,18,19,20,22,24,27,29>6,7,9,11,17,28,31,34,36,38,32,2,5,16,18,22,24,29
32,2,34,36,5,6,7,11,12,13,15,16,18,19,20,22,24,27,29>6,7,9,11,12,15,17,19,20,23,32,2,5,16,18,22,24,29
3,4,5,6,9,17,20,21,22,26,27,28,29,30,32,34,36,37,38,39,40>34,37,8,10,17,22,24,26,31,32,3,4,38,40,9,20,28,29,30
3,4,5,6,9,17,20,21,22,26,27,28,29,30,32,34,36,37,38,39,40>36,39,17,21,27,31,32,3,4,38,40,9,20,28,29,30
3,4,5,6,9,17,20,21,22,26,27,28,29,30,32,34,36,37,38,39,40>33,36,37,8,39,17,24,26,31,32,3,4,38,40,9,20,28,29,30
3,4,5,6,9,17,20,21,22,26,27,28,29,30,32,34,36,37,38,39,40>5,37,8,22,24,27,32,3,4,38,40,9,20,28,29,30
3,4,5,6,9,17,20,21,22,26,27,28,29,30,32,34,36,37,38,39,40>33,5,8,10,17,21,27,32,3,4,38,40,9,20,28,29,30
3,4,5,6,9,17,20,21,22,26,27,28,29,30,32,34,36,37,38,39,40>33,34,5,37,8,10,17,26,27,31,32,3,4,38,40,9,20,28,29,30
3,4,5,6,9,17,20,21,22,26,27,28,29,30,32,34,36,37,38,39,40>33,36,5,37,10,17,21,22,24,26,32,3,4,38,40,9,20,28,29,30
3,4,5,6,9,17,20,21,22,26,27,28,29,30,32,34,36,37,38,39,40>34,36,5,8,39,10,26,31,32,3,4,38,40,9,20,28,29,30
3,4,5,6,9,17,20,21,22,26,27,28,29,30,32,34,36,37,38,39,40>33,6,37,39,17,27,32,3,4,38,40,9,20,28,29,30
3,4,5,6,9,17,20,21,22,26,27,28,29,30,32,34,36,37,38,39,40>34,5,6,8,10,24,31,32,3,4,38,40,9,20,28,29,30
2,3,4,5,8,10,11,13,14,16,18,19,24,25,28,29,31,32,33,34,37,38>32,34,35,37,8,19,24,27,28,29,31,33,2,3,11,13,14,16,18,25
2,3,4,5,8,10,11,13,14,16,18,19,24,25,28,29,31,32,33,34,37,38>32,4,36,37,15,29,31,33,2,3,11,13,14,16,18,25
2,3,4,5,8,10,11,13,14,16,18,19,24,25,28,29,31,32,33,34,37,38>32,4,37,8,15,17,19,22,24,27,28,33,2,3,11,13,14,16,18,25
2,3,4,5,8,10,11,13,14,16,18,19,24,25,28,29,31,32,33,34,37,38>32,34,4,36,37,38,19,27,28,29,31,33,2,3,11,13,14,16,18,25
2,3,4,5,8,10,11,13,14,16,18,19,24,25,28,29,31,32,33,34,37,38>5,36,37,8,38,27,29,31,33,2,3,11,13,14,16,18,25
2,3,4,5,8,10,11,13,14,16,18,19,24,25,28,29,31,32,33,34,37,38>5,36,8,17,19,24,33,2,3,11,13,14,16,18,25
2,3,4,5,8,10,11,13,14,16,18,19,24,25,28,29,31,32,33,34,37,38>5,36,8,38,10,17,24,28,29,31,33,2,3,11,13,14,16,18,25
2,3,4,5,8,10,11,13,14,16,18,19,24,25,28,29,31,32,33,34,37,38>35,5,36,8,15,24,27,28,29,33,2,3,11,13,14,16,18,25
2,3,4,5,8,10,11,13,14,16,18,19,24,25,28,29,31,32,33,34,37,38>32,35,5,38,10,17,19,27,28,29,33,2,3,11,13,14,16,18,25
2,3,4,5,8,10,11,13,14,16,18,19,24,25,28,29,31,32,33,34,37,38>32,4,5,37,38,24,27,28,31,33,2,3,11,13,14,16,18,25
32,35,5,37,38,39,9,40,12,14,16,17,25,27,28>34,9,15,25,28,32,37,5,39,27
32,35,5,37,38,39,9,40,12,14,16,17,25,27,28>34,12,14,15,16,17,20,28,31,32,37,5,39,27
32,35,5,37,38,39,9,40,12,14,16,17,25,27,28>35,14,20,25,28,31,32,37,5,39,27
32,35,5,37,38,39,9,40,12,14,16,17,25,27,28>33,34,38,9,12,16,17,20,25,32,37,5,39,27
32,35,5,37,38,39,9,40,12,14,16,17,25,27,28>34,40,14,15,16,31,32,37,5,39,27
32,35,5,37,38,39,9,40,12,14,16,17,25,27,28>35,40,9,12,14,15,16,17,20,28,31,32,37,5,39,27
32,35,5,37,38,39,9,40,12,14,16,17,25,27,28>33,35,40,15,16,20,25,32,37,5,39,27
32,35,5,37,38,39,9,40,12,14,16,17,25,27,28>34,35,40,12,15,16,17,20,28,31,32,37,5,39,27
32,35,5,37,38,39,9,40,12,14,16,17,25,27,28>33,38,40,9,15,17,20,28,32,37,5,39,27
32,35,5,37,38,39,9,40,12,14,16,17,25,27,28>33,35,38,40,9,12,16,17,28,32,37,5,39,27
33,2,34,37,38,7,40,9,10,11,17,20,22,23,25,27,28,29,30>32,34,38,10,13,17,22,24,31,33,2,40,9,11,20,27,28,29
33,2,34,37,38,7,40,9,10,11,17,20,22,23,25,27,28,29,30>36,7,23,24,25,31,33,2,40,9,11,20,27,28,29
33,2,34,37,38,7,40,9,10,11,17,20,22,23,25,27,28,29,30>34,36,38,13,22,23,24,30,31,33,2,40,9,11,20,27,28,29
33,2,34,37,38,7,40,9,10,11,17,20,22,23,25,27,28,29,30>32,5,13,17,22,23,24,26,31,33,2,40,9,11,20,27,28,29
33,2,34,37,38,7,40,9,10,11,17,20,22,23,25,27,28,29,30>32,34,5,22,25,26,30,31,33,2,40,9,11,20,27,28,29
33,2,34,37,38,7,40,9,10,11,17,20,22,23,25,27,28,29,30>34,36,5,7,38,13,24,25,26,30,33,2,40,9,11,20,27,28,29
33,2,34,37,38,7,40,9,10,11,17,20,22,23,25,27,28,29,30>32,34,37,13,17,22,25,26,30,31,33,2,40,9,11,20,27,28,29
33,2,34,37,38,7,40,9,10,11,17,20,22,23,25,27,28,29,30>36,37,7,38,17,23,24,30,31,33,2,40,9,11,20,27,28,29
33,2,34,37,38,7,40,9,10,11,17,20,22,23,25,27,28,29,30>32,36,37,7,38,10,13,22,23,24,25,30,33,2,40,9,11,20,27,28,29
33,2,34,37,38,7,40,9,10,11,17,20,22,23,25,27,28,29,30>36,37,38,13,23,30,31,33,2,40,9,11,20,27,28,29
1,2,4,7,9,10,13,14,15,16,18,19,20,25,26,27,28,31,32,34,36>33,36,10,17,19,20,22,24,25,26,30,32,1,2,34,7,9,13,14,15,16,18,27,31
1,2,4,7,9,10,13,14,15,16,18,19,20,25,26,27,28,31,32,34,36>35,38,12,17,19,20,22,23,25,26,28,30,32,1,2,34,7,9,13,14,15,16,18,27,31
1,2,4,7,9,10,13,14,15,16,18,19,20,25,26,27,28,31,32,34,36>33,35,4,36,12,20,24,25,26,32,1,2,34,7,9,13,14,15,16,18,27,31
1,2,4,7,9,10,13,14,15,16,18,19,20,25,26,27,28,31,32,34,36>5,36,38,10,19,20,22,24,28,32,1,2,34,7,9,13,14,15,16,18,27,31
1,2,4,7,9,10,13,14,15,16,18,19,20,25,26,27,28,31,32,34,36>33,4,5,38,17,20,22,23,24,26,28,30,32,1,2,34,7,9,13,14,15,16,18,27,31
1,2,4,7,9,10,13,14,15,16,18,19,20,25,26,27,28,31,32,34,36>35,4,5,36,17,19,23,24,25,32,1,2,34,7,9,13,14,15,16,18,27,31
1,2,4,7,9,10,13,14,15,16,18,19,20,25,26,27,28,31,32,34,36>33,5,6,36,11,12,17,19,22,23,24,26,32,1,2,34,7,9,13,14,15,16,18,27,31
1,2,4,7,9,10,13,14,15,16,18,19,20,25,26,27,28,31,32,34,36>33,35,4,6,38,10,12,19,20,22,28,30,32,1,2,34,7,9,13,14,15,16,18,27,31
1,2,4,7,9,10,13,14,15,16,18,19,20,25,26,27,28,31,32,34,36>33,5,6,10,11,12,20,22,23,24,25,28,30,32,1,2,34,7,9,13,14,15,16,18,27,31
1,2,4,7,9,10,13,14,15,16,18,19,20,25,26,27,28,31,32,34,36>33,4,5,6,11,12,19,20,23,24,32,1,2,34,7,9,13,14,15,16,18,27,31
2,4,5,6,7,8,9,12,13,14,15,17,18,20,21,23,25,28,30,32,33,34,36,37,39,40>7,25,30,32,37,38,33,2,34,36,5,8,9,40,14,15,17,20
2,4,5,6,7,8,9,12,13,14,15,17,18,20,21,23,25,28,30,32,33,34,36,37,39,40>4,7,13,16,18,21,25,28,32,37,33,2,34,36,5,8,9,40,14,15,17,20
2,4,5,6,7,8,9,12,13,14,15,17,18,20,21,23,25,28,30,32,33,34,36,37,39,40>6,7,18,22,23,26,27,30,37,33,2,34,36,5,8,9,40,14,15,17,20
2,4,5,6,7,8,9,12,13,14,15,17,18,20,21,23,25,28,30,32,33,34,36,37,39,40>6,10,13,18,23,25,26,27,30,32,38,39,33,2,34,36,5,8,9,40,14,15,17,20
2,4,5,6,7,8,9,12,13,14,15,17,18,20,21,23,25,28,30,32,33,34,36,37,39,40>4,6,10,26,27,30,39,33,2,34,36,5,8,9,40,14,15,17,20
2,4,5,6,7,8,9,12,13,14,15,17,18,20,21,23,25,28,30,32,33,34,36,37,39,40>6,10,13,18,21,22,24,26,28,30,32,37,39,33,2,34,36,5,8,9,40,14,15,17,20
2,4,5,6,7,8,9,12,13,14,15,17,18,20,21,23,25,28,30,32,33,34,36,37,39,40>6,7,10,13,21,24,25,26,27,30,32,37,33,2,34,36,5,8,9,40,14,15,17,20
2,4,5,6,7,8,9,12,13,14,15,17,18,20,21,23,25,28,30,32,33,34,36,37,39,40>4,6,12,22,23,27,28,30,37,39,33,2,34,36,5,8,9,40,14,15,17,20
2,4,5,6,7,8,9,12,13,14,15,17,18,20,21,23,25,28,30,32,33,34,36,37,39,40>4,6,7,12,16,22,23,25,26,32,37,39,33,2,34,36,5,8,9,40,14,15,17,20
2,4,5,6,7,8,9,12,13,14,15,17,18,20,21,23,25,28,30,32,33,34,36,37,39,40>4,7,10,12,13,21,22,23,24,25,30,32,37,33,2,34,36,5,8,9,40,14,15,17,20
32,33,3,36,5,38,9,10,11,15,17,18,21,22,23,25,29,31>13,17,23,27,31,3,36,5,38,11,21,22,29
32,33,3,36,5,38,9,10,11,15,17,18,21,22,23,25,29,31>10,12,15,25,26,28,31,3,36,5,38,11,21,22,29
32,33,3,36,5,38,9,10,11,15,17,18,21,22,23,25,29,31>33,13,15,17,18,20,25,26,27,28,31,3,36,5,38,11,21,22,29
32,33,3,36,5,38,9,10,11,15,17,18,21,22,23,25,29,31>33,20,23,25,27,28,3,36,5,38,11,21,22,29
32,33,3,36,5,38,9,10,11,15,17,18,21,22,23,25,29,31>32,33,39,10,12,13,15,20,23,26,28,31,3,36,5,38,11,21,22,29
32,33,3,36,5,38,9,10,11,15,17,18,21,22,23,25,29,31>32,35,39,10,13,15,17,18,25,27,31,3,36,5,38,11,21,22,29
32,33,3,36,5,38,9,10,11,15,17,18,21,22,23,25,29,31>9,10,13,17,18,23,25,26,27,3,36,5,38,11,21,22,29
32,33,3,36,5,38,9,10,11,15,17,18,21,22,23,25,29,31>32,9,10,15,17,18,26,27,28,31,3,36,5,38,11,21,22,29
32,33,3,36,5,38,9,10,11,15,17,18,21,22,23,25,29,31>35,9,10,12,15,17,18,23,26,27,28,3,36,5,38,11,21,22,29
32,33,3,36,5,38,9,10,11,15,17,18,21,22,23,25,29,31>32,33,35,39,9,15,25,28,31,3,36,5,38,11,21,22,29
32,3,4,35,36,37,8,9,38,11,12,13,14,15,39,19,22,25,26,31>18,19,22,25,26,27,28,36,35,3,37,38,39,14,15
32,3,4,35,36,37,8,9,38,11,12,13,14,15,39,19,22,25,26,31>8,13,22,26,28,30,31,32,35,3,37,38,39,14,15
32,3,4,35,36,37,8,9,38,11,12,13,14,15,39,19,22,25,26,31>4,8,18,19,22,27,28,29,30,31,32,35,3,37,38,39,14,15
32,3,4,35,36,37,8,9,38,11,12,13,14,15,39,19,22,25,26,31>11,16,22,23,30,32,36,35,3,37,38,39,14,15
32,3,4,35,36,37,8,9,38,11,12,13,14,15,39,19,22,25,26,31>4,8,11,13,17,22,27,28,29,30,31,32,34,35,3,37,38,39,14,15
32,3,4,35,36,37,8,9,38,11,12,13,14,15,39,19,22,25,26,31>9,11,13,17,19,23,26,29,30,32,36,35,3,37,38,39,14,15
32,3,4,35,36,37,8,9,38,11,12,13,14,15,39,19,22,25,26,31>4,9,11,16,17,18,19,25,26,28,29,31,36,35,3,37,38,39,14,15
32,3,4,35,36,37,8,9,38,11,12,13,14,15,39,19,22,25,26,31>8,9,11,13,17,19,23,26,29,30,31,36,35,3,37,38,39,14,15
32,3,4,35,36,37,8,9,38,11,12,13,14,15,39,19,22,25,26,31>4,12,13,17,22,23,25,26,27,28,30,32,36,35,3,37,38,39,14,15
32,3,4,35,36,37,8,9,38,11,12,13,14,15,39,19,22,25,26,31>9,11,12,13,16,28,29,30,34,36,35,3,37,38,39,14,15
32,33,34,3,35,36,6,7,8,38,40,12,16,18,22,23,28,31>9,40,12,21,29,33,34,3,36,35,38,8,22,28
32,33,34,3,35,36,6,7,8,38,40,12,16,18,22,23,28,31>5,9,12,16,18,21,33,34,3,36,35,38,8,22,28
32,33,34,3,35,36,6,7,8,38,40,12,16,18,22,23,28,31>32,4,5,12,16,23,26,29,33,34,3,36,35,38,8,22,28
32,33,34,3,35,36,6,7,8,38,40,12,16,18,22,23,28,31>6,9,40,16,18,21,23,26,31,33,34,3,36,35,38,8,22,28
32,33,34,3,35,36,6,7,8,38,40,12,16,18,22,23,28,31>32,6,40,21,26,31,33,34,3,36,35,38,8,22,28
32,33,34,3,35,36,6,7,8,38,40,12,16,18,22,23,28,31>32,6,16,18,29,31,33,34,3,36,35,38,8,22,28
32,33,34,3,35,36,6,7,8,38,40,12,16,18,22,23,28,31>32,4,6,37,9,40,12,18,23,26,29,33,34,3,36,35,38,8,22,28
32,33,34,3,35,36,6,7,8,38,40,12,16,18,22,23,28,31>5,7,9,40,12,16,21,26,33,34,3,36,35,38,8,22,28
32,33,34,3,35,36,6,7,8,38,40,12,16,18,22,23,28,31>6,7,12,18,21,23,33,34,3,36,35,38,8,22,28
32,33,34,3,35,36,6,7,8,38,40,12,16,18,22,23,28,31>5,6,7,9,16,18,21,26,31,33,34,3,36,35,38,8,22,28
32,33,3,6,38,8,15,18,21,22,23,25,26,27,29,30,31>15,18,20,36,32,3,8,21,22,26,27,29,30,31
32,33,3,6,38,8,15,18,21,22,23,25,26,27,29,30,31>33,35,4,36,38,40,25,32,3,8,21,22,26,27,29,30,31
32,33,3,6,38,8,15,18,21,22,23,25,26,27,29,30,31>33,5,36,23,25,32,3,8,21,22,26,27,29,30,31
32,33,3,6,38,8,15,18,21,22,23,25,26,27,29,30,31>33,5,39,40,15,18,23,28,32,3,8,21,22,26,27,29,30,31
32,33,3,6,38,8,15,18,21,22,23,25,26,27,29,30,31>35,4,5,6,36,39,15,20,23,32,3,8,21,22,26,27,29,30,31
32,33,3,6,38,8,15,18,21,22,23,25,26,27,29,30,31>35,4,5,39,40,15,20,23,32,3,8,21,22,26,27,29,30,31
32,33,3,6,38,8,15,18,21,22,23,25,26,27,29,30,31>35,4,5,36,40,18,20,23,25,28,32,3,8,21,22,26,27,29,30,31
32,33,3,6,38,8,15,18,21,22,23,25,26,27,29,30,31>33,4,6,38,39,40,15,18,23,25,28,32,3,8,21,22,26,27,29,30,31
32,33,3,6,38,8,15,18,21,22,23,25,26,27,29,30,31>33,4,6,36,38,39,40,15,18,23,32,3,8,21,22,26,27,29,30,31
32,33,3,6,38,8,15,18,21,22,23,25,26,27,29,30,31>35,4,5,6,36,39,40,15,18,25,28,32,3,8,21,22,26,27,29,30,31
1,4,7,8,9,10,11,12,13,16,18,19,22,24,28,29,30,34,36,37,38>34,37,38,10,14,19,23,25,30,1,7,9,11,13,16,18,22,28,29
1,4,7,8,9,10,11,12,13,16,18,19,22,24,28,29,30,34,36,37,38>34,37,8,38,12,14,17,19,24,30,1,7,9,11,13,16,18,22,28,29
1,4,7,8,9,10,11,12,13,16,18,19,22,24,28,29,30,34,36,37,38>33,4,37,8,12,14,19,1,7,9,11,13,16,18,22,28,29
1,4,7,8,9,10,11,12,13,16,18,19,22,24,28,29,30,34,36,37,38>5,37,8,38,14,19,21,23,24,1,7,9,11,13,16,18,22,28,29
1,4,7,8,9,10,11,12,13,16,18,19,22,24,28,29,30,34,36,37,38>33,36,38,40,14,17,21,24,30,1,7,9,11,13,16,18,22,28,29
1,4,7,8,9,10,11,12,13,16,18,19,22,24,28,29,30,34,36,37,38>34,36,37,8,10,12,17,19,21,23,1,7,9,11,13,16,18,22,28,29
1,4,7,8,9,10,11,12,13,16,18,19,22,24,28,29,30,34,36,37,38>33,34,36,37,8,38,10,17,21,23,24,25,30,1,7,9,11,13,16,18,22,28,29
1,4,7,8,9,10,11,12,13,16,18,19,22,24,28,29,30,34,36,37,38>33,34,4,5,36,8,38,10,40,12,24,25,1,7,9,11,13,16,18,22,28,29
1,4,7,8,9,10,11,12,13,16,18,19,22,24,28,29,30,34,36,37,38>33,34,5,36,37,8,40,14,19,21,24,1,7,9,11,13,16,18,22,28,29
1,4,7,8,9,10,11,12,13,16,18,19,22,24,28,29,30,34,36,37,38>33,34,4,5,36,8,38,10,40,12,14,21,23,25,1,7,9,11,13,16,18,22,28,29
1,2,3,6,7,8,10,13,14,15,18,20,21,23,27,28,29,31,32,35,36,39>16,17,22,23,26,28,38,32,1,2,3,35,6,7,8,39,13,14,15,20,31
1,2,3,6,7,8,10,13,14,15,18,20,21,23,27,28,29,31,32,35,36,39>5,12,17,21,22,26,27,33,38,32,1,2,3,35,6,7,8,39,13,14,15,20,31
1,2,3,6,7,8,10,13,14,15,18,20,21,23,27,28,29,31,32,35,36,39>4,9,12,17,21,23,24,29,33,36,38,32,1,2,3,35,6,7,8,39,13,14,15,20,31
1,2,3,6,7,8,10,13,14,15,18,20,21,23,27,28,29,31,32,35,36,39>10,12,22,23,29,33,37,38,32,1,2,3,35,6,7,8,39,13,14,15,20,31
1,2,3,6,7,8,10,13,14,15,18,20,21,23,27,28,29,31,32,35,36,39>10,16,17,21,22,24,38,32,1,2,3,35,6,7,8,39,13,14,15,20,31
1,2,3,6,7,8,10,13,14,15,18,20,21,23,27,28,29,31,32,35,36,39>4,9,10,17,21,23,29,36,37,32,1,2,3,35,6,7,8,39,13,14,15,20,31
1,2,3,6,7,8,10,13,14,15,18,20,21,23,27,28,29,31,32,35,36,39>9,11,16,18,23,24,28,36,37,38,32,1,2,3,35,6,7,8,39,13,14,15,20,31
1,2,3,6,7,8,10,13,14,15,18,20,21,23,27,28,29,31,32,35,36,39>4,9,11,12,16,18,22,23,24,27,28,33,37,38,32,1,2,3,35,6,7,8,39,13,14,15,20,31
1,2,3,6,7,8,10,13,14,15,18,20,21,23,27,28,29,31,32,35,36,39>4,9,11,16,17,21,22,23,26,29,33,38,32,1,2,3,35,6,7,8,39,13,14,15,20,31
1,2,3,6,7,8,10,13,14,15,18,20,21,23,27,28,29,31,32,35,36,39>10,11,12,17,18,21,26,28,33,36,32,1,2,3,35,6,7,8,39,13,14,15,20,31
2,3,35,5,8,9,10,40,12,14,15,16,20,23,24,25,27,28,31>33,39,8,10,40,14,16,19,23,26,28,2,35,3,5,12,15,24,25,27,31
2,3,35,5,8,9,10,40,12,14,15,16,20,23,24,25,27,28,31>32,33,39,8,11,40,13,16,19,20,2,35,3,5,12,15,24,25,27,31
2,3,35,5,8,9,10,40,12,14,15,16,20,23,24,25,27,28,31>33,39,8,40,14,19,20,23,26,28,2,35,3,5,12,15,24,25,27,31
2,3,35,5,8,9,10,40,12,14,15,16,20,23,24,25,27,28,31>32,33,34,39,11,40,14,16,19,20,23,26,2,35,3,5,12,15,24,25,27,31
2,3,35,5,8,9,10,40,12,14,15,16,20,23,24,25,27,28,31>32,4,39,40,13,14,16,23,28,2,35,3,5,12,15,24,25,27,31
2,3,35,5,8,9,10,40,12,14,15,16,20,23,24,25,27,28,31>33,34,4,39,40,16,20,26,2,35,3,5,12,15,24,25,27,31
2,3,35,5,8,9,10,40,12,14,15,16,20,23,24,25,27,28,31>34,37,39,8,13,14,16,26,28,2,35,3,5,12,15,24,25,27,31
2,3,35,5,8,9,10,40,12,14,15,16,20,23,24,25,27,28,31>33,34,37,39,8,11,13,19,23,26,2,35,3,5,12,15,24,25,27,31
2,3,35,5,8,9,10,40,12,14,15,16,20,23,24,25,27,28,31>32,33,34,37,39,9,40,20,28,2,35,3,5,12,15,24,25,27,31
2,3,35,5,8,9,10,40,12,14,15,16,20,23,24,25,27,28,31>32,33,4,37,9,10,11,13,16,19,20,26,2,35,3,5,12,15,24,25,27,31
1,3,4,5,35,7,36,38,39,40,12,13,16,17,19,25,26,31>9,12,13,14,18,20,23,26,27,1,3,4,5,35,7,39,16,17
1,3,4,5,35,7,36,38,39,40,12,13,16,17,19,25,26,31>34,9,12,14,19,23,25,26,27,30,1,3,4,5,35,7,39,16,17
1,3,4,5,35,7,36,38,39,40,12,13,16,17,19,25,26,31>37,12,13,26,30,1,3,4,5,35,7,39,16,17
1,3,4,5,35,7,36,38,39,40,12,13,16,17,19,25,26,31>36,37,12,23,27,30,1,3,4,5,35,7,39,16,17
1,3,4,5,35,7,36,38,39,40,12,13,16,17,19,25,26,31>36,38,9,13,19,25,27,30,1,3,4,5,35,7,39,16,17
1,3,4,5,35,7,36,38,39,40,12,13,16,17,19,25,26,31>34,37,38,12,19,20,23,25,31,1,3,4,5,35,7,39,16,17
1,3,4,5,35,7,36,38,39,40,12,13,16,17,19,25,26,31>36,37,38,13,19,20,23,27,31,1,3,4,5,35,7,39,16,17
1,3,4,5,35,7,36,38,39,40,12,13,16,17,19,25,26,31>34,36,37,40,9,19,25,30,1,3,4,5,35,7,39,16,17
1,3,4,5,35,7,36,38,39,40,12,13,16,17,19,25,26,31>38,40,12,13,19,20,27,1,3,4,5,35,7,39,16,17
1,3,4,5,35,7,36,38,39,40,12,13,16,17,19,25,26,31>34,36,38,40,9,12,18,19,20,27,31,1,3,4,5,35,7,39,16,17
1,33,38,10,11,12,13,16,17,18,20,22,25,26,27,28,30>10,12,18,24,25,29,1,33,11,13,16,17,20,22,27,28,30
1,33,38,10,11,12,13,16,17,18,20,22,25,26,27,28,30>36,39,40,10,18,29,31,1,33,11,13,16,17,20,22,27,28,30
1,33,38,10,11,12,13,16,17,18,20,22,25,26,27,28,30>36,39,14,18,21,24,1,33,11,13,16,17,20,22,27,28,30
1,33,38,10,11,12,13,16,17,18,20,22,25,26,27,28,30>36,5,40,12,14,21,25,26,1,33,11,13,16,17,20,22,27,28,30
1,33,38,10,11,12,13,16,17,18,20,22,25,26,27,28,30>38,39,10,12,14,18,21,25,26,1,33,11,13,16,17,20,22,27,28,30
1,33,38,10,11,12,13,16,17,18,20,22,25,26,27,28,30>36,38,39,40,10,18,24,25,26,1,33,11,13,16,17,20,22,27,28,30
1,33,38,10,11,12,13,16,17,18,20,22,25,26,27,28,30>32,34,36,38,10,12,14,18,29,1,33,11,13,16,17,20,22,27,28,30
1,33,38,10,11,12,13,16,17,18,20,22,25,26,27,28,30>32,5,38,39,40,14,18,24,25,29,31,1,33,11,13,16,17,20,22,27,28,30
1,33,38,10,11,12,13,16,17,18,20,22,25,26,27,28,30>32,34,5,38,39,10,12,14,26,29,1,33,11,13,16,17,20,22,27,28,30
1,33,38,10,11,12,13,16,17,18,20,22,25,26,27,28,30>32,34,36,5,38,39,12,26,29,1,33,11,13,16,17,20,22,27,28,30
33,2,3,4,36,37,7,39,40,11,14,15,18,19,21,23,25,26,30>34,7,11,14,19,21,22,25,2,3,36,39,40,15,18,23,26,30
33,2,3,4,36,37,7,39,40,11,14,15,18,19,21,23,25,26,30>4,9,20,21,25,2,3,36,39,40,15,18,23,26,30
33,2,3,4,36,37,7,39,40,11,14,15,18,19,21,23,25,26,30>33,34,4,9,11,14,19,20,22,25,2,3,36,39,40,15,18,23,26,30
33,2,3,4,36,37,7,39,40,11,14,15,18,19,21,23,25,26,30>34,5,7,14,20,22,27,2,3,36,39,40,15,18,23,26,30
33,2,3,4,36,37,7,39,40,11,14,15,18,19,21,23,25,26,30>33,34,5,7,9,11,19,20,22,2,3,36,39,40,15,18,23,26,30
33,2,3,4,36,37,7,39,40,11,14,15,18,19,21,23,25,26,30>33,34,5,9,11,14,19,20,22,27,2,3,36,39,40,15,18,23,26,30
33,2,3,4,36,37,7,39,40,11,14,15,18,19,21,23,25,26,30>34,5,9,11,19,22,25,2,3,36,39,40,15,18,23,26,30
33,2,3,4,36,37,7,39,40,11,14,15,18,19,21,23,25,26,30>4,37,9,11,14,25,2,3,36,39,40,15,18,23,26,30
33,2,3,4,36,37,7,39,40,11,14,15,18,19,21,23,25,26,30>33,34,4,37,9,11,25,27,2,3,36,39,40,15,18,23,26,30
33,2,3,4,36,37,7,39,40,11,14,15,18,19,21,23,25,26,30>34,5,37,9,19,22,25,2,3,36,39,40,15,18,23,26,30
1,7,8,9,10,12,14,15,16,17,18,20,22,25,29,30,31,34,37,38,40>5,13,14,17,18,24,38,1,40,9,12,15,20,22,29
1,7,8,9,10,12,14,15,16,17,18,20,22,25,29,30,31,34,37,38,40>8,16,18,19,21,25,30,35,38,1,40,9,12,15,20,22,29
1,7,8,9,10,12,14,15,16,17,18,20,22,25,29,30,31,34,37,38,40>7,8,14,16,17,19,21,24,30,31,35,37,38,1,40,9,12,15,20,22,29
1,7,8,9,10,12,14,15,16,17,18,20,22,25,29,30,31,34,37,38,40>5,7,10,14,16,24,34,35,37,38,1,40,9,12,15,20,22,29
1,7,8,9,10,12,14,15,16,17,18,20,22,25,29,30,31,34,37,38,40>11,13,16,17,18,19,21,25,27,28,31,34,37,1,40,9,12,15,20,22,29
1,7,8,9,10,12,14,15,16,17,18,20,22,25,29,30,31,34,37,38,40>7,11,14,17,27,35,37,1,40,9,12,15,20,22,29
1,7,8,9,10,12,14,15,16,17,18,20,22,25,29,30,31,34,37,38,40>5,7,11,17,19,24,25,30,31,35,37,38,1,40,9,12,15,20,22,29
1,7,8,9,10,12,14,15,16,17,18,20,22,25,29,30,31,34,37,38,40>5,7,11,13,14,17,19,25,27,28,31,37,1,40,9,12,15,20,22,29
1,7,8,9,10,12,14,15,16,17,18,20,22,25,29,30,31,34,37,38,40>5,8,10,11,14,16,27,30,31,34,35,37,1,40,9,12,15,20,22,29
1,7,8,9,10,12,14,15,16,17,18,20,22,25,29,30,31,34,37,38,40>7,8,10,11,14,17,18,24,25,28,31,34,35,37,1,40,9,12,15,20,22,29
1,2,3,34,5,36,7,8,9,10,39,13,16,17,20,21,24,26,27>4,39,10,11,14,21,26,31,1,2,3,34,5,9,13,16,17,20,24
1,2,3,34,5,36,7,8,9,10,39,13,16,17,20,21,24,26,27>4,39,10,21,26,30,31,1,2,3,34,5,9,13,16,17,20,24
1,2,3,34,5,36,7,8,9,10,39,13,16,17,20,21,24,26,27>36,10,11,25,27,31,1,2,3,34,5,9,13,16,17,20,24
1,2,3,34,5,36,7,8,9,10,39,13,16,17,20,21,24,26,27>36,7,14,21,27,30,31,1,2,3,34,5,9,13,16,17,20,24
1,2,3,34,5,36,7,8,9,10,39,13,16,17,20,21,24,26,27>36,8,39,14,25,27,30,1,2,3,34,5,9,13,16,17,20,24
1,2,3,34,5,36,7,8,9,10,39,13,16,17,20,21,24,26,27>4,36,8,39,10,14,21,25,31,1,2,3,34,5,9,13,16,17,20,24
1,2,3,34,5,36,7,8,9,10,39,13,16,17,20,21,24,26,27>32,4,36,8,39,14,27,1,2,3,34,5,9,13,16,17,20,24
1,2,3,34,5,36,7,8,9,10,39,13,16,17,20,21,24,26,27>7,8,39,10,11,26,27,1,2,3,34,5,9,13,16,17,20,24
1,2,3,34,5,36,7,8,9,10,39,13,16,17,20,21,24,26,27>32,4,7,8,10,11,21,25,26,27,1,2,3,34,5,9,13,16,17,20,24
1,2,3,34,5,36,7,8,9,10,39,13,16,17,20,21,24,26,27>4,36,7,8,39,21,26,27,31,1,2,3,34,5,9,13,16,17,20,24
1,2,3,4,6,9,10,12,15,17,19,21,23,24,26,27,28,30,32,33,34,36,38,39,40>7,39,15,19,21,27,31,32,1,2,3,4,33,6,34,36,9,10,38,12,40,23,26,30
1,2,3,4,6,9,10,12,15,17,19,21,23,24,26,27,28,30,32,33,34,36,38,39,40>8,39,19,21,24,28,31,32,1,2,3,4,33,6,34,36,9,10,38,12,40,23,26,30
1,2,3,4,6,9,10,12,15,17,19,21,23,24,26,27,28,30,32,33,34,36,38,39,40>11,17,18,19,27,31,32,1,2,3,4,33,6,34,36,9,10,38,12,40,23,26,30
1,2,3,4,6,9,10,12,15,17,19,21,23,24,26,27,28,30,32,33,34,36,38,39,40>8,39,11,15,18,21,24,25,27,31,32,1,2,3,4,33,6,34,36,9,10,38,12,40,23,26,30
1,2,3,4,6,9,10,12,15,17,19,21,23,24,26,27,28,30,32,33,34,36,38,39,40>8,39,11,20,24,27,32,1,2,3,4,33,6,34,36,9,10,38,12,40,23,26,30
1,2,3,4,6,9,10,12,15,17,19,21,23,24,26,27,28,30,32,33,34,36,38,39,40>13,17,19,24,25,27,31,32,1,2,3,4,33,6,34,36,9,10,38,12,40,23,26,30
1,2,3,4,6,9,10,12,15,17,19,21,23,24,26,27,28,30,32,33,34,36,38,39,40>7,13,18,19,21,25,27,32,1,2,3,4,33,6,34,36,9,10,38,12,40,23,26,30
1,2,3,4,6,9,10,12,15,17,19,21,23,24,26,27,28,30,32,33,34,36,38,39,40>8,13,21,25,27,28,32,1,2,3,4,33,6,34,36,9,10,38,12,40,23,26,30
1,2,3,4,6,9,10,12,15,17,19,21,23,24,26,27,28,30,32,33,34,36,38,39,40>39,13,19,20,21,24,31,32,1,2,3,4,33,6,34,36,9,10,38,12,40,23,26,30
1,2,3,4,6,9,10,12,15,17,19,21,23,24,26,27,28,30,32,33,34,36,38,39,40>7,8,11,13,15,19,21,25,32,1,2,3,4,33,6,34,36,9,10,38,12,40,23,26,30
2,34,5,37,8,10,11,13,14,15,18,20,21,23,24,29,31>35,8,18,23,26,29,31,2,5,11,13,14,15,20,24
2,34,5,37,8,10,11,13,14,15,18,20,21,23,24,29,31>34,37,8,10,18,22,23,26,31,2,5,11,13,14,15,20,24
2,34,5,37,8,10,11,13,14,15,18,20,21,23,24,29,31>34,35,37,8,16,17,18,29,31,2,5,11,13,14,15,20,24
2,34,5,37,8,10,11,13,14,15,18,20,21,23,24,29,31>10,12,21,22,23,25,2,5,11,13,14,15,20,24
2,34,5,37,8,10,11,13,14,15,18,20,21,23,24,29,31>35,37,8,12,16,21,22,23,25,29,2,5,11,13,14,15,20,24
2,34,5,37,8,10,11,13,14,15,18,20,21,23,24,29,31>8,10,16,17,18,22,26,31,2,5,11,13,14,15,20,24
2,34,5,37,8,10,11,13,14,15,18,20,21,23,24,29,31>35,8,10,17,21,22,2,5,11,13,14,15,20,24
2,34,5,37,8,10,11,13,14,15,18,20,21,23,24,29,31>34,35,8,10,16,17,18,22,29,2,5,11,13,14,15,20,24
2,34,5,37,8,10,11,13,14,15,18,20,21,23,24,29,31>34,37,8,10,12,17,21,22,25,26,31,2,5,11,13,14,15,20,24
2,34,5,37,8,10,11,13,14,15,18,20,21,23,24,29,31>34,35,37,8,10,12,16,21,26,31,2,5,11,13,14,15,20,24
1,2,4,5,6,7,9,13,16,18,19,22,24,25,27,28,30,32,33,34,37,39>4,36,39,10,13,17,19,21,24,30,32,1,2,33,34,5,7,9,16,18,22,25,27,28
1,2,4,5,6,7,9,13,16,18,19,22,24,25,27,28,30,32,33,34,37,39>4,6,39,40,13,14,19,24,29,30,32,1,2,33,34,5,7,9,16,18,22,25,27,28
1,2,4,5,6,7,9,13,16,18,19,22,24,25,27,28,30,32,33,34,37,39>37,10,40,13,17,19,21,23,24,29,30,31,32,1,2,33,34,5,7,9,16,18,22,25,27,28
1,2,4,5,6,7,9,13,16,18,19,22,24,25,27,28,30,32,33,34,37,39>4,37,13,19,23,29,30,31,32,1,2,33,34,5,7,9,16,18,22,25,27,28
1,2,4,5,6,7,9,13,16,18,19,22,24,25,27,28,30,32,33,34,37,39>8,14,17,19,21,24,29,31,32,1,2,33,34,5,7,9,16,18,22,25,27,28
1,2,4,5,6,7,9,13,16,18,19,22,24,25,27,28,30,32,33,34,37,39>4,8,10,14,17,23,24,30,31,32,1,2,33,34,5,7,9,16,18,22,25,27,28
1,2,4,5,6,7,9,13,16,18,19,22,24,25,27,28,30,32,33,34,37,39>4,8,10,40,17,23,29,32,1,2,33,34,5,7,9,16,18,22,25,27,28
1,2,4,5,6,7,9,13,16,18,19,22,24,25,27,28,30,32,33,34,37,39>4,6,8,39,10,14,17,31,32,1,2,33,34,5,7,9,16,18,22,25,27,28
1,2,4,5,6,7,9,13,16,18,19,22,24,25,27,28,30,32,33,34,37,39>37,8,40,13,19,24,29,30,31,32,1,2,33,34,5,7,9,16,18,22,25,27,28
1,2,4,5,6,7,9,13,16,18,19,22,24,25,27,28,30,32,33,34,37,39>4,6,37,8,39,13,14,17,21,23,24,30,32,1,2,33,34,5,7,9,16,18,22,25,27,28
33,2,3,36,5,6,37,8,11,12,13,19,20,21,24,25,28,29,30>12,13,14,17,23,33,2,3,36,5,8,20,24,25
33,2,3,36,5,6,37,8,11,12,13,19,20,21,24,25,28,29,30>6,40,13,14,16,19,21,33,2,3,36,5,8,20,24,25
33,2,3,36,5,6,37,8,11,12,13,19,20,21,24,25,28,29,30>37,11,13,18,21,23,27,28,29,33,2,3,36,5,8,20,24,25
33,2,3,36,5,6,37,8,11,12,13,19,20,21,24,25,28,29,30>6,11,12,13,17,19,27,28,29,33,2,3,36,5,8,20,24,25
33,2,3,36,5,6,37,8,11,12,13,19,20,21,24,25,28,29,30>39,11,13,14,17,18,19,21,23,28,30,33,2,3,36,5,8,20,24,25
33,2,3,36,5,6,37,8,11,12,13,19,20,21,24,25,28,29,30>6,39,11,16,27,28,33,2,3,36,5,8,20,24,25
33,2,3,36,5,6,37,8,11,12,13,19,20,21,24,25,28,29,30>37,40,11,13,16,17,18,19,27,28,29,33,2,3,36,5,8,20,24,25
33,2,3,36,5,6,37,8,11,12,13,19,20,21,24,25,28,29,30>37,6,40,11,12,14,17,19,21,23,27,28,30,33,2,3,36,5,8,20,24,25
33,2,3,36,5,6,37,8,11,12,13,19,20,21,24,25,28,29,30>6,39,40,11,14,17,18,19,21,23,27,33,2,3,36,5,8,20,24,25
33,2,3,36,5,6,37,8,11,12,13,19,20,21,24,25,28,29,30>37,6,39,40,11,12,13,14,19,23,28,29,30,33,2,3,36,5,8,20,24,25
1,2,4,5,6,7,8,9,13,16,17,18,20,21,22,23,24,28,30,32,33,35,36,38>32,34,40,23,29,1,2,33,36,5,38,7,8,9,16,17,20,21,22,24,28
1,2,4,5,6,7,8,9,13,16,17,18,20,21,22,23,24,28,30,32,33,35,36,38>32,35,4,37,6,40,13,14,18,23,25,1,2,33,36,5,38,7,8,9,16,17,20,21,22,24,28
1,2,4,5,6,7,8,9,13,16,17,18,20,21,22,23,24,28,30,32,33,35,36,38>4,39,40,14,25,26,29,30,1,2,33,36,5,38,7,8,9,16,17,20,21,22,24,28
1,2,4,5,6,7,8,9,13,16,17,18,20,21,22,23,24,28,30,32,33,35,36,38>32,34,4,40,13,14,25,26,29,1,2,33,36,5,38,7,8,9,16,17,20,21,22,24,28
1,2,4,5,6,7,8,9,13,16,17,18,20,21,22,23,24,28,30,32,33,35,36,38>32,34,35,4,6,39,13,23,29,1,2,33,36,5,38,7,8,9,16,17,20,21,22,24,28
1,2,4,5,6,7,8,9,13,16,17,18,20,21,22,23,24,28,30,32,33,35,36,38>37,39,13,18,25,29,1,2,33,36,5,38,7,8,9,16,17,20,21,22,24,28
1,2,4,5,6,7,8,9,13,16,17,18,20,21,22,23,24,28,30,32,33,35,36,38>32,35,37,40,10,13,14,23,25,29,1,2,33,36,5,38,7,8,9,16,17,20,21,22,24,28
1,2,4,5,6,7,8,9,13,16,17,18,20,21,22,23,24,28,30,32,33,35,36,38>4,37,6,13,23,26,29,30,1,2,33,36,5,38,7,8,9,16,17,20,21,22,24,28
1,2,4,5,6,7,8,9,13,16,17,18,20,21,22,23,24,28,30,32,33,35,36,38>32,35,4,37,6,39,40,14,18,25,29,1,2,33,36,5,38,7,8,9,16,17,20,21,22,24,28
1,2,4,5,6,7,8,9,13,16,17,18,20,21,22,23,24,28,30,32,33,35,36,38>34,35,4,37,6,40,14,18,23,25,1,2,33,36,5,38,7,8,9,16,17,20,21,22,24,28
33,35,4,37,6,8,40,10,15,18,19,21,23,25,27,28,30>6,13,15,19,20,21,22,26,28,30,34,36,39,33,37,8,40,18,23,27
33,35,4,37,6,8,40,10,15,18,19,21,23,25,27,28,30>9,12,20,21,26,28,31,34,39,33,37,8,40,18,23,27
33,35,4,37,6,8,40,10,15,18,19,21,23,25,27,28,30>9,12,19,22,28,32,34,33,37,8,40,18,23,27
33,35,4,37,6,8,40,10,15,18,19,21,23,25,27,28,30>6,10,13,19,20,22,30,31,34,35,36,39,33,37,8,40,18,23,27
33,35,4,37,6,8,40,10,15,18,19,21,23,25,27,28,30>9,10,12,19,20,21,26,31,34,36,39,33,37,8,40,18,23,27
33,35,4,37,6,8,40,10,15,18,19,21,23,25,27,28,30>4,9,10,13,21,22,25,26,31,33,37,8,40,18,23,27
33,35,4,37,6,8,40,10,15,18,19,21,23,25,27,28,30>4,6,9,10,15,19,20,25,28,30,33,37,8,40,18,23,27
33,35,4,37,6,8,40,10,15,18,19,21,23,25,27,28,30>4,6,11,13,31,36,39,33,37,8,40,18,23,27
33,35,4,37,6,8,40,10,15,18,19,21,23,25,27,28,30>6,9,11,12,13,19,21,25,26,28,34,39,33,37,8,40,18,23,27
33,35,4,37,6,8,40,10,15,18,19,21,23,25,27,28,30>4,6,9,11,13,19,20,21,22,28,31,32,34,35,39,33,37,8,40,18,23,27
1,3,4,5,6,8,9,10,11,13,14,15,16,18,19,21,23,26,27,30,31,32,33,35,36,37,38>7,40,10,20,21,22,27,32,1,3,35,36,37,38,8,9,11,13,14,15,16,18,19,23,26,30,31
1,3,4,5,6,8,9,10,11,13,14,15,16,18,19,21,23,26,27,30,31,32,33,35,36,37,38>34,4,39,12,21,27,32,1,3,35,36,37,38,8,9,11,13,14,15,16,18,19,23,26,30,31
1,3,4,5,6,8,9,10,11,13,14,15,16,18,19,21,23,26,27,30,31,32,33,35,36,37,38>33,34,4,7,12,20,21,22,32,1,3,35,36,37,38,8,9,11,13,14,15,16,18,19,23,26,30,31
1,3,4,5,6,8,9,10,11,13,14,15,16,18,19,21,23,26,27,30,31,32,33,35,36,37,38>34,4,7,39,12,17,20,22,32,1,3,35,36,37,38,8,9,11,13,14,15,16,18,19,23,26,30,31
1,3,4,5,6,8,9,10,11,13,14,15,16,18,19,21,23,26,27,30,31,32,33,35,36,37,38>33,5,7,12,20,21,22,27,32,1,3,35,36,37,38,8,9,11,13,14,15,16,18,19,23,26,30,31
1,3,4,5,6,8,9,10,11,13,14,15,16,18,19,21,23,26,27,30,31,32,33,35,36,37,38>33,4,5,40,10,12,17,20,21,32,1,3,35,36,37,38,8,9,11,13,14,15,16,18,19,23,26,30,31
1,3,4,5,6,8,9,10,11,13,14,15,16,18,19,21,23,26,27,30,31,32,33,35,36,37,38>34,4,5,7,39,17,20,21,22,27,32,1,3,35,36,37,38,8,9,11,13,14,15,16,18,19,23,26,30,31
1,3,4,5,6,8,9,10,11,13,14,15,16,18,19,21,23,26,27,30,31,32,33,35,36,37,38>33,34,4,5,7,39,20,22,32,1,3,35,36,37,38,8,9,11,13,14,15,16,18,19,23,26,30,31
1,3,4,5,6,8,9,10,11,13,14,15,16,18,19,21,23,26,27,30,31,32,33,35,36,37,38>34,5,6,39,17,22,32,1,3,35,36,37,38,8,9,11,13,14,15,16,18,19,23,26,30,31
1,3,4,5,6,8,9,10,11,13,14,15,16,18,19,21,23,26,27,30,31,32,33,35,36,37,38>4,5,6,7,20,32,1,3,35,36,37,38,8,9,11,13,14,15,16,18,19,23,26,30,31
1,2,4,7,8,9,11,12,13,14,15,16,18,19,20,21,22,23,25,26,27,28,31,32,34,35,38,39>33,38,12,17,19,24,29,30,32,1,2,34,35,7,9,14,15,16,18,20,21,22,23,26,27,28,31
1,2,4,7,8,9,11,12,13,14,15,16,18,19,20,21,22,23,25,26,27,28,31,32,34,35,38,39>33,5,12,17,25,32,1,2,34,35,7,9,14,15,16,18,20,21,22,23,26,27,28,31
1,2,4,7,8,9,11,12,13,14,15,16,18,19,20,21,22,23,25,26,27,28,31,32,34,35,38,39>33,6,8,39,11,12,13,19,24,29,32,1,2,34,35,7,9,14,15,16,18,20,21,22,23,26,27,28,31
1,2,4,7,8,9,11,12,13,14,15,16,18,19,20,21,22,23,25,26,27,28,31,32,34,35,38,39>33,4,6,38,39,11,17,19,24,25,29,32,1,2,34,35,7,9,14,15,16,18,20,21,22,23,26,27,28,31
1,2,4,7,8,9,11,12,13,14,15,16,18,19,20,21,22,23,25,26,27,28,31,32,34,35,38,39>5,6,8,13,17,19,24,30,32,1,2,34,35,7,9,14,15,16,18,20,21,22,23,26,27,28,31
1,2,4,7,8,9,11,12,13,14,15,16,18,19,20,21,22,23,25,26,27,28,31,32,34,35,38,39>33,37,8,39,11,12,24,29,32,1,2,34,35,7,9,14,15,16,18,20,21,22,23,26,27,28,31
1,2,4,7,8,9,11,12,13,14,15,16,18,19,20,21,22,23,25,26,27,28,31,32,34,35,38,39>33,37,38,13,19,32,1,2,34,35,7,9,14,15,16,18,20,21,22,23,26,27,28,31
1,2,4,7,8,9,11,12,13,14,15,16,18,19,20,21,22,23,25,26,27,28,31,32,34,35,38,39>33,4,37,39,12,25,32,1,2,34,35,7,9,14,15,16,18,20,21,22,23,26,27,28,31
1,2,4,7,8,9,11,12,13,14,15,16,18,19,20,21,22,23,25,26,27,28,31,32,34,35,38,39>5,37,11,12,19,29,30,32,1,2,34,35,7,9,14,15,16,18,20,21,22,23,26,27,28,31
1,2,4,7,8,9,11,12,13,14,15,16,18,19,20,21,22,23,25,26,27,28,31,32,34,35,38,39>33,4,5,37,8,39,11,13,24,25,32,1,2,34,35,7,9,14,15,16,18,20,21,22,23,26,27,28,31
3,5,6,37,39,9,40,12,17,19,20,22,25,30>34,9,12,22,23,28,29,3,5,39,40,20
3,5,6,37,39,9,40,12,17,19,20,22,25,30>4,10,17,18,19,25,29,30,3,5,39,40,20
3,5,6,37,39,9,40,12,17,19,20,22,25,30>37,17,18,23,27,3,5,39,40,20
3,5,6,37,39,9,40,12,17,19,20,22,25,30>37,17,18,19,22,24,30,3,5,39,40,20
3,5,6,37,39,9,40,12,17,19,20,22,25,30>34,6,9,10,17,18,19,22,23,25,28,3,5,39,40,20
3,5,6,37,39,9,40,12,17,19,20,22,25,30>34,6,17,19,24,27,28,30,3,5,39,40,20
3,5,6,37,39,9,40,12,17,19,20,22,25,30>8,12,17,18,23,24,27,28,3,5,39,40,20
3,5,6,37,39,9,40,12,17,19,20,22,25,30>4,37,8,9,10,12,17,19,22,25,27,28,30,3,5,39,40,20
3,5,6,37,39,9,40,12,17,19,20,22,25,30>34,6,8,9,19,24,29,3,5,39,40,20
3,5,6,37,39,9,40,12,17,19,20,22,25,30>4,6,8,9,12,17,22,23,24,25,27,29,30,3,5,39,40,20
1,2,3,9,11,14,15,19,20,21,23,25,26,27,29,31,32,34,35,37,39,40>34,9,11,19,24,30,32,1,2,3,35,37,15,20,23,26,27,31
1,2,3,9,11,14,15,19,20,21,23,25,26,27,29,31,32,34,35,37,39,40>6,9,14,19,21,24,25,29,30,32,1,2,3,35,37,15,20,23,26,27,31
1,2,3,9,11,14,15,19,20,21,23,25,26,27,29,31,32,34,35,37,39,40>34,6,9,14,19,25,29,32,1,2,3,35,37,15,20,23,26,27,31
1,2,3,9,11,14,15,19,20,21,23,25,26,27,29,31,32,34,35,37,39,40>5,6,9,14,19,24,32,1,2,3,35,37,15,20,23,26,27,31
1,2,3,9,11,14,15,19,20,21,23,25,26,27,29,31,32,34,35,37,39,40>34,39,11,14,18,21,25,29,32,1,2,3,35,37,15,20,23,26,27,31
1,2,3,9,11,14,15,19,20,21,23,25,26,27,29,31,32,34,35,37,39,40>25,21,24,40,32,1,2,3,35,37,15,20,23,26,27,31
1,2,3,9,11,14,15,19,20,21,23,25,26,27,29,31,32,34,35,37,39,40>34,5,40,11,18,25,29,32,1,2,3,35,37,15,20,23,26,27,31
1,2,3,9,11,14,15,19,20,21,23,25,26,27,29,31,32,34,35,37,39,40>5,6,39,40,9,21,30,32,1,2,3,35,37,15,20,23,26,27,31
1,2,3,9,11,14,15,19,20,21,23,25,26,27,29,31,32,34,35,37,39,40>34,39,40,11,14,19,25,29,30,32,1,2,3,35,37,15,20,23,26,27,31
1,2,3,9,11,14,15,19,20,21,23,25,26,27,29,31,32,34,35,37,39,40>5,6,39,40,24,25,30,32,1,2,3,35,37,15,20,23,26,27,31
32,3,35,37,6,38,40,10,11,12,13,14,15,20,21,22,25,26,28>17,21,22,25,27,29,30,32,34,35,38,3,37,11,12,13,14,15,20,28
32,3,35,37,6,38,40,10,11,12,13,14,15,20,21,22,25,26,28>17,22,27,29,30,33,35,39,40,3,37,11,12,13,14,15,20,28
32,3,35,37,6,38,40,10,11,12,13,14,15,20,21,22,25,26,28>6,17,22,25,26,32,33,34,40,3,37,11,12,13,14,15,20,28
32,3,35,37,6,38,40,10,11,12,13,14,15,20,21,22,25,26,28>8,17,21,24,27,29,38,3,37,11,12,13,14,15,20,28
32,3,35,37,6,38,40,10,11,12,13,14,15,20,21,22,25,26,28>5,8,25,27,29,30,33,34,38,39,3,37,11,12,13,14,15,20,28
32,3,35,37,6,38,40,10,11,12,13,14,15,20,21,22,25,26,28>6,10,16,17,21,26,29,30,33,34,3,37,11,12,13,14,15,20,28
32,3,35,37,6,38,40,10,11,12,13,14,15,20,21,22,25,26,28>5,6,8,17,25,29,30,32,33,34,35,39,3,37,11,12,13,14,15,20,28
32,3,35,37,6,38,40,10,11,12,13,14,15,20,21,22,25,26,28>6,8,17,21,22,24,25,26,30,32,34,35,38,39,3,37,11,12,13,14,15,20,28
32,3,35,37,6,38,40,10,11,12,13,14,15,20,21,22,25,26,28>8,16,21,22,25,27,32,33,35,38,3,37,11,12,13,14,15,20,28
32,3,35,37,6,38,40,10,11,12,13,14,15,20,21,22,25,26,28>6,10,16,22,26,30,34,38,39,40,3,37,11,12,13,14,15,20,28
3,4,5,7,39,12,14,15,16,17,19,20,21,22,23,24,25,27,28,29>7,14,16,19,22,26,3,4,5,39,15,20,23,24,25,27,28,29
3,4,5,7,39,12,14,15,16,17,19,20,21,22,23,24,25,27,28,29>32,9,14,22,26,3,4,5,39,15,20,23,24,25,27,28,29
3,4,5,7,39,12,14,15,16,17,19,20,21,22,23,24,25,27,28,29>33,9,16,18,19,21,22,26,31,3,4,5,39,15,20,23,24,25,27,28,29
3,4,5,7,39,12,14,15,16,17,19,20,21,22,23,24,25,27,28,29>32,33,9,16,17,18,21,26,31,3,4,5,39,15,20,23,24,25,27,28,29
3,4,5,7,39,12,14,15,16,17,19,20,21,22,23,24,25,27,28,29>32,33,9,17,19,31,3,4,5,39,15,20,23,24,25,27,28,29
3,4,5,7,39,12,14,15,16,17,19,20,21,22,23,24,25,27,28,29>33,12,14,16,17,18,26,3,4,5,39,15,20,23,24,25,27,28,29
3,4,5,7,39,12,14,15,16,17,19,20,21,22,23,24,25,27,28,29>32,7,12,16,19,21,3,4,5,39,15,20,23,24,25,27,28,29
3,4,5,7,39,12,14,15,16,17,19,20,21,22,23,24,25,27,28,29>33,7,12,14,16,17,21,22,3,4,5,39,15,20,23,24,25,27,28,29
3,4,5,7,39,12,14,15,16,17,19,20,21,22,23,24,25,27,28,29>32,33,9,12,14,16,17,22,3,4,5,39,15,20,23,24,25,27,28,29
3,4,5,7,39,12,14,15,16,17,19,20,21,22,23,24,25,27,28,29>32,7,9,12,14,16,17,18,21,3,4,5,39,15,20,23,24,25,27,28,29
1,2,3,4,5,7,8,11,12,14,16,18,20,21,22,24,29,31,32,35,36,37,39>36,9,16,25,28,1,2,3,35,5,37,7,39,20,21,22,24,29
1,2,3,4,5,7,8,11,12,14,16,18,20,21,22,24,29,31,32,35,36,37,39>38,12,15,18,28,31,1,2,3,35,5,37,7,39,20,21,22,24,29
1,2,3,4,5,7,8,11,12,14,16,18,20,21,22,24,29,31,32,35,36,37,39>32,38,9,11,12,14,15,16,18,25,1,2,3,35,5,37,7,39,20,21,22,24,29
1,2,3,4,5,7,8,11,12,14,16,18,20,21,22,24,29,31,32,35,36,37,39>4,38,9,14,16,25,28,31,1,2,3,35,5,37,7,39,20,21,22,24,29
1,2,3,4,5,7,8,11,12,14,16,18,20,21,22,24,29,31,32,35,36,37,39>4,36,38,9,12,18,25,1,2,3,35,5,37,7,39,20,21,22,24,29
1,2,3,4,5,7,8,11,12,14,16,18,20,21,22,24,29,31,32,35,36,37,39>4,36,38,16,31,1,2,3,35,5,37,7,39,20,21,22,24,29
1,2,3,4,5,7,8,11,12,14,16,18,20,21,22,24,29,31,32,35,36,37,39>4,8,12,14,15,18,25,28,1,2,3,35,5,37,7,39,20,21,22,24,29
1,2,3,4,5,7,8,11,12,14,16,18,20,21,22,24,29,31,32,35,36,37,39>32,4,8,11,15,16,25,28,31,1,2,3,35,5,37,7,39,20,21,22,24,29
1,2,3,4,5,7,8,11,12,14,16,18,20,21,22,24,29,31,32,35,36,37,39>32,4,8,9,11,12,16,25,1,2,3,35,5,37,7,39,20,21,22,24,29
1,2,3,4,5,7,8,11,12,14,16,18,20,21,22,24,29,31,32,35,36,37,39>38,8,9,18,25,28,1,2,3,35,5,37,7,39,20,21,22,24,29
32,1,2,3,33,5,34,7,8,35,10,36,37,39,23,25,28,29>7,9,23,25,27,28,1,2,3,33,5,36,37
32,1,2,3,33,5,34,7,8,35,10,36,37,39,23,25,28,29>4,8,9,10,11,13,23,25,1,2,3,33,5,36,37
32,1,2,3,33,5,34,7,8,35,10,36,37,39,23,25,28,29>32,4,8,9,39,13,28,1,2,3,33,5,36,37
32,1,2,3,33,5,34,7,8,35,10,36,37,39,23,25,28,29>35,4,7,9,10,11,39,25,29,1,2,3,33,5,36,37
32,1,2,3,33,5,34,7,8,35,10,36,37,39,23,25,28,29>32,35,4,7,8,9,11,28,1,2,3,33,5,36,37
32,1,2,3,33,5,34,7,8,35,10,36,37,39,23,25,28,29>32,34,35,4,39,26,28,1,2,3,33,5,36,37
32,1,2,3,33,5,34,7,8,35,10,36,37,39,23,25,28,29>32,34,4,38,7,8,10,39,13,25,26,28,1,2,3,33,5,36,37
32,1,2,3,33,5,34,7,8,35,10,36,37,39,23,25,28,29>4,38,7,8,9,10,39,23,26,29,1,2,3,33,5,36,37
32,1,2,3,33,5,34,7,8,35,10,36,37,39,23,25,28,29>32,34,4,38,7,11,13,26,27,29,1,2,3,33,5,36,37
32,1,2,3,33,5,34,7,8,35,10,36,37,39,23,25,28,29>32,35,4,38,8,11,39,23,1,2,3,33,5,36,37
2,6,7,8,10,11,12,15,16,17,20,21,23,27,29,30,31,32,33,34,39,40>7,13,17,21,23,24,29,35,36,39,32,2,8,40,11,12,20,31
2,6,7,8,10,11,12,15,16,17,20,21,23,27,29,30,31,32,33,34,39,40>5,7,13,15,17,21,27,29,33,34,35,39,32,2,8,40,11,12,20,31
2,6,7,8,10,11,12,15,16,17,20,21,23,27,29,30,31,32,33,34,39,40>5,7,16,17,23,24,27,29,30,33,36,39,32,2,8,40,11,12,20,31
2,6,7,8,10,11,12,15,16,17,20,21,23,27,29,30,31,32,33,34,39,40>5,6,7,16,17,21,23,27,32,2,8,40,11,12,20,31
2,6,7,8,10,11,12,15,16,17,20,21,23,27,29,30,31,32,33,34,39,40>5,6,9,13,17,39,32,2,8,40,11,12,20,31
2,6,7,8,10,11,12,15,16,17,20,21,23,27,29,30,31,32,33,34,39,40>7,9,15,16,17,19,23,30,34,35,39,32,2,8,40,11,12,20,31
2,6,7,8,10,11,12,15,16,17,20,21,23,27,29,30,31,32,33,34,39,40>5,6,9,16,19,21,23,24,29,30,33,34,36,39,32,2,8,40,11,12,20,31
2,6,7,8,10,11,12,15,16,17,20,21,23,27,29,30,31,32,33,34,39,40>5,6,10,13,15,16,21,24,26,27,30,34,36,32,2,8,40,11,12,20,31
2,6,7,8,10,11,12,15,16,17,20,21,23,27,29,30,31,32,33,34,39,40>7,10,16,17,23,26,27,30,33,34,35,36,39,32,2,8,40,11,12,20,31
2,6,7,8,10,11,12,15,16,17,20,21,23,27,29,30,31,32,33,34,39,40>5,6,9,10,19,21,24,29,30,33,35,32,2,8,40,11,12,20,31
1,3,35,5,7,40,9,10,11,12,13,14,17,18,23,25,26,29,30,31>20,22,23,25,31,1,3,35,5,40,9,11,13,14,17,26,30
1,3,35,5,7,40,9,10,11,12,13,14,17,18,23,25,26,29,30,31>7,16,18,23,25,27,31,1,3,35,5,40,9,11,13,14,17,26,30
1,3,35,5,7,40,9,10,11,12,13,14,17,18,23,25,26,29,30,31>37,7,16,18,20,25,1,3,35,5,40,9,11,13,14,17,26,30
1,3,35,5,7,40,9,10,11,12,13,14,17,18,23,25,26,29,30,31>37,7,39,16,18,22,25,29,1,3,35,5,40,9,11,13,14,17,26,30
1,3,35,5,7,40,9,10,11,12,13,14,17,18,23,25,26,29,30,31>7,10,18,22,27,1,3,35,5,40,9,11,13,14,17,26,30
1,3,35,5,7,40,9,10,11,12,13,14,17,18,23,25,26,29,30,31>12,15,25,27,29,1,3,35,5,40,9,11,13,14,17,26,30
1,3,35,5,7,40,9,10,11,12,13,14,17,18,23,25,26,29,30,31>7,39,12,16,20,27,29,1,3,35,5,40,9,11,13,14,17,26,30
1,3,35,5,7,40,9,10,11,12,13,14,17,18,23,25,26,29,30,31>7,39,12,20,25,1,3,35,5,40,9,11,13,14,17,26,30
1,3,35,5,7,40,9,10,11,12,13,14,17,18,23,25,26,29,30,31>10,12,15,16,25,1,3,35,5,40,9,11,13,14,17,26,30
1,3,35,5,7,40,9,10,11,12,13,14,17,18,23,25,26,29,30,31>37,7,10,12,22,29,1,3,35,5,40,9,11,13,14,17,26,30
32,33,2,4,36,6,37,38,39,11,13,14,15,20,21,29>32,33,13,21,29,2,36,38,39,14,15,20
32,33,2,4,36,6,37,38,39,11,13,14,15,20,21,29>33,37,8,9,16,17,21,24,2,36,38,39,14,15,20
32,33,2,4,36,6,37,38,39,11,13,14,15,20,21,29>32,4,37,9,16,21,29,2,36,38,39,14,15,20
32,33,2,4,36,6,37,38,39,11,13,14,15,20,21,29>32,33,6,9,11,16,17,24,2,36,38,39,14,15,20
32,33,2,4,36,6,37,38,39,11,13,14,15,20,21,29>32,33,6,8,11,13,21,24,2,36,38,39,14,15,20
32,33,2,4,36,6,37,38,39,11,13,14,15,20,21,29>32,4,6,11,13,16,21,29,2,36,38,39,14,15,20
32,33,2,4,36,6,37,38,39,11,13,14,15,20,21,29>4,6,8,13,16,17,29,2,36,38,39,14,15,20
32,33,2,4,36,6,37,38,39,11,13,14,15,20,21,29>37,6,13,16,17,21,29,2,36,38,39,14,15,20
32,33,2,4,36,6,37,38,39,11,13,14,15,20,21,29>4,37,6,11,13,17,24,29,2,36,38,39,14,15,20
32,33,2,4,36,6,37,38,39,11,13,14,15,20,21,29>32,33,4,37,6,8,9,11,24,2,36,38,39,14,15,20
1,2,3,5,6,7,8,9,10,12,13,16,17,19,20,21,22,24,26,28,29,30,34,40>33,34,12,18,21,1,2,3,5,7,8,9,10,40,13,16,17,20,24,28,29,30
1,2,3,5,6,7,8,9,10,12,13,16,17,19,20,21,22,24,26,28,29,30,34,40>33,4,12,14,18,19,21,25,26,1,2,3,5,7,8,9,10,40,13,16,17,20,24,28,29,30
1,2,3,5,6,7,8,9,10,12,13,16,17,19,20,21,22,24,26,28,29,30,34,40>34,6,12,18,19,1,2,3,5,7,8,9,10,40,13,16,17,20,24,28,29,30
1,2,3,5,6,7,8,9,10,12,13,16,17,19,20,21,22,24,26,28,29,30,34,40>33,34,6,12,14,19,23,1,2,3,5,7,8,9,10,40,13,16,17,20,24,28,29,30
1,2,3,5,6,7,8,9,10,12,13,16,17,19,20,21,22,24,26,28,29,30,34,40>4,6,14,18,19,23,1,2,3,5,7,8,9,10,40,13,16,17,20,24,28,29,30
1,2,3,5,6,7,8,9,10,12,13,16,17,19,20,21,22,24,26,28,29,30,34,40>6,11,12,18,21,25,1,2,3,5,7,8,9,10,40,13,16,17,20,24,28,29,30
1,2,3,5,6,7,8,9,10,12,13,16,17,19,20,21,22,24,26,28,29,30,34,40>33,34,11,12,22,1,2,3,5,7,8,9,10,40,13,16,17,20,24,28,29,30
1,2,3,5,6,7,8,9,10,12,13,16,17,19,20,21,22,24,26,28,29,30,34,40>6,11,12,14,19,21,22,23,1,2,3,5,7,8,9,10,40,13,16,17,20,24,28,29,30
1,2,3,5,6,7,8,9,10,12,13,16,17,19,20,21,22,24,26,28,29,30,34,40>33,34,4,11,12,18,19,25,1,2,3,5,7,8,9,10,40,13,16,17,20,24,28,29,30
1,2,3,5,6,7,8,9,10,12,13,16,17,19,20,21,22,24,26,28,29,30,34,40>6,11,12,14,21,23,26,1,2,3,5,7,8,9,10,40,13,16,17,20,24,28,29,30
32,33,2,4,36,6,39,8,40,17,18,21,23,26,27,28>9,17,18,23,27,30,31,32,33,2,36,39,8,26
32,33,2,4,36,6,39,8,40,17,18,21,23,26,27,28>4,9,17,20,21,22,27,28,30,31,32,33,2,36,39,8,26
32,33,2,4,36,6,39,8,40,17,18,21,23,26,27,28>4,38,17,23,28,31,32,33,2,36,39,8,26
32,33,2,4,36,6,39,8,40,17,18,21,23,26,27,28>34,6,38,9,22,23,28,32,33,2,36,39,8,26
32,33,2,4,36,6,39,8,40,17,18,21,23,26,27,28>34,6,38,17,18,22,27,28,32,33,2,36,39,8,26
32,33,2,4,36,6,39,8,40,17,18,21,23,26,27,28>34,4,6,38,17,18,27,28,30,31,32,33,2,36,39,8,26
32,33,2,4,36,6,39,8,40,17,18,21,23,26,27,28>40,17,18,20,27,28,31,32,33,2,36,39,8,26
32,33,2,4,36,6,39,8,40,17,18,21,23,26,27,28>4,6,40,9,18,21,30,32,33,2,36,39,8,26
32,33,2,4,36,6,39,8,40,17,18,21,23,26,27,28>34,4,6,40,18,20,22,23,32,33,2,36,39,8,26
32,33,2,4,36,6,39,8,40,17,18,21,23,26,27,28>34,4,38,40,21,23,30,31,32,33,2,36,39,8,26
1,4,6,7,8,13,15,17,18,19,20,22,27,28,29,30,32,35,37,38,40>33,4,13,14,15,21,23,30,32,1,37,7,8,40,17,18,20,22,28,29
1,4,6,7,8,13,15,17,18,19,20,22,27,28,29,30,32,35,37,38,40>33,4,38,39,9,13,15,16,19,23,27,30,31,32,1,37,7,8,40,17,18,20,22,28,29
1,4,6,7,8,13,15,17,18,19,20,22,27,28,29,30,32,35,37,38,40>4,5,38,9,13,15,19,21,23,24,27,30,32,1,37,7,8,40,17,18,20,22,28,29
1,4,6,7,8,13,15,17,18,19,20,22,27,28,29,30,32,35,37,38,40>35,4,5,38,14,15,23,30,32,1,37,7,8,40,17,18,20,22,28,29
1,4,6,7,8,13,15,17,18,19,20,22,27,28,29,30,32,35,37,38,40>6,38,39,13,14,15,21,23,24,27,31,32,1,37,7,8,40,17,18,20,22,28,29
1,4,6,7,8,13,15,17,18,19,20,22,27,28,29,30,32,35,37,38,40>6,39,9,16,21,24,31,32,1,37,7,8,40,17,18,20,22,28,29
1,4,6,7,8,13,15,17,18,19,20,22,27,28,29,30,32,35,37,38,40>33,5,6,39,14,21,24,27,31,32,1,37,7,8,40,17,18,20,22,28,29
1,4,6,7,8,13,15,17,18,19,20,22,27,28,29,30,32,35,37,38,40>33,35,4,6,38,9,14,16,19,21,23,31,32,1,37,7,8,40,17,18,20,22,28,29
1,4,6,7,8,13,15,17,18,19,20,22,27,28,29,30,32,35,37,38,40>33,5,6,9,21,23,24,27,31,32,1,37,7,8,40,17,18,20,22,28,29
1,4,6,7,8,13,15,17,18,19,20,22,27,28,29,30,32,35,37,38,40>33,4,5,6,38,9,13,16,23,24,27,32,1,37,7,8,40,17,18,20,22,28,29
2,4,11,13,14,15,16,18,19,22,23,24,25,26,27,28,29,30,31,33,34,36,37>34,40,11,13,17,21,24,33,2,36,14,15,16,18,22,23,25,26,27,28,29,30,31
2,4,11,13,14,15,16,18,19,22,23,24,25,26,27,28,29,30,31,33,34,36,37>34,35,40,17,19,21,33,2,36,14,15,16,18,22,23,25,26,27,28,29,30,31
2,4,11,13,14,15,16,18,19,22,23,24,25,26,27,28,29,30,31,33,34,36,37>32,34,35,40,11,13,21,24,33,2,36,14,15,16,18,22,23,25,26,27,28,29,30,31
2,4,11,13,14,15,16,18,19,22,23,24,25,26,27,28,29,30,31,33,34,36,37>34,35,11,19,21,33,2,36,14,15,16,18,22,23,25,26,27,28,29,30,31
2,4,11,13,14,15,16,18,19,22,23,24,25,26,27,28,29,30,31,33,34,36,37>32,34,4,40,11,13,17,19,24,33,2,36,14,15,16,18,22,23,25,26,27,28,29,30,31
2,4,11,13,14,15,16,18,19,22,23,24,25,26,27,28,29,30,31,33,34,36,37>32,19,35,4,33,2,36,14,15,16,18,22,23,25,26,27,28,29,30,31
2,4,11,13,14,15,16,18,19,22,23,24,25,26,27,28,29,30,31,33,34,36,37>13,34,37,11,33,2,36,14,15,16,18,22,23,25,26,27,28,29,30,31
2,4,11,13,14,15,16,18,19,22,23,24,25,26,27,28,29,30,31,33,34,36,37>32,34,37,40,17,19,21,33,2,36,14,15,16,18,22,23,25,26,27,28,29,30,31
2,4,11,13,14,15,16,18,19,22,23,24,25,26,27,28,29,30,31,33,34,36,37>32,34,37,11,24,33,2,36,14,15,16,18,22,23,25,26,27,28,29,30,31
2,4,11,13,14,15,16,18,19,22,23,24,25,26,27,28,29,30,31,33,34,36,37>35,4,37,40,11,13,21,33,2,36,14,15,16,18,22,23,25,26,27,28,29,30,31
2,3,34,5,38,9,10,12,18,20,23,24,25,26,30>4,20,12,2,3,34,5,24,25,26,30
2,3,34,5,38,9,10,12,18,20,23,24,25,26,30>4,38,40,11,18,23,27,2,3,34,5,24,25,26,30
2,3,34,5,38,9,10,12,18,20,23,24,25,26,30>40,9,11,12,13,27,2,3,34,5,24,25,26,30
2,3,34,5,38,9,10,12,18,20,23,24,25,26,30>4,40,9,13,18,22,23,27,2,3,34,5,24,25,26,30
2,3,34,5,38,9,10,12,18,20,23,24,25,26,30>38,40,9,11,18,20,2,3,34,5,24,25,26,30
2,3,34,5,38,9,10,12,18,20,23,24,25,26,30>38,40,9,12,18,22,27,2,3,34,5,24,25,26,30
2,3,34,5,38,9,10,12,18,20,23,24,25,26,30>10,12,13,18,20,2,3,34,5,24,25,26,30
2,3,34,5,38,9,10,12,18,20,23,24,25,26,30>4,9,10,11,12,18,23,2,3,34,5,24,25,26,30
2,3,34,5,38,9,10,12,18,20,23,24,25,26,30>4,38,9,10,11,20,22,2,3,34,5,24,25,26,30
2,3,34,5,38,9,10,12,18,20,23,24,25,26,30>4,40,9,10,18,20,22,27,2,3,34,5,24,25,26,30
32,1,33,38,7,11,13,16,17,20,21,22,23,26,27,30>5,38,7,39,9,14,22,28,31,32,1,16,17,20,26,30
32,1,33,38,7,11,13,16,17,20,21,22,23,26,27,30>34,36,7,9,40,11,13,21,28,29,31,32,1,16,17,20,26,30
32,1,33,38,7,11,13,16,17,20,21,22,23,26,27,30>33,34,36,39,40,11,24,27,28,32,1,16,17,20,26,30
32,1,33,38,7,11,13,16,17,20,21,22,23,26,27,30>5,39,9,40,11,14,22,23,24,27,29,32,1,16,17,20,26,30
32,1,33,38,7,11,13,16,17,20,21,22,23,26,27,30>33,5,39,13,21,23,24,32,1,16,17,20,26,30
32,1,33,38,7,11,13,16,17,20,21,22,23,26,27,30>36,5,39,9,40,13,23,24,28,29,32,1,16,17,20,26,30
32,1,33,38,7,11,13,16,17,20,21,22,23,26,27,30>5,38,40,11,13,14,21,22,23,27,32,1,16,17,20,26,30
32,1,33,38,7,11,13,16,17,20,21,22,23,26,27,30>34,5,38,7,40,21,22,23,27,31,32,1,16,17,20,26,30
32,1,33,38,7,11,13,16,17,20,21,22,23,26,27,30>33,34,5,38,7,14,22,23,27,29,32,1,16,17,20,26,30
32,1,33,38,7,11,13,16,17,20,21,22,23,26,27,30>36,5,38,39,9,13,23,24,27,29,32,1,16,17,20,26,30
1,34,35,36,37,6,38,9,11,12,14,16,17,22,23,24,28,29,31>5,11,14,15,20,24,25,26,36,1,35,37,28,29
1,34,35,36,37,6,38,9,11,12,14,16,17,22,23,24,28,29,31>6,7,15,20,22,24,31,1,35,37,28,29
1,34,35,36,37,6,38,9,11,12,14,16,17,22,23,24,28,29,31>6,8,12,14,15,16,20,26,31,1,35,37,28,29
1,34,35,36,37,6,38,9,11,12,14,16,17,22,23,24,28,29,31>6,7,8,11,14,16,22,25,26,31,1,35,37,28,29
1,34,35,36,37,6,38,9,11,12,14,16,17,22,23,24,28,29,31>5,9,12,17,20,23,25,26,33,34,36,1,35,37,28,29
1,34,35,36,37,6,38,9,11,12,14,16,17,22,23,24,28,29,31>5,9,11,12,14,17,23,26,31,33,36,38,1,35,37,28,29
1,34,35,36,37,6,38,9,11,12,14,16,17,22,23,24,28,29,31>5,9,14,15,16,17,24,26,34,36,1,35,37,28,29
1,34,35,36,37,6,38,9,11,12,14,16,17,22,23,24,28,29,31>7,9,11,12,15,17,20,24,33,34,36,38,1,35,37,28,29
1,34,35,36,37,6,38,9,11,12,14,16,17,22,23,24,28,29,31>6,9,16,17,20,23,24,26,31,33,34,1,35,37,28,29
1,34,35,36,37,6,38,9,11,12,14,16,17,22,23,24,28,29,31>5,6,7,9,11,14,15,20,23,24,33,38,1,35,37,28,29
32,34,5,38,7,8,9,11,12,14,18,20,22,23,24,28,29,31>34,11,12,14,15,20,21,25,5,9,22,24,28,29
32,34,5,38,7,8,9,11,12,14,18,20,22,23,24,28,29,31>35,7,12,14,15,20,21,23,31,5,9,22,24,28,29
32,34,5,38,7,8,9,11,12,14,18,20,22,23,24,28,29,31>32,35,7,8,11,14,15,20,26,5,9,22,24,28,29
32,34,5,38,7,8,9,11,12,14,18,20,22,23,24,28,29,31>32,33,35,12,14,18,21,31,5,9,22,24,28,29
32,34,5,38,7,8,9,11,12,14,18,20,22,23,24,28,29,31>32,33,35,38,7,8,18,20,26,31,5,9,22,24,28,29
32,34,5,38,7,8,9,11,12,14,18,20,22,23,24,28,29,31>32,33,34,35,7,8,14,15,20,5,9,22,24,28,29
32,34,5,38,7,8,9,11,12,14,18,20,22,23,24,28,29,31>38,7,14,18,20,21,31,5,9,22,24,28,29
32,34,5,38,7,8,9,11,12,14,18,20,22,23,24,28,29,31>32,38,7,8,11,12,14,15,21,25,5,9,22,24,28,29
32,34,5,38,7,8,9,11,12,14,18,20,22,23,24,28,29,31>33,38,7,8,11,12,14,20,21,26,5,9,22,24,28,29
32,34,5,38,7,8,9,11,12,14,18,20,22,23,24,28,29,31>32,33,35,38,7,8,11,12,14,18,23,25,26,31,5,9,22,24,28,29
33,2,3,34,35,6,36,39,9,10,14,16,19,21,22,27>4,14,18,20,21,32,39,2,3,34,36,10
33,2,3,34,35,6,36,39,9,10,14,16,19,21,22,27>4,5,13,14,15,19,20,21,27,28,31,33,37,2,3,34,36,10
33,2,3,34,35,6,36,39,9,10,14,16,19,21,22,27>6,11,13,19,21,27,28,29,31,2,3,34,36,10
33,2,3,34,35,6,36,39,9,10,14,16,19,21,22,27>4,5,6,8,11,15,16,21,22,27,29,31,32,33,35,37,39,2,3,34,36,10
33,2,3,34,35,6,36,39,9,10,14,16,19,21,22,27>9,13,14,16,27,28,32,35,37,39,2,3,34,36,10
33,2,3,34,35,6,36,39,9,10,14,16,19,21,22,27>5,6,8,9,14,15,16,18,19,21,29,31,32,33,35,2,3,34,36,10
33,2,3,34,35,6,36,39,9,10,14,16,19,21,22,27>5,6,9,11,13,20,21,22,28,33,35,37,39,2,3,34,36,10
33,2,3,34,35,6,36,39,9,10,14,16,19,21,22,27>4,5,8,9,11,14,16,19,27,31,35,2,3,34,36,10
33,2,3,34,35,6,36,39,9,10,14,16,19,21,22,27>6,8,9,11,16,19,22,27,29,31,32,39,2,3,34,36,10
33,2,3,34,35,6,36,39,9,10,14,16,19,21,22,27>5,6,8,9,14,15,18,20,22,23,27,29,32,33,37,2,3,34,36,10
1,4,5,6,7,8,10,12,13,15,16,18,19,27,28,29,32,33,34,37,38>4,38,14,15,17,22,23,28,32,1,33,5,7,8,12,13,16,18,19
1,4,5,6,7,8,10,12,13,15,16,18,19,27,28,29,32,33,34,37,38>34,4,38,10,11,14,17,22,29,31,32,1,33,5,7,8,12,13,16,18,19
1,4,5,6,7,8,10,12,13,15,16,18,19,27,28,29,32,33,34,37,38>34,4,36,38,9,14,15,22,27,31,32,1,33,5,7,8,12,13,16,18,19
1,4,5,6,7,8,10,12,13,15,16,18,19,27,28,29,32,33,34,37,38>6,38,10,11,14,17,22,23,29,31,32,1,33,5,7,8,12,13,16,18,19
1,4,5,6,7,8,10,12,13,15,16,18,19,27,28,29,32,33,34,37,38>34,4,6,9,11,15,17,22,28,32,1,33,5,7,8,12,13,16,18,19
1,4,5,6,7,8,10,12,13,15,16,18,19,27,28,29,32,33,34,37,38>34,4,37,38,11,14,17,23,27,28,32,1,33,5,7,8,12,13,16,18,19
1,4,5,6,7,8,10,12,13,15,16,18,19,27,28,29,32,33,34,37,38>34,36,37,38,10,11,14,17,23,27,28,29,31,32,1,33,5,7,8,12,13,16,18,19
1,4,5,6,7,8,10,12,13,15,16,18,19,27,28,29,32,33,34,37,38>6,37,38,10,11,14,22,31,32,1,33,5,7,8,12,13,16,18,19
1,4,5,6,7,8,10,12,13,15,16,18,19,27,28,29,32,33,34,37,38>4,6,37,9,10,15,17,22,27,28,32,1,33,5,7,8,12,13,16,18,19
1,4,5,6,7,8,10,12,13,15,16,18,19,27,28,29,32,33,34,37,38>34,4,36,6,37,38,9,10,11,14,15,23,28,29,31,32,1,33,5,7,8,12,13,16,18,19
33,4,36,37,7,38,40,10,11,13,14,18,20,24,25,26,29,30>33,10,39,15,16,20,26,27,29,36,40,11,13,14,24,25,30
33,4,36,37,7,38,40,10,11,13,14,18,20,24,25,26,29,30>33,5,9,10,15,16,17,18,20,22,26,36,40,11,13,14,24,25,30
33,4,36,37,7,38,40,10,11,13,14,18,20,24,25,26,29,30>33,4,5,37,9,15,16,18,22,27,36,40,11,13,14,24,25,30
33,4,36,37,7,38,40,10,11,13,14,18,20,24,25,26,29,30>4,7,38,10,16,17,26,27,29,36,40,11,13,14,24,25,30
33,4,36,37,7,38,40,10,11,13,14,18,20,24,25,26,29,30>4,7,9,15,17,18,26,29,36,40,11,13,14,24,25,30
33,4,36,37,7,38,40,10,11,13,14,18,20,24,25,26,29,30>5,7,10,39,15,16,22,27,36,40,11,13,14,24,25,30
33,4,36,37,7,38,40,10,11,13,14,18,20,24,25,26,29,30>4,7,9,16,17,22,26,27,36,40,11,13,14,24,25,30
33,4,36,37,7,38,40,10,11,13,14,18,20,24,25,26,29,30>33,4,5,7,38,9,39,16,17,18,22,26,36,40,11,13,14,24,25,30
33,4,36,37,7,38,40,10,11,13,14,18,20,24,25,26,29,30>33,5,37,7,38,9,10,16,20,22,26,27,29,36,40,11,13,14,24,25,30
33,4,36,37,7,38,40,10,11,13,14,18,20,24,25,26,29,30>33,4,5,37,7,9,10,15,17,20,22,26,36,40,11,13,14,24,25,30
2,3,4,8,11,13,16,19,20,23,24,25,26,27,28,29,30,36,37,38,40>32,33,4,38,8,39,11,13,14,19,31,2,3,40,16,23,24,25,26,27,30
2,3,4,8,11,13,16,19,20,23,24,25,26,27,28,29,30,36,37,38,40>32,36,38,8,39,11,13,14,17,18,20,29,2,3,40,16,23,24,25,26,27,30
2,3,4,8,11,13,16,19,20,23,24,25,26,27,28,29,30,36,37,38,40>32,33,36,8,11,13,14,19,20,2,3,40,16,23,24,25,26,27,30
2,3,4,8,11,13,16,19,20,23,24,25,26,27,28,29,30,36,37,38,40>4,36,14,17,18,19,28,2,3,40,16,23,24,25,26,27,30
2,3,4,8,11,13,16,19,20,23,24,25,26,27,28,29,30,36,37,38,40>32,33,4,36,38,13,14,17,19,20,28,31,2,3,40,16,23,24,25,26,27,30
2,3,4,8,11,13,16,19,20,23,24,25,26,27,28,29,30,36,37,38,40>37,39,18,20,29,31,2,3,40,16,23,24,25,26,27,30
2,3,4,8,11,13,16,19,20,23,24,25,26,27,28,29,30,36,37,38,40>32,33,37,8,11,17,18,19,28,31,2,3,40,16,23,24,25,26,27,30
2,3,4,8,11,13,16,19,20,23,24,25,26,27,28,29,30,36,37,38,40>32,33,37,38,39,11,17,29,2,3,40,16,23,24,25,26,27,30
2,3,4,8,11,13,16,19,20,23,24,25,26,27,28,29,30,36,37,38,40>32,4,37,11,13,17,18,20,29,2,3,40,16,23,24,25,26,27,30
2,3,4,8,11,13,16,19,20,23,24,25,26,27,28,29,30,36,37,38,40>33,36,37,38,8,11,14,17,19,20,31,2,3,40,16,23,24,25,26,27,30
2,3,4,10,11,14,15,16,17,19,25,27,28,29,30,31,32,35,36,37,38,39,40>13,14,16,18,20,28,29,32,2,3,35,37,38,39,40,11,15,27,31
2,3,4,10,11,14,15,16,17,19,25,27,28,29,30,31,32,35,36,37,38,39,40>33,19,25,14,32,2,3,35,37,38,39,40,11,15,27,31
2,3,4,10,11,14,15,16,17,19,25,27,28,29,30,31,32,35,36,37,38,39,40>33,36,10,13,17,18,19,25,30,32,2,3,35,37,38,39,40,11,15,27,31
2,3,4,10,11,14,15,16,17,19,25,27,28,29,30,31,32,35,36,37,38,39,40>33,36,10,17,19,25,29,30,32,2,3,35,37,38,39,40,11,15,27,31
2,3,4,10,11,14,15,16,17,19,25,27,28,29,30,31,32,35,36,37,38,39,40>33,4,36,10,13,14,16,23,28,29,30,32,2,3,35,37,38,39,40,11,15,27,31
2,3,4,10,11,14,15,16,17,19,25,27,28,29,30,31,32,35,36,37,38,39,40>4,12,14,17,19,20,25,30,32,2,3,35,37,38,39,40,11,15,27,31
2,3,4,10,11,14,15,16,17,19,25,27,28,29,30,31,32,35,36,37,38,39,40>33,4,12,13,17,19,23,25,29,30,32,2,3,35,37,38,39,40,11,15,27,31
2,3,4,10,11,14,15,16,17,19,25,27,28,29,30,31,32,35,36,37,38,39,40>33,36,12,16,23,30,32,2,3,35,37,38,39,40,11,15,27,31
2,3,4,10,11,14,15,16,17,19,25,27,28,29,30,31,32,35,36,37,38,39,40>4,36,12,14,16,17,23,28,30,32,2,3,35,37,38,39,40,11,15,27,31
2,3,4,10,11,14,15,16,17,19,25,27,28,29,30,31,32,35,36,37,38,39,40>36,10,12,13,14,16,17,18,20,23,32,2,3,35,37,38,39,40,11,15,27,31
1,4,5,6,7,8,9,10,12,14,16,17,21,24,25,26,27,28,32,34,35,37,40>33,11,12,13,15,26,31,32,1,34,5,37,7,8,9,10,25,27
1,4,5,6,7,8,9,10,12,14,16,17,21,24,25,26,27,28,32,34,35,37,40>6,12,15,21,26,28,30,31,32,1,34,5,37,7,8,9,10,25,27
1,4,5,6,7,8,9,10,12,14,16,17,21,24,25,26,27,28,32,34,35,37,40>33,35,4,6,40,11,15,20,21,24,28,32,1,34,5,37,7,8,9,10,25,27
1,4,5,6,7,8,9,10,12,14,16,17,21,24,25,26,27,28,32,34,35,37,40>35,40,12,15,16,21,24,26,32,1,34,5,37,7,8,9,10,25,27
1,4,5,6,7,8,9,10,12,14,16,17,21,24,25,26,27,28,32,34,35,37,40>33,35,40,11,12,13,14,15,17,21,24,32,1,34,5,37,7,8,9,10,25,27
1,4,5,6,7,8,9,10,12,14,16,17,21,24,25,26,27,28,32,34,35,37,40>33,35,40,11,13,15,17,20,26,31,32,1,34,5,37,7,8,9,10,25,27
1,4,5,6,7,8,9,10,12,14,16,17,21,24,25,26,27,28,32,34,35,37,40>35,4,40,12,16,17,21,24,30,31,32,1,34,5,37,7,8,9,10,25,27
1,4,5,6,7,8,9,10,12,14,16,17,21,24,25,26,27,28,32,34,35,37,40>6,40,11,12,13,14,15,16,17,24,26,32,1,34,5,37,7,8,9,10,25,27
1,4,5,6,7,8,9,10,12,14,16,17,21,24,25,26,27,28,32,34,35,37,40>35,4,6,40,15,16,28,31,32,1,34,5,37,7,8,9,10,25,27
1,4,5,6,7,8,9,10,12,14,16,17,21,24,25,26,27,28,32,34,35,37,40>33,35,4,6,40,11,14,15,16,17,20,21,26,30,32,1,34,5,37,7,8,9,10,25,27
33,3,4,5,6,7,8,35,37,11,38,13,40,15,24,26,31>13,15,17,26,34,40,35,3,5,37,8
33,3,4,5,6,7,8,35,37,11,38,13,40,15,24,26,31>13,17,24,25,34,36,38,39,40,35,3,5,37,8
33,3,4,5,6,7,8,35,37,11,38,13,40,15,24,26,31>4,7,14,15,16,17,31,36,39,35,3,5,37,8
33,3,4,5,6,7,8,35,37,11,38,13,40,15,24,26,31>6,7,9,13,14,16,17,25,26,30,33,34,38,39,35,3,5,37,8
33,3,4,5,6,7,8,35,37,11,38,13,40,15,24,26,31>6,7,9,14,15,24,30,31,33,34,38,39,40,35,3,5,37,8
33,3,4,5,6,7,8,35,37,11,38,13,40,15,24,26,31>4,11,13,14,15,24,25,26,31,35,3,5,37,8
33,3,4,5,6,7,8,35,37,11,38,13,40,15,24,26,31>4,6,11,13,14,15,16,25,26,30,31,34,36,38,35,3,5,37,8
33,3,4,5,6,7,8,35,37,11,38,13,40,15,24,26,31>4,6,9,11,14,15,24,25,26,34,36,35,3,5,37,8
33,3,4,5,6,7,8,35,37,11,38,13,40,15,24,26,31>6,7,9,11,13,16,17,25,31,39,35,3,5,37,8
33,3,4,5,6,7,8,35,37,11,38,13,40,15,24,26,31>4,6,7,9,11,13,16,17,26,30,31,33,34,36,39,35,3,5,37,8
2,4,5,7,9,10,11,12,15,16,17,19,22,23,29,30,31,32,34,36,37,38,40>32,35,7,10,13,15,18,28,30,31,2,5,38,40,9,11,12,19,23,29
2,4,5,7,9,10,11,12,15,16,17,19,22,23,29,30,31,32,34,36,37,38,40>34,35,37,7,10,17,18,20,22,28,2,5,38,40,9,11,12,19,23,29
2,4,5,7,9,10,11,12,15,16,17,19,22,23,29,30,31,32,34,36,37,38,40>32,34,35,37,7,15,16,17,22,28,30,31,2,5,38,40,9,11,12,19,23,29
2,4,5,7,9,10,11,12,15,16,17,19,22,23,29,30,31,32,34,36,37,38,40>32,35,4,10,15,16,17,18,20,22,26,30,2,5,38,40,9,11,12,19,23,29
2,4,5,7,9,10,11,12,15,16,17,19,22,23,29,30,31,32,34,36,37,38,40>36,37,13,16,17,18,26,28,31,2,5,38,40,9,11,12,19,23,29
2,4,5,7,9,10,11,12,15,16,17,19,22,23,29,30,31,32,34,36,37,38,40>32,36,7,13,20,22,28,30,2,5,38,40,9,11,12,19,23,29
2,4,5,7,9,10,11,12,15,16,17,19,22,23,29,30,31,32,34,36,37,38,40>32,36,37,10,13,16,18,20,30,2,5,38,40,9,11,12,19,23,29
2,4,5,7,9,10,11,12,15,16,17,19,22,23,29,30,31,32,34,36,37,38,40>34,35,36,7,10,16,26,28,30,31,2,5,38,40,9,11,12,19,23,29
2,4,5,7,9,10,11,12,15,16,17,19,22,23,29,30,31,32,34,36,37,38,40>34,4,36,37,16,30,31,2,5,38,40,9,11,12,19,23,29
2,4,5,7,9,10,11,12,15,16,17,19,22,23,29,30,31,32,34,36,37,38,40>32,34,35,4,36,7,10,17,26,30,31,2,5,38,40,9,11,12,19,23,29
2,3,4,5,8,10,12,16,17,20,23,24,26,28,29,30,31,33,36,37,38,39>35,40,10,11,17,28,29,31,33,2,3,4,36,39,20,24,26,30
2,3,4,5,8,10,12,16,17,20,23,24,26,28,29,30,31,33,36,37,38,39>35,11,12,13,17,23,25,28,29,31,33,2,3,4,36,39,20,24,26,30
2,3,4,5,8,10,12,16,17,20,23,24,26,28,29,30,31,33,36,37,38,39>5,40,10,13,17,29,33,2,3,4,36,39,20,24,26,30
2,3,4,5,8,10,12,16,17,20,23,24,26,28,29,30,31,33,36,37,38,39>35,38,40,10,12,16,28,29,31,33,2,3,4,36,39,20,24,26,30
2,3,4,5,8,10,12,16,17,20,23,24,26,28,29,30,31,33,36,37,38,39>5,38,12,13,17,23,25,31,33,2,3,4,36,39,20,24,26,30
2,3,4,5,8,10,12,16,17,20,23,24,26,28,29,30,31,33,36,37,38,39>35,38,10,11,17,25,28,31,33,2,3,4,36,39,20,24,26,30
2,3,4,5,8,10,12,16,17,20,23,24,26,28,29,30,31,33,36,37,38,39>35,37,38,40,10,11,13,25,28,33,2,3,4,36,39,20,24,26,30
2,3,4,5,8,10,12,16,17,20,23,24,26,28,29,30,31,33,36,37,38,39>5,37,8,13,16,17,23,25,28,29,33,2,3,4,36,39,20,24,26,30
2,3,4,5,8,10,12,16,17,20,23,24,26,28,29,30,31,33,36,37,38,39>5,38,8,40,11,12,16,17,23,25,31,33,2,3,4,36,39,20,24,26,30
2,3,4,5,8,10,12,16,17,20,23,24,26,28,29,30,31,33,36,37,38,39>5,37,38,8,40,10,11,13,23,25,28,33,2,3,4,36,39,20,24,26,30
32,1,34,4,36,37,7,39,40,10,11,16,23,26>4,38,9,40,23,1,34,7,11,26
32,1,34,4,36,37,7,39,40,10,11,16,23,26>5,38,39,16,23,30,1,34,7,11,26
32,1,34,4,36,37,7,39,40,10,11,16,23,26>32,4,5,38,16,1,34,7,11,26
32,1,34,4,36,37,7,39,40,10,11,16,23,26>36,39,40,13,16,23,1,34,7,11,26
32,1,34,4,36,37,7,39,40,10,11,16,23,26>4,36,38,9,10,40,13,16,30,1,34,7,11,26
32,1,34,4,36,37,7,39,40,10,11,16,23,26>5,36,38,9,10,39,40,13,23,1,34,7,11,26
32,1,34,4,36,37,7,39,40,10,11,16,23,26>4,5,36,38,40,13,23,1,34,7,11,26
32,1,34,4,36,37,7,39,40,10,11,16,23,26>37,10,39,40,13,1,34,7,11,26
32,1,34,4,36,37,7,39,40,10,11,16,23,26>36,37,38,10,13,23,1,34,7,11,26
32,1,34,4,36,37,7,39,40,10,11,16,23,26>36,37,9,10,13,23,1,34,7,11,26
1,34,35,4,5,6,37,8,9,40,13,14,16,17,19,22,24,28,29>33,34,7,10,13,18,19,22,23,25,1,37,8,9,14,16,17,28,29
1,34,35,4,5,6,37,8,9,40,13,14,16,17,19,22,24,28,29>33,35,6,10,13,19,24,1,37,8,9,14,16,17,28,29
1,34,35,4,5,6,37,8,9,40,13,14,16,17,19,22,24,28,29>33,4,7,40,15,19,23,25,1,37,8,9,14,16,17,28,29
1,34,35,4,5,6,37,8,9,40,13,14,16,17,19,22,24,28,29>33,35,4,6,7,40,15,18,20,22,24,25,1,37,8,9,14,16,17,28,29
1,34,35,4,5,6,37,8,9,40,13,14,16,17,19,22,24,28,29>34,35,4,6,7,10,13,15,18,19,22,23,25,1,37,8,9,14,16,17,28,29
1,34,35,4,5,6,37,8,9,40,13,14,16,17,19,22,24,28,29>5,10,13,19,20,23,25,1,37,8,9,14,16,17,28,29
1,34,35,4,5,6,37,8,9,40,13,14,16,17,19,22,24,28,29>35,5,6,40,10,15,22,23,1,37,8,9,14,16,17,28,29
1,34,35,4,5,6,37,8,9,40,13,14,16,17,19,22,24,28,29>35,5,6,7,40,18,19,20,23,24,1,37,8,9,14,16,17,28,29
1,34,35,4,5,6,37,8,9,40,13,14,16,17,19,22,24,28,29>33,34,4,5,6,13,19,24,1,37,8,9,14,16,17,28,29
1,34,35,4,5,6,37,8,9,40,13,14,16,17,19,22,24,28,29>34,35,4,5,10,15,22,24,25,1,37,8,9,14,16,17,28,29
3,5,6,8,9,10,11,12,14,15,16,17,18,19,21,22,24,25,26,30,32,33,35,38,40>20,23,24,33,35,36,37,3,5,8,40,11,12,15,18,19,21,22,25,30
3,5,6,8,9,10,11,12,14,15,16,17,18,19,21,22,24,25,26,30,32,33,35,38,40>9,23,26,28,29,34,35,36,37,39,3,5,8,40,11,12,15,18,19,21,22,25,30
3,5,6,8,9,10,11,12,14,15,16,17,18,19,21,22,24,25,26,30,32,33,35,38,40>9,10,17,26,27,33,39,3,5,8,40,11,12,15,18,19,21,22,25,30
3,5,6,8,9,10,11,12,14,15,16,17,18,19,21,22,24,25,26,30,32,33,35,38,40>6,9,10,20,23,27,28,29,32,33,34,36,38,39,3,5,8,40,11,12,15,18,19,21,22,25,30
3,5,6,8,9,10,11,12,14,15,16,17,18,19,21,22,24,25,26,30,32,33,35,38,40>6,10,13,16,17,26,27,28,29,34,35,39,3,5,8,40,11,12,15,18,19,21,22,25,30
3,5,6,8,9,10,11,12,14,15,16,17,18,19,21,22,24,25,26,30,32,33,35,38,40>6,10,13,16,20,23,26,32,36,37,38,3,5,8,40,11,12,15,18,19,21,22,25,30
3,5,6,8,9,10,11,12,14,15,16,17,18,19,21,22,24,25,26,30,32,33,35,38,40>14,16,17,20,23,24,27,32,34,35,37,3,5,8,40,11,12,15,18,19,21,22,25,30
3,5,6,8,9,10,11,12,14,15,16,17,18,19,21,22,24,25,26,30,32,33,35,38,40>10,14,16,20,26,27,33,34,36,3,5,8,40,11,12,15,18,19,21,22,25,30
3,5,6,8,9,10,11,12,14,15,16,17,18,19,21,22,24,25,26,30,32,33,35,38,40>9,10,14,20,26,27,28,29,32,36,39,3,5,8,40,11,12,15,18,19,21,22,25,30
3,5,6,8,9,10,11,12,14,15,16,17,18,19,21,22,24,25,26,30,32,33,35,38,40>10,13,14,23,26,27,29,33,37,38,39,3,5,8,40,11,12,15,18,19,21,22,25,30
1,3,4,6,7,8,10,11,14,15,16,17,19,20,21,22,23,24,25,26,27,29,30,31,33,34,39>4,12,16,18,22,32,34,35,39,1,3,7,8,11,15,19,20,23,24,25,26,27,29,30,31
1,3,4,6,7,8,10,11,14,15,16,17,19,20,21,22,23,24,25,26,27,29,30,31,33,34,39>5,13,16,18,21,28,32,33,35,36,39,1,3,7,8,11,15,19,20,23,24,25,26,27,29,30,31
1,3,4,6,7,8,10,11,14,15,16,17,19,20,21,22,23,24,25,26,27,29,30,31,33,34,39>6,12,13,17,21,22,36,39,1,3,7,8,11,15,19,20,23,24,25,26,27,29,30,31
1,3,4,6,7,8,10,11,14,15,16,17,19,20,21,22,23,24,25,26,27,29,30,31,33,34,39>5,6,12,13,14,16,17,18,21,22,32,39,1,3,7,8,11,15,19,20,23,24,25,26,27,29,30,31
1,3,4,6,7,8,10,11,14,15,16,17,19,20,21,22,23,24,25,26,27,29,30,31,33,34,39>4,9,12,13,16,17,18,21,28,33,34,40,1,3,7,8,11,15,19,20,23,24,25,26,27,29,30,31
1,3,4,6,7,8,10,11,14,15,16,17,19,20,21,22,23,24,25,26,27,29,30,31,33,34,39>4,6,9,12,13,16,18,32,33,34,35,1,3,7,8,11,15,19,20,23,24,25,26,27,29,30,31
1,3,4,6,7,8,10,11,14,15,16,17,19,20,21,22,23,24,25,26,27,29,30,31,33,34,39>10,12,13,14,17,18,28,33,35,1,3,7,8,11,15,19,20,23,24,25,26,27,29,30,31
1,3,4,6,7,8,10,11,14,15,16,17,19,20,21,22,23,24,25,26,27,29,30,31,33,34,39>6,10,13,14,16,17,32,35,36,1,3,7,8,11,15,19,20,23,24,25,26,27,29,30,31
1,3,4,6,7,8,10,11,14,15,16,17,19,20,21,22,23,24,25,26,27,29,30,31,33,34,39>6,10,13,18,22,32,33,1,3,7,8,11,15,19,20,23,24,25,26,27,29,30,31
1,3,4,6,7,8,10,11,14,15,16,17,19,20,21,22,23,24,25,26,27,29,30,31,33,34,39>5,9,10,12,14,16,17,21,32,34,35,39,1,3,7,8,11,15,19,20,23,24,25,26,27,29,30,31
2,3,35,36,38,7,39,40,10,11,18,20,22,23,24,25,27,28,29,30>33,36,5,7,38,9,10,20,21,30,31,2,3,39,40,11,22,24,25,27,28,29
2,3,35,36,38,7,39,40,10,11,18,20,22,23,24,25,27,28,29,30>35,36,37,7,38,13,18,20,21,26,2,3,39,40,11,22,24,25,27,28,29
2,3,35,36,38,7,39,40,10,11,18,20,22,23,24,25,27,28,29,30>32,35,36,37,38,10,18,20,21,23,30,2,3,39,40,11,22,24,25,27,28,29
2,3,35,36,38,7,39,40,10,11,18,20,22,23,24,25,27,28,29,30>32,5,37,20,23,26,30,31,2,3,39,40,11,22,24,25,27,28,29
2,3,35,36,38,7,39,40,10,11,18,20,22,23,24,25,27,28,29,30>33,5,9,10,13,18,21,23,30,2,3,39,40,11,22,24,25,27,28,29
2,3,35,36,38,7,39,40,10,11,18,20,22,23,24,25,27,28,29,30>32,33,5,7,9,10,26,2,3,39,40,11,22,24,25,27,28,29
2,3,35,36,38,7,39,40,10,11,18,20,22,23,24,25,27,28,29,30>36,5,7,9,13,18,20,23,30,2,3,39,40,11,22,24,25,27,28,29
2,3,35,36,38,7,39,40,10,11,18,20,22,23,24,25,27,28,29,30>32,36,5,37,38,23,31,2,3,39,40,11,22,24,25,27,28,29
2,3,35,36,38,7,39,40,10,11,18,20,22,23,24,25,27,28,29,30>33,36,5,9,10,13,18,23,26,30,2,3,39,40,11,22,24,25,27,28,29
2,3,35,36,38,7,39,40,10,11,18,20,22,23,24,25,27,28,29,30>32,35,36,5,37,7,10,13,20,21,30,2,3,39,40,11,22,24,25,27,28,29
32,33,3,4,38,39,8,11,13,14,18,19,23,24,27>34,13,15,16,19,22,25,26,27,31,32,3,39,14,18,23
32,33,3,4,38,39,8,11,13,14,18,19,23,24,27>33,34,13,15,16,17,25,26,31,32,3,39,14,18,23
32,33,3,4,38,39,8,11,13,14,18,19,23,24,27>33,34,4,11,13,15,16,17,19,24,25,32,3,39,14,18,23
32,33,3,4,38,39,8,11,13,14,18,19,23,24,27>33,34,4,17,22,27,32,3,39,14,18,23
32,33,3,4,38,39,8,11,13,14,18,19,23,24,27>4,36,8,13,17,27,32,3,39,14,18,23
32,33,3,4,38,39,8,11,13,14,18,19,23,24,27>33,4,36,11,16,17,22,24,32,3,39,14,18,23
32,33,3,4,38,39,8,11,13,14,18,19,23,24,27>34,4,36,13,15,16,17,19,24,26,27,31,32,3,39,14,18,23
32,33,3,4,38,39,8,11,13,14,18,19,23,24,27>33,34,4,36,8,11,13,16,17,26,31,32,3,39,14,18,23
32,33,3,4,38,39,8,11,13,14,18,19,23,24,27>34,38,8,16,22,24,27,32,3,39,14,18,23
32,33,3,4,38,39,8,11,13,14,18,19,23,24,27>34,4,38,8,11,16,17,19,26,31,32,3,39,14,18,23
1,3,36,38,39,8,9,13,14,15,16,18,19,23,25,26,28,30,31>34,8,22,25,27,31,1,3,39,14,15,16,18,23,26,30
1,3,36,38,39,8,9,13,14,15,16,18,19,23,25,26,28,30,31>33,35,38,8,17,22,25,27,31,1,3,39,14,15,16,18,23,26,30
1,3,36,38,39,8,9,13,14,15,16,18,19,23,25,26,28,30,31>4,8,22,25,27,31,1,3,39,14,15,16,18,23,26,30
1,3,36,38,39,8,9,13,14,15,16,18,19,23,25,26,28,30,31>33,4,36,38,8,9,40,17,22,27,28,31,1,3,39,14,15,16,18,23,26,30
1,3,36,38,39,8,9,13,14,15,16,18,19,23,25,26,28,30,31>33,34,4,8,9,40,13,17,19,22,1,3,39,14,15,16,18,23,26,30
1,3,36,38,39,8,9,13,14,15,16,18,19,23,25,26,28,30,31>34,35,4,38,8,9,40,19,22,31,1,3,39,14,15,16,18,23,26,30
1,3,36,38,39,8,9,13,14,15,16,18,19,23,25,26,28,30,31>33,34,35,4,36,9,40,19,22,28,31,1,3,39,14,15,16,18,23,26,30
1,3,36,38,39,8,9,13,14,15,16,18,19,23,25,26,28,30,31>33,34,35,5,9,40,13,17,19,22,25,27,28,1,3,39,14,15,16,18,23,26,30
1,3,36,38,39,8,9,13,14,15,16,18,19,23,25,26,28,30,31>33,4,5,36,38,9,40,17,25,27,28,1,3,39,14,15,16,18,23,26,30
1,3,36,38,39,8,9,13,14,15,16,18,19,23,25,26,28,30,31>35,4,5,8,40,13,17,19,22,25,28,31,1,3,39,14,15,16,18,23,26,30
4,5,7,8,9,10,11,13,15,16,18,19,22,24,25,30,31,32,33,36,38>15,27,30,31,32,34,35,39,40,36,5,38,9,11,13,16,18,19,22,25
4,5,7,8,9,10,11,13,15,16,18,19,22,24,25,30,31,32,33,36,38>7,10,14,23,27,28,30,31,33,35,36,5,38,9,11,13,16,18,19,22,25
4,5,7,8,9,10,11,13,15,16,18,19,22,24,25,30,31,32,33,36,38>4,7,8,10,23,24,27,29,31,33,35,39,36,5,38,9,11,13,16,18,19,22,25
4,5,7,8,9,10,11,13,15,16,18,19,22,24,25,30,31,32,33,36,38>12,15,21,23,24,27,28,30,31,32,34,40,36,5,38,9,11,13,16,18,19,22,25
4,5,7,8,9,10,11,13,15,16,18,19,22,24,25,30,31,32,33,36,38>12,21,23,29,30,33,35,39,40,36,5,38,9,11,13,16,18,19,22,25
4,5,7,8,9,10,11,13,15,16,18,19,22,24,25,30,31,32,33,36,38>7,12,23,27,28,32,33,34,39,40,36,5,38,9,11,13,16,18,19,22,25
4,5,7,8,9,10,11,13,15,16,18,19,22,24,25,30,31,32,33,36,38>4,7,8,12,15,17,21,28,29,30,32,33,35,39,40,36,5,38,9,11,13,16,18,19,22,25
4,5,7,8,9,10,11,13,15,16,18,19,22,24,25,30,31,32,33,36,38>4,10,12,14,15,17,23,24,27,29,30,31,32,33,39,36,5,38,9,11,13,16,18,19,22,25
4,5,7,8,9,10,11,13,15,16,18,19,22,24,25,30,31,32,33,36,38>7,10,12,14,27,28,30,35,36,5,38,9,11,13,16,18,19,22,25
4,5,7,8,9,10,11,13,15,16,18,19,22,24,25,30,31,32,33,36,38>8,10,12,14,15,17,21,28,31,34,39,40,36,5,38,9,11,13,16,18,19,22,25
1,2,35,4,5,36,37,8,9,38,12,13,16,18,19,20,21,26,30>4,5,13,17,19,22,24,34,35,39,40,1,2,37,16,18,20,30
1,2,35,4,5,36,37,8,9,38,12,13,16,18,19,20,21,26,30>4,7,14,17,21,22,24,34,36,38,39,40,1,2,37,16,18,20,30
1,2,35,4,5,36,37,8,9,38,12,13,16,18,19,20,21,26,30>5,7,13,14,17,19,21,23,34,39,40,1,2,37,16,18,20,30
1,2,35,4,5,36,37,8,9,38,12,13,16,18,19,20,21,26,30>4,5,7,13,14,21,22,24,26,34,36,38,39,1,2,37,16,18,20,30
1,2,35,4,5,36,37,8,9,38,12,13,16,18,19,20,21,26,30>5,8,14,17,22,23,24,34,36,38,39,40,1,2,37,16,18,20,30
1,2,35,4,5,36,37,8,9,38,12,13,16,18,19,20,21,26,30>5,7,8,14,19,23,36,39,1,2,37,16,18,20,30
1,2,35,4,5,36,37,8,9,38,12,13,16,18,19,20,21,26,30>4,9,12,17,19,21,22,23,34,36,1,2,37,16,18,20,30
1,2,35,4,5,36,37,8,9,38,12,13,16,18,19,20,21,26,30>4,7,9,12,19,21,23,24,35,36,1,2,37,16,18,20,30
1,2,35,4,5,36,37,8,9,38,12,13,16,18,19,20,21,26,30>7,8,9,12,17,19,23,24,34,1,2,37,16,18,20,30
1,2,35,4,5,36,37,8,9,38,12,13,16,18,19,20,21,26,30>4,5,7,8,9,12,13,17,24,34,36,38,40,1,2,37,16,18,20,30
3,4,5,6,7,9,10,11,13,14,16,17,18,20,22,23,24,26,27,28,29,31,32,33,36>6,38,21,23,27,30,32,33,3,36,5,9,11,13,14,16,17,20,22,24,26,28,29,31
3,4,5,6,7,9,10,11,13,14,16,17,18,20,22,23,24,26,27,28,29,31,32,33,36>35,4,6,39,15,25,30,32,33,3,36,5,9,11,13,14,16,17,20,22,24,26,28,29,31
3,4,5,6,7,9,10,11,13,14,16,17,18,20,22,23,24,26,27,28,29,31,32,33,36>35,4,6,23,27,32,33,3,36,5,9,11,13,14,16,17,20,22,24,26,28,29,31
3,4,5,6,7,9,10,11,13,14,16,17,18,20,22,23,24,26,27,28,29,31,32,33,36>6,7,38,10,39,21,23,27,32,33,3,36,5,9,11,13,14,16,17,20,22,24,26,28,29,31
3,4,5,6,7,9,10,11,13,14,16,17,18,20,22,23,24,26,27,28,29,31,32,33,36>35,6,7,38,10,15,25,27,32,33,3,36,5,9,11,13,14,16,17,20,22,24,26,28,29,31
3,4,5,6,7,9,10,11,13,14,16,17,18,20,22,23,24,26,27,28,29,31,32,33,36>4,8,38,39,15,25,27,32,33,3,36,5,9,11,13,14,16,17,20,22,24,26,28,29,31
3,4,5,6,7,9,10,11,13,14,16,17,18,20,22,23,24,26,27,28,29,31,32,33,36>35,4,6,8,38,10,21,25,27,32,33,3,36,5,9,11,13,14,16,17,20,22,24,26,28,29,31
3,4,5,6,7,9,10,11,13,14,16,17,18,20,22,23,24,26,27,28,29,31,32,33,36>7,8,15,21,25,32,33,3,36,5,9,11,13,14,16,17,20,22,24,26,28,29,31
3,4,5,6,7,9,10,11,13,14,16,17,18,20,22,23,24,26,27,28,29,31,32,33,36>35,6,7,8,38,39,15,18,23,25,27,30,32,33,3,36,5,9,11,13,14,16,17,20,22,24,26,28,29,31
3,4,5,6,7,9,10,11,13,14,16,17,18,20,22,23,24,26,27,28,29,31,32,33,36>4,6,7,8,38,10,21,27,30,32,33,3,36,5,9,11,13,14,16,17,20,22,24,26,28,29,31
1,2,33,4,5,34,7,8,39,11,13,14,15,16,22,25,29,30,31>33,34,39,9,11,17,22,25,27,30,31,1,2,5,7,14,15,16,29
1,2,33,4,5,34,7,8,39,11,13,14,15,16,22,25,29,30,31>35,11,13,17,22,27,28,31,1,2,5,7,14,15,16,29
1,2,33,4,5,34,7,8,39,11,13,14,15,16,22,25,29,30,31>33,35,39,8,9,40,11,13,17,22,27,30,31,1,2,5,7,14,15,16,29
1,2,33,4,5,34,7,8,39,11,13,14,15,16,22,25,29,30,31>33,34,35,8,9,40,13,17,30,1,2,5,7,14,15,16,29
1,2,33,4,5,34,7,8,39,11,13,14,15,16,22,25,29,30,31>33,34,35,8,9,11,13,17,22,25,27,30,31,1,2,5,7,14,15,16,29
1,2,33,4,5,34,7,8,39,11,13,14,15,16,22,25,29,30,31>33,36,39,9,40,13,17,22,27,30,1,2,5,7,14,15,16,29
1,2,33,4,5,34,7,8,39,11,13,14,15,16,22,25,29,30,31>33,36,8,9,40,11,28,30,31,1,2,5,7,14,15,16,29
1,2,33,4,5,34,7,8,39,11,13,14,15,16,22,25,29,30,31>33,35,36,39,11,13,17,22,25,31,1,2,5,7,14,15,16,29
1,2,33,4,5,34,7,8,39,11,13,14,15,16,22,25,29,30,31>35,4,36,39,8,11,13,22,25,30,1,2,5,7,14,15,16,29
1,2,33,4,5,34,7,8,39,11,13,14,15,16,22,25,29,30,31>34,35,4,36,39,17,22,25,27,28,31,1,2,5,7,14,15,16,29
34,3,37,38,7,10,11,16,17,18,19,20,22,24,27,28,29>32,38,9,10,13,17,19,25,3,11,18,20,22,24,28,29
34,3,37,38,7,10,11,16,17,18,19,20,22,24,27,28,29>33,10,13,16,25,31,3,11,18,20,22,24,28,29
34,3,37,38,7,10,11,16,17,18,19,20,22,24,27,28,29>32,33,7,38,9,13,16,19,25,3,11,18,20,22,24,28,29
34,3,37,38,7,10,11,16,17,18,19,20,22,24,27,28,29>32,34,7,38,9,16,17,19,21,31,3,11,18,20,22,24,28,29
34,3,37,38,7,10,11,16,17,18,19,20,22,24,27,28,29>32,33,34,38,13,16,17,19,21,23,27,3,11,18,20,22,24,28,29
34,3,37,38,7,10,11,16,17,18,19,20,22,24,27,28,29>5,38,9,10,16,19,21,23,31,3,11,18,20,22,24,28,29
34,3,37,38,7,10,11,16,17,18,19,20,22,24,27,28,29>33,37,9,13,21,23,3,11,18,20,22,24,28,29
34,3,37,38,7,10,11,16,17,18,19,20,22,24,27,28,29>33,34,37,7,38,9,10,16,19,21,27,3,11,18,20,22,24,28,29
34,3,37,38,7,10,11,16,17,18,19,20,22,24,27,28,29>32,33,34,37,7,9,10,13,16,25,27,3,11,18,20,22,24,28,29
34,3,37,38,7,10,11,16,17,18,19,20,22,24,27,28,29>32,33,34,5,37,38,9,10,16,19,23,27,3,11,18,20,22,24,28,29
32,35,4,36,7,39,11,12,14,15,22,23,25,26,27,28,29,30,31>38,4,9,32,35,39,15,26,27,28,29,30,31
32,35,4,36,7,39,11,12,14,15,22,23,25,26,27,28,29,30,31>33,5,37,9,38,11,40,14,25,32,35,39,15,26,27,28,29,30,31
32,35,4,36,7,39,11,12,14,15,22,23,25,26,27,28,29,30,31>33,4,36,38,22,32,35,39,15,26,27,28,29,30,31
32,35,4,36,7,39,11,12,14,15,22,23,25,26,27,28,29,30,31>4,5,36,37,12,22,23,32,35,39,15,26,27,28,29,30,31
32,35,4,36,7,39,11,12,14,15,22,23,25,26,27,28,29,30,31>33,4,5,36,12,14,22,25,32,35,39,15,26,27,28,29,30,31
32,35,4,36,7,39,11,12,14,15,22,23,25,26,27,28,29,30,31>7,37,9,14,25,32,35,39,15,26,27,28,29,30,31
32,35,4,36,7,39,11,12,14,15,22,23,25,26,27,28,29,30,31>11,4,12,7,32,35,39,15,26,27,28,29,30,31
32,35,4,36,7,39,11,12,14,15,22,23,25,26,27,28,29,30,31>5,7,37,9,12,40,25,32,35,39,15,26,27,28,29,30,31
32,35,4,36,7,39,11,12,14,15,22,23,25,26,27,28,29,30,31>33,5,7,9,40,32,35,39,15,26,27,28,29,30,31
32,35,4,36,7,39,11,12,14,15,22,23,25,26,27,28,29,30,31>5,36,7,37,9,38,11,12,14,22,32,35,39,15,26,27,28,29,30,31
32,1,2,34,35,36,6,38,8,9,10,11,12,40,15,19,25,27>35,40,9,15,18,23,25,32,1,2,34,6,38,8,11,12,27
32,1,2,34,35,36,6,38,8,9,10,11,12,40,15,19,25,27>36,5,40,9,10,18,19,23,31,32,1,2,34,6,38,8,11,12,27
32,1,2,34,35,36,6,38,8,9,10,11,12,40,15,19,25,27>36,37,40,10,15,31,32,1,2,34,6,38,8,11,12,27
32,1,2,34,35,36,6,38,8,9,10,11,12,40,15,19,25,27>36,5,37,10,19,23,32,1,2,34,6,38,8,11,12,27
32,1,2,34,35,36,6,38,8,9,10,11,12,40,15,19,25,27>35,36,5,37,40,9,10,31,32,1,2,34,6,38,8,11,12,27
32,1,2,34,35,36,6,38,8,9,10,11,12,40,15,19,25,27>35,36,5,37,40,18,32,1,2,34,6,38,8,11,12,27
32,1,2,34,35,36,6,38,8,9,10,11,12,40,15,19,25,27>36,7,40,9,15,19,23,25,32,1,2,34,6,38,8,11,12,27
32,1,2,34,35,36,6,38,8,9,10,11,12,40,15,19,25,27>36,5,7,40,15,18,23,25,32,1,2,34,6,38,8,11,12,27
32,1,2,34,35,36,6,38,8,9,10,11,12,40,15,19,25,27>35,36,5,7,9,19,32,1,2,34,6,38,8,11,12,27
32,1,2,34,35,36,6,38,8,9,10,11,12,40,15,19,25,27>35,37,7,40,9,13,19,25,32,1,2,34,6,38,8,11,12,27
32,3,4,36,11,14,16,19,21,22,23,25,30,31>4,19,20,25,26,27,31,32,38,3,23
32,3,4,36,11,14,16,19,21,22,23,25,30,31>4,11,14,18,22,25,27,29,31,32,34,38,3,23
32,3,4,36,11,14,16,19,21,22,23,25,30,31>4,11,15,18,19,20,21,22,27,28,30,31,32,36,38,3,23
32,3,4,36,11,14,16,19,21,22,23,25,30,31>16,18,25,28,29,30,31,35,36,38,3,23
32,3,4,36,11,14,16,19,21,22,23,25,30,31>16,18,19,20,32,34,38,40,3,23
32,3,4,36,11,14,16,19,21,22,23,25,30,31>11,16,20,21,26,27,31,34,35,38,3,23
32,3,4,36,11,14,16,19,21,22,23,25,30,31>11,14,16,21,25,30,35,38,3,23
32,3,4,36,11,14,16,19,21,22,23,25,30,31>11,15,16,18,20,21,22,25,28,31,32,34,35,36,39,3,23
32,3,4,36,11,14,16,19,21,22,23,25,30,31>4,14,15,16,18,22,25,27,29,30,34,35,36,3,23
32,3,4,36,11,14,16,19,21,22,23,25,30,31>11,14,15,16,18,19,20,22,27,28,30,31,38,39,40,3,23
1,3,4,35,6,7,38,40,13,15,16,17,18,21,23,27,28,30>15,18,20,21,23,27,28,32,34,1,3,4,7,40,16,17
1,3,4,35,6,7,38,40,13,15,16,17,18,21,23,27,28,30>5,14,20,23,26,27,28,30,33,38,1,3,4,7,40,16,17
1,3,4,35,6,7,38,40,13,15,16,17,18,21,23,27,28,30>5,20,21,23,26,27,28,31,34,35,37,38,39,1,3,4,7,40,16,17
1,3,4,35,6,7,38,40,13,15,16,17,18,21,23,27,28,30>8,14,15,18,23,26,27,30,34,35,38,1,3,4,7,40,16,17
1,3,4,35,6,7,38,40,13,15,16,17,18,21,23,27,28,30>5,8,18,21,23,26,30,31,37,1,3,4,7,40,16,17
1,3,4,35,6,7,38,40,13,15,16,17,18,21,23,27,28,30>6,8,18,20,22,23,26,28,30,34,38,39,1,3,4,7,40,16,17
1,3,4,35,6,7,38,40,13,15,16,17,18,21,23,27,28,30>8,14,21,22,23,27,31,32,34,35,37,38,1,3,4,7,40,16,17
1,3,4,35,6,7,38,40,13,15,16,17,18,21,23,27,28,30>5,6,8,14,15,18,23,26,30,31,34,35,37,38,39,1,3,4,7,40,16,17
1,3,4,35,6,7,38,40,13,15,16,17,18,21,23,27,28,30>6,8,9,20,21,23,28,31,33,34,35,37,38,39,1,3,4,7,40,16,17
1,3,4,35,6,7,38,40,13,15,16,17,18,21,23,27,28,30>6,13,15,18,20,22,23,26,27,28,31,32,34,37,39,1,3,4,7,40,16,17
32,33,34,3,35,8,9,40,11,16,30,31>32,8,9,11,16,40,35,34,3
32,33,34,3,35,8,9,40,11,16,30,31>33,8,9,16,31,40,35,34,3
32,33,34,3,35,8,9,40,11,16,30,31>33,8,9,30,31,40,35,34,3
32,33,34,3,35,8,9,40,11,16,30,31>32,36,8,9,16,30,40,35,34,3
32,33,34,3,35,8,9,40,11,16,30,31>30,36,5,8,40,35,34,3
32,33,34,3,35,8,9,40,11,16,30,31>32,37,9,11,31,40,35,34,3
32,33,34,3,35,8,9,40,11,16,30,31>32,36,37,8,9,30,31,40,35,34,3
32,33,34,3,35,8,9,40,11,16,30,31>32,5,37,8,9,11,30,40,35,34,3
32,33,34,3,35,8,9,40,11,16,30,31>33,5,37,8,9,11,16,40,35,34,3
32,33,34,3,35,8,9,40,11,16,30,31>33,36,5,37,11,16,31,40,35,34,3
34,3,4,36,37,7,38,9,39,12,13,15,26,27,29,31>34,35,37,39,13,17,26,29,30,9,3,4,31
34,3,4,36,37,7,38,9,39,12,13,15,26,27,29,31>32,34,36,7,38,39,12,13,15,27,29,9,3,4,31
34,3,4,36,37,7,38,9,39,12,13,15,26,27,29,31>34,35,36,37,7,39,13,15,16,26,27,29,30,9,3,4,31
34,3,4,36,37,7,38,9,39,12,13,15,26,27,29,31>32,34,35,36,37,7,38,39,14,16,27,9,3,4,31
34,3,4,36,37,7,38,9,39,12,13,15,26,27,29,31>34,5,37,39,12,14,15,16,17,26,27,29,30,9,3,4,31
34,3,4,36,37,7,38,9,39,12,13,15,26,27,29,31>32,35,5,13,14,15,17,26,27,29,30,9,3,4,31
34,3,4,36,37,7,38,9,39,12,13,15,26,27,29,31>35,36,5,37,39,13,15,26,27,29,30,9,3,4,31
34,3,4,36,37,7,38,9,39,12,13,15,26,27,29,31>32,36,5,37,7,39,12,16,17,26,30,9,3,4,31
34,3,4,36,37,7,38,9,39,12,13,15,26,27,29,31>34,36,5,37,7,39,12,14,29,30,9,3,4,31
34,3,4,36,37,7,38,9,39,12,13,15,26,27,29,31>35,36,5,7,38,13,15,16,17,26,27,9,3,4,31
1,3,4,5,8,9,11,12,17,18,19,21,22,23,26,30,31,32,33,35,36,38,40>33,7,8,11,12,17,28,1,3,35,36,38,40,18,21,22,23,26,30
1,3,4,5,8,9,11,12,17,18,19,21,22,23,26,30,31,32,33,35,36,38,40>33,37,7,8,9,11,12,1,3,35,36,38,40,18,21,22,23,26,30
1,3,4,5,8,9,11,12,17,18,19,21,22,23,26,30,31,32,33,35,36,38,40>34,37,7,8,9,39,11,19,20,28,31,1,3,35,36,38,40,18,21,22,23,26,30
1,3,4,5,8,9,11,12,17,18,19,21,22,23,26,30,31,32,33,35,36,38,40>32,33,37,7,8,20,28,1,3,35,36,38,40,18,21,22,23,26,30
1,3,4,5,8,9,11,12,17,18,19,21,22,23,26,30,31,32,33,35,36,38,40>33,37,39,12,17,28,29,1,3,35,36,38,40,18,21,22,23,26,30
1,3,4,5,8,9,11,12,17,18,19,21,22,23,26,30,31,32,33,35,36,38,40>32,34,4,9,12,19,29,1,3,35,36,38,40,18,21,22,23,26,30
1,3,4,5,8,9,11,12,17,18,19,21,22,23,26,30,31,32,33,35,36,38,40>32,33,34,5,7,9,11,19,20,1,3,35,36,38,40,18,21,22,23,26,30
1,3,4,5,8,9,11,12,17,18,19,21,22,23,26,30,31,32,33,35,36,38,40>32,4,5,37,9,11,12,31,1,3,35,36,38,40,18,21,22,23,26,30
1,3,4,5,8,9,11,12,17,18,19,21,22,23,26,30,31,32,33,35,36,38,40>33,4,5,37,8,39,11,17,28,31,1,3,35,36,38,40,18,21,22,23,26,30
1,3,4,5,8,9,11,12,17,18,19,21,22,23,26,30,31,32,33,35,36,38,40>32,34,4,5,8,9,39,11,19,20,28,29,1,3,35,36,38,40,18,21,22,23,26,30
35,4,5,36,37,8,11,14,16,17,20,21,22,23,25,26,28,29,30,31>4,5,8,14,16,17,22,24,25,27,35,37,20,26,28,29,30
35,4,5,36,37,8,11,14,16,17,20,21,22,23,25,26,28,29,30,31>33,4,5,8,40,11,14,17,22,23,31,35,37,20,26,28,29,30
35,4,5,36,37,8,11,14,16,17,20,21,22,23,25,26,28,29,30,31>4,36,8,40,14,23,25,35,37,20,26,28,29,30
35,4,5,36,37,8,11,14,16,17,20,21,22,23,25,26,28,29,30,31>4,36,16,21,23,25,27,31,35,37,20,26,28,29,30
35,4,5,36,37,8,11,14,16,17,20,21,22,23,25,26,28,29,30,31>33,5,36,40,11,15,16,17,21,23,24,27,31,35,37,20,26,28,29,30
35,4,5,36,37,8,11,14,16,17,20,21,22,23,25,26,28,29,30,31>33,39,40,17,21,22,24,25,27,31,35,37,20,26,28,29,30
35,4,5,36,37,8,11,14,16,17,20,21,22,23,25,26,28,29,30,31>33,4,39,40,14,16,17,23,27,35,37,20,26,28,29,30
35,4,5,36,37,8,11,14,16,17,20,21,22,23,25,26,28,29,30,31>4,5,39,11,14,16,21,23,24,27,35,37,20,26,28,29,30
35,4,5,36,37,8,11,14,16,17,20,21,22,23,25,26,28,29,30,31>4,36,39,8,11,14,15,16,17,21,23,25,35,37,20,26,28,29,30
35,4,5,36,37,8,11,14,16,17,20,21,22,23,25,26,28,29,30,31>5,36,39,8,11,16,21,22,25,35,37,20,26,28,29,30
2,3,6,7,8,10,12,13,15,20,21,22,23,24,25,26,27,28,32,33,34,35,36,37,38>9,10,14,16,22,29,30,31,32,33,2,3,34,36,37,38,8,12,13,20,24,25,26,27,28
2,3,6,7,8,10,12,13,15,20,21,22,23,24,25,26,27,28,32,33,34,35,36,37,38>35,4,14,16,17,23,29,30,32,33,2,3,34,36,37,38,8,12,13,20,24,25,26,27,28
2,3,6,7,8,10,12,13,15,20,21,22,23,24,25,26,27,28,32,33,34,35,36,37,38>35,6,9,14,15,21,23,32,33,2,3,34,36,37,38,8,12,13,20,24,25,26,27,28
2,3,6,7,8,10,12,13,15,20,21,22,23,24,25,26,27,28,32,33,34,35,36,37,38>5,6,9,10,11,14,17,23,30,32,33,2,3,34,36,37,38,8,12,13,20,24,25,26,27,28
2,3,6,7,8,10,12,13,15,20,21,22,23,24,25,26,27,28,32,33,34,35,36,37,38>35,4,5,6,10,11,15,21,22,23,32,33,2,3,34,36,37,38,8,12,13,20,24,25,26,27,28
2,3,6,7,8,10,12,13,15,20,21,22,23,24,25,26,27,28,32,33,34,35,36,37,38>4,7,9,10,21,22,23,30,32,33,2,3,34,36,37,38,8,12,13,20,24,25,26,27,28
2,3,6,7,8,10,12,13,15,20,21,22,23,24,25,26,27,28,32,33,34,35,36,37,38>4,7,10,16,17,21,30,31,32,33,2,3,34,36,37,38,8,12,13,20,24,25,26,27,28
2,3,6,7,8,10,12,13,15,20,21,22,23,24,25,26,27,28,32,33,34,35,36,37,38>35,5,7,9,11,14,17,21,22,31,32,33,2,3,34,36,37,38,8,12,13,20,24,25,26,27,28
2,3,6,7,8,10,12,13,15,20,21,22,23,24,25,26,27,28,32,33,34,35,36,37,38>4,5,7,10,11,16,22,23,29,31,32,33,2,3,34,36,37,38,8,12,13,20,24,25,26,27,28
2,3,6,7,8,10,12,13,15,20,21,22,23,24,25,26,27,28,32,33,34,35,36,37,38>4,5,7,9,11,14,15,16,23,32,33,2,3,34,36,37,38,8,12,13,20,24,25,26,27,28
