CD45,CD8,TCRlig,TCbind,PAGCsk,LCK,Fyn,Rlk,TCRphos,ZAP70,cCbl,Itk,LAT,Gads,Slp76,PLCg_b,Grb2Sos,DAG,PLCg_a,Ras,RasGRP1,PKCth,IP3,Raf,MEK,Ca,ERK,SEK,IKK,Calcin,Rsk,Fos,JNK,IkB,CREB,Jun,CRE,AP1,NFkB,NFAT
32,33,2,3,4,5,36,37,8,9,10,39,12,20,22,23,25,26,28,30>32,8,9,10,12,23,24,25,33,2,3,4,36,39,26,28,30
32,33,2,3,4,5,36,37,8,9,10,39,12,20,22,23,25,26,28,30>34,5,37,38,8,10,22,23,24,25,29,33,2,3,4,36,39,26,28,30
1,6,8,9,10,12,16,20,21,23,24,25,26,30,31,32,33,34,35,36,38,39,40>32,37,11,12,21,23,27,1,34,35,36,38,8,40,10,20,24,25,26,30
1,6,8,9,10,12,16,20,21,23,24,25,26,30,31,32,33,34,35,36,38,39,40>5,7,39,13,27,1,34,35,36,38,8,40,10,20,24,25,26,30
33,4,5,6,7,8,9,38,11,39,14,15,18,20,22,25,28,30>34,7,38,40,11,18,29,30,33,5,39,8,9,15,22,28
33,4,5,6,7,8,9,38,11,39,14,15,18,20,22,25,28,30>4,36,6,7,38,11,18,21,33,5,39,8,9,15,22,28
34,3,35,5,39,8,9,10,40,12,15,16,19,20,22,23,25,26,27,29>4,8,9,16,30,31,32,34,39,3,5,12,19,23,26,27,29
34,3,35,5,39,8,9,10,40,12,15,16,19,20,22,23,25,26,27,29>4,8,9,10,13,16,20,24,25,28,30,34,35,39,40,3,5,12,19,23,26,27,29
2,3,34,5,36,38,40,9,10,11,12,14,21,24,26,27,28,30>33,38,13,21,24,26,27,28,2,3,34,5,40,11,30
2,3,34,5,36,38,40,9,10,11,12,14,21,24,26,27,28,30>32,33,38,13,15,21,24,26,28,31,2,3,34,5,40,11,30
32,1,3,4,36,6,7,37,38,10,11,12,40,16,18,25,26,30,31>8,10,16,18,26,35,36,37,39,1,3,38,7,40,11,30
32,1,3,4,36,6,7,37,38,10,11,12,40,16,18,25,26,30,31>4,5,8,12,13,18,27,31,32,34,36,39,1,3,38,7,40,11,30
33,34,3,4,5,37,38,39,9,12,13,15,17,27,29,31>32,33,35,37,38,12,13,14,20,27,17,3,4,31
33,34,3,4,5,37,38,39,9,12,13,15,17,27,29,31>34,5,37,39,9,15,20,17,3,4,31
3,4,5,6,11,12,13,14,15,16,17,18,19,21,22,25,29,30,32,36,38,39>32,6,12,13,23,27,28,3,38,39,14,15,16,17,18,21,22,29
3,4,5,6,11,12,13,14,15,16,17,18,19,21,22,25,29,30,32,36,38,39>5,6,9,40,11,13,19,27,28,30,3,38,39,14,15,16,17,18,21,22,29
2,7,8,12,13,14,15,16,18,19,20,21,22,24,25,26,27,28,29,30,31,34,37,39>33,5,37,8,39,40,12,23,26,2,14,15,16,18,20,21,22,24,25,27,28,29,30,31
2,7,8,12,13,14,15,16,18,19,20,21,22,24,25,26,27,28,29,30,31,34,37,39>32,33,34,5,7,8,12,17,2,14,15,16,18,20,21,22,24,25,27,28,29,30,31
2,3,4,5,6,8,9,10,11,12,14,16,19,20,22,25,29,30,31,33,34,38,39>6,10,14,18,20,22,24,25,30,31,33,34,38,2,3,8,9,11,29
2,3,4,5,6,8,9,10,11,12,14,16,19,20,22,25,29,30,31,33,34,38,39>6,12,14,18,20,24,25,28,33,38,2,3,8,9,11,29
1,34,35,4,37,8,9,10,11,40,15,20,22,23,25,26,27>35,8,9,10,40,15,20,22,24,31,1,34,37,11,26,27
1,34,35,4,37,8,9,10,11,40,15,20,22,23,25,26,27>32,4,7,9,10,40,12,22,30,1,34,37,11,26,27
1,2,4,6,7,9,11,12,14,16,18,20,22,27,28,30,33,36,37,38,39>11,12,14,21,27,29,30,37,38,40,1,2,33,36,6,7,39,9,22,28
1,2,4,6,7,9,11,12,14,16,18,20,22,27,28,30,33,36,37,38,39>4,8,11,14,24,27,31,34,38,1,2,33,36,6,7,39,9,22,28
32,1,2,3,33,5,6,36,39,9,12,14,19,21,22,26,27,28,29,31>35,7,9,10,38,14,15,18,20,26,27,32,1,2,3,33,5,36,39,28,29,31
32,1,2,3,33,5,6,36,39,9,12,14,19,21,22,26,27,28,29,31>35,6,7,9,14,15,20,21,22,23,26,32,1,2,3,33,5,36,39,28,29,31
33,36,5,6,38,8,40,11,14,16,17,20,22,24,25,26,27,30>32,6,38,11,15,26,28,36,5,8,40,20,24,25,27,30
33,36,5,6,38,8,40,11,14,16,17,20,22,24,25,26,27,30>34,38,39,11,14,15,22,26,28,31,36,5,8,40,20,24,25,27,30
1,2,34,36,6,7,40,11,13,15,16,18,19,21,23,24,25,28,29>5,9,11,13,14,15,17,21,22,24,27,28,29,34,1,2,6,7,16,18,23,25
1,2,34,36,6,7,40,11,13,15,16,18,19,21,23,24,25,28,29>5,8,9,14,19,21,22,24,27,29,36,1,2,6,7,16,18,23,25
33,2,4,5,36,7,8,9,10,39,15,16,17,20,22,25,26,28,29,31>35,7,8,10,11,12,13,15,16,22,27,31,33,2,36,5,39,9,20,28,29
33,2,4,5,36,7,8,9,10,39,15,16,17,20,22,25,26,28,29,31>4,7,11,13,15,16,17,22,26,30,31,33,2,36,5,39,9,20,28,29
3,4,9,12,13,14,16,17,18,19,20,24,25,26,27,30,31,32,33,34,38>35,38,9,12,19,22,23,26,32,34,3,4,14,16,17,18,20,24,25,27,30,31
3,4,9,12,13,14,16,17,18,19,20,24,25,26,27,30,31,32,33,34,38>35,38,40,15,19,32,34,3,4,14,16,17,18,20,24,25,27,30,31
1,35,4,5,6,7,8,9,36,38,40,14,17,19,20,22,24,28,29,31>4,10,40,18,31,1,35,5,7,8,9,20,24,28,29
1,35,4,5,6,7,8,9,36,38,40,14,17,19,20,22,24,28,29,31>36,14,15,17,19,22,31,1,35,5,7,8,9,20,24,28,29
32,34,4,5,36,38,8,9,40,11,12,13,14,15,16,21,22,25>32,36,9,40,11,25,27,28,34,38,14,15,16
32,34,4,5,36,38,8,9,40,11,12,13,14,15,16,21,22,25>32,4,5,36,9,12,13,17,20,21,22,28,34,38,14,15,16
1,2,3,4,5,34,7,36,9,15,16,17,19,20,23,28>33,36,18,19,26,1,2,3,4,5,34,7,9,20,23
1,2,3,4,5,34,7,36,9,15,16,17,19,20,23,28>33,36,15,19,24,1,2,3,4,5,34,7,9,20,23
32,1,33,34,36,5,6,12,13,14,15,16,17,18,20,22,23,25,29,31>32,35,7,8,38,12,13,23,24,25,26,27,28,1,36,5,14,15,16,17,20,22,29
32,1,33,34,36,5,6,12,13,14,15,16,17,18,20,22,23,25,29,31>32,33,34,35,6,7,8,18,21,23,24,28,1,36,5,14,15,16,17,20,22,29
33,2,3,35,36,6,37,38,9,10,13,16,17,20,21,26>35,4,5,6,9,39,11,21,26,2,3,36,37,10,13,16,17,20
33,2,3,35,36,6,37,38,9,10,13,16,17,20,21,26>33,34,35,5,8,11,14,21,24,30,2,3,36,37,10,13,16,17,20
32,2,36,5,6,37,8,39,10,13,14,17,23,25,26,27>34,37,11,20,25,32,2,5,39,8,13,14,17,26,27
32,2,36,5,6,37,8,39,10,13,14,17,23,25,26,27>34,36,37,6,16,20,32,2,5,39,8,13,14,17,26,27
32,1,3,4,5,36,7,8,39,10,14,15,18,19,22,23,24,26,30,31>35,36,8,9,12,14,19,21,24,28,29,1,3,4,5,7,39,15,18,22,23,26,30
32,1,3,4,5,36,7,8,39,10,14,15,18,19,22,23,24,26,30,31>34,35,38,8,10,12,13,21,28,1,3,4,5,7,39,15,18,22,23,26,30
1,3,5,8,9,11,15,16,18,20,21,22,24,27,28,30,34,36,37,38,39>32,33,38,25,27,30,1,34,3,5,20,21,22,24,28
1,3,5,8,9,11,15,16,18,20,21,22,24,27,28,30,34,36,37,38,39>32,33,36,38,8,40,15,16,27,31,1,34,3,5,20,21,22,24,28
3,35,37,6,7,8,9,10,11,38,13,14,15,16,17,22,27>32,34,5,10,12,19,20,29,31,3,37,8,9,11,13,14,15,16,17
3,35,37,6,7,8,9,10,11,38,13,14,15,16,17,22,27>32,34,35,6,39,10,12,22,27,3,37,8,9,11,13,14,15,16,17
1,6,8,9,10,11,13,14,15,16,17,19,20,21,25,27,29,30,31,33,34,35,39,40>34,5,6,37,10,39,21,24,25,29,30,1,35,8,40,11,13,14,15,16,17,19,20,27,31
1,6,8,9,10,11,13,14,15,16,17,19,20,21,25,27,29,30,31,33,34,35,39,40>32,33,34,36,5,6,7,37,9,39,12,21,24,30,1,35,8,40,11,13,14,15,16,17,19,20,27,31
1,2,3,4,5,12,13,16,17,18,20,24,25,26,27,29,30,31,32,33,34,38,39,40>35,36,7,39,12,14,18,29,32,1,2,3,4,40,16,17,20,24,25,27,30,31
1,2,3,4,5,12,13,16,17,18,20,24,25,26,27,29,30,31,32,33,34,38,39,40>34,35,5,38,7,12,14,18,32,1,2,3,4,40,16,17,20,24,25,27,30,31
32,33,4,5,36,39,8,9,11,14,15,17,19,20,21,24,27,28,29>8,9,17,18,19,23,25,28,32,33,36,39,15,20,24
32,33,4,5,36,39,8,9,11,14,15,17,19,20,21,24,27,28,29>5,38,8,9,11,17,18,21,23,27,29,31,32,33,36,39,15,20,24
2,3,34,5,36,7,8,37,38,39,12,13,14,15,40,19,21,25,26,31>9,12,17,18,23,27,31,35,37,38,2,3,34,5,14,15
2,3,34,5,36,7,8,37,38,39,12,13,14,15,40,19,21,25,26,31>4,7,9,12,16,17,18,19,20,30,31,36,37,38,2,3,34,5,14,15
32,33,3,5,37,38,8,9,11,12,13,16,19,20,21,22,26,27,29,30>9,11,18,19,21,22,26,27,28,33,36,37,38,40,32,3,5,16,20,29,30
32,33,3,5,37,38,8,9,11,12,13,16,19,20,21,22,26,27,29,30>9,11,13,19,22,23,27,31,36,38,39,40,32,3,5,16,20,29,30
32,34,4,5,6,7,8,36,10,37,40,14,16,21,23,24,28>4,6,10,13,15,16,20,23,24,25,28,32,36,37,8,34,5
32,34,4,5,6,7,8,36,10,37,40,14,16,21,23,24,28>6,7,11,14,15,16,20,24,25,26,28,32,37,40,8,34,5
32,1,2,35,4,5,37,38,8,13,14,15,17,19,20,24,28,30>5,38,13,19,23,25,1,2,37,14,15,17,20,24
32,1,2,35,4,5,37,38,8,13,14,15,17,19,20,24,28,30>34,35,5,38,39,40,18,19,23,25,28,30,1,2,37,14,15,17,20,24
3,4,6,7,9,10,11,12,14,15,16,17,18,19,24,25,26,28,29,32,33,35,36,37,38,39,40>4,7,8,13,20,23,26,27,28,33,3,36,37,38,39,9,11,12,15,18,19,25
3,4,6,7,9,10,11,12,14,15,16,17,18,19,24,25,26,28,29,32,33,35,36,37,38,39,40>5,6,10,14,16,22,28,32,35,33,3,36,37,38,39,9,11,12,15,18,19,25
32,1,2,33,34,36,39,11,12,13,18,21,23,25,26,28,29,30>5,6,12,17,18,20,21,22,25,29,32,40,1,2,33,36,26,30
32,1,2,33,34,36,39,11,12,13,18,21,23,25,26,28,29,30>5,6,11,12,22,27,28,29,1,2,33,36,26,30
32,33,2,4,7,39,9,11,13,14,15,16,21,22,23,24,25,31>13,17,21,22,23,27,28,29,31,32,33,36,2,39,9,14,15,16,25
32,33,2,4,7,39,9,11,13,14,15,16,21,22,23,24,25,31>4,5,13,20,22,26,27,33,35,36,2,39,9,14,15,16,25
1,3,4,5,8,9,11,15,19,20,22,23,24,25,29,30,31,33,34,35,37,38,39,40>8,9,11,15,19,22,27,30,31,33,36,1,3,35,37,40,23,24,25,29
1,3,4,5,8,9,11,15,19,20,22,23,24,25,29,30,31,33,34,35,37,38,39,40>4,5,7,15,18,19,22,26,31,33,36,38,39,1,3,35,37,40,23,24,25,29
32,2,35,4,5,36,8,9,10,40,12,18,20,22,24,25,27,29,30,31>4,5,36,10,11,12,13,28,32,2,35,40,22,24,25,27,29,31
32,2,35,4,5,36,8,9,10,40,12,18,20,22,24,25,27,29,30,31>4,5,36,37,8,10,13,38,39,21,28,32,2,35,40,22,24,25,27,29,31
32,1,2,34,4,35,6,36,38,40,11,16,18,20,23,28>32,33,4,36,37,7,8,9,40,11,18,23,24,26,1,2,34,38,6
32,1,2,34,4,35,6,36,38,40,11,16,18,20,23,28>32,35,36,7,8,9,11,20,22,24,26,28,1,2,34,38,6
1,34,5,6,37,40,9,10,11,16,19,23,25,26,27,28,31>32,35,37,6,10,13,16,18,25,1,34,5,11,23,26,27,31
1,34,5,6,37,40,9,10,11,16,19,23,25,26,27,28,31>33,35,6,8,13,16,25,30,1,34,5,11,23,26,27,31
32,1,2,3,34,5,6,36,37,9,17,23,24,25,26,27>4,6,8,9,37,38,17,31,32,1,2,3,34,5,25,26,27
32,1,2,3,34,5,6,36,37,9,17,23,24,25,26,27>36,6,9,17,20,30,32,1,2,3,34,5,25,26,27
33,2,3,35,6,38,40,9,11,12,15,17,18,22,23,26,31>15,20,21,28,29,31,34,37,38,2,35,3,22,26
33,2,3,35,6,38,40,9,11,12,15,17,18,22,23,26,31>5,6,11,12,15,18,21,23,34,39,2,35,3,22,26
32,1,33,3,4,35,39,8,9,10,11,16,17,18,20,21,24,29,30>33,4,36,9,10,40,13,16,18,21,1,3,39,11,20,24
32,1,33,3,4,35,39,8,9,10,11,16,17,18,20,21,24,29,30>35,4,7,9,10,13,22,25,29,30,1,3,39,11,20,24
1,35,4,6,7,39,9,12,13,14,23,29,31>4,6,12,17,26,29,1,35,39,7,9,14
1,35,4,6,7,39,9,12,13,14,23,29,31>4,5,6,37,8,13,15,26,1,35,39,7,9,14
1,3,4,5,6,8,13,14,15,16,18,19,20,21,23,24,25,27,29,30,34,35,36,38>35,36,6,7,37,9,40,13,17,19,26,29,31,1,3,4,8,14,15,16,18,20,23,24,25,27
1,3,4,5,6,8,13,14,15,16,18,19,20,21,23,24,25,27,29,30,34,35,36,38>32,35,5,7,9,38,19,22,26,1,3,4,8,14,15,16,18,20,23,24,25,27
32,2,36,37,39,13,15,16,17,18,19,20,25,26,27,28,29>36,38,13,14,19,22,23,28,32,2,39,16,17,18,20,27
32,2,36,37,39,13,15,16,17,18,19,20,25,26,27,28,29>33,36,5,38,13,15,22,28,29,30,32,2,39,16,17,18,20,27
2,35,36,6,40,9,12,13,14,19,20,21,23,24,26,27,28,30>9,12,15,16,17,19,25,27,28,31,32,35,37,2,40,14,20,23,24,26,30
2,35,36,6,40,9,12,13,14,19,20,21,23,24,26,27,28,30>5,8,9,12,13,25,27,28,32,33,35,36,37,39,2,40,14,20,23,24,26,30
1,2,33,34,5,6,37,39,10,12,13,14,15,17,18,21,22,26,28,29>34,36,7,8,18,20,1,2,33,5,12,13,14,15,17,21,22,28,29
1,2,33,34,5,6,37,39,10,12,13,14,15,17,18,21,22,26,28,29>34,36,8,10,20,30,1,2,33,5,12,13,14,15,17,21,22,28,29
32,3,4,5,38,39,40,11,12,14,17,18,21,23,25,27,28,30>5,11,12,17,20,22,23,25,31,32,3,39,40,27
32,3,4,5,38,39,40,11,12,14,17,18,21,23,25,27,28,30>4,38,11,12,14,18,21,23,26,31,32,3,39,40,27
32,2,3,4,34,35,36,8,9,39,40,12,16,17,28,31>36,38,8,16,28,2,35,3,4,34
32,2,3,4,34,35,36,8,9,39,40,12,16,17,28,31>36,37,40,12,16,17,20,2,35,3,4,34
33,34,3,4,5,37,7,38,40,15,17,19,22,28,29,30,31>35,37,38,7,15,17,18,20,22,31,33,3,4,5,40,28,29
33,34,3,4,5,37,7,38,40,15,17,19,22,28,29,30,31>34,36,37,38,9,15,19,22,23,33,3,4,5,40,28,29
32,2,34,35,36,37,7,10,14,17,18,19,20,22,24,25,26,27,29>5,9,13,15,19,26,28,32,2,37,18,20,22,24,25,27,29
32,2,34,35,36,37,7,10,14,17,18,19,20,22,24,25,26,27,29>34,35,5,38,7,9,10,11,13,14,15,17,19,21,23,26,30,32,2,37,18,20,22,24,25,27,29
33,3,37,6,38,8,9,10,11,16,17,18,19,20,24,26,27,30>5,6,16,17,23,25,26,33,36,37,3,8,11,18,20,24,30
33,3,37,6,38,8,9,10,11,16,17,18,19,20,24,26,27,30>5,6,16,17,19,22,26,27,31,33,34,36,37,38,39,40,3,8,11,18,20,24,30
1,33,3,4,34,6,36,37,40,11,13,16,18,19,20,24,25,27,29>32,6,7,9,40,13,14,17,19,20,23,29,31,1,3,36,16,18,24,25,27
1,33,3,4,34,6,36,37,40,11,13,16,18,19,20,24,25,27,29>33,4,37,6,7,40,11,13,14,17,20,23,29,31,1,3,36,16,18,24,25,27
1,4,6,9,10,11,13,14,15,16,17,18,19,20,21,22,24,26,30,34,39>7,39,40,12,23,25,26,28,29,1,34,9,11,13,14,15,16,17,18,20,21,22,24,30
1,4,6,9,10,11,13,14,15,16,17,18,19,20,21,22,24,26,30,34,39>6,7,8,10,12,26,28,29,1,34,9,11,13,14,15,16,17,18,20,21,22,24,30
1,2,33,34,5,35,37,8,9,10,11,12,14,16,20,24,26,28,29,31>9,10,13,15,16,25,30,31,1,2,35,33,5,37,11,24
1,2,33,34,5,35,37,8,9,10,11,12,14,16,20,24,26,28,29,31>8,10,12,13,16,25,28,1,2,35,33,5,37,11,24
2,34,36,5,6,8,12,14,15,19,20,23,24,25,27,28>32,33,6,12,14,28,31,2,34,5,8,15,23,24,25,27
2,34,36,5,6,8,12,14,15,19,20,23,24,25,27,28>32,33,6,14,18,19,26,28,31,2,34,5,8,15,23,24,25,27
33,3,36,38,8,10,11,13,18,19,22,23,29,30>38,10,14,21,26,28,3,36,11,13,18,22,23,29
33,3,36,38,8,10,11,13,18,19,22,23,29,30>33,38,39,8,10,14,17,19,28,3,36,11,13,18,22,23,29
3,6,7,10,11,12,13,15,20,21,24,25,26,27,30,31,32,34,36,38,39>36,39,16,21,26,32,34,3,38,11,12,13,20,24,25,27,30,31
3,6,7,10,11,12,13,15,20,21,24,25,26,27,30,31,32,34,36,38,39>5,6,7,39,14,15,16,17,26,32,34,3,38,11,12,13,20,24,25,27,30,31
33,37,38,39,8,40,16,18,19,24,26,27,31>32,33,5,40,22,24,26,18,31,39
33,37,38,39,8,40,16,18,19,24,26,27,31>32,33,34,5,37,8,16,19,22,23,24,27,18,31,39
32,2,34,7,40,14,15,16,17,21,23,25,26,29,30>32,34,7,9,16,20,21,23,25,27,2,40,15,26,30
32,2,34,7,40,14,15,16,17,21,23,25,26,29,30>34,5,16,20,23,27,29,2,40,15,26,30
2,4,5,9,10,11,12,13,18,19,23,25,26,27,28,33,34,35,36,37,39>32,4,9,19,28,30,33,2,34,36,37,11,13,18,23,26,27
2,4,5,9,10,11,12,13,18,19,23,25,26,27,28,33,34,35,36,37,39>32,35,4,5,39,9,16,19,25,30,31,33,2,34,36,37,11,13,18,23,26,27
34,35,4,36,6,8,40,10,14,16,17,18,19,21,22,24,26,28,29>4,6,10,14,15,16,19,20,23,25,30,34,35,37,40,8,18,21,22,28,29
34,35,4,36,6,8,40,10,14,16,17,18,19,21,22,24,26,28,29>4,9,13,15,16,24,25,26,30,33,34,37,40,8,18,21,22,28,29
1,4,5,7,8,15,16,18,20,21,22,23,25,27,28,29,30,31,32,35,36,37,38,39,40>33,36,9,15,24,30,32,1,35,5,37,7,38,39,40,20,21,22,27,28,29,31
1,4,5,7,8,15,16,18,20,21,22,23,25,27,28,29,30,31,32,35,36,37,38,39,40>33,4,36,9,18,23,24,26,32,1,35,5,37,7,38,39,40,20,21,22,27,28,29,31
1,3,4,5,7,8,10,11,13,15,17,18,19,20,24,26,29,30,31,32,33,34,36,40>4,16,25,26,29,31,1,3,36,5,7,40,11,13,17,18,20,24,30
1,3,4,5,7,8,10,11,13,15,17,18,19,20,24,26,29,30,31,32,33,34,36,40>32,33,34,35,4,38,8,9,10,14,19,23,31,1,3,36,5,7,40,11,13,17,18,20,24,30
2,4,7,8,9,11,12,14,15,16,17,19,20,23,25,27,28,29,30,31,34,35,36,38>8,11,12,14,17,19,24,30,36,40,2,35,9,15,20,23,27,31
2,4,7,8,9,11,12,14,15,16,17,19,20,23,25,27,28,29,30,31,34,35,36,38>4,5,11,12,14,17,24,25,26,28,30,32,36,37,38,40,2,35,9,15,20,23,27,31
33,34,4,37,6,7,39,9,10,12,13,18,20,23,24,25,26,29>5,6,8,12,14,17,20,22,23,27,30,33,34,36,37,9,10,13,24,25,26
33,34,4,37,6,7,39,9,10,12,13,18,20,23,24,25,26,29>5,6,7,8,12,16,18,20,23,29,30,34,36,37,9,10,13,24,25,26
2,4,5,8,10,11,15,18,21,23,24,26,28,29,30,31,32,35,37,38,39>10,12,13,18,24,25,28,32,38,2,35,37,39,11,26,30
2,4,5,8,10,11,15,18,21,23,24,26,28,29,30,31,32,35,37,38,39>4,10,12,13,15,20,24,25,28,31,32,40,2,35,37,39,11,26,30
4,5,37,7,8,38,10,15,16,17,18,19,20,21,24,25,27,28,30>4,7,11,12,15,16,22,23,28,30,32,33,34,37,5,18,19,20,24,25,27
4,5,37,7,8,38,10,15,16,17,18,19,20,21,24,25,27,28,30>7,8,9,10,11,12,15,16,28,31,33,39,5,18,19,20,24,25,27
2,5,6,9,11,12,14,15,16,17,20,25,26,27,28,29,30,31,32,33,34,35,38,40>6,38,8,16,25,32,33,2,35,5,40,15,20,27,30,31
2,5,6,9,11,12,14,15,16,17,20,25,26,27,28,29,30,31,32,33,34,35,38,40>36,37,8,9,24,29,32,33,2,35,5,40,15,20,27,30,31
1,2,3,6,8,10,13,15,18,22,24,25,26,27,28,29,32,34,36,37,38,39,40>11,14,15,17,33,34,36,37,39,40,32,1,2,3,6,38,8,13,22,25,27,28,29
1,2,3,6,8,10,13,15,18,22,24,25,26,27,28,29,32,34,36,37,38,39,40>4,7,10,12,17,18,24,26,34,36,37,40,32,1,2,3,6,38,8,13,22,25,27,28,29
32,2,34,4,35,36,7,37,12,13,15,16,18,19,26,30>32,35,5,38,9,40,12,13,17,19,23,26,2,34,37,16,18,30
32,2,34,4,35,36,7,37,12,13,15,16,18,19,26,30>32,4,38,12,13,17,23,2,34,37,16,18,30
2,3,5,6,7,8,11,12,15,16,19,20,21,27,28,29,30,31,33,34,37,38,39>7,11,24,27,34,35,37,38,39,40,33,2,3,5,8,20,31
2,3,5,6,7,8,11,12,15,16,19,20,21,27,28,29,30,31,33,34,37,38,39>6,7,9,11,12,19,24,27,28,30,37,40,33,2,3,5,8,20,31
32,1,33,3,34,40,9,10,13,14,16,17,21,22,27,28,29,31>34,35,4,10,15,22,32,1,33,3,13,14,16,17,28,29,31
32,1,33,3,34,40,9,10,13,14,16,17,21,22,27,28,29,31>34,35,4,40,9,10,20,21,22,32,1,33,3,13,14,16,17,28,29,31
32,1,3,6,38,40,10,11,14,18,20,21,22,24,26,29,30>32,7,38,13,15,18,25,26,28,1,3,40,11,20,21,22,24,29,30
32,1,3,6,38,40,10,11,14,18,20,21,22,24,26,29,30>6,7,10,13,14,15,28,1,3,40,11,20,21,22,24,29,30
32,33,2,3,5,37,39,8,40,13,14,15,16,17,19,23,25,28,30,31>34,4,37,13,18,26,28,33,2,3,5,39,40,14,15,16,17,23
32,33,2,3,5,37,39,8,40,13,14,15,16,17,19,23,25,28,30,31>30,18,34,28,33,2,3,5,39,40,14,15,16,17,23
32,1,34,4,36,37,7,39,12,16,17,19,20,22,23,24,27,29>34,5,37,38,16,17,18,26,31,32,1,7,20,23,24,29
32,1,34,4,36,37,7,39,12,16,17,19,20,22,23,24,27,29>4,5,38,39,17,19,25,32,1,7,20,23,24,29
32,1,2,3,35,36,38,39,8,10,11,15,21,23,24,25,27,28>33,34,5,12,21,23,28,32,1,2,3,38,39,11,25,27
32,1,2,3,35,36,38,39,8,10,11,15,21,23,24,25,27,28>33,34,36,5,37,10,12,23,32,1,2,3,38,39,11,25,27
1,33,3,4,37,38,39,8,11,15,16,17,19,26,27,30>4,18,23,26,27,31,37,38,40,1,3,30,39
1,33,3,4,37,38,39,8,11,15,16,17,19,26,27,30>4,19,26,31,33,36,37,40,1,3,30,39
1,2,5,8,9,11,14,15,16,20,21,22,23,28,29,31>33,39,8,14,16,21,22,31,1,2,5,15,20,28,29
1,2,5,8,9,11,14,15,16,20,21,22,23,28,29,31>33,35,39,9,11,21,23,31,1,2,5,15,20,28,29
