CD45,CD8,TCRlig,TCbind,PAGCsk,LCK,Fyn,Rlk,TCRphos,ZAP70,cCbl,Itk,LAT,Gads,Slp76,PLCg_b,Grb2Sos,DAG,PLCg_a,Ras,RasGRP1,PKCth,IP3,Raf,MEK,Ca,ERK,SEK,IKK,Calcin,Rsk,Fos,JNK,IkB,CREB,Jun,CRE,AP1,NFkB,NFAT
32,5,6,38,39,9,10,13,17,18,20,23,24,27,28,29,30>38,8,9,40,11,22,26,28,31,32,5,39,10,13,17,20,24
32,5,6,38,39,9,10,13,17,18,20,23,24,27,28,29,30>33,38,8,9,40,11,16,18,25,26,29,32,5,39,10,13,17,20,24
32,33,2,35,4,5,7,8,10,13,14,15,19,21,22,24,30,31>7,9,11,16,23,25,28,29,30,32,33,37,39,40,2,35,5,13,14,15
32,33,2,35,4,5,7,8,10,13,14,15,19,21,22,24,30,31>7,10,12,19,21,23,24,25,29,32,33,34,36,37,39,40,2,35,5,13,14,15
1,2,4,6,8,9,10,13,14,16,18,19,21,22,24,27,28,30,31,33,36,37,40>37,7,15,19,24,25,1,2,33,36,6,8,9,10,40,13,14,16,18,21,22,28,31
1,2,4,6,8,9,10,13,14,16,18,19,21,22,24,27,28,30,31,33,36,37,40>32,37,7,15,17,20,29,1,2,33,36,6,8,9,10,40,13,14,16,18,21,22,28,31
1,3,5,6,8,9,10,12,14,16,17,18,21,22,24,25,29,31,33,36,37,40>6,13,14,16,18,20,27,28,33,35,37,1,3,36,5,8,10,21,22,25,29
1,3,5,6,8,9,10,12,14,16,17,18,21,22,24,25,29,31,33,36,37,40>6,7,9,13,14,15,16,17,24,27,31,37,39,1,3,36,5,8,10,21,22,25,29
1,2,3,33,5,34,7,37,38,40,13,15,16,17,18,20,21,27,29,31>32,34,38,40,13,14,15,22,24,1,2,3,5,16,17,20,31
1,2,3,33,5,34,7,37,38,40,13,15,16,17,18,20,21,27,29,31>33,34,38,9,40,14,15,22,24,27,29,1,2,3,5,16,17,20,31
1,3,5,6,7,10,11,12,13,14,15,17,22,24,25,29,30,31,32,33,35,36,37,39,40>32,8,16,20,22,24,1,3,35,5,36,7,37,39,40,11,12,13,14,15,17,25,29
1,3,5,6,7,10,11,12,13,14,15,17,22,24,25,29,30,31,32,33,35,36,37,39,40>33,6,9,10,16,20,22,27,30,31,1,3,35,5,36,7,37,39,40,11,12,13,14,15,17,25,29
1,34,3,36,5,6,38,8,10,12,14,16,17,18,20,24,28>6,7,10,11,12,14,15,22,25,28,1,34,3,5,8,20,24
1,34,3,36,5,6,38,8,10,12,14,16,17,18,20,24,28>4,6,38,10,11,13,17,28,1,34,3,5,8,20,24
32,33,3,35,5,6,7,38,9,10,40,19,23,27,28,29,30>35,36,18,27,29,30,31,32,33,3,5,40,9,10,23
32,33,3,35,5,6,7,38,9,10,40,19,23,27,28,29,30>4,36,8,39,18,19,26,27,32,33,3,5,40,9,10,23
32,1,2,35,6,38,39,40,10,11,12,15,16,18,19,20,21,22,23>32,7,8,38,13,26,1,2,6,39,11,12,18,19,20,21,22,23
32,1,2,35,6,38,39,40,10,11,12,15,16,18,19,20,21,22,23>32,34,5,37,8,38,10,15,16,24,28,29,1,2,6,39,11,12,18,19,20,21,22,23
1,6,7,9,12,13,14,15,16,17,18,19,21,22,23,26,27,29,30,31,32,34,38,39>35,38,8,39,10,12,20,32,1,7,9,14,15,16,17,18,21,22,23,26,29,30,31
1,6,7,9,12,13,14,15,16,17,18,19,21,22,23,26,27,29,30,31,32,34,38,39>35,5,6,38,10,40,19,27,28,32,1,7,9,14,15,16,17,18,21,22,23,26,29,30,31
32,33,3,36,5,6,7,37,12,13,14,17,20,21,22,24,25,27,28,29>37,6,7,8,9,38,12,15,16,22,31,32,33,3,36,5,14,17,20,24,25,27,28,29
32,33,3,36,5,6,7,37,12,13,14,17,20,21,22,24,25,27,28,29>4,37,6,7,8,9,12,21,22,32,33,3,36,5,14,17,20,24,25,27,28,29
3,4,5,6,7,9,10,11,12,13,14,15,24,26,27,28,30,31,34,35,36,37,38>32,6,8,10,16,17,25,26,34,3,35,5,37,9,11,12,13,14,15,30,31
3,4,5,6,7,9,10,11,12,13,14,15,24,26,27,28,30,31,34,35,36,37,38>32,4,6,7,10,40,17,25,26,28,34,3,35,5,37,9,11,12,13,14,15,30,31
3,5,6,7,8,10,12,16,17,19,20,23,25,26,27,28,29,30,31,34,35,38,39>6,9,12,13,16,19,24,25,32,37,40,35,3,5,8,20,23,26,27,30,31
3,5,6,7,8,10,12,16,17,19,20,23,25,26,27,28,29,30,31,34,35,38,39>4,6,7,9,10,24,25,29,33,34,37,38,40,35,3,5,8,20,23,26,27,30,31
2,3,4,35,6,38,10,11,13,14,15,17,18,20,22,23,24,26,28,29>33,35,4,38,10,23,25,2,3,11,13,14,15,17,20,22,24,26,28,29
2,3,4,35,6,38,10,11,13,14,15,17,18,20,22,23,24,26,28,29>33,35,4,37,12,16,18,21,2,3,11,13,14,15,17,20,22,24,26,28,29
32,33,2,34,35,5,6,36,8,39,10,40,15,17,20,24,25,30>33,37,38,39,10,11,12,15,17,27,30,2,34,36,5,8,40,20,24,25
32,33,2,34,35,5,6,36,8,39,10,40,15,17,20,24,25,30>32,33,35,12,13,17,30,2,34,36,5,8,40,20,24,25
1,2,3,4,5,6,8,9,11,12,14,17,18,19,20,21,26,27,28,32,33,34,35,39>4,5,7,12,14,15,17,21,26,27,31,35,36,37,32,1,2,3,33,34,8,9,18,20
1,2,3,4,5,6,8,9,11,12,14,17,18,19,20,21,26,27,28,32,33,34,35,39>4,5,6,7,11,12,14,19,21,23,28,37,39,32,1,2,3,33,34,8,9,18,20
3,4,7,9,11,12,13,14,16,17,18,21,22,24,25,26,30,32,33,37,40>32,33,34,4,5,36,39,11,13,15,18,3,40,9,14,16,17,21,22,25,30
3,4,7,9,11,12,13,14,16,17,18,21,22,24,25,26,30,32,33,37,40>32,33,34,4,36,37,39,12,15,18,24,26,28,3,40,9,14,16,17,21,22,25,30
1,35,4,5,6,7,8,38,40,12,13,16,17,19,20,23,24,28,29>33,35,38,39,40,19,26,1,5,7,8,16,17,20,23,24
1,35,4,5,6,7,8,38,40,12,13,16,17,19,20,23,24,28,29>4,37,6,38,40,13,18,28,1,5,7,8,16,17,20,23,24
1,33,3,5,37,8,9,14,15,16,18,19,20,21,22,23,25,26,27,28>32,34,36,39,29,1,33,3,5,15,18,20,21,22,23,26,27,28
1,33,3,5,37,8,9,14,15,16,18,19,20,21,22,23,25,26,27,28>32,34,4,36,37,39,8,16,19,24,25,30,1,33,3,5,15,18,20,21,22,23,26,27,28
32,1,2,33,34,5,6,7,39,9,40,11,18,19,25,28>39,40,19,25,27,28,1,2,34,33,5,7,9,18
32,1,2,33,34,5,6,7,39,9,40,11,18,19,25,28>36,40,19,22,25,27,1,2,34,33,5,7,9,18
1,2,33,34,5,6,7,8,38,11,14,15,16,17,23,25,26,28,29>34,36,14,16,17,25,27,28,30,1,2,33,5,7,8,15,26
1,2,33,34,5,6,7,8,38,11,14,15,16,17,23,25,26,28,29>34,36,6,14,20,29,1,2,33,5,7,8,15,26
1,34,3,35,6,39,9,10,15,16,20,21,22,23,25,28,29>4,7,8,9,13,16,39,1,3,10,20,28,29
1,34,3,35,6,39,9,10,15,16,20,21,22,23,25,28,29>4,5,7,12,13,15,21,23,27,33,34,37,39,1,3,10,20,28,29
33,35,4,38,39,8,10,11,14,15,22,23,24,26,30>33,34,36,37,38,8,40,12,14,22,28,39,11,15,26,30
33,35,4,38,39,8,10,11,14,15,22,23,24,26,30>33,35,37,38,8,12,13,23,24,28,39,11,15,26,30
3,4,5,6,7,9,12,13,14,15,16,17,22,24,26,29,31,32,33,35,36>32,38,39,13,20,22,24,25,31,3,4,5,35,36,9,14,15,16,17,29
3,4,5,6,7,9,12,13,14,15,16,17,22,24,26,29,31,32,33,35,36>37,7,8,10,12,20,22,25,30,3,4,5,35,36,9,14,15,16,17,29
2,3,5,7,8,11,15,16,17,19,23,25,26,28,29,30,31,32,33,36,39>38,7,8,40,16,17,19,25,27,28,31,33,2,3,36,5,39,23,26,30
2,3,5,7,8,11,15,16,17,19,23,25,26,28,29,30,31,32,33,36,39>32,38,9,40,11,16,20,25,33,2,3,36,5,39,23,26,30
2,4,7,8,10,12,13,14,17,20,22,24,26,28,29,31,32,33,34,36,37,39,40>4,5,11,12,16,22,26,30,32,37,38,40,33,2,36,13,14,17,20,24,28,29
2,4,7,8,10,12,13,14,17,20,22,24,26,28,29,31,32,33,34,36,37,39,40>5,7,10,11,15,26,30,34,35,39,40,33,2,36,13,14,17,20,24,28,29
33,2,34,6,38,8,9,11,12,15,16,18,19,20,23,24,26>36,5,38,9,15,19,2,34,8,18,23,24,26
33,2,34,6,38,8,9,11,12,15,16,18,19,20,23,24,26>33,36,5,6,9,11,15,19,20,22,30,2,34,8,18,23,24,26
1,2,4,10,12,13,15,16,19,20,21,23,25,28,29,33,34,36,37,38,40>38,11,21,24,29,1,2,33,36,12,13,16,19,20,23
1,2,4,10,12,13,15,16,19,20,21,23,25,28,29,33,34,36,37,38,40>34,37,6,40,11,14,15,18,21,26,1,2,33,36,12,13,16,19,20,23
1,2,4,5,6,7,8,12,13,14,15,16,18,20,21,23,24,25,30,33,35,36,38,39,40>33,4,6,38,13,17,21,22,1,2,36,5,7,8,39,40,14,15,16,20,24,25
1,2,4,5,6,7,8,12,13,14,15,16,18,20,21,23,24,25,30,33,35,36,38,39,40>33,6,13,17,21,22,26,1,2,36,5,7,8,39,40,14,15,16,20,24,25
1,2,3,6,7,9,10,11,12,15,16,17,19,20,21,22,24,25,30,34,39>5,39,10,15,18,22,23,27,28,1,2,3,34,6,7,9,11,12,19,20,24,25
1,2,3,6,7,9,10,11,12,15,16,17,19,20,21,22,24,25,30,34,39>8,13,16,17,18,21,29,1,2,3,34,6,7,9,11,12,19,20,24,25
1,3,5,10,11,13,16,17,18,20,22,23,24,27,28,29,30,33,34,37,38>32,34,40,25,30,31,1,33,3,5,11,13,16,17,20,22,24,28,29
1,3,5,10,11,13,16,17,18,20,22,23,24,27,28,29,30,33,34,37,38>32,36,40,14,18,21,23,25,26,31,1,33,3,5,11,13,16,17,20,22,24,28,29
2,3,35,5,36,10,12,13,17,18,19,24,25,27,29>32,4,36,37,39,12,14,19,20,22,23,29,31,2,3,5,13,17,18,25,27
2,3,35,5,36,10,12,13,17,18,19,24,25,27,29>35,4,12,16,19,20,23,24,2,3,5,13,17,18,25,27
33,34,3,35,5,6,38,40,9,10,12,14,15,16,17,20,24,25,28>36,8,9,13,14,16,19,27,28,33,34,3,5,10,12,15,20,24,25
33,34,3,35,5,6,38,40,9,10,12,14,15,16,17,20,24,25,28>35,36,37,38,40,13,14,16,19,33,34,3,5,10,12,15,20,24,25
32,33,34,4,5,6,7,36,9,10,37,17,18,21,23,26,27,28>4,37,8,38,11,20,22,23,27,31,32,33,34,36,5,9,10,26
32,33,34,4,5,6,7,36,9,10,37,17,18,21,23,26,27,28>4,37,6,7,38,13,21,28,32,33,34,36,5,9,10,26
33,2,3,4,5,35,36,39,40,10,14,15,19,20,21,22,23,27,28,30>10,11,12,19,26,29,30,31,33,2,3,4,36,39,40,15,20,23,28
33,2,3,4,5,35,36,39,40,10,14,15,19,20,21,22,23,27,28,30>34,5,37,10,11,12,13,14,18,24,26,27,33,2,3,4,36,39,40,15,20,23,28
3,6,7,8,16,17,18,20,21,22,23,24,26,28,29,30,31,32,34,38,40>32,35,4,6,38,17,18,23,31,3,8,40,20,21,22,24,26,28,29,30
3,6,7,8,16,17,18,20,21,22,23,24,26,28,29,30,31,32,34,38,40>32,33,34,5,9,18,31,3,8,40,20,21,22,24,26,28,29,30
1,34,3,4,5,6,35,8,36,10,11,13,15,16,19,26,28,29>4,5,9,10,14,15,17,23,26,28,30,33,36,37,1,3,8,11,13,16,19
1,34,3,4,5,6,35,8,36,10,11,13,15,16,19,26,28,29>6,15,17,26,29,30,37,1,3,8,11,13,16,19
32,33,2,34,4,37,6,7,8,9,40,15,16,17,21,22,23,26,29>5,37,15,20,22,23,28,30,2,8,9,26,29
32,33,2,34,4,37,6,7,8,9,40,15,16,17,21,22,23,26,29>32,33,4,6,7,36,37,10,15,16,17,20,21,22,2,8,9,26,29
32,33,7,8,10,13,14,17,18,21,22,31>36,5,7,8,9,11,39,15,16,18,28,29,31,13,14,17,21,22
32,33,7,8,10,13,14,17,18,21,22,31>33,35,7,8,9,10,15,16,18,13,14,17,21,22
33,2,3,34,5,39,12,13,14,18,19,24,25,26,28,31>35,4,13,15,16,17,23,26,27,28,31,33,2,3,34,5,14,18,25
33,2,3,34,5,39,12,13,14,18,19,24,25,26,28,31>35,36,39,13,17,19,23,26,28,31,33,2,3,34,5,14,18,25
2,34,35,39,40,9,12,13,17,18,21,22,23,25,26,27,28,29,30,31>33,5,39,13,20,25,2,35,40,17,21,22,26,27,28,29,30,31
2,34,35,39,40,9,12,13,17,18,21,22,23,25,26,27,28,29,30,31>32,34,39,12,13,16,18,23,25,2,35,40,17,21,22,26,27,28,29,30,31
1,2,3,4,6,7,10,11,12,14,15,22,25,27,28,32,33,35,36,38,40>34,4,5,39,8,9,40,14,32,1,2,3,33,36,6,7,38,11,12,15,27,28
1,2,3,4,6,7,10,11,12,14,15,22,25,27,28,32,33,35,36,38,40>34,35,4,5,8,10,13,14,22,25,31,32,1,2,3,33,36,6,7,38,11,12,15,27,28
1,2,3,6,7,9,10,11,12,14,15,17,18,20,21,24,30,31,32,34,37>37,8,10,21,22,25,1,2,3,34,6,7,9,11,12,15,20,24
1,2,3,6,7,9,10,11,12,14,15,17,18,20,21,24,30,31,32,34,37>32,35,5,37,40,10,14,18,21,30,1,2,3,34,6,7,9,11,12,15,20,24
1,5,7,10,11,13,15,17,18,21,22,25,27,28,31,33,35,36,37,38,39,40>32,34,38,9,10,14,18,29,1,33,35,36,5,37,39,11,13,17,21,22,27,28,31
1,5,7,10,11,13,15,17,18,21,22,25,27,28,31,33,35,36,37,38,39,40>32,34,38,40,12,14,16,29,1,33,35,36,5,37,39,11,13,17,21,22,27,28,31
32,33,35,5,6,39,8,11,15,16,17,21,22,24,26,27,28,29,30>35,36,40,11,17,20,22,24,25,27,31,32,33,5,39,8,28,29,30
32,33,35,5,6,39,8,11,15,16,17,21,22,24,26,27,28,29,30>37,16,17,20,21,25,27,32,33,5,39,8,28,29,30
1,2,36,6,7,39,9,10,14,17,18,24,27,31>8,13,17,25,27,1,2,6,39,7,9,10,31
1,2,36,6,7,39,9,10,14,17,18,24,27,31>34,5,13,15,18,20,22,27,1,2,6,39,7,9,10,31
1,2,3,4,5,6,11,13,14,15,17,19,22,24,26,28,29,30,31,35,36,38,39,40>4,8,9,13,18,19,22,24,25,38,1,2,3,35,39,40,14,15,17,28,29,30
1,2,3,4,5,6,11,13,14,15,17,19,22,24,26,28,29,30,31,35,36,38,39,40>5,6,8,9,22,24,25,31,36,38,1,2,3,35,39,40,14,15,17,28,29,30
1,34,35,6,7,8,9,39,40,12,13,14,19,21,22,23,26,28>37,39,12,13,18,19,20,21,29,1,34,7,8,9,14,23,26,28
1,34,35,6,7,8,9,39,40,12,13,14,19,21,22,23,26,28>35,6,37,40,13,15,16,18,19,21,22,29,30,1,34,7,8,9,14,23,26,28
32,1,34,35,36,6,39,8,10,16,18,19,20,21,22,23,25,31>6,37,11,13,26,27,28,29,31,1,34,35,8,18,20,21,22,23
32,1,34,35,36,6,39,8,10,16,18,19,20,21,22,23,25,31>32,5,7,10,11,39,13,16,19,24,25,27,31,1,34,35,8,18,20,21,22,23
1,2,35,4,5,36,37,38,9,10,40,14,17,19,21,25,27,28,29>7,10,11,15,18,21,23,31,32,35,36,40,1,2,27,37
1,2,35,4,5,36,37,38,9,10,40,14,17,19,21,25,27,28,29>5,7,9,10,11,14,18,23,29,32,33,35,36,38,40,1,2,27,37
4,5,6,7,11,13,14,15,16,17,21,22,24,25,27,29,31,32,33,37,38,39,40>33,35,36,37,40,22,28,32,5,39,14,15,16,17,25,27,29,31
4,5,6,7,11,13,14,15,16,17,21,22,24,25,27,29,31,32,33,37,38,39,40>33,4,36,6,7,37,11,21,22,28,32,5,39,14,15,16,17,25,27,29,31
32,34,3,37,39,8,9,10,40,12,13,14,16,19,21,23,24,26,28,30>32,37,9,10,12,17,20,34,3,40,13,14,16,23,26,30
32,34,3,37,39,8,9,10,40,12,13,14,16,19,21,23,24,26,28,30>33,4,5,37,9,10,15,19,20,21,24,28,34,3,40,13,14,16,23,26,30
34,5,38,40,10,12,13,14,15,16,18,21,22,23,24,25,26,27,29,30>32,34,38,11,23,28,31,5,40,12,13,14,15,16,21,22,25,26,27,29,30
34,5,38,40,10,12,13,14,15,16,18,21,22,23,24,25,26,27,29,30>32,34,38,10,11,17,18,19,5,40,12,13,14,15,16,21,22,25,26,27,29,30
1,2,3,34,5,37,38,14,15,16,17,18,19,20,21,22,25,26,29,31>34,37,14,19,24,26,27,31,1,2,3,5,15,18,20,21,22,29
1,2,3,34,5,37,38,14,15,16,17,18,19,20,21,22,25,26,29,31>35,37,38,14,23,24,1,2,3,5,15,18,20,21,22,29
3,35,5,36,38,8,40,11,13,14,17,18,19,20,21,24,25,28,30>33,38,11,16,21,22,23,3,5,40,14,17,18,20,24,25
3,35,5,36,38,8,40,11,13,14,17,18,19,20,21,24,25,28,30>34,35,36,37,38,39,8,13,16,19,21,22,27,28,3,5,40,14,17,18,20,24,25
32,1,33,34,35,37,6,38,9,13,16,17,18,21,26,27,28,30,31>8,10,40,13,14,18,20,26,27,28,32,1,34,35,33,37,16,17,30,31
32,1,33,34,35,37,6,38,9,13,16,17,18,21,26,27,28,30,31>6,8,9,38,40,13,18,20,21,22,26,28,32,1,34,35,33,37,16,17,30,31
33,2,38,7,8,9,10,11,39,40,15,16,19,20,21,23,24,26,29,30>33,36,38,8,10,13,15,16,25,29,2,39,40,9,11,19,20,23,24,26,30
33,2,38,7,8,9,10,11,39,40,15,16,19,20,21,23,24,26,29,30>5,38,7,15,16,18,21,2,39,40,9,11,19,20,23,24,26,30
33,35,4,5,37,7,40,9,11,13,14,16,19,21,24,29,30>35,36,7,15,17,19,20,21,23,25,29,37,5,40,9,14,16
33,35,4,5,37,7,40,9,11,13,14,16,19,21,24,29,30>35,4,36,11,15,18,19,20,21,23,24,29,30,37,5,40,9,14,16
35,6,7,8,39,11,12,13,14,16,18,21,23,24,26,27,28,30,31>5,12,13,17,20,21,22,23,24,25,32,33,35,39,8,14,16,26,30,31
35,6,7,8,39,11,12,13,14,16,18,21,23,24,26,27,28,30,31>6,11,13,15,21,22,33,37,40,35,39,8,14,16,26,30,31
1,2,3,35,5,6,36,39,13,14,15,16,18,19,22,23,26,29,31>36,7,8,37,13,21,30,1,2,3,35,5,39,14,15,16,18,22,23,26,29
1,2,3,35,5,6,36,39,13,14,15,16,18,19,22,23,26,29,31>36,6,7,8,17,21,30,1,2,3,35,5,39,14,15,16,18,22,23,26,29
1,2,4,5,6,7,8,11,15,19,21,22,23,24,26,29,30,31,33,35,36,37,38,40>4,6,39,9,18,25,28,31,1,2,35,36,5,37,7,8,40,23,26,29,30
1,2,4,5,6,7,8,11,15,19,21,22,23,24,26,29,30,31,33,35,36,37,38,40>33,4,6,38,9,15,18,19,20,21,22,25,31,1,2,35,36,5,37,7,8,40,23,26,29,30
1,33,36,37,6,38,9,11,13,15,18,20,21,24,25,26,27,28,30,31>6,7,9,11,13,14,15,16,17,34,37,38,40,1,33,36,20,24,25,27,30,31
1,33,36,37,6,38,9,11,13,15,18,20,21,24,25,26,27,28,30,31>5,6,7,8,9,13,18,21,22,35,37,38,1,33,36,20,24,25,27,30,31
3,5,7,8,9,10,11,12,15,16,19,21,22,23,24,26,27,28,32,33,35,36,37,39,40>40,10,15,16,20,21,32,33,3,36,5,37,39,9,11,12,19,23,26,28
3,5,7,8,9,10,11,12,15,16,19,21,22,23,24,26,27,28,32,33,35,36,37,39,40>34,35,8,40,10,13,15,18,21,24,25,30,31,32,33,3,36,5,37,39,9,11,12,19,23,26,28
1,33,3,4,35,38,7,40,11,12,13,14,16,19,22,24,25,30>4,11,13,15,17,24,29,33,34,36,37,38,39,1,3,7,40,14,16,25
1,33,3,4,35,38,7,40,11,12,13,14,16,19,22,24,25,30>4,5,9,13,17,18,22,23,27,28,29,34,35,37,38,1,3,7,40,14,16,25
1,3,11,12,13,15,16,17,18,19,21,24,28,30,31,32,33,35,37,39,40>36,5,14,15,20,22,24,28,1,33,3,35,37,39,40,16,17,18
1,3,11,12,13,15,16,17,18,19,21,24,28,30,31,32,33,35,37,39,40>32,36,11,12,13,19,22,1,33,3,35,37,39,40,16,17,18
1,3,9,10,12,13,14,16,17,18,19,21,22,23,27,28,31,32,33,35,36,38>34,5,37,10,11,15,19,26,27,32,1,33,3,35,36,38,13,14,16,17,18,21,22,23,28,31
1,3,9,10,12,13,14,16,17,18,19,21,22,23,27,28,31,32,33,35,36,38>4,5,9,19,20,27,29,32,1,33,3,35,36,38,13,14,16,17,18,21,22,23,28,31
1,2,3,4,5,6,7,8,9,10,11,12,13,16,18,19,20,24,25,26,27,31,32,36,40>34,35,4,36,40,10,17,19,20,23,26,32,1,2,3,5,7,8,9,11,13,16,18,24,25,27,31
1,2,3,4,5,6,7,8,9,10,11,12,13,16,18,19,20,24,25,26,27,31,32,36,40>34,35,4,38,39,19,20,23,26,32,1,2,3,5,7,8,9,11,13,16,18,24,25,27,31
1,5,6,7,8,9,10,11,13,14,15,18,19,20,21,23,24,27,30,32,34,37,39,40>6,10,16,17,19,21,22,25,26,27,30,31,32,1,34,5,7,8,9,40,11,13,14,15,18,20,23,24
1,5,6,7,8,9,10,11,13,14,15,18,19,20,21,23,24,27,30,32,34,37,39,40>37,6,39,10,12,17,21,25,26,27,32,1,34,5,7,8,9,40,11,13,14,15,18,20,23,24
3,35,7,10,12,15,17,20,22,25,26,27>7,10,13,15,24,25,26,32,37,39,27,3,12,20
3,35,7,10,12,15,17,20,22,25,26,27>5,7,11,22,24,29,30,32,34,39,27,3,12,20
2,3,4,34,6,7,8,36,38,14,20,22,23,24,28,31>35,5,6,7,38,9,15,20,22,23,26,29,31,2,3,4,34,8,24,28
2,3,4,34,6,7,8,36,38,14,20,22,23,24,28,31>36,5,6,38,9,14,15,20,23,25,26,2,3,4,34,8,24,28
32,33,34,3,4,5,35,36,8,9,10,11,13,14,17,18,23,29,30,31>10,18,26,29,30,32,33,34,37,35,3,36,11,13,14,17
32,33,34,3,4,5,35,36,8,9,10,11,13,14,17,18,23,29,30,31>4,8,16,18,20,23,26,29,30,33,34,40,35,3,36,11,13,14,17
4,6,7,11,12,13,14,16,18,19,20,22,23,24,25,28,29,30,34,36,37,40>4,5,8,9,13,15,21,27,30,36,40,14,16,18,22,23,24,25,28,29
4,6,7,11,12,13,14,16,18,19,20,22,23,24,25,28,29,30,34,36,37,40>27,13,6,34,40,14,16,18,22,23,24,25,28,29
34,3,35,6,7,8,38,10,13,14,18,19,21,22,23,25,27>7,9,19,20,25,26,28,29,31,32,35,38,34,3,8,13,14,18,21,22,23,27
34,3,35,6,7,8,38,10,13,14,18,19,21,22,23,25,27>5,7,10,11,15,16,17,20,28,29,32,37,34,3,8,13,14,18,21,22,23,27
1,34,35,4,5,6,7,38,11,20,23,25,28>33,35,37,6,9,11,20,25,26,27,1,34,5,7
1,34,35,4,5,6,7,38,11,20,23,25,28>35,4,37,6,38,8,23,26,27,1,34,5,7
1,2,5,7,10,11,12,13,14,17,18,19,25,26,27,28,29,30,31,32,37,38,39>37,7,40,9,15,16,19,20,22,23,26,32,1,2,5,39,11,13,14,17,18,27,30,31
1,2,5,7,10,11,12,13,14,17,18,19,25,26,27,28,29,30,31,32,37,38,39>33,35,37,7,40,20,23,25,26,29,32,1,2,5,39,11,13,14,17,18,27,30,31
2,4,5,6,8,9,10,13,16,18,19,21,22,23,26,28,29,30,32,33,34,35,37,38,39,40>32,34,4,14,17,19,20,33,2,37,8,9,10,40,13,16,18,21,22,23,26,28,29,30
2,4,5,6,8,9,10,13,16,18,19,21,22,23,26,28,29,30,32,33,34,35,37,38,39,40>32,34,39,11,14,17,19,20,33,2,37,8,9,10,40,13,16,18,21,22,23,26,28,29,30
32,33,2,34,4,5,35,36,37,9,40,11,18,19,21,25,26>38,11,21,22,25,27,2,34,36,37,18
32,33,2,34,4,5,35,36,37,9,40,11,18,19,21,25,26>32,35,4,5,40,20,21,23,26,2,34,36,37,18
1,3,36,5,38,7,9,11,13,14,15,18,19,24,25,26,27,28,30>32,38,7,39,40,13,17,19,22,24,28,31,1,3,5,9,14,15,18,25,27,30
1,3,36,5,38,7,9,11,13,14,15,18,19,24,25,26,27,28,30>32,33,34,36,7,40,11,13,17,19,22,24,28,1,3,5,9,14,15,18,25,27,30
32,1,34,4,5,6,38,8,9,18,19,22,25,27,28,31>33,6,10,23,29,32,1,34,8,9,18,22,27,28,31
32,1,34,4,5,6,38,8,9,18,19,22,25,27,28,31>33,4,5,6,19,25,32,1,34,8,9,18,22,27,28,31
2,3,5,6,7,9,10,11,15,16,17,18,20,21,24,25,26,28,29,32,33,34,35,38,40>7,10,13,15,17,21,22,26,27,30,32,37,33,2,3,5,9,11,20,24,25
2,3,5,6,7,9,10,11,15,16,17,18,20,21,24,25,26,28,29,32,33,34,35,38,40>7,8,10,12,13,16,17,18,21,22,26,30,32,34,35,36,37,38,33,2,3,5,9,11,20,24,25
