CD45,CD8,TCRlig,TCbind,PAGCsk,LCK,Fyn,Rlk,TCRphos,ZAP70,cCbl,Itk,LAT,Gads,Slp76,PLCg_b,Grb2Sos,DAG,PLCg_a,Ras,RasGRP1,PKCth,IP3,Raf,MEK,Ca,ERK,SEK,IKK,Calcin,Rsk,Fos,JNK,IkB,CREB,Jun,CRE,AP1,NFkB,NFAT
32,1,2,3,5,37,38,39,40,11,15,20,21,22,24,25,26,27,28>33,34,38,40,11,15,22,26,29,32,1,2,3,5,39,20,24,25,27,28
32,1,2,3,5,37,38,39,40,11,15,20,21,22,24,25,26,27,28>33,37,11,22,26,29,31,32,1,2,3,5,39,20,24,25,27,28
32,1,33,34,35,37,6,10,11,12,14,16,17,18,20,21,23,28>5,22,24,28,32,35,1,34,33,37,11,20
32,1,33,34,35,37,6,10,11,12,14,16,17,18,20,21,23,28>5,6,7,8,12,13,14,16,18,21,22,24,36,1,34,33,37,11,20
1,5,7,9,10,11,12,14,15,20,22,23,25,26,27,30,33,34,35,38,40>32,7,10,24,28,1,34,5,40,9,11,12,15,26,27,30
1,5,7,9,10,11,12,14,15,20,22,23,25,26,27,30,33,34,35,38,40>33,36,10,20,23,25,28,1,34,5,40,9,11,12,15,26,27,30
4,7,9,10,12,14,15,16,19,20,21,22,23,27,28,30,31,32,33,34,40>35,4,11,18,21,24,27,30,32,33,34,40,9,12,15,19,20,23,28,31
4,7,9,10,12,14,15,16,19,20,21,22,23,27,28,30,31,32,33,34,40>35,4,13,14,16,18,24,27,29,32,33,34,40,9,12,15,19,20,23,28,31
2,3,4,34,6,35,36,9,10,37,12,40,15,16,17,20,21,23,28,31>36,8,40,11,13,19,21,23,24,26,31,2,35,3,4,34,37,9,10,12,20
2,3,4,34,6,35,36,9,10,37,12,40,15,16,17,20,21,23,28,31>33,36,6,40,13,15,17,23,28,2,35,3,4,34,37,9,10,12,20
1,33,3,34,35,6,37,8,40,11,12,16,20,21,26,27,31>33,5,11,27,30,1,34,3,35,37,8,20,31
1,33,3,34,35,6,37,8,40,11,12,16,20,21,26,27,31>36,5,6,7,11,24,1,34,3,35,37,8,20,31
2,3,4,5,6,7,8,11,12,13,14,17,20,22,24,25,27,28,29,32,33,35,36,38>37,39,9,11,12,16,31,32,33,2,3,36,5,38,8,14,17,20,24,25,27,28,29
2,3,4,5,6,7,8,11,12,13,14,17,20,22,24,25,27,28,29,32,33,35,36,38>4,37,39,11,12,13,22,32,33,2,3,36,5,38,8,14,17,20,24,25,27,28,29
2,3,8,10,12,14,17,18,19,20,21,24,25,27,28,30,34,35,37,38,40>4,5,11,13,15,17,19,21,28,33,38,2,3,34,37,40,18,20,24,25,27
2,3,8,10,12,14,17,18,19,20,21,24,25,27,28,30,34,35,37,38,40>5,8,10,11,12,13,14,15,17,19,23,30,33,35,38,2,3,34,37,40,18,20,24,25,27
1,2,4,5,8,9,10,12,13,14,15,16,17,19,21,22,24,26,29,31,34,38,40>4,8,9,21,22,28,30,31,34,35,1,2,12,13,14,15,16,17,19,29
1,2,4,5,8,9,10,12,13,14,15,16,17,19,21,22,24,26,29,31,34,38,40>5,7,8,11,21,22,24,26,31,40,1,2,12,13,14,15,16,17,19,29
1,34,3,35,5,6,7,37,9,10,38,39,13,16,20,21,23,26,29>6,8,39,11,14,17,21,24,29,30,1,3,37,5,7,9,10,13,16,20,26
1,34,3,35,5,6,7,37,9,10,38,39,13,16,20,21,23,26,29>34,35,6,38,39,11,14,17,21,23,29,1,3,37,5,7,9,10,13,16,20,26
1,4,6,7,12,13,14,15,16,17,19,20,23,24,26,27,28,29,32,34,36,38,40>36,8,9,40,18,19,29,32,1,38,7,14,15,16,17,20,23,24,26
1,4,6,7,12,13,14,15,16,17,19,20,23,24,26,27,28,29,32,34,36,38,40>5,9,13,18,30,31,32,1,38,7,14,15,16,17,20,23,24,26
33,34,3,35,5,36,7,39,9,12,13,17,20,22,25,28,29,30>37,7,40,13,14,22,30,33,3,36,5,9,17,20,28,29
33,34,3,35,5,36,7,39,9,12,13,17,20,22,25,28,29,30>34,37,7,40,12,13,14,16,25,27,30,33,3,36,5,9,17,20,28,29
2,3,4,5,6,8,9,13,14,19,20,21,22,23,24,27,30,32,33,36,37,40>6,19,21,22,27,29,30,31,33,37,39,32,2,3,4,36,8,9,40,14,20,23,24
2,3,4,5,6,8,9,13,14,19,20,21,22,23,24,27,30,32,33,36,37,40>10,13,15,16,17,19,22,25,27,28,29,33,32,2,3,4,36,8,9,40,14,20,23,24
32,1,3,4,35,37,39,40,9,10,16,17,18,22,23,25,29,30,31>32,17,18,20,25,30,31,1,3,4,37,35,39,40,22,29
32,1,3,4,35,37,39,40,9,10,16,17,18,22,23,25,29,30,31>7,10,13,18,23,25,26,28,31,1,3,4,37,35,39,40,22,29
32,33,5,38,7,39,9,11,14,18,24,27,29,31>38,14,15,24,25,27,32,5,39,9,31
32,33,5,38,7,39,9,11,14,18,24,27,29,31>33,36,38,7,15,24,27,29,32,5,39,9,31
1,3,4,35,6,36,38,9,10,11,15,17,18,20,22,24,26,28,30>4,6,15,29,34,1,3,9,11,20,22,24,28,30
1,3,4,35,6,36,38,9,10,11,15,17,18,20,22,24,26,28,30>7,10,12,18,21,25,26,34,35,39,40,1,3,9,11,20,22,24,28,30
2,3,5,9,10,13,15,16,17,20,21,22,23,24,27,28,29,34,35,36,37,38,40>11,14,23,27,32,34,35,36,38,40,2,3,37,5,13,16,17,20,24,28,29
2,3,5,9,10,13,15,16,17,20,21,22,23,24,27,28,29,34,35,36,37,38,40>4,9,10,11,14,21,22,25,26,31,32,35,38,2,3,37,5,13,16,17,20,24,28,29
32,33,34,4,5,6,37,40,10,13,21,22,23,25,27,28,30>6,8,11,14,16,17,22,26,29,31,36,37,32,33,34,40,13,27,28
32,33,34,4,5,6,37,40,10,13,21,22,23,25,27,28,30>4,5,6,9,10,14,16,20,22,23,26,30,37,32,33,34,40,13,27,28
2,34,5,7,8,39,13,15,16,19,20,21,23,24,27,28,29,30>7,17,19,26,27,29,30,31,32,34,2,5,16,20,23,24
2,34,5,7,8,39,13,15,16,19,20,21,23,24,27,28,29,30>7,13,15,17,21,27,28,39,40,2,5,16,20,23,24
2,3,5,11,12,13,14,15,16,20,21,23,24,26,29,30,31,32,33,34,35,36,40>33,38,11,13,25,31,2,3,35,5,36,40,14,15,16,20,24,26,30
2,3,5,11,12,13,14,15,16,20,21,23,24,26,29,30,31,32,33,34,35,36,40>33,37,38,12,13,17,21,25,31,2,3,35,5,36,40,14,15,16,20,24,26,30
33,2,34,35,6,38,40,12,17,18,19,22,26,29,31>33,34,5,37,8,12,17,19,21,28,31,2,35,18,22,29
33,2,34,35,6,38,40,12,17,18,19,22,26,29,31>34,36,6,37,38,40,19,26,28,31,2,35,18,22,29
3,35,5,36,7,38,9,39,40,14,18,19,21,23,24,25,26,27>34,4,36,38,14,20,22,31,3,5,39,9,18,23,25,26,27
3,35,5,36,7,38,9,39,40,14,18,19,21,23,24,25,26,27>32,34,4,38,40,14,24,31,3,5,39,9,18,23,25,26,27
1,2,3,4,6,8,11,12,14,15,16,18,21,22,23,24,25,27,31,33,34,36,39>32,35,11,12,14,16,20,23,24,26,29,1,2,3,34,36,6,8,15,21,22,25,27,31
1,2,3,4,6,8,11,12,14,15,16,18,21,22,23,24,25,27,31,33,34,36,39>33,35,4,7,14,16,18,23,24,26,1,2,3,34,36,6,8,15,21,22,25,27,31
2,4,7,9,10,11,16,19,20,21,22,25,26,27,28,30,31,32,33,37,39>34,35,5,36,7,10,13,16,18,23,24,25,26,32,33,2,39,9,11,20,27,28,30,31
2,4,7,9,10,11,16,19,20,21,22,25,26,27,28,30,31,32,33,37,39>4,36,37,40,19,21,29,32,33,2,39,9,11,20,27,28,30,31
34,3,36,37,6,38,10,13,14,15,17,20,22,24,25,28>4,5,6,36,10,12,38,34,3,13,14,15,17,20,24,25,28
34,3,36,37,6,38,10,13,14,15,17,20,22,24,25,28>33,4,5,10,22,27,34,3,13,14,15,17,20,24,25,28
3,4,6,8,9,10,12,13,15,16,23,24,26,28,29,30,31,32,34,35,36,40>32,36,37,38,14,25,29,31,3,4,35,8,9,10,40,12,13,16,26,30
3,4,6,8,9,10,12,13,15,16,23,24,26,28,29,30,31,32,34,35,36,40>33,6,14,15,17,3,4,35,8,9,10,40,12,13,16,26,30
2,3,5,8,9,10,12,14,15,16,17,18,20,22,23,25,26,29,31,32,33,34,36,37,39>8,9,11,13,14,17,18,23,25,27,28,31,32,33,34,35,37,2,3,36,5,12,15,20,22,26,29
2,3,5,8,9,10,12,14,15,16,17,18,20,22,23,25,26,29,31,32,33,34,36,37,39>4,8,9,11,16,18,19,21,24,34,35,2,3,36,5,12,15,20,22,26,29
1,3,7,8,9,10,12,13,15,16,18,19,20,21,22,23,24,27,32,33,34,35,39>35,5,7,37,11,14,15,17,25,28,29,31,32,1,34,3,9,12,13,16,18,19,20,21,22,23,24
1,3,7,8,9,10,12,13,15,16,18,19,20,21,22,23,24,27,32,33,34,35,39>33,4,36,7,10,39,14,17,25,26,28,31,32,1,34,3,9,12,13,16,18,19,20,21,22,23,24
1,33,36,37,38,7,39,40,11,13,14,15,20,21,22,23,26,27,30,31>32,5,11,13,16,17,21,22,23,1,36,39,40,14,15,20,26,30,31
1,33,36,37,38,7,39,40,11,13,14,15,20,21,22,23,26,27,30,31>33,34,35,5,37,38,11,13,16,17,23,1,36,39,40,14,15,20,26,30,31
32,1,33,3,34,6,7,39,9,11,14,15,18,22,24,25,26,30,31>39,40,11,26,27,28,1,34,3,7,9,15,22,25,30
32,1,33,3,34,6,7,39,9,11,14,15,18,22,24,25,26,30,31>35,39,8,11,14,18,24,28,31,1,34,3,7,9,15,22,25,30
1,4,6,8,9,10,11,14,15,17,18,19,21,25,26,27,28,29,30,34,37,38,40>4,6,10,13,19,23,26,28,29,31,37,38,1,8,40,9,11,15,18,27,30
1,4,6,8,9,10,11,14,15,17,18,19,21,25,26,27,28,29,30,34,37,38,40>4,7,12,13,17,20,22,23,25,33,1,8,40,9,11,15,18,27,30
34,3,35,5,37,7,38,9,39,11,40,14,15,17,18,19,20,27,31>38,39,11,14,19,22,23,27,34,35,3,37,5,9,15,18,20,31
34,3,35,5,37,7,38,9,39,11,40,14,15,17,18,19,20,27,31>32,38,39,11,14,17,27,34,35,3,37,5,9,15,18,20,31
1,3,7,9,11,12,13,14,19,20,21,22,23,27,28,30,32,35,37,38,40>7,12,13,15,16,17,18,21,35,32,1,3,37,40,9,14,20,23,28
1,3,7,9,11,12,13,14,19,20,21,22,23,27,28,30,32,35,37,38,40>11,12,13,15,19,21,22,27,29,31,33,34,32,1,3,37,40,9,14,20,23,28
1,2,3,4,5,6,7,10,13,14,15,16,17,18,20,22,23,26,27,30,32,33,37,39,40>36,37,9,10,12,23,27,28,29,31,32,1,2,3,4,5,7,39,40,13,14,15,16,17,20,22,26,30
1,2,3,4,5,6,7,10,13,14,15,16,17,18,20,22,23,26,27,30,32,33,37,39,40>33,34,36,6,8,9,10,18,23,24,27,31,32,1,2,3,4,5,7,39,40,13,14,15,16,17,20,22,26,30
2,4,5,6,7,9,11,14,18,19,23,25,28,29,30,31,33,35,37,39,40>4,6,11,15,22,27,28,29,30,31,33,2,35,5,37,39,40,9,18,23
2,4,5,6,7,9,11,14,18,19,23,25,28,29,30,31,33,35,37,39,40>36,6,11,15,22,27,28,30,33,2,35,5,37,39,40,9,18,23
1,4,5,6,11,12,14,15,17,20,22,23,26,27,29,33,34,37,38,39,40>4,7,9,24,30,33,36,37,39,40,1,15,20,26,29
1,4,5,6,11,12,14,15,17,20,22,23,26,27,29,33,34,37,38,39,40>4,9,27,31,36,38,39,1,15,20,26,29
1,2,33,4,5,6,7,35,9,10,40,12,13,15,19,21,22,25,27,28>16,17,19,21,25,29,34,36,39,40,1,2,33,5,7,9,10,12,13,27,28
1,2,33,4,5,6,7,35,9,10,40,12,13,15,19,21,22,25,27,28>6,8,15,16,19,21,22,23,31,32,36,37,40,1,2,33,5,7,9,10,12,13,27,28
33,2,3,4,34,38,39,9,12,14,17,19,20,26,29>33,34,39,18,19,24,2,3,4,20
33,2,3,4,34,38,39,9,12,14,17,19,20,26,29>33,36,38,39,9,14,17,19,23,30,2,3,4,20
32,1,34,3,35,5,36,37,39,9,10,40,14,18,19,21,23,26,29,31>32,34,40,14,19,20,22,30,1,3,35,37,5,18,23,26
32,1,34,3,35,5,36,37,39,9,10,40,14,18,19,21,23,26,29,31>32,34,36,39,40,9,11,15,29,31,1,3,35,37,5,18,23,26
33,2,34,35,5,6,36,8,40,10,11,18,19,20,21,23,24,29,30,31>37,6,10,13,21,22,25,26,29,2,35,36,5,8,40,11,18,20,23,24
33,2,34,35,5,6,36,8,40,10,11,18,19,20,21,23,24,29,30,31>33,37,10,26,29,2,35,36,5,8,40,11,18,20,23,24
1,3,36,6,7,8,9,40,12,15,16,17,28,29>4,6,40,10,15,17,28,1,3,7,8,9
1,3,36,6,7,8,9,40,12,15,16,17,28,29>5,6,10,15,17,28,1,3,7,8,9
2,3,6,7,10,12,14,15,16,19,20,21,22,23,24,28,31,32,34,35,36,39,40>5,8,9,11,14,16,18,21,26,32,37,39,2,35,3,34,12,15,19,20,23,24,28
2,3,6,7,10,12,14,15,16,19,20,21,22,23,24,28,31,32,34,35,36,39,40>6,8,9,11,13,14,16,21,22,25,32,36,38,40,2,35,3,34,12,15,19,20,23,24,28
2,3,4,5,7,9,10,14,17,18,19,21,22,23,27,28,30,32,33,34,37,38,39,40>36,7,10,13,14,17,19,20,26,30,32,33,2,3,4,5,34,40,9,18,21,22,23,28
2,3,4,5,7,9,10,14,17,18,19,21,22,23,27,28,30,32,33,34,37,38,39,40>36,10,11,13,15,20,26,27,30,32,33,2,3,4,5,34,40,9,18,21,22,23,28
2,6,8,9,10,11,12,15,16,17,18,20,23,24,27,28,29,31,32,33,35,36,37,39>5,38,13,15,17,18,19,22,27,32,33,2,35,36,37,39,8,11,12,20,24,31
2,6,8,9,10,11,12,15,16,17,18,20,23,24,27,28,29,31,32,33,35,36,37,39>6,38,16,17,18,23,27,32,33,2,35,36,37,39,8,11,12,20,24,31
3,4,5,8,11,13,15,16,17,18,20,22,23,24,25,26,27,28,31,32,37,38,39>34,5,37,8,15,21,23,32,3,39,16,17,20,22,24,25,26,27,28,31
3,4,5,8,11,13,15,16,17,18,20,22,23,24,25,26,27,28,31,32,37,38,39>34,35,4,37,38,23,32,3,39,16,17,20,22,24,25,26,27,28,31
33,2,38,39,40,9,12,13,14,15,17,18,19,20,21,25,26,31>5,13,23,24,26,27,31,33,34,35,38,40,2,39,14,15,17,18,20
33,2,38,39,40,9,12,13,14,15,17,18,19,20,21,25,26,31>5,13,16,19,21,22,23,24,25,27,30,33,34,35,2,39,14,15,17,18,20
2,5,8,10,11,13,14,15,17,18,19,23,24,25,26,27,28,31,32,35,36>8,19,20,24,30,32,2,35,5,11,13,14,15,17,18,23,25,26,27,31
2,5,8,10,11,13,14,15,17,18,19,23,24,25,26,27,28,31,32,35,36>36,37,38,39,8,10,12,16,22,28,30,32,2,35,5,11,13,14,15,17,18,23,25,26,27,31
33,2,5,37,7,8,38,39,11,12,13,17,21,24,25,28,30,31>8,13,14,16,21,27,34,35,38,33,2,5,39,17,25
33,2,5,37,7,8,38,39,11,12,13,17,21,24,25,28,30,31>7,8,11,12,13,14,24,28,30,31,36,33,2,5,39,17,25
2,4,5,6,7,8,11,12,15,18,19,20,21,22,24,26,29,32,37,39,40>30,23,6,7,2,5,39,8,18,20,21,22,24,29
2,4,5,6,7,8,11,12,15,18,19,20,21,22,24,26,29,32,37,39,40>4,37,7,12,15,19,28,2,5,39,8,18,20,21,22,24,29
1,2,3,5,6,7,8,10,11,13,17,18,19,22,23,24,28,31,34,38,39>6,38,9,10,19,21,25,26,29,1,2,3,34,5,7,8,11,13,17,18,22,23,28
1,2,3,5,6,7,8,10,11,13,17,18,19,22,23,24,28,31,34,38,39>33,6,10,14,19,1,2,3,34,5,7,8,11,13,17,18,22,23,28
2,6,7,8,10,11,16,17,18,19,21,23,24,25,26,28,30,34,35,37,38>33,5,6,7,13,16,17,21,22,24,27,28,2,34,37,8,11,18,23,25,26,30
2,6,7,8,10,11,16,17,18,19,21,23,24,25,26,28,30,34,35,37,38>33,35,5,6,7,38,40,16,17,20,22,2,34,37,8,11,18,23,25,26,30
1,2,33,4,5,36,40,9,12,14,22,24,27,28>32,40,15,22,24,25,27,29,1,2,33,36,28
1,2,33,4,5,36,40,9,12,14,22,24,27,28>32,4,39,14,24,25,31,1,2,33,36,28
1,34,36,5,37,38,39,9,10,11,15,16,21,22,23,24,28,29>38,13,16,20,22,23,26,1,5,11,28,29
1,34,36,5,37,38,39,9,10,11,15,16,21,22,23,24,28,29>34,38,39,9,10,12,15,16,20,24,1,5,11,28,29
1,2,5,6,7,8,10,13,15,16,17,20,22,23,25,26,28,29,30,31,32,33,36,37,40>32,35,39,11,15,19,23,31,1,2,33,36,5,7,8,40,13,16,17,20,26,28,29,30
1,2,5,6,7,8,10,13,15,16,17,20,22,23,25,26,28,29,30,31,32,33,36,37,40>32,37,38,39,9,11,15,22,23,24,25,1,2,33,36,5,7,8,40,13,16,17,20,26,28,29,30
2,3,5,6,7,9,12,14,15,16,17,19,21,24,29,30,31,32,33,34,35,36,40>4,8,12,17,18,19,20,21,23,24,31,32,34,2,35,3,36,5,40,9,15
2,3,5,6,7,9,12,14,15,16,17,19,21,24,29,30,31,32,33,34,35,36,40>4,6,10,16,18,19,21,24,29,30,33,34,37,2,35,3,36,5,40,9,15
1,3,4,35,7,39,10,11,16,18,20,22,25,30,31>40,9,16,18,21,24,27,1,3,35,39,7,11,22
1,3,4,35,7,39,10,11,16,18,20,22,25,30,31>34,4,9,13,16,18,20,27,28,31,1,3,35,39,7,11,22
32,1,2,35,36,38,7,10,12,14,15,16,18,22,26,28,29,31>33,7,9,11,14,16,18,21,1,2,35,38,12,15,22,28,29
32,1,2,35,36,38,7,10,12,14,15,16,18,22,26,28,29,31>32,33,5,6,9,11,39,14,16,19,21,30,31,1,2,35,38,12,15,22,28,29
33,2,34,36,37,6,8,9,10,11,12,13,14,16,20,22,24,28,29>34,5,9,12,15,25,33,2,36,8,11,13,14,16,24,28,29
33,2,34,36,37,6,8,9,10,11,12,13,14,16,20,22,24,28,29>6,37,9,10,12,15,20,22,33,2,36,8,11,13,14,16,24,28,29
2,4,7,8,9,12,15,16,17,18,19,20,25,26,27,28,29,34,36,37,38,39,40>8,23,24,26,28,31,33,34,38,2,9,18,20,27
2,4,7,8,9,12,15,16,17,18,19,20,25,26,27,28,29,34,36,37,38,39,40>4,5,12,16,17,19,22,23,24,28,29,30,31,36,39,2,9,18,20,27
1,2,3,35,36,38,8,40,11,12,14,15,18,19,21,25,30,31>36,6,37,8,39,12,14,20,25,31,1,2,3,35,40,15,18
1,2,3,35,36,38,8,40,11,12,14,15,18,19,21,25,30,31>36,5,8,38,39,11,12,14,20,21,25,30,1,2,3,35,40,15,18
3,4,9,10,11,12,13,14,17,18,19,20,23,24,27,30,31,33,34,35,36,40>4,37,12,19,27,30,34,3,35,36,40,11,13,14,17,18,20,23,24,31
3,4,9,10,11,12,13,14,17,18,19,20,23,24,27,30,31,33,34,35,36,40>32,33,4,37,12,16,19,25,34,3,35,36,40,11,13,14,17,18,20,23,24,31
2,5,6,8,9,13,14,15,16,17,18,19,20,23,25,26,29,31,32,36,37,39,40>40,10,13,19,22,25,29,30,2,5,39,8,14,15,16,17,18,20,23,26
2,5,6,8,9,13,14,15,16,17,18,19,20,23,25,26,29,31,32,36,37,39,40>36,6,38,13,19,22,25,27,2,5,39,8,14,15,16,17,18,20,23,26
1,3,4,7,8,9,12,13,14,15,20,21,24,25,26,27,30,31,32,33,34,36,37,40>33,35,37,8,12,13,21,32,1,34,3,4,36,7,40,9,14,15,20,24,25,27,30,31
1,3,4,7,8,9,12,13,14,15,20,21,24,25,26,27,30,31,32,33,34,36,37,40>33,5,13,16,17,32,1,34,3,4,36,7,40,9,14,15,20,24,25,27,30,31
33,2,35,5,6,7,37,39,40,13,15,16,19,22,27,28,30,31>36,6,13,17,22,23,27,29,33,2,35,37,5,39,40,16,28,31
33,2,35,5,6,7,37,39,40,13,15,16,19,22,27,28,30,31>32,34,36,8,13,14,17,29,33,2,35,37,5,39,40,16,28,31
1,2,3,5,6,10,12,13,16,20,24,25,26,27,29,32,33,36,37,38,39,40>33,37,7,8,11,12,14,17,20,26,31,32,1,2,3,36,5,38,39,13,16,24,25,27
1,2,3,5,6,10,12,13,16,20,24,25,26,27,29,32,33,36,37,38,39,40>33,37,6,40,10,17,26,29,30,31,32,1,2,3,36,5,38,39,13,16,24,25,27
1,2,3,8,9,11,12,13,14,20,21,22,24,26,28,31,32,35,37,38,40>5,11,13,15,17,30,31,39,1,2,3,35,37,14,20,24,28
1,2,3,8,9,11,12,13,14,20,21,22,24,26,28,31,32,35,37,38,40>8,12,15,21,30,33,34,39,1,2,3,35,37,14,20,24,28
1,2,34,36,5,6,7,37,9,38,11,12,39,14,15,16,18,20,28>6,8,39,14,22,24,28,1,2,34,5,7,9,15
1,2,34,36,5,6,7,37,9,38,11,12,39,14,15,16,18,20,28>36,38,8,16,24,28,1,2,34,5,7,9,15
32,33,2,3,34,39,8,9,14,18,19,20,23,27,30,31>35,36,8,9,40,14,15,20,26,27,32,2,3,34,18,23,31
32,33,2,3,34,39,8,9,14,18,19,20,23,27,30,31>35,36,8,40,14,15,19,22,24,26,32,2,3,34,18,23,31
32,33,2,34,5,6,38,9,10,13,19,22,23,26,27,30>36,6,38,11,14,17,27,29,31,32,2,34,5,10,13,23,26,30
32,33,2,34,5,6,38,9,10,13,19,22,23,26,27,30>36,6,16,19,28,31,32,2,34,5,10,13,23,26,30
1,2,3,35,5,36,7,8,38,10,12,16,17,18,19,20,22,25,26,27>8,9,10,11,12,16,17,25,26,28,31,38,39,1,2,3,5,18,20,22,27
1,2,3,35,5,36,7,8,38,10,12,16,17,18,19,20,22,25,26,27>4,7,8,9,11,12,17,19,21,25,28,29,30,32,34,36,38,39,1,2,3,5,18,20,22,27
32,1,33,35,36,37,38,8,10,11,12,13,14,18,19,20,24,28,31>32,8,12,15,17,22,25,28,1,33,35,36,37,38,11,13,14,18,24
32,1,33,35,36,37,38,8,10,11,12,13,14,18,19,20,24,28,31>34,5,39,15,17,23,28,1,33,35,36,37,38,11,13,14,18,24
2,3,6,7,8,13,14,15,16,20,23,24,25,26,27,29,30,32,33,34,35,36>5,6,9,17,20,29,31,32,2,3,36,8,14,15,16,24,25,26,27,30
2,3,6,7,8,13,14,15,16,20,23,24,25,26,27,29,30,32,33,34,35,36>35,4,5,7,37,23,29,31,32,2,3,36,8,14,15,16,24,25,26,27,30
2,3,4,7,9,11,12,13,14,15,16,17,18,19,21,25,31,32,33,36,37,38,39,40>32,35,5,40,13,19,25,31,2,3,36,38,39,9,14,15,16,17,18
2,3,4,7,9,11,12,13,14,15,16,17,18,19,21,25,31,32,33,36,37,38,39,40>33,34,4,37,11,12,19,20,22,23,27,31,2,3,36,38,39,9,14,15,16,17,18
33,2,35,4,36,37,39,9,12,13,14,16,18,19,21,22,27,29,31>33,9,12,13,17,20,23,28,2,35,36,37,39,14,16,18,21,22,29,31
33,2,35,4,36,37,39,9,12,13,14,16,18,19,21,22,27,29,31>17,32,4,23,2,35,36,37,39,14,16,18,21,22,29,31
2,5,6,7,8,9,11,12,16,17,18,21,22,23,24,27,30,32,34,36,37,40>37,6,7,38,16,17,18,25,27,29,32,2,34,5,8,9,40,21,22
2,5,6,7,8,9,11,12,16,17,18,21,22,23,24,27,30,32,34,36,37,40>36,37,6,7,16,24,25,31,32,2,34,5,8,9,40,21,22
2,3,7,8,11,12,13,14,15,16,17,18,20,21,22,24,26,28,29,30,32,33,34,36,37,39>32,38,11,12,39,40,18,25,26,33,2,3,36,14,15,16,17,20,21,22,24,28,29,30
2,3,7,8,11,12,13,14,15,16,17,18,20,21,22,24,26,28,29,30,32,33,34,36,37,39>32,34,37,7,38,11,12,13,39,33,2,3,36,14,15,16,17,20,21,22,24,28,29,30
1,3,4,5,8,9,10,13,15,16,17,20,22,23,24,25,27,28,29,33,35,38,40>5,7,8,9,11,14,19,22,32,37,38,1,33,3,4,13,16,17,20,24,25,27,28,29
1,3,4,5,8,9,10,13,15,16,17,20,22,23,24,25,27,28,29,33,35,38,40>5,7,8,10,15,19,32,37,38,40,1,33,3,4,13,16,17,20,24,25,27,28,29
1,34,5,6,37,38,39,11,12,14,17,20,23,25,26,28,29>6,7,38,12,14,15,17,24,27,29,1,26,20,5
1,34,5,6,37,38,39,11,12,14,17,20,23,25,26,28,29>33,6,7,38,39,12,14,15,17,23,24,25,28,30,1,26,20,5
1,34,37,39,40,13,14,15,16,18,20,21,23,25,26,28,30>33,37,39,18,22,23,24,25,28,1,34,40,14,15,16,20,26,30
1,34,37,39,40,13,14,15,16,18,20,21,23,25,26,28,30>5,37,39,17,18,21,22,23,27,28,1,34,40,14,15,16,20,26,30
34,7,39,9,13,16,23,26,28,29,30,31>33,34,5,7,40,13,17,31,16,9,26,30
34,7,39,9,13,16,23,26,28,29,30,31>33,34,35,39,40,14,28,16,9,26,30
