CD45,CD8,TCRlig,TCbind,PAGCsk,LCK,Fyn,Rlk,TCRphos,ZAP70,cCbl,Itk,LAT,Gads,Slp76,PLCg_b,Grb2Sos,DAG,PLCg_a,Ras,RasGRP1,PKCth,IP3,Raf,MEK,Ca,ERK,SEK,IKK,Calcin,Rsk,Fos,JNK,IkB,CREB,Jun,CRE,AP1,NFkB,NFAT
1,3,4,5,6,7,8,9,10,15,17,18,19,23,25,26,28,30,34,35,37,38,39,40>33,35,6,11,12,13,19,20,22,25,28,1,34,3,4,5,37,7,8,9,10,40,18,23,26,30
1,3,4,5,6,7,8,9,10,15,17,18,19,23,25,26,28,30,34,35,37,38,39,40>33,35,6,38,13,17,19,25,27,1,34,3,4,5,37,7,8,9,10,40,18,23,26,30
1,3,4,6,8,9,10,11,12,13,14,15,18,20,21,23,27,28,29,31,32,33,38>35,4,7,38,39,10,21,22,23,27,28,32,1,33,3,8,9,11,12,13,14,15,20,31
1,3,4,6,8,9,10,11,12,13,14,15,18,20,21,23,27,28,29,31,32,33,38>4,36,39,10,18,21,22,23,24,26,29,32,1,33,3,8,9,11,12,13,14,15,20,31
2,3,5,10,13,14,16,17,18,19,20,21,22,26,29,30,31,32,33,34,36,37,38>32,35,37,40,10,24,26,2,3,36,5,38,13,14,16,17,18,20,21,22,29,30
2,3,5,10,13,14,16,17,18,19,20,21,22,26,29,30,31,32,33,34,36,37,38>33,34,4,10,11,19,24,26,28,31,2,3,36,5,38,13,14,16,17,18,20,21,22,29,30
1,2,33,4,5,35,7,37,9,38,40,12,15,19,20,21,25,26,29,30>4,36,19,21,24,25,27,29,1,2,37,5,7,40,9,20,30
1,2,33,4,5,35,7,37,9,38,40,12,15,19,20,21,25,26,29,30>33,35,4,36,38,39,12,15,19,25,26,27,1,2,37,5,7,40,9,20,30
3,4,5,6,36,40,9,12,14,16,18,20,21,23,24,27>5,10,12,14,15,16,18,22,34,36,39,3,4,9,20,24
3,4,5,6,36,40,9,12,14,16,18,20,21,23,24,27>6,10,14,18,21,25,26,31,39,40,3,4,9,20,24
32,33,35,4,5,36,7,12,14,15,17,18,19,24,26,28,31>4,14,17,20,22,24,28,32,37,38,33,35,36,5,15,18
32,33,35,4,5,36,7,12,14,15,17,18,19,24,26,28,31>9,14,17,19,20,22,24,26,32,34,37,33,35,36,5,15,18
1,5,6,7,8,10,11,13,14,16,18,20,21,23,26,28,31,32,33,35,37,38,39,40>34,36,38,9,15,17,23,28,30,31,1,33,35,5,37,7,8,39,11,13,14,16,20,26
1,5,6,7,8,10,11,13,14,16,18,20,21,23,26,28,31,32,33,35,37,38,39,40>32,34,36,6,38,10,15,22,23,24,31,1,33,35,5,37,7,8,39,11,13,14,16,20,26
32,1,34,36,37,38,7,39,14,15,18,19,22,26,27,28>36,37,19,21,27,29,31,32,1,34,38,15,18,22,28
32,1,34,36,37,38,7,39,14,15,18,19,22,26,27,28>5,7,39,9,14,19,21,23,29,30,32,1,34,38,15,18,22,28
3,5,6,8,9,10,11,13,14,15,17,18,19,20,22,23,25,27,29,30,33,34,35,36,37,39>32,6,40,12,19,25,28,30,3,36,5,37,8,11,13,14,15,17,18,20,22,23,27,29
3,5,6,8,9,10,11,13,14,15,17,18,19,20,22,23,25,27,29,30,33,34,35,36,37,39>32,33,6,39,40,9,10,21,25,28,3,36,5,37,8,11,13,14,15,17,18,20,22,23,27,29
33,2,3,36,9,10,12,13,16,19,20,21,22,25,28,29,30,31>4,10,21,22,23,24,25,30,31,35,39,40,33,2,3,36,13,16,20,28,29
33,2,3,36,9,10,12,13,16,19,20,21,22,25,28,29,30,31>4,10,11,17,19,23,27,39,33,2,3,36,13,16,20,28,29
33,2,34,4,35,6,37,39,9,13,14,18,25,27>4,6,8,13,15,16,18,25,2,34,37,9,14,27
33,2,34,4,35,6,37,39,9,13,14,18,25,27>33,35,39,8,22,31,2,34,37,9,14,27
2,3,5,39,40,9,10,12,13,16,18,20,21,23,26,28,31>33,34,4,40,9,12,14,17,21,22,23,24,2,3,5,39,13,16,20,26
2,3,5,39,40,9,10,12,13,16,18,20,21,23,26,28,31>33,35,10,11,17,18,21,22,23,24,28,31,2,3,5,39,13,16,20,26
32,33,34,35,5,8,9,10,11,12,40,16,21,23,26,27,29,30,31>36,9,10,12,13,20,21,29,32,35,5,40,11,26,30,31
32,33,34,35,5,8,9,10,11,12,40,16,21,23,26,27,29,30,31>34,36,12,13,20,21,23,27,32,35,5,40,11,26,30,31
32,36,5,6,7,8,37,39,12,15,16,18,19,23,27,29,30,31>16,37,6,22,32,5,39,8,18,23,31
32,36,5,6,7,8,37,39,12,15,16,18,19,23,27,29,30,31>36,37,38,9,16,22,29,32,5,39,8,18,23,31
32,1,33,3,35,5,6,37,39,9,40,12,13,15,17,19,21,23,25,31>6,7,8,10,12,14,19,20,25,26,31,33,36,40,1,3,35,37,5,39,17,23
32,1,33,3,35,5,6,37,39,9,40,12,13,15,17,19,21,23,25,31>4,6,7,8,9,10,12,13,14,15,18,19,20,27,31,34,36,1,3,35,37,5,39,17,23
1,2,4,36,6,11,12,14,15,17,21,22,23,28,29>4,36,14,17,22,23,1,2,6,15,28,29
1,2,4,36,6,11,12,14,15,17,21,22,23,28,29>33,4,36,7,39,14,22,23,1,2,6,15,28,29
34,3,35,36,8,9,40,12,13,14,17,18,19,25,27,29,31>32,34,4,5,37,40,19,20,22,23,29,35,3,14,17,18,27,31
34,3,35,36,8,9,40,12,13,14,17,18,19,25,27,29,31>32,34,4,5,36,8,9,16,19,20,22,35,3,14,17,18,27,31
3,4,36,6,7,8,38,10,11,12,13,14,15,16,21,22,24,39,28,30>33,5,7,10,38,40,19,20,21,22,25,29,30,3,39,8,11,12,13,14,15,16,28
3,4,36,6,7,8,38,10,11,12,13,14,15,16,21,22,24,39,28,30>34,4,9,40,17,20,30,3,39,8,11,12,13,14,15,16,28
1,4,5,6,7,8,10,11,12,16,17,18,19,22,24,25,26,30,31,32,33,34>4,10,19,23,28,31,32,33,36,40,1,34,5,7,8,11,18,22,25,30
1,4,5,6,7,8,10,11,12,16,17,18,19,22,24,25,26,30,31,32,33,34>6,9,10,16,17,21,24,27,29,31,36,40,1,34,5,7,8,11,18,22,25,30
35,4,36,37,7,8,38,10,11,13,16,17,19,21,30>5,7,8,9,10,38,20,23,30,37,11,13,16,17
35,4,36,37,7,8,38,10,11,13,16,17,19,21,30>34,5,36,7,8,9,38,39,20,21,30,37,11,13,16,17
1,2,3,5,6,10,13,14,17,18,19,20,21,22,23,25,26,28,30,35,37,38,39>33,4,7,8,15,16,25,29,1,2,3,5,37,39,13,14,17,18,20,21,22,23,26,28,30
1,2,3,5,6,10,13,14,17,18,19,20,21,22,23,25,26,28,30,35,37,38,39>33,35,6,7,11,40,27,1,2,3,5,37,39,13,14,17,18,20,21,22,23,26,28,30
1,33,37,38,7,8,10,13,14,16,18,19,22,23,24,26,28,30,31>5,7,9,10,15,25,29,35,36,37,1,33,13,14,16,18,22,23,26,28,30
1,33,37,38,7,8,10,13,14,16,18,19,22,23,24,26,28,30,31>5,7,11,17,21,24,29,31,34,35,37,38,40,1,33,13,14,16,18,22,23,26,28,30
32,2,3,4,34,37,7,8,9,38,39,40,13,17,20,22,24,27,29,30>37,8,39,13,22,27,28,30,32,2,3,4,40,9,17,20,24,29
32,2,3,4,34,37,7,8,9,38,39,40,13,17,20,22,24,27,29,30>34,5,37,7,8,38,39,14,16,22,31,32,2,3,4,40,9,17,20,24,29
1,2,7,8,9,10,11,12,14,16,20,21,22,24,25,26,28,29,31,32,33,35,37,39>36,5,6,7,8,12,13,15,16,22,26,27,30,31,1,2,33,35,37,39,9,11,20,24,25,28,29
1,2,7,8,9,10,11,12,14,16,20,21,22,24,25,26,28,29,31,32,33,35,37,39>32,36,5,7,12,14,15,21,27,31,1,2,33,35,37,39,9,11,20,24,25,28,29
4,5,6,36,8,40,10,16,17,19,23,25,26,28,30,31>5,10,13,16,17,19,27,31,34,36,8,40,23,26,30
4,5,6,36,8,40,10,16,17,19,23,25,26,28,30,31>4,6,11,16,19,25,28,31,33,35,36,8,40,23,26,30
32,1,33,34,5,6,39,40,11,12,14,16,17,19,20,28>36,7,8,39,12,14,17,18,19,23,1,34,33,5,20
32,1,33,34,5,6,39,40,11,12,14,16,17,19,20,28>32,6,7,39,40,12,14,15,18,19,23,24,28,1,34,33,5,20
35,5,6,37,38,9,39,12,13,14,16,17,20,22,24,26,27>32,34,6,8,9,10,12,13,25,26,27,28,30,31,37,5,39,14,16,17,20,24
35,5,6,37,38,9,39,12,13,14,16,17,20,22,24,26,27>34,35,6,38,10,13,15,22,25,29,31,37,5,39,14,16,17,20,24
1,4,5,7,9,10,12,15,19,20,24,25,28,30,32,33,34,35,36,38,39,40>32,35,37,18,23,27,30,1,33,34,36,5,38,7,40,9,12,24,25
1,4,5,7,9,10,12,15,19,20,24,25,28,30,32,33,34,35,36,38,39,40>32,35,4,37,10,13,15,19,20,30,1,33,34,36,5,38,7,40,9,12,24,25
2,3,5,9,10,11,14,15,17,18,21,23,26,29,30,34,35,36,37,38,39>35,36,38,39,40,10,13,14,21,2,3,5,37,11,15,26,30
2,3,5,9,10,11,14,15,17,18,21,23,26,29,30,34,35,36,37,38,39>34,35,36,39,40,9,12,13,21,2,3,5,37,11,15,26,30
2,3,4,6,10,13,14,15,16,17,18,19,20,21,23,26,28,30,34,35,37>33,8,11,12,21,22,28,2,3,4,34,37,13,14,15,16,17,18,20,23,26,30
2,3,4,6,10,13,14,15,16,17,18,19,20,21,23,26,28,30,34,35,37>35,8,10,11,19,21,28,2,3,4,34,37,13,14,15,16,17,18,20,23,26,30
34,35,36,5,6,7,39,11,12,13,15,20,21,24,25,26,27,28,29,30>6,9,11,13,14,16,26,28,31,33,36,5,20,24,25,27,30
34,35,36,5,6,7,39,11,12,13,15,20,21,24,25,26,27,28,29,30>8,12,13,15,16,17,21,26,28,29,31,33,34,35,36,39,40,5,20,24,25,27,30
1,3,4,5,8,10,11,12,16,17,20,24,25,26,27,29,31,34,36,37,38,40>34,5,7,8,10,40,17,30,1,3,11,20,24,25,27,31
1,3,4,5,8,10,11,12,16,17,20,24,25,26,27,29,31,34,36,37,38,40>32,34,7,12,13,17,26,29,1,3,11,20,24,25,27,31
2,3,35,5,37,7,8,9,12,15,17,19,20,21,23,24,26,30,31>34,8,39,15,17,18,21,31,2,35,3,37,5,9,20,23,24,26,30
2,3,35,5,37,7,8,9,12,15,17,19,20,21,23,24,26,30,31>4,7,8,39,12,15,17,18,19,21,31,2,35,3,37,5,9,20,23,24,26,30
1,2,3,4,10,11,12,14,15,16,22,23,24,25,28,30,32,34,35,38,40>32,4,37,6,7,13,16,19,26,29,30,1,2,3,34,40,11,12,15,25,28
1,2,3,4,10,11,12,14,15,16,22,23,24,25,28,30,32,34,35,38,40>32,33,4,37,13,14,16,19,23,30,1,2,3,34,40,11,12,15,25,28
34,3,35,37,38,39,8,9,11,13,14,16,17,22,23,24,26,28,30,31>39,8,9,40,23,31,34,35,3,37,14,16,17,26,28,30
34,3,35,37,38,39,8,9,11,13,14,16,17,22,23,24,26,28,30,31>8,40,15,20,25,29,34,35,3,37,14,16,17,26,28,30
2,3,4,5,7,8,9,13,14,15,18,20,23,25,26,28,30,32,33,38,40>34,8,13,16,17,18,20,22,24,25,33,2,3,4,5,40,9,14,15,26,30
2,3,4,5,7,8,9,13,14,15,18,20,23,25,26,28,30,32,33,38,40>34,36,38,8,39,13,17,18,20,23,28,33,2,3,4,5,40,9,14,15,26,30
2,3,4,7,9,10,13,14,16,18,19,20,22,24,27,28,31,32,33,34,35,37>10,11,17,19,20,21,23,25,27,29,32,33,2,3,4,34,35,37,9,13,14,16,18,22,24,28,31
2,3,4,7,9,10,13,14,16,18,19,20,22,24,27,28,31,32,33,34,35,37>36,10,11,15,19,20,25,27,32,33,2,3,4,34,35,37,9,13,14,16,18,22,24,28,31
1,34,35,6,39,9,10,12,13,14,19,20,22,31>5,8,12,15,16,18,28,29,31,37,39,1,34,35,10,13,14
1,34,35,6,39,9,10,12,13,14,19,20,22,31>5,7,8,9,11,16,19,20,22,29,31,1,34,35,10,13,14
3,4,5,7,8,10,12,13,16,18,19,20,21,22,23,25,27,29,32,34,36,38>34,36,9,11,14,17,19,24,25,26,32,3,4,5,38,13,16,18,20,21,22,23,27,29
3,4,5,7,8,10,12,13,16,18,19,20,21,22,23,25,27,29,32,34,36,38>7,8,11,19,24,32,3,4,5,38,13,16,18,20,21,22,23,27,29
1,3,4,6,7,8,15,16,20,21,24,26,28,29,30,32,34,36,38,39,40>32,33,36,5,39,9,15,21,28,1,3,4,38,7,8,40,20,24,30
1,3,4,6,7,8,15,16,20,21,24,26,28,29,30,32,34,36,38,39,40>34,36,39,15,16,21,1,3,4,38,7,8,40,20,24,30
1,2,3,5,6,8,9,11,13,14,15,17,19,20,21,25,28,29,30,31,32,37,38>6,7,11,13,18,27,29,31,32,33,35,37,40,1,2,3,5,8,14,15,17,20
1,2,3,5,6,8,9,11,13,14,15,17,19,20,21,25,28,29,30,31,32,37,38>6,7,11,13,16,18,19,33,35,37,39,1,2,3,5,8,14,15,17,20
32,33,2,3,35,37,38,7,9,10,12,13,15,16,17,23,24,27,28,31>34,4,38,10,11,14,15,20,23,25,27,28,32,33,2,3,35,37,9,12,13,16,17,31
32,33,2,3,35,37,38,7,9,10,12,13,15,16,17,23,24,27,28,31>34,4,5,36,38,39,10,11,20,25,26,32,33,2,3,35,37,9,12,13,16,17,31
1,2,4,5,7,8,9,10,11,12,16,18,20,23,27,28,29,30,37,38,39,40>16,18,22,24,27,28,29,30,37,38,1,2,5,7,39,9,40,11
1,2,4,5,7,8,9,10,11,12,16,18,20,23,27,28,29,30,37,38,39,40>4,10,22,26,27,29,30,32,37,38,1,2,5,7,39,9,40,11
1,2,3,6,9,10,12,15,17,19,20,21,22,25,26,31,32,34,37,39,40>4,9,13,18,21,22,25,26,27,28,29,30,1,2,3,34,6,10,12,20
1,2,3,6,9,10,12,15,17,19,20,21,22,25,26,31,32,34,37,39,40>4,7,9,13,17,22,25,27,28,32,40,1,2,3,34,6,10,12,20
1,33,34,35,5,36,7,8,37,38,40,15,18,24,26,31>33,38,8,9,15,22,24,25,26,30,1,34,35,36,5,37
1,33,34,35,5,36,7,8,37,38,40,15,18,24,26,31>33,38,9,40,15,18,24,1,34,35,36,5,37
33,2,3,4,5,34,36,8,40,10,14,17,21,23,26,27,30,31>32,11,13,14,20,23,2,3,4,34,36,40,26,30,31
33,2,3,4,5,34,36,8,40,10,14,17,21,23,26,27,30,31>33,35,5,13,14,17,20,21,23,27,2,3,4,34,36,40,26,30,31
33,2,3,35,9,10,11,13,15,17,18,19,22,25,26,27,31>10,12,15,20,23,25,26,29,30,32,33,34,36,37,2,35,3,11,13,17,18,22,27,31
33,2,3,35,9,10,11,13,15,17,18,19,22,25,26,27,31>9,10,15,16,23,25,26,29,33,34,36,39,2,35,3,11,13,17,18,22,27,31
32,1,2,3,36,37,6,38,9,10,12,14,17,18,20,21,24,25,27,29>7,8,12,18,21,22,32,1,2,3,6,38,10,20,24,25,27
32,1,2,3,36,37,6,38,9,10,12,14,17,18,20,21,24,25,27,29>4,5,36,37,11,15,39,17,18,21,22,29,32,1,2,3,6,38,10,20,24,25,27
32,2,3,34,6,38,8,9,10,11,12,16,18,19,20,22,24,25,27,31>35,9,12,13,19,21,23,28,32,2,3,34,8,11,18,22,24,25,27,31
32,2,3,34,6,38,8,9,10,11,12,16,18,19,20,22,24,25,27,31>35,5,38,9,13,16,19,21,32,2,3,34,8,11,18,22,24,25,27,31
1,33,3,4,34,6,35,36,9,38,11,40,15,17,20,25>33,37,6,8,40,11,15,1,34,3,36,9,20
1,33,3,4,34,6,35,36,9,38,11,40,15,17,20,25>4,6,7,38,11,15,17,24,25,27,1,34,3,36,9,20
1,2,3,5,6,7,11,12,13,15,17,18,19,22,24,25,29,30,31,33,35,36,39>6,8,9,13,16,23,27,28,30,33,40,1,2,3,35,5,36,7,39,17,18,22,25,29
1,2,3,5,6,7,11,12,13,15,17,18,19,22,24,25,29,30,31,33,35,36,39>6,8,9,11,12,13,16,19,20,21,24,40,1,2,3,35,5,36,7,39,17,18,22,25,29
3,4,6,7,8,9,10,11,14,16,17,18,21,23,24,25,26,27,31,32,33,35,36,37,38,40>4,7,13,14,18,34,39,40,32,35,3,36,37,38,8,9,11,25,26,27,31
3,4,6,7,8,9,10,11,14,16,17,18,21,23,24,25,26,27,31,32,33,35,36,37,38,40>4,5,6,7,10,18,20,22,24,30,33,34,39,40,32,35,3,36,37,38,8,9,11,25,26,27,31
1,35,4,37,6,38,39,10,11,13,16,18,20,22,23,24,28,29,30,31>7,8,10,14,18,20,23,30,1,35,37,39,11,13,16,22,24,28,29
1,35,4,37,6,38,39,10,11,13,16,18,20,22,23,24,28,29,30,31>33,4,6,7,10,38,17,18,20,23,26,30,1,35,37,39,11,13,16,22,24,28,29
32,1,34,3,35,6,7,38,15,16,17,19,20,23,24,30,31>38,18,37,8,1,34,3,35,7,20,23,24
32,1,34,3,35,6,7,38,15,16,17,19,20,23,24,30,31>32,4,5,6,37,8,9,16,17,26,1,34,3,35,7,20,23,24
2,4,5,6,7,10,11,13,14,16,17,18,19,24,29,30,31,32,33,35,36,37,38,39>32,7,8,9,10,20,25,29,30,2,35,36,5,37,38,39,11,13,14,16,17,18
2,4,5,6,7,10,11,13,14,16,17,18,19,24,29,30,31,32,33,35,36,37,38,39>32,4,6,7,8,10,40,19,20,23,24,30,31,2,35,36,5,37,38,39,11,13,14,16,17,18
32,33,2,3,35,5,6,38,8,9,11,12,16,18,19,20,26,27,29,30>9,11,12,20,22,23,24,27,29,31,35,38,39,32,2,3,5,8,18,30
32,33,2,3,35,5,6,38,8,9,11,12,16,18,19,20,26,27,29,30>9,11,12,19,24,26,31,33,37,38,39,40,32,2,3,5,8,18,30
1,4,5,8,9,11,12,14,17,19,20,21,22,24,26,27,28,31,32,33,34,35,37,38>4,11,19,26,30,36,32,1,34,35,33,37,20,24,28,31
1,4,5,8,9,11,12,14,17,19,20,21,22,24,26,27,28,31,32,33,34,35,37,38>4,5,9,12,15,17,18,19,21,23,25,29,36,38,32,1,34,35,33,37,20,24,28,31
33,2,4,36,6,38,39,11,15,17,19,22,25,26,27,28>34,8,17,18,22,26,29,30,31,33,2,36,39,27,28
33,2,4,36,6,38,39,11,15,17,19,22,25,26,27,28>4,6,38,9,18,22,25,26,30,33,2,36,39,27,28
3,7,9,10,11,12,13,15,17,20,23,25,26,27,28,30,31,32,33,35,39,40>34,7,14,15,23,25,32,33,3,35,39,40,9,11,12,13,17,20,26,27,30,31
3,7,9,10,11,12,13,15,17,20,23,25,26,27,28,30,31,32,33,35,39,40>36,5,37,14,15,23,25,32,33,3,35,39,40,9,11,12,13,17,20,26,27,30,31
33,34,4,5,36,38,8,9,40,15,18,19,20,22,23,25,26,31>4,5,38,9,19,20,21,28,29,30,34,36,18,22,23,26
33,34,4,5,36,38,8,9,40,15,18,19,20,22,23,25,26,31>35,4,5,9,15,20,25,28,30,31,34,36,18,22,23,26
1,4,5,6,7,9,10,12,13,14,17,20,21,22,24,25,26,27,32,33,34,35,37,39,40>36,6,39,8,40,11,12,15,26,28,29,31,32,1,34,5,37,7,9,10,13,14,17,20,24,25,27
1,4,5,6,7,9,10,12,13,14,17,20,21,22,24,25,26,27,32,33,34,35,37,39,40>33,35,4,36,6,8,12,21,26,28,30,32,1,34,5,37,7,9,10,13,14,17,20,24,25,27
1,6,7,8,11,13,14,16,17,19,20,24,25,28,32,33,35,36,37,39,40>32,34,5,6,38,9,27,28,1,33,36,37,7,8,39,14,16,17,20,24,25
1,6,7,8,11,13,14,16,17,19,20,24,25,28,32,33,35,36,37,39,40>32,35,5,9,11,15,18,23,1,33,36,37,7,8,39,14,16,17,20,24,25
3,6,7,8,10,13,15,17,18,20,23,24,27,28,29,30,31,32,33,35,37,38,39>7,9,12,15,18,23,25,28,29,40,32,33,3,35,37,39,8,13,17,20,24,31
3,6,7,8,10,13,15,17,18,20,23,24,27,28,29,30,31,32,33,35,37,38,39>5,6,10,11,12,16,18,22,23,25,27,28,30,38,32,33,3,35,37,39,8,13,17,20,24,31
32,1,3,35,5,8,9,10,13,17,19,21,23,24,25,26,29>35,37,8,14,27,1,3,5,13,17,23,25,26
32,1,3,35,5,8,9,10,13,17,19,21,23,24,25,26,29>32,35,8,11,18,21,24,29,1,3,5,13,17,23,25,26
1,3,6,8,10,11,16,17,18,20,21,23,28,29,30,32,33,34,35,36,38,39,40>16,18,22,28,29,30,32,34,35,37,39,1,33,3,36,38,8,40,11,20
1,3,6,8,10,11,16,17,18,20,21,23,28,29,30,32,33,34,35,36,38,39,40>6,7,10,13,16,17,18,21,22,26,30,32,37,1,33,3,36,38,8,40,11,20
1,6,7,10,11,14,15,17,19,20,21,22,24,27,29,30,31,32,33,35,39>5,8,9,14,18,19,21,22,28,36,40,32,1,35,39,7,11,15,20,24,29,31
1,6,7,10,11,14,15,17,19,20,21,22,24,27,29,30,31,32,33,35,39>5,6,8,10,12,14,18,21,22,25,28,33,36,32,1,35,39,7,11,15,20,24,29,31
32,1,34,35,36,6,7,40,9,14,23,30>32,5,6,15,30,1,34,7,40,9
32,1,34,35,36,6,7,40,9,14,23,30>35,37,38,10,14,23,26,1,34,7,40,9
1,2,3,4,6,7,9,10,11,12,13,15,16,17,18,19,22,24,28,30,33,34,35,36,39>35,37,8,40,15,20,21,30,1,2,3,33,34,6,7,36,9,11,12,13,16,17,18,19,22,28
1,2,3,4,6,7,9,10,11,12,13,15,16,17,18,19,22,24,28,30,33,34,35,36,39>35,4,5,37,39,40,14,15,21,23,24,1,2,3,33,34,6,7,36,9,11,12,13,16,17,18,19,22,28
1,3,5,8,12,13,14,16,17,20,21,22,24,26,27,28,29,30,35,37,39>35,4,8,21,26,1,3,5,37,39,14,16,17,20,24,28,29,30
1,3,5,8,12,13,14,16,17,20,21,22,24,26,27,28,29,30,35,37,39>32,35,8,40,12,15,21,25,27,1,3,5,37,39,14,16,17,20,24,28,29,30
34,3,4,5,35,7,40,9,10,11,19,20,22,23,24,25,27,28,30,31>33,10,18,26,29,34,35,3,5,40,9,11,23,24,25,27,28,31
34,3,4,5,35,7,40,9,10,11,19,20,22,23,24,25,27,28,30,31>33,37,13,18,26,34,35,3,5,40,9,11,23,24,25,27,28,31
33,2,34,35,37,6,38,39,10,11,15,17,19,20,23,24,26,27,31>8,10,12,15,18,27,2,35,34,37,11,20,23,24,26,31
33,2,34,35,37,6,38,39,10,11,15,17,19,20,23,24,26,27,31>32,36,39,12,13,15,17,19,25,27,2,35,34,37,11,20,23,24,26,31
1,35,5,6,39,10,11,12,15,16,18,21,23,24,25,27,30,31>34,6,8,10,18,20,22,23,30,1,35,5,39,11,12,25,27,31
1,35,5,6,39,10,11,12,15,16,18,21,23,24,25,27,30,31>32,37,6,7,40,10,16,18,20,22,26,30,1,35,5,39,11,12,25,27,31
33,34,6,8,14,16,18,19,20,23,25,26,28,31>5,14,15,24,27,30,31,33,34,8,18,23,26
33,34,6,8,14,16,18,19,20,23,25,26,28,31>35,36,5,19,25,28,30,33,34,8,18,23,26
32,1,33,3,34,5,35,7,8,40,10,12,13,14,15,17,28>35,36,37,8,9,10,11,40,28,1,34,3,33,5,12,13,14,15,17
32,1,33,3,34,5,35,7,8,40,10,12,13,14,15,17,28>32,4,37,7,9,11,28,1,34,3,33,5,12,13,14,15,17
35,36,5,37,7,38,39,10,11,15,17,19,21,22,23,26,27,28,31>32,34,38,9,10,12,15,18,21,22,27,29,35,37,5,39,11,23,26,28,31
35,36,5,37,7,38,39,10,11,15,17,19,21,22,23,26,27,28,31>33,34,36,38,9,10,13,20,27,35,37,5,39,11,23,26,28,31
32,1,34,35,5,6,7,40,9,13,15,18,21,22,23,24,25,26,28,29>32,33,37,6,40,14,16,23,1,5,7,9,21,22,25,26,28,29
32,1,34,35,5,6,7,40,9,13,15,18,21,22,23,24,25,26,28,29>33,34,35,37,10,13,15,16,18,20,23,24,27,1,5,7,9,21,22,25,26,28,29
32,33,34,35,5,37,39,8,9,14,15,20,21,22,24,26,28,29>35,39,9,14,25,26,33,37,5,15,20,24,28,29
32,33,34,35,5,37,39,8,9,14,15,20,21,22,24,26,28,29>32,34,35,9,22,30,33,37,5,15,20,24,28,29
33,2,34,4,5,35,12,13,15,16,17,18,19,21,23,24,25,27,28>36,37,14,15,19,20,21,28,33,2,34,16,17,18,23,25,27
33,2,34,4,5,35,12,13,15,16,17,18,19,21,23,24,25,27,28>32,35,4,5,36,19,21,24,33,2,34,16,17,18,23,25,27
1,4,5,8,11,12,13,14,15,17,19,23,25,26,28,30,31,34,35,36,37,39>4,7,8,11,12,16,20,25,1,34,35,37,14,15,17,23,26,30
1,4,5,8,11,12,13,14,15,17,19,23,25,26,28,30,31,34,35,36,37,39>33,5,8,40,11,12,13,16,18,19,20,25,28,1,34,35,37,14,15,17,23,26,30
1,2,4,5,6,7,10,11,15,16,17,19,20,21,28,29,30,33,34,35,38,40>4,6,9,12,13,17,21,28,35,37,1,2,33,5,7,40,11,20
1,2,4,5,6,7,10,11,15,16,17,19,20,21,28,29,30,33,34,35,38,40>6,8,9,10,12,13,16,18,23,34,35,36,37,38,1,2,33,5,7,40,11,20
