CD45,CD8,TCRlig,TCbind,PAGCsk,LCK,Fyn,Rlk,TCRphos,ZAP70,cCbl,Itk,LAT,Gads,Slp76,PLCg_b,Grb2Sos,DAG,PLCg_a,Ras,RasGRP1,PKCth,IP3,Raf,MEK,Ca,ERK,SEK,IKK,Calcin,Rsk,Fos,JNK,IkB,CREB,Jun,CRE,AP1,NFkB,NFAT
1,3,5,6,10,12,16,18,20,21,23,24,26,28,29,30,31,32,33,34,36,40>4,11,12,18,23,31,35,1,33,3,36,5,40,20,24,26,30
1,3,5,6,10,12,16,18,20,21,23,24,26,28,29,30,31,32,33,34,36,40>4,7,10,11,13,18,21,22,25,28,29,31,32,34,35,38,1,33,3,36,5,40,20,24,26,30
33,4,37,6,7,8,39,40,12,13,16,17,20,27>33,4,5,7,9,37,12,14,24,31,39,8,16,17,20
33,4,37,6,7,8,39,40,12,13,16,17,20,27>33,34,4,5,6,36,37,12,39,8,16,17,20
1,2,5,6,7,8,10,11,12,13,15,16,18,20,21,22,26,27,28,31,33,34,35,36,37,38,39>6,10,14,17,18,26,29,1,2,33,34,5,35,7,8,36,37,11,12,13,16,20,21,22,28,31
1,2,5,6,7,8,10,11,12,13,15,16,18,20,21,22,26,27,28,31,33,34,35,36,37,38,39>32,6,38,15,18,24,29,30,1,2,33,34,5,35,7,8,36,37,11,12,13,16,20,21,22,28,31
1,3,4,5,8,9,10,11,15,16,20,26,27,28,29,32,33,34,35,39,40>4,12,13,20,24,28,30,34,35,36,32,1,33,3,11
1,3,4,5,8,9,10,11,15,16,20,26,27,28,29,32,33,34,35,39,40>7,13,24,26,27,28,30,34,35,39,32,1,33,3,11
1,2,3,4,8,9,14,16,18,19,20,23,24,25,26,27,28,30,31,33,35,36,38,40>32,7,8,38,39,14,15,20,28,1,2,3,4,33,35,36,40,18,23,24,25,26,27,30,31
1,2,3,4,8,9,14,16,18,19,20,23,24,25,26,27,28,30,31,33,35,36,38,40>32,37,7,9,39,14,16,19,20,22,28,1,2,3,4,33,35,36,40,18,23,24,25,26,27,30,31
1,3,36,6,39,10,15,18,19,20,21,23,24,26,29>6,7,36,11,13,15,19,21,25,29,1,3,39,18,20,23,24,26
1,3,36,6,39,10,15,18,19,20,21,23,24,26,29>6,8,10,13,15,19,29,1,3,39,18,20,23,24,26
32,2,35,37,38,7,40,9,11,14,15,22,25,26,27,28,31>34,40,11,22,26,32,2,35,37,9,15,27,28,31
32,2,35,37,38,7,40,9,11,14,15,22,25,26,27,28,31>33,34,40,14,22,26,29,30,32,2,35,37,9,15,27,28,31
33,2,4,36,6,7,37,9,38,11,12,13,40,16,18,22,26,28,30,31>34,5,6,7,38,11,13,17,18,21,26,29,33,2,36,40,9,16,22,28,30
33,2,4,36,6,7,37,9,38,11,12,13,40,16,18,22,26,28,30,31>34,5,38,13,17,21,29,31,33,2,36,40,9,16,22,28,30
1,3,5,6,8,9,10,11,12,13,14,15,17,18,20,21,22,23,26,28,29,33,34,36,37,38,39,40>9,30,1,33,3,36,5,8,11,12,13,14,15,17,20,21,22,26,28,29
1,3,5,6,8,9,10,11,12,13,14,15,17,18,20,21,22,23,26,28,29,33,34,36,37,38,39,40>34,7,9,10,40,16,1,33,3,36,5,8,11,12,13,14,15,17,20,21,22,26,28,29
32,1,36,5,6,7,8,9,37,13,14,15,17,18,19,20,21,22,25,27>36,6,38,39,10,13,16,19,23,24,29,31,32,1,5,7,8,9,14,15,17,18,20,21,22,27
32,1,36,5,6,7,8,9,37,13,14,15,17,18,19,20,21,22,25,27>37,38,39,16,19,24,25,28,32,1,5,7,8,9,14,15,17,18,20,21,22,27
34,35,4,5,36,39,8,10,12,13,20,22,24,25,26,27,31>32,5,37,10,11,16,22,26,34,35,13,24,25,27,31
34,35,4,5,36,39,8,10,12,13,20,22,24,25,26,27,31>32,4,5,36,37,8,39,10,11,12,14,16,17,20,22,28,29,34,35,13,24,25,27,31
1,2,3,4,5,6,8,12,13,14,18,19,20,21,24,26,29,31,32,33,34,35,36,38,40>7,15,23,25,26,30,37,40,1,2,3,4,35,36,38,8,14,18,20,24
1,2,3,4,5,6,8,12,13,14,18,19,20,21,24,26,29,31,32,33,34,35,36,38,40>5,6,7,9,13,15,17,19,21,25,26,29,32,33,34,37,1,2,3,4,35,36,38,8,14,18,20,24
33,2,3,35,37,6,38,39,12,16,18,19,20,21,24,27,28,29,30,31>4,6,8,40,16,25,33,2,3,35,37,39,18,20,24,31
33,2,3,35,37,6,38,39,12,16,18,19,20,21,24,27,28,29,30,31>32,4,5,8,38,12,19,22,23,25,27,33,2,3,35,37,39,18,20,24,31
32,1,33,5,6,37,8,10,12,13,21,22,24,27,30,31>7,14,20,21,22,24,27,28,29,34,35,32,1,5,8,13,31
32,1,33,5,6,37,8,10,12,13,21,22,24,27,30,31>10,11,12,14,16,17,20,24,25,27,28,30,35,39,32,1,5,8,13,31
1,2,4,7,8,10,12,13,14,15,16,19,21,24,27,28,30,31,32,35,37,38,39,40>33,4,5,38,11,18,21,23,28,32,1,2,35,37,7,39,40,12,13,14,15,16,19,31
1,2,4,7,8,10,12,13,14,15,16,19,21,24,27,28,30,31,32,35,37,38,39,40>33,4,5,6,21,23,24,27,30,32,1,2,35,37,7,39,40,12,13,14,15,16,19,31
3,4,5,6,37,8,9,10,11,40,14,16,20,22,23,24,29>37,40,14,16,22,26,3,8,9,11,24,29
3,4,5,6,37,8,9,10,11,40,14,16,20,22,23,24,29>4,14,16,20,22,23,25,26,3,8,9,11,24,29
33,2,3,4,35,6,36,8,9,13,16,19,20,21,23,25,27,29,31>18,19,25,2,35,3,4,36,8,9,16,20,23,27,31
33,2,3,4,35,6,36,8,9,13,16,19,20,21,23,25,27,29,31>33,39,10,13,14,17,19,24,25,29,2,35,3,4,36,8,9,16,20,23,27,31
2,3,4,5,6,8,9,10,11,13,14,15,19,20,21,26,28,29,30,32,34,37,39>4,16,18,21,23,28,33,34,37,39,40,2,3,8,9,11,13,14,15,20,30
2,3,4,5,6,8,9,10,11,13,14,15,19,20,21,26,28,29,30,32,34,37,39>6,12,17,24,29,32,34,40,2,3,8,9,11,13,14,15,20,30
34,35,4,39,9,13,15,18,21,22,24,25,27,29,31>32,37,13,15,16,17,18,28,35,21,22,25,27,29,31
34,35,4,39,9,13,15,18,21,22,24,25,27,29,31>34,4,37,39,9,14,17,18,20,24,35,21,22,25,27,29,31
32,1,34,36,38,7,8,39,10,11,12,15,16,20,22,24,26,27,29>34,5,7,8,10,13,15,20,28,31,32,1,38,11,12,24,29
32,1,34,36,38,7,8,39,10,11,12,15,16,20,22,24,26,27,29>36,5,7,8,10,39,15,19,20,28,30,32,1,38,11,12,24,29
1,34,4,36,6,38,39,40,10,11,15,16,17,19,21,25,27,28>4,6,9,15,18,21,28,31,38,40,27,1,34,11
1,34,4,36,6,38,39,40,10,11,15,16,17,19,21,25,27,28>4,7,9,10,12,13,16,18,21,23,25,28,32,33,39,40,27,1,34,11
1,33,3,34,35,6,36,37,9,12,16,23,24,25,26,28,30>6,7,10,12,16,24,1,34,3,36,33,37,25,26,30
1,33,3,34,35,6,36,37,9,12,16,23,24,25,26,28,30>6,7,9,40,23,24,1,34,3,36,33,37,25,26,30
1,2,3,4,5,8,10,11,12,13,16,17,20,21,22,23,24,25,26,29,31,32,33,34,35,38,39>8,12,14,21,23,30,33,34,36,39,1,2,3,35,11,13,16,17,20,24,25,26,29
1,2,3,4,5,8,10,11,12,13,16,17,20,21,22,23,24,25,26,29,31,32,33,34,35,38,39>5,7,10,21,22,23,27,28,30,31,32,34,37,1,2,3,35,11,13,16,17,20,24,25,26,29
3,4,6,8,9,10,11,12,14,15,16,17,20,21,22,23,25,27,28,29,30,32,35,37,38,39>6,38,40,13,22,23,24,25,26,30,32,3,37,39,8,9,11,12,15,20,27,28,29
3,4,6,8,9,10,11,12,14,15,16,17,20,21,22,23,25,27,28,29,30,32,35,37,38,39>33,4,10,13,16,25,26,30,32,3,37,39,8,9,11,12,15,20,27,28,29
1,2,4,5,6,7,10,14,17,18,19,20,22,23,24,27,28,31,32,33,34,35,38,39>6,9,11,13,39,17,19,27,32,1,2,33,34,5,35,7,18,20,22,23,24,28,31
1,2,4,5,6,7,10,14,17,18,19,20,22,23,24,27,28,31,32,33,34,35,38,39>4,36,6,37,8,9,17,25,27,29,32,1,2,33,34,5,35,7,18,20,22,23,24,28,31
2,3,4,7,8,10,13,19,20,23,24,27,29,30,31,32,33,35,36,37,40>33,5,7,8,9,10,11,14,16,17,20,26,27,29,32,2,35,3,4,36,37,40,13,23,24,31
2,3,4,7,8,10,13,19,20,23,24,27,29,30,31,32,33,35,36,37,40>33,38,14,20,25,30,32,2,35,3,4,36,37,40,13,23,24,31
1,3,4,5,6,10,12,13,16,17,18,19,21,22,23,25,26,27,28,30,33,34,38,40>32,36,8,11,12,14,19,20,29,31,1,33,3,4,34,40,13,16,17,18,21,22,23,26,27,28,30
1,3,4,5,6,10,12,13,16,17,18,19,21,22,23,25,26,27,28,30,33,34,38,40>32,36,5,7,8,10,11,29,31,1,33,3,4,34,40,13,16,17,18,21,22,23,26,27,28,30
2,3,34,6,38,8,9,10,39,15,16,18,19,25,26,27,29,30>32,34,6,39,40,11,16,23,2,3,8,10,18,19,27,30
2,3,34,6,38,8,9,10,39,15,16,18,19,25,26,27,29,30>32,34,4,6,38,39,12,13,25,26,31,2,3,8,10,18,19,27,30
32,2,3,4,35,36,8,9,13,18,20,26,29>32,36,8,9,17,22,29,30,2,3,4
32,2,3,4,35,36,8,9,13,18,20,26,29>32,36,8,14,16,17,20,22,24,29,2,3,4
32,1,2,3,5,6,7,37,9,39,11,12,17,18,19,20,24,30>32,34,6,11,19,22,1,2,3,5,7,39,9,18,20,24
32,1,2,3,5,6,7,37,9,39,11,12,17,18,19,20,24,30>32,37,6,8,40,12,22,25,1,2,3,5,7,39,9,18,20,24
32,35,36,37,9,11,12,13,14,15,20,24,25,26,29>32,35,38,39,9,11,12,13,17,27,37,14,15,24,25
32,35,36,37,9,11,12,13,14,15,20,24,25,26,29>35,36,5,11,12,13,26,27,37,14,15,24,25
32,1,34,3,36,37,6,7,8,12,13,16,19,21,23,27,28,29>4,12,13,20,26,31,37,32,1,3,7,8,16,23
32,1,34,3,36,37,6,7,8,12,13,16,19,21,23,27,28,29>4,5,6,12,13,17,21,26,28,36,32,1,3,7,8,16,23
32,33,2,3,4,34,35,36,8,37,10,11,38,15,21,26,27,28,31>21,8,15,20,32,33,2,3,34,35,36,37,38,11,31
32,33,2,3,4,34,35,36,8,37,10,11,38,15,21,26,27,28,31>4,8,10,20,26,28,32,33,2,3,34,35,36,37,38,11,31
33,3,35,38,39,40,9,16,17,18,19,20,22,25,26,29,31>5,36,37,9,40,17,23,25,27,28,31,35,3,39,18,20,22,29
33,3,35,38,39,40,9,16,17,18,19,20,22,25,26,29,31>4,5,36,37,9,40,16,17,19,21,23,24,25,26,30,31,35,3,39,18,20,22,29
1,2,3,4,5,8,9,12,15,17,19,20,21,22,24,25,27,29,30,35,37,38,40>32,38,7,8,9,21,23,31,1,2,3,4,37,40,20,24,25,27,29
1,2,3,4,5,8,9,12,15,17,19,20,21,22,24,25,27,29,30,35,37,38,40>35,5,39,12,15,17,28,30,1,2,3,4,37,40,20,24,25,27,29
1,2,36,5,38,8,12,13,14,15,16,17,19,20,25,26,29,31>35,39,12,18,23,27,29,1,2,5,14,15,16,17,20
1,2,36,5,38,8,12,13,14,15,16,17,19,20,25,26,29,31>36,38,39,13,19,24,26,30,31,1,2,5,14,15,16,17,20
1,6,7,8,9,10,11,14,15,17,18,19,23,24,25,26,28,30,33,35,36,38,39>34,6,37,38,40,10,12,19,20,22,1,33,36,7,8,9,39,11,15,18,23,25,26,30
1,6,7,8,9,10,11,14,15,17,18,19,23,24,25,26,28,30,33,35,36,38,39>35,6,37,38,40,10,14,22,27,1,33,36,7,8,9,39,11,15,18,23,25,26,30
1,3,5,7,8,11,15,19,21,24,25,28,29,30,31,32,34,35,36,38,40>9,15,20,21,23,24,28,29,32,33,34,37,1,3,35,5,38,40,25
1,3,5,7,8,11,15,19,21,24,25,28,29,30,31,32,34,35,36,38,40>8,9,11,21,23,27,31,36,1,3,35,5,38,40,25
32,1,37,6,7,8,9,10,38,39,40,15,16,20,25,27>34,5,37,11,13,16,19,24,25,32,1,7,8,9,10,39,27
32,1,37,6,7,8,9,10,38,39,40,15,16,20,25,27>5,6,38,12,15,16,19,20,32,1,7,8,9,10,39,27
32,33,35,6,38,8,39,40,12,13,14,16,17,25>34,35,36,5,6,37,13,15,27,39,8,14,16,17
32,33,35,6,38,8,39,40,12,13,14,16,17,25>32,33,34,35,6,37,13,15,20,25,27,39,8,14,16,17
33,2,4,37,6,7,38,12,14,16,19,21,24,27,28,30,31>5,8,9,12,14,16,18,20,21,23,27,30,32,35,37,38,40,33,2,31
33,2,4,37,6,7,38,12,14,16,19,21,24,27,28,30,31>5,6,12,15,16,18,19,24,25,27,32,35,36,37,38,39,40,33,2,31
32,1,2,35,37,7,8,40,13,15,17,19,20,23,25,26,27,28,29,30>5,8,39,14,16,19,24,29,32,1,2,37,40,17,20,23,26,27,30
32,1,2,35,37,7,8,40,13,15,17,19,20,23,25,26,27,28,29,30>35,5,6,9,39,13,14,15,16,18,19,25,32,1,2,37,40,17,20,23,26,27,30
34,36,5,6,39,40,10,11,14,15,16,18,19,20,21,23,25,27,28,29>10,13,21,22,26,28,29,31,34,39,5,11,15,18,20,23,27
34,36,5,6,39,40,10,11,14,15,16,18,19,20,21,23,25,27,28,29>6,10,12,14,21,25,26,28,32,40,5,11,15,18,20,23,27
32,3,4,5,38,8,40,10,13,14,16,18,19,20,21,22,28,29>32,5,38,8,40,10,19,3,4,13,14,16,18,20,21,22,28,29
32,3,4,5,38,8,40,10,13,14,16,18,19,20,21,22,28,29>32,5,38,39,8,10,11,15,19,24,3,4,13,14,16,18,20,21,22,28,29
32,1,2,3,35,36,7,8,9,10,11,39,13,40,17,18,20,25,26,30>32,34,36,7,8,37,14,18,26,1,2,3,39,40,9,11,13,17,20,30
32,1,2,3,35,36,7,8,9,10,11,39,13,40,17,18,20,25,26,30>34,35,8,37,14,18,24,25,26,27,1,2,3,39,40,9,11,13,17,20,30
32,1,35,36,6,7,8,39,12,14,15,18,19,21,22,23,25,26,31>34,5,14,19,20,31,1,35,39,8,7,15,18,21,22,23,26
32,1,35,36,6,7,8,39,12,14,15,18,19,21,22,23,25,26,31>36,5,38,12,14,20,27,28,29,30,1,35,39,8,7,15,18,21,22,23,26
2,34,36,5,7,8,9,10,12,20,22,27,28,29,31>32,7,8,11,20,27,2,5,9,28,29,31
2,34,36,5,7,8,9,10,12,20,22,27,28,29,31>32,34,35,10,11,22,2,5,9,28,29,31
1,2,35,36,6,7,8,9,39,11,14,17,20,22,25,26,29,30>36,11,14,15,17,22,25,26,27,28,1,2,6,7,8,9,39,20,29,30
1,2,35,36,6,7,8,9,39,11,14,17,20,22,25,26,29,30>35,36,37,14,22,24,1,2,6,7,8,9,39,20,29,30
1,4,6,7,8,9,11,13,16,17,19,20,21,22,23,26,27,30,32,37,39>34,4,6,37,14,18,22,28,29,32,1,7,8,9,39,16,17,20,23,26,30
1,4,6,7,8,9,11,13,16,17,19,20,21,22,23,26,27,30,32,37,39>34,5,37,40,11,14,18,29,31,32,1,7,8,9,39,16,17,20,23,26,30
2,3,35,6,39,8,40,10,11,13,15,16,19,20,22,25,27,31>32,34,6,37,10,14,15,20,23,29,2,35,3,39,8,11,13,16,19,27,31
2,3,35,6,39,8,40,10,11,13,15,16,19,20,22,25,27,31>34,5,6,37,40,10,12,14,15,17,24,29,2,35,3,39,8,11,13,16,19,27,31
2,3,5,8,9,11,12,13,16,18,21,23,24,26,27,28,29,30,31,33,35,39,40>32,37,9,12,13,17,20,22,25,28,33,2,3,35,5,39,40,16,26,30,31
2,3,5,8,9,11,12,13,16,18,21,23,24,26,27,28,29,30,31,33,35,39,40>32,36,37,8,9,11,12,13,17,18,20,21,22,23,27,28,29,33,2,3,35,5,39,40,16,26,30,31
34,3,35,5,39,40,10,11,12,15,18,21,23,26,29,31>39,10,15,18,23,29,35,3,5,11,12,26
34,3,35,5,39,40,10,11,12,15,18,21,23,26,29,31>39,40,13,15,18,22,23,29,31,35,3,5,11,12,26
2,3,5,6,7,9,11,13,14,20,22,26,27,29,30,31,32,33,35,37,40>7,8,16,17,20,28,32,2,3,35,5,37,40,9,14,29,30,31
2,3,5,6,7,9,11,13,14,20,22,26,27,29,30,31,32,33,35,37,40>33,36,8,11,13,16,17,20,24,26,28,32,2,3,35,5,37,40,9,14,29,30,31
33,35,38,7,8,40,12,13,18,19,20,25,29,30>8,9,12,14,17,20,23,24,25,30,37,38,39,40,18
33,35,38,7,8,40,12,13,18,19,20,25,29,30>7,8,17,19,20,23,25,27,29,30,35,38,39,40,18
2,3,4,5,8,12,14,17,18,20,21,22,26,28,29,30,33,34,35,37,39,40>35,5,8,15,18,26,33,2,3,4,37,40,20,21,22,28,29,30
2,3,4,5,8,12,14,17,18,20,21,22,26,28,29,30,33,34,35,37,39,40>34,36,5,39,8,14,15,18,33,2,3,4,37,40,20,21,22,28,29,30
32,34,3,4,35,6,7,8,9,11,12,16,17,24,26,29>32,5,6,12,17,20,26,8,9,3
32,34,3,4,35,6,7,8,9,11,12,16,17,24,26,29>32,34,35,5,6,7,16,24,29,30,8,9,3
1,2,34,5,37,7,38,39,40,11,15,16,17,18,20,21,22,26,30,31>35,7,39,16,18,26,28,1,2,34,5,40,20,21,22,30
1,2,34,5,37,7,38,39,40,11,15,16,17,18,20,21,22,26,30,31>35,38,15,16,17,28,1,2,34,5,40,20,21,22,30
36,5,37,38,11,14,15,16,18,20,21,22,24,26,30>14,34,26,5,15,20,21,22,24,30
36,5,37,38,11,14,15,16,18,20,21,22,24,26,30>34,37,38,39,40,11,14,16,25,5,15,20,21,22,24,30
1,2,3,34,35,38,7,8,16,18,21,22,23,24,27,28,30,31>4,7,16,20,27,29,30,32,37,40,1,2,3,34,35,21,22,28,31
1,2,3,34,35,38,7,8,16,18,21,22,23,24,27,28,30,31>4,8,9,16,18,20,23,24,25,27,29,30,32,33,37,38,1,2,3,34,35,21,22,28,31
2,3,8,10,11,12,14,15,17,18,20,23,27,28,29,30,31,33,34,36,38,40>38,8,17,22,23,27,28,33,2,3,36,40,11,12,15,20,31
2,3,8,10,11,12,14,15,17,18,20,23,27,28,29,30,31,33,34,36,38,40>35,5,13,17,18,24,26,28,29,33,2,3,36,40,11,12,15,20,31
32,1,2,3,34,35,6,7,8,9,40,11,15,16,20,22,24,25,28,31>16,29,40,11,1,2,3,34,35,6,7,8,9,24,25,28
32,1,2,3,34,35,6,7,8,9,40,11,15,16,20,22,24,25,28,31>32,33,37,40,11,20,22,27,31,1,2,3,34,35,6,7,8,9,24,25,28
3,5,6,8,12,13,15,16,17,18,19,20,21,23,24,25,26,30,31,32,33,35,37,39,40>32,4,36,12,15,19,22,31,3,35,5,37,39,8,40,16,17,18,20,23,24,25,26,30
3,5,6,8,12,13,15,16,17,18,19,20,21,23,24,25,26,30,31,32,33,35,37,39,40>32,33,4,6,13,22,31,3,35,5,37,39,8,40,16,17,18,20,23,24,25,26,30
33,2,3,4,35,36,7,8,9,38,11,16,17,19,20,22,23,29>37,7,8,11,18,19,22,24,26,2,3,36,9,20,23,29
33,2,3,4,35,36,7,8,9,38,11,16,17,19,20,22,23,29>8,11,17,18,19,22,24,26,28,2,3,36,9,20,23,29
33,2,3,4,5,6,35,8,9,11,14,15,16,23,24,26,29,30,31>33,6,39,40,23,24,25,31,2,35,3,8,9,15,26,30
33,2,3,4,5,6,35,8,9,11,14,15,16,23,24,26,29,30,31>33,5,11,24,25,29,2,35,3,8,9,15,26,30
32,1,33,34,35,38,39,12,13,20,25,27,28,31>37,38,39,12,14,24,25,32,1,34,35,33,27,31
32,1,33,34,35,38,39,12,13,20,25,27,28,31>5,37,38,39,13,16,25,32,1,34,35,33,27,31
1,2,4,5,8,9,10,12,13,16,17,19,20,22,24,25,26,33,34,35,36,37,38>8,19,23,26,27,30,38,1,2,34,36,37,13,16,17,20,24,25
1,2,4,5,8,9,10,12,13,16,17,19,20,22,24,25,26,33,34,35,36,37,38>7,8,10,11,12,19,22,23,28,35,38,1,2,34,36,37,13,16,17,20,24,25
32,1,2,33,36,10,13,15,17,19,20,21,25,27,28,30>10,12,14,15,19,21,28,32,1,2,33,36,13,17,20,27
32,1,2,33,36,10,13,15,17,19,20,21,25,27,28,30>6,10,11,14,19,23,24,25,30,39,32,1,2,33,36,13,17,20,27
1,33,3,34,35,37,7,8,9,38,11,12,39,16,22,23,27,28,29,30>35,36,39,12,22,23,30,31,1,33,3,37,9,28,29
1,33,3,34,35,37,7,8,9,38,11,12,39,16,22,23,27,28,29,30>34,35,36,38,8,39,40,12,16,23,27,30,1,33,3,37,9,28,29
3,35,5,36,37,8,38,40,11,14,15,16,17,18,21,24,27,28,29>8,14,20,24,25,29,31,36,37,3,5,15
3,35,5,36,37,8,38,40,11,14,15,16,17,18,21,24,27,28,29>8,11,14,16,17,18,20,22,32,35,40,37,3,5,15
4,6,11,12,15,16,17,19,20,22,23,24,25,27,28,30,32,33,34,38,39>4,6,8,39,12,40,17,18,19,22,26,29,32,33,34,20,23,24,25,27,28
4,6,11,12,15,16,17,19,20,22,23,24,25,27,28,30,32,33,34,38,39>36,6,40,15,17,18,22,26,32,33,34,20,23,24,25,27,28
2,3,4,6,9,10,11,18,20,21,22,24,26,28,31,32,33,34,36,37,38,40>35,37,6,13,25,26,29,33,2,3,34,36,38,9,11,20,21,22,24,28
2,3,4,6,9,10,11,18,20,21,22,24,26,28,31,32,33,34,36,37,38,40>32,35,6,40,18,25,26,30,33,2,3,34,36,38,9,11,20,21,22,24,28
5,6,8,9,10,11,15,16,18,19,20,23,26,28,32,33,34,35,36,38,39>15,39,9,10,33,34,36,5,38,8,11,18,19,23,26
5,6,8,9,10,11,15,16,18,19,20,23,26,28,32,33,34,35,36,38,39>37,6,39,10,12,13,22,33,34,36,5,38,8,11,18,19,23,26
5,11,12,14,16,17,21,22,23,24,26,27,28,31,32,33,34,35,36,37,40>12,14,15,22,24,25,32,33,34,35,36,5,37,26,28,31
5,11,12,14,16,17,21,22,23,24,26,27,28,31,32,33,34,35,36,37,40>38,40,11,12,14,15,17,25,27,29,30,32,33,34,35,36,5,37,26,28,31
1,5,6,8,9,11,12,13,15,18,20,22,26,29,32,33,35,36,37,39,40>7,11,12,13,14,15,20,21,33,1,36,37,5,39,8,22,29
1,5,6,8,9,11,12,13,15,18,20,22,26,29,32,33,35,36,37,39,40>6,7,9,11,13,15,16,17,20,26,28,30,32,35,38,1,36,37,5,39,8,22,29
1,34,4,6,38,8,11,15,17,18,19,20,21,22,23,26,30>4,11,17,24,28,29,1,34,8,18,20,21,22,23,26,30
1,34,4,6,38,8,11,15,17,18,19,20,21,22,23,26,30>4,6,7,38,15,17,19,1,34,8,18,20,21,22,23,26,30
1,33,3,4,35,36,7,39,9,10,40,12,19,21,22,23,24,27,30,31>13,18,20,25,27,28,29,33,34,1,3,4,35,36,7,39,9,40,23,31
1,33,3,4,35,36,7,39,9,10,40,12,19,21,22,23,24,27,30,31>10,11,12,19,20,21,22,24,27,28,29,30,32,33,37,1,3,4,35,36,7,39,9,40,23,31
1,2,3,4,5,8,9,12,13,14,15,16,19,20,25,27,29,32,33,35,37,38,39,40>36,38,8,9,40,13,17,18,20,23,24,29,32,1,2,3,4,37,39,14,15,16,27
1,2,3,4,5,8,9,12,13,14,15,16,19,20,25,27,29,32,33,35,37,38,39,40>33,36,5,7,9,40,17,18,19,20,23,29,31,32,1,2,3,4,37,39,14,15,16,27
2,3,6,7,9,11,12,13,14,18,19,20,22,25,26,30,31,33,35,36,37,40>5,7,11,12,16,17,20,23,26,28,29,31,39,2,35,3,36,37,40,9,14,18,22,30
2,3,6,7,9,11,12,13,14,18,19,20,22,25,26,30,31,33,35,36,37,40>5,6,7,8,11,15,19,24,26,27,34,2,35,3,36,37,40,9,14,18,22,30
1,3,4,6,7,9,10,11,12,13,14,15,16,18,19,20,21,22,24,25,28,29,30,32,33,36,37,39>6,37,10,23,27,1,3,7,9,11,12,13,14,15,16,18,19,20,21,22,24,25,28,29,33,36,39
1,3,4,6,7,9,10,11,12,13,14,15,16,18,19,20,21,22,24,25,28,29,30,32,33,36,37,39>32,27,6,37,1,3,7,9,11,12,13,14,15,16,18,19,20,21,22,24,25,28,29,33,36,39
33,3,36,5,37,38,8,10,11,13,15,18,20,21,22,23,26,27,28,31>37,39,12,14,16,23,24,27,29,30,33,3,36,5,11,13,20,21,22,26,28,31
33,3,36,5,37,38,8,10,11,13,15,18,20,21,22,23,26,27,28,31>37,39,8,10,12,14,17,18,27,33,3,36,5,11,13,20,21,22,26,28,31
