CD45,CD8,TCRlig,TCbind,PAGCsk,LCK,Fyn,Rlk,TCRphos,ZAP70,cCbl,Itk,LAT,Gads,Slp76,PLCg_b,Grb2Sos,DAG,PLCg_a,Ras,RasGRP1,PKCth,IP3,Raf,MEK,Ca,ERK,SEK,IKK,Calcin,Rsk,Fos,JNK,IkB,CREB,Jun,CRE,AP1,NFkB,NFAT
32,33,2,3,37,6,7,8,12,13,14,16,17,18,19,20,26,28>7,36,37,12,13,28,33,2,3,8,14,16,17,18,20
32,33,2,3,37,6,7,8,12,13,14,16,17,18,19,20,26,28>4,5,6,7,9,39,12,22,23,24,26,28,30,33,2,3,8,14,16,17,18,20
2,3,6,8,9,10,11,12,14,16,19,20,23,26,30,31,33,34,35,38,39>38,9,39,12,14,16,40,18,20,24,31,2,35,3,34,8,11,23,26,30
2,3,6,8,9,10,11,12,14,16,19,20,23,26,30,31,33,34,35,38,39>5,37,10,14,15,16,19,20,2,35,3,34,8,11,23,26,30
1,2,4,5,6,9,10,11,15,17,18,21,23,25,26,27,28,30,31,32,34,37,38,40>7,8,12,13,17,18,22,25,38,32,1,2,34,40,9,11,26,27,30,31
1,2,4,5,6,9,10,11,15,17,18,21,23,25,26,27,28,30,31,32,34,37,38,40>4,5,6,7,10,13,15,17,28,35,32,1,2,34,40,9,11,26,27,30,31
2,3,4,7,8,9,10,12,13,14,15,16,18,20,27,29,30,35,36,37,38,39>35,5,38,7,10,11,18,19,20,24,27,2,3,4,37,39,9,12,13,14,15,16
2,3,4,7,8,9,10,12,13,14,15,16,18,20,27,29,30,35,36,37,38,39>32,35,7,8,40,11,19,20,24,30,2,3,4,37,39,9,12,13,14,15,16
1,33,4,5,37,38,8,40,12,13,15,19,21,23,24,28,29,30>5,7,12,16,18,20,21,25,28,29,37,38,40,1,23,33
1,33,4,5,37,38,8,40,12,13,15,19,21,23,24,28,29,30>4,5,7,8,14,16,19,21,26,29,37,38,39,40,1,23,33
32,33,2,35,36,5,6,39,8,9,13,15,16,17,24,26,27,28,30,31>34,6,38,9,13,14,20,24,27,28,32,33,2,35,36,5,39,8,16,17,30,31
32,33,2,35,36,5,6,39,8,9,13,15,16,17,24,26,27,28,30,31>34,37,6,38,9,13,20,24,25,26,27,28,32,33,2,35,36,5,39,8,16,17,30,31
34,4,36,37,7,38,39,14,15,16,17,18,19,21,30,31>4,36,37,38,39,40,16,19,34,18,15
34,4,36,37,7,38,39,14,15,16,17,18,19,21,30,31>35,4,5,36,7,38,39,40,16,19,20,31,34,18,15
2,36,5,38,39,8,10,11,12,13,15,17,21,23,25,27,28>32,36,10,15,23,25,2,5,39,11,12,13,17,27
2,36,5,38,39,8,10,11,12,13,15,17,21,23,25,27,28>32,34,36,8,14,15,23,25,2,5,39,11,12,13,17,27
32,1,2,3,4,5,40,9,12,14,16,18,19,20,22,23,29,31>32,5,40,16,19,20,26,28,31,1,2,3,4,18,22,23,29
32,1,2,3,4,5,40,9,12,14,16,18,19,20,22,23,29,31>32,35,5,9,40,12,15,16,19,31,1,2,3,4,18,22,23,29
32,1,34,3,6,7,38,9,11,15,17,20,21,23,24,25,26,27,29>6,8,17,23,29,32,1,3,7,9,20,24,25,26,27
32,1,34,3,6,7,38,9,11,15,17,20,21,23,24,25,26,27,29>34,5,6,38,8,17,21,29,31,32,1,3,7,9,20,24,25,26,27
2,3,4,7,10,11,12,13,14,15,16,17,18,19,20,21,23,26,27,29,30,33,34,36,37,40>37,9,10,24,27,2,3,36,40,11,12,13,14,15,16,17,18,19,20,23,26,30
2,3,4,7,10,11,12,13,14,15,16,17,18,19,20,21,23,26,27,29,30,33,34,36,37,40>32,34,9,10,27,29,2,3,36,40,11,12,13,14,15,16,17,18,19,20,23,26,30
2,6,9,11,12,13,18,19,22,23,24,25,27,28,29,30,32,34,36,38,40>33,36,8,11,14,21,26,30,31,32,2,38,40,18,22,23,25,27,28,29
2,6,9,11,12,13,18,19,22,23,24,25,27,28,29,30,32,34,36,38,40>33,36,6,8,9,12,14,17,21,24,30,31,32,2,38,40,18,22,23,25,27,28,29
32,1,3,4,5,36,38,8,9,10,40,13,14,17,19,20,25,27,28,29>36,5,9,40,24,25,28,29,31,32,1,3,4,38,13,14,17,20,27
32,1,3,4,5,36,38,8,9,10,40,13,14,17,19,20,25,27,28,29>33,36,5,7,10,11,39,15,16,18,19,29,31,32,1,3,4,38,13,14,17,20,27
32,1,2,35,5,7,8,10,11,12,13,14,19,20,23,25,26,27,29>35,7,8,9,10,18,25,32,1,2,5,11,13,14,23,26,27
32,1,2,35,5,7,8,10,11,12,13,14,19,20,23,25,26,27,29>35,7,8,9,12,15,16,18,20,25,29,31,32,1,2,5,11,13,14,23,26,27
1,3,4,7,9,10,11,13,17,20,21,22,23,24,26,27,28,33,35,37,39>32,35,10,21,23,25,27,1,33,3,37,7,39,9,11,13,17,20,24,26,28
1,3,4,7,9,10,11,13,17,20,21,22,23,24,26,27,28,33,35,37,39>32,34,35,5,36,10,14,16,22,23,29,30,31,1,33,3,37,7,39,9,11,13,17,20,24,26,28
35,36,37,38,7,8,9,12,14,16,17,20,25,26,31>36,38,7,16,17,26,27,30,31,9,35,20,37
35,36,37,38,7,8,9,12,14,16,17,20,25,26,31>36,5,38,39,12,14,15,16,24,30,9,35,20,37
32,1,33,3,35,36,39,40,9,11,12,17,19,23,24,28,29,30>32,5,11,12,17,20,24,30,1,33,3,36,39,40,23
32,1,33,3,35,36,39,40,9,11,12,17,19,23,24,28,29,30>32,5,37,38,9,12,18,19,20,24,26,28,29,1,33,3,36,39,40,23
2,3,5,9,11,12,17,18,19,20,21,22,26,27,28,29,30,31,33,35,36>32,37,11,12,19,33,2,3,35,5,36,18,20,21,22,28,29,30,31
2,3,5,9,11,12,17,18,19,20,21,22,26,27,28,29,30,31,33,35,36>37,39,40,11,12,24,27,33,2,3,35,5,36,18,20,21,22,28,29,30,31
1,2,4,5,7,8,9,11,12,14,15,17,18,22,23,24,28,29,30,34,35,40>33,35,4,8,11,12,21,1,2,5,7,40,9,15,22,28,29
1,2,4,5,7,8,9,11,12,14,15,17,18,22,23,24,28,29,30,34,35,40>34,35,4,37,8,11,12,18,21,23,24,25,1,2,5,7,40,9,15,22,28,29
1,2,33,34,36,37,38,39,9,40,11,12,13,14,15,21,26,29,30>33,6,37,11,13,16,17,20,26,29,1,2,36,40,14,15,30
1,2,33,34,36,37,38,39,9,40,11,12,13,14,15,21,26,29,30>34,39,11,13,29,1,2,36,40,14,15,30
32,4,5,36,37,12,13,17,18,19,21,26,29,30>32,36,40,14,19,20,22,23,29,17,18,30
32,4,5,36,37,12,13,17,18,19,21,26,29,30>5,36,37,12,13,14,19,21,26,17,18,30
1,2,3,4,8,10,12,13,14,15,16,17,18,21,22,23,25,26,27,32,33,35,40>7,8,10,18,20,23,25,28,34,36,40,32,1,2,3,4,12,13,14,15,16,17,21,22,26,27
1,2,3,4,8,10,12,13,14,15,16,17,18,21,22,23,25,26,27,32,33,35,40>7,8,10,19,25,34,35,39,32,1,2,3,4,12,13,14,15,16,17,21,22,26,27
1,5,6,8,9,10,11,12,15,18,20,21,23,28,29,31,32,33,34,35,39,40>6,18,21,23,28,31,32,36,39,40,1,33,35,5,8,11,12,20
1,5,6,8,9,10,11,12,15,18,20,21,23,28,29,31,32,33,34,35,39,40>7,9,13,15,18,23,26,32,36,37,1,33,35,5,8,11,12,20
32,2,35,4,36,37,7,8,40,12,15,18,19,20,24,26>4,8,20,22,25,30,32,34,35,36,38,39,40,24,2,18,37
32,2,35,4,36,37,7,8,40,12,15,18,19,20,24,26>7,8,9,20,23,25,26,30,32,36,39,40,24,2,18,37
1,2,3,4,5,8,9,10,11,13,19,21,23,25,26,27,29,30,31,34,35,39,40>32,34,37,9,10,14,17,19,21,29,1,2,3,35,40,11,13,23,26,27,30,31
1,2,3,4,5,8,9,10,11,13,19,21,23,25,26,27,29,30,31,34,35,39,40>32,34,4,37,7,8,16,17,29,1,2,3,35,40,11,13,23,26,27,30,31
32,2,35,4,5,36,38,8,40,13,16,17,20,21,25,26,28,31>33,4,37,40,13,14,21,31,2,35,38,16,17,20
32,2,35,4,5,36,38,8,40,13,16,17,20,21,25,26,28,31>34,37,39,40,14,27,30,2,35,38,16,17,20
32,34,35,4,5,36,38,10,13,18,19,22,23,25,26,29,30>4,36,37,10,14,27,28,38,13,18,22,23,26,29,30
32,34,35,4,5,36,38,10,13,18,19,22,23,25,26,29,30>32,34,35,5,37,10,16,17,19,28,38,13,18,22,23,26,29,30
1,2,8,9,11,12,14,16,20,21,22,23,25,26,27,28,29,31,33,34,37,38,39>5,23,24,30,32,36,1,2,33,20,26,27,28,29,31
1,2,8,9,11,12,14,16,20,21,22,23,25,26,27,28,29,31,33,34,37,38,39>5,6,8,14,15,16,23,25,30,34,36,39,1,2,33,20,26,27,28,29,31
1,2,5,6,7,9,10,14,16,17,18,20,22,23,25,27,28,29,30,31,36,37,39,40>33,35,37,6,8,11,13,15,17,18,21,24,30,1,2,5,7,39,9,10,40,20,22,27,28,29,31
1,2,5,6,7,9,10,14,16,17,18,20,22,23,25,27,28,29,30,31,36,37,39,40>32,33,35,37,8,11,15,16,17,18,23,25,26,1,2,5,7,39,9,10,40,20,22,27,28,29,31
32,3,35,36,37,9,12,13,20,21,22,24,26,27,28>14,22,25,26,27,29,30,33,34,35,32,3,37,20,24,28
32,3,35,36,37,9,12,13,20,21,22,24,26,27,28>4,5,9,12,13,16,17,22,25,26,27,29,30,31,33,36,39,32,3,37,20,24,28
3,4,7,9,10,11,13,14,15,16,17,18,21,22,24,28,29,30,31,32,33,34,35,37,38,39>34,4,36,7,38,12,18,24,30,31,33,3,35,37,9,11,13,14,15,16,17,21,22,28,29
3,4,7,9,10,11,13,14,15,16,17,18,21,22,24,28,29,30,31,32,33,34,35,37,38,39>32,34,4,7,38,10,40,12,20,30,33,3,35,37,9,11,13,14,15,16,17,21,22,28,29
1,3,35,36,37,7,40,9,13,14,16,17,20,22,23,27,29>32,4,36,39,40,13,24,27,31,1,3,37,9,14,16,17,20,29
1,3,35,36,37,7,40,9,13,14,16,17,20,22,23,27,29>32,4,39,40,15,22,27,28,31,1,3,37,9,14,16,17,20,29
32,1,2,33,4,34,35,7,39,9,17,18,19,21,24,26,31>39,33,20,36,1,2,35,34,7,9,18
32,1,2,33,4,34,35,7,39,9,17,18,19,21,24,26,31>4,5,6,36,37,39,20,21,22,23,24,25,26,1,2,35,34,7,9,18
1,2,3,5,6,9,11,12,14,16,17,20,21,23,24,26,27,29,30,31,32,33,34,35,36,39>17,25,29,34,37,39,32,1,2,3,35,5,36,20,24,26,30,31
1,2,3,5,6,9,11,12,14,16,17,20,21,23,24,26,27,29,30,31,32,33,34,35,36,39>7,12,14,23,25,29,34,38,39,32,1,2,3,35,5,36,20,24,26,30,31
1,2,3,35,36,37,7,8,39,10,12,13,14,15,17,20,26,27>4,6,8,11,24,27,1,2,3,37,39,12,13,14,15,17,20
1,2,3,35,36,37,7,8,39,10,12,13,14,15,17,20,26,27>32,5,6,7,9,10,11,36,26,1,2,3,37,39,12,13,14,15,17,20
4,5,7,8,9,12,15,17,19,21,22,24,25,26,28,30,31,32,33,34,35,36>15,17,20,23,29,32,37,38,40,33,34,35,36,5,9,25,28,30
4,5,7,8,9,12,15,17,19,21,22,24,25,26,28,30,31,32,33,34,35,36>7,8,15,18,19,20,21,22,24,27,33,34,35,36,5,9,25,28,30
1,6,7,8,9,10,12,13,14,18,19,20,22,25,28,29,31,32,35,36,38,40>15,19,20,21,23,27,31,32,40,1,35,38,7,8,9,10,13,14,18,22,28,29
1,6,7,8,9,10,12,13,14,18,19,20,22,25,28,29,31,32,35,36,38,40>5,11,17,21,23,25,33,37,1,35,38,7,8,9,10,13,14,18,22,28,29
1,2,3,4,5,7,9,11,12,15,18,19,20,21,24,25,27,30,32,35,36,37,39,40>4,38,11,12,30,32,1,2,3,5,37,7,39,9,40,18,20,24,25,27
1,2,3,4,5,7,9,11,12,15,18,19,20,21,24,25,27,30,32,35,36,37,39,40>34,4,36,11,12,15,21,30,32,1,2,3,5,37,7,39,9,40,18,20,24,25,27
1,3,4,6,9,11,13,17,18,19,24,26,27,29,30,31,33,37,38,39,40>4,13,24,25,26,33,38,1,3,39,40,9,17,18,30,31
1,3,4,6,9,11,13,17,18,19,24,26,27,29,30,31,33,37,38,39,40>4,6,7,13,16,24,25,26,27,33,35,37,1,3,39,40,9,17,18,30,31
1,4,5,6,8,10,11,12,13,14,15,20,22,23,24,25,26,27,30,31,37,38>35,4,5,7,37,9,39,23,1,8,11,12,13,14,15,24,25,26,27,30,31
1,4,5,6,8,10,11,12,13,14,15,20,22,23,24,25,26,27,30,31,37,38>32,34,35,5,7,37,38,39,40,16,17,22,23,28,1,8,11,12,13,14,15,24,25,26,27,30,31
2,3,4,5,6,7,8,9,10,14,15,18,19,20,25,27,30,31,32,34,35,36,37>7,12,13,14,19,24,25,30,32,2,3,4,5,34,35,8,9,10,37,15,18,27,31
2,3,4,5,6,7,8,9,10,14,15,18,19,20,25,27,30,31,32,34,35,36,37>6,7,40,11,12,13,14,19,22,23,32,2,3,4,5,34,35,8,9,10,37,15,18,27,31
2,3,4,35,36,38,9,13,14,15,17,18,19,22,23,30>35,16,21,28,30,2,3,4,14,15,17,18,22,23
2,3,4,35,36,38,9,13,14,15,17,18,19,22,23,30>34,36,38,16,21,29,2,3,4,14,15,17,18,22,23
2,4,5,6,7,8,9,10,13,14,15,18,19,21,22,24,27,30,31,33,34,36,40>4,7,11,16,23,25,27,29,2,34,36,5,8,9,10,40,13,14,15,18,21,22,31
2,4,5,6,7,8,9,10,13,14,15,18,19,21,22,24,27,30,31,33,34,36,40>33,35,4,11,12,17,20,23,27,28,30,2,34,36,5,8,9,10,40,13,14,15,18,21,22,31
2,4,8,9,10,11,12,13,18,19,22,23,24,25,26,29,32,33,34,35,37>4,36,8,9,12,14,17,19,21,2,37,11,13,18,22,23,25,26,29
2,4,8,9,10,11,12,13,18,19,22,23,24,25,26,29,32,33,34,35,37>32,34,4,36,9,16,17,27,28,30,2,37,11,13,18,22,23,25,26,29
1,2,3,5,6,7,8,12,13,15,16,19,21,23,24,26,27,29,30,32,37>39,40,12,13,15,18,24,29,31,32,1,2,3,5,7,8,16,23,26,30
1,2,3,5,6,7,8,12,13,15,16,19,21,23,24,26,27,29,30,32,37>37,39,40,12,13,14,18,20,21,24,32,1,2,3,5,7,8,16,23,26,30
33,2,3,4,35,39,8,40,10,11,13,14,15,18,21,22,23,25,27,28>34,36,37,8,16,29,33,2,3,39,11,13,14,15,21,22,27,28
33,2,3,4,35,39,8,40,10,11,13,14,15,18,21,22,23,25,27,28>32,34,36,8,40,18,26,33,2,3,39,11,13,14,15,21,22,27,28
1,2,3,5,8,9,10,11,12,13,15,17,18,19,20,23,24,27,28,30,31,34,35,36,38>37,38,9,22,25,28,1,2,3,34,5,35,11,12,13,17,18,20,23,24,31
1,2,3,5,8,9,10,11,12,13,15,17,18,19,20,23,24,27,28,30,31,34,35,36,38>33,37,38,8,14,15,25,28,1,2,3,34,5,35,11,12,13,17,18,20,23,24,31
1,2,4,5,6,13,14,16,19,20,21,24,25,27,28,29,30,31,34,37,38,40>4,6,8,13,17,19,23,29,32,33,34,37,38,1,2,40,14,16,20,24,25,27,31
1,2,4,5,6,13,14,16,19,20,21,24,25,27,28,29,30,31,34,37,38,40>4,5,6,7,8,13,23,28,30,33,37,38,1,2,40,14,16,20,24,25,27,31
33,3,4,5,35,7,8,9,37,11,12,38,14,15,39,18,19,26,29>33,36,38,11,14,19,23,26,29,3,37,5,39,9,15,18
33,3,4,5,35,7,8,9,37,11,12,38,14,15,39,18,19,26,29>33,4,36,38,7,8,11,12,14,23,26,3,37,5,39,9,15,18
33,2,34,35,37,6,39,10,11,12,14,15,18,19,28,29>5,6,39,8,10,13,28,33,2,37,11,12,15,18
33,2,34,35,37,6,39,10,11,12,14,15,18,19,28,29>34,35,6,13,28,33,2,37,11,12,15,18
33,36,5,6,37,38,9,10,11,39,20,22,27,28,30>32,34,6,38,9,10,40,24,29,31,33,36,5,39,11,28
33,36,5,6,37,38,9,10,11,39,20,22,27,28,30>34,37,38,9,13,24,27,30,33,36,5,39,11,28
32,34,35,36,6,39,8,9,11,13,14,15,17,20,21,22,23,27,28,31>33,6,37,38,11,13,16,21,24,27,29,32,34,35,8,14,15,17,20,28,31
32,34,35,36,6,39,8,9,11,13,14,15,17,20,21,22,23,27,28,31>33,5,6,11,21,26,29,32,34,35,8,14,15,17,20,28,31
32,2,3,34,5,6,39,8,9,12,17,20,21,22,23,26,28,29,30,31>33,35,4,6,40,17,21,23,24,2,3,5,8,20,26,28,29,30
32,2,3,34,5,6,39,8,9,12,17,20,21,22,23,26,28,29,30,31>33,34,35,6,39,40,10,21,23,24,31,2,3,5,8,20,26,28,29,30
32,2,4,5,38,39,8,12,13,14,15,18,19,22,23,26>4,38,8,13,28,29,30,2,39,14,15,18,22,23,26
32,2,4,5,38,39,8,12,13,14,15,18,19,22,23,26>4,5,38,13,21,29,2,39,14,15,18,22,23,26
1,33,34,36,5,6,7,9,10,18,19,20,23,26,27,28,29,30>32,34,8,40,13,19,1,33,36,5,7,9,10,18,23,26,30
1,33,34,36,5,6,7,9,10,18,19,20,23,26,27,28,29,30>34,6,11,13,24,29,31,1,33,36,5,7,9,10,18,23,26,30
32,1,2,3,4,36,6,40,13,14,18,20,22,23,26,28,29>36,38,7,9,39,40,15,16,17,18,21,1,2,3,4,6,14,22,26,28,29
32,1,2,3,4,36,6,40,13,14,18,20,22,23,26,28,29>33,36,15,17,20,21,30,1,2,3,4,6,14,22,26,28,29
32,33,34,3,5,37,40,9,10,12,13,16,18,19,22,23>4,40,9,28,29,34,3,5,13,16,18,22,23
32,33,34,3,5,37,40,9,10,12,13,16,18,19,22,23>32,33,4,9,11,12,19,28,34,3,5,13,16,18,22,23
33,2,34,35,6,7,38,39,40,12,14,15,16,19,20,23,24,26,29,31>6,8,9,14,29,33,34,36,37,39,2,35,15,23,24,26
33,2,34,35,6,7,38,39,40,12,14,15,16,19,20,23,24,26,29,31>5,6,12,14,16,18,19,29,31,36,37,38,2,35,15,23,24,26
1,2,3,34,5,6,7,35,36,10,37,12,16,17,20,21,26,27,30>36,6,8,9,11,12,13,40,17,24,26,1,2,3,34,5,37,7,20,30
1,2,3,34,5,6,7,35,36,10,37,12,16,17,20,21,26,27,30>4,36,12,24,27,31,1,2,3,34,5,37,7,20,30
32,2,34,35,38,10,11,13,17,18,20,23,25,28,30>5,38,10,14,18,24,25,26,28,2,34,11,13,17,20
32,2,34,35,38,10,11,13,17,18,20,23,25,28,30>33,35,14,16,18,23,25,26,28,2,34,11,13,17,20
2,3,5,6,9,11,14,15,16,17,19,20,22,24,28,29,30,33,34,36,37>8,9,40,11,14,16,17,30,33,2,3,36,5,15,20,24,28,29
2,3,5,6,9,11,14,15,16,17,19,20,22,24,28,29,30,33,34,36,37>14,37,22,40,33,2,3,36,5,15,20,24,28,29
1,2,3,5,6,7,8,9,10,17,18,20,21,25,27,29,31,32,33,34,35>33,6,37,11,18,25,32,1,2,3,35,5,7,8,9,10,20,27,31
1,2,3,5,6,7,8,9,10,17,18,20,21,25,27,29,31,32,33,34,35>4,36,6,37,18,21,24,25,32,1,2,3,35,5,7,8,9,10,20,27,31
34,35,4,37,38,39,13,16,17,20,21,22,24,25,27>13,21,22,28,31,34,37,16,17,20,24,25,27
34,35,4,37,38,39,13,16,17,20,21,22,24,25,27>4,38,39,14,21,31,34,37,16,17,20,24,25,27
32,34,35,36,37,6,38,8,11,16,17,20,21,23,24,26,27,28,31>36,5,23,25,30,32,34,35,37,38,8,20,24,26,31
32,34,35,36,37,6,38,8,11,16,17,20,21,23,24,26,27,28,31>33,36,5,6,25,28,30,32,34,35,37,38,8,20,24,26,31
32,1,36,6,39,13,15,18,19,21,23,24,27,28,29>5,6,7,13,19,20,21,27,29,33,32,1,39,18,23
32,1,36,6,39,13,15,18,19,21,23,24,27,28,29>5,6,7,14,16,22,25,26,27,36,32,1,39,18,23
1,33,3,4,34,35,7,36,37,10,11,40,13,16,21,23,25,29,30>33,5,10,14,20,21,23,25,29,1,3,36,37,7,40,11,13,16
1,33,3,4,34,35,7,36,37,10,11,40,13,16,21,23,25,29,30>33,35,9,10,14,21,23,27,29,1,3,36,37,7,40,11,13,16
33,3,4,35,6,36,8,39,10,11,40,13,14,19,20,21,22,28,30,31>4,9,15,17,22,23,29,30,33,3,36,35,39,8,40,11,13,14,20,28
33,3,4,35,6,36,8,39,10,11,40,13,14,19,20,21,22,28,30,31>34,4,10,15,16,17,19,30,33,3,36,35,39,8,40,11,13,14,20,28
1,33,3,34,35,6,36,8,9,37,38,39,14,15,16,17,26,31>4,38,10,17,30,31,1,34,3,36,35,37,8,15
1,33,3,34,35,6,36,8,9,37,38,39,14,15,16,17,26,31>33,5,6,38,39,14,16,1,34,3,36,35,37,8,15
32,1,2,37,39,8,9,10,12,13,16,20,21,23,25,27,29,30>37,8,10,12,40,14,17,21,23,24,26,30,32,1,2,39,13,16,20,27
32,1,2,37,39,8,9,10,12,13,16,20,21,23,25,27,29,30>6,37,8,12,40,14,17,21,24,26,32,1,2,39,13,16,20,27
33,34,3,4,35,36,7,8,9,10,11,14,16,20,23,25,28,29,31>4,5,37,7,13,14,15,16,23,24,26,29,31,33,3,36,35,9,11
33,34,3,4,35,36,7,8,9,10,11,14,16,20,23,25,28,29,31>34,4,5,37,8,10,16,24,27,29,33,3,36,35,9,11
2,3,5,7,9,11,12,15,16,19,21,24,26,28,29,30,32,33,36,39,40>11,16,19,20,23,25,26,29,33,2,3,36,5,39,40,9,30
2,3,5,7,9,11,12,15,16,19,21,24,26,28,29,30,32,33,36,39,40>32,11,15,18,24,26,28,29,33,2,3,36,5,39,40,9,30
2,3,5,8,9,11,12,14,15,16,18,19,20,23,24,25,28,29,35,36,37>33,36,12,14,16,22,27,28,29,2,3,5,37,15,18,23,24,25
2,3,5,8,9,11,12,14,15,16,18,19,20,23,24,25,28,29,35,36,37>33,35,36,39,9,14,19,20,22,28,2,3,5,37,15,18,23,24,25
1,6,7,8,9,10,11,12,16,18,20,21,22,24,25,27,30,31,32,35,37,38,39,40>34,30,18,13,32,1,35,37,7,8,9,39,11,40,20,21,22,24,25,27,31
1,6,7,8,9,10,11,12,16,18,20,21,22,24,25,27,30,31,32,35,37,38,39,40>5,6,38,13,18,30,32,1,35,37,7,8,9,39,11,40,20,21,22,24,25,27,31
2,34,4,5,35,36,8,9,38,11,39,13,14,15,16,17,40,19,29,31>5,36,8,9,38,11,39,40,18,29,31,2,35,14,15,16,17
2,34,4,5,35,36,8,9,38,11,39,13,14,15,16,17,40,19,29,31>4,5,36,8,9,38,39,13,40,19,23,2,35,14,15,16,17
1,2,34,4,36,38,7,8,39,10,11,12,16,18,19,21,23,25,26,29>8,9,10,13,16,21,22,25,27,29,30,36,39,1,2,7,11,18,23,26
1,2,34,4,36,38,7,8,39,10,11,12,16,18,19,21,23,25,26,29>5,6,9,10,12,13,19,21,22,27,30,36,38,39,1,2,7,11,18,23,26
2,4,5,6,7,9,10,11,12,13,17,19,20,21,25,27,28,30,31,32,36,39>4,6,16,19,21,30,33,34,38,32,2,5,39,9,11,13,17,20,27,31
2,4,5,6,7,9,10,11,12,13,17,19,20,21,25,27,28,30,31,32,36,39>7,8,10,16,18,19,21,23,24,25,28,30,33,35,38,32,2,5,39,9,11,13,17,20,27,31
1,2,5,7,8,9,11,16,17,18,19,20,21,24,25,26,28,29,30,31,32,34,36,38,39>11,16,17,23,26,29,31,32,33,34,35,36,1,2,5,38,9,18,20,24,25,30
1,2,5,7,8,9,11,16,17,18,19,20,21,24,25,26,28,29,30,31,32,34,36,38,39>8,11,16,21,23,27,28,32,34,39,1,2,5,38,9,18,20,24,25,30
1,33,3,35,5,6,7,8,36,10,39,13,14,16,18,20,28,30,31>11,15,17,18,1,33,3,35,5,36,7,8,39,13,14,16
1,33,3,35,5,6,7,8,36,10,39,13,14,16,18,20,28,30,31>4,37,6,20,22,24,30,1,33,3,35,5,36,7,8,39,13,14,16
33,4,5,36,7,8,38,10,11,13,14,16,18,20,26,28>4,7,15,18,20,24,26,33,36,5,11,13,14,16
33,4,5,36,7,8,38,10,11,13,14,16,18,20,26,28>34,38,10,39,15,20,24,26,33,36,5,11,13,14,16
4,5,7,8,10,11,12,18,19,21,22,23,27,28,31,32,33,34,35,37,38>7,9,10,12,20,26,27,29,32,33,34,35,5,37,11,18,21,22,23,28,31
4,5,7,8,10,11,12,18,19,21,22,23,27,28,31,32,33,34,35,37,38>4,38,8,9,13,27,29,32,33,34,35,5,37,11,18,21,22,23,28,31
