CD45,CD8,TCRlig,TCbind,PAGCsk,LCK,Fyn,Rlk,TCRphos,ZAP70,cCbl,Itk,LAT,Gads,Slp76,PLCg_b,Grb2Sos,DAG,PLCg_a,Ras,RasGRP1,PKCth,IP3,Raf,MEK,Ca,ERK,SEK,IKK,Calcin,Rsk,Fos,JNK,IkB,CREB,Jun,CRE,AP1,NFkB,NFAT
1,33,3,4,34,6,35,36,10,11,12,19,21,23,25,26,30>33,37,6,7,10,12,18,21,1,34,3,36,11,23,26,30
1,33,3,4,34,6,35,36,10,11,12,19,21,23,25,26,30>35,7,8,10,40,18,19,20,21,25,1,34,3,36,11,23,26,30
1,33,3,4,34,6,35,36,10,11,12,19,21,23,25,26,30>33,35,37,6,8,9,10,13,19,27,1,34,3,36,11,23,26,30
1,33,3,4,34,6,35,36,10,11,12,19,21,23,25,26,30>35,4,37,6,8,40,13,18,25,1,34,3,36,11,23,26,30
1,3,4,5,7,10,12,14,15,16,18,20,21,22,23,28,29,31,32,33,36,40>32,35,39,40,10,11,16,18,23,26,31,1,33,3,4,5,36,7,12,15,20,21,22,28,29
1,3,4,5,7,10,12,14,15,16,18,20,21,22,23,28,29,31,32,33,36,40>38,39,40,11,13,16,18,23,24,1,33,3,4,5,36,7,12,15,20,21,22,28,29
1,3,4,5,7,10,12,14,15,16,18,20,21,22,23,28,29,31,32,33,36,40>32,38,39,40,9,11,14,18,19,23,24,31,1,33,3,4,5,36,7,12,15,20,21,22,28,29
1,3,4,5,7,10,12,14,15,16,18,20,21,22,23,28,29,31,32,33,36,40>35,38,40,9,10,11,16,18,19,1,33,3,4,5,36,7,12,15,20,21,22,28,29
1,3,4,5,6,7,9,11,20,21,24,25,26,28,30,32,33,36,37,39,40>21,37,1,33,3,36,5,7,39,9,40,20,24,25,30
1,3,4,5,6,7,9,11,20,21,24,25,26,28,30,32,33,36,37,39,40>11,32,21,1,33,3,36,5,7,39,9,40,20,24,25,30
1,3,4,5,6,7,9,11,20,21,24,25,26,28,30,32,33,36,37,39,40>32,34,38,8,21,1,33,3,36,5,7,39,9,40,20,24,25,30
1,3,4,5,6,7,9,11,20,21,24,25,26,28,30,32,33,36,37,39,40>32,4,37,6,8,11,1,33,3,36,5,7,39,9,40,20,24,25,30
1,33,3,36,5,6,39,40,13,15,18,20,21,22,25,26,30>8,13,14,17,18,24,25,26,27,28,29,1,3,36,5,39,40,20,21,22,30
1,33,3,36,5,6,39,40,13,15,18,20,21,22,25,26,30>33,34,8,14,17,18,26,1,3,36,5,39,40,20,21,22,30
1,33,3,36,5,6,39,40,13,15,18,20,21,22,25,26,30>33,34,4,7,16,17,18,24,25,27,28,29,1,3,36,5,39,40,20,21,22,30
1,33,3,36,5,6,39,40,13,15,18,20,21,22,25,26,30>33,34,4,14,15,18,24,1,3,36,5,39,40,20,21,22,30
2,34,36,5,37,7,8,38,39,11,40,16,23,24,25,26>30,9,39,2,34,5,25,26
2,34,36,5,37,7,8,38,39,11,40,16,23,24,25,26>36,7,39,23,30,2,34,5,25,26
2,34,36,5,37,7,8,38,39,11,40,16,23,24,25,26>37,7,8,9,39,11,40,16,24,27,2,34,5,25,26
2,34,36,5,37,7,8,38,39,11,40,16,23,24,25,26>36,37,7,11,40,23,24,27,30,2,34,5,25,26
2,3,4,6,7,9,10,11,15,16,18,19,21,22,23,25,27,28,29,30,31,32,33,36,38,40>35,4,13,25,26,30,32,33,2,3,36,38,40,9,11,18,21,22,23,27,28,29,31
2,3,4,6,7,9,10,11,15,16,18,19,21,22,23,25,27,28,29,30,31,32,33,36,38,40>5,6,7,8,39,12,16,19,26,30,32,33,2,3,36,38,40,9,11,18,21,22,23,27,28,29,31
2,3,4,6,7,9,10,11,15,16,18,19,21,22,23,25,27,28,29,30,31,32,33,36,38,40>35,5,39,10,13,15,19,20,25,26,30,32,33,2,3,36,38,40,9,11,18,21,22,23,27,28,29,31
2,3,4,6,7,9,10,11,15,16,18,19,21,22,23,25,27,28,29,30,31,32,33,36,38,40>35,4,5,6,7,39,12,13,20,30,32,33,2,3,36,38,40,9,11,18,21,22,23,27,28,29,31
1,2,3,4,7,10,11,15,17,18,19,21,22,24,26,27,29,30,31,36,37>4,9,10,17,19,20,23,25,28,36,1,2,3,7,11,18,21,22,29,30,31
1,2,3,4,7,10,11,15,17,18,19,21,22,24,26,27,29,30,31,36,37>4,5,6,9,23,24,26,27,35,36,37,39,1,2,3,7,11,18,21,22,29,30,31
1,2,3,4,7,10,11,15,17,18,19,21,22,24,26,27,29,30,31,36,37>4,5,6,9,10,17,19,20,23,25,26,28,32,35,39,40,1,2,3,7,11,18,21,22,29,30,31
1,2,3,4,7,10,11,15,17,18,19,21,22,24,26,27,29,30,31,36,37>4,5,6,9,12,13,17,19,20,24,25,28,32,40,1,2,3,7,11,18,21,22,29,30,31
32,1,35,4,5,6,37,40,13,15,16,17,21,22,23,24,26,30>7,9,15,20,22,24,25,28,34,39,1,37,40,16,17,26,30
32,1,35,4,5,6,37,40,13,15,16,17,21,22,23,24,26,30>4,8,15,20,24,29,34,35,39,1,37,40,16,17,26,30
32,1,35,4,5,6,37,40,13,15,16,17,21,22,23,24,26,30>4,6,9,13,15,28,29,34,1,37,40,16,17,26,30
32,1,35,4,5,6,37,40,13,15,16,17,21,22,23,24,26,30>4,5,6,13,15,21,25,32,35,39,1,37,40,16,17,26,30
2,35,36,5,6,38,9,10,12,15,16,17,19,21,25,26,28,31>6,11,13,20,25,26,28,31,33,34,39,2,35,5,10,12,19
2,35,36,5,6,38,9,10,12,15,16,17,19,21,25,26,28,31>6,8,11,15,16,17,20,23,28,34,36,38,39,2,35,5,10,12,19
2,35,36,5,6,38,9,10,12,15,16,17,19,21,25,26,28,31>6,11,13,21,25,26,28,31,33,34,36,2,35,5,10,12,19
2,35,36,5,6,38,9,10,12,15,16,17,19,21,25,26,28,31>6,8,9,11,15,17,21,23,26,27,30,31,33,34,36,38,2,35,5,10,12,19
2,3,6,10,13,17,18,20,21,22,23,24,25,27,29,32,35,37,38,39,40>6,38,8,40,10,11,16,28,31,32,2,3,37,39,13,17,20,21,22,24,25,27,29
2,3,6,10,13,17,18,20,21,22,23,24,25,27,29,32,35,37,38,39,40>35,4,8,40,11,16,18,23,32,2,3,37,39,13,17,20,21,22,24,25,27,29
2,3,6,10,13,17,18,20,21,22,23,24,25,27,29,32,35,37,38,39,40>5,38,40,14,16,28,31,32,2,3,37,39,13,17,20,21,22,24,25,27,29
2,3,6,10,13,17,18,20,21,22,23,24,25,27,29,32,35,37,38,39,40>35,5,6,38,11,16,32,2,3,37,39,13,17,20,21,22,24,25,27,29
1,2,3,4,5,8,9,11,12,15,18,20,21,22,23,26,28,29,30,32,37,40>32,5,7,8,9,11,12,15,1,2,3,40,20,21,22,26,28,29,30
1,2,3,4,5,8,9,11,12,15,18,20,21,22,23,26,28,29,30,32,37,40>33,37,7,9,39,15,23,24,1,2,3,40,20,21,22,26,28,29,30
1,2,3,4,5,8,9,11,12,15,18,20,21,22,23,26,28,29,30,32,37,40>32,33,4,5,37,8,15,18,23,24,1,2,3,40,20,21,22,26,28,29,30
1,2,3,4,5,8,9,11,12,15,18,20,21,22,23,26,28,29,30,32,37,40>32,33,4,5,37,9,24,1,2,3,40,20,21,22,26,28,29,30
1,2,3,33,34,6,36,8,37,38,12,14,15,16,17,18,19,20,21,31>5,7,38,12,14,16,17,19,22,23,1,2,3,34,36,6,8,15,18,20
1,2,3,33,34,6,36,8,37,38,12,14,15,16,17,18,19,20,21,31>7,12,14,17,19,22,23,31,1,2,3,34,36,6,8,15,18,20
1,2,3,33,34,6,36,8,37,38,12,14,15,16,17,18,19,20,21,31>4,5,38,12,16,1,2,3,34,36,6,8,15,18,20
1,2,3,33,34,6,36,8,37,38,12,14,15,16,17,18,19,20,21,31>35,4,37,12,17,21,24,31,1,2,3,34,36,6,8,15,18,20
2,3,8,10,11,12,13,14,15,16,19,21,24,25,26,27,29,32,35,39,40>35,5,8,10,18,20,23,31,32,2,3,39,11,12,13,14,15,16,19,25,27
2,3,8,10,11,12,13,14,15,16,19,21,24,25,26,27,29,32,35,39,40>35,5,37,40,20,24,29,30,32,2,3,39,11,12,13,14,15,16,19,25,27
2,3,8,10,11,12,13,14,15,16,19,21,24,25,26,27,29,32,35,39,40>5,37,8,17,18,20,24,26,29,32,2,3,39,11,12,13,14,15,16,19,25,27
2,3,8,10,11,12,13,14,15,16,19,21,24,25,26,27,29,32,35,39,40>35,5,40,10,17,18,20,21,23,26,29,30,32,2,3,39,11,12,13,14,15,16,19,25,27
32,2,3,35,5,38,7,8,9,39,11,12,17,20,21,22,24,25,26>32,34,35,37,38,7,8,12,27,29,30,2,3,5,39,9,20,24,25
32,2,3,35,5,38,7,8,9,39,11,12,17,20,21,22,24,25,26>35,8,22,29,30,2,3,5,39,9,20,24,25
32,2,3,35,5,38,7,8,9,39,11,12,17,20,21,22,24,25,26>34,35,7,8,11,21,22,27,30,2,3,5,39,9,20,24,25
32,2,3,35,5,38,7,8,9,39,11,12,17,20,21,22,24,25,26>32,34,35,7,8,17,21,28,29,30,2,3,5,39,9,20,24,25
32,33,3,35,5,38,39,40,13,14,15,17,18,20,21,24,30,31>32,33,36,37,16,18,21,25,31,35,3,5,39,40,14,15,17,20,24
32,33,3,35,5,38,39,40,13,14,15,17,18,20,21,24,30,31>34,36,13,16,18,21,22,30,35,3,5,39,40,14,15,17,20,24
32,33,3,35,5,38,39,40,13,14,15,17,18,20,21,24,30,31>32,34,4,36,37,16,21,22,31,35,3,5,39,40,14,15,17,20,24
32,33,3,35,5,38,39,40,13,14,15,17,18,20,21,24,30,31>33,34,4,36,38,18,21,25,30,35,3,5,39,40,14,15,17,20,24
32,2,34,36,5,38,9,12,13,16,17,18,23,25>12,13,14,20,22,26,2,34,5,38,16,17
32,2,34,36,5,38,9,12,13,16,17,18,23,25>9,13,14,22,23,26,2,34,5,38,16,17
32,2,34,36,5,38,9,12,13,16,17,18,23,25>9,12,14,25,26,2,34,5,38,16,17
32,2,34,36,5,38,9,12,13,16,17,18,23,25>36,9,13,18,23,26,27,2,34,5,38,16,17
1,2,33,4,6,39,9,15,16,18,21,26,27,29,30,31>8,10,16,18,22,1,2,6,39,9,30,31
1,2,33,4,6,39,9,15,16,18,21,26,27,29,30,31>33,4,7,8,40,10,18,20,21,26,27,1,2,6,39,9,30,31
1,2,33,4,6,39,9,15,16,18,21,26,27,29,30,31>32,35,36,7,40,15,16,22,26,29,1,2,6,39,9,30,31
1,2,33,4,6,39,9,15,16,18,21,26,27,29,30,31>4,36,40,16,18,29,1,2,6,39,9,30,31
32,1,33,35,4,6,9,10,11,12,14,16,18,20,22,23,24,27,29>8,10,12,13,15,16,18,20,25,26,27,31,33,36,32,1,9,11,22,24,29
32,1,33,35,4,6,9,10,11,12,14,16,18,20,22,23,24,27,29>4,7,8,14,15,21,23,28,31,33,35,37,39,32,1,9,11,22,24,29
32,1,33,35,4,6,9,10,11,12,14,16,18,20,22,23,24,27,29>6,7,10,12,13,16,20,21,23,26,27,31,33,35,36,37,32,1,9,11,22,24,29
32,1,33,35,4,6,9,10,11,12,14,16,18,20,22,23,24,27,29>4,6,7,12,15,16,18,20,21,26,35,37,32,1,9,11,22,24,29
34,3,5,6,7,8,9,10,39,13,14,15,18,22,24,25,28,29,30>7,39,40,11,12,24,27,3,5,8,9,10,13,14,15,22,25,28,29
34,3,5,6,7,8,9,10,39,13,14,15,18,22,24,25,28,29,30>34,7,39,40,17,21,24,30,3,5,8,9,10,13,14,15,22,25,28,29
34,3,5,6,7,8,9,10,39,13,14,15,18,22,24,25,28,29,30>33,4,40,18,27,3,5,8,9,10,13,14,15,22,25,28,29
34,3,5,6,7,8,9,10,39,13,14,15,18,22,24,25,28,29,30>34,4,7,39,40,12,17,18,21,3,5,8,9,10,13,14,15,22,25,28,29
33,3,4,35,37,7,8,9,39,11,12,40,15,18,20,25,26,27,28,30>4,5,7,11,12,18,20,22,26,28,33,3,37,39,40,9,27,30
33,3,4,35,37,7,8,9,39,11,12,40,15,18,20,25,26,27,28,30>32,4,11,12,15,24,28,33,3,37,39,40,9,27,30
33,3,4,35,37,7,8,9,39,11,12,40,15,18,20,25,26,27,28,30>32,34,4,5,36,8,20,22,25,28,31,33,3,37,39,40,9,27,30
33,3,4,35,37,7,8,9,39,11,12,40,15,18,20,25,26,27,28,30>32,35,4,7,12,18,24,25,33,3,37,39,40,9,27,30
33,2,35,5,6,38,39,12,14,15,17,20,22,24,25,26,31>36,37,8,12,14,17,22,27,28,29,2,35,5,39,15,20,24,25
33,2,35,5,6,38,39,12,14,15,17,20,22,24,25,26,31>33,36,38,8,14,17,22,26,27,30,31,2,35,5,39,15,20,24,25
33,2,35,5,6,38,39,12,14,15,17,20,22,24,25,26,31>34,36,38,12,17,26,28,30,31,2,35,5,39,15,20,24,25
33,2,35,5,6,38,39,12,14,15,17,20,22,24,25,26,31>33,34,36,6,8,12,22,2,35,5,39,15,20,24,25
1,2,3,4,8,9,10,12,14,21,22,23,26,28,30,31,32,34,35,36,37,39>6,11,20,21,23,31,38,1,2,3,4,34,35,37,26,28,30
1,2,3,4,8,9,10,12,14,21,22,23,26,28,30,31,32,34,35,36,37,39>8,9,14,15,20,29,32,33,39,1,2,3,4,34,35,37,26,28,30
1,2,3,4,8,9,10,12,14,21,22,23,26,28,30,31,32,34,35,36,37,39>6,8,9,11,12,13,14,15,20,21,23,29,33,38,1,2,3,4,34,35,37,26,28,30
1,2,3,4,8,9,10,12,14,21,22,23,26,28,30,31,32,34,35,36,37,39>6,7,8,9,10,15,22,31,36,38,1,2,3,4,34,35,37,26,28,30
1,2,3,4,36,6,37,38,40,11,12,15,16,19,22,25,27,28,30>9,11,16,18,22,23,29,30,32,33,34,36,37,39,1,2,3,6,40,27,28
1,2,3,4,36,6,37,38,40,11,12,15,16,19,22,25,27,28,30>7,11,12,15,16,19,22,23,25,29,31,32,1,2,3,6,40,27,28
1,2,3,4,36,6,37,38,40,11,12,15,16,19,22,25,27,28,30>8,11,15,19,22,29,31,32,33,36,39,1,2,3,6,40,27,28
1,2,3,4,36,6,37,38,40,11,12,15,16,19,22,25,27,28,30>7,8,15,16,18,19,22,23,31,32,33,34,38,1,2,3,6,40,27,28
1,2,3,4,33,34,37,8,39,13,14,16,17,18,23,24,27,28>6,7,39,13,15,18,23,25,31,1,2,3,4,33,34,14,16,17
1,2,3,4,33,34,37,8,39,13,14,16,17,18,23,24,27,28>37,6,7,20,22,23,24,25,26,1,2,3,4,33,34,14,16,17
1,2,3,4,33,34,37,8,39,13,14,16,17,18,23,24,27,28>32,37,7,39,18,22,25,31,1,2,3,4,33,34,14,16,17
1,2,3,4,33,34,37,8,39,13,14,16,17,18,23,24,27,28>32,37,6,7,39,13,15,25,1,2,3,4,33,34,14,16,17
3,5,7,8,9,11,12,14,19,20,21,25,26,27,29,34,36,37,38,39,40>15,18,24,25,26,31,36,37,39,40,3,5,9,20,27
3,5,7,8,9,11,12,14,19,20,21,25,26,27,29,34,36,37,38,39,40>8,12,14,18,19,23,24,26,29,34,37,39,3,5,9,20,27
3,5,7,8,9,11,12,14,19,20,21,25,26,27,29,34,36,37,38,39,40>8,12,15,18,19,23,24,29,32,34,37,39,40,3,5,9,20,27
3,5,7,8,9,11,12,14,19,20,21,25,26,27,29,34,36,37,38,39,40>7,8,11,12,14,15,18,19,23,26,32,3,5,9,20,27
2,3,5,7,8,9,12,13,15,17,19,21,22,24,25,26,27,28,29,30,31,34,35,36,37,38,39,40>18,20,22,23,26,33,34,36,2,35,3,37,5,40,9,17,25,27,28,29,30,31
2,3,5,7,8,9,12,13,15,17,19,21,22,24,25,26,27,28,29,30,31,34,35,36,37,38,39,40>4,12,18,22,24,33,36,2,35,3,37,5,40,9,17,25,27,28,29,30,31
2,3,5,7,8,9,12,13,15,17,19,21,22,24,25,26,27,28,29,30,31,34,35,36,37,38,39,40>7,8,15,16,19,20,23,32,33,34,2,35,3,37,5,40,9,17,25,27,28,29,30,31
2,3,5,7,8,9,12,13,15,17,19,21,22,24,25,26,27,28,29,30,31,34,35,36,37,38,39,40>4,7,8,13,15,16,18,21,22,23,24,26,33,34,38,39,2,35,3,37,5,40,9,17,25,27,28,29,30,31
2,4,6,8,9,10,11,12,13,14,15,18,19,20,22,23,24,25,26,27,28,29,30,31,32,35,39,40>19,33,10,2,8,9,11,12,13,14,15,18,22,23,24,25,26,27,28,29,30,31,32,35,39,40
2,4,6,8,9,10,11,12,13,14,15,18,19,20,22,23,24,25,26,27,28,29,30,31,32,35,39,40>19,20,4,2,8,9,11,12,13,14,15,18,22,23,24,25,26,27,28,29,30,31,32,35,39,40
2,4,6,8,9,10,11,12,13,14,15,18,19,20,22,23,24,25,26,27,28,29,30,31,32,35,39,40>19,33,4,17,2,8,9,11,12,13,14,15,18,22,23,24,25,26,27,28,29,30,31,32,35,39,40
2,4,6,8,9,10,11,12,13,14,15,18,19,20,22,23,24,25,26,27,28,29,30,31,32,35,39,40>19,4,37,2,8,9,11,12,13,14,15,18,22,23,24,25,26,27,28,29,30,31,32,35,39,40
1,3,4,5,7,8,9,13,14,15,16,18,19,20,22,23,25,26,27,28,31,32,36,38,40>34,36,39,8,13,20,21,24,29,32,1,3,4,5,38,7,9,14,15,16,18,22,23,26,27,28,31
1,3,4,5,7,8,9,13,14,15,16,18,19,20,22,23,25,26,27,28,31,32,36,38,40>33,35,39,13,20,21,25,29,32,1,3,4,5,38,7,9,14,15,16,18,22,23,26,27,28,31
1,3,4,5,7,8,9,13,14,15,16,18,19,20,22,23,25,26,27,28,31,32,36,38,40>33,35,36,13,20,24,29,30,32,1,3,4,5,38,7,9,14,15,16,18,22,23,26,27,28,31
1,3,4,5,7,8,9,13,14,15,16,18,19,20,22,23,25,26,27,28,31,32,36,38,40>33,34,35,17,19,21,25,29,30,32,1,3,4,5,38,7,9,14,15,16,18,22,23,26,27,28,31
32,1,2,33,4,5,34,7,36,38,39,40,14,16,18,24,26>39,16,18,24,25,1,2,34,36,5,38,7
32,1,2,33,4,5,34,7,36,38,39,40,14,16,18,24,26>32,39,40,14,18,22,25,26,30,1,2,34,36,5,38,7
32,1,2,33,4,5,34,7,36,38,39,40,14,16,18,24,26>32,9,15,16,22,25,26,1,2,34,36,5,38,7
32,1,2,33,4,5,34,7,36,38,39,40,14,16,18,24,26>4,39,40,9,15,16,22,24,25,30,1,2,34,36,5,38,7
2,37,6,7,8,38,39,12,14,18,25,28,30,31>34,35,5,7,12,14,22,25,28,30,31,8,2,39
2,37,6,7,8,38,39,12,14,18,25,28,30,31>33,34,5,6,9,40,12,15,18,22,28,8,2,39
2,37,6,7,8,38,39,12,14,18,25,28,30,31>35,5,7,37,9,40,18,22,27,28,8,2,39
2,37,6,7,8,38,39,12,14,18,25,28,30,31>34,35,7,9,40,14,15,22,27,28,30,8,2,39
32,34,3,5,6,7,9,10,11,16,17,19,21,22,23,26,28,30>7,13,16,19,20,21,34,3,5,9,11,23,26,28,30
32,34,3,5,6,7,9,10,11,16,17,19,21,22,23,26,28,30>33,6,8,10,13,16,17,19,20,21,22,29,34,3,5,9,11,23,26,28,30
32,34,3,5,6,7,9,10,11,16,17,19,21,22,23,26,28,30>32,6,8,40,10,13,17,19,29,34,3,5,9,11,23,26,28,30
32,34,3,5,6,7,9,10,11,16,17,19,21,22,23,26,28,30>33,6,7,20,21,34,3,5,9,11,23,26,28,30
3,5,6,9,12,13,15,16,18,19,20,21,22,23,25,28,29,31,32,36,37>4,10,15,24,26,31,32,37,38,3,5,16,18,20,21,22,23,28,29
3,5,6,9,12,13,15,16,18,19,20,21,22,23,25,28,29,31,32,36,37>6,10,13,14,19,24,32,33,36,3,5,16,18,20,21,22,23,28,29
3,5,6,9,12,13,15,16,18,19,20,21,22,23,25,28,29,31,32,36,37>8,9,10,12,13,14,15,17,24,25,26,27,36,37,38,39,3,5,16,18,20,21,22,23,28,29
3,5,6,9,12,13,15,16,18,19,20,21,22,23,25,28,29,31,32,36,37>6,9,10,14,17,24,26,33,35,37,39,3,5,16,18,20,21,22,23,28,29
1,4,5,8,11,13,14,18,19,21,22,24,26,28,29,31,32,33,35,36,37,38,40>32,7,8,40,11,15,19,20,23,26,31,1,33,35,36,37,38,14,18,21,22,28,29
1,4,5,8,11,13,14,18,19,21,22,24,26,28,29,31,32,33,35,36,37,38,40>4,39,40,15,16,17,19,23,25,30,31,1,33,35,36,37,38,14,18,21,22,28,29
1,4,5,8,11,13,14,18,19,21,22,24,26,28,29,31,32,33,35,36,37,38,40>32,7,39,11,13,20,24,30,31,1,33,35,36,37,38,14,18,21,22,28,29
1,4,5,8,11,13,14,18,19,21,22,24,26,28,29,31,32,33,35,36,37,38,40>32,5,7,40,11,25,26,30,31,1,33,35,36,37,38,14,18,21,22,28,29
32,1,3,35,5,6,37,11,12,14,17,18,19,22,24,26,28>6,14,17,19,23,24,29,33,34,35,1,3,37,5,18,22,28
32,1,3,35,5,6,37,11,12,14,17,18,19,22,24,26,28>7,12,15,19,20,21,29,32,33,34,1,3,37,5,18,22,28
32,1,3,35,5,6,37,11,12,14,17,18,19,22,24,26,28>6,7,11,12,17,19,20,24,26,30,32,33,39,1,3,37,5,18,22,28
32,1,3,35,5,6,37,11,12,14,17,18,19,22,24,26,28>6,8,12,14,15,19,23,24,25,29,33,34,1,3,37,5,18,22,28
1,2,4,6,7,8,9,10,11,13,14,16,17,19,20,21,22,24,25,34,35,36,37,40>35,5,36,40,21,23,28,1,2,34,37,6,7,8,9,11,13,14,16,17,20,24,25
1,2,4,6,7,8,9,10,11,13,14,16,17,19,20,21,22,24,25,34,35,36,37,40>5,36,10,15,19,21,23,29,1,2,34,37,6,7,8,9,11,13,14,16,17,20,24,25
1,2,4,6,7,8,9,10,11,13,14,16,17,19,20,21,22,24,25,34,35,36,37,40>35,5,10,19,21,22,23,27,28,29,1,2,34,37,6,7,8,9,11,13,14,16,17,20,24,25
1,2,4,6,7,8,9,10,11,13,14,16,17,19,20,21,22,24,25,34,35,36,37,40>35,4,5,36,40,10,15,19,21,22,27,28,29,1,2,34,37,6,7,8,9,11,13,14,16,17,20,24,25
34,5,6,7,37,38,10,11,12,13,14,15,18,20,22,23,25,30>6,7,9,20,24,25,27,28,29,30,40,34,5,11,12,13,14,15,22
34,5,6,7,37,38,10,11,12,13,14,15,18,20,22,23,25,30>6,10,16,17,23,24,25,27,30,37,38,34,5,11,12,13,14,15,22
34,5,6,7,37,38,10,11,12,13,14,15,18,20,22,23,25,30>7,9,10,17,18,23,24,26,37,38,40,34,5,11,12,13,14,15,22
34,5,6,7,37,38,10,11,12,13,14,15,18,20,22,23,25,30>6,7,9,10,16,17,24,25,26,30,37,38,40,34,5,11,12,13,14,15,22
3,4,5,6,7,8,10,12,14,15,17,18,19,21,22,23,25,29,30,31,32,33,34,35,36,37,38,40>33,34,6,10,13,14,17,19,26,3,4,5,35,36,8,37,38,40,12,15,18,21,22,23,29
3,4,5,6,7,8,10,12,14,15,17,18,19,21,22,23,25,29,30,31,32,33,34,35,36,37,38,40>32,6,9,11,13,14,17,20,25,30,31,3,4,5,35,36,8,37,38,40,12,15,18,21,22,23,29
3,4,5,6,7,8,10,12,14,15,17,18,19,21,22,23,25,29,30,31,32,33,34,35,36,37,38,40>33,34,6,11,17,19,20,25,27,28,3,4,5,35,36,8,37,38,40,12,15,18,21,22,23,29
3,4,5,6,7,8,10,12,14,15,17,18,19,21,22,23,25,29,30,31,32,33,34,35,36,37,38,40>32,33,34,7,11,13,20,25,26,30,3,4,5,35,36,8,37,38,40,12,15,18,21,22,23,29
32,1,2,34,4,35,36,7,37,39,13,18,20,22,23,24,25,26,28,29>9,14,16,17,20,30,32,34,38,1,2,37,7,22,24,25,26,28,29
32,1,2,34,4,35,36,7,37,39,13,18,20,22,23,24,25,26,28,29>5,6,13,16,18,30,33,34,35,36,1,2,37,7,22,24,25,26,28,29
32,1,2,34,4,35,36,7,37,39,13,18,20,22,23,24,25,26,28,29>5,6,9,14,17,18,21,30,32,34,38,1,2,37,7,22,24,25,26,28,29
32,1,2,34,4,35,36,7,37,39,13,18,20,22,23,24,25,26,28,29>9,20,21,33,34,35,36,1,2,37,7,22,24,25,26,28,29
33,3,35,5,36,38,9,12,13,18,19,24,27,28,29>9,16,17,19,23,24,25,27,28,31,35,37,33,3,36,5,18
33,3,35,5,36,38,9,12,13,18,19,24,27,28,29>4,9,13,14,16,25,31,35,37,39,33,3,36,5,18
33,3,35,5,36,38,9,12,13,18,19,24,27,28,29>12,14,22,23,25,29,32,38,33,3,36,5,18
33,3,35,5,36,38,9,12,13,18,19,24,27,28,29>4,12,13,14,24,27,28,29,31,35,38,33,3,36,5,18
2,3,4,5,9,11,14,15,16,17,18,19,20,21,25,26,28,29,30,34,37,38,39>17,21,22,24,26,28,33,39,40,2,3,15,18,20,30
2,3,4,5,9,11,14,15,16,17,18,19,20,21,25,26,28,29,30,34,37,38,39>4,5,14,16,17,21,24,25,26,27,28,29,33,39,40,2,3,15,18,20,30
2,3,4,5,9,11,14,15,16,17,18,19,20,21,25,26,28,29,30,34,37,38,39>9,11,14,16,22,24,25,26,27,33,38,39,2,3,15,18,20,30
2,3,4,5,9,11,14,15,16,17,18,19,20,21,25,26,28,29,30,34,37,38,39>5,9,14,16,17,19,21,23,26,29,37,39,40,2,3,15,18,20,30
1,6,7,8,10,11,12,13,14,15,20,25,26,27,28,29,30,31,34,35,36,37,40>36,5,17,20,24,28,1,35,37,7,8,40,11,12,13,14,15,27,30,31
1,6,7,8,10,11,12,13,14,15,20,25,26,27,28,29,30,31,34,35,36,37,40>33,36,6,10,20,24,25,1,35,37,7,8,40,11,12,13,14,15,27,30,31
1,6,7,8,10,11,12,13,14,15,20,25,26,27,28,29,30,31,34,35,36,37,40>33,6,16,17,20,1,35,37,7,8,40,11,12,13,14,15,27,30,31
1,6,7,8,10,11,12,13,14,15,20,25,26,27,28,29,30,31,34,35,36,37,40>32,33,34,6,9,16,17,28,29,1,35,37,7,8,40,11,12,13,14,15,27,30,31
1,2,34,4,35,6,7,8,10,13,17,18,20,21,23>35,37,11,16,18,21,23,1,2,34,6,7,8,13,17,20
1,2,34,4,35,6,7,8,10,13,17,18,20,21,23>35,37,10,11,14,21,22,1,2,34,6,7,8,13,17,20
1,2,34,4,35,6,7,8,10,13,17,18,20,21,23>35,4,5,9,11,26,1,2,34,6,7,8,13,17,20
1,2,34,4,35,6,7,8,10,13,17,18,20,21,23>35,4,5,37,10,11,14,16,26,1,2,34,6,7,8,13,17,20
34,35,37,6,38,8,9,10,11,12,39,14,17,18,20,23,25,27,29,31>9,12,13,17,18,23,26,29,35,37,8,11,20,27,31
34,35,37,6,38,8,9,10,11,12,39,14,17,18,20,23,25,27,29,31>34,6,39,9,10,14,15,17,18,22,23,25,26,35,37,8,11,20,27,31
34,35,37,6,38,8,9,10,11,12,39,14,17,18,20,23,25,27,29,31>32,34,6,22,24,25,35,37,8,11,20,27,31
34,35,37,6,38,8,9,10,11,12,39,14,17,18,20,23,25,27,29,31>6,39,10,12,13,14,15,18,23,24,25,35,37,8,11,20,27,31
2,3,4,7,8,10,14,16,18,19,20,24,25,26,27,28,29,30,32,33,35,37,38,40>5,13,14,19,20,26,36,38,39,32,33,2,3,4,37,40,18,24,25,27,30
2,3,4,7,8,10,14,16,18,19,20,24,25,26,27,28,29,30,32,33,35,37,38,40>8,14,15,16,20,22,26,35,32,33,2,3,4,37,40,18,24,25,27,30
2,3,4,7,8,10,14,16,18,19,20,24,25,26,27,28,29,30,32,33,35,37,38,40>8,9,10,11,13,14,19,26,29,31,35,38,39,32,33,2,3,4,37,40,18,24,25,27,30
2,3,4,7,8,10,14,16,18,19,20,24,25,26,27,28,29,30,32,33,35,37,38,40>5,8,16,26,28,29,31,35,38,32,33,2,3,4,37,40,18,24,25,27,30
2,3,5,6,7,8,9,11,12,14,15,17,19,21,22,24,25,26,31,34,36,38,39,40>6,18,22,23,30,31,39,40,2,3,34,5,8,9,15,25
2,3,5,6,7,8,9,11,12,14,15,17,19,21,22,24,25,26,31,34,36,38,39,40>6,14,18,19,21,23,24,27,28,29,30,31,35,40,2,3,34,5,8,9,15,25
2,3,5,6,7,8,9,11,12,14,15,17,19,21,22,24,25,26,31,34,36,38,39,40>6,11,12,14,17,18,22,28,29,31,36,38,2,3,34,5,8,9,15,25
2,3,5,6,7,8,9,11,12,14,15,17,19,21,22,24,25,26,31,34,36,38,39,40>6,7,11,12,17,18,20,21,24,26,27,28,29,30,35,36,38,39,2,3,34,5,8,9,15,25
1,34,3,37,38,39,40,9,10,11,12,14,16,17,19,27,28>14,16,18,23,28,31,32,33,37,38,40,11,1,34,3
1,34,3,37,38,39,40,9,10,11,12,14,16,17,19,27,28>5,13,15,16,20,23,32,38,11,1,34,3
1,34,3,37,38,39,40,9,10,11,12,14,16,17,19,27,28>5,9,12,16,17,31,40,11,1,34,3
1,34,3,37,38,39,40,9,10,11,12,14,16,17,19,27,28>13,15,16,18,20,23,28,31,32,38,11,1,34,3
1,2,9,10,12,14,15,16,17,18,19,21,26,27,28,29,30,32,33,34,35,36,37,40>10,11,13,21,23,28,34,32,1,2,33,36,37,40,12,15,18,19,30
1,2,9,10,12,14,15,16,17,18,19,21,26,27,28,29,30,32,33,34,35,36,37,40>5,11,14,17,22,26,27,34,35,32,1,2,33,36,37,40,12,15,18,19,30
1,2,9,10,12,14,15,16,17,18,19,21,26,27,28,29,30,32,33,34,35,36,37,40>6,14,16,17,20,21,23,27,29,34,35,38,32,1,2,33,36,37,40,12,15,18,19,30
1,2,9,10,12,14,15,16,17,18,19,21,26,27,28,29,30,32,33,34,35,36,37,40>5,6,9,10,14,16,17,21,22,23,27,31,32,1,2,33,36,37,40,12,15,18,19,30
32,1,2,37,38,8,9,40,12,14,15,16,17,19,20,21,25,26>6,9,12,14,16,17,18,19,26,27,30,32,34,39,40,1,2,20,15
32,1,2,37,38,8,9,40,12,14,15,16,17,19,20,21,25,26>5,6,17,21,23,24,25,32,34,37,38,39,40,1,2,20,15
32,1,2,37,38,8,9,40,12,14,15,16,17,19,20,21,25,26>5,8,17,19,21,24,30,37,39,1,2,20,15
32,1,2,37,38,8,9,40,12,14,15,16,17,19,20,21,25,26>5,6,9,16,17,18,23,24,25,30,34,39,1,2,20,15
2,34,4,5,6,35,36,39,10,14,15,17,19,23,25,27,28,31>11,13,14,17,19,20,26,32,39,2,35,34,15,23,27,31
2,34,4,5,6,35,36,39,10,14,15,17,19,23,25,27,28,31>4,8,10,11,12,13,18,19,28,33,36,37,2,35,34,15,23,27,31
2,34,4,5,6,35,36,39,10,14,15,17,19,23,25,27,28,31>4,5,13,18,25,26,32,33,2,35,34,15,23,27,31
2,34,4,5,6,35,36,39,10,14,15,17,19,23,25,27,28,31>6,8,9,10,13,14,19,20,28,32,33,36,37,2,35,34,15,23,27,31
34,3,35,5,36,37,40,9,10,11,12,15,19,24,25,27,29,30,31>32,9,10,13,18,19,23,24,35,3,37,5,40,11,12,25,27,31
34,3,35,5,36,37,40,9,10,11,12,15,19,24,25,27,29,30,31>32,34,10,13,24,29,30,35,3,37,5,40,11,12,25,27,31
34,3,35,5,36,37,40,9,10,11,12,15,19,24,25,27,29,30,31>32,36,10,15,18,23,29,30,35,3,37,5,40,11,12,25,27,31
34,3,35,5,36,37,40,9,10,11,12,15,19,24,25,27,29,30,31>34,36,10,15,18,19,23,35,3,37,5,40,11,12,25,27,31
1,2,3,4,6,10,16,18,19,20,21,22,23,25,26,27,30,31,32,33,37,38>36,37,38,7,8,10,11,39,40,19,28,29,32,1,2,3,4,6,18,20,21,22,23,26,27,30,31
1,2,3,4,6,10,16,18,19,20,21,22,23,25,26,27,30,31,32,33,37,38>33,35,36,37,8,9,11,39,13,40,16,24,25,32,1,2,3,4,6,18,20,21,22,23,26,27,30,31
1,2,3,4,6,10,16,18,19,20,21,22,23,25,26,27,30,31,32,33,37,38>34,35,7,9,39,13,24,28,29,32,1,2,3,4,6,18,20,21,22,23,26,27,30,31
1,2,3,4,6,10,16,18,19,20,21,22,23,25,26,27,30,31,32,33,37,38>33,34,35,7,8,11,19,29,32,1,2,3,4,6,18,20,21,22,23,26,27,30,31
32,33,34,36,5,6,39,9,10,12,13,14,21,23,24,31>32,33,38,8,11,15,17,20,21,23,34,36,5,10,13,14
32,33,34,36,5,6,39,9,10,12,13,14,21,23,24,31>35,8,9,12,15,17,21,23,24,25,31,34,36,5,10,13,14
32,33,34,36,5,6,39,9,10,12,13,14,21,23,24,31>33,35,38,9,39,16,23,24,25,31,34,36,5,10,13,14
32,33,34,36,5,6,39,9,10,12,13,14,21,23,24,31>33,35,38,15,23,24,25,34,36,5,10,13,14
1,2,3,5,7,9,10,12,16,20,23,24,25,27,31,32,33,34,35,36,38>13,16,37,26,32,1,2,3,34,5,35,36,38,9,24,25,27,31
1,2,3,5,7,9,10,12,16,20,23,24,25,27,31,32,33,34,35,36,38>33,37,10,11,13,23,32,1,2,3,34,5,35,36,38,9,24,25,27,31
1,2,3,5,7,9,10,12,16,20,23,24,25,27,31,32,33,34,35,36,38>4,37,7,10,16,32,1,2,3,34,5,35,36,38,9,24,25,27,31
1,2,3,5,7,9,10,12,16,20,23,24,25,27,31,32,33,34,35,36,38>33,4,37,7,13,16,32,1,2,3,34,5,35,36,38,9,24,25,27,31
32,33,34,3,4,5,35,37,11,12,13,15,17,20,22,26,28,31>32,12,14,15,22,24,29,31,33,34,3,35,37,17,20,28
32,33,34,3,4,5,35,37,11,12,13,15,17,20,22,26,28,31>4,36,11,15,16,26,29,33,34,3,35,37,17,20,28
32,33,34,3,4,5,35,37,11,12,13,15,17,20,22,26,28,31>32,4,36,12,13,16,22,24,29,31,33,34,3,35,37,17,20,28
32,33,34,3,4,5,35,37,11,12,13,15,17,20,22,26,28,31>4,5,36,12,13,24,26,29,30,31,33,34,3,35,37,17,20,28
1,3,4,35,37,39,8,10,11,12,15,16,18,22,24,26,31>4,8,10,15,18,21,24,25,29,31,1,3,35,37,39,11,12,22
1,3,4,35,37,39,8,10,11,12,15,16,18,22,24,26,31>34,7,8,10,15,18,29,1,3,35,37,39,11,12,22
1,3,4,35,37,39,8,10,11,12,15,16,18,22,24,26,31>7,8,10,16,18,21,25,28,31,1,3,35,37,39,11,12,22
1,3,4,35,37,39,8,10,11,12,15,16,18,22,24,26,31>34,7,8,15,18,19,21,1,3,35,37,39,11,12,22
34,3,8,9,40,12,15,17,18,19,20,21,23,26,28,30,31>35,5,8,9,12,15,19,28,31,34,3,40,18,20,23,26,30
34,3,8,9,40,12,15,17,18,19,20,21,23,26,28,30,31>33,35,5,12,15,19,21,24,34,3,40,18,20,23,26,30
34,3,8,9,40,12,15,17,18,19,20,21,23,26,28,30,31>35,4,8,12,17,21,22,24,28,34,3,40,18,20,23,26,30
34,3,8,9,40,12,15,17,18,19,20,21,23,26,28,30,31>33,35,4,5,8,15,17,22,24,28,31,34,3,40,18,20,23,26,30
1,34,3,5,8,9,10,11,40,14,19,20,22,23,28,30,31>33,9,10,13,14,15,19,20,22,29,1,34,3,5,40,11,23,28
1,34,3,5,8,9,10,11,40,14,19,20,22,23,28,30,31>35,9,14,15,18,19,22,24,29,31,1,34,3,5,40,11,23,28
1,34,3,5,8,9,10,11,40,14,19,20,22,23,28,30,31>8,9,10,15,18,20,24,26,29,30,31,1,34,3,5,40,11,23,28
1,34,3,5,8,9,10,11,40,14,19,20,22,23,28,30,31>33,35,8,9,13,14,15,18,20,24,26,29,1,34,3,5,40,11,23,28
1,2,4,6,7,9,10,12,16,17,19,20,21,24,25,26,27,28,29,32,33,35,36,40>4,11,17,18,19,21,26,28,30,35,37,38,39,40,32,1,2,33,36,6,7,9,10,20,24,25,27
1,2,4,6,7,9,10,12,16,17,19,20,21,24,25,26,27,28,29,32,33,35,36,40>8,16,21,28,30,38,39,40,32,1,2,33,36,6,7,9,10,20,24,25,27
1,2,4,6,7,9,10,12,16,17,19,20,21,24,25,26,27,28,29,32,33,35,36,40>8,11,12,17,18,19,21,23,26,28,29,30,37,38,40,32,1,2,33,36,6,7,9,10,20,24,25,27
1,2,4,6,7,9,10,12,16,17,19,20,21,24,25,26,27,28,29,32,33,35,36,40>4,5,8,11,12,13,16,17,18,19,21,30,37,38,32,1,2,33,36,6,7,9,10,20,24,25,27
1,3,6,7,8,9,10,12,13,15,17,18,20,23,24,25,27,30,32,35,36,38,40>34,35,6,11,14,16,18,30,31,32,1,3,38,7,8,9,10,40,12,13,17,20,24,25,27
1,3,6,7,8,9,10,12,13,15,17,18,20,23,24,25,27,30,32,35,36,38,40>34,35,37,39,11,16,18,30,32,1,3,38,7,8,9,10,40,12,13,17,20,24,25,27
1,3,6,7,8,9,10,12,13,15,17,18,20,23,24,25,27,30,32,35,36,38,40>34,4,5,6,36,11,14,16,26,32,1,3,38,7,8,9,10,40,12,13,17,20,24,25,27
1,3,6,7,8,9,10,12,13,15,17,18,20,23,24,25,27,30,32,35,36,38,40>35,4,6,11,26,31,32,1,3,38,7,8,9,10,40,12,13,17,20,24,25,27
32,1,2,33,34,6,38,8,10,13,16,18,22,27,28,29,30,31>34,35,38,11,18,27,30,32,1,2,33,6,8,13,16,22,28,29,31
32,1,2,33,34,6,38,8,10,13,16,18,22,27,28,29,30,31>34,36,5,18,27,32,1,2,33,6,8,13,16,22,28,29,31
32,1,2,33,34,6,38,8,10,13,16,18,22,27,28,29,30,31>34,35,5,40,14,27,32,1,2,33,6,8,13,16,22,28,29,31
32,1,2,33,34,6,38,8,10,13,16,18,22,27,28,29,30,31>34,36,38,40,11,17,18,27,32,1,2,33,6,8,13,16,22,28,29,31
2,4,5,6,9,11,12,13,19,20,21,23,24,27,28,30,31,32,33,34,38,39,40>4,8,13,14,17,19,21,25,26,30,35,39,32,33,2,34,40,9,20,23,24,31
2,4,5,6,9,11,12,13,19,20,21,23,24,27,28,30,31,32,33,34,38,39,40>6,11,16,18,30,35,36,38,32,33,2,34,40,9,20,23,24,31
2,4,5,6,9,11,12,13,19,20,21,23,24,27,28,30,31,32,33,34,38,39,40>4,6,12,13,14,19,26,30,39,32,33,2,34,40,9,20,23,24,31
2,4,5,6,9,11,12,13,19,20,21,23,24,27,28,30,31,32,33,34,38,39,40>5,6,8,16,17,21,25,28,35,36,39,32,33,2,34,40,9,20,23,24,31
1,2,4,5,6,7,9,12,13,15,16,18,20,21,22,23,26,28,31,34,35,36,38>33,4,37,17,23,24,1,2,34,35,5,7,9,16,20,21,22,26,28
1,2,4,5,6,7,9,12,13,15,16,18,20,21,22,23,26,28,31,34,35,36,38>36,6,37,8,10,12,14,18,23,29,31,1,2,34,35,5,7,9,16,20,21,22,26,28
1,2,4,5,6,7,9,12,13,15,16,18,20,21,22,23,26,28,31,34,35,36,38>33,36,37,8,38,10,12,17,18,29,1,2,34,35,5,7,9,16,20,21,22,26,28
1,2,4,5,6,7,9,12,13,15,16,18,20,21,22,23,26,28,31,34,35,36,38>4,36,37,8,10,12,13,14,15,30,1,2,34,35,5,7,9,16,20,21,22,26,28
32,1,2,33,36,5,6,7,37,9,10,11,12,13,38,23,24,26,29,30>32,6,39,40,10,12,14,16,23,29,1,2,36,5,38,7,9,11,13,26,30
32,1,2,33,36,5,6,7,37,9,10,11,12,13,38,23,24,26,29,30>32,33,39,10,16,17,23,25,29,1,2,36,5,38,7,9,11,13,26,30
32,1,2,33,36,5,6,7,37,9,10,11,12,13,38,23,24,26,29,30>37,8,40,14,16,24,25,29,1,2,36,5,38,7,9,11,13,26,30
32,1,2,33,36,5,6,7,37,9,10,11,12,13,38,23,24,26,29,30>32,33,37,6,39,8,40,12,24,25,29,1,2,36,5,38,7,9,11,13,26,30
1,3,4,7,9,10,11,12,13,14,15,16,17,18,19,21,23,27,31,32,33,35,36,39>5,37,38,10,20,21,22,27,32,1,3,35,36,7,39,9,11,12,13,14,15,16,17,18,19,23,31
1,3,4,7,9,10,11,12,13,14,15,16,17,18,19,21,23,27,31,32,33,35,36,39>37,38,21,22,26,32,1,3,35,36,7,39,9,11,12,13,14,15,16,17,18,19,23,31
1,3,4,7,9,10,11,12,13,14,15,16,17,18,19,21,23,27,31,32,33,35,36,39>33,4,5,38,10,26,32,1,3,35,36,7,39,9,11,12,13,14,15,16,17,18,19,23,31
1,3,4,7,9,10,11,12,13,14,15,16,17,18,19,21,23,27,31,32,33,35,36,39>34,4,10,21,27,32,1,3,35,36,7,39,9,11,12,13,14,15,16,17,18,19,23,31
2,3,36,37,6,14,17,20,21,22,24,26,27,29,30,31>35,36,8,37,15,17,25,26,2,3,20,24,29,30,31
2,3,36,37,6,14,17,20,21,22,24,26,27,29,30,31>32,35,6,36,39,15,22,25,2,3,20,24,29,30,31
2,3,36,37,6,14,17,20,21,22,24,26,27,29,30,31>4,37,14,15,17,22,28,2,3,20,24,29,30,31
2,3,36,37,6,14,17,20,21,22,24,26,27,29,30,31>4,5,6,36,39,21,25,2,3,20,24,29,30,31
2,3,5,6,8,9,10,14,16,17,18,19,20,21,22,23,26,29,32,35,37,38,39>4,6,9,11,14,15,19,30,2,3,5,37,39,8,10,18,20,21,22,23,26,29
2,3,5,6,8,9,10,14,16,17,18,19,20,21,22,23,26,29,32,35,37,38,39>4,6,11,14,15,16,17,30,2,3,5,37,39,8,10,18,20,21,22,23,26,29
2,3,5,6,8,9,10,14,16,17,18,19,20,21,22,23,26,29,32,35,37,38,39>35,4,6,13,15,19,28,30,2,3,5,37,39,8,10,18,20,21,22,23,26,29
2,3,5,6,8,9,10,14,16,17,18,19,20,21,22,23,26,29,32,35,37,38,39>32,35,4,9,11,13,14,15,16,19,30,2,3,5,37,39,8,10,18,20,21,22,23,26,29
2,4,5,6,10,11,12,13,14,16,17,19,24,26,27,29,30,33,36,39,40>32,8,9,10,19,20,31,2,36,39,40,11,13,14,16,17,30
2,4,5,6,10,11,12,13,14,16,17,19,24,26,27,29,30,33,36,39,40>32,33,5,9,12,15,20,23,24,26,31,2,36,39,40,11,13,14,16,17,30
2,4,5,6,10,11,12,13,14,16,17,19,24,26,27,29,30,33,36,39,40>4,5,6,8,12,15,19,20,24,25,27,2,36,39,40,11,13,14,16,17,30
2,4,5,6,10,11,12,13,14,16,17,19,24,26,27,29,30,33,36,39,40>4,5,8,12,19,25,27,29,31,2,36,39,40,11,13,14,16,17,30
1,3,4,5,7,8,9,10,13,15,18,19,24,25,26,27,28,29,33,35,36,38,39>10,11,12,14,15,22,23,28,29,31,32,38,1,33,3,4,5,36,7,39,9,13,18,25,27
1,3,4,5,7,8,9,10,13,15,18,19,24,25,26,27,28,29,33,35,36,38,39>8,14,19,28,30,38,1,33,3,4,5,36,7,39,9,13,18,25,27
1,3,4,5,7,8,9,10,13,15,18,19,24,25,26,27,28,29,33,35,36,38,39>10,14,15,17,26,28,29,32,38,1,33,3,4,5,36,7,39,9,13,18,25,27
1,3,4,5,7,8,9,10,13,15,18,19,24,25,26,27,28,29,33,35,36,38,39>10,11,16,17,19,28,29,32,35,1,33,3,4,5,36,7,39,9,13,18,25,27
1,2,5,11,12,15,16,17,18,19,23,24,26,28,30,31,32,33,35,37,38,39>38,11,12,16,19,24,25,28,31,1,2,33,35,5,37,39,18,23,26,30
1,2,5,11,12,15,16,17,18,19,23,24,26,28,30,31,32,33,35,37,38,39>32,38,15,19,20,24,1,2,33,35,5,37,39,18,23,26,30
1,2,5,11,12,15,16,17,18,19,23,24,26,28,30,31,32,33,35,37,38,39>38,40,11,12,16,20,31,1,2,33,35,5,37,39,18,23,26,30
1,2,5,11,12,15,16,17,18,19,23,24,26,28,30,31,32,33,35,37,38,39>38,11,12,16,17,22,31,1,2,33,35,5,37,39,18,23,26,30
3,12,13,14,15,16,17,18,19,20,22,24,26,27,31,32,33,34,35,38,40>4,5,37,40,13,25,27,28,32,34,3,35,14,15,16,17,18,20,22,24,31
3,12,13,14,15,16,17,18,19,20,22,24,26,27,31,32,33,34,35,38,40>4,36,13,25,26,28,32,34,3,35,14,15,16,17,18,20,22,24,31
3,12,13,14,15,16,17,18,19,20,22,24,26,27,31,32,33,34,35,38,40>33,4,37,38,40,13,19,21,23,25,29,30,32,34,3,35,14,15,16,17,18,20,22,24,31
3,12,13,14,15,16,17,18,19,20,22,24,26,27,31,32,33,34,35,38,40>4,5,37,13,19,21,27,32,34,3,35,14,15,16,17,18,20,22,24,31
1,3,5,6,7,10,11,12,13,14,15,17,19,20,21,22,23,26,27,30,31,32,33,35>33,8,9,40,16,22,24,29,32,1,3,35,5,7,11,12,13,14,15,17,20,23,26,30,31
1,3,5,6,7,10,11,12,13,14,15,17,19,20,21,22,23,26,27,30,31,32,33,35>34,9,21,22,24,27,29,32,1,3,35,5,7,11,12,13,14,15,17,20,23,26,30,31
1,3,5,6,7,10,11,12,13,14,15,17,19,20,21,22,23,26,27,30,31,32,33,35>33,34,39,8,9,18,19,21,28,32,1,3,35,5,7,11,12,13,14,15,17,20,23,26,30,31
1,3,5,6,7,10,11,12,13,14,15,17,19,20,21,22,23,26,27,30,31,32,33,35>34,6,8,10,16,22,29,32,1,3,35,5,7,11,12,13,14,15,17,20,23,26,30,31
1,3,4,8,10,11,12,17,18,20,23,24,25,26,27,28,29,30,34,38,39>32,4,8,10,40,12,17,22,29,31,1,3,11,20,24,25,26,27,30
1,3,4,8,10,11,12,17,18,20,23,24,25,26,27,28,29,30,34,38,39>33,4,38,7,39,12,13,18,22,29,31,1,3,11,20,24,25,26,27,30
1,3,4,8,10,11,12,17,18,20,23,24,25,26,27,28,29,30,34,38,39>34,4,8,39,13,18,22,31,1,3,11,20,24,25,26,27,30
1,3,4,8,10,11,12,17,18,20,23,24,25,26,27,28,29,30,34,38,39>32,33,34,7,28,1,3,11,20,24,25,26,27,30
34,3,37,6,7,8,9,11,12,13,14,15,19,21,22,24,25,29,31>12,13,16,17,18,23,31,35,37,3,8,9,14,15,25,29
34,3,37,6,7,8,9,11,12,13,14,15,19,21,22,24,25,29,31>16,18,19,20,28,35,37,3,8,9,14,15,25,29
34,3,37,6,7,8,9,11,12,13,14,15,19,21,22,24,25,29,31>7,12,13,16,19,20,24,27,28,31,34,37,3,8,9,14,15,25,29
34,3,37,6,7,8,9,11,12,13,14,15,19,21,22,24,25,29,31>5,7,11,17,20,24,28,31,35,3,8,9,14,15,25,29
33,2,3,4,36,6,7,38,40,10,13,15,18,20,23,24,26,27,31>8,10,11,12,15,18,20,22,27,30,33,35,38,39,40,2,3,4,36,13,24,26,31
33,2,3,4,36,6,7,38,40,10,13,15,18,20,23,24,26,27,31>5,9,10,12,14,15,17,18,22,23,27,30,32,34,35,2,3,4,36,13,24,26,31
33,2,3,4,36,6,7,38,40,10,13,15,18,20,23,24,26,27,31>5,7,9,10,12,14,16,17,18,20,22,23,27,40,2,3,4,36,13,24,26,31
33,2,3,4,36,6,7,38,40,10,13,15,18,20,23,24,26,27,31>6,7,10,11,17,18,23,25,30,34,35,38,40,2,3,4,36,13,24,26,31
2,3,5,7,12,13,14,19,20,21,23,24,26,27,30,32,33,34,36,37,38,39,40>7,39,9,12,17,19,27,31,32,2,3,34,5,36,38,40,14,20,23,24,26,30
2,3,5,7,12,13,14,19,20,21,23,24,26,27,30,32,33,34,36,37,38,39,40>33,13,15,17,21,25,27,32,2,3,34,5,36,38,40,14,20,23,24,26,30
2,3,5,7,12,13,14,19,20,21,23,24,26,27,30,32,33,34,36,37,38,39,40>4,9,12,15,18,19,21,27,31,32,2,3,34,5,36,38,40,14,20,23,24,26,30
2,3,5,7,12,13,14,19,20,21,23,24,26,27,30,32,33,34,36,37,38,39,40>4,37,39,9,13,16,18,27,32,2,3,34,5,36,38,40,14,20,23,24,26,30
33,3,35,5,36,39,9,12,13,14,16,17,21,22,23,24,26,31>33,37,12,20,22,24,25,28,30,35,3,36,5,39,14,16,17,26
33,3,35,5,36,39,9,12,13,14,16,17,21,22,23,24,26,31>34,37,12,15,20,21,24,30,31,35,3,36,5,39,14,16,17,26
33,3,35,5,36,39,9,12,13,14,16,17,21,22,23,24,26,31>34,4,13,15,21,22,24,25,28,30,31,35,3,36,5,39,14,16,17,26
33,3,35,5,36,39,9,12,13,14,16,17,21,22,23,24,26,31>33,34,4,12,22,25,28,30,35,3,36,5,39,14,16,17,26
3,5,6,8,11,14,15,17,18,19,21,25,27,28,29,30,31,33,34,35,36,37,38,40>38,11,14,17,21,22,25,28,29,33,3,35,5,36,37,8,40,15,18,27,31
3,5,6,8,11,14,15,17,18,19,21,25,27,28,29,30,31,33,34,35,36,37,38,40>32,34,38,20,23,25,33,3,35,5,36,37,8,40,15,18,27,31
3,5,6,8,11,14,15,17,18,19,21,25,27,28,29,30,31,33,34,35,36,37,38,40>32,34,6,38,14,20,21,22,25,29,33,3,35,5,36,37,8,40,15,18,27,31
3,5,6,8,11,14,15,17,18,19,21,25,27,28,29,30,31,33,34,35,36,37,38,40>32,34,6,38,11,19,25,30,33,3,35,5,36,37,8,40,15,18,27,31
3,4,5,35,8,9,14,23,26,27>15,23,27,37,26,3,4
3,4,5,35,8,9,14,23,26,27>32,37,9,14,23,27,30,31,26,3,4
3,4,5,35,8,9,14,23,26,27>32,34,5,39,8,14,31,26,3,4
3,4,5,35,8,9,14,23,26,27>34,35,39,9,14,23,27,26,3,4
1,2,5,7,8,9,12,13,15,16,19,20,22,23,25,27,29,30,31,33,37,39,40>7,8,13,14,19,20,22,25,28,30,33,1,2,5,39,40,9,16,23,27,29,31
1,2,5,7,8,9,12,13,15,16,19,20,22,23,25,27,29,30,31,33,37,39,40>7,14,15,22,24,25,30,32,37,1,2,5,39,40,9,16,23,27,29,31
1,2,5,7,8,9,12,13,15,16,19,20,22,23,25,27,29,30,31,33,37,39,40>7,8,13,17,20,22,30,33,1,2,5,39,40,9,16,23,27,29,31
1,2,5,7,8,9,12,13,15,16,19,20,22,23,25,27,29,30,31,33,37,39,40>8,12,13,14,15,17,19,24,30,1,2,5,39,40,9,16,23,27,29,31
1,3,5,8,9,12,13,14,15,16,17,18,22,23,27,28,29,32,33,34,35,37,38,39,40>35,40,12,18,20,21,23,26,27,31,32,1,33,3,5,37,14,15,16,17,22,28,29
1,3,5,8,9,12,13,14,15,16,17,18,22,23,27,28,29,32,33,34,35,37,38,39,40>35,36,39,8,9,18,21,23,26,27,32,1,33,3,5,37,14,15,16,17,22,28,29
1,3,5,8,9,12,13,14,15,16,17,18,22,23,27,28,29,32,33,34,35,37,38,39,40>4,38,12,13,20,21,26,27,31,32,1,33,3,5,37,14,15,16,17,22,28,29
1,3,5,8,9,12,13,14,15,16,17,18,22,23,27,28,29,32,33,34,35,37,38,39,40>34,4,39,8,9,40,13,18,20,23,27,32,1,33,3,5,37,14,15,16,17,22,28,29
