CD45,CD8,TCRlig,TCbind,PAGCsk,LCK,Fyn,Rlk,TCRphos,ZAP70,cCbl,Itk,LAT,Gads,Slp76,PLCg_b,Grb2Sos,DAG,PLCg_a,Ras,RasGRP1,PKCth,IP3,Raf,MEK,Ca,ERK,SEK,IKK,Calcin,Rsk,Fos,JNK,IkB,CREB,Jun,CRE,AP1,NFkB,NFAT
1,2,3,4,6,7,10,12,14,15,18,19,20,21,28,32,33,34,35,37,39,40>32,9,10,11,13,14,21,28,1,2,3,4,33,6,7,34,37,12,15,18,20
1,2,3,4,6,7,10,12,14,15,18,19,20,21,28,32,33,34,35,37,39,40>35,5,39,9,10,40,13,14,19,21,22,23,28,1,2,3,4,33,6,7,34,37,12,15,18,20
1,2,3,4,6,7,10,12,14,15,18,19,20,21,28,32,33,34,35,37,39,40>36,39,8,9,13,14,22,28,1,2,3,4,33,6,7,34,37,12,15,18,20
1,2,3,4,6,7,10,12,14,15,18,19,20,21,28,32,33,34,35,37,39,40>35,36,5,10,40,13,14,22,23,24,28,1,2,3,4,33,6,7,34,37,12,15,18,20
1,2,33,34,36,40,9,11,15,16,19,20,21,22,24,27,28>32,11,18,21,22,23,25,27,29,31,1,2,34,36,33,20,24,28
1,2,33,34,36,40,9,11,15,16,19,20,21,22,24,27,28>32,5,9,18,29,31,1,2,34,36,33,20,24,28
1,2,33,34,36,40,9,11,15,16,19,20,21,22,24,27,28>32,6,40,16,18,25,29,31,1,2,34,36,33,20,24,28
1,2,33,34,36,40,9,11,15,16,19,20,21,22,24,27,28>32,40,21,27,29,1,2,34,36,33,20,24,28
1,33,35,4,37,6,38,11,12,14,16,17,18,19,21,22,23,25,28,29>9,38,11,12,39,14,15,17,19,25,27,1,33,37,18,21,22,23,28,29
1,33,35,4,37,6,38,11,12,14,16,17,18,19,21,22,23,25,28,29>35,7,8,9,11,12,39,15,17,25,26,1,33,37,18,21,22,23,28,29
1,33,35,4,37,6,38,11,12,14,16,17,18,19,21,22,23,25,28,29>36,7,39,14,15,17,19,25,27,1,33,37,18,21,22,23,28,29
1,33,35,4,37,6,38,11,12,14,16,17,18,19,21,22,23,25,28,29>35,36,6,7,8,9,16,19,20,25,26,1,33,37,18,21,22,23,28,29
1,2,6,7,10,11,12,13,14,15,18,20,24,25,26,27,28,29,31,32,33,37,39,40>35,37,9,10,18,30,32,1,2,33,6,7,39,11,12,13,14,15,24,25,27,31
1,2,6,7,10,11,12,13,14,15,18,20,24,25,26,27,28,29,31,32,33,37,39,40>5,9,10,40,16,26,28,29,32,1,2,33,6,7,39,11,12,13,14,15,24,25,27,31
1,2,6,7,10,11,12,13,14,15,18,20,24,25,26,27,28,29,31,32,33,37,39,40>35,5,8,10,16,17,22,29,32,1,2,33,6,7,39,11,12,13,14,15,24,25,27,31
1,2,6,7,10,11,12,13,14,15,18,20,24,25,26,27,28,29,31,32,33,37,39,40>35,36,5,37,8,40,20,22,26,29,32,1,2,33,6,7,39,11,12,13,14,15,24,25,27,31
33,3,36,5,8,9,11,12,17,19,24,25,26,29,31>33,35,8,11,18,19,23,24,27,31,25,3,36,5
33,3,36,5,8,9,11,12,17,19,24,25,26,29,31>39,8,18,23,24,26,31,25,3,36,5
33,3,36,5,8,9,11,12,17,19,24,25,26,29,31>35,39,8,12,17,18,20,23,25,3,36,5
33,3,36,5,8,9,11,12,17,19,24,25,26,29,31>33,35,39,8,9,11,12,17,20,23,24,26,27,25,3,36,5
1,34,35,36,38,39,8,40,11,13,15,16,21,23,24,26,27>8,11,17,24,25,30,32,37,38,39,40,16,1,34,26
1,34,35,36,38,39,8,40,11,13,15,16,21,23,24,26,27>8,11,14,17,20,21,27,31,32,36,39,16,1,34,26
1,34,35,36,38,39,8,40,11,13,15,16,21,23,24,26,27>8,11,13,15,17,21,27,30,32,35,37,40,16,1,34,26
1,34,35,36,38,39,8,40,11,13,15,16,21,23,24,26,27>5,8,11,14,15,17,23,24,25,27,30,31,36,37,40,16,1,34,26
32,1,3,35,5,6,37,8,9,10,11,15,17,19,21,24,25,26,30>6,7,10,13,19,21,24,27,32,34,39,40,1,3,37,5,8,11,25,30
32,1,3,35,5,6,37,8,9,10,11,15,17,19,21,24,25,26,30>9,10,12,15,24,27,34,35,1,3,37,5,8,11,25,30
32,1,3,35,5,6,37,8,9,10,11,15,17,19,21,24,25,26,30>6,9,10,13,18,19,20,21,26,27,34,35,40,1,3,37,5,8,11,25,30
32,1,3,35,5,6,37,8,9,10,11,15,17,19,21,24,25,26,30>7,9,10,12,13,24,26,27,32,39,40,1,3,37,5,8,11,25,30
3,4,5,6,8,40,10,14,16,17,19,21,24,27,28,29>5,6,10,13,14,16,17,18,19,20,23,24,25,27,29,32,8,3,4
3,4,5,6,8,40,10,14,16,17,19,21,24,27,28,29>5,6,10,20,21,24,27,28,29,32,39,8,3,4
3,4,5,6,8,40,10,14,16,17,19,21,24,27,28,29>9,10,11,18,19,21,23,25,28,29,32,39,40,8,3,4
3,4,5,6,8,40,10,14,16,17,19,21,24,27,28,29>5,6,9,10,11,13,15,17,19,24,25,28,31,32,39,8,3,4
2,3,6,8,11,12,13,14,16,19,20,22,23,24,26,28,29,30,31,35,37,38,39>40,11,13,18,19,25,2,3,35,37,39,8,14,16,23,24,26,28,29,30
2,3,6,8,11,12,13,14,16,19,20,22,23,24,26,28,29,30,31,35,37,38,39>33,38,40,11,18,22,25,2,3,35,37,39,8,14,16,23,24,26,28,29,30
2,3,6,8,11,12,13,14,16,19,20,22,23,24,26,28,29,30,31,35,37,38,39>33,6,11,18,20,22,2,3,35,37,39,8,14,16,23,24,26,28,29,30
2,3,6,8,11,12,13,14,16,19,20,22,23,24,26,28,29,30,31,35,37,38,39>33,5,6,38,40,11,13,17,18,19,20,31,2,3,35,37,39,8,14,16,23,24,26,28,29,30
3,8,9,11,12,13,14,15,17,19,20,21,22,25,26,28,30,31,32,34,36,38,40>11,13,18,21,23,25,32,35,34,3,38,40,14,15,17,20,28,30
3,8,9,11,12,13,14,15,17,19,20,21,22,25,26,28,30,31,32,34,36,38,40>5,8,12,18,19,21,24,26,36,34,3,38,40,14,15,17,20,28,30
3,8,9,11,12,13,14,15,17,19,20,21,22,25,26,28,30,31,32,34,36,38,40>8,9,11,12,13,16,18,21,22,23,26,29,31,32,33,36,34,3,38,40,14,15,17,20,28,30
3,8,9,11,12,13,14,15,17,19,20,21,22,25,26,28,30,31,32,34,36,38,40>5,8,11,12,13,16,18,19,21,24,27,32,33,35,34,3,38,40,14,15,17,20,28,30
1,2,4,7,8,9,13,15,19,20,21,24,25,26,27,32,33,35,36,37,39>33,5,6,14,16,17,19,21,23,31,32,1,2,36,37,7,39,9,20,24,25,27
1,2,4,7,8,9,13,15,19,20,21,24,25,26,27,32,33,35,36,37,39>34,4,5,13,17,23,30,31,32,1,2,36,37,7,39,9,20,24,25,27
1,2,4,7,8,9,13,15,19,20,21,24,25,26,27,32,33,35,36,37,39>34,35,5,38,8,16,17,19,23,30,32,1,2,36,37,7,39,9,20,24,25,27
1,2,4,7,8,9,13,15,19,20,21,24,25,26,27,32,33,35,36,37,39>33,34,35,4,5,15,16,17,26,30,32,1,2,36,37,7,39,9,20,24,25,27
33,34,5,6,39,40,9,10,12,16,17,19,22,23,24,25,26,28,30>8,9,11,16,18,19,20,24,29,33,34,5,40,10,23,25,26,28,30
33,34,5,6,39,40,9,10,12,16,17,19,22,23,24,25,26,28,30>36,9,13,16,18,22,29,33,34,5,40,10,23,25,26,28,30
33,34,5,6,39,40,9,10,12,16,17,19,22,23,24,25,26,28,30>39,9,13,16,19,24,33,34,5,40,10,23,25,26,28,30
33,34,5,6,39,40,9,10,12,16,17,19,22,23,24,25,26,28,30>36,11,12,13,16,17,18,19,20,22,24,33,34,5,40,10,23,25,26,28,30
4,5,6,7,39,9,10,11,13,15,17,20,21,24,27,28,29,30>7,8,10,14,16,21,25,27,28,31,5,39,9,11,13,17,20,24
4,5,6,7,39,9,10,11,13,15,17,20,21,24,27,28,29,30>32,6,8,40,16,21,27,30,5,39,9,11,13,17,20,24
4,5,6,7,39,9,10,11,13,15,17,20,21,24,27,28,29,30>4,40,10,16,21,25,28,5,39,9,11,13,17,20,24
4,5,6,7,39,9,10,11,13,15,17,20,21,24,27,28,29,30>33,4,10,12,14,15,16,27,28,5,39,9,11,13,17,20,24
32,1,2,3,4,5,6,39,8,40,10,11,12,15,18,19,21,25,26,31>9,13,25,30,31,32,35,40,1,2,3,39,8,11,12,18
32,1,2,3,4,5,6,39,8,40,10,11,12,15,18,19,21,25,26,31>4,5,7,13,21,27,30,35,1,2,3,39,8,11,12,18
32,1,2,3,4,5,6,39,8,40,10,11,12,15,18,19,21,25,26,31>6,9,15,21,32,40,1,2,3,39,8,11,12,18
32,1,2,3,4,5,6,39,8,40,10,11,12,15,18,19,21,25,26,31>4,6,7,10,13,15,19,21,23,25,26,30,31,32,34,35,1,2,3,39,8,11,12,18
1,2,4,8,9,12,13,14,15,16,19,20,21,22,23,26,28,30,31,32,33,34,35,36,38>32,8,9,13,17,18,19,22,31,1,2,33,34,35,36,38,14,15,16,20,23,26,28,30
1,2,4,8,9,12,13,14,15,16,19,20,21,22,23,26,28,30,31,32,33,34,35,36,38>37,6,7,8,12,13,17,21,24,31,1,2,33,34,35,36,38,14,15,16,20,23,26,28,30
1,2,4,8,9,12,13,14,15,16,19,20,21,22,23,26,28,30,31,32,33,34,35,36,38>32,37,7,8,9,40,13,18,19,1,2,33,34,35,36,38,14,15,16,20,23,26,28,30
1,2,4,8,9,12,13,14,15,16,19,20,21,22,23,26,28,30,31,32,33,34,35,36,38>4,37,40,17,21,22,29,31,1,2,33,34,35,36,38,14,15,16,20,23,26,28,30
32,33,34,3,4,5,39,10,12,15,17,20,21,22,23,27,31>33,35,5,11,15,17,21,24,28,29,32,34,3,4,12,20,31
32,33,34,3,4,5,39,10,12,15,17,20,21,22,23,27,31>33,35,5,39,11,21,22,23,24,26,27,28,32,34,3,4,12,20,31
32,33,34,3,4,5,39,10,12,15,17,20,21,22,23,27,31>33,36,10,11,13,17,22,26,32,34,3,4,12,20,31
32,33,34,3,4,5,39,10,12,15,17,20,21,22,23,27,31>35,36,10,11,13,21,22,23,27,29,32,34,3,4,12,20,31
4,7,8,9,11,14,16,17,18,19,20,21,24,27,28,30,31,32,33,36,38,39>7,8,14,16,19,22,25,28,30,32,33,36,38,39,9,18,20,24,31
4,7,8,9,11,14,16,17,18,19,20,21,24,27,28,30,31,32,33,36,38,39>35,8,11,15,16,19,21,23,30,32,33,36,38,39,9,18,20,24,31
4,7,8,9,11,14,16,17,18,19,20,21,24,27,28,30,31,32,33,36,38,39>35,4,5,7,40,17,23,28,30,32,33,36,38,39,9,18,20,24,31
4,7,8,9,11,14,16,17,18,19,20,21,24,27,28,30,31,32,33,36,38,39>34,35,4,5,7,8,14,15,16,19,23,28,32,33,36,38,39,9,18,20,24,31
1,3,4,5,7,8,10,11,12,14,15,16,18,19,21,22,23,24,26,27,32,33,36,38,39>33,20,27,10,32,1,3,36,5,38,7,39,11,12,15,18,19,21,22,23,26
1,3,4,5,7,8,10,11,12,14,15,16,18,19,21,22,23,24,26,27,32,33,36,38,39>33,34,8,9,20,31,32,1,3,36,5,38,7,39,11,12,15,18,19,21,22,23,26
1,3,4,5,7,8,10,11,12,14,15,16,18,19,21,22,23,24,26,27,32,33,36,38,39>33,34,14,24,29,30,32,1,3,36,5,38,7,39,11,12,15,18,19,21,22,23,26
1,3,4,5,7,8,10,11,12,14,15,16,18,19,21,22,23,24,26,27,32,33,36,38,39>4,8,9,10,20,24,25,27,28,31,32,1,3,36,5,38,7,39,11,12,15,18,19,21,22,23,26
35,36,5,6,37,8,40,11,12,13,15,16,17,18,20,21,25,30,31>15,18,21,24,35,37,5,8,40,16,17,20
35,36,5,6,37,8,40,11,12,13,15,16,17,18,20,21,25,30,31>36,6,39,13,21,24,25,31,35,37,5,8,40,16,17,20
35,36,5,6,37,8,40,11,12,13,15,16,17,18,20,21,25,30,31>36,11,13,14,15,21,22,24,25,27,30,31,35,37,5,8,40,16,17,20
35,36,5,6,37,8,40,11,12,13,15,16,17,18,20,21,25,30,31>36,6,39,11,13,15,18,35,37,5,8,40,16,17,20
2,34,4,5,36,7,37,38,39,12,13,17,18,21,24,26,30>4,7,38,39,40,12,13,20,21,25,26,2,34,5,17,30
2,34,4,5,36,7,37,38,39,12,13,17,18,21,24,26,30>4,37,9,13,14,18,20,21,24,25,2,34,5,17,30
2,34,4,5,36,7,37,38,39,12,13,17,18,21,24,26,30>37,38,40,12,20,24,2,34,5,17,30
2,34,4,5,36,7,37,38,39,12,13,17,18,21,24,26,30>4,37,7,38,9,40,12,20,22,25,2,34,5,17,30
2,4,5,7,11,14,15,16,17,18,20,21,22,25,26,27,28,30,34,36,40>14,24,9,11,2,34,5,40,15,20,21,22,27,28,30
2,4,5,7,11,14,15,16,17,18,20,21,22,25,26,27,28,30,34,36,40>33,36,7,9,11,16,17,24,29,31,2,34,5,40,15,20,21,22,27,28,30
2,4,5,7,11,14,15,16,17,18,20,21,22,25,26,27,28,30,34,36,40>32,4,36,7,16,17,24,26,2,34,5,40,15,20,21,22,27,28,30
2,4,5,7,11,14,15,16,17,18,20,21,22,25,26,27,28,30,34,36,40>33,4,36,11,16,17,18,31,2,34,5,40,15,20,21,22,27,28,30
1,2,3,4,5,6,7,9,10,11,14,20,22,24,25,27,29,31,32,34,35,39>34,14,10,32,1,2,3,35,5,7,9,11,24,25,27,29,31
1,2,3,4,5,6,7,9,10,11,14,20,22,24,25,27,29,31,32,34,35,39>4,37,8,10,13,14,20,22,32,1,2,3,35,5,7,9,11,24,25,27,29,31
1,2,3,4,5,6,7,9,10,11,14,20,22,24,25,27,29,31,32,34,35,39>34,4,39,8,13,15,20,32,1,2,3,35,5,7,9,11,24,25,27,29,31
1,2,3,4,5,6,7,9,10,11,14,20,22,24,25,27,29,31,32,34,35,39>4,37,8,10,13,14,15,32,1,2,3,35,5,7,9,11,24,25,27,29,31
1,6,7,9,14,15,16,19,20,21,23,25,26,28,29,32,33,35,36,37,39,40>6,38,14,18,21,24,30,1,33,36,37,7,39,9,15,20,23,26
1,6,7,9,14,15,16,19,20,21,23,25,26,28,29,32,33,35,36,37,39,40>32,8,40,14,16,19,25,28,29,30,1,33,36,37,7,39,9,15,20,23,26
1,6,7,9,14,15,16,19,20,21,23,25,26,28,29,32,33,35,36,37,39,40>32,5,38,10,16,21,29,1,33,36,37,7,39,9,15,20,23,26
1,6,7,9,14,15,16,19,20,21,23,25,26,28,29,32,33,35,36,37,39,40>32,35,5,6,38,8,14,24,25,28,29,1,33,36,37,7,39,9,15,20,23,26
3,35,37,6,38,8,9,10,39,12,13,40,15,18,19,20,22,24,26>5,11,15,17,20,23,35,3,37,39,8,10,12,13,18,22,24
3,35,37,6,38,8,9,10,39,12,13,40,15,18,19,20,22,24,26>4,5,9,11,15,19,20,21,25,26,28,29,30,34,35,3,37,39,8,10,12,13,18,22,24
3,35,37,6,38,8,9,10,39,12,13,40,15,18,19,20,22,24,26>4,6,9,11,14,17,19,20,23,25,29,35,40,3,37,39,8,10,12,13,18,22,24
3,35,37,6,38,8,9,10,39,12,13,40,15,18,19,20,22,24,26>5,9,11,14,15,17,20,25,29,30,34,38,40,3,37,39,8,10,12,13,18,22,24
32,1,2,3,4,5,6,7,34,35,10,11,37,13,16,17,18,24,28>32,4,6,9,22,24,25,1,2,3,34,5,37,7,11,13,16,17
32,1,2,3,4,5,6,7,34,35,10,11,37,13,16,17,18,24,28>33,4,6,8,9,10,14,18,22,24,25,1,2,3,34,5,37,7,11,13,16,17
32,1,2,3,4,5,6,7,34,35,10,11,37,13,16,17,18,24,28>35,18,20,24,25,28,1,2,3,34,5,37,7,11,13,16,17
32,1,2,3,4,5,6,7,34,35,10,11,37,13,16,17,18,24,28>32,33,35,6,8,9,10,14,20,22,24,25,1,2,3,34,5,37,7,11,13,16,17
33,4,5,7,8,9,11,14,17,18,20,24,26,27,28,29,30>32,7,39,40,22,29,31,33,5,9,20,24,30
33,4,5,7,8,9,11,14,17,18,20,24,26,27,28,29,30>4,8,39,15,25,26,27,28,29,33,5,9,20,24,30
33,4,5,7,8,9,11,14,17,18,20,24,26,27,28,29,30>36,8,39,40,14,15,25,26,31,33,5,9,20,24,30
33,4,5,7,8,9,11,14,17,18,20,24,26,27,28,29,30>32,36,7,39,40,11,17,25,28,33,5,9,20,24,30
1,2,5,6,8,11,12,14,15,17,18,22,23,24,26,27,28,29,31,32,35,36,37,38,40>33,36,39,40,11,14,17,21,23,24,27,30,32,1,2,35,5,37,38,8,15,22,26,28,29,31
1,2,5,6,8,11,12,14,15,17,18,22,23,24,26,27,28,29,31,32,35,36,37,38,40>33,6,40,14,24,25,27,32,1,2,35,5,37,38,8,15,22,26,28,29,31
1,2,5,6,8,11,12,14,15,17,18,22,23,24,26,27,28,29,31,32,35,36,37,38,40>36,6,7,39,14,17,18,20,23,24,25,27,30,32,1,2,35,5,37,38,8,15,22,26,28,29,31
1,2,5,6,8,11,12,14,15,17,18,22,23,24,26,27,28,29,31,32,35,36,37,38,40>33,36,6,7,40,12,14,17,18,21,24,27,32,1,2,35,5,37,38,8,15,22,26,28,29,31
2,6,9,10,11,13,14,15,17,18,19,20,22,24,25,26,27,29,30,31,32,34,35,36,37,38,39,40>12,36,23,8,32,2,35,37,38,40,11,13,14,15,17,18,20,22,24,25,27,29,30,31
2,6,9,10,11,13,14,15,17,18,19,20,22,24,25,26,27,29,30,31,32,34,35,36,37,38,39,40>12,5,8,26,32,2,35,37,38,40,11,13,14,15,17,18,20,22,24,25,27,29,30,31
2,6,9,10,11,13,14,15,17,18,19,20,22,24,25,26,27,29,30,31,32,34,35,36,37,38,39,40>36,5,8,9,10,12,16,32,2,35,37,38,40,11,13,14,15,17,18,20,22,24,25,27,29,30,31
2,6,9,10,11,13,14,15,17,18,19,20,22,24,25,26,27,29,30,31,32,34,35,36,37,38,39,40>34,36,5,6,8,10,12,19,21,32,2,35,37,38,40,11,13,14,15,17,18,20,22,24,25,27,29,30,31
1,3,4,6,7,10,12,13,15,18,19,21,25,27,28,30,32,34,38,39,40>9,16,17,19,21,22,23,28,30,31,33,38,32,1,34,3,4,7,40,12,13,18,27
1,3,4,6,7,10,12,13,15,18,19,21,25,27,28,30,32,34,38,39,40>5,9,10,14,17,21,22,23,25,33,38,32,1,34,3,4,7,40,12,13,18,27
1,3,4,6,7,10,12,13,15,18,19,21,25,27,28,30,32,34,38,39,40>5,6,11,15,16,19,20,28,30,31,33,38,39,32,1,34,3,4,7,40,12,13,18,27
1,3,4,6,7,10,12,13,15,18,19,21,25,27,28,30,32,34,38,39,40>8,11,15,17,20,22,23,28,31,33,32,1,34,3,4,7,40,12,13,18,27
4,5,6,8,9,10,11,12,14,16,20,22,23,25,26,27,29,34,36,37,38,39>4,12,14,16,23,24,25,30,37,38,39,8,9,11,26,27,29
4,5,6,8,9,10,11,12,14,16,20,22,23,25,26,27,29,34,36,37,38,39>6,12,13,20,22,23,24,25,28,30,31,36,37,8,9,11,26,27,29
4,5,6,8,9,10,11,12,14,16,20,22,23,25,26,27,29,34,36,37,38,39>4,5,6,10,12,13,14,22,23,25,28,30,36,37,38,8,9,11,26,27,29
4,5,6,8,9,10,11,12,14,16,20,22,23,25,26,27,29,34,36,37,38,39>4,5,6,12,13,14,20,23,25,31,34,38,8,9,11,26,27,29
32,1,2,33,4,34,36,37,8,9,38,39,18,22,24,27,28,30,31>35,7,8,21,27,30,32,1,2,34,33,36,38,22,28,31
32,1,2,33,4,34,36,37,8,9,38,39,18,22,24,27,28,30,31>35,4,7,9,40,18,21,24,25,27,29,32,1,2,34,33,36,38,22,28,31
32,1,2,33,4,34,36,37,8,9,38,39,18,22,24,27,28,30,31>37,6,8,18,25,29,32,1,2,34,33,36,38,22,28,31
32,1,2,33,4,34,36,37,8,9,38,39,18,22,24,27,28,30,31>4,37,40,18,25,32,1,2,34,33,36,38,22,28,31
3,4,6,7,9,10,11,13,16,17,18,21,24,26,27,29,32,33,34,35,36,37,39>5,20,25,30,34,35,38,32,3,36,37,9,11,13,16,17
3,4,6,7,9,10,11,13,16,17,18,21,24,26,27,29,32,33,34,35,36,37,39>6,8,14,18,24,27,29,31,35,32,3,36,37,9,11,13,16,17
3,4,6,7,9,10,11,13,16,17,18,21,24,26,27,29,32,33,34,35,36,37,39>4,6,10,21,24,29,33,35,38,32,3,36,37,9,11,13,16,17
3,4,6,7,9,10,11,13,16,17,18,21,24,26,27,29,32,33,34,35,36,37,39>5,6,8,18,20,21,22,24,26,27,29,30,31,35,39,32,3,36,37,9,11,13,16,17
33,34,3,4,35,37,38,8,39,10,11,40,13,14,18,21,23,24,28>4,38,39,8,15,17,18,22,23,26,28,33,34,3,37,11,13,14
33,34,3,4,35,37,38,8,39,10,11,40,13,14,18,21,23,24,28>36,38,8,15,16,17,18,21,22,24,26,33,34,3,37,11,13,14
33,34,3,4,35,37,38,8,39,10,11,40,13,14,18,21,23,24,28>35,36,38,39,10,15,17,18,25,26,33,34,3,37,11,13,14
33,34,3,4,35,37,38,8,39,10,11,40,13,14,18,21,23,24,28>35,4,36,39,8,40,10,15,20,23,25,26,28,33,34,3,37,11,13,14
1,2,3,6,7,8,11,16,17,18,19,21,22,23,25,27,34,36,38,39,40>32,5,38,39,40,17,19,20,25,26,31,1,2,3,34,6,7,8,18,21,22,23,27
1,2,3,6,7,8,11,16,17,18,19,21,22,23,25,27,34,36,38,39,40>5,11,16,17,26,28,29,31,1,2,3,34,6,7,8,18,21,22,23,27
1,2,3,6,7,8,11,16,17,18,19,21,22,23,25,27,34,36,38,39,40>32,5,39,40,9,20,25,26,31,1,2,3,34,6,7,8,18,21,22,23,27
1,2,3,6,7,8,11,16,17,18,19,21,22,23,25,27,34,36,38,39,40>32,36,5,40,11,16,19,20,26,28,31,1,2,3,34,6,7,8,18,21,22,23,27
1,3,5,6,7,9,10,11,14,15,16,21,22,23,24,25,27,30,31,32,33,34,35,36,38,39>33,14,20,21,22,23,24,32,1,34,3,35,5,36,7,38,9,11,15,25,27,31
1,3,5,6,7,9,10,11,14,15,16,21,22,23,24,25,27,30,31,32,33,34,35,36,38,39>33,6,8,40,14,16,20,24,30,32,1,34,3,35,5,36,7,38,9,11,15,25,27,31
1,3,5,6,7,9,10,11,14,15,16,21,22,23,24,25,27,30,31,32,33,34,35,36,38,39>37,6,39,10,20,23,29,32,1,34,3,35,5,36,7,38,9,11,15,25,27,31
1,3,5,6,7,9,10,11,14,15,16,21,22,23,24,25,27,30,31,32,33,34,35,36,38,39>33,39,8,40,16,20,21,22,23,24,28,29,32,1,34,3,35,5,36,7,38,9,11,15,25,27,31
1,2,3,5,6,10,11,13,15,16,17,19,20,21,22,23,24,25,26,27,31,33,34,35,36>33,8,12,14,21,28,1,2,3,34,5,35,36,11,13,16,17,20,23,24,25,26,27,31
1,2,3,5,6,10,11,13,15,16,17,19,20,21,22,23,24,25,26,27,31,33,34,35,36>37,7,8,12,14,15,18,21,29,30,1,2,3,34,5,35,36,11,13,16,17,20,23,24,25,26,27,31
1,2,3,5,6,10,11,13,15,16,17,19,20,21,22,23,24,25,26,27,31,33,34,35,36>37,10,14,15,28,30,1,2,3,34,5,35,36,11,13,16,17,20,23,24,25,26,27,31
1,2,3,5,6,10,11,13,15,16,17,19,20,21,22,23,24,25,26,27,31,33,34,35,36>32,33,37,8,14,21,22,28,1,2,3,34,5,35,36,11,13,16,17,20,23,24,25,26,27,31
32,1,2,34,4,36,37,7,8,38,10,13,19,23,25,26,27,29,31>34,9,37,16,17,19,30,32,1,2,38,7,13,23,26,27,31
32,1,2,34,4,36,37,7,8,38,10,13,19,23,25,26,27,29,31>34,35,6,36,8,9,10,11,37,16,19,25,29,30,32,1,2,38,7,13,23,26,27,31
32,1,2,34,4,36,37,7,8,38,10,13,19,23,25,26,27,29,31>34,4,5,8,11,14,17,18,19,25,29,30,32,1,2,38,7,13,23,26,27,31
32,1,2,34,4,36,37,7,8,38,10,13,19,23,25,26,27,29,31>34,35,4,37,17,18,19,29,32,1,2,38,7,13,23,26,27,31
32,3,4,5,35,7,9,10,11,13,14,16,17,19,20,24,27,29,31>37,39,10,18,23,32,35,3,5,9,11,13,14,16,17,20,24,31
32,3,4,5,35,7,9,10,11,13,14,16,17,19,20,24,27,29,31>19,4,37,27,32,35,3,5,9,11,13,14,16,17,20,24,31
32,3,4,5,35,7,9,10,11,13,14,16,17,19,20,24,27,29,31>7,39,10,15,18,23,25,27,32,35,3,5,9,11,13,14,16,17,20,24,31
32,3,4,5,35,7,9,10,11,13,14,16,17,19,20,24,27,29,31>37,7,39,10,18,19,25,27,32,35,3,5,9,11,13,14,16,17,20,24,31
32,33,34,35,5,6,37,40,9,11,12,15,17,18,22,25,28>6,40,11,18,21,27,29,33,34,37,5,22,28
32,33,34,35,5,6,37,40,9,11,12,15,17,18,22,25,28>36,6,40,11,17,20,29,33,34,37,5,22,28
32,33,34,35,5,6,37,40,9,11,12,15,17,18,22,25,28>36,6,9,12,15,17,20,21,27,33,34,37,5,22,28
32,33,34,35,5,6,37,40,9,11,12,15,17,18,22,25,28>36,40,12,15,17,20,25,27,29,33,34,37,5,22,28
4,5,6,7,9,10,12,13,15,17,18,19,22,23,24,26,29,33,36,39,40>33,8,11,16,20,24,36,5,39,9,10,12,13,17,18,22,23,26,29
4,5,6,7,9,10,12,13,15,17,18,19,22,23,24,26,29,33,36,39,40>4,7,11,16,19,20,21,24,25,28,30,36,5,39,9,10,12,13,17,18,22,23,26,29
4,5,6,7,9,10,12,13,15,17,18,19,22,23,24,26,29,33,36,39,40>33,6,7,8,11,14,19,20,21,30,36,5,39,9,10,12,13,17,18,22,23,26,29
4,5,6,7,9,10,12,13,15,17,18,19,22,23,24,26,29,33,36,39,40>4,6,8,40,11,14,15,19,30,36,5,39,9,10,12,13,17,18,22,23,26,29
1,33,3,36,5,6,7,8,10,11,12,14,18,19,20,21,22,24,30,31>33,34,9,10,12,14,28,29,30,31,1,3,36,5,7,8,11,18,20,21,22,24
1,33,3,36,5,6,7,8,10,11,12,14,18,19,20,21,22,24,30,31>33,35,39,9,10,14,23,31,1,3,36,5,7,8,11,18,20,21,22,24
1,33,3,36,5,6,7,8,10,11,12,14,18,19,20,21,22,24,30,31>34,35,10,12,13,15,19,23,28,29,30,1,3,36,5,7,8,11,18,20,21,22,24
1,33,3,36,5,6,7,8,10,11,12,14,18,19,20,21,22,24,30,31>34,35,6,39,12,15,19,25,28,30,1,3,36,5,7,8,11,18,20,21,22,24
1,34,3,38,7,40,9,11,12,13,16,18,19,20,22,23,26,30>12,14,19,20,21,24,29,1,34,3,40,9,16,18,22,23,26,30
1,34,3,38,7,40,9,11,12,13,16,18,19,20,22,23,26,30>5,38,11,13,19,20,21,28,1,34,3,40,9,16,18,22,23,26,30
1,34,3,38,7,40,9,11,12,13,16,18,19,20,22,23,26,30>7,12,14,17,19,20,21,24,1,34,3,40,9,16,18,22,23,26,30
1,34,3,38,7,40,9,11,12,13,16,18,19,20,22,23,26,30>5,38,7,11,12,13,17,19,20,21,24,29,1,34,3,40,9,16,18,22,23,26,30
2,34,5,6,7,39,9,40,12,13,14,15,18,20,21,24,25,28,29,30>34,7,8,12,16,21,22,29,2,5,40,9,14,15,20,24,25
2,34,5,6,7,39,9,40,12,13,14,15,18,20,21,24,25,28,29,30>33,7,16,18,22,28,29,30,2,5,40,9,14,15,20,24,25
2,34,5,6,7,39,9,40,12,13,14,15,18,20,21,24,25,28,29,30>34,7,8,39,10,13,16,17,18,21,22,27,28,29,30,2,5,40,9,14,15,20,24,25
2,34,5,6,7,39,9,40,12,13,14,15,18,20,21,24,25,28,29,30>33,34,6,7,13,18,22,27,2,5,40,9,14,15,20,24,25
1,2,3,4,5,6,7,8,9,13,16,18,21,22,23,26,27,28,30,32,35,36,37,38,39,40>36,6,10,17,20,23,29,32,1,2,3,4,5,37,7,8,9,38,39,40,16,21,22,26,28,30
1,2,3,4,5,6,7,8,9,13,16,18,21,22,23,26,27,28,30,32,35,36,37,38,39,40>33,34,36,10,13,14,18,29,32,1,2,3,4,5,37,7,8,9,38,39,40,16,21,22,26,28,30
1,2,3,4,5,6,7,8,9,13,16,18,21,22,23,26,27,28,30,32,35,36,37,38,39,40>33,35,10,13,20,23,27,32,1,2,3,4,5,37,7,8,9,38,39,40,16,21,22,26,28,30
1,2,3,4,5,6,7,8,9,13,16,18,21,22,23,26,27,28,30,32,35,36,37,38,39,40>34,35,6,18,27,29,32,1,2,3,4,5,37,7,8,9,38,39,40,16,21,22,26,28,30
1,5,7,8,9,10,11,13,14,18,19,21,25,27,28,29,30,32,33,34,35,38,39,40>15,17,19,20,22,23,25,28,30,31,37,38,32,1,33,5,40,9,11,13,14,18,27
1,5,7,8,9,10,11,13,14,18,19,21,25,27,28,29,30,32,33,34,35,38,39,40>10,15,16,20,21,22,23,25,29,31,34,35,36,38,32,1,33,5,40,9,11,13,14,18,27
1,5,7,8,9,10,11,13,14,18,19,21,25,27,28,29,30,32,33,34,35,38,39,40>7,8,16,17,20,21,32,1,33,5,40,9,11,13,14,18,27
1,5,7,8,9,10,11,13,14,18,19,21,25,27,28,29,30,32,33,34,35,38,39,40>10,15,20,21,22,29,30,35,36,37,38,39,32,1,33,5,40,9,11,13,14,18,27
32,34,3,36,5,37,7,38,12,13,16,19,20,21,22,23,30>32,4,37,14,17,18,24,26,34,3,5,38,16,20,23
32,34,3,36,5,37,7,38,12,13,16,19,20,21,22,23,30>36,7,9,12,13,14,18,19,24,26,34,3,5,38,16,20,23
32,34,3,36,5,37,7,38,12,13,16,19,20,21,22,23,30>4,36,7,40,9,14,19,24,28,29,34,3,5,38,16,20,23
32,34,3,36,5,37,7,38,12,13,16,19,20,21,22,23,30>32,4,36,40,14,22,24,29,30,34,3,5,38,16,20,23
32,4,5,7,8,9,39,40,13,15,16,17,18,21,23,24,25,26>32,7,13,18,22,27,30,5,39,9,16,17,25,26
32,4,5,7,8,9,39,40,13,15,16,17,18,21,23,24,25,26>32,40,13,18,20,21,23,27,5,39,9,16,17,25,26
32,4,5,7,8,9,39,40,13,15,16,17,18,21,23,24,25,26>32,34,7,8,40,13,14,15,20,21,22,27,5,39,9,16,17,25,26
32,4,5,7,8,9,39,40,13,15,16,17,18,21,23,24,25,26>4,7,15,18,22,24,5,39,9,16,17,25,26
32,33,2,3,4,37,38,9,10,11,13,14,16,17,19,20,23,24,25>32,33,36,37,38,9,15,26,2,3,11,13,14,16,17,20,23,24,25
32,33,2,3,4,37,38,9,10,11,13,14,16,17,19,20,23,24,25>32,33,36,39,9,10,18,19,2,3,11,13,14,16,17,20,23,24,25
32,33,2,3,4,37,38,9,10,11,13,14,16,17,19,20,23,24,25>32,33,4,37,39,15,18,19,26,27,2,3,11,13,14,16,17,20,23,24,25
32,33,2,3,4,37,38,9,10,11,13,14,16,17,19,20,23,24,25>33,34,4,38,39,15,19,27,2,3,11,13,14,16,17,20,23,24,25
2,3,4,8,9,11,14,15,19,20,21,22,24,25,26,27,28,29,30,32,34,36,39>34,36,38,39,40,11,19,21,22,23,26,32,2,3,15,20,24,25,27,28,29,30
2,3,4,8,9,11,14,15,19,20,21,22,24,25,26,27,28,29,30,32,34,36,39>4,36,39,40,11,19,23,32,2,3,15,20,24,25,27,28,29,30
2,3,4,8,9,11,14,15,19,20,21,22,24,25,26,27,28,29,30,32,34,36,39>34,4,36,38,9,40,11,23,31,32,2,3,15,20,24,25,27,28,29,30
2,3,4,8,9,11,14,15,19,20,21,22,24,25,26,27,28,29,30,32,34,36,39>4,36,38,39,9,40,14,21,22,26,32,2,3,15,20,24,25,27,28,29,30
2,3,5,6,7,8,10,11,12,13,16,20,24,25,28,29,31,33,35,38,39>36,10,12,14,17,20,27,28,31,33,2,3,35,5,39,8,11,13,16,24,25
2,3,5,6,7,8,10,11,12,13,16,20,24,25,28,29,31,33,35,38,39>37,10,12,14,17,20,29,33,2,3,35,5,39,8,11,13,16,24,25
2,3,5,6,7,8,10,11,12,13,16,20,24,25,28,29,31,33,35,38,39>36,37,14,20,27,33,2,3,35,5,39,8,11,13,16,24,25
2,3,5,6,7,8,10,11,12,13,16,20,24,25,28,29,31,33,35,38,39>36,6,38,17,27,29,31,33,2,3,35,5,39,8,11,13,16,24,25
1,2,3,4,5,6,7,8,9,11,13,15,16,19,20,24,25,27,29,30,32,34,35,37,38,39>34,35,6,38,13,14,15,17,18,19,20,23,29,30,31,32,1,2,3,5,37,7,8,9,16,24,25,27
1,2,3,4,5,6,7,8,9,11,13,15,16,19,20,24,25,27,29,30,32,34,35,37,38,39>34,4,6,38,13,15,17,18,23,32,1,2,3,5,37,7,8,9,16,24,25,27
1,2,3,4,5,6,7,8,9,11,13,15,16,19,20,24,25,27,29,30,32,34,35,37,38,39>34,35,4,40,15,19,20,23,31,32,1,2,3,5,37,7,8,9,16,24,25,27
1,2,3,4,5,6,7,8,9,11,13,15,16,19,20,24,25,27,29,30,32,34,35,37,38,39>34,35,4,6,40,13,14,15,19,20,23,29,32,1,2,3,5,37,7,8,9,16,24,25,27
33,36,5,37,8,40,11,12,14,18,19,22,25,27,29,31>35,37,39,8,40,21,23,36,5,18,22,27,29,31
33,36,5,37,8,40,11,12,14,18,19,22,25,27,29,31>32,39,8,40,11,12,21,23,36,5,18,22,27,29,31
33,36,5,37,8,40,11,12,14,18,19,22,25,27,29,31>33,37,39,8,12,14,19,21,25,36,5,18,22,27,29,31
33,36,5,37,8,40,11,12,14,18,19,22,25,27,29,31>35,40,11,12,15,21,23,36,5,18,22,27,29,31
32,1,2,3,4,5,33,35,8,36,37,38,14,15,18,20,21,23,27,28>34,7,14,21,22,32,1,2,3,4,33,36,37,38,15,20
32,1,2,3,4,5,33,35,8,36,37,38,14,15,18,20,21,23,27,28>34,5,8,39,21,22,23,28,31,32,1,2,3,4,33,36,37,38,15,20
32,1,2,3,4,5,33,35,8,36,37,38,14,15,18,20,21,23,27,28>35,5,7,18,21,23,32,1,2,3,4,33,36,37,38,15,20
32,1,2,3,4,5,33,35,8,36,37,38,14,15,18,20,21,23,27,28>34,5,39,18,21,22,26,27,32,1,2,3,4,33,36,37,38,15,20
1,2,7,11,12,14,15,17,19,20,22,23,24,25,26,28,33,34,37,38,39>36,7,37,38,12,39,18,27,30,1,2,33,34,15,20,23,24,25,26,28
1,2,7,11,12,14,15,17,19,20,22,23,24,25,26,28,33,34,37,38,39>36,5,12,14,17,18,19,22,29,30,1,2,33,34,15,20,23,24,25,26,28
1,2,7,11,12,14,15,17,19,20,22,23,24,25,26,28,33,34,37,38,39>36,6,7,38,14,29,30,1,2,33,34,15,20,23,24,25,26,28
1,2,7,11,12,14,15,17,19,20,22,23,24,25,26,28,33,34,37,38,39>36,5,6,37,38,11,39,14,18,19,27,1,2,33,34,15,20,23,24,25,26,28
1,3,4,5,6,7,8,9,11,15,17,18,19,20,21,22,26,30,31,32,34,40>32,6,11,15,17,29,31,1,34,3,5,7,8,9,40,18,20,21,22,30
1,3,4,5,6,7,8,9,11,15,17,18,19,20,21,22,26,30,31,32,34,40>35,6,19,23,24,28,29,31,1,34,3,5,7,8,9,40,18,20,21,22,30
1,3,4,5,6,7,8,9,11,15,17,18,19,20,21,22,26,30,31,32,34,40>32,35,6,15,23,26,29,1,34,3,5,7,8,9,40,18,20,21,22,30
1,3,4,5,6,7,8,9,11,15,17,18,19,20,21,22,26,30,31,32,34,40>32,35,4,11,15,17,28,1,34,3,5,7,8,9,40,18,20,21,22,30
1,33,3,4,34,35,7,8,9,37,11,12,39,17,19,21,22,31>33,36,39,12,17,18,19,20,22,23,28,29,1,34,3,35,37,7,9
1,33,3,4,34,35,7,8,9,37,11,12,39,17,19,21,22,31>33,5,36,39,17,18,19,21,22,29,1,34,3,35,37,7,9
1,33,3,4,34,35,7,8,9,37,11,12,39,17,19,21,22,31>4,5,18,19,21,22,28,31,1,34,3,35,37,7,9
1,33,3,4,34,35,7,8,9,37,11,12,39,17,19,21,22,31>33,4,5,36,11,12,18,19,20,22,1,34,3,35,37,7,9
32,34,35,4,36,9,10,12,13,14,20,21,27,29>36,10,12,15,21,24,27,31,32,20,13,14
32,34,35,4,36,9,10,12,13,14,20,21,27,29>34,35,36,37,38,9,16,21,24,29,31,32,20,13,14
32,34,35,4,36,9,10,12,13,14,20,21,27,29>34,35,38,10,15,17,24,29,32,20,13,14
32,34,35,4,36,9,10,12,13,14,20,21,27,29>35,4,38,10,16,17,21,24,31,32,20,13,14
1,2,3,4,5,6,11,12,15,16,18,20,21,22,23,27,28,31,34,35,36,37,39>5,9,11,12,15,16,29,1,2,3,34,35,37,20,21,22,28,31
1,2,3,4,5,6,11,12,15,16,18,20,21,22,23,27,28,31,34,35,36,37,39>4,6,8,12,16,18,29,1,2,3,34,35,37,20,21,22,28,31
1,2,3,4,5,6,11,12,15,16,18,20,21,22,23,27,28,31,34,35,36,37,39>4,6,7,36,15,16,18,23,24,1,2,3,34,35,37,20,21,22,28,31
1,2,3,4,5,6,11,12,15,16,18,20,21,22,23,27,28,31,34,35,36,37,39>32,33,4,7,8,11,39,15,18,1,2,3,34,35,37,20,21,22,28,31
1,2,4,6,8,13,16,17,18,19,21,23,26,27,28,29,30,34,36,37,39>33,4,37,39,9,13,14,20,21,22,28,29,31,1,2,6,8,16,17,18,23,26,30
1,2,4,6,8,13,16,17,18,19,21,23,26,27,28,29,30,34,36,37,39>32,33,4,37,9,14,19,20,28,29,1,2,6,8,16,17,18,23,26,30
1,2,4,6,8,13,16,17,18,19,21,23,26,27,28,29,30,34,36,37,39>32,34,4,37,39,13,19,20,27,28,31,1,2,6,8,16,17,18,23,26,30
1,2,4,6,8,13,16,17,18,19,21,23,26,27,28,29,30,34,36,37,39>32,33,34,4,36,7,39,19,28,1,2,6,8,16,17,18,23,26,30
1,2,3,6,8,13,14,15,17,18,21,22,23,24,25,26,28,29,33,37,38,40>7,37,38,39,40,13,27,30,1,2,3,33,6,8,14,15,17,21,22,25,26,28,29
1,2,3,6,8,13,14,15,17,18,21,22,23,24,25,26,28,29,33,37,38,40>36,37,38,40,18,20,23,1,2,3,33,6,8,14,15,17,21,22,25,26,28,29
1,2,3,6,8,13,14,15,17,18,21,22,23,24,25,26,28,29,33,37,38,40>36,7,18,23,24,27,30,1,2,3,33,6,8,14,15,17,21,22,25,26,28,29
1,2,3,6,8,13,14,15,17,18,21,22,23,24,25,26,28,29,33,37,38,40>5,37,38,39,13,16,18,20,24,1,2,3,33,6,8,14,15,17,21,22,25,26,28,29
1,33,36,6,38,8,9,11,15,16,18,20,21,24,27,28,30,31>5,7,9,40,15,16,21,28,30,1,33,36,8,20,24,31
1,33,36,6,38,8,9,11,15,16,18,20,21,24,27,28,30,31>34,6,39,40,18,27,28,30,1,33,36,8,20,24,31
1,33,36,6,38,8,9,11,15,16,18,20,21,24,27,28,30,31>35,6,7,9,39,40,16,25,27,1,33,36,8,20,24,31
1,33,36,6,38,8,9,11,15,16,18,20,21,24,27,28,30,31>34,35,39,40,15,16,18,21,22,25,27,1,33,36,8,20,24,31
1,3,4,7,8,9,10,11,13,14,15,16,17,20,23,24,29,31,33,34,35,36,38>33,38,8,12,19,25,1,3,35,36,7,9,11,13,14,15,16,17,20,24
1,3,4,7,8,9,10,11,13,14,15,16,17,20,23,24,29,31,33,34,35,36,38>34,5,12,19,23,26,31,1,3,35,36,7,9,11,13,14,15,16,17,20,24
1,3,4,7,8,9,10,11,13,14,15,16,17,20,23,24,29,31,33,34,35,36,38>4,5,37,10,12,25,31,1,3,35,36,7,9,11,13,14,15,16,17,20,24
1,3,4,7,8,9,10,11,13,14,15,16,17,20,23,24,29,31,33,34,35,36,38>34,5,37,38,12,19,25,29,31,1,3,35,36,7,9,11,13,14,15,16,17,20,24
2,6,7,8,10,14,15,16,18,20,21,22,23,24,25,26,28,29,32,35,36,38,40>5,9,10,13,18,27,30,35,36,37,2,38,8,15,20,21,22,24,25,26,28,29
2,6,7,8,10,14,15,16,18,20,21,22,23,24,25,26,28,29,32,35,36,38,40>6,11,19,23,27,33,37,39,2,38,8,15,20,21,22,24,25,26,28,29
2,6,7,8,10,14,15,16,18,20,21,22,23,24,25,26,28,29,32,35,36,38,40>5,7,9,10,14,19,30,33,35,39,40,2,38,8,15,20,21,22,24,25,26,28,29
2,6,7,8,10,14,15,16,18,20,21,22,23,24,25,26,28,29,32,35,36,38,40>6,7,9,10,14,18,23,32,33,35,40,2,38,8,15,20,21,22,24,25,26,28,29
2,3,6,7,11,12,14,15,16,19,20,21,22,25,29,31,32,34,35,36,38>6,8,9,11,12,14,22,23,24,25,28,31,34,36,2,35,3,38,15,20,29
2,3,6,7,11,12,14,15,16,19,20,21,22,25,29,31,32,34,35,36,38>5,7,8,11,18,19,25,31,34,36,37,2,35,3,38,15,20,29
2,3,6,7,11,12,14,15,16,19,20,21,22,25,29,31,32,34,35,36,38>6,8,12,18,19,22,34,36,37,2,35,3,38,15,20,29
2,3,6,7,11,12,14,15,16,19,20,21,22,25,29,31,32,34,35,36,38>6,7,8,14,18,19,24,28,31,32,2,35,3,38,15,20,29
1,33,3,34,5,6,36,8,39,10,40,15,18,20,21,22,25,28,30>39,10,11,12,13,15,18,24,30,1,34,3,33,5,36,8,40,20,21,22,28
1,33,3,34,5,6,36,8,39,10,40,15,18,20,21,22,25,28,30>4,39,10,13,18,25,27,1,34,3,33,5,36,8,40,20,21,22,28
1,33,3,34,5,6,36,8,39,10,40,15,18,20,21,22,25,28,30>4,39,10,12,18,25,29,30,1,34,3,33,5,36,8,40,20,21,22,28
1,33,3,34,5,6,36,8,39,10,40,15,18,20,21,22,25,28,30>4,39,10,11,29,1,34,3,33,5,36,8,40,20,21,22,28
1,3,7,8,10,11,12,13,15,16,19,21,22,27,28,29,31>8,10,39,14,15,17,18,23,27,1,3,11,12,13,16,19,28,29,31
1,3,7,8,10,11,12,13,15,16,19,21,22,27,28,29,31>5,7,8,14,15,17,18,21,22,23,27,1,3,11,12,13,16,19,28,29,31
1,3,7,8,10,11,12,13,15,16,19,21,22,27,28,29,31>32,35,5,7,10,17,18,20,1,3,11,12,13,16,19,28,29,31
1,3,7,8,10,11,12,13,15,16,19,21,22,27,28,29,31>33,35,9,39,17,18,20,22,1,3,11,12,13,16,19,28,29,31
3,4,5,7,10,12,14,15,16,17,18,19,22,24,25,26,28,31,34,35,38>11,16,20,21,26,27,34,35,3,4,5,12,15,18,19,22,25,28
3,4,5,7,10,12,14,15,16,17,18,19,22,24,25,26,28,31,34,35,38>37,7,10,13,14,20,23,27,34,35,3,4,5,12,15,18,19,22,25,28
3,4,5,7,10,12,14,15,16,17,18,19,22,24,25,26,28,31,34,35,38>7,10,11,16,23,29,30,34,35,3,4,5,12,15,18,19,22,25,28
3,4,5,7,10,12,14,15,16,17,18,19,22,24,25,26,28,31,34,35,38>33,37,38,7,13,14,17,21,24,30,31,34,35,3,4,5,12,15,18,19,22,25,28
1,2,3,5,7,9,12,13,16,17,18,19,20,22,23,24,25,28,31,35,37,39,40>33,34,4,7,12,19,27,29,1,2,3,35,5,37,39,9,16,17,18,20,22,23,24,25,28
1,2,3,5,7,9,12,13,16,17,18,19,20,22,23,24,25,28,31,35,37,39,40>4,12,13,19,21,1,2,3,35,5,37,39,9,16,17,18,20,22,23,24,25,28
1,2,3,5,7,9,12,13,16,17,18,19,20,22,23,24,25,28,31,35,37,39,40>33,34,4,40,12,26,27,29,31,1,2,3,35,5,37,39,9,16,17,18,20,22,23,24,25,28
1,2,3,5,7,9,12,13,16,17,18,19,20,22,23,24,25,28,31,35,37,39,40>33,34,4,7,12,13,21,29,1,2,3,35,5,37,39,9,16,17,18,20,22,23,24,25,28
1,2,3,5,7,9,10,11,12,14,15,18,19,28,29,31,32,37,38,39,40>37,38,40,10,19,22,23,29,31,1,2,3,5,39,9,11,12,15,18
1,2,3,5,7,9,10,11,12,14,15,18,19,28,29,31,32,37,38,39,40>13,38,7,1,2,3,5,39,9,11,12,15,18
1,2,3,5,7,9,10,11,12,14,15,18,19,28,29,31,32,37,38,39,40>35,37,7,40,22,28,31,1,2,3,5,39,9,11,12,15,18
1,2,3,5,7,9,10,11,12,14,15,18,19,28,29,31,32,37,38,39,40>35,37,40,10,13,23,31,1,2,3,5,39,9,11,12,15,18
3,4,37,6,39,8,9,10,11,12,13,15,16,18,20,22,23,24,29>17,18,19,20,21,25,26,28,3,39,8,9,11,12,13,16,22,24,29
3,4,37,6,39,8,9,10,11,12,13,15,16,18,20,22,23,24,29>37,10,15,20,21,25,26,28,3,39,8,9,11,12,13,16,22,24,29
3,4,37,6,39,8,9,10,11,12,13,15,16,18,20,22,23,24,29>4,6,15,17,19,20,25,26,28,3,39,8,9,11,12,13,16,22,24,29
3,4,37,6,39,8,9,10,11,12,13,15,16,18,20,22,23,24,29>37,6,10,15,17,18,19,3,39,8,9,11,12,13,16,22,24,29
33,34,3,4,5,35,7,8,36,11,18,26,27,30,31>22,27,8,34,35,3,36,5,30,31
33,34,3,4,5,35,7,8,36,11,18,26,27,30,31>33,37,7,40,18,27,34,35,3,36,5,30,31
33,34,3,4,5,35,7,8,36,11,18,26,27,30,31>4,7,8,34,35,3,36,5,30,31
33,34,3,4,5,35,7,8,36,11,18,26,27,30,31>32,4,37,8,9,11,22,34,35,3,36,5,30,31
32,34,5,6,39,8,9,10,15,20,21,23,25,29,30>34,6,11,12,15,24,26,27,8,10,20,5
32,34,5,6,39,8,9,10,15,20,21,23,25,29,30>34,40,13,15,23,25,30,8,10,20,5
32,34,5,6,39,8,9,10,15,20,21,23,25,29,30>32,6,39,40,12,13,15,21,23,24,26,27,8,10,20,5
32,34,5,6,39,8,9,10,15,20,21,23,25,29,30>34,6,39,11,24,26,8,10,20,5
32,1,3,35,36,6,7,8,9,38,11,12,39,16,17,18,21,25,29,30>32,37,40,11,12,18,20,21,25,1,3,38,7,8,9,39
32,1,3,35,36,6,7,8,9,38,11,12,39,16,17,18,21,25,29,30>36,6,37,11,16,21,22,27,30,1,3,38,7,8,9,39
32,1,3,35,36,6,7,8,9,38,11,12,39,16,17,18,21,25,29,30>32,36,5,37,40,12,17,20,22,29,1,3,38,7,8,9,39
32,1,3,35,36,6,7,8,9,38,11,12,39,16,17,18,21,25,29,30>32,35,36,6,40,11,17,18,20,21,22,25,1,3,38,7,8,9,39
5,6,8,11,14,16,18,19,20,21,22,23,24,26,27,28,31,32,34,35,37,39>33,15,16,25,30,32,34,35,5,37,8,18,20,21,22,23,24,26,28,31
5,6,8,11,14,16,18,19,20,21,22,23,24,26,27,28,31,32,34,35,37,39>33,6,39,14,16,19,29,32,34,35,5,37,8,18,20,21,22,23,24,26,28,31
5,6,8,11,14,16,18,19,20,21,22,23,24,26,27,28,31,32,34,35,37,39>33,6,11,15,16,19,29,32,34,35,5,37,8,18,20,21,22,23,24,26,28,31
5,6,8,11,14,16,18,19,20,21,22,23,24,26,27,28,31,32,34,35,37,39>33,6,39,11,15,16,19,30,32,34,35,5,37,8,18,20,21,22,23,24,26,28,31
33,35,37,6,40,9,10,15,22,27,30,31>5,6,39,8,11,15,29,35,37,40,10,31
33,35,37,6,40,9,10,15,22,27,30,31>32,33,5,39,15,27,28,30,35,37,40,10,31
33,35,37,6,40,9,10,15,22,27,30,31>34,36,6,39,12,22,27,28,29,35,37,40,10,31
33,35,37,6,40,9,10,15,22,27,30,31>6,39,9,11,12,13,22,30,35,37,40,10,31
1,2,4,5,6,9,10,12,13,15,18,20,24,26,29,33,34,35,36,38,39,40>4,7,14,16,17,18,20,22,25,26,33,34,35,38,39,1,2,36,9,10,12,13,24
1,2,4,5,6,9,10,12,13,15,18,20,24,26,29,33,34,35,36,38,39,40>5,11,15,17,18,22,35,37,38,40,1,2,36,9,10,12,13,24
1,2,4,5,6,9,10,12,13,15,18,20,24,26,29,33,34,35,36,38,39,40>6,7,14,18,22,25,26,34,37,1,2,36,9,10,12,13,24
1,2,4,5,6,9,10,12,13,15,18,20,24,26,29,33,34,35,36,38,39,40>4,6,8,11,15,17,20,25,38,39,1,2,36,9,10,12,13,24
1,3,4,6,7,9,10,12,13,14,15,17,18,19,21,22,23,24,26,28,29,31,32,33,34,36,38>32,6,16,19,20,24,31,1,3,4,7,9,10,12,13,14,15,17,18,21,22,23,26,28,29,33,36,38
1,3,4,6,7,9,10,12,13,14,15,17,18,19,21,22,23,24,26,28,29,31,32,33,34,36,38>32,34,24,5,1,3,4,7,9,10,12,13,14,15,17,18,21,22,23,26,28,29,33,36,38
1,3,4,6,7,9,10,12,13,14,15,17,18,19,21,22,23,24,26,28,29,31,32,33,34,36,38>34,35,8,24,25,30,31,1,3,4,7,9,10,12,13,14,15,17,18,21,22,23,26,28,29,33,36,38
1,3,4,6,7,9,10,12,13,14,15,17,18,19,21,22,23,24,26,28,29,31,32,33,34,36,38>32,34,35,8,19,20,30,1,3,4,7,9,10,12,13,14,15,17,18,21,22,23,26,28,29,33,36,38
32,33,4,36,7,8,9,10,11,12,13,14,15,16,17,19,21,23,27,29>10,26,31,39,32,36,9,11,12,13,14,15,16,17,19,23
32,33,4,36,7,8,9,10,11,12,13,14,15,16,17,19,21,23,27,29>5,38,20,26,27,32,36,9,11,12,13,14,15,16,17,19,23
32,33,4,36,7,8,9,10,11,12,13,14,15,16,17,19,21,23,27,29>4,5,38,10,18,26,27,32,36,9,11,12,13,14,15,16,17,19,23
32,33,4,36,7,8,9,10,11,12,13,14,15,16,17,19,21,23,27,29>33,4,5,38,7,8,10,29,32,36,9,11,12,13,14,15,16,17,19,23
2,35,4,5,38,7,40,9,10,13,14,17,20,21,24,28,30,31>4,37,7,10,31,2,35,5,40,9,13,14,17,20,24
2,35,4,5,38,7,40,9,10,13,14,17,20,21,24,28,30,31>4,37,38,7,39,10,30,2,35,5,40,9,13,14,17,20,24
2,35,4,5,38,7,40,9,10,13,14,17,20,21,24,28,30,31>33,34,4,7,39,11,15,31,2,35,5,40,9,13,14,17,20,24
2,35,4,5,38,7,40,9,10,13,14,17,20,21,24,28,30,31>33,34,4,7,39,10,16,21,25,30,2,35,5,40,9,13,14,17,20,24
2,3,8,9,12,13,14,16,18,19,20,21,22,23,24,29,31,35,36,39,40>4,12,13,19,25,26,28,2,3,35,39,14,16,18,20,21,22,23,24,29
2,3,8,9,12,13,14,16,18,19,20,21,22,23,24,29,31,35,36,39,40>36,8,13,15,25,26,28,31,2,3,35,39,14,16,18,20,21,22,23,24,29
2,3,8,9,12,13,14,16,18,19,20,21,22,23,24,29,31,35,36,39,40>5,36,8,15,17,25,28,31,2,3,35,39,14,16,18,20,21,22,23,24,29
2,3,8,9,12,13,14,16,18,19,20,21,22,23,24,29,31,35,36,39,40>4,5,36,37,9,13,17,2,3,35,39,14,16,18,20,21,22,23,24,29
