CD45,CD8,TCRlig,TCbind,PAGCsk,LCK,Fyn,Rlk,TCRphos,ZAP70,cCbl,Itk,LAT,Gads,Slp76,PLCg_b,Grb2Sos,DAG,PLCg_a,Ras,RasGRP1,PKCth,IP3,Raf,MEK,Ca,ERK,SEK,IKK,Calcin,Rsk,Fos,JNK,IkB,CREB,Jun,CRE,AP1,NFkB,NFAT
32,1,33,34,4,35,8,9,10,11,40,16,17,20,22,23,26,30,31>32,33,4,37,8,9,13,17,22,24,28,1,34,35,40,11,20,26,30
32,1,33,34,4,35,8,9,10,11,40,16,17,20,22,23,26,30,31>32,33,36,37,7,10,16,17,22,23,28,29,1,34,35,40,11,20,26,30
32,1,33,34,4,35,8,9,10,11,40,16,17,20,22,23,26,30,31>32,4,37,8,16,22,23,24,29,1,34,35,40,11,20,26,30
32,1,33,34,4,35,8,9,10,11,40,16,17,20,22,23,26,30,31>32,33,4,36,7,9,10,13,17,22,23,24,28,29,1,34,35,40,11,20,26,30
6,7,9,11,12,14,16,17,19,20,21,22,25,27,31,33,34,35,37,38,40>11,15,16,21,23,25,29,36,34,35,37,9,20,27,31
6,7,9,11,12,14,16,17,19,20,21,22,25,27,31,33,34,35,37,38,40>7,8,15,18,23,24,29,32,36,34,35,37,9,20,27,31
6,7,9,11,12,14,16,17,19,20,21,22,25,27,31,33,34,35,37,38,40>5,6,17,18,21,23,24,25,28,29,33,36,38,40,34,35,37,9,20,27,31
6,7,9,11,12,14,16,17,19,20,21,22,25,27,31,33,34,35,37,38,40>7,15,16,18,21,22,24,25,29,32,38,40,34,35,37,9,20,27,31
33,2,4,5,6,40,10,14,15,16,17,19,20,21,24,27,29,31>8,9,10,11,12,14,16,18,19,21,23,32,33,36,39,2,15,20,24,31
33,2,4,5,6,40,10,14,15,16,17,19,20,21,24,27,29,31>4,8,12,13,18,19,21,23,25,29,35,40,2,15,20,24,31
33,2,4,5,6,40,10,14,15,16,17,19,20,21,24,27,29,31>5,11,13,14,19,23,32,33,35,36,2,15,20,24,31
33,2,4,5,6,40,10,14,15,16,17,19,20,21,24,27,29,31>4,5,6,9,10,13,14,16,17,18,19,23,27,29,33,2,15,20,24,31
1,2,33,4,5,34,35,37,38,39,40,12,15,16,17,20,25,26,27,30>36,7,38,24,26,1,2,34,37,40,20,27,30
1,2,33,4,5,34,35,37,38,39,40,12,15,16,17,20,25,26,27,30>32,33,36,38,39,16,24,26,1,2,34,37,40,20,27,30
1,2,33,4,5,34,35,37,38,39,40,12,15,16,17,20,25,26,27,30>35,36,38,16,17,26,31,1,2,34,37,40,20,27,30
1,2,33,4,5,34,35,37,38,39,40,12,15,16,17,20,25,26,27,30>32,33,35,5,36,7,38,12,15,16,17,26,1,2,34,37,40,20,27,30
32,33,2,35,4,36,38,8,9,10,12,13,17,18,19,23,24,25,26,30>35,4,39,8,9,11,40,16,22,24,27,2,36,38,13,17,18,23,25,26,30
32,33,2,35,4,36,38,8,9,10,12,13,17,18,19,23,24,25,26,30>33,37,39,8,9,10,12,40,16,19,24,27,2,36,38,13,17,18,23,25,26,30
32,33,2,35,4,36,38,8,9,10,12,13,17,18,19,23,24,25,26,30>32,33,35,4,39,8,11,40,19,20,22,2,36,38,13,17,18,23,25,26,30
32,33,2,35,4,36,38,8,9,10,12,13,17,18,19,23,24,25,26,30>8,9,11,40,14,19,20,22,24,27,2,36,38,13,17,18,23,25,26,30
2,4,5,6,10,12,13,14,15,16,17,18,20,21,22,23,24,25,27,28,30,31,32,36,38,39>5,36,9,11,40,26,29,32,2,38,39,12,13,14,15,16,17,20,21,22,24,25,27,28,31
2,4,5,6,10,12,13,14,15,16,17,18,20,21,22,23,24,25,27,28,30,31,32,36,38,39>34,4,6,40,18,19,29,32,2,38,39,12,13,14,15,16,17,20,21,22,24,25,27,28,31
2,4,5,6,10,12,13,14,15,16,17,18,20,21,22,23,24,25,27,28,30,31,32,36,38,39>35,4,36,8,9,11,29,32,2,38,39,12,13,14,15,16,17,20,21,22,24,25,27,28,31
2,4,5,6,10,12,13,14,15,16,17,18,20,21,22,23,24,25,27,28,30,31,32,36,38,39>35,4,5,9,40,19,26,32,2,38,39,12,13,14,15,16,17,20,21,22,24,25,27,28,31
1,3,6,8,9,11,15,16,17,18,20,25,26,27,28,29,31,32,34,35,36,38>5,37,11,15,16,18,22,24,25,26,32,1,3,35,38,8,20,27,31
1,3,6,8,9,11,15,16,17,18,20,25,26,27,28,29,31,32,34,35,36,38>33,5,7,16,17,22,24,25,26,28,30,32,1,3,35,38,8,20,27,31
1,3,6,8,9,11,15,16,17,18,20,25,26,27,28,29,31,32,34,35,36,38>33,36,5,6,7,9,15,22,25,29,30,32,1,3,35,38,8,20,27,31
1,3,6,8,9,11,15,16,17,18,20,25,26,27,28,29,31,32,34,35,36,38>34,36,5,9,11,15,17,18,26,28,29,30,32,1,3,35,38,8,20,27,31
2,3,4,5,6,7,11,14,22,23,24,25,26,27,28,29,32,33,36,38,40>9,11,40,15,22,23,30,32,33,2,3,36,5,38,25,26,27,28,29
2,3,4,5,6,7,11,14,22,23,24,25,26,27,28,29,32,33,36,38,40>6,8,39,15,22,24,30,31,32,33,2,3,36,5,38,25,26,27,28,29
2,3,4,5,6,7,11,14,22,23,24,25,26,27,28,29,32,33,36,38,40>4,6,39,11,15,22,24,32,33,2,3,36,5,38,25,26,27,28,29
2,3,4,5,6,7,11,14,22,23,24,25,26,27,28,29,32,33,36,38,40>4,6,7,39,11,40,14,22,23,24,32,33,2,3,36,5,38,25,26,27,28,29
1,33,34,5,38,8,9,12,16,17,21,24,25,26,27,28,29>38,12,16,20,24,26,28,29,30,31,1,33,5,25,27
1,33,34,5,38,8,9,12,16,17,21,24,25,26,27,28,29>36,16,17,21,24,26,31,1,33,5,25,27
1,33,34,5,38,8,9,12,16,17,21,24,25,26,27,28,29>32,36,38,9,24,30,31,1,33,5,25,27
1,33,34,5,38,8,9,12,16,17,21,24,25,26,27,28,29>34,36,38,9,12,16,20,24,28,31,1,33,5,25,27
2,3,5,7,10,11,12,13,15,18,20,21,22,23,26,27,28,29,32,35,36,37,38,39>15,16,18,24,31,32,2,3,5,37,38,39,11,12,13,20,21,22,26,28,29
2,3,5,7,10,11,12,13,15,18,20,21,22,23,26,27,28,29,32,35,36,37,38,39>36,9,14,16,17,24,27,31,32,2,3,5,37,38,39,11,12,13,20,21,22,26,28,29
2,3,5,7,10,11,12,13,15,18,20,21,22,23,26,27,28,29,32,35,36,37,38,39>36,7,9,15,18,24,27,30,31,32,2,3,5,37,38,39,11,12,13,20,21,22,26,28,29
2,3,5,7,10,11,12,13,15,18,20,21,22,23,26,27,28,29,32,35,36,37,38,39>33,35,36,7,9,14,15,16,17,23,27,30,32,2,3,5,37,38,39,11,12,13,20,21,22,26,28,29
33,34,3,5,6,7,9,10,11,12,14,15,16,18,21,24,26,27,29,30>6,10,13,21,22,27,29,32,3,5,9,11,12,15,30
33,34,3,5,6,7,9,10,11,12,14,15,16,18,21,24,26,27,29,30>7,10,13,14,19,22,26,29,33,36,40,3,5,9,11,12,15,30
33,34,3,5,6,7,9,10,11,12,14,15,16,18,21,24,26,27,29,30>6,7,16,18,19,20,22,24,25,26,27,32,33,36,40,3,5,9,11,12,15,30
33,34,3,5,6,7,9,10,11,12,14,15,16,18,21,24,26,27,29,30>8,10,14,19,21,22,24,27,29,34,36,40,3,5,9,11,12,15,30
1,3,4,5,6,7,9,11,14,15,16,17,19,20,22,25,27,36,37,38,39,40>11,14,17,22,24,25,29,32,34,37,38,40,1,3,5,39,7,9,15,20,27
1,3,4,5,6,7,9,11,14,15,16,17,19,20,22,25,27,36,37,38,39,40>4,14,16,17,19,22,24,25,31,32,34,40,1,3,5,39,7,9,15,20,27
1,3,4,5,6,7,9,11,14,15,16,17,19,20,22,25,27,36,37,38,39,40>6,8,11,19,22,23,28,32,36,37,38,1,3,5,39,7,9,15,20,27
1,3,4,5,6,7,9,11,14,15,16,17,19,20,22,25,27,36,37,38,39,40>4,6,8,16,17,18,19,23,24,25,32,34,37,38,1,3,5,39,7,9,15,20,27
3,4,35,37,9,12,14,15,18,21,23,24,26,27,28,30>35,12,20,23,25,3,4,37,15,26,30
3,4,35,37,9,12,14,15,18,21,23,24,26,27,28,30>32,39,9,12,14,21,22,23,24,31,3,4,37,15,26,30
3,4,35,37,9,12,14,15,18,21,23,24,26,27,28,30>32,34,40,9,18,20,21,23,24,25,28,3,4,37,15,26,30
3,4,35,37,9,12,14,15,18,21,23,24,26,27,28,30>32,33,34,39,40,20,23,25,3,4,37,15,26,30
33,34,35,6,38,40,9,15,16,19,21,22,23,24,28,31>5,15,16,18,21,22,24,25,26,31,37,33,34,35,23,28
33,34,35,6,38,40,9,15,16,19,21,22,23,24,28,31>6,9,10,15,18,21,24,26,29,36,37,38,33,34,35,23,28
33,34,35,6,38,40,9,15,16,19,21,22,23,24,28,31>6,8,9,16,18,24,26,37,38,40,33,34,35,23,28
33,34,35,6,38,40,9,15,16,19,21,22,23,24,28,31>5,10,15,19,21,24,29,31,36,37,40,33,34,35,23,28
1,3,6,7,8,9,12,13,14,16,18,19,24,25,27,29,31,32,33,34,37,39,40>34,4,5,37,10,40,17,19,24,32,1,3,7,8,9,14,16,18,25,27,31
1,3,6,7,8,9,12,13,14,16,18,19,24,25,27,29,31,32,33,34,37,39,40>33,34,5,36,37,40,13,29,32,1,3,7,8,9,14,16,18,25,27,31
1,3,6,7,8,9,12,13,14,16,18,19,24,25,27,29,31,32,33,34,37,39,40>35,4,36,10,40,12,13,15,29,32,1,3,7,8,9,14,16,18,25,27,31
1,3,6,7,8,9,12,13,14,16,18,19,24,25,27,29,31,32,33,34,37,39,40>33,35,5,37,10,40,19,24,29,32,1,3,7,8,9,14,16,18,25,27,31
32,2,7,39,9,10,12,15,19,20,21,26,27,30,31>35,7,40,10,13,23,26,32,2,39,9,12,20,30,31
32,2,7,39,9,10,12,15,19,20,21,26,27,30,31>13,35,18,24,32,2,39,9,12,20,30,31
32,2,7,39,9,10,12,15,19,20,21,26,27,30,31>5,7,40,13,15,18,21,23,26,27,32,2,39,9,12,20,30,31
32,2,7,39,9,10,12,15,19,20,21,26,27,30,31>34,35,5,7,40,10,15,18,26,32,2,39,9,12,20,30,31
1,5,6,7,8,9,11,12,13,14,18,19,21,23,25,27,29,30,31,32,33,35,36>37,38,40,12,15,16,20,21,26,29,32,1,35,36,5,7,8,9,14,18,23,27,31
1,5,6,7,8,9,11,12,13,14,18,19,21,23,25,27,29,30,31,32,33,35,36>33,38,12,13,17,19,20,21,32,1,35,36,5,7,8,9,14,18,23,27,31
1,5,6,7,8,9,11,12,13,14,18,19,21,23,25,27,29,30,31,32,33,35,36>37,11,12,13,15,17,19,20,21,22,26,29,32,1,35,36,5,7,8,9,14,18,23,27,31
1,5,6,7,8,9,11,12,13,14,18,19,21,23,25,27,29,30,31,32,33,35,36>33,6,11,13,15,17,20,25,26,30,32,1,35,36,5,7,8,9,14,18,23,27,31
2,3,34,36,39,8,10,15,16,17,18,21,26,27,31>5,8,10,11,12,16,17,20,22,30,35,36,2,3,34,31
2,3,34,36,39,8,10,15,16,17,18,21,26,27,31>4,5,10,11,12,18,22,26,27,32,35,2,3,34,31
2,3,34,36,39,8,10,15,16,17,18,21,26,27,31>8,13,15,18,20,21,22,26,27,32,35,36,39,2,3,34,31
2,3,34,36,39,8,10,15,16,17,18,21,26,27,31>5,8,10,12,16,17,20,22,26,30,32,36,2,3,34,31
34,35,5,39,8,40,10,12,13,21,22,23,24,25,27,28,30>10,12,22,23,37,34,5,40,13,25,27,28
34,35,5,39,8,40,10,12,13,21,22,23,24,25,27,28,30>10,14,17,23,26,31,32,33,35,37,39,34,5,40,13,25,27,28
34,35,5,39,8,40,10,12,13,21,22,23,24,25,27,28,30>8,10,16,17,21,22,23,29,32,37,39,34,5,40,13,25,27,28
34,35,5,39,8,40,10,12,13,21,22,23,24,25,27,28,30>8,10,11,14,20,22,26,35,39,34,5,40,13,25,27,28
32,34,4,5,38,8,10,11,13,14,15,21,28,29,30,31>32,35,38,8,40,10,12,16,17,20,21,31,11,13,14,15
32,34,4,5,38,8,10,11,13,14,15,21,28,29,30,31>34,4,5,12,16,20,30,11,13,14,15
32,34,4,5,38,8,10,11,13,14,15,21,28,29,30,31>33,34,10,12,17,20,28,29,30,11,13,14,15
32,34,4,5,38,8,10,11,13,14,15,21,28,29,30,31>32,33,34,35,4,38,8,40,12,17,28,29,30,31,11,13,14,15
2,3,4,35,8,40,11,15,19,21,23,24,26,27,28,30,31>11,18,19,2,35,3,40,23,26,30,31
2,3,4,35,8,40,11,15,19,21,23,24,26,27,28,30,31>34,37,15,18,24,25,27,28,2,35,3,40,23,26,30,31
2,3,4,35,8,40,11,15,19,21,23,24,26,27,28,30,31>39,11,18,27,28,2,35,3,40,23,26,30,31
2,3,4,35,8,40,11,15,19,21,23,24,26,27,28,30,31>34,4,8,27,28,2,35,3,40,23,26,30,31
32,1,2,34,4,5,35,36,38,9,39,15,18,21,24,26,27,28,31>33,36,7,37,9,21,24,25,27,30,32,1,2,35,34,38,31
32,1,2,34,4,5,35,36,38,9,39,15,18,21,24,26,27,28,31>33,36,7,9,15,21,24,25,26,28,30,32,1,2,35,34,38,31
32,1,2,34,4,5,35,36,38,9,39,15,18,21,24,26,27,28,31>33,4,36,7,37,39,15,18,21,22,25,32,1,2,35,34,38,31
32,1,2,34,4,5,35,36,38,9,39,15,18,21,24,26,27,28,31>5,7,21,24,26,30,32,1,2,35,34,38,31
1,2,4,5,6,7,9,11,13,17,18,19,20,21,24,25,27,29,30,31,33,36,37,38,39>6,38,8,16,19,23,30,1,2,36,5,7,39,9,17,18,20,24,25,27,31
1,2,4,5,6,7,9,11,13,17,18,19,20,21,24,25,27,29,30,31,33,36,37,38,39>32,4,37,6,40,21,29,30,1,2,36,5,7,39,9,17,18,20,24,25,27,31
1,2,4,5,6,7,9,11,13,17,18,19,20,21,24,25,27,29,30,31,33,36,37,38,39>32,33,6,38,19,21,22,23,29,1,2,36,5,7,39,9,17,18,20,24,25,27,31
1,2,4,5,6,7,9,11,13,17,18,19,20,21,24,25,27,29,30,31,33,36,37,38,39>32,33,35,4,38,40,14,16,21,22,23,29,30,1,2,36,5,7,39,9,17,18,20,24,25,27,31
1,4,5,6,7,8,10,11,13,14,19,21,24,25,28,29,31,32,34,36,38>4,6,10,17,19,20,21,24,34,35,1,5,38,7,8,11,13,14,25
1,4,5,6,7,8,10,11,13,14,19,21,24,25,28,29,31,32,34,36,38>4,9,15,16,20,21,23,24,27,28,29,31,35,36,1,5,38,7,8,11,13,14,25
1,4,5,6,7,8,10,11,13,14,19,21,24,25,28,29,31,32,34,36,38>6,9,21,23,27,29,31,34,36,1,5,38,7,8,11,13,14,25
1,4,5,6,7,8,10,11,13,14,19,21,24,25,28,29,31,32,34,36,38>4,6,9,15,19,20,21,24,27,28,31,33,34,35,36,1,5,38,7,8,11,13,14,25
2,3,8,11,14,16,17,18,19,21,22,23,24,26,29,30,31,34,35,37,38,39,40>5,11,14,16,17,19,20,2,3,35,37,40,18,21,22,23,26,29,30
2,3,8,11,14,16,17,18,19,21,22,23,24,26,29,30,31,34,35,37,38,39,40>34,38,39,8,11,14,16,19,20,24,25,31,2,3,35,37,40,18,21,22,23,26,29,30
2,3,8,11,14,16,17,18,19,21,22,23,24,26,29,30,31,34,35,37,38,39,40>5,39,8,11,14,19,20,24,25,28,2,3,35,37,40,18,21,22,23,26,29,30
2,3,8,11,14,16,17,18,19,21,22,23,24,26,29,30,31,34,35,37,38,39,40>34,38,8,11,14,16,19,24,25,28,2,3,35,37,40,18,21,22,23,26,29,30
32,2,34,4,35,6,36,8,37,11,12,17,22,23,26,27,28,30,31>6,38,9,11,23,29,32,2,35,34,37,8,26,28,30,31
32,2,34,4,35,6,36,8,37,11,12,17,22,23,26,27,28,30,31>36,38,9,11,12,20,22,27,32,2,35,34,37,8,26,28,30,31
32,2,34,4,35,6,36,8,37,11,12,17,22,23,26,27,28,30,31>4,36,6,38,40,12,22,32,2,35,34,37,8,26,28,30,31
32,2,34,4,35,6,36,8,37,11,12,17,22,23,26,27,28,30,31>33,4,36,38,40,9,12,29,32,2,35,34,37,8,26,28,30,31
1,2,33,34,37,38,40,9,10,11,12,13,15,17,19,24,27,31>5,6,9,10,18,20,24,25,27,35,36,37,1,2,34,11,12,13,17,31
1,2,33,34,37,38,40,9,10,11,12,13,15,17,19,24,27,31>9,14,18,19,24,27,36,38,40,1,2,34,11,12,13,17,31
1,2,33,34,37,38,40,9,10,11,12,13,15,17,19,24,27,31>10,14,18,19,20,27,32,36,38,40,1,2,34,11,12,13,17,31
1,2,33,34,37,38,40,9,10,11,12,13,15,17,19,24,27,31>5,6,9,18,24,27,32,33,1,2,34,11,12,13,17,31
2,3,5,8,11,13,14,16,18,19,20,21,22,23,26,27,31,32,33,35,36>38,28,29,32,2,3,35,5,36,14,16,18,20,21,22,23,26,31
2,3,5,8,11,13,14,16,18,19,20,21,22,23,26,27,31,32,33,35,36>33,37,13,15,29,32,2,3,35,5,36,14,16,18,20,21,22,23,26,31
2,3,5,8,11,13,14,16,18,19,20,21,22,23,26,27,31,32,33,35,36>34,37,8,11,13,17,19,28,29,30,32,2,3,35,5,36,14,16,18,20,21,22,23,26,31
2,3,5,8,11,13,14,16,18,19,20,21,22,23,26,27,31,32,33,35,36>39,8,13,17,19,24,27,29,32,2,3,35,5,36,14,16,18,20,21,22,23,26,31
2,4,6,7,9,10,11,13,15,18,20,21,22,28,32,33,34,36,38,39,40>32,4,5,7,10,12,14,18,29,33,2,34,36,38,9,11,13,20,21,22,28
2,4,6,7,9,10,11,13,15,18,20,21,22,28,32,33,34,36,38,39,40>5,6,7,10,16,17,18,24,33,2,34,36,38,9,11,13,20,21,22,28
2,4,6,7,9,10,11,13,15,18,20,21,22,28,32,33,34,36,38,39,40>4,5,7,8,12,14,16,29,33,2,34,36,38,9,11,13,20,21,22,28
2,4,6,7,9,10,11,13,15,18,20,21,22,28,32,33,34,36,38,39,40>32,4,5,7,39,40,14,16,18,24,33,2,34,36,38,9,11,13,20,21,22,28
1,2,3,4,5,8,10,11,13,14,16,17,19,20,21,23,24,26,27,28,30,31,32,33,34,35,37,40>4,25,7,27,32,1,2,3,33,34,35,37,40,11,13,14,16,17,20,23,24,26,30,31
1,2,3,4,5,8,10,11,13,14,16,17,19,20,21,23,24,26,27,28,30,31,32,33,34,35,37,40>5,7,15,18,19,27,28,32,1,2,3,33,34,35,37,40,11,13,14,16,17,20,23,24,26,30,31
1,2,3,4,5,8,10,11,13,14,16,17,19,20,21,23,24,26,27,28,30,31,32,33,34,35,37,40>4,36,8,10,25,27,32,1,2,3,33,34,35,37,40,11,13,14,16,17,20,23,24,26,30,31
1,2,3,4,5,8,10,11,13,14,16,17,19,20,21,23,24,26,27,28,30,31,32,33,34,35,37,40>5,8,10,15,18,21,27,28,32,1,2,3,33,34,35,37,40,11,13,14,16,17,20,23,24,26,30,31
1,35,4,6,7,9,10,11,18,19,20,21,23,24,27>4,8,10,13,19,21,22,27,31,1,7,9,11,18,20,23,24
1,35,4,6,7,9,10,11,18,19,20,21,23,24,27>34,5,6,37,8,39,21,22,25,26,1,7,9,11,18,20,23,24
1,35,4,6,7,9,10,11,18,19,20,21,23,24,27>35,37,8,10,13,19,21,22,25,26,27,1,7,9,11,18,20,23,24
1,35,4,6,7,9,10,11,18,19,20,21,23,24,27>32,34,35,6,37,8,39,10,19,21,26,31,1,7,9,11,18,20,23,24
2,3,5,6,9,10,12,13,15,16,21,22,23,24,27,28,29,30,32,33,34,35,37,40>14,15,17,19,20,36,32,33,2,3,5,37,40,10,12,13,16,28,29
2,3,5,6,9,10,12,13,15,16,21,22,23,24,27,28,29,30,32,33,34,35,37,40>6,11,14,15,21,26,30,31,35,32,33,2,3,5,37,40,10,12,13,16,28,29
2,3,5,6,9,10,12,13,15,16,21,22,23,24,27,28,29,30,32,33,34,35,37,40>6,8,11,14,19,20,22,23,25,26,27,30,31,35,36,32,33,2,3,5,37,40,10,12,13,16,28,29
2,3,5,6,9,10,12,13,15,16,21,22,23,24,27,28,29,30,32,33,34,35,37,40>4,6,8,14,15,19,23,24,25,26,31,35,32,33,2,3,5,37,40,10,12,13,16,28,29
2,34,35,5,6,7,8,36,10,11,38,13,14,16,18,19,26,31>17,19,22,23,26,30,31,2,35,34,5,8,11,13,14,16,18
2,34,35,5,6,7,8,36,10,11,38,13,14,16,18,19,26,31>36,38,9,15,17,19,22,26,31,2,35,34,5,8,11,13,14,16,18
2,34,35,5,6,7,8,36,10,11,38,13,14,16,18,19,26,31>36,37,7,9,10,15,17,19,22,23,26,31,2,35,34,5,8,11,13,14,16,18
2,34,35,5,6,7,8,36,10,11,38,13,14,16,18,19,26,31>37,6,38,9,15,22,30,31,2,35,34,5,8,11,13,14,16,18
1,2,5,6,8,9,11,14,15,16,18,19,20,23,25,27,31,35,36,37,39,40>6,7,40,20,22,25,26,1,2,35,5,37,39,8,15,18,23,27,31
1,2,5,6,8,9,11,14,15,16,18,19,20,23,25,27,31,35,36,37,39,40>34,6,40,11,19,22,24,1,2,35,5,37,39,8,15,18,23,27,31
1,2,5,6,8,9,11,14,15,16,18,19,20,23,25,27,31,35,36,37,39,40>32,34,40,9,14,16,22,24,1,2,35,5,37,39,8,15,18,23,27,31
1,2,5,6,8,9,11,14,15,16,18,19,20,23,25,27,31,35,36,37,39,40>32,34,36,9,14,19,20,22,26,1,2,35,5,37,39,8,15,18,23,27,31
1,2,4,6,8,10,12,14,18,19,20,21,24,25,28,32,33,34,35,36,37,38,39>7,39,9,12,13,15,19,22,28,1,2,33,34,36,6,37,8,38,18,20,24,25
1,2,4,6,8,10,12,14,18,19,20,21,24,25,28,32,33,34,35,36,37,38,39>32,35,9,11,12,13,14,15,19,23,27,1,2,33,34,36,6,37,8,38,18,20,24,25
1,2,4,6,8,10,12,14,18,19,20,21,24,25,28,32,33,34,35,36,37,38,39>32,4,7,39,10,13,14,22,23,1,2,33,34,36,6,37,8,38,18,20,24,25
1,2,4,6,8,10,12,14,18,19,20,21,24,25,28,32,33,34,35,36,37,38,39>35,4,7,9,10,11,13,19,1,2,33,34,36,6,37,8,38,18,20,24,25
5,6,8,10,11,12,13,14,17,18,19,21,23,26,29,31,32,35,37,38,39>6,12,16,20,21,22,30,35,5,37,39,8,11,13,14,17,18,23,26
5,6,8,10,11,12,13,14,17,18,19,21,23,26,29,31,32,35,37,38,39>32,6,12,31,35,5,37,39,8,11,13,14,17,18,23,26
5,6,8,10,11,12,13,14,17,18,19,21,23,26,29,31,32,35,37,38,39>6,38,31,16,35,5,37,39,8,11,13,14,17,18,23,26
5,6,8,10,11,12,13,14,17,18,19,21,23,26,29,31,32,35,37,38,39>32,6,10,15,16,20,21,29,30,35,5,37,39,8,11,13,14,17,18,23,26
2,5,8,9,10,12,14,15,17,19,22,23,24,26,29,30,31,32,34,36,38,40>32,34,14,20,2,5,38,40,12,15,23,26,29,30
2,5,8,9,10,12,14,15,17,19,22,23,24,26,29,30,31,32,34,36,38,40>32,34,9,10,11,13,14,17,28,31,2,5,38,40,12,15,23,26,29,30
2,5,8,9,10,12,14,15,17,19,22,23,24,26,29,30,31,32,34,36,38,40>35,36,11,14,17,18,22,2,5,38,40,12,15,23,26,29,30
2,5,8,9,10,12,14,15,17,19,22,23,24,26,29,30,31,32,34,36,38,40>34,35,36,8,9,11,13,14,20,22,28,2,5,38,40,12,15,23,26,29,30
2,3,4,5,6,7,9,10,11,12,15,20,21,22,24,25,31,34,35,36,38,39,40>36,6,7,10,39,28,29,2,3,34,5,35,9,11,12,20,24,25
2,3,4,5,6,7,9,10,11,12,15,20,21,22,24,25,31,34,35,36,38,39,40>4,36,6,39,15,28,31,2,3,34,5,35,9,11,12,20,24,25
2,3,4,5,6,7,9,10,11,12,15,20,21,22,24,25,31,34,35,36,38,39,40>36,6,7,37,38,13,40,15,21,28,2,3,34,5,35,9,11,12,20,24,25
2,3,4,5,6,7,9,10,11,12,15,20,21,22,24,25,31,34,35,36,38,39,40>4,36,6,7,8,37,10,40,15,27,28,29,2,3,34,5,35,9,11,12,20,24,25
32,33,2,3,4,5,6,36,38,39,14,18,22,23,24,28,29,30,31>32,8,40,14,15,33,2,3,4,36,38,39,22,28,29
32,33,2,3,4,5,6,36,38,39,14,18,22,23,24,28,29,30,31>35,6,9,40,21,23,30,31,33,2,3,4,36,38,39,22,28,29
32,33,2,3,4,5,6,36,38,39,14,18,22,23,24,28,29,30,31>32,35,6,40,26,30,33,2,3,4,36,38,39,22,28,29
32,33,2,3,4,5,6,36,38,39,14,18,22,23,24,28,29,30,31>32,35,5,8,9,18,21,23,24,25,30,33,2,3,4,36,38,39,22,28,29
1,2,3,9,11,12,13,15,16,17,18,19,20,22,24,28,29,30,34,35,36,37,39,40>33,36,6,39,13,21,1,2,3,37,40,16,17,18,20,22,24,28,29
1,2,3,9,11,12,13,15,16,17,18,19,20,22,24,28,29,30,34,35,36,37,39,40>33,34,35,36,5,39,9,11,15,21,23,25,1,2,3,37,40,16,17,18,20,22,24,28,29
1,2,3,9,11,12,13,15,16,17,18,19,20,22,24,28,29,30,34,35,36,37,39,40>34,5,6,39,9,23,25,30,1,2,3,37,40,16,17,18,20,22,24,28,29
1,2,3,9,11,12,13,15,16,17,18,19,20,22,24,28,29,30,34,35,36,37,39,40>33,34,35,5,11,12,13,15,19,23,30,1,2,3,37,40,16,17,18,20,22,24,28,29
1,2,3,4,6,8,9,10,11,14,15,16,17,19,22,24,28,30,32,33,35,40>4,14,20,22,24,25,30,35,39,1,2,3,33,6,8,9,40,11,15,19,28
1,2,3,4,6,8,9,10,11,14,15,16,17,19,22,24,28,30,32,33,35,40>4,7,12,13,16,22,24,29,30,32,37,39,1,2,3,33,6,8,9,40,11,15,19,28
1,2,3,4,6,8,9,10,11,14,15,16,17,19,22,24,28,30,32,33,35,40>4,10,13,14,20,23,24,25,29,34,35,36,1,2,3,33,6,8,9,40,11,15,19,28
1,2,3,4,6,8,9,10,11,14,15,16,17,19,22,24,28,30,32,33,35,40>4,7,10,13,14,18,22,30,34,35,37,1,2,3,33,6,8,9,40,11,15,19,28
32,33,2,3,4,34,35,36,37,39,10,11,12,40,14,20,21,25,27,29>4,40,10,12,14,24,29,32,2,3,36,37,11,20,27
32,33,2,3,4,34,35,36,37,39,10,11,12,40,14,20,21,25,27,29>38,39,40,10,15,24,25,29,32,2,3,36,37,11,20,27
32,33,2,3,4,34,35,36,37,39,10,11,12,40,14,20,21,25,27,29>35,39,40,12,13,15,25,29,31,32,2,3,36,37,11,20,27
32,33,2,3,4,34,35,36,37,39,10,11,12,40,14,20,21,25,27,29>33,34,35,39,12,13,21,24,25,32,2,3,36,37,11,20,27
32,37,39,8,10,14,19,22,23,26,29,30,31>32,35,8,40,10,13,22,28,31,39,23,26,29,30
32,37,39,8,10,14,19,22,23,26,29,30,31>32,5,37,8,10,13,14,15,19,28,39,23,26,29,30
32,37,39,8,10,14,19,22,23,26,29,30,31>35,5,37,15,22,28,39,23,26,29,30
32,37,39,8,10,14,19,22,23,26,29,30,31>32,35,5,37,40,10,11,13,28,39,23,26,29,30
1,3,5,6,10,11,13,14,15,17,18,19,21,22,23,26,28,29,34,36,37,38,39,40>37,7,38,12,16,19,1,3,5,11,13,14,15,17,18,21,22,23,26,28,29
1,3,5,6,10,11,13,14,15,17,18,19,21,22,23,26,28,29,34,36,37,38,39,40>33,37,6,12,40,16,30,1,3,5,11,13,14,15,17,18,21,22,23,26,28,29
1,3,5,6,10,11,13,14,15,17,18,19,21,22,23,26,28,29,34,36,37,38,39,40>36,37,6,7,8,38,39,12,1,3,5,11,13,14,15,17,18,21,22,23,26,28,29
1,3,5,6,10,11,13,14,15,17,18,19,21,22,23,26,28,29,34,36,37,38,39,40>37,7,8,39,16,20,1,3,5,11,13,14,15,17,18,21,22,23,26,28,29
2,3,5,9,10,13,14,16,17,18,19,20,21,22,23,24,28,30,33,35,37,38>35,4,36,39,9,10,19,25,26,29,33,2,3,5,37,13,14,16,17,18,20,21,22,23,24,28
2,3,5,9,10,13,14,16,17,18,19,20,21,22,23,24,28,30,33,35,37,38>4,39,40,9,10,11,15,25,30,33,2,3,5,37,13,14,16,17,18,20,21,22,23,24,28
2,3,5,9,10,13,14,16,17,18,19,20,21,22,23,24,28,30,33,35,37,38>34,4,38,9,10,15,19,25,26,29,30,33,2,3,5,37,13,14,16,17,18,20,21,22,23,24,28
2,3,5,9,10,13,14,16,17,18,19,20,21,22,23,24,28,30,33,35,37,38>35,4,38,39,9,10,11,15,25,29,30,33,2,3,5,37,13,14,16,17,18,20,21,22,23,24,28
32,33,35,36,37,6,7,39,12,16,18,20,23,24,25,26,27,29,30>29,33,35,8,32,36,37,39,24,25,26,27,30
32,33,35,36,37,6,7,39,12,16,18,20,23,24,25,26,27,29,30>5,6,7,9,40,12,18,22,32,36,37,39,24,25,26,27,30
32,33,35,36,37,6,7,39,12,16,18,20,23,24,25,26,27,29,30>33,5,6,9,40,12,23,32,36,37,39,24,25,26,27,30
32,33,35,36,37,6,7,39,12,16,18,20,23,24,25,26,27,29,30>33,35,5,6,7,8,9,40,20,22,31,32,36,37,39,24,25,26,27,30
32,33,3,36,5,7,40,20,21,22,24>32,33,38,40,21,22,3,36,5,20,24
32,33,3,36,5,7,40,20,21,22,24>34,4,38,39,40,21,25,29,3,36,5,20,24
32,33,3,36,5,7,40,20,21,22,24>33,34,4,38,7,39,9,21,22,29,3,36,5,20,24
32,33,3,36,5,7,40,20,21,22,24>32,33,34,4,38,9,3,36,5,20,24
1,2,3,4,7,8,9,12,16,17,19,20,25,26,27,29,33,34,36,37,38>32,6,37,8,17,18,19,23,24,25,29,30,31,1,2,3,4,36,7,9,20,27
1,2,3,4,7,8,9,12,16,17,19,20,25,26,27,29,33,34,36,37,38>33,5,6,12,16,18,19,24,25,31,1,2,3,4,36,7,9,20,27
1,2,3,4,7,8,9,12,16,17,19,20,25,26,27,29,33,34,36,37,38>32,33,5,8,12,19,23,24,29,30,31,1,2,3,4,36,7,9,20,27
1,2,3,4,7,8,9,12,16,17,19,20,25,26,27,29,33,34,36,37,38>33,34,5,38,12,16,18,23,25,26,29,30,1,2,3,4,36,7,9,20,27
1,3,5,10,11,13,14,15,16,17,18,19,20,22,25,26,27,30,31,35,40>32,10,19,26,28,29,1,3,35,5,40,11,13,14,15,16,17,18,20,22,27,30,31
1,3,5,10,11,13,14,15,16,17,18,19,20,22,25,26,27,30,31,35,40>34,39,10,19,21,23,26,28,1,3,35,5,40,11,13,14,15,16,17,18,20,22,27,30,31
1,3,5,10,11,13,14,15,16,17,18,19,20,22,25,26,27,30,31,35,40>32,34,12,21,23,24,28,29,1,3,35,5,40,11,13,14,15,16,17,18,20,22,27,30,31
1,3,5,10,11,13,14,15,16,17,18,19,20,22,25,26,27,30,31,35,40>34,37,39,10,12,23,26,29,1,3,35,5,40,11,13,14,15,16,17,18,20,22,27,30,31
1,3,4,5,7,8,9,12,13,14,16,17,18,21,22,23,24,25,26,28,29,30,32,37,38,40>33,39,8,13,15,18,20,23,24,27,1,3,4,5,7,40,9,14,16,17,21,22,25,26,28,29,30
1,3,4,5,7,8,9,12,13,14,16,17,18,21,22,23,24,25,26,28,29,30,32,37,38,40>32,33,38,13,15,18,20,24,1,3,4,5,7,40,9,14,16,17,21,22,25,26,28,29,30
1,3,4,5,7,8,9,12,13,14,16,17,18,21,22,23,24,25,26,28,29,30,32,37,38,40>37,39,12,15,18,24,27,1,3,4,5,7,40,9,14,16,17,21,22,25,26,28,29,30
1,3,4,5,7,8,9,12,13,14,16,17,18,21,22,23,24,25,26,28,29,30,32,37,38,40>32,37,39,8,13,15,24,27,1,3,4,5,7,40,9,14,16,17,21,22,25,26,28,29,30
1,2,4,7,10,11,12,14,16,18,19,22,24,25,27,28,30,33,34,35,36,39>4,10,13,14,23,24,30,32,37,40,1,2,34,36,33,7,11,18,22,25,27,28
1,2,4,7,10,11,12,14,16,18,19,22,24,25,27,28,30,33,34,35,36,39>5,9,14,23,29,30,32,35,37,39,1,2,34,36,33,7,11,18,22,25,27,28
1,2,4,7,10,11,12,14,16,18,19,22,24,25,27,28,30,33,34,35,36,39>6,10,12,13,14,16,19,24,30,32,37,1,2,34,36,33,7,11,18,22,25,27,28
1,2,4,7,10,11,12,14,16,18,19,22,24,25,27,28,30,33,34,35,36,39>4,9,12,16,19,24,30,31,32,35,37,1,2,34,36,33,7,11,18,22,25,27,28
2,35,4,5,6,7,8,9,36,37,12,38,14,15,16,17,39,21,26,30>34,35,4,7,40,10,12,14,26,2,37,5,39,8,9,15,30
2,35,4,5,6,7,8,9,36,37,12,38,14,15,16,17,39,21,26,30>34,35,4,36,7,10,20,2,37,5,39,8,9,15,30
2,35,4,5,6,7,8,9,36,37,12,38,14,15,16,17,39,21,26,30>35,4,36,12,16,2,37,5,39,8,9,15,30
2,35,4,5,6,7,8,9,36,37,12,38,14,15,16,17,39,21,26,30>34,35,4,6,7,10,16,17,26,2,37,5,39,8,9,15,30
1,2,3,4,6,7,9,11,12,13,15,16,17,19,20,22,26,27,28,29,31,32,34,36,37>12,14,15,19,22,24,26,27,30,34,35,36,38,32,1,2,3,6,7,9,16,17,20,28,29,31
1,2,3,4,6,7,9,11,12,13,15,16,17,19,20,22,26,27,28,29,31,32,34,36,37>4,11,12,13,14,18,19,24,27,30,33,34,35,37,32,1,2,3,6,7,9,16,17,20,28,29,31
1,2,3,4,6,7,9,11,12,13,15,16,17,19,20,22,26,27,28,29,31,32,34,36,37>5,12,22,27,33,34,35,38,32,1,2,3,6,7,9,16,17,20,28,29,31
1,2,3,4,6,7,9,11,12,13,15,16,17,19,20,22,26,27,28,29,31,32,34,36,37>4,5,8,11,13,14,22,23,24,33,35,38,32,1,2,3,6,7,9,16,17,20,28,29,31
1,34,35,4,5,36,8,9,12,13,14,15,16,19,21,24,25,26,27,28>5,7,8,9,12,21,23,24,26,30,31,33,36,1,34,14,15,16,25,27
1,34,35,4,5,36,8,9,12,13,14,15,16,19,21,24,25,26,27,28>4,8,12,17,18,20,21,26,28,30,31,33,35,36,37,1,34,14,15,16,25,27
1,34,35,4,5,36,8,9,12,13,14,15,16,19,21,24,25,26,27,28>5,7,9,12,13,17,18,21,23,24,28,30,35,1,34,14,15,16,25,27
1,34,35,4,5,36,8,9,12,13,14,15,16,19,21,24,25,26,27,28>5,7,8,9,19,20,21,24,26,32,36,1,34,14,15,16,25,27
32,1,35,5,6,39,8,10,13,15,16,17,18,21,26,27,28>10,14,15,26,27,30,37,32,1,5,39,8,13,16,17
32,1,35,5,6,39,8,10,13,15,16,17,18,21,26,27,28>7,12,15,18,21,22,26,27,28,31,34,35,32,1,5,39,8,13,16,17
32,1,35,5,6,39,8,10,13,15,16,17,18,21,26,27,28>10,12,14,18,21,22,26,31,34,35,32,1,5,39,8,13,16,17
32,1,35,5,6,39,8,10,13,15,16,17,18,21,26,27,28>7,10,12,14,21,26,27,34,37,32,1,5,39,8,13,16,17
35,36,38,13,15,16,22,24,25,30,31>36,38,40,13,15,22,27,28,29,31,16,25,35
35,36,38,13,15,16,22,24,25,30,31>5,37,39,40,17,30,16,25,35
35,36,38,13,15,16,22,24,25,30,31>34,5,37,38,39,40,15,29,31,16,25,35
35,36,38,13,15,16,22,24,25,30,31>34,36,5,38,39,14,15,17,22,24,27,28,29,30,16,25,35
1,2,3,11,12,13,14,16,17,19,20,23,25,26,27,28,30,31,32,34,35,37,38,39>39,40,11,12,13,15,18,28,32,1,2,3,34,35,37,14,16,17,20,23,26,27,30,31
1,2,3,11,12,13,14,16,17,19,20,23,25,26,27,28,30,31,32,34,35,37,38,39>33,6,40,13,18,19,28,32,1,2,3,34,35,37,14,16,17,20,23,26,27,30,31
1,2,3,11,12,13,14,16,17,19,20,23,25,26,27,28,30,31,32,34,35,37,38,39>33,6,39,12,15,19,24,28,32,1,2,3,34,35,37,14,16,17,20,23,26,27,30,31
1,2,3,11,12,13,14,16,17,19,20,23,25,26,27,28,30,31,32,34,35,37,38,39>5,6,38,40,12,13,15,18,19,24,25,28,32,1,2,3,34,35,37,14,16,17,20,23,26,27,30,31
3,5,8,9,11,12,14,15,16,20,21,26,27,28,29,31,32,33,36,38,40>39,9,11,12,16,21,28,29,32,33,3,36,5,38,15,20,31
3,5,8,9,11,12,14,15,16,20,21,26,27,28,29,31,32,33,36,38,40>39,40,11,16,21,24,28,29,32,33,3,36,5,38,15,20,31
3,5,8,9,11,12,14,15,16,20,21,26,27,28,29,31,32,33,36,38,40>39,8,9,12,14,27,29,32,33,3,36,5,38,15,20,31
3,5,8,9,11,12,14,15,16,20,21,26,27,28,29,31,32,33,36,38,40>35,39,8,9,11,12,14,21,29,32,33,3,36,5,38,15,20,31
34,36,5,37,39,8,9,10,11,40,13,14,16,17,18,20,21,23,24,27>36,39,8,9,40,18,26,27,31,34,5,11,13,14,16,17,20,24
34,36,5,37,39,8,9,10,11,40,13,14,16,17,18,20,21,23,24,27>37,39,8,10,23,25,34,5,11,13,14,16,17,20,24
34,36,5,37,39,8,9,10,11,40,13,14,16,17,18,20,21,23,24,27>37,15,18,21,22,31,34,5,11,13,14,16,17,20,24
34,36,5,37,39,8,9,10,11,40,13,14,16,17,18,20,21,23,24,27>32,36,37,9,40,18,21,22,23,26,27,34,5,11,13,14,16,17,20,24
33,3,37,7,8,9,40,11,13,14,15,16,19,22,23,24,29,31>35,7,8,11,17,22,31,3,9,14,15,16,23,29
33,3,37,7,8,9,40,11,13,14,15,16,19,22,23,24,29,31>33,35,7,39,18,24,28,31,3,9,14,15,16,23,29
33,3,37,7,8,9,40,11,13,14,15,16,19,22,23,24,29,31>33,36,5,37,8,39,40,22,25,26,28,31,3,9,14,15,16,23,29
33,3,37,7,8,9,40,11,13,14,15,16,19,22,23,24,29,31>35,36,7,39,11,13,18,19,26,28,31,3,9,14,15,16,23,29
1,2,3,4,5,6,9,10,12,15,18,21,23,25,27,28,30,31,33,35,36,38,39>5,15,21,22,26,30,32,34,40,1,2,3,4,33,35,36,39,9,10,12,27,31
1,2,3,4,5,6,9,10,12,15,18,21,23,25,27,28,30,31,33,35,36,38,39>5,8,13,21,23,26,28,30,32,1,2,3,4,33,35,36,39,9,10,12,27,31
1,2,3,4,5,6,9,10,12,15,18,21,23,25,27,28,30,31,33,35,36,38,39>6,7,11,13,18,22,23,28,38,1,2,3,4,33,35,36,39,9,10,12,27,31
1,2,3,4,5,6,9,10,12,15,18,21,23,25,27,28,30,31,33,35,36,38,39>5,8,11,13,25,28,30,32,37,40,1,2,3,4,33,35,36,39,9,10,12,27,31
1,33,3,4,35,36,38,10,11,12,13,14,15,19,22,23,24,27,29>32,37,7,10,16,17,18,19,22,24,25,27,31,1,3,36,11,12,13,14,15,23,29
1,33,3,4,35,36,38,10,11,12,13,14,15,19,22,23,24,27,29>32,33,35,37,38,39,10,16,17,18,22,24,1,3,36,11,12,13,14,15,23,29
1,33,3,4,35,36,38,10,11,12,13,14,15,19,22,23,24,27,29>33,4,37,38,7,16,17,18,24,25,1,3,36,11,12,13,14,15,23,29
1,33,3,4,35,36,38,10,11,12,13,14,15,19,22,23,24,27,29>32,33,35,4,38,7,39,16,17,19,22,27,1,3,36,11,12,13,14,15,23,29
1,2,3,35,5,6,36,39,14,15,16,17,20,21,23>34,7,14,23,24,1,2,3,5,39,15,20
1,2,3,35,5,6,36,39,14,15,16,17,20,21,23>35,36,7,8,14,26,1,2,3,5,39,15,20
1,2,3,35,5,6,36,39,14,15,16,17,20,21,23>4,36,37,14,16,21,23,24,1,2,3,5,39,15,20
1,2,3,35,5,6,36,39,14,15,16,17,20,21,23>34,4,6,37,16,17,23,24,1,2,3,5,39,15,20
2,3,35,5,6,8,9,40,12,13,14,15,16,18,19,21,23,24,25,31>4,6,39,9,12,13,17,20,22,24,26,27,31,2,35,3,5,8,14,15,16,18,23,25
2,3,35,5,6,8,9,40,12,13,14,15,16,18,19,21,23,24,25,31>37,39,40,9,10,19,20,22,24,2,35,3,5,8,14,15,16,18,23,25
2,3,35,5,6,8,9,40,12,13,14,15,16,18,19,21,23,24,25,31>37,6,9,21,27,2,35,3,5,8,14,15,16,18,23,25
2,3,35,5,6,8,9,40,12,13,14,15,16,18,19,21,23,24,25,31>4,37,6,12,17,24,27,2,35,3,5,8,14,15,16,18,23,25
32,35,4,36,6,7,38,10,13,14,15,17,18,25,26,27,29,31>4,7,8,10,36,18,26,29,32,35,38,13,14,15,17,27,31
32,35,4,36,6,7,38,10,13,14,15,17,18,25,26,27,29,31>4,5,10,12,36,16,18,22,25,30,32,35,38,13,14,15,17,27,31
32,35,4,36,6,7,38,10,13,14,15,17,18,25,26,27,29,31>4,5,7,10,36,16,20,22,26,29,32,35,38,13,14,15,17,27,31
32,35,4,36,6,7,38,10,13,14,15,17,18,25,26,27,29,31>4,6,7,8,9,10,11,12,39,16,20,25,30,32,35,38,13,14,15,17,27,31
33,3,35,5,6,7,8,9,10,11,40,21,25,26,28>35,6,7,39,20,25,26,27,30,33,3,5,8,9,11
33,3,35,5,6,7,8,9,10,11,40,21,25,26,28>34,35,36,37,6,13,21,25,26,28,30,33,3,5,8,9,11
33,3,35,5,6,7,8,9,10,11,40,21,25,26,28>36,6,7,39,13,21,28,30,33,3,5,8,9,11
33,3,35,5,6,7,8,9,10,11,40,21,25,26,28>34,35,36,37,7,39,13,20,26,30,33,3,5,8,9,11
3,4,5,6,7,11,12,13,16,17,19,21,22,24,25,26,27,29,30,34,35,38,39,40>4,6,8,9,12,14,19,20,22,24,26,32,34,3,5,40,16,17,25,27,29,30
3,4,5,6,7,11,12,13,16,17,19,21,22,24,25,26,27,29,30,34,35,38,39,40>4,6,7,9,11,12,13,18,22,26,31,37,39,3,5,40,16,17,25,27,29,30
3,4,5,6,7,11,12,13,16,17,19,21,22,24,25,26,27,29,30,34,35,38,39,40>6,7,9,14,18,19,21,24,26,28,31,34,35,37,39,3,5,40,16,17,25,27,29,30
3,4,5,6,7,11,12,13,16,17,19,21,22,24,25,26,27,29,30,34,35,38,39,40>4,6,7,8,11,13,18,19,21,26,28,31,32,35,37,3,5,40,16,17,25,27,29,30
2,4,5,6,7,13,14,15,16,17,18,20,21,24,26,27,29,30,31,32,33,34,35,36,38>33,6,8,9,13,29,32,2,35,36,5,38,14,15,16,17,20,24,30,31
2,4,5,6,7,13,14,15,16,17,18,20,21,24,26,27,29,30,31,32,33,34,35,36,38>34,37,7,40,18,21,25,26,27,32,2,35,36,5,38,14,15,16,17,20,24,30,31
2,4,5,6,7,13,14,15,16,17,18,20,21,24,26,27,29,30,31,32,33,34,35,36,38>33,34,40,18,21,25,26,32,2,35,36,5,38,14,15,16,17,20,24,30,31
2,4,5,6,7,13,14,15,16,17,18,20,21,24,26,27,29,30,31,32,33,34,35,36,38>33,34,4,9,13,25,29,32,2,35,36,5,38,14,15,16,17,20,24,30,31
1,34,35,37,6,7,8,39,10,11,12,40,15,19,20,23,25,28,30,31>33,6,39,9,19,26,31,1,34,35,37,7,8,40,11,12,23
1,34,35,37,6,7,8,39,10,11,12,40,15,19,20,23,25,28,30,31>6,39,10,15,19,26,28,31,1,34,35,37,7,8,40,11,12,23
1,34,35,37,6,7,8,39,10,11,12,40,15,19,20,23,25,28,30,31>33,6,39,10,18,20,25,26,28,30,31,1,34,35,37,7,8,40,11,12,23
1,34,35,37,6,7,8,39,10,11,12,40,15,19,20,23,25,28,30,31>33,6,15,18,25,28,31,1,34,35,37,7,8,40,11,12,23
32,35,5,7,39,10,11,14,15,16,18,21,22,23,29,30,31>40,9,12,18,20,35,5,39,11,15,21,22,29
32,35,5,7,39,10,11,14,15,16,18,21,22,23,29,30,31>7,40,9,10,12,13,14,20,28,30,35,5,39,11,15,21,22,29
32,35,5,7,39,10,11,14,15,16,18,21,22,23,29,30,31>32,7,12,13,14,16,26,28,35,5,39,11,15,21,22,29
32,35,5,7,39,10,11,14,15,16,18,21,22,23,29,30,31>40,9,10,13,23,31,35,5,39,11,15,21,22,29
32,33,2,34,35,37,6,38,39,40,10,13,14,15,16,17,19,22,25,27>10,18,20,23,25,29,31,33,38,32,2,34,37,13,14,15,16,17,27
32,33,2,34,35,37,6,38,39,40,10,13,14,15,16,17,19,22,25,27>5,10,12,18,19,25,28,29,35,38,39,40,32,2,34,37,13,14,15,16,17,27
32,33,2,34,35,37,6,38,39,40,10,13,14,15,16,17,19,22,25,27>6,10,11,12,22,31,38,40,32,2,34,37,13,14,15,16,17,27
32,33,2,34,35,37,6,38,39,40,10,13,14,15,16,17,19,22,25,27>5,6,8,10,11,18,19,22,25,29,36,32,2,34,37,13,14,15,16,17,27
1,6,9,10,15,18,20,21,22,23,24,25,27,28,29,30,32,33,34,35,36,37,38,40>5,6,7,8,9,13,15,18,26,30,32,1,33,36,37,38,40,10,20,21,22,24,25,27,28,29
1,6,9,10,15,18,20,21,22,23,24,25,27,28,29,30,32,33,34,35,36,37,38,40>34,5,7,9,15,18,23,30,31,32,1,33,36,37,38,40,10,20,21,22,24,25,27,28,29
1,6,9,10,15,18,20,21,22,23,24,25,27,28,29,30,32,33,34,35,36,37,38,40>35,5,7,8,9,11,12,23,30,31,32,1,33,36,37,38,40,10,20,21,22,24,25,27,28,29
1,6,9,10,15,18,20,21,22,23,24,25,27,28,29,30,32,33,34,35,36,37,38,40>34,35,5,9,11,31,32,1,33,36,37,38,40,10,20,21,22,24,25,27,28,29
1,2,7,8,11,14,15,18,19,22,23,24,28,29,31,32,34,35,37,38,39,40>32,5,19,21,24,25,31,1,2,35,37,15,18,22,23,28,29
1,2,7,8,11,14,15,18,19,22,23,24,28,29,31,32,34,35,37,38,39,40>33,6,9,11,39,24,31,1,2,35,37,15,18,22,23,28,29
1,2,7,8,11,14,15,18,19,22,23,24,28,29,31,32,34,35,37,38,39,40>34,5,7,8,9,39,14,21,1,2,35,37,15,18,22,23,28,29
1,2,7,8,11,14,15,18,19,22,23,24,28,29,31,32,34,35,37,38,39,40>34,6,9,39,19,26,31,1,2,35,37,15,18,22,23,28,29
1,3,4,5,7,9,10,11,13,16,17,18,20,21,22,25,26,27,28,29,31,32,37,39>33,30,14,25,32,1,3,5,7,39,9,11,13,16,17,20,21,22,27,28,29,31
1,3,4,5,7,9,10,11,13,16,17,18,20,21,22,25,26,27,28,29,31,32,37,39>4,10,18,24,26,30,32,1,3,5,7,39,9,11,13,16,17,20,21,22,27,28,29,31
1,3,4,5,7,9,10,11,13,16,17,18,20,21,22,25,26,27,28,29,31,32,37,39>33,4,37,14,18,25,26,32,1,3,5,7,39,9,11,13,16,17,20,21,22,27,28,29,31
1,3,4,5,7,9,10,11,13,16,17,18,20,21,22,25,26,27,28,29,31,32,37,39>33,35,4,37,10,14,25,26,32,1,3,5,7,39,9,11,13,16,17,20,21,22,27,28,29,31
32,2,3,35,5,6,7,9,11,12,14,16,17,19,20,22,27,28,29>33,7,39,11,12,15,16,17,19,22,23,27,32,2,3,5,9,20,28,29
32,2,3,35,5,6,7,9,11,12,14,16,17,19,20,22,27,28,29>33,35,8,39,14,16,17,18,19,23,24,32,2,3,5,9,20,28,29
32,2,3,35,5,6,7,9,11,12,14,16,17,19,20,22,27,28,29>33,6,39,11,12,15,18,19,22,27,31,32,2,3,5,9,20,28,29
32,2,3,35,5,6,7,9,11,12,14,16,17,19,20,22,27,28,29>33,35,37,6,7,39,15,19,22,27,32,2,3,5,9,20,28,29
1,2,3,4,35,36,37,38,39,40,11,12,13,14,16,18,19,20>34,35,4,36,7,40,11,12,13,19,23,1,2,3,37,39,14,16,18
1,2,3,4,35,36,37,38,39,40,11,12,13,14,16,18,19,20>4,36,7,38,40,12,15,19,20,22,1,2,3,37,39,14,16,18
1,2,3,4,35,36,37,38,39,40,11,12,13,14,16,18,19,20>35,4,7,13,17,20,23,24,1,2,3,37,39,14,16,18
1,2,3,4,35,36,37,38,39,40,11,12,13,14,16,18,19,20>35,4,36,7,38,40,22,24,1,2,3,37,39,14,16,18
2,7,8,9,12,13,15,16,19,23,24,25,26,27,29,30,31,33,35,36,38,39>7,8,15,17,18,19,24,2,35,36,39,9,16,23,25,26,27,30,31
2,7,8,9,12,13,15,16,19,23,24,25,26,27,29,30,31,33,35,36,38,39>32,33,37,38,13,14,15,17,19,2,35,36,39,9,16,23,25,26,27,30,31
2,7,8,9,12,13,15,16,19,23,24,25,26,27,29,30,31,33,35,36,38,39>5,37,12,13,15,29,2,35,36,39,9,16,23,25,26,27,30,31
2,7,8,9,12,13,15,16,19,23,24,25,26,27,29,30,31,33,35,36,38,39>37,7,38,13,14,17,18,24,29,2,35,36,39,9,16,23,25,26,27,30,31
1,2,3,4,34,38,39,8,9,11,12,14,16,21,23,25,26,28>7,39,14,15,16,20,21,25,27,28,30,1,2,3,34,26
1,2,3,4,34,38,39,8,9,11,12,14,16,21,23,25,26,28>33,8,9,12,16,21,23,25,28,1,2,3,34,26
1,2,3,4,34,38,39,8,9,11,12,14,16,21,23,25,26,28>6,8,38,12,14,15,20,21,25,27,30,1,2,3,34,26
1,2,3,4,34,38,39,8,9,11,12,14,16,21,23,25,26,28>33,4,6,8,38,11,12,15,16,20,25,27,30,1,2,3,34,26
1,3,5,6,8,9,14,17,18,19,20,24,25,26,27,29,32,33,35,38,39,40>10,14,19,22,23,26,30,37,32,1,3,5,39,8,18,20,24,25,27
1,3,5,6,8,9,14,17,18,19,20,24,25,26,27,29,32,33,35,38,39,40>9,14,15,17,19,22,23,26,29,30,31,33,35,36,37,40,32,1,3,5,39,8,18,20,24,25,27
1,3,5,6,8,9,14,17,18,19,20,24,25,26,27,29,32,33,35,38,39,40>7,9,15,22,23,29,31,35,36,37,38,40,32,1,3,5,39,8,18,20,24,25,27
1,3,5,6,8,9,14,17,18,19,20,24,25,26,27,29,32,33,35,38,39,40>6,7,9,10,15,22,29,31,35,40,32,1,3,5,39,8,18,20,24,25,27
3,4,35,36,37,8,9,38,11,14,15,19,20,22,23,26,27,31>39,14,19,20,22,24,28,30,35,3,37,15,23,26,31
3,4,35,36,37,8,9,38,11,14,15,19,20,22,23,26,27,31>32,38,9,11,18,19,20,22,29,35,3,37,15,23,26,31
3,4,35,36,37,8,9,38,11,14,15,19,20,22,23,26,27,31>4,36,38,39,8,9,14,19,24,27,30,35,3,37,15,23,26,31
3,4,35,36,37,8,9,38,11,14,15,19,20,22,23,26,27,31>4,36,39,11,14,18,22,24,29,30,35,3,37,15,23,26,31
