CD45,CD8,TCRlig,TCbind,PAGCsk,LCK,Fyn,Rlk,TCRphos,ZAP70,cCbl,Itk,LAT,Gads,Slp76,PLCg_b,Grb2Sos,DAG,PLCg_a,Ras,RasGRP1,PKCth,IP3,Raf,MEK,Ca,ERK,SEK,IKK,Calcin,Rsk,Fos,JNK,IkB,CREB,Jun,CRE,AP1,NFkB,NFAT
33,2,34,35,37,6,7,8,9,38,39,40,16,17,19,20,22,25,26>5,17,18,24,26,27,29,30,33,36,38,39,2,34,37,8,9,20
33,2,34,35,37,6,7,8,9,38,39,40,16,17,19,20,22,25,26>5,10,18,22,25,33,36,2,34,37,8,9,20
33,2,34,35,37,6,7,8,9,38,39,40,16,17,19,20,22,25,26>16,17,18,23,26,27,29,30,33,39,2,34,37,8,9,20
33,2,34,35,37,6,7,8,9,38,39,40,16,17,19,20,22,25,26>5,16,17,22,25,26,27,29,30,35,40,2,34,37,8,9,20
33,2,34,35,37,6,7,8,9,38,39,40,16,17,19,20,22,25,26>16,17,22,29,30,35,36,40,2,34,37,8,9,20
33,2,34,35,37,6,7,8,9,38,39,40,16,17,19,20,22,25,26>6,7,10,16,19,24,25,28,29,30,38,39,2,34,37,8,9,20
1,2,5,9,10,11,12,14,15,16,17,20,21,23,24,25,26,28,32,33,34,35,37,39>32,13,14,19,21,23,27,28,1,2,33,34,5,37,11,12,15,20,24,25,26
1,2,5,9,10,11,12,14,15,16,17,20,21,23,24,25,26,28,32,33,34,35,37,39>35,36,14,17,23,27,1,2,33,34,5,37,11,12,15,20,24,25,26
1,2,5,9,10,11,12,14,15,16,17,20,21,23,24,25,26,28,32,33,34,35,37,39>32,9,10,16,19,21,23,27,28,30,1,2,33,34,5,37,11,12,15,20,24,25,26
1,2,5,9,10,11,12,14,15,16,17,20,21,23,24,25,26,28,32,33,34,35,37,39>32,35,36,9,16,17,21,28,1,2,33,34,5,37,11,12,15,20,24,25,26
1,2,5,9,10,11,12,14,15,16,17,20,21,23,24,25,26,28,32,33,34,35,37,39>16,19,39,9,1,2,33,34,5,37,11,12,15,20,24,25,26
1,2,5,9,10,11,12,14,15,16,17,20,21,23,24,25,26,28,32,33,34,35,37,39>35,39,9,10,14,16,21,23,27,28,30,1,2,33,34,5,37,11,12,15,20,24,25,26
1,2,33,4,5,6,34,36,38,39,11,40,15,18,21,24,27,28,31>9,18,21,24,25,27,28,35,39,1,2,34,36,33,31
1,2,33,4,5,6,34,36,38,39,11,40,15,18,21,24,27,28,31>4,7,15,18,24,27,35,38,39,40,1,2,34,36,33,31
1,2,33,4,5,6,34,36,38,39,11,40,15,18,21,24,27,28,31>6,8,9,15,18,22,24,25,32,39,1,2,34,36,33,31
1,2,33,4,5,6,34,36,38,39,11,40,15,18,21,24,27,28,31>6,8,11,15,18,21,25,27,28,38,40,1,2,34,36,33,31
1,2,33,4,5,6,34,36,38,39,11,40,15,18,21,24,27,28,31>4,6,7,8,15,24,32,35,38,40,1,2,34,36,33,31
1,2,33,4,5,6,34,36,38,39,11,40,15,18,21,24,27,28,31>5,6,7,8,9,11,15,18,21,24,27,28,32,38,1,2,34,36,33,31
1,2,3,6,7,9,10,11,13,14,17,18,22,24,25,28,29,33,36,37,39>5,37,8,20,21,1,2,3,33,36,6,7,39,9,11,13,14,17,22,25,28,29
1,2,3,6,7,9,10,11,13,14,17,18,22,24,25,28,29,33,36,37,39>5,10,16,21,27,1,2,3,33,36,6,7,39,9,11,13,14,17,22,25,28,29
1,2,3,6,7,9,10,11,13,14,17,18,22,24,25,28,29,33,36,37,39>5,8,10,20,27,1,2,3,33,36,6,7,39,9,11,13,14,17,22,25,28,29
1,2,3,6,7,9,10,11,13,14,17,18,22,24,25,28,29,33,36,37,39>5,37,15,16,21,27,1,2,3,33,36,6,7,39,9,11,13,14,17,22,25,28,29
1,2,3,6,7,9,10,11,13,14,17,18,22,24,25,28,29,33,36,37,39>20,21,10,15,1,2,3,33,36,6,7,39,9,11,13,14,17,22,25,28,29
1,2,3,6,7,9,10,11,13,14,17,18,22,24,25,28,29,33,36,37,39>5,37,8,10,15,27,1,2,3,33,36,6,7,39,9,11,13,14,17,22,25,28,29
1,4,5,6,7,8,10,14,15,18,19,21,24,25,26,27,29,31,32,33,38,40>4,10,12,13,14,19,20,21,23,24,26,29,30,33,35,36,32,1,5,7,8,15,18,25,27,31
1,4,5,6,7,8,10,14,15,18,19,21,24,25,26,27,29,31,32,33,38,40>6,9,10,12,20,22,23,26,29,33,38,32,1,5,7,8,15,18,25,27,31
1,4,5,6,7,8,10,14,15,18,19,21,24,25,26,27,29,31,32,33,38,40>4,6,11,12,13,14,20,21,22,23,26,29,36,39,40,32,1,5,7,8,15,18,25,27,31
1,4,5,6,7,8,10,14,15,18,19,21,24,25,26,27,29,31,32,33,38,40>4,6,9,11,23,24,29,36,32,1,5,7,8,15,18,25,27,31
1,4,5,6,7,8,10,14,15,18,19,21,24,25,26,27,29,31,32,33,38,40>10,11,19,20,22,24,29,30,38,40,32,1,5,7,8,15,18,25,27,31
1,4,5,6,7,8,10,14,15,18,19,21,24,25,26,27,29,31,32,33,38,40>4,9,10,11,13,14,19,21,22,23,29,30,33,36,32,1,5,7,8,15,18,25,27,31
32,1,2,3,5,37,11,12,14,15,16,17,18,19,22,24,25,26,28,31>12,14,19,26,27,29,32,34,39,1,2,3,5,15,18,22,25,28
32,1,2,3,5,37,11,12,14,15,16,17,18,19,22,24,25,26,28,31>11,12,17,24,26,27,29,35,37,39,1,2,3,5,15,18,22,25,28
32,1,2,3,5,37,11,12,14,15,16,17,18,19,22,24,25,26,28,31>11,12,16,17,19,24,27,31,32,34,39,1,2,3,5,15,18,22,25,28
32,1,2,3,5,37,11,12,14,15,16,17,18,19,22,24,25,26,28,31>11,12,16,17,19,20,24,29,34,35,37,39,1,2,3,5,15,18,22,25,28
32,1,2,3,5,37,11,12,14,15,16,17,18,19,22,24,25,26,28,31>14,16,17,26,27,30,33,1,2,3,5,15,18,22,25,28
32,1,2,3,5,37,11,12,14,15,16,17,18,19,22,24,25,26,28,31>11,14,16,17,23,24,26,30,32,33,34,1,2,3,5,15,18,22,25,28
1,3,4,5,7,9,10,11,13,14,21,23,24,26,28,30,31,34,36,37,38>10,15,16,17,21,23,24,28,31,1,34,3,5,7,9,11,13,14,26,30
1,3,4,5,7,9,10,11,13,14,21,23,24,26,28,30,31,34,36,37,38>25,20,21,38,1,34,3,5,7,9,11,13,14,26,30
1,3,4,5,7,9,10,11,13,14,21,23,24,26,28,30,31,34,36,37,38>33,4,36,38,40,16,20,21,1,34,3,5,7,9,11,13,14,26,30
1,3,4,5,7,9,10,11,13,14,21,23,24,26,28,30,31,34,36,37,38>35,4,36,38,40,10,15,23,24,25,31,1,34,3,5,7,9,11,13,14,26,30
1,3,4,5,7,9,10,11,13,14,21,23,24,26,28,30,31,34,36,37,38>33,37,10,15,16,17,20,23,24,25,28,1,34,3,5,7,9,11,13,14,26,30
1,3,4,5,7,9,10,11,13,14,21,23,24,26,28,30,31,34,36,37,38>35,4,37,10,15,17,24,25,28,31,1,34,3,5,7,9,11,13,14,26,30
1,33,3,34,5,6,7,37,39,10,11,40,13,15,16,24,25,27,28,29>32,36,37,39,14,15,28,29,31,1,33,3,5,7,11,13,16,25,27
1,33,3,34,5,6,7,37,39,10,11,40,13,15,16,24,25,27,28,29>32,6,8,9,40,12,17,24,28,29,31,1,33,3,5,7,11,13,16,25,27
1,33,3,34,5,6,7,37,39,10,11,40,13,15,16,24,25,27,28,29>32,6,39,8,10,14,15,29,31,1,33,3,5,7,11,13,16,25,27
1,33,3,34,5,6,7,37,39,10,11,40,13,15,16,24,25,27,28,29>32,36,6,8,9,14,17,24,28,29,31,1,33,3,5,7,11,13,16,25,27
1,33,3,34,5,6,7,37,39,10,11,40,13,15,16,24,25,27,28,29>34,36,6,39,8,9,14,15,17,24,29,31,1,33,3,5,7,11,13,16,25,27
1,33,3,34,5,6,7,37,39,10,11,40,13,15,16,24,25,27,28,29>32,36,37,6,39,8,10,40,14,17,24,28,31,1,33,3,5,7,11,13,16,25,27
33,2,3,34,36,37,7,39,11,12,13,15,16,20,22,26,28,29,30>5,9,40,13,15,20,22,24,33,2,3,36,16,28,29,30
33,2,3,34,36,37,7,39,11,12,13,15,16,20,22,26,28,29,30>13,37,17,9,33,2,3,36,16,28,29,30
33,2,3,34,36,37,7,39,11,12,13,15,16,20,22,26,28,29,30>5,37,40,11,12,14,20,33,2,3,36,16,28,29,30
33,2,3,34,36,37,7,39,11,12,13,15,16,20,22,26,28,29,30>34,5,37,12,15,24,26,33,2,3,36,16,28,29,30
33,2,3,34,36,37,7,39,11,12,13,15,16,20,22,26,28,29,30>5,37,7,40,13,14,17,20,33,2,3,36,16,28,29,30
33,2,3,34,36,37,7,39,11,12,13,15,16,20,22,26,28,29,30>5,37,7,39,9,40,11,15,26,33,2,3,36,16,28,29,30
3,5,6,7,10,11,12,14,15,16,18,20,21,25,26,27,28,29,30,34,37,38,39,40>8,9,13,32,39,3,5,40,11,12,15,20,27,30
3,5,6,7,10,11,12,14,15,16,18,20,21,25,26,27,28,29,30,34,37,38,39,40>7,8,9,19,24,31,34,39,3,5,40,11,12,15,20,27,30
3,5,6,7,10,11,12,14,15,16,18,20,21,25,26,27,28,29,30,34,37,38,39,40>6,7,10,13,16,18,19,21,22,24,29,32,34,3,5,40,11,12,15,20,27,30
3,5,6,7,10,11,12,14,15,16,18,20,21,25,26,27,28,29,30,34,37,38,39,40>7,8,10,13,18,19,21,24,25,31,34,3,5,40,11,12,15,20,27,30
3,5,6,7,10,11,12,14,15,16,18,20,21,25,26,27,28,29,30,34,37,38,39,40>7,9,10,13,14,16,21,26,28,29,32,33,37,38,3,5,40,11,12,15,20,27,30
3,5,6,7,10,11,12,14,15,16,18,20,21,25,26,27,28,29,30,34,37,38,39,40>8,9,10,16,19,22,24,25,26,31,37,39,3,5,40,11,12,15,20,27,30
32,2,34,4,5,38,7,40,9,10,15,16,17,19,20,25,26,28>10,13,15,16,18,19,24,26,30,2,34,5,9,20
32,2,34,4,5,38,7,40,9,10,15,16,17,19,20,25,26,28>4,11,15,17,19,24,25,26,30,32,33,38,2,34,5,9,20
32,2,34,4,5,38,7,40,9,10,15,16,17,19,20,25,26,28>7,10,11,13,15,24,25,26,27,28,32,40,2,34,5,9,20
32,2,34,4,5,38,7,40,9,10,15,16,17,19,20,25,26,28>4,7,12,13,15,30,33,38,2,34,5,9,20
32,2,34,4,5,38,7,40,9,10,15,16,17,19,20,25,26,28>7,11,12,13,17,23,25,26,28,30,38,40,2,34,5,9,20
32,2,34,4,5,38,7,40,9,10,15,16,17,19,20,25,26,28>4,10,11,12,13,16,18,23,25,26,27,28,30,32,33,2,34,5,9,20
1,2,33,4,35,38,8,10,12,14,15,17,18,20,22,24,26,27,29,31>4,6,7,14,17,18,25,26,30,37,38,1,2,35,12,15,20,22,24,29,31
1,2,33,4,35,38,8,10,12,14,15,17,18,20,22,24,26,27,29,31>6,8,11,13,14,17,25,30,32,33,37,38,1,2,35,12,15,20,22,24,29,31
1,2,33,4,35,38,8,10,12,14,15,17,18,20,22,24,26,27,29,31>7,8,11,13,18,21,27,30,37,38,1,2,35,12,15,20,22,24,29,31
1,2,33,4,35,38,8,10,12,14,15,17,18,20,22,24,26,27,29,31>4,6,10,17,21,25,27,28,30,32,36,37,1,2,35,12,15,20,22,24,29,31
1,2,33,4,35,38,8,10,12,14,15,17,18,20,22,24,26,27,29,31>4,6,10,11,18,21,26,27,33,39,1,2,35,12,15,20,22,24,29,31
1,2,33,4,35,38,8,10,12,14,15,17,18,20,22,24,26,27,29,31>6,8,10,13,14,17,21,27,28,32,38,1,2,35,12,15,20,22,24,29,31
4,5,7,8,10,11,16,17,20,21,22,23,25,26,28,30,31,33,36,37,38,39,40>34,7,9,13,17,21,24,25,27,29,33,36,5,39,40,11,20,26,28,30
4,5,7,8,10,11,16,17,20,21,22,23,25,26,28,30,31,33,36,37,38,39,40>35,4,37,7,8,9,13,16,22,23,25,27,31,33,36,5,39,40,11,20,26,28,30
4,5,7,8,10,11,16,17,20,21,22,23,25,26,28,30,31,33,36,37,38,39,40>34,35,4,37,7,10,13,17,24,33,36,5,39,40,11,20,26,28,30
4,5,7,8,10,11,16,17,20,21,22,23,25,26,28,30,31,33,36,37,38,39,40>34,38,7,16,23,25,27,29,31,33,36,5,39,40,11,20,26,28,30
4,5,7,8,10,11,16,17,20,21,22,23,25,26,28,30,31,33,36,37,38,39,40>4,38,7,13,21,29,31,33,36,5,39,40,11,20,26,28,30
4,5,7,8,10,11,16,17,20,21,22,23,25,26,28,30,31,33,36,37,38,39,40>37,38,8,9,16,24,25,27,31,33,36,5,39,40,11,20,26,28,30
1,2,3,6,7,8,9,10,11,13,17,19,20,23,24,25,28,34,35,37,38>33,14,16,18,19,28,1,2,3,34,37,6,7,8,9,11,13,17,20,23,24,25
1,2,3,6,7,8,9,10,11,13,17,19,20,23,24,25,28,34,35,37,38>33,35,5,19,26,27,28,1,2,3,34,37,6,7,8,9,11,13,17,20,23,24,25
1,2,3,6,7,8,9,10,11,13,17,19,20,23,24,25,28,34,35,37,38>18,19,38,1,2,3,34,37,6,7,8,9,11,13,17,20,23,24,25
1,2,3,6,7,8,9,10,11,13,17,19,20,23,24,25,28,34,35,37,38>33,35,5,38,14,18,27,28,1,2,3,34,37,6,7,8,9,11,13,17,20,23,24,25
1,2,3,6,7,8,9,10,11,13,17,19,20,23,24,25,28,34,35,37,38>35,5,10,14,26,27,1,2,3,34,37,6,7,8,9,11,13,17,20,23,24,25
1,2,3,6,7,8,9,10,11,13,17,19,20,23,24,25,28,34,35,37,38>33,5,38,10,14,16,19,26,28,1,2,3,34,37,6,7,8,9,11,13,17,20,23,24,25
3,5,7,8,10,11,12,16,17,18,21,22,23,26,27,28,30,33,34,36,39>32,7,12,13,40,16,17,18,20,29,33,34,3,36,5,11,21,22,26,28,30
3,5,7,8,10,11,12,16,17,18,21,22,23,26,27,28,30,33,34,36,39>32,7,9,13,16,17,18,20,33,34,3,36,5,11,21,22,26,28,30
3,5,7,8,10,11,12,16,17,18,21,22,23,26,27,28,30,33,34,36,39>32,7,9,39,12,13,18,20,23,29,31,33,34,3,36,5,11,21,22,26,28,30
3,5,7,8,10,11,12,16,17,18,21,22,23,26,27,28,30,33,34,36,39>32,7,10,16,20,31,33,34,3,36,5,11,21,22,26,28,30
3,5,7,8,10,11,12,16,17,18,21,22,23,26,27,28,30,33,34,36,39>7,8,10,39,13,16,23,29,33,34,3,36,5,11,21,22,26,28,30
3,5,7,8,10,11,12,16,17,18,21,22,23,26,27,28,30,33,34,36,39>7,8,10,39,13,18,23,27,29,31,33,34,3,36,5,11,21,22,26,28,30
1,2,4,5,6,7,8,11,15,16,19,20,21,23,24,26,27,29,32,33,34,36,38>33,34,6,16,18,19,21,27,30,31,32,1,2,36,5,38,7,8,20,23,24,26
1,2,4,5,6,7,8,11,15,16,19,20,21,23,24,26,27,29,32,33,34,36,38>4,6,15,16,30,31,32,1,2,36,5,38,7,8,20,23,24,26
1,2,4,5,6,7,8,11,15,16,19,20,21,23,24,26,27,29,32,33,34,36,38>34,4,6,16,31,32,1,2,36,5,38,7,8,20,23,24,26
1,2,4,5,6,7,8,11,15,16,19,20,21,23,24,26,27,29,32,33,34,36,38>34,4,6,18,19,32,1,2,36,5,38,7,8,20,23,24,26
1,2,4,5,6,7,8,11,15,16,19,20,21,23,24,26,27,29,32,33,34,36,38>33,9,11,15,18,27,29,32,1,2,36,5,38,7,8,20,23,24,26
1,2,4,5,6,7,8,11,15,16,19,20,21,23,24,26,27,29,32,33,34,36,38>33,6,9,16,19,21,29,31,32,1,2,36,5,38,7,8,20,23,24,26
1,2,5,8,11,13,15,16,18,19,20,22,23,26,28,30,33,34,35,36,37,39>39,8,13,14,15,19,20,29,1,2,33,34,5,36,37,16,18,22,23,26,28,30
1,2,5,8,11,13,15,16,18,19,20,22,23,26,28,30,33,34,35,36,37,39>24,40,21,13,1,2,33,34,5,36,37,16,18,22,23,26,28,30
1,2,5,8,11,13,15,16,18,19,20,22,23,26,28,30,33,34,35,36,37,39>40,13,20,24,29,1,2,33,34,5,36,37,16,18,22,23,26,28,30
1,2,5,8,11,13,15,16,18,19,20,22,23,26,28,30,33,34,35,36,37,39>35,11,13,17,19,21,24,1,2,33,34,5,36,37,16,18,22,23,26,28,30
1,2,5,8,11,13,15,16,18,19,20,22,23,26,28,30,33,34,35,36,37,39>8,11,13,19,20,21,29,1,2,33,34,5,36,37,16,18,22,23,26,28,30
1,2,5,8,11,13,15,16,18,19,20,22,23,26,28,30,33,34,35,36,37,39>35,8,40,11,14,17,19,21,24,1,2,33,34,5,36,37,16,18,22,23,26,28,30
1,3,5,6,8,9,10,12,13,16,17,18,21,23,25,27,28,29,33,38,40>6,9,12,14,22,23,29,32,36,40,1,33,3,5,8,10,13,16,17,27
1,3,5,6,8,9,10,12,13,16,17,18,21,23,25,27,28,29,33,38,40>6,9,18,20,22,23,25,28,29,32,38,40,1,33,3,5,8,10,13,16,17,27
1,3,5,6,8,9,10,12,13,16,17,18,21,23,25,27,28,29,33,38,40>4,6,7,9,18,20,25,26,28,32,40,1,33,3,5,8,10,13,16,17,27
1,3,5,6,8,9,10,12,13,16,17,18,21,23,25,27,28,29,33,38,40>6,7,11,12,14,23,25,29,32,38,39,1,33,3,5,8,10,13,16,17,27
1,3,5,6,8,9,10,12,13,16,17,18,21,23,25,27,28,29,33,38,40>6,7,11,21,22,23,25,26,32,38,39,40,1,33,3,5,8,10,13,16,17,27
1,3,5,6,8,9,10,12,13,16,17,18,21,23,25,27,28,29,33,38,40>6,9,11,12,14,18,21,22,23,25,28,29,31,38,40,1,33,3,5,8,10,13,16,17,27
2,3,7,8,9,12,14,15,16,18,20,21,23,24,28,29,30,31,34,35,38>14,18,22,23,29,30,34,37,2,35,3,9,15,20,24
2,3,7,8,9,12,14,15,16,18,20,21,23,24,28,29,30,31,34,35,38>7,14,22,25,26,33,2,35,3,9,15,20,24
2,3,7,8,9,12,14,15,16,18,20,21,23,24,28,29,30,31,34,35,38>4,7,8,21,23,29,30,37,38,40,2,35,3,9,15,20,24
2,3,7,8,9,12,14,15,16,18,20,21,23,24,28,29,30,31,34,35,38>4,7,8,21,22,23,26,40,2,35,3,9,15,20,24
2,3,7,8,9,12,14,15,16,18,20,21,23,24,28,29,30,31,34,35,38>4,5,7,8,14,25,26,29,30,31,33,37,38,40,2,35,3,9,15,20,24
2,3,7,8,9,12,14,15,16,18,20,21,23,24,28,29,30,31,34,35,38>7,12,14,18,21,25,28,29,33,37,40,2,35,3,9,15,20,24
1,2,3,8,9,10,12,13,14,17,18,20,21,22,23,24,25,26,27,30,31,32,33,35,38,39,40>33,36,10,11,12,37,38,16,23,32,1,2,3,35,39,40,13,14,17,20,21,22,24,25,26,27,30,31
1,2,3,8,9,10,12,13,14,17,18,20,21,22,23,24,25,26,27,30,31,32,33,35,38,39,40>33,36,10,15,18,32,1,2,3,35,39,40,13,14,17,20,21,22,24,25,26,27,30,31
1,2,3,8,9,10,12,13,14,17,18,20,21,22,23,24,25,26,27,30,31,32,33,35,38,39,40>33,4,6,36,10,11,12,37,32,1,2,3,35,39,40,13,14,17,20,21,22,24,25,26,27,30,31
1,2,3,8,9,10,12,13,14,17,18,20,21,22,23,24,25,26,27,30,31,32,33,35,38,39,40>33,34,4,6,36,38,15,16,18,28,29,32,1,2,3,35,39,40,13,14,17,20,21,22,24,25,26,27,30,31
1,2,3,8,9,10,12,13,14,17,18,20,21,22,23,24,25,26,27,30,31,32,33,35,38,39,40>33,5,6,11,12,37,38,15,16,29,32,1,2,3,35,39,40,13,14,17,20,21,22,24,25,26,27,30,31
1,2,3,8,9,10,12,13,14,17,18,20,21,22,23,24,25,26,27,30,31,32,33,35,38,39,40>33,4,5,6,12,37,16,23,32,1,2,3,35,39,40,13,14,17,20,21,22,24,25,26,27,30,31
35,6,7,8,40,14,15,16,17,18,20,21,27,29,31>32,5,40,14,16,17,18,21,22,24,35,8,15,20,31
35,6,7,8,40,14,15,16,17,18,20,21,27,29,31>32,5,6,9,40,14,16,17,18,21,24,35,8,15,20,31
35,6,7,8,40,14,15,16,17,18,20,21,27,29,31>5,37,9,14,16,21,22,24,27,35,8,15,20,31
35,6,7,8,40,14,15,16,17,18,20,21,27,29,31>5,6,37,9,39,18,24,27,35,8,15,20,31
35,6,7,8,40,14,15,16,17,18,20,21,27,29,31>6,7,37,39,40,14,17,21,27,35,8,15,20,31
35,6,7,8,40,14,15,16,17,18,20,21,27,29,31>6,7,37,9,16,18,21,22,27,29,35,8,15,20,31
32,33,34,3,36,39,40,9,11,15,16,17,18,20,26,27,29,30>33,34,9,11,15,17,22,24,29,31,32,3,36,40,20,30
32,33,34,3,36,39,40,9,11,15,16,17,18,20,26,27,29,30>5,38,11,15,17,18,22,32,3,36,40,20,30
32,33,34,3,36,39,40,9,11,15,16,17,18,20,26,27,29,30>33,39,11,16,17,26,29,32,3,36,40,20,30
32,33,34,3,36,39,40,9,11,15,16,17,18,20,26,27,29,30>33,38,39,11,15,17,26,29,31,32,3,36,40,20,30
32,33,34,3,36,39,40,9,11,15,16,17,18,20,26,27,29,30>5,38,39,11,15,16,18,22,27,32,3,36,40,20,30
32,33,34,3,36,39,40,9,11,15,16,17,18,20,26,27,29,30>33,5,38,39,11,15,17,18,27,29,31,32,3,36,40,20,30
1,2,3,7,12,13,14,15,16,17,18,19,22,24,30,31,32,33,35,38,39,40>4,13,19,20,23,25,29,31,36,1,2,3,35,39,40,14,15,16,17,18,22
1,2,3,7,12,13,14,15,16,17,18,19,22,24,30,31,32,33,35,38,39,40>5,19,21,25,28,29,30,31,32,33,34,36,37,1,2,3,35,39,40,14,15,16,17,18,22
1,2,3,7,12,13,14,15,16,17,18,19,22,24,30,31,32,33,35,38,39,40>4,5,12,21,23,25,33,34,36,37,1,2,3,35,39,40,14,15,16,17,18,22
1,2,3,7,12,13,14,15,16,17,18,19,22,24,30,31,32,33,35,38,39,40>5,6,7,12,13,19,21,28,29,32,33,36,38,1,2,3,35,39,40,14,15,16,17,18,22
1,2,3,7,12,13,14,15,16,17,18,19,22,24,30,31,32,33,35,38,39,40>4,5,6,9,12,20,21,23,24,25,31,33,34,38,1,2,3,35,39,40,14,15,16,17,18,22
1,2,3,7,12,13,14,15,16,17,18,19,22,24,30,31,32,33,35,38,39,40>7,9,13,20,23,30,31,33,34,37,38,1,2,3,35,39,40,14,15,16,17,18,22
1,3,4,5,7,8,10,13,15,17,18,19,20,22,25,28,29,31,33,36,39>8,12,14,19,21,23,24,25,31,1,33,3,4,5,36,7,39,13,17,18,20,22,28,29
1,3,4,5,7,8,10,13,15,17,18,19,20,22,25,28,29,31,33,36,39>35,8,10,15,16,19,21,24,1,33,3,4,5,36,7,39,13,17,18,20,22,28,29
1,3,4,5,7,8,10,13,15,17,18,19,20,22,25,28,29,31,33,36,39>35,9,10,14,19,23,1,33,3,4,5,36,7,39,13,17,18,20,22,28,29
1,3,4,5,7,8,10,13,15,17,18,19,20,22,25,28,29,31,33,36,39>35,8,11,12,14,15,16,24,25,1,33,3,4,5,36,7,39,13,17,18,20,22,28,29
1,3,4,5,7,8,10,13,15,17,18,19,20,22,25,28,29,31,33,36,39>35,9,11,12,21,24,31,1,33,3,4,5,36,7,39,13,17,18,20,22,28,29
1,3,4,5,7,8,10,13,15,17,18,19,20,22,25,28,29,31,33,36,39>35,10,11,14,15,23,25,27,31,1,33,3,4,5,36,7,39,13,17,18,20,22,28,29
4,6,7,8,9,12,16,19,20,24,26,27,28,30,31,32,33,34,35,36,39,40>7,38,19,20,23,25,27,32,33,34,35,36,8,9,40,24,30,31
4,6,7,8,9,12,16,19,20,24,26,27,28,30,31,32,33,34,35,36,39,40>4,5,6,7,38,10,39,18,19,23,25,26,32,33,34,35,36,8,9,40,24,30,31
4,6,7,8,9,12,16,19,20,24,26,27,28,30,31,32,33,34,35,36,39,40>37,38,10,39,16,20,23,25,26,27,28,32,33,34,35,36,8,9,40,24,30,31
4,6,7,8,9,12,16,19,20,24,26,27,28,30,31,32,33,34,35,36,39,40>4,5,37,10,16,18,19,26,28,32,33,34,35,36,8,9,40,24,30,31
4,6,7,8,9,12,16,19,20,24,26,27,28,30,31,32,33,34,35,36,39,40>4,6,37,12,19,20,23,25,26,32,33,34,35,36,8,9,40,24,30,31
4,6,7,8,9,12,16,19,20,24,26,27,28,30,31,32,33,34,35,36,39,40>4,7,37,10,39,20,26,32,33,34,35,36,8,9,40,24,30,31
1,2,3,4,33,6,7,35,9,13,16,17,19,20,22,23,27,29>33,10,13,22,26,27,28,31,1,2,3,4,6,7,9,16,17,20,23,29
1,2,3,4,33,6,7,35,9,13,16,17,19,20,22,23,27,29>32,33,8,13,14,18,22,26,27,28,1,2,3,4,6,7,9,16,17,20,23,29
1,2,3,4,33,6,7,35,9,13,16,17,19,20,22,23,27,29>35,37,39,8,14,22,26,27,1,2,3,4,6,7,9,16,17,20,23,29
1,2,3,4,33,6,7,35,9,13,16,17,19,20,22,23,27,29>32,33,35,13,14,26,1,2,3,4,6,7,9,16,17,20,23,29
1,2,3,4,33,6,7,35,9,13,16,17,19,20,22,23,27,29>32,33,35,5,39,10,14,19,22,24,28,31,1,2,3,4,6,7,9,16,17,20,23,29
1,2,3,4,33,6,7,35,9,13,16,17,19,20,22,23,27,29>36,5,39,8,10,18,24,27,28,31,1,2,3,4,6,7,9,16,17,20,23,29
1,2,4,6,9,10,11,14,15,18,19,20,22,23,26,30,31,32,33,35,39,40>37,7,12,14,21,28,29,31,1,2,35,6,39,40,9,11,15,18,22,23,26,30
1,2,4,6,9,10,11,14,15,18,19,20,22,23,26,30,31,32,33,35,39,40>36,37,7,8,10,13,24,28,31,1,2,35,6,39,40,9,11,15,18,22,23,26,30
1,2,4,6,9,10,11,14,15,18,19,20,22,23,26,30,31,32,33,35,39,40>32,33,36,8,10,14,24,31,1,2,35,6,39,40,9,11,15,18,22,23,26,30
1,2,4,6,9,10,11,14,15,18,19,20,22,23,26,30,31,32,33,35,39,40>33,34,36,37,12,13,20,28,31,1,2,35,6,39,40,9,11,15,18,22,23,26,30
1,2,4,6,9,10,11,14,15,18,19,20,22,23,26,30,31,32,33,35,39,40>4,36,37,8,10,12,13,21,24,28,31,1,2,35,6,39,40,9,11,15,18,22,23,26,30
1,2,4,6,9,10,11,14,15,18,19,20,22,23,26,30,31,32,33,35,39,40>32,33,4,36,37,7,13,19,21,24,28,29,1,2,35,6,39,40,9,11,15,18,22,23,26,30
32,2,3,34,5,36,7,8,37,39,15,17,18,22,24,26,30>32,38,15,17,20,25,26,28,2,3,34,5,22,30
32,2,3,34,5,36,7,8,37,39,15,17,18,22,24,26,30>4,9,38,40,20,21,24,26,29,2,3,34,5,22,30
32,2,3,34,5,36,7,8,37,39,15,17,18,22,24,26,30>4,36,38,39,40,21,25,29,2,3,34,5,22,30
32,2,3,34,5,36,7,8,37,39,15,17,18,22,24,26,30>32,4,36,40,18,21,24,25,29,2,3,34,5,22,30
32,2,3,34,5,36,7,8,37,39,15,17,18,22,24,26,30>32,37,8,38,39,15,17,18,25,29,2,3,34,5,22,30
32,2,3,34,5,36,7,8,37,39,15,17,18,22,24,26,30>32,4,7,38,39,15,17,18,25,26,2,3,34,5,22,30
32,1,33,3,36,6,38,8,13,15,16,17,18,20,23,28,29,30,31>4,7,40,22,26,30,1,33,3,36,38,8,16,17,20
32,1,33,3,36,6,38,8,13,15,16,17,18,20,23,28,29,30,31>32,35,4,5,6,7,39,40,13,18,22,23,30,1,33,3,36,38,8,16,17,20
32,1,33,3,36,6,38,8,13,15,16,17,18,20,23,28,29,30,31>4,5,39,40,24,28,29,31,1,33,3,36,38,8,16,17,20
32,1,33,3,36,6,38,8,13,15,16,17,18,20,23,28,29,30,31>32,5,6,7,39,40,14,18,22,24,30,1,33,3,36,38,8,16,17,20
32,1,33,3,36,6,38,8,13,15,16,17,18,20,23,28,29,30,31>32,4,5,6,14,22,23,24,29,30,31,1,33,3,36,38,8,16,17,20
32,1,33,3,36,6,38,8,13,15,16,17,18,20,23,28,29,30,31>32,35,4,5,6,7,39,13,14,18,22,23,26,29,31,1,33,3,36,38,8,16,17,20
32,2,3,34,5,6,36,39,9,10,11,13,15,16,19,22,23,26,28>36,8,14,15,17,29,2,3,34,5,11,13,16,23,26,28
32,2,3,34,5,6,36,39,9,10,11,13,15,16,19,22,23,26,28>33,38,8,9,12,14,17,18,19,22,2,3,34,5,11,13,16,23,26,28
32,2,3,34,5,6,36,39,9,10,11,13,15,16,19,22,23,26,28>33,36,6,38,10,39,12,15,17,19,22,2,3,34,5,11,13,16,23,26,28
32,2,3,34,5,6,36,39,9,10,11,13,15,16,19,22,23,26,28>36,38,8,9,39,14,18,22,29,30,2,3,34,5,11,13,16,23,26,28
32,2,3,34,5,6,36,39,9,10,11,13,15,16,19,22,23,26,28>32,6,38,9,10,15,19,22,30,2,3,34,5,11,13,16,23,26,28
32,2,3,34,5,6,36,39,9,10,11,13,15,16,19,22,23,26,28>33,36,6,38,10,39,12,15,17,29,2,3,34,5,11,13,16,23,26,28
32,2,34,36,6,39,8,40,14,20,21,22,23,25,28>32,33,40,21,22,24,25,27,29,2,34,8,20,28
32,2,34,36,6,39,8,40,14,20,21,22,23,25,28>36,5,38,39,40,15,21,23,24,26,2,34,8,20,28
32,2,34,36,6,39,8,40,14,20,21,22,23,25,28>32,33,36,5,38,39,40,15,23,24,25,29,2,34,8,20,28
32,2,34,36,6,39,8,40,14,20,21,22,23,25,28>32,33,6,38,39,14,23,25,29,2,34,8,20,28
32,2,34,36,6,39,8,40,14,20,21,22,23,25,28>33,36,6,38,39,14,15,2,34,8,20,28
32,2,34,36,6,39,8,40,14,20,21,22,23,25,28>33,36,5,6,14,23,27,29,2,34,8,20,28
1,2,4,8,13,14,15,17,19,23,24,25,26,28,29,31,32,33,35,36,37,38,39>13,18,19,24,27,28,30,31,1,2,33,35,36,37,38,39,14,15,17,23,25,26
1,2,4,8,13,14,15,17,19,23,24,25,26,28,29,31,32,33,35,36,37,38,39>4,13,16,20,27,29,30,1,2,33,35,36,37,38,39,14,15,17,23,25,26
1,2,4,8,13,14,15,17,19,23,24,25,26,28,29,31,32,33,35,36,37,38,39>32,6,13,16,18,24,28,31,1,2,33,35,36,37,38,39,14,15,17,23,25,26
1,2,4,8,13,14,15,17,19,23,24,25,26,28,29,31,32,33,35,36,37,38,39>32,7,8,18,24,27,28,29,1,2,33,35,36,37,38,39,14,15,17,23,25,26
1,2,4,8,13,14,15,17,19,23,24,25,26,28,29,31,32,33,35,36,37,38,39>32,7,8,13,18,19,20,24,28,30,1,2,33,35,36,37,38,39,14,15,17,23,25,26
1,2,4,8,13,14,15,17,19,23,24,25,26,28,29,31,32,33,35,36,37,38,39>32,4,6,7,8,13,19,20,24,29,30,31,1,2,33,35,36,37,38,39,14,15,17,23,25,26
1,5,6,8,10,14,15,16,17,18,24,26,27,28,30,31,32,36,37,38,39,40>14,16,17,18,19,24,25,26,28,33,34,32,1,5,38,39,8,40,15,30,31
1,5,6,8,10,14,15,16,17,18,24,26,27,28,30,31,32,36,37,38,39,40>6,13,14,17,19,22,26,27,28,35,32,1,5,38,39,8,40,15,30,31
1,5,6,8,10,14,15,16,17,18,24,26,27,28,30,31,32,36,37,38,39,40>10,13,14,16,17,18,19,20,22,24,26,33,34,32,1,5,38,39,8,40,15,30,31
1,5,6,8,10,14,15,16,17,18,24,26,27,28,30,31,32,36,37,38,39,40>7,10,11,13,14,17,19,20,22,24,26,27,33,34,36,32,1,5,38,39,8,40,15,30,31
1,5,6,8,10,14,15,16,17,18,24,26,27,28,30,31,32,36,37,38,39,40>6,10,11,12,13,16,17,24,25,27,33,37,32,1,5,38,39,8,40,15,30,31
1,5,6,8,10,14,15,16,17,18,24,26,27,28,30,31,32,36,37,38,39,40>6,7,10,11,12,13,18,19,20,22,24,28,33,34,35,32,1,5,38,39,8,40,15,30,31
32,1,2,35,5,7,8,40,12,23,24,27,28,31>34,9,40,12,26,32,1,2,35,5,31
32,1,2,35,5,7,8,40,12,23,24,27,28,31>33,34,23,24,25,26,27,28,32,1,2,35,5,31
32,1,2,35,5,7,8,40,12,23,24,27,28,31>33,34,37,9,39,40,12,23,24,25,27,28,32,1,2,35,5,31
32,1,2,35,5,7,8,40,12,23,24,27,28,31>34,8,9,40,25,26,32,1,2,35,5,31
32,1,2,35,5,7,8,40,12,23,24,27,28,31>7,8,9,39,40,12,23,25,26,27,32,1,2,35,5,31
32,1,2,35,5,7,8,40,12,23,24,27,28,31>33,37,7,8,9,23,25,26,32,1,2,35,5,31
32,1,33,35,4,37,38,7,8,40,10,13,17,19,20,21,22,25,31>8,11,18,19,21,22,23,27,28,34,36,38,39,40,1,35,37,7,13,17,20
32,1,33,35,4,37,38,7,8,40,10,13,17,19,20,21,22,25,31>5,8,18,21,24,29,34,38,39,1,35,37,7,13,17,20
32,1,33,35,4,37,38,7,8,40,10,13,17,19,20,21,22,25,31>4,5,8,16,18,22,23,29,32,36,39,1,35,37,7,13,17,20
32,1,33,35,4,37,38,7,8,40,10,13,17,19,20,21,22,25,31>5,9,14,16,19,24,28,29,31,32,33,34,36,40,1,35,37,7,13,17,20
32,1,33,35,4,37,38,7,8,40,10,13,17,19,20,21,22,25,31>4,5,9,11,14,18,22,25,27,31,32,33,39,1,35,37,7,13,17,20
32,1,33,35,4,37,38,7,8,40,10,13,17,19,20,21,22,25,31>4,5,10,14,16,18,19,21,23,24,28,38,39,1,35,37,7,13,17,20
1,3,6,7,9,10,11,12,13,14,16,17,18,19,20,24,25,27,29,31,33,36,37,38,40>33,35,38,39,12,23,1,3,36,7,9,11,13,14,16,17,18,20,24,25,27,31
1,3,6,7,9,10,11,12,13,14,16,17,18,19,20,24,25,27,29,31,33,36,37,38,40>32,5,37,8,39,12,15,22,23,29,1,3,36,7,9,11,13,14,16,17,18,20,24,25,27,31
1,3,6,7,9,10,11,12,13,14,16,17,18,19,20,24,25,27,29,31,33,36,37,38,40>32,33,5,37,8,12,15,19,22,23,29,1,3,36,7,9,11,13,14,16,17,18,20,24,25,27,31
1,3,6,7,9,10,11,12,13,14,16,17,18,19,20,24,25,27,29,31,33,36,37,38,40>33,6,37,8,39,15,19,22,1,3,36,7,9,11,13,14,16,17,18,20,24,25,27,31
1,3,6,7,9,10,11,12,13,14,16,17,18,19,20,24,25,27,29,31,33,36,37,38,40>32,33,6,8,10,39,12,40,15,22,1,3,36,7,9,11,13,14,16,17,18,20,24,25,27,31
1,3,6,7,9,10,11,12,13,14,16,17,18,19,20,24,25,27,29,31,33,36,37,38,40>5,6,37,38,10,12,15,29,1,3,36,7,9,11,13,14,16,17,18,20,24,25,27,31
32,33,2,34,4,5,6,7,8,11,12,13,15,16,20,21,24,25,28,31>32,9,11,13,14,28,31,33,2,34,5,8,16,20,24,25
32,33,2,34,4,5,6,7,8,11,12,13,15,16,20,21,24,25,28,31>6,9,11,12,15,28,31,33,2,34,5,8,16,20,24,25
32,33,2,34,4,5,6,7,8,11,12,13,15,16,20,21,24,25,28,31>35,4,6,11,12,13,14,28,33,2,34,5,8,16,20,24,25
32,33,2,34,4,5,6,7,8,11,12,13,15,16,20,21,24,25,28,31>36,6,7,11,13,14,21,33,2,34,5,8,16,20,24,25
32,33,2,34,4,5,6,7,8,11,12,13,15,16,20,21,24,25,28,31>32,35,36,6,7,13,14,17,21,27,28,31,33,2,34,5,8,16,20,24,25
32,33,2,34,4,5,6,7,8,11,12,13,15,16,20,21,24,25,28,31>4,36,6,7,13,14,17,27,33,2,34,5,8,16,20,24,25
1,2,5,7,8,9,10,15,16,19,20,21,26,27,29,32,34,35,37,38,39,40>8,10,18,26,27,29,30,31,34,32,1,2,5,37,9,19,20
1,2,5,7,8,9,10,15,16,19,20,21,26,27,29,32,34,35,37,38,39,40>7,12,13,16,18,21,24,26,27,30,31,40,32,1,2,5,37,9,19,20
1,2,5,7,8,9,10,15,16,19,20,21,26,27,29,32,34,35,37,38,39,40>10,12,13,23,26,27,30,31,34,35,38,32,1,2,5,37,9,19,20
1,2,5,7,8,9,10,15,16,19,20,21,26,27,29,32,34,35,37,38,39,40>7,10,12,15,16,18,23,24,26,29,30,31,38,32,1,2,5,37,9,19,20
1,2,5,7,8,9,10,15,16,19,20,21,26,27,29,32,34,35,37,38,39,40>11,12,15,16,18,24,30,38,40,32,1,2,5,37,9,19,20
1,2,5,7,8,9,10,15,16,19,20,21,26,27,29,32,34,35,37,38,39,40>7,10,11,12,23,38,40,32,1,2,5,37,9,19,20
32,1,34,4,5,37,40,12,15,18,20,21,23,26,27,28,30>33,4,15,22,24,32,1,34,40,20,26,30
32,1,34,4,5,37,40,12,15,18,20,21,23,26,27,28,30>5,15,18,21,22,23,28,32,1,34,40,20,26,30
32,1,34,4,5,37,40,12,15,18,20,21,23,26,27,28,30>33,5,7,12,15,18,21,23,31,32,1,34,40,20,26,30
32,1,34,4,5,37,40,12,15,18,20,21,23,26,27,28,30>37,7,12,15,18,23,24,27,31,32,1,34,40,20,26,30
32,1,34,4,5,37,40,12,15,18,20,21,23,26,27,28,30>33,37,7,15,21,27,28,32,1,34,40,20,26,30
32,1,34,4,5,37,40,12,15,18,20,21,23,26,27,28,30>5,37,7,15,18,22,27,28,32,1,34,40,20,26,30
32,1,5,38,7,40,10,11,13,14,15,19,20,21,26,28,29,31>7,9,17,18,19,21,23,24,26,28,31,35,39,1,5,11,13,14,15,20
32,1,5,38,7,40,10,11,13,14,15,19,20,21,26,28,29,31>12,17,18,19,23,28,29,32,33,35,39,40,1,5,11,13,14,15,20
32,1,5,38,7,40,10,11,13,14,15,19,20,21,26,28,29,31>7,9,10,12,17,18,21,28,30,35,38,39,1,5,11,13,14,15,20
32,1,5,38,7,40,10,11,13,14,15,19,20,21,26,28,29,31>7,9,16,17,18,28,30,31,33,35,38,1,5,11,13,14,15,20
32,1,5,38,7,40,10,11,13,14,15,19,20,21,26,28,29,31>10,16,24,28,30,33,38,40,1,5,11,13,14,15,20
32,1,5,38,7,40,10,11,13,14,15,19,20,21,26,28,29,31>7,10,16,18,21,23,26,29,30,31,32,33,35,38,1,5,11,13,14,15,20
32,33,3,4,35,36,38,39,9,12,14,15,17,19,21,23,25,26,27,30>35,12,14,19,20,25,31,32,3,4,36,38,39,15,23,26,27,30
32,33,3,4,35,36,38,39,9,12,14,15,17,19,21,23,25,26,27,30>33,34,35,40,12,18,19,20,32,3,4,36,38,39,15,23,26,27,30
32,33,3,4,35,36,38,39,9,12,14,15,17,19,21,23,25,26,27,30>33,34,35,12,14,17,18,19,31,32,3,4,36,38,39,15,23,26,27,30
32,33,3,4,35,36,38,39,9,12,14,15,17,19,21,23,25,26,27,30>35,37,12,17,19,20,25,31,32,3,4,36,38,39,15,23,26,27,30
32,33,3,4,35,36,38,39,9,12,14,15,17,19,21,23,25,26,27,30>34,35,40,18,19,20,21,25,31,32,3,4,36,38,39,15,23,26,27,30
32,33,3,4,35,36,38,39,9,12,14,15,17,19,21,23,25,26,27,30>33,34,35,40,9,12,14,20,31,32,3,4,36,38,39,15,23,26,27,30
32,1,2,3,4,5,6,7,8,34,37,39,40,13,15,25,30,31>14,32,27,30,1,2,3,4,5,34,7,8,40
32,1,2,3,4,5,6,7,8,34,37,39,40,13,15,25,30,31>32,37,15,16,17,25,30,1,2,3,4,5,34,7,8,40
32,1,2,3,4,5,6,7,8,34,37,39,40,13,15,25,30,31>32,6,27,30,31,1,2,3,4,5,34,7,8,40
32,1,2,3,4,5,6,7,8,34,37,39,40,13,15,25,30,31>35,37,39,14,15,16,17,30,31,1,2,3,4,5,34,7,8,40
32,1,2,3,4,5,6,7,8,34,37,39,40,13,15,25,30,31>6,39,9,14,15,27,30,1,2,3,4,5,34,7,8,40
32,1,2,3,4,5,6,7,8,34,37,39,40,13,15,25,30,31>32,35,6,39,9,16,17,25,27,31,1,2,3,4,5,34,7,8,40
2,4,5,8,9,10,11,12,15,16,17,20,21,22,24,25,27,30,33,34,39,40>9,4,16,19,2,34,40,11,12,20,24,25,27
2,4,5,8,9,10,11,12,15,16,17,20,21,22,24,25,27,30,33,34,39,40>32,4,39,13,15,16,17,21,28,2,34,40,11,12,20,24,25,27
2,4,5,8,9,10,11,12,15,16,17,20,21,22,24,25,27,30,33,34,39,40>36,9,15,16,19,22,29,2,34,40,11,12,20,24,25,27
2,4,5,8,9,10,11,12,15,16,17,20,21,22,24,25,27,30,33,34,39,40>33,36,39,21,28,29,31,2,34,40,11,12,20,24,25,27
2,4,5,8,9,10,11,12,15,16,17,20,21,22,24,25,27,30,33,34,39,40>5,36,9,15,16,21,28,30,2,34,40,11,12,20,24,25,27
2,4,5,8,9,10,11,12,15,16,17,20,21,22,24,25,27,30,33,34,39,40>32,33,4,5,36,9,13,16,17,21,31,2,34,40,11,12,20,24,25,27
32,33,2,36,5,6,7,39,11,13,14,15,16,17,18,20,22,26,30>32,33,9,11,18,24,26,28,29,2,36,5,39,14,15,16,17,20,22,30
32,33,2,36,5,6,7,39,11,13,14,15,16,17,18,20,22,26,30>32,34,6,18,24,28,29,2,36,5,39,14,15,16,17,20,22,30
32,33,2,36,5,6,7,39,11,13,14,15,16,17,18,20,22,26,30>32,33,34,6,8,11,40,18,28,2,36,5,39,14,15,16,17,20,22,30
32,33,2,36,5,6,7,39,11,13,14,15,16,17,18,20,22,26,30>33,34,7,8,13,18,29,2,36,5,39,14,15,16,17,20,22,30
32,33,2,36,5,6,7,39,11,13,14,15,16,17,18,20,22,26,30>33,34,7,11,13,18,26,2,36,5,39,14,15,16,17,20,22,30
32,33,2,36,5,6,7,39,11,13,14,15,16,17,18,20,22,26,30>32,6,7,38,11,40,18,21,24,29,2,36,5,39,14,15,16,17,20,22,30
1,4,5,6,7,9,14,16,17,18,19,20,21,22,24,25,26,28,36,37,38,39>36,37,10,19,23,29,30,1,5,7,39,9,18,20,21,22,24,25,28
1,4,5,6,7,9,14,16,17,18,19,20,21,22,24,25,26,28,36,37,38,39>33,34,4,36,8,38,10,15,17,23,26,27,29,30,1,5,7,39,9,18,20,21,22,24,25,28
1,4,5,6,7,9,14,16,17,18,19,20,21,22,24,25,26,28,36,37,38,39>33,6,38,15,23,26,27,29,30,1,5,7,39,9,18,20,21,22,24,25,28
1,4,5,6,7,9,14,16,17,18,19,20,21,22,24,25,26,28,36,37,38,39>33,4,6,37,17,19,26,30,1,5,7,39,9,18,20,21,22,24,25,28
1,4,5,6,7,9,14,16,17,18,19,20,21,22,24,25,26,28,36,37,38,39>34,4,6,37,38,10,14,15,16,17,19,23,26,30,1,5,7,39,9,18,20,21,22,24,25,28
1,4,5,6,7,9,14,16,17,18,19,20,21,22,24,25,26,28,36,37,38,39>33,34,4,36,6,37,14,15,16,19,26,1,5,7,39,9,18,20,21,22,24,25,28
33,36,37,6,39,40,9,12,14,15,19,21,22,24,26,27,28>5,12,18,19,21,24,27,29,34,37,40,33,36,39,15,28
33,36,37,6,39,40,9,12,14,15,19,21,22,24,26,27,28>8,14,18,19,20,21,22,23,24,27,29,31,32,37,33,36,39,15,28
33,36,37,6,39,40,9,12,14,15,19,21,22,24,26,27,28>5,6,8,14,18,20,24,25,27,29,31,40,33,36,39,15,28
33,36,37,6,39,40,9,12,14,15,19,21,22,24,26,27,28>5,9,14,18,19,20,24,27,29,31,32,33,36,39,15,28
33,36,37,6,39,40,9,12,14,15,19,21,22,24,26,27,28>10,12,19,20,23,27,29,30,34,37,40,33,36,39,15,28
33,36,37,6,39,40,9,12,14,15,19,21,22,24,26,27,28>5,8,10,12,18,20,21,23,30,31,32,34,37,40,33,36,39,15,28
1,2,3,5,6,39,40,11,15,16,17,20,21,22,23,27,29,30>15,16,21,26,30,31,1,2,3,5,39,40,20,29
1,2,3,5,6,39,40,11,15,16,17,20,21,22,23,27,29,30>7,17,22,23,24,27,30,1,2,3,5,39,40,20,29
1,2,3,5,6,39,40,11,15,16,17,20,21,22,23,27,29,30>32,6,7,16,22,26,27,28,1,2,3,5,39,40,20,29
1,2,3,5,6,39,40,11,15,16,17,20,21,22,23,27,29,30>32,8,15,17,23,24,26,28,31,1,2,3,5,39,40,20,29
1,2,3,5,6,39,40,11,15,16,17,20,21,22,23,27,29,30>7,11,16,17,24,26,27,30,1,2,3,5,39,40,20,29
1,2,3,5,6,39,40,11,15,16,17,20,21,22,23,27,29,30>7,8,11,17,21,22,23,26,27,31,1,2,3,5,39,40,20,29
32,1,2,35,36,37,8,9,10,15,16,20,21,22,23,25,26,30>6,8,11,12,19,21,22,23,28,29,1,2,37,20,26,30
32,1,2,35,36,37,8,9,10,15,16,20,21,22,23,25,26,30>6,8,19,24,27,35,36,40,1,2,37,20,26,30
32,1,2,35,36,37,8,9,10,15,16,20,21,22,23,25,26,30>5,6,9,11,15,16,21,22,23,27,28,34,35,36,39,40,1,2,37,20,26,30
32,1,2,35,36,37,8,9,10,15,16,20,21,22,23,25,26,30>10,13,19,24,25,27,28,29,39,40,1,2,37,20,26,30
32,1,2,35,36,37,8,9,10,15,16,20,21,22,23,25,26,30>6,10,11,16,21,22,24,25,27,29,34,35,36,38,39,40,1,2,37,20,26,30
32,1,2,35,36,37,8,9,10,15,16,20,21,22,23,25,26,30>5,8,9,10,12,15,21,22,25,28,32,34,38,39,1,2,37,20,26,30
1,2,5,7,9,10,12,15,19,20,21,23,24,26,29,30,31,32,37,38,39>10,13,19,21,31,1,2,5,39,9,12,20,23,24,26,30
1,2,5,7,9,10,12,15,19,20,21,23,24,26,29,30,31,32,37,38,39>32,35,13,21,25,1,2,5,39,9,12,20,23,24,26,30
1,2,5,7,9,10,12,15,19,20,21,23,24,26,29,30,31,32,37,38,39>38,40,10,15,18,19,25,29,31,1,2,5,39,9,12,20,23,24,26,30
1,2,5,7,9,10,12,15,19,20,21,23,24,26,29,30,31,32,37,38,39>32,35,37,38,40,10,13,15,18,31,1,2,5,39,9,12,20,23,24,26,30
1,2,5,7,9,10,12,15,19,20,21,23,24,26,29,30,31,32,37,38,39>32,37,38,7,11,19,31,1,2,5,39,9,12,20,23,24,26,30
1,2,5,7,9,10,12,15,19,20,21,23,24,26,29,30,31,32,37,38,39>32,35,37,38,7,40,10,15,21,25,29,31,1,2,5,39,9,12,20,23,24,26,30
1,3,5,6,10,11,12,14,16,18,21,22,23,25,26,31,32,34,35,37,39>32,7,10,13,14,15,16,18,20,27,28,31,1,34,3,35,5,37,11,21,22,26
1,3,5,6,10,11,12,14,16,18,21,22,23,25,26,31,32,34,35,37,39>8,13,14,23,27,29,30,31,1,34,3,35,5,37,11,21,22,26
1,3,5,6,10,11,12,14,16,18,21,22,23,25,26,31,32,34,35,37,39>8,10,15,16,18,20,23,25,27,29,31,1,34,3,35,5,37,11,21,22,26
1,3,5,6,10,11,12,14,16,18,21,22,23,25,26,31,32,34,35,37,39>32,6,7,39,10,13,14,15,16,18,23,28,29,30,1,34,3,35,5,37,11,21,22,26
1,3,5,6,10,11,12,14,16,18,21,22,23,25,26,31,32,34,35,37,39>7,8,39,10,15,23,29,30,31,1,34,3,35,5,37,11,21,22,26
1,3,5,6,10,11,12,14,16,18,21,22,23,25,26,31,32,34,35,37,39>32,6,7,8,39,10,13,14,18,20,23,25,27,29,1,34,3,35,5,37,11,21,22,26
4,5,6,9,13,14,16,17,19,20,21,23,24,26,28,30,31,32,36,39,40>32,33,6,38,10,13,15,18,19,21,25,39,40,9,14,16,17,20,23,24,26,30
4,5,6,9,13,14,16,17,19,20,21,23,24,26,28,30,31,32,36,39,40>32,33,35,6,38,10,13,15,19,39,40,9,14,16,17,20,23,24,26,30
4,5,6,9,13,14,16,17,19,20,21,23,24,26,28,30,31,32,36,39,40>32,34,35,6,36,10,19,21,25,39,40,9,14,16,17,20,23,24,26,30
4,5,6,9,13,14,16,17,19,20,21,23,24,26,28,30,31,32,36,39,40>33,34,35,5,6,8,13,15,19,25,28,31,39,40,9,14,16,17,20,23,24,26,30
4,5,6,9,13,14,16,17,19,20,21,23,24,26,28,30,31,32,36,39,40>34,4,5,6,36,8,10,13,15,25,39,40,9,14,16,17,20,23,24,26,30
4,5,6,9,13,14,16,17,19,20,21,23,24,26,28,30,31,32,36,39,40>33,34,4,6,15,18,19,21,25,28,31,39,40,9,14,16,17,20,23,24,26,30
3,6,7,11,14,15,16,17,18,20,23,24,25,26,27,28,29,30,32,33,35,37,39,40>35,36,6,9,11,14,16,23,28,32,33,3,37,39,40,15,20,24,25,26,27,30
3,6,7,11,14,15,16,17,18,20,23,24,25,26,27,28,29,30,32,33,35,37,39,40>5,6,9,14,17,18,23,28,32,33,3,37,39,40,15,20,24,25,26,27,30
3,6,7,11,14,15,16,17,18,20,23,24,25,26,27,28,29,30,32,33,35,37,39,40>35,5,6,8,9,11,14,16,17,18,23,31,32,33,3,37,39,40,15,20,24,25,26,27,30
3,6,7,11,14,15,16,17,18,20,23,24,25,26,27,28,29,30,32,33,35,37,39,40>7,8,11,16,17,18,23,32,33,3,37,39,40,15,20,24,25,26,27,30
3,6,7,11,14,15,16,17,18,20,23,24,25,26,27,28,29,30,32,33,35,37,39,40>35,36,7,11,22,28,32,33,3,37,39,40,15,20,24,25,26,27,30
3,6,7,11,14,15,16,17,18,20,23,24,25,26,27,28,29,30,32,33,35,37,39,40>35,36,5,6,7,9,14,16,22,28,29,32,33,3,37,39,40,15,20,24,25,26,27,30
1,2,3,4,6,7,8,9,11,12,17,22,23,28,29,30,33,34,36,37,40>34,4,12,20,26,1,2,3,33,36,6,7,8,9,40,28,29
1,2,3,4,6,7,8,9,11,12,17,22,23,28,29,30,33,34,36,37,40>23,5,12,1,2,3,33,36,6,7,8,9,40,28,29
1,2,3,4,6,7,8,9,11,12,17,22,23,28,29,30,33,34,36,37,40>34,5,17,22,23,30,1,2,3,33,36,6,7,8,9,40,28,29
1,2,3,4,6,7,8,9,11,12,17,22,23,28,29,30,33,34,36,37,40>34,4,5,12,22,30,1,2,3,33,36,6,7,8,9,40,28,29
1,2,3,4,6,7,8,9,11,12,17,22,23,28,29,30,33,34,36,37,40>34,4,11,17,20,22,30,1,2,3,33,36,6,7,8,9,40,28,29
1,2,3,4,6,7,8,9,11,12,17,22,23,28,29,30,33,34,36,37,40>4,5,11,20,22,23,30,1,2,3,33,36,6,7,8,9,40,28,29
1,33,35,4,5,36,7,8,9,10,38,12,39,14,15,16,17,25,27,28>8,10,11,14,17,25,28,1,33,36,5,7,39,9,12,15,27
1,33,35,4,5,36,7,8,9,10,38,12,39,14,15,16,17,25,27,28>32,38,8,10,14,17,28,31,1,33,36,5,7,39,9,12,15,27
1,33,35,4,5,36,7,8,9,10,38,12,39,14,15,16,17,25,27,28>4,38,8,14,16,19,28,31,1,33,36,5,7,39,9,12,15,27
1,33,35,4,5,36,7,8,9,10,38,12,39,14,15,16,17,25,27,28>37,38,13,19,31,1,33,36,5,7,39,9,12,15,27
1,33,35,4,5,36,7,8,9,10,38,12,39,14,15,16,17,25,27,28>32,37,8,10,11,14,17,19,28,31,1,33,36,5,7,39,9,12,15,27
1,33,35,4,5,36,7,8,9,10,38,12,39,14,15,16,17,25,27,28>32,34,4,37,8,10,17,19,20,25,28,1,33,36,5,7,39,9,12,15,27
35,4,5,6,36,8,9,10,11,12,40,14,18,19,22,25,27,29,30,31>39,12,13,15,21,35,8,9,40,11,18,22,27,29,31
35,4,5,6,36,8,9,10,11,12,40,14,18,19,22,25,27,29,30,31>4,39,10,12,15,23,25,35,8,9,40,11,18,22,27,29,31
35,4,5,6,36,8,9,10,11,12,40,14,18,19,22,25,27,29,30,31>32,4,5,37,39,10,12,15,19,21,23,30,35,8,9,40,11,18,22,27,29,31
35,4,5,6,36,8,9,10,11,12,40,14,18,19,22,25,27,29,30,31>32,4,5,36,37,39,10,14,15,21,25,28,35,8,9,40,11,18,22,27,29,31
35,4,5,6,36,8,9,10,11,12,40,14,18,19,22,25,27,29,30,31>6,36,37,39,14,15,19,21,23,35,8,9,40,11,18,22,27,29,31
35,4,5,6,36,8,9,10,11,12,40,14,18,19,22,25,27,29,30,31>32,6,36,37,13,14,21,23,28,35,8,9,40,11,18,22,27,29,31
32,33,2,34,4,35,36,7,39,40,12,16,17,19,22,24,26,27,28,29>9,17,23,25,26,27,30,34,35,37,40,32,33,2,36,28,29
32,33,2,34,4,35,36,7,39,40,12,16,17,19,22,24,26,27,28,29>4,7,9,16,17,22,24,25,26,30,31,34,40,32,33,2,36,28,29
32,33,2,34,4,35,36,7,39,40,12,16,17,19,22,24,26,27,28,29>5,7,9,16,24,25,26,31,38,39,40,32,33,2,36,28,29
32,33,2,34,4,35,36,7,39,40,12,16,17,19,22,24,26,27,28,29>4,12,16,17,18,19,20,24,25,35,39,40,32,33,2,36,28,29
32,33,2,34,4,35,36,7,39,40,12,16,17,19,22,24,26,27,28,29>7,9,12,20,30,34,35,37,39,40,32,33,2,36,28,29
32,33,2,34,4,35,36,7,39,40,12,16,17,19,22,24,26,27,28,29>5,7,9,12,17,23,24,26,31,35,37,39,32,33,2,36,28,29
1,2,9,11,13,16,19,20,21,22,24,26,27,28,29,30,31,32,36,38,40>35,5,39,11,19,22,23,26,27,32,1,2,38,40,16,20,24,28,29,30,31
1,2,9,11,13,16,19,20,21,22,24,26,27,28,29,30,31,32,36,38,40>33,36,5,39,9,14,19,21,22,27,32,1,2,38,40,16,20,24,28,29,30,31
1,2,9,11,13,16,19,20,21,22,24,26,27,28,29,30,31,32,36,38,40>6,39,9,14,17,18,19,21,23,25,26,27,32,1,2,38,40,16,20,24,28,29,30,31
1,2,9,11,13,16,19,20,21,22,24,26,27,28,29,30,31,32,36,38,40>35,5,6,9,13,14,17,21,32,1,2,38,40,16,20,24,28,29,30,31
1,2,9,11,13,16,19,20,21,22,24,26,27,28,29,30,31,32,36,38,40>35,36,5,6,39,11,14,17,18,21,27,32,1,2,38,40,16,20,24,28,29,30,31
1,2,9,11,13,16,19,20,21,22,24,26,27,28,29,30,31,32,36,38,40>33,35,36,5,6,39,11,19,21,22,25,26,32,1,2,38,40,16,20,24,28,29,30,31
1,2,34,4,5,35,38,39,10,12,18,19,20,21,22,23,25,26,27,30>32,5,38,39,11,12,13,40,25,28,31,1,2,34,18,20,21,22,23,26,27,30
1,2,34,4,5,35,38,39,10,12,18,19,20,21,22,23,25,26,27,30>32,4,5,7,39,10,40,19,24,25,28,31,1,2,34,18,20,21,22,23,26,27,30
1,2,34,4,5,35,38,39,10,12,18,19,20,21,22,23,25,26,27,30>32,35,4,5,38,39,10,11,13,19,24,28,29,31,1,2,34,18,20,21,22,23,26,27,30
1,2,34,4,5,35,38,39,10,12,18,19,20,21,22,23,25,26,27,30>32,5,37,12,13,28,31,1,2,34,18,20,21,22,23,26,27,30
1,2,34,4,5,35,38,39,10,12,18,19,20,21,22,23,25,26,27,30>32,35,5,37,38,39,11,12,19,24,25,28,31,1,2,34,18,20,21,22,23,26,27,30
1,2,34,4,5,35,38,39,10,12,18,19,20,21,22,23,25,26,27,30>32,35,4,5,37,38,10,11,40,31,1,2,34,18,20,21,22,23,26,27,30
32,33,3,4,5,36,39,40,12,13,17,18,20,23,24,25,26,27,30>22,5,31,14,32,3,4,36,39,40,17,20,24,25,26,27,30
32,33,3,4,5,36,39,40,12,13,17,18,20,23,24,25,26,27,30>38,14,16,22,23,32,3,4,36,39,40,17,20,24,25,26,27,30
32,33,3,4,5,36,39,40,12,13,17,18,20,23,24,25,26,27,30>33,12,13,14,16,22,32,3,4,36,39,40,17,20,24,25,26,27,30
32,33,3,4,5,36,39,40,12,13,17,18,20,23,24,25,26,27,30>34,12,14,18,22,23,31,32,3,4,36,39,40,17,20,24,25,26,27,30
32,33,3,4,5,36,39,40,12,13,17,18,20,23,24,25,26,27,30>38,12,14,16,18,22,32,3,4,36,39,40,17,20,24,25,26,27,30
32,33,3,4,5,36,39,40,12,13,17,18,20,23,24,25,26,27,30>33,38,12,13,16,23,32,3,4,36,39,40,17,20,24,25,26,27,30
3,4,5,6,10,12,13,14,15,16,17,18,19,22,23,25,26,27,30,31,32,35,36,37,39>5,10,40,25,29,32,3,4,35,37,39,12,13,14,15,16,17,18,19,22,23,26,27,30,31
3,4,5,6,10,12,13,14,15,16,17,18,19,22,23,25,26,27,30,31,32,35,36,37,39>34,5,6,10,11,40,21,25,28,32,3,4,35,37,39,12,13,14,15,16,17,18,19,22,23,26,27,30,31
3,4,5,6,10,12,13,14,15,16,17,18,19,22,23,25,26,27,30,31,32,35,36,37,39>36,5,6,40,20,25,28,29,32,3,4,35,37,39,12,13,14,15,16,17,18,19,22,23,26,27,30,31
3,4,5,6,10,12,13,14,15,16,17,18,19,22,23,25,26,27,30,31,32,35,36,37,39>36,5,6,9,10,25,28,32,3,4,35,37,39,12,13,14,15,16,17,18,19,22,23,26,27,30,31
3,4,5,6,10,12,13,14,15,16,17,18,19,22,23,25,26,27,30,31,32,35,36,37,39>36,6,38,9,10,40,25,28,29,32,3,4,35,37,39,12,13,14,15,16,17,18,19,22,23,26,27,30,31
3,4,5,6,10,12,13,14,15,16,17,18,19,22,23,25,26,27,30,31,32,35,36,37,39>34,36,5,6,38,20,25,28,29,32,3,4,35,37,39,12,13,14,15,16,17,18,19,22,23,26,27,30,31
1,3,4,5,7,9,11,16,19,20,21,23,24,25,27,28,29,30,33,36,37,38>4,37,11,18,19,26,28,1,33,3,36,5,7,9,20,23,24,25,27
1,3,4,5,7,9,11,16,19,20,21,23,24,25,27,28,29,30,33,36,37,38>32,4,37,38,21,29,30,31,1,33,3,36,5,7,9,20,23,24,25,27
1,3,4,5,7,9,11,16,19,20,21,23,24,25,27,28,29,30,33,36,37,38>39,18,19,21,26,30,1,33,3,36,5,7,9,20,23,24,25,27
1,3,4,5,7,9,11,16,19,20,21,23,24,25,27,28,29,30,33,36,37,38>32,37,39,11,16,19,21,26,29,31,1,33,3,36,5,7,9,20,23,24,25,27
1,3,4,5,7,9,11,16,19,20,21,23,24,25,27,28,29,30,33,36,37,38>4,37,39,40,11,31,1,33,3,36,5,7,9,20,23,24,25,27
1,3,4,5,7,9,11,16,19,20,21,23,24,25,27,28,29,30,33,36,37,38>4,38,39,18,26,28,1,33,3,36,5,7,9,20,23,24,25,27
2,4,7,12,14,16,18,19,20,22,23,24,25,26,27,29,32,34,35,36,37,38>34,4,9,14,15,16,20,28,30,32,2,37,38,18,22,23,24,25,26,27,29
2,4,7,12,14,16,18,19,20,22,23,24,25,26,27,29,32,34,35,36,37,38>34,35,4,7,16,19,20,21,28,30,31,32,2,37,38,18,22,23,24,25,26,27,29
2,4,7,12,14,16,18,19,20,22,23,24,25,26,27,29,32,34,35,36,37,38>34,35,4,7,9,12,14,15,16,32,2,37,38,18,22,23,24,25,26,27,29
2,4,7,12,14,16,18,19,20,22,23,24,25,26,27,29,32,34,35,36,37,38>35,5,7,9,15,32,2,37,38,18,22,23,24,25,26,27,29
2,4,7,12,14,16,18,19,20,22,23,24,25,26,27,29,32,34,35,36,37,38>34,35,36,9,14,19,21,28,30,32,2,37,38,18,22,23,24,25,26,27,29
2,4,7,12,14,16,18,19,20,22,23,24,25,26,27,29,32,34,35,36,37,38>35,4,5,36,7,12,15,19,20,21,28,32,2,37,38,18,22,23,24,25,26,27,29
1,2,5,10,12,14,16,18,20,21,23,24,26,27,28,29,30,31,33,34,37,38,39>13,15,18,21,25,27,32,35,1,2,33,5,20,24,26,30,31
1,2,5,10,12,14,16,18,20,21,23,24,26,27,28,29,30,31,33,34,37,38,39>10,11,13,15,22,23,28,29,36,38,40,1,2,33,5,20,24,26,30,31
1,2,5,10,12,14,16,18,20,21,23,24,26,27,28,29,30,31,33,34,37,38,39>10,11,12,13,22,23,25,27,32,35,36,37,38,39,40,1,2,33,5,20,24,26,30,31
1,2,5,10,12,14,16,18,20,21,23,24,26,27,28,29,30,31,33,34,37,38,39>11,14,15,16,18,21,25,27,29,34,36,37,38,1,2,33,5,20,24,26,30,31
1,2,5,10,12,14,16,18,20,21,23,24,26,27,28,29,30,31,33,34,37,38,39>11,13,14,15,16,18,32,34,38,39,40,1,2,33,5,20,24,26,30,31
1,2,5,10,12,14,16,18,20,21,23,24,26,27,28,29,30,31,33,34,37,38,39>11,12,13,14,18,23,25,27,28,29,34,36,38,1,2,33,5,20,24,26,30,31
34,35,5,37,38,8,40,11,12,13,15,17,18,22>35,38,12,13,15,16,28,29,34,37,5,17,22
34,35,5,37,38,8,40,11,12,13,15,17,18,22>40,28,12,13,34,37,5,17,22
34,35,5,37,38,8,40,11,12,13,15,17,18,22>35,40,12,16,20,34,37,5,17,22
34,35,5,37,38,8,40,11,12,13,15,17,18,22>8,40,14,15,16,18,20,28,29,34,37,5,17,22
34,35,5,37,38,8,40,11,12,13,15,17,18,22>38,11,13,15,18,21,28,29,34,37,5,17,22
34,35,5,37,38,8,40,11,12,13,15,17,18,22>35,38,8,11,12,13,15,20,28,34,37,5,17,22
32,1,2,33,34,5,36,37,38,10,11,12,13,14,17,19,21,23,25,28>32,10,16,18,19,21,25,27,1,2,34,33,5,36,38,11,13,14,17,23
32,1,2,33,34,5,36,37,38,10,11,12,13,14,17,19,21,23,25,28>32,12,18,19,26,27,28,1,2,34,33,5,36,38,11,13,14,17,23
32,1,2,33,34,5,36,37,38,10,11,12,13,14,17,19,21,23,25,28>32,37,12,16,18,20,25,26,27,1,2,34,33,5,36,38,11,13,14,17,23
32,1,2,33,34,5,36,37,38,10,11,12,13,14,17,19,21,23,25,28>10,15,16,19,21,25,27,28,1,2,34,33,5,36,38,11,13,14,17,23
32,1,2,33,34,5,36,37,38,10,11,12,13,14,17,19,21,23,25,28>32,12,15,16,25,26,28,1,2,34,33,5,36,38,11,13,14,17,23
32,1,2,33,34,5,36,37,38,10,11,12,13,14,17,19,21,23,25,28>10,12,15,18,19,20,25,28,1,2,34,33,5,36,38,11,13,14,17,23
2,3,4,5,6,10,11,14,15,16,17,18,19,24,25,26,27,28,29,37,39>6,10,14,16,17,19,23,24,26,29,30,32,33,2,3,39,11,15,18,25,27
2,3,4,5,6,10,11,14,15,16,17,18,19,24,25,26,27,28,29,37,39>8,10,13,14,19,22,26,28,30,31,33,2,3,39,11,15,18,25,27
2,3,4,5,6,10,11,14,15,16,17,18,19,24,25,26,27,28,29,37,39>4,8,10,13,17,20,22,24,29,30,31,32,2,3,39,11,15,18,25,27
2,3,4,5,6,10,11,14,15,16,17,18,19,24,25,26,27,28,29,37,39>4,6,8,16,17,19,22,23,26,30,31,32,33,37,2,3,39,11,15,18,25,27
2,3,4,5,6,10,11,14,15,16,17,18,19,24,25,26,27,28,29,37,39>4,9,10,14,20,22,23,26,28,29,31,37,2,3,39,11,15,18,25,27
2,3,4,5,6,10,11,14,15,16,17,18,19,24,25,26,27,28,29,37,39>8,9,10,13,20,26,30,31,33,37,2,3,39,11,15,18,25,27
3,4,5,35,7,36,9,10,11,12,37,15,19,21,22,23,24,25,28,30>7,19,21,22,24,27,29,30,35,40,3,37,5,9,11,12,23,25,28
3,4,5,35,7,36,9,10,11,12,37,15,19,21,22,23,24,25,28,30>4,7,15,19,24,26,27,29,30,33,35,40,3,37,5,9,11,12,23,25,28
3,4,5,35,7,36,9,10,11,12,37,15,19,21,22,23,24,25,28,30>13,15,18,19,21,22,24,29,30,3,37,5,9,11,12,23,25,28
3,4,5,35,7,36,9,10,11,12,37,15,19,21,22,23,24,25,28,30>4,13,15,18,21,24,29,33,34,40,3,37,5,9,11,12,23,25,28
3,4,5,35,7,36,9,10,11,12,37,15,19,21,22,23,24,25,28,30>7,13,15,19,26,29,30,33,34,36,39,3,37,5,9,11,12,23,25,28
3,4,5,35,7,36,9,10,11,12,37,15,19,21,22,23,24,25,28,30>7,10,13,15,18,19,20,21,24,29,30,33,36,3,37,5,9,11,12,23,25,28
2,3,5,7,9,11,14,15,16,17,18,19,20,21,23,24,26,28,32,33,36,37,38,40>40,11,16,25,28,30,33,2,3,36,5,38,9,15,18,20,23,24,26
2,3,5,7,9,11,14,15,16,17,18,19,20,21,23,24,26,28,32,33,36,37,38,40>32,16,17,19,22,33,2,3,36,5,38,9,15,18,20,23,24,26
2,3,5,7,9,11,14,15,16,17,18,19,20,21,23,24,26,28,32,33,36,37,38,40>32,40,14,16,17,33,2,3,36,5,38,9,15,18,20,23,24,26
2,3,5,7,9,11,14,15,16,17,18,19,20,21,23,24,26,28,32,33,36,37,38,40>32,34,7,11,16,17,30,33,2,3,36,5,38,9,15,18,20,23,24,26
2,3,5,7,9,11,14,15,16,17,18,19,20,21,23,24,26,28,32,33,36,37,38,40>32,34,37,39,40,14,17,19,21,22,33,2,3,36,5,38,9,15,18,20,23,24,26
2,3,5,7,9,11,14,15,16,17,18,19,20,21,23,24,26,28,32,33,36,37,38,40>7,39,40,14,16,19,22,25,33,2,3,36,5,38,9,15,18,20,23,24,26
1,3,6,7,8,9,10,11,12,14,15,16,22,24,25,27,28,30,31,32,33,40>35,10,14,19,24,29,32,1,33,3,7,8,9,40,11,12,15,25,27,28,31
1,3,6,7,8,9,10,11,12,14,15,16,22,24,25,27,28,30,31,32,33,40>36,39,19,24,30,32,1,33,3,7,8,9,40,11,12,15,25,27,28,31
1,3,6,7,8,9,10,11,12,14,15,16,22,24,25,27,28,30,31,32,33,40>34,36,10,16,19,29,30,32,1,33,3,7,8,9,40,11,12,15,25,27,28,31
1,3,6,7,8,9,10,11,12,14,15,16,22,24,25,27,28,30,31,32,33,40>34,35,36,6,39,14,19,22,32,1,33,3,7,8,9,40,11,12,15,25,27,28,31
1,3,6,7,8,9,10,11,12,14,15,16,22,24,25,27,28,30,31,32,33,40>34,35,36,6,39,10,13,30,32,1,33,3,7,8,9,40,11,12,15,25,27,28,31
1,3,6,7,8,9,10,11,12,14,15,16,22,24,25,27,28,30,31,32,33,40>34,35,5,6,13,16,19,22,24,30,32,1,33,3,7,8,9,40,11,12,15,25,27,28,31
32,1,2,34,35,36,6,38,40,10,11,12,21,22,23,25,27,29,30,31>34,8,10,25,30,32,1,2,35,6,38,40,11,27,29,31
32,1,2,34,35,36,6,38,40,10,11,12,21,22,23,25,27,29,30,31>34,36,5,37,8,10,20,21,23,28,32,1,2,35,6,38,40,11,27,29,31
32,1,2,34,35,36,6,38,40,10,11,12,21,22,23,25,27,29,30,31>34,36,7,10,12,13,20,25,30,32,1,2,35,6,38,40,11,27,29,31
32,1,2,34,35,36,6,38,40,10,11,12,21,22,23,25,27,29,30,31>36,5,7,12,20,21,22,23,26,28,32,1,2,35,6,38,40,11,27,29,31
32,1,2,34,35,36,6,38,40,10,11,12,21,22,23,25,27,29,30,31>34,5,37,7,12,25,32,1,2,35,6,38,40,11,27,29,31
32,1,2,34,35,36,6,38,40,10,11,12,21,22,23,25,27,29,30,31>34,36,5,37,7,8,10,13,22,23,26,28,32,1,2,35,6,38,40,11,27,29,31
2,4,5,7,8,9,12,13,14,15,18,19,21,24,25,26,30,31,32,33,37,39,40>8,17,20,24,27,34,36,2,5,39,40,9,14,15,18,25,30
2,4,5,7,8,9,12,13,14,15,18,19,21,24,25,26,30,31,32,33,37,39,40>4,7,8,17,19,22,23,24,27,31,34,35,2,5,39,40,9,14,15,18,25,30
2,4,5,7,8,9,12,13,14,15,18,19,21,24,25,26,30,31,32,33,37,39,40>8,12,17,19,20,22,32,33,35,36,37,2,5,39,40,9,14,15,18,25,30
2,4,5,7,8,9,12,13,14,15,18,19,21,24,25,26,30,31,32,33,37,39,40>4,13,17,19,23,27,31,33,35,36,2,5,39,40,9,14,15,18,25,30
2,4,5,7,8,9,12,13,14,15,18,19,21,24,25,26,30,31,32,33,37,39,40>7,13,31,32,35,2,5,39,40,9,14,15,18,25,30
2,4,5,7,8,9,12,13,14,15,18,19,21,24,25,26,30,31,32,33,37,39,40>8,12,13,16,19,21,22,23,31,32,34,35,2,5,39,40,9,14,15,18,25,30
2,35,36,5,39,8,40,10,11,12,15,16,17,21,22,25>34,35,10,15,16,17,19,20,21,22,27,28,2,5,39,11,12
2,35,36,5,39,8,40,10,11,12,15,16,17,21,22,25>35,36,40,16,19,21,22,25,2,5,39,11,12
2,35,36,5,39,8,40,10,11,12,15,16,17,21,22,25>34,35,36,40,10,13,15,16,17,20,21,27,2,5,39,11,12
2,35,36,5,39,8,40,10,11,12,15,16,17,21,22,25>36,37,40,10,20,21,27,28,2,5,39,11,12
2,35,36,5,39,8,40,10,11,12,15,16,17,21,22,25>34,36,37,10,15,16,17,19,20,25,29,2,5,39,11,12
2,35,36,5,39,8,40,10,11,12,15,16,17,21,22,25>34,35,36,37,8,40,10,13,17,19,27,29,2,5,39,11,12
1,4,5,6,7,8,9,13,15,17,18,20,22,24,26,28,31,32,34,36,39>32,6,38,39,10,13,14,15,21,25,26,30,1,34,5,7,8,9,17,20,22,24,28
1,4,5,6,7,8,9,13,15,17,18,20,22,24,26,28,31,32,34,36,39>32,33,6,38,39,10,15,16,21,26,29,1,34,5,7,8,9,17,20,22,24,28
1,4,5,6,7,8,9,13,15,17,18,20,22,24,26,28,31,32,34,36,39>32,35,10,14,15,18,21,29,31,1,34,5,7,8,9,17,20,22,24,28
1,4,5,6,7,8,9,13,15,17,18,20,22,24,26,28,31,32,34,36,39>33,35,36,38,39,10,13,14,16,18,21,25,30,31,1,34,5,7,8,9,17,20,22,24,28
1,4,5,6,7,8,9,13,15,17,18,20,22,24,26,28,31,32,34,36,39>32,4,36,38,10,13,14,15,21,25,26,29,31,1,34,5,7,8,9,17,20,22,24,28
1,4,5,6,7,8,9,13,15,17,18,20,22,24,26,28,31,32,34,36,39>32,35,4,36,38,39,15,16,18,1,34,5,7,8,9,17,20,22,24,28
1,2,3,4,5,6,9,10,13,15,16,17,18,26,27,28,30,34,36,38,39,40>39,11,12,18,20,26,28,31,1,2,3,4,34,40,9,10,13,16,17,30
1,2,3,4,5,6,9,10,13,15,16,17,18,26,27,28,30,34,36,38,39,40>32,33,36,5,7,11,12,14,15,18,26,28,1,2,3,4,34,40,9,10,13,16,17,30
1,2,3,4,5,6,9,10,13,15,16,17,18,26,27,28,30,34,36,38,39,40>6,39,11,12,22,28,1,2,3,4,34,40,9,10,13,16,17,30
1,2,3,4,5,6,9,10,13,15,16,17,18,26,27,28,30,34,36,38,39,40>33,6,39,14,20,31,1,2,3,4,34,40,9,10,13,16,17,30
1,2,3,4,5,6,9,10,13,15,16,17,18,26,27,28,30,34,36,38,39,40>32,5,6,39,11,12,15,20,26,27,1,2,3,4,34,40,9,10,13,16,17,30
1,2,3,4,5,6,9,10,13,15,16,17,18,26,27,28,30,34,36,38,39,40>32,36,5,6,11,12,14,26,27,1,2,3,4,34,40,9,10,13,16,17,30
4,5,6,7,8,10,13,14,15,16,17,19,21,26,27,28,30,31,33,36,38>38,9,12,20,26,27,28,33,36,5,8,13,14,15,16,17,19,30,31
4,5,6,7,8,10,13,14,15,16,17,19,21,26,27,28,30,31,33,36,38>32,34,4,7,38,9,10,12,40,18,23,26,27,33,36,5,8,13,14,15,16,17,19,30,31
4,5,6,7,8,10,13,14,15,16,17,19,21,26,27,28,30,31,33,36,38>34,6,9,10,12,39,18,27,33,36,5,8,13,14,15,16,17,19,30,31
4,5,6,7,8,10,13,14,15,16,17,19,21,26,27,28,30,31,33,36,38>35,6,7,38,10,11,39,40,23,27,28,33,36,5,8,13,14,15,16,17,19,30,31
4,5,6,7,8,10,13,14,15,16,17,19,21,26,27,28,30,31,33,36,38>32,34,35,6,7,40,18,20,26,27,28,33,36,5,8,13,14,15,16,17,19,30,31
4,5,6,7,8,10,13,14,15,16,17,19,21,26,27,28,30,31,33,36,38>34,35,4,6,7,38,9,10,11,12,39,20,27,28,33,36,5,8,13,14,15,16,17,19,30,31
32,2,4,37,6,40,9,11,13,14,15,17,20,22,27,29,30>27,22,37,6,32,2,40,9,14,15,17,20,29
32,2,4,37,6,40,9,11,13,14,15,17,20,22,27,29,30>4,37,6,11,16,24,27,28,31,32,2,40,9,14,15,17,20,29
32,2,4,37,6,40,9,11,13,14,15,17,20,22,27,29,30>4,24,39,28,32,2,40,9,14,15,17,20,29
32,2,4,37,6,40,9,11,13,14,15,17,20,22,27,29,30>4,8,13,22,24,28,32,2,40,9,14,15,17,20,29
32,2,4,37,6,40,9,11,13,14,15,17,20,22,27,29,30>4,6,39,8,16,22,27,30,31,32,2,40,9,14,15,17,20,29
32,2,4,37,6,40,9,11,13,14,15,17,20,22,27,29,30>37,6,39,8,32,2,40,9,14,15,17,20,29
32,1,2,3,4,5,33,7,8,9,34,37,14,15,17,20,26,27,29,30>33,36,17,27,29,32,1,2,3,4,5,7,9,15,20,30
32,1,2,3,4,5,33,7,8,9,34,37,14,15,17,20,26,27,29,30>33,34,36,37,24,31,32,1,2,3,4,5,7,9,15,20,30
32,1,2,3,4,5,33,7,8,9,34,37,14,15,17,20,26,27,29,30>33,37,8,40,26,27,32,1,2,3,4,5,7,9,15,20,30
32,1,2,3,4,5,33,7,8,9,34,37,14,15,17,20,26,27,29,30>34,37,8,40,27,31,32,1,2,3,4,5,7,9,15,20,30
32,1,2,3,4,5,33,7,8,9,34,37,14,15,17,20,26,27,29,30>36,37,8,40,17,24,27,29,31,32,1,2,3,4,5,7,9,15,20,30
32,1,2,3,4,5,33,7,8,9,34,37,14,15,17,20,26,27,29,30>34,36,37,8,40,17,32,1,2,3,4,5,7,9,15,20,30
32,1,33,37,6,39,8,10,12,15,16,20,23,24,26,28,29,30>32,36,5,10,11,13,15,20,25,28,1,33,39,8,12,24,26,30
32,1,33,37,6,39,8,10,12,15,16,20,23,24,26,28,29,30>5,6,40,11,16,20,23,28,1,33,39,8,12,24,26,30
32,1,33,37,6,39,8,10,12,15,16,20,23,24,26,28,29,30>36,5,6,37,40,13,15,19,20,23,25,28,29,1,33,39,8,12,24,26,30
32,1,33,37,6,39,8,10,12,15,16,20,23,24,26,28,29,30>32,7,40,13,16,23,28,29,1,33,39,8,12,24,26,30
32,1,33,37,6,39,8,10,12,15,16,20,23,24,26,28,29,30>32,36,5,7,10,11,15,19,20,25,1,33,39,8,12,24,26,30
32,1,33,37,6,39,8,10,12,15,16,20,23,24,26,28,29,30>32,36,6,7,37,40,10,13,15,19,25,28,29,1,33,39,8,12,24,26,30
2,35,36,5,37,38,8,10,11,12,14,15,18,19,20,21,22,24,26,29>13,14,25,28,30,2,37,5,11,12,15,18,20,21,22,24,29
2,35,36,5,37,38,8,10,11,12,14,15,18,19,20,21,22,24,26,29>13,19,23,25,26,28,2,37,5,11,12,15,18,20,21,22,24,29
2,35,36,5,37,38,8,10,11,12,14,15,18,19,20,21,22,24,26,29>36,10,13,19,23,26,28,30,2,37,5,11,12,15,18,20,21,22,24,29
2,35,36,5,37,38,8,10,11,12,14,15,18,19,20,21,22,24,26,29>35,36,39,13,19,25,26,2,37,5,11,12,15,18,20,21,22,24,29
2,35,36,5,37,38,8,10,11,12,14,15,18,19,20,21,22,24,26,29>35,8,10,25,26,28,30,2,37,5,11,12,15,18,20,21,22,24,29
2,35,36,5,37,38,8,10,11,12,14,15,18,19,20,21,22,24,26,29>23,38,8,10,2,37,5,11,12,15,18,20,21,22,24,29
1,2,4,6,7,8,9,10,11,12,13,14,16,18,19,20,21,24,25,26,27,28,29,30,31,32,33,36,40>12,17,22,23,28,1,2,6,7,8,9,11,13,14,16,18,20,24,25,27,30,31,32,33,36,40
1,2,4,6,7,8,9,10,11,12,13,14,16,18,19,20,21,24,25,26,27,28,29,30,31,32,33,36,40>21,19,5,1,2,6,7,8,9,11,13,14,16,18,20,24,25,27,30,31,32,33,36,40
1,2,4,6,7,8,9,10,11,12,13,14,16,18,19,20,21,24,25,26,27,28,29,30,31,32,33,36,40>35,4,5,15,26,28,1,2,6,7,8,9,11,13,14,16,18,20,24,25,27,30,31,32,33,36,40
1,2,4,6,7,8,9,10,11,12,13,14,16,18,19,20,21,24,25,26,27,28,29,30,31,32,33,36,40>35,5,38,10,17,28,1,2,6,7,8,9,11,13,14,16,18,20,24,25,27,30,31,32,33,36,40
1,2,4,6,7,8,9,10,11,12,13,14,16,18,19,20,21,24,25,26,27,28,29,30,31,32,33,36,40>5,22,39,10,1,2,6,7,8,9,11,13,14,16,18,20,24,25,27,30,31,32,33,36,40
1,2,4,6,7,8,9,10,11,12,13,14,16,18,19,20,21,24,25,26,27,28,29,30,31,32,33,36,40>4,5,39,12,15,17,19,22,23,1,2,6,7,8,9,11,13,14,16,18,20,24,25,27,30,31,32,33,36,40
