CD45,CD8,TCRlig,TCbind,PAGCsk,LCK,Fyn,Rlk,TCRphos,ZAP70,cCbl,Itk,LAT,Gads,Slp76,PLCg_b,Grb2Sos,DAG,PLCg_a,Ras,RasGRP1,PKCth,IP3,Raf,MEK,Ca,ERK,SEK,IKK,Calcin,Rsk,Fos,JNK,IkB,CREB,Jun,CRE,AP1,NFkB,NFAT
32,1,2,34,39,40,9,10,13,15,18,22,24,25,27>5,39,12,15,16,28,29,31,32,1,2,34,13,22,25,27
32,1,2,34,39,40,9,10,13,15,18,22,24,25,27>5,6,39,16,17,18,21,29,32,1,2,34,13,22,25,27
32,1,2,34,39,40,9,10,13,15,18,22,24,25,27>39,40,10,11,14,15,16,17,21,24,31,32,1,2,34,13,22,25,27
32,1,2,34,39,40,9,10,13,15,18,22,24,25,27>5,39,40,12,14,15,16,18,21,24,29,31,32,1,2,34,13,22,25,27
32,1,2,34,39,40,9,10,13,15,18,22,24,25,27>6,9,12,14,17,18,21,24,31,32,1,2,34,13,22,25,27
32,1,2,34,39,40,9,10,13,15,18,22,24,25,27>5,6,40,9,12,14,15,16,17,18,32,1,2,34,13,22,25,27
3,4,5,7,9,10,13,17,19,20,21,22,25,26,27,30,31,32,33,34,35,40>37,14,19,24,28,29,32,34,3,4,5,35,40,9,13,17,20,27,30,31
3,4,5,7,9,10,13,17,19,20,21,22,25,26,27,30,31,32,33,34,35,40>33,37,16,19,22,24,25,26,28,29,32,34,3,4,5,35,40,9,13,17,20,27,30,31
3,4,5,7,9,10,13,17,19,20,21,22,25,26,27,30,31,32,33,34,35,40>7,11,14,19,21,24,28,29,32,34,3,4,5,35,40,9,13,17,20,27,30,31
3,4,5,7,9,10,13,17,19,20,21,22,25,26,27,30,31,32,33,34,35,40>33,7,11,14,16,19,21,23,26,29,32,34,3,4,5,35,40,9,13,17,20,27,30,31
3,4,5,7,9,10,13,17,19,20,21,22,25,26,27,30,31,32,33,34,35,40>36,7,10,11,16,21,26,32,34,3,4,5,35,40,9,13,17,20,27,30,31
3,4,5,7,9,10,13,17,19,20,21,22,25,26,27,30,31,32,33,34,35,40>33,37,7,10,14,18,19,23,25,26,28,32,34,3,4,5,35,40,9,13,17,20,27,30,31
2,34,4,5,6,35,8,9,10,11,38,39,14,40,17,18,22,24,25,30>4,39,13,17,21,24,30,2,34,8,9,40,11,22,25
2,34,4,5,6,35,8,9,10,11,38,39,14,40,17,18,22,24,25,30>5,6,10,17,21,24,27,29,2,34,8,9,40,11,22,25
2,34,4,5,6,35,8,9,10,11,38,39,14,40,17,18,22,24,25,30>35,4,37,39,13,15,18,21,27,2,34,8,9,40,11,22,25
2,34,4,5,6,35,8,9,10,11,38,39,14,40,17,18,22,24,25,30>35,4,37,38,39,13,14,18,21,29,2,34,8,9,40,11,22,25
2,34,4,5,6,35,8,9,10,11,38,39,14,40,17,18,22,24,25,30>5,37,38,39,10,13,15,21,24,27,29,2,34,8,9,40,11,22,25
2,34,4,5,6,35,8,9,10,11,38,39,14,40,17,18,22,24,25,30>4,6,37,14,15,17,18,24,27,28,2,34,8,9,40,11,22,25
2,3,5,9,10,11,12,13,14,16,18,19,20,23,24,25,27,32,33,34,35,39,40>36,40,9,15,22,32,2,3,34,5,11,13,14,16,18,23,24,25,27
2,3,5,9,10,11,12,13,14,16,18,19,20,23,24,25,27,32,33,34,35,39,40>35,36,9,12,17,20,22,32,2,3,34,5,11,13,14,16,18,23,24,25,27
2,3,5,9,10,11,12,13,14,16,18,19,20,23,24,25,27,32,33,34,35,39,40>37,9,10,17,20,26,32,2,3,34,5,11,13,14,16,18,23,24,25,27
2,3,5,9,10,11,12,13,14,16,18,19,20,23,24,25,27,32,33,34,35,39,40>33,39,9,12,15,17,26,31,32,2,3,34,5,11,13,14,16,18,23,24,25,27
2,3,5,9,10,11,12,13,14,16,18,19,20,23,24,25,27,32,33,34,35,39,40>37,39,10,12,17,20,32,2,3,34,5,11,13,14,16,18,23,24,25,27
2,3,5,9,10,11,12,13,14,16,18,19,20,23,24,25,27,32,33,34,35,39,40>33,37,39,15,22,26,31,32,2,3,34,5,11,13,14,16,18,23,24,25,27
2,4,5,7,10,11,12,14,15,16,17,21,23,26,27,28,29,33,34,35,36,37,39,40>7,9,17,29,30,34,35,39,40,33,2,36,37,5,11,12,15,26
2,4,5,7,10,11,12,14,15,16,17,21,23,26,27,28,29,33,34,35,36,37,39,40>4,7,9,14,16,19,27,30,31,40,33,2,36,37,5,11,12,15,26
2,4,5,7,10,11,12,14,15,16,17,21,23,26,27,28,29,33,34,35,36,37,39,40>4,9,10,14,23,29,32,35,40,33,2,36,37,5,11,12,15,26
2,4,5,7,10,11,12,14,15,16,17,21,23,26,27,28,29,33,34,35,36,37,39,40>4,7,9,13,14,23,30,31,40,33,2,36,37,5,11,12,15,26
2,4,5,7,10,11,12,14,15,16,17,21,23,26,27,28,29,33,34,35,36,37,39,40>7,9,13,16,19,21,23,27,32,35,40,33,2,36,37,5,11,12,15,26
2,4,5,7,10,11,12,14,15,16,17,21,23,26,27,28,29,33,34,35,36,37,39,40>4,7,9,13,17,20,21,23,29,31,34,39,40,33,2,36,37,5,11,12,15,26
32,33,34,36,5,39,40,12,15,22,23,25,26,27,31>33,35,12,23,29,30,32,34,36,5,26,27,31
32,33,34,36,5,39,40,12,15,22,23,25,26,27,31>28,38,30,12,32,34,36,5,26,27,31
32,33,34,36,5,39,40,12,15,22,23,25,26,27,31>35,39,12,15,22,25,29,30,32,34,36,5,26,27,31
32,33,34,36,5,39,40,12,15,22,23,25,26,27,31>35,40,15,23,28,30,32,34,36,5,26,27,31
32,33,34,36,5,39,40,12,15,22,23,25,26,27,31>33,35,40,23,25,30,32,34,36,5,26,27,31
32,33,34,36,5,39,40,12,15,22,23,25,26,27,31>39,40,12,22,23,28,29,32,34,36,5,26,27,31
4,5,6,7,8,9,11,12,13,14,15,16,18,22,23,25,26,27,29,30,31,35,36,40>6,39,11,13,17,23,35,5,8,9,40,14,15,16,22,26,27,29,30,31
4,5,6,7,8,9,11,12,13,14,15,16,18,22,23,25,26,27,29,30,31,35,36,40>7,39,11,13,23,25,28,35,5,8,9,40,14,15,16,22,26,27,29,30,31
4,5,6,7,8,9,11,12,13,14,15,16,18,22,23,25,26,27,29,30,31,35,36,40>6,7,37,11,12,13,23,25,35,5,8,9,40,14,15,16,22,26,27,29,30,31
4,5,6,7,8,9,11,12,13,14,15,16,18,22,23,25,26,27,29,30,31,35,36,40>6,7,37,39,11,12,17,18,21,23,25,28,35,5,8,9,40,14,15,16,22,26,27,29,30,31
4,5,6,7,8,9,11,12,13,14,15,16,18,22,23,25,26,27,29,30,31,35,36,40>36,6,7,37,21,35,5,8,9,40,14,15,16,22,26,27,29,30,31
4,5,6,7,8,9,11,12,13,14,15,16,18,22,23,25,26,27,29,30,31,35,36,40>32,36,6,7,39,11,18,21,35,5,8,9,40,14,15,16,22,26,27,29,30,31
1,2,3,5,6,7,10,13,18,19,20,22,23,29,31,33,34,36,38,39,40>6,11,19,20,21,34,38,40,1,2,3,36,5,7,13,18,22,23,29
1,2,3,5,6,7,10,13,18,19,20,22,23,29,31,33,34,36,38,39,40>9,19,20,26,28,31,33,38,1,2,3,36,5,7,13,18,22,23,29
1,2,3,5,6,7,10,13,18,19,20,22,23,29,31,33,34,36,38,39,40>4,8,9,16,20,28,31,34,35,39,40,1,2,3,36,5,7,13,18,22,23,29
1,2,3,5,6,7,10,13,18,19,20,22,23,29,31,33,34,36,38,39,40>4,10,11,14,19,20,31,38,40,1,2,3,36,5,7,13,18,22,23,29
1,2,3,5,6,7,10,13,18,19,20,22,23,29,31,33,34,36,38,39,40>8,10,14,17,19,20,24,26,28,31,33,34,38,39,1,2,3,36,5,7,13,18,22,23,29
1,2,3,5,6,7,10,13,18,19,20,22,23,29,31,33,34,36,38,39,40>6,8,10,14,17,19,26,28,31,33,35,38,39,40,1,2,3,36,5,7,13,18,22,23,29
32,33,34,3,35,37,10,11,12,13,17,18,20,21,22,25,26,28,30>35,12,25,27,29,33,34,3,37,11,13,17,20,21,22,28,30
32,33,34,3,35,37,10,11,12,13,17,18,20,21,22,25,26,28,30>32,35,12,14,24,25,33,34,3,37,11,13,17,20,21,22,28,30
32,33,34,3,35,37,10,11,12,13,17,18,20,21,22,25,26,28,30>35,5,10,12,18,24,25,26,33,34,3,37,11,13,17,20,21,22,28,30
32,33,34,3,35,37,10,11,12,13,17,18,20,21,22,25,26,28,30>32,36,40,10,12,14,24,26,27,33,34,3,37,11,13,17,20,21,22,28,30
32,33,34,3,35,37,10,11,12,13,17,18,20,21,22,25,26,28,30>36,5,40,27,29,33,34,3,37,11,13,17,20,21,22,28,30
32,33,34,3,35,37,10,11,12,13,17,18,20,21,22,25,26,28,30>32,35,36,5,40,10,12,33,34,3,37,11,13,17,20,21,22,28,30
3,5,7,8,9,10,11,12,13,17,18,20,21,23,24,26,27,28,29,30,32,34,35,37>35,40,12,18,21,28,29,32,3,5,37,9,11,13,17,20,24,26,30
3,5,7,8,9,10,11,12,13,17,18,20,21,23,24,26,27,28,29,30,32,34,35,37>33,34,7,40,14,23,29,32,3,5,37,9,11,13,17,20,24,26,30
3,5,7,8,9,10,11,12,13,17,18,20,21,23,24,26,27,28,29,30,32,34,35,37>35,7,40,10,12,14,16,21,22,25,28,29,31,32,3,5,37,9,11,13,17,20,24,26,30
3,5,7,8,9,10,11,12,13,17,18,20,21,23,24,26,27,28,29,30,32,34,35,37>33,35,8,12,14,18,28,29,31,32,3,5,37,9,11,13,17,20,24,26,30
3,5,7,8,9,10,11,12,13,17,18,20,21,23,24,26,27,28,29,30,32,34,35,37>7,8,40,22,29,32,3,5,37,9,11,13,17,20,24,26,30
3,5,7,8,9,10,11,12,13,17,18,20,21,23,24,26,27,28,29,30,32,34,35,37>35,7,8,10,12,18,22,25,27,28,32,3,5,37,9,11,13,17,20,24,26,30
34,6,7,8,39,11,12,13,14,15,16,18,21,24,25,26,27,30>5,6,11,13,20,34,8,14,15,16,25,27,30
34,6,7,8,39,11,12,13,14,15,16,18,21,24,25,26,27,30>32,5,6,39,40,17,21,22,24,34,8,14,15,16,25,27,30
34,6,7,8,39,11,12,13,14,15,16,18,21,24,25,26,27,30>32,7,39,9,12,13,17,18,22,24,26,34,8,14,15,16,25,27,30
34,6,7,8,39,11,12,13,14,15,16,18,21,24,25,26,27,30>32,7,39,9,11,12,13,17,20,21,26,31,34,8,14,15,16,25,27,30
34,6,7,8,39,11,12,13,14,15,16,18,21,24,25,26,27,30>5,7,39,12,18,20,21,24,31,34,8,14,15,16,25,27,30
34,6,7,8,39,11,12,13,14,15,16,18,21,24,25,26,27,30>32,5,7,39,9,24,26,34,8,14,15,16,25,27,30
1,33,3,4,5,6,39,10,11,14,15,16,18,21,23,24,26,28,29,31>4,6,10,12,16,21,24,30,1,33,3,39,11,15,26
1,33,3,4,5,6,39,10,11,14,15,16,18,21,23,24,26,28,29,31>5,6,9,13,14,18,21,23,25,29,31,1,33,3,39,11,15,26
1,33,3,4,5,6,39,10,11,14,15,16,18,21,23,24,26,28,29,31>7,12,13,18,25,28,29,30,35,36,1,33,3,39,11,15,26
1,33,3,4,5,6,39,10,11,14,15,16,18,21,23,24,26,28,29,31>4,6,7,9,10,12,20,21,35,1,33,3,39,11,15,26
1,33,3,4,5,6,39,10,11,14,15,16,18,21,23,24,26,28,29,31>5,6,8,9,13,14,16,18,22,25,29,30,35,1,33,3,39,11,15,26
1,33,3,4,5,6,39,10,11,14,15,16,18,21,23,24,26,28,29,31>5,7,8,9,18,20,22,23,28,35,1,33,3,39,11,15,26
2,3,35,5,6,7,8,37,12,18,19,21,22,25,27>35,12,19,23,28,2,3,37,5,8,18,21,22,27
2,3,35,5,6,7,8,37,12,18,19,21,22,25,27>32,34,35,7,19,2,3,37,5,8,18,21,22,27
2,3,35,5,6,7,8,37,12,18,19,21,22,25,27>34,4,7,9,19,28,31,2,3,37,5,8,18,21,22,27
2,3,35,5,6,7,8,37,12,18,19,21,22,25,27>34,4,9,20,28,29,31,2,3,37,5,8,18,21,22,27
2,3,35,5,6,7,8,37,12,18,19,21,22,25,27>35,4,39,9,19,20,23,25,2,3,37,5,8,18,21,22,27
2,3,35,5,6,7,8,37,12,18,19,21,22,25,27>32,34,35,6,7,9,12,20,29,31,2,3,37,5,8,18,21,22,27
1,2,3,4,5,6,9,10,11,12,13,19,21,24,26,27,28,29,31,33,36,39>4,10,12,17,18,19,20,21,25,28,29,32,1,2,3,36,33,39,9,11,13,31
1,2,3,4,5,6,9,10,11,12,13,19,21,24,26,27,28,29,31,33,36,39>4,10,12,14,20,21,23,25,27,29,35,1,2,3,36,33,39,9,11,13,31
1,2,3,4,5,6,9,10,11,12,13,19,21,24,26,27,28,29,31,33,36,39>4,8,10,14,17,18,23,24,25,26,30,1,2,3,36,33,39,9,11,13,31
1,2,3,4,5,6,9,10,11,12,13,19,21,24,26,27,28,29,31,33,36,39>4,5,6,8,12,16,17,18,19,21,26,27,29,32,35,1,2,3,36,33,39,9,11,13,31
1,2,3,4,5,6,9,10,11,12,13,19,21,24,26,27,28,29,31,33,36,39>5,7,8,10,12,16,18,19,26,28,30,32,35,1,2,3,36,33,39,9,11,13,31
1,2,3,4,5,6,9,10,11,12,13,19,21,24,26,27,28,29,31,33,36,39>4,5,7,8,10,12,18,19,21,24,25,26,27,28,30,35,1,2,3,36,33,39,9,11,13,31
2,3,4,8,9,10,12,14,15,16,17,18,19,21,23,24,28,32,34,38,39>32,33,38,10,13,20,21,24,26,28,2,3,4,34,12,15,18,19,23
2,3,4,8,9,10,12,14,15,16,17,18,19,21,23,24,28,32,34,38,39>39,11,13,20,24,25,2,3,4,34,12,15,18,19,23
2,3,4,8,9,10,12,14,15,16,17,18,19,21,23,24,28,32,34,38,39>32,39,9,14,16,17,25,26,2,3,4,34,12,15,18,19,23
2,3,4,8,9,10,12,14,15,16,17,18,19,21,23,24,28,32,34,38,39>32,8,9,10,11,24,2,3,4,34,12,15,18,19,23
2,3,4,8,9,10,12,14,15,16,17,18,19,21,23,24,28,32,34,38,39>33,38,8,16,17,20,21,22,26,2,3,4,34,12,15,18,19,23
2,3,4,8,9,10,12,14,15,16,17,18,19,21,23,24,28,32,34,38,39>32,38,39,8,11,13,28,2,3,4,34,12,15,18,19,23
2,3,4,5,6,37,40,9,10,11,12,14,15,18,20,21,26,28,31>4,13,14,26,28,31,34,35,39,40,2,3,9,11,12,15,20
2,3,4,5,6,37,40,9,10,11,12,14,15,18,20,21,26,28,31>8,13,14,33,34,35,39,40,2,3,9,11,12,15,20
2,3,4,5,6,37,40,9,10,11,12,14,15,18,20,21,26,28,31>4,6,8,14,18,21,30,34,39,2,3,9,11,12,15,20
2,3,4,5,6,37,40,9,10,11,12,14,15,18,20,21,26,28,31>8,10,22,24,26,30,31,34,40,2,3,9,11,12,15,20
2,3,4,5,6,37,40,9,10,11,12,14,15,18,20,21,26,28,31>4,5,8,10,14,21,22,26,28,2,3,9,11,12,15,20
2,3,4,5,6,37,40,9,10,11,12,14,15,18,20,21,26,28,31>4,6,8,10,13,14,22,26,30,34,39,2,3,9,11,12,15,20
1,4,5,6,9,12,13,14,17,18,19,20,21,22,23,24,25,26,28,29,35,36,38,39,40>33,4,8,36,37,12,13,15,16,40,19,1,39,9,14,17,18,20,21,22,23,24,25,26,28,29
1,4,5,6,9,12,13,14,17,18,19,20,21,22,23,24,25,26,28,29,35,36,38,39,40>35,4,8,37,38,40,19,27,1,39,9,14,17,18,20,21,22,23,24,25,26,28,29
1,4,5,6,9,12,13,14,17,18,19,20,21,22,23,24,25,26,28,29,35,36,38,39,40>35,4,36,10,12,40,27,1,39,9,14,17,18,20,21,22,23,24,25,26,28,29
1,4,5,6,9,12,13,14,17,18,19,20,21,22,23,24,25,26,28,29,35,36,38,39,40>33,35,5,8,12,13,38,40,30,1,39,9,14,17,18,20,21,22,23,24,25,26,28,29
1,4,5,6,9,12,13,14,17,18,19,20,21,22,23,24,25,26,28,29,35,36,38,39,40>33,4,6,10,12,13,15,40,27,30,1,39,9,14,17,18,20,21,22,23,24,25,26,28,29
1,4,5,6,9,12,13,14,17,18,19,20,21,22,23,24,25,26,28,29,35,36,38,39,40>4,5,6,36,37,12,38,16,40,1,39,9,14,17,18,20,21,22,23,24,25,26,28,29
32,2,3,4,5,6,7,8,34,39,12,15,16,18,21,22,23,29,31>34,9,12,16,20,2,3,4,5,8,21,22,29
32,2,3,4,5,6,7,8,34,39,12,15,16,18,21,22,23,29,31>35,6,39,9,18,20,31,2,3,4,5,8,21,22,29
32,2,3,4,5,6,7,8,34,39,12,15,16,18,21,22,23,29,31>34,7,39,12,15,18,26,31,2,3,4,5,8,21,22,29
32,2,3,4,5,6,7,8,34,39,12,15,16,18,21,22,23,29,31>32,6,7,12,15,18,2,3,4,5,8,21,22,29
32,2,3,4,5,6,7,8,34,39,12,15,16,18,21,22,23,29,31>34,6,7,39,9,12,15,16,18,23,28,2,3,4,5,8,21,22,29
32,2,3,4,5,6,7,8,34,39,12,15,16,18,21,22,23,29,31>34,35,6,7,16,26,28,31,2,3,4,5,8,21,22,29
1,2,5,6,7,8,10,11,12,13,15,17,18,19,20,25,26,27,28,30,36,38,39,40>32,33,36,10,16,19,23,24,26,31,1,2,5,7,8,39,40,11,12,13,17,18,20,27,30
1,2,5,6,7,8,10,11,12,13,15,17,18,19,20,25,26,27,28,30,36,38,39,40>32,34,36,10,15,23,25,26,28,31,1,2,5,7,8,39,40,11,12,13,17,18,20,27,30
1,2,5,6,7,8,10,11,12,13,15,17,18,19,20,25,26,27,28,30,36,38,39,40>33,34,36,9,14,16,22,23,25,28,31,1,2,5,7,8,39,40,11,12,13,17,18,20,27,30
1,2,5,6,7,8,10,11,12,13,15,17,18,19,20,25,26,27,28,30,36,38,39,40>33,34,6,38,10,14,15,24,28,1,2,5,7,8,39,40,11,12,13,17,18,20,27,30
1,2,5,6,7,8,10,11,12,13,15,17,18,19,20,25,26,27,28,30,36,38,39,40>32,33,34,6,9,16,19,25,26,28,31,1,2,5,7,8,39,40,11,12,13,17,18,20,27,30
1,2,5,6,7,8,10,11,12,13,15,17,18,19,20,25,26,27,28,30,36,38,39,40>33,34,36,6,9,10,15,22,23,28,1,2,5,7,8,39,40,11,12,13,17,18,20,27,30
32,33,2,3,5,37,7,39,10,12,13,18,25,28,31>9,10,16,22,31,33,2,3,5,39,13
32,33,2,3,5,37,7,39,10,12,13,18,25,28,31>32,35,37,7,9,11,12,16,18,25,27,31,33,2,3,5,39,13
32,33,2,3,5,37,7,39,10,12,13,18,25,28,31>34,4,36,37,7,10,12,14,17,18,22,31,33,2,3,5,39,13
32,33,2,3,5,37,7,39,10,12,13,18,25,28,31>32,36,37,7,9,11,12,16,17,22,28,31,33,2,3,5,39,13
32,33,2,3,5,37,7,39,10,12,13,18,25,28,31>34,4,36,37,9,10,11,12,14,16,27,28,31,33,2,3,5,39,13
32,33,2,3,5,37,7,39,10,12,13,18,25,28,31>32,34,35,4,36,7,9,11,12,22,25,27,31,33,2,3,5,39,13
2,4,5,6,7,8,9,11,15,17,18,21,24,27,30,31,33,36,37,38,39>33,21,7,37,2,36,5,39,8,9,31
2,4,5,6,7,8,9,11,15,17,18,21,24,27,30,31,33,36,37,38,39>4,6,11,17,20,21,22,27,30,32,33,34,35,37,40,2,36,5,39,8,9,31
2,4,5,6,7,8,9,11,15,17,18,21,24,27,30,31,33,36,37,38,39>7,11,15,17,18,22,25,27,30,33,34,37,38,40,2,36,5,39,8,9,31
2,4,5,6,7,8,9,11,15,17,18,21,24,27,30,31,33,36,37,38,39>4,7,11,15,17,21,25,30,32,34,35,2,36,5,39,8,9,31
2,4,5,6,7,8,9,11,15,17,18,21,24,27,30,31,33,36,37,38,39>6,7,11,15,17,18,20,21,22,37,38,2,36,5,39,8,9,31
2,4,5,6,7,8,9,11,15,17,18,21,24,27,30,31,33,36,37,38,39>4,6,7,11,15,17,18,22,25,27,34,2,36,5,39,8,9,31
1,2,3,7,9,12,14,15,16,17,20,22,23,27,28,29,30,33,36,37,40>32,4,5,6,7,12,17,22,23,24,26,27,1,2,3,33,36,40,9,15,20,28,29
1,2,3,7,9,12,14,15,16,17,20,22,23,27,28,29,30,33,36,37,40>32,16,23,24,26,31,1,2,3,33,36,40,9,15,20,28,29
1,2,3,7,9,12,14,15,16,17,20,22,23,27,28,29,30,33,36,37,40>6,37,12,16,17,23,24,26,1,2,3,33,36,40,9,15,20,28,29
1,2,3,7,9,12,14,15,16,17,20,22,23,27,28,29,30,33,36,37,40>32,5,7,39,12,17,23,26,27,30,1,2,3,33,36,40,9,15,20,28,29
1,2,3,7,9,12,14,15,16,17,20,22,23,27,28,29,30,33,36,37,40>5,6,7,39,12,14,16,17,24,30,31,1,2,3,33,36,40,9,15,20,28,29
1,2,3,7,9,12,14,15,16,17,20,22,23,27,28,29,30,33,36,37,40>32,4,5,6,7,37,17,22,26,27,30,1,2,3,33,36,40,9,15,20,28,29
1,2,3,6,8,9,10,12,13,15,17,18,21,24,28,30,31,35,36,37,38,39,40>16,20,21,22,24,28,30,31,33,34,1,2,3,35,37,6,39,8,40,10,12,13,17
1,2,3,6,8,9,10,12,13,15,17,18,21,24,28,30,31,35,36,37,38,39,40>14,16,18,25,31,33,1,2,3,35,37,6,39,8,40,10,12,13,17
1,2,3,6,8,9,10,12,13,15,17,18,21,24,28,30,31,35,36,37,38,39,40>4,11,15,16,20,21,22,24,30,34,38,1,2,3,35,37,6,39,8,40,10,12,13,17
1,2,3,6,8,9,10,12,13,15,17,18,21,24,28,30,31,35,36,37,38,39,40>7,11,15,18,22,24,31,33,1,2,3,35,37,6,39,8,40,10,12,13,17
1,2,3,6,8,9,10,12,13,15,17,18,21,24,28,30,31,35,36,37,38,39,40>5,9,11,14,15,16,18,20,28,30,33,1,2,3,35,37,6,39,8,40,10,12,13,17
1,2,3,6,8,9,10,12,13,15,17,18,21,24,28,30,31,35,36,37,38,39,40>4,5,9,11,14,22,34,36,38,1,2,3,35,37,6,39,8,40,10,12,13,17
1,4,6,7,8,9,10,12,14,16,20,21,23,24,25,26,27,28,30,32,33,34,35,37,39>6,36,39,40,11,14,16,28,31,32,1,33,34,37,7,8,9,10,20,24,25,26,27,30
1,4,6,7,8,9,10,12,14,16,20,21,23,24,25,26,27,28,30,32,33,34,35,37,39>4,5,40,13,15,16,21,32,1,33,34,37,7,8,9,10,20,24,25,26,27,30
1,4,6,7,8,9,10,12,14,16,20,21,23,24,25,26,27,28,30,32,33,34,35,37,39>35,5,6,39,40,13,15,23,32,1,33,34,37,7,8,9,10,20,24,25,26,27,30
1,4,6,7,8,9,10,12,14,16,20,21,23,24,25,26,27,28,30,32,33,34,35,37,39>6,36,40,11,13,15,16,23,28,31,32,1,33,34,37,7,8,9,10,20,24,25,26,27,30
1,4,6,7,8,9,10,12,14,16,20,21,23,24,25,26,27,28,30,32,33,34,35,37,39>35,6,36,39,11,12,15,16,31,32,1,33,34,37,7,8,9,10,20,24,25,26,27,30
1,4,6,7,8,9,10,12,14,16,20,21,23,24,25,26,27,28,30,32,33,34,35,37,39>35,5,6,36,40,14,15,16,21,23,28,31,32,1,33,34,37,7,8,9,10,20,24,25,26,27,30
1,2,5,6,7,8,9,11,13,14,15,16,17,19,20,21,24,25,27,31,32,33,34,37,38,39,40>33,19,32,1,2,34,5,7,8,9,14,15,16,17,20,24,25,27,31
1,2,5,6,7,8,9,11,13,14,15,16,17,19,20,21,24,25,27,31,32,33,34,37,38,39,40>35,38,13,18,19,21,32,1,2,34,5,7,8,9,14,15,16,17,20,24,25,27,31
1,2,5,6,7,8,9,11,13,14,15,16,17,19,20,21,24,25,27,31,32,33,34,37,38,39,40>33,37,40,13,18,23,32,1,2,34,5,7,8,9,14,15,16,17,20,24,25,27,31
1,2,5,6,7,8,9,11,13,14,15,16,17,19,20,21,24,25,27,31,32,33,34,37,38,39,40>35,37,6,39,40,11,21,32,1,2,34,5,7,8,9,14,15,16,17,20,24,25,27,31
1,2,5,6,7,8,9,11,13,14,15,16,17,19,20,21,24,25,27,31,32,33,34,37,38,39,40>36,37,6,40,11,18,23,32,1,2,34,5,7,8,9,14,15,16,17,20,24,25,27,31
1,2,5,6,7,8,9,11,13,14,15,16,17,19,20,21,24,25,27,31,32,33,34,37,38,39,40>35,36,37,6,39,40,13,23,32,1,2,34,5,7,8,9,14,15,16,17,20,24,25,27,31
1,3,6,7,10,12,13,16,17,19,22,23,24,26,28,30,33,36,37,38,40>11,12,39,19,20,24,29,1,33,3,36,7,40,13,16,17,23,26,28,30
1,3,6,7,10,12,13,16,17,19,22,23,24,26,28,30,33,36,37,38,40>34,5,9,12,38,39,18,20,1,33,3,36,7,40,13,16,17,23,26,28,30
1,3,6,7,10,12,13,16,17,19,22,23,24,26,28,30,33,36,37,38,40>4,6,10,39,18,1,33,3,36,7,40,13,16,17,23,26,28,30
1,3,6,7,10,12,13,16,17,19,22,23,24,26,28,30,33,36,37,38,40>34,4,6,37,8,19,20,24,29,1,33,3,36,7,40,13,16,17,23,26,28,30
1,3,6,7,10,12,13,16,17,19,22,23,24,26,28,30,33,36,37,38,40>34,5,6,37,8,11,12,39,18,19,22,1,33,3,36,7,40,13,16,17,23,26,28,30
1,3,6,7,10,12,13,16,17,19,22,23,24,26,28,30,33,36,37,38,40>4,5,6,37,8,12,18,20,24,29,1,33,3,36,7,40,13,16,17,23,26,28,30
5,9,11,12,16,17,19,21,22,23,24,25,28,29,32,34,35,37,38,39,40>32,33,34,38,39,40,12,16,17,18,19,21,24,37,5,23,25,28,29
5,9,11,12,16,17,19,21,22,23,24,25,28,29,32,34,35,37,38,39,40>32,33,34,38,39,11,12,16,17,18,19,20,21,37,5,23,25,28,29
5,9,11,12,16,17,19,21,22,23,24,25,28,29,32,34,35,37,38,39,40>34,38,11,18,19,21,24,37,5,23,25,28,29
5,9,11,12,16,17,19,21,22,23,24,25,28,29,32,34,35,37,38,39,40>32,33,34,38,39,40,9,11,16,19,22,26,27,37,5,23,25,28,29
5,9,11,12,16,17,19,21,22,23,24,25,28,29,32,34,35,37,38,39,40>34,35,38,39,9,12,17,18,19,21,22,24,27,37,5,23,25,28,29
5,9,11,12,16,17,19,21,22,23,24,25,28,29,32,34,35,37,38,39,40>32,33,34,35,38,40,9,11,16,17,21,22,26,27,37,5,23,25,28,29
32,33,2,34,35,37,6,39,8,9,40,11,14,16,17,19,21,28,29,31>15,23,29,31,34,40,33,2,35,37,8
32,33,2,34,35,37,6,39,8,9,40,11,14,16,17,19,21,28,29,31>5,6,17,20,21,28,29,32,36,33,2,35,37,8
32,33,2,34,35,37,6,39,8,9,40,11,14,16,17,19,21,28,29,31>6,9,15,16,17,20,23,28,32,36,39,33,2,35,37,8
32,33,2,34,35,37,6,39,8,9,40,11,14,16,17,19,21,28,29,31>11,16,21,23,28,29,31,32,39,33,2,35,37,8
32,33,2,34,35,37,6,39,8,9,40,11,14,16,17,19,21,28,29,31>11,16,17,18,20,21,23,32,34,36,40,33,2,35,37,8
32,33,2,34,35,37,6,39,8,9,40,11,14,16,17,19,21,28,29,31>6,11,14,21,23,28,31,32,34,36,33,2,35,37,8
32,1,2,3,33,36,6,7,8,39,10,12,14,20,22,25,27,28,29>5,9,11,12,14,20,22,32,1,2,3,33,36,6,7,8,39,27,28,29
32,1,2,3,33,36,6,7,8,39,10,12,14,20,22,25,27,28,29>4,38,9,11,14,20,24,32,1,2,3,33,36,6,7,8,39,27,28,29
32,1,2,3,33,36,6,7,8,39,10,12,14,20,22,25,27,28,29>5,38,9,11,15,20,25,32,1,2,3,33,36,6,7,8,39,27,28,29
32,1,2,3,33,36,6,7,8,39,10,12,14,20,22,25,27,28,29>5,10,13,14,22,24,31,32,1,2,3,33,36,6,7,8,39,27,28,29
32,1,2,3,33,36,6,7,8,39,10,12,14,20,22,25,27,28,29>4,38,9,10,14,15,20,32,1,2,3,33,36,6,7,8,39,27,28,29
32,1,2,3,33,36,6,7,8,39,10,12,14,20,22,25,27,28,29>5,38,9,10,11,13,15,32,1,2,3,33,36,6,7,8,39,27,28,29
32,2,34,4,5,35,7,38,11,13,19,22,23,25,27,28,29,30,31>34,7,40,9,11,14,17,22,25,30,32,2,35,5,23,27,28,29,31
32,2,34,4,5,35,7,38,11,13,19,22,23,25,27,28,29,30,31>34,7,40,9,16,18,19,22,25,26,32,2,35,5,23,27,28,29,31
32,2,34,4,5,35,7,38,11,13,19,22,23,25,27,28,29,30,31>34,7,40,9,11,13,22,26,30,32,2,35,5,23,27,28,29,31
32,2,34,4,5,35,7,38,11,13,19,22,23,25,27,28,29,30,31>33,4,37,17,18,26,30,32,2,35,5,23,27,28,29,31
32,2,34,4,5,35,7,38,11,13,19,22,23,25,27,28,29,30,31>33,34,4,37,9,22,26,30,32,2,35,5,23,27,28,29,31
32,2,34,4,5,35,7,38,11,13,19,22,23,25,27,28,29,30,31>34,4,37,38,7,40,14,17,19,25,32,2,35,5,23,27,28,29,31
32,33,34,3,4,5,35,7,36,39,12,15,18,20,21,22,23,25,28,30>32,35,39,9,12,23,25,26,27,33,34,3,4,5,36,20,21,22,28
32,33,34,3,4,5,35,7,36,39,12,15,18,20,21,22,23,25,28,30>32,35,37,38,9,12,15,18,23,24,25,26,29,30,33,34,3,4,5,36,20,21,22,28
32,33,34,3,4,5,35,7,36,39,12,15,18,20,21,22,23,25,28,30>35,7,9,12,23,24,25,27,30,33,34,3,4,5,36,20,21,22,28
32,33,34,3,4,5,35,7,36,39,12,15,18,20,21,22,23,25,28,30>35,37,7,39,12,15,18,23,24,25,27,29,33,34,3,4,5,36,20,21,22,28
32,33,34,3,4,5,35,7,36,39,12,15,18,20,21,22,23,25,28,30>35,37,7,39,9,40,12,23,26,29,30,33,34,3,4,5,36,20,21,22,28
32,33,34,3,4,5,35,7,36,39,12,15,18,20,21,22,23,25,28,30>35,37,38,7,40,12,15,26,27,29,33,34,3,4,5,36,20,21,22,28
1,4,5,6,7,8,36,10,38,12,13,14,40,18,20,21,26,27,30>6,10,12,16,17,22,24,27,34,36,38,39,1,5,7,8,40,13,14,20,30
1,4,5,6,7,8,36,10,38,12,13,14,40,18,20,21,26,27,30>4,11,16,17,34,36,1,5,7,8,40,13,14,20,30
1,4,5,6,7,8,36,10,38,12,13,14,40,18,20,21,26,27,30>4,10,11,15,18,21,27,32,39,1,5,7,8,40,13,14,20,30
1,4,5,6,7,8,36,10,38,12,13,14,40,18,20,21,26,27,30>6,10,11,12,15,17,18,21,22,27,31,34,36,38,39,1,5,7,8,40,13,14,20,30
1,4,5,6,7,8,36,10,38,12,13,14,40,18,20,21,26,27,30>6,9,10,11,12,15,16,26,36,1,5,7,8,40,13,14,20,30
1,4,5,6,7,8,36,10,38,12,13,14,40,18,20,21,26,27,30>4,6,9,10,11,12,15,18,21,22,26,32,34,39,1,5,7,8,40,13,14,20,30
1,3,4,7,9,10,15,19,20,22,23,26,27,29,30,32,33,34,35,36,38,39>33,39,40,10,13,19,20,22,24,28,32,1,3,4,36,38,7,9,23,26,29,30
1,3,4,7,9,10,15,19,20,22,23,26,27,29,30,32,33,34,35,36,38,39>33,35,5,37,39,10,12,13,15,18,19,32,1,3,4,36,38,7,9,23,26,29,30
1,3,4,7,9,10,15,19,20,22,23,26,27,29,30,32,33,34,35,36,38,39>33,34,35,10,12,13,20,22,27,32,1,3,4,36,38,7,9,23,26,29,30
1,3,4,7,9,10,15,19,20,22,23,26,27,29,30,32,33,34,35,36,38,39>34,35,5,39,10,11,18,19,20,24,27,31,32,1,3,4,36,38,7,9,23,26,29,30
1,3,4,7,9,10,15,19,20,22,23,26,27,29,30,32,33,34,35,36,38,39>34,5,37,40,15,20,27,28,32,1,3,4,36,38,7,9,23,26,29,30
1,3,4,7,9,10,15,19,20,22,23,26,27,29,30,32,33,34,35,36,38,39>33,35,5,37,40,15,18,19,22,24,31,32,1,3,4,36,38,7,9,23,26,29,30
33,2,3,34,36,6,7,38,9,10,40,15,16,17,18,19,20,26,27,30>5,11,13,15,26,31,32,33,2,3,34,36,40,9,10,18,20,30
33,2,3,34,36,6,7,38,9,10,40,15,16,17,18,19,20,26,27,30>7,12,13,15,16,17,19,22,23,24,26,27,33,2,3,34,36,40,9,10,18,20,30
33,2,3,34,36,6,7,38,9,10,40,15,16,17,18,19,20,26,27,30>5,7,11,13,15,17,24,27,31,33,2,3,34,36,40,9,10,18,20,30
33,2,3,34,36,6,7,38,9,10,40,15,16,17,18,19,20,26,27,30>4,6,8,11,12,13,15,16,17,22,24,38,2,3,34,36,40,9,10,18,20,30
33,2,3,34,36,6,7,38,9,10,40,15,16,17,18,19,20,26,27,30>5,6,7,8,11,13,16,17,19,22,24,31,38,2,3,34,36,40,9,10,18,20,30
33,2,3,34,36,6,7,38,9,10,40,15,16,17,18,19,20,26,27,30>4,5,6,7,8,17,19,23,24,27,31,33,38,2,3,34,36,40,9,10,18,20,30
1,6,8,9,10,13,14,15,16,17,18,22,23,25,27,29,31,33,34,35,37,39,40>32,33,6,7,39,11,12,18,25,26,1,35,37,8,10,13,14,15,16,17,22,27,29,31
1,6,8,9,10,13,14,15,16,17,18,22,23,25,27,29,31,33,34,35,37,39,40>34,7,39,40,25,1,35,37,8,10,13,14,15,16,17,22,27,29,31
1,6,8,9,10,13,14,15,16,17,18,22,23,25,27,29,31,33,34,35,37,39,40>32,33,34,6,7,9,40,11,12,18,21,23,28,1,35,37,8,10,13,14,15,16,17,22,27,29,31
1,6,8,9,10,13,14,15,16,17,18,22,23,25,27,29,31,33,34,35,37,39,40>33,36,7,39,9,11,18,19,20,23,28,1,35,37,8,10,13,14,15,16,17,22,27,29,31
1,6,8,9,10,13,14,15,16,17,18,22,23,25,27,29,31,33,34,35,37,39,40>32,5,40,12,18,20,21,23,25,1,35,37,8,10,13,14,15,16,17,22,27,29,31
1,6,8,9,10,13,14,15,16,17,18,22,23,25,27,29,31,33,34,35,37,39,40>32,33,36,5,7,39,40,19,21,23,28,1,35,37,8,10,13,14,15,16,17,22,27,29,31
2,3,4,5,8,10,11,14,16,18,20,22,23,24,25,28,29,30,31,32,33,35,36,37,39,40>10,13,15,18,20,21,23,27,31,33,2,3,35,36,37,39,40,11,22,24,25,28,29
2,3,4,5,8,10,11,14,16,18,20,22,23,24,25,28,29,30,31,32,33,35,36,37,39,40>4,10,13,16,26,30,33,2,3,35,36,37,39,40,11,22,24,25,28,29
2,3,4,5,8,10,11,14,16,18,20,22,23,24,25,28,29,30,31,32,33,35,36,37,39,40>5,38,10,14,16,18,23,26,30,33,2,3,35,36,37,39,40,11,22,24,25,28,29
2,3,4,5,8,10,11,14,16,18,20,22,23,24,25,28,29,30,31,32,33,35,36,37,39,40>32,4,5,38,10,16,20,23,33,2,3,35,36,37,39,40,11,22,24,25,28,29
2,3,4,5,8,10,11,14,16,18,20,22,23,24,25,28,29,30,31,32,33,35,36,37,39,40>4,8,10,13,15,16,18,20,23,27,30,31,33,2,3,35,36,37,39,40,11,22,24,25,28,29
2,3,4,5,8,10,11,14,16,18,20,22,23,24,25,28,29,30,31,32,33,35,36,37,39,40>32,4,38,8,10,14,16,18,23,26,27,30,33,2,3,35,36,37,39,40,11,22,24,25,28,29
1,3,6,7,9,11,12,13,15,16,17,18,21,22,23,24,26,27,29,31,32,35,36,37,40>5,39,40,11,12,14,23,25,27,32,1,3,35,37,7,9,16,17,21,22,26,29,31
1,3,6,7,9,11,12,13,15,16,17,18,21,22,23,24,26,27,29,31,32,35,36,37,40>36,5,39,40,12,13,14,18,20,25,27,32,1,3,35,37,7,9,16,17,21,22,26,29,31
1,3,6,7,9,11,12,13,15,16,17,18,21,22,23,24,26,27,29,31,32,35,36,37,40>36,6,8,39,11,12,14,15,20,27,32,1,3,35,37,7,9,16,17,21,22,26,29,31
1,3,6,7,9,11,12,13,15,16,17,18,21,22,23,24,26,27,29,31,32,35,36,37,40>36,6,8,39,11,12,15,20,24,25,30,32,1,3,35,37,7,9,16,17,21,22,26,29,31
1,3,6,7,9,11,12,13,15,16,17,18,21,22,23,24,26,27,29,31,32,35,36,37,40>36,5,38,8,39,13,14,23,25,27,28,32,1,3,35,37,7,9,16,17,21,22,26,29,31
1,3,6,7,9,11,12,13,15,16,17,18,21,22,23,24,26,27,29,31,32,35,36,37,40>36,6,38,8,39,40,11,12,13,14,15,20,25,28,30,32,1,3,35,37,7,9,16,17,21,22,26,29,31
32,2,35,5,40,11,12,14,19,20,22,23,25,26,29,30>32,12,15,18,22,24,25,2,5,40,23,26,29,30
32,2,35,5,40,11,12,14,19,20,22,23,25,26,29,30>35,37,14,19,20,22,24,27,2,5,40,23,26,29,30
32,2,35,5,40,11,12,14,19,20,22,23,25,26,29,30>35,11,14,20,27,2,5,40,23,26,29,30
32,2,35,5,40,11,12,14,19,20,22,23,25,26,29,30>32,37,11,12,14,15,18,19,20,22,25,27,28,2,5,40,23,26,29,30
32,2,35,5,40,11,12,14,19,20,22,23,25,26,29,30>35,37,11,12,14,18,19,20,25,28,2,5,40,23,26,29,30
32,2,35,5,40,11,12,14,19,20,22,23,25,26,29,30>32,35,39,11,12,14,15,19,24,25,27,28,2,5,40,23,26,29,30
32,1,2,3,33,35,6,16,17,18,19,22,26,27,29,30>8,39,40,20,21,26,27,31,32,1,2,3,6,18,22,29,30
32,1,2,3,33,35,6,16,17,18,19,22,26,27,29,30>35,37,40,19,23,28,32,1,2,3,6,18,22,29,30
32,1,2,3,33,35,6,16,17,18,19,22,26,27,29,30>5,37,39,16,17,23,31,32,1,2,3,6,18,22,29,30
32,1,2,3,33,35,6,16,17,18,19,22,26,27,29,30>33,35,4,5,39,16,17,19,20,21,23,27,28,31,32,1,2,3,6,18,22,29,30
32,1,2,3,33,35,6,16,17,18,19,22,26,27,29,30>33,36,37,40,16,20,21,23,27,28,31,32,1,2,3,6,18,22,29,30
32,1,2,3,33,35,6,16,17,18,19,22,26,27,29,30>4,5,36,37,39,40,16,17,28,31,32,1,2,3,6,18,22,29,30
1,3,4,6,7,8,10,11,12,15,16,17,19,20,24,25,26,28,32,33,34,35,36,38,39>39,9,13,15,16,18,26,27,28,1,33,3,34,36,38,7,8,11,12,19,20,24,25
1,3,4,6,7,8,10,11,12,15,16,17,19,20,24,25,26,28,32,33,34,35,36,38,39>32,35,4,10,13,23,27,28,30,1,33,3,34,36,38,7,8,11,12,19,20,24,25
1,3,4,6,7,8,10,11,12,15,16,17,19,20,24,25,26,28,32,33,34,35,36,38,39>5,37,10,15,17,23,1,33,3,34,36,38,7,8,11,12,19,20,24,25
1,3,4,6,7,8,10,11,12,15,16,17,19,20,24,25,26,28,32,33,34,35,36,38,39>32,5,37,39,13,15,26,1,33,3,34,36,38,7,8,11,12,19,20,24,25
1,3,4,6,7,8,10,11,12,15,16,17,19,20,24,25,26,28,32,33,34,35,36,38,39>35,6,37,9,13,15,16,18,23,26,27,28,30,1,33,3,34,36,38,7,8,11,12,19,20,24,25
1,3,4,6,7,8,10,11,12,15,16,17,19,20,24,25,26,28,32,33,34,35,36,38,39>32,4,5,6,10,13,15,23,26,28,30,1,33,3,34,36,38,7,8,11,12,19,20,24,25
1,5,8,10,11,13,15,18,20,21,23,24,25,29,30,33,34,35,36,37,38,39,40>34,10,17,18,21,29,30,1,36,37,5,40,11,13,20,24,25
1,5,8,10,11,13,15,18,20,21,23,24,25,29,30,33,34,35,36,37,38,39,40>33,34,38,8,10,12,14,21,22,23,27,30,1,36,37,5,40,11,13,20,24,25
1,5,8,10,11,13,15,18,20,21,23,24,25,29,30,33,34,35,36,37,38,39,40>33,35,39,8,15,21,22,23,26,27,1,36,37,5,40,11,13,20,24,25
1,5,8,10,11,13,15,18,20,21,23,24,25,29,30,33,34,35,36,37,38,39,40>33,34,35,39,8,12,14,17,18,21,23,27,30,1,36,37,5,40,11,13,20,24,25
1,5,8,10,11,13,15,18,20,21,23,24,25,29,30,33,34,35,36,37,38,39,40>33,38,39,10,14,15,16,17,18,21,22,27,1,36,37,5,40,11,13,20,24,25
1,5,8,10,11,13,15,18,20,21,23,24,25,29,30,33,34,35,36,37,38,39,40>34,35,38,39,10,12,15,16,26,29,30,1,36,37,5,40,11,13,20,24,25
1,2,3,7,8,9,15,16,17,18,19,21,23,24,25,28,29,30,31,33,36,38,39,40>4,15,16,17,19,21,28,29,35,38,1,2,3,36,33,39,40,9,18,23,25
1,2,3,7,8,9,15,16,17,18,19,21,23,24,25,28,29,30,31,33,36,38,39,40>5,15,16,17,21,22,27,28,29,30,31,35,1,2,3,36,33,39,40,9,18,23,25
1,2,3,7,8,9,15,16,17,18,19,21,23,24,25,28,29,30,31,33,36,38,39,40>5,7,15,17,20,30,1,2,3,36,33,39,40,9,18,23,25
1,2,3,7,8,9,15,16,17,18,19,21,23,24,25,28,29,30,31,33,36,38,39,40>4,6,8,15,16,20,24,27,28,30,31,1,2,3,36,33,39,40,9,18,23,25
1,2,3,7,8,9,15,16,17,18,19,21,23,24,25,28,29,30,31,33,36,38,39,40>5,6,8,16,17,19,21,22,27,28,29,30,38,1,2,3,36,33,39,40,9,18,23,25
1,2,3,7,8,9,15,16,17,18,19,21,23,24,25,28,29,30,31,33,36,38,39,40>5,7,8,15,21,22,24,26,29,31,38,1,2,3,36,33,39,40,9,18,23,25
32,1,35,5,38,9,14,15,22,28,31>14,34,39,1,35,5,15,28
32,1,35,5,38,9,14,15,22,28,31>33,37,39,14,29,1,35,5,15,28
32,1,35,5,38,9,14,15,22,28,31>14,33,31,37,1,35,5,15,28
32,1,35,5,38,9,14,15,22,28,31>31,22,34,38,1,35,5,15,28
32,1,35,5,38,9,14,15,22,28,31>32,37,38,9,14,29,1,35,5,15,28
32,1,35,5,38,9,14,15,22,28,31>33,34,37,38,39,31,1,35,5,15,28
2,3,4,5,7,9,11,18,19,20,23,25,28,30,31,32,33,34,37,38,39,40>32,36,37,11,20,25,26,27,28,31,33,2,3,34,5,40,9,18,23
2,3,4,5,7,9,11,18,19,20,23,25,28,30,31,32,33,34,37,38,39,40>36,7,38,11,19,20,22,26,28,33,2,3,34,5,40,9,18,23
2,3,4,5,7,9,11,18,19,20,23,25,28,30,31,32,33,34,37,38,39,40>36,37,19,20,27,28,30,31,33,2,3,34,5,40,9,18,23
2,3,4,5,7,9,11,18,19,20,23,25,28,30,31,32,33,34,37,38,39,40>35,4,36,7,38,11,19,22,27,28,31,33,2,3,34,5,40,9,18,23
2,3,4,5,7,9,11,18,19,20,23,25,28,30,31,32,33,34,37,38,39,40>36,37,38,11,20,25,26,27,28,31,33,2,3,34,5,40,9,18,23
2,3,4,5,7,9,11,18,19,20,23,25,28,30,31,32,33,34,37,38,39,40>32,36,37,38,19,24,25,26,27,28,31,33,2,3,34,5,40,9,18,23
2,6,7,8,10,11,13,14,15,16,19,21,24,25,27,28,31,32,34,37,38,39,40>33,35,37,17,18,20,23,24,32,2,34,8,11,13,14,15,16,19,25,27,31
2,6,7,8,10,11,13,14,15,16,19,21,24,25,27,28,31,32,34,37,38,39,40>33,5,10,38,12,39,18,23,28,32,2,34,8,11,13,14,15,16,19,25,27,31
2,6,7,8,10,11,13,14,15,16,19,21,24,25,27,28,31,32,34,37,38,39,40>35,5,37,39,17,24,32,2,34,8,11,13,14,15,16,19,25,27,31
2,6,7,8,10,11,13,14,15,16,19,21,24,25,27,28,31,32,34,37,38,39,40>35,5,7,37,9,10,40,18,23,24,28,32,2,34,8,11,13,14,15,16,19,25,27,31
2,6,7,8,10,11,13,14,15,16,19,21,24,25,27,28,31,32,34,37,38,39,40>33,35,6,7,37,9,10,17,21,23,24,28,32,2,34,8,11,13,14,15,16,19,25,27,31
2,6,7,8,10,11,13,14,15,16,19,21,24,25,27,28,31,32,34,37,38,39,40>33,5,6,7,10,12,39,20,23,24,28,32,2,34,8,11,13,14,15,16,19,25,27,31
6,7,9,12,13,16,17,19,20,22,24,26,27,28,29,30,31,32,34,37,39>8,18,19,22,23,25,26,27,33,37,39,32,9,16,17,20,24,28,29,30,31
6,7,9,12,13,16,17,19,20,22,24,26,27,28,29,30,31,32,34,37,39>5,8,14,18,23,26,27,33,34,37,32,9,16,17,20,24,28,29,30,31
6,7,9,12,13,16,17,19,20,22,24,26,27,28,29,30,31,32,34,37,39>5,7,8,12,14,18,19,22,23,26,35,37,39,40,32,9,16,17,20,24,28,29,30,31
6,7,9,12,13,16,17,19,20,22,24,26,27,28,29,30,31,32,34,37,39>10,14,18,22,23,35,32,9,16,17,20,24,28,29,30,31
6,7,9,12,13,16,17,19,20,22,24,26,27,28,29,30,31,32,34,37,39>5,6,7,10,12,14,19,22,34,35,40,32,9,16,17,20,24,28,29,30,31
6,7,9,12,13,16,17,19,20,22,24,26,27,28,29,30,31,32,34,37,39>8,10,14,18,19,25,27,34,35,39,32,9,16,17,20,24,28,29,30,31
33,2,35,4,5,6,7,36,38,14,17,19,22,29,30>6,15,22,30,35,40,2,29,36,5
33,2,35,4,5,6,7,36,38,14,17,19,22,29,30>4,7,14,15,17,18,19,22,28,30,35,37,38,39,40,2,29,36,5
33,2,35,4,5,6,7,36,38,14,17,19,22,29,30>6,7,15,17,18,22,39,2,29,36,5
33,2,35,4,5,6,7,36,38,14,17,19,22,29,30>6,9,14,15,19,23,30,33,38,39,2,29,36,5
33,2,35,4,5,6,7,36,38,14,17,19,22,29,30>8,9,14,15,17,18,19,22,28,30,33,35,38,2,29,36,5
33,2,35,4,5,6,7,36,38,14,17,19,22,29,30>7,8,9,14,20,23,28,33,35,38,40,2,29,36,5
1,2,3,10,11,12,13,14,15,17,19,20,21,22,27,28,29,31,33,34,35,36,37,38,39>32,6,39,16,19,24,1,2,3,33,35,36,37,11,12,13,14,15,17,20,28,29,31
1,2,3,10,11,12,13,14,15,17,19,20,21,22,27,28,29,31,33,34,35,36,37,38,39>32,34,5,6,10,18,24,1,2,3,33,35,36,37,11,12,13,14,15,17,20,28,29,31
1,2,3,10,11,12,13,14,15,17,19,20,21,22,27,28,29,31,33,34,35,36,37,38,39>32,34,5,6,39,16,21,23,1,2,3,33,35,36,37,11,12,13,14,15,17,20,28,29,31
1,2,3,10,11,12,13,14,15,17,19,20,21,22,27,28,29,31,33,34,35,36,37,38,39>34,38,16,18,19,22,1,2,3,33,35,36,37,11,12,13,14,15,17,20,28,29,31
1,2,3,10,11,12,13,14,15,17,19,20,21,22,27,28,29,31,33,34,35,36,37,38,39>32,5,38,39,18,19,22,23,27,1,2,3,33,35,36,37,11,12,13,14,15,17,20,28,29,31
1,2,3,10,11,12,13,14,15,17,19,20,21,22,27,28,29,31,33,34,35,36,37,38,39>32,6,38,19,21,24,27,1,2,3,33,35,36,37,11,12,13,14,15,17,20,28,29,31
4,6,7,8,9,10,11,12,14,15,17,21,22,23,28,30,32,33,34,37,38,39>4,6,22,30,32,36,40,33,34,8,9,11,12,15,28
4,6,7,8,9,10,11,12,14,15,17,21,22,23,28,30,32,33,34,37,38,39>4,5,6,13,17,20,22,23,29,30,36,37,38,39,40,33,34,8,9,11,12,15,28
4,6,7,8,9,10,11,12,14,15,17,21,22,23,28,30,32,33,34,37,38,39>4,5,7,23,26,29,30,38,33,34,8,9,11,12,15,28
4,6,7,8,9,10,11,12,14,15,17,21,22,23,28,30,32,33,34,37,38,39>5,6,7,13,14,21,22,23,26,29,36,37,38,40,33,34,8,9,11,12,15,28
4,6,7,8,9,10,11,12,14,15,17,21,22,23,28,30,32,33,34,37,38,39>4,5,6,7,13,26,36,37,33,34,8,9,11,12,15,28
4,6,7,8,9,10,11,12,14,15,17,21,22,23,28,30,32,33,34,37,38,39>5,10,14,21,23,29,30,36,33,34,8,9,11,12,15,28
32,33,2,35,36,5,37,40,10,11,12,17,18,19,20,23,24,26,31>32,33,10,12,19,22,25,30,2,35,36,37,5,11,18,20,23,24,26
32,33,2,35,36,5,37,40,10,11,12,17,18,19,20,23,24,26,31>34,38,12,13,19,22,25,2,35,36,37,5,11,18,20,23,24,26
32,33,2,35,36,5,37,40,10,11,12,17,18,19,20,23,24,26,31>32,34,38,10,13,17,2,35,36,37,5,11,18,20,23,24,26
32,33,2,35,36,5,37,40,10,11,12,17,18,19,20,23,24,26,31>32,34,38,10,13,19,22,31,2,35,36,37,5,11,18,20,23,24,26
32,33,2,35,36,5,37,40,10,11,12,17,18,19,20,23,24,26,31>32,33,39,40,12,19,22,25,30,2,35,36,37,5,11,18,20,23,24,26
32,33,2,35,36,5,37,40,10,11,12,17,18,19,20,23,24,26,31>32,33,34,39,12,13,19,22,25,30,2,35,36,37,5,11,18,20,23,24,26
2,3,4,7,8,10,13,15,17,19,20,21,22,23,24,26,27,32,33,34,35,38>7,8,12,16,18,22,28,29,30,31,36,38,32,2,3,4,34,13,17,20,23,24,26
2,3,4,7,8,10,13,15,17,19,20,21,22,23,24,26,27,32,33,34,35,38>8,9,10,14,15,16,18,22,27,30,33,32,2,3,4,34,13,17,20,23,24,26
2,3,4,7,8,10,13,15,17,19,20,21,22,23,24,26,27,32,33,34,35,38>5,8,9,14,19,21,25,29,33,37,32,2,3,4,34,13,17,20,23,24,26
2,3,4,7,8,10,13,15,17,19,20,21,22,23,24,26,27,32,33,34,35,38>7,8,9,11,12,15,19,25,28,29,35,32,2,3,4,34,13,17,20,23,24,26
2,3,4,7,8,10,13,15,17,19,20,21,22,23,24,26,27,32,33,34,35,38>8,10,11,14,21,25,28,29,35,32,2,3,4,34,13,17,20,23,24,26
2,3,4,7,8,10,13,15,17,19,20,21,22,23,24,26,27,32,33,34,35,38>8,9,10,14,16,21,29,36,38,32,2,3,4,34,13,17,20,23,24,26
1,34,3,4,5,36,7,37,11,12,16,22,23,24,25,26,27,28,29,31>33,34,9,12,23,1,3,5,7,25,26,27,28,29,31
1,34,3,4,5,36,7,37,11,12,16,22,23,24,25,26,27,28,29,31>32,34,35,4,36,9,12,16,23,24,1,3,5,7,25,26,27,28,29,31
1,34,3,4,5,36,7,37,11,12,16,22,23,24,25,26,27,28,29,31>32,33,34,35,11,12,16,1,3,5,7,25,26,27,28,29,31
1,34,3,4,5,36,7,37,11,12,16,22,23,24,25,26,27,28,29,31>33,35,4,12,16,23,24,30,1,3,5,7,25,26,27,28,29,31
1,34,3,4,5,36,7,37,11,12,16,22,23,24,25,26,27,28,29,31>32,34,35,4,36,37,12,16,22,24,1,3,5,7,25,26,27,28,29,31
1,34,3,4,5,36,7,37,11,12,16,22,23,24,25,26,27,28,29,31>32,33,34,35,4,9,22,23,24,1,3,5,7,25,26,27,28,29,31
32,1,3,35,36,6,38,8,9,10,39,13,15,17,19,22,24,28,30,31>14,15,18,22,29,30,31,32,33,34,37,40,1,3,35,38,39,8,10,13,17,28
32,1,3,35,36,6,38,8,9,10,39,13,15,17,19,22,24,28,30,31>4,5,6,7,11,15,16,24,29,30,32,33,34,37,40,1,3,35,38,39,8,10,13,17,28
32,1,3,35,36,6,38,8,9,10,39,13,15,17,19,22,24,28,30,31>6,9,12,22,23,25,30,32,33,37,40,1,3,35,38,39,8,10,13,17,28
32,1,3,35,36,6,38,8,9,10,39,13,15,17,19,22,24,28,30,31>4,5,6,9,11,14,16,18,20,22,23,25,31,32,34,37,40,1,3,35,38,39,8,10,13,17,28
32,1,3,35,36,6,38,8,9,10,39,13,15,17,19,22,24,28,30,31>7,9,11,14,15,19,34,36,40,1,3,35,38,39,8,10,13,17,28
32,1,3,35,36,6,38,8,9,10,39,13,15,17,19,22,24,28,30,31>4,6,7,9,14,15,18,19,20,23,24,25,29,32,34,36,1,3,35,38,39,8,10,13,17,28
34,3,35,5,37,7,8,38,10,11,15,21,22,24,26,27,28,30,31>7,9,13,15,22,24,29,34,35,3,37,5,11,28,30,31
34,3,35,5,37,7,8,38,10,11,15,21,22,24,26,27,28,30,31>32,33,38,7,9,10,40,12,13,20,24,26,27,34,35,3,37,5,11,28,30,31
34,3,35,5,37,7,8,38,10,11,15,21,22,24,26,27,28,30,31>38,8,9,40,20,21,24,25,26,27,29,34,35,3,37,5,11,28,30,31
34,3,35,5,37,7,8,38,10,11,15,21,22,24,26,27,28,30,31>32,33,38,8,9,12,26,29,34,35,3,37,5,11,28,30,31
34,3,35,5,37,7,8,38,10,11,15,21,22,24,26,27,28,30,31>32,7,8,9,40,12,13,29,34,35,3,37,5,11,28,30,31
34,3,35,5,37,7,8,38,10,11,15,21,22,24,26,27,28,30,31>33,38,7,8,9,10,40,15,24,27,29,34,35,3,37,5,11,28,30,31
2,4,5,6,7,8,11,14,15,17,18,21,23,24,25,26,28,31,34,36,37,38,40>4,9,14,21,22,23,27,33,35,36,37,38,2,34,5,8,15,25,26
2,4,5,6,7,8,11,14,15,17,18,21,23,24,25,26,28,31,34,36,37,38,40>6,7,9,17,18,21,24,28,30,31,35,37,38,40,2,34,5,8,15,25,26
2,4,5,6,7,8,11,14,15,17,18,21,23,24,25,26,28,31,34,36,37,38,40>4,11,14,17,20,27,28,30,35,36,37,40,2,34,5,8,15,25,26
2,4,5,6,7,8,11,14,15,17,18,21,23,24,25,26,28,31,34,36,37,38,40>4,7,11,17,18,22,27,30,35,37,2,34,5,8,15,25,26
2,4,5,6,7,8,11,14,15,17,18,21,23,24,25,26,28,31,34,36,37,38,40>9,11,14,18,21,22,23,24,30,31,33,35,36,37,38,2,34,5,8,15,25,26
2,4,5,6,7,8,11,14,15,17,18,21,23,24,25,26,28,31,34,36,37,38,40>6,7,9,11,17,18,23,24,27,38,40,2,34,5,8,15,25,26
1,4,5,9,12,13,15,16,18,19,20,21,23,25,27,28,29,30,31,32,33,34,35,36,37,38,39>5,19,22,24,26,28,29,30,34,39,40,32,1,33,35,36,37,38,16,18,20,23,27,31
1,4,5,9,12,13,15,16,18,19,20,21,23,25,27,28,29,30,31,32,33,34,35,36,37,38,39>4,7,9,13,14,19,21,25,26,28,30,34,39,40,32,1,33,35,36,37,38,16,18,20,23,27,31
1,4,5,9,12,13,15,16,18,19,20,21,23,25,27,28,29,30,31,32,33,34,35,36,37,38,39>5,7,12,19,24,25,29,30,34,39,32,1,33,35,36,37,38,16,18,20,23,27,31
1,4,5,9,12,13,15,16,18,19,20,21,23,25,27,28,29,30,31,32,33,34,35,36,37,38,39>4,5,7,12,21,28,29,30,39,32,1,33,35,36,37,38,16,18,20,23,27,31
1,4,5,9,12,13,15,16,18,19,20,21,23,25,27,28,29,30,31,32,33,34,35,36,37,38,39>9,12,13,14,15,17,21,22,24,25,28,39,40,32,1,33,35,36,37,38,16,18,20,23,27,31
1,4,5,9,12,13,15,16,18,19,20,21,23,25,27,28,29,30,31,32,33,34,35,36,37,38,39>7,9,12,14,17,22,24,29,30,39,32,1,33,35,36,37,38,16,18,20,23,27,31
1,3,4,7,8,10,11,12,13,15,19,21,22,25,27,29,33,35,36,37,39>15,19,21,22,23,28,32,33,35,1,3,36,37,7,39,11,12,13,27,29
1,3,4,7,8,10,11,12,13,15,19,21,22,25,27,29,33,35,36,37,39>4,8,14,15,18,19,21,22,28,35,1,3,36,37,7,39,11,12,13,27,29
1,3,4,7,8,10,11,12,13,15,19,21,22,25,27,29,33,35,36,37,39>4,5,8,14,18,20,21,28,32,33,1,3,36,37,7,39,11,12,13,27,29
1,3,4,7,8,10,11,12,13,15,19,21,22,25,27,29,33,35,36,37,39>4,5,9,17,18,19,20,25,28,31,33,1,3,36,37,7,39,11,12,13,27,29
1,3,4,7,8,10,11,12,13,15,19,21,22,25,27,29,33,35,36,37,39>4,9,10,14,15,20,25,28,31,32,1,3,36,37,7,39,11,12,13,27,29
1,3,4,7,8,10,11,12,13,15,19,21,22,25,27,29,33,35,36,37,39>4,5,8,9,10,14,15,16,17,18,20,21,22,23,28,32,1,3,36,37,7,39,11,12,13,27,29
34,3,4,36,37,7,38,39,10,40,14,15,20,21,26>36,5,37,11,12,13,14,39,24,26,30,34,3,4,15,20
34,3,4,36,37,7,38,39,10,40,14,15,20,21,26>5,7,10,11,12,39,40,24,34,3,4,15,20
34,3,4,36,37,7,38,39,10,40,14,15,20,21,26>36,37,7,9,10,11,13,14,26,34,3,4,15,20
34,3,4,36,37,7,38,39,10,40,14,15,20,21,26>37,38,11,14,39,21,26,30,34,3,4,15,20
34,3,4,36,37,7,38,39,10,40,14,15,20,21,26>36,7,38,9,10,11,12,13,39,21,34,3,4,15,20
34,3,4,36,37,7,38,39,10,40,14,15,20,21,26>36,7,38,10,11,12,13,39,24,26,30,34,3,4,15,20
32,33,5,6,7,39,40,11,14,16,18,19,20,21,22,25,31>6,14,23,24,27,28,29,32,34,35,36,40,5,39,18,20,21,22
32,33,5,6,7,39,40,11,14,16,18,19,20,21,22,25,31>6,9,16,19,23,24,27,29,31,33,36,5,39,18,20,21,22
32,33,5,6,7,39,40,11,14,16,18,19,20,21,22,25,31>6,7,8,9,14,15,23,24,25,27,28,33,35,40,5,39,18,20,21,22
32,33,5,6,7,39,40,11,14,16,18,19,20,21,22,25,31>11,15,24,28,29,31,32,34,5,39,18,20,21,22
32,33,5,6,7,39,40,11,14,16,18,19,20,21,22,25,31>6,8,11,28,40,5,39,18,20,21,22
32,33,5,6,7,39,40,11,14,16,18,19,20,21,22,25,31>6,7,8,9,11,15,19,25,32,35,5,39,18,20,21,22
1,3,5,6,7,8,11,12,13,15,17,20,21,25,26,27,30,33,34,35,37,38,39,40>32,39,9,12,13,14,15,16,25,26,1,34,3,5,37,7,8,40,17,20,27,30
1,3,5,6,7,8,11,12,13,15,17,20,21,25,26,27,30,33,34,35,37,38,39,40>35,36,39,9,11,12,13,15,24,26,31,1,34,3,5,37,7,8,40,17,20,27,30
1,3,5,6,7,8,11,12,13,15,17,20,21,25,26,27,30,33,34,35,37,38,39,40>32,33,35,36,11,21,24,31,1,34,3,5,37,7,8,40,17,20,27,30
1,3,5,6,7,8,11,12,13,15,17,20,21,25,26,27,30,33,34,35,37,38,39,40>35,6,38,9,13,14,15,25,31,1,34,3,5,37,7,8,40,17,20,27,30
1,3,5,6,7,8,11,12,13,15,17,20,21,25,26,27,30,33,34,35,37,38,39,40>35,6,39,9,11,13,15,21,25,1,34,3,5,37,7,8,40,17,20,27,30
1,3,5,6,7,8,11,12,13,15,17,20,21,25,26,27,30,33,34,35,37,38,39,40>32,33,36,6,38,39,9,11,12,13,14,15,16,25,1,34,3,5,37,7,8,40,17,20,27,30
33,3,5,7,39,10,12,15,17,19,20,21,22,23,24,25,26,28,30>11,4,17,18,33,3,5,39,12,20,23,24,25,26,28,30
33,3,5,7,39,10,12,15,17,19,20,21,22,23,24,25,26,28,30>34,7,9,10,11,18,19,29,33,3,5,39,12,20,23,24,25,26,28,30
33,3,5,7,39,10,12,15,17,19,20,21,22,23,24,25,26,28,30>34,7,9,13,17,18,21,22,27,33,3,5,39,12,20,23,24,25,26,28,30
33,3,5,7,39,10,12,15,17,19,20,21,22,23,24,25,26,28,30>34,36,7,10,11,15,17,18,21,22,27,29,33,3,5,39,12,20,23,24,25,26,28,30
33,3,5,7,39,10,12,15,17,19,20,21,22,23,24,25,26,28,30>34,36,40,9,10,11,13,15,17,18,22,27,33,3,5,39,12,20,23,24,25,26,28,30
33,3,5,7,39,10,12,15,17,19,20,21,22,23,24,25,26,28,30>7,40,9,15,18,19,21,29,33,3,5,39,12,20,23,24,25,26,28,30
2,3,5,6,8,9,10,11,12,13,16,17,21,23,25,27,28,31,34,35,38,40>9,10,23,25,26,2,3,34,5,35,8,11,13,16,17,27,31
2,3,5,6,8,9,10,11,12,13,16,17,21,23,25,27,28,31,34,35,38,40>32,37,40,14,23,25,2,3,34,5,35,8,11,13,16,17,27,31
2,3,5,6,8,9,10,11,12,13,16,17,21,23,25,27,28,31,34,35,38,40>32,33,6,40,12,14,21,28,2,3,34,5,35,8,11,13,16,17,27,31
2,3,5,6,8,9,10,11,12,13,16,17,21,23,25,27,28,31,34,35,38,40>37,38,40,9,12,20,2,3,34,5,35,8,11,13,16,17,27,31
2,3,5,6,8,9,10,11,12,13,16,17,21,23,25,27,28,31,34,35,38,40>6,38,10,12,14,21,28,2,3,34,5,35,8,11,13,16,17,27,31
2,3,5,6,8,9,10,11,12,13,16,17,21,23,25,27,28,31,34,35,38,40>32,33,37,6,38,10,14,26,2,3,34,5,35,8,11,13,16,17,27,31
1,2,3,5,6,10,12,14,15,16,19,23,25,26,27,29,30,33,34,36,38,40>32,34,4,6,8,13,14,18,1,2,3,36,5,40,12,15,19,23,26,27,30
1,2,3,5,6,10,12,14,15,16,19,23,25,26,27,29,30,33,34,36,38,40>32,34,6,7,8,38,11,14,16,18,25,31,1,2,3,36,5,40,12,15,19,23,26,27,30
1,2,3,5,6,10,12,14,15,16,19,23,25,26,27,29,30,33,34,36,38,40>32,33,4,6,13,14,18,25,29,31,1,2,3,36,5,40,12,15,19,23,26,27,30
1,2,3,5,6,10,12,14,15,16,19,23,25,26,27,29,30,33,34,36,38,40>34,4,6,38,13,16,18,25,1,2,3,36,5,40,12,15,19,23,26,27,30
1,2,3,5,6,10,12,14,15,16,19,23,25,26,27,29,30,33,34,36,38,40>32,34,4,6,10,11,16,29,1,2,3,36,5,40,12,15,19,23,26,27,30
1,2,3,5,6,10,12,14,15,16,19,23,25,26,27,29,30,33,34,36,38,40>32,33,34,4,6,7,8,38,10,16,18,29,1,2,3,36,5,40,12,15,19,23,26,27,30
1,3,4,5,6,7,12,13,17,18,20,21,22,23,25,26,28,30,32,33,36,37,39,40>32,14,16,25,27,29,1,33,3,4,5,36,7,39,40,17,20,21,22,26,28,30
1,3,4,5,6,7,12,13,17,18,20,21,22,23,25,26,28,30,32,33,36,37,39,40>34,8,12,13,18,23,24,25,29,1,33,3,4,5,36,7,39,40,17,20,21,22,26,28,30
1,3,4,5,6,7,12,13,17,18,20,21,22,23,25,26,28,30,32,33,36,37,39,40>32,9,18,23,24,25,29,1,33,3,4,5,36,7,39,40,17,20,21,22,26,28,30
1,3,4,5,6,7,12,13,17,18,20,21,22,23,25,26,28,30,32,33,36,37,39,40>27,37,6,25,1,33,3,4,5,36,7,39,40,17,20,21,22,26,28,30
1,3,4,5,6,7,12,13,17,18,20,21,22,23,25,26,28,30,32,33,36,37,39,40>38,8,9,16,25,1,33,3,4,5,36,7,39,40,17,20,21,22,26,28,30
1,3,4,5,6,7,12,13,17,18,20,21,22,23,25,26,28,30,32,33,36,37,39,40>32,34,6,38,8,12,16,23,25,27,29,1,33,3,4,5,36,7,39,40,17,20,21,22,26,28,30
2,3,6,7,9,11,12,15,16,18,20,21,22,25,26,27,30>34,8,39,18,26,28,29,2,3,9,20,21,22,27,30
2,3,6,7,9,11,12,15,16,18,20,21,22,25,26,27,30>32,5,8,12,16,18,28,29,2,3,9,20,21,22,27,30
2,3,6,7,9,11,12,15,16,18,20,21,22,25,26,27,30>5,7,8,12,15,16,18,28,29,2,3,9,20,21,22,27,30
2,3,6,7,9,11,12,15,16,18,20,21,22,25,26,27,30>32,34,5,7,39,11,18,24,29,2,3,9,20,21,22,27,30
2,3,6,7,9,11,12,15,16,18,20,21,22,25,26,27,30>32,34,6,7,11,15,16,18,25,2,3,9,20,21,22,27,30
2,3,6,7,9,11,12,15,16,18,20,21,22,25,26,27,30>32,34,6,7,8,40,12,16,18,25,28,31,2,3,9,20,21,22,27,30
1,2,3,4,5,6,7,9,10,12,14,18,19,22,24,25,28,31,32,34,39>33,35,12,14,15,24,27,29,31,1,2,3,4,5,34,7,9,10,18,22,25,28
1,2,3,4,5,6,7,9,10,12,14,18,19,22,24,25,28,31,32,34,39>6,11,13,15,19,21,24,27,31,1,2,3,4,5,34,7,9,10,18,22,25,28
1,2,3,4,5,6,7,9,10,12,14,18,19,22,24,25,28,31,32,34,39>33,6,13,14,19,21,23,31,1,2,3,4,5,34,7,9,10,18,22,25,28
1,2,3,4,5,6,7,9,10,12,14,18,19,22,24,25,28,31,32,34,39>33,6,14,21,23,24,27,29,31,1,2,3,4,5,34,7,9,10,18,22,25,28
1,2,3,4,5,6,7,9,10,12,14,18,19,22,24,25,28,31,32,34,39>33,35,6,39,11,12,21,23,1,2,3,4,5,34,7,9,10,18,22,25,28
1,2,3,4,5,6,7,9,10,12,14,18,19,22,24,25,28,31,32,34,39>32,33,35,6,39,8,12,14,15,19,27,29,1,2,3,4,5,34,7,9,10,18,22,25,28
34,5,6,37,8,39,10,11,12,13,16,17,18,19,21,22,25,27,28,31>32,39,12,19,23,29,34,5,8,11,13,16,17,18,21,22,27,28,31
34,5,6,37,8,39,10,11,12,13,16,17,18,19,21,22,25,27,28,31>32,33,37,19,23,25,34,5,8,11,13,16,17,18,21,22,27,28,31
34,5,6,37,8,39,10,11,12,13,16,17,18,19,21,22,25,27,28,31>33,6,39,14,19,29,34,5,8,11,13,16,17,18,21,22,27,28,31
34,5,6,37,8,39,10,11,12,13,16,17,18,19,21,22,25,27,28,31>37,6,39,10,20,34,5,8,11,13,16,17,18,21,22,27,28,31
34,5,6,37,8,39,10,11,12,13,16,17,18,19,21,22,25,27,28,31>25,35,37,6,34,5,8,11,13,16,17,18,21,22,27,28,31
34,5,6,37,8,39,10,11,12,13,16,17,18,19,21,22,25,27,28,31>32,33,35,37,6,39,14,20,23,29,34,5,8,11,13,16,17,18,21,22,27,28,31
1,2,35,4,6,7,8,9,10,38,39,40,15,17,23,24,25,26,27,30>37,11,12,15,17,20,23,31,1,2,6,7,8,9,10,39,40,25,26,27,30
1,2,35,4,6,7,8,9,10,38,39,40,15,17,23,24,25,26,27,30>32,37,38,15,20,23,24,31,1,2,6,7,8,9,10,39,40,25,26,27,30
1,2,35,4,6,7,8,9,10,38,39,40,15,17,23,24,25,26,27,30>32,37,38,11,12,17,20,24,1,2,6,7,8,9,10,39,40,25,26,27,30
1,2,35,4,6,7,8,9,10,38,39,40,15,17,23,24,25,26,27,30>4,37,11,12,23,31,1,2,6,7,8,9,10,39,40,25,26,27,30
1,2,35,4,6,7,8,9,10,38,39,40,15,17,23,24,25,26,27,30>5,37,12,17,23,1,2,6,7,8,9,10,39,40,25,26,27,30
1,2,35,4,6,7,8,9,10,38,39,40,15,17,23,24,25,26,27,30>34,35,4,5,11,17,20,23,1,2,6,7,8,9,10,39,40,25,26,27,30
2,38,7,40,9,10,11,17,19,24,25,28,30>34,5,38,10,19,30,2,40,9,11,25
2,38,7,40,9,10,11,17,19,24,25,28,30>34,5,38,39,13,17,20,24,28,2,40,9,11,25
2,38,7,40,9,10,11,17,19,24,25,28,30>34,7,39,10,18,24,28,30,2,40,9,11,25
2,38,7,40,9,10,11,17,19,24,25,28,30>34,5,7,10,13,24,30,2,40,9,11,25
2,38,7,40,9,10,11,17,19,24,25,28,30>33,38,7,39,13,17,23,24,27,30,2,40,9,11,25
2,38,7,40,9,10,11,17,19,24,25,28,30>34,38,7,39,17,18,19,28,30,2,40,9,11,25
1,2,34,4,36,6,37,39,10,13,14,15,16,18,22,23,24,27,29,30>7,9,17,21,24,26,30,32,37,39,1,2,6,13,14,15,16,22,29
1,2,34,4,36,6,37,39,10,13,14,15,16,18,22,23,24,27,29,30>4,8,9,11,18,24,27,28,30,31,32,36,37,39,40,1,2,6,13,14,15,16,22,29
1,2,34,4,36,6,37,39,10,13,14,15,16,18,22,23,24,27,29,30>7,8,9,11,12,18,21,27,28,30,32,36,37,39,40,1,2,6,13,14,15,16,22,29
1,2,34,4,36,6,37,39,10,13,14,15,16,18,22,23,24,27,29,30>7,10,11,23,24,25,26,30,32,34,37,39,1,2,6,13,14,15,16,22,29
1,2,34,4,36,6,37,39,10,13,14,15,16,18,22,23,24,27,29,30>7,9,10,12,17,18,23,25,27,28,32,34,36,1,2,6,13,14,15,16,22,29
1,2,34,4,36,6,37,39,10,13,14,15,16,18,22,23,24,27,29,30>4,8,9,10,11,17,23,27,28,30,31,36,37,40,1,2,6,13,14,15,16,22,29
32,1,33,34,36,37,6,7,8,38,39,40,14,20,22,24,28>32,5,6,15,20,29,1,34,33,36,38,7,8,24,28
32,1,33,34,36,37,6,7,8,38,39,40,14,20,22,24,28>37,40,14,20,29,1,34,33,36,38,7,8,24,28
32,1,33,34,36,37,6,7,8,38,39,40,14,20,22,24,28>32,6,37,9,40,29,1,34,33,36,38,7,8,24,28
32,1,33,34,36,37,6,7,8,38,39,40,14,20,22,24,28>5,39,9,40,14,15,25,29,1,34,33,36,38,7,8,24,28
32,1,33,34,36,37,6,7,8,38,39,40,14,20,22,24,28>32,5,6,39,40,14,15,22,25,29,1,34,33,36,38,7,8,24,28
32,1,33,34,36,37,6,7,8,38,39,40,14,20,22,24,28>32,5,6,37,39,9,40,14,15,22,1,34,33,36,38,7,8,24,28
32,33,34,4,36,38,7,39,40,15,16,17,19,23,25,26,30,31>33,35,39,9,17,19,20,27,31,34,36,38,40,23,26,30
32,33,34,4,36,38,7,39,40,15,16,17,19,23,25,26,30,31>32,4,7,39,9,15,16,18,19,20,27,34,36,38,40,23,26,30
32,33,34,4,36,38,7,39,40,15,16,17,19,23,25,26,30,31>32,33,35,4,9,16,25,31,34,36,38,40,23,26,30
32,33,34,4,36,38,7,39,40,15,16,17,19,23,25,26,30,31>33,5,7,39,17,31,34,36,38,40,23,26,30
32,33,34,4,36,38,7,39,40,15,16,17,19,23,25,26,30,31>35,5,9,16,20,31,34,36,38,40,23,26,30
32,33,34,4,36,38,7,39,40,15,16,17,19,23,25,26,30,31>33,4,5,7,9,17,18,20,34,36,38,40,23,26,30
1,2,5,9,12,13,14,15,16,17,19,20,21,23,24,25,26,27,28,29,30,31,32,33,34,35,37,38,40>21,36,28,13,32,1,2,33,35,5,37,40,14,15,16,17,20,23,24,25,26,27,30,31
1,2,5,9,12,13,14,15,16,17,19,20,21,23,24,25,26,27,28,29,30,31,32,33,34,35,37,38,40>38,18,19,28,29,32,1,2,33,35,5,37,40,14,15,16,17,20,23,24,25,26,27,30,31
1,2,5,9,12,13,14,15,16,17,19,20,21,23,24,25,26,27,28,29,30,31,32,33,34,35,37,38,40>34,28,38,18,32,1,2,33,35,5,37,40,14,15,16,17,20,23,24,25,26,27,30,31
1,2,5,9,12,13,14,15,16,17,19,20,21,23,24,25,26,27,28,29,30,31,32,33,34,35,37,38,40>36,12,18,21,28,29,32,1,2,33,35,5,37,40,14,15,16,17,20,23,24,25,26,27,30,31
1,2,5,9,12,13,14,15,16,17,19,20,21,23,24,25,26,27,28,29,30,31,32,33,34,35,37,38,40>36,12,13,18,32,1,2,33,35,5,37,40,14,15,16,17,20,23,24,25,26,27,30,31
1,2,5,9,12,13,14,15,16,17,19,20,21,23,24,25,26,27,28,29,30,31,32,33,34,35,37,38,40>34,36,9,12,13,21,32,1,2,33,35,5,37,40,14,15,16,17,20,23,24,25,26,27,30,31
32,33,35,5,37,7,8,40,14,15,18,20,21,23,24,25,27,30,31>21,23,9,32,35,37,5,40,15,20,24,25,27,31
32,33,35,5,37,7,8,40,14,15,18,20,21,23,24,25,27,30,31>33,34,18,21,22,23,30,32,35,37,5,40,15,20,24,25,27,31
32,33,35,5,37,7,8,40,14,15,18,20,21,23,24,25,27,30,31>7,9,18,22,26,32,35,37,5,40,15,20,24,25,27,31
32,33,35,5,37,7,8,40,14,15,18,20,21,23,24,25,27,30,31>34,36,7,39,14,18,21,32,35,37,5,40,15,20,24,25,27,31
32,33,35,5,37,7,8,40,14,15,18,20,21,23,24,25,27,30,31>33,34,36,7,9,39,23,32,35,37,5,40,15,20,24,25,27,31
32,33,35,5,37,7,8,40,14,15,18,20,21,23,24,25,27,30,31>33,34,36,7,8,39,22,23,32,35,37,5,40,15,20,24,25,27,31
32,2,3,4,39,40,9,11,12,13,14,16,21,22,26,30>15,17,20,28,2,3,39,40,14,16,30
32,2,3,4,39,40,9,11,12,13,14,16,21,22,26,30>32,34,4,9,13,15,26,29,2,3,39,40,14,16,30
32,2,3,4,39,40,9,11,12,13,14,16,21,22,26,30>4,11,13,15,21,26,28,2,3,39,40,14,16,30
32,2,3,4,39,40,9,11,12,13,14,16,21,22,26,30>32,4,11,12,13,20,22,28,2,3,39,40,14,16,30
32,2,3,4,39,40,9,11,12,13,14,16,21,22,26,30>34,4,11,12,13,15,21,28,29,2,3,39,40,14,16,30
32,2,3,4,39,40,9,11,12,13,14,16,21,22,26,30>34,9,11,12,13,17,20,21,22,28,2,3,39,40,14,16,30
1,2,33,4,6,11,12,13,14,15,16,18,19,21,22,24,26,29>33,4,39,11,19,25,26,28,30,1,2,6,14,15,16,18,21,22,29
1,2,33,4,6,11,12,13,14,15,16,18,19,21,22,24,26,29>4,36,9,11,17,19,20,26,28,1,2,6,14,15,16,18,21,22,29
1,2,33,4,6,11,12,13,14,15,16,18,19,21,22,24,26,29>33,7,9,39,11,12,17,19,23,24,28,1,2,6,14,15,16,18,21,22,29
1,2,33,4,6,11,12,13,14,15,16,18,19,21,22,24,26,29>4,7,9,39,17,19,25,26,28,1,2,6,14,15,16,18,21,22,29
1,2,33,4,6,11,12,13,14,15,16,18,19,21,22,24,26,29>33,4,36,7,39,11,12,13,17,19,20,24,28,30,1,2,6,14,15,16,18,21,22,29
1,2,33,4,6,11,12,13,14,15,16,18,19,21,22,24,26,29>4,7,8,11,17,19,23,24,25,26,1,2,6,14,15,16,18,21,22,29
3,7,10,12,16,18,21,24,25,26,28,29,30,31,32,33,34,36,37,38,39,40>9,12,13,16,22,27,29,31,32,35,33,3,36,38,40,25,30
3,7,10,12,16,18,21,24,25,26,28,29,30,31,32,33,34,36,37,38,39,40>4,5,9,13,16,18,20,21,22,27,31,35,39,33,3,36,38,40,25,30
3,7,10,12,16,18,21,24,25,26,28,29,30,31,32,33,34,36,37,38,39,40>4,7,9,11,12,13,16,18,22,26,27,28,29,31,32,34,37,33,3,36,38,40,25,30
3,7,10,12,16,18,21,24,25,26,28,29,30,31,32,33,34,36,37,38,39,40>10,11,16,21,22,24,26,27,29,31,34,35,37,33,3,36,38,40,25,30
3,7,10,12,16,18,21,24,25,26,28,29,30,31,32,33,34,36,37,38,39,40>4,5,7,10,12,27,28,29,37,39,33,3,36,38,40,25,30
3,7,10,12,16,18,21,24,25,26,28,29,30,31,32,33,34,36,37,38,39,40>4,5,7,10,11,12,16,20,27,29,32,35,39,33,3,36,38,40,25,30
33,34,3,35,5,37,39,40,12,15,16,17,18,21,23,25,29,30>39,12,15,16,18,20,21,22,23,29,30,37,40,3,5
33,34,3,35,5,37,39,40,12,15,16,17,18,21,23,25,29,30>34,35,12,17,20,21,22,23,25,26,27,30,37,40,3,5
33,34,3,35,5,37,39,40,12,15,16,17,18,21,23,25,29,30>33,34,35,39,15,17,18,21,22,26,29,30,37,40,3,5
33,34,3,35,5,37,39,40,12,15,16,17,18,21,23,25,29,30>33,35,4,12,20,22,26,29,30,37,40,3,5
33,34,3,35,5,37,39,40,12,15,16,17,18,21,23,25,29,30>33,34,35,4,12,15,16,17,23,37,40,3,5
33,34,3,35,5,37,39,40,12,15,16,17,18,21,23,25,29,30>35,36,39,12,16,18,20,30,37,40,3,5
32,1,34,36,8,40,15,16,17,19,20,27,28,29,31>34,38,40,16,18,23,29,32,1,20,31
32,1,34,36,8,40,15,16,17,19,20,27,28,29,31>33,35,38,15,18,19,23,24,28,29,32,1,20,31
32,1,34,36,8,40,15,16,17,19,20,27,28,29,31>33,35,36,8,40,18,19,23,24,32,1,20,31
32,1,34,36,8,40,15,16,17,19,20,27,28,29,31>5,38,8,15,17,19,28,29,32,1,20,31
32,1,34,36,8,40,15,16,17,19,20,27,28,29,31>35,5,8,15,19,23,24,29,32,1,20,31
32,1,34,36,8,40,15,16,17,19,20,27,28,29,31>33,36,5,40,18,19,28,29,32,1,20,31
33,2,3,36,8,9,40,11,12,13,14,15,22,26,27,28,29,30,31>32,9,11,12,13,27,33,2,3,36,40,14,15,28,29,30,31
33,2,3,36,8,9,40,11,12,13,14,15,22,26,27,28,29,30,31>32,39,9,11,33,2,3,36,40,14,15,28,29,30,31
33,2,3,36,8,9,40,11,12,13,14,15,22,26,27,28,29,30,31>32,35,39,13,16,17,33,2,3,36,40,14,15,28,29,30,31
33,2,3,36,8,9,40,11,12,13,14,15,22,26,27,28,29,30,31>32,8,17,22,26,33,2,3,36,40,14,15,28,29,30,31
33,2,3,36,8,9,40,11,12,13,14,15,22,26,27,28,29,30,31>32,5,8,9,11,22,26,33,2,3,36,40,14,15,28,29,30,31
33,2,3,36,8,9,40,11,12,13,14,15,22,26,27,28,29,30,31>32,35,5,39,8,9,12,13,26,33,2,3,36,40,14,15,28,29,30,31
