CD45,CD8,TCRlig,TCbind,PAGCsk,LCK,Fyn,Rlk,TCRphos,ZAP70,cCbl,Itk,LAT,Gads,Slp76,PLCg_b,Grb2Sos,DAG,PLCg_a,Ras,RasGRP1,PKCth,IP3,Raf,MEK,Ca,ERK,SEK,IKK,Calcin,Rsk,Fos,JNK,IkB,CREB,Jun,CRE,AP1,NFkB,NFAT
1,33,34,6,7,40,10,11,13,19,23,26,27,29,31>33,8,10,40,14,16,17,18,19,27,30,1,7,11,13,23,26,31
1,33,34,6,7,40,10,11,13,19,23,26,27,29,31>32,33,5,6,9,10,40,14,16,27,29,1,7,11,13,23,26,31
1,33,34,6,7,40,10,11,13,19,23,26,27,29,31>32,34,35,8,10,18,19,27,30,1,7,11,13,23,26,31
1,33,34,6,7,40,10,11,13,19,23,26,27,29,31>33,36,9,14,17,18,19,27,29,30,1,7,11,13,23,26,31
1,33,34,6,7,40,10,11,13,19,23,26,27,29,31>32,33,36,5,8,9,40,14,16,18,27,29,1,7,11,13,23,26,31
1,33,34,6,7,40,10,11,13,19,23,26,27,29,31>32,34,36,6,8,40,14,19,27,1,7,11,13,23,26,31
1,33,34,4,35,38,39,9,11,13,18,19,20,24,26,27>4,13,17,19,25,27,30,31,33,36,38,39,24,1,34,18
1,33,34,4,35,38,39,9,11,13,18,19,20,24,26,27>7,13,17,20,26,27,30,31,35,38,39,24,1,34,18
1,33,34,4,35,38,39,9,11,13,18,19,20,24,26,27>4,9,13,14,16,20,26,27,30,31,33,35,37,39,24,1,34,18
1,33,34,4,35,38,39,9,11,13,18,19,20,24,26,27>7,9,13,14,16,17,19,22,26,27,32,36,37,38,24,1,34,18
1,33,34,4,35,38,39,9,11,13,18,19,20,24,26,27>4,9,13,14,16,19,20,22,25,27,31,32,35,38,24,1,34,18
1,33,34,4,35,38,39,9,11,13,18,19,20,24,26,27>7,9,13,14,16,20,22,25,27,30,31,32,33,37,38,39,24,1,34,18
1,4,5,6,7,8,9,12,13,14,16,17,19,20,21,23,25,26,29,31,32,36,37,39,40>4,6,12,13,15,18,21,24,25,30,35,38,40,1,5,7,8,9,39,14,16,17,20,23,26
1,4,5,6,7,8,9,12,13,14,16,17,19,20,21,23,25,26,29,31,32,36,37,39,40>4,12,15,19,24,27,29,30,40,1,5,7,8,9,39,14,16,17,20,23,26
1,4,5,6,7,8,9,12,13,14,16,17,19,20,21,23,25,26,29,31,32,36,37,39,40>4,6,12,15,18,19,24,30,32,35,40,1,5,7,8,9,39,14,16,17,20,23,26
1,4,5,6,7,8,9,12,13,14,16,17,19,20,21,23,25,26,29,31,32,36,37,39,40>4,6,10,13,15,18,21,24,25,30,37,1,5,7,8,9,39,14,16,17,20,23,26
1,4,5,6,7,8,9,12,13,14,16,17,19,20,21,23,25,26,29,31,32,36,37,39,40>12,13,15,19,21,24,25,29,31,35,37,38,1,5,7,8,9,39,14,16,17,20,23,26
1,4,5,6,7,8,9,12,13,14,16,17,19,20,21,23,25,26,29,31,32,36,37,39,40>4,6,12,13,15,21,24,25,31,35,38,1,5,7,8,9,39,14,16,17,20,23,26
32,33,35,10,11,14,15,16,18,20,21,23,24,27,31>33,34,21,10,32,35,11,15,20,24,31
32,33,35,10,11,14,15,16,18,20,21,23,24,27,31>33,34,10,13,14,22,25,27,32,35,11,15,20,24,31
32,33,35,10,11,14,15,16,18,20,21,23,24,27,31>33,5,13,14,16,22,25,27,32,35,11,15,20,24,31
32,33,35,10,11,14,15,16,18,20,21,23,24,27,31>36,5,12,22,27,32,35,11,15,20,24,31
32,33,35,10,11,14,15,16,18,20,21,23,24,27,31>33,37,12,13,14,16,18,22,25,27,32,35,11,15,20,24,31
32,33,35,10,11,14,15,16,18,20,21,23,24,27,31>33,34,5,37,13,16,18,23,26,32,35,11,15,20,24,31
2,3,6,7,8,9,10,14,17,18,19,21,23,27,28,32,35,36,38,39,40>4,6,13,14,15,27,31,33,34,35,36,40,32,2,3,38,39,8,9,10,18,23
2,3,6,7,8,9,10,14,17,18,19,21,23,27,28,32,35,36,38,39,40>4,7,13,14,15,17,20,27,33,34,37,32,2,3,38,39,8,9,10,18,23
2,3,6,7,8,9,10,14,17,18,19,21,23,27,28,32,35,36,38,39,40>5,6,7,13,14,15,17,19,22,27,28,31,35,36,37,40,32,2,3,38,39,8,9,10,18,23
2,3,6,7,8,9,10,14,17,18,19,21,23,27,28,32,35,36,38,39,40>4,5,6,7,13,14,15,20,22,26,28,33,35,36,40,32,2,3,38,39,8,9,10,18,23
2,3,6,7,8,9,10,14,17,18,19,21,23,27,28,32,35,36,38,39,40>7,11,13,15,17,19,21,22,31,33,34,35,40,32,2,3,38,39,8,9,10,18,23
2,3,6,7,8,9,10,14,17,18,19,21,23,27,28,32,35,36,38,39,40>4,6,7,11,13,15,19,21,22,26,28,31,33,35,37,32,2,3,38,39,8,9,10,18,23
32,1,2,3,34,5,6,35,8,10,12,14,17,20,21,23,24,29,31>32,4,7,11,12,15,17,23,25,26,31,1,2,3,35,5,8,20,24
32,1,2,3,34,5,6,35,8,10,12,14,17,20,21,23,24,29,31>32,4,37,7,11,14,17,21,23,25,26,1,2,3,35,5,8,20,24
32,1,2,3,34,5,6,35,8,10,12,14,17,20,21,23,24,29,31>6,7,10,14,17,21,1,2,3,35,5,8,20,24
32,1,2,3,34,5,6,35,8,10,12,14,17,20,21,23,24,29,31>34,6,11,12,14,15,25,26,29,31,1,2,3,35,5,8,20,24
32,1,2,3,34,5,6,35,8,10,12,14,17,20,21,23,24,29,31>34,4,6,7,10,15,23,25,26,29,1,2,3,35,5,8,20,24
32,1,2,3,34,5,6,35,8,10,12,14,17,20,21,23,24,29,31>32,37,6,7,13,17,21,29,31,1,2,3,35,5,8,20,24
32,33,4,36,7,8,9,39,11,14,15,19,21,26>38,8,19,21,23,26,9,36,15,39
32,33,4,36,7,8,9,39,11,14,15,19,21,26>32,33,11,19,20,21,26,9,36,15,39
32,33,4,36,7,8,9,39,11,14,15,19,21,26>32,34,38,7,20,23,30,9,36,15,39
32,33,4,36,7,8,9,39,11,14,15,19,21,26>34,4,38,8,11,14,19,21,23,9,36,15,39
32,33,4,36,7,8,9,39,11,14,15,19,21,26>32,34,5,7,8,11,18,30,9,36,15,39
32,33,4,36,7,8,9,39,11,14,15,19,21,26>32,34,4,5,8,20,23,30,9,36,15,39
1,3,5,7,8,9,12,13,14,15,18,21,22,24,27,28,29,31,33,36,40>32,35,4,39,40,12,17,18,27,1,33,3,36,5,9,14,15,21,22,28,29,31
1,3,5,7,8,9,12,13,14,15,18,21,22,24,27,28,29,31,33,36,40>32,35,7,39,13,16,18,20,24,25,1,33,3,36,5,9,14,15,21,22,28,29,31
1,3,5,7,8,9,12,13,14,15,18,21,22,24,27,28,29,31,33,36,40>35,4,7,12,18,20,27,1,33,3,36,5,9,14,15,21,22,28,29,31
1,3,5,7,8,9,12,13,14,15,18,21,22,24,27,28,29,31,33,36,40>4,8,40,13,16,17,18,24,27,1,33,3,36,5,9,14,15,21,22,28,29,31
1,3,5,7,8,9,12,13,14,15,18,21,22,24,27,28,29,31,33,36,40>32,4,7,8,39,40,12,13,16,17,18,20,1,33,3,36,5,9,14,15,21,22,28,29,31
1,3,5,7,8,9,12,13,14,15,18,21,22,24,27,28,29,31,33,36,40>35,4,7,8,39,40,13,17,18,20,27,1,33,3,36,5,9,14,15,21,22,28,29,31
32,1,34,3,4,7,39,9,11,12,14,16,19,21,22,23,24,30,31>5,22,24,25,28,30,31,32,35,39,40,1,34,3,7,9,23
32,1,34,3,4,7,39,9,11,12,14,16,19,21,22,23,24,30,31>4,11,18,20,21,24,26,28,29,32,39,40,1,34,3,7,9,23
32,1,34,3,4,7,39,9,11,12,14,16,19,21,22,23,24,30,31>5,12,15,18,21,25,26,28,30,1,34,3,7,9,23
32,1,34,3,4,7,39,9,11,12,14,16,19,21,22,23,24,30,31>4,11,14,20,24,25,30,31,32,35,39,1,34,3,7,9,23
32,1,34,3,4,7,39,9,11,12,14,16,19,21,22,23,24,30,31>4,11,14,15,16,18,19,25,29,30,40,1,34,3,7,9,23
32,1,34,3,4,7,39,9,11,12,14,16,19,21,22,23,24,30,31>4,5,11,14,16,18,20,21,22,25,26,28,30,32,35,39,1,34,3,7,9,23
33,3,4,5,35,37,8,38,10,13,15,16,17,19,20,26,27,28>5,8,23,24,28,30,31,34,33,3,4,37,13,16,17,19,20
33,3,4,5,35,37,8,38,10,13,15,16,17,19,20,26,27,28>5,8,14,18,24,27,30,31,34,36,38,39,33,3,4,37,13,16,17,19,20
33,3,4,5,35,37,8,38,10,13,15,16,17,19,20,26,27,28>11,14,18,26,28,32,35,38,39,33,3,4,37,13,16,17,19,20
33,3,4,5,35,37,8,38,10,13,15,16,17,19,20,26,27,28>12,14,15,26,31,34,35,36,33,3,4,37,13,16,17,19,20
33,3,4,5,35,37,8,38,10,13,15,16,17,19,20,26,27,28>11,12,14,18,27,32,34,35,38,39,33,3,4,37,13,16,17,19,20
33,3,4,5,35,37,8,38,10,13,15,16,17,19,20,26,27,28>5,8,10,11,12,14,15,18,23,24,28,30,36,39,33,3,4,37,13,16,17,19,20
3,4,5,8,9,11,14,16,18,20,23,26,27,29,31,33,34,35,36,37,39>33,34,4,39,11,15,23,24,35,3,36,37,26,31
3,4,5,8,9,11,14,16,18,20,23,26,27,29,31,33,34,35,36,37,39>33,34,4,8,9,16,20,22,23,24,30,35,3,36,37,26,31
3,4,5,8,9,11,14,16,18,20,23,26,27,29,31,33,34,35,36,37,39>32,5,8,11,14,15,20,23,24,29,30,35,3,36,37,26,31
3,4,5,8,9,11,14,16,18,20,23,26,27,29,31,33,34,35,36,37,39>33,34,5,39,9,15,16,27,35,3,36,37,26,31
3,4,5,8,9,11,14,16,18,20,23,26,27,29,31,33,34,35,36,37,39>32,33,34,5,39,11,14,15,22,35,3,36,37,26,31
3,4,5,8,9,11,14,16,18,20,23,26,27,29,31,33,34,35,36,37,39>33,34,4,5,8,9,11,15,20,24,29,35,3,36,37,26,31
33,34,5,6,7,8,9,10,37,12,13,16,25,26,27,28,30,31>37,7,40,11,14,25,28,33,34,5,8,9,10,13,16,27,30,31
33,34,5,6,7,8,9,10,37,12,13,16,25,26,27,28,30,31>32,35,37,6,40,11,17,25,26,33,34,5,8,9,10,13,16,27,30,31
33,34,5,6,7,8,9,10,37,12,13,16,25,26,27,28,30,31>35,6,7,11,17,28,33,34,5,8,9,10,13,16,27,30,31
33,34,5,6,7,8,9,10,37,12,13,16,25,26,27,28,30,31>32,35,36,6,11,12,26,28,33,34,5,8,9,10,13,16,27,30,31
33,34,5,6,7,8,9,10,37,12,13,16,25,26,27,28,30,31>37,6,7,40,11,14,17,25,33,34,5,8,9,10,13,16,27,30,31
33,34,5,6,7,8,9,10,37,12,13,16,25,26,27,28,30,31>32,35,37,6,7,40,11,12,33,34,5,8,9,10,13,16,27,30,31
7,10,11,12,14,16,17,18,21,23,24,25,26,28,31,33,34,35,36,38,39,40>13,14,15,16,18,21,22,23,24,28,30,31,37,39,33,34,35,36,11,25,26
7,10,11,12,14,16,17,18,21,23,24,25,26,28,31,33,34,35,36,38,39,40>13,14,21,22,23,24,27,28,30,37,38,39,33,34,35,36,11,25,26
7,10,11,12,14,16,17,18,21,23,24,25,26,28,31,33,34,35,36,38,39,40>7,10,13,15,18,20,22,24,27,31,33,34,35,36,11,25,26
7,10,11,12,14,16,17,18,21,23,24,25,26,28,31,33,34,35,36,38,39,40>5,7,12,14,18,20,23,28,31,39,40,33,34,35,36,11,25,26
7,10,11,12,14,16,17,18,21,23,24,25,26,28,31,33,34,35,36,38,39,40>5,9,12,13,14,15,17,18,21,27,30,39,40,33,34,35,36,11,25,26
7,10,11,12,14,16,17,18,21,23,24,25,26,28,31,33,34,35,36,38,39,40>7,9,12,13,15,16,17,22,23,24,30,37,39,33,34,35,36,11,25,26
2,3,4,5,37,7,40,10,11,14,15,18,22,23,28,31>35,4,7,10,40,21,23,26,29,31,2,3,5,11,15,22,28
2,3,4,5,37,7,40,10,11,14,15,18,22,23,28,31>33,34,35,4,40,13,14,18,26,29,2,3,5,11,15,22,28
2,3,4,5,37,7,40,10,11,14,15,18,22,23,28,31>34,37,40,13,18,21,23,31,2,3,5,11,15,22,28
2,3,4,5,37,7,40,10,11,14,15,18,22,23,28,31>33,34,37,39,10,40,13,18,23,31,2,3,5,11,15,22,28
2,3,4,5,37,7,40,10,11,14,15,18,22,23,28,31>33,35,37,7,39,12,13,21,31,2,3,5,11,15,22,28
2,3,4,5,37,7,40,10,11,14,15,18,22,23,28,31>33,34,4,37,7,9,12,13,18,21,26,29,2,3,5,11,15,22,28
33,2,3,4,5,6,7,34,9,36,38,18,20,23,24,25,27,28,31>18,20,23,28,33,2,3,4,5,34,36,9,24,25,27,31
33,2,3,4,5,6,7,34,9,36,38,18,20,23,24,25,27,28,31>32,35,6,10,23,28,33,2,3,4,5,34,36,9,24,25,27,31
33,2,3,4,5,6,7,34,9,36,38,18,20,23,24,25,27,28,31>32,35,6,7,38,18,23,26,33,2,3,4,5,34,36,9,24,25,27,31
33,2,3,4,5,6,7,34,9,36,38,18,20,23,24,25,27,28,31>32,35,6,7,38,18,26,28,33,2,3,4,5,34,36,9,24,25,27,31
33,2,3,4,5,6,7,34,9,36,38,18,20,23,24,25,27,28,31>32,6,8,10,20,23,33,2,3,4,5,34,36,9,24,25,27,31
33,2,3,4,5,6,7,34,9,36,38,18,20,23,24,25,27,28,31>35,6,8,18,20,22,28,33,2,3,4,5,34,36,9,24,25,27,31
1,4,5,8,9,10,11,12,14,16,17,20,23,24,26,27,28,31,32,33,34,35,36>7,38,13,16,17,23,25,32,1,33,34,35,36,11,20,24,26,31
1,4,5,8,9,10,11,12,14,16,17,20,23,24,26,27,28,31,32,33,34,35,36>37,7,8,38,12,13,14,15,23,27,28,32,1,33,34,35,36,11,20,24,26,31
1,4,5,8,9,10,11,12,14,16,17,20,23,24,26,27,28,31,32,33,34,35,36>5,7,9,10,12,15,17,25,28,30,32,1,33,34,35,36,11,20,24,26,31
1,4,5,8,9,10,11,12,14,16,17,20,23,24,26,27,28,31,32,33,34,35,36>5,37,7,9,12,13,14,16,23,27,28,32,1,33,34,35,36,11,20,24,26,31
1,4,5,8,9,10,11,12,14,16,17,20,23,24,26,27,28,31,32,33,34,35,36>5,37,7,9,10,14,15,16,17,25,27,28,32,1,33,34,35,36,11,20,24,26,31
1,4,5,8,9,10,11,12,14,16,17,20,23,24,26,27,28,31,32,33,34,35,36>37,7,8,9,10,38,12,13,14,16,23,25,27,28,30,32,1,33,34,35,36,11,20,24,26,31
32,1,3,35,5,6,36,39,9,10,40,12,15,16,18,19,21,22,24,27>6,7,11,15,16,23,28,31,34,32,1,3,5,39,10,12,18,19,21,22
32,1,3,35,5,6,36,39,9,10,40,12,15,16,18,19,21,22,24,27>4,8,11,15,25,31,34,36,37,40,32,1,3,5,39,10,12,18,19,21,22
32,1,3,35,5,6,36,39,9,10,40,12,15,16,18,19,21,22,24,27>4,8,11,13,16,23,24,25,28,29,38,40,32,1,3,5,39,10,12,18,19,21,22
32,1,3,35,5,6,36,39,9,10,40,12,15,16,18,19,21,22,24,27>4,6,9,11,13,16,28,31,40,32,1,3,5,39,10,12,18,19,21,22
32,1,3,35,5,6,36,39,9,10,40,12,15,16,18,19,21,22,24,27>7,9,15,16,20,23,24,25,27,28,29,31,34,35,37,40,32,1,3,5,39,10,12,18,19,21,22
32,1,3,35,5,6,36,39,9,10,40,12,15,16,18,19,21,22,24,27>4,7,8,9,11,13,15,27,29,35,37,38,32,1,3,5,39,10,12,18,19,21,22
1,2,4,5,6,13,14,16,17,19,20,21,22,24,26,27,28,31,33,36,37,38>5,8,13,15,18,21,25,26,27,29,30,32,37,38,1,2,33,36,14,16,17,20,24,28,31
1,2,4,5,6,13,14,16,17,19,20,21,22,24,26,27,28,31,33,36,37,38>4,5,8,15,22,26,29,30,37,38,39,1,2,33,36,14,16,17,20,24,28,31
1,2,4,5,6,13,14,16,17,19,20,21,22,24,26,27,28,31,33,36,37,38>6,8,9,13,15,19,21,23,25,27,34,35,38,39,1,2,33,36,14,16,17,20,24,28,31
1,2,4,5,6,13,14,16,17,19,20,21,22,24,26,27,28,31,33,36,37,38>6,8,19,22,23,25,26,30,34,37,39,1,2,33,36,14,16,17,20,24,28,31
1,2,4,5,6,13,14,16,17,19,20,21,22,24,26,27,28,31,33,36,37,38>4,5,8,9,13,18,21,23,25,26,38,1,2,33,36,14,16,17,20,24,28,31
1,2,4,5,6,13,14,16,17,19,20,21,22,24,26,27,28,31,33,36,37,38>5,6,7,8,13,15,18,19,23,25,26,27,29,32,35,37,38,1,2,33,36,14,16,17,20,24,28,31
32,1,2,33,34,36,7,39,9,10,12,13,15,16,17,18,20,21,26,28>32,5,6,39,22,26,30,1,2,34,36,33,9,12,13,16,17,20
32,1,2,33,34,36,7,39,9,10,12,13,15,16,17,18,20,21,26,28>6,7,39,10,15,24,26,30,1,2,34,36,33,9,12,13,16,17,20
32,1,2,33,34,36,7,39,9,10,12,13,15,16,17,18,20,21,26,28>32,5,6,7,39,10,15,18,21,22,28,1,2,34,36,33,9,12,13,16,17,20
32,1,2,33,34,36,7,39,9,10,12,13,15,16,17,18,20,21,26,28>32,5,6,7,10,14,15,21,22,26,1,2,34,36,33,9,12,13,16,17,20
32,1,2,33,34,36,7,39,9,10,12,13,15,16,17,18,20,21,26,28>32,7,38,39,10,11,24,26,1,2,34,36,33,9,12,13,16,17,20
32,1,2,33,34,36,7,39,9,10,12,13,15,16,17,18,20,21,26,28>32,6,7,38,39,11,15,18,28,30,1,2,34,36,33,9,12,13,16,17,20
1,33,34,38,7,8,39,11,13,14,15,25,26,28,29,30>9,39,17,26,27,1,33,14,15,30
1,33,34,38,7,8,39,11,13,14,15,25,26,28,29,30>34,36,8,13,16,25,28,29,1,33,14,15,30
1,33,34,38,7,8,39,11,13,14,15,25,26,28,29,30>36,5,9,39,16,25,26,28,1,33,14,15,30
1,33,34,38,7,8,39,11,13,14,15,25,26,28,29,30>34,36,5,8,9,40,13,16,25,26,27,1,33,14,15,30
1,33,34,38,7,8,39,11,13,14,15,25,26,28,29,30>5,38,7,8,27,28,29,1,33,14,15,30
1,33,34,38,7,8,39,11,13,14,15,25,26,28,29,30>36,5,38,7,9,39,16,27,1,33,14,15,30
2,5,6,40,12,13,15,16,17,18,19,21,22,23,25,26,27,30>32,12,14,25,31,2,5,40,16,17,18,21,22,23,26,27,30
2,5,6,40,12,13,15,16,17,18,19,21,22,23,25,26,27,30>6,14,15,19,25,29,31,2,5,40,16,17,18,21,22,23,26,27,30
2,5,6,40,12,13,15,16,17,18,19,21,22,23,25,26,27,30>32,39,19,25,29,31,2,5,40,16,17,18,21,22,23,26,27,30
2,5,6,40,12,13,15,16,17,18,19,21,22,23,25,26,27,30>32,39,13,14,19,2,5,40,16,17,18,21,22,23,26,27,30
2,5,6,40,12,13,15,16,17,18,19,21,22,23,25,26,27,30>32,34,8,13,14,15,20,25,31,2,5,40,16,17,18,21,22,23,26,27,30
2,5,6,40,12,13,15,16,17,18,19,21,22,23,25,26,27,30>32,6,8,12,14,15,20,28,2,5,40,16,17,18,21,22,23,26,27,30
1,3,4,7,9,10,11,12,13,15,17,19,25,27,28,30,32,35,38,39,40>33,10,14,15,16,18,23,25,31,32,1,3,7,39,9,40,11,12,13,17,27
1,3,4,7,9,10,11,12,13,15,17,19,25,27,28,30,32,35,38,39,40>4,38,10,14,18,23,28,30,31,32,1,3,7,39,9,40,11,12,13,17,27
1,3,4,7,9,10,11,12,13,15,17,19,25,27,28,30,32,35,38,39,40>34,4,10,25,31,32,1,3,7,39,9,40,11,12,13,17,27
1,3,4,7,9,10,11,12,13,15,17,19,25,27,28,30,32,35,38,39,40>33,35,4,38,14,18,19,25,28,32,1,3,7,39,9,40,11,12,13,17,27
1,3,4,7,9,10,11,12,13,15,17,19,25,27,28,30,32,35,38,39,40>33,35,5,37,38,10,15,20,23,28,30,32,1,3,7,39,9,40,11,12,13,17,27
1,3,4,7,9,10,11,12,13,15,17,19,25,27,28,30,32,35,38,39,40>33,34,35,5,38,16,18,19,20,23,31,32,1,3,7,39,9,40,11,12,13,17,27
1,34,3,4,35,6,7,8,37,11,12,13,20,21>5,11,12,13,14,16,1,34,3,37,7,8,20
1,34,3,4,35,6,7,8,37,11,12,13,20,21>5,21,24,12,1,34,3,37,7,8,20
1,34,3,4,35,6,7,8,37,11,12,13,20,21>35,4,5,6,11,12,13,1,34,3,37,7,8,20
1,34,3,4,35,6,7,8,37,11,12,13,20,21>35,4,9,12,13,16,17,24,1,34,3,37,7,8,20
1,34,3,4,35,6,7,8,37,11,12,13,20,21>35,5,9,11,12,13,17,24,1,34,3,37,7,8,20
1,34,3,4,35,6,7,8,37,11,12,13,20,21>5,6,9,11,13,14,16,21,1,34,3,37,7,8,20
2,5,9,10,11,15,19,20,21,23,25,27,29,30,31,32,33,35,36,38,39,40>13,19,24,26,29,32,2,35,36,5,38,39,40,11,20,23,27,31
2,5,9,10,11,15,19,20,21,23,25,27,29,30,31,32,33,35,36,38,39,40>18,33,12,29,32,2,35,36,5,38,39,40,11,20,23,27,31
2,5,9,10,11,15,19,20,21,23,25,27,29,30,31,32,33,35,36,38,39,40>37,9,12,13,18,24,25,26,29,32,2,35,36,5,38,39,40,11,20,23,27,31
2,5,9,10,11,15,19,20,21,23,25,27,29,30,31,32,33,35,36,38,39,40>37,9,12,19,21,24,25,26,32,2,35,36,5,38,39,40,11,20,23,27,31
2,5,9,10,11,15,19,20,21,23,25,27,29,30,31,32,33,35,36,38,39,40>33,37,10,12,19,21,24,26,29,32,2,35,36,5,38,39,40,11,20,23,27,31
2,5,9,10,11,15,19,20,21,23,25,27,29,30,31,32,33,35,36,38,39,40>33,9,10,12,18,24,25,26,30,32,2,35,36,5,38,39,40,11,20,23,27,31
32,1,2,3,33,5,6,36,38,10,12,16,20,23,25,29>32,33,8,11,12,13,23,25,26,27,1,2,3,36,5,38
32,1,2,3,33,5,6,36,38,10,12,16,20,23,25,29>32,33,8,39,13,23,24,25,26,27,1,2,3,36,5,38
32,1,2,3,33,5,6,36,38,10,12,16,20,23,25,29>33,6,8,39,10,16,23,24,26,1,2,3,36,5,38
32,1,2,3,33,5,6,36,38,10,12,16,20,23,25,29>4,6,8,11,12,16,23,25,29,1,2,3,36,5,38
32,1,2,3,33,5,6,36,38,10,12,16,20,23,25,29>32,7,39,10,11,12,16,26,27,29,1,2,3,36,5,38
32,1,2,3,33,5,6,36,38,10,12,16,20,23,25,29>32,33,7,12,16,23,24,25,29,1,2,3,36,5,38
1,34,3,4,5,37,7,38,39,12,13,14,18,19,22,23,30,31>35,12,13,17,21,26,29,30,1,34,3,4,5,7,14,18,22,23
1,34,3,4,5,37,7,38,39,12,13,14,18,19,22,23,30,31>38,39,9,12,13,19,26,28,29,30,31,1,34,3,4,5,7,14,18,22,23
1,34,3,4,5,37,7,38,39,12,13,14,18,19,22,23,30,31>37,38,39,12,13,17,26,28,29,30,1,34,3,4,5,7,14,18,22,23
1,34,3,4,5,37,7,38,39,12,13,14,18,19,22,23,30,31>35,37,38,39,12,15,16,17,19,29,31,1,34,3,4,5,7,14,18,22,23
1,34,3,4,5,37,7,38,39,12,13,14,18,19,22,23,30,31>35,37,38,39,9,13,17,19,26,28,29,30,31,1,34,3,4,5,7,14,18,22,23
1,34,3,4,5,37,7,38,39,12,13,14,18,19,22,23,30,31>37,38,40,12,13,17,19,21,29,31,1,34,3,4,5,7,14,18,22,23
4,6,7,8,10,12,14,16,18,20,21,23,24,25,27,29,30,33,35,36,37,39>6,10,11,12,18,22,23,29,31,33,40,36,37,39,8,20,24,25,27
4,6,7,8,10,12,14,16,18,20,21,23,24,25,27,29,30,33,35,36,37,39>4,5,6,12,13,14,16,18,21,22,26,31,33,36,37,39,8,20,24,25,27
4,6,7,8,10,12,14,16,18,20,21,23,24,25,27,29,30,33,35,36,37,39>5,7,11,12,21,22,31,33,35,40,36,37,39,8,20,24,25,27
4,6,7,8,10,12,14,16,18,20,21,23,24,25,27,29,30,33,35,36,37,39>4,5,6,7,10,16,18,21,22,23,26,31,32,33,40,36,37,39,8,20,24,25,27
4,6,7,8,10,12,14,16,18,20,21,23,24,25,27,29,30,33,35,36,37,39>4,5,6,7,10,13,14,15,26,29,30,31,33,35,36,37,39,8,20,24,25,27
4,6,7,8,10,12,14,16,18,20,21,23,24,25,27,29,30,33,35,36,37,39>7,9,11,12,14,15,18,21,22,31,32,35,40,36,37,39,8,20,24,25,27
32,1,4,5,38,10,11,12,14,19,23,24,29,30,31>13,14,15,24,29,32,40,1,11,23
32,1,4,5,38,10,11,12,14,19,23,24,29,30,31>10,14,15,18,24,25,29,32,35,40,1,11,23
32,1,4,5,38,10,11,12,14,19,23,24,29,30,31>5,7,10,14,18,19,24,25,32,35,40,1,11,23
32,1,4,5,38,10,11,12,14,19,23,24,29,30,31>7,12,13,19,24,25,26,29,40,1,11,23
32,1,4,5,38,10,11,12,14,19,23,24,29,30,31>4,7,12,14,19,24,26,29,32,39,1,11,23
32,1,4,5,38,10,11,12,14,19,23,24,29,30,31>4,5,7,10,12,14,18,25,29,30,31,39,1,11,23
32,2,34,4,5,37,38,8,9,10,11,12,13,14,17,18,19,20,21,25>4,5,37,12,15,19,21,25,2,34,11,13,14,17,18,20
32,2,34,4,5,37,38,8,9,10,11,12,13,14,17,18,19,20,21,25>4,38,8,9,10,19,21,22,23,24,25,27,2,34,11,13,14,17,18,20
32,2,34,4,5,37,38,8,9,10,11,12,13,14,17,18,19,20,21,25>32,4,38,8,10,16,24,27,2,34,11,13,14,17,18,20
32,2,34,4,5,37,38,8,9,10,11,12,13,14,17,18,19,20,21,25>5,38,9,10,22,23,25,2,34,11,13,14,17,18,20
32,2,34,4,5,37,38,8,9,10,11,12,13,14,17,18,19,20,21,25>32,4,5,38,10,19,21,22,24,2,34,11,13,14,17,18,20
32,2,34,4,5,37,38,8,9,10,11,12,13,14,17,18,19,20,21,25>5,37,38,8,9,16,19,22,23,24,2,34,11,13,14,17,18,20
32,1,2,3,33,5,35,7,38,40,11,12,17,18,22,23,26,27,28,31>36,37,9,12,17,18,29,32,1,2,3,33,5,35,22,26,28,31
32,1,2,3,33,5,35,7,38,40,11,12,17,18,22,23,26,27,28,31>34,36,37,9,12,17,20,27,29,30,32,1,2,3,33,5,35,22,26,28,31
32,1,2,3,33,5,35,7,38,40,11,12,17,18,22,23,26,27,28,31>34,36,37,9,11,12,18,21,23,27,29,32,1,2,3,33,5,35,22,26,28,31
32,1,2,3,33,5,35,7,38,40,11,12,17,18,22,23,26,27,28,31>34,36,7,9,40,18,20,21,29,32,1,2,3,33,5,35,22,26,28,31
32,1,2,3,33,5,35,7,38,40,11,12,17,18,22,23,26,27,28,31>34,37,7,39,11,21,23,29,32,1,2,3,33,5,35,22,26,28,31
32,1,2,3,33,5,35,7,38,40,11,12,17,18,22,23,26,27,28,31>34,36,37,38,7,9,17,21,23,27,32,1,2,3,33,5,35,22,26,28,31
2,6,10,11,12,13,15,16,18,19,20,29,30,31,32,33,35,36,37,38,40>32,33,5,39,10,17,23,24,29,30,31,2,35,36,37,38,40,11,12,13,16,18,19
2,6,10,11,12,13,15,16,18,19,20,29,30,31,32,33,35,36,37,38,40>32,5,6,14,15,17,23,31,2,35,36,37,38,40,11,12,13,16,18,19
2,6,10,11,12,13,15,16,18,19,20,29,30,31,32,33,35,36,37,38,40>32,33,39,8,10,14,17,20,24,30,31,2,35,36,37,38,40,11,12,13,16,18,19
2,6,10,11,12,13,15,16,18,19,20,29,30,31,32,33,35,36,37,38,40>33,5,39,10,17,20,23,24,29,30,31,2,35,36,37,38,40,11,12,13,16,18,19
2,6,10,11,12,13,15,16,18,19,20,29,30,31,32,33,35,36,37,38,40>32,33,5,39,8,14,20,22,31,2,35,36,37,38,40,11,12,13,16,18,19
2,6,10,11,12,13,15,16,18,19,20,29,30,31,32,33,35,36,37,38,40>33,6,39,8,10,17,20,24,31,2,35,36,37,38,40,11,12,13,16,18,19
1,2,6,7,8,9,12,13,14,17,20,21,22,23,26,28,35,37,38,39,40>34,35,40,10,12,15,21,22,29,30,1,2,37,6,7,8,9,39,14,17,20,26,28
1,2,6,7,8,9,12,13,14,17,20,21,22,23,26,28,35,37,38,39,40>33,34,35,10,12,13,15,22,24,1,2,37,6,7,8,9,39,14,17,20,26,28
1,2,6,7,8,9,12,13,14,17,20,21,22,23,26,28,35,37,38,39,40>34,5,40,10,13,15,22,1,2,37,6,7,8,9,39,14,17,20,26,28
1,2,6,7,8,9,12,13,14,17,20,21,22,23,26,28,35,37,38,39,40>33,34,5,10,15,16,22,29,1,2,37,6,7,8,9,39,14,17,20,26,28
1,2,6,7,8,9,12,13,14,17,20,21,22,23,26,28,35,37,38,39,40>38,40,10,16,21,23,1,2,37,6,7,8,9,39,14,17,20,26,28
1,2,6,7,8,9,12,13,14,17,20,21,22,23,26,28,35,37,38,39,40>5,38,10,16,21,23,29,1,2,37,6,7,8,9,39,14,17,20,26,28
1,2,3,33,34,6,35,8,9,10,11,13,18,19,20,22,23,24,26,31>33,10,14,19,20,25,28,29,30,31,1,2,3,34,35,6,8,11,13,18,22,23,24,26
1,2,3,33,34,6,35,8,9,10,11,13,18,19,20,22,23,24,26,31>33,10,16,19,28,29,30,1,2,3,34,35,6,8,11,13,18,22,23,24,26
1,2,3,33,34,6,35,8,9,10,11,13,18,19,20,22,23,24,26,31>33,5,37,17,19,20,25,28,30,31,1,2,3,34,35,6,8,11,13,18,22,23,24,26
1,2,3,33,34,6,35,8,9,10,11,13,18,19,20,22,23,24,26,31>7,9,10,16,17,28,29,30,1,2,3,34,35,6,8,11,13,18,22,23,24,26
1,2,3,33,34,6,35,8,9,10,11,13,18,19,20,22,23,24,26,31>33,36,7,10,19,29,1,2,3,34,35,6,8,11,13,18,22,23,24,26
1,2,3,33,34,6,35,8,9,10,11,13,18,19,20,22,23,24,26,31>37,7,10,14,17,1,2,3,34,35,6,8,11,13,18,22,23,24,26
33,34,35,5,6,7,38,9,39,11,12,40,16,17,27,29,30,31>33,34,7,8,38,39,12,20,35,5,40,9,31
33,34,35,5,6,7,38,9,39,11,12,40,16,17,27,29,30,31>33,34,7,8,38,16,17,27,29,30,35,5,40,9,31
33,34,35,5,6,7,38,9,39,11,12,40,16,17,27,29,30,31>33,34,6,7,8,11,12,17,20,30,35,5,40,9,31
33,34,35,5,6,7,38,9,39,11,12,40,16,17,27,29,30,31>33,34,37,6,7,39,16,17,27,29,30,35,5,40,9,31
33,34,35,5,6,7,38,9,39,11,12,40,16,17,27,29,30,31>32,36,37,6,7,39,11,16,27,29,30,35,5,40,9,31
33,34,35,5,6,7,38,9,39,11,12,40,16,17,27,29,30,31>32,33,36,37,7,8,38,39,11,17,29,35,5,40,9,31
2,3,34,5,35,36,37,39,10,40,13,16,17,20,21,22,23,24,26,29>4,10,11,21,22,28,2,3,37,5,13,16,17,20,24,26,29
2,3,34,5,35,36,37,39,10,40,13,16,17,20,21,22,23,24,26,29>34,4,10,22,23,25,30,2,3,37,5,13,16,17,20,24,26,29
2,3,34,5,35,36,37,39,10,40,13,16,17,20,21,22,23,24,26,29>34,4,40,10,11,21,22,23,25,2,3,37,5,13,16,17,20,24,26,29
2,3,34,5,35,36,37,39,10,40,13,16,17,20,21,22,23,24,26,29>35,4,22,23,25,30,2,3,37,5,13,16,17,20,24,26,29
2,3,34,5,35,36,37,39,10,40,13,16,17,20,21,22,23,24,26,29>34,4,40,11,14,21,22,23,28,30,2,3,37,5,13,16,17,20,24,26,29
2,3,34,5,35,36,37,39,10,40,13,16,17,20,21,22,23,24,26,29>35,4,36,39,40,11,14,23,28,2,3,37,5,13,16,17,20,24,26,29
32,1,36,38,7,8,9,10,39,14,15,16,18,20,23,24,25,29>36,10,11,12,18,23,27,1,38,39,9,15,24,25
32,1,36,38,7,8,9,10,39,14,15,16,18,20,23,24,25,29>32,36,18,19,20,27,29,1,38,39,9,15,24,25
32,1,36,38,7,8,9,10,39,14,15,16,18,20,23,24,25,29>32,5,10,11,16,18,23,26,27,1,38,39,9,15,24,25
32,1,36,38,7,8,9,10,39,14,15,16,18,20,23,24,25,29>36,7,20,26,29,1,38,39,9,15,24,25
32,1,36,38,7,8,9,10,39,14,15,16,18,20,23,24,25,29>32,36,7,14,16,19,22,26,1,38,39,9,15,24,25
32,1,36,38,7,8,9,10,39,14,15,16,18,20,23,24,25,29>32,36,8,12,13,14,16,19,20,23,27,1,38,39,9,15,24,25
1,2,33,34,7,8,39,40,12,13,14,15,16,17,19,21,22,27,29,30>5,6,12,18,22,30,31,32,36,1,2,40,14,15,16,17,29
1,2,33,34,7,8,39,40,12,13,14,15,16,17,19,21,22,27,29,30>5,7,18,21,22,23,30,33,39,1,2,40,14,15,16,17,29
1,2,33,34,7,8,39,40,12,13,14,15,16,17,19,21,22,27,29,30>5,6,7,12,13,18,21,23,30,31,33,34,1,2,40,14,15,16,17,29
1,2,33,34,7,8,39,40,12,13,14,15,16,17,19,21,22,27,29,30>8,12,20,22,27,28,30,33,36,39,1,2,40,14,15,16,17,29
1,2,33,34,7,8,39,40,12,13,14,15,16,17,19,21,22,27,29,30>5,7,8,12,13,19,21,22,23,28,30,32,33,39,1,2,40,14,15,16,17,29
1,2,33,34,7,8,39,40,12,13,14,15,16,17,19,21,22,27,29,30>7,9,13,18,20,27,28,32,33,39,1,2,40,14,15,16,17,29
34,37,6,38,39,9,10,40,13,14,17,19,20,21,22,23,25,26,29,30>5,11,16,22,24,25,28,40,10,13,14,17,20,23,26,29,30
34,37,6,38,39,9,10,40,13,14,17,19,20,21,22,23,25,26,29,30>34,6,38,11,39,15,16,19,22,24,27,40,10,13,14,17,20,23,26,29,30
34,37,6,38,39,9,10,40,13,14,17,19,20,21,22,23,25,26,29,30>34,5,6,38,16,18,21,27,28,40,10,13,14,17,20,23,26,29,30
34,37,6,38,39,9,10,40,13,14,17,19,20,21,22,23,25,26,29,30>34,5,6,9,38,39,19,21,25,40,10,13,14,17,20,23,26,29,30
34,37,6,38,39,9,10,40,13,14,17,19,20,21,22,23,25,26,29,30>8,38,18,19,21,24,27,28,40,10,13,14,17,20,23,26,29,30
34,37,6,38,39,9,10,40,13,14,17,19,20,21,22,23,25,26,29,30>5,37,8,9,11,15,16,18,21,25,40,10,13,14,17,20,23,26,29,30
33,3,4,5,6,7,36,10,11,13,14,17,18,19,21,23,25,28,29,30>6,8,39,16,19,25,26,27,28,29,30,33,3,36,5,11,13,14,17,18,23
33,3,4,5,6,7,36,10,11,13,14,17,18,19,21,23,25,28,29,30>7,8,10,39,40,15,19,22,27,28,29,30,33,3,36,5,11,13,14,17,18,23
33,3,4,5,6,7,36,10,11,13,14,17,18,19,21,23,25,28,29,30>4,6,7,8,39,15,16,20,21,22,25,27,28,29,30,33,3,36,5,11,13,14,17,18,23
33,3,4,5,6,7,36,10,11,13,14,17,18,19,21,23,25,28,29,30>6,7,9,10,20,22,26,29,30,33,3,36,5,11,13,14,17,18,23
33,3,4,5,6,7,36,10,11,13,14,17,18,19,21,23,25,28,29,30>8,9,10,15,20,21,22,26,27,30,33,3,36,5,11,13,14,17,18,23
33,3,4,5,6,7,36,10,11,13,14,17,18,19,21,23,25,28,29,30>6,7,8,9,39,40,15,19,26,28,30,33,3,36,5,11,13,14,17,18,23
3,4,5,7,8,10,11,12,14,15,17,18,19,21,22,23,25,28,30,31,32,34,37,38,39,40>7,26,27,31,37,38,39,34,3,5,40,11,12,15,18,21,22,23,28
3,4,5,7,8,10,11,12,14,15,17,18,19,21,22,23,25,28,30,31,32,34,37,38,39,40>8,14,20,29,32,34,3,5,40,11,12,15,18,21,22,23,28
3,4,5,7,8,10,11,12,14,15,17,18,19,21,22,23,25,28,30,31,32,34,37,38,39,40>9,13,14,17,20,25,26,27,31,32,39,34,3,5,40,11,12,15,18,21,22,23,28
3,4,5,7,8,10,11,12,14,15,17,18,19,21,22,23,25,28,30,31,32,34,37,38,39,40>4,9,20,26,29,30,31,35,37,34,3,5,40,11,12,15,18,21,22,23,28
3,4,5,7,8,10,11,12,14,15,17,18,19,21,22,23,25,28,30,31,32,34,37,38,39,40>8,10,17,20,26,29,30,31,33,35,38,34,3,5,40,11,12,15,18,21,22,23,28
3,4,5,7,8,10,11,12,14,15,17,18,19,21,22,23,25,28,30,31,32,34,37,38,39,40>8,10,13,17,19,27,29,31,34,3,5,40,11,12,15,18,21,22,23,28
32,3,4,36,6,37,38,39,10,11,12,14,16,18,22,25,26,28,29,31>4,6,12,13,14,16,21,25,26,33,35,3,38,39,11,22,28,29
32,3,4,36,6,37,38,39,10,11,12,14,16,18,22,25,26,28,29,31>4,8,12,13,14,16,18,21,31,32,35,37,3,38,39,11,22,28,29
32,3,4,36,6,37,38,39,10,11,12,14,16,18,22,25,26,28,29,31>4,9,13,16,21,30,31,35,36,3,38,39,11,22,28,29
32,3,4,36,6,37,38,39,10,11,12,14,16,18,22,25,26,28,29,31>4,9,27,33,35,3,38,39,11,22,28,29
32,3,4,36,6,37,38,39,10,11,12,14,16,18,22,25,26,28,29,31>4,8,10,14,18,21,32,37,3,38,39,11,22,28,29
32,3,4,36,6,37,38,39,10,11,12,14,16,18,22,25,26,28,29,31>4,6,9,10,12,13,15,16,18,21,32,33,35,36,37,3,38,39,11,22,28,29
32,34,35,5,38,7,39,10,11,12,13,15,16,18,19,20,22,26,29,30>34,35,37,7,39,40,17,26,5,11,12,13,16,18,19,22,29,30
32,34,35,5,38,7,39,10,11,12,13,15,16,18,19,20,22,26,29,30>32,34,35,37,7,39,10,40,15,17,20,23,5,11,12,13,16,18,19,22,29,30
32,34,35,5,38,7,39,10,11,12,13,15,16,18,19,20,22,26,29,30>32,34,35,37,39,10,23,26,28,5,11,12,13,16,18,19,22,29,30
32,34,35,5,38,7,39,10,11,12,13,15,16,18,19,20,22,26,29,30>32,35,38,7,9,10,15,17,20,21,26,28,5,11,12,13,16,18,19,22,29,30
32,34,35,5,38,7,39,10,11,12,13,15,16,18,19,20,22,26,29,30>34,35,38,40,17,20,21,23,26,28,5,11,12,13,16,18,19,22,29,30
32,34,35,5,38,7,39,10,11,12,13,15,16,18,19,20,22,26,29,30>34,35,37,38,7,39,10,40,14,21,23,26,5,11,12,13,16,18,19,22,29,30
1,33,3,34,7,39,9,12,13,14,15,16,20,24,28,29,30>12,13,29,1,33,3,9,14,15,16,24
1,33,3,34,7,39,9,12,13,14,15,16,20,24,28,29,30>5,28,39,40,1,33,3,9,14,15,16,24
1,33,3,34,7,39,9,12,13,14,15,16,20,24,28,29,30>4,36,7,40,13,25,29,30,1,33,3,9,14,15,16,24
1,33,3,34,7,39,9,12,13,14,15,16,20,24,28,29,30>5,7,39,40,17,25,1,33,3,9,14,15,16,24
1,33,3,34,7,39,9,12,13,14,15,16,20,24,28,29,30>4,36,7,13,17,29,1,33,3,9,14,15,16,24
1,33,3,34,7,39,9,12,13,14,15,16,20,24,28,29,30>4,5,36,7,12,17,20,25,29,30,1,33,3,9,14,15,16,24
32,33,36,39,8,9,10,40,16,17,20,25,29>5,9,10,11,24,27,36,20,39
32,33,36,39,8,9,10,40,16,17,20,25,29>32,38,9,10,40,24,25,27,36,20,39
32,33,36,39,8,9,10,40,16,17,20,25,29>32,5,38,9,10,16,17,25,29,36,20,39
32,33,36,39,8,9,10,40,16,17,20,25,29>32,38,8,9,11,40,13,16,24,25,29,36,20,39
32,33,36,39,8,9,10,40,16,17,20,25,29>32,33,38,8,9,10,40,13,24,29,36,20,39
32,33,36,39,8,9,10,40,16,17,20,25,29>5,38,8,10,40,13,29,36,20,39
2,3,6,9,10,12,14,15,16,17,18,20,22,23,24,25,26,28,29,31,32,33,35,38,40>5,14,18,23,30,31,32,37,40,33,2,3,35,10,12,15,20,22,24,25,26,28,29
2,3,6,9,10,12,14,15,16,17,18,20,22,23,24,25,26,28,29,31,32,33,35,38,40>4,6,11,13,14,16,30,33,2,3,35,10,12,15,20,22,24,25,26,28,29
2,3,6,9,10,12,14,15,16,17,18,20,22,23,24,25,26,28,29,31,32,33,35,38,40>8,11,17,18,21,27,30,32,38,39,33,2,3,35,10,12,15,20,22,24,25,26,28,29
2,3,6,9,10,12,14,15,16,17,18,20,22,23,24,25,26,28,29,31,32,33,35,38,40>4,8,11,13,16,18,19,21,27,30,31,36,37,38,40,33,2,3,35,10,12,15,20,22,24,25,26,28,29
2,3,6,9,10,12,14,15,16,17,18,20,22,23,24,25,26,28,29,31,32,33,35,38,40>9,11,13,14,16,17,23,31,32,38,40,33,2,3,35,10,12,15,20,22,24,25,26,28,29
2,3,6,9,10,12,14,15,16,17,18,20,22,23,24,25,26,28,29,31,32,33,35,38,40>4,5,6,9,11,17,19,30,31,32,36,39,40,33,2,3,35,10,12,15,20,22,24,25,26,28,29
1,4,7,9,10,12,13,15,16,17,18,19,22,23,24,25,27,29,32,34,35,38>11,34,20,24,32,1,7,9,12,13,16,17,18,19,22,23,25,27,29
1,4,7,9,10,12,13,15,16,17,18,19,22,23,24,25,27,29,32,34,35,38>34,35,4,10,14,28,32,1,7,9,12,13,16,17,18,19,22,23,25,27,29
1,4,7,9,10,12,13,15,16,17,18,19,22,23,24,25,27,29,32,34,35,38>34,35,4,5,20,28,32,1,7,9,12,13,16,17,18,19,22,23,25,27,29
1,4,7,9,10,12,13,15,16,17,18,19,22,23,24,25,27,29,32,34,35,38>37,38,20,24,28,31,32,1,7,9,12,13,16,17,18,19,22,23,25,27,29
1,4,7,9,10,12,13,15,16,17,18,19,22,23,24,25,27,29,32,34,35,38>5,37,38,10,11,14,21,26,28,32,1,7,9,12,13,16,17,18,19,22,23,25,27,29
1,4,7,9,10,12,13,15,16,17,18,19,22,23,24,25,27,29,32,34,35,38>35,4,5,37,38,10,14,21,24,28,32,1,7,9,12,13,16,17,18,19,22,23,25,27,29
1,2,5,6,10,12,14,15,18,21,25,26,27,30,32,34,35,36,37,38,39,40>14,20,25,26,31,32,1,2,34,5,37,38,40,12,15,27,30
1,2,5,6,10,12,14,15,18,21,25,26,27,30,32,34,35,36,37,38,39,40>35,39,10,14,20,32,1,2,34,5,37,38,40,12,15,27,30
1,2,5,6,10,12,14,15,18,21,25,26,27,30,32,34,35,36,37,38,39,40>6,7,39,13,14,25,31,32,1,2,34,5,37,38,40,12,15,27,30
1,2,5,6,10,12,14,15,18,21,25,26,27,30,32,34,35,36,37,38,39,40>35,6,7,10,11,18,20,31,32,1,2,34,5,37,38,40,12,15,27,30
1,2,5,6,10,12,14,15,18,21,25,26,27,30,32,34,35,36,37,38,39,40>35,6,7,11,14,22,25,32,1,2,34,5,37,38,40,12,15,27,30
1,2,5,6,10,12,14,15,18,21,25,26,27,30,32,34,35,36,37,38,39,40>35,7,8,11,20,21,31,32,1,2,34,5,37,38,40,12,15,27,30
1,2,3,4,6,10,12,16,17,21,22,23,26,27,29,31,32,35,36,38,39>36,7,10,11,12,20,22,23,28,32,1,2,3,4,35,6,38,39,26,29,31
1,2,3,4,6,10,12,16,17,21,22,23,26,27,29,31,32,35,36,38,39>36,8,9,10,12,16,23,27,28,30,32,1,2,3,4,35,6,38,39,26,29,31
1,2,3,4,6,10,12,16,17,21,22,23,26,27,29,31,32,35,36,38,39>37,8,9,11,16,22,28,30,32,1,2,3,4,35,6,38,39,26,29,31
1,2,3,4,6,10,12,16,17,21,22,23,26,27,29,31,32,35,36,38,39>7,8,9,10,11,13,21,23,30,32,1,2,3,4,35,6,38,39,26,29,31
1,2,3,4,6,10,12,16,17,21,22,23,26,27,29,31,32,35,36,38,39>7,8,9,10,16,17,21,22,23,32,1,2,3,4,35,6,38,39,26,29,31
1,2,3,4,6,10,12,16,17,21,22,23,26,27,29,31,32,35,36,38,39>36,37,7,8,9,11,17,20,23,27,28,32,1,2,3,4,35,6,38,39,26,29,31
33,2,3,4,37,6,38,8,9,39,12,14,15,20,22,25,27,31>32,33,6,12,25,29,2,3,4,39,8,9,15,27,31
33,2,3,4,37,6,38,8,9,39,12,14,15,20,22,25,27,31>35,37,22,24,25,28,2,3,4,39,8,9,15,27,31
33,2,3,4,37,6,38,8,9,39,12,14,15,20,22,25,27,31>33,34,35,37,6,10,14,20,24,29,2,3,4,39,8,9,15,27,31
33,2,3,4,37,6,38,8,9,39,12,14,15,20,22,25,27,31>32,36,6,38,28,29,2,3,4,39,8,9,15,27,31
33,2,3,4,37,6,38,8,9,39,12,14,15,20,22,25,27,31>33,34,36,10,14,24,29,2,3,4,39,8,9,15,27,31
33,2,3,4,37,6,38,8,9,39,12,14,15,20,22,25,27,31>33,34,35,36,37,6,38,12,22,24,29,2,3,4,39,8,9,15,27,31
1,2,3,8,10,12,14,15,18,19,20,21,22,23,28,29,30,34,37,39,40>5,6,8,11,14,26,1,2,3,40,12,15,18,20,21,22,23,28,29
1,2,3,8,10,12,14,15,18,19,20,21,22,23,28,29,30,34,37,39,40>4,5,8,39,10,13,14,19,24,30,1,2,3,40,12,15,18,20,21,22,23,28,29
1,2,3,8,10,12,14,15,18,19,20,21,22,23,28,29,30,34,37,39,40>33,34,6,8,13,19,26,30,1,2,3,40,12,15,18,20,21,22,23,28,29
1,2,3,8,10,12,14,15,18,19,20,21,22,23,28,29,30,34,37,39,40>5,6,37,10,11,13,30,1,2,3,40,12,15,18,20,21,22,23,28,29
1,2,3,8,10,12,14,15,18,19,20,21,22,23,28,29,30,34,37,39,40>33,5,6,37,10,24,26,30,1,2,3,40,12,15,18,20,21,22,23,28,29
1,2,3,8,10,12,14,15,18,19,20,21,22,23,28,29,30,34,37,39,40>33,4,5,6,37,8,13,24,26,30,1,2,3,40,12,15,18,20,21,22,23,28,29
2,3,4,5,34,36,38,39,10,11,12,14,15,17,19,20,22,25,27,29>5,38,10,13,19,22,23,25,28,31,2,3,11,12,15,20,27,29
2,3,4,5,34,36,38,39,10,11,12,14,15,17,19,20,22,25,27,29>4,5,39,10,18,23,28,31,2,3,11,12,15,20,27,29
2,3,4,5,34,36,38,39,10,11,12,14,15,17,19,20,22,25,27,29>34,4,5,39,17,18,19,22,23,24,28,31,2,3,11,12,15,20,27,29
2,3,4,5,34,36,38,39,10,11,12,14,15,17,19,20,22,25,27,29>32,34,4,5,39,17,22,25,28,31,2,3,11,12,15,20,27,29
2,3,4,5,34,36,38,39,10,11,12,14,15,17,19,20,22,25,27,29>32,5,36,38,13,14,18,19,22,23,28,2,3,11,12,15,20,27,29
2,3,4,5,34,36,38,39,10,11,12,14,15,17,19,20,22,25,27,29>32,5,36,10,13,18,19,22,23,25,28,31,2,3,11,12,15,20,27,29
3,5,8,13,15,17,18,20,21,22,23,26,28,30,31,32,34,36,37,38,39>4,8,13,14,24,29,31,34,3,5,38,17,20,21,22,26,28,30
3,5,8,13,15,17,18,20,21,22,23,26,28,30,31,32,34,36,37,38,39>32,33,35,4,36,37,13,14,16,24,34,3,5,38,17,20,21,22,26,28,30
3,5,8,13,15,17,18,20,21,22,23,26,28,30,31,32,34,36,37,38,39>33,35,4,8,40,13,14,15,18,23,24,31,34,3,5,38,17,20,21,22,26,28,30
3,5,8,13,15,17,18,20,21,22,23,26,28,30,31,32,34,36,37,38,39>32,36,37,8,15,24,31,34,3,5,38,17,20,21,22,26,28,30
3,5,8,13,15,17,18,20,21,22,23,26,28,30,31,32,34,36,37,38,39>32,33,4,36,37,40,13,14,15,23,24,29,34,3,5,38,17,20,21,22,26,28,30
3,5,8,13,15,17,18,20,21,22,23,26,28,30,31,32,34,36,37,38,39>32,33,35,4,36,37,39,14,15,34,3,5,38,17,20,21,22,26,28,30
2,4,9,10,14,15,16,17,18,20,21,22,24,25,27,32,33,35,36,37,39>34,35,4,38,10,13,14,17,29,32,2,36,37,39,15,20,21,22,24,25,27
2,4,9,10,14,15,16,17,18,20,21,22,24,25,27,32,33,35,36,37,39>33,35,4,9,10,11,12,16,17,28,31,32,2,36,37,39,15,20,21,22,24,25,27
2,4,9,10,14,15,16,17,18,20,21,22,24,25,27,32,33,35,36,37,39>34,35,38,14,16,17,32,2,36,37,39,15,20,21,22,24,25,27
2,4,9,10,14,15,16,17,18,20,21,22,24,25,27,32,33,35,36,37,39>33,4,38,12,13,14,16,17,32,2,36,37,39,15,20,21,22,24,25,27
2,4,9,10,14,15,16,17,18,20,21,22,24,25,27,32,33,35,36,37,39>33,34,4,38,16,28,29,32,2,36,37,39,15,20,21,22,24,25,27
2,4,9,10,14,15,16,17,18,20,21,22,24,25,27,32,33,35,36,37,39>34,35,4,38,11,16,17,18,32,2,36,37,39,15,20,21,22,24,25,27
2,3,4,6,7,9,10,11,12,15,18,19,20,24,25,26,28,30,31,33,34,39,40>4,5,39,15,19,20,33,2,3,34,40,9,11,12,18,24,25,30
2,3,4,6,7,9,10,11,12,15,18,19,20,24,25,26,28,30,31,33,34,39,40>35,4,5,8,10,39,13,15,20,28,31,33,2,3,34,40,9,11,12,18,24,25,30
2,3,4,6,7,9,10,11,12,15,18,19,20,24,25,26,28,30,31,33,34,39,40>4,7,8,36,10,39,13,19,26,31,33,2,3,34,40,9,11,12,18,24,25,30
2,3,4,6,7,9,10,11,12,15,18,19,20,24,25,26,28,30,31,33,34,39,40>35,4,7,39,19,27,33,2,3,34,40,9,11,12,18,24,25,30
2,3,4,6,7,9,10,11,12,15,18,19,20,24,25,26,28,30,31,33,34,39,40>5,7,8,13,20,31,33,2,3,34,40,9,11,12,18,24,25,30
2,3,4,6,7,9,10,11,12,15,18,19,20,24,25,26,28,30,31,33,34,39,40>5,6,7,26,28,33,2,3,34,40,9,11,12,18,24,25,30
1,3,4,7,12,14,17,18,19,20,21,23,24,28,29,30,31,33,34,36,38,39,40>35,9,17,19,22,25,26,28,1,33,3,4,36,7,40,18,20,23,24
1,3,4,7,12,14,17,18,19,20,21,23,24,28,29,30,31,33,34,36,38,39,40>34,38,9,14,19,22,26,28,29,30,1,33,3,4,36,7,40,18,20,23,24
1,3,4,7,12,14,17,18,19,20,21,23,24,28,29,30,31,33,34,36,38,39,40>34,35,5,38,9,14,15,19,21,25,26,30,1,33,3,4,36,7,40,18,20,23,24
1,3,4,7,12,14,17,18,19,20,21,23,24,28,29,30,31,33,34,36,38,39,40>39,9,17,19,21,29,30,31,1,33,3,4,36,7,40,18,20,23,24
1,3,4,7,12,14,17,18,19,20,21,23,24,28,29,30,31,33,34,36,38,39,40>5,39,9,12,15,21,22,25,29,30,1,33,3,4,36,7,40,18,20,23,24
1,3,4,7,12,14,17,18,19,20,21,23,24,28,29,30,31,33,34,36,38,39,40>34,35,38,39,12,15,21,25,26,29,30,1,33,3,4,36,7,40,18,20,23,24
33,34,35,36,5,37,39,9,15,17,19,20,27,28,29,30,31>39,15,17,19,23,24,28,33,35,36,37,5,20,31
33,34,35,36,5,37,39,9,15,17,19,20,27,28,29,30,31>32,40,15,17,18,19,24,33,35,36,37,5,20,31
33,34,35,36,5,37,39,9,15,17,19,20,27,28,29,30,31>39,40,17,18,19,23,29,33,35,36,37,5,20,31
33,34,35,36,5,37,39,9,15,17,19,20,27,28,29,30,31>32,39,40,17,23,27,28,29,33,35,36,37,5,20,31
33,34,35,36,5,37,39,9,15,17,19,20,27,28,29,30,31>32,39,9,17,19,23,28,33,35,36,37,5,20,31
33,34,35,36,5,37,39,9,15,17,19,20,27,28,29,30,31>40,9,15,19,24,28,29,33,35,36,37,5,20,31
32,34,35,4,37,10,12,14,16,17,18,20,23,24,29,31>32,4,13,14,22,23,25,29,31,24,35,20,37
32,34,35,4,37,10,12,14,16,17,18,20,23,24,29,31>34,4,12,13,17,23,24,35,20,37
32,34,35,4,37,10,12,14,16,17,18,20,23,24,29,31>32,4,12,13,14,15,17,23,25,26,29,24,35,20,37
32,34,35,4,37,10,12,14,16,17,18,20,23,24,29,31>32,4,10,14,16,18,26,24,35,20,37
32,34,35,4,37,10,12,14,16,17,18,20,23,24,29,31>32,4,11,12,15,16,17,18,22,23,29,31,24,35,20,37
32,34,35,4,37,10,12,14,16,17,18,20,23,24,29,31>32,4,11,13,14,15,17,22,23,25,26,31,24,35,20,37
2,5,6,7,8,11,13,15,17,18,20,22,23,25,27,30,31,33,34,36,38,40>14,15,16,18,21,23,29,35,2,34,36,5,8,40,17,20,22,27,31
2,5,6,7,8,11,13,15,17,18,20,22,23,25,27,30,31,33,34,36,38,40>6,9,14,15,18,25,29,30,38,2,34,36,5,8,40,17,20,22,27,31
2,5,6,7,8,11,13,15,17,18,20,22,23,25,27,30,31,33,34,36,38,40>6,9,11,23,25,26,32,35,38,2,34,36,5,8,40,17,20,22,27,31
2,5,6,7,8,11,13,15,17,18,20,22,23,25,27,30,31,33,34,36,38,40>6,7,13,14,18,23,24,25,29,32,33,35,2,34,36,5,8,40,17,20,22,27,31
2,5,6,7,8,11,13,15,17,18,20,22,23,25,27,30,31,33,34,36,38,40>6,7,9,13,14,15,18,21,24,25,26,32,35,2,34,36,5,8,40,17,20,22,27,31
2,5,6,7,8,11,13,15,17,18,20,22,23,25,27,30,31,33,34,36,38,40>6,11,13,18,21,24,25,29,30,32,33,38,2,34,36,5,8,40,17,20,22,27,31
32,2,36,7,40,11,12,14,15,17,18,19,20,21,23,27,28,29,31>5,11,12,19,28,29,35,36,38,39,40,32,2,15,18,20,23,31
32,2,36,7,40,11,12,14,15,17,18,19,20,21,23,27,28,29,31>12,19,24,27,28,29,36,39,32,2,15,18,20,23,31
32,2,36,7,40,11,12,14,15,17,18,19,20,21,23,27,28,29,31>5,12,21,22,24,26,27,28,29,33,35,38,39,40,32,2,15,18,20,23,31
32,2,36,7,40,11,12,14,15,17,18,19,20,21,23,27,28,29,31>5,7,12,14,24,27,28,33,35,38,32,2,15,18,20,23,31
32,2,36,7,40,11,12,14,15,17,18,19,20,21,23,27,28,29,31>5,11,12,17,21,27,33,35,38,39,40,32,2,15,18,20,23,31
32,2,36,7,40,11,12,14,15,17,18,19,20,21,23,27,28,29,31>7,9,11,12,14,24,28,36,38,40,32,2,15,18,20,23,31
32,33,4,36,6,37,38,39,14,15,18,20,21,22,23,24,25,26,27,31>18,28,6,30,32,36,38,39,15,20,21,22,24,25,26,27,31
32,33,4,36,6,37,38,39,14,15,18,20,21,22,23,24,25,26,27,31>33,35,6,8,9,14,29,30,32,36,38,39,15,20,21,22,24,25,26,27,31
32,33,4,36,6,37,38,39,14,15,18,20,21,22,23,24,25,26,27,31>34,35,4,9,14,28,30,32,36,38,39,15,20,21,22,24,25,26,27,31
32,33,4,36,6,37,38,39,14,15,18,20,21,22,23,24,25,26,27,31>33,37,6,9,14,18,28,32,36,38,39,15,20,21,22,24,25,26,27,31
32,33,4,36,6,37,38,39,14,15,18,20,21,22,23,24,25,26,27,31>33,35,37,8,14,29,30,32,36,38,39,15,20,21,22,24,25,26,27,31
32,33,4,36,6,37,38,39,14,15,18,20,21,22,23,24,25,26,27,31>33,35,4,37,6,8,9,14,18,23,29,32,36,38,39,15,20,21,22,24,25,26,27,31
1,7,9,10,13,14,15,18,20,21,25,27,28,30,31,32,34,35,37,38,39>33,5,38,40,10,11,12,16,18,22,24,28,30,32,1,34,35,37,9,13,14,15,20,27,31
1,7,9,10,13,14,15,18,20,21,25,27,28,30,31,32,34,35,37,38,39>7,10,11,12,16,17,21,24,25,28,30,32,1,34,35,37,9,13,14,15,20,27,31
1,7,9,10,13,14,15,18,20,21,25,27,28,30,31,32,34,35,37,38,39>33,5,38,40,16,24,25,28,32,1,34,35,37,9,13,14,15,20,27,31
1,7,9,10,13,14,15,18,20,21,25,27,28,30,31,32,34,35,37,38,39>5,38,7,40,10,11,12,18,25,28,32,1,34,35,37,9,13,14,15,20,27,31
1,7,9,10,13,14,15,18,20,21,25,27,28,30,31,32,34,35,37,38,39>39,40,11,12,16,18,21,22,24,25,32,1,34,35,37,9,13,14,15,20,27,31
1,7,9,10,13,14,15,18,20,21,25,27,28,30,31,32,34,35,37,38,39>33,38,7,39,40,10,16,21,22,25,30,32,1,34,35,37,9,13,14,15,20,27,31
32,33,3,4,35,6,7,39,9,15,16,22,23,25,26,28,30>6,8,22,25,27,33,3,4,39,9,26,28,30
32,33,3,4,35,6,7,39,9,15,16,22,23,25,26,28,30>35,6,37,10,40,15,23,27,33,3,4,39,9,26,28,30
32,33,3,4,35,6,7,39,9,15,16,22,23,25,26,28,30>32,35,6,8,10,40,16,22,27,29,33,3,4,39,9,26,28,30
32,33,3,4,35,6,7,39,9,15,16,22,23,25,26,28,30>32,34,36,5,6,7,8,23,33,3,4,39,9,26,28,30
32,33,3,4,35,6,7,39,9,15,16,22,23,25,26,28,30>32,35,36,5,7,8,37,10,40,15,16,22,23,27,29,33,3,4,39,9,26,28,30
32,33,3,4,35,6,7,39,9,15,16,22,23,25,26,28,30>32,34,35,36,5,7,8,16,22,23,27,33,3,4,39,9,26,28,30
1,33,4,36,37,7,38,9,40,11,14,15,16,19,23,24,27,28,29>32,37,39,16,18,24,26,27,31,1,33,36,7,9,15,23
1,33,4,36,37,7,38,9,40,11,14,15,16,19,23,24,27,28,29>32,4,37,18,19,24,25,26,28,31,1,33,36,7,9,15,23
1,33,4,36,37,7,38,9,40,11,14,15,16,19,23,24,27,28,29>5,37,11,16,18,19,24,27,1,33,36,7,9,15,23
1,33,4,36,37,7,38,9,40,11,14,15,16,19,23,24,27,28,29>5,37,19,24,26,29,1,33,36,7,9,15,23
1,33,4,36,37,7,38,9,40,11,14,15,16,19,23,24,27,28,29>4,5,37,38,39,40,16,18,24,31,1,33,36,7,9,15,23
1,33,4,36,37,7,38,9,40,11,14,15,16,19,23,24,27,28,29>32,4,5,37,38,39,40,11,24,1,33,36,7,9,15,23
32,1,2,3,4,33,35,38,39,10,11,13,17,20,23,24,25,29,30,31>33,4,23,26,27,29,1,2,3,35,39,11,13,17,20,24,25
32,1,2,3,4,33,35,38,39,10,11,13,17,20,23,24,25,29,30,31>33,4,7,37,38,16,1,2,3,35,39,11,13,17,20,24,25
32,1,2,3,4,33,35,38,39,10,11,13,17,20,23,24,25,29,30,31>36,40,14,16,23,26,31,1,2,3,35,39,11,13,17,20,24,25
32,1,2,3,4,33,35,38,39,10,11,13,17,20,23,24,25,29,30,31>32,6,37,38,40,23,26,27,29,1,2,3,35,39,11,13,17,20,24,25
32,1,2,3,4,33,35,38,39,10,11,13,17,20,23,24,25,29,30,31>32,33,6,10,16,27,30,31,1,2,3,35,39,11,13,17,20,24,25
32,1,2,3,4,33,35,38,39,10,11,13,17,20,23,24,25,29,30,31>33,36,6,7,37,38,27,29,30,1,2,3,35,39,11,13,17,20,24,25
2,3,4,5,6,7,8,10,12,13,15,16,17,18,22,24,26,29,30,32,35,36,39,40>35,36,7,38,10,11,14,15,18,19,20,21,24,25,2,3,4,5,39,8,40,12,13,16,17,22,29,30
2,3,4,5,6,7,8,10,12,13,15,16,17,18,22,24,26,29,30,32,35,36,39,40>32,35,36,9,10,11,15,18,19,26,2,3,4,5,39,8,40,12,13,16,17,22,29,30
2,3,4,5,6,7,8,10,12,13,15,16,17,18,22,24,26,29,30,32,35,36,39,40>32,37,7,38,9,14,15,18,21,28,2,3,4,5,39,8,40,12,13,16,17,22,29,30
2,3,4,5,6,7,8,10,12,13,15,16,17,18,22,24,26,29,30,32,35,36,39,40>36,37,7,38,11,19,20,2,3,4,5,39,8,40,12,13,16,17,22,29,30
2,3,4,5,6,7,8,10,12,13,15,16,17,18,22,24,26,29,30,32,35,36,39,40>6,7,38,10,19,21,24,26,2,3,4,5,39,8,40,12,13,16,17,22,29,30
2,3,4,5,6,7,8,10,12,13,15,16,17,18,22,24,26,29,30,32,35,36,39,40>35,36,37,6,10,18,19,20,21,24,26,28,2,3,4,5,39,8,40,12,13,16,17,22,29,30
3,4,5,6,7,9,13,14,16,18,20,21,22,23,24,25,27,29,30,32,33,36,37,38,40>33,18,23,28,30,31,32,3,4,5,36,38,40,9,14,16,20,21,22,24,25,27,29
3,4,5,6,7,9,13,14,16,18,20,21,22,23,24,25,27,29,30,32,33,36,37,38,40>6,39,10,13,17,23,26,28,30,31,32,3,4,5,36,38,40,9,14,16,20,21,22,24,25,27,29
3,4,5,6,7,9,13,14,16,18,20,21,22,23,24,25,27,29,30,32,33,36,37,38,40>37,6,39,13,15,18,26,32,3,4,5,36,38,40,9,14,16,20,21,22,24,25,27,29
3,4,5,6,7,9,13,14,16,18,20,21,22,23,24,25,27,29,30,32,33,36,37,38,40>6,7,10,23,26,31,32,3,4,5,36,38,40,9,14,16,20,21,22,24,25,27,29
3,4,5,6,7,9,13,14,16,18,20,21,22,23,24,25,27,29,30,32,33,36,37,38,40>33,8,10,15,17,18,28,32,3,4,5,36,38,40,9,14,16,20,21,22,24,25,27,29
3,4,5,6,7,9,13,14,16,18,20,21,22,23,24,25,27,29,30,32,33,36,37,38,40>33,37,6,8,15,28,31,32,3,4,5,36,38,40,9,14,16,20,21,22,24,25,27,29
5,8,11,12,15,16,18,19,20,21,23,26,27,30,31,32,34,35,36,38,39,40>16,22,32,34,35,5,38,40,18,20,23,26,30,31
5,8,11,12,15,16,18,19,20,21,23,26,27,30,31,32,34,35,36,38,39,40>37,8,15,16,19,32,34,35,5,38,40,18,20,23,26,30,31
5,8,11,12,15,16,18,19,20,21,23,26,27,30,31,32,34,35,36,38,39,40>8,11,12,16,21,32,34,35,5,38,40,18,20,23,26,30,31
5,8,11,12,15,16,18,19,20,21,23,26,27,30,31,32,34,35,36,38,39,40>37,11,16,19,24,32,34,35,5,38,40,18,20,23,26,30,31
5,8,11,12,15,16,18,19,20,21,23,26,27,30,31,32,34,35,36,38,39,40>8,11,22,24,27,32,34,35,5,38,40,18,20,23,26,30,31
5,8,11,12,15,16,18,19,20,21,23,26,27,30,31,32,34,35,36,38,39,40>36,39,8,11,15,21,24,32,34,35,5,38,40,18,20,23,26,30,31
32,3,4,6,38,39,9,10,11,12,40,14,19,21,23,25,27,29>38,8,20,21,25,29,32,3,39,9,11,23,27
32,3,4,6,38,39,9,10,11,12,40,14,19,21,23,25,27,29>4,40,12,15,18,19,20,25,26,31,32,3,39,9,11,23,27
32,3,4,6,38,39,9,10,11,12,40,14,19,21,23,25,27,29>38,40,12,13,15,21,25,26,32,3,39,9,11,23,27
32,3,4,6,38,39,9,10,11,12,40,14,19,21,23,25,27,29>4,6,38,40,13,14,15,19,25,32,3,39,9,11,23,27
32,3,4,6,38,39,9,10,11,12,40,14,19,21,23,25,27,29>4,6,8,40,10,13,15,18,20,32,3,39,9,11,23,27
32,3,4,6,38,39,9,10,11,12,40,14,19,21,23,25,27,29>6,38,8,40,12,13,14,15,18,25,31,32,3,39,9,11,23,27
1,2,3,4,5,6,7,10,11,12,13,15,16,17,19,20,21,22,23,25,26,27,31,33,38>4,15,28,29,30,33,34,1,2,3,5,7,11,12,13,16,17,19,20,23,26,27,31
1,2,3,4,5,6,7,10,11,12,13,15,16,17,19,20,21,22,23,25,26,27,31,33,38>6,8,14,18,24,25,29,32,34,36,39,1,2,3,5,7,11,12,13,16,17,19,20,23,26,27,31
1,2,3,4,5,6,7,10,11,12,13,15,16,17,19,20,21,22,23,25,26,27,31,33,38>6,9,14,21,24,25,28,29,34,1,2,3,5,7,11,12,13,16,17,19,20,23,26,27,31
1,2,3,4,5,6,7,10,11,12,13,15,16,17,19,20,21,22,23,25,26,27,31,33,38>4,6,8,9,14,22,24,28,30,32,35,36,1,2,3,5,7,11,12,13,16,17,19,20,23,26,27,31
1,2,3,4,5,6,7,10,11,12,13,15,16,17,19,20,21,22,23,25,26,27,31,33,38>4,6,8,9,15,22,29,30,33,36,1,2,3,5,7,11,12,13,16,17,19,20,23,26,27,31
1,2,3,4,5,6,7,10,11,12,13,15,16,17,19,20,21,22,23,25,26,27,31,33,38>4,6,10,14,18,21,22,28,35,36,38,1,2,3,5,7,11,12,13,16,17,19,20,23,26,27,31
2,3,8,9,11,19,21,22,23,24,25,26,27,29,31,32,33,34,36,38,39,40>34,35,9,40,21,28,32,2,3,36,38,23,25,26,27,29,31
2,3,8,9,11,19,21,22,23,24,25,26,27,29,31,32,33,34,36,38,39,40>34,35,8,19,20,22,30,32,2,3,36,38,23,25,26,27,29,31
2,3,8,9,11,19,21,22,23,24,25,26,27,29,31,32,33,34,36,38,39,40>34,5,8,18,21,22,24,32,2,3,36,38,23,25,26,27,29,31
2,3,8,9,11,19,21,22,23,24,25,26,27,29,31,32,33,34,36,38,39,40>33,39,8,9,11,20,24,28,30,32,2,3,36,38,23,25,26,27,29,31
2,3,8,9,11,19,21,22,23,24,25,26,27,29,31,32,33,34,36,38,39,40>34,35,39,40,11,18,20,21,22,24,28,30,32,2,3,36,38,23,25,26,27,29,31
2,3,8,9,11,19,21,22,23,24,25,26,27,29,31,32,33,34,36,38,39,40>33,35,5,39,8,40,11,19,32,2,3,36,38,23,25,26,27,29,31
1,3,4,5,6,8,9,12,13,15,18,21,23,24,27,28,31,33,34,35,36,38,40>5,6,10,13,16,17,21,25,26,27,28,37,1,34,3,4,33,35,36,8,9,31
1,3,4,5,6,8,9,12,13,15,18,21,23,24,27,28,31,33,34,35,36,38,40>12,13,21,24,25,26,32,1,34,3,4,33,35,36,8,9,31
1,3,4,5,6,8,9,12,13,15,18,21,23,24,27,28,31,33,34,35,36,38,40>7,12,14,18,23,24,26,28,32,38,40,1,34,3,4,33,35,36,8,9,31
1,3,4,5,6,8,9,12,13,15,18,21,23,24,27,28,31,33,34,35,36,38,40>5,7,12,15,18,20,22,23,24,26,28,37,40,1,34,3,4,33,35,36,8,9,31
1,3,4,5,6,8,9,12,13,15,18,21,23,24,27,28,31,33,34,35,36,38,40>5,7,10,12,16,17,22,23,27,28,32,37,40,1,34,3,4,33,35,36,8,9,31
1,3,4,5,6,8,9,12,13,15,18,21,23,24,27,28,31,33,34,35,36,38,40>6,7,10,12,17,21,22,32,40,1,34,3,4,33,35,36,8,9,31
2,4,5,6,9,10,11,14,16,17,18,20,22,23,24,26,27,29,33,34,37,38,39>4,5,13,25,27,28,30,33,36,37,38,2,9,11,20,22,24,26,29
2,4,5,6,9,10,11,14,16,17,18,20,22,23,24,26,27,29,33,34,37,38,39>4,6,16,18,23,25,27,33,34,36,38,39,2,9,11,20,22,24,26,29
2,4,5,6,9,10,11,14,16,17,18,20,22,23,24,26,27,29,33,34,37,38,39>8,13,14,16,17,21,36,38,2,9,11,20,22,24,26,29
2,4,5,6,9,10,11,14,16,17,18,20,22,23,24,26,27,29,33,34,37,38,39>8,14,16,17,25,28,31,38,39,2,9,11,20,22,24,26,29
2,4,5,6,9,10,11,14,16,17,18,20,22,23,24,26,27,29,33,34,37,38,39>4,5,6,8,13,15,18,23,25,27,30,36,37,2,9,11,20,22,24,26,29
2,4,5,6,9,10,11,14,16,17,18,20,22,23,24,26,27,29,33,34,37,38,39>6,8,10,17,25,27,33,36,37,39,2,9,11,20,22,24,26,29
1,4,5,8,11,12,13,14,17,18,20,21,22,23,24,25,28,30,31,32,34,37,38>4,7,12,13,15,16,27,32,33,37,38,40,1,34,14,17,20,21,22,24,25,28
1,4,5,8,11,12,13,14,17,18,20,21,22,23,24,25,28,30,31,32,34,37,38>4,8,12,15,18,26,27,29,30,31,33,35,1,34,14,17,20,21,22,24,25,28
1,4,5,8,11,12,13,14,17,18,20,21,22,23,24,25,28,30,31,32,34,37,38>4,8,15,16,23,29,32,33,40,1,34,14,17,20,21,22,24,25,28
1,4,5,8,11,12,13,14,17,18,20,21,22,23,24,25,28,30,31,32,34,37,38>5,7,8,12,13,18,23,27,29,30,31,1,34,14,17,20,21,22,24,25,28
1,4,5,8,11,12,13,14,17,18,20,21,22,23,24,25,28,30,31,32,34,37,38>4,11,18,23,27,29,30,31,32,33,35,37,38,40,1,34,14,17,20,21,22,24,25,28
1,4,5,8,11,12,13,14,17,18,20,21,22,23,24,25,28,30,31,32,34,37,38>5,11,12,15,18,23,26,27,31,35,37,1,34,14,17,20,21,22,24,25,28
1,2,3,34,5,35,7,36,9,10,37,39,13,14,19,20,24,26,28,31>4,7,11,15,18,23,26,1,2,3,34,5,35,37,9,13,14,24
1,2,3,34,5,35,7,36,9,10,37,39,13,14,19,20,24,26,28,31>36,7,10,11,18,19,20,1,2,3,34,5,35,37,9,13,14,24
1,2,3,34,5,35,7,36,9,10,37,39,13,14,19,20,24,26,28,31>33,39,11,15,18,20,25,26,1,2,3,34,5,35,37,9,13,14,24
1,2,3,34,5,35,7,36,9,10,37,39,13,14,19,20,24,26,28,31>4,36,39,10,11,15,17,18,19,20,23,25,26,1,2,3,34,5,35,37,9,13,14,24
1,2,3,34,5,35,7,36,9,10,37,39,13,14,19,20,24,26,28,31>33,4,7,39,10,15,17,19,23,26,28,31,1,2,3,34,5,35,37,9,13,14,24
1,2,3,34,5,35,7,36,9,10,37,39,13,14,19,20,24,26,28,31>33,36,7,39,11,16,18,19,26,30,1,2,3,34,5,35,37,9,13,14,24
1,2,6,39,40,9,10,11,13,15,16,18,20,21,25,27,29,31>40,17,9,21,1,2,6,39,11,13,16,20,27,31
1,2,6,39,40,9,10,11,13,15,16,18,20,21,25,27,29,31>32,40,12,17,21,22,25,29,1,2,6,39,11,13,16,20,27,31
1,2,6,39,40,9,10,11,13,15,16,18,20,21,25,27,29,31>32,7,10,40,14,15,21,22,25,29,1,2,6,39,11,13,16,20,27,31
1,2,6,39,40,9,10,11,13,15,16,18,20,21,25,27,29,31>32,35,5,7,9,10,12,17,24,25,1,2,6,39,11,13,16,20,27,31
1,2,6,39,40,9,10,11,13,15,16,18,20,21,25,27,29,31>32,35,5,8,9,10,12,17,22,29,1,2,6,39,11,13,16,20,27,31
1,2,6,39,40,9,10,11,13,15,16,18,20,21,25,27,29,31>5,7,8,10,15,17,21,24,25,1,2,6,39,11,13,16,20,27,31
1,2,3,4,5,7,8,10,11,13,15,16,19,21,24,26,27,28,29,32,34,35,36,37,38,39,40>4,8,14,15,17,18,26,30,35,36,40,32,1,2,3,5,37,7,38,11,13,16,19
1,2,3,4,5,7,8,10,11,13,15,16,19,21,24,26,27,28,29,32,34,35,36,37,38,39,40>4,9,14,23,24,25,26,28,29,30,31,33,35,32,1,2,3,5,37,7,38,11,13,16,19
1,2,3,4,5,7,8,10,11,13,15,16,19,21,24,26,27,28,29,32,34,35,36,37,38,39,40>4,8,9,17,18,20,21,23,24,25,26,27,29,30,34,36,40,32,1,2,3,5,37,7,38,11,13,16,19
1,2,3,4,5,7,8,10,11,13,15,16,19,21,24,26,27,28,29,32,34,35,36,37,38,39,40>4,9,10,15,17,21,25,26,28,33,34,36,39,32,1,2,3,5,37,7,38,11,13,16,19
1,2,3,4,5,7,8,10,11,13,15,16,19,21,24,26,27,28,29,32,34,35,36,37,38,39,40>8,9,10,14,18,20,21,27,28,30,31,34,35,39,40,32,1,2,3,5,37,7,38,11,13,16,19
1,2,3,4,5,7,8,10,11,13,15,16,19,21,24,26,27,28,29,32,34,35,36,37,38,39,40>8,9,10,14,15,18,21,23,24,25,26,27,29,33,34,32,1,2,3,5,37,7,38,11,13,16,19
32,36,5,39,40,9,10,12,13,16,17,19,23,24,26,27,31>9,10,11,18,25,27,30,32,5,39,13,16,17,23,26,31
32,36,5,39,40,9,10,12,13,16,17,19,23,24,26,27,31>34,36,9,19,20,25,27,30,32,5,39,13,16,17,23,26,31
32,36,5,39,40,9,10,12,13,16,17,19,23,24,26,27,31>38,10,12,14,18,19,24,30,32,5,39,13,16,17,23,26,31
32,36,5,39,40,9,10,12,13,16,17,19,23,24,26,27,31>34,35,36,40,9,14,19,24,25,27,32,5,39,13,16,17,23,26,31
32,36,5,39,40,9,10,12,13,16,17,19,23,24,26,27,31>35,38,40,10,11,12,19,24,27,30,32,5,39,13,16,17,23,26,31
32,36,5,39,40,9,10,12,13,16,17,19,23,24,26,27,31>35,36,38,40,10,12,18,19,24,25,27,30,32,5,39,13,16,17,23,26,31
1,2,33,34,6,7,39,12,15,16,17,20,22,23,25,27,30>12,17,22,26,28,30,32,40,1,2,34,6,7,20,27
1,2,33,34,6,7,39,12,15,16,17,20,22,23,25,27,30>5,12,17,23,26,28,33,36,1,2,34,6,7,20,27
1,2,33,34,6,7,39,12,15,16,17,20,22,23,25,27,30>5,9,12,16,23,33,36,39,40,1,2,34,6,7,20,27
1,2,33,34,6,7,39,12,15,16,17,20,22,23,25,27,30>5,8,9,15,16,24,26,28,32,33,36,39,40,1,2,34,6,7,20,27
1,2,33,34,6,7,39,12,15,16,17,20,22,23,25,27,30>5,8,12,15,16,22,23,25,26,28,29,36,39,1,2,34,6,7,20,27
1,2,33,34,6,7,39,12,15,16,17,20,22,23,25,27,30>8,9,12,15,17,25,26,28,30,31,32,36,39,40,1,2,34,6,7,20,27
32,36,37,6,38,39,11,13,15,17,18,19,20,22,23,28,29>32,33,14,15,16,19,24,38,39,17,18,20,22,23,28,29
32,36,37,6,38,39,11,13,15,17,18,19,20,22,23,28,29>36,5,8,14,15,19,21,24,38,39,17,18,20,22,23,28,29
32,36,37,6,38,39,11,13,15,17,18,19,20,22,23,28,29>33,36,5,13,21,38,39,17,18,20,22,23,28,29
32,36,37,6,38,39,11,13,15,17,18,19,20,22,23,28,29>6,37,14,15,16,21,24,26,38,39,17,18,20,22,23,28,29
32,36,37,6,38,39,11,13,15,17,18,19,20,22,23,28,29>32,5,6,11,13,14,24,26,38,39,17,18,20,22,23,28,29
32,36,37,6,38,39,11,13,15,17,18,19,20,22,23,28,29>32,33,36,5,6,8,11,15,16,19,21,38,39,17,18,20,22,23,28,29
2,4,8,10,13,14,15,16,17,18,20,21,23,24,26,27,29,30,32,34,37,38,40>12,22,23,25,29,31,32,2,40,13,14,15,16,17,20,24,26,30
2,4,8,10,13,14,15,16,17,18,20,21,23,24,26,27,29,30,32,34,37,38,40>18,4,32,2,40,13,14,15,16,17,20,24,26,30
2,4,8,10,13,14,15,16,17,18,20,21,23,24,26,27,29,30,32,34,37,38,40>4,10,12,25,27,29,31,32,2,40,13,14,15,16,17,20,24,26,30
2,4,8,10,13,14,15,16,17,18,20,21,23,24,26,27,29,30,32,34,37,38,40>34,38,21,22,23,25,27,32,2,40,13,14,15,16,17,20,24,26,30
2,4,8,10,13,14,15,16,17,18,20,21,23,24,26,27,29,30,32,34,37,38,40>34,8,10,11,12,18,19,22,23,25,27,29,32,2,40,13,14,15,16,17,20,24,26,30
2,4,8,10,13,14,15,16,17,18,20,21,23,24,26,27,29,30,32,34,37,38,40>37,8,10,11,12,18,19,23,25,27,29,31,32,2,40,13,14,15,16,17,20,24,26,30
