CD45,CD8,TCRlig,TCbind,PAGCsk,LCK,Fyn,Rlk,TCRphos,ZAP70,cCbl,Itk,LAT,Gads,Slp76,PLCg_b,Grb2Sos,DAG,PLCg_a,Ras,RasGRP1,PKCth,IP3,Raf,MEK,Ca,ERK,SEK,IKK,Calcin,Rsk,Fos,JNK,IkB,CREB,Jun,CRE,AP1,NFkB,NFAT
5,6,8,12,13,14,16,17,18,19,20,23,24,25,28,30,31,32,34,36,37,40>31,15,22,34,5,8,40,14,16,17,18,20,23,24,25
5,6,8,12,13,14,16,17,18,19,20,23,24,25,28,30,31,32,34,36,37,40>32,33,35,38,13,22,26,27,30,34,5,8,40,14,16,17,18,20,23,24,25
5,6,8,12,13,14,16,17,18,19,20,23,24,25,28,30,31,32,34,36,37,40>32,33,35,6,38,13,19,27,30,34,5,8,40,14,16,17,18,20,23,24,25
5,6,8,12,13,14,16,17,18,19,20,23,24,25,28,30,31,32,34,36,37,40>32,33,36,12,13,15,28,34,5,8,40,14,16,17,18,20,23,24,25
5,6,8,12,13,14,16,17,18,19,20,23,24,25,28,30,31,32,34,36,37,40>32,33,35,36,6,38,13,15,22,27,28,34,5,8,40,14,16,17,18,20,23,24,25
5,6,8,12,13,14,16,17,18,19,20,23,24,25,28,30,31,32,34,36,37,40>32,37,6,13,19,22,28,30,31,34,5,8,40,14,16,17,18,20,23,24,25
5,6,8,12,13,14,16,17,18,19,20,23,24,25,28,30,31,32,34,36,37,40>33,37,15,19,22,34,5,8,40,14,16,17,18,20,23,24,25
5,6,8,12,13,14,16,17,18,19,20,23,24,25,28,30,31,32,34,36,37,40>32,36,37,6,12,13,15,26,27,34,5,8,40,14,16,17,18,20,23,24,25
1,2,33,36,5,7,40,9,15,16,20,21,22,27,28,30>32,24,27,29,30,1,2,33,36,5,40,9,20,28
1,2,33,36,5,7,40,9,15,16,20,21,22,27,28,30>32,27,39,31,1,2,33,36,5,40,9,20,28
1,2,33,36,5,7,40,9,15,16,20,21,22,27,28,30>29,15,16,21,1,2,33,36,5,40,9,20,28
1,2,33,36,5,7,40,9,15,16,20,21,22,27,28,30>7,15,27,29,30,31,1,2,33,36,5,40,9,20,28
1,2,33,36,5,7,40,9,15,16,20,21,22,27,28,30>7,15,16,21,30,1,2,33,36,5,40,9,20,28
1,2,33,36,5,7,40,9,15,16,20,21,22,27,28,30>39,15,16,30,31,1,2,33,36,5,40,9,20,28
1,2,33,36,5,7,40,9,15,16,20,21,22,27,28,30>32,7,39,15,21,27,29,30,1,2,33,36,5,40,9,20,28
1,2,33,36,5,7,40,9,15,16,20,21,22,27,28,30>32,34,7,39,15,16,21,22,31,1,2,33,36,5,40,9,20,28
1,2,6,7,8,9,11,13,15,16,17,18,19,21,24,25,26,27,31,32,34,35,38,39,40>37,14,15,19,20,23,32,1,2,34,35,6,7,8,9,16,17,18,25,27,31
1,2,6,7,8,9,11,13,15,16,17,18,19,21,24,25,26,27,31,32,34,35,38,39,40>5,37,11,13,19,20,21,23,30,32,1,2,34,35,6,7,8,9,16,17,18,25,27,31
1,2,6,7,8,9,11,13,15,16,17,18,19,21,24,25,26,27,31,32,34,35,38,39,40>5,37,38,11,14,22,24,30,32,1,2,34,35,6,7,8,9,16,17,18,25,27,31
1,2,6,7,8,9,11,13,15,16,17,18,19,21,24,25,26,27,31,32,34,35,38,39,40>5,37,38,39,11,13,14,15,20,22,23,32,1,2,34,35,6,7,8,9,16,17,18,25,27,31
1,2,6,7,8,9,11,13,15,16,17,18,19,21,24,25,26,27,31,32,34,35,38,39,40>5,39,40,14,19,21,22,24,32,1,2,34,35,6,7,8,9,16,17,18,25,27,31
1,2,6,7,8,9,11,13,15,16,17,18,19,21,24,25,26,27,31,32,34,35,38,39,40>5,37,39,40,11,14,15,22,23,24,32,1,2,34,35,6,7,8,9,16,17,18,25,27,31
1,2,6,7,8,9,11,13,15,16,17,18,19,21,24,25,26,27,31,32,34,35,38,39,40>38,39,40,13,15,20,21,22,26,32,1,2,34,35,6,7,8,9,16,17,18,25,27,31
1,2,6,7,8,9,11,13,15,16,17,18,19,21,24,25,26,27,31,32,34,35,38,39,40>5,38,39,40,13,14,19,20,21,23,24,30,32,1,2,34,35,6,7,8,9,16,17,18,25,27,31
1,2,3,4,5,9,12,13,14,15,16,17,19,20,22,27,29,31,32,33,36,38,40>5,9,12,18,22,23,24,27,28,32,1,2,3,4,36,38,14,15,16,17,20,29,31
1,2,3,4,5,9,12,13,14,15,16,17,19,20,22,27,29,31,32,33,36,38,40>33,5,40,12,18,24,27,28,32,1,2,3,4,36,38,14,15,16,17,20,29,31
1,2,3,4,5,9,12,13,14,15,16,17,19,20,22,27,29,31,32,33,36,38,40>35,5,12,19,22,23,24,27,28,32,1,2,3,4,36,38,14,15,16,17,20,29,31
1,2,3,4,5,9,12,13,14,15,16,17,19,20,22,27,29,31,32,33,36,38,40>35,7,27,40,32,1,2,3,4,36,38,14,15,16,17,20,29,31
1,2,3,4,5,9,12,13,14,15,16,17,19,20,22,27,29,31,32,33,36,38,40>5,39,9,12,13,18,19,22,23,24,28,32,1,2,3,4,36,38,14,15,16,17,20,29,31
1,2,3,4,5,9,12,13,14,15,16,17,19,20,22,27,29,31,32,33,36,38,40>33,5,39,40,12,18,19,22,23,32,1,2,3,4,36,38,14,15,16,17,20,29,31
1,2,3,4,5,9,12,13,14,15,16,17,19,20,22,27,29,31,32,33,36,38,40>35,5,39,9,12,27,28,32,1,2,3,4,36,38,14,15,16,17,20,29,31
1,2,3,4,5,9,12,13,14,15,16,17,19,20,22,27,29,31,32,33,36,38,40>7,39,12,23,27,32,1,2,3,4,36,38,14,15,16,17,20,29,31
33,2,35,4,5,36,7,38,39,10,40,12,13,14,24,28,29>9,10,12,16,24,28,33,2,36,5,39,13,14
33,2,35,4,5,36,7,38,39,10,40,12,13,14,24,28,29>10,11,12,17,28,29,33,2,36,5,39,13,14
33,2,35,4,5,36,7,38,39,10,40,12,13,14,24,28,29>37,40,9,10,15,33,2,36,5,39,13,14
33,2,35,4,5,36,7,38,39,10,40,12,13,14,24,28,29>35,38,12,24,25,33,2,36,5,39,13,14
33,2,35,4,5,36,7,38,39,10,40,12,13,14,24,28,29>35,4,38,40,10,15,24,25,28,29,33,2,36,5,39,13,14
33,2,35,4,5,36,7,38,39,10,40,12,13,14,24,28,29>4,37,38,40,10,16,17,24,29,33,2,36,5,39,13,14
33,2,35,4,5,36,7,38,39,10,40,12,13,14,24,28,29>4,38,7,9,10,11,15,33,2,36,5,39,13,14
33,2,35,4,5,36,7,38,39,10,40,12,13,14,24,28,29>4,37,38,7,12,16,24,29,33,2,36,5,39,13,14
1,2,34,4,36,7,39,40,10,11,15,17,19,23,26,28,29,30,31>33,35,6,39,10,12,13,15,18,19,20,28,1,2,7,40,11,23,26,30
1,2,34,4,36,7,39,40,10,11,15,17,19,23,26,28,29,30,31>33,4,10,12,13,15,19,28,31,1,2,7,40,11,23,26,30
1,2,34,4,36,7,39,40,10,11,15,17,19,23,26,28,29,30,31>34,4,5,9,12,13,19,28,31,1,2,7,40,11,23,26,30
1,2,34,4,36,7,39,40,10,11,15,17,19,23,26,28,29,30,31>4,5,36,10,12,13,15,28,29,31,1,2,7,40,11,23,26,30
1,2,34,4,36,7,39,40,10,11,15,17,19,23,26,28,29,30,31>5,6,13,15,17,19,28,29,1,2,7,40,11,23,26,30
1,2,34,4,36,7,39,40,10,11,15,17,19,23,26,28,29,30,31>34,4,5,36,39,9,17,18,28,31,1,2,7,40,11,23,26,30
1,2,34,4,36,7,39,40,10,11,15,17,19,23,26,28,29,30,31>4,5,6,39,9,10,12,13,18,20,1,2,7,40,11,23,26,30
1,2,34,4,36,7,39,40,10,11,15,17,19,23,26,28,29,30,31>34,4,5,39,9,10,12,15,17,18,19,28,31,1,2,7,40,11,23,26,30
32,1,35,5,37,7,38,9,39,11,40,13,17,21,23,24,25,26,29,31>32,38,7,13,14,16,21,23,30,31,1,35,37,5,39,9,17,25,26
32,1,35,5,37,7,38,9,39,11,40,13,17,21,23,24,25,26,29,31>32,38,40,13,21,24,29,30,1,35,37,5,39,9,17,25,26
32,1,35,5,37,7,38,9,39,11,40,13,17,21,23,24,25,26,29,31>7,40,13,20,27,29,31,1,35,37,5,39,9,17,25,26
32,1,35,5,37,7,38,9,39,11,40,13,17,21,23,24,25,26,29,31>32,7,40,14,16,23,27,31,1,35,37,5,39,9,17,25,26
32,1,35,5,37,7,38,9,39,11,40,13,17,21,23,24,25,26,29,31>38,7,40,13,24,27,29,31,1,35,37,5,39,9,17,25,26
32,1,35,5,37,7,38,9,39,11,40,13,17,21,23,24,25,26,29,31>38,7,40,20,24,27,1,35,37,5,39,9,17,25,26
32,1,35,5,37,7,38,9,39,11,40,13,17,21,23,24,25,26,29,31>7,11,13,14,20,21,29,30,1,35,37,5,39,9,17,25,26
32,1,35,5,37,7,38,9,39,11,40,13,17,21,23,24,25,26,29,31>32,38,7,40,11,13,16,20,23,24,29,30,1,35,37,5,39,9,17,25,26
1,2,3,4,6,7,8,10,12,13,14,15,18,24,25,26,27,30,31,32,38,40>34,5,9,11,17,18,24,26,32,1,2,3,4,6,7,8,40,12,13,14,15,25,27,30,31
1,2,3,4,6,7,8,10,12,13,14,15,18,24,25,26,27,30,31,32,38,40>5,38,9,10,11,17,22,32,1,2,3,4,6,7,8,40,12,13,14,15,25,27,30,31
1,2,3,4,6,7,8,10,12,13,14,15,18,24,25,26,27,30,31,32,38,40>34,38,39,11,17,18,24,26,32,1,2,3,4,6,7,8,40,12,13,14,15,25,27,30,31
1,2,3,4,6,7,8,10,12,13,14,15,18,24,25,26,27,30,31,32,38,40>35,39,9,10,16,17,18,22,24,32,1,2,3,4,6,7,8,40,12,13,14,15,25,27,30,31
1,2,3,4,6,7,8,10,12,13,14,15,18,24,25,26,27,30,31,32,38,40>38,39,9,10,18,22,24,32,1,2,3,4,6,7,8,40,12,13,14,15,25,27,30,31
1,2,3,4,6,7,8,10,12,13,14,15,18,24,25,26,27,30,31,32,38,40>34,38,39,9,10,24,26,32,1,2,3,4,6,7,8,40,12,13,14,15,25,27,30,31
1,2,3,4,6,7,8,10,12,13,14,15,18,24,25,26,27,30,31,32,38,40>5,38,39,10,16,17,18,22,32,1,2,3,4,6,7,8,40,12,13,14,15,25,27,30,31
1,2,3,4,6,7,8,10,12,13,14,15,18,24,25,26,27,30,31,32,38,40>34,5,38,39,17,18,22,24,26,32,1,2,3,4,6,7,8,40,12,13,14,15,25,27,30,31
2,3,6,7,8,39,40,11,14,18,23,25,30>5,7,11,14,15,23,26,27,2,3,39,8,40
2,3,6,7,8,39,40,11,14,18,23,25,30>34,6,7,18,23,26,30,2,3,39,8,40
2,3,6,7,8,39,40,11,14,18,23,25,30>5,6,7,23,25,26,27,2,3,39,8,40
2,3,6,7,8,39,40,11,14,18,23,25,30>34,5,7,9,11,14,22,23,26,27,2,3,39,8,40
2,3,6,7,8,39,40,11,14,18,23,25,30>34,5,6,9,14,22,26,27,30,2,3,39,8,40
2,3,6,7,8,39,40,11,14,18,23,25,30>7,9,14,22,30,2,3,39,8,40
2,3,6,7,8,39,40,11,14,18,23,25,30>34,5,7,9,22,23,25,30,2,3,39,8,40
2,3,6,7,8,39,40,11,14,18,23,25,30>5,6,7,9,18,22,23,26,27,2,3,39,8,40
1,3,4,5,7,8,9,10,11,13,14,17,19,22,24,28,29,31,34,38,39,40>33,34,39,40,16,18,24,1,3,5,7,9,11,13,14,17,28,29
1,3,4,5,7,8,9,10,11,13,14,17,19,22,24,28,29,31,34,38,39,40>33,4,40,16,18,22,23,24,31,1,3,5,7,9,11,13,14,17,28,29
1,3,4,5,7,8,9,10,11,13,14,17,19,22,24,28,29,31,34,38,39,40>34,4,8,40,10,16,18,19,23,24,1,3,5,7,9,11,13,14,17,28,29
1,3,4,5,7,8,9,10,11,13,14,17,19,22,24,28,29,31,34,38,39,40>33,34,4,39,8,15,16,18,20,22,1,3,5,7,9,11,13,14,17,28,29
1,3,4,5,7,8,9,10,11,13,14,17,19,22,24,28,29,31,34,38,39,40>33,35,4,39,40,10,15,16,18,19,20,23,1,3,5,7,9,11,13,14,17,28,29
1,3,4,5,7,8,9,10,11,13,14,17,19,22,24,28,29,31,34,38,39,40>33,35,4,40,10,15,20,22,23,31,1,3,5,7,9,11,13,14,17,28,29
1,3,4,5,7,8,9,10,11,13,14,17,19,22,24,28,29,31,34,38,39,40>35,4,38,39,8,10,20,23,24,25,1,3,5,7,9,11,13,14,17,28,29
1,3,4,5,7,8,9,10,11,13,14,17,19,22,24,28,29,31,34,38,39,40>33,35,4,38,39,8,10,16,18,22,24,25,31,1,3,5,7,9,11,13,14,17,28,29
1,34,3,35,5,37,38,40,11,12,16,17,18,19,21,22,23,27,28>32,35,11,16,26,27,1,34,3,37,5,18,21,22,23,28
1,34,3,35,5,37,38,40,11,12,16,17,18,19,21,22,23,27,28>33,35,11,12,20,26,27,31,1,34,3,37,5,18,21,22,23,28
1,34,3,35,5,37,38,40,11,12,16,17,18,19,21,22,23,27,28>38,12,17,19,26,27,31,1,34,3,37,5,18,21,22,23,28
1,34,3,35,5,37,38,40,11,12,16,17,18,19,21,22,23,27,28>32,33,38,11,12,16,17,19,20,29,31,1,34,3,37,5,18,21,22,23,28
1,34,3,35,5,37,38,40,11,12,16,17,18,19,21,22,23,27,28>35,38,12,16,17,19,20,27,1,34,3,37,5,18,21,22,23,28
1,34,3,35,5,37,38,40,11,12,16,17,18,19,21,22,23,27,28>32,33,38,12,16,17,20,26,31,1,34,3,37,5,18,21,22,23,28
1,34,3,35,5,37,38,40,11,12,16,17,18,19,21,22,23,27,28>32,35,40,11,12,16,17,1,34,3,37,5,18,21,22,23,28
1,34,3,35,5,37,38,40,11,12,16,17,18,19,21,22,23,27,28>35,38,40,12,16,19,27,29,1,34,3,37,5,18,21,22,23,28
32,1,33,4,36,38,39,11,12,13,17,18,21,24,25,28>14,18,21,22,24,27,28,1,33,36,38,39,17,25
32,1,33,4,36,38,39,11,12,13,17,18,21,24,25,28>34,12,13,14,18,21,27,1,33,36,38,39,17,25
32,1,33,4,36,38,39,11,12,13,17,18,21,24,25,28>32,34,11,13,14,16,18,20,22,24,28,1,33,36,38,39,17,25
32,1,33,4,36,38,39,11,12,13,17,18,21,24,25,28>32,4,11,12,16,18,21,22,24,28,1,33,36,38,39,17,25
32,1,33,4,36,38,39,11,12,13,17,18,21,24,25,28>7,11,13,18,24,28,1,33,36,38,39,17,25
32,1,33,4,36,38,39,11,12,13,17,18,21,24,25,28>4,7,11,12,21,28,1,33,36,38,39,17,25
32,1,33,4,36,38,39,11,12,13,17,18,21,24,25,28>32,4,7,11,18,20,22,24,27,28,1,33,36,38,39,17,25
32,1,33,4,36,38,39,11,12,13,17,18,21,24,25,28>32,34,4,7,11,13,24,1,33,36,38,39,17,25
2,34,4,5,6,36,9,10,13,14,15,20,23,27,28,29,30,31>6,8,11,20,23,27,28,33,40,2,9,10,13,14,15,31
2,34,4,5,6,36,9,10,13,14,15,20,23,27,28,29,30,31>5,6,12,23,24,26,27,29,30,33,35,36,2,9,10,13,14,15,31
2,34,4,5,6,36,9,10,13,14,15,20,23,27,28,29,30,31>4,5,6,17,20,23,24,26,27,28,29,40,2,9,10,13,14,15,31
2,34,4,5,6,36,9,10,13,14,15,20,23,27,28,29,30,31>8,16,17,26,29,30,32,33,35,40,2,9,10,13,14,15,31
2,34,4,5,6,36,9,10,13,14,15,20,23,27,28,29,30,31>11,12,17,23,26,27,28,29,30,32,34,36,40,2,9,10,13,14,15,31
2,34,4,5,6,36,9,10,13,14,15,20,23,27,28,29,30,31>4,6,11,16,17,20,24,26,32,34,35,40,2,9,10,13,14,15,31
2,34,4,5,6,36,9,10,13,14,15,20,23,27,28,29,30,31>8,11,12,17,20,24,26,29,32,34,2,9,10,13,14,15,31
2,34,4,5,6,36,9,10,13,14,15,20,23,27,28,29,30,31>6,8,11,12,23,26,28,29,33,34,36,40,2,9,10,13,14,15,31
1,2,3,5,6,10,11,16,17,18,23,27,28,30,31,32,33,34,36,37,38,39>7,39,40,13,17,22,23,26,27,30,32,1,2,3,33,5,34,36,38,11,31
1,2,3,5,6,10,11,16,17,18,23,27,28,30,31,32,33,34,36,37,38,39>6,7,39,10,40,13,16,17,20,32,1,2,3,33,5,34,36,38,11,31
1,2,3,5,6,10,11,16,17,18,23,27,28,30,31,32,33,34,36,37,38,39>8,39,10,16,18,20,27,28,30,32,1,2,3,33,5,34,36,38,11,31
1,2,3,5,6,10,11,16,17,18,23,27,28,30,31,32,33,34,36,37,38,39>35,8,10,16,17,18,22,23,28,32,1,2,3,33,5,34,36,38,11,31
1,2,3,5,6,10,11,16,17,18,23,27,28,30,31,32,33,34,36,37,38,39>35,6,8,39,10,40,17,20,22,26,27,28,30,32,1,2,3,33,5,34,36,38,11,31
1,2,3,5,6,10,11,16,17,18,23,27,28,30,31,32,33,34,36,37,38,39>35,37,6,7,8,40,13,16,17,18,20,22,26,27,30,32,1,2,3,33,5,34,36,38,11,31
1,2,3,5,6,10,11,16,17,18,23,27,28,30,31,32,33,34,36,37,38,39>37,6,7,8,10,13,16,17,20,22,23,26,27,30,32,1,2,3,33,5,34,36,38,11,31
1,2,3,5,6,10,11,16,17,18,23,27,28,30,31,32,33,34,36,37,38,39>35,37,6,7,8,13,20,22,28,32,1,2,3,33,5,34,36,38,11,31
32,35,4,5,37,39,8,9,10,11,13,14,15,17,18,20,21,26,27,29>35,12,16,18,21,32,37,39,11,13,14,15,17,20
32,35,4,5,37,39,8,9,10,11,13,14,15,17,18,20,21,26,27,29>8,16,18,21,24,26,29,32,37,39,11,13,14,15,17,20
32,35,4,5,37,39,8,9,10,11,13,14,15,17,18,20,21,26,27,29>4,8,10,12,21,22,24,26,29,31,32,37,39,11,13,14,15,17,20
32,35,4,5,37,39,8,9,10,11,13,14,15,17,18,20,21,26,27,29>35,4,8,9,10,12,24,27,29,30,32,37,39,11,13,14,15,17,20
32,35,4,5,37,39,8,9,10,11,13,14,15,17,18,20,21,26,27,29>35,4,8,18,22,24,26,29,30,31,32,37,39,11,13,14,15,17,20
32,35,4,5,37,39,8,9,10,11,13,14,15,17,18,20,21,26,27,29>35,4,8,9,12,18,21,24,26,27,30,31,32,37,39,11,13,14,15,17,20
32,35,4,5,37,39,8,9,10,11,13,14,15,17,18,20,21,26,27,29>5,8,9,10,16,21,24,27,29,31,32,37,39,11,13,14,15,17,20
32,35,4,5,37,39,8,9,10,11,13,14,15,17,18,20,21,26,27,29>35,4,5,8,9,10,16,22,27,29,31,32,37,39,11,13,14,15,17,20
1,3,7,9,10,11,13,14,18,20,22,24,25,26,30,33,34,36,38,39,40>33,5,7,16,17,20,21,28,1,34,3,36,40,9,11,13,14,22,24,25,30
1,3,7,9,10,11,13,14,18,20,22,24,25,26,30,33,34,36,38,39,40>33,5,38,7,10,15,16,18,20,1,34,3,36,40,9,11,13,14,22,24,25,30
1,3,7,9,10,11,13,14,18,20,22,24,25,26,30,33,34,36,38,39,40>33,39,10,18,21,27,28,1,34,3,36,40,9,11,13,14,22,24,25,30
1,3,7,9,10,11,13,14,18,20,22,24,25,26,30,33,34,36,38,39,40>5,39,15,18,20,28,29,1,34,3,36,40,9,11,13,14,22,24,25,30
1,3,7,9,10,11,13,14,18,20,22,24,25,26,30,33,34,36,38,39,40>5,39,10,20,26,29,1,34,3,36,40,9,11,13,14,22,24,25,30
1,3,7,9,10,11,13,14,18,20,22,24,25,26,30,33,34,36,38,39,40>7,39,10,15,16,27,28,29,1,34,3,36,40,9,11,13,14,22,24,25,30
1,3,7,9,10,11,13,14,18,20,22,24,25,26,30,33,34,36,38,39,40>38,7,39,10,16,18,20,28,29,1,34,3,36,40,9,11,13,14,22,24,25,30
1,3,7,9,10,11,13,14,18,20,22,24,25,26,30,33,34,36,38,39,40>33,5,38,7,39,15,17,21,27,1,34,3,36,40,9,11,13,14,22,24,25,30
32,3,4,5,6,36,39,9,12,13,14,16,17,20,24,27,28,30,31>6,8,12,15,25,27,32,3,4,39,9,14,16,17,20,24,31
32,3,4,5,6,36,39,9,12,13,14,16,17,20,24,27,28,30,31>33,35,6,8,10,30,32,3,4,39,9,14,16,17,20,24,31
32,3,4,5,6,36,39,9,12,13,14,16,17,20,24,27,28,30,31>33,34,35,6,38,8,40,15,25,27,28,32,3,4,39,9,14,16,17,20,24,31
32,3,4,5,6,36,39,9,12,13,14,16,17,20,24,27,28,30,31>36,6,38,10,12,13,15,25,27,32,3,4,39,9,14,16,17,20,24,31
32,3,4,5,6,36,39,9,12,13,14,16,17,20,24,27,28,30,31>34,35,36,8,40,10,12,27,32,3,4,39,9,14,16,17,20,24,31
32,3,4,5,6,36,39,9,12,13,14,16,17,20,24,27,28,30,31>34,36,5,38,8,40,12,13,30,32,3,4,39,9,14,16,17,20,24,31
32,3,4,5,6,36,39,9,12,13,14,16,17,20,24,27,28,30,31>35,36,5,6,40,10,12,13,15,27,30,32,3,4,39,9,14,16,17,20,24,31
32,3,4,5,6,36,39,9,12,13,14,16,17,20,24,27,28,30,31>34,35,36,5,10,12,15,27,28,30,32,3,4,39,9,14,16,17,20,24,31
32,1,2,3,35,6,8,9,10,12,13,19,20,25,27,28>5,7,12,18,23,25,33,37,32,1,2,3,6,8,10,13,27
32,1,2,3,35,6,8,9,10,12,13,19,20,25,27,28>5,7,17,18,19,24,28,34,35,37,32,1,2,3,6,8,10,13,27
32,1,2,3,35,6,8,9,10,12,13,19,20,25,27,28>4,9,12,14,16,20,23,25,31,33,37,39,32,1,2,3,6,8,10,13,27
32,1,2,3,35,6,8,9,10,12,13,19,20,25,27,28>4,5,9,12,14,19,23,24,28,32,1,2,3,6,8,10,13,27
32,1,2,3,35,6,8,9,10,12,13,19,20,25,27,28>4,7,9,12,23,37,39,32,1,2,3,6,8,10,13,27
32,1,2,3,35,6,8,9,10,12,13,19,20,25,27,28>4,7,11,12,17,19,20,23,24,35,39,32,1,2,3,6,8,10,13,27
32,1,2,3,35,6,8,9,10,12,13,19,20,25,27,28>4,5,9,11,14,18,25,28,33,37,39,32,1,2,3,6,8,10,13,27
32,1,2,3,35,6,8,9,10,12,13,19,20,25,27,28>4,5,7,9,11,17,19,24,28,31,33,37,32,1,2,3,6,8,10,13,27
2,3,4,5,6,7,9,10,11,12,15,17,19,20,21,22,24,28,31,34,38>33,10,15,17,18,19,21,25,29,31,2,3,34,5,9,11,12,20,24,28
2,3,4,5,6,7,9,10,11,12,15,17,19,20,21,22,24,28,31,34,38>35,8,13,15,17,18,2,3,34,5,9,11,12,20,24,28
2,3,4,5,6,7,9,10,11,12,15,17,19,20,21,22,24,28,31,34,38>33,13,15,17,18,19,25,2,3,34,5,9,11,12,20,24,28
2,3,4,5,6,7,9,10,11,12,15,17,19,20,21,22,24,28,31,34,38>33,35,6,8,10,13,18,19,22,23,31,2,3,34,5,9,11,12,20,24,28
2,3,4,5,6,7,9,10,11,12,15,17,19,20,21,22,24,28,31,34,38>35,4,6,8,38,13,15,18,19,22,29,2,3,34,5,9,11,12,20,24,28
2,3,4,5,6,7,9,10,11,12,15,17,19,20,21,22,24,28,31,34,38>35,7,38,13,17,18,19,23,25,2,3,34,5,9,11,12,20,24,28
2,3,4,5,6,7,9,10,11,12,15,17,19,20,21,22,24,28,31,34,38>4,7,15,19,23,25,31,2,3,34,5,9,11,12,20,24,28
2,3,4,5,6,7,9,10,11,12,15,17,19,20,21,22,24,28,31,34,38>4,6,7,8,15,18,22,23,29,2,3,34,5,9,11,12,20,24,28
32,34,3,4,5,35,36,37,39,40,14,16,17,21,22,25,27,29,31>15,20,5,25,32,35,3,4,37,27,29,31
32,34,3,4,5,35,36,37,39,40,14,16,17,21,22,25,27,29,31>34,38,40,15,20,22,25,28,32,35,3,4,37,27,29,31
32,34,3,4,5,35,36,37,39,40,14,16,17,21,22,25,27,29,31>34,36,5,38,40,14,16,17,25,28,32,35,3,4,37,27,29,31
32,34,3,4,5,35,36,37,39,40,14,16,17,21,22,25,27,29,31>34,36,39,40,14,15,16,17,25,28,32,35,3,4,37,27,29,31
32,34,3,4,5,35,36,37,39,40,14,16,17,21,22,25,27,29,31>5,39,40,14,15,17,21,28,32,35,3,4,37,27,29,31
32,34,3,4,5,35,36,37,39,40,14,16,17,21,22,25,27,29,31>34,36,39,15,16,20,25,32,35,3,4,37,27,29,31
32,34,3,4,5,35,36,37,39,40,14,16,17,21,22,25,27,29,31>36,5,39,40,15,17,21,22,25,28,32,35,3,4,37,27,29,31
32,34,3,4,5,35,36,37,39,40,14,16,17,21,22,25,27,29,31>36,38,39,16,20,21,32,35,3,4,37,27,29,31
2,3,4,5,6,8,11,12,13,14,15,17,19,20,22,23,24,26,32,34,35,36,37,38>35,36,9,11,12,16,18,22,29,2,3,34,37,38,8,14,15,17,20,23,24,26
2,3,4,5,6,8,11,12,13,14,15,17,19,20,22,23,24,26,32,34,35,36,37,38>5,11,12,13,16,28,29,30,2,3,34,37,38,8,14,15,17,20,23,24,26
2,3,4,5,6,8,11,12,13,14,15,17,19,20,22,23,24,26,32,34,35,36,37,38>32,4,5,11,16,19,25,28,29,30,2,3,34,37,38,8,14,15,17,20,23,24,26
2,3,4,5,6,8,11,12,13,14,15,17,19,20,22,23,24,26,32,34,35,36,37,38>32,4,5,36,9,11,16,25,29,30,2,3,34,37,38,8,14,15,17,20,23,24,26
2,3,4,5,6,8,11,12,13,14,15,17,19,20,22,23,24,26,32,34,35,36,37,38>32,6,36,9,12,13,18,19,22,25,28,29,30,2,3,34,37,38,8,14,15,17,20,23,24,26
2,3,4,5,6,8,11,12,13,14,15,17,19,20,22,23,24,26,32,34,35,36,37,38>35,6,36,9,11,12,18,30,2,3,34,37,38,8,14,15,17,20,23,24,26
2,3,4,5,6,8,11,12,13,14,15,17,19,20,22,23,24,26,32,34,35,36,37,38>35,5,6,12,22,25,2,3,34,37,38,8,14,15,17,20,23,24,26
2,3,4,5,6,8,11,12,13,14,15,17,19,20,22,23,24,26,32,34,35,36,37,38>32,35,4,5,6,36,9,11,16,18,19,22,28,30,2,3,34,37,38,8,14,15,17,20,23,24,26
3,37,6,39,40,9,11,13,15,17,19,22,23,24,26>6,13,15,16,18,29,30,40,3,39,17,23,26
3,37,6,39,40,9,11,13,15,17,19,22,23,24,26>6,13,24,25,34,40,3,39,17,23,26
3,37,6,39,40,9,11,13,15,17,19,22,23,24,26>5,6,19,20,34,40,3,39,17,23,26
3,37,6,39,40,9,11,13,15,17,19,22,23,24,26>8,9,13,14,15,16,19,22,24,25,28,30,34,37,40,3,39,17,23,26
3,37,6,39,40,9,11,13,15,17,19,22,23,24,26>11,13,15,16,18,19,20,24,25,29,30,34,40,3,39,17,23,26
3,37,6,39,40,9,11,13,15,17,19,22,23,24,26>5,6,11,14,20,25,28,29,34,40,3,39,17,23,26
3,37,6,39,40,9,11,13,15,17,19,22,23,24,26>5,6,8,11,15,16,20,22,24,25,29,37,3,39,17,23,26
3,37,6,39,40,9,11,13,15,17,19,22,23,24,26>9,11,13,14,16,22,25,34,3,39,17,23,26
32,1,34,36,5,6,7,8,10,12,13,15,17,19,20,21,22,31>32,36,9,10,11,18,21,22,24,28,29,1,34,5,7,8,12,13,17,20
32,1,34,36,5,6,7,8,10,12,13,15,17,19,20,21,22,31>32,6,9,14,16,18,21,22,23,24,28,29,31,1,34,5,7,8,12,13,17,20
32,1,34,36,5,6,7,8,10,12,13,15,17,19,20,21,22,31>32,35,6,21,22,31,1,34,5,7,8,12,13,17,20
32,1,34,36,5,6,7,8,10,12,13,15,17,19,20,21,22,31>32,35,36,6,9,11,15,16,23,24,1,34,5,7,8,12,13,17,20
32,1,34,36,5,6,7,8,10,12,13,15,17,19,20,21,22,31>38,9,15,16,18,19,22,24,29,31,1,34,5,7,8,12,13,17,20
32,1,34,36,5,6,7,8,10,12,13,15,17,19,20,21,22,31>32,38,9,14,15,16,18,21,22,28,29,31,1,34,5,7,8,12,13,17,20
32,1,34,36,5,6,7,8,10,12,13,15,17,19,20,21,22,31>32,38,10,11,16,18,21,24,31,1,34,5,7,8,12,13,17,20
32,1,34,36,5,6,7,8,10,12,13,15,17,19,20,21,22,31>32,36,38,10,15,18,19,22,28,29,1,34,5,7,8,12,13,17,20
32,33,2,35,5,6,37,10,11,12,14,17,19,22,23,24,27,28,30>6,10,14,19,24,29,31,35,36,32,33,2,37,5,11,23,28
32,33,2,35,5,6,37,10,11,12,14,17,19,22,23,24,27,28,30>12,14,17,18,19,20,22,26,27,29,31,35,39,32,33,2,37,5,11,23,28
32,33,2,35,5,6,37,10,11,12,14,17,19,22,23,24,27,28,30>6,8,12,19,25,29,31,32,33,2,37,5,11,23,28
32,33,2,35,5,6,37,10,11,12,14,17,19,22,23,24,27,28,30>13,15,17,19,20,22,27,29,35,32,33,2,37,5,11,23,28
32,33,2,35,5,6,37,10,11,12,14,17,19,22,23,24,27,28,30>10,13,15,17,18,24,25,29,30,35,32,33,2,37,5,11,23,28
32,33,2,35,5,6,37,10,11,12,14,17,19,22,23,24,27,28,30>8,10,13,17,19,20,22,24,26,27,30,40,32,33,2,37,5,11,23,28
32,33,2,35,5,6,37,10,11,12,14,17,19,22,23,24,27,28,30>6,8,10,13,14,15,20,25,27,34,35,39,40,32,33,2,37,5,11,23,28
32,33,2,35,5,6,37,10,11,12,14,17,19,22,23,24,27,28,30>6,10,12,13,14,15,18,22,25,26,27,29,30,31,34,36,39,32,33,2,37,5,11,23,28
1,33,34,4,35,6,7,8,9,10,12,15,17,19,20,27,28>4,36,37,15,17,18,23,24,31,1,34,33,7,8,9,10,12,20
1,33,34,4,35,6,7,8,9,10,12,15,17,19,20,27,28>32,4,5,13,17,19,27,28,1,34,33,7,8,9,10,12,20
1,33,34,4,35,6,7,8,9,10,12,15,17,19,20,27,28>32,4,5,36,37,15,18,23,27,31,1,34,33,7,8,9,10,12,20
1,33,34,4,35,6,7,8,9,10,12,15,17,19,20,27,28>32,35,4,5,15,17,24,27,28,1,34,33,7,8,9,10,12,20
1,33,34,4,35,6,7,8,9,10,12,15,17,19,20,27,28>6,36,37,11,13,17,19,24,27,28,31,1,34,33,7,8,9,10,12,20
1,33,34,4,35,6,7,8,9,10,12,15,17,19,20,27,28>32,35,4,5,11,15,17,28,1,34,33,7,8,9,10,12,20
1,33,34,4,35,6,7,8,9,10,12,15,17,19,20,27,28>5,6,36,37,13,15,18,27,28,31,1,34,33,7,8,9,10,12,20
1,33,34,4,35,6,7,8,9,10,12,15,17,19,20,27,28>32,35,4,5,6,37,11,13,15,18,28,1,34,33,7,8,9,10,12,20
2,3,8,10,11,12,13,14,18,21,22,23,24,25,26,29,31,32,34,35,36>32,34,38,8,17,18,20,23,24,27,28,31,2,35,3,11,13,14,21,22,25,26,29
2,3,8,10,11,12,13,14,18,21,22,23,24,25,26,29,31,32,34,35,36>36,38,8,12,16,17,18,28,30,2,35,3,11,13,14,21,22,25,26,29
2,3,8,10,11,12,13,14,18,21,22,23,24,25,26,29,31,32,34,35,36>32,37,8,10,12,20,30,2,35,3,11,13,14,21,22,25,26,29
2,3,8,10,11,12,13,14,18,21,22,23,24,25,26,29,31,32,34,35,36>32,36,37,8,16,18,24,28,30,2,35,3,11,13,14,21,22,25,26,29
2,3,8,10,11,12,13,14,18,21,22,23,24,25,26,29,31,32,34,35,36>34,36,5,37,8,17,24,2,35,3,11,13,14,21,22,25,26,29
2,3,8,10,11,12,13,14,18,21,22,23,24,25,26,29,31,32,34,35,36>34,5,37,10,12,18,23,27,28,30,2,35,3,11,13,14,21,22,25,26,29
2,3,8,10,11,12,13,14,18,21,22,23,24,25,26,29,31,32,34,35,36>32,34,5,37,38,18,27,28,31,2,35,3,11,13,14,21,22,25,26,29
2,3,8,10,11,12,13,14,18,21,22,23,24,25,26,29,31,32,34,35,36>34,36,5,37,38,8,12,15,16,18,20,23,24,28,30,2,35,3,11,13,14,21,22,25,26,29
32,2,3,4,38,39,9,14,15,19,22,23,25,28,31>32,9,14,19,26,27,29,2,3,4,39,15,23,28
32,2,3,4,38,39,9,14,15,19,22,23,25,28,31>33,14,22,25,26,27,31,2,3,4,39,15,23,28
32,2,3,4,38,39,9,14,15,19,22,23,25,28,31>32,35,14,18,22,27,29,31,2,3,4,39,15,23,28
32,2,3,4,38,39,9,14,15,19,22,23,25,28,31>33,34,35,9,14,22,27,29,31,2,3,4,39,15,23,28
32,2,3,4,38,39,9,14,15,19,22,23,25,28,31>33,38,9,22,31,2,3,4,39,15,23,28
32,2,3,4,38,39,9,14,15,19,22,23,25,28,31>34,38,14,27,31,2,3,4,39,15,23,28
32,2,3,4,38,39,9,14,15,19,22,23,25,28,31>35,38,14,18,25,27,31,2,3,4,39,15,23,28
32,2,3,4,38,39,9,14,15,19,22,23,25,28,31>32,34,35,38,19,22,31,2,3,4,39,15,23,28
32,33,36,5,7,39,9,10,11,40,13,16,18,19,24,26,29,31>32,10,17,26,29,30,36,5,39,9,11,13,16,18
32,33,36,5,7,39,9,10,11,40,13,16,18,19,24,26,29,31>32,14,17,19,22,23,26,29,30,36,5,39,9,11,13,16,18
32,33,36,5,7,39,9,10,11,40,13,16,18,19,24,26,29,31>35,40,10,14,17,19,22,24,25,26,29,30,31,36,5,39,9,11,13,16,18
32,33,36,5,7,39,9,10,11,40,13,16,18,19,24,26,29,31>32,35,40,10,19,22,23,24,29,31,36,5,39,9,11,13,16,18
32,33,36,5,7,39,9,10,11,40,13,16,18,19,24,26,29,31>32,38,40,10,17,22,26,30,31,36,5,39,9,11,13,16,18
32,33,36,5,7,39,9,10,11,40,13,16,18,19,24,26,29,31>35,38,40,14,17,19,22,26,29,30,31,36,5,39,9,11,13,16,18
32,33,36,5,7,39,9,10,11,40,13,16,18,19,24,26,29,31>32,35,38,40,14,17,19,23,24,26,31,36,5,39,9,11,13,16,18
32,33,36,5,7,39,9,10,11,40,13,16,18,19,24,26,29,31>32,33,7,40,17,22,24,26,29,36,5,39,9,11,13,16,18
1,4,6,10,11,13,15,16,17,18,20,21,26,27,28,31,32,35,36,37,38>4,10,14,21,24,26,30,34,36,39,32,1,35,37,38,11,13,16,17,20,31
1,4,6,10,11,13,15,16,17,18,20,21,26,27,28,31,32,35,36,37,38>7,14,18,22,24,26,28,33,34,36,39,32,1,35,37,38,11,13,16,17,20,31
1,4,6,10,11,13,15,16,17,18,20,21,26,27,28,31,32,35,36,37,38>6,7,12,18,21,24,28,33,36,39,32,1,35,37,38,11,13,16,17,20,31
1,4,6,10,11,13,15,16,17,18,20,21,26,27,28,31,32,35,36,37,38>8,10,12,15,21,22,28,39,32,1,35,37,38,11,13,16,17,20,31
1,4,6,10,11,13,15,16,17,18,20,21,26,27,28,31,32,35,36,37,38>4,6,8,22,26,28,30,33,34,36,39,32,1,35,37,38,11,13,16,17,20,31
1,4,6,10,11,13,15,16,17,18,20,21,26,27,28,31,32,35,36,37,38>6,7,9,14,15,18,32,1,35,37,38,11,13,16,17,20,31
1,4,6,10,11,13,15,16,17,18,20,21,26,27,28,31,32,35,36,37,38>4,6,7,9,10,12,15,22,24,26,30,33,32,1,35,37,38,11,13,16,17,20,31
1,4,6,10,11,13,15,16,17,18,20,21,26,27,28,31,32,35,36,37,38>4,7,8,9,10,14,18,21,24,30,39,32,1,35,37,38,11,13,16,17,20,31
32,1,2,3,4,5,6,33,8,9,34,37,38,39,16,19,20,24,25,30>32,36,16,19,20,23,1,2,3,4,34,8,9,24,25
32,1,2,3,4,5,6,33,8,9,34,37,38,39,16,19,20,24,25,30>5,7,39,16,18,20,1,2,3,4,34,8,9,24,25
32,1,2,3,4,5,6,33,8,9,34,37,38,39,16,19,20,24,25,30>32,33,36,5,7,37,39,1,2,3,4,34,8,9,24,25
32,1,2,3,4,5,6,33,8,9,34,37,38,39,16,19,20,24,25,30>6,37,10,40,16,30,1,2,3,4,34,8,9,24,25
32,1,2,3,4,5,6,33,8,9,34,37,38,39,16,19,20,24,25,30>32,33,6,37,38,10,39,40,16,19,1,2,3,4,34,8,9,24,25
32,1,2,3,4,5,6,33,8,9,34,37,38,39,16,19,20,24,25,30>32,5,6,37,10,39,16,18,20,23,1,2,3,4,34,8,9,24,25
32,1,2,3,4,5,6,33,8,9,34,37,38,39,16,19,20,24,25,30>32,5,6,7,37,16,18,19,20,23,27,30,1,2,3,4,34,8,9,24,25
32,1,2,3,4,5,6,33,8,9,34,37,38,39,16,19,20,24,25,30>32,33,36,5,6,37,10,16,18,19,20,30,1,2,3,4,34,8,9,24,25
33,3,4,5,36,37,39,40,11,13,14,17,18,22,24,25,26,30>5,11,13,15,16,18,20,24,28,3,36,39,40,14,17,22,25,30
33,3,4,5,36,37,39,40,11,13,14,17,18,22,24,25,26,30>33,37,15,18,26,27,3,36,39,40,14,17,22,25,30
33,3,4,5,36,37,39,40,11,13,14,17,18,22,24,25,26,30>34,37,15,16,18,20,26,27,28,29,3,36,39,40,14,17,22,25,30
33,3,4,5,36,37,39,40,11,13,14,17,18,22,24,25,26,30>34,4,37,11,13,16,20,21,26,27,29,3,36,39,40,14,17,22,25,30
33,3,4,5,36,37,39,40,11,13,14,17,18,22,24,25,26,30>33,34,4,37,13,15,16,18,27,29,3,36,39,40,14,17,22,25,30
33,3,4,5,36,37,39,40,11,13,14,17,18,22,24,25,26,30>5,37,13,15,16,18,24,27,28,3,36,39,40,14,17,22,25,30
33,3,4,5,36,37,39,40,11,13,14,17,18,22,24,25,26,30>33,5,37,11,13,18,20,24,26,27,29,3,36,39,40,14,17,22,25,30
33,3,4,5,36,37,39,40,11,13,14,17,18,22,24,25,26,30>33,4,5,37,11,15,18,21,28,3,36,39,40,14,17,22,25,30
3,5,7,9,10,12,13,14,16,19,21,25,26,27,29,30,31,32,33,34,35,38,39,40>4,7,15,17,18,20,25,29,33,36,32,35,3,5,40,9,13,14,16,27,30,31
3,5,7,9,10,12,13,14,16,19,21,25,26,27,29,30,31,32,33,34,35,38,39,40>4,10,17,19,20,26,33,36,37,38,39,32,35,3,5,40,9,13,14,16,27,30,31
3,5,7,9,10,12,13,14,16,19,21,25,26,27,29,30,31,32,33,34,35,38,39,40>4,7,10,11,15,25,26,29,37,39,32,35,3,5,40,9,13,14,16,27,30,31
3,5,7,9,10,12,13,14,16,19,21,25,26,27,29,30,31,32,33,34,35,38,39,40>4,7,10,11,17,18,19,25,33,34,36,39,32,35,3,5,40,9,13,14,16,27,30,31
3,5,7,9,10,12,13,14,16,19,21,25,26,27,29,30,31,32,33,34,35,38,39,40>4,12,21,23,25,26,29,34,36,39,32,35,3,5,40,9,13,14,16,27,30,31
3,5,7,9,10,12,13,14,16,19,21,25,26,27,29,30,31,32,33,34,35,38,39,40>4,10,12,18,19,20,23,25,26,36,32,35,3,5,40,9,13,14,16,27,30,31
3,5,7,9,10,12,13,14,16,19,21,25,26,27,29,30,31,32,33,34,35,38,39,40>7,10,12,15,17,18,25,33,34,36,37,38,39,32,35,3,5,40,9,13,14,16,27,30,31
3,5,7,9,10,12,13,14,16,19,21,25,26,27,29,30,31,32,33,34,35,38,39,40>4,10,11,12,21,23,25,33,34,38,39,32,35,3,5,40,9,13,14,16,27,30,31
2,3,5,6,8,10,12,13,14,16,19,20,23,24,26,27,31,32,35,39,40>34,4,10,11,12,25,27,30,32,2,3,35,5,39,8,13,14,16,23,24,26,31
2,3,5,6,8,10,12,13,14,16,19,20,23,24,26,27,31,32,35,39,40>6,15,18,25,27,30,32,2,3,35,5,39,8,13,14,16,23,24,26,31
2,3,5,6,8,10,12,13,14,16,19,20,23,24,26,27,31,32,35,39,40>4,6,10,12,17,18,25,27,30,32,2,3,35,5,39,8,13,14,16,23,24,26,31
2,3,5,6,8,10,12,13,14,16,19,20,23,24,26,27,31,32,35,39,40>40,10,11,15,17,18,19,25,32,2,3,35,5,39,8,13,14,16,23,24,26,31
2,3,5,6,8,10,12,13,14,16,19,20,23,24,26,27,31,32,35,39,40>40,10,12,18,19,20,25,30,32,2,3,35,5,39,8,13,14,16,23,24,26,31
2,3,5,6,8,10,12,13,14,16,19,20,23,24,26,27,31,32,35,39,40>34,4,40,10,11,18,19,20,25,32,2,3,35,5,39,8,13,14,16,23,24,26,31
2,3,5,6,8,10,12,13,14,16,19,20,23,24,26,27,31,32,35,39,40>4,6,40,10,17,20,27,32,2,3,35,5,39,8,13,14,16,23,24,26,31
2,3,5,6,8,10,12,13,14,16,19,20,23,24,26,27,31,32,35,39,40>34,4,6,40,12,18,27,32,2,3,35,5,39,8,13,14,16,23,24,26,31
33,2,3,34,35,6,7,8,39,11,13,15,18,21,23,24,25,28,31>5,6,15,16,18,21,23,26,33,2,3,34,35,8,25
33,2,3,34,35,6,7,8,39,11,13,15,18,21,23,24,25,28,31>5,6,7,13,17,20,21,23,28,31,36,37,33,2,3,34,35,8,25
33,2,3,34,35,6,7,8,39,11,13,15,18,21,23,24,25,28,31>7,9,15,16,20,22,23,24,28,36,33,2,3,34,35,8,25
33,2,3,34,35,6,7,8,39,11,13,15,18,21,23,24,25,28,31>6,7,9,13,18,22,23,24,28,31,33,2,3,34,35,8,25
33,2,3,34,35,6,7,8,39,11,13,15,18,21,23,24,25,28,31>11,13,17,18,20,23,27,28,36,37,33,2,3,34,35,8,25
33,2,3,34,35,6,7,8,39,11,13,15,18,21,23,24,25,28,31>5,11,16,23,27,39,33,2,3,34,35,8,25
33,2,3,34,35,6,7,8,39,11,13,15,18,21,23,24,25,28,31>9,11,13,14,15,16,18,20,21,22,23,24,26,27,31,36,37,39,33,2,3,34,35,8,25
33,2,3,34,35,6,7,8,39,11,13,15,18,21,23,24,25,28,31>5,6,9,11,13,23,27,31,36,37,33,2,3,34,35,8,25
32,2,3,4,34,6,37,8,10,12,13,14,20,21,22,23,28>33,37,11,12,16,23,26,29,2,3,4,34,8,13,14,20,28
32,2,3,4,34,6,37,8,10,12,13,14,20,21,22,23,28>33,37,10,12,15,24,26,2,3,4,34,8,13,14,20,28
32,2,3,4,34,6,37,8,10,12,13,14,20,21,22,23,28>33,37,12,17,21,24,26,29,2,3,4,34,8,13,14,20,28
32,2,3,4,34,6,37,8,10,12,13,14,20,21,22,23,28>32,6,10,17,21,22,23,24,2,3,4,34,8,13,14,20,28
32,2,3,4,34,6,37,8,10,12,13,14,20,21,22,23,28>32,33,9,12,16,21,22,23,24,29,2,3,4,34,8,13,14,20,28
32,2,3,4,34,6,37,8,10,12,13,14,20,21,22,23,28>32,33,9,15,21,22,2,3,4,34,8,13,14,20,28
32,2,3,4,34,6,37,8,10,12,13,14,20,21,22,23,28>32,33,37,9,11,17,21,22,23,26,2,3,4,34,8,13,14,20,28
32,2,3,4,34,6,37,8,10,12,13,14,20,21,22,23,28>33,37,6,9,10,15,23,24,29,2,3,4,34,8,13,14,20,28
33,3,4,35,36,7,8,37,10,39,12,14,16,20,23,30>34,5,8,9,11,13,14,23,24,3,4,37,36,39
33,3,4,35,36,7,8,37,10,39,12,14,16,20,23,30>34,35,5,9,10,12,15,40,24,26,3,4,37,36,39
33,3,4,35,36,7,8,37,10,39,12,14,16,20,23,30>33,34,35,5,9,10,11,12,14,24,26,3,4,37,36,39
33,3,4,35,36,7,8,37,10,39,12,14,16,20,23,30>34,7,9,10,12,14,16,40,23,24,26,3,4,37,36,39
33,3,4,35,36,7,8,37,10,39,12,14,16,20,23,30>33,34,7,9,10,11,12,13,14,15,40,23,26,30,3,4,37,36,39
33,3,4,35,36,7,8,37,10,39,12,14,16,20,23,30>34,7,8,12,15,16,20,24,3,4,37,36,39
33,3,4,35,36,7,8,37,10,39,12,14,16,20,23,30>34,35,7,8,9,10,11,12,20,24,26,30,3,4,37,36,39
33,3,4,35,36,7,8,37,10,39,12,14,16,20,23,30>34,35,5,7,8,9,10,12,16,40,30,3,4,37,36,39
32,1,35,4,5,6,38,39,9,11,12,17,20,22,23,25,26,28>4,6,7,8,11,12,17,23,24,25,27,30,32,37,1,39,9,20,26,28
32,1,35,4,5,6,38,39,9,11,12,17,20,22,23,25,26,28>5,7,12,17,22,23,24,35,37,1,39,9,20,26,28
32,1,35,4,5,6,38,39,9,11,12,17,20,22,23,25,26,28>6,7,11,17,22,25,27,35,37,38,1,39,9,20,26,28
32,1,35,4,5,6,38,39,9,11,12,17,20,22,23,25,26,28>4,6,7,17,24,27,30,32,34,37,1,39,9,20,26,28
32,1,35,4,5,6,38,39,9,11,12,17,20,22,23,25,26,28>4,6,7,8,17,29,30,32,33,34,35,37,38,1,39,9,20,26,28
32,1,35,4,5,6,38,39,9,11,12,17,20,22,23,25,26,28>7,8,11,22,23,27,29,30,33,34,38,1,39,9,20,26,28
32,1,35,4,5,6,38,39,9,11,12,17,20,22,23,25,26,28>6,7,8,12,22,25,27,29,30,32,33,37,1,39,9,20,26,28
32,1,35,4,5,6,38,39,9,11,12,17,20,22,23,25,26,28>4,6,7,8,12,17,22,24,30,32,33,34,35,38,1,39,9,20,26,28
1,5,6,8,9,10,12,13,14,15,16,18,21,22,25,26,28,29,30,34,36,39,40>33,34,36,11,17,18,25,26,27,1,5,8,40,10,12,13,14,15,16,21,22,28,29,30
1,5,6,8,9,10,12,13,14,15,16,18,21,22,25,26,28,29,30,34,36,39,40>33,34,36,39,9,19,25,26,1,5,8,40,10,12,13,14,15,16,21,22,28,29,30
1,5,6,8,9,10,12,13,14,15,16,18,21,22,25,26,28,29,30,34,36,39,40>33,6,39,11,17,18,19,20,25,26,27,1,5,8,40,10,12,13,14,15,16,21,22,28,29,30
1,5,6,8,9,10,12,13,14,15,16,18,21,22,25,26,28,29,30,34,36,39,40>34,6,39,17,19,25,26,1,5,8,40,10,12,13,14,15,16,21,22,28,29,30
1,5,6,8,9,10,12,13,14,15,16,18,21,22,25,26,28,29,30,34,36,39,40>33,34,36,9,17,18,20,26,1,5,8,40,10,12,13,14,15,16,21,22,28,29,30
1,5,6,8,9,10,12,13,14,15,16,18,21,22,25,26,28,29,30,34,36,39,40>34,36,6,11,25,27,1,5,8,40,10,12,13,14,15,16,21,22,28,29,30
1,5,6,8,9,10,12,13,14,15,16,18,21,22,25,26,28,29,30,34,36,39,40>33,34,7,39,17,18,19,20,1,5,8,40,10,12,13,14,15,16,21,22,28,29,30
1,5,6,8,9,10,12,13,14,15,16,18,21,22,25,26,28,29,30,34,36,39,40>33,6,7,39,9,17,18,19,25,27,1,5,8,40,10,12,13,14,15,16,21,22,28,29,30
32,1,2,3,33,5,6,35,40,9,12,13,17,21,22,25,28,30,31>4,6,7,12,16,20,22,27,29,31,34,36,1,2,3,33,5,35,40,17,28
32,1,2,3,33,5,6,35,40,9,12,13,17,21,22,25,28,30,31>4,6,7,12,14,16,22,25,27,29,31,32,34,36,37,1,2,3,33,5,35,40,17,28
32,1,2,3,33,5,6,35,40,9,12,13,17,21,22,25,28,30,31>4,8,13,16,22,25,27,34,37,39,1,2,3,33,5,35,40,17,28
32,1,2,3,33,5,6,35,40,9,12,13,17,21,22,25,28,30,31>6,7,8,12,16,20,21,22,37,1,2,3,33,5,35,40,17,28
32,1,2,3,33,5,6,35,40,9,12,13,17,21,22,25,28,30,31>4,6,7,9,10,12,14,16,20,21,27,34,37,39,1,2,3,33,5,35,40,17,28
32,1,2,3,33,5,6,35,40,9,12,13,17,21,22,25,28,30,31>6,7,8,10,13,16,20,22,27,29,31,32,37,1,2,3,33,5,35,40,17,28
32,1,2,3,33,5,6,35,40,9,12,13,17,21,22,25,28,30,31>4,6,7,8,10,12,16,29,30,31,32,36,1,2,3,33,5,35,40,17,28
32,1,2,3,33,5,6,35,40,9,12,13,17,21,22,25,28,30,31>4,6,7,9,10,12,13,14,16,21,22,25,29,32,36,1,2,3,33,5,35,40,17,28
34,3,4,5,6,37,38,9,11,14,15,16,17,18,19,20,25,28,29,30>5,14,16,19,22,24,25,29,30,33,34,37,38,3,9,15,18,20
34,3,4,5,6,37,38,9,11,14,15,16,17,18,19,20,25,28,29,30>6,16,19,23,27,28,29,30,33,34,38,3,9,15,18,20
34,3,4,5,6,37,38,9,11,14,15,16,17,18,19,20,25,28,29,30>4,5,8,16,17,22,23,24,25,33,34,37,3,9,15,18,20
34,3,4,5,6,37,38,9,11,14,15,16,17,18,19,20,25,28,29,30>5,6,8,14,17,22,25,30,37,3,9,15,18,20
34,3,4,5,6,37,38,9,11,14,15,16,17,18,19,20,25,28,29,30>4,6,11,14,16,23,25,28,29,33,34,37,3,9,15,18,20
34,3,4,5,6,37,38,9,11,14,15,16,17,18,19,20,25,28,29,30>4,6,11,14,16,19,22,24,29,30,33,37,38,40,3,9,15,18,20
34,3,4,5,6,37,38,9,11,14,15,16,17,18,19,20,25,28,29,30>6,8,11,14,19,23,27,28,29,30,37,38,40,3,9,15,18,20
34,3,4,5,6,37,38,9,11,14,15,16,17,18,19,20,25,28,29,30>6,8,11,22,23,24,25,28,30,34,37,40,3,9,15,18,20
1,2,4,6,7,9,11,15,16,23,24,25,28,29,31,32,33,34,36,38,39>32,39,8,15,16,23,24,26,28,31,1,2,33,36,6,7,38,9,25
1,2,4,6,7,9,11,15,16,23,24,25,28,29,31,32,33,34,36,38,39>34,8,15,16,24,26,28,29,1,2,33,36,6,7,38,9,25
1,2,4,6,7,9,11,15,16,23,24,25,28,29,31,32,33,34,36,38,39>34,35,8,11,15,24,26,27,28,1,2,33,36,6,7,38,9,25
1,2,4,6,7,9,11,15,16,23,24,25,28,29,31,32,33,34,36,38,39>35,4,39,11,15,16,24,26,27,29,1,2,33,36,6,7,38,9,25
1,2,4,6,7,9,11,15,16,23,24,25,28,29,31,32,33,34,36,38,39>32,34,35,4,8,16,23,24,27,29,31,1,2,33,36,6,7,38,9,25
1,2,4,6,7,9,11,15,16,23,24,25,28,29,31,32,33,34,36,38,39>35,5,39,16,23,24,26,28,1,2,33,36,6,7,38,9,25
1,2,4,6,7,9,11,15,16,23,24,25,28,29,31,32,33,34,36,38,39>32,4,5,39,11,16,24,27,29,31,1,2,33,36,6,7,38,9,25
1,2,4,6,7,9,11,15,16,23,24,25,28,29,31,32,33,34,36,38,39>34,35,4,5,11,23,24,26,27,31,1,2,33,36,6,7,38,9,25
32,1,34,3,35,36,6,37,38,40,11,14,17,18,19,24,26,28,29>5,14,15,17,23,24,25,28,30,32,36,1,3,37,38,18
32,1,34,3,35,36,6,37,38,40,11,14,17,18,19,24,26,28,29>5,6,15,17,19,23,25,29,33,34,35,1,3,37,38,18
32,1,34,3,35,36,6,37,38,40,11,14,17,18,19,24,26,28,29>7,14,15,20,24,25,26,29,32,33,36,1,3,37,38,18
32,1,34,3,35,36,6,37,38,40,11,14,17,18,19,24,26,28,29>7,14,15,17,22,23,25,30,33,35,36,1,3,37,38,18
32,1,34,3,35,36,6,37,38,40,11,14,17,18,19,24,26,28,29>7,15,22,28,29,35,1,3,37,38,18
32,1,34,3,35,36,6,37,38,40,11,14,17,18,19,24,26,28,29>5,7,8,15,19,22,23,28,30,33,34,36,1,3,37,38,18
32,1,34,3,35,36,6,37,38,40,11,14,17,18,19,24,26,28,29>5,8,11,14,15,17,19,22,24,26,28,30,33,34,40,1,3,37,38,18
32,1,34,3,35,36,6,37,38,40,11,14,17,18,19,24,26,28,29>6,7,8,11,14,15,22,24,25,26,28,33,35,1,3,37,38,18
32,1,3,4,5,6,7,8,38,15,16,19,20,21,25,27,29,30,31>6,40,15,19,25,30,32,1,3,4,5,7,8,20,27,31
32,1,3,4,5,6,7,8,38,15,16,19,20,21,25,27,29,30,31>35,38,40,15,16,18,21,30,32,1,3,4,5,7,8,20,27,31
32,1,3,4,5,6,7,8,38,15,16,19,20,21,25,27,29,30,31>35,38,39,9,40,15,18,19,21,23,24,32,1,3,4,5,7,8,20,27,31
32,1,3,4,5,6,7,8,38,15,16,19,20,21,25,27,29,30,31>6,38,9,15,16,18,23,24,25,32,1,3,4,5,7,8,20,27,31
32,1,3,4,5,6,7,8,38,15,16,19,20,21,25,27,29,30,31>35,6,38,9,40,15,18,23,25,29,32,1,3,4,5,7,8,20,27,31
32,1,3,4,5,6,7,8,38,15,16,19,20,21,25,27,29,30,31>35,6,38,9,18,23,24,25,30,32,1,3,4,5,7,8,20,27,31
32,1,3,4,5,6,7,8,38,15,16,19,20,21,25,27,29,30,31>38,39,9,40,15,16,19,23,32,1,3,4,5,7,8,20,27,31
32,1,3,4,5,6,7,8,38,15,16,19,20,21,25,27,29,30,31>35,38,39,9,15,23,24,25,29,30,32,1,3,4,5,7,8,20,27,31
1,33,34,35,5,36,37,8,39,10,14,15,16,18,21,22,25,26,27>12,13,14,16,28,30,1,34,36,37,5,15,21,22,27
1,33,34,35,5,36,37,8,39,10,14,15,16,18,21,22,25,26,27>32,33,12,13,16,19,20,26,28,30,31,1,34,36,37,5,15,21,22,27
1,33,34,35,5,36,37,8,39,10,14,15,16,18,21,22,25,26,27>33,35,10,11,12,18,19,20,25,1,34,36,37,5,15,21,22,27
1,33,34,35,5,36,37,8,39,10,14,15,16,18,21,22,25,26,27>32,33,35,39,10,11,12,13,14,18,19,20,26,28,31,1,34,36,37,5,15,21,22,27
1,33,34,35,5,36,37,8,39,10,14,15,16,18,21,22,25,26,27>8,10,11,12,16,20,26,1,34,36,37,5,15,21,22,27
1,33,34,35,5,36,37,8,39,10,14,15,16,18,21,22,25,26,27>33,8,10,11,12,14,18,20,28,1,34,36,37,5,15,21,22,27
1,33,34,35,5,36,37,8,39,10,14,15,16,18,21,22,25,26,27>32,39,8,14,19,20,26,30,1,34,36,37,5,15,21,22,27
1,33,34,35,5,36,37,8,39,10,14,15,16,18,21,22,25,26,27>32,35,39,8,13,16,20,26,30,1,34,36,37,5,15,21,22,27
1,4,5,9,13,15,17,19,22,23,24,25,26,27,29,30,31,32,33,35,39>37,9,13,14,15,16,18,20,22,28,32,1,35,39,17,23,25,26,27,29,30,31
1,4,5,9,13,15,17,19,22,23,24,25,26,27,29,30,31,32,33,35,39>33,5,37,40,15,16,20,28,32,1,35,39,17,23,25,26,27,29,30,31
1,4,5,9,13,15,17,19,22,23,24,25,26,27,29,30,31,32,33,35,39>4,36,37,9,40,14,16,18,19,24,32,1,35,39,17,23,25,26,27,29,30,31
1,4,5,9,13,15,17,19,22,23,24,25,26,27,29,30,31,32,33,35,39>4,36,37,15,16,18,22,24,28,32,1,35,39,17,23,25,26,27,29,30,31
1,4,5,9,13,15,17,19,22,23,24,25,26,27,29,30,31,32,33,35,39>33,5,36,9,40,15,16,18,19,22,24,32,1,35,39,17,23,25,26,27,29,30,31
1,4,5,9,13,15,17,19,22,23,24,25,26,27,29,30,31,32,33,35,39>33,7,9,13,14,15,18,19,20,24,32,1,35,39,17,23,25,26,27,29,30,31
1,4,5,9,13,15,17,19,22,23,24,25,26,27,29,30,31,32,33,35,39>33,4,7,37,9,13,14,16,19,20,22,32,1,35,39,17,23,25,26,27,29,30,31
1,4,5,9,13,15,17,19,22,23,24,25,26,27,29,30,31,32,33,35,39>33,4,5,36,7,40,14,18,19,22,28,32,1,35,39,17,23,25,26,27,29,30,31
2,3,4,5,7,8,10,11,12,13,15,16,17,19,20,21,22,23,26,28,29>4,10,39,14,15,18,21,22,24,2,3,5,11,12,13,16,17,19,20,23,26,28,29
2,3,4,5,7,8,10,11,12,13,15,16,17,19,20,21,22,23,26,28,29>33,4,7,10,14,15,18,21,2,3,5,11,12,13,16,17,19,20,23,26,28,29
2,3,4,5,7,8,10,11,12,13,15,16,17,19,20,21,22,23,26,28,29>33,7,8,10,14,18,21,22,30,2,3,5,11,12,13,16,17,19,20,23,26,28,29
2,3,4,5,7,8,10,11,12,13,15,16,17,19,20,21,22,23,26,28,29>33,4,7,8,18,22,30,2,3,5,11,12,13,16,17,19,20,23,26,28,29
2,3,4,5,7,8,10,11,12,13,15,16,17,19,20,21,22,23,26,28,29>9,39,14,15,22,30,2,3,5,11,12,13,16,17,19,20,23,26,28,29
2,3,4,5,7,8,10,11,12,13,15,16,17,19,20,21,22,23,26,28,29>4,9,10,39,15,21,24,2,3,5,11,12,13,16,17,19,20,23,26,28,29
2,3,4,5,7,8,10,11,12,13,15,16,17,19,20,21,22,23,26,28,29>4,7,9,10,39,14,15,18,21,2,3,5,11,12,13,16,17,19,20,23,26,28,29
2,3,4,5,7,8,10,11,12,13,15,16,17,19,20,21,22,23,26,28,29>33,4,7,8,9,21,22,24,2,3,5,11,12,13,16,17,19,20,23,26,28,29
1,2,3,4,8,10,13,16,17,21,22,23,24,26,28,29,30,31,33,34,37,38,39>34,35,36,6,8,38,10,39,40,14,21,22,23,31,1,2,3,4,33,13,16,17,26,28,29,30
1,2,3,4,8,10,13,16,17,21,22,23,24,26,28,29,30,31,33,34,37,38,39>35,36,7,38,10,11,21,22,23,24,31,1,2,3,4,33,13,16,17,26,28,29,30
1,2,3,4,8,10,13,16,17,21,22,23,24,26,28,29,30,31,33,34,37,38,39>36,37,39,21,22,24,31,1,2,3,4,33,13,16,17,26,28,29,30
1,2,3,4,8,10,13,16,17,21,22,23,24,26,28,29,30,31,33,34,37,38,39>35,36,37,8,38,11,39,40,14,22,23,25,1,2,3,4,33,13,16,17,26,28,29,30
1,2,3,4,8,10,13,16,17,21,22,23,24,26,28,29,30,31,33,34,37,38,39>34,37,6,8,10,11,39,40,14,21,23,31,1,2,3,4,33,13,16,17,26,28,29,30
1,2,3,4,8,10,13,16,17,21,22,23,24,26,28,29,30,31,33,34,37,38,39>34,35,36,6,38,10,11,40,14,21,22,23,25,1,2,3,4,33,13,16,17,26,28,29,30
1,2,3,4,8,10,13,16,17,21,22,23,24,26,28,29,30,31,33,34,37,38,39>37,6,8,38,11,39,40,21,23,24,31,1,2,3,4,33,13,16,17,26,28,29,30
1,2,3,4,8,10,13,16,17,21,22,23,24,26,28,29,30,31,33,34,37,38,39>34,37,6,8,38,10,39,14,20,21,22,24,25,1,2,3,4,33,13,16,17,26,28,29,30
3,7,9,10,11,12,14,16,17,18,19,20,21,24,26,29,31,32,33,36,37,39>5,16,21,23,26,30,31,32,33,35,38,3,36,39,9,11,18,20,24
3,7,9,10,11,12,14,16,17,18,19,20,21,24,26,29,31,32,33,36,37,39>12,14,16,19,22,26,29,31,33,37,38,3,36,39,9,11,18,20,24
3,7,9,10,11,12,14,16,17,18,19,20,21,24,26,29,31,32,33,36,37,39>12,21,22,23,25,26,29,31,32,33,37,3,36,39,9,11,18,20,24
3,7,9,10,11,12,14,16,17,18,19,20,21,24,26,29,31,32,33,36,37,39>13,15,21,23,26,29,30,31,37,3,36,39,9,11,18,20,24
3,7,9,10,11,12,14,16,17,18,19,20,21,24,26,29,31,32,33,36,37,39>7,13,14,16,19,23,30,31,32,35,37,3,36,39,9,11,18,20,24
3,7,9,10,11,12,14,16,17,18,19,20,21,24,26,29,31,32,33,36,37,39>7,13,14,17,19,21,30,37,3,36,39,9,11,18,20,24
3,7,9,10,11,12,14,16,17,18,19,20,21,24,26,29,31,32,33,36,37,39>10,13,21,25,26,30,32,33,35,3,36,39,9,11,18,20,24
3,7,9,10,11,12,14,16,17,18,19,20,21,24,26,29,31,32,33,36,37,39>10,12,13,15,16,17,23,25,29,31,38,3,36,39,9,11,18,20,24
1,2,3,4,5,6,9,13,14,15,16,17,19,22,23,27,28,29,31,32,38,39>8,38,13,20,22,26,32,1,2,3,4,39,9,14,15,16,17,23,28,29,31
1,2,3,4,5,6,9,13,14,15,16,17,19,22,23,27,28,29,31,32,38,39>35,38,18,19,20,22,32,1,2,3,4,39,9,14,15,16,17,23,28,29,31
1,2,3,4,5,6,9,13,14,15,16,17,19,22,23,27,28,29,31,32,38,39>33,6,38,10,20,22,26,27,32,1,2,3,4,39,9,14,15,16,17,23,28,29,31
1,2,3,4,5,6,9,13,14,15,16,17,19,22,23,27,28,29,31,32,38,39>35,5,6,8,18,19,20,32,1,2,3,4,39,9,14,15,16,17,23,28,29,31
1,2,3,4,5,6,9,13,14,15,16,17,19,22,23,27,28,29,31,32,38,39>6,7,8,38,10,22,26,32,1,2,3,4,39,9,14,15,16,17,23,28,29,31
1,2,3,4,5,6,9,13,14,15,16,17,19,22,23,27,28,29,31,32,38,39>33,6,7,8,38,13,19,20,32,1,2,3,4,39,9,14,15,16,17,23,28,29,31
1,2,3,4,5,6,9,13,14,15,16,17,19,22,23,27,28,29,31,32,38,39>35,6,7,8,38,13,26,32,1,2,3,4,39,9,14,15,16,17,23,28,29,31
1,2,3,4,5,6,9,13,14,15,16,17,19,22,23,27,28,29,31,32,38,39>35,5,6,7,38,18,22,27,32,1,2,3,4,39,9,14,15,16,17,23,28,29,31
1,2,4,9,10,14,16,17,18,20,21,23,24,25,29,31,32,35,36,39,40>6,13,16,17,18,22,26,31,32,37,38,1,2,35,39,20,24,25
1,2,4,9,10,14,16,17,18,20,21,23,24,25,29,31,32,35,36,39,40>4,6,11,14,16,26,27,31,38,1,2,35,39,20,24,25
1,2,4,9,10,14,16,17,18,20,21,23,24,25,29,31,32,35,36,39,40>9,11,15,16,21,27,32,40,1,2,35,39,20,24,25
1,2,4,9,10,14,16,17,18,20,21,23,24,25,29,31,32,35,36,39,40>9,15,18,21,26,27,32,37,40,1,2,35,39,20,24,25
1,2,4,9,10,14,16,17,18,20,21,23,24,25,29,31,32,35,36,39,40>7,9,10,11,13,14,15,18,26,27,31,40,1,2,35,39,20,24,25
1,2,4,9,10,14,16,17,18,20,21,23,24,25,29,31,32,35,36,39,40>6,10,13,14,16,17,18,26,27,29,32,36,37,40,1,2,35,39,20,24,25
1,2,4,9,10,14,16,17,18,20,21,23,24,25,29,31,32,35,36,39,40>9,10,11,15,17,18,26,31,32,38,40,1,2,35,39,20,24,25
1,2,4,9,10,14,16,17,18,20,21,23,24,25,29,31,32,35,36,39,40>7,9,10,11,14,15,16,17,18,21,23,27,31,32,36,38,1,2,35,39,20,24,25
3,4,6,7,9,11,12,16,17,18,21,23,24,25,26,30,31,33,34,35,36,38,39,40>6,11,16,17,18,21,23,27,31,33,38,34,35,3,36,40,9,25,26,30
3,4,6,7,9,11,12,16,17,18,21,23,24,25,26,30,31,33,34,35,36,38,39,40>4,6,20,24,27,31,37,38,39,34,35,3,36,40,9,25,26,30
3,4,6,7,9,11,12,16,17,18,21,23,24,25,26,30,31,33,34,35,36,38,39,40>4,5,6,7,8,11,12,17,21,22,31,38,39,34,35,3,36,40,9,25,26,30
3,4,6,7,9,11,12,16,17,18,21,23,24,25,26,30,31,33,34,35,36,38,39,40>4,5,7,11,17,18,20,21,33,37,38,39,34,35,3,36,40,9,25,26,30
3,4,6,7,9,11,12,16,17,18,21,23,24,25,26,30,31,33,34,35,36,38,39,40>4,6,7,11,12,17,20,21,22,24,27,38,39,34,35,3,36,40,9,25,26,30
3,4,6,7,9,11,12,16,17,18,21,23,24,25,26,30,31,33,34,35,36,38,39,40>5,6,8,12,16,20,21,22,24,33,37,38,39,34,35,3,36,40,9,25,26,30
3,4,6,7,9,11,12,16,17,18,21,23,24,25,26,30,31,33,34,35,36,38,39,40>7,8,11,16,20,27,31,38,39,34,35,3,36,40,9,25,26,30
3,4,6,7,9,11,12,16,17,18,21,23,24,25,26,30,31,33,34,35,36,38,39,40>4,5,6,7,8,11,16,20,22,27,33,34,35,3,36,40,9,25,26,30
32,1,3,35,38,7,40,9,10,11,12,13,16,17,20,23,24,28,29>33,39,40,14,23,26,28,29,1,3,9,11,13,16,17,20,24
32,1,3,35,38,7,40,9,10,11,12,13,16,17,20,23,24,28,29>32,5,39,10,12,23,25,26,28,29,1,3,9,11,13,16,17,20,24
32,1,3,35,38,7,40,9,10,11,12,13,16,17,20,23,24,28,29>32,35,5,38,10,40,25,28,1,3,9,11,13,16,17,20,24
32,1,3,35,38,7,40,9,10,11,12,13,16,17,20,23,24,28,29>33,35,5,7,38,10,40,12,14,23,28,29,1,3,9,11,13,16,17,20,24
32,1,3,35,38,7,40,9,10,11,12,13,16,17,20,23,24,28,29>32,33,35,5,7,38,10,12,23,26,1,3,9,11,13,16,17,20,24
32,1,3,35,38,7,40,9,10,11,12,13,16,17,20,23,24,28,29>33,5,37,7,39,10,12,25,26,28,29,1,3,9,11,13,16,17,20,24
32,1,3,35,38,7,40,9,10,11,12,13,16,17,20,23,24,28,29>37,38,40,12,14,25,28,29,1,3,9,11,13,16,17,20,24
32,1,3,35,38,7,40,9,10,11,12,13,16,17,20,23,24,28,29>33,5,37,39,12,14,23,25,26,1,3,9,11,13,16,17,20,24
32,1,33,34,37,7,40,9,10,12,14,21,22,23,24,25,28>29,15,20,40,1,34,33,9,25,28
32,1,33,34,37,7,40,9,10,12,14,21,22,23,24,25,28>36,40,12,13,14,20,23,24,26,1,34,33,9,25,28
32,1,33,34,37,7,40,9,10,12,14,21,22,23,24,25,28>32,36,37,10,12,15,20,22,24,26,27,1,34,33,9,25,28
32,1,33,34,37,7,40,9,10,12,14,21,22,23,24,25,28>5,37,40,12,14,15,21,22,26,27,1,34,33,9,25,28
32,1,33,34,37,7,40,9,10,12,14,21,22,23,24,25,28>32,5,37,40,11,12,14,20,22,23,24,26,1,34,33,9,25,28
32,1,33,34,37,7,40,9,10,12,14,21,22,23,24,25,28>36,5,37,11,14,20,23,26,27,1,34,33,9,25,28
32,1,33,34,37,7,40,9,10,12,14,21,22,23,24,25,28>36,37,7,14,15,22,24,1,34,33,9,25,28
32,1,33,34,37,7,40,9,10,12,14,21,22,23,24,25,28>36,5,37,7,10,11,12,24,26,27,1,34,33,9,25,28
1,2,4,6,7,8,9,10,12,14,17,20,21,22,24,26,29,32,37,39,40>11,12,13,22,25,28,30,1,2,6,7,8,9,10,39,20,24,29
1,2,4,6,7,8,9,10,12,14,17,20,21,22,24,26,29,32,37,39,40>32,4,11,12,13,14,17,22,25,1,2,6,7,8,9,10,39,20,24,29
1,2,4,6,7,8,9,10,12,14,17,20,21,22,24,26,29,32,37,39,40>5,12,13,21,26,28,1,2,6,7,8,9,10,39,20,24,29
1,2,4,6,7,8,9,10,12,14,17,20,21,22,24,26,29,32,37,39,40>32,37,11,13,22,28,30,1,2,6,7,8,9,10,39,20,24,29
1,2,4,6,7,8,9,10,12,14,17,20,21,22,24,26,29,32,37,39,40>32,37,30,26,1,2,6,7,8,9,10,39,20,24,29
1,2,4,6,7,8,9,10,12,14,17,20,21,22,24,26,29,32,37,39,40>5,37,40,11,12,14,15,17,21,25,28,1,2,6,7,8,9,10,39,20,24,29
1,2,4,6,7,8,9,10,12,14,17,20,21,22,24,26,29,32,37,39,40>4,5,37,40,11,12,14,15,21,26,1,2,6,7,8,9,10,39,20,24,29
1,2,4,6,7,8,9,10,12,14,17,20,21,22,24,26,29,32,37,39,40>32,4,5,37,40,11,12,17,22,26,28,1,2,6,7,8,9,10,39,20,24,29
34,36,7,39,13,14,16,17,18,19,23,27,28>9,15,19,20,22,26,27,28,31,34,14,16,17,18,23
34,36,7,39,13,14,16,17,18,19,23,27,28>32,36,39,9,13,15,20,22,34,14,16,17,18,23
34,36,7,39,13,14,16,17,18,19,23,27,28>33,5,13,15,20,22,27,34,14,16,17,18,23
34,36,7,39,13,14,16,17,18,19,23,27,28>36,5,7,39,22,26,34,14,16,17,18,23
34,36,7,39,13,14,16,17,18,19,23,27,28>36,7,39,9,15,20,31,34,14,16,17,18,23
34,36,7,39,13,14,16,17,18,19,23,27,28>32,36,7,9,15,31,34,14,16,17,18,23
34,36,7,39,13,14,16,17,18,19,23,27,28>36,5,7,13,19,22,26,28,34,14,16,17,18,23
34,36,7,39,13,14,16,17,18,19,23,27,28>32,33,36,5,7,13,15,34,14,16,17,18,23
34,3,35,5,37,7,40,9,12,13,15,16,18,19,21,23,25,26,29,30>14,15,17,19,22,3,37,5,40,9,16,18,23,26,30
34,3,35,5,37,7,40,9,12,13,15,16,18,19,21,23,25,26,29,30>34,35,7,12,13,17,19,20,21,29,3,37,5,40,9,16,18,23,26,30
34,3,35,5,37,7,40,9,12,13,15,16,18,19,21,23,25,26,29,30>4,15,17,19,25,27,29,3,37,5,40,9,16,18,23,26,30
34,3,35,5,37,7,40,9,12,13,15,16,18,19,21,23,25,26,29,30>34,4,17,19,20,25,27,29,3,37,5,40,9,16,18,23,26,30
34,3,35,5,37,7,40,9,12,13,15,16,18,19,21,23,25,26,29,30>15,4,21,27,3,37,5,40,9,16,18,23,26,30
34,3,35,5,37,7,40,9,12,13,15,16,18,19,21,23,25,26,29,30>34,4,7,13,14,19,20,21,25,29,3,37,5,40,9,16,18,23,26,30
34,3,35,5,37,7,40,9,12,13,15,16,18,19,21,23,25,26,29,30>34,35,7,12,13,15,19,20,21,25,27,29,3,37,5,40,9,16,18,23,26,30
34,3,35,5,37,7,40,9,12,13,15,16,18,19,21,23,25,26,29,30>35,4,7,12,13,17,19,21,22,25,29,3,37,5,40,9,16,18,23,26,30
2,3,34,35,36,38,9,10,13,17,19,20,22,23,24,27,30>14,18,26,28,29,30,31,40,2,3,34,13,17,20,23,24
2,3,34,35,36,38,9,10,13,17,19,20,22,23,24,27,30>4,14,27,28,29,30,32,37,2,3,34,13,17,20,23,24
2,3,34,35,36,38,9,10,13,17,19,20,22,23,24,27,30>4,16,18,19,26,29,35,36,2,3,34,13,17,20,23,24
2,3,34,35,36,38,9,10,13,17,19,20,22,23,24,27,30>9,14,22,25,26,28,29,32,35,36,37,2,3,34,13,17,20,23,24
2,3,34,35,36,38,9,10,13,17,19,20,22,23,24,27,30>5,10,14,16,22,25,26,27,29,30,31,38,40,2,3,34,13,17,20,23,24
2,3,34,35,36,38,9,10,13,17,19,20,22,23,24,27,30>5,11,16,19,22,25,28,29,40,2,3,34,13,17,20,23,24
2,3,34,35,36,38,9,10,13,17,19,20,22,23,24,27,30>9,10,11,14,19,26,27,29,30,31,32,35,36,40,2,3,34,13,17,20,23,24
2,3,34,35,36,38,9,10,13,17,19,20,22,23,24,27,30>4,9,10,11,18,19,27,30,31,35,36,37,38,40,2,3,34,13,17,20,23,24
32,2,3,4,5,6,34,8,35,36,11,37,15,20,23,25,26,27,30>4,5,11,23,24,25,31,32,2,3,34,37,8,26,27,30
32,2,3,4,5,6,34,8,35,36,11,37,15,20,23,25,26,27,30>35,6,38,9,40,32,2,3,34,37,8,26,27,30
32,2,3,4,5,6,34,8,35,36,11,37,15,20,23,25,26,27,30>5,6,40,20,24,32,2,3,34,37,8,26,27,30
32,2,3,4,5,6,34,8,35,36,11,37,15,20,23,25,26,27,30>35,4,5,6,38,40,23,24,25,31,32,2,3,34,37,8,26,27,30
32,2,3,4,5,6,34,8,35,36,11,37,15,20,23,25,26,27,30>4,36,38,40,15,24,25,31,32,2,3,34,37,8,26,27,30
32,2,3,4,5,6,34,8,35,36,11,37,15,20,23,25,26,27,30>35,4,36,11,15,24,31,32,2,3,34,37,8,26,27,30
32,2,3,4,5,6,34,8,35,36,11,37,15,20,23,25,26,27,30>4,5,6,36,40,15,20,31,32,2,3,34,37,8,26,27,30
32,2,3,4,5,6,34,8,35,36,11,37,15,20,23,25,26,27,30>35,4,5,6,36,38,40,20,23,25,31,32,2,3,34,37,8,26,27,30
1,2,3,7,9,10,12,14,15,16,18,24,26,27,31,32,33,34,37,38,39,40>4,7,10,11,13,14,19,27,30,33,36,37,38,32,1,2,3,34,9,12,15,31
1,2,3,7,9,10,12,14,15,16,18,24,26,27,31,32,33,34,37,38,39,40>4,5,6,7,11,14,16,19,22,24,26,27,30,33,36,37,32,1,2,3,34,9,12,15,31
1,2,3,7,9,10,12,14,15,16,18,24,26,27,31,32,33,34,37,38,39,40>10,11,13,18,19,22,25,27,33,35,37,38,39,40,32,1,2,3,34,9,12,15,31
1,2,3,7,9,10,12,14,15,16,18,24,26,27,31,32,33,34,37,38,39,40>5,6,10,14,16,24,26,27,30,33,35,37,32,1,2,3,34,9,12,15,31
1,2,3,7,9,10,12,14,15,16,18,24,26,27,31,32,33,34,37,38,39,40>5,6,10,11,14,18,19,22,26,30,33,35,37,38,40,32,1,2,3,34,9,12,15,31
1,2,3,7,9,10,12,14,15,16,18,24,26,27,31,32,33,34,37,38,39,40>4,7,10,11,13,16,18,22,24,25,26,27,33,38,40,32,1,2,3,34,9,12,15,31
1,2,3,7,9,10,12,14,15,16,18,24,26,27,31,32,33,34,37,38,39,40>4,5,7,10,13,18,24,25,35,37,38,32,1,2,3,34,9,12,15,31
1,2,3,7,9,10,12,14,15,16,18,24,26,27,31,32,33,34,37,38,39,40>6,7,10,11,14,18,19,22,24,26,27,33,35,37,39,32,1,2,3,34,9,12,15,31
32,33,35,5,39,8,9,10,11,12,13,18,20,21,27,28,29,30>8,16,17,21,22,24,31,32,33,5,39,11,13,20
32,33,35,5,39,8,9,10,11,12,13,18,20,21,27,28,29,30>35,8,10,40,14,16,24,27,29,31,32,33,5,39,11,13,20
32,33,35,5,39,8,9,10,11,12,13,18,20,21,27,28,29,30>35,36,8,10,40,12,14,17,18,22,24,27,28,30,32,33,5,39,11,13,20
32,33,35,5,39,8,9,10,11,12,13,18,20,21,27,28,29,30>36,37,8,40,14,16,17,22,28,30,32,33,5,39,11,13,20
32,33,35,5,39,8,9,10,11,12,13,18,20,21,27,28,29,30>35,37,9,17,21,28,31,32,33,5,39,11,13,20
32,33,35,5,39,8,9,10,11,12,13,18,20,21,27,28,29,30>36,37,9,40,12,14,18,28,31,32,33,5,39,11,13,20
32,33,35,5,39,8,9,10,11,12,13,18,20,21,27,28,29,30>36,8,9,16,17,21,24,28,31,32,33,5,39,11,13,20
32,33,35,5,39,8,9,10,11,12,13,18,20,21,27,28,29,30>35,36,8,9,40,12,16,17,18,27,28,29,32,33,5,39,11,13,20
1,3,4,5,6,7,10,12,13,15,17,19,20,21,24,25,27,28,29,36,37,38,39,40>6,8,15,21,29,32,36,40,1,3,4,5,7,39,12,13,17,20,24,25,27
1,3,4,5,6,7,10,12,13,15,17,19,20,21,24,25,27,28,29,36,37,38,39,40>6,9,14,15,18,19,23,28,29,31,33,36,37,38,40,1,3,4,5,7,39,12,13,17,20,24,25,27
1,3,4,5,6,7,10,12,13,15,17,19,20,21,24,25,27,28,29,36,37,38,39,40>6,9,15,16,18,19,29,31,32,33,38,1,3,4,5,7,39,12,13,17,20,24,25,27
1,3,4,5,6,7,10,12,13,15,17,19,20,21,24,25,27,28,29,36,37,38,39,40>9,10,14,16,18,21,29,33,37,40,1,3,4,5,7,39,12,13,17,20,24,25,27
1,3,4,5,6,7,10,12,13,15,17,19,20,21,24,25,27,28,29,36,37,38,39,40>6,9,10,18,19,21,33,37,1,3,4,5,7,39,12,13,17,20,24,25,27
1,3,4,5,6,7,10,12,13,15,17,19,20,21,24,25,27,28,29,36,37,38,39,40>6,9,10,14,16,19,21,32,36,1,3,4,5,7,39,12,13,17,20,24,25,27
1,3,4,5,6,7,10,12,13,15,17,19,20,21,24,25,27,28,29,36,37,38,39,40>8,11,16,23,28,29,31,33,36,37,38,1,3,4,5,7,39,12,13,17,20,24,25,27
1,3,4,5,6,7,10,12,13,15,17,19,20,21,24,25,27,28,29,36,37,38,39,40>6,8,9,10,11,15,19,23,36,37,38,1,3,4,5,7,39,12,13,17,20,24,25,27
2,37,6,7,8,9,39,12,17,18,19,20,22,23,24,25,26,28,30>17,19,27,37,2,39,8,9,18,20,22,23,24,25,26,28,30
2,37,6,7,8,9,39,12,17,18,19,20,22,23,24,25,26,28,30>5,6,37,40,12,17,29,2,39,8,9,18,20,22,23,24,25,26,28,30
2,37,6,7,8,9,39,12,17,18,19,20,22,23,24,25,26,28,30>34,5,6,37,40,10,21,29,2,39,8,9,18,20,22,23,24,25,26,28,30
2,37,6,7,8,9,39,12,17,18,19,20,22,23,24,25,26,28,30>33,34,5,6,17,29,2,39,8,9,18,20,22,23,24,25,26,28,30
2,37,6,7,8,9,39,12,17,18,19,20,22,23,24,25,26,28,30>33,34,7,10,12,21,27,2,39,8,9,18,20,22,23,24,25,26,28,30
2,37,6,7,8,9,39,12,17,18,19,20,22,23,24,25,26,28,30>33,6,7,37,12,17,19,2,39,8,9,18,20,22,23,24,25,26,28,30
2,37,6,7,8,9,39,12,17,18,19,20,22,23,24,25,26,28,30>5,6,7,37,27,29,2,39,8,9,18,20,22,23,24,25,26,28,30
2,37,6,7,8,9,39,12,17,18,19,20,22,23,24,25,26,28,30>33,5,6,7,37,40,10,12,17,21,27,2,39,8,9,18,20,22,23,24,25,26,28,30
32,33,34,35,4,40,9,10,11,15,16,18,20,23,24>32,9,12,16,18,22,25,26,24,34,11
32,33,34,35,4,40,9,10,11,15,16,18,20,23,24>32,33,9,12,15,16,18,23,26,24,34,11
32,33,34,35,4,40,9,10,11,15,16,18,20,23,24>32,35,4,40,12,16,20,25,26,24,34,11
32,33,34,35,4,40,9,10,11,15,16,18,20,23,24>32,33,36,37,9,10,12,13,15,22,25,24,34,11
32,33,34,35,4,40,9,10,11,15,16,18,20,23,24>35,36,9,13,16,18,20,22,24,34,11
32,33,34,35,4,40,9,10,11,15,16,18,20,23,24>32,33,35,4,36,37,10,12,13,15,16,18,22,23,25,26,24,34,11
32,33,34,35,4,40,9,10,11,15,16,18,20,23,24>32,4,36,37,10,18,20,22,23,25,24,34,11
32,33,34,35,4,40,9,10,11,15,16,18,20,23,24>32,33,35,4,36,37,40,9,10,12,13,22,23,26,24,34,11
10,12,14,15,17,18,20,22,23,25,27,28,29,30,31,33,35,36,37,39,40>10,14,21,23,25,26,30,33,35,36,37,39,40,12,15,20,22,27,28,29,31
10,12,14,15,17,18,20,22,23,25,27,28,29,30,31,33,35,36,37,39,40>32,10,11,14,18,25,33,35,36,37,39,40,12,15,20,22,27,28,29,31
10,12,14,15,17,18,20,22,23,25,27,28,29,30,31,33,35,36,37,39,40>5,10,11,14,18,21,25,30,33,35,36,37,39,40,12,15,20,22,27,28,29,31
10,12,14,15,17,18,20,22,23,25,27,28,29,30,31,33,35,36,37,39,40>32,23,26,13,33,35,36,37,39,40,12,15,20,22,27,28,29,31
10,12,14,15,17,18,20,22,23,25,27,28,29,30,31,33,35,36,37,39,40>32,5,13,21,33,35,36,37,39,40,12,15,20,22,27,28,29,31
10,12,14,15,17,18,20,22,23,25,27,28,29,30,31,33,35,36,37,39,40>5,11,13,14,18,21,25,30,33,35,36,37,39,40,12,15,20,22,27,28,29,31
10,12,14,15,17,18,20,22,23,25,27,28,29,30,31,33,35,36,37,39,40>10,11,13,14,17,21,23,24,33,35,36,37,39,40,12,15,20,22,27,28,29,31
10,12,14,15,17,18,20,22,23,25,27,28,29,30,31,33,35,36,37,39,40>10,11,13,23,26,30,33,35,36,37,39,40,12,15,20,22,27,28,29,31
1,33,37,38,7,40,9,12,15,17,18,19,20,25,26,27,29,31>5,15,22,23,24,26,29,30,32,37,38,39,40,1,9,18,20,27,31
1,33,37,38,7,40,9,12,15,17,18,19,20,25,26,27,29,31>5,12,15,17,24,25,33,35,36,40,1,9,18,20,27,31
1,33,37,38,7,40,9,12,15,17,18,19,20,25,26,27,29,31>5,12,15,22,23,24,26,29,32,33,35,36,37,38,1,9,18,20,27,31
1,33,37,38,7,40,9,12,15,17,18,19,20,25,26,27,29,31>7,12,15,19,24,29,32,33,37,38,1,9,18,20,27,31
1,33,37,38,7,40,9,12,15,17,18,19,20,25,26,27,29,31>15,17,19,23,24,25,26,29,32,38,39,40,1,9,18,20,27,31
1,33,37,38,7,40,9,12,15,17,18,19,20,25,26,27,29,31>5,7,15,17,19,23,26,29,35,38,39,40,1,9,18,20,27,31
1,33,37,38,7,40,9,12,15,17,18,19,20,25,26,27,29,31>5,12,15,17,25,29,32,37,1,9,18,20,27,31
1,33,37,38,7,40,9,12,15,17,18,19,20,25,26,27,29,31>5,7,12,15,17,23,29,35,1,9,18,20,27,31
32,2,35,5,6,38,8,9,10,12,14,16,17,18,19,20,25,27,29,31>6,12,13,15,16,19,22,25,32,2,35,5,8,10,18,20,27,31
32,2,35,5,6,38,8,9,10,12,14,16,17,18,19,20,25,27,29,31>37,38,13,14,22,25,32,2,35,5,8,10,18,20,27,31
32,2,35,5,6,38,8,9,10,12,14,16,17,18,19,20,25,27,29,31>37,38,39,11,13,16,19,32,2,35,5,8,10,18,20,27,31
32,2,35,5,6,38,8,9,10,12,14,16,17,18,19,20,25,27,29,31>6,9,11,14,24,29,32,2,35,5,8,10,18,20,27,31
32,2,35,5,6,38,8,9,10,12,14,16,17,18,19,20,25,27,29,31>37,6,9,15,16,17,19,22,23,24,25,29,32,2,35,5,8,10,18,20,27,31
32,2,35,5,6,38,8,9,10,12,14,16,17,18,19,20,25,27,29,31>6,38,39,9,12,17,19,22,24,32,2,35,5,8,10,18,20,27,31
32,2,35,5,6,38,8,9,10,12,14,16,17,18,19,20,25,27,29,31>6,38,39,9,11,14,22,25,32,2,35,5,8,10,18,20,27,31
32,2,35,5,6,38,8,9,10,12,14,16,17,18,19,20,25,27,29,31>37,6,38,39,9,13,14,15,16,23,25,32,2,35,5,8,10,18,20,27,31
32,1,3,36,37,38,7,39,9,11,12,15,20,31>11,34,15,7,1,3,38,39,9
32,1,3,36,37,38,7,39,9,11,12,15,20,31>34,15,20,24,31,1,3,38,39,9
32,1,3,36,37,38,7,39,9,11,12,15,20,31>35,37,7,11,12,15,20,24,1,3,38,39,9
32,1,3,36,37,38,7,39,9,11,12,15,20,31>32,34,37,7,1,3,38,39,9
32,1,3,36,37,38,7,39,9,11,12,15,20,31>32,34,35,1,3,38,39,9
32,1,3,36,37,38,7,39,9,11,12,15,20,31>34,35,5,37,15,24,1,3,38,39,9
32,1,3,36,37,38,7,39,9,11,12,15,20,31>36,5,37,7,12,24,1,3,38,39,9
32,1,3,36,37,38,7,39,9,11,12,15,20,31>32,35,36,5,15,1,3,38,39,9
1,33,34,4,35,37,7,12,14,16,19,21,24,25,26,28,29,30,31>16,19,21,23,26,27,31,34,40,1,33,35,37,7,25,30
1,33,34,4,35,37,7,12,14,16,19,21,24,25,26,28,29,30,31>4,5,9,19,21,23,26,27,29,36,1,33,35,37,7,25,30
1,33,34,4,35,37,7,12,14,16,19,21,24,25,26,28,29,30,31>12,15,16,18,20,21,23,24,27,28,29,31,36,1,33,35,37,7,25,30
1,33,34,4,35,37,7,12,14,16,19,21,24,25,26,28,29,30,31>4,5,12,16,18,20,21,26,29,40,1,33,35,37,7,25,30
1,33,34,4,35,37,7,12,14,16,19,21,24,25,26,28,29,30,31>4,5,12,15,16,18,20,23,24,26,28,31,36,40,1,33,35,37,7,25,30
1,33,34,4,35,37,7,12,14,16,19,21,24,25,26,28,29,30,31>4,9,14,15,18,19,21,26,27,28,34,40,1,33,35,37,7,25,30
1,33,34,4,35,37,7,12,14,16,19,21,24,25,26,28,29,30,31>5,9,14,16,20,27,28,29,34,36,40,1,33,35,37,7,25,30
1,33,34,4,35,37,7,12,14,16,19,21,24,25,26,28,29,30,31>9,12,14,18,19,23,28,29,34,40,1,33,35,37,7,25,30
3,6,8,9,11,13,16,17,18,19,20,21,22,23,24,26,27,31,32,36,37>35,9,13,27,28,32,3,8,16,17,18,20,21,22,23,24,26,31
3,6,8,9,11,13,16,17,18,19,20,21,22,23,24,26,27,31,32,36,37>34,5,37,19,28,30,32,3,8,16,17,18,20,21,22,23,24,26,31
3,6,8,9,11,13,16,17,18,19,20,21,22,23,24,26,27,31,32,36,37>34,5,37,38,14,19,27,28,32,3,8,16,17,18,20,21,22,23,24,26,31
3,6,8,9,11,13,16,17,18,19,20,21,22,23,24,26,27,31,32,36,37>5,6,11,19,27,29,30,32,3,8,16,17,18,20,21,22,23,24,26,31
3,6,8,9,11,13,16,17,18,19,20,21,22,23,24,26,27,31,32,36,37>35,6,9,39,11,14,28,32,3,8,16,17,18,20,21,22,23,24,26,31
3,6,8,9,11,13,16,17,18,19,20,21,22,23,24,26,27,31,32,36,37>5,6,37,38,9,39,11,25,32,3,8,16,17,18,20,21,22,23,24,26,31
3,6,8,9,11,13,16,17,18,19,20,21,22,23,24,26,27,31,32,36,37>34,5,6,37,38,9,39,13,27,28,29,32,3,8,16,17,18,20,21,22,23,24,26,31
3,6,8,9,11,13,16,17,18,19,20,21,22,23,24,26,27,31,32,36,37>34,35,36,5,6,37,38,39,13,14,19,29,32,3,8,16,17,18,20,21,22,23,24,26,31
32,1,33,3,4,5,35,36,37,40,14,15,17,18,20,21,22,24,25,30>33,35,5,38,39,14,17,18,1,3,4,37,36,40,15,20,21,22,24,25
32,1,33,3,4,5,35,36,37,40,14,15,17,18,20,21,22,24,25,30>34,7,39,28,29,1,3,4,37,36,40,15,20,21,22,24,25
32,1,33,3,4,5,35,36,37,40,14,15,17,18,20,21,22,24,25,30>33,34,38,39,28,30,1,3,4,37,36,40,15,20,21,22,24,25
32,1,33,3,4,5,35,36,37,40,14,15,17,18,20,21,22,24,25,30>32,5,7,39,29,1,3,4,37,36,40,15,20,21,22,24,25
32,1,33,3,4,5,35,36,37,40,14,15,17,18,20,21,22,24,25,30>34,5,38,39,18,27,30,1,3,4,37,36,40,15,20,21,22,24,25
32,1,33,3,4,5,35,36,37,40,14,15,17,18,20,21,22,24,25,30>35,5,38,14,17,27,28,29,30,1,3,4,37,36,40,15,20,21,22,24,25
32,1,33,3,4,5,35,36,37,40,14,15,17,18,20,21,22,24,25,30>35,5,18,27,29,30,1,3,4,37,36,40,15,20,21,22,24,25
32,1,33,3,4,5,35,36,37,40,14,15,17,18,20,21,22,24,25,30>33,35,5,7,39,17,18,1,3,4,37,36,40,15,20,21,22,24,25
4,5,6,7,10,13,16,17,18,19,20,21,23,24,25,26,28,30,31,33,37,39,40>34,35,4,7,37,14,19,21,22,27,28,31,33,5,39,40,13,16,17,18,20,23,24,25,26,30
4,5,6,7,10,13,16,17,18,19,20,21,23,24,25,26,28,30,31,33,37,39,40>36,7,37,19,22,28,31,33,5,39,40,13,16,17,18,20,23,24,25,26,30
4,5,6,7,10,13,16,17,18,19,20,21,23,24,25,26,28,30,31,33,37,39,40>34,6,9,10,14,19,27,28,31,33,5,39,40,13,16,17,18,20,23,24,25,26,30
4,5,6,7,10,13,16,17,18,19,20,21,23,24,25,26,28,30,31,33,37,39,40>35,6,7,22,27,28,33,5,39,40,13,16,17,18,20,23,24,25,26,30
4,5,6,7,10,13,16,17,18,19,20,21,23,24,25,26,28,30,31,33,37,39,40>35,6,8,10,11,37,14,19,22,27,28,31,33,5,39,40,13,16,17,18,20,23,24,25,26,30
4,5,6,7,10,13,16,17,18,19,20,21,23,24,25,26,28,30,31,33,37,39,40>34,36,6,10,11,37,22,28,31,33,5,39,40,13,16,17,18,20,23,24,25,26,30
4,5,6,7,10,13,16,17,18,19,20,21,23,24,25,26,28,30,31,33,37,39,40>34,36,6,8,9,11,14,21,27,33,5,39,40,13,16,17,18,20,23,24,25,26,30
4,5,6,7,10,13,16,17,18,19,20,21,23,24,25,26,28,30,31,33,37,39,40>35,36,6,7,8,10,11,19,22,27,33,5,39,40,13,16,17,18,20,23,24,25,26,30
1,33,34,36,37,39,40,9,11,12,13,16,21,23,24,26,27,28,29>5,9,17,20,21,25,29,30,32,37,40,1,33,36,16,26
1,33,34,36,37,39,40,9,11,12,13,16,21,23,24,26,27,28,29>5,9,17,20,21,25,27,29,34,37,40,1,33,36,16,26
1,33,34,36,37,39,40,9,11,12,13,16,21,23,24,26,27,28,29>5,9,20,23,24,25,30,31,39,40,1,33,36,16,26
1,33,34,36,37,39,40,9,11,12,13,16,21,23,24,26,27,28,29>9,12,23,24,25,28,34,40,1,33,36,16,26
1,33,34,36,37,39,40,9,11,12,13,16,21,23,24,26,27,28,29>5,9,13,14,17,23,25,28,29,30,37,39,1,33,36,16,26
1,33,34,36,37,39,40,9,11,12,13,16,21,23,24,26,27,28,29>9,11,13,14,20,23,24,27,30,32,37,39,40,1,33,36,16,26
1,33,34,36,37,39,40,9,11,12,13,16,21,23,24,26,27,28,29>5,11,12,13,14,17,20,21,27,28,29,31,34,37,40,1,33,36,16,26
1,33,34,36,37,39,40,9,11,12,13,16,21,23,24,26,27,28,29>9,11,12,13,14,17,20,23,24,25,29,31,34,37,40,1,33,36,16,26
2,4,6,7,8,9,12,14,16,17,18,21,22,23,24,25,26,29,30,33,34,35,37,38,40>5,14,15,16,23,27,33,35,38,2,37,8,9,40,21,22,25,26,29,30
2,4,6,7,8,9,12,14,16,17,18,21,22,23,24,25,26,29,30,33,34,35,37,38,40>4,5,12,14,15,20,24,27,34,36,2,37,8,9,40,21,22,25,26,29,30
2,4,6,7,8,9,12,14,16,17,18,21,22,23,24,25,26,29,30,33,34,35,37,38,40>7,12,17,20,23,24,27,33,35,2,37,8,9,40,21,22,25,26,29,30
2,4,6,7,8,9,12,14,16,17,18,21,22,23,24,25,26,29,30,33,34,35,37,38,40>5,7,12,14,15,16,20,27,34,35,38,2,37,8,9,40,21,22,25,26,29,30
2,4,6,7,8,9,12,14,16,17,18,21,22,23,24,25,26,29,30,33,34,35,37,38,40>6,7,12,14,23,24,33,34,35,38,2,37,8,9,40,21,22,25,26,29,30
2,4,6,7,8,9,12,14,16,17,18,21,22,23,24,25,26,29,30,33,34,35,37,38,40>10,14,15,17,18,34,35,36,38,2,37,8,9,40,21,22,25,26,29,30
2,4,6,7,8,9,12,14,16,17,18,21,22,23,24,25,26,29,30,33,34,35,37,38,40>4,5,6,10,12,15,16,17,20,27,36,2,37,8,9,40,21,22,25,26,29,30
2,4,6,7,8,9,12,14,16,17,18,21,22,23,24,25,26,29,30,33,34,35,37,38,40>4,5,7,10,12,14,15,16,27,33,34,35,36,38,2,37,8,9,40,21,22,25,26,29,30
1,2,3,4,37,38,39,40,10,13,17,18,21,22,25,26,29,30,31>35,6,11,14,16,18,20,25,27,1,2,3,4,39,40,13,17,21,22,29,30
1,2,3,4,37,38,39,40,10,13,17,18,21,22,25,26,29,30,31>37,6,11,14,16,28,1,2,3,4,39,40,13,17,21,22,29,30
1,2,3,4,37,38,39,40,10,13,17,18,21,22,25,26,29,30,31>35,37,7,10,11,14,16,20,26,31,1,2,3,4,39,40,13,17,21,22,29,30
1,2,3,4,37,38,39,40,10,13,17,18,21,22,25,26,29,30,31>6,7,10,11,14,16,20,25,27,28,31,1,2,3,4,39,40,13,17,21,22,29,30
1,2,3,4,37,38,39,40,10,13,17,18,21,22,25,26,29,30,31>35,6,7,10,11,14,18,20,26,28,1,2,3,4,39,40,13,17,21,22,29,30
1,2,3,4,37,38,39,40,10,13,17,18,21,22,25,26,29,30,31>6,38,10,16,26,31,1,2,3,4,39,40,13,17,21,22,29,30
1,2,3,4,37,38,39,40,10,13,17,18,21,22,25,26,29,30,31>35,6,38,10,11,14,16,18,26,27,28,1,2,3,4,39,40,13,17,21,22,29,30
1,2,3,4,37,38,39,40,10,13,17,18,21,22,25,26,29,30,31>6,7,38,14,16,18,20,27,31,1,2,3,4,39,40,13,17,21,22,29,30
1,2,3,4,5,34,39,40,9,11,12,13,17,20,21,22,23,26,29,31>35,9,12,14,21,24,1,2,3,17,20,26,29
1,2,3,4,5,34,39,40,9,11,12,13,17,20,21,22,23,26,29,31>34,4,40,11,12,13,16,22,23,30,1,2,3,17,20,26,29
1,2,3,4,5,34,39,40,9,11,12,13,17,20,21,22,23,26,29,31>35,4,5,40,11,21,22,24,30,31,1,2,3,17,20,26,29
1,2,3,4,5,34,39,40,9,11,12,13,17,20,21,22,23,26,29,31>34,35,7,39,40,11,12,13,21,22,31,1,2,3,17,20,26,29
1,2,3,4,5,34,39,40,9,11,12,13,17,20,21,22,23,26,29,31>35,4,7,39,13,14,16,22,23,30,31,1,2,3,17,20,26,29
1,2,3,4,5,34,39,40,9,11,12,13,17,20,21,22,23,26,29,31>35,5,7,14,16,23,24,30,1,2,3,17,20,26,29
1,2,3,4,5,34,39,40,9,11,12,13,17,20,21,22,23,26,29,31>34,35,5,7,12,14,16,21,23,28,30,1,2,3,17,20,26,29
1,2,3,4,5,34,39,40,9,11,12,13,17,20,21,22,23,26,29,31>35,4,5,7,39,9,40,11,22,23,28,30,1,2,3,17,20,26,29
3,5,6,9,10,12,13,14,16,18,20,21,22,23,25,30,31,33,36,37,38,39>15,17,18,23,24,25,26,27,28,31,34,35,37,3,36,5,39,10,13,14,16,20,21,22
3,5,6,9,10,12,13,14,16,18,20,21,22,23,25,30,31,33,36,37,38,39>4,6,9,12,17,28,30,33,37,40,3,36,5,39,10,13,14,16,20,21,22
3,5,6,9,10,12,13,14,16,18,20,21,22,23,25,30,31,33,36,37,38,39>4,8,9,12,17,18,25,28,31,34,37,40,3,36,5,39,10,13,14,16,20,21,22
3,5,6,9,10,12,13,14,16,18,20,21,22,23,25,30,31,33,36,37,38,39>6,11,17,18,24,25,26,27,29,30,33,34,35,37,40,3,36,5,39,10,13,14,16,20,21,22
3,5,6,9,10,12,13,14,16,18,20,21,22,23,25,30,31,33,36,37,38,39>6,11,12,15,17,24,25,28,34,38,3,36,5,39,10,13,14,16,20,21,22
3,5,6,9,10,12,13,14,16,18,20,21,22,23,25,30,31,33,36,37,38,39>4,8,11,15,17,23,24,25,27,29,31,33,34,35,38,40,3,36,5,39,10,13,14,16,20,21,22
3,5,6,9,10,12,13,14,16,18,20,21,22,23,25,30,31,33,36,37,38,39>9,11,17,18,27,28,33,37,38,40,3,36,5,39,10,13,14,16,20,21,22
3,5,6,9,10,12,13,14,16,18,20,21,22,23,25,30,31,33,36,37,38,39>4,6,8,9,11,17,24,25,27,28,29,30,31,33,34,35,37,38,3,36,5,39,10,13,14,16,20,21,22
3,4,5,6,8,9,10,12,13,21,22,24,25,26,28,32,33,34,35,36,40>35,38,40,14,16,17,20,22,24,26,29,33,34,3,4,36,8,9,10,13,25,28
3,4,5,6,8,9,10,12,13,21,22,24,25,26,28,32,33,34,35,36,40>35,5,40,12,16,17,20,21,22,24,27,29,33,34,3,4,36,8,9,10,13,25,28
3,4,5,6,8,9,10,12,13,21,22,24,25,26,28,32,33,34,35,36,40>35,6,11,26,27,29,30,33,34,3,4,36,8,9,10,13,25,28
3,4,5,6,8,9,10,12,13,21,22,24,25,26,28,32,33,34,35,36,40>32,35,5,6,40,12,14,16,17,21,22,24,26,33,34,3,4,36,8,9,10,13,25,28
3,4,5,6,8,9,10,12,13,21,22,24,25,26,28,32,33,34,35,36,40>32,35,5,6,40,14,22,24,30,33,34,3,4,36,8,9,10,13,25,28
3,4,5,6,8,9,10,12,13,21,22,24,25,26,28,32,33,34,35,36,40>32,35,37,38,11,14,16,20,24,27,33,34,3,4,36,8,9,10,13,25,28
3,4,5,6,8,9,10,12,13,21,22,24,25,26,28,32,33,34,35,36,40>35,5,37,38,11,16,20,27,30,33,34,3,4,36,8,9,10,13,25,28
3,4,5,6,8,9,10,12,13,21,22,24,25,26,28,32,33,34,35,36,40>32,6,37,38,14,16,17,20,22,24,26,27,29,30,33,34,3,4,36,8,9,10,13,25,28
33,34,4,8,40,11,12,13,19,20,22,23,24,28,29,30,31>34,11,14,19,20,25,33,40,23,24,28,29
33,34,4,8,40,11,12,13,19,20,22,23,24,28,29,30,31>4,11,14,18,19,25,33,40,23,24,28,29
33,34,4,8,40,11,12,13,19,20,22,23,24,28,29,30,31>34,4,12,13,16,19,22,26,31,33,40,23,24,28,29
33,34,4,8,40,11,12,13,19,20,22,23,24,28,29,30,31>34,4,36,11,12,13,14,16,17,18,19,20,22,26,30,33,40,23,24,28,29
33,34,4,8,40,11,12,13,19,20,22,23,24,28,29,30,31>34,35,4,36,11,12,13,16,18,19,20,22,26,30,33,40,23,24,28,29
33,34,4,8,40,11,12,13,19,20,22,23,24,28,29,30,31>34,35,4,36,11,12,13,14,17,18,20,30,33,40,23,24,28,29
33,34,4,8,40,11,12,13,19,20,22,23,24,28,29,30,31>35,8,11,12,13,14,16,19,22,25,31,33,40,23,24,28,29
33,34,4,8,40,11,12,13,19,20,22,23,24,28,29,30,31>34,4,8,13,14,16,17,20,26,33,40,23,24,28,29
1,3,4,7,8,10,11,12,17,19,21,22,23,24,25,26,27,28,30,32,34,35,36,37,39>4,8,17,18,19,29,31,35,38,39,32,1,34,3,37,7,11,23,25,26,27,28,30
1,3,4,7,8,10,11,12,17,19,21,22,23,24,25,26,27,28,30,32,34,35,36,37,39>5,8,13,17,18,21,24,31,33,32,1,34,3,37,7,11,23,25,26,27,28,30
1,3,4,7,8,10,11,12,17,19,21,22,23,24,25,26,27,28,30,32,34,35,36,37,39>4,5,8,17,18,19,21,22,24,31,33,35,36,39,32,1,34,3,37,7,11,23,25,26,27,28,30
1,3,4,7,8,10,11,12,17,19,21,22,23,24,25,26,27,28,30,32,34,35,36,37,39>4,9,13,17,18,22,33,35,32,1,34,3,37,7,11,23,25,26,27,28,30
1,3,4,7,8,10,11,12,17,19,21,22,23,24,25,26,27,28,30,32,34,35,36,37,39>5,8,9,12,13,17,18,19,22,31,36,38,40,32,1,34,3,37,7,11,23,25,26,27,28,30
1,3,4,7,8,10,11,12,17,19,21,22,23,24,25,26,27,28,30,32,34,35,36,37,39>10,17,19,21,22,31,36,39,40,32,1,34,3,37,7,11,23,25,26,27,28,30
1,3,4,7,8,10,11,12,17,19,21,22,23,24,25,26,27,28,30,32,34,35,36,37,39>8,10,12,17,21,31,33,35,36,39,40,32,1,34,3,37,7,11,23,25,26,27,28,30
1,3,4,7,8,10,11,12,17,19,21,22,23,24,25,26,27,28,30,32,34,35,36,37,39>8,9,10,13,18,19,22,31,36,38,40,32,1,34,3,37,7,11,23,25,26,27,28,30
1,3,4,9,14,15,16,17,18,20,21,23,24,26,27,28,29,30,33,35,37,38,39>35,36,14,16,25,29,31,1,33,3,4,37,39,15,20,24,26,30
1,3,4,9,14,15,16,17,18,20,21,23,24,26,27,28,29,30,33,35,37,38,39>32,38,40,16,17,18,28,29,1,33,3,4,37,39,15,20,24,26,30
1,3,4,9,14,15,16,17,18,20,21,23,24,26,27,28,29,30,33,35,37,38,39>32,35,36,38,9,14,21,22,27,1,33,3,4,37,39,15,20,24,26,30
1,3,4,9,14,15,16,17,18,20,21,23,24,26,27,28,29,30,33,35,37,38,39>7,14,16,17,18,21,22,27,31,1,33,3,4,37,39,15,20,24,26,30
1,3,4,9,14,15,16,17,18,20,21,23,24,26,27,28,29,30,33,35,37,38,39>32,35,36,7,14,17,18,22,23,25,27,29,1,33,3,4,37,39,15,20,24,26,30
1,3,4,9,14,15,16,17,18,20,21,23,24,26,27,28,29,30,33,35,37,38,39>38,7,9,17,21,23,25,27,28,29,1,33,3,4,37,39,15,20,24,26,30
1,3,4,9,14,15,16,17,18,20,21,23,24,26,27,28,29,30,33,35,37,38,39>32,35,38,7,40,14,16,21,22,25,27,29,31,1,33,3,4,37,39,15,20,24,26,30
1,3,4,9,14,15,16,17,18,20,21,23,24,26,27,28,29,30,33,35,37,38,39>32,36,38,7,40,9,17,18,21,23,29,1,33,3,4,37,39,15,20,24,26,30
