Cell size,Cln3,SBF,MBF,Cln1^2,Sic1,Cln5^6,Cdh1,Clb1^2,Mcm1/SFF,Cdc20^Cdc14,Swi5
2,5,6,7,8,9,11,12>5,6,7,8,9,10,12,11
2,5,6,7,8,9,11,12>2,6,7,8,9,10,12,11
2,5,6,7,8,9,11,12>2,5,7,8,9,10,12,11
2,5,6,7,8,9,11,12>2,5,6,8,9,10,12,11
2,5,6,7,8,9,11,12>2,5,6,7,10,12,11
2,5,6,7,8,9,11,12>2,5,6,7,8,12,11
2,5,6,7,8,9,11,12>2,5,6,7,8,10,11
2,5,6,7,8,9,11,12>2,5,6,7,8,9,11
2,5,6,7,8,9,11,12>2,5,6,7,9,12,11
2,5,6,7,8,9,11,12>2,5,6,7,9,10,11
1,3,4,6,7,9>2,3,4,5,6,10,11,9,7
1,3,4,6,7,9>1,3,4,5,6,10,11,9,7
1,3,4,6,7,9>1,2,4,5,6,10,11,9,7
1,3,4,6,7,9>1,2,3,5,6,10,11,9,7
1,3,4,6,7,9>1,2,3,4,10,11,9,7
1,3,4,6,7,9>1,2,3,4,5,11,9,7
1,3,4,6,7,9>1,2,3,4,5,10,9,7
1,3,4,6,7,9>1,2,3,4,5,6,9,7
1,3,4,6,7,9>1,2,3,4,6,11,9,7
1,3,4,6,7,9>1,2,3,4,6,10,9,7
1,4,5,11,12>5,6,11,4,12
1,4,5,11,12>1,6,11,4,12
1,4,5,11,12>1,5,6,4,12
1,4,5,11,12>1,5,11,4,12
1,4,5,11,12>1,2,5,4,12
1,4,5,11,12>2,5,6,4,12
1,4,5,11,12>1,2,11,4,12
1,4,5,11,12>1,2,6,4,12
1,4,5,11,12>2,5,11,4,12
1,4,5,11,12>2,6,11,4,12
1,2,4,6,7,11,12>7,10,11,2,4,12,6
1,2,4,6,7,11,12>1,10,11,2,4,12,6
1,2,4,6,7,11,12>1,7,10,2,4,12,6
1,2,4,6,7,11,12>1,7,11,2,4,12,6
1,2,4,6,7,11,12>1,3,7,2,4,12,6
1,2,4,6,7,11,12>3,7,10,2,4,12,6
1,2,4,6,7,11,12>1,3,11,2,4,12,6
1,2,4,6,7,11,12>1,3,10,2,4,12,6
1,2,4,6,7,11,12>3,7,11,2,4,12,6
1,2,4,6,7,11,12>3,10,11,2,4,12,6
2,3,6,7,8,9,11>5,6,7,8,9,10,11,3
2,3,6,7,8,9,11>2,6,7,8,9,10,11,3
2,3,6,7,8,9,11>2,5,8,9,10,11,3
2,3,6,7,8,9,11>2,5,6,9,10,11,3
2,3,6,7,8,9,11>2,5,6,8,11,3
2,3,6,7,8,9,11>2,5,6,7,10,11,3
2,3,6,7,8,9,11>2,5,6,7,9,11,3
2,3,6,7,8,9,11>2,5,7,8,10,11,3
2,3,6,7,8,9,11>2,5,7,8,9,11,3
2,3,6,7,8,9,11>2,5,7,9,10,11,3
2,4,5,6,7,10>3,5,6,9,11,12,10,4,7
2,4,5,6,7,10>2,5,6,9,11,12,10,4,7
2,4,5,6,7,10>2,3,9,11,12,10,4,7
2,4,5,6,7,10>2,3,5,11,12,10,4,7
2,4,5,6,7,10>2,3,5,9,10,4,7
2,4,5,6,7,10>2,3,5,6,12,10,4,7
2,4,5,6,7,10>2,3,5,6,11,10,4,7
2,4,5,6,7,10>2,3,6,9,12,10,4,7
2,4,5,6,7,10>2,3,6,9,11,10,4,7
2,4,5,6,7,10>2,3,6,11,12,10,4,7
1,5,6,7,8,11,12>2,5,7,8,10,11,12,6
1,5,6,7,8,11,12>1,5,7,8,10,11,12,6
1,5,6,7,8,11,12>1,2,8,10,11,12,6
1,5,6,7,8,11,12>1,2,5,10,11,12,6
1,5,6,7,8,11,12>1,2,5,8,12,6
1,5,6,7,8,11,12>1,2,5,7,11,12,6
1,5,6,7,8,11,12>1,2,5,7,10,12,6
1,5,6,7,8,11,12>1,2,7,8,11,12,6
1,5,6,7,8,11,12>1,2,7,8,10,12,6
1,5,6,7,8,11,12>1,2,7,10,11,12,6
1,10,4,5>2,5,7,9,10,11,12,4
1,10,4,5>1,5,7,9,10,11,12,4
1,10,4,5>1,2,7,9,10,11,12,4
1,10,4,5>1,2,5,9,10,11,12,4
1,10,4,5>1,2,5,7,11,12,4
1,10,4,5>1,2,5,7,9,12,4
1,10,4,5>1,2,5,7,9,11,4
1,10,4,5>1,2,5,7,9,10,4
1,10,4,5>1,2,5,7,10,12,4
1,10,4,5>1,2,5,7,10,11,4
1,4,5,6,8,12>5,8,12,4,6
1,4,5,6,8,12>1,8,12,4,6
1,4,5,6,8,12>1,5,8,4,6
1,4,5,6,8,12>1,5,12,4,6
1,4,5,6,8,12>1,2,5,4,6
1,4,5,6,8,12>2,5,8,4,6
1,4,5,6,8,12>1,2,12,4,6
1,4,5,6,8,12>1,2,8,4,6
1,4,5,6,8,12>2,5,12,4,6
1,4,5,6,8,12>2,8,12,4,6
8,9,3,5>9,10,11,5
8,9,3,5>3,10,11,5
8,9,3,5>3,9,10,5
8,9,3,5>3,9,11,5
8,9,3,5>3,8,9,5
8,9,3,5>8,9,10,5
8,9,3,5>3,8,11,5
8,9,3,5>3,8,10,5
8,9,3,5>8,9,11,5
8,9,3,5>8,10,11,5
