Cell size,Cln3,SBF,MBF,Cln1^2,Sic1,Cln5^6,Cdh1,Clb1^2,Mcm1/SFF,Cdc20^Cdc14,Swi5
2,4,7,8,10>3,8,9,11,12,10,4,7
2,4,7,8,10>2,9,11,12,10,4,7
2,4,7,8,10>2,3,11,12,10,4,7
2,4,7,8,10>2,3,9,11,10,4,7
2,4,7,8,10>2,3,9,12,10,4,7
2,4,7,8,10>2,3,8,9,10,4,7
2,4,7,8,10>2,8,9,11,10,4,7
2,4,7,8,10>2,3,8,12,10,4,7
2,4,7,8,10>2,3,8,11,10,4,7
2,4,7,8,10>2,8,9,12,10,4,7
2,3,7,8,10,12>4,5,8,9,11,10,3,12,7
2,3,7,8,10,12>2,8,9,11,10,3,12,7
2,3,7,8,10,12>2,4,9,11,10,3,12,7
2,3,7,8,10,12>2,4,8,9,10,3,12,7
2,3,7,8,10,12>2,4,8,11,10,3,12,7
2,3,7,8,10,12>2,4,5,8,10,3,12,7
2,3,7,8,10,12>2,5,8,9,10,3,12,7
2,3,7,8,10,12>2,4,5,11,10,3,12,7
2,3,7,8,10,12>2,4,5,9,10,3,12,7
2,3,7,8,10,12>2,5,8,11,10,3,12,7
3,4,6,7,9,12>4,5,6,10,11,12,9,7
3,4,6,7,9,12>3,5,6,10,11,12,9,7
3,4,6,7,9,12>3,4,10,11,12,9,7
3,4,6,7,9,12>3,4,5,11,12,9,7
3,4,6,7,9,12>3,4,5,10,9,7
3,4,6,7,9,12>3,4,5,6,12,9,7
3,4,6,7,9,12>3,4,5,6,11,9,7
3,4,6,7,9,12>3,4,6,10,12,9,7
3,4,6,7,9,12>3,4,6,10,11,9,7
3,4,6,7,9,12>3,4,6,11,12,9,7
2,3,4,5,6,7,8,9,11>6,7,8,9,10,11,3,4,5
2,3,4,5,6,7,8,9,11>2,8,9,10,11,3,4,5
2,3,4,5,6,7,8,9,11>2,6,9,10,11,3,4,5
2,3,4,5,6,7,8,9,11>2,6,8,9,11,3,4,5
2,3,4,5,6,7,8,9,11>2,6,8,10,11,3,4,5
2,3,4,5,6,7,8,9,11>2,6,7,8,11,3,4,5
2,3,4,5,6,7,8,9,11>2,7,8,9,11,3,4,5
2,3,4,5,6,7,8,9,11>2,6,7,10,11,3,4,5
2,3,4,5,6,7,8,9,11>2,6,7,9,11,3,4,5
2,3,4,5,6,7,8,9,11>2,7,8,10,11,3,4,5
2,3,7,10,11,12>4,5,6,7,9,11,10,3,12
2,3,7,10,11,12>2,6,7,9,11,10,3,12
2,3,7,10,11,12>2,4,7,9,11,10,3,12
2,3,7,10,11,12>2,4,6,7,11,10,3,12
2,3,7,10,11,12>2,4,6,9,11,10,3,12
2,3,7,10,11,12>2,4,5,6,11,10,3,12
2,3,7,10,11,12>2,5,6,7,11,10,3,12
2,3,7,10,11,12>2,4,5,9,11,10,3,12
2,3,7,10,11,12>2,4,5,7,11,10,3,12
2,3,7,10,11,12>2,5,6,9,11,10,3,12
5,6,7,8,9,12>6,7,8,9,10,11,12
5,6,7,8,9,12>5,7,8,9,10,11,12
5,6,7,8,9,12>5,6,8,9,10,11,12
5,6,7,8,9,12>5,6,7,9,10,11,12
5,6,7,8,9,12>5,6,7,8,11,12
5,6,7,8,9,12>5,6,7,8,9,12
5,6,7,8,9,12>5,6,7,8,9,11
5,6,7,8,9,12>5,6,7,8,9,10
5,6,7,8,9,12>5,6,7,8,10,12
5,6,7,8,9,12>5,6,7,8,10,11
6,7,8,9,10,12>8,11,12,9,10
6,7,8,9,10,12>6,11,12,9,10
6,7,8,9,10,12>6,8,11,9,10
6,7,8,9,10,12>6,8,12,9,10
6,7,8,9,10,12>6,7,8,9,10
6,7,8,9,10,12>7,8,11,9,10
6,7,8,9,10,12>6,7,12,9,10
6,7,8,9,10,12>6,7,11,9,10
6,7,8,9,10,12>7,8,12,9,10
6,7,8,9,10,12>7,11,12,9,10
5,6,7,8,9,10,12>6,7,8,11,12,9,10
5,6,7,8,9,10,12>5,8,11,12,9,10
5,6,7,8,9,10,12>5,6,11,12,9,10
5,6,7,8,9,10,12>5,6,8,11,9,10
5,6,7,8,9,10,12>5,6,8,12,9,10
5,6,7,8,9,10,12>5,6,7,8,9,10
5,6,7,8,9,10,12>5,7,8,11,9,10
5,6,7,8,9,10,12>5,6,7,12,9,10
5,6,7,8,9,10,12>5,6,7,11,9,10
5,6,7,8,9,10,12>5,7,8,12,9,10
3,4,6,9,10,12>5,11,12,9,10,6
3,4,6,9,10,12>3,11,12,9,10,6
3,4,6,9,10,12>3,5,11,9,10,6
3,4,6,9,10,12>3,5,12,9,10,6
3,4,6,9,10,12>3,4,5,9,10,6
3,4,6,9,10,12>4,5,11,9,10,6
3,4,6,9,10,12>3,4,12,9,10,6
3,4,6,9,10,12>3,4,11,9,10,6
3,4,6,9,10,12>4,5,12,9,10,6
3,4,6,9,10,12>4,11,12,9,10,6
10,11,2,3>4,5,6,8,10,12,3,11
10,11,2,3>2,5,6,8,10,12,3,11
10,11,2,3>2,4,8,10,12,3,11
10,11,2,3>2,4,5,10,12,3,11
10,11,2,3>2,4,5,8,3,11
10,11,2,3>2,4,5,6,12,3,11
10,11,2,3>2,4,5,6,10,3,11
10,11,2,3>2,4,6,8,12,3,11
10,11,2,3>2,4,6,8,10,3,11
10,11,2,3>2,4,6,10,12,3,11
