Cell size,Cln3,SBF,MBF,Cln1^2,Sic1,Cln5^6,Cdh1,Clb1^2,Mcm1/SFF,Cdc20^Cdc14,Swi5
1,3,4,5,10,12>2,7,9,10,11,12,3,4,5
1,3,4,5,10,12>1,9,10,11,12,3,4,5
1,3,4,5,10,12>1,2,10,11,12,3,4,5
1,3,4,5,10,12>1,2,9,10,12,3,4,5
1,3,4,5,10,12>1,2,9,11,12,3,4,5
1,3,4,5,10,12>1,2,7,9,12,3,4,5
1,3,4,5,10,12>1,7,9,10,12,3,4,5
1,3,4,5,10,12>1,2,7,11,12,3,4,5
1,3,4,5,10,12>1,2,7,10,12,3,4,5
1,3,4,5,10,12>1,7,9,11,12,3,4,5
1,4,9,7>4,10,11,9,7
1,4,9,7>1,10,11,9,7
1,4,9,7>1,4,10,9,7
1,4,9,7>1,4,11,9,7
1,4,9,7>1,2,4,9,7
1,4,9,7>2,4,10,9,7
1,4,9,7>1,2,11,9,7
1,4,9,7>1,2,10,9,7
1,4,9,7>2,4,11,9,7
1,4,9,7>2,10,11,9,7
1,4,5,8,10>2,5,7,8,10,11,12,4
1,4,5,8,10>1,5,7,8,10,11,12,4
1,4,5,8,10>1,2,7,8,10,11,12,4
1,4,5,8,10>1,2,5,8,10,11,12,4
1,4,5,8,10>1,2,5,7,11,12,4
1,4,5,8,10>1,2,5,7,8,12,4
1,4,5,8,10>1,2,5,7,8,11,4
1,4,5,8,10>1,2,5,7,8,10,4
1,4,5,8,10>1,2,5,7,10,12,4
1,4,5,8,10>1,2,5,7,10,11,4
1,2,3,8,10>4,5,10,11,12,8,2,3
1,2,3,8,10>1,10,11,12,8,2,3
1,2,3,8,10>1,4,11,12,8,2,3
1,2,3,8,10>1,4,10,11,8,2,3
1,2,3,8,10>1,4,10,12,8,2,3
1,2,3,8,10>1,4,5,10,8,2,3
1,2,3,8,10>1,5,10,11,8,2,3
1,2,3,8,10>1,4,5,12,8,2,3
1,2,3,8,10>1,4,5,11,8,2,3
1,2,3,8,10>1,5,10,12,8,2,3
1,4,6,8,9,11,12>2,4,9,10,12,8,11,6
1,4,6,8,9,11,12>1,9,10,12,8,11,6
1,4,6,8,9,11,12>1,2,10,12,8,11,6
1,4,6,8,9,11,12>1,2,9,10,8,11,6
1,4,6,8,9,11,12>1,2,9,12,8,11,6
1,4,6,8,9,11,12>1,2,4,9,8,11,6
1,4,6,8,9,11,12>1,4,9,10,8,11,6
1,4,6,8,9,11,12>1,2,4,12,8,11,6
1,4,6,8,9,11,12>1,2,4,10,8,11,6
1,4,6,8,9,11,12>1,4,9,12,8,11,6
2,3,6,7,8,11,12>4,5,7,10,11,8,3,12,6
2,3,6,7,8,11,12>2,7,10,11,8,3,12,6
2,3,6,7,8,11,12>2,4,10,11,8,3,12,6
2,3,6,7,8,11,12>2,4,7,10,8,3,12,6
2,3,6,7,8,11,12>2,4,7,11,8,3,12,6
2,3,6,7,8,11,12>2,4,5,7,8,3,12,6
2,3,6,7,8,11,12>2,5,7,10,8,3,12,6
2,3,6,7,8,11,12>2,4,5,11,8,3,12,6
2,3,6,7,8,11,12>2,4,5,10,8,3,12,6
2,3,6,7,8,11,12>2,5,7,11,8,3,12,6
1,3,4,5,8,9>2,3,4,7,8,9,10,11,5
1,3,4,5,8,9>1,3,4,7,8,9,10,11,5
1,3,4,5,8,9>1,2,4,7,8,9,10,11,5
1,3,4,5,8,9>1,2,3,7,8,9,10,11,5
1,3,4,5,8,9>1,2,3,4,8,9,10,11,5
1,3,4,5,8,9>1,2,3,4,7,10,11,5
1,3,4,5,8,9>1,2,3,4,7,8,11,5
1,3,4,5,8,9>1,2,3,4,7,8,10,5
1,3,4,5,8,9>1,2,3,4,7,8,9,5
1,3,4,5,8,9>1,2,3,4,7,9,11,5
1,4,8,9,11,12>2,4,6,9,10,12,8,11
1,4,8,9,11,12>1,4,6,9,10,12,8,11
1,4,8,9,11,12>1,2,9,10,12,8,11
1,4,8,9,11,12>1,2,4,10,12,8,11
1,4,8,9,11,12>1,2,4,9,8,11
1,4,8,9,11,12>1,2,4,6,12,8,11
1,4,8,9,11,12>1,2,4,6,10,8,11
1,4,8,9,11,12>1,2,6,9,12,8,11
1,4,8,9,11,12>1,2,6,9,10,8,11
1,4,8,9,11,12>1,2,6,10,12,8,11
1,11,6>8,11,12,6
1,11,6>1,11,12,6
1,11,6>1,8,11,6
1,11,6>1,8,12,6
1,11,6>1,2,8,6
1,11,6>2,8,11,6
1,11,6>1,2,12,6
1,11,6>1,2,11,6
1,11,6>2,8,12,6
1,11,6>2,11,12,6
2,4,5,8,9,12>5,7,8,9,10,11,12,4
2,4,5,8,9,12>2,7,8,9,10,11,12,4
2,4,5,8,9,12>2,5,8,9,10,11,12,4
2,4,5,8,9,12>2,5,7,9,10,11,12,4
2,4,5,8,9,12>2,5,7,8,11,12,4
2,4,5,8,9,12>2,5,7,8,9,12,4
2,4,5,8,9,12>2,5,7,8,9,11,4
2,4,5,8,9,12>2,5,7,8,9,10,4
2,4,5,8,9,12>2,5,7,8,10,12,4
2,4,5,8,9,12>2,5,7,8,10,11,4
