Cell size,Cln3,SBF,MBF,Cln1^2,Sic1,Cln5^6,Cdh1,Clb1^2,Mcm1/SFF,Cdc20^Cdc14,Swi5
8,9,12>10,11,12
8,9,12>8,11,12
8,9,12>8,10,11
8,9,12>8,10,12
8,9,12>8,9,10
8,9,12>9,10,11
8,9,12>8,9,12
8,9,12>8,9,11
8,9,12>9,10,12
8,9,12>9,11,12
1,3,6,9,10,11,12>3,5,9,10,11,12,6
1,3,6,9,10,11,12>1,5,9,10,11,12,6
1,3,6,9,10,11,12>1,3,5,10,11,12,6
1,3,6,9,10,11,12>1,3,9,10,11,12,6
1,3,6,9,10,11,12>1,2,3,10,11,12,6
1,3,6,9,10,11,12>2,3,5,10,11,12,6
1,3,6,9,10,11,12>1,2,9,10,11,12,6
1,3,6,9,10,11,12>1,2,5,10,11,12,6
1,3,6,9,10,11,12>2,3,9,10,11,12,6
1,3,6,9,10,11,12>2,5,9,10,11,12,6
1,6,7,9,10,12>2,6,7,11,12,9,10
1,6,7,9,10,12>1,7,11,12,9,10
1,6,7,9,10,12>1,2,11,12,9,10
1,6,7,9,10,12>1,2,7,11,9,10
1,6,7,9,10,12>1,2,7,12,9,10
1,6,7,9,10,12>1,2,6,7,9,10
1,6,7,9,10,12>1,6,7,11,9,10
1,6,7,9,10,12>1,2,6,12,9,10
1,6,7,9,10,12>1,2,6,11,9,10
1,6,7,9,10,12>1,6,7,12,9,10
1,3,4,6,7,8,9,10,11>2,3,4,5,6,7,8,9,12,10,11
1,3,4,6,7,8,9,10,11>1,3,4,5,6,7,8,9,12,10,11
1,3,4,6,7,8,9,10,11>1,2,4,5,6,7,8,9,12,10,11
1,3,4,6,7,8,9,10,11>1,2,3,5,6,7,8,9,12,10,11
1,3,4,6,7,8,9,10,11>1,2,3,4,6,7,8,9,12,10,11
1,3,4,6,7,8,9,10,11>1,2,3,4,5,7,8,9,12,10,11
1,3,4,6,7,8,9,10,11>1,2,3,4,5,6,8,9,12,10,11
1,3,4,6,7,8,9,10,11>1,2,3,4,5,6,7,9,12,10,11
1,3,4,6,7,8,9,10,11>1,2,3,4,5,6,7,8,12,10,11
1,3,4,6,7,8,9,10,11>1,2,3,4,5,6,7,8,9,10,11
2,4,5,8,9,11,12>5,8,9,10,12,11,4
2,4,5,8,9,11,12>2,9,10,12,11,4
2,4,5,8,9,11,12>2,5,10,12,11,4
2,4,5,8,9,11,12>2,5,9,10,11,4
2,4,5,8,9,11,12>2,5,9,12,11,4
2,4,5,8,9,11,12>2,5,8,9,11,4
2,4,5,8,9,11,12>2,8,9,10,11,4
2,4,5,8,9,11,12>2,5,8,12,11,4
2,4,5,8,9,11,12>2,5,8,10,11,4
2,4,5,8,9,11,12>2,8,9,12,11,4
1,3,4,5,8,12>7,8,12,3,4,5
1,3,4,5,8,12>1,8,12,3,4,5
1,3,4,5,8,12>1,7,8,3,4,5
1,3,4,5,8,12>1,7,12,3,4,5
1,3,4,5,8,12>1,2,7,3,4,5
1,3,4,5,8,12>2,7,8,3,4,5
1,3,4,5,8,12>1,2,12,3,4,5
1,3,4,5,8,12>1,2,8,3,4,5
1,3,4,5,8,12>2,7,12,3,4,5
1,3,4,5,8,12>2,8,12,3,4,5
1,2,4,6,8,9,12>8,9,10,11,12,2,4,6
1,2,4,6,8,9,12>1,10,11,12,2,4,6
1,2,4,6,8,9,12>1,8,11,12,2,4,6
1,2,4,6,8,9,12>1,8,10,11,2,4,6
1,2,4,6,8,9,12>1,8,10,12,2,4,6
1,2,4,6,8,9,12>1,8,9,10,2,4,6
1,2,4,6,8,9,12>1,9,10,11,2,4,6
1,2,4,6,8,9,12>1,8,9,12,2,4,6
1,2,4,6,8,9,12>1,8,9,11,2,4,6
1,2,4,6,8,9,12>1,9,10,12,2,4,6
1,2,3,4,8,9,11,12>5,6,9,10,12,2,3,4,8,11
1,2,3,4,8,9,11,12>1,9,10,12,2,3,4,8,11
1,2,3,4,8,9,11,12>1,5,10,12,2,3,4,8,11
1,2,3,4,8,9,11,12>1,5,9,10,2,3,4,8,11
1,2,3,4,8,9,11,12>1,5,9,12,2,3,4,8,11
1,2,3,4,8,9,11,12>1,5,6,9,2,3,4,8,11
1,2,3,4,8,9,11,12>1,6,9,10,2,3,4,8,11
1,2,3,4,8,9,11,12>1,5,6,12,2,3,4,8,11
1,2,3,4,8,9,11,12>1,5,6,10,2,3,4,8,11
1,2,3,4,8,9,11,12>1,6,9,12,2,3,4,8,11
4,5,7,8,9,11,12>5,8,9,10,12,11,7
4,5,7,8,9,11,12>4,9,10,12,11,7
4,5,7,8,9,11,12>4,5,10,12,11,7
4,5,7,8,9,11,12>4,5,9,10,11,7
4,5,7,8,9,11,12>4,5,9,12,11,7
4,5,7,8,9,11,12>4,5,8,9,11,7
4,5,7,8,9,11,12>4,8,9,10,11,7
4,5,7,8,9,11,12>4,5,8,12,11,7
4,5,7,8,9,11,12>4,5,8,10,11,7
4,5,7,8,9,11,12>4,8,9,12,11,7
1,2,3,4,8,10,12>5,6,7,10,11,2,3,4,8,12
1,2,3,4,8,10,12>1,7,10,11,2,3,4,8,12
1,2,3,4,8,10,12>1,5,10,11,2,3,4,8,12
1,2,3,4,8,10,12>1,5,7,10,2,3,4,8,12
1,2,3,4,8,10,12>1,5,7,11,2,3,4,8,12
1,2,3,4,8,10,12>1,5,6,7,2,3,4,8,12
1,2,3,4,8,10,12>1,6,7,10,2,3,4,8,12
1,2,3,4,8,10,12>1,5,6,11,2,3,4,8,12
1,2,3,4,8,10,12>1,5,6,10,2,3,4,8,12
1,2,3,4,8,10,12>1,6,7,11,2,3,4,8,12
