Cell size,Cln3,SBF,MBF,Cln1^2,Sic1,Cln5^6,Cdh1,Clb1^2,Mcm1/SFF,Cdc20^Cdc14,Swi5
1,2,4,8,12>6,7,12,8,2,4
1,2,4,8,12>1,7,12,8,2,4
1,2,4,8,12>1,6,7,8,2,4
1,2,4,8,12>1,6,12,8,2,4
1,2,4,8,12>1,3,6,8,2,4
1,2,4,8,12>3,6,7,8,2,4
1,2,4,8,12>1,3,12,8,2,4
1,2,4,8,12>1,3,7,8,2,4
1,2,4,8,12>3,6,12,8,2,4
1,2,4,8,12>3,7,12,8,2,4
2,3,4,6,8,10>10,11,12,8,3,4,6
2,3,4,6,8,10>2,11,12,8,3,4,6
2,3,4,6,8,10>2,10,11,8,3,4,6
2,3,4,6,8,10>2,10,12,8,3,4,6
2,3,4,6,8,10>2,5,10,8,3,4,6
2,3,4,6,8,10>5,10,11,8,3,4,6
2,3,4,6,8,10>2,5,12,8,3,4,6
2,3,4,6,8,10>2,5,11,8,3,4,6
2,3,4,6,8,10>5,10,12,8,3,4,6
2,3,4,6,8,10>5,11,12,8,3,4,6
2,3,7,8,10,12>4,5,8,9,11,10,3,12,7
2,3,7,8,10,12>2,8,9,11,10,3,12,7
2,3,7,8,10,12>2,4,9,11,10,3,12,7
2,3,7,8,10,12>2,4,8,9,10,3,12,7
2,3,7,8,10,12>2,4,8,11,10,3,12,7
2,3,7,8,10,12>2,4,5,8,10,3,12,7
2,3,7,8,10,12>2,5,8,9,10,3,12,7
2,3,7,8,10,12>2,4,5,11,10,3,12,7
2,3,7,8,10,12>2,4,5,9,10,3,12,7
2,3,7,8,10,12>2,5,8,11,10,3,12,7
1,5,8,11,12>5,6,11,8,12
1,5,8,11,12>1,6,11,8,12
1,5,8,11,12>1,5,6,8,12
1,5,8,11,12>1,5,11,8,12
1,5,8,11,12>1,2,5,8,12
1,5,8,11,12>2,5,6,8,12
1,5,8,11,12>1,2,11,8,12
1,5,8,11,12>1,2,6,8,12
1,5,8,11,12>2,5,11,8,12
1,5,8,11,12>2,6,11,8,12
2,5,6,10,11>3,4,5,10,12,11,6
2,5,6,10,11>2,5,10,12,11,6
2,5,6,10,11>2,3,10,12,11,6
2,5,6,10,11>2,3,5,10,11,6
2,5,6,10,11>2,3,5,12,11,6
2,5,6,10,11>2,3,4,5,11,6
2,5,6,10,11>2,4,5,10,11,6
2,5,6,10,11>2,3,4,12,11,6
2,5,6,10,11>2,3,4,10,11,6
2,5,6,10,11>2,4,5,12,11,6
1,3,7,8,11,12>2,5,6,7,10,11,8,3,12
1,3,7,8,11,12>1,5,6,7,10,11,8,3,12
1,3,7,8,11,12>1,2,7,10,11,8,3,12
1,3,7,8,11,12>1,2,5,10,11,8,3,12
1,3,7,8,11,12>1,2,5,7,8,3,12
1,3,7,8,11,12>1,2,5,6,11,8,3,12
1,3,7,8,11,12>1,2,5,6,10,8,3,12
1,3,7,8,11,12>1,2,6,7,11,8,3,12
1,3,7,8,11,12>1,2,6,7,10,8,3,12
1,3,7,8,11,12>1,2,6,10,11,8,3,12
1,5,6,10,12>5,10,11,12,6
1,5,6,10,12>1,10,11,12,6
1,5,6,10,12>1,5,10,12,6
1,5,6,10,12>1,5,11,12,6
1,5,6,10,12>1,2,5,12,6
1,5,6,10,12>2,5,10,12,6
1,5,6,10,12>1,2,11,12,6
1,5,6,10,12>1,2,10,12,6
1,5,6,10,12>2,5,11,12,6
1,5,6,10,12>2,10,11,12,6
1,2,5,9,12>10,11,12,9,2
1,2,5,9,12>1,11,12,9,2
1,2,5,9,12>1,10,11,9,2
1,2,5,9,12>1,10,12,9,2
1,2,5,9,12>1,5,10,9,2
1,2,5,9,12>5,10,11,9,2
1,2,5,9,12>1,5,12,9,2
1,2,5,9,12>1,5,11,9,2
1,2,5,9,12>5,10,12,9,2
1,2,5,9,12>5,11,12,9,2
2,3,4,5,6,8,9,11>8,9,10,11,3,4,5
2,3,4,5,6,8,9,11>2,9,10,11,3,4,5
2,3,4,5,6,8,9,11>2,8,9,11,3,4,5
2,3,4,5,6,8,9,11>2,8,10,11,3,4,5
2,3,4,5,6,8,9,11>2,6,8,11,3,4,5
2,3,4,5,6,8,9,11>6,8,9,11,3,4,5
2,3,4,5,6,8,9,11>2,6,10,11,3,4,5
2,3,4,5,6,8,9,11>2,6,9,11,3,4,5
2,3,4,5,6,8,9,11>6,8,10,11,3,4,5
2,3,4,5,6,8,9,11>6,9,10,11,3,4,5
1,2,3,4,5,6,8,9,10>8,9,11,2,3,4,5,10
1,2,3,4,5,6,8,9,10>1,9,11,2,3,4,5,10
1,2,3,4,5,6,8,9,10>1,8,9,2,3,4,5,10
1,2,3,4,5,6,8,9,10>1,8,11,2,3,4,5,10
1,2,3,4,5,6,8,9,10>1,6,8,2,3,4,5,10
1,2,3,4,5,6,8,9,10>6,8,9,2,3,4,5,10
1,2,3,4,5,6,8,9,10>1,6,11,2,3,4,5,10
1,2,3,4,5,6,8,9,10>1,6,9,2,3,4,5,10
1,2,3,4,5,6,8,9,10>6,8,11,2,3,4,5,10
1,2,3,4,5,6,8,9,10>6,9,11,2,3,4,5,10
