Cell size,Cln3,SBF,MBF,Cln1^2,Sic1,Cln5^6,Cdh1,Clb1^2,Mcm1/SFF,Cdc20^Cdc14,Swi5
2,4,8,9,10,11,12>2,6,4,8,10,11,12
2,4,8,9,10,11,12>9,6,4,8,10,11,12
1,2,4,5,6,7,11,12>3,5,7,10,11,2,4,12,6
1,2,4,5,6,7,11,12>1,5,7,10,11,2,4,12,6
1,3,4,6,10>2,5,10,11,12,3,4,6
1,3,4,6,10>1,5,10,11,12,3,4,6
2,3,6,7,9,10,11,12>5,7,3,6,9,10,11,12
2,3,6,7,9,10,11,12>2,7,3,6,9,10,11,12
1,6,7,8,9,12>2,6,7,8,9,10,11,12
1,6,7,8,9,12>1,6,7,8,9,10,11,12
1,2,3,4,6>5,2,3,4,6
1,2,3,4,6>1,2,3,4,6
1,3,5,6,7,8,9,11,12>2,3,6,7,8,9,10,12,11,5
1,3,5,6,7,8,9,11,12>1,3,6,7,8,9,10,12,11,5
1,2,5,6,12>3,4,5,12,2,6
1,2,5,6,12>1,4,5,12,2,6
11,10,3,4>6,8,10,12,3,11,4
11,10,3,4>5,8,10,12,3,11,4
1,2,4,5,11,12>3,5,6,11,2,4,12
1,2,4,5,11,12>1,5,6,11,2,4,12
