Cell size,Cln3,SBF,MBF,Cln1^2,Sic1,Cln5^6,Cdh1,Clb1^2,Mcm1/SFF,Cdc20^Cdc14,Swi5
1,2,5,6,7,8,10,11,12>3,4,5,7,8,2,6,10,11,12
1,2,5,6,7,8,10,11,12>1,4,5,7,8,2,6,10,11,12
3,4,6,7,8,9,10,11>4,5,6,7,8,9,12,10,11
3,4,6,7,8,9,10,11>3,5,6,7,8,9,12,10,11
3,5,7,8,9,10>11,3,9,10,5,7
3,5,7,8,9,10>8,3,9,10,5,7
1,2,4,6,7,8,9,10>1,11,6,2,4,7,9,10
1,2,4,6,7,8,9,10>8,11,6,2,4,7,9,10
2,4,5,6,7,8,11,12>3,5,7,8,10,11,4,12,6
2,4,5,6,7,8,11,12>2,5,7,8,10,11,4,12,6
3,4,6,7,9,10,11,12>4,5,7,6,9,10,11,12
3,4,6,7,9,10,11,12>3,5,7,6,9,10,11,12
2,5,6,8,9,11,12>5,8,9,10,12,11,6
2,5,6,8,9,11,12>2,8,9,10,12,11,6
1,2,3,4,5,6,8,9>6,8,9,10,11,2,3,4,5
1,2,3,4,5,6,8,9>1,8,9,10,11,2,3,4,5
8,11,2,3>4,5,6,11,12,8,3
8,11,2,3>2,5,6,11,12,8,3
1,10,11,7>2,7,9,12,10,11
1,10,11,7>1,7,9,12,10,11
