Cell size,Cln3,SBF,MBF,Cln1^2,Sic1,Cln5^6,Cdh1,Clb1^2,Mcm1/SFF,Cdc20^Cdc14,Swi5
1,2,6>3,4,2,6
1,2,6>1,4,2,6
1,3,4,7,10,11>2,5,9,12,3,4,7,10,11
1,3,4,7,10,11>1,5,9,12,3,4,7,10,11
1,2,3,6,11,12>4,5,8,11,2,3,12,6
1,2,3,6,11,12>1,5,8,11,2,3,12,6
1,2,3,4,6,9,11,12>5,9,10,12,2,3,4,6,11
1,2,3,4,6,9,11,12>1,9,10,12,2,3,4,6,11
2,4,7,8,10,12>3,8,9,11,10,4,12,7
2,4,7,8,10,12>2,8,9,11,10,4,12,7
1,5,6,7,10,12>2,5,6,7,9,11,10,12
1,5,6,7,10,12>1,5,6,7,9,11,10,12
1,3,7,9,10,12>2,3,5,11,12,9,10,7
1,3,7,9,10,12>1,3,5,11,12,9,10,7
2,3,5,7,8,11>4,7,8,10,11,12,3,5
2,3,5,7,8,11>2,7,8,10,11,12,3,5
4,5,7,8,9,10,11>12,4,5,9,10,11,7
4,5,7,8,9,10,11>8,4,5,9,10,11,7
2,4,5,7,8,11,12>3,5,8,10,11,4,12,7
2,4,5,7,8,11,12>2,5,8,10,11,4,12,7
