Cell size,Cln3,SBF,MBF,Cln1^2,Sic1,Cln5^6,Cdh1,Clb1^2,Mcm1/SFF,Cdc20^Cdc14,Swi5
8,1,5>1,2,5
8,1,5>8,2,5
1,2,3,8,9,12>5,8,9,10,11,12,2,3
1,2,3,8,9,12>1,8,9,10,11,12,2,3
2,3,5,6,9,10,11,12>2,3,5,6,10,11,12
2,3,5,6,9,10,11,12>9,3,5,6,10,11,12
9,10,11,5>5,9,10,11
9,10,11,5>12,9,10,11
2,4,6,7,8,10,11,12>3,7,4,6,8,10,11,12
2,4,6,7,8,10,11,12>2,7,4,6,8,10,11,12
2,4,6,8,9,11,12>2,10,12,8,11,4,6
2,4,6,8,9,11,12>9,10,12,8,11,4,6
1,3,6,7,9,10,11,12>2,3,5,7,6,9,10,11,12
1,3,6,7,9,10,11,12>1,3,5,7,6,9,10,11,12
2,3,4,5,6,8,12>2,12,3,4,5,6
2,3,4,5,6,8,12>8,12,3,4,5,6
2,4,5,8,10,12>3,5,7,8,10,11,4,12
2,4,5,8,10,12>2,5,7,8,10,11,4,12
9,10,5,7>5,9,10,7
9,10,5,7>11,9,10,7
