Cell size,Cln3,SBF,MBF,Cln1^2,Sic1,Cln5^6,Cdh1,Clb1^2,Mcm1/SFF,Cdc20^Cdc14,Swi5
3,4,5,6,7,8,11>7,8,10,11,12,3,4,5
3,4,5,6,7,8,11>6,8,10,11,12,3,4,5
1,2,4,5,6,8,12>3,5,8,12,2,4,6
1,2,4,5,6,8,12>1,5,8,12,2,4,6
2,4,5,6,7,8,9,10,11,12>5,6,7,8,9,10,11,4,12
2,4,5,6,7,8,9,10,11,12>2,6,7,8,9,10,11,4,12
1,2,3,4,5,8,10,11,12>10,6,2,3,4,5,8,11,12
1,2,3,4,5,8,10,11,12>1,6,2,3,4,5,8,11,12
1,3,4,5,6,7,8,12>2,6,8,10,12,3,4,5,7
1,3,4,5,6,7,8,12>1,6,8,10,12,3,4,5,7
2,3,4,7,8>2,10,5,3,4,7
2,3,4,7,8>8,10,5,3,4,7
2,5,6,10,12>3,4,5,10,11,12,6
2,5,6,10,12>2,4,5,10,11,12,6
1,4,5,6,7,8,9,10>2,4,5,6,8,11,9,10,7
1,4,5,6,7,8,9,10>1,4,5,6,8,11,9,10,7
1,2,3,7,8,9,10,11,12>1,5,7,2,3,9,10,11,12
1,2,3,7,8,9,10,11,12>8,5,7,2,3,9,10,11,12
1,10,11,9>2,12,9,10,11
1,10,11,9>1,12,9,10,11
