Cell size,Cln3,SBF,MBF,Cln1^2,Sic1,Cln5^6,Cdh1,Clb1^2,Mcm1/SFF,Cdc20^Cdc14,Swi5
1,2,4,6,7,9,12>6,10,11,12,9,2,4,7
1,2,4,6,7,9,12>1,10,11,12,9,2,4,7
1,2,4,6,7,9,12>1,6,11,12,9,2,4,7
1,2,4,6,7,9,12>1,6,10,12,9,2,4,7
2,5,6,8,10,11>3,4,5,10,12,8,11,6
2,5,6,8,10,11>2,4,5,10,12,8,11,6
2,5,6,8,10,11>2,3,5,10,12,8,11,6
2,5,6,8,10,11>2,3,4,10,12,8,11,6
3,4,7,8,9,12>4,5,8,10,11,12,9,7
3,4,7,8,9,12>3,5,8,10,11,12,9,7
3,4,7,8,9,12>3,4,8,10,11,12,9,7
3,4,7,8,9,12>3,4,5,10,11,12,9,7
1,3,4,5,6,7,9>2,3,4,6,10,11,9,5,7
1,3,4,5,6,7,9>1,3,4,6,10,11,9,5,7
1,3,4,5,6,7,9>1,2,4,6,10,11,9,5,7
1,3,4,5,6,7,9>1,2,3,6,10,11,9,5,7
9,3,12>5,10,11,12,9
9,3,12>3,10,11,12,9
9,3,12>3,5,11,12,9
9,3,12>3,5,10,12,9
1,2,3,4,7,9,11,12>10,12,5,2,3,4,7,9,11
1,2,3,4,7,9,11,12>1,12,5,2,3,4,7,9,11
1,2,3,4,7,9,11,12>1,10,5,2,3,4,7,9,11
1,2,3,4,7,9,11,12>1,10,12,2,3,4,7,9,11
1,3,5,6,8,9,10,12>2,3,6,8,9,11,12,10,5
1,3,5,6,8,9,10,12>1,3,6,8,9,11,12,10,5
1,3,5,6,8,9,10,12>1,2,6,8,9,11,12,10,5
1,3,5,6,8,9,10,12>1,2,3,8,9,11,12,10,5
1,2,3,4,6,7,9,12>5,6,10,11,12,2,3,4,7,9
1,2,3,4,6,7,9,12>1,6,10,11,12,2,3,4,7,9
1,2,3,4,6,7,9,12>1,5,10,11,12,2,3,4,7,9
1,2,3,4,6,7,9,12>1,5,6,11,12,2,3,4,7,9
2,4,6,7,8,9,11>6,7,8,9,10,11,4
2,4,6,7,8,9,11>2,7,8,9,10,11,4
2,4,6,7,8,9,11>2,6,8,9,10,11,4
2,4,6,7,8,9,11>2,6,7,9,10,11,4
8,2,7>3,4,8,10,7
8,2,7>2,4,8,10,7
8,2,7>2,3,8,10,7
8,2,7>2,3,4,10,7
