Cell size,Cln3,SBF,MBF,Cln1^2,Sic1,Cln5^6,Cdh1,Clb1^2,Mcm1/SFF,Cdc20^Cdc14,Swi5
1,2,3,6,8,9,12>5,8,9,10,11,12,2,3,6
1,2,3,6,8,9,12>1,8,9,10,11,12,2,3,6
1,2,3,6,8,9,12>1,5,9,10,11,12,2,3,6
1,2,3,6,8,9,12>1,5,8,10,11,12,2,3,6
1,3,4,5,7,10,11>2,12,9,3,4,5,7,10,11
1,3,4,5,7,10,11>1,12,9,3,4,5,7,10,11
1,3,4,5,7,10,11>1,2,9,3,4,5,7,10,11
1,3,4,5,7,10,11>1,2,12,3,4,5,7,10,11
2,4,5,8,9,11,12>5,8,9,10,12,11,4
2,4,5,8,9,11,12>2,8,9,10,12,11,4
2,4,5,8,9,11,12>2,5,9,10,12,11,4
2,4,5,8,9,11,12>2,5,8,10,12,11,4
1,2,5,6,8,9>5,6,8,9,10,11,2
1,2,5,6,8,9>1,6,8,9,10,11,2
1,2,5,6,8,9>1,5,8,9,10,11,2
1,2,5,6,8,9>1,5,6,9,10,11,2
1,3,4,5,6,7,8,9,10,11>2,3,4,6,7,8,9,12,10,11,5
1,3,4,5,6,7,8,9,10,11>1,3,4,6,7,8,9,12,10,11,5
1,3,4,5,6,7,8,9,10,11>1,2,4,6,7,8,9,12,10,11,5
1,3,4,5,6,7,8,9,10,11>1,2,3,6,7,8,9,12,10,11,5
2,3,7,10,11,12>4,5,6,7,9,11,10,3,12
2,3,7,10,11,12>2,5,6,7,9,11,10,3,12
2,3,7,10,11,12>2,4,6,7,9,11,10,3,12
2,3,7,10,11,12>2,4,5,7,9,11,10,3,12
2,5,8,9,10,12>5,8,11,12,9,10
2,5,8,9,10,12>2,8,11,12,9,10
2,5,8,9,10,12>2,5,11,12,9,10
2,5,8,9,10,12>2,5,8,12,9,10
2,3,4,5,9,10,12>11,12,7,3,4,5,9,10
2,3,4,5,9,10,12>2,12,7,3,4,5,9,10
2,3,4,5,9,10,12>2,11,7,3,4,5,9,10
2,3,4,5,9,10,12>2,11,12,3,4,5,9,10
1,2,3,5,6,7,8,9,10,11>6,7,8,9,12,2,3,5,10,11
1,2,3,5,6,7,8,9,10,11>1,7,8,9,12,2,3,5,10,11
1,2,3,5,6,7,8,9,10,11>1,6,8,9,12,2,3,5,10,11
1,2,3,5,6,7,8,9,10,11>1,6,7,9,12,2,3,5,10,11
1,3,4,5,11>2,11,12,3,4,5
1,3,4,5,11>1,11,12,3,4,5
1,3,4,5,11>1,2,12,3,4,5
1,3,4,5,11>1,2,11,3,4,5
