Cell size,Cln3,SBF,MBF,Cln1^2,Sic1,Cln5^6,Cdh1,Clb1^2,Mcm1/SFF,Cdc20^Cdc14,Swi5
1,3,8,9,11,12>2,3,5,6,9,10,12,8,11
1,3,8,9,11,12>1,3,5,6,9,10,12,8,11
1,3,8,9,11,12>1,2,5,6,9,10,12,8,11
1,3,8,9,11,12>1,2,3,6,9,10,12,8,11
2,3,4,5,7,10>2,11,12,3,4,5,7,10
2,3,4,5,7,10>9,11,12,3,4,5,7,10
2,3,4,5,7,10>9,2,12,3,4,5,7,10
2,3,4,5,7,10>9,2,11,3,4,5,7,10
2,4,7,10,12>9,2,3,10,4,12,7
2,4,7,10,12>11,2,3,10,4,12,7
2,4,7,10,12>11,9,3,10,4,12,7
2,4,7,10,12>11,9,2,10,4,12,7
1,5,8,9,10>2,5,8,11,9,10
1,5,8,9,10>1,5,8,11,9,10
1,5,8,9,10>1,2,8,11,9,10
1,5,8,9,10>1,2,5,11,9,10
1,3,5,8,12>1,2,12,3,5
1,3,5,8,12>8,2,12,3,5
1,3,5,8,12>8,1,12,3,5
1,3,5,8,12>8,1,2,3,5
1,2,3,4,6,7,8,9,11>5,6,7,8,9,10,11,2,3,4
1,2,3,4,6,7,8,9,11>1,6,7,8,9,10,11,2,3,4
1,2,3,4,6,7,8,9,11>1,5,7,8,9,10,11,2,3,4
1,2,3,4,6,7,8,9,11>1,5,6,8,9,10,11,2,3,4
3,4,5,6,8,9>4,6,8,9,10,11,5
3,4,5,6,8,9>3,6,8,9,10,11,5
3,4,5,6,8,9>3,4,8,9,10,11,5
3,4,5,6,8,9>3,4,6,9,10,11,5
3,4,5,6,8,9,10,11,12>9,3,4,5,6,10,11,12
3,4,5,6,8,9,10,11,12>8,3,4,5,6,10,11,12
3,4,5,6,8,9,10,11,12>8,9,4,5,6,10,11,12
3,4,5,6,8,9,10,11,12>8,9,3,5,6,10,11,12
1,3,6,7,8,9,11>2,3,5,6,7,8,9,10,11
1,3,6,7,8,9,11>1,3,5,6,7,8,9,10,11
1,3,6,7,8,9,11>1,2,5,6,7,8,9,10,11
1,3,6,7,8,9,11>1,2,3,6,7,8,9,10,11
2,4,7,8,9,12>8,10,11,12,9,4,7
2,4,7,8,9,12>2,10,11,12,9,4,7
2,4,7,8,9,12>2,8,11,12,9,4,7
2,4,7,8,9,12>2,8,10,12,9,4,7
