Cell size,Cln3,SBF,MBF,Cln1^2,Sic1,Cln5^6,Cdh1,Clb1^2,Mcm1/SFF,Cdc20^Cdc14,Swi5
1,3,4,7,8,9,10>2,3,4,5,8,11,9,10,7
1,3,4,7,8,9,10>1,3,4,5,8,11,9,10,7
1,3,4,7,8,9,10>1,2,4,5,8,11,9,10,7
1,3,4,7,8,9,10>1,2,3,5,8,11,9,10,7
1,4,5,7,11,12>2,5,10,11,4,12,7
1,4,5,7,11,12>1,5,10,11,4,12,7
1,4,5,7,11,12>1,2,10,11,4,12,7
1,4,5,7,11,12>1,2,5,11,4,12,7
2,3,4,5,6,9,10,12>11,12,6,3,4,5,9,10
2,3,4,5,6,9,10,12>2,12,6,3,4,5,9,10
2,3,4,5,6,9,10,12>2,11,6,3,4,5,9,10
2,3,4,5,6,9,10,12>2,11,12,3,4,5,9,10
1,2,3,4,5,6,8,9,10>6,8,9,11,2,3,4,5,10
1,2,3,4,5,6,8,9,10>1,8,9,11,2,3,4,5,10
1,2,3,4,5,6,8,9,10>1,6,9,11,2,3,4,5,10
1,2,3,4,5,6,8,9,10>1,6,8,11,2,3,4,5,10
1,4,5,10,12>2,5,7,9,10,11,4,12
1,4,5,10,12>1,5,7,9,10,11,4,12
1,4,5,10,12>1,2,7,9,10,11,4,12
1,4,5,10,12>1,2,5,9,10,11,4,12
1,4,5,10,11,12>2,5,6,10,11,4,12
1,4,5,10,11,12>1,5,6,10,11,4,12
1,4,5,10,11,12>1,2,6,10,11,4,12
1,4,5,10,11,12>1,2,5,10,11,4,12
1,2,3,4,6,9,10,12>11,12,5,2,3,4,6,9,10
1,2,3,4,6,9,10,12>1,12,5,2,3,4,6,9,10
1,2,3,4,6,9,10,12>1,11,5,2,3,4,6,9,10
1,2,3,4,6,9,10,12>1,11,12,2,3,4,6,9,10
8,2,10,7>3,4,8,9,11,12,10,7
8,2,10,7>2,4,8,9,11,12,10,7
8,2,10,7>2,3,8,9,11,12,10,7
8,2,10,7>2,3,4,9,11,12,10,7
2,10,7>3,4,9,11,12,10,7
2,10,7>2,4,9,11,12,10,7
2,10,7>2,3,9,11,12,10,7
2,10,7>2,3,4,11,12,10,7
1,2,3,4,7,11,12>5,6,10,11,2,3,4,7,12
1,2,3,4,7,11,12>1,6,10,11,2,3,4,7,12
1,2,3,4,7,11,12>1,5,10,11,2,3,4,7,12
1,2,3,4,7,11,12>1,5,6,11,2,3,4,7,12
