Cell size,Cln3,SBF,MBF,Cln1^2,Sic1,Cln5^6,Cdh1,Clb1^2,Mcm1/SFF,Cdc20^Cdc14,Swi5
1,5,6,7,8,9,10,11>2,5,6,7,8,9,12,10,11
1,5,6,7,8,9,10,11>1,5,6,7,8,9,12,10,11
1,5,6,7,8,9,10,11>1,2,6,7,8,9,12,10,11
1,5,6,7,8,9,10,11>1,2,5,7,8,9,12,10,11
1,3,4,5,8,9>2,3,4,7,8,9,10,11,5
1,3,4,5,8,9>1,3,4,7,8,9,10,11,5
1,3,4,5,8,9>1,2,4,7,8,9,10,11,5
1,3,4,5,8,9>1,2,3,7,8,9,10,11,5
3,5,6,7,9,11>6,7,9,10,11,5
3,5,6,7,9,11>3,7,9,10,11,5
3,5,6,7,9,11>3,6,9,10,11,5
3,5,6,7,9,11>3,6,7,10,11,5
1,3,4,6,7,9,10,11,12>2,3,4,5,7,6,9,10,11,12
1,3,4,6,7,9,10,11,12>1,3,4,5,7,6,9,10,11,12
1,3,4,6,7,9,10,11,12>1,2,4,5,7,6,9,10,11,12
1,3,4,6,7,9,10,11,12>1,2,3,5,7,6,9,10,11,12
1,3,4,5,6,9,11,12>2,3,4,9,10,12,11,5,6
1,3,4,5,6,9,11,12>1,3,4,9,10,12,11,5,6
1,3,4,5,6,9,11,12>1,2,4,9,10,12,11,5,6
1,3,4,5,6,9,11,12>1,2,3,9,10,12,11,5,6
1,2,3,6,8,9,10,11>12,5,9,2,3,6,8,10,11
1,2,3,6,8,9,10,11>1,5,9,2,3,6,8,10,11
1,2,3,6,8,9,10,11>1,12,9,2,3,6,8,10,11
1,2,3,6,8,9,10,11>1,12,5,2,3,6,8,10,11
1,5,7,8,11,12>2,5,7,8,10,11,12
1,5,7,8,11,12>1,5,7,8,10,11,12
1,5,7,8,11,12>1,2,7,8,10,11,12
1,5,7,8,11,12>1,2,5,8,10,11,12
2,3,6,7,8,10,11>4,5,7,12,3,6,8,10,11
2,3,6,7,8,10,11>2,5,7,12,3,6,8,10,11
2,3,6,7,8,10,11>2,4,7,12,3,6,8,10,11
2,3,6,7,8,10,11>2,4,5,12,3,6,8,10,11
3,6,7,8,9,10,12>5,6,7,8,11,12,9,10
3,6,7,8,9,10,12>3,6,7,8,11,12,9,10
3,6,7,8,9,10,12>3,5,7,8,11,12,9,10
3,6,7,8,9,10,12>3,5,6,8,11,12,9,10
2,4,6,7,9,10,11>12,6,7,9,10,11,4
2,4,6,7,9,10,11>2,6,7,9,10,11,4
2,4,6,7,9,10,11>2,12,7,9,10,11,4
2,4,6,7,9,10,11>2,12,6,9,10,11,4
