Cell size,Cln3,SBF,MBF,Cln1^2,Sic1,Cln5^6,Cdh1,Clb1^2,Mcm1/SFF,Cdc20^Cdc14,Swi5
1,3,4,5,6,8,9,11,12>2,3,4,8,9,10,12,11,5,6
1,3,4,5,6,8,9,11,12>1,3,4,8,9,10,12,11,5,6
1,3,4,5,6,8,9,11,12>1,2,4,8,9,10,12,11,5,6
1,3,4,5,6,8,9,11,12>1,2,3,8,9,10,12,11,5,6
3,6,7,8,9,11>5,6,7,8,9,10,11
3,6,7,8,9,11>3,6,7,8,9,10,11
3,6,7,8,9,11>3,5,7,8,9,10,11
3,6,7,8,9,11>3,5,6,8,9,10,11
2,3,5,11,12>11,4,6,3,12,5
2,3,5,11,12>2,4,6,3,12,5
2,3,5,11,12>2,11,6,3,12,5
2,3,5,11,12>2,11,4,3,12,5
1,2,3,4,5,8,9,10,11>1,12,9,2,3,4,5,10,11
1,2,3,4,5,8,9,10,11>8,12,9,2,3,4,5,10,11
1,2,3,4,5,8,9,10,11>8,1,9,2,3,4,5,10,11
1,2,3,4,5,8,9,10,11>8,1,12,2,3,4,5,10,11
1,2,4,5,6,7,8,12>3,5,6,8,10,12,2,4,7
1,2,4,5,6,7,8,12>1,5,6,8,10,12,2,4,7
1,2,4,5,6,7,8,12>1,3,6,8,10,12,2,4,7
1,2,4,5,6,7,8,12>1,3,5,8,10,12,2,4,7
2,3,4,6,9,10,11>2,12,5,3,4,6,10,11
2,3,4,6,9,10,11>9,12,5,3,4,6,10,11
2,3,4,6,9,10,11>9,2,5,3,4,6,10,11
2,3,4,6,9,10,11>9,2,12,3,4,6,10,11
8,9,3,6>5,6,8,9,10,11
8,9,3,6>3,6,8,9,10,11
8,9,3,6>3,5,8,9,10,11
8,9,3,6>3,5,6,9,10,11
9,12,5>11,12,5,9
9,12,5>10,12,5,9
9,12,5>10,11,5,9
9,12,5>10,11,12,9
2,4,6,10,11,12>10,2,3,11,4,12,6
2,4,6,10,11,12>8,2,3,11,4,12,6
2,4,6,10,11,12>8,10,3,11,4,12,6
2,4,6,10,11,12>8,10,2,11,4,12,6
1,4,8,9,12>2,4,7,8,9,10,11,12
1,4,8,9,12>1,4,7,8,9,10,11,12
1,4,8,9,12>1,2,7,8,9,10,11,12
1,4,8,9,12>1,2,4,8,9,10,11,12
