Cell size,Cln3,SBF,MBF,Cln1^2,Sic1,Cln5^6,Cdh1,Clb1^2,Mcm1/SFF,Cdc20^Cdc14,Swi5
2,4,5,6,8,9,12>5,6,8,9,10,11,12,4
2,4,5,6,8,9,12>2,6,8,9,10,11,12,4
2,4,5,6,8,9,12>2,5,8,9,10,11,12,4
2,4,5,6,8,9,12>2,5,6,9,10,11,12,4
2,4,5,6,8,9,12>2,5,6,8,10,11,12,4
2,4,5,6,8,9,12>2,5,6,8,9,11,12,4
3,7,8,9,10,11,12>5,7,9,10,11,12
3,7,8,9,10,11,12>8,7,9,10,11,12
3,7,8,9,10,11,12>8,5,9,10,11,12
3,7,8,9,10,11,12>8,3,9,10,11,12
3,7,8,9,10,11,12>3,7,9,10,11,12
3,7,8,9,10,11,12>3,5,9,10,11,12
1,3,4,5,6,7>10,6,3,4,5,7
1,3,4,5,6,7>1,6,3,4,5,7
1,3,4,5,6,7>1,10,3,4,5,7
1,3,4,5,6,7>1,2,3,4,5,7
1,3,4,5,6,7>2,6,3,4,5,7
1,3,4,5,6,7>2,10,3,4,5,7
11,2,10,4>3,6,8,10,12,11,4
11,2,10,4>2,6,8,10,12,11,4
11,2,10,4>2,3,8,10,12,11,4
11,2,10,4>2,3,6,10,12,11,4
11,2,10,4>2,3,6,8,12,11,4
11,2,10,4>2,3,6,8,10,11,4
5,6,7,8,11,12>7,8,10,11,12,6
5,6,7,8,11,12>5,10,11,12,6
5,6,7,8,11,12>5,7,11,12,6
5,6,7,8,11,12>5,7,10,12,6
5,6,7,8,11,12>5,7,8,12,6
5,6,7,8,11,12>5,8,11,12,6
2,3,4,7,9,11,12>12,5,3,4,7,9,11
2,3,4,7,9,11,12>2,5,3,4,7,9,11
2,3,4,7,9,11,12>2,12,3,4,7,9,11
2,3,4,7,9,11,12>2,10,3,4,7,9,11
2,3,4,7,9,11,12>10,5,3,4,7,9,11
2,3,4,7,9,11,12>10,12,3,4,7,9,11
1,10,7>2,9,11,12,10,7
1,10,7>1,11,12,10,7
1,10,7>1,2,12,10,7
1,10,7>1,2,11,10,7
1,10,7>1,2,9,10,7
1,10,7>1,9,12,10,7
2,3,5,6,8,9,10>6,8,9,11,10,3,5
2,3,5,6,8,9,10>2,9,11,10,3,5
2,3,5,6,8,9,10>2,6,11,10,3,5
2,3,5,6,8,9,10>2,6,9,10,3,5
2,3,5,6,8,9,10>2,6,8,10,3,5
2,3,5,6,8,9,10>2,8,11,10,3,5
1,3,5,7,8,11>2,7,8,10,11,12,3,5
1,3,5,7,8,11>1,7,8,10,11,12,3,5
1,3,5,7,8,11>1,2,8,10,11,12,3,5
1,3,5,7,8,11>1,2,7,10,11,12,3,5
1,3,5,7,8,11>1,2,7,8,11,12,3,5
1,3,5,7,8,11>1,2,7,8,10,12,3,5
1,2,3,5,7,8,9,10,12>11,12,2,3,5,7,9,10
1,2,3,5,7,8,9,10,12>8,12,2,3,5,7,9,10
1,2,3,5,7,8,9,10,12>8,11,2,3,5,7,9,10
1,2,3,5,7,8,9,10,12>8,1,2,3,5,7,9,10
1,2,3,5,7,8,9,10,12>1,12,2,3,5,7,9,10
1,2,3,5,7,8,9,10,12>1,11,2,3,5,7,9,10
