Cell size,Cln3,SBF,MBF,Cln1^2,Sic1,Cln5^6,Cdh1,Clb1^2,Mcm1/SFF,Cdc20^Cdc14,Swi5
2,5,6,8,9>5,6,8,9,10,11
2,5,6,8,9>2,6,8,9,10,11
2,5,6,8,9>2,5,8,9,10,11
2,5,6,8,9>2,5,6,9,10,11
2,5,6,8,9>2,5,6,8,10,11
2,5,6,8,9>2,5,6,8,9,11
1,3,8,9,11,12>2,3,5,6,9,10,12,8,11
1,3,8,9,11,12>1,3,5,6,9,10,12,8,11
1,3,8,9,11,12>1,2,5,6,9,10,12,8,11
1,3,8,9,11,12>1,2,3,6,9,10,12,8,11
1,3,8,9,11,12>1,2,3,5,9,10,12,8,11
1,3,8,9,11,12>1,2,3,5,6,10,12,8,11
9,10,4,5>5,7,9,10
9,10,4,5>11,7,9,10
9,10,4,5>11,5,9,10
9,10,4,5>11,4,9,10
9,10,4,5>4,7,9,10
9,10,4,5>4,5,9,10
2,3,6,7,8,9,10,11>5,6,7,8,9,12,11,10,3
2,3,6,7,8,9,10,11>2,6,7,8,9,12,11,10,3
2,3,6,7,8,9,10,11>2,5,7,8,9,12,11,10,3
2,3,6,7,8,9,10,11>2,5,6,8,9,12,11,10,3
2,3,6,7,8,9,10,11>2,5,6,7,9,12,11,10,3
2,3,6,7,8,9,10,11>2,5,6,7,8,12,11,10,3
2,3,5,6,10,11>4,12,11,3,5,6
2,3,5,6,10,11>2,12,11,3,5,6
2,3,5,6,10,11>2,4,11,3,5,6
2,3,5,6,10,11>2,10,11,3,5,6
2,3,5,6,10,11>10,12,11,3,5,6
2,3,5,6,10,11>10,4,11,3,5,6
1,2,6,7,8,9,11>6,7,8,9,10,2,11
1,2,6,7,8,9,11>1,7,8,9,10,2,11
1,2,6,7,8,9,11>1,6,8,9,10,2,11
1,2,6,7,8,9,11>1,6,7,9,10,2,11
1,2,6,7,8,9,11>1,6,7,8,10,2,11
1,2,6,7,8,9,11>1,6,7,8,9,2,11
2,3,5,7,8,10,11>4,7,8,12,11,10,3,5
2,3,5,7,8,10,11>2,8,12,11,10,3,5
2,3,5,7,8,10,11>2,4,12,11,10,3,5
2,3,5,7,8,10,11>2,4,8,11,10,3,5
2,3,5,7,8,10,11>2,4,7,11,10,3,5
2,3,5,7,8,10,11>2,7,12,11,10,3,5
1,6,7,8,10>2,6,7,8,11,12,10
1,6,7,8,10>1,6,7,8,11,12,10
1,6,7,8,10>1,2,7,8,11,12,10
1,6,7,8,10>1,2,6,8,11,12,10
1,6,7,8,10>1,2,6,7,11,12,10
1,6,7,8,10>1,2,6,7,8,12,10
2,4,7,8,12>3,8,10,12,4,7
2,4,7,8,12>2,10,12,4,7
2,4,7,8,12>2,3,12,4,7
2,4,7,8,12>2,3,10,4,7
2,4,7,8,12>2,3,8,4,7
2,4,7,8,12>2,8,12,4,7
1,2,3,5,6,7,9,11,12>6,7,9,10,12,11,2,3,5
1,2,3,5,6,7,9,11,12>1,7,9,10,12,11,2,3,5
1,2,3,5,6,7,9,11,12>1,6,9,10,12,11,2,3,5
1,2,3,5,6,7,9,11,12>1,6,7,10,12,11,2,3,5
1,2,3,5,6,7,9,11,12>1,6,7,9,12,11,2,3,5
1,2,3,5,6,7,9,11,12>1,6,7,9,10,11,2,3,5
