Cell size,Cln3,SBF,MBF,Cln1^2,Sic1,Cln5^6,Cdh1,Clb1^2,Mcm1/SFF,Cdc20^Cdc14,Swi5
3,7,10,11,12>6,7,11,10,3,12
3,7,10,11,12>9,7,11,10,3,12
3,7,10,11,12>9,6,11,10,3,12
3,7,10,11,12>9,5,11,10,3,12
3,7,10,11,12>5,7,11,10,3,12
3,7,10,11,12>5,6,11,10,3,12
1,3,6,10,11>2,5,8,10,12,11,3,6
1,3,6,10,11>1,5,8,10,12,11,3,6
1,3,6,10,11>1,2,8,10,12,11,3,6
1,3,6,10,11>1,2,5,10,12,11,3,6
1,3,6,10,11>1,2,5,8,12,11,3,6
1,3,6,10,11>1,2,5,8,10,11,3,6
1,3,4,5,12>12,7,3,4,5
1,3,4,5,12>1,7,3,4,5
1,3,4,5,12>1,12,3,4,5
1,3,4,5,12>1,2,3,4,5
1,3,4,5,12>2,7,3,4,5
1,3,4,5,12>2,12,3,4,5
1,3,6,8,9,10,11,12>2,3,5,9,6,8,10,11,12
1,3,6,8,9,10,11,12>1,5,9,6,8,10,11,12
1,3,6,8,9,10,11,12>1,2,9,6,8,10,11,12
1,3,6,8,9,10,11,12>1,2,5,6,8,10,11,12
1,3,6,8,9,10,11,12>1,2,3,6,8,10,11,12
1,3,6,8,9,10,11,12>1,3,9,6,8,10,11,12
1,3,6,7,9,11,12>2,3,5,7,9,10,12,11,6
1,3,6,7,9,11,12>1,3,5,7,9,10,12,11,6
1,3,6,7,9,11,12>1,2,5,7,9,10,12,11,6
1,3,6,7,9,11,12>1,2,3,7,9,10,12,11,6
1,3,6,7,9,11,12>1,2,3,5,9,10,12,11,6
1,3,6,7,9,11,12>1,2,3,5,7,10,12,11,6
2,3,6,9,12>5,9,10,11,12,3,6
2,3,6,9,12>2,9,10,11,12,3,6
2,3,6,9,12>2,5,10,11,12,3,6
2,3,6,9,12>2,5,9,11,12,3,6
2,3,6,9,12>2,5,9,10,12,3,6
2,3,6,9,12>2,5,9,10,11,3,6
1,2,4,6,8,9>6,8,9,10,11,2,4
1,2,4,6,8,9>1,8,9,10,11,2,4
1,2,4,6,8,9>1,6,9,10,11,2,4
1,2,4,6,8,9>1,6,8,10,11,2,4
1,2,4,6,8,9>1,6,8,9,11,2,4
1,2,4,6,8,9>1,6,8,9,10,2,4
1,3,12>2,5,6,12,3
1,3,12>1,6,12,3
1,3,12>1,2,12,3
1,3,12>1,2,6,3
1,3,12>1,2,5,3
1,3,12>1,5,12,3
1,4,5,7>2,5,9,10,4,7
1,4,5,7>1,9,10,4,7
1,4,5,7>1,2,10,4,7
1,4,5,7>1,2,9,4,7
1,4,5,7>1,2,5,4,7
1,4,5,7>1,5,10,4,7
1,4,5,6,11>2,5,11,12,4,6
1,4,5,6,11>1,11,12,4,6
1,4,5,6,11>1,2,12,4,6
1,4,5,6,11>1,2,11,4,6
1,4,5,6,11>1,2,5,4,6
1,4,5,6,11>1,5,12,4,6
