Cell size,Cln3,SBF,MBF,Cln1^2,Sic1,Cln5^6,Cdh1,Clb1^2,Mcm1/SFF,Cdc20^Cdc14,Swi5
3,5,6,7,9,10>6,7,9,10,5
3,5,6,7,9,10>11,7,9,10,5
3,5,6,7,9,10>11,6,9,10,5
3,5,6,7,9,10>11,3,9,10,5
3,5,6,7,9,10>3,7,9,10,5
3,5,6,7,9,10>3,6,9,10,5
2,3,8,9,10,12>5,8,11,12,9,10,3
2,3,8,9,10,12>2,11,12,9,10,3
2,3,8,9,10,12>2,5,12,9,10,3
2,3,8,9,10,12>2,5,11,9,10,3
2,3,8,9,10,12>2,5,8,9,10,3
2,3,8,9,10,12>2,8,12,9,10,3
3,6,8,9,10,12>5,8,9,11,12,10,6
3,6,8,9,10,12>3,8,9,11,12,10,6
3,6,8,9,10,12>3,5,9,11,12,10,6
3,6,8,9,10,12>3,5,8,11,12,10,6
3,6,8,9,10,12>3,5,8,9,12,10,6
3,6,8,9,10,12>3,5,8,9,11,10,6
2,3,4,5,7,8,12>10,12,3,4,5,7
2,3,4,5,7,8,12>8,12,3,4,5,7
2,3,4,5,7,8,12>8,10,3,4,5,7
2,3,4,5,7,8,12>8,2,3,4,5,7
2,3,4,5,7,8,12>2,12,3,4,5,7
2,3,4,5,7,8,12>2,10,3,4,5,7
2,10,4,6>3,10,11,12,4,6
2,10,4,6>2,11,12,4,6
2,10,4,6>2,3,12,4,6
2,10,4,6>2,3,11,4,6
2,10,4,6>2,3,10,4,6
2,10,4,6>2,10,12,4,6
2,10,12,7>3,4,9,11,10,12,7
2,10,12,7>2,9,11,10,12,7
2,10,12,7>2,3,11,10,12,7
2,10,12,7>2,3,9,10,12,7
2,10,12,7>2,3,4,10,12,7
2,10,12,7>2,4,11,10,12,7
1,2,5,7,8,11,12>3,4,5,7,8,10,11,2,12
1,2,5,7,8,11,12>1,4,5,7,8,10,11,2,12
1,2,5,7,8,11,12>1,3,5,7,8,10,11,2,12
1,2,5,7,8,11,12>1,3,4,7,8,10,11,2,12
1,2,5,7,8,11,12>1,3,4,5,8,10,11,2,12
1,2,5,7,8,11,12>1,3,4,5,7,10,11,2,12
2,4,7,8,9>2,10,9,4,7
2,4,7,8,9>8,10,9,4,7
2,4,7,8,9>8,2,9,4,7
2,4,7,8,9>8,11,9,4,7
2,4,7,8,9>11,10,9,4,7
2,4,7,8,9>11,2,9,4,7
1,3,4,6,7,8>2,5,6,8,10,3,4,7
1,3,4,6,7,8>1,5,6,8,10,3,4,7
1,3,4,6,7,8>1,2,6,8,10,3,4,7
1,3,4,6,7,8>1,2,5,8,10,3,4,7
1,3,4,6,7,8>1,2,5,6,10,3,4,7
1,3,4,6,7,8>1,2,5,6,8,3,4,7
4,6,8,9,10>6,8,9,11,10
4,6,8,9,10>4,9,11,10
4,6,8,9,10>4,6,11,10
4,6,8,9,10>4,6,9,10
4,6,8,9,10>4,6,8,10
4,6,8,9,10>4,8,11,10
