Cell size,Cln3,SBF,MBF,Cln1^2,Sic1,Cln5^6,Cdh1,Clb1^2,Mcm1/SFF,Cdc20^Cdc14,Swi5
2,4,5,8,9,10>5,7,8,11,9,10,4
2,4,5,8,9,10>2,8,11,9,10,4
2,4,5,8,9,10>2,5,11,9,10,4
2,4,5,8,9,10>2,5,8,9,10,4
2,4,5,8,9,10>2,5,7,9,10,4
2,4,5,8,9,10>2,7,11,9,10,4
2,3,5,8,12>4,12,3,5
2,3,5,8,12>8,12,3,5
2,3,5,8,12>8,4,3,5
2,3,5,8,12>8,2,3,5
2,3,5,8,12>2,12,3,5
2,3,5,8,12>2,4,3,5
2,5,7,8,10,12>3,4,5,8,9,11,10,12,7
2,5,7,8,10,12>2,4,5,8,9,11,10,12,7
2,5,7,8,10,12>2,3,5,8,9,11,10,12,7
2,5,7,8,10,12>2,3,4,8,9,11,10,12,7
2,5,7,8,10,12>2,3,4,5,9,11,10,12,7
2,5,7,8,10,12>2,3,4,5,8,11,10,12,7
2,3,5,6,8,9,10,11>6,8,9,12,11,10,3,5
2,3,5,6,8,9,10,11>2,9,12,11,10,3,5
2,3,5,6,8,9,10,11>2,6,12,11,10,3,5
2,3,5,6,8,9,10,11>2,6,9,11,10,3,5
2,3,5,6,8,9,10,11>2,6,8,11,10,3,5
2,3,5,6,8,9,10,11>2,8,12,11,10,3,5
2,3,4,5,9>10,7,9,3,4,5
2,3,4,5,9>11,7,9,3,4,5
2,3,4,5,9>11,10,9,3,4,5
2,3,4,5,9>11,2,9,3,4,5
2,3,4,5,9>2,7,9,3,4,5
2,3,4,5,9>2,10,9,3,4,5
1,3,4,5,6,11>11,12,3,4,5,6
1,3,4,5,6,11>1,12,3,4,5,6
1,3,4,5,6,11>1,11,3,4,5,6
1,3,4,5,6,11>1,2,3,4,5,6
1,3,4,5,6,11>2,12,3,4,5,6
1,3,4,5,6,11>2,11,3,4,5,6
1,2,5,9,11>5,9,2,11
1,2,5,9,11>1,9,2,11
1,2,5,9,11>1,5,2,11
1,2,5,9,11>1,10,2,11
1,2,5,9,11>10,9,2,11
1,2,5,9,11>10,5,2,11
1,4,6,8,9,11,12>2,4,9,10,12,8,11,6
1,4,6,8,9,11,12>1,4,9,10,12,8,11,6
1,4,6,8,9,11,12>1,2,9,10,12,8,11,6
1,4,6,8,9,11,12>1,2,4,10,12,8,11,6
1,4,6,8,9,11,12>1,2,4,9,12,8,11,6
1,4,6,8,9,11,12>1,2,4,9,10,8,11,6
1,3,6,7,8,9,12>2,3,5,6,7,8,9,10,11,12
1,3,6,7,8,9,12>1,3,5,6,7,8,9,10,11,12
1,3,6,7,8,9,12>1,2,5,6,7,8,9,10,11,12
1,3,6,7,8,9,12>1,2,3,6,7,8,9,10,11,12
1,3,6,7,8,9,12>1,2,3,5,7,8,9,10,11,12
1,3,6,7,8,9,12>1,2,3,5,6,8,9,10,11,12
2,10,12,7>3,4,9,11,10,12,7
2,10,12,7>2,9,11,10,12,7
2,10,12,7>2,3,11,10,12,7
2,10,12,7>2,3,9,10,12,7
2,10,12,7>2,3,4,10,12,7
2,10,12,7>2,4,11,10,12,7
