Cell size,Cln3,SBF,MBF,Cln1^2,Sic1,Cln5^6,Cdh1,Clb1^2,Mcm1/SFF,Cdc20^Cdc14,Swi5
1,2,3,6,7,12>4,5,7,10,12,2,3,6
1,2,3,6,7,12>1,5,7,10,12,2,3,6
1,2,3,6,7,12>1,4,7,10,12,2,3,6
1,2,3,6,7,12>1,4,5,10,12,2,3,6
1,2,3,6,7,12>1,4,5,7,12,2,3,6
1,2,3,6,7,12>1,4,5,7,10,2,3,6
2,3,4,8,9,10,11>12,5,3,4,8,10,11
2,3,4,8,9,10,11>9,5,3,4,8,10,11
2,3,4,8,9,10,11>9,12,3,4,8,10,11
2,3,4,8,9,10,11>9,2,3,4,8,10,11
2,3,4,8,9,10,11>2,5,3,4,8,10,11
2,3,4,8,9,10,11>2,12,3,4,8,10,11
1,10,11,6>2,8,10,12,11,6
1,10,11,6>1,10,12,11,6
1,10,11,6>1,2,12,11,6
1,10,11,6>1,2,10,11,6
1,10,11,6>1,2,8,11,6
1,10,11,6>1,8,12,11,6
1,3,4,5,8,9,11>2,3,4,8,9,10,11,5
1,3,4,5,8,9,11>1,3,4,8,9,10,11,5
1,3,4,5,8,9,11>1,2,4,8,9,10,11,5
1,3,4,5,8,9,11>1,2,3,8,9,10,11,5
1,3,4,5,8,9,11>1,2,3,4,9,10,11,5
1,3,4,5,8,9,11>1,2,3,4,8,10,11,5
2,4,6,8,9,12>8,9,10,11,12,4,6
2,4,6,8,9,12>2,9,10,11,12,4,6
2,4,6,8,9,12>2,8,10,11,12,4,6
2,4,6,8,9,12>2,8,9,11,12,4,6
2,4,6,8,9,12>2,8,9,10,12,4,6
2,4,6,8,9,12>2,8,9,10,11,4,6
4,5,6,9,11>5,6,9,10,11
4,5,6,9,11>4,9,10,11
4,5,6,9,11>4,5,10,11
4,5,6,9,11>4,5,9,11
4,5,6,9,11>4,5,6,11
4,5,6,9,11>4,6,10,11
1,3,4,5,8,9>2,3,4,7,8,9,10,11,5
1,3,4,5,8,9>1,3,4,7,8,9,10,11,5
1,3,4,5,8,9>1,2,4,7,8,9,10,11,5
1,3,4,5,8,9>1,2,3,7,8,9,10,11,5
1,3,4,5,8,9>1,2,3,4,8,9,10,11,5
1,3,4,5,8,9>1,2,3,4,7,9,10,11,5
1,2,4,5,7,10>3,5,9,11,12,2,10,4,7
1,2,4,5,7,10>1,5,9,11,12,2,10,4,7
1,2,4,5,7,10>1,3,9,11,12,2,10,4,7
1,2,4,5,7,10>1,3,5,11,12,2,10,4,7
1,2,4,5,7,10>1,3,5,9,12,2,10,4,7
1,2,4,5,7,10>1,3,5,9,11,2,10,4,7
1,3,4,5,8,10>2,7,8,10,11,12,3,4,5
1,3,4,5,8,10>1,7,8,10,11,12,3,4,5
1,3,4,5,8,10>1,2,8,10,11,12,3,4,5
1,3,4,5,8,10>1,2,7,10,11,12,3,4,5
1,3,4,5,8,10>1,2,7,8,11,12,3,4,5
1,3,4,5,8,10>1,2,7,8,10,12,3,4,5
8,9,4,5>5,7,8,9,10,11
8,9,4,5>4,7,8,9,10,11
8,9,4,5>4,5,8,9,10,11
8,9,4,5>4,5,7,9,10,11
8,9,4,5>4,5,7,8,10,11
8,9,4,5>4,5,7,8,9,11
