Cell size,Cln3,SBF,MBF,Cln1^2,Sic1,Cln5^6,Cdh1,Clb1^2,Mcm1/SFF,Cdc20^Cdc14,Swi5
1,3,4,5,7,9,12>2,3,4,10,11,12,9,5,7
1,3,4,5,7,9,12>1,3,4,10,11,12,9,5,7
1,3,4,5,7,9,12>1,2,4,10,11,12,9,5,7
1,3,4,5,7,9,12>1,2,3,11,12,9,5,7
1,3,4,5,7,9,12>1,2,3,4,12,9,5,7
1,3,4,5,7,9,12>1,2,3,4,11,9,5,7
1,3,4,5,7,9,12>1,2,3,4,10,9,5,7
1,3,4,5,7,9,12>1,2,3,10,12,9,5,7
2,3,4,6,7,9,10,11>6,7,12,3,4,9,10,11
2,3,4,6,7,9,10,11>2,7,12,3,4,9,10,11
2,3,4,6,7,9,10,11>2,6,3,4,9,10,11
2,3,4,6,7,9,10,11>2,5,12,3,4,9,10,11
2,3,4,6,7,9,10,11>2,5,7,3,4,9,10,11
2,3,4,6,7,9,10,11>5,6,12,3,4,9,10,11
2,3,4,6,7,9,10,11>5,6,7,3,4,9,10,11
2,3,4,6,7,9,10,11>5,7,12,3,4,9,10,11
3,4,5,6,9,11>6,9,10,11,5
3,4,5,6,9,11>3,9,10,11,5
3,4,5,6,9,11>3,6,11,5
3,4,5,6,9,11>3,4,10,11,5
3,4,5,6,9,11>3,4,9,11,5
3,4,5,6,9,11>4,6,10,11,5
3,4,5,6,9,11>4,6,9,11,5
3,4,5,6,9,11>4,9,10,11,5
2,3,6,7,8,10,11>5,7,12,3,6,8,10,11
2,3,6,7,8,10,11>2,7,12,3,6,8,10,11
2,3,6,7,8,10,11>2,5,3,6,8,10,11
2,3,6,7,8,10,11>2,4,12,3,6,8,10,11
2,3,6,7,8,10,11>2,4,7,3,6,8,10,11
2,3,6,7,8,10,11>4,5,12,3,6,8,10,11
2,3,6,7,8,10,11>4,5,7,3,6,8,10,11
2,3,6,7,8,10,11>4,7,12,3,6,8,10,11
1,2,11,4>3,6,8,11,12,2,4
1,2,11,4>1,6,8,11,12,2,4
1,2,11,4>1,3,11,12,2,4
1,2,11,4>1,3,6,12,2,4
1,2,11,4>1,3,6,11,2,4
1,2,11,4>1,3,6,8,2,4
1,2,11,4>1,3,8,12,2,4
1,2,11,4>1,3,8,11,2,4
2,3,6,8,11>5,11,12,8,3,6
2,3,6,8,11>2,11,12,8,3,6
2,3,6,8,11>2,5,8,3,6
2,3,6,8,11>2,4,12,8,3,6
2,3,6,8,11>2,4,11,8,3,6
2,3,6,8,11>4,5,12,8,3,6
2,3,6,8,11>4,5,11,8,3,6
2,3,6,8,11>4,11,12,8,3,6
2,3,4,5,6,7,9,11>7,9,10,11,3,4,5
2,3,4,5,6,7,9,11>2,9,10,11,3,4,5
2,3,4,5,6,7,9,11>2,7,11,3,4,5
2,3,4,5,6,7,9,11>2,6,10,11,3,4,5
2,3,4,5,6,7,9,11>2,6,9,11,3,4,5
2,3,4,5,6,7,9,11>6,7,10,11,3,4,5
2,3,4,5,6,7,9,11>6,7,9,11,3,4,5
2,3,4,5,6,7,9,11>6,9,10,11,3,4,5
8,2,11,6>4,11,12,8,6
8,2,11,6>2,11,12,8,6
8,2,11,6>2,4,8,6
8,2,11,6>2,3,12,8,6
8,2,11,6>2,3,11,8,6
8,2,11,6>3,4,12,8,6
8,2,11,6>3,4,11,8,6
8,2,11,6>3,11,12,8,6
2,3,5,6,10>4,6,10,11,12,3,5
2,3,5,6,10>2,6,10,11,12,3,5
2,3,5,6,10>2,4,11,12,3,5
2,3,5,6,10>2,4,6,12,3,5
2,3,5,6,10>2,4,6,11,3,5
2,3,5,6,10>2,4,6,10,3,5
2,3,5,6,10>2,4,10,12,3,5
2,3,5,6,10>2,4,10,11,3,5
2,5,6,10,12>3,4,5,10,11,12,6
2,5,6,10,12>2,4,5,10,11,12,6
2,5,6,10,12>2,3,10,11,12,6
2,5,6,10,12>2,3,4,11,12,6
2,5,6,10,12>2,3,4,10,12,6
2,5,6,10,12>2,3,4,5,12,6
2,5,6,10,12>2,3,5,11,12,6
2,5,6,10,12>2,3,5,10,12,6
