Cell size,Cln3,SBF,MBF,Cln1^2,Sic1,Cln5^6,Cdh1,Clb1^2,Mcm1/SFF,Cdc20^Cdc14,Swi5
1,2,12>4,6,12,2
1,2,12>1,6,12,2
1,2,12>1,4,2
1,2,12>1,3,12,2
1,2,12>1,3,6,2
1,2,12>3,4,12,2
1,2,12>3,4,6,2
1,2,12>3,6,12,2
1,5,6,9>2,5,6,9,10,11
1,5,6,9>1,5,6,9,10,11
1,5,6,9>1,2,6,9,10,11
1,5,6,9>1,2,5,10,11
1,5,6,9>1,2,5,6,11
1,5,6,9>1,2,5,6,10
1,5,6,9>1,2,5,6,9
1,5,6,9>1,2,5,9,11
1,3,4,6,9,10>2,3,4,5,6,11,9,10
1,3,4,6,9,10>1,3,4,5,6,11,9,10
1,3,4,6,9,10>1,2,4,5,6,11,9,10
1,3,4,6,9,10>1,2,3,6,11,9,10
1,3,4,6,9,10>1,2,3,4,11,9,10
1,3,4,6,9,10>1,2,3,4,6,9,10
1,3,4,6,9,10>1,2,3,4,5,9,10
1,3,4,6,9,10>1,2,3,5,11,9,10
11,10,3>8,10,12,3,11
11,10,3>5,10,12,3,11
11,10,3>5,8,3,11
11,10,3>5,6,12,3,11
11,10,3>5,6,10,3,11
11,10,3>6,8,12,3,11
11,10,3>6,8,10,3,11
11,10,3>6,10,12,3,11
2,4,5,7,10,11>5,9,12,10,11,4,7
2,4,5,7,10,11>2,9,12,10,11,4,7
2,4,5,7,10,11>2,5,10,11,4,7
2,4,5,7,10,11>2,3,12,10,11,4,7
2,4,5,7,10,11>2,3,9,10,11,4,7
2,4,5,7,10,11>3,5,12,10,11,4,7
2,4,5,7,10,11>3,5,9,10,11,4,7
2,4,5,7,10,11>3,9,12,10,11,4,7
1,4,6,7,8,9>2,4,6,8,9,10,11,7
1,4,6,7,8,9>1,4,6,8,9,10,11,7
1,4,6,7,8,9>1,2,6,8,9,10,11,7
1,4,6,7,8,9>1,2,4,8,9,10,11,7
1,4,6,7,8,9>1,2,4,6,9,10,11,7
1,4,6,7,8,9>1,2,4,6,8,10,11,7
1,4,6,7,8,9>1,2,4,6,8,9,11,7
1,4,6,7,8,9>1,2,4,6,8,9,10,7
2,5,8,10,11>3,4,5,10,12,8,11
2,5,8,10,11>2,4,5,10,12,8,11
2,5,8,10,11>2,3,10,12,8,11
2,5,8,10,11>2,3,4,12,8,11
2,5,8,10,11>2,3,4,10,8,11
2,5,8,10,11>2,3,4,5,8,11
2,5,8,10,11>2,3,5,12,8,11
2,5,8,10,11>2,3,5,10,8,11
2,5,6,8,10,11>3,4,5,10,12,8,11,6
2,5,6,8,10,11>2,4,5,10,12,8,11,6
2,5,6,8,10,11>2,3,10,12,8,11,6
2,5,6,8,10,11>2,3,4,12,8,11,6
2,5,6,8,10,11>2,3,4,10,8,11,6
2,5,6,8,10,11>2,3,4,5,8,11,6
2,5,6,8,10,11>2,3,5,12,8,11,6
2,5,6,8,10,11>2,3,5,10,8,11,6
1,2,3,4,6,7,9>6,10,11,2,3,4,7,9
1,2,3,4,6,7,9>1,10,11,2,3,4,7,9
1,2,3,4,6,7,9>1,6,2,3,4,7,9
1,2,3,4,6,7,9>1,5,11,2,3,4,7,9
1,2,3,4,6,7,9>1,5,10,2,3,4,7,9
1,2,3,4,6,7,9>5,6,11,2,3,4,7,9
1,2,3,4,6,7,9>5,6,10,2,3,4,7,9
1,2,3,4,6,7,9>5,10,11,2,3,4,7,9
11,10,3,4>8,10,12,3,11,4
11,10,3,4>5,10,12,3,11,4
11,10,3,4>5,8,3,11,4
11,10,3,4>5,6,12,3,11,4
11,10,3,4>5,6,10,3,11,4
11,10,3,4>6,8,12,3,11,4
11,10,3,4>6,8,10,3,11,4
11,10,3,4>6,10,12,3,11,4
