Cell size,Cln3,SBF,MBF,Cln1^2,Sic1,Cln5^6,Cdh1,Clb1^2,Mcm1/SFF,Cdc20^Cdc14,Swi5
2,5,7,8,11>3,4,5,7,8,10,11,12
2,5,7,8,11>2,4,5,7,8,10,11,12
2,5,7,8,11>2,3,5,7,8,10,11,12
2,5,7,8,11>2,3,4,7,8,10,11,12
2,5,7,8,11>2,3,4,5,8,10,11,12
2,5,7,8,11>2,3,4,5,7,10,11,12
2,5,7,8,11>2,3,4,5,7,8,11,12
2,5,7,8,11>2,3,4,5,7,8,10,12
2,3,8,9,10,12>8,11,12,9,10,3
2,3,8,9,10,12>2,11,12,9,10,3
2,3,8,9,10,12>2,8,9,10,3
2,3,8,9,10,12>2,5,12,9,10,3
2,3,8,9,10,12>2,5,11,9,10,3
2,3,8,9,10,12>5,8,12,9,10,3
2,3,8,9,10,12>5,8,11,9,10,3
2,3,8,9,10,12>5,11,12,9,10,3
3,4,5,7,8,9>8,10,11,9,5,7
3,4,5,7,8,9>3,10,11,9,5,7
3,4,5,7,8,9>3,8,9,5,7
3,4,5,7,8,9>3,4,11,9,5,7
3,4,5,7,8,9>3,4,10,9,5,7
3,4,5,7,8,9>4,8,11,9,5,7
3,4,5,7,8,9>4,8,10,9,5,7
3,4,5,7,8,9>4,10,11,9,5,7
1,2,3,6,7,11>4,5,7,10,11,12,2,3,6
1,2,3,6,7,11>1,5,7,10,11,12,2,3,6
1,2,3,6,7,11>1,4,7,10,11,12,2,3,6
1,2,3,6,7,11>1,4,5,11,12,2,3,6
1,2,3,6,7,11>1,4,5,7,12,2,3,6
1,2,3,6,7,11>1,4,5,7,11,2,3,6
1,2,3,6,7,11>1,4,5,7,10,2,3,6
1,2,3,6,7,11>1,4,5,10,12,2,3,6
2,3,4,8,9>5,7,8,9,10,11,3,4
2,3,4,8,9>2,7,8,9,10,11,3,4
2,3,4,8,9>2,5,8,9,10,11,3,4
2,3,4,8,9>2,5,7,10,11,3,4
2,3,4,8,9>2,5,7,8,11,3,4
2,3,4,8,9>2,5,7,8,10,3,4
2,3,4,8,9>2,5,7,8,9,3,4
2,3,4,8,9>2,5,7,9,11,3,4
2,3,5,6,9,12>6,9,10,11,12,3,5
2,3,5,6,9,12>2,9,10,11,12,3,5
2,3,5,6,9,12>2,6,11,12,3,5
2,3,5,6,9,12>2,6,9,12,3,5
2,3,5,6,9,12>2,6,9,11,3,5
2,3,5,6,9,12>2,6,9,10,3,5
2,3,5,6,9,12>2,6,10,12,3,5
2,3,5,6,9,12>2,6,10,11,3,5
1,4,6,8,9>2,4,6,8,9,10,11
1,4,6,8,9>1,4,6,8,9,10,11
1,4,6,8,9>1,2,6,8,9,10,11
1,4,6,8,9>1,2,4,8,9,10,11
1,4,6,8,9>1,2,4,6,9,10,11
1,4,6,8,9>1,2,4,6,8,10,11
1,4,6,8,9>1,2,4,6,8,9,11
1,4,6,8,9>1,2,4,6,8,9,10
4,5,8,9,10,11>8,9,12,10,11
4,5,8,9,10,11>4,9,12,10,11
4,5,8,9,10,11>4,8,10,11
4,5,8,9,10,11>4,5,12,10,11
4,5,8,9,10,11>4,5,9,10,11
4,5,8,9,10,11>5,8,12,10,11
4,5,8,9,10,11>5,8,9,10,11
4,5,8,9,10,11>5,9,12,10,11
2,3,4,5,6,7,8,9,11,12>6,7,8,9,10,12,11,3,4,5
2,3,4,5,6,7,8,9,11,12>2,7,8,9,10,12,11,3,4,5
2,3,4,5,6,7,8,9,11,12>2,6,8,9,10,12,11,3,4,5
2,3,4,5,6,7,8,9,11,12>2,6,7,10,12,11,3,4,5
2,3,4,5,6,7,8,9,11,12>2,6,7,8,12,11,3,4,5
2,3,4,5,6,7,8,9,11,12>2,6,7,8,10,11,3,4,5
2,3,4,5,6,7,8,9,11,12>2,6,7,8,9,11,3,4,5
2,3,4,5,6,7,8,9,11,12>2,6,7,9,12,11,3,4,5
1,4,10,11,12>6,8,10,11,4,12
1,4,10,11,12>1,8,10,11,4,12
1,4,10,11,12>1,6,11,4,12
1,4,10,11,12>1,2,10,11,4,12
1,4,10,11,12>1,2,8,11,4,12
1,4,10,11,12>2,6,10,11,4,12
1,4,10,11,12>2,6,8,11,4,12
1,4,10,11,12>2,8,10,11,4,12
