Cell size,Cln3,SBF,MBF,Cln1^2,Sic1,Cln5^6,Cdh1,Clb1^2,Mcm1/SFF,Cdc20^Cdc14,Swi5
2,4,7,8,9,12>10,11,12,9,4,7
2,4,7,8,9,12>2,11,12,9,4,7
2,4,7,8,9,12>2,10,9,4,7
2,4,7,8,9,12>2,8,12,9,4,7
2,4,7,8,9,12>2,8,11,9,4,7
2,4,7,8,9,12>8,10,12,9,4,7
2,4,7,8,9,12>8,10,11,9,4,7
2,4,7,8,9,12>8,11,12,9,4,7
1,3,4,5,7,8,9,10,11>2,3,4,8,12,5,7,9,10,11
1,3,4,5,7,8,9,10,11>1,3,4,8,12,5,7,9,10,11
1,3,4,5,7,8,9,10,11>1,2,8,12,5,7,9,10,11
1,3,4,5,7,8,9,10,11>1,2,3,12,5,7,9,10,11
1,3,4,5,7,8,9,10,11>1,2,3,8,5,7,9,10,11
1,3,4,5,7,8,9,10,11>1,2,3,4,5,7,9,10,11
1,3,4,5,7,8,9,10,11>1,2,4,12,5,7,9,10,11
1,3,4,5,7,8,9,10,11>1,2,4,8,5,7,9,10,11
1,4,6,7,8>6,8,10,4,7
1,4,6,7,8>1,8,10,4,7
1,4,6,7,8>1,6,4,7
1,4,6,7,8>1,2,10,4,7
1,4,6,7,8>1,2,8,4,7
1,4,6,7,8>2,6,10,4,7
1,4,6,7,8>2,6,8,4,7
1,4,6,7,8>2,8,10,4,7
1,2,4,5,6,9,11>6,9,10,2,11,4
1,2,4,5,6,9,11>1,9,10,2,11,4
1,2,4,5,6,9,11>1,6,2,11,4
1,2,4,5,6,9,11>1,5,10,2,11,4
1,2,4,5,6,9,11>1,5,9,2,11,4
1,2,4,5,6,9,11>5,6,10,2,11,4
1,2,4,5,6,9,11>5,6,9,2,11,4
1,2,4,5,6,9,11>5,9,10,2,11,4
1,3,6,7,12>2,5,7,10,12,3,6
1,3,6,7,12>1,5,7,10,12,3,6
1,3,6,7,12>1,2,10,12,3,6
1,3,6,7,12>1,2,5,12,3,6
1,3,6,7,12>1,2,5,10,3,6
1,3,6,7,12>1,2,5,7,3,6
1,3,6,7,12>1,2,7,12,3,6
1,3,6,7,12>1,2,7,10,3,6
9,4,6>9,10,11
9,4,6>4,10,11
9,4,6>4,9
9,4,6>4,6,11
9,4,6>4,6,10
9,4,6>6,9,11
9,4,6>6,9,10
9,4,6>6,10,11
1,5,6,9,12>2,5,6,9,10,11,12
1,5,6,9,12>1,5,6,9,10,11,12
1,5,6,9,12>1,2,6,9,10,11,12
1,5,6,9,12>1,2,5,9,10,11,12
1,5,6,9,12>1,2,5,6,10,11,12
1,5,6,9,12>1,2,5,6,9,11,12
1,5,6,9,12>1,2,5,6,9,10,12
1,5,6,9,12>1,2,5,6,9,10,11
11,3,4>8,11,12,3,4
11,3,4>5,11,12,3,4
11,3,4>5,8,3,4
11,3,4>5,6,12,3,4
11,3,4>5,6,11,3,4
11,3,4>6,8,12,3,4
11,3,4>6,8,11,3,4
11,3,4>6,11,12,3,4
1,2,4,5,7,8,9>8,10,11,9,2,4,7
1,2,4,5,7,8,9>1,10,11,9,2,4,7
1,2,4,5,7,8,9>1,8,9,2,4,7
1,2,4,5,7,8,9>1,5,11,9,2,4,7
1,2,4,5,7,8,9>1,5,10,9,2,4,7
1,2,4,5,7,8,9>5,8,11,9,2,4,7
1,2,4,5,7,8,9>5,8,10,9,2,4,7
1,2,4,5,7,8,9>5,10,11,9,2,4,7
2,4,6,8,9>6,8,9,10,11,4
2,4,6,8,9>2,8,9,10,11,4
2,4,6,8,9>2,6,10,11,4
2,4,6,8,9>2,6,8,11,4
2,4,6,8,9>2,6,8,10,4
2,4,6,8,9>2,6,8,9,4
2,4,6,8,9>2,6,9,11,4
2,4,6,8,9>2,6,9,10,4
