Cell size,Cln3,SBF,MBF,Cln1^2,Sic1,Cln5^6,Cdh1,Clb1^2,Mcm1/SFF,Cdc20^Cdc14,Swi5
1,2,4,5,7,10,12>5,9,11,2,4,7,10,12
1,2,4,5,7,10,12>1,9,11,2,4,7,10,12
1,2,4,5,7,10,12>1,5,2,4,7,10,12
1,2,4,5,7,10,12>1,3,11,2,4,7,10,12
1,2,4,5,7,10,12>1,3,9,2,4,7,10,12
1,2,4,5,7,10,12>3,5,11,2,4,7,10,12
1,2,4,5,7,10,12>3,5,9,2,4,7,10,12
1,2,4,5,7,10,12>3,9,11,2,4,7,10,12
2,3,7,8,9,12>5,8,10,11,12,9,3,7
2,3,7,8,9,12>2,8,10,11,12,9,3,7
2,3,7,8,9,12>2,5,11,12,9,3,7
2,3,7,8,9,12>2,5,8,12,9,3,7
2,3,7,8,9,12>2,5,8,11,9,3,7
2,3,7,8,9,12>2,5,8,10,9,3,7
2,3,7,8,9,12>2,5,10,12,9,3,7
2,3,7,8,9,12>2,5,10,11,9,3,7
1,2,6,8,9,10>8,9,11,2,10
1,2,6,8,9,10>1,9,11,2,10
1,2,6,8,9,10>1,8,2,10
1,2,6,8,9,10>1,6,11,2,10
1,2,6,8,9,10>1,6,9,2,10
1,2,6,8,9,10>6,8,11,2,10
1,2,6,8,9,10>6,8,9,2,10
1,2,6,8,9,10>6,9,11,2,10
1,4,6,7,11,12>7,10,11,4,12,6
1,4,6,7,11,12>1,10,11,4,12,6
1,4,6,7,11,12>1,7,4,12,6
1,4,6,7,11,12>1,2,11,4,12,6
1,4,6,7,11,12>1,2,10,4,12,6
1,4,6,7,11,12>2,7,11,4,12,6
1,4,6,7,11,12>2,7,10,4,12,6
1,4,6,7,11,12>2,10,11,4,12,6
1,2,4,6,7,8,10>3,6,8,11,12,2,10,4,7
1,2,4,6,7,8,10>1,6,8,11,12,2,10,4,7
1,2,4,6,7,8,10>1,3,11,12,2,10,4,7
1,2,4,6,7,8,10>1,3,6,12,2,10,4,7
1,2,4,6,7,8,10>1,3,6,11,2,10,4,7
1,2,4,6,7,8,10>1,3,6,8,2,10,4,7
1,2,4,6,7,8,10>1,3,8,12,2,10,4,7
1,2,4,6,7,8,10>1,3,8,11,2,10,4,7
1,3,4,6,7,9,11>2,3,4,5,6,7,9,10,11
1,3,4,6,7,9,11>1,3,4,5,6,7,9,10,11
1,3,4,6,7,9,11>1,2,4,5,6,7,9,10,11
1,3,4,6,7,9,11>1,2,3,5,6,7,9,10,11
1,3,4,6,7,9,11>1,2,3,4,6,7,9,10,11
1,3,4,6,7,9,11>1,2,3,4,5,7,9,10,11
1,3,4,6,7,9,11>1,2,3,4,5,6,9,10,11
1,3,4,6,7,9,11>1,2,3,4,5,6,7,10,11
5,6,7,8,10,12>7,8,11,10,12
5,6,7,8,10,12>5,8,11,10,12
5,6,7,8,10,12>5,7,10,12
5,6,7,8,10,12>5,6,11,10,12
5,6,7,8,10,12>5,6,8,10,12
5,6,7,8,10,12>6,7,11,10,12
5,6,7,8,10,12>6,7,8,10,12
5,6,7,8,10,12>6,8,11,10,12
1,3,9,10,12>2,3,5,11,12,9,10
1,3,9,10,12>1,3,5,11,12,9,10
1,3,9,10,12>1,2,11,12,9,10
1,3,9,10,12>1,2,3,12,9,10
1,3,9,10,12>1,2,3,11,9,10
1,3,9,10,12>1,2,3,5,9,10
1,3,9,10,12>1,2,5,12,9,10
1,3,9,10,12>1,2,5,11,9,10
1,2,3,4,6,7,9,10,12>6,11,12,2,3,4,7,9,10
1,2,3,4,6,7,9,10,12>1,11,12,2,3,4,7,9,10
1,2,3,4,6,7,9,10,12>1,6,2,3,4,7,9,10
1,2,3,4,6,7,9,10,12>1,5,12,2,3,4,7,9,10
1,2,3,4,6,7,9,10,12>1,5,11,2,3,4,7,9,10
1,2,3,4,6,7,9,10,12>5,6,12,2,3,4,7,9,10
1,2,3,4,6,7,9,10,12>5,6,11,2,3,4,7,9,10
1,2,3,4,6,7,9,10,12>5,11,12,2,3,4,7,9,10
1,2,3,5,6,7,8,9,10,12>6,7,8,11,12,2,3,5,9,10
1,2,3,5,6,7,8,9,10,12>1,7,8,11,12,2,3,5,9,10
1,2,3,5,6,7,8,9,10,12>1,6,11,12,2,3,5,9,10
1,2,3,5,6,7,8,9,10,12>1,6,7,12,2,3,5,9,10
1,2,3,5,6,7,8,9,10,12>1,6,7,11,2,3,5,9,10
1,2,3,5,6,7,8,9,10,12>1,6,7,8,2,3,5,9,10
1,2,3,5,6,7,8,9,10,12>1,6,8,12,2,3,5,9,10
1,2,3,5,6,7,8,9,10,12>1,6,8,11,2,3,5,9,10
