Cell size,Cln3,SBF,MBF,Cln1^2,Sic1,Cln5^6,Cdh1,Clb1^2,Mcm1/SFF,Cdc20^Cdc14,Swi5
1,2,3,5,6,7,10,12>4,6,7,9,11,2,3,5,10,12
1,2,3,5,6,7,10,12>1,7,9,11,2,3,5,10,12
1,2,3,5,6,7,10,12>1,4,9,11,2,3,5,10,12
1,2,3,5,6,7,10,12>1,4,7,9,2,3,5,10,12
1,2,3,5,6,7,10,12>1,4,7,11,2,3,5,10,12
1,2,3,5,6,7,10,12>1,4,6,7,2,3,5,10,12
1,2,3,5,6,7,10,12>1,6,7,9,2,3,5,10,12
1,2,3,5,6,7,10,12>1,4,6,11,2,3,5,10,12
1,2,3,5,6,7,10,12>1,4,6,9,2,3,5,10,12
1,2,3,5,6,7,10,12>1,6,7,11,2,3,5,10,12
1,2,6,7,8,11,12>3,4,7,10,11,8,2,12,6
1,2,6,7,8,11,12>1,7,10,11,8,2,12,6
1,2,6,7,8,11,12>1,3,10,11,8,2,12,6
1,2,6,7,8,11,12>1,3,7,10,8,2,12,6
1,2,6,7,8,11,12>1,3,7,11,8,2,12,6
1,2,6,7,8,11,12>1,3,4,7,8,2,12,6
1,2,6,7,8,11,12>1,4,7,10,8,2,12,6
1,2,6,7,8,11,12>1,3,4,11,8,2,12,6
1,2,6,7,8,11,12>1,3,4,10,8,2,12,6
1,2,6,7,8,11,12>1,4,7,11,8,2,12,6
1,2,3,5,6,7,8,10,11>4,6,7,8,12,2,3,5,10,11
1,2,3,5,6,7,8,10,11>1,7,8,12,2,3,5,10,11
1,2,3,5,6,7,8,10,11>1,4,8,12,2,3,5,10,11
1,2,3,5,6,7,8,10,11>1,4,7,8,2,3,5,10,11
1,2,3,5,6,7,8,10,11>1,4,7,12,2,3,5,10,11
1,2,3,5,6,7,8,10,11>1,4,6,7,2,3,5,10,11
1,2,3,5,6,7,8,10,11>1,6,7,8,2,3,5,10,11
1,2,3,5,6,7,8,10,11>1,4,6,12,2,3,5,10,11
1,2,3,5,6,7,8,10,11>1,4,6,8,2,3,5,10,11
1,2,3,5,6,7,8,10,11>1,6,7,12,2,3,5,10,11
9,2,4,5>7,10,11,9,4
9,2,4,5>2,10,11,9,4
9,2,4,5>2,7,10,9,4
9,2,4,5>2,7,11,9,4
9,2,4,5>2,5,7,9,4
9,2,4,5>5,7,10,9,4
9,2,4,5>2,5,11,9,4
9,2,4,5>2,5,10,9,4
9,2,4,5>5,7,11,9,4
9,2,4,5>5,10,11,9,4
1,3,5,6,7,9,10,11,12>3,6,7,5,9,10,11,12
1,3,5,6,7,9,10,11,12>1,6,7,5,9,10,11,12
1,3,5,6,7,9,10,11,12>1,3,6,5,9,10,11,12
1,3,5,6,7,9,10,11,12>1,3,7,5,9,10,11,12
1,3,5,6,7,9,10,11,12>1,2,3,5,9,10,11,12
1,3,5,6,7,9,10,11,12>2,3,6,5,9,10,11,12
1,3,5,6,7,9,10,11,12>1,2,7,5,9,10,11,12
1,3,5,6,7,9,10,11,12>1,2,6,5,9,10,11,12
1,3,5,6,7,9,10,11,12>2,3,7,5,9,10,11,12
1,3,5,6,7,9,10,11,12>2,6,7,5,9,10,11,12
1,2,3,6,8,9,10,12>5,8,9,11,12,10,2,3,6
1,2,3,6,8,9,10,12>1,9,11,12,10,2,3,6
1,2,3,6,8,9,10,12>1,5,11,12,10,2,3,6
1,2,3,6,8,9,10,12>1,5,9,11,10,2,3,6
1,2,3,6,8,9,10,12>1,5,9,12,10,2,3,6
1,2,3,6,8,9,10,12>1,5,8,9,10,2,3,6
1,2,3,6,8,9,10,12>1,8,9,11,10,2,3,6
1,2,3,6,8,9,10,12>1,5,8,12,10,2,3,6
1,2,3,6,8,9,10,12>1,5,8,11,10,2,3,6
1,2,3,6,8,9,10,12>1,8,9,12,10,2,3,6
3,5,6,7,8,12>8,10,12,3,5
3,5,6,7,8,12>6,10,12,3,5
3,5,6,7,8,12>6,8,10,3,5
3,5,6,7,8,12>6,8,12,3,5
3,5,6,7,8,12>6,7,8,3,5
3,5,6,7,8,12>7,8,10,3,5
3,5,6,7,8,12>6,7,12,3,5
3,5,6,7,8,12>6,7,10,3,5
3,5,6,7,8,12>7,8,12,3,5
3,5,6,7,8,12>7,10,12,3,5
1,2,3,4,6,7,8,9,10>6,8,11,2,3,4,7,9,10
1,2,3,4,6,7,8,9,10>1,8,11,2,3,4,7,9,10
1,2,3,4,6,7,8,9,10>1,6,8,2,3,4,7,9,10
1,2,3,4,6,7,8,9,10>1,6,11,2,3,4,7,9,10
1,2,3,4,6,7,8,9,10>1,5,6,2,3,4,7,9,10
1,2,3,4,6,7,8,9,10>5,6,8,2,3,4,7,9,10
1,2,3,4,6,7,8,9,10>1,5,11,2,3,4,7,9,10
1,2,3,4,6,7,8,9,10>1,5,8,2,3,4,7,9,10
1,2,3,4,6,7,8,9,10>5,6,11,2,3,4,7,9,10
1,2,3,4,6,7,8,9,10>5,8,11,2,3,4,7,9,10
1,2,3,4,6,8,9,12>5,8,9,10,11,12,2,3,4,6
1,2,3,4,6,8,9,12>1,8,9,10,11,12,2,3,4,6
1,2,3,4,6,8,9,12>1,5,10,11,12,2,3,4,6
1,2,3,4,6,8,9,12>1,5,8,11,12,2,3,4,6
1,2,3,4,6,8,9,12>1,5,8,10,2,3,4,6
1,2,3,4,6,8,9,12>1,5,8,9,12,2,3,4,6
1,2,3,4,6,8,9,12>1,5,8,9,11,2,3,4,6
1,2,3,4,6,8,9,12>1,5,9,10,12,2,3,4,6
1,2,3,4,6,8,9,12>1,5,9,10,11,2,3,4,6
1,2,3,4,6,8,9,12>1,5,9,11,12,2,3,4,6
1,4,7,8,11,12>6,10,11,8,4,12,7
1,4,7,8,11,12>1,10,11,8,4,12,7
1,4,7,8,11,12>1,6,10,8,4,12,7
1,4,7,8,11,12>1,6,11,8,4,12,7
1,4,7,8,11,12>1,2,6,8,4,12,7
1,4,7,8,11,12>2,6,10,8,4,12,7
1,4,7,8,11,12>1,2,11,8,4,12,7
1,4,7,8,11,12>1,2,10,8,4,12,7
1,4,7,8,11,12>2,6,11,8,4,12,7
1,4,7,8,11,12>2,10,11,8,4,12,7
2,4,5,7,8>5,8,10,4,7
2,4,5,7,8>2,8,10,4,7
2,4,5,7,8>2,5,8,4,7
2,4,5,7,8>2,5,10,4,7
2,4,5,7,8>2,3,5,4,7
2,4,5,7,8>3,5,8,4,7
2,4,5,7,8>2,3,10,4,7
2,4,5,7,8>2,3,8,4,7
2,4,5,7,8>3,5,10,4,7
2,4,5,7,8>3,8,10,4,7
2,3,5,6,8,9,10,12>6,8,9,11,12,10,3,5
2,3,5,6,8,9,10,12>2,9,11,12,10,3,5
2,3,5,6,8,9,10,12>2,6,11,12,10,3,5
2,3,5,6,8,9,10,12>2,6,9,11,10,3,5
2,3,5,6,8,9,10,12>2,6,9,12,10,3,5
2,3,5,6,8,9,10,12>2,6,8,9,10,3,5
2,3,5,6,8,9,10,12>2,8,9,11,10,3,5
2,3,5,6,8,9,10,12>2,6,8,12,10,3,5
2,3,5,6,8,9,10,12>2,6,8,11,10,3,5
2,3,5,6,8,9,10,12>2,8,9,12,10,3,5
2,6,7,8,9,10>7,8,11,9,10
2,6,7,8,9,10>2,8,11,9,10
2,6,7,8,9,10>2,7,8,9,10
2,6,7,8,9,10>2,7,11,9,10
2,6,7,8,9,10>2,6,7,9,10
2,6,7,8,9,10>6,7,8,9,10
2,6,7,8,9,10>2,6,11,9,10
2,6,7,8,9,10>2,6,8,9,10
2,6,7,8,9,10>6,7,11,9,10
2,6,7,8,9,10>6,8,11,9,10
1,2,3,4,5,8,9>7,8,9,10,11,2,3,4,5
1,2,3,4,5,8,9>1,9,10,11,2,3,4,5
1,2,3,4,5,8,9>1,7,10,11,2,3,4,5
1,2,3,4,5,8,9>1,7,9,10,2,3,4,5
1,2,3,4,5,8,9>1,7,9,11,2,3,4,5
1,2,3,4,5,8,9>1,7,8,9,2,3,4,5
1,2,3,4,5,8,9>1,8,9,10,2,3,4,5
1,2,3,4,5,8,9>1,7,8,11,2,3,4,5
1,2,3,4,5,8,9>1,7,8,10,2,3,4,5
1,2,3,4,5,8,9>1,8,9,11,2,3,4,5
2,3,4,8,9>5,7,8,9,10,11,3,4
2,3,4,8,9>2,7,8,9,10,11,3,4
2,3,4,8,9>2,5,9,10,11,3,4
2,3,4,8,9>2,5,7,10,11,3,4
2,3,4,8,9>2,5,7,9,3,4
2,3,4,8,9>2,5,7,8,11,3,4
2,3,4,8,9>2,5,7,8,10,3,4
2,3,4,8,9>2,5,8,9,11,3,4
2,3,4,8,9>2,5,8,9,10,3,4
2,3,4,8,9>2,5,8,10,11,3,4
1,3,4,5,6,9,10,12>2,3,4,6,11,12,9,10,5
1,3,4,5,6,9,10,12>1,3,4,6,11,12,9,10,5
1,3,4,5,6,9,10,12>1,2,6,11,12,9,10,5
1,3,4,5,6,9,10,12>1,2,3,11,12,9,10,5
1,3,4,5,6,9,10,12>1,2,3,6,9,10,5
1,3,4,5,6,9,10,12>1,2,3,4,12,9,10,5
1,3,4,5,6,9,10,12>1,2,3,4,11,9,10,5
1,3,4,5,6,9,10,12>1,2,4,6,12,9,10,5
1,3,4,5,6,9,10,12>1,2,4,6,11,9,10,5
1,3,4,5,6,9,10,12>1,2,4,11,12,9,10,5
2,3,6,7,9,10,11>6,7,12,11,9,10,3
2,3,6,7,9,10,11>2,7,12,11,9,10,3
2,3,6,7,9,10,11>2,6,7,11,9,10,3
2,3,6,7,9,10,11>2,6,12,11,9,10,3
2,3,6,7,9,10,11>2,5,6,11,9,10,3
2,3,6,7,9,10,11>5,6,7,11,9,10,3
2,3,6,7,9,10,11>2,5,12,11,9,10,3
2,3,6,7,9,10,11>2,5,7,11,9,10,3
2,3,6,7,9,10,11>5,6,12,11,9,10,3
2,3,6,7,9,10,11>5,7,12,11,9,10,3
1,3,4,5,8,9,10>2,3,4,7,8,11,9,10,5
1,3,4,5,8,9,10>1,3,4,7,8,11,9,10,5
1,3,4,5,8,9,10>1,2,7,8,11,9,10,5
1,3,4,5,8,9,10>1,2,3,8,11,9,10,5
1,3,4,5,8,9,10>1,2,3,7,9,10,5
1,3,4,5,8,9,10>1,2,3,4,11,9,10,5
1,3,4,5,8,9,10>1,2,3,4,8,9,10,5
1,3,4,5,8,9,10>1,2,4,7,11,9,10,5
1,3,4,5,8,9,10>1,2,4,7,8,9,10,5
1,3,4,5,8,9,10>1,2,4,8,11,9,10,5
1,2,6,7,12>3,4,7,10,12,2,6
1,2,6,7,12>1,7,10,12,2,6
1,2,6,7,12>1,3,10,12,2,6
1,2,6,7,12>1,3,7,10,2,6
1,2,6,7,12>1,3,7,12,2,6
1,2,6,7,12>1,3,4,7,2,6
1,2,6,7,12>1,4,7,10,2,6
1,2,6,7,12>1,3,4,12,2,6
1,2,6,7,12>1,3,4,10,2,6
1,2,6,7,12>1,4,7,12,2,6
1,2,3,6,8,9,10>5,6,8,9,11,10,2,3
1,2,3,6,8,9,10>1,8,9,11,10,2,3
1,2,3,6,8,9,10>1,5,9,11,10,2,3
1,2,3,6,8,9,10>1,5,8,9,10,2,3
1,2,3,6,8,9,10>1,5,8,11,10,2,3
1,2,3,6,8,9,10>1,5,6,8,10,2,3
1,2,3,6,8,9,10>1,6,8,9,10,2,3
1,2,3,6,8,9,10>1,5,6,11,10,2,3
1,2,3,6,8,9,10>1,5,6,9,10,2,3
1,2,3,6,8,9,10>1,6,8,11,10,2,3
