Cell size,Cln3,SBF,MBF,Cln1^2,Sic1,Cln5^6,Cdh1,Clb1^2,Mcm1/SFF,Cdc20^Cdc14,Swi5
1,2,4,8,10,11,12>10,3,6,2,4,8,11,12
1,2,4,8,10,11,12>1,3,6,2,4,8,11,12
3,4,5,6,7,8,9,10,12>4,6,8,11,12,9,10,5,7
3,4,5,6,7,8,9,10,12>3,6,8,11,12,9,10,5,7
3,4,5,7,8>10,3,4,5,7
3,4,5,7,8>8,3,4,5,7
1,2,5,6,10,11>3,4,5,10,12,2,11,6
1,2,5,6,10,11>1,4,5,10,12,2,11,6
1,10,4,9>2,4,7,11,9,10
1,10,4,9>1,4,7,11,9,10
2,4,6,8,10,11>2,3,12,8,11,4,6
2,4,6,8,10,11>10,3,12,8,11,4,6
8,9,10,4>11,4,7,9,10
8,9,10,4>8,4,7,9,10
3,4,5,7,9,10,12>3,4,12,9,10,5,7
3,4,5,7,9,10,12>11,4,12,9,10,5,7
9,11,5>10,5,11
9,11,5>9,5,11
1,3,5,8,9,11,12>2,3,8,9,10,12,11,5
1,3,5,8,9,11,12>1,3,8,9,10,12,11,5
2,11,4>3,6,8,11,12,4
2,11,4>2,6,8,11,12,4
1,2,4,5,9,10,11,12>5,2,4,9,10,11,12
1,2,4,5,9,10,11,12>1,2,4,9,10,11,12
2,4,7,10,12>9,2,3,10,4,12,7
2,4,7,10,12>11,2,3,10,4,12,7
1,2,3,4,5,6,8,9,10,11>6,8,9,12,2,3,4,5,10,11
1,2,3,4,5,6,8,9,10,11>1,8,9,12,2,3,4,5,10,11
2,4,5,6,7,8,9,11>5,6,7,8,9,10,11,4
2,4,5,6,7,8,9,11>2,6,7,8,9,10,11,4
8,1,12,9>2,8,9,10,11,12
8,1,12,9>1,8,9,10,11,12
2,4,6,8,11,12>2,3,8,4,12,6
2,4,6,8,11,12>11,3,8,4,12,6
5,7,8,9,12>8,10,11,12,9,7
5,7,8,9,12>5,10,11,12,9,7
3,6,7,8,12>7,8,10,12,3,6
3,6,7,8,12>5,8,10,12,3,6
1,5,6,7,8,10,11,12>2,5,7,8,10,11,12,6
1,5,6,7,8,10,11,12>1,5,7,8,10,11,12,6
