Cell size,Cln3,SBF,MBF,Cln1^2,Sic1,Cln5^6,Cdh1,Clb1^2,Mcm1/SFF,Cdc20^Cdc14,Swi5
1,2,4,9,10,11>12,2,4,9,10,11
1,2,4,9,10,11>1,2,4,9,10,11
2,3,4,5,7,10,11>2,12,3,4,5,7,10,11
2,3,4,5,7,10,11>9,12,3,4,5,7,10,11
2,4,7,8,9,11>9,2,10,11,4,7
2,4,7,8,9,11>8,2,10,11,4,7
3,5,6,7,8,9>6,7,8,9,10,11,5
3,5,6,7,8,9>3,7,8,9,10,11,5
3,4,5,6,8>6,3,4,5
3,4,5,6,8>8,3,4,5
1,3,4,5,7,8,12>2,8,10,12,3,4,5,7
1,3,4,5,7,8,12>1,8,10,12,3,4,5,7
3,4,5,7,9,10,11,12>4,5,7,9,10,11,12
3,4,5,7,9,10,11,12>3,5,7,9,10,11,12
5,7,8,9,10,11>12,5,7,9,10,11
5,7,8,9,10,11>8,5,7,9,10,11
1,3,5,6,7,10,11,12>2,7,3,5,6,10,11,12
1,3,5,6,7,10,11,12>1,7,3,5,6,10,11,12
8,10,11,7>7,8,10,11
8,10,11,7>12,8,10,11
2,4,7,10,11>2,3,12,10,11,4,7
2,4,7,10,11>9,3,12,10,11,4,7
2,4,7,8,10,12>3,8,9,11,10,4,12,7
2,4,7,8,10,12>2,8,9,11,10,4,12,7
8,1,11,4>2,6,11,12,8,4
8,1,11,4>1,6,11,12,8,4
1,2,3,6,9,11,12>5,9,10,12,11,2,3,6
1,2,3,6,9,11,12>1,9,10,12,11,2,3,6
2,3,5,6,7,8,11,12>4,7,8,10,11,3,12,5,6
2,3,5,6,7,8,11,12>2,7,8,10,11,3,12,5,6
2,3,4,5,6,8,12>2,12,3,4,5,6
2,3,4,5,6,8,12>8,12,3,4,5,6
9,10,11,6>12,10,11,6
9,10,11,6>9,10,11,6
1,2,6,7,8,9,11,12>7,8,9,10,12,2,11,6
1,2,6,7,8,9,11,12>1,8,9,10,12,2,11,6
3,4,5,6,11>12,3,4,5,6
3,4,5,6,11>11,3,4,5,6
5,6,7,9,10,12>6,7,11,12,9,10
5,6,7,9,10,12>5,7,11,12,9,10
