Cell size,Cln3,SBF,MBF,Cln1^2,Sic1,Cln5^6,Cdh1,Clb1^2,Mcm1/SFF,Cdc20^Cdc14,Swi5
1,2,6,8,9,10,11>12,9,2,6,8,10,11
1,2,6,8,9,10,11>1,9,2,6,8,10,11
1,2,6,8,9,10,11,12>9,2,6,8,10,11,12
1,2,6,8,9,10,11,12>1,2,6,8,10,11,12
1,3,4,6,7,9,10,11>2,3,4,5,6,7,12,9,10,11
1,3,4,6,7,9,10,11>1,3,4,5,6,7,12,9,10,11
4,6,9,10,11,12>4,10,11,12,6
4,6,9,10,11,12>9,10,11,12,6
2,3,5,7>2,10,4,3,5,7
2,3,5,7>9,10,4,3,5,7
1,2,4,6,9>6,9,10,11,2,4
1,2,4,6,9>1,9,10,11,2,4
1,2,5,6,8,9,10,11,12>1,5,9,2,6,10,11,12
1,2,5,6,8,9,10,11,12>8,5,9,2,6,10,11,12
2,3,4,5,6,7,11,12>2,10,7,3,4,5,6,12
2,3,4,5,6,7,11,12>11,10,7,3,4,5,6,12
1,3,6,7>2,5,6,7,10,3
1,3,6,7>1,5,6,7,10,3
2,3,4,5,6,7,8,9,11,12>6,7,8,9,10,12,11,3,4,5
2,3,4,5,6,7,8,9,11,12>2,7,8,9,10,12,11,3,4,5
1,12,6,7>2,7,10,12,6
1,12,6,7>1,7,10,12,6
1,4>2,7,4
1,4>1,7,4
2,6,7,9,10>11,6,7,9,10
2,6,7,9,10>2,6,7,9,10
3,5,7,8,10,12>9,11,3,5,7,10,12
3,5,7,8,10,12>8,11,3,5,7,10,12
2,4,5,7,10>3,5,9,11,12,10,4,7
2,4,5,7,10>2,5,9,11,12,10,4,7
3,4,5,6,8,10,11>12,3,4,5,6,8,11
3,4,5,6,8,10,11>10,3,4,5,6,8,11
1,2,3,4,8,9>5,7,8,9,10,11,2,3,4
1,2,3,4,8,9>1,7,8,9,10,11,2,3,4
4,6,8,10,11>12,8,11,4,6
4,6,8,10,11>10,8,11,4,6
1,5,6,8,9,10,11>2,5,6,8,9,12,10,11
1,5,6,8,9,10,11>1,5,6,8,9,12,10,11
10,6,7>7,9,11,12,10
10,6,7>6,9,11,12,10
