Cell size,Cln3,SBF,MBF,Cln1^2,Sic1,Cln5^6,Cdh1,Clb1^2,Mcm1/SFF,Cdc20^Cdc14,Swi5
1,2,3,6,7,8,10,11,12>4,5,7,2,3,6,8,10,11,12
1,2,3,6,7,8,10,11,12>1,5,7,2,3,6,8,10,11,12
1,2,3,6,7,8,10,11,12>1,4,7,2,3,6,8,10,11,12
1,2,3,6,7,8,10,11,12>1,4,5,2,3,6,8,10,11,12
1,2,3,5,8,10,11>10,4,12,2,3,5,8,11
1,2,3,5,8,10,11>1,4,12,2,3,5,8,11
1,2,3,5,8,10,11>1,10,12,2,3,5,8,11
1,2,3,5,8,10,11>1,10,4,2,3,5,8,11
1,2,3,5,6,10>4,6,10,11,12,2,3,5
1,2,3,5,6,10>1,6,10,11,12,2,3,5
1,2,3,5,6,10>1,4,10,11,12,2,3,5
1,2,3,5,6,10>1,4,6,11,12,2,3,5
11,2,10,12>3,4,6,8,10,11,12
11,2,10,12>2,4,6,8,10,11,12
11,2,10,12>2,3,6,8,10,11,12
11,2,10,12>2,3,4,8,10,11,12
1,4,5,7,9,10,11,12>2,4,5,7,9,10,11,12
1,4,5,7,9,10,11,12>1,4,5,7,9,10,11,12
1,4,5,7,9,10,11,12>1,2,5,7,9,10,11,12
1,4,5,7,9,10,11,12>1,2,4,7,9,10,11,12
8,3,6,7>6,7,8,10,3
8,3,6,7>5,7,8,10,3
8,3,6,7>5,6,8,10,3
8,3,6,7>5,6,7,10,3
1,2,5,6,7,8,9,12>5,6,7,8,9,10,11,12,2
1,2,5,6,7,8,9,12>1,6,7,8,9,10,11,12,2
1,2,5,6,7,8,9,12>1,5,7,8,9,10,11,12,2
1,2,5,6,7,8,9,12>1,5,6,8,9,10,11,12,2
1,4,6,7,12>2,10,12,4,6,7
1,4,6,7,12>1,10,12,4,6,7
1,4,6,7,12>1,2,12,4,6,7
1,4,6,7,12>1,2,10,4,6,7
2,3,6,9,11>2,10,5,11,3,6
2,3,6,9,11>9,10,5,11,3,6
2,3,6,9,11>9,2,5,11,3,6
2,3,6,9,11>9,2,10,11,3,6
1,3,5,8,11,12>2,11,6,8,3,12,5
1,3,5,8,11,12>1,11,6,8,3,12,5
1,3,5,8,11,12>1,2,6,8,3,12,5
1,3,5,8,11,12>1,2,11,8,3,12,5
2,3,6,7,8,9,10,12>5,6,7,8,11,12,9,10,3
2,3,6,7,8,9,10,12>2,6,7,8,11,12,9,10,3
2,3,6,7,8,9,10,12>2,5,7,8,11,12,9,10,3
2,3,6,7,8,9,10,12>2,5,6,8,11,12,9,10,3
9,3,12,5>10,3,12,9,5
9,3,12,5>11,3,12,9,5
9,3,12,5>11,10,12,9,5
9,3,12,5>11,10,3,9,5
1,2,4,7,11>3,10,11,12,2,4,7
1,2,4,7,11>1,10,11,12,2,4,7
1,2,4,7,11>1,3,11,12,2,4,7
1,2,4,7,11>1,3,10,12,2,4,7
2,3,4,5,6,9,11>2,10,6,11,3,4,5
2,3,4,5,6,9,11>9,10,6,11,3,4,5
2,3,4,5,6,9,11>9,2,6,11,3,4,5
2,3,4,5,6,9,11>9,2,10,11,3,4,5
2,4,5,6,8,9,10,12>5,6,8,9,11,12,10,4
2,4,5,6,8,9,10,12>2,6,8,9,11,12,10,4
2,4,5,6,8,9,10,12>2,5,8,9,11,12,10,4
2,4,5,6,8,9,10,12>2,5,6,9,11,12,10,4
1,2,3,4,5,7,8,10>8,9,11,12,2,3,4,5,7,10
1,2,3,4,5,7,8,10>1,9,11,12,2,3,4,5,7,10
1,2,3,4,5,7,8,10>1,8,11,12,2,3,4,5,7,10
1,2,3,4,5,7,8,10>1,8,9,12,2,3,4,5,7,10
2,5,7,8,9,12>5,8,10,11,12,9,7
2,5,7,8,9,12>2,8,10,11,12,9,7
2,5,7,8,9,12>2,5,10,11,12,9,7
2,5,7,8,9,12>2,5,8,11,12,9,7
1,5,6,7,9,10>2,5,6,7,11,9,10
1,5,6,7,9,10>1,5,6,7,11,9,10
1,5,6,7,9,10>1,2,6,7,11,9,10
1,5,6,7,9,10>1,2,5,7,11,9,10
1,2,3,4,6,8,10,11>10,12,5,2,3,4,6,8,11
1,2,3,4,6,8,10,11>1,12,5,2,3,4,6,8,11
1,2,3,4,6,8,10,11>1,10,5,2,3,4,6,8,11
1,2,3,4,6,8,10,11>1,10,12,2,3,4,6,8,11
9,2,12,5>5,10,11,12,9
9,2,12,5>2,10,11,12,9
9,2,12,5>2,5,11,12,9
9,2,12,5>2,5,10,12,9
