Cell size,Cln3,SBF,MBF,Cln1^2,Sic1,Cln5^6,Cdh1,Clb1^2,Mcm1/SFF,Cdc20^Cdc14,Swi5
2,6,7,9,10>11,6,7,9,10
2,6,7,9,10>2,6,7,9,10
2,6,7,9,10>2,11,7,9,10
2,6,7,9,10>2,11,6,9,10
1,2,3,4,7,8,9,12>5,8,10,11,12,2,3,4,7,9
1,2,3,4,7,8,9,12>1,8,10,11,12,2,3,4,7,9
1,2,3,4,7,8,9,12>1,5,10,11,12,2,3,4,7,9
1,2,3,4,7,8,9,12>1,5,8,11,12,2,3,4,7,9
1,6,7,9,10,11>2,6,7,12,9,10,11
1,6,7,9,10,11>1,6,7,12,9,10,11
1,6,7,9,10,11>1,2,7,12,9,10,11
1,6,7,9,10,11>1,2,6,12,9,10,11
2,11,4>3,6,8,11,12,4
2,11,4>2,6,8,11,12,4
2,11,4>2,3,8,11,12,4
2,11,4>2,3,6,11,12,4
2,4,5,6,8,12>3,5,8,12,4,6
2,4,5,6,8,12>2,5,8,12,4,6
2,4,5,6,8,12>2,3,8,12,4,6
2,4,5,6,8,12>2,3,5,12,4,6
1,2,3,4,7>10,5,9,2,3,4,7
1,2,3,4,7>1,5,9,2,3,4,7
1,2,3,4,7>1,10,9,2,3,4,7
1,2,3,4,7>1,10,5,2,3,4,7
1,2,5,6,9,11,12>5,9,10,12,2,11,6
1,2,5,6,9,11,12>1,9,10,12,2,11,6
1,2,5,6,9,11,12>1,5,10,12,2,11,6
1,2,5,6,9,11,12>1,5,9,12,2,11,6
2,4,7>9,2,3,4,7
2,4,7>10,2,3,4,7
2,4,7>10,9,3,4,7
2,4,7>10,9,2,4,7
11,4,5,7>11,12,5,4,7
11,4,5,7>10,12,5,4,7
11,4,5,7>10,11,5,4,7
11,4,5,7>10,11,12,4,7
2,4,5,6,7,8,9>5,6,8,9,10,11,4,7
2,4,5,6,7,8,9>2,6,8,9,10,11,4,7
2,4,5,6,7,8,9>2,5,8,9,10,11,4,7
2,4,5,6,7,8,9>2,5,6,9,10,11,4,7
1,3,4,9,12>2,3,4,5,7,10,11,12,9
1,3,4,9,12>1,3,4,5,7,10,11,12,9
1,3,4,9,12>1,2,4,5,7,10,11,12,9
1,3,4,9,12>1,2,3,5,7,10,11,12,9
2,3,4,5,6,7,10,11>12,6,7,3,4,5,10,11
2,3,4,5,6,7,10,11>2,6,7,3,4,5,10,11
2,3,4,5,6,7,10,11>2,12,7,3,4,5,10,11
2,3,4,5,6,7,10,11>2,12,6,3,4,5,10,11
11,2,10,7>3,4,7,9,12,10,11
11,2,10,7>2,4,7,9,12,10,11
11,2,10,7>2,3,7,9,12,10,11
11,2,10,7>2,3,4,9,12,10,11
2,3,5,6,9,10,12>11,12,6,9,10,3,5
2,3,5,6,9,10,12>2,12,6,9,10,3,5
2,3,5,6,9,10,12>2,11,6,9,10,3,5
2,3,5,6,9,10,12>2,11,12,9,10,3,5
2,3,7,11,12>4,5,6,7,10,11,3,12
2,3,7,11,12>2,5,6,7,10,11,3,12
2,3,7,11,12>2,4,6,7,10,11,3,12
2,3,7,11,12>2,4,5,7,10,11,3,12
2,3,5,6,7,10,12>4,6,7,9,11,10,3,12,5
2,3,5,6,7,10,12>2,6,7,9,11,10,3,12,5
2,3,5,6,7,10,12>2,4,7,9,11,10,3,12,5
2,3,5,6,7,10,12>2,4,6,9,11,10,3,12,5
2,4,5,7,9,11,12>10,12,5,9,11,4,7
2,4,5,7,9,11,12>2,12,5,9,11,4,7
2,4,5,7,9,11,12>2,10,5,9,11,4,7
2,4,5,7,9,11,12>2,10,12,9,11,4,7
1,10,5>2,5,9,10,11,12
1,10,5>1,5,9,10,11,12
1,10,5>1,2,9,10,11,12
1,10,5>1,2,5,10,11,12
2,3,7,8,9,10>2,11,5,9,10,3,7
2,3,7,8,9,10>8,11,5,9,10,3,7
2,3,7,8,9,10>8,2,5,9,10,3,7
2,3,7,8,9,10>8,2,11,9,10,3,7
1,3,4,5,7,8,12>2,8,10,12,3,4,5,7
1,3,4,5,7,8,12>1,8,10,12,3,4,5,7
1,3,4,5,7,8,12>1,2,10,12,3,4,5,7
1,3,4,5,7,8,12>1,2,8,12,3,4,5,7
