Cell size,Cln3,SBF,MBF,Cln1^2,Sic1,Cln5^6,Cdh1,Clb1^2,Mcm1/SFF,Cdc20^Cdc14,Swi5
2,4,6,7,10>3,6,9,11,12,10,4,7
2,4,6,7,10>2,6,9,11,12,10,4,7
2,4,6,7,10>2,3,9,11,12,10,4,7
2,4,6,7,10>2,3,6,11,12,10,4,7
9,2,3,7>2,10,5,9,3,7
9,2,3,7>11,10,5,9,3,7
9,2,3,7>11,2,5,9,3,7
9,2,3,7>11,2,10,9,3,7
3,6,8,9,11>10,3,5,8,11,6
3,6,8,9,11>9,3,5,8,11,6
3,6,8,9,11>9,10,5,8,11,6
3,6,8,9,11>9,10,3,8,11,6
2,4,5,6,7,9,10,12>5,6,11,12,9,10,4,7
2,4,5,6,7,9,10,12>2,6,11,12,9,10,4,7
2,4,5,6,7,9,10,12>2,5,11,12,9,10,4,7
2,4,5,6,7,9,10,12>2,5,6,12,9,10,4,7
2,3,4,5,6,9>6,9,10,11,3,4,5
2,3,4,5,6,9>2,9,10,11,3,4,5
2,3,4,5,6,9>2,6,10,11,3,4,5
2,3,4,5,6,9>2,6,9,11,3,4,5
8,12,4,5>12,5,7,4
8,12,4,5>8,5,7,4
8,12,4,5>8,12,7,4
8,12,4,5>8,12,5,4
10,2,3,7>4,5,9,11,12,10,3,7
10,2,3,7>2,5,9,11,12,10,3,7
10,2,3,7>2,4,9,11,12,10,3,7
10,2,3,7>2,4,5,11,12,10,3,7
2,4,6,8,9,10>6,8,9,11,10,4
2,4,6,8,9,10>2,8,9,11,10,4
2,4,6,8,9,10>2,6,9,11,10,4
2,4,6,8,9,10>2,6,8,11,10,4
2,3,5,6,8>2,4,6,3,5
2,3,5,6,8>8,4,6,3,5
2,3,5,6,8>8,2,6,3,5
2,3,5,6,8>8,2,4,3,5
1,4,8,9,11>2,4,9,10,8,11
1,4,8,9,11>1,4,9,10,8,11
1,4,8,9,11>1,2,9,10,8,11
1,4,8,9,11>1,2,4,10,8,11
9,2,4,5>5,7,10,11,9,4
9,2,4,5>2,7,10,11,9,4
9,2,4,5>2,5,10,11,9,4
9,2,4,5>2,5,7,11,9,4
9,2,4,6>6,9,10,11,4
9,2,4,6>2,9,10,11,4
9,2,4,6>2,6,10,11,4
9,2,4,6>2,6,9,11,4
8,9,12,5>8,9,10,11,12
8,9,12,5>5,9,10,11,12
8,9,12,5>5,8,10,11,12
8,9,12,5>5,8,9,11,12
2,5,6,7,8,10,11,12>3,4,5,7,8,10,11,12,6
2,5,6,7,8,10,11,12>2,4,5,7,8,10,11,12,6
2,5,6,7,8,10,11,12>2,3,5,7,8,10,11,12,6
2,5,6,7,8,10,11,12>2,3,4,7,8,10,11,12,6
1,2,3,7,8,10,11>4,5,7,12,2,3,8,10,11
1,2,3,7,8,10,11>1,5,7,12,2,3,8,10,11
1,2,3,7,8,10,11>1,4,7,12,2,3,8,10,11
1,2,3,7,8,10,11>1,4,5,12,2,3,8,10,11
1,2,4,5,7,10,12>3,5,9,11,2,4,7,10,12
1,2,4,5,7,10,12>1,5,9,11,2,4,7,10,12
1,2,4,5,7,10,12>1,3,9,11,2,4,7,10,12
1,2,4,5,7,10,12>1,3,5,11,2,4,7,10,12
1,3,4,5,10,11,12>2,10,6,3,4,5,11,12
1,3,4,5,10,11,12>1,10,6,3,4,5,11,12
1,3,4,5,10,11,12>1,2,6,3,4,5,11,12
1,3,4,5,10,11,12>1,2,10,3,4,5,11,12
4,5,6,7,9,12>5,6,10,11,12,9,7
4,5,6,7,9,12>4,6,10,11,12,9,7
4,5,6,7,9,12>4,5,10,11,12,9,7
4,5,6,7,9,12>4,5,6,11,12,9,7
8,2,11,5>3,4,5,11,12,8
8,2,11,5>2,4,5,11,12,8
8,2,11,5>2,3,5,11,12,8
8,2,11,5>2,3,4,11,12,8
1,12,5>2,12,5
1,12,5>1,12,5
1,12,5>1,2,5
1,12,5>1,2,12
