Cell size,Cln3,SBF,MBF,Cln1^2,Sic1,Cln5^6,Cdh1,Clb1^2,Mcm1/SFF,Cdc20^Cdc14,Swi5
1,2,5,6,7,8,9,10,11>5,6,7,8,9,12,11,2,10
1,2,5,6,7,8,9,10,11>1,6,7,8,9,12,11,2,10
1,2,5,6,7,8,9,10,11>1,5,7,8,9,12,11,2,10
1,2,5,6,7,8,9,10,11>1,5,6,8,9,12,11,2,10
1,2,5,6,7,8,9,10,11>1,5,6,7,9,12,11,2,10
1,2,5,6,7,8,9,10,11>1,5,6,7,8,12,11,2,10
1,2,4,5,6,8,9,10,11>5,6,8,9,12,11,2,10,4
1,2,4,5,6,8,9,10,11>1,6,8,9,12,11,2,10,4
1,2,4,5,6,8,9,10,11>1,5,8,9,12,11,2,10,4
1,2,4,5,6,8,9,10,11>1,5,6,9,12,11,2,10,4
1,2,4,5,6,8,9,10,11>1,5,6,8,12,11,2,10,4
1,2,4,5,6,8,9,10,11>1,5,6,8,9,11,2,10,4
2,7,8,9,10,12>11,12,9,10,7
2,7,8,9,10,12>8,12,9,10,7
2,7,8,9,10,12>8,11,9,10,7
2,7,8,9,10,12>8,2,9,10,7
2,7,8,9,10,12>2,12,9,10,7
2,7,8,9,10,12>2,11,9,10,7
10,2,3,5>4,9,10,11,12,3,5
10,2,3,5>2,9,10,11,12,3,5
10,2,3,5>2,4,10,11,12,3,5
10,2,3,5>2,4,9,11,12,3,5
10,2,3,5>2,4,9,10,12,3,5
10,2,3,5>2,4,9,10,11,3,5
2,3,4,5,6,8,10>6,8,10,11,12,3,4,5
2,3,4,5,6,8,10>2,8,10,11,12,3,4,5
2,3,4,5,6,8,10>2,6,10,11,12,3,4,5
2,3,4,5,6,8,10>2,6,8,11,12,3,4,5
2,3,4,5,6,8,10>2,6,8,10,12,3,4,5
2,3,4,5,6,8,10>2,6,8,10,11,3,4,5
1,3,5,8,11,12>11,6,8,3,12,5
1,3,5,8,11,12>1,6,8,3,12,5
1,3,5,8,11,12>1,11,8,3,12,5
1,3,5,8,11,12>1,2,8,3,12,5
1,3,5,8,11,12>2,6,8,3,12,5
1,3,5,8,11,12>2,11,8,3,12,5
1,6,9,10,12>11,12,9,10,6
1,6,9,10,12>1,12,9,10,6
1,6,9,10,12>1,11,9,10,6
1,6,9,10,12>1,2,9,10,6
1,6,9,10,12>2,12,9,10,6
1,6,9,10,12>2,11,9,10,6
1,2,3,5,9,11,12>12,9,11,2,3,5
1,2,3,5,9,11,12>1,9,11,2,3,5
1,2,3,5,9,11,12>1,12,11,2,3,5
1,2,3,5,9,11,12>1,10,11,2,3,5
1,2,3,5,9,11,12>10,9,11,2,3,5
1,2,3,5,9,11,12>10,12,11,2,3,5
1,3,6,7,8>2,5,6,7,8,10,3
1,3,6,7,8>1,5,6,7,8,10,3
1,3,6,7,8>1,2,6,7,8,10,3
1,3,6,7,8>1,2,5,7,8,10,3
1,3,6,7,8>1,2,5,6,8,10,3
1,3,6,7,8>1,2,5,6,7,10,3
4,5,7,8,12>12,5,4,7
4,5,7,8,12>8,5,4,7
4,5,7,8,12>8,12,4,7
4,5,7,8,12>8,10,4,7
4,5,7,8,12>10,5,4,7
4,5,7,8,12>10,12,4,7
2,3,6,7,11,12>4,5,7,10,11,3,12,6
2,3,6,7,11,12>2,5,7,10,11,3,12,6
2,3,6,7,11,12>2,4,7,10,11,3,12,6
2,3,6,7,11,12>2,4,5,10,11,3,12,6
2,3,6,7,11,12>2,4,5,7,11,3,12,6
2,3,6,7,11,12>2,4,5,7,10,3,12,6
1,2,3,4,5,6,9,10,12>12,6,2,3,4,5,9,10
1,2,3,4,5,6,9,10,12>1,6,2,3,4,5,9,10
1,2,3,4,5,6,9,10,12>1,12,2,3,4,5,9,10
1,2,3,4,5,6,9,10,12>1,11,2,3,4,5,9,10
1,2,3,4,5,6,9,10,12>11,6,2,3,4,5,9,10
1,2,3,4,5,6,9,10,12>11,12,2,3,4,5,9,10
4,5,6,9,10>5,6,9,10
4,5,6,9,10>11,6,9,10
4,5,6,9,10>11,5,9,10
4,5,6,9,10>11,4,9,10
4,5,6,9,10>4,6,9,10
4,5,6,9,10>4,5,9,10
4,5,6,7,8,12>6,8,10,12,4,7
4,5,6,7,8,12>5,10,12,4,7
4,5,6,7,8,12>5,6,12,4,7
4,5,6,7,8,12>5,6,10,4,7
4,5,6,7,8,12>5,6,8,4,7
4,5,6,7,8,12>5,8,12,4,7
1,2,5,6,8,9,10,11>5,6,8,9,12,11,2,10
1,2,5,6,8,9,10,11>1,6,8,9,12,11,2,10
1,2,5,6,8,9,10,11>1,5,8,9,12,11,2,10
1,2,5,6,8,9,10,11>1,5,6,9,12,11,2,10
1,2,5,6,8,9,10,11>1,5,6,8,12,11,2,10
1,2,5,6,8,9,10,11>1,5,6,8,9,11,2,10
1,2,6,7,8,11>3,4,7,10,11,12,8,2,6
1,2,6,7,8,11>1,4,7,10,11,12,8,2,6
1,2,6,7,8,11>1,3,7,10,11,12,8,2,6
1,2,6,7,8,11>1,3,4,10,11,12,8,2,6
1,2,6,7,8,11>1,3,4,7,11,12,8,2,6
1,2,6,7,8,11>1,3,4,7,10,12,8,2,6
1,3,6,7,9,10>2,3,5,6,7,11,9,10
1,3,6,7,9,10>1,3,5,6,7,11,9,10
1,3,6,7,9,10>1,2,5,6,7,11,9,10
1,3,6,7,9,10>1,2,3,6,7,11,9,10
1,3,6,7,9,10>1,2,3,5,7,11,9,10
1,3,6,7,9,10>1,2,3,5,6,11,9,10
1,3,5,11,12>11,6,3,12,5
1,3,5,11,12>1,6,3,12,5
1,3,5,11,12>1,11,3,12,5
1,3,5,11,12>1,2,3,12,5
1,3,5,11,12>2,6,3,12,5
1,3,5,11,12>2,11,3,12,5
2,10,5>3,4,5,9,10,11,12
2,10,5>2,4,5,9,10,11,12
2,10,5>2,3,5,9,10,11,12
2,10,5>2,3,4,9,10,11,12
2,10,5>2,3,4,5,10,11,12
2,10,5>2,3,4,5,9,11,12
3,6,7,9,12>5,6,7,10,11,12,9
3,6,7,9,12>3,6,7,10,11,12,9
3,6,7,9,12>3,5,7,10,11,12,9
3,6,7,9,12>3,5,6,10,11,12,9
3,6,7,9,12>3,5,6,7,11,12,9
3,6,7,9,12>3,5,6,7,10,12,9
