Cell size,Cln3,SBF,MBF,Cln1^2,Sic1,Cln5^6,Cdh1,Clb1^2,Mcm1/SFF,Cdc20^Cdc14,Swi5
1,2,4,5,6,7,9,10>5,6,2,4,7,9,10
1,2,4,5,6,7,9,10>1,6,2,4,7,9,10
1,2,4,5,6,7,9,10>1,5,2,4,7,9,10
1,2,4,5,6,7,9,10>1,11,2,4,7,9,10
1,2,4,5,6,7,9,10>11,6,2,4,7,9,10
1,2,4,5,6,7,9,10>11,5,2,4,7,9,10
1,4,6,7,12>10,12,4,6,7
1,4,6,7,12>1,12,4,6,7
1,4,6,7,12>1,10,4,6,7
1,4,6,7,12>1,2,4,6,7
1,4,6,7,12>2,12,4,6,7
1,4,6,7,12>2,10,4,6,7
1,2,5,6,7,9,10,11,12>6,7,2,9,10,11,12
1,2,5,6,7,9,10,11,12>1,7,2,9,10,11,12
1,2,5,6,7,9,10,11,12>1,6,2,9,10,11,12
1,2,5,6,7,9,10,11,12>1,5,2,9,10,11,12
1,2,5,6,7,9,10,11,12>5,7,2,9,10,11,12
1,2,5,6,7,9,10,11,12>5,6,2,9,10,11,12
1,2,3,7,9,10,12>12,5,2,3,7,9,10
1,2,3,7,9,10,12>1,5,2,3,7,9,10
1,2,3,7,9,10,12>1,12,2,3,7,9,10
1,2,3,7,9,10,12>1,11,2,3,7,9,10
1,2,3,7,9,10,12>11,5,2,3,7,9,10
1,2,3,7,9,10,12>11,12,2,3,7,9,10
2,3,5,8,9,10,11>2,12,11,10,3,5
2,3,5,8,9,10,11>8,12,11,10,3,5
2,3,5,8,9,10,11>8,2,11,10,3,5
2,3,5,8,9,10,11>8,9,11,10,3,5
2,3,5,8,9,10,11>9,12,11,10,3,5
2,3,5,8,9,10,11>9,2,11,10,3,5
2,5,7,8,9,10>11,5,9,10,7
2,5,7,8,9,10>8,5,9,10,7
2,5,7,8,9,10>8,11,9,10,7
2,5,7,8,9,10>8,2,9,10,7
2,5,7,8,9,10>2,5,9,10,7
2,5,7,8,9,10>2,11,9,10,7
4,5,8,9,11>5,8,9,10,11
4,5,8,9,11>4,9,10,11
4,5,8,9,11>4,5,10,11
4,5,8,9,11>4,5,9,11
4,5,8,9,11>4,5,8,11
4,5,8,9,11>4,8,10,11
2,3,7,8,9,11>5,7,8,9,10,11,3
2,3,7,8,9,11>2,7,8,9,10,11,3
2,3,7,8,9,11>2,5,8,9,10,11,3
2,3,7,8,9,11>2,5,7,9,10,11,3
2,3,7,8,9,11>2,5,7,8,10,11,3
2,3,7,8,9,11>2,5,7,8,9,11,3
1,2,5,9,11>5,9,2,11
1,2,5,9,11>1,9,2,11
1,2,5,9,11>1,5,2,11
1,2,5,9,11>1,10,2,11
1,2,5,9,11>10,9,2,11
1,2,5,9,11>10,5,2,11
8,2,4,12>3,6,7,12,8,4
8,2,4,12>2,7,12,8,4
8,2,4,12>2,3,12,8,4
8,2,4,12>2,3,7,8,4
8,2,4,12>2,3,6,8,4
8,2,4,12>2,6,12,8,4
1,3,4,6,7,9,12>2,3,4,5,6,10,11,12,9,7
1,3,4,6,7,9,12>1,3,4,5,6,10,11,12,9,7
1,3,4,6,7,9,12>1,2,4,5,6,10,11,12,9,7
1,3,4,6,7,9,12>1,2,3,5,6,10,11,12,9,7
1,3,4,6,7,9,12>1,2,3,4,6,10,11,12,9,7
1,3,4,6,7,9,12>1,2,3,4,5,10,11,12,9,7
8,9,4>7,8,9,10,11
8,9,4>4,8,9,10,11
8,9,4>4,7,9,10,11
8,9,4>4,7,8,10,11
8,9,4>4,7,8,9,11
8,9,4>4,7,8,9,10
1,2,4,5,9,10,12>5,7,11,12,9,2,10,4
1,2,4,5,9,10,12>1,11,12,9,2,10,4
1,2,4,5,9,10,12>1,5,12,9,2,10,4
1,2,4,5,9,10,12>1,5,11,9,2,10,4
1,2,4,5,9,10,12>1,5,7,9,2,10,4
1,2,4,5,9,10,12>1,7,12,9,2,10,4
1,4,6,7,10,11>12,7,10,11,4,6
1,4,6,7,10,11>1,7,10,11,4,6
1,4,6,7,10,11>1,12,10,11,4,6
1,4,6,7,10,11>1,2,10,11,4,6
1,4,6,7,10,11>2,7,10,11,4,6
1,4,6,7,10,11>2,12,10,11,4,6
1,2,3,4,5,6,7,8,10>6,8,11,12,2,3,4,5,7,10
1,2,3,4,5,6,7,8,10>1,11,12,2,3,4,5,7,10
1,2,3,4,5,6,7,8,10>1,6,12,2,3,4,5,7,10
1,2,3,4,5,6,7,8,10>1,6,11,2,3,4,5,7,10
1,2,3,4,5,6,7,8,10>1,6,8,2,3,4,5,7,10
1,2,3,4,5,6,7,8,10>1,8,12,2,3,4,5,7,10
2,3,7>4,5,9,10,3,7
2,3,7>2,9,10,3,7
2,3,7>2,4,10,3,7
2,3,7>2,4,9,3,7
2,3,7>2,4,5,3,7
2,3,7>2,5,10,3,7
11>12,6
11>8,6
11>8,12
11>8,11
11>11,6
11>11,12
1,3,5,6,9,11>2,3,6,9,10,11,5
1,3,5,6,9,11>1,3,6,9,10,11,5
1,3,5,6,9,11>1,2,6,9,10,11,5
1,3,5,6,9,11>1,2,3,9,10,11,5
1,3,5,6,9,11>1,2,3,6,10,11,5
1,3,5,6,9,11>1,2,3,6,9,11,5
1,2,4,5,6,9,11>5,6,9,10,2,11,4
1,2,4,5,6,9,11>1,9,10,2,11,4
1,2,4,5,6,9,11>1,5,10,2,11,4
1,2,4,5,6,9,11>1,5,9,2,11,4
1,2,4,5,6,9,11>1,5,6,2,11,4
1,2,4,5,6,9,11>1,6,10,2,11,4
1,3,5,8,9,10,11>2,3,8,9,12,10,11,5
1,3,5,8,9,10,11>1,3,8,9,12,10,11,5
1,3,5,8,9,10,11>1,2,8,9,12,10,11,5
1,3,5,8,9,10,11>1,2,3,9,12,10,11,5
1,3,5,8,9,10,11>1,2,3,8,12,10,11,5
1,3,5,8,9,10,11>1,2,3,8,9,10,11,5
