Cell size,Cln3,SBF,MBF,Cln1^2,Sic1,Cln5^6,Cdh1,Clb1^2,Mcm1/SFF,Cdc20^Cdc14,Swi5
4,5,6,9,11>6,9,10,11
4,5,6,9,11>4,9,10,11
4,5,6,9,11>4,6,11
4,5,6,9,11>4,5,10,11
4,5,6,9,11>4,5,9,11
4,5,6,9,11>5,6,10,11
4,5,6,9,11>5,6,9,11
4,5,6,9,11>5,9,10,11
1,2,4,5,7,8,9>8,10,11,9,2,4,7
1,2,4,5,7,8,9>1,10,11,9,2,4,7
1,2,4,5,7,8,9>1,8,9,2,4,7
1,2,4,5,7,8,9>1,5,11,9,2,4,7
1,2,4,5,7,8,9>1,5,10,9,2,4,7
1,2,4,5,7,8,9>5,8,11,9,2,4,7
1,2,4,5,7,8,9>5,8,10,9,2,4,7
1,2,4,5,7,8,9>5,10,11,9,2,4,7
1,4,7,8,9,10>4,8,11,9,10,7
1,4,7,8,9,10>1,8,11,9,10,7
1,4,7,8,9,10>1,4,9,10,7
1,4,7,8,9,10>1,2,11,9,10,7
1,4,7,8,9,10>1,2,8,9,10,7
1,4,7,8,9,10>2,4,11,9,10,7
1,4,7,8,9,10>2,4,8,9,10,7
1,4,7,8,9,10>2,8,11,9,10,7
2,3,5,6,8,10,12>8,10,11,3,12,5,6
2,3,5,6,8,10,12>2,10,11,3,12,5,6
2,3,5,6,8,10,12>2,8,3,12,5,6
2,3,5,6,8,10,12>2,4,11,3,12,5,6
2,3,5,6,8,10,12>2,4,10,3,12,5,6
2,3,5,6,8,10,12>4,8,11,3,12,5,6
2,3,5,6,8,10,12>4,8,10,3,12,5,6
2,3,5,6,8,10,12>4,10,11,3,12,5,6
1,3,8,11,12>5,6,11,8,3,12
1,3,8,11,12>1,6,11,8,3,12
1,3,8,11,12>1,5,8,3,12
1,3,8,11,12>1,2,11,8,3,12
1,3,8,11,12>1,2,6,8,3,12
1,3,8,11,12>2,5,11,8,3,12
1,3,8,11,12>2,5,6,8,3,12
1,3,8,11,12>2,6,11,8,3,12
1,4,5,6,9,10,11>2,4,5,6,9,12,10,11
1,4,5,6,9,10,11>1,4,5,6,9,12,10,11
1,4,5,6,9,10,11>1,2,5,6,9,12,10,11
1,4,5,6,9,10,11>1,2,4,9,12,10,11
1,4,5,6,9,10,11>1,2,4,5,12,10,11
1,4,5,6,9,10,11>1,2,4,5,9,10,11
1,4,5,6,9,10,11>1,2,4,5,6,10,11
1,4,5,6,9,10,11>1,2,4,6,12,10,11
1,3,4,6,7,8,9,10,12>2,3,4,5,6,8,11,12,9,10,7
1,3,4,6,7,8,9,10,12>1,3,4,5,6,8,11,12,9,10,7
1,3,4,6,7,8,9,10,12>1,2,4,5,6,8,11,12,9,10,7
1,3,4,6,7,8,9,10,12>1,2,3,5,6,8,11,12,9,10,7
1,3,4,6,7,8,9,10,12>1,2,3,4,6,8,11,12,9,10,7
1,3,4,6,7,8,9,10,12>1,2,3,4,5,8,11,12,9,10,7
1,3,4,6,7,8,9,10,12>1,2,3,4,5,6,11,12,9,10,7
1,3,4,6,7,8,9,10,12>1,2,3,4,5,6,8,12,9,10,7
1,2,4,5,7,11,12>5,10,11,2,4,12,7
1,2,4,5,7,11,12>1,10,11,2,4,12,7
1,2,4,5,7,11,12>1,5,2,4,12,7
1,2,4,5,7,11,12>1,3,11,2,4,12,7
1,2,4,5,7,11,12>1,3,10,2,4,12,7
1,2,4,5,7,11,12>3,5,11,2,4,12,7
1,2,4,5,7,11,12>3,5,10,2,4,12,7
1,2,4,5,7,11,12>3,10,11,2,4,12,7
1,2,3,6,8,9,11,12>9,10,12,2,3,6,8,11
1,2,3,6,8,9,11,12>1,10,12,2,3,6,8,11
1,2,3,6,8,9,11,12>1,9,2,3,6,8,11
1,2,3,6,8,9,11,12>1,5,12,2,3,6,8,11
1,2,3,6,8,9,11,12>1,5,10,2,3,6,8,11
1,2,3,6,8,9,11,12>5,9,12,2,3,6,8,11
1,2,3,6,8,9,11,12>5,9,10,2,3,6,8,11
1,2,3,6,8,9,11,12>5,10,12,2,3,6,8,11
2,4,8,9,10,12>8,11,12,9,10,4
2,4,8,9,10,12>2,11,12,9,10,4
2,4,8,9,10,12>2,8,9,10,4
2,4,8,9,10,12>2,7,12,9,10,4
2,4,8,9,10,12>2,7,11,9,10,4
2,4,8,9,10,12>7,8,12,9,10,4
2,4,8,9,10,12>7,8,11,9,10,4
2,4,8,9,10,12>7,11,12,9,10,4
1,4,6,7,9,11,12>2,4,7,9,10,12,11,6
1,4,6,7,9,11,12>1,4,7,9,10,12,11,6
1,4,6,7,9,11,12>1,2,7,9,10,12,11,6
1,4,6,7,9,11,12>1,2,4,10,12,11,6
1,4,6,7,9,11,12>1,2,4,7,12,11,6
1,4,6,7,9,11,12>1,2,4,7,10,11,6
1,4,6,7,9,11,12>1,2,4,7,9,11,6
1,4,6,7,9,11,12>1,2,4,9,12,11,6
1,3,5,6,7,8,11,12>2,7,8,10,11,3,12,5,6
1,3,5,6,7,8,11,12>1,7,8,10,11,3,12,5,6
1,3,5,6,7,8,11,12>1,2,10,11,3,12,5,6
1,3,5,6,7,8,11,12>1,2,7,11,3,12,5,6
1,3,5,6,7,8,11,12>1,2,7,10,3,12,5,6
1,3,5,6,7,8,11,12>1,2,7,8,3,12,5,6
1,3,5,6,7,8,11,12>1,2,8,11,3,12,5,6
1,3,5,6,7,8,11,12>1,2,8,10,3,12,5,6
1,4,6,8,9,11,12>2,4,9,10,12,8,11,6
1,4,6,8,9,11,12>1,4,9,10,12,8,11,6
1,4,6,8,9,11,12>1,2,10,12,8,11,6
1,4,6,8,9,11,12>1,2,4,12,8,11,6
1,4,6,8,9,11,12>1,2,4,10,8,11,6
1,4,6,8,9,11,12>1,2,4,9,8,11,6
1,4,6,8,9,11,12>1,2,9,12,8,11,6
1,4,6,8,9,11,12>1,2,9,10,8,11,6
3,4,6,9,12>4,5,9,10,11,12,6
3,4,6,9,12>3,5,9,10,11,12,6
3,4,6,9,12>3,4,9,10,11,12,6
3,4,6,9,12>3,4,5,11,12,6
3,4,6,9,12>3,4,5,9,12,6
3,4,6,9,12>3,4,5,9,11,6
3,4,6,9,12>3,4,5,9,10,6
3,4,6,9,12>3,4,5,10,12,6
1,2,3,4,6,7,8,9,12>5,6,8,9,10,11,12,2,3,4,7
1,2,3,4,6,7,8,9,12>1,6,8,9,10,11,12,2,3,4,7
1,2,3,4,6,7,8,9,12>1,5,8,9,10,11,12,2,3,4,7
1,2,3,4,6,7,8,9,12>1,5,6,9,10,11,12,2,3,4,7
1,2,3,4,6,7,8,9,12>1,5,6,8,10,11,12,2,3,4,7
1,2,3,4,6,7,8,9,12>1,5,6,8,9,11,12,2,3,4,7
1,2,3,4,6,7,8,9,12>1,5,6,8,9,10,12,2,3,4,7
1,2,3,4,6,7,8,9,12>1,5,6,8,9,10,11,2,3,4,7
1,2,5,8,11>3,4,5,11,12,8,2
1,2,5,8,11>1,4,5,11,12,8,2
1,2,5,8,11>1,3,11,12,8,2
1,2,5,8,11>1,3,4,12,8,2
1,2,5,8,11>1,3,4,11,8,2
1,2,5,8,11>1,3,4,5,8,2
1,2,5,8,11>1,3,5,12,8,2
1,2,5,8,11>1,3,5,11,8,2
1,3,6,8,9,11>2,3,5,9,10,8,11,6
1,3,6,8,9,11>1,3,5,9,10,8,11,6
1,3,6,8,9,11>1,2,9,10,8,11,6
1,3,6,8,9,11>1,2,3,10,8,11,6
1,3,6,8,9,11>1,2,3,9,8,11,6
1,3,6,8,9,11>1,2,3,5,8,11,6
1,3,6,8,9,11>1,2,5,10,8,11,6
1,3,6,8,9,11>1,2,5,9,8,11,6
1,2,5,7,8,9,10,11>7,8,12,11,9,2,10
1,2,5,7,8,9,10,11>1,8,12,11,9,2,10
1,2,5,7,8,9,10,11>1,7,11,9,2,10
1,2,5,7,8,9,10,11>1,5,12,11,9,2,10
1,2,5,7,8,9,10,11>1,5,8,11,9,2,10
1,2,5,7,8,9,10,11>5,7,12,11,9,2,10
1,2,5,7,8,9,10,11>5,7,8,11,9,2,10
1,2,5,7,8,9,10,11>5,8,12,11,9,2,10
1,4,6,9>2,4,6,9,10,11
1,4,6,9>1,4,6,9,10,11
1,4,6,9>1,2,6,9,10,11
1,4,6,9>1,2,4,10,11
1,4,6,9>1,2,4,6,11
1,4,6,9>1,2,4,6,10
1,4,6,9>1,2,4,6,9
1,4,6,9>1,2,4,9,11
2,4,5,6,10,11>5,10,12,11,4,6
2,4,5,6,10,11>2,10,12,11,4,6
2,4,5,6,10,11>2,5,11,4,6
2,4,5,6,10,11>2,3,12,11,4,6
2,4,5,6,10,11>2,3,10,11,4,6
2,4,5,6,10,11>3,5,12,11,4,6
2,4,5,6,10,11>3,5,10,11,4,6
2,4,5,6,10,11>3,10,12,11,4,6
