Cell size,Cln3,SBF,MBF,Cln1^2,Sic1,Cln5^6,Cdh1,Clb1^2,Mcm1/SFF,Cdc20^Cdc14,Swi5
8,9,2>9,10,11
8,9,2>2,10,11
8,9,2>2,9
8,9,2>2,8,11
8,9,2>2,8,10
8,9,2>8,9,11
8,9,2>8,9,10
8,9,2>8,10,11
9,3,5,6>9,10,11,5
9,3,5,6>3,10,11,5
9,3,5,6>3,9,5
9,3,5,6>3,6,11,5
9,3,5,6>3,6,10,5
9,3,5,6>6,9,11,5
9,3,5,6>6,9,10,5
9,3,5,6>6,10,11,5
3,4,5,6,7,8,9,10,11,12>4,6,7,8,9,10,11,12,5
3,4,5,6,7,8,9,10,11,12>3,6,7,8,9,10,11,12,5
3,4,5,6,7,8,9,10,11,12>3,4,8,9,10,11,12,5
3,4,5,6,7,8,9,10,11,12>3,4,6,9,10,11,12,5
3,4,5,6,7,8,9,10,11,12>3,4,6,8,10,11,12,5
3,4,5,6,7,8,9,10,11,12>3,4,6,7,10,11,12,5
3,4,5,6,7,8,9,10,11,12>3,4,7,9,10,11,12,5
3,4,5,6,7,8,9,10,11,12>3,4,7,8,10,11,12,5
1,11,5>5,11,12
1,11,5>1,11,12
1,11,5>1,5
1,11,5>1,2,12
1,11,5>1,2,11
1,11,5>2,5,12
1,11,5>2,5,11
1,11,5>2,11,12
1,5,8,9,10,12>2,5,8,11,12,9,10
1,5,8,9,10,12>1,5,8,11,12,9,10
1,5,8,9,10,12>1,2,11,12,9,10
1,5,8,9,10,12>1,2,5,12,9,10
1,5,8,9,10,12>1,2,5,11,9,10
1,5,8,9,10,12>1,2,5,8,9,10
1,5,8,9,10,12>1,2,8,12,9,10
1,5,8,9,10,12>1,2,8,11,9,10
1,2,5,6,8,9,12>5,6,8,9,10,11,12,2
1,2,5,6,8,9,12>1,6,8,9,10,11,12,2
1,2,5,6,8,9,12>1,5,8,9,10,11,12,2
1,2,5,6,8,9,12>1,5,6,9,10,11,12,2
1,2,5,6,8,9,12>1,5,6,8,10,11,12,2
1,2,5,6,8,9,12>1,5,6,8,9,11,12,2
1,2,5,6,8,9,12>1,5,6,8,9,10,12,2
1,2,5,6,8,9,12>1,5,6,8,9,10,11,2
1,3,6,8,9,10,11>2,3,5,9,12,8,10,11,6
1,3,6,8,9,10,11>1,3,5,9,12,8,10,11,6
1,3,6,8,9,10,11>1,2,9,12,8,10,11,6
1,3,6,8,9,10,11>1,2,3,12,8,10,11,6
1,3,6,8,9,10,11>1,2,3,9,8,10,11,6
1,3,6,8,9,10,11>1,2,3,5,8,10,11,6
1,3,6,8,9,10,11>1,2,5,12,8,10,11,6
1,3,6,8,9,10,11>1,2,5,9,8,10,11,6
1,2,5,7,9,12>10,11,12,9,2,7
1,2,5,7,9,12>1,11,12,9,2,7
1,2,5,7,9,12>1,10,9,2,7
1,2,5,7,9,12>1,5,12,9,2,7
1,2,5,7,9,12>1,5,11,9,2,7
1,2,5,7,9,12>5,10,12,9,2,7
1,2,5,7,9,12>5,10,11,9,2,7
1,2,5,7,9,12>5,11,12,9,2,7
1,3,4,6,10>2,5,10,11,12,3,4,6
1,3,4,6,10>1,5,10,11,12,3,4,6
1,3,4,6,10>1,2,11,12,3,4,6
1,3,4,6,10>1,2,5,12,3,4,6
1,3,4,6,10>1,2,5,11,3,4,6
1,3,4,6,10>1,2,5,10,3,4,6
1,3,4,6,10>1,2,10,12,3,4,6
1,3,4,6,10>1,2,10,11,3,4,6
1,2,3,4,5,6,7,8,9,10,11>6,7,8,9,12,2,3,4,5,10,11
1,2,3,4,5,6,7,8,9,10,11>1,7,8,9,12,2,3,4,5,10,11
1,2,3,4,5,6,7,8,9,10,11>1,6,9,12,2,3,4,5,10,11
1,2,3,4,5,6,7,8,9,10,11>1,6,7,12,2,3,4,5,10,11
1,2,3,4,5,6,7,8,9,10,11>1,6,7,9,2,3,4,5,10,11
1,2,3,4,5,6,7,8,9,10,11>1,6,7,8,2,3,4,5,10,11
1,2,3,4,5,6,7,8,9,10,11>1,6,8,12,2,3,4,5,10,11
1,2,3,4,5,6,7,8,9,10,11>1,6,8,9,2,3,4,5,10,11
2,3,4,5,9,12>10,11,12,9,3,4,5
2,3,4,5,9,12>2,11,12,9,3,4,5
2,3,4,5,9,12>2,10,9,3,4,5
2,3,4,5,9,12>2,7,12,9,3,4,5
2,3,4,5,9,12>2,7,11,9,3,4,5
2,3,4,5,9,12>7,10,12,9,3,4,5
2,3,4,5,9,12>7,10,11,9,3,4,5
2,3,4,5,9,12>7,11,12,9,3,4,5
2,3,4,5,6,9>9,10,11,3,4,5
2,3,4,5,6,9>2,10,11,3,4,5
2,3,4,5,6,9>2,9,3,4,5
2,3,4,5,6,9>2,6,11,3,4,5
2,3,4,5,6,9>2,6,10,3,4,5
2,3,4,5,6,9>6,9,11,3,4,5
2,3,4,5,6,9>6,9,10,3,4,5
2,3,4,5,6,9>6,10,11,3,4,5
2,11,5>3,4,5,11,12
2,11,5>2,4,5,11,12
2,11,5>2,3,11,12
2,11,5>2,3,4,12
2,11,5>2,3,4,11
2,11,5>2,3,4,5
2,11,5>2,3,5,12
2,11,5>2,3,5,11
1,4,5,6,8>5,6,8,4
1,4,5,6,8>1,6,8,4
1,4,5,6,8>1,5,4
1,4,5,6,8>1,2,8,4
1,4,5,6,8>1,2,6,4
1,4,5,6,8>2,5,8,4
1,4,5,6,8>2,5,6,4
1,4,5,6,8>2,6,8,4
1,2,6,8,9,10,12>9,11,12,2,10,6
1,2,6,8,9,10,12>1,11,12,2,10,6
1,2,6,8,9,10,12>1,9,2,10,6
1,2,6,8,9,10,12>1,8,12,2,10,6
1,2,6,8,9,10,12>1,8,11,2,10,6
1,2,6,8,9,10,12>8,9,12,2,10,6
1,2,6,8,9,10,12>8,9,11,2,10,6
1,2,6,8,9,10,12>8,11,12,2,10,6
1,10,11,5>5,10,12,11
1,10,11,5>1,10,12,11
1,10,11,5>1,5,11
1,10,11,5>1,2,12,11
1,10,11,5>1,2,10,11
1,10,11,5>2,5,12,11
1,10,11,5>2,5,10,11
1,10,11,5>2,10,12,11
1,7,8,9,11,12>2,7,8,9,10,12,11
1,7,8,9,11,12>1,7,8,9,10,12,11
1,7,8,9,11,12>1,2,8,9,10,12,11
1,7,8,9,11,12>1,2,7,10,12,11
1,7,8,9,11,12>1,2,7,8,12,11
1,7,8,9,11,12>1,2,7,8,10,11
1,7,8,9,11,12>1,2,7,8,9,11
1,7,8,9,11,12>1,2,7,9,12,11
1,4,5,7,12>2,5,9,10,12,4,7
1,4,5,7,12>1,5,9,10,12,4,7
1,4,5,7,12>1,2,10,12,4,7
1,4,5,7,12>1,2,5,12,4,7
1,4,5,7,12>1,2,5,10,4,7
1,4,5,7,12>1,2,5,9,4,7
1,4,5,7,12>1,2,9,12,4,7
1,4,5,7,12>1,2,9,10,4,7
1,2,4,5,6,8,10>3,5,6,8,10,11,12,2,4
1,2,4,5,6,8,10>1,5,6,8,10,11,12,2,4
1,2,4,5,6,8,10>1,3,6,8,10,11,12,2,4
1,2,4,5,6,8,10>1,3,5,8,10,11,12,2,4
1,2,4,5,6,8,10>1,3,5,6,10,11,12,2,4
1,2,4,5,6,8,10>1,3,5,6,8,11,12,2,4
1,2,4,5,6,8,10>1,3,5,6,8,10,12,2,4
1,2,4,5,6,8,10>1,3,5,6,8,10,11,2,4
1,2,5,7,8,9,11,12>5,7,8,9,10,12,2,11
1,2,5,7,8,9,11,12>1,7,8,9,10,12,2,11
1,2,5,7,8,9,11,12>1,5,8,9,10,12,2,11
1,2,5,7,8,9,11,12>1,5,7,10,12,2,11
1,2,5,7,8,9,11,12>1,5,7,8,12,2,11
1,2,5,7,8,9,11,12>1,5,7,8,10,2,11
1,2,5,7,8,9,11,12>1,5,7,8,9,2,11
1,2,5,7,8,9,11,12>1,5,7,9,12,2,11
