Cell size,Cln3,SBF,MBF,Cln1^2,Sic1,Cln5^6,Cdh1,Clb1^2,Mcm1/SFF,Cdc20^Cdc14,Swi5
3,5,6,7,9,10,12>7,11,12,9,10,5
3,5,6,7,9,10,12>3,11,12,9,10,5
3,5,6,7,9,10,12>3,7,9,10,5
3,5,6,7,9,10,12>3,6,12,9,10,5
3,5,6,7,9,10,12>3,6,11,9,10,5
3,5,6,7,9,10,12>6,7,12,9,10,5
3,5,6,7,9,10,12>6,7,11,9,10,5
3,5,6,7,9,10,12>6,11,12,9,10,5
1,2,5,6,8,9,11>5,6,8,9,10,2,11
1,2,5,6,8,9,11>1,6,8,9,10,2,11
1,2,5,6,8,9,11>1,5,9,10,2,11
1,2,5,6,8,9,11>1,5,6,10,2,11
1,2,5,6,8,9,11>1,5,6,9,2,11
1,2,5,6,8,9,11>1,5,6,8,2,11
1,2,5,6,8,9,11>1,5,8,10,2,11
1,2,5,6,8,9,11>1,5,8,9,2,11
3,6,7,8,11>10,11,12,8,3,6
3,6,7,8,11>5,11,12,8,3,6
3,6,7,8,11>5,10,8,3,6
3,6,7,8,11>5,7,12,8,3,6
3,6,7,8,11>5,7,11,8,3,6
3,6,7,8,11>7,10,12,8,3,6
3,6,7,8,11>7,10,11,8,3,6
3,6,7,8,11>7,11,12,8,3,6
2,3,4,5,8,9,12>7,8,9,10,11,12,3,4,5
2,3,4,5,8,9,12>2,8,9,10,11,12,3,4,5
2,3,4,5,8,9,12>2,7,9,10,11,12,3,4,5
2,3,4,5,8,9,12>2,7,8,11,12,3,4,5
2,3,4,5,8,9,12>2,7,8,9,12,3,4,5
2,3,4,5,8,9,12>2,7,8,9,11,3,4,5
2,3,4,5,8,9,12>2,7,8,9,10,3,4,5
2,3,4,5,8,9,12>2,7,8,10,12,3,4,5
1,2,3,8,9,10,12>8,11,12,10,9,2,3
1,2,3,8,9,10,12>1,11,12,10,9,2,3
1,2,3,8,9,10,12>1,8,10,9,2,3
1,2,3,8,9,10,12>1,5,12,10,9,2,3
1,2,3,8,9,10,12>1,5,11,10,9,2,3
1,2,3,8,9,10,12>5,8,12,10,9,2,3
1,2,3,8,9,10,12>5,8,11,10,9,2,3
1,2,3,8,9,10,12>5,11,12,10,9,2,3
1,2,3,4,5,8,10,12>8,10,11,2,3,4,5,12
1,2,3,4,5,8,10,12>1,10,11,2,3,4,5,12
1,2,3,4,5,8,10,12>1,8,2,3,4,5,12
1,2,3,4,5,8,10,12>1,7,11,2,3,4,5,12
1,2,3,4,5,8,10,12>1,7,10,2,3,4,5,12
1,2,3,4,5,8,10,12>7,8,11,2,3,4,5,12
1,2,3,4,5,8,10,12>7,8,10,2,3,4,5,12
1,2,3,4,5,8,10,12>7,10,11,2,3,4,5,12
1,2,4,5,7,8,11,12>3,5,8,10,11,2,4,12,7
1,2,4,5,7,8,11,12>1,5,8,10,11,2,4,12,7
1,2,4,5,7,8,11,12>1,3,10,11,2,4,12,7
1,2,4,5,7,8,11,12>1,3,5,11,2,4,12,7
1,2,4,5,7,8,11,12>1,3,5,10,2,4,12,7
1,2,4,5,7,8,11,12>1,3,5,8,2,4,12,7
1,2,4,5,7,8,11,12>1,3,8,11,2,4,12,7
1,2,4,5,7,8,11,12>1,3,8,10,2,4,12,7
2,3,4,7,8,11,12>6,10,11,3,4,7,8,12
2,3,4,7,8,11,12>2,10,11,3,4,7,8,12
2,3,4,7,8,11,12>2,6,3,4,7,8,12
2,3,4,7,8,11,12>2,5,11,3,4,7,8,12
2,3,4,7,8,11,12>2,5,10,3,4,7,8,12
2,3,4,7,8,11,12>5,6,11,3,4,7,8,12
2,3,4,7,8,11,12>5,6,10,3,4,7,8,12
2,3,4,7,8,11,12>5,10,11,3,4,7,8,12
8,9,3,12>5,8,9,10,11,12
8,9,3,12>3,8,9,10,11,12
8,9,3,12>3,5,9,10,11,12
8,9,3,12>3,5,8,11,12
8,9,3,12>3,5,8,9,12
8,9,3,12>3,5,8,9,11
8,9,3,12>3,5,8,9,10
8,9,3,12>3,5,8,10,12
2,4,5,7,12>3,5,9,10,12,4,7
2,4,5,7,12>2,5,9,10,12,4,7
2,4,5,7,12>2,3,10,12,4,7
2,4,5,7,12>2,3,5,12,4,7
2,4,5,7,12>2,3,5,10,4,7
2,4,5,7,12>2,3,5,9,4,7
2,4,5,7,12>2,3,9,12,4,7
2,4,5,7,12>2,3,9,10,4,7
2,5,6,8,9,10,11>5,6,8,9,12,10,11
2,5,6,8,9,10,11>2,6,8,9,12,10,11
2,5,6,8,9,10,11>2,5,9,12,10,11
2,5,6,8,9,10,11>2,5,6,12,10,11
2,5,6,8,9,10,11>2,5,6,9,10,11
2,5,6,8,9,10,11>2,5,6,8,10,11
2,5,6,8,9,10,11>2,5,8,12,10,11
2,5,6,8,9,10,11>2,5,8,9,10,11
3,7,8,9,10,11>7,8,12,9,10,11
3,7,8,9,10,11>3,8,12,9,10,11
3,7,8,9,10,11>3,7,9,10,11
3,7,8,9,10,11>3,5,12,9,10,11
3,7,8,9,10,11>3,5,8,9,10,11
3,7,8,9,10,11>5,7,12,9,10,11
3,7,8,9,10,11>5,7,8,9,10,11
3,7,8,9,10,11>5,8,12,9,10,11
1,4,5,7,10,11>5,9,12,10,11,4,7
1,4,5,7,10,11>1,9,12,10,11,4,7
1,4,5,7,10,11>1,5,10,11,4,7
1,4,5,7,10,11>1,2,12,10,11,4,7
1,4,5,7,10,11>1,2,9,10,11,4,7
1,4,5,7,10,11>2,5,12,10,11,4,7
1,4,5,7,10,11>2,5,9,10,11,4,7
1,4,5,7,10,11>2,9,12,10,11,4,7
2,3,6,7,12>4,5,7,10,12,3,6
2,3,6,7,12>2,5,7,10,12,3,6
2,3,6,7,12>2,4,10,12,3,6
2,3,6,7,12>2,4,5,12,3,6
2,3,6,7,12>2,4,5,10,3,6
2,3,6,7,12>2,4,5,7,3,6
2,3,6,7,12>2,4,7,12,3,6
2,3,6,7,12>2,4,7,10,3,6
2,3,6,7,8>4,5,6,7,8,10,3
2,3,6,7,8>2,5,6,7,8,10,3
2,3,6,7,8>2,4,6,7,8,10,3
2,3,6,7,8>2,4,5,8,10,3
2,3,6,7,8>2,4,5,6,10,3
2,3,6,7,8>2,4,5,6,8,3
2,3,6,7,8>2,4,5,6,7,3
2,3,6,7,8>2,4,5,7,10,3
1,2,3,4,8,9,10>7,8,11,2,3,4,9,10
1,2,3,4,8,9,10>1,8,11,2,3,4,9,10
1,2,3,4,8,9,10>1,7,2,3,4,9,10
1,2,3,4,8,9,10>1,5,11,2,3,4,9,10
1,2,3,4,8,9,10>1,5,8,2,3,4,9,10
1,2,3,4,8,9,10>5,7,11,2,3,4,9,10
1,2,3,4,8,9,10>5,7,8,2,3,4,9,10
1,2,3,4,8,9,10>5,8,11,2,3,4,9,10
2,4,6,7,8,9,11>6,7,8,9,10,11,4
2,4,6,7,8,9,11>2,7,8,9,10,11,4
2,4,6,7,8,9,11>2,6,9,10,11,4
2,4,6,7,8,9,11>2,6,7,10,11,4
2,4,6,7,8,9,11>2,6,7,9,11,4
2,4,6,7,8,9,11>2,6,7,8,11,4
2,4,6,7,8,9,11>2,6,8,10,11,4
2,4,6,7,8,9,11>2,6,8,9,11,4
1,2,3,6,8,9,12>5,8,9,10,11,12,2,3,6
1,2,3,6,8,9,12>1,8,9,10,11,12,2,3,6
1,2,3,6,8,9,12>1,5,9,10,11,12,2,3,6
1,2,3,6,8,9,12>1,5,8,11,12,2,3,6
1,2,3,6,8,9,12>1,5,8,9,12,2,3,6
1,2,3,6,8,9,12>1,5,8,9,11,2,3,6
1,2,3,6,8,9,12>1,5,8,9,10,2,3,6
1,2,3,6,8,9,12>1,5,8,10,12,2,3,6
1,2,11>3,4,6,8,11,12,2
1,2,11>1,4,6,8,11,12,2
1,2,11>1,3,6,8,11,12,2
1,2,11>1,3,4,11,12,2
1,2,11>1,3,4,6,12,2
1,2,11>1,3,4,6,11,2
1,2,11>1,3,4,6,8,2
1,2,11>1,3,4,8,12,2
3,4,6,7,8,9,11>4,5,6,7,8,9,10,11
3,4,6,7,8,9,11>3,5,6,7,8,9,10,11
3,4,6,7,8,9,11>3,4,6,7,8,9,10,11
3,4,6,7,8,9,11>3,4,5,7,8,9,10,11
3,4,6,7,8,9,11>3,4,5,6,8,9,10,11
3,4,6,7,8,9,11>3,4,5,6,7,9,10,11
3,4,6,7,8,9,11>3,4,5,6,7,8,10,11
3,4,6,7,8,9,11>3,4,5,6,7,8,9,11
