Cell size,Cln3,SBF,MBF,Cln1^2,Sic1,Cln5^6,Cdh1,Clb1^2,Mcm1/SFF,Cdc20^Cdc14,Swi5
3,4,5,6,9,10,11,12>3,4,5,6,10,11,12
3,4,5,6,9,10,11,12>9,4,5,6,10,11,12
1,11,4>2,6,8,11,12,4
1,11,4>1,6,8,11,12,4
1,2,5,8,11>3,4,5,11,12,8,2
1,2,5,8,11>1,4,5,11,12,8,2
6,7,8,10,12>11,7,10,12,6
6,7,8,10,12>8,7,10,12,6
2,3,7,9,10,12>11,12,5,9,10,3,7
2,3,7,9,10,12>2,12,5,9,10,3,7
1,2,5,7,8,9,10,11>5,7,8,12,11,9,2,10
1,2,5,7,8,9,10,11>1,7,8,12,11,9,2,10
8,1,5>1,2,5
8,1,5>8,2,5
1,2,3,5,6,7,8,10,11>4,6,7,8,12,2,3,5,10,11
1,2,3,5,6,7,8,10,11>1,6,7,8,12,2,3,5,10,11
1,2,4,5,8,10,11,12>3,5,6,10,2,4,8,11,12
1,2,4,5,8,10,11,12>1,5,6,10,2,4,8,11,12
4,5,7,9,10,12>11,4,5,9,10,7
4,5,7,9,10,12>12,4,5,9,10,7
1,2,4,5,7,8>3,5,8,10,2,4,7
1,2,4,5,7,8>1,5,8,10,2,4,7
3,4,5,7,8,9,10,12>4,8,11,12,9,10,5,7
3,4,5,7,8,9,10,12>3,8,11,12,9,10,5,7
1,2,4,5,8,9,12>5,7,8,9,10,11,12,2,4
1,2,4,5,8,9,12>1,7,8,9,10,11,12,2,4
1,3,5,7,11,12>2,7,10,11,3,12,5
1,3,5,7,11,12>1,7,10,11,3,12,5
3,5,6,7,8,11>7,8,10,11,12,3,5
3,5,6,7,8,11>6,8,10,11,12,3,5
8,3,4,5>7,3,4,5
8,3,4,5>8,3,4,5
1,2,5,6,8,9,12>5,6,8,9,10,11,12,2
1,2,5,6,8,9,12>1,6,8,9,10,11,12,2
2,5,10,11,12>3,4,5,6,10,11,12
2,5,10,11,12>2,4,5,6,10,11,12
2,3,7,8,9,10,12>5,8,11,12,9,10,3,7
2,3,7,8,9,10,12>2,8,11,12,9,10,3,7
11,12,5>5,6,12
11,12,5>11,6,12
1,2,3,4,6,8,9,10,12>5,8,9,11,12,2,3,4,6,10
1,2,3,4,6,8,9,10,12>1,8,9,11,12,2,3,4,6,10
4,5,9,10,11,12>5,9,10,11,12
4,5,9,10,11,12>4,9,10,11,12
1,3,4,8,10>2,5,7,10,11,12,8,3,4
1,3,4,8,10>1,5,7,10,11,12,8,3,4
1,2,3,4,6,7,8,9,11>5,6,7,8,9,10,11,2,3,4
1,2,3,4,6,7,8,9,11>1,6,7,8,9,10,11,2,3,4
1,2,3,5,6,7,8,9>6,7,8,9,10,11,2,3,5
1,2,3,5,6,7,8,9>1,7,8,9,10,11,2,3,5
2,4,5,8,11,12>3,5,6,11,8,4,12
2,4,5,8,11,12>2,5,6,11,8,4,12
1,2,3,4,8,9,11>10,5,9,2,3,4,8,11
1,2,3,4,8,9,11>1,5,9,2,3,4,8,11
1,2,4,9,11>10,9,2,11,4
1,2,4,9,11>1,9,2,11,4
1,2,4,6,10,12>1,10,3,2,4,12,6
1,2,4,6,10,12>11,10,3,2,4,12,6
1,4,5,7,8,9>2,4,5,8,10,11,9,7
1,4,5,7,8,9>1,4,5,8,10,11,9,7
2,3,4,5,6,8,9,10,11,12>9,2,3,4,5,6,10,11,12
2,3,4,5,6,8,9,10,11,12>8,2,3,4,5,6,10,11,12
1,2,4,5,7,9,11>10,5,2,4,7,9,11
1,2,4,5,7,9,11>1,5,2,4,7,9,11
1,2,4,8,10,11,12>10,3,6,2,4,8,11,12
1,2,4,8,10,11,12>1,3,6,2,4,8,11,12
2,3,12>4,5,6,12,3
2,3,12>2,5,6,12,3
1,2,4,6,8,9,10,11>12,9,2,4,6,8,10,11
1,2,4,6,8,9,10,11>1,9,2,4,6,8,10,11
1,2,3,4,5,6,9,11,12>10,12,9,2,3,4,5,6,11
1,2,3,4,5,6,9,11,12>1,12,9,2,3,4,5,6,11
1,2,3,4,6,9,11,12>5,9,10,12,2,3,4,6,11
1,2,3,4,6,9,11,12>1,9,10,12,2,3,4,6,11
1,2,6,11,12>3,4,8,11,2,12,6
1,2,6,11,12>1,4,8,11,2,12,6
2,3,4,5,6,7,9,11>6,7,9,10,11,3,4,5
2,3,4,5,6,7,9,11>2,7,9,10,11,3,4,5
3,5,6,7,8,10,11>12,6,7,11,10,3,5
3,5,6,7,8,10,11>8,6,7,11,10,3,5
