Cell size,Cln3,SBF,MBF,Cln1^2,Sic1,Cln5^6,Cdh1,Clb1^2,Mcm1/SFF,Cdc20^Cdc14,Swi5
1,5,7,8,9,10,11>2,5,7,8,12,9,10,11
1,5,7,8,9,10,11>1,5,7,8,12,9,10,11
6,8,9,11,12>10,12,8,11,6
6,8,9,11,12>9,12,8,11,6
3,5,6,7,12>12,6,7,3,5
3,5,6,7,12>10,6,7,3,5
4,5,7,8,9,10,12>5,8,11,12,9,10,7
4,5,7,8,9,10,12>4,8,11,12,9,10,7
1,2,3,4,6,8,9,10,12>5,8,9,11,12,2,3,4,6,10
1,2,3,4,6,8,9,10,12>1,8,9,11,12,2,3,4,6,10
2,5,6,7,10,11,12>3,4,5,7,10,11,12,6
2,5,6,7,10,11,12>2,4,5,7,10,11,12,6
3,4,7,8,9,10,12>4,5,8,11,12,9,10,7
3,4,7,8,9,10,12>3,5,8,11,12,9,10,7
1,2,3,6,8,9,11,12>5,9,10,12,2,3,6,8,11
1,2,3,6,8,9,11,12>1,9,10,12,2,3,6,8,11
1,2,4,7,8,9,11,12>8,9,10,12,2,11,4,7
1,2,4,7,8,9,11,12>1,9,10,12,2,11,4,7
1,5,6,7,9>2,5,6,7,10,11,9
1,5,6,7,9>1,5,6,7,10,11,9
5,6,8,9,10>6,8,9,11,10
5,6,8,9,10>5,8,9,11,10
1,3,5,7,10,11,12>2,9,7,3,5,10,11,12
1,3,5,7,10,11,12>1,9,7,3,5,10,11,12
2,3,4,6,7,8,9,10,11>5,6,7,8,9,12,11,10,3,4
2,3,4,6,7,8,9,10,11>2,6,7,8,9,12,11,10,3,4
1,5,6,8,12>2,5,8,12,6
1,5,6,8,12>1,5,8,12,6
1,3,7,10,11,12>2,5,6,7,9,11,10,3,12
1,3,7,10,11,12>1,5,6,7,9,11,10,3,12
8,1,5,9>2,5,8,9,10,11
8,1,5,9>1,5,8,9,10,11
1,2,4,5,6,7,12>3,5,6,10,12,2,4,7
1,2,4,5,6,7,12>1,5,6,10,12,2,4,7
2,3,4,7,8,9>5,8,10,11,9,3,4,7
2,3,4,7,8,9>2,8,10,11,9,3,4,7
1,3,4,5,8,9,12>2,3,4,7,8,9,10,11,12,5
1,3,4,5,8,9,12>1,3,4,7,8,9,10,11,12,5
1,10,11,4>2,6,8,10,12,11,4
1,10,11,4>1,6,8,10,12,11,4
2,3,5,6,7,9,11>6,7,9,10,11,3,5
2,3,5,6,7,9,11>2,7,9,10,11,3,5
9,2,10,7>11,9,10,7
9,2,10,7>2,9,10,7
1,2,4,5,6,9,10,11,12>5,9,2,4,6,10,11,12
1,2,4,5,6,9,10,11,12>1,9,2,4,6,10,11,12
2,3,4,5,8,10,11,12>10,6,3,4,5,8,11,12
2,3,4,5,8,10,11,12>2,6,3,4,5,8,11,12
1,2,3,4,5,6,10,11,12>10,2,3,4,5,6,11,12
1,2,3,4,5,6,10,11,12>1,2,3,4,5,6,11,12
9,2,3,5>2,10,9,3,5
9,2,3,5>11,10,9,3,5
1,2,6,7,11>3,4,7,10,11,12,2,6
1,2,6,7,11>1,4,7,10,11,12,2,6
1,3,5,6,8,9,10,11>2,3,6,8,9,12,10,11,5
1,3,5,6,8,9,10,11>1,3,6,8,9,12,10,11,5
4,7,8,9,11,12>8,9,10,12,11,7
4,7,8,9,11,12>4,9,10,12,11,7
3,4,6,7,8,11,12>11,5,7,3,4,6,8,12
3,4,6,7,8,11,12>10,5,7,3,4,6,8,12
4,6,8,9,10,12>8,9,11,12,10,6
4,6,8,9,10,12>4,9,11,12,10,6
9,2,5,6>5,6,9,10,11
9,2,5,6>2,6,9,10,11
1,2,3,4,5,6,8,9,10,11>6,8,9,12,2,3,4,5,10,11
1,2,3,4,5,6,8,9,10,11>1,8,9,12,2,3,4,5,10,11
2,4,7,8,9,12>8,10,11,12,9,4,7
2,4,7,8,9,12>2,10,11,12,9,4,7
1,2,3,4,5,6,7,8,9>6,8,9,10,11,2,3,4,5,7
1,2,3,4,5,6,7,8,9>1,8,9,10,11,2,3,4,5,7
10,12,6,7>11,7,10,12,6
10,12,6,7>9,7,10,12,6
2,3,5,6,7,10,11>4,6,7,12,11,10,3,5
2,3,5,6,7,10,11>2,6,7,12,11,10,3,5
3,6,9,10,12>3,12,5,9,10,6
3,6,9,10,12>11,12,5,9,10,6
3,4,5,7,9,10,11>4,12,5,7,9,10,11
3,4,5,7,9,10,11>3,12,5,7,9,10,11
1,2,3,4,6,7,8,10,12>1,11,5,2,3,4,6,7,10,12
1,2,3,4,6,7,8,10,12>8,11,5,2,3,4,6,7,10,12
