Cell size,Cln3,SBF,MBF,Cln1^2,Sic1,Cln5^6,Cdh1,Clb1^2,Mcm1/SFF,Cdc20^Cdc14,Swi5
1,3,4,5,6,7,8,9,10,11,12>2,3,4,6,7,8,9,10,11,12,5
1,3,4,5,6,7,8,9,10,11,12>1,3,4,6,7,8,9,10,11,12,5
1,2,10,12>3,4,6,9,10,11,2,12
1,2,10,12>1,4,6,9,10,11,2,12
1,2,6,8,9>6,8,9,10,11,2
1,2,6,8,9>1,8,9,10,11,2
1,3,5,7,8,9,12>2,3,8,10,11,12,9,5,7
1,3,5,7,8,9,12>1,3,8,10,11,12,9,5,7
1,2,3,4,7,8,9,10,12>5,8,11,12,2,3,4,7,9,10
1,2,3,4,7,8,9,10,12>1,8,11,12,2,3,4,7,9,10
11,2,3,5>11,4,12,3,5
11,2,3,5>2,4,12,3,5
8,2,10,7>3,4,8,9,11,12,10,7
8,2,10,7>2,4,8,9,11,12,10,7
1,2,4,5,6,9,10,11,12>5,9,2,4,6,10,11,12
1,2,4,5,6,9,10,11,12>1,9,2,4,6,10,11,12
1,4,6,7,8>2,6,8,10,4,7
1,4,6,7,8>1,6,8,10,4,7
8,10,12,5>10,11,5,12
8,10,12,5>8,11,5,12
2,3,5,6,8,9,10,11,12>9,2,3,5,6,10,11,12
2,3,5,6,8,9,10,11,12>8,2,3,5,6,10,11,12
2,5,6,7,8,9,11>5,6,7,8,9,10,11
2,5,6,7,8,9,11>2,6,7,8,9,10,11
1,3,6,7,10,12>2,5,7,9,11,10,3,12,6
1,3,6,7,10,12>1,5,7,9,11,10,3,12,6
1,10,12,6>1,2,10,12,6
1,10,12,6>11,2,10,12,6
1,2,3,5,6,7,8,9,11>6,7,8,9,10,11,2,3,5
1,2,3,5,6,7,8,9,11>1,7,8,9,10,11,2,3,5
4,7,10,11,12>6,4,7,10,11,12
4,7,10,11,12>9,4,7,10,11,12
1,3,4,5,11>2,11,12,3,4,5
1,3,4,5,11>1,11,12,3,4,5
1,4,7,8,10,11,12>2,6,4,7,8,10,11,12
1,4,7,8,10,11,12>1,6,4,7,8,10,11,12
1,11,9,7>2,10,7,9,11
1,11,9,7>1,10,7,9,11
1,4,5,6,10,11>2,5,10,12,11,4,6
1,4,5,6,10,11>1,5,10,12,11,4,6
8,1,2,5>3,4,5,8,2
8,1,2,5>1,4,5,8,2
1,2,4,6,8,9,10,12>8,9,11,12,2,10,4,6
1,2,4,6,8,9,10,12>1,9,11,12,2,10,4,6
2,3,5,7,8,9,11>7,8,9,10,11,3,5
2,3,5,7,8,9,11>2,8,9,10,11,3,5
1,2,4,5,6,8,10,11,12>10,3,5,2,4,6,8,11,12
1,2,4,5,6,8,10,11,12>1,3,5,2,4,6,8,11,12
10,11,12>10,6,11,12
10,11,12>8,6,11,12
1,2,3,4,5,8,10,11>10,12,2,3,4,5,8,11
1,2,3,4,5,8,10,11>1,12,2,3,4,5,8,11
1,2,3,9,10,11,12>5,6,2,3,9,10,11,12
1,2,3,9,10,11,12>1,6,2,3,9,10,11,12
9,12,7>11,12,9,7
9,12,7>10,12,9,7
1,3,7,9,12>2,3,5,10,11,12,9,7
1,3,7,9,12>1,3,5,10,11,12,9,7
1,2,8,9,10>1,11,9,2,10
1,2,8,9,10>8,11,9,2,10
2,3,5,6,7,8,9,11,12>6,7,8,9,10,12,11,3,5
2,3,5,6,7,8,9,11,12>2,7,8,9,10,12,11,3,5
2,3,6,7,9,10,11>5,6,7,12,11,9,10,3
2,3,6,7,9,10,11>2,6,7,12,11,9,10,3
2,3,5,7,10,11>4,7,9,12,11,10,3,5
2,3,5,7,10,11>2,7,9,12,11,10,3,5
1,3,5,7,9,10,11,12>2,3,7,5,9,10,11,12
1,3,5,7,9,10,11,12>1,3,7,5,9,10,11,12
3,4,7,8,10,11,12>6,3,4,7,8,10,11,12
3,4,7,8,10,11,12>5,3,4,7,8,10,11,12
4,5,6,9,10,12>5,6,11,12,9,10
4,5,6,9,10,12>4,6,11,12,9,10
5,6,8,9,12>6,8,9,10,11,12
5,6,8,9,12>5,8,9,10,11,12
10,4,12>7,9,10,11,4,12
10,4,12>6,9,10,11,4,12
1,3,4,11,12>2,5,6,8,11,3,4,12
1,3,4,11,12>1,5,6,8,11,3,4,12
8,9,3,6>5,6,8,9,10,11
8,9,3,6>3,6,8,9,10,11
