Cell size,Cln3,SBF,MBF,Cln1^2,Sic1,Cln5^6,Cdh1,Clb1^2,Mcm1/SFF,Cdc20^Cdc14,Swi5
2,3,5,7,8,9,11>7,8,9,10,11,3,5
2,3,5,7,8,9,11>2,8,9,10,11,3,5
2,3,5,7,8,9,11>2,7,9,10,11,3,5
2,3,5,7,8,9,11>2,7,8,10,11,3,5
2,3,4,5,6,8,9>6,8,9,10,11,3,4,5
2,3,4,5,6,8,9>2,8,9,10,11,3,4,5
2,3,4,5,6,8,9>2,6,9,10,11,3,4,5
2,3,4,5,6,8,9>2,6,8,10,11,3,4,5
1,2,4,8,11,12>1,3,6,8,2,4,12
1,2,4,8,11,12>11,3,6,8,2,4,12
1,2,4,8,11,12>11,1,6,8,2,4,12
1,2,4,8,11,12>11,1,3,8,2,4,12
2,8,9,10,12>2,11,12,9,10
2,8,9,10,12>8,11,12,9,10
2,8,9,10,12>8,2,12,9,10
2,8,9,10,12>8,2,11,9,10
1,4,5,7,8,9,11>2,4,5,8,9,10,11,7
1,4,5,7,8,9,11>1,4,5,8,9,10,11,7
1,4,5,7,8,9,11>1,2,5,8,9,10,11,7
1,4,5,7,8,9,11>1,2,4,8,9,10,11,7
1,2,4,5,7,8,9,11>5,8,9,10,2,11,4,7
1,2,4,5,7,8,9,11>1,8,9,10,2,11,4,7
1,2,4,5,7,8,9,11>1,5,9,10,2,11,4,7
1,2,4,5,7,8,9,11>1,5,8,10,2,11,4,7
2,3,5,6,8,10,12>4,8,10,11,3,12,5,6
2,3,5,6,8,10,12>2,8,10,11,3,12,5,6
2,3,5,6,8,10,12>2,4,10,11,3,12,5,6
2,3,5,6,8,10,12>2,4,8,11,3,12,5,6
2,3,4,5,8,9,10,11>9,2,12,3,4,5,10,11
2,3,4,5,8,9,10,11>8,2,12,3,4,5,10,11
2,3,4,5,8,9,10,11>8,9,12,3,4,5,10,11
2,3,4,5,8,9,10,11>8,9,2,3,4,5,10,11
1,4,5,6,7,8,9,11>2,4,5,6,7,8,9,10,11
1,4,5,6,7,8,9,11>1,4,5,6,7,8,9,10,11
1,4,5,6,7,8,9,11>1,2,5,6,7,8,9,10,11
1,4,5,6,7,8,9,11>1,2,4,6,7,8,9,10,11
3,4,6,7,9,10,12>4,5,6,11,12,9,10,7
3,4,6,7,9,10,12>3,5,6,11,12,9,10,7
3,4,6,7,9,10,12>3,4,6,11,12,9,10,7
3,4,6,7,9,10,12>3,4,5,11,12,9,10,7
3,4,5,6,7,11>7,10,11,12,3,4,5
3,4,5,6,7,11>6,10,11,12,3,4,5
3,4,5,6,7,11>6,7,11,12,3,4,5
3,4,5,6,7,11>6,7,10,12,3,4,5
1,4,5,8,12>2,5,7,8,12,4
1,4,5,8,12>1,5,7,8,12,4
1,4,5,8,12>1,2,7,8,12,4
1,4,5,8,12>1,2,5,8,12,4
1,3,8,9,10,11,12>2,3,5,6,9,8,10,11,12
1,3,8,9,10,11,12>1,3,5,6,9,8,10,11,12
1,3,8,9,10,11,12>1,2,5,6,9,8,10,11,12
1,3,8,9,10,11,12>1,2,3,6,9,8,10,11,12
2,3,4,5,7,12>2,10,12,3,4,5,7
2,3,4,5,7,12>9,10,12,3,4,5,7
2,3,4,5,7,12>9,2,12,3,4,5,7
2,3,4,5,7,12>9,2,10,3,4,5,7
1,2,3,4,5,6,7,11>6,7,10,11,12,2,3,4,5
1,2,3,4,5,6,7,11>1,7,10,11,12,2,3,4,5
1,2,3,4,5,6,7,11>1,6,10,11,12,2,3,4,5
1,2,3,4,5,6,7,11>1,6,7,11,12,2,3,4,5
1,3,4,5,6,9>2,3,4,6,9,10,11,5
1,3,4,5,6,9>1,3,4,6,9,10,11,5
1,3,4,5,6,9>1,2,4,6,9,10,11,5
1,3,4,5,6,9>1,2,3,6,9,10,11,5
1,2,4,5,7,10,12>3,5,9,11,2,4,7,10,12
1,2,4,5,7,10,12>1,5,9,11,2,4,7,10,12
1,2,4,5,7,10,12>1,3,9,11,2,4,7,10,12
1,2,4,5,7,10,12>1,3,5,11,2,4,7,10,12
1,5,7,9,10,11,12>2,5,7,9,10,11,12
1,5,7,9,10,11,12>1,5,7,9,10,11,12
1,5,7,9,10,11,12>1,2,7,9,10,11,12
1,5,7,9,10,11,12>1,2,5,9,10,11,12
2,3,4,5,6,7,10>6,9,11,12,3,4,5,7,10
2,3,4,5,6,7,10>2,9,11,12,3,4,5,7,10
2,3,4,5,6,7,10>2,6,11,12,3,4,5,7,10
2,3,4,5,6,7,10>2,6,9,12,3,4,5,7,10
5,6,8,9,11>6,8,9,10,11
5,6,8,9,11>5,8,9,10,11
5,6,8,9,11>5,6,9,10,11
5,6,8,9,11>5,6,8,10,11
8,1,12>2,12,6,8
8,1,12>1,12,6,8
8,1,12>1,2,6,8
8,1,12>1,2,12,8
1,2,3,4,7,11,12>5,6,10,11,2,3,4,7,12
1,2,3,4,7,11,12>1,6,10,11,2,3,4,7,12
1,2,3,4,7,11,12>1,5,10,11,2,3,4,7,12
1,2,3,4,7,11,12>1,5,6,11,2,3,4,7,12
9,4,5,7>11,4,5,9,7
9,4,5,7>10,4,5,9,7
9,4,5,7>10,11,5,9,7
9,4,5,7>10,11,4,9,7
1,5,6,8,10,12>2,5,8,10,11,12,6
1,5,6,8,10,12>1,5,8,10,11,12,6
1,5,6,8,10,12>1,2,8,10,11,12,6
1,5,6,8,10,12>1,2,5,10,11,12,6
2,4,5,7,9,12>5,10,11,12,9,4,7
2,4,5,7,9,12>2,10,11,12,9,4,7
2,4,5,7,9,12>2,5,11,12,9,4,7
2,4,5,7,9,12>2,5,10,12,9,4,7
1,3,4,5,6,7,9,10,12>2,3,4,6,11,12,9,10,5,7
1,3,4,5,6,7,9,10,12>1,3,4,6,11,12,9,10,5,7
1,3,4,5,6,7,9,10,12>1,2,4,6,11,12,9,10,5,7
1,3,4,5,6,7,9,10,12>1,2,3,6,11,12,9,10,5,7
1,3,4,5,6,8,9,12>2,3,4,6,8,9,10,11,12,5
1,3,4,5,6,8,9,12>1,3,4,6,8,9,10,11,12,5
1,3,4,5,6,8,9,12>1,2,4,6,8,9,10,11,12,5
1,3,4,5,6,8,9,12>1,2,3,6,8,9,10,11,12,5
7,8,9,11,12>8,9,10,12,11
7,8,9,11,12>7,9,10,12,11
7,8,9,11,12>7,8,10,12,11
7,8,9,11,12>7,8,9,12,11
2,3,7>4,5,9,10,3,7
2,3,7>2,5,9,10,3,7
2,3,7>2,4,9,10,3,7
2,3,7>2,4,5,10,3,7
2,3,6,7,9,10>5,6,7,11,9,10,3
2,3,6,7,9,10>2,6,7,11,9,10,3
2,3,6,7,9,10>2,5,7,11,9,10,3
2,3,6,7,9,10>2,5,6,11,9,10,3
4,6,7,9,10,11>12,6,7,9,10,11
4,6,7,9,10,11>4,6,7,9,10,11
4,6,7,9,10,11>4,12,7,9,10,11
4,6,7,9,10,11>4,12,6,9,10,11
2,3,5,7,12>4,9,10,12,3,5,7
2,3,5,7,12>2,9,10,12,3,5,7
2,3,5,7,12>2,4,10,12,3,5,7
2,3,5,7,12>2,4,9,12,3,5,7
2,3,4,5,6,9,11>2,10,6,11,3,4,5
2,3,4,5,6,9,11>9,10,6,11,3,4,5
2,3,4,5,6,9,11>9,2,6,11,3,4,5
2,3,4,5,6,9,11>9,2,10,11,3,4,5
1,2,8,11,12>3,4,6,11,8,2,12
1,2,8,11,12>1,4,6,11,8,2,12
1,2,8,11,12>1,3,6,11,8,2,12
1,2,8,11,12>1,3,4,11,8,2,12
2,3,4,5,9,11,12>2,10,12,11,3,4,5
2,3,4,5,9,11,12>9,10,12,11,3,4,5
2,3,4,5,9,11,12>9,2,12,11,3,4,5
2,3,4,5,9,11,12>9,2,10,11,3,4,5
10,12>10,11,6,12
10,12>9,11,6,12
10,12>9,10,6,12
10,12>9,10,11,12
1,2,5,7,9,11>10,5,7,9,2,11
1,2,5,7,9,11>1,5,7,9,2,11
1,2,5,7,9,11>1,10,7,9,2,11
1,2,5,7,9,11>1,10,5,9,2,11
3,6,7,9,10,12>5,6,7,11,12,9,10
3,6,7,9,10,12>3,6,7,11,12,9,10
3,6,7,9,10,12>3,5,7,11,12,9,10
3,6,7,9,10,12>3,5,6,11,12,9,10
2,3,4,5,7,8,9,11>9,2,10,3,4,5,7,11
2,3,4,5,7,8,9,11>8,2,10,3,4,5,7,11
2,3,4,5,7,8,9,11>8,9,10,3,4,5,7,11
2,3,4,5,7,8,9,11>8,9,2,3,4,5,7,11
5,6,7,8,9,10,11,12>6,7,8,9,10,11,12
5,6,7,8,9,10,11,12>5,7,8,9,10,11,12
5,6,7,8,9,10,11,12>5,6,8,9,10,11,12
5,6,7,8,9,10,11,12>5,6,7,9,10,11,12
