Cell size,Cln3,SBF,MBF,Cln1^2,Sic1,Cln5^6,Cdh1,Clb1^2,Mcm1/SFF,Cdc20^Cdc14,Swi5
1,2,4,6,7,8,10>3,6,8,11,12,2,10,4,7
1,2,4,6,7,8,10>1,6,8,11,12,2,10,4,7
1,2,4,6,7,8,10>1,3,8,11,12,2,10,4,7
1,2,4,6,7,8,10>1,3,6,11,12,2,10,4,7
1,2,3,4,5,6,7,9,12>6,10,11,12,2,3,4,5,7,9
1,2,3,4,5,6,7,9,12>1,10,11,12,2,3,4,5,7,9
1,2,3,4,5,6,7,9,12>1,6,11,12,2,3,4,5,7,9
1,2,3,4,5,6,7,9,12>1,6,10,12,2,3,4,5,7,9
1,12,5,7>2,5,9,10,12,7
1,12,5,7>1,5,9,10,12,7
1,12,5,7>1,2,9,10,12,7
1,12,5,7>1,2,5,10,12,7
1,2,4,5,6,7,11>3,5,6,7,10,11,12,2,4
1,2,4,5,6,7,11>1,5,6,7,10,11,12,2,4
1,2,4,5,6,7,11>1,3,6,7,10,11,12,2,4
1,2,4,5,6,7,11>1,3,5,7,10,11,12,2,4
1,3,5,6,7,9,11,12>2,3,6,7,9,10,12,11,5
1,3,5,6,7,9,11,12>1,3,6,7,9,10,12,11,5
1,3,5,6,7,9,11,12>1,2,6,7,9,10,12,11,5
1,3,5,6,7,9,11,12>1,2,3,7,9,10,12,11,5
2,3,5,6,9,10,11>2,12,6,11,10,3,5
2,3,5,6,9,10,11>9,12,6,11,10,3,5
2,3,5,6,9,10,11>9,2,6,11,10,3,5
2,3,5,6,9,10,11>9,2,12,11,10,3,5
1,2,3,4,7,9>10,11,5,2,3,4,7,9
1,2,3,4,7,9>1,11,5,2,3,4,7,9
1,2,3,4,7,9>1,10,5,2,3,4,7,9
1,2,3,4,7,9>1,10,11,2,3,4,7,9
1,4,5>2,5,7,4
1,4,5>1,5,7,4
1,4,5>1,2,7,4
1,4,5>1,2,5,4
2,3,9,11,12>5,6,9,10,12,11,3
2,3,9,11,12>2,6,9,10,12,11,3
2,3,9,11,12>2,5,9,10,12,11,3
2,3,9,11,12>2,5,6,10,12,11,3
1,2,8,10,11,12>3,4,6,10,8,2,11,12
1,2,8,10,11,12>1,4,6,10,8,2,11,12
1,2,8,10,11,12>1,3,6,10,8,2,11,12
1,2,8,10,11,12>1,3,4,10,8,2,11,12
1,4,5,6,7,11,12>2,5,7,10,11,4,12,6
1,4,5,6,7,11,12>1,5,7,10,11,4,12,6
1,4,5,6,7,11,12>1,2,7,10,11,4,12,6
1,4,5,6,7,11,12>1,2,5,10,11,4,12,6
1,2,4,7,10,11>3,12,9,2,4,7,10,11
1,2,4,7,10,11>1,12,9,2,4,7,10,11
1,2,4,7,10,11>1,3,9,2,4,7,10,11
1,2,4,7,10,11>1,3,12,2,4,7,10,11
3,4,7,8,9,12>4,5,8,10,11,12,9,7
3,4,7,8,9,12>3,5,8,10,11,12,9,7
3,4,7,8,9,12>3,4,8,10,11,12,9,7
3,4,7,8,9,12>3,4,5,10,11,12,9,7
1,2,4,5,6,9,10,12>5,6,11,12,9,2,10,4
1,2,4,5,6,9,10,12>1,6,11,12,9,2,10,4
1,2,4,5,6,9,10,12>1,5,11,12,9,2,10,4
1,2,4,5,6,9,10,12>1,5,6,12,9,2,10,4
1,2,10,5>3,4,5,9,10,11,12,2
1,2,10,5>1,4,5,9,10,11,12,2
1,2,10,5>1,3,5,9,10,11,12,2
1,2,10,5>1,3,4,9,10,11,12,2
1,5,6,7,10>2,5,6,7,9,11,12,10
1,5,6,7,10>1,5,6,7,9,11,12,10
1,5,6,7,10>1,2,6,7,9,11,12,10
1,5,6,7,10>1,2,5,7,9,11,12,10
1,3,7,8,12>2,5,8,10,12,3,7
1,3,7,8,12>1,5,8,10,12,3,7
1,3,7,8,12>1,2,8,10,12,3,7
1,3,7,8,12>1,2,5,10,12,3,7
5,6,7,9,10>5,6,7,9,10
5,6,7,9,10>11,6,7,9,10
5,6,7,9,10>11,5,7,9,10
5,6,7,9,10>11,5,6,9,10
8,1,9,7>2,8,10,11,9,7
8,1,9,7>1,8,10,11,9,7
8,1,9,7>1,2,10,11,9,7
8,1,9,7>1,2,8,11,9,7
1,2,3,4,6,8,9,11,12>5,9,10,12,2,3,4,6,8,11
1,2,3,4,6,8,9,11,12>1,9,10,12,2,3,4,6,8,11
1,2,3,4,6,8,9,11,12>1,5,10,12,2,3,4,6,8,11
1,2,3,4,6,8,9,11,12>1,5,9,12,2,3,4,6,8,11
1,2,4,5,7,9>10,11,5,9,2,4,7
1,2,4,5,7,9>1,11,5,9,2,4,7
1,2,4,5,7,9>1,10,5,9,2,4,7
1,2,4,5,7,9>1,10,11,9,2,4,7
1,2,5,7,8,10,11>3,4,5,7,8,12,11,2,10
1,2,5,7,8,10,11>1,4,5,7,8,12,11,2,10
1,2,5,7,8,10,11>1,3,5,7,8,12,11,2,10
1,2,5,7,8,10,11>1,3,4,7,8,12,11,2,10
1,4,5,6,7,9,10,11,12>2,4,5,6,7,9,10,11,12
1,4,5,6,7,9,10,11,12>1,4,5,6,7,9,10,11,12
1,4,5,6,7,9,10,11,12>1,2,5,6,7,9,10,11,12
1,4,5,6,7,9,10,11,12>1,2,4,6,7,9,10,11,12
1,5,6,9,10>2,5,6,11,9,10
1,5,6,9,10>1,5,6,11,9,10
1,5,6,9,10>1,2,6,11,9,10
1,5,6,9,10>1,2,5,11,9,10
3,4,5,7,8,9,10,12>4,8,11,12,9,10,5,7
3,4,5,7,8,9,10,12>3,8,11,12,9,10,5,7
3,4,5,7,8,9,10,12>3,4,11,12,9,10,5,7
3,4,5,7,8,9,10,12>3,4,8,12,9,10,5,7
1,2,4,5,6,7,10,11>3,5,6,7,12,11,2,10,4
1,2,4,5,6,7,10,11>1,5,6,7,12,11,2,10,4
1,2,4,5,6,7,10,11>1,3,6,7,12,11,2,10,4
1,2,4,5,6,7,10,11>1,3,5,7,12,11,2,10,4
1,3,4,7,8,11>2,5,10,11,12,8,3,4,7
1,3,4,7,8,11>1,5,10,11,12,8,3,4,7
1,3,4,7,8,11>1,2,10,11,12,8,3,4,7
1,3,4,7,8,11>1,2,5,11,12,8,3,4,7
4,5,8,10,12>7,8,10,11,4,12
4,5,8,10,12>5,8,10,11,4,12
4,5,8,10,12>5,7,10,11,4,12
4,5,8,10,12>5,7,8,11,4,12
1,2,4,5,7,8,10,12>3,5,8,9,11,2,4,7,10,12
1,2,4,5,7,8,10,12>1,5,8,9,11,2,4,7,10,12
1,2,4,5,7,8,10,12>1,3,8,9,11,2,4,7,10,12
1,2,4,5,7,8,10,12>1,3,5,9,11,2,4,7,10,12
1,3,4,5,9,10,12>2,3,4,7,11,12,9,10,5
1,3,4,5,9,10,12>1,3,4,7,11,12,9,10,5
1,3,4,5,9,10,12>1,2,4,7,11,12,9,10,5
1,3,4,5,9,10,12>1,2,3,7,11,12,9,10,5
4,5,8,9,10>5,7,8,11,9,10
4,5,8,9,10>4,7,8,11,9,10
4,5,8,9,10>4,5,8,11,9,10
4,5,8,9,10>4,5,7,11,9,10
1,2,6,7,8,10>3,4,6,7,8,11,12,2,10
1,2,6,7,8,10>1,4,6,7,8,11,12,2,10
1,2,6,7,8,10>1,3,6,7,8,11,12,2,10
1,2,6,7,8,10>1,3,4,7,8,11,12,2,10
1,2,3,4,6,7,8>5,6,8,10,2,3,4,7
1,2,3,4,6,7,8>1,6,8,10,2,3,4,7
1,2,3,4,6,7,8>1,5,8,10,2,3,4,7
1,2,3,4,6,7,8>1,5,6,10,2,3,4,7
1,2,3,5,6,9,12>6,9,10,11,12,2,3,5
1,2,3,5,6,9,12>1,9,10,11,12,2,3,5
1,2,3,5,6,9,12>1,6,10,11,12,2,3,5
1,2,3,5,6,9,12>1,6,9,11,12,2,3,5
1,3,4,5,6,7,8,11,12>2,7,8,10,11,3,4,5,6,12
1,3,4,5,6,7,8,11,12>1,7,8,10,11,3,4,5,6,12
1,3,4,5,6,7,8,11,12>1,2,8,10,11,3,4,5,6,12
1,3,4,5,6,7,8,11,12>1,2,7,10,11,3,4,5,6,12
1,3,5,8,9,10,11>2,3,8,9,12,10,11,5
1,3,5,8,9,10,11>1,3,8,9,12,10,11,5
1,3,5,8,9,10,11>1,2,8,9,12,10,11,5
1,3,5,8,9,10,11>1,2,3,9,12,10,11,5
2,4,5,6,11>3,5,11,12,4,6
2,4,5,6,11>2,5,11,12,4,6
2,4,5,6,11>2,3,11,12,4,6
2,4,5,6,11>2,3,5,12,4,6
2,3,4,6,7,8,9,11>5,6,7,8,9,10,11,3,4
2,3,4,6,7,8,9,11>2,6,7,8,9,10,11,3,4
2,3,4,6,7,8,9,11>2,5,7,8,9,10,11,3,4
2,3,4,6,7,8,9,11>2,5,6,8,9,10,11,3,4
1,2,4,5,9,10>11,5,7,9,2,10,4
1,2,4,5,9,10>1,5,7,9,2,10,4
1,2,4,5,9,10>1,11,7,9,2,10,4
1,2,4,5,9,10>1,11,5,9,2,10,4
8,1,10,11>2,6,10,12,8,11
8,1,10,11>1,6,10,12,8,11
8,1,10,11>1,2,10,12,8,11
8,1,10,11>1,2,6,12,8,11
