Cell size,Cln3,SBF,MBF,Cln1^2,Sic1,Cln5^6,Cdh1,Clb1^2,Mcm1/SFF,Cdc20^Cdc14,Swi5
5,7,8,9,10,12>11,12,5,9,10,7
5,7,8,9,10,12>8,12,5,9,10,7
5,7,8,9,10,12>8,11,5,9,10,7
5,7,8,9,10,12>8,11,12,9,10,7
1,2,3,5,7,11>4,7,10,11,12,2,3,5
1,2,3,5,7,11>1,7,10,11,12,2,3,5
1,2,3,5,7,11>1,4,10,11,12,2,3,5
1,2,3,5,7,11>1,4,7,11,12,2,3,5
9,2,3,6>5,6,9,10,11,3
9,2,3,6>2,6,9,10,11,3
9,2,3,6>2,5,9,10,11,3
9,2,3,6>2,5,6,10,11,3
2,4,5,6,7,8,10,11>3,5,6,7,8,12,10,11,4
2,4,5,6,7,8,10,11>2,5,6,7,8,12,10,11,4
2,4,5,6,7,8,10,11>2,3,6,7,8,12,10,11,4
2,4,5,6,7,8,10,11>2,3,5,7,8,12,10,11,4
10,2,3,7>4,5,9,11,12,10,3,7
10,2,3,7>2,5,9,11,12,10,3,7
10,2,3,7>2,4,9,11,12,10,3,7
10,2,3,7>2,4,5,11,12,10,3,7
2,5,7,8,9,10,11>5,7,8,12,9,10,11
2,5,7,8,9,10,11>2,7,8,12,9,10,11
2,5,7,8,9,10,11>2,5,8,12,9,10,11
2,5,7,8,9,10,11>2,5,7,12,9,10,11
1,5,7,8,10,11>2,5,7,8,12,10,11
1,5,7,8,10,11>1,5,7,8,12,10,11
1,5,7,8,10,11>1,2,7,8,12,10,11
1,5,7,8,10,11>1,2,5,8,12,10,11
2,4,8,9,11,12>6,9,10,12,8,11,4
2,4,8,9,11,12>2,9,10,12,8,11,4
2,4,8,9,11,12>2,6,10,12,8,11,4
2,4,8,9,11,12>2,6,9,12,8,11,4
9,3,4,5>4,7,10,11,9,5
9,3,4,5>3,7,10,11,9,5
9,3,4,5>3,4,10,11,9,5
9,3,4,5>3,4,7,11,9,5
1,3,5,7,8,11>2,7,8,10,11,12,3,5
1,3,5,7,8,11>1,7,8,10,11,12,3,5
1,3,5,7,8,11>1,2,8,10,11,12,3,5
1,3,5,7,8,11>1,2,7,10,11,12,3,5
10,3,4,6>11,12,5,3,4,6
10,3,4,6>10,12,5,3,4,6
10,3,4,6>10,11,5,3,4,6
10,3,4,6>10,11,12,3,4,6
2,3,6,8,9,10,11>2,12,5,3,6,8,10,11
2,3,6,8,9,10,11>9,12,5,3,6,8,10,11
2,3,6,8,9,10,11>9,2,5,3,6,8,10,11
2,3,6,8,9,10,11>9,2,12,3,6,8,10,11
1,4,7,9,10,11>2,4,12,9,10,11,7
1,4,7,9,10,11>1,4,12,9,10,11,7
1,4,7,9,10,11>1,2,12,9,10,11,7
1,4,7,9,10,11>1,2,4,9,10,11,7
3,4,5,8,9,10,11>4,8,9,12,10,11,5
3,4,5,8,9,10,11>3,8,9,12,10,11,5
3,4,5,8,9,10,11>3,4,9,12,10,11,5
3,4,5,8,9,10,11>3,4,8,12,10,11,5
2,4,5,8,10>3,5,7,8,10,11,12,4
2,4,5,8,10>2,5,7,8,10,11,12,4
2,4,5,8,10>2,3,7,8,10,11,12,4
2,4,5,8,10>2,3,5,8,10,11,12,4
2,3,6,9,10,11>2,12,5,11,10,3,6
2,3,6,9,10,11>9,12,5,11,10,3,6
2,3,6,9,10,11>9,2,5,11,10,3,6
2,3,6,9,10,11>9,2,12,11,10,3,6
1,2,3,7,8,9,10>1,11,5,2,3,7,9,10
1,2,3,7,8,9,10>8,11,5,2,3,7,9,10
1,2,3,7,8,9,10>8,1,5,2,3,7,9,10
1,2,3,7,8,9,10>8,1,11,2,3,7,9,10
1,2,3,4,5,6,8,9,11,12>8,9,10,12,2,3,4,5,6,11
1,2,3,4,5,6,8,9,11,12>1,9,10,12,2,3,4,5,6,11
1,2,3,4,5,6,8,9,11,12>1,8,10,12,2,3,4,5,6,11
1,2,3,4,5,6,8,9,11,12>1,8,9,12,2,3,4,5,6,11
1,3,5,6,7,9,10,11>2,3,6,7,12,9,10,11,5
1,3,5,6,7,9,10,11>1,3,6,7,12,9,10,11,5
1,3,5,6,7,9,10,11>1,2,6,7,12,9,10,11,5
1,3,5,6,7,9,10,11>1,2,3,7,12,9,10,11,5
1,2,4,5,6,8,11,12>1,3,5,2,4,6,8,12
1,2,4,5,6,8,11,12>11,3,5,2,4,6,8,12
1,2,4,5,6,8,11,12>11,1,5,2,4,6,8,12
1,2,4,5,6,8,11,12>11,1,3,2,4,6,8,12
1,2,3,8,9,10,11>12,5,9,2,3,8,10,11
1,2,3,8,9,10,11>1,5,9,2,3,8,10,11
1,2,3,8,9,10,11>1,12,9,2,3,8,10,11
1,2,3,8,9,10,11>1,12,5,2,3,8,10,11
9,2,4,12>7,10,11,12,9,4
9,2,4,12>2,10,11,12,9,4
9,2,4,12>2,7,11,12,9,4
9,2,4,12>2,7,10,12,9,4
1,3,6,8,9,10,11>2,3,5,9,12,8,10,11,6
1,3,6,8,9,10,11>1,3,5,9,12,8,10,11,6
1,3,6,8,9,10,11>1,2,5,9,12,8,10,11,6
1,3,6,8,9,10,11>1,2,3,9,12,8,10,11,6
2,3,5,6,8,12>2,4,12,3,5,6
2,3,5,6,8,12>8,4,12,3,5,6
2,3,5,6,8,12>8,2,12,3,5,6
2,3,5,6,8,12>8,2,4,3,5,6
1,3,4,6,7,8>2,5,6,8,10,3,4,7
1,3,4,6,7,8>1,5,6,8,10,3,4,7
1,3,4,6,7,8>1,2,6,8,10,3,4,7
1,3,4,6,7,8>1,2,5,8,10,3,4,7
2,3,4,5,9,11,12>2,10,12,11,3,4,5
2,3,4,5,9,11,12>9,10,12,11,3,4,5
2,3,4,5,9,11,12>9,2,12,11,3,4,5
2,3,4,5,9,11,12>9,2,10,11,3,4,5
1,2,4,5,6,7,8,10,11>3,5,6,7,8,12,11,2,10,4
1,2,4,5,6,7,8,10,11>1,5,6,7,8,12,11,2,10,4
1,2,4,5,6,7,8,10,11>1,3,6,7,8,12,11,2,10,4
1,2,4,5,6,7,8,10,11>1,3,5,7,8,12,11,2,10,4
1,2,5,7,9,12>5,10,11,12,9,2,7
1,2,5,7,9,12>1,10,11,12,9,2,7
1,2,5,7,9,12>1,5,11,12,9,2,7
1,2,5,7,9,12>1,5,10,12,9,2,7
1,2,7,9,11,12>10,12,7,9,2,11
1,2,7,9,11,12>1,12,7,9,2,11
1,2,7,9,11,12>1,10,7,9,2,11
1,2,7,9,11,12>1,10,12,9,2,11
1,2,3,9,11>10,5,9,11,2,3
1,2,3,9,11>1,5,9,11,2,3
1,2,3,9,11>1,10,9,11,2,3
1,2,3,9,11>1,10,5,11,2,3
8,1,12>2,12,6,8
8,1,12>1,12,6,8
8,1,12>1,2,6,8
8,1,12>1,2,12,8
1,2,3,5,7,10,12>11,4,9,2,3,5,7,10,12
1,2,3,5,7,10,12>1,4,9,2,3,5,7,10,12
1,2,3,5,7,10,12>1,11,9,2,3,5,7,10,12
1,2,3,5,7,10,12>1,11,4,2,3,5,7,10,12
1,4,6,7,8,9,10,11,12>2,4,7,8,9,10,11,12,6
1,4,6,7,8,9,10,11,12>1,4,7,8,9,10,11,12,6
1,4,6,7,8,9,10,11,12>1,2,7,8,9,10,11,12,6
1,4,6,7,8,9,10,11,12>1,2,4,8,9,10,11,12,6
2,4,5,7,8,9,10,12>5,8,11,12,9,10,4,7
2,4,5,7,8,9,10,12>2,8,11,12,9,10,4,7
2,4,5,7,8,9,10,12>2,5,11,12,9,10,4,7
2,4,5,7,8,9,10,12>2,5,8,12,9,10,4,7
3,4,5,6,8,9,11>4,6,8,9,10,11,5
3,4,5,6,8,9,11>3,6,8,9,10,11,5
3,4,5,6,8,9,11>3,4,8,9,10,11,5
3,4,5,6,8,9,11>3,4,6,9,10,11,5
8,2,11,4>3,6,11,12,8,4
8,2,11,4>2,6,11,12,8,4
8,2,11,4>2,3,11,12,8,4
8,2,11,4>2,3,6,12,8,4
2,3,7,9,10,11>12,5,7,11,9,10,3
2,3,7,9,10,11>2,5,7,11,9,10,3
2,3,7,9,10,11>2,12,7,11,9,10,3
2,3,7,9,10,11>2,12,5,11,9,10,3
1,3,8,9,10,11,12>2,3,5,6,9,8,10,11,12
1,3,8,9,10,11,12>1,3,5,6,9,8,10,11,12
1,3,8,9,10,11,12>1,2,5,6,9,8,10,11,12
1,3,8,9,10,11,12>1,2,3,6,9,8,10,11,12
1,3,6,7,10>2,5,6,7,9,11,12,10,3
1,3,6,7,10>1,5,6,7,9,11,12,10,3
1,3,6,7,10>1,2,6,7,9,11,12,10,3
1,3,6,7,10>1,2,5,7,9,11,12,10,3
8,3,6,7>6,7,8,10,3
8,3,6,7>5,7,8,10,3
8,3,6,7>5,6,8,10,3
8,3,6,7>5,6,7,10,3
