Cell size,Cln3,SBF,MBF,Cln1^2,Sic1,Cln5^6,Cdh1,Clb1^2,Mcm1/SFF,Cdc20^Cdc14,Swi5
1,2,5,8,9,10,11,12>5,9,11,2,10,12
1,2,5,8,9,10,11,12>8,9,11,2,10,12
1,2,5,8,9,10,11,12>8,5,11,2,10,12
1,2,5,8,9,10,11,12>8,1,11,2,10,12
1,2,5,8,9,10,11,12>1,9,11,2,10,12
1,2,5,8,9,10,11,12>1,5,11,2,10,12
1,4,5,6,9,11>2,4,5,6,9,10,11
1,4,5,6,9,11>1,4,5,6,9,10,11
1,4,5,6,9,11>1,2,5,6,9,10,11
1,4,5,6,9,11>1,2,4,6,9,10,11
1,4,5,6,9,11>1,2,4,5,9,10,11
1,4,5,6,9,11>1,2,4,5,6,10,11
2,3,5,6,7,8,9,12>6,7,8,9,10,11,12,3,5
2,3,5,6,7,8,9,12>2,7,8,9,10,11,12,3,5
2,3,5,6,7,8,9,12>2,6,8,9,10,11,12,3,5
2,3,5,6,7,8,9,12>2,6,7,9,10,11,12,3,5
2,3,5,6,7,8,9,12>2,6,7,8,10,11,12,3,5
2,3,5,6,7,8,9,12>2,6,7,8,9,11,12,3,5
2,3,4,6,7,8,9,11>5,6,7,8,9,10,11,3,4
2,3,4,6,7,8,9,11>2,6,7,8,9,10,11,3,4
2,3,4,6,7,8,9,11>2,5,7,8,9,10,11,3,4
2,3,4,6,7,8,9,11>2,5,6,8,9,10,11,3,4
2,3,4,6,7,8,9,11>2,5,6,7,9,10,11,3,4
2,3,4,6,7,8,9,11>2,5,6,7,8,10,11,3,4
2,4,5,9,11>10,5,11,4
2,4,5,9,11>9,5,11,4
2,4,5,9,11>9,10,11,4
2,4,5,9,11>9,2,11,4
2,4,5,9,11>2,5,11,4
2,4,5,9,11>2,10,11,4
1,3,4,5,7,8,9,10,11>2,3,4,8,12,5,7,9,10,11
1,3,4,5,7,8,9,10,11>1,3,4,8,12,5,7,9,10,11
1,3,4,5,7,8,9,10,11>1,2,4,8,12,5,7,9,10,11
1,3,4,5,7,8,9,10,11>1,2,3,8,12,5,7,9,10,11
1,3,4,5,7,8,9,10,11>1,2,3,4,12,5,7,9,10,11
1,3,4,5,7,8,9,10,11>1,2,3,4,8,5,7,9,10,11
1,2,3,6,10,11,12>4,5,8,10,2,3,6,11,12
1,2,3,6,10,11,12>1,8,10,2,3,6,11,12
1,2,3,6,10,11,12>1,4,10,2,3,6,11,12
1,2,3,6,10,11,12>1,4,8,2,3,6,11,12
1,2,3,6,10,11,12>1,4,5,2,3,6,11,12
1,2,3,6,10,11,12>1,5,10,2,3,6,11,12
2,3,4,6,7,10,11>5,7,3,4,6,10,11
2,3,4,6,7,10,11>2,7,3,4,6,10,11
2,3,4,6,7,10,11>2,5,3,4,6,10,11
2,3,4,6,7,10,11>2,12,3,4,6,10,11
2,3,4,6,7,10,11>12,7,3,4,6,10,11
2,3,4,6,7,10,11>12,5,3,4,6,10,11
8,11,2,10>3,4,6,10,12,8,11
8,11,2,10>2,4,6,10,12,8,11
8,11,2,10>2,3,6,10,12,8,11
8,11,2,10>2,3,4,10,12,8,11
8,11,2,10>2,3,4,6,12,8,11
8,11,2,10>2,3,4,6,10,8,11
1,2,5,8,11,12>3,4,5,6,11,8,2,12
1,2,5,8,11,12>1,4,5,6,11,8,2,12
1,2,5,8,11,12>1,3,5,6,11,8,2,12
1,2,5,8,11,12>1,3,4,6,11,8,2,12
1,2,5,8,11,12>1,3,4,5,11,8,2,12
1,2,5,8,11,12>1,3,4,5,6,8,2,12
1,4,5>5,7,4
1,4,5>1,7,4
1,4,5>1,5,4
1,4,5>1,2,4
1,4,5>2,7,4
1,4,5>2,5,4
1,3,5,9,10,11>3,12,9,10,11,5
1,3,5,9,10,11>1,12,9,10,11,5
1,3,5,9,10,11>1,3,9,10,11,5
1,3,5,9,10,11>1,2,9,10,11,5
1,3,5,9,10,11>2,12,9,10,11,5
1,3,5,9,10,11>2,3,9,10,11,5
1,2,4,6,8,10,11>3,12,2,4,6,8,11
1,2,4,6,8,10,11>1,12,2,4,6,8,11
1,2,4,6,8,10,11>1,3,2,4,6,8,11
1,2,4,6,8,10,11>1,10,2,4,6,8,11
1,2,4,6,8,10,11>10,12,2,4,6,8,11
1,2,4,6,8,10,11>10,3,2,4,6,8,11
1,3,6,9>2,3,5,6,9,10,11
1,3,6,9>1,3,5,6,9,10,11
1,3,6,9>1,2,5,6,9,10,11
1,3,6,9>1,2,3,6,9,10,11
1,3,6,9>1,2,3,5,9,10,11
1,3,6,9>1,2,3,5,6,10,11
2,5,6,8,9,10,11,12>2,5,10,11,12,6
2,5,6,8,9,10,11,12>8,5,10,11,12,6
2,5,6,8,9,10,11,12>8,2,10,11,12,6
2,5,6,8,9,10,11,12>8,9,10,11,12,6
2,5,6,8,9,10,11,12>9,5,10,11,12,6
2,5,6,8,9,10,11,12>9,2,10,11,12,6
1,2,3,8,9,11>5,9,8,11,2,3
1,2,3,8,9,11>1,9,8,11,2,3
1,2,3,8,9,11>1,5,8,11,2,3
1,2,3,8,9,11>1,10,8,11,2,3
1,2,3,8,9,11>10,9,8,11,2,3
1,2,3,8,9,11>10,5,8,11,2,3
1,2,3,4,8,10,11>5,6,10,12,2,3,4,8,11
1,2,3,4,8,10,11>1,10,12,2,3,4,8,11
1,2,3,4,8,10,11>1,5,12,2,3,4,8,11
1,2,3,4,8,10,11>1,5,10,2,3,4,8,11
1,2,3,4,8,10,11>1,5,6,2,3,4,8,11
1,2,3,4,8,10,11>1,6,12,2,3,4,8,11
5,6,7>6,7
5,6,7>10,7
5,6,7>10,6
5,6,7>10,5
5,6,7>5,7
5,6,7>5,6
8,9,12,7>11,12,9,7
8,9,12,7>8,12,9,7
8,9,12,7>8,11,9,7
8,9,12,7>8,10,9,7
8,9,12,7>10,12,9,7
8,9,12,7>10,11,9,7
2,4,5,10,12>3,5,7,9,10,11,4,12
2,4,5,10,12>2,5,7,9,10,11,4,12
2,4,5,10,12>2,3,7,9,10,11,4,12
2,4,5,10,12>2,3,5,9,10,11,4,12
2,4,5,10,12>2,3,5,7,10,11,4,12
2,4,5,10,12>2,3,5,7,9,11,4,12
2,3,5,7,8,9,11>7,8,9,10,11,3,5
2,3,5,7,8,9,11>2,9,10,11,3,5
2,3,5,7,8,9,11>2,7,10,11,3,5
2,3,5,7,8,9,11>2,7,9,11,3,5
2,3,5,7,8,9,11>2,7,8,11,3,5
2,3,5,7,8,9,11>2,8,10,11,3,5
2,4,6,7,8,9,11,12>7,8,9,10,12,11,4,6
2,4,6,7,8,9,11,12>2,8,9,10,12,11,4,6
2,4,6,7,8,9,11,12>2,7,9,10,12,11,4,6
2,4,6,7,8,9,11,12>2,7,8,10,12,11,4,6
2,4,6,7,8,9,11,12>2,7,8,9,12,11,4,6
2,4,6,7,8,9,11,12>2,7,8,9,10,11,4,6
1,3,7,9,12>2,3,5,10,11,12,9,7
1,3,7,9,12>1,3,5,10,11,12,9,7
1,3,7,9,12>1,2,5,10,11,12,9,7
1,3,7,9,12>1,2,3,10,11,12,9,7
1,3,7,9,12>1,2,3,5,11,12,9,7
1,3,7,9,12>1,2,3,5,10,12,9,7
2,3,6,7,11,12>4,5,7,10,11,3,12,6
2,3,6,7,11,12>2,5,7,10,11,3,12,6
2,3,6,7,11,12>2,4,7,10,11,3,12,6
2,3,6,7,11,12>2,4,5,10,11,3,12,6
2,3,6,7,11,12>2,4,5,7,11,3,12,6
2,3,6,7,11,12>2,4,5,7,10,3,12,6
10,3,4,5>9,10,11,12,3,4,5
10,3,4,5>7,11,12,3,4,5
10,3,4,5>7,9,12,3,4,5
10,3,4,5>7,9,11,3,4,5
10,3,4,5>7,9,10,3,4,5
10,3,4,5>7,10,12,3,4,5
2,3,7,9,12>5,10,11,12,9,3,7
2,3,7,9,12>2,11,12,9,3,7
2,3,7,9,12>2,5,12,9,3,7
2,3,7,9,12>2,5,11,9,3,7
2,3,7,9,12>2,5,10,9,3,7
2,3,7,9,12>2,10,12,9,3,7
8,1,11,4>2,6,11,12,8,4
8,1,11,4>1,11,12,8,4
8,1,11,4>1,2,12,8,4
8,1,11,4>1,2,11,8,4
8,1,11,4>1,2,6,8,4
8,1,11,4>1,6,12,8,4
2,4,6,7,9>10,6,9,4,7
2,4,6,7,9>11,6,9,4,7
2,4,6,7,9>11,10,9,4,7
2,4,6,7,9>11,2,9,4,7
2,4,6,7,9>2,6,9,4,7
2,4,6,7,9>2,10,9,4,7
1,5,8,9,11>2,5,8,9,10,11
1,5,8,9,11>1,5,8,9,10,11
1,5,8,9,11>1,2,8,9,10,11
1,5,8,9,11>1,2,5,9,10,11
1,5,8,9,11>1,2,5,8,10,11
1,5,8,9,11>1,2,5,8,9,11
1,2,5,6,8,12>3,4,5,8,12,2,6
1,2,5,6,8,12>1,4,5,8,12,2,6
1,2,5,6,8,12>1,3,5,8,12,2,6
1,2,5,6,8,12>1,3,4,8,12,2,6
1,2,5,6,8,12>1,3,4,5,12,2,6
1,2,5,6,8,12>1,3,4,5,8,2,6
1,2,4,6,10,12>10,3,2,4,12,6
1,2,4,6,10,12>11,3,2,4,12,6
1,2,4,6,10,12>11,10,2,4,12,6
1,2,4,6,10,12>11,1,2,4,12,6
1,2,4,6,10,12>1,3,2,4,12,6
1,2,4,6,10,12>1,10,2,4,12,6
2,4,5,7,8,9>5,8,10,11,9,4,7
2,4,5,7,8,9>2,10,11,9,4,7
2,4,5,7,8,9>2,5,11,9,4,7
2,4,5,7,8,9>2,5,10,9,4,7
2,4,5,7,8,9>2,5,8,9,4,7
2,4,5,7,8,9>2,8,11,9,4,7
1,2,3,5,6,7,9,10>6,7,2,3,5,9,10
1,2,3,5,6,7,9,10>1,7,2,3,5,9,10
1,2,3,5,6,7,9,10>1,6,2,3,5,9,10
1,2,3,5,6,7,9,10>1,11,2,3,5,9,10
1,2,3,5,6,7,9,10>11,7,2,3,5,9,10
1,2,3,5,6,7,9,10>11,6,2,3,5,9,10
2,3,4,5,6,8,9>6,8,9,10,11,3,4,5
2,3,4,5,6,8,9>2,8,9,10,11,3,4,5
2,3,4,5,6,8,9>2,6,9,10,11,3,4,5
2,3,4,5,6,8,9>2,6,8,10,11,3,4,5
2,3,4,5,6,8,9>2,6,8,9,11,3,4,5
2,3,4,5,6,8,9>2,6,8,9,10,3,4,5
2,3,4,5,9,10,12>12,7,3,4,5,9,10
2,3,4,5,9,10,12>2,7,3,4,5,9,10
2,3,4,5,9,10,12>2,12,3,4,5,9,10
2,3,4,5,9,10,12>2,11,3,4,5,9,10
2,3,4,5,9,10,12>11,7,3,4,5,9,10
2,3,4,5,9,10,12>11,12,3,4,5,9,10
3,4,5,7,8,9,12>4,8,10,11,12,9,5,7
3,4,5,7,8,9,12>3,8,10,11,12,9,5,7
3,4,5,7,8,9,12>3,4,10,11,12,9,5,7
3,4,5,7,8,9,12>3,4,8,11,12,9,5,7
3,4,5,7,8,9,12>3,4,8,10,12,9,5,7
3,4,5,7,8,9,12>3,4,8,10,11,9,5,7
1,3,6,7,8,10,11,12>5,7,3,6,8,10,11,12
1,3,6,7,8,10,11,12>1,7,3,6,8,10,11,12
1,3,6,7,8,10,11,12>1,5,3,6,8,10,11,12
1,3,6,7,8,10,11,12>1,2,3,6,8,10,11,12
1,3,6,7,8,10,11,12>2,7,3,6,8,10,11,12
1,3,6,7,8,10,11,12>2,5,3,6,8,10,11,12
1,2,3,4,6,7,8,11>5,7,10,11,12,2,3,4,6,8
1,2,3,4,6,7,8,11>1,7,10,11,12,2,3,4,6,8
1,2,3,4,6,7,8,11>1,5,10,11,12,2,3,4,6,8
1,2,3,4,6,7,8,11>1,5,7,11,12,2,3,4,6,8
1,2,3,4,6,7,8,11>1,5,7,10,12,2,3,4,6,8
1,2,3,4,6,7,8,11>1,5,7,10,11,2,3,4,6,8
1,3,4,5,6,8,9>2,3,4,6,8,9,10,11,5
1,3,4,5,6,8,9>1,3,4,6,8,9,10,11,5
1,3,4,5,6,8,9>1,2,4,6,8,9,10,11,5
1,3,4,5,6,8,9>1,2,3,6,8,9,10,11,5
1,3,4,5,6,8,9>1,2,3,4,8,9,10,11,5
1,3,4,5,6,8,9>1,2,3,4,6,9,10,11,5
4,6,7,8,9>6,8,9,10,11,7
4,6,7,8,9>4,8,9,10,11,7
4,6,7,8,9>4,6,9,10,11,7
4,6,7,8,9>4,6,8,10,11,7
4,6,7,8,9>4,6,8,9,11,7
4,6,7,8,9>4,6,8,9,10,7
