Cell size,Cln3,SBF,MBF,Cln1^2,Sic1,Cln5^6,Cdh1,Clb1^2,Mcm1/SFF,Cdc20^Cdc14,Swi5
1,3,4,5,10,12>2,7,9,10,11,12,3,4,5
1,3,4,5,10,12>1,7,9,10,11,12,3,4,5
3,4,5,6,7,9,10,11>4,6,7,12,9,10,11,5
3,4,5,6,7,9,10,11>3,6,7,12,9,10,11,5
10,4,5>7,9,10,11,12,4
10,4,5>5,9,10,11,12,4
3,6,7,8,11,12>11,5,7,8,3,12,6
3,6,7,8,11,12>10,5,7,8,3,12,6
1,3,6,9,10,11>2,3,5,9,12,10,11,6
1,3,6,9,10,11>1,3,5,9,12,10,11,6
2,3,4,5,12>12,7,3,4,5
2,3,4,5,12>2,7,3,4,5
2,6,8,11,12>2,3,4,8,12,6
2,6,8,11,12>11,3,4,8,12,6
2,4,7,9,12>2,10,12,9,4,7
2,4,7,9,12>11,10,12,9,4,7
1,2,3,5,6,8,9,10>6,8,9,11,10,2,3,5
1,2,3,5,6,8,9,10>1,8,9,11,10,2,3,5
3,4,5,8,12>12,7,3,4,5
3,4,5,8,12>8,7,3,4,5
3,4,5,6,7,8,10>11,12,6,3,4,5,7,10
3,4,5,6,7,8,10>8,12,6,3,4,5,7,10
1,11,4>2,6,8,11,12,4
1,11,4>1,6,8,11,12,4
2,3,6,7,8,10,11>4,5,7,12,3,6,8,10,11
2,3,6,7,8,10,11>2,5,7,12,3,6,8,10,11
1,2,3,5,7,8,9>1,10,11,2,3,5,7,9
1,2,3,5,7,8,9>8,10,11,2,3,5,7,9
1,2,4,8,12>3,6,7,12,8,2,4
1,2,4,8,12>1,6,7,12,8,2,4
1,3,4,7,10>2,5,9,11,12,10,3,4,7
1,3,4,7,10>1,5,9,11,12,10,3,4,7
2,3,6,7,9,10,11,12>5,7,3,6,9,10,11,12
2,3,6,7,9,10,11,12>2,7,3,6,9,10,11,12
7,8,10,11,12>7,8,10,11,12
7,8,10,11,12>6,8,10,11,12
2,4,5,8,11,12>3,5,6,11,8,4,12
2,4,5,8,11,12>2,5,6,11,8,4,12
1,4,5,6,7,10>2,5,6,9,11,12,10,4,7
1,4,5,6,7,10>1,5,6,9,11,12,10,4,7
2,11,5,7>3,4,5,7,10,11,12
2,11,5,7>2,4,5,7,10,11,12
10,4,12,6>11,4,12,6
10,4,12,6>10,4,12,6
1,4,6,8,10,11,12>2,10,4,6,8,11,12
1,4,6,8,10,11,12>1,10,4,6,8,11,12
1,2,4,7,8,9,11,12>8,9,10,12,2,11,4,7
1,2,4,7,8,9,11,12>1,9,10,12,2,11,4,7
1,7,8,10,11,12>2,6,7,8,10,11,12
1,7,8,10,11,12>1,6,7,8,10,11,12
1,2,6,9,10,11>12,9,11,2,10,6
1,2,6,9,10,11>1,9,11,2,10,6
2,3,4,6,10,12>2,10,5,3,4,12,6
2,3,4,6,10,12>11,10,5,3,4,12,6
1,12,6,9>2,9,10,11,12,6
1,12,6,9>1,9,10,11,12,6
1,2,3,6,8,9,12>5,8,9,10,11,12,2,3,6
1,2,3,6,8,9,12>1,8,9,10,11,12,2,3,6
9,3,7>10,3,5,9,7
9,3,7>11,3,5,9,7
4,6,8,9,11>10,4,8,11,6
4,6,8,9,11>9,4,8,11,6
3,7,10,11,12>5,6,7,11,10,3,12
3,7,10,11,12>9,6,7,11,10,3,12
1,3,6,7,8,11,12>2,5,7,10,11,8,3,12,6
1,3,6,7,8,11,12>1,5,7,10,11,8,3,12,6
1,2,3,6,7,8,10,11,12>4,5,7,2,3,6,8,10,11,12
1,2,3,6,7,8,10,11,12>1,5,7,2,3,6,8,10,11,12
1,2,5,8,11,12>3,4,5,6,11,8,2,12
1,2,5,8,11,12>1,4,5,6,11,8,2,12
9,2,3>2,10,5,9,3
9,2,3>11,10,5,9,3
8,2,6>3,4,8,6
8,2,6>2,4,8,6
2,3,5,8,10>4,8,10,11,12,3,5
2,3,5,8,10>2,8,10,11,12,3,5
1,2,3,4,7,8,10,11>12,5,2,3,4,7,8,10,11
1,2,3,4,7,8,10,11>1,5,2,3,4,7,8,10,11
2,3,4,6,8,9,10,11,12>2,5,3,4,6,8,10,11,12
2,3,4,6,8,9,10,11,12>9,5,3,4,6,8,10,11,12
10,11,12>10,6,11,12
10,11,12>8,6,11,12
1,2,3,5,6,8,11,12>11,4,2,3,5,6,8,12
1,2,3,5,6,8,11,12>1,4,2,3,5,6,8,12
1,2,5,6,7,8,9,11,12>5,6,7,8,9,10,12,2,11
1,2,5,6,7,8,9,11,12>1,6,7,8,9,10,12,2,11
8,9,3>5,8,9,10,11
8,9,3>3,8,9,10,11
1,3,6,8,9,10,11,12>2,3,5,9,6,8,10,11,12
1,3,6,8,9,10,11,12>1,3,5,9,6,8,10,11,12
2,3,4,8,9,10,12>5,7,8,11,12,9,10,3,4
2,3,4,8,9,10,12>2,7,8,11,12,9,10,3,4
2,3,7,8,10,12>4,5,8,9,11,10,3,12,7
2,3,7,8,10,12>2,5,8,9,11,10,3,12,7
4,5,6,9,12>5,6,9,10,11,12
4,5,6,9,12>4,6,9,10,11,12
1,2,3,4,6,7,10,11>12,5,7,2,3,4,6,10,11
1,2,3,4,6,7,10,11>1,5,7,2,3,4,6,10,11
1,2,3,4,6,10>5,10,11,12,2,3,4,6
1,2,3,4,6,10>1,10,11,12,2,3,4,6
9,11,4,6>10,4,11,6
9,11,4,6>9,4,11,6
8,9,10,6>9,11,6,10
8,9,10,6>8,11,6,10
1,2,6,8,9,10>6,8,9,11,2,10
1,2,6,8,9,10>1,8,9,11,2,10
1,2,4,8,9,10,11>12,9,2,4,8,10,11
1,2,4,8,9,10,11>1,9,2,4,8,10,11
2,3,4,5,7,9,10>11,3,4,5,7,9,10
2,3,4,5,7,9,10>2,3,4,5,7,9,10
1,2,5,7>3,4,5,9,10,2,7
1,2,5,7>1,4,5,9,10,2,7
1,4,5,9,10>2,4,5,7,11,9,10
1,4,5,9,10>1,4,5,7,11,9,10
3,4,5,8,9,11,12>4,8,9,10,12,11,5
3,4,5,8,9,11,12>3,8,9,10,12,11,5
1,4,5,7,10,11,12>2,5,9,4,7,10,11,12
1,4,5,7,10,11,12>1,5,9,4,7,10,11,12
2,3,6,9,10>11,5,6,9,10,3
2,3,6,9,10>2,5,6,9,10,3
3,6,7,8,10>6,7,8,11,12,10,3
3,6,7,8,10>5,7,8,11,12,10,3
1,3,5,6,9,10>2,3,6,11,9,10,5
1,3,5,6,9,10>1,3,6,11,9,10,5
1,2,4,6,8,10>3,10,11,12,8,2,4,6
1,2,4,6,8,10>1,10,11,12,8,2,4,6
4,5,7,8,9>5,8,10,11,9,7
4,5,7,8,9>4,8,10,11,9,7
2,6,7,8,12>3,4,7,8,10,12,6
2,6,7,8,12>2,4,7,8,10,12,6
1,2,3,6,7,8,9,11,12>5,7,8,9,10,12,11,2,3,6
1,2,3,6,7,8,9,11,12>1,7,8,9,10,12,11,2,3,6
1,2,4,6,7,9,11>6,7,9,10,2,11,4
1,2,4,6,7,9,11>1,7,9,10,2,11,4
3,6,8,9,12>5,8,9,10,11,12,6
3,6,8,9,12>3,8,9,10,11,12,6
10,3>9,10,11,12,3
10,3>5,10,11,12,3
8,5>5
8,5>8
4,6,8,9,10>6,8,9,11,10
4,6,8,9,10>4,8,9,11,10
2,4,6,7,8,11,12>3,7,10,11,8,4,12,6
2,4,6,7,8,11,12>2,7,10,11,8,4,12,6
9,4,5>5,7,10,11,9
9,4,5>4,7,10,11,9
2,5,6,9,11,12>5,9,10,12,11,6
2,5,6,9,11,12>2,9,10,12,11,6
1,2,4,8,11>3,6,11,12,8,2,4
1,2,4,8,11>1,6,11,12,8,2,4
8,3,12>5,6,8,3
8,3,12>12,6,8,3
1,2,3,6,8,10>4,5,10,11,12,8,2,3,6
1,2,3,6,8,10>1,5,10,11,12,8,2,3,6
1,3,7,9,10,11>2,3,5,7,12,9,10,11
1,3,7,9,10,11>1,3,5,7,12,9,10,11
1,3,6,7,8,9,12>2,3,5,6,7,8,9,10,11,12
1,3,6,7,8,9,12>1,3,5,6,7,8,9,10,11,12
4,6,7,8,10,12>11,4,6,7,10,12
4,6,7,8,10,12>8,4,6,7,10,12
