Cell size,Cln3,SBF,MBF,Cln1^2,Sic1,Cln5^6,Cdh1,Clb1^2,Mcm1/SFF,Cdc20^Cdc14,Swi5
2,4,6,7,8,9,11,12>7,8,9,10,12,11,4,6
2,4,6,7,8,9,11,12>2,8,9,10,12,11,4,6
2,4,6,7,8,9,11,12>2,7,9,10,12,11,4,6
2,4,6,7,8,9,11,12>2,7,8,10,12,11,4,6
2,4,6,7,8,9,11,12>2,7,8,9,12,11,4,6
2,4,6,7,8,9,11,12>2,7,8,9,10,11,4,6
1,2,3,4,5,7,8,9,11,12>8,9,10,12,2,3,4,5,7,11
1,2,3,4,5,7,8,9,11,12>1,10,12,2,3,4,5,7,11
1,2,3,4,5,7,8,9,11,12>1,8,12,2,3,4,5,7,11
1,2,3,4,5,7,8,9,11,12>1,8,10,2,3,4,5,7,11
1,2,3,4,5,7,8,9,11,12>1,8,9,2,3,4,5,7,11
1,2,3,4,5,7,8,9,11,12>1,9,12,2,3,4,5,7,11
8,1,12>12,6,8
8,1,12>1,6,8
8,1,12>1,12,8
8,1,12>1,2,8
8,1,12>2,6,8
8,1,12>2,12,8
1,2,3,8,11>4,5,6,11,12,8,2,3
1,2,3,8,11>1,5,6,11,12,8,2,3
1,2,3,8,11>1,4,6,11,12,8,2,3
1,2,3,8,11>1,4,5,11,12,8,2,3
1,2,3,8,11>1,4,5,6,12,8,2,3
1,2,3,8,11>1,4,5,6,11,8,2,3
2,4,5,6,8,10,12>3,5,8,10,11,4,12,6
2,4,5,6,8,10,12>2,5,8,10,11,4,12,6
2,4,5,6,8,10,12>2,3,8,10,11,4,12,6
2,4,5,6,8,10,12>2,3,5,10,11,4,12,6
2,4,5,6,8,10,12>2,3,5,8,11,4,12,6
2,4,5,6,8,10,12>2,3,5,8,10,4,12,6
2,3,4,5,6,7,8,9,10,11>6,7,8,9,12,3,4,5,10,11
2,3,4,5,6,7,8,9,10,11>2,7,8,9,12,3,4,5,10,11
2,3,4,5,6,7,8,9,10,11>2,6,8,9,12,3,4,5,10,11
2,3,4,5,6,7,8,9,10,11>2,6,7,9,12,3,4,5,10,11
2,3,4,5,6,7,8,9,10,11>2,6,7,8,12,3,4,5,10,11
2,3,4,5,6,7,8,9,10,11>2,6,7,8,9,3,4,5,10,11
1,3,4,5,7,11,12>2,10,3,4,5,7,12
1,3,4,5,7,11,12>11,10,3,4,5,7,12
1,3,4,5,7,11,12>11,2,3,4,5,7,12
1,3,4,5,7,11,12>11,1,3,4,5,7,12
1,3,4,5,7,11,12>1,10,3,4,5,7,12
1,3,4,5,7,11,12>1,2,3,4,5,7,12
3,5,6,9,12>6,9,10,11,12,5
3,5,6,9,12>3,9,10,11,12,5
3,5,6,9,12>3,6,10,11,12,5
3,5,6,9,12>3,6,9,11,12,5
3,5,6,9,12>3,6,9,10,12,5
3,5,6,9,12>3,6,9,10,11,5
2,3,6,8,10>4,5,10,11,12,8,3,6
2,3,6,8,10>2,5,10,11,12,8,3,6
2,3,6,8,10>2,4,10,11,12,8,3,6
2,3,6,8,10>2,4,5,11,12,8,3,6
2,3,6,8,10>2,4,5,10,12,8,3,6
2,3,6,8,10>2,4,5,10,11,8,3,6
3,4,6,7,8,10>6,8,11,12,10,3,4,7
3,4,6,7,8,10>5,11,12,10,3,4,7
3,4,6,7,8,10>5,6,12,10,3,4,7
3,4,6,7,8,10>5,6,11,10,3,4,7
3,4,6,7,8,10>5,6,8,10,3,4,7
3,4,6,7,8,10>5,8,12,10,3,4,7
1,4,12,9>2,4,7,10,11,12,9
1,4,12,9>1,4,7,10,11,12,9
1,4,12,9>1,2,7,10,11,12,9
1,4,12,9>1,2,4,10,11,12,9
1,4,12,9>1,2,4,7,11,12,9
1,4,12,9>1,2,4,7,10,12,9
1,2,3,4,5,9>11,7,2,3,4,5,9
1,2,3,4,5,9>1,7,2,3,4,5,9
1,2,3,4,5,9>1,11,2,3,4,5,9
1,2,3,4,5,9>1,10,2,3,4,5,9
1,2,3,4,5,9>10,7,2,3,4,5,9
1,2,3,4,5,9>10,11,2,3,4,5,9
3,6,7,8,9,12>5,6,7,8,9,10,11,12
3,6,7,8,9,12>3,6,7,8,9,10,11,12
3,6,7,8,9,12>3,5,7,8,9,10,11,12
3,6,7,8,9,12>3,5,6,8,9,10,11,12
3,6,7,8,9,12>3,5,6,7,9,10,11,12
3,6,7,8,9,12>3,5,6,7,8,10,11,12
1,2,4,5,7,9,10,12>12,5,2,4,7,9,10
1,2,4,5,7,9,10,12>1,5,2,4,7,9,10
1,2,4,5,7,9,10,12>1,12,2,4,7,9,10
1,2,4,5,7,9,10,12>1,11,2,4,7,9,10
1,2,4,5,7,9,10,12>11,5,2,4,7,9,10
1,2,4,5,7,9,10,12>11,12,2,4,7,9,10
8,9,6,7>7,8,9,10,11
8,9,6,7>6,8,9,10,11
8,9,6,7>6,7,9,10,11
8,9,6,7>6,7,8,10,11
8,9,6,7>6,7,8,9,11
8,9,6,7>6,7,8,9,10
2,6,7>3,4,6,7,10
2,6,7>2,4,6,7,10
2,6,7>2,3,6,7,10
2,6,7>2,3,4,7,10
2,6,7>2,3,4,6,10
2,6,7>2,3,4,6,7
3,7,8,9,12>5,8,10,11,12,9,7
3,7,8,9,12>3,8,10,11,12,9,7
3,7,8,9,12>3,5,10,11,12,9,7
3,7,8,9,12>3,5,8,11,12,9,7
3,7,8,9,12>3,5,8,10,12,9,7
3,7,8,9,12>3,5,8,10,11,9,7
1,2,3,5,6,9,11>6,9,11,2,3,5
1,2,3,5,6,9,11>1,9,11,2,3,5
1,2,3,5,6,9,11>1,6,11,2,3,5
1,2,3,5,6,9,11>1,10,11,2,3,5
1,2,3,5,6,9,11>10,9,11,2,3,5
1,2,3,5,6,9,11>10,6,11,2,3,5
3,4,6,10,11>12,5,11,3,4,6
3,4,6,10,11>8,5,11,3,4,6
3,4,6,10,11>8,12,11,3,4,6
3,4,6,10,11>8,10,11,3,4,6
3,4,6,10,11>10,5,11,3,4,6
3,4,6,10,11>10,12,11,3,4,6
11,9,2,3>10,5,3,11
11,9,2,3>9,5,3,11
11,9,2,3>9,10,3,11
11,9,2,3>9,2,3,11
11,9,2,3>2,5,3,11
11,9,2,3>2,10,3,11
2,3,4,5,7,10>11,12,3,4,5,7,10
2,3,4,5,7,10>9,12,3,4,5,7,10
2,3,4,5,7,10>9,11,3,4,5,7,10
2,3,4,5,7,10>9,2,3,4,5,7,10
2,3,4,5,7,10>2,12,3,4,5,7,10
2,3,4,5,7,10>2,11,3,4,5,7,10
1,2,5,9,11>5,9,2,11
1,2,5,9,11>1,9,2,11
1,2,5,9,11>1,5,2,11
1,2,5,9,11>1,10,2,11
1,2,5,9,11>10,9,2,11
1,2,5,9,11>10,5,2,11
8,2,11,12>3,4,6,11,8,12
8,2,11,12>2,6,11,8,12
8,2,11,12>2,3,11,8,12
8,2,11,12>2,3,6,8,12
8,2,11,12>2,3,4,8,12
8,2,11,12>2,4,11,8,12
11,10,3>6,8,10,12,3,11
11,10,3>5,10,12,3,11
11,10,3>5,6,12,3,11
11,10,3>5,6,10,3,11
11,10,3>5,6,8,3,11
11,10,3>5,8,12,3,11
1,6,7,8,10>2,6,7,8,11,12,10
1,6,7,8,10>1,6,7,8,11,12,10
1,6,7,8,10>1,2,7,8,11,12,10
1,6,7,8,10>1,2,6,8,11,12,10
1,6,7,8,10>1,2,6,7,11,12,10
1,6,7,8,10>1,2,6,7,8,12,10
1,10,3,4>2,5,7,9,10,11,12,3,4
1,10,3,4>1,5,7,9,10,11,12,3,4
1,10,3,4>1,2,7,9,10,11,12,3,4
1,10,3,4>1,2,5,9,10,11,12,3,4
1,10,3,4>1,2,5,7,10,11,12,3,4
1,10,3,4>1,2,5,7,9,11,12,3,4
1,3,5,6,10,12>2,10,3,12,5,6
1,3,5,6,10,12>11,10,3,12,5,6
1,3,5,6,10,12>11,2,3,12,5,6
1,3,5,6,10,12>11,1,3,12,5,6
1,3,5,6,10,12>1,10,3,12,5,6
1,3,5,6,10,12>1,2,3,12,5,6
4,5,6,8,9,10>5,6,8,9,11,10
4,5,6,8,9,10>4,6,8,9,11,10
4,5,6,8,9,10>4,5,8,9,11,10
4,5,6,8,9,10>4,5,6,9,11,10
4,5,6,8,9,10>4,5,6,8,11,10
4,5,6,8,9,10>4,5,6,8,9,10
1,2,3,9,10,12>12,5,10,9,2,3
1,2,3,9,10,12>1,5,10,9,2,3
1,2,3,9,10,12>1,12,10,9,2,3
1,2,3,9,10,12>1,11,10,9,2,3
1,2,3,9,10,12>11,5,10,9,2,3
1,2,3,9,10,12>11,12,10,9,2,3
1,7,8,9,12>2,8,10,11,12,9,7
1,7,8,9,12>1,8,10,11,12,9,7
1,7,8,9,12>1,2,10,11,12,9,7
1,7,8,9,12>1,2,8,11,12,9,7
1,7,8,9,12>1,2,8,10,12,9,7
1,7,8,9,12>1,2,8,10,11,9,7
1,2,10,5>3,4,5,9,10,11,12,2
1,2,10,5>1,4,5,9,10,11,12,2
1,2,10,5>1,3,5,9,10,11,12,2
1,2,10,5>1,3,4,9,10,11,12,2
1,2,10,5>1,3,4,5,10,11,12,2
1,2,10,5>1,3,4,5,9,11,12,2
8,1,10,6>2,10,11,12,8,6
8,1,10,6>1,11,12,8,6
8,1,10,6>1,2,12,8,6
8,1,10,6>1,2,11,8,6
8,1,10,6>1,2,10,8,6
8,1,10,6>1,10,12,8,6
1,5,6,9,10,12>2,5,6,11,12,9,10
1,5,6,9,10,12>1,5,6,11,12,9,10
1,5,6,9,10,12>1,2,6,11,12,9,10
1,5,6,9,10,12>1,2,5,11,12,9,10
1,5,6,9,10,12>1,2,5,6,12,9,10
1,5,6,9,10,12>1,2,5,6,11,9,10
1,3,4,6,7,9,12>2,3,4,5,6,10,11,12,9,7
1,3,4,6,7,9,12>1,3,4,5,6,10,11,12,9,7
1,3,4,6,7,9,12>1,2,4,5,6,10,11,12,9,7
1,3,4,6,7,9,12>1,2,3,5,6,10,11,12,9,7
1,3,4,6,7,9,12>1,2,3,4,6,10,11,12,9,7
1,3,4,6,7,9,12>1,2,3,4,5,10,11,12,9,7
2,4,8,10,12>3,6,7,10,11,8,4,12
2,4,8,10,12>2,6,7,10,11,8,4,12
2,4,8,10,12>2,3,7,10,11,8,4,12
2,4,8,10,12>2,3,6,10,11,8,4,12
2,4,8,10,12>2,3,6,7,11,8,4,12
2,4,8,10,12>2,3,6,7,10,8,4,12
1,3,5,6,7,8,10>2,6,7,8,11,12,10,3,5
1,3,5,6,7,8,10>1,6,7,8,11,12,10,3,5
1,3,5,6,7,8,10>1,2,7,8,11,12,10,3,5
1,3,5,6,7,8,10>1,2,6,8,11,12,10,3,5
1,3,5,6,7,8,10>1,2,6,7,11,12,10,3,5
1,3,5,6,7,8,10>1,2,6,7,8,12,10,3,5
1,2,3,4,7,12>5,9,10,12,2,3,4,7
1,2,3,4,7,12>1,10,12,2,3,4,7
1,2,3,4,7,12>1,5,12,2,3,4,7
1,2,3,4,7,12>1,5,10,2,3,4,7
1,2,3,4,7,12>1,5,9,2,3,4,7
1,2,3,4,7,12>1,9,12,2,3,4,7
2,4,6,7>3,6,4,7
2,4,6,7>10,6,4,7
2,4,6,7>10,3,4,7
2,4,6,7>10,2,4,7
2,4,6,7>2,6,4,7
2,4,6,7>2,3,4,7
2,5,7,8,10,12>3,4,5,8,9,11,10,12,7
2,5,7,8,10,12>2,4,5,8,9,11,10,12,7
2,5,7,8,10,12>2,3,5,8,9,11,10,12,7
2,5,7,8,10,12>2,3,4,8,9,11,10,12,7
2,5,7,8,10,12>2,3,4,5,9,11,10,12,7
2,5,7,8,10,12>2,3,4,5,8,11,10,12,7
1,2,6,7,10,12>3,4,7,9,11,2,10,12,6
1,2,6,7,10,12>1,4,7,9,11,2,10,12,6
1,2,6,7,10,12>1,3,7,9,11,2,10,12,6
1,2,6,7,10,12>1,3,4,9,11,2,10,12,6
1,2,6,7,10,12>1,3,4,7,11,2,10,12,6
1,2,6,7,10,12>1,3,4,7,9,2,10,12,6
2,3,4,5,9>10,7,9,3,4,5
2,3,4,5,9>11,7,9,3,4,5
2,3,4,5,9>11,10,9,3,4,5
2,3,4,5,9>11,2,9,3,4,5
2,3,4,5,9>2,7,9,3,4,5
2,3,4,5,9>2,10,9,3,4,5
4,5,6,7,8,10,12>5,6,10,4,12,7
4,5,6,7,8,10,12>8,6,10,4,12,7
4,5,6,7,8,10,12>8,5,10,4,12,7
4,5,6,7,8,10,12>8,11,10,4,12,7
4,5,6,7,8,10,12>11,6,10,4,12,7
4,5,6,7,8,10,12>11,5,10,4,12,7
1,5,6,7,11>2,5,6,7,10,11,12
1,5,6,7,11>1,5,6,7,10,11,12
1,5,6,7,11>1,2,6,7,10,11,12
1,5,6,7,11>1,2,5,7,10,11,12
1,5,6,7,11>1,2,5,6,10,11,12
1,5,6,7,11>1,2,5,6,7,11,12
1,2,3,7,8,10,11,12>4,5,6,7,2,3,8,10,11,12
1,2,3,7,8,10,11,12>1,6,7,2,3,8,10,11,12
1,2,3,7,8,10,11,12>1,4,7,2,3,8,10,11,12
1,2,3,7,8,10,11,12>1,4,6,2,3,8,10,11,12
1,2,3,7,8,10,11,12>1,4,5,2,3,8,10,11,12
1,2,3,7,8,10,11,12>1,5,7,2,3,8,10,11,12
1,2,5,9,12>5,10,11,12,9,2
1,2,5,9,12>1,11,12,9,2
1,2,5,9,12>1,5,12,9,2
1,2,5,9,12>1,5,11,9,2
1,2,5,9,12>1,5,10,9,2
1,2,5,9,12>1,10,12,9,2
1,3,4,7,10,11>2,5,9,12,3,4,7,10,11
1,3,4,7,10,11>1,9,12,3,4,7,10,11
1,3,4,7,10,11>1,2,12,3,4,7,10,11
1,3,4,7,10,11>1,2,9,3,4,7,10,11
1,3,4,7,10,11>1,2,5,3,4,7,10,11
1,3,4,7,10,11>1,5,12,3,4,7,10,11
8,10,3,7>8,9,11,12,10,3,7
8,10,3,7>5,11,12,10,3,7
8,10,3,7>5,8,12,10,3,7
8,10,3,7>5,8,11,10,3,7
8,10,3,7>5,8,9,10,3,7
8,10,3,7>5,9,12,10,3,7
9,2,5,6>5,6,9,10,11
9,2,5,6>2,6,9,10,11
9,2,5,6>2,5,9,10,11
9,2,5,6>2,5,6,10,11
9,2,5,6>2,5,6,9,11
9,2,5,6>2,5,6,9,10
8,2,7>3,4,8,10,7
8,2,7>2,8,10,7
8,2,7>2,3,10,7
8,2,7>2,3,8,7
8,2,7>2,3,4,7
8,2,7>2,4,10,7
1,2,4,6,8,9,12>8,9,10,11,12,2,4,6
1,2,4,6,8,9,12>1,9,10,11,12,2,4,6
1,2,4,6,8,9,12>1,8,10,11,12,2,4,6
1,2,4,6,8,9,12>1,8,9,11,12,2,4,6
1,2,4,6,8,9,12>1,8,9,10,12,2,4,6
1,2,4,6,8,9,12>1,8,9,10,11,2,4,6
2,3,4,8,9,10,11>12,5,3,4,8,10,11
2,3,4,8,9,10,11>9,5,3,4,8,10,11
2,3,4,8,9,10,11>9,12,3,4,8,10,11
2,3,4,8,9,10,11>9,2,3,4,8,10,11
2,3,4,8,9,10,11>2,5,3,4,8,10,11
2,3,4,8,9,10,11>2,12,3,4,8,10,11
1,2,3,4,5,6,9>6,9,10,11,2,3,4,5
1,2,3,4,5,6,9>1,10,11,2,3,4,5
1,2,3,4,5,6,9>1,6,11,2,3,4,5
1,2,3,4,5,6,9>1,6,10,2,3,4,5
1,2,3,4,5,6,9>1,6,9,2,3,4,5
1,2,3,4,5,6,9>1,9,11,2,3,4,5
4,6,9,11,12>4,12,11,6
4,6,9,11,12>9,12,11,6
4,6,9,11,12>9,4,11,6
4,6,9,11,12>9,10,11,6
4,6,9,11,12>10,12,11,6
4,6,9,11,12>10,4,11,6
3,4,7,9,10,12>4,5,11,12,9,10,7
3,4,7,9,10,12>3,11,12,9,10,7
3,4,7,9,10,12>3,4,12,9,10,7
3,4,7,9,10,12>3,4,11,9,10,7
3,4,7,9,10,12>3,4,5,9,10,7
3,4,7,9,10,12>3,5,12,9,10,7
1,3,6,7,12>2,5,7,10,12,3,6
1,3,6,7,12>1,5,7,10,12,3,6
1,3,6,7,12>1,2,7,10,12,3,6
1,3,6,7,12>1,2,5,10,12,3,6
1,3,6,7,12>1,2,5,7,12,3,6
1,3,6,7,12>1,2,5,7,10,3,6
4,6,8,9,11,12>4,12,8,11,6
4,6,8,9,11,12>9,12,8,11,6
4,6,8,9,11,12>9,4,8,11,6
4,6,8,9,11,12>9,10,8,11,6
4,6,8,9,11,12>10,12,8,11,6
4,6,8,9,11,12>10,4,8,11,6
2,3,4,6,8,11>12,5,8,3,4,6
2,3,4,6,8,11>2,5,8,3,4,6
2,3,4,6,8,11>2,12,8,3,4,6
2,3,4,6,8,11>2,11,8,3,4,6
2,3,4,6,8,11>11,5,8,3,4,6
2,3,4,6,8,11>11,12,8,3,4,6
3,5,6,8,9>6,8,9,10,11,5
3,5,6,8,9>3,8,9,10,11,5
3,5,6,8,9>3,6,9,10,11,5
3,5,6,8,9>3,6,8,10,11,5
3,5,6,8,9>3,6,8,9,11,5
3,5,6,8,9>3,6,8,9,10,5
1,10>2,9,10,11,12
1,10>1,9,10,11,12
1,10>1,2,10,11,12
1,10>1,2,9,11,12
1,10>1,2,9,10,12
1,10>1,2,9,10,11
1,5,6,7,8,9,12>2,5,6,7,8,9,10,11,12
1,5,6,7,8,9,12>1,5,6,7,8,9,10,11,12
1,5,6,7,8,9,12>1,2,6,7,8,9,10,11,12
1,5,6,7,8,9,12>1,2,5,7,8,9,10,11,12
1,5,6,7,8,9,12>1,2,5,6,8,9,10,11,12
1,5,6,7,8,9,12>1,2,5,6,7,9,10,11,12
2,10,6,7>3,4,6,7,9,11,12,10
2,10,6,7>2,4,6,7,9,11,12,10
2,10,6,7>2,3,6,7,9,11,12,10
2,10,6,7>2,3,4,7,9,11,12,10
2,10,6,7>2,3,4,6,9,11,12,10
2,10,6,7>2,3,4,6,7,11,12,10
2,5,6,10,11>3,4,5,10,12,11,6
2,5,6,10,11>2,4,5,10,12,11,6
2,5,6,10,11>2,3,5,10,12,11,6
2,5,6,10,11>2,3,4,10,12,11,6
2,5,6,10,11>2,3,4,5,12,11,6
2,5,6,10,11>2,3,4,5,10,11,6
1,2,3,6,7,8,9,12>5,6,7,8,9,10,11,12,2,3
1,2,3,6,7,8,9,12>1,6,7,8,9,10,11,12,2,3
1,2,3,6,7,8,9,12>1,5,7,8,9,10,11,12,2,3
1,2,3,6,7,8,9,12>1,5,6,8,9,10,11,12,2,3
1,2,3,6,7,8,9,12>1,5,6,7,9,10,11,12,2,3
1,2,3,6,7,8,9,12>1,5,6,7,8,10,11,12,2,3
1,2,4,5,6,7,8,9,11,12>5,6,7,8,9,10,12,2,11,4
1,2,4,5,6,7,8,9,11,12>1,6,7,8,9,10,12,2,11,4
1,2,4,5,6,7,8,9,11,12>1,5,7,8,9,10,12,2,11,4
1,2,4,5,6,7,8,9,11,12>1,5,6,8,9,10,12,2,11,4
1,2,4,5,6,7,8,9,11,12>1,5,6,7,9,10,12,2,11,4
1,2,4,5,6,7,8,9,11,12>1,5,6,7,8,10,12,2,11,4
3,4,6,7,8,9,10,11>4,5,6,7,8,9,12,10,11
3,4,6,7,8,9,10,11>3,5,6,7,8,9,12,10,11
3,4,6,7,8,9,10,11>3,4,6,7,8,9,12,10,11
3,4,6,7,8,9,10,11>3,4,5,7,8,9,12,10,11
3,4,6,7,8,9,10,11>3,4,5,6,8,9,12,10,11
3,4,6,7,8,9,10,11>3,4,5,6,7,9,12,10,11
2,5,7,8,9>5,8,10,11,9,7
2,5,7,8,9>2,10,11,9,7
2,5,7,8,9>2,5,11,9,7
2,5,7,8,9>2,5,10,9,7
2,5,7,8,9>2,5,8,9,7
2,5,7,8,9>2,8,11,9,7
3,6,7,9,11,12>5,7,9,10,12,11,6
3,6,7,9,11,12>3,7,9,10,12,11,6
3,6,7,9,11,12>3,5,9,10,12,11,6
3,6,7,9,11,12>3,5,7,10,12,11,6
3,6,7,9,11,12>3,5,7,9,12,11,6
3,6,7,9,11,12>3,5,7,9,10,11,6
1,11,4,9>2,4,9,10,11
1,11,4,9>1,9,10,11
1,11,4,9>1,2,10,11
1,11,4,9>1,2,9,11
1,11,4,9>1,2,4,11
1,11,4,9>1,4,10,11
1,3,5,8,10,12>2,8,10,11,3,12,5
1,3,5,8,10,12>1,10,11,3,12,5
1,3,5,8,10,12>1,2,11,3,12,5
1,3,5,8,10,12>1,2,10,3,12,5
1,3,5,8,10,12>1,2,8,3,12,5
1,3,5,8,10,12>1,8,11,3,12,5
1,2,3,5,7>4,9,2,3,5,7
1,2,3,5,7>1,9,2,3,5,7
1,2,3,5,7>1,4,2,3,5,7
1,2,3,5,7>1,10,2,3,5,7
1,2,3,5,7>10,9,2,3,5,7
1,2,3,5,7>10,4,2,3,5,7
1,2,4,6,7,8,9,11,12>7,8,9,10,12,2,11,4,6
1,2,4,6,7,8,9,11,12>1,8,9,10,12,2,11,4,6
1,2,4,6,7,8,9,11,12>1,7,9,10,12,2,11,4,6
1,2,4,6,7,8,9,11,12>1,7,8,10,12,2,11,4,6
1,2,4,6,7,8,9,11,12>1,7,8,9,12,2,11,4,6
1,2,4,6,7,8,9,11,12>1,7,8,9,10,2,11,4,6
5,6,7,8,9>6,7,8,9,10,11
5,6,7,8,9>5,7,8,9,10,11
5,6,7,8,9>5,6,8,9,10,11
5,6,7,8,9>5,6,7,9,10,11
5,6,7,8,9>5,6,7,8,10,11
5,6,7,8,9>5,6,7,8,9,11
1,4,10,11,12>2,6,8,10,11,4,12
1,4,10,11,12>1,8,10,11,4,12
1,4,10,11,12>1,2,10,11,4,12
1,4,10,11,12>1,2,8,11,4,12
1,4,10,11,12>1,2,6,11,4,12
1,4,10,11,12>1,6,10,11,4,12
1,3,4,5,8,10,11>10,12,3,4,5,8,11
1,3,4,5,8,10,11>1,12,3,4,5,8,11
1,3,4,5,8,10,11>1,10,3,4,5,8,11
1,3,4,5,8,10,11>1,2,3,4,5,8,11
1,3,4,5,8,10,11>2,12,3,4,5,8,11
1,3,4,5,8,10,11>2,10,3,4,5,8,11
1,2,4,6,7,8,9,11>6,7,8,9,10,2,11,4
1,2,4,6,7,8,9,11>1,7,8,9,10,2,11,4
1,2,4,6,7,8,9,11>1,6,8,9,10,2,11,4
1,2,4,6,7,8,9,11>1,6,7,9,10,2,11,4
1,2,4,6,7,8,9,11>1,6,7,8,10,2,11,4
1,2,4,6,7,8,9,11>1,6,7,8,9,2,11,4
3,6,8,9,10,11>12,5,8,10,11,6
3,6,8,9,10,11>9,5,8,10,11,6
3,6,8,9,10,11>9,12,8,10,11,6
3,6,8,9,10,11>9,3,8,10,11,6
3,6,8,9,10,11>3,5,8,10,11,6
3,6,8,9,10,11>3,12,8,10,11,6
1,6,7,10,12>2,7,9,11,10,12,6
1,6,7,10,12>1,9,11,10,12,6
1,6,7,10,12>1,2,11,10,12,6
1,6,7,10,12>1,2,9,10,12,6
1,6,7,10,12>1,2,7,10,12,6
1,6,7,10,12>1,7,11,10,12,6
1,2,4,5,9,10,12>5,7,11,12,9,2,10,4
1,2,4,5,9,10,12>1,11,12,9,2,10,4
1,2,4,5,9,10,12>1,5,12,9,2,10,4
1,2,4,5,9,10,12>1,5,11,9,2,10,4
1,2,4,5,9,10,12>1,5,7,9,2,10,4
1,2,4,5,9,10,12>1,7,12,9,2,10,4
1,3,5,6,10>2,6,10,11,12,3,5
1,3,5,6,10>1,6,10,11,12,3,5
1,3,5,6,10>1,2,10,11,12,3,5
1,3,5,6,10>1,2,6,11,12,3,5
1,3,5,6,10>1,2,6,10,12,3,5
1,3,5,6,10>1,2,6,10,11,3,5
1,2,3,4,8,9,10,12>5,7,8,11,12,2,3,4,9,10
1,2,3,4,8,9,10,12>1,7,8,11,12,2,3,4,9,10
1,2,3,4,8,9,10,12>1,5,8,11,12,2,3,4,9,10
1,2,3,4,8,9,10,12>1,5,7,11,12,2,3,4,9,10
1,2,3,4,8,9,10,12>1,5,7,8,12,2,3,4,9,10
1,2,3,4,8,9,10,12>1,5,7,8,11,2,3,4,9,10
