TCR,NFAT,IFN-\beta,IFN-\betaR,IL-18,IL-18R,IRAK,SOCS1,IL-12,IL-12R,STAT4,T-bet,IFN-\gamma,IFN-\gammaR,JAK1,STAT1,IL-4,IL-4R,STAT6,GATA3,IL-10,IL-10R,STAT3
1,2,3,4,11,19,21>1,3,20,2,4
1,2,3,4,11,19,21>1,13,19,22,2,4
1,2,3,4,11,19,21>3,11,13,20,21,2,4
1,2,3,4,11,19,21>11,13,16,19,20,2,4
1,2,3,4,11,19,21>1,3,16,19,21,2,4
1,2,3,4,11,19,21>1,11,16,19,20,21,22,2,4
1,2,3,4,11,19,21>1,13,16,20,21,2,4
1,2,3,4,11,19,21>3,13,16,21,22,2,4
1,2,3,4,11,19,21>22,11,13,16,2,4
1,2,3,4,11,19,21>1,11,13,16,2,4
5,6,9,11,14,16,17,18,20,21,22>14,15,17,13,6,18,20,21,22
5,6,9,11,14,16,17,18,20,21,22>14,8,23,11,6,18,20,21,22
5,6,9,11,14,16,17,18,20,21,22>5,9,11,14,19,23,6,18,20,21,22
5,6,9,11,14,16,17,18,20,21,22>7,8,9,13,17,19,6,18,20,21,22
5,6,9,11,14,16,17,18,20,21,22>10,11,14,15,17,6,18,20,21,22
5,6,9,11,14,16,17,18,20,21,22>5,10,11,13,15,16,19,23,6,18,20,21,22
5,6,9,11,14,16,17,18,20,21,22>5,7,10,11,13,23,6,18,20,21,22
5,6,9,11,14,16,17,18,20,21,22>8,10,16,17,19,6,18,20,21,22
5,6,9,11,14,16,17,18,20,21,22>5,7,9,10,11,14,15,23,6,18,20,21,22
5,6,9,11,14,16,17,18,20,21,22>8,9,10,13,15,17,19,6,18,20,21,22
2,5,10,11,12,13,14,16,17,20,21,22>6,11,12,16,17,20,21,13,14,22
2,5,10,11,12,13,14,16,17,20,21,22>2,6,17,20,23,21,13,14,22
2,5,10,11,12,13,14,16,17,20,21,22>2,6,8,10,11,15,17,21,13,14,22
2,5,10,11,12,13,14,16,17,20,21,22>2,6,8,11,15,23,21,13,14,22
2,5,10,11,12,13,14,16,17,20,21,22>5,10,11,17,18,21,13,14,22
2,5,10,11,12,13,14,16,17,20,21,22>6,10,15,17,20,23,21,13,14,22
2,5,10,11,12,13,14,16,17,20,21,22>2,5,6,10,11,16,18,21,13,14,22
2,5,10,11,12,13,14,16,17,20,21,22>5,8,10,11,18,20,23,21,13,14,22
2,5,10,11,12,13,14,16,17,20,21,22>6,8,10,11,16,20,23,21,13,14,22
2,5,10,11,12,13,14,16,17,20,21,22>2,6,8,10,11,16,21,13,14,22
4,5,6,7,9,12,14,18,19,23>4,8,15,16,23,19,12,7
4,5,6,7,9,12,14,18,19,23>4,6,8,15,18,19,12,7
4,5,6,7,9,12,14,18,19,23>5,6,8,15,18,19,12,7
4,5,6,7,9,12,14,18,19,23>4,5,6,8,14,16,23,19,12,7
4,5,6,7,9,12,14,18,19,23>4,5,9,15,16,19,12,7
4,5,6,7,9,12,14,18,19,23>5,6,9,15,18,23,19,12,7
4,5,6,7,9,12,14,18,19,23>8,9,15,16,18,23,19,12,7
4,5,6,7,9,12,14,18,19,23>4,8,9,16,23,19,12,7
4,5,6,7,9,12,14,18,19,23>5,8,9,14,16,19,12,7
4,5,6,7,9,12,14,18,19,23>4,5,8,9,14,18,23,19,12,7
1,3,5,8,9,10,13,15,20,21,22,23>1,4,9,13,14,15,16,17,10,20,21,22,23
1,3,5,8,9,10,13,15,20,21,22,23>2,4,8,9,14,15,17,10,20,21,22,23
1,3,5,8,9,10,13,15,20,21,22,23>5,6,9,13,14,15,16,17,10,20,21,22,23
1,3,5,8,9,10,13,15,20,21,22,23>1,2,5,6,9,15,16,10,20,21,22,23
1,3,5,8,9,10,13,15,20,21,22,23>1,3,5,8,9,13,14,15,17,10,20,21,22,23
1,3,5,8,9,10,13,15,20,21,22,23>2,3,5,14,16,10,20,21,22,23
1,3,5,8,9,10,13,15,20,21,22,23>4,5,6,8,15,17,10,20,21,22,23
1,3,5,8,9,10,13,15,20,21,22,23>1,4,5,6,8,13,16,17,10,20,21,22,23
1,3,5,8,9,10,13,15,20,21,22,23>9,2,4,5,10,20,21,22,23
1,3,5,8,9,10,13,15,20,21,22,23>3,4,5,9,14,17,10,20,21,22,23
1,2,7,8,9,10,11,13,15,16,20,23>1,14,23,2,8,10,16,20
1,2,7,8,9,10,11,13,15,16,20,23>11,14,15,21,23,2,8,10,16,20
1,2,7,8,9,10,11,13,15,16,20,23>1,7,11,14,21,2,8,10,16,20
1,2,7,8,9,10,11,13,15,16,20,23>21,23,13,2,8,10,16,20
1,2,7,8,9,10,11,13,15,16,20,23>1,13,23,15,2,8,10,16,20
1,2,7,8,9,10,11,13,15,16,20,23>21,7,13,2,8,10,16,20
1,2,7,8,9,10,11,13,15,16,20,23>1,7,13,15,2,8,10,16,20
1,2,7,8,9,10,11,13,15,16,20,23>1,9,13,14,15,2,8,10,16,20
1,2,7,8,9,10,11,13,15,16,20,23>23,11,13,14,2,8,10,16,20
1,2,7,8,9,10,11,13,15,16,20,23>23,7,11,13,2,8,10,16,20
1,2,3,5,6,7,8,11,12,13,14,15,17,18,20,23>1,12,15,18,21,2,6,7,8,14,17
1,2,3,5,6,7,8,11,12,13,14,15,17,18,20,23>19,16,3,18,2,6,7,8,14,17
1,2,3,5,6,7,8,11,12,13,14,15,17,18,20,23>1,3,13,16,18,20,21,23,2,6,7,8,14,17
1,2,3,5,6,7,8,11,12,13,14,15,17,18,20,23>1,4,12,16,19,2,6,7,8,14,17
1,2,3,5,6,7,8,11,12,13,14,15,17,18,20,23>1,3,11,13,15,16,18,20,2,6,7,8,14,17
1,2,3,5,6,7,8,11,12,13,14,15,17,18,20,23>4,11,12,16,18,20,23,2,6,7,8,14,17
1,2,3,5,6,7,8,11,12,13,14,15,17,18,20,23>1,4,11,12,15,16,20,2,6,7,8,14,17
1,2,3,5,6,7,8,11,12,13,14,15,17,18,20,23>3,4,11,19,21,2,6,7,8,14,17
1,2,3,5,6,7,8,11,12,13,14,15,17,18,20,23>5,11,12,16,20,21,23,2,6,7,8,14,17
1,2,3,5,6,7,8,11,12,13,14,15,17,18,20,23>3,4,5,11,15,20,23,2,6,7,8,14,17
18,5,23>5,6,18
18,5,23>5,6,19
18,5,23>5,18,19
18,5,23>6,18,19
18,5,23>5,6,23
18,5,23>5,18,23
18,5,23>6,18,23
18,5,23>5,19,23
18,5,23>6,19,23
18,5,23>18,19,23
3,4,6,7,12,14,15>6,8,16,15,4,12,7
3,4,6,7,12,14,15>3,13,16,15,4,12,7
3,4,6,7,12,14,15>6,13,16,15,4,12,7
3,4,6,7,12,14,15>8,13,16,15,4,12,7
3,4,6,7,12,14,15>3,8,13,15,4,12,7
3,4,6,7,12,14,15>6,8,13,15,4,12,7
3,4,6,7,12,14,15>3,6,14,16,15,4,12,7
3,4,6,7,12,14,15>3,8,14,16,15,4,12,7
3,4,6,7,12,14,15>13,14,16,15,4,12,7
3,4,6,7,12,14,15>6,13,14,15,4,12,7
1,3,6,10,11,12,16,17,22>17,23,7,8,11,12
1,3,6,10,11,12,16,17,22>1,2,8,13,16,22,23,11,12
1,3,6,10,11,12,16,17,22>3,7,10,16,17,22,11,12
1,3,6,10,11,12,16,17,22>1,3,7,13,16,17,11,12
1,3,6,10,11,12,16,17,22>2,3,4,10,16,17,23,11,12
1,3,6,10,11,12,16,17,22>1,2,3,4,7,8,13,17,18,11,12
1,3,6,10,11,12,16,17,22>6,7,13,16,17,23,11,12
1,3,6,10,11,12,16,17,22>1,6,13,17,18,22,23,11,12
1,3,6,10,11,12,16,17,22>1,2,3,4,7,10,13,11,12
1,3,6,10,11,12,16,17,22>16,4,6,23,11,12
