TCR,NFAT,IFN-\beta,IFN-\betaR,IL-18,IL-18R,IRAK,SOCS1,IL-12,IL-12R,STAT4,T-bet,IFN-\gamma,IFN-\gammaR,JAK1,STAT1,IL-4,IL-4R,STAT6,GATA3,IL-10,IL-10R,STAT3
1,3,5,6,9,10,11,12,13,14,15,16,18,20,21,22>1,7,8,11,19,20,23,6,10,13,14,15,16,21,22
1,3,5,6,9,10,11,12,13,14,15,16,18,20,21,22>1,11,18,19,20,23,6,10,13,14,15,16,21,22
1,3,5,6,9,10,11,12,13,14,15,16,18,20,21,22>2,7,11,18,19,20,23,6,10,13,14,15,16,21,22
1,3,5,6,9,10,11,12,13,14,15,16,18,20,21,22>1,2,3,9,11,12,18,20,6,10,13,14,15,16,21,22
1,3,5,6,9,10,11,12,13,14,15,16,18,20,21,22>1,2,3,7,8,11,12,18,19,23,6,10,13,14,15,16,21,22
1,3,5,6,9,10,11,12,13,14,15,16,18,20,21,22>1,12,4,19,6,10,13,14,15,16,21,22
1,3,5,6,9,10,11,12,13,14,15,16,18,20,21,22>4,7,8,9,18,23,6,10,13,14,15,16,21,22
1,3,5,6,9,10,11,12,13,14,15,16,18,20,21,22>2,5,8,9,12,23,6,10,13,14,15,16,21,22
1,3,5,6,9,10,11,12,13,14,15,16,18,20,21,22>2,3,5,8,9,19,20,6,10,13,14,15,16,21,22
1,3,5,6,9,10,11,12,13,14,15,16,18,20,21,22>1,2,4,5,18,19,20,6,10,13,14,15,16,21,22
4,6,8,11,12,13,14,17,19,20,21>4,6,7,19,22,8,13,14,17,21
4,6,8,11,12,13,14,17,19,20,21>4,11,16,20,22,8,13,14,17,21
4,6,8,11,12,13,14,17,19,20,21>4,11,19,8,13,14,17,21
4,6,8,11,12,13,14,17,19,20,21>4,6,7,11,8,13,14,17,21
4,6,8,11,12,13,14,17,19,20,21>4,12,16,19,8,13,14,17,21
4,6,8,11,12,13,14,17,19,20,21>4,12,22,8,13,14,17,21
4,6,8,11,12,13,14,17,19,20,21>4,6,12,16,20,8,13,14,17,21
4,6,8,11,12,13,14,17,19,20,21>4,7,12,16,8,13,14,17,21
4,6,8,11,12,13,14,17,19,20,21>6,7,12,8,13,14,17,21
4,6,8,11,12,13,14,17,19,20,21>4,7,11,12,20,8,13,14,17,21
1,2,3,12,18,20,23>1,3,4,19,21,2
1,2,3,12,18,20,23>1,8,19,20,21,2
1,2,3,12,18,20,23>23,3,21,8,2
1,2,3,12,18,20,23>1,8,17,20,23,2
1,2,3,12,18,20,23>4,8,17,19,21,23,2
1,2,3,12,18,20,23>4,8,18,19,20,23,2
1,2,3,12,18,20,23>1,3,12,17,19,23,2
1,2,3,12,18,20,23>1,4,12,19,20,21,2
1,2,3,12,18,20,23>1,4,8,12,18,19,23,2
1,2,3,12,18,20,23>3,4,8,12,17,19,20,2
2,4,6,8,11,18,23>18,2,19
2,4,6,8,11,18,23>18,19,4,6
2,4,6,8,11,18,23>2,7,11,19
2,4,6,8,11,18,23>4,6,8,11,19
2,4,6,8,11,18,23>2,4,6,8,11,18,23
2,4,6,8,11,18,23>7,8,16,18,19,23
2,4,6,8,11,18,23>2,7,8,11,16,18
2,4,6,8,11,18,23>2,4,7,8,11,23
2,4,6,8,11,18,23>6,7,8,16,18
2,4,6,8,11,18,23>2,6,7,8,11,18,23
2,3,5,6,9,11,14,15,21,22>2,10,14,16,21,22,6,15
2,3,5,6,9,11,14,15,21,22>2,3,5,13,23,22,6,15
2,3,5,6,9,11,14,15,21,22>2,4,5,9,11,13,14,16,23,22,6,15
2,3,5,6,9,11,14,15,21,22>4,7,9,11,14,16,23,22,6,15
2,3,5,6,9,11,14,15,21,22>2,4,7,11,13,16,21,22,6,15
2,3,5,6,9,11,14,15,21,22>5,7,13,14,16,22,6,15
2,3,5,6,9,11,14,15,21,22>2,5,7,9,11,13,14,21,23,22,6,15
2,3,5,6,9,11,14,15,21,22>4,5,7,9,10,13,14,21,22,6,15
2,3,5,6,9,11,14,15,21,22>2,4,5,7,11,14,23,22,6,15
2,3,5,6,9,11,14,15,21,22>3,4,5,7,9,11,16,21,23,22,6,15
5,6,9,12,18,19,22>5,6,13,22,23,19,12
5,6,9,12,18,19,22>5,6,7,13,18,22,19,12
5,6,9,12,18,19,22>5,7,8,13,22,19,12
5,6,9,12,18,19,22>5,6,7,8,18,19,12
5,6,9,12,18,19,22>5,6,9,22,23,19,12
5,6,9,12,18,19,22>22,7,9,18,19,12
5,6,9,12,18,19,22>5,7,9,23,19,12
5,6,9,12,18,19,22>5,7,9,13,22,19,12
5,6,9,12,18,19,22>22,8,9,19,12
5,6,9,12,18,19,22>6,8,9,13,23,19,12
2,4,6,7,12,15,16,19>2,4,15,19,16,12,7
2,4,6,7,12,15,16,19>2,6,15,19,16,12,7
2,4,6,7,12,15,16,19>2,4,6,19,16,12,7
2,4,6,7,12,15,16,19>2,4,8,16,12,7
2,4,6,7,12,15,16,19>6,8,13,15,16,12,7
2,4,6,7,12,15,16,19>2,13,19,16,12,7
2,4,6,7,12,15,16,19>4,13,19,16,12,7
2,4,6,7,12,15,16,19>2,4,6,13,15,16,12,7
2,4,6,7,12,15,16,19>4,8,13,16,12,7
2,4,6,7,12,15,16,19>6,8,13,19,16,12,7
4,5,6,7,10,11,12,21,23>23,4,10,16,11,12,6,7
4,5,6,7,10,11,12,21,23>4,8,22,11,12,6,7
4,5,6,7,10,11,12,21,23>23,10,21,22,11,12,6,7
4,5,6,7,10,11,12,21,23>5,10,22,11,12,6,7
4,5,6,7,10,11,12,21,23>5,8,10,21,11,12,6,7
4,5,6,7,10,11,12,21,23>4,5,16,21,22,11,12,6,7
4,5,6,7,10,11,12,21,23>23,5,8,16,11,12,6,7
4,5,6,7,10,11,12,21,23>4,10,16,22,11,12,6,7
4,5,6,7,10,11,12,21,23>5,10,16,21,11,12,6,7
4,5,6,7,10,11,12,21,23>8,10,16,22,23,11,12,6,7
1,2,3,4,8,9,14,15,16,20,23>1,3,15,21,2,4,8,16,20
1,2,3,4,8,9,14,15,16,20,23>3,10,15,21,2,4,8,16,20
1,2,3,4,8,9,14,15,16,20,23>1,3,10,21,23,2,4,8,16,20
1,2,3,4,8,9,14,15,16,20,23>3,9,10,21,23,2,4,8,16,20
1,2,3,4,8,9,14,15,16,20,23>1,3,9,10,15,2,4,8,16,20
1,2,3,4,8,9,14,15,16,20,23>1,3,14,15,23,2,4,8,16,20
1,2,3,4,8,9,14,15,16,20,23>1,3,9,14,15,2,4,8,16,20
1,2,3,4,8,9,14,15,16,20,23>1,10,14,2,4,8,16,20
1,2,3,4,8,9,14,15,16,20,23>3,10,14,21,2,4,8,16,20
1,2,3,4,8,9,14,15,16,20,23>9,10,14,15,2,4,8,16,20
3,4,6,8,10,11,12,13,14,15,19,20,23>3,6,19,20,21,8,4,14
3,4,6,8,10,11,12,13,14,15,19,20,23>6,10,13,15,23,8,4,14
3,4,6,8,10,11,12,13,14,15,19,20,23>3,6,10,12,13,16,21,8,4,14
3,4,6,8,10,11,12,13,14,15,19,20,23>6,7,10,13,15,17,8,4,14
3,4,6,8,10,11,12,13,14,15,19,20,23>6,7,10,13,16,8,4,14
3,4,6,8,10,11,12,13,14,15,19,20,23>6,7,11,13,19,21,23,8,4,14
3,4,6,8,10,11,12,13,14,15,19,20,23>6,7,11,12,15,21,23,8,4,14
3,4,6,8,10,11,12,13,14,15,19,20,23>10,11,12,13,21,23,8,4,14
3,4,6,8,10,11,12,13,14,15,19,20,23>6,10,11,12,19,20,23,8,4,14
3,4,6,8,10,11,12,13,14,15,19,20,23>3,7,10,11,13,15,16,19,21,8,4,14
