TCR,NFAT,IFN-\beta,IFN-\betaR,IL-18,IL-18R,IRAK,SOCS1,IL-12,IL-12R,STAT4,T-bet,IFN-\gamma,IFN-\gammaR,JAK1,STAT1,IL-4,IL-4R,STAT6,GATA3,IL-10,IL-10R,STAT3
2,13,14,18,20,22,23>2,13,15,19,21,20,14,23
2,13,14,18,20,22,23>22,13,17,19,20,14,23
2,13,14,18,20,22,23>2,13,17,19,21,20,14,23
2,13,14,18,20,22,23>2,13,17,21,22,20,14,23
2,13,14,18,20,22,23>2,15,18,19,22,20,14,23
2,13,14,18,20,22,23>13,15,18,19,22,20,14,23
2,13,14,18,20,22,23>2,13,15,18,21,20,14,23
2,13,14,18,20,22,23>22,2,17,18,20,14,23
2,13,14,18,20,22,23>2,13,17,18,20,14,23
2,13,14,18,20,22,23>13,15,17,18,22,20,14,23
3,5,6,11,13,14,18,19,20,22>17,21,11,19,20,13,14
3,5,6,11,13,14,18,19,20,22>5,11,15,21,23,19,20,13,14
3,5,6,11,13,14,18,19,20,22>4,5,11,15,17,23,19,20,13,14
3,5,6,11,13,14,18,19,20,22>3,4,5,11,21,22,19,20,13,14
3,5,6,11,13,14,18,19,20,22>4,6,11,15,18,23,19,20,13,14
3,5,6,11,13,14,18,19,20,22>3,5,7,11,17,19,20,13,14
3,5,6,11,13,14,18,19,20,22>3,6,7,11,15,17,22,19,20,13,14
3,5,6,11,13,14,18,19,20,22>4,6,7,11,15,21,23,19,20,13,14
3,5,6,11,13,14,18,19,20,22>3,4,6,7,17,22,23,19,20,13,14
3,5,6,11,13,14,18,19,20,22>3,4,5,6,7,17,22,19,20,13,14
2,5,7,8,10,13,14,15,18,19,20>17,21,7,19,20,13,14
2,5,7,8,10,13,14,15,18,19,20>18,21,7,19,20,13,14
2,5,7,8,10,13,14,15,18,19,20>5,7,16,17,18,19,20,13,14
2,5,7,8,10,13,14,15,18,19,20>2,21,8,18,19,20,13,14
2,5,7,8,10,13,14,15,18,19,20>5,7,8,19,20,13,14
2,5,7,8,10,13,14,15,18,19,20>17,21,10,15,19,20,13,14
2,5,7,8,10,13,14,15,18,19,20>18,10,16,19,20,13,14
2,5,7,8,10,13,14,15,18,19,20>2,7,10,15,17,18,19,20,13,14
2,5,7,8,10,13,14,15,18,19,20>5,7,10,15,16,19,20,13,14
2,5,7,8,10,13,14,15,18,19,20>2,7,8,10,17,18,19,20,13,14
2,6,7,12,16,17,22>2,6,23,12,7
2,6,7,12,16,17,22>22,2,8,18,12,7
2,6,7,12,16,17,22>6,8,18,12,7
2,6,7,12,16,17,22>22,6,13,12,7
2,6,7,12,16,17,22>6,13,17,18,12,7
2,6,7,12,16,17,22>2,16,23,18,12,7
2,6,7,12,16,17,22>6,8,16,17,22,12,7
2,6,7,12,16,17,22>2,6,8,16,12,7
2,6,7,12,16,17,22>13,16,17,18,22,23,12,7
2,6,7,12,16,17,22>2,13,16,23,12,7
1,3,4,5,7,10,11,14,15,17,18,19>1,2,13,17,20,4,11,15,18,19
1,3,4,5,7,10,11,14,15,17,18,19>14,20,3,13,4,11,15,18,19
1,3,4,5,7,10,11,14,15,17,18,19>14,1,17,3,4,11,15,18,19
1,3,4,5,7,10,11,14,15,17,18,19>1,17,5,16,4,11,15,18,19
1,3,4,5,7,10,11,14,15,17,18,19>3,5,10,13,17,20,4,11,15,18,19
1,3,4,5,7,10,11,14,15,17,18,19>1,7,10,13,14,4,11,15,18,19
1,3,4,5,7,10,11,14,15,17,18,19>16,2,7,13,4,11,15,18,19
1,3,4,5,7,10,11,14,15,17,18,19>2,5,7,13,17,4,11,15,18,19
1,3,4,5,7,10,11,14,15,17,18,19>2,3,7,4,11,15,18,19
1,3,4,5,7,10,11,14,15,17,18,19>2,5,7,10,14,4,11,15,18,19
1,3,4,6,7,8,9,10,11,12,13,14,16,20,21>20,22,3,11,4,7,8,10,13,14,16,21
1,3,4,6,7,8,9,10,11,12,13,14,16,20,21>1,2,3,11,12,22,4,7,8,10,13,14,16,21
1,3,4,6,7,8,9,10,11,12,13,14,16,20,21>20,1,2,6,4,7,8,10,13,14,16,21
1,3,4,6,7,8,9,10,11,12,13,14,16,20,21>2,3,6,11,4,7,8,10,13,14,16,21
1,3,4,6,7,8,9,10,11,12,13,14,16,20,21>9,11,12,20,22,4,7,8,10,13,14,16,21
1,3,4,6,7,8,9,10,11,12,13,14,16,20,21>1,9,11,22,4,7,8,10,13,14,16,21
1,3,4,6,7,8,9,10,11,12,13,14,16,20,21>2,9,11,4,7,8,10,13,14,16,21
1,3,4,6,7,8,9,10,11,12,13,14,16,20,21>20,2,9,12,4,7,8,10,13,14,16,21
1,3,4,6,7,8,9,10,11,12,13,14,16,20,21>3,9,12,4,7,8,10,13,14,16,21
1,3,4,6,7,8,9,10,11,12,13,14,16,20,21>22,3,6,9,4,7,8,10,13,14,16,21
1,2,5,6,7,8,9,10,11,12,17,20,21,22,23>1,5,20,2,6,7,8,10,17,21,22,23
1,2,5,6,7,8,9,10,11,12,17,20,21,22,23>5,9,20,2,6,7,8,10,17,21,22,23
1,2,5,6,7,8,9,10,11,12,17,20,21,22,23>11,20,2,6,7,8,10,17,21,22,23
1,2,5,6,7,8,9,10,11,12,17,20,21,22,23>5,9,11,2,6,7,8,10,17,21,22,23
1,2,5,6,7,8,9,10,11,12,17,20,21,22,23>5,12,20,2,6,7,8,10,17,21,22,23
1,2,5,6,7,8,9,10,11,12,17,20,21,22,23>1,5,12,2,6,7,8,10,17,21,22,23
1,2,5,6,7,8,9,10,11,12,17,20,21,22,23>9,12,20,2,6,7,8,10,17,21,22,23
1,2,5,6,7,8,9,10,11,12,17,20,21,22,23>5,9,12,2,6,7,8,10,17,21,22,23
1,2,5,6,7,8,9,10,11,12,17,20,21,22,23>1,11,12,2,6,7,8,10,17,21,22,23
1,2,5,6,7,8,9,10,11,12,17,20,21,22,23>9,11,12,2,6,7,8,10,17,21,22,23
3,4,6,8,10,11,12,14,15,18,21,23>18,3,23,15,8,11,4,12
3,4,6,8,10,11,12,14,15,18,21,23>3,6,16,21,22,23,8,11,4,12
3,4,6,8,10,11,12,14,15,18,21,23>18,19,21,7,8,11,4,12
3,4,6,8,10,11,12,14,15,18,21,23>3,7,15,18,19,8,11,4,12
3,4,6,8,10,11,12,14,15,18,21,23>10,15,16,18,19,8,11,4,12
3,4,6,8,10,11,12,14,15,18,21,23>22,3,7,10,8,11,4,12
3,4,6,8,10,11,12,14,15,18,21,23>6,7,10,15,16,18,21,22,8,11,4,12
3,4,6,8,10,11,12,14,15,18,21,23>3,14,21,22,23,8,11,4,12
3,4,6,8,10,11,12,14,15,18,21,23>6,7,14,15,19,22,8,11,4,12
3,4,6,8,10,11,12,14,15,18,21,23>6,10,14,16,21,22,23,8,11,4,12
1,2,5,7,8,10,11,12,16,18,20>1,5,13,16,20,21,8,2
1,2,5,7,8,10,11,12,16,18,20>1,5,7,11,13,19,20,8,2
1,2,5,7,8,10,11,12,16,18,20>5,6,7,11,16,18,19,21,8,2
1,2,5,7,8,10,11,12,16,18,20>1,10,11,18,21,8,2
1,2,5,7,8,10,11,12,16,18,20>1,10,12,16,20,8,2
1,2,5,7,8,10,11,12,16,18,20>1,5,10,16,8,2
1,2,5,7,8,10,11,12,16,18,20>5,6,10,11,13,16,19,21,8,2
1,2,5,7,8,10,11,12,16,18,20>5,6,10,18,20,21,8,2
1,2,5,7,8,10,11,12,16,18,20>7,10,13,16,18,19,20,21,8,2
1,2,5,7,8,10,11,12,16,18,20>6,7,10,12,18,20,21,8,2
1,3,6,7,12,13,18,22>23,22,3,14,12,13,7
1,3,6,7,12,13,18,22>2,3,8,18,19,22,23,12,13,7
1,3,6,7,12,13,18,22>23,4,8,14,12,13,7
1,3,6,7,12,13,18,22>3,4,14,19,22,12,13,7
1,3,6,7,12,13,18,22>23,19,3,6,12,13,7
1,3,6,7,12,13,18,22>1,3,6,8,18,23,12,13,7
1,3,6,7,12,13,18,22>2,3,6,18,23,12,13,7
1,3,6,7,12,13,18,22>1,2,3,6,8,14,18,12,13,7
1,3,6,7,12,13,18,22>1,3,4,6,8,18,19,22,12,13,7
1,3,6,7,12,13,18,22>1,2,3,4,6,12,13,7
