TCR,NFAT,IFN-\beta,IFN-\betaR,IL-18,IL-18R,IRAK,SOCS1,IL-12,IL-12R,STAT4,T-bet,IFN-\gamma,IFN-\gammaR,JAK1,STAT1,IL-4,IL-4R,STAT6,GATA3,IL-10,IL-10R,STAT3
1,6,8,10,11,15,17,19,22,23>16,19,20,11,23
1,6,8,10,11,15,17,19,22,23>7,22,10,15,11,23
1,6,8,10,11,15,17,19,22,23>2,7,10,15,16,19,11,23
1,6,8,10,11,15,17,19,22,23>1,2,7,16,17,20,22,11,23
1,6,8,10,11,15,17,19,22,23>6,7,10,19,20,11,23
1,6,8,10,11,15,17,19,22,23>1,6,8,10,15,17,19,22,11,23
1,6,8,10,11,15,17,19,22,23>2,6,8,10,16,17,19,22,11,23
1,6,8,10,11,15,17,19,22,23>1,2,7,8,15,19,20,11,23
1,6,8,10,11,15,17,19,22,23>1,6,7,8,15,17,19,20,11,23
1,6,8,10,11,15,17,19,22,23>2,6,7,8,15,17,19,20,11,23
1,2,3,4,9,11,12,14,15,16,19,21,23>1,8,14,19,22,23,2,4,12,15,16
1,2,3,4,9,11,12,14,15,16,19,21,23>9,14,19,22,23,2,4,12,15,16
1,2,3,4,9,11,12,14,15,16,19,21,23>1,9,14,19,23,2,4,12,15,16
1,2,3,4,9,11,12,14,15,16,19,21,23>8,9,14,22,23,2,4,12,15,16
1,2,3,4,9,11,12,14,15,16,19,21,23>1,8,9,14,2,4,12,15,16
1,2,3,4,9,11,12,14,15,16,19,21,23>3,8,9,14,19,21,2,4,12,15,16
1,2,3,4,9,11,12,14,15,16,19,21,23>8,11,19,22,23,2,4,12,15,16
1,2,3,4,9,11,12,14,15,16,19,21,23>8,11,19,21,22,2,4,12,15,16
1,2,3,4,9,11,12,14,15,16,19,21,23>8,11,14,19,2,4,12,15,16
1,2,3,4,9,11,12,14,15,16,19,21,23>1,3,9,11,14,22,2,4,12,15,16
1,2,8,9,10,11,13,14,18,19,21,22>23,1,8,20,2,11,13,14,19,22
1,2,8,9,10,11,13,14,18,19,21,22>8,9,20,21,2,11,13,14,19,22
1,2,8,9,10,11,13,14,18,19,21,22>9,10,21,2,11,13,14,19,22
1,2,8,9,10,11,13,14,18,19,21,22>23,18,21,2,11,13,14,19,22
1,2,8,9,10,11,13,14,18,19,21,22>1,8,18,20,21,2,11,13,14,19,22
1,2,8,9,10,11,13,14,18,19,21,22>9,18,21,2,11,13,14,19,22
1,2,8,9,10,11,13,14,18,19,21,22>1,9,18,20,23,2,11,13,14,19,22
1,2,8,9,10,11,13,14,18,19,21,22>23,1,8,18,2,11,13,14,19,22
1,2,8,9,10,11,13,14,18,19,21,22>1,8,10,18,21,2,11,13,14,19,22
1,2,8,9,10,11,13,14,18,19,21,22>1,9,10,18,2,11,13,14,19,22
2,3,7,9,14,19,23>2,3,4,15,19
2,3,7,9,14,19,23>20,23,9,14
2,3,7,9,14,19,23>2,9,15,19,23
2,3,7,9,14,19,23>3,9,15,19,20,23
2,3,7,9,14,19,23>2,3,4,9,14,19,23
2,3,7,9,14,19,23>7,9,15,19,23
2,3,7,9,14,19,23>2,7,9,14,15,19,20
2,3,7,9,14,19,23>3,7,9,15,19,20
2,3,7,9,14,19,23>3,4,7,9,19,20,23
2,3,7,9,14,19,23>2,3,4,7,9,14,15,20
1,5,9,11,12,13,14,16,19,20,21,22,23>5,11,15,16,19,23,21,14,22
1,5,9,11,12,13,14,16,19,20,21,22,23>5,11,13,15,19,23,21,14,22
1,5,9,11,12,13,14,16,19,20,21,22,23>1,2,5,11,15,23,21,14,22
1,5,9,11,12,13,14,16,19,20,21,22,23>1,8,11,15,16,19,23,21,14,22
1,5,9,11,12,13,14,16,19,20,21,22,23>2,8,12,13,20,23,21,14,22
1,5,9,11,12,13,14,16,19,20,21,22,23>5,8,11,16,19,20,23,21,14,22
1,5,9,11,12,13,14,16,19,20,21,22,23>1,2,5,8,13,16,23,21,14,22
1,5,9,11,12,13,14,16,19,20,21,22,23>1,2,8,9,11,13,15,16,20,23,21,14,22
1,5,9,11,12,13,14,16,19,20,21,22,23>2,5,8,9,11,13,19,20,23,21,14,22
1,5,9,11,12,13,14,16,19,20,21,22,23>1,2,5,8,9,13,23,21,14,22
6,7,10,12,15,16,17,19,21,22,23>6,21,7,12,16,22,23
6,7,10,12,15,16,17,19,21,22,23>21,10,17,18,7,12,16,22,23
6,7,10,12,15,16,17,19,21,22,23>21,8,10,7,12,16,22,23
6,7,10,12,15,16,17,19,21,22,23>19,6,11,18,7,12,16,22,23
6,7,10,12,15,16,17,19,21,22,23>8,10,11,17,18,19,7,12,16,22,23
6,7,10,12,15,16,17,19,21,22,23>6,15,17,18,19,7,12,16,22,23
6,7,10,12,15,16,17,19,21,22,23>8,15,18,19,21,7,12,16,22,23
6,7,10,12,15,16,17,19,21,22,23>19,6,8,15,7,12,16,22,23
6,7,10,12,15,16,17,19,21,22,23>19,8,10,15,7,12,16,22,23
6,7,10,12,15,16,17,19,21,22,23>11,15,17,7,12,16,22,23
6,9,11,12,13,14,16,17,18,20,22,23>6,12,13,15,16,19,20,21,18,14,23
6,9,11,12,13,14,16,17,18,20,22,23>6,8,11,15,19,20,21,22,18,14,23
6,9,11,12,13,14,16,17,18,20,22,23>6,8,11,12,17,21,18,14,23
6,9,11,12,13,14,16,17,18,20,22,23>6,8,16,17,21,22,18,14,23
6,9,11,12,13,14,16,17,18,20,22,23>9,11,15,16,17,19,22,18,14,23
6,9,11,12,13,14,16,17,18,20,22,23>10,12,15,19,20,18,14,23
6,9,11,12,13,14,16,17,18,20,22,23>6,8,10,16,17,19,21,18,14,23
6,9,11,12,13,14,16,17,18,20,22,23>7,8,10,15,16,17,19,18,14,23
6,9,11,12,13,14,16,17,18,20,22,23>6,7,9,10,11,13,15,16,20,22,18,14,23
6,9,11,12,13,14,16,17,18,20,22,23>6,7,8,9,10,12,20,18,14,23
1,11,13,15,16,17,19,20,22,23>11,13,17,18,22,16,20,23
1,11,13,15,16,17,19,20,22,23>1,19,8,14,16,20,23
1,11,13,15,16,17,19,20,22,23>1,2,11,14,17,19,16,20,23
1,11,13,15,16,17,19,20,22,23>17,18,8,11,16,20,23
1,11,13,15,16,17,19,20,22,23>21,8,11,22,16,20,23
1,11,13,15,16,17,19,20,22,23>13,15,17,18,19,16,20,23
1,11,13,15,16,17,19,20,22,23>1,13,14,17,19,21,16,20,23
1,11,13,15,16,17,19,20,22,23>8,13,14,15,17,18,21,22,16,20,23
1,11,13,15,16,17,19,20,22,23>2,8,13,14,15,17,16,20,23
1,11,13,15,16,17,19,20,22,23>11,13,14,15,18,16,20,23
1,2,4,5,6,9,11,13,14,15,17,20,21,23>1,11,13,18,22,2,6,14,15,17,20,21
1,2,4,5,6,9,11,13,14,15,17,20,21,23>4,10,11,16,22,2,6,14,15,17,20,21
1,2,4,5,6,9,11,13,14,15,17,20,21,23>4,5,10,11,16,23,2,6,14,15,17,20,21
1,2,4,5,6,9,11,13,14,15,17,20,21,23>7,9,10,13,18,22,2,6,14,15,17,20,21
1,2,4,5,6,9,11,13,14,15,17,20,21,23>4,5,9,11,16,23,2,6,14,15,17,20,21
1,2,4,5,6,9,11,13,14,15,17,20,21,23>4,5,9,10,11,22,2,6,14,15,17,20,21
1,2,4,5,6,9,11,13,14,15,17,20,21,23>7,9,11,13,16,18,22,2,6,14,15,17,20,21
1,2,4,5,6,9,11,13,14,15,17,20,21,23>5,7,9,11,13,16,23,2,6,14,15,17,20,21
1,2,4,5,6,9,11,13,14,15,17,20,21,23>5,7,9,18,23,2,6,14,15,17,20,21
1,2,4,5,6,9,11,13,14,15,17,20,21,23>4,5,7,9,10,16,18,2,6,14,15,17,20,21
1,2,3,4,6,8,9,13,15,16,18,19,21,22,23>3,6,13,15,18,2,4,8,16,19,22,23
1,2,3,4,6,8,9,13,15,16,18,19,21,22,23>1,6,7,12,13,14,2,4,8,16,19,22,23
1,2,3,4,6,8,9,13,15,16,18,19,21,22,23>1,6,7,13,14,18,20,21,2,4,8,16,19,22,23
1,2,3,4,6,8,9,13,15,16,18,19,21,22,23>3,6,7,13,14,18,20,21,2,4,8,16,19,22,23
1,2,3,4,6,8,9,13,15,16,18,19,21,22,23>9,13,14,15,21,2,4,8,16,19,22,23
1,2,3,4,6,8,9,13,15,16,18,19,21,22,23>3,9,12,13,14,15,18,2,4,8,16,19,22,23
1,2,3,4,6,8,9,13,15,16,18,19,21,22,23>3,6,9,13,15,21,2,4,8,16,19,22,23
1,2,3,4,6,8,9,13,15,16,18,19,21,22,23>1,3,6,9,15,21,2,4,8,16,19,22,23
1,2,3,4,6,8,9,13,15,16,18,19,21,22,23>18,20,7,9,2,4,8,16,19,22,23
1,2,3,4,6,8,9,13,15,16,18,19,21,22,23>1,6,7,9,20,21,2,4,8,16,19,22,23
