TCR,NFAT,IFN-\beta,IFN-\betaR,IL-18,IL-18R,IRAK,SOCS1,IL-12,IL-12R,STAT4,T-bet,IFN-\gamma,IFN-\gammaR,JAK1,STAT1,IL-4,IL-4R,STAT6,GATA3,IL-10,IL-10R,STAT3
1,2,5,7,11,12,16,18,22>1,6,7,8,23,2,12
1,2,5,7,11,12,16,18,22>1,6,13,18,23,2,12
2,4,5,9,11,12,14,15,18,19,22>14,2,4,19,12,15
2,4,5,9,11,12,14,15,18,19,22>2,5,9,13,16,23,19,12,15
6,7,11,18,19,21,23>11,20,22,19,7
6,7,11,18,19,21,23>11,18,22,19,7
2,6,9,12,14,16,17,18,20,22>13,7,20,21,18
2,6,9,12,14,16,17,18,20,22>6,7,8,9,14,16,19,20,22,23,18
1,2,3,4,7,9,10,11,14,15,18,21>3,7,9,16,21,22,2,4,10,11,15
1,2,3,4,7,9,10,11,14,15,18,21>1,3,7,9,13,18,19,22,2,4,10,11,15
1,2,3,5,6,8,11,18,19,20,23>1,5,7,8,11,17,23,2,19,20
1,2,3,5,6,8,11,18,19,20,23>17,3,21,2,19,20
2,5,6,8,9,13,15,17,18,19,20,23>5,9,13,14,16,18,21,17,19,20
2,5,6,8,9,13,15,17,18,19,20,23>5,8,9,18,21,23,17,19,20
1,4,7,11,13,16,17,18,20>2,4,11,16,18,20,13
1,4,7,11,13,16,17,18,20>1,2,4,7,21,16,18,20,13
1,3,4,5,6,8,11,12,13,14,15,16,19,22,23>5,6,7,15,19,22,4,8,12,14,16,23
1,3,4,5,6,8,11,12,13,14,15,16,19,22,23>3,5,6,11,13,15,19,22,4,8,12,14,16,23
2,10,11,12,13,15,17,20>16,21,11,15,17,13
2,10,11,12,13,15,17,20>2,8,10,18,21,17,13
