TCR,NFAT,IFN-\beta,IFN-\betaR,IL-18,IL-18R,IRAK,SOCS1,IL-12,IL-12R,STAT4,T-bet,IFN-\gamma,IFN-\gammaR,JAK1,STAT1,IL-4,IL-4R,STAT6,GATA3,IL-10,IL-10R,STAT3
2,3,6,11,13,14,15,16,20>6,7,8,11,21,13,14,15,16,20
2,3,6,11,13,14,15,16,20>2,3,7,8,13,14,15,16,20
2,5,6,13,14,15,17,19,23>18,5,20,7,14,15
2,5,6,13,14,15,17,19,23>2,5,6,16,18,19,20,23,14,15
1,3,4,6,12,13,17,18,20>2,3,6,12,17,18,4,13
1,3,4,6,12,13,17,18,20>2,3,8,14,21,17,18,4,13
3,6,7,8,9,11,12,15,20,22>4,9,11,12,13,20,23,8,7
3,6,7,8,9,11,12,15,20,22>3,6,9,10,12,13,16,20,8,7
2,4,7,8,12,14,16,17,22,23>2,7,22,8,16,12,23
2,4,7,8,12,14,16,17,22,23>2,4,7,17,8,16,12,23
3,5,7,8,9,11,12,13,14,18,19,21,22>3,4,5,7,9,8,12,13,14,19,22
3,5,7,8,9,11,12,13,14,18,19,21,22>3,4,5,9,18,23,8,12,13,14,19,22
1,3,5,9,11,15,16,17,18,19,21,22,23>2,4,5,9,11,12,15,16,18,19,22,23
1,3,5,9,11,15,16,17,18,19,21,22,23>1,3,5,8,12,15,16,18,19,22,23
4,8,11,14,15,16,19,23>12,14,15,19,8,16
4,8,11,14,15,16,19,23>4,12,15,19,20,8,16
1,2,3,4,5,8,11,15,16,18>1,6,18,8,16,2,4
1,2,3,4,5,8,11,15,16,18>18,19,5,8,16,2,4
1,2,3,6,9,10,11,13,14,15,16,17,18,19,20,23>3,7,8,10,11,13,17,21,23,2,14,15,16,18,19,20
1,2,3,6,9,10,11,13,14,15,16,17,18,19,20,23>3,4,6,7,11,13,17,21,2,14,15,16,18,19,20
