TCR,NFAT,IFN-\beta,IFN-\betaR,IL-18,IL-18R,IRAK,SOCS1,IL-12,IL-12R,STAT4,T-bet,IFN-\gamma,IFN-\gammaR,JAK1,STAT1,IL-4,IL-4R,STAT6,GATA3,IL-10,IL-10R,STAT3
2,3,4,6,8,9,10,12,13,14,20,21>3,6,7,9,12,4,8,10,13,14,21
2,3,4,6,8,9,10,12,13,14,20,21>2,3,6,7,9,4,8,10,13,14,21
1,2,3,4,6,10,11,13,21>1,3,10,16,21,22,2,11,4,13
1,2,3,4,6,10,11,13,21>3,6,10,14,21,2,11,4,13
1,3,6,7,8,9,11,12,13,15,17,18,20,22,23>3,4,6,12,15,16,18,19,20,21,22,8,17,23,7
1,3,6,7,8,9,11,12,13,15,17,18,20,22,23>2,3,6,9,11,12,15,18,19,20,22,8,17,23,7
1,3,4,7,8,10,11,13,15,17,18,23>1,2,8,10,13,14,23,11,4
1,3,4,7,8,10,11,13,15,17,18,23>2,3,8,10,13,14,15,18,23,11,4
8,10,12,16,17,22,23>10,11,22,8,12,23
8,10,12,16,17,22,23>10,16,22,8,12,23
5,7,9,10,11,12,14,15,17,19,20,21,22,23>5,9,10,11,14,19,15,17,21,22,23
5,7,9,10,11,12,14,15,17,19,20,21,22,23>5,9,11,12,14,16,19,20,15,17,21,22,23
5,6,11,12,13,14,19,20,21,22,23>5,19,7,11,23,21,14,22
5,6,11,12,13,14,19,20,21,22,23>5,7,15,19,20,23,21,14,22
2,3,4,5,7,9,10,13,15,16,22>2,3,6,7,9,15,22,16,10,4,13
2,3,4,5,7,9,10,13,15,16,22>2,3,8,11,12,23,16,10,4,13
1,2,4,5,7,8,12,13,14,15,17,19,23>1,4,19,8,2,12,14
1,2,4,5,7,8,12,13,14,15,17,19,23>5,7,8,2,12,14
1,2,4,7,8,9,10,12,15,16,20,21>1,7,12,15,20,2,8,10,16,21
1,2,4,7,8,9,10,12,15,16,20,21>1,4,7,12,13,15,22,2,8,10,16,21
