TCR,NFAT,IFN-\beta,IFN-\betaR,IL-18,IL-18R,IRAK,SOCS1,IL-12,IL-12R,STAT4,T-bet,IFN-\gamma,IFN-\gammaR,JAK1,STAT1,IL-4,IL-4R,STAT6,GATA3,IL-10,IL-10R,STAT3
2,3,4,5,6,7,10,11,13,14,16,18,19,21,22>5,12,15,18,21,23,4,7,11,13,14,16,19,22
2,3,4,5,6,7,10,11,13,14,16,18,19,21,22>2,5,8,12,18,20,21,4,7,11,13,14,16,19,22
2,3,4,5,6,7,10,11,13,14,16,18,19,21,22>21,3,5,23,4,7,11,13,14,16,19,22
2,3,4,5,6,7,10,11,13,14,16,18,19,21,22>2,3,5,8,10,20,21,4,7,11,13,14,16,19,22
2,4,6,8,9,12,14,15,18,19,21,22>4,9,13,15,18,21,23,8,19,12,22
2,4,6,8,9,12,14,15,18,19,21,22>4,6,13,14,18,8,19,12,22
2,4,6,8,9,12,14,15,18,19,21,22>16,6,7,13,8,19,12,22
2,4,6,8,9,12,14,15,18,19,21,22>4,6,14,16,18,8,19,12,22
1,2,4,6,9,10,11,16,18,20,21,23>7,8,11,22,23,2,10,16,20,21
1,2,4,6,9,10,11,16,18,20,21,23>1,7,8,9,11,18,19,2,10,16,20,21
1,2,4,6,9,10,11,16,18,20,21,23>4,7,9,11,18,2,10,16,20,21
1,2,4,6,9,10,11,16,18,20,21,23>1,4,6,8,9,11,19,22,23,2,10,16,20,21
1,5,6,7,8,9,10,12,13,18,19,20,21,23>1,2,5,6,9,10,12,14,18,20,22,8,19,21,7
1,5,6,7,8,9,10,12,13,18,19,20,21,23>1,2,9,10,17,20,22,8,19,21,7
1,5,6,7,8,9,10,12,13,18,19,20,21,23>1,2,6,9,13,14,17,18,8,19,21,7
1,5,6,7,8,9,10,12,13,18,19,20,21,23>1,2,5,6,9,13,14,18,20,23,8,19,21,7
1,2,3,4,5,13,14,15,16,17,18,20,21,22,23>1,5,6,8,13,2,4,14,15,16,18,20,21,22,23
1,2,3,4,5,13,14,15,16,17,18,20,21,22,23>1,3,13,17,19,2,4,14,15,16,18,20,21,22,23
1,2,3,4,5,13,14,15,16,17,18,20,21,22,23>1,5,17,2,4,14,15,16,18,20,21,22,23
1,2,3,4,5,13,14,15,16,17,18,20,21,22,23>1,3,5,6,8,2,4,14,15,16,18,20,21,22,23
1,3,7,11,14,17,20,23>15,21,14,17,20
1,3,7,11,14,17,20,23>1,2,11,14,21,17,20
1,3,7,11,14,17,20,23>1,2,7,11,23,17,20
1,3,7,11,14,17,20,23>3,7,11,14,15,18,17,20
3,4,5,6,7,8,12,13,15,18,19,21,22>15,16,18,4,7,8,12,13,19,22
3,4,5,6,7,8,12,13,15,18,19,21,22>3,5,15,18,4,7,8,12,13,19,22
3,4,5,6,7,8,12,13,15,18,19,21,22>3,5,14,18,4,7,8,12,13,19,22
3,4,5,6,7,8,12,13,15,18,19,21,22>3,6,14,16,21,23,4,7,8,12,13,19,22
2,4,8,10,11,13,14,15,16,17,18,19,20,23>18,2,23,13,8,14,16,19,20
2,4,8,10,11,13,14,15,16,17,18,19,20,23>4,11,13,15,17,23,8,14,16,19,20
2,4,8,10,11,13,14,15,16,17,18,19,20,23>18,10,11,13,8,14,16,19,20
2,4,8,10,11,13,14,15,16,17,18,19,20,23>4,10,13,17,21,8,14,16,19,20
2,3,5,7,10,12,13,15,16,17,19,21,22>8,10,14,15,18,16,12,13,22
2,3,5,7,10,12,13,15,16,17,19,21,22>2,10,14,17,19,21,23,16,12,13,22
2,3,5,7,10,12,13,15,16,17,19,21,22>2,3,7,8,11,17,18,19,23,16,12,13,22
2,3,5,7,10,12,13,15,16,17,19,21,22>2,8,15,17,18,21,16,12,13,22
1,4,7,9,11,13,20,21,22,23>1,4,7,9,20,21,22,23
1,4,7,9,11,13,20,21,22,23>1,2,7,10,11,14,16,17,20,21,22,23
1,4,7,9,11,13,20,21,22,23>17,14,16,4,20,21,22,23
1,4,7,9,11,13,20,21,22,23>1,2,7,10,13,14,20,21,22,23
