TCR,NFAT,IFN-\beta,IFN-\betaR,IL-18,IL-18R,IRAK,SOCS1,IL-12,IL-12R,STAT4,T-bet,IFN-\gamma,IFN-\gammaR,JAK1,STAT1,IL-4,IL-4R,STAT6,GATA3,IL-10,IL-10R,STAT3
2,3,4,6,8,9,11,13,15,16,17,19,20,21,22>2,7,11,17,4,8,13,16,20,21,22
2,3,4,6,8,9,11,13,15,16,17,19,20,21,22>6,7,14,17,23,4,8,13,16,20,21,22
2,3,4,6,8,9,11,13,15,16,17,19,20,21,22>2,6,7,11,14,15,19,23,4,8,13,16,20,21,22
2,3,4,6,8,9,11,13,15,16,17,19,20,21,22>2,23,11,17,4,8,13,16,20,21,22
1,6,7,12,14,15,19,23>23,12,15,7
1,6,7,12,14,15,19,23>1,8,14,16,12,15,7
1,6,7,12,14,15,19,23>1,2,16,19,12,15,7
1,6,7,12,14,15,19,23>1,6,16,12,15,7
1,2,3,4,7,8,13,15,16,17,18,19,20,23>7,13,14,15,17,23,2,4,8,16,19,20
1,2,3,4,7,8,13,15,16,17,18,19,20,23>3,7,14,18,23,2,4,8,16,19,20
1,2,3,4,7,8,13,15,16,17,18,19,20,23>18,21,23,7,2,4,8,16,19,20
1,2,3,4,7,8,13,15,16,17,18,19,20,23>3,7,14,21,23,2,4,8,16,19,20
2,6,7,10,12,13,15,17,19,20>6,8,10,15,16,19,20,21,17,13,7
2,6,7,10,12,13,15,17,19,20>2,8,10,12,16,18,21,17,13,7
2,6,7,10,12,13,15,17,19,20>6,8,12,14,16,18,21,17,13,7
2,6,7,10,12,13,15,17,19,20>2,6,8,14,20,21,17,13,7
1,2,3,5,6,8,11,12,17,18,19,20,22,23>3,6,7,11,12,18,20,21,22,2,8,17,19,23
1,2,3,5,6,8,11,12,17,18,19,20,22,23>3,4,5,7,12,18,20,2,8,17,19,23
1,2,3,5,6,8,11,12,17,18,19,20,22,23>3,5,11,18,20,2,8,17,19,23
1,2,3,5,6,8,11,12,17,18,19,20,22,23>3,4,5,21,22,2,8,17,19,23
1,4,5,7,8,9,10,12,13,14,15,16,21,23>5,7,9,13,15,21,8,10,12,14,16
1,4,5,7,8,9,10,12,13,14,15,16,21,23>11,1,22,9,8,10,12,14,16
1,4,5,7,8,9,10,12,13,14,15,16,21,23>1,2,7,11,22,23,8,10,12,14,16
1,4,5,7,8,9,10,12,13,14,15,16,21,23>1,4,6,9,11,13,15,21,8,10,12,14,16
1,4,7,8,9,12,18,22,23>22,7,8,12,23
1,4,7,8,9,12,18,22,23>1,7,9,10,16,18,8,12,23
1,4,7,8,9,12,18,22,23>1,2,10,18,22,8,12,23
1,4,7,8,9,12,18,22,23>2,4,9,16,18,19,22,8,12,23
1,3,4,6,8,10,11,15,16,20>13,15,10,11,8,16,4,20
1,3,4,6,8,10,11,15,16,20>1,21,6,7,8,16,4,20
1,3,4,6,8,10,11,15,16,20>1,3,6,10,11,13,8,16,4,20
1,3,4,6,8,10,11,15,16,20>2,3,6,7,11,13,15,8,16,4,20
1,2,7,9,11,12,13,14,15,16,17,18,19,20,21,22>1,11,17,20,23,2,13,14,15,16,18,19,21,22
1,2,7,9,11,12,13,14,15,16,17,18,19,20,21,22>23,8,11,12,2,13,14,15,16,18,19,21,22
1,2,7,9,11,12,13,14,15,16,17,18,19,20,21,22>7,8,12,17,23,2,13,14,15,16,18,19,21,22
1,2,7,9,11,12,13,14,15,16,17,18,19,20,21,22>7,8,11,2,13,14,15,16,18,19,21,22
2,3,4,6,9,10,11,13,15,16,18,19,21>7,9,18,20,21,4,11,13,16,19
2,3,4,6,9,10,11,13,15,16,18,19,21>2,3,8,10,12,14,18,20,4,11,13,16,19
2,3,4,6,9,10,11,13,15,16,18,19,21>12,15,6,7,4,11,13,16,19
2,3,4,6,9,10,11,13,15,16,18,19,21>2,3,6,10,14,15,18,20,22,4,11,13,16,19
