TCR,NFAT,IFN-\beta,IFN-\betaR,IL-18,IL-18R,IRAK,SOCS1,IL-12,IL-12R,STAT4,T-bet,IFN-\gamma,IFN-\gammaR,JAK1,STAT1,IL-4,IL-4R,STAT6,GATA3,IL-10,IL-10R,STAT3
3,6,10,11,12,15,19,23>6,7,8,19,23,11,12
3,6,10,11,12,15,19,23>3,6,7,15,16,19,23,11,12
3,6,10,11,12,15,19,23>4,6,7,8,10,15,16,19,11,12
3,6,10,11,12,15,19,23>3,4,6,15,16,19,11,12
3,4,5,7,8,10,11,14,16,18,21>3,6,7,13,18,19,21,8,16,11,4
3,4,5,7,8,10,11,14,16,18,21>3,6,12,13,14,18,21,8,16,11,4
3,4,5,7,8,10,11,14,16,18,21>5,6,7,10,12,14,22,8,16,11,4
3,4,5,7,8,10,11,14,16,18,21>3,5,6,10,12,14,8,16,11,4
3,6,8,9,10,12,14,16,17,19,20>3,4,9,12,13,14,19,20,8
3,6,8,9,10,12,14,16,17,19,20>17,14,6,12,8
3,6,8,9,10,12,14,16,17,19,20>3,6,9,10,12,14,16,19,21,8
3,6,8,9,10,12,14,16,17,19,20>3,4,7,9,10,12,13,14,19,21,8
3,4,8,10,12,14,17,19,20,23>3,14,16,23,8,17,4
3,4,8,10,12,14,17,19,20,23>10,16,19,20,8,17,4
3,4,8,10,12,14,17,19,20,23>21,12,16,20,8,17,4
3,4,8,10,12,14,17,19,20,23>3,10,12,16,19,21,23,8,17,4
1,2,3,5,6,9,13,15,16,17,18,19,21,22,23>6,8,12,13,14,17,20,2,16,18,19,22,23
1,2,3,5,6,9,13,15,16,17,18,19,21,22,23>3,9,13,15,17,21,2,16,18,19,22,23
1,2,3,5,6,9,13,15,16,17,18,19,21,22,23>4,6,9,12,13,14,15,17,21,2,16,18,19,22,23
1,2,3,5,6,9,13,15,16,17,18,19,21,22,23>5,8,9,12,13,14,15,17,20,21,2,16,18,19,22,23
1,3,5,6,8,10,11,13,14,16,23>1,4,5,12,16,23,8,11,6,14
1,3,5,6,8,10,11,13,14,16,23>1,2,3,4,7,10,13,16,8,11,6,14
1,3,5,6,8,10,11,13,14,16,23>1,2,3,7,13,16,23,8,11,6,14
1,3,5,6,8,10,11,13,14,16,23>1,2,3,4,5,7,13,16,8,11,6,14
8,10,14,15,19,20,21,23>8,10,15,17,22,20,21
8,10,14,15,19,20,21,23>8,14,17,20,21
8,10,14,15,19,20,21,23>10,14,15,16,17,19,22,20,21
8,10,14,15,19,20,21,23>8,10,14,16,20,21
2,3,4,7,9,10,12,13,14,15,18>2,3,9,11,4,10,12,13,14,15
2,3,4,7,9,10,12,13,14,15,18>2,3,8,11,16,18,4,10,12,13,14,15
2,3,4,7,9,10,12,13,14,15,18>2,7,9,4,10,12,13,14,15
2,3,4,7,9,10,12,13,14,15,18>18,2,7,8,4,10,12,13,14,15
2,4,5,9,11,13,14,15,17,20,21,22>16,2,23,10,13,14,15,17,20,21,22
2,4,5,9,11,13,14,15,17,20,21,22>4,6,10,16,23,13,14,15,17,20,21,22
2,4,5,9,11,13,14,15,17,20,21,22>18,5,6,9,13,14,15,17,20,21,22
2,4,5,9,11,13,14,15,17,20,21,22>2,4,5,9,23,13,14,15,17,20,21,22
4,5,6,7,9,14,15,16,18,19,21,22>4,5,12,13,20,21,7,15,16,19,22
4,5,6,7,9,14,15,16,18,19,21,22>6,8,9,13,7,15,16,19,22
4,5,6,7,9,14,15,16,18,19,21,22>5,6,8,9,14,21,7,15,16,19,22
4,5,6,7,9,14,15,16,18,19,21,22>4,5,8,12,13,14,21,23,7,15,16,19,22
