TCR,NFAT,IFN-\beta,IFN-\betaR,IL-18,IL-18R,IRAK,SOCS1,IL-12,IL-12R,STAT4,T-bet,IFN-\gamma,IFN-\gammaR,JAK1,STAT1,IL-4,IL-4R,STAT6,GATA3,IL-10,IL-10R,STAT3
1,2,3,7,10,12,13,14,15,17,19,23>8,11,13,17,18,2,12,14,15
1,2,3,7,10,12,13,14,15,17,19,23>3,7,11,13,16,17,18,2,12,14,15
1,2,3,7,10,12,13,14,15,17,19,23>1,3,7,10,16,19,2,12,14,15
1,2,3,7,10,12,13,14,15,17,19,23>1,3,4,7,8,13,18,19,2,12,14,15
2,3,5,7,8,9,11,13,15,16,17,18,22,23>2,6,9,11,12,13,14,15,17,18,19,22,8,16,23
2,3,5,7,8,9,11,13,15,16,17,18,22,23>4,6,7,10,13,14,15,18,19,8,16,23
2,3,5,7,8,9,11,13,15,16,17,18,22,23>2,3,5,7,9,10,12,13,17,18,19,8,16,23
2,3,5,7,8,9,11,13,15,16,17,18,22,23>4,5,6,9,12,13,14,17,18,8,16,23
1,2,3,9,10,12,13,14,16,19,20,21,23>3,8,13,19,20,2,21,14
1,2,3,9,10,12,13,14,16,19,20,21,23>1,4,8,9,10,19,22,2,21,14
1,2,3,9,10,12,13,14,16,19,20,21,23>3,4,9,12,16,2,21,14
1,2,3,9,10,12,13,14,16,19,20,21,23>1,3,4,8,10,12,15,19,20,23,2,21,14
3,6,12,15,16,17,18,19,23>3,8,15,17,23,16,18,19,12
3,6,12,15,16,17,18,19,23>4,6,15,17,16,18,19,12
3,6,12,15,16,17,18,19,23>4,6,7,17,23,16,18,19,12
3,6,12,15,16,17,18,19,23>3,7,15,17,16,18,19,12
2,3,4,5,7,8,9,10,11,13,14,15,16,18,21>2,3,5,6,7,12,22,4,8,10,11,13,14,16
2,3,4,5,7,8,9,10,11,13,14,15,16,18,21>2,5,6,9,15,18,21,22,4,8,10,11,13,14,16
2,3,4,5,7,8,9,10,11,13,14,15,16,18,21>3,5,6,9,12,21,22,4,8,10,11,13,14,16
2,3,4,5,7,8,9,10,11,13,14,15,16,18,21>2,3,5,6,7,15,21,4,8,10,11,13,14,16
1,4,5,7,10,11,15,16,17,18,19,20,22,23>2,5,8,10,11,15,17,21,22,16,18,19,20,23
1,4,5,7,10,11,15,16,17,18,19,20,22,23>4,5,7,10,11,15,21,22,16,18,19,20,23
1,4,5,7,10,11,15,16,17,18,19,20,22,23>2,4,7,11,15,17,21,16,18,19,20,23
1,4,5,7,10,11,15,16,17,18,19,20,22,23>1,2,4,5,8,11,15,16,18,19,20,23
1,3,4,5,8,9,12,13,15,16,18,21>1,5,6,14,15,18,19,21,4,8,12,13,16
1,3,4,5,8,9,12,13,15,16,18,21>1,2,5,6,9,19,21,22,4,8,12,13,16
1,3,4,5,8,9,12,13,15,16,18,21>2,3,5,6,10,19,22,4,8,12,13,16
1,3,4,5,8,9,12,13,15,16,18,21>1,2,3,5,9,14,18,19,22,4,8,12,13,16
1,2,3,4,5,9,13,17,20,21,22,23>1,9,10,13,16,2,4,17,20,21,22,23
1,2,3,4,5,9,13,17,20,21,22,23>3,9,13,2,4,17,20,21,22,23
1,2,3,4,5,9,13,17,20,21,22,23>1,5,6,10,18,2,4,17,20,21,22,23
1,2,3,4,5,9,13,17,20,21,22,23>1,18,6,9,2,4,17,20,21,22,23
1,2,3,6,9,10,12,13,18,22,23>1,22,8,9,2,10,12,23
1,2,3,6,9,10,12,13,18,22,23>1,3,7,8,11,2,10,12,23
1,2,3,6,9,10,12,13,18,22,23>1,9,11,13,22,2,10,12,23
1,2,3,6,9,10,12,13,18,22,23>1,3,6,11,13,14,18,19,22,2,10,12,23
1,2,3,4,5,6,8,9,10,12,18,19,21,22,23>16,6,7,2,4,8,12,19,22,23
1,2,3,4,5,6,8,9,10,12,18,19,21,22,23>7,9,10,11,18,21,2,4,8,12,19,22,23
1,2,3,4,5,6,8,9,10,12,18,19,21,22,23>1,3,7,10,11,16,18,2,4,8,12,19,22,23
1,2,3,4,5,6,8,9,10,12,18,19,21,22,23>11,5,7,10,2,4,8,12,19,22,23
