TCR,NFAT,IFN-\beta,IFN-\betaR,IL-18,IL-18R,IRAK,SOCS1,IL-12,IL-12R,STAT4,T-bet,IFN-\gamma,IFN-\gammaR,JAK1,STAT1,IL-4,IL-4R,STAT6,GATA3,IL-10,IL-10R,STAT3
1,3,8,9,10,11,13,15,19,21,22,23>1,8,10,20,21,11,22,23
1,3,8,9,10,11,13,15,19,21,22,23>14,2,15,19,11,22,23
1,3,8,9,10,11,13,15,19,21,22,23>1,2,4,10,13,15,21,11,22,23
1,3,8,9,10,11,13,15,19,21,22,23>1,3,9,13,15,16,19,11,22,23
2,5,7,8,12,13,15,17,18,20,21>2,5,12,16,18,8,17,21,13
2,5,7,8,12,13,15,17,18,20,21>6,7,12,14,15,22,8,17,21,13
2,5,7,8,12,13,15,17,18,20,21>2,6,7,12,15,16,18,8,17,21,13
2,5,7,8,12,13,15,17,18,20,21>5,6,7,14,18,19,22,8,17,21,13
2,3,6,9,13,15,17,18>6,7,10,14,15,16,19,18,13
2,3,6,9,13,15,17,18>2,3,4,7,15,17,18,13
2,3,6,9,13,15,17,18>2,4,6,7,9,17,18,13
2,3,6,9,13,15,17,18>2,3,4,6,15,16,17,18,13
4,5,6,8,10,12,14,16,17,21,23>4,11,14,8,16,12,6
4,5,6,8,10,12,14,16,17,21,23>22,23,7,11,8,16,12,6
4,5,6,8,10,12,14,16,17,21,23>4,5,7,14,21,22,8,16,12,6
4,5,6,8,10,12,14,16,17,21,23>22,23,7,17,8,16,12,6
1,2,3,5,9,11,12,13,16,18,19,20,22,23>1,8,9,11,12,20,2,19,23
1,2,3,5,9,11,12,13,16,18,19,20,22,23>4,8,16,20,21,2,19,23
1,2,3,5,9,11,12,13,16,18,19,20,22,23>4,8,13,20,21,2,19,23
1,2,3,5,9,11,12,13,16,18,19,20,22,23>4,5,12,14,16,22,2,19,23
1,4,8,10,11,15,17,21,23>8,10,17,22,23,11
1,4,8,10,11,15,17,21,23>1,4,8,15,16,17,23,11
1,4,8,10,11,15,17,21,23>2,10,15,16,17,21,23,11
1,4,8,10,11,15,17,21,23>23,1,4,10,11
3,5,8,9,13,14,16,18,19,20,22>3,5,9,16,18,22,23,8,19,20,14
3,5,8,9,13,14,16,18,19,20,22>4,5,9,21,23,8,19,20,14
3,5,8,9,13,14,16,18,19,20,22>21,3,5,18,8,19,20,14
3,5,8,9,13,14,16,18,19,20,22>4,5,13,16,18,22,8,19,20,14
1,2,6,7,9,10,15,17,20,23>23,18,21,2,7,10,17,20
1,2,6,7,9,10,15,17,20,23>6,9,16,21,23,2,7,10,17,20
1,2,6,7,9,10,15,17,20,23>6,9,15,18,21,2,7,10,17,20
1,2,6,7,9,10,15,17,20,23>1,6,9,15,16,2,7,10,17,20
1,3,8,10,12,14,15,18,19,20>4,15,16,17,20,21,8,19
1,3,8,10,12,14,15,18,19,20>1,10,12,15,16,17,21,8,19
1,3,8,10,12,14,15,18,19,20>3,4,14,18,20,21,8,19
1,3,8,10,12,14,15,18,19,20>1,3,13,14,15,16,17,18,20,8,19
1,2,4,5,6,10,11,12,14,17,18,21,23>1,8,14,15,16,17,19,21,23,2,6,11,12,18
1,2,4,5,6,10,11,12,14,17,18,21,23>1,4,7,14,16,21,2,6,11,12,18
1,2,4,5,6,10,11,12,14,17,18,21,23>1,4,8,15,16,17,19,22,23,2,6,11,12,18
1,2,4,5,6,10,11,12,14,17,18,21,23>5,8,10,16,21,2,6,11,12,18
