TCR,NFAT,IFN-\beta,IFN-\betaR,IL-18,IL-18R,IRAK,SOCS1,IL-12,IL-12R,STAT4,T-bet,IFN-\gamma,IFN-\gammaR,JAK1,STAT1,IL-4,IL-4R,STAT6,GATA3,IL-10,IL-10R,STAT3
2,4,7,9,10,11,13,15,16,17,18,19,20,23>2,4,11,14,15,21,16,18,19,20
2,4,7,9,10,11,13,15,16,17,18,19,20,23>4,8,10,13,14,17,21,16,18,19,20
2,4,7,9,10,11,13,15,16,17,18,19,20,23>7,8,11,14,21,23,16,18,19,20
2,4,7,9,10,11,13,15,16,17,18,19,20,23>4,8,9,11,17,21,16,18,19,20
2,4,7,9,10,11,13,15,16,17,18,19,20,23>7,8,9,10,11,15,17,21,16,18,19,20
2,4,7,9,10,11,13,15,16,17,18,19,20,23>2,7,8,9,13,15,21,23,16,18,19,20
1,4,5,7,8,11,14,23>11,14,7
1,4,5,7,8,11,14,23>1,2,8,16,23
1,4,5,7,8,11,14,23>23,5,8
1,4,5,7,8,11,14,23>4,5,7,8,11
1,4,5,7,8,11,14,23>2,4,6,11,16
1,4,5,7,8,11,14,23>1,5,6,14,16,23
2,3,4,5,6,8,11,13,14,15,16,17,19,20,21,22,23>19,5,11,4,8,14,16,20,21,22,23
2,3,4,5,6,8,11,13,14,15,16,17,19,20,21,22,23>2,3,5,17,4,8,14,16,20,21,22,23
2,3,4,5,6,8,11,13,14,15,16,17,19,20,21,22,23>2,6,11,15,19,4,8,14,16,20,21,22,23
2,3,4,5,6,8,11,13,14,15,16,17,19,20,21,22,23>2,6,11,17,19,4,8,14,16,20,21,22,23
2,3,4,5,6,8,11,13,14,15,16,17,19,20,21,22,23>2,7,13,4,8,14,16,20,21,22,23
2,3,4,5,6,8,11,13,14,15,16,17,19,20,21,22,23>17,5,7,11,4,8,14,16,20,21,22,23
1,3,4,8,9,11,12,13,14,15,16,17,23>1,2,11,13,15,17,4,8,12,14,16
1,3,4,8,9,11,12,13,14,15,16,17,23>1,3,11,13,15,23,4,8,12,14,16
1,3,4,8,9,11,12,13,14,15,16,17,23>15,1,9,17,4,8,12,14,16
1,3,4,8,9,11,12,13,14,15,16,17,23>15,23,10,11,4,8,12,14,16
1,3,4,8,9,11,12,13,14,15,16,17,23>10,13,15,17,23,4,8,12,14,16
1,3,4,8,9,11,12,13,14,15,16,17,23>1,3,9,10,11,13,15,4,8,12,14,16
4,6,8,11,12,14,15,17,18,19,20,21,22>6,12,13,14,15,16,8,17,19,21,22
4,6,8,11,12,14,15,17,18,19,20,21,22>6,23,12,13,8,17,19,21,22
4,6,8,11,12,14,15,17,18,19,20,21,22>11,12,15,16,18,20,23,8,17,19,21,22
4,6,8,11,12,14,15,17,18,19,20,21,22>4,11,12,13,14,16,20,8,17,19,21,22
4,6,8,11,12,14,15,17,18,19,20,21,22>6,11,12,13,14,15,18,8,17,19,21,22
4,6,8,11,12,14,15,17,18,19,20,21,22>6,7,11,12,13,18,20,8,17,19,21,22
5,6,7,8,9,10,14,15,20,21,23>5,9,16,17,22,23,6,7,10,20,21
5,6,7,8,9,10,14,15,20,21,23>5,14,16,17,23,6,7,10,20,21
5,6,7,8,9,10,14,15,20,21,23>22,5,14,17,6,7,10,20,21
5,6,7,8,9,10,14,15,20,21,23>5,8,14,15,22,6,7,10,20,21
5,6,7,8,9,10,14,15,20,21,23>5,8,9,15,16,23,6,7,10,20,21
5,6,7,8,9,10,14,15,20,21,23>5,8,14,15,17,23,6,7,10,20,21
2,3,5,9,10,11,12,15,17,18,19,20,21,22,23>2,3,9,10,12,15,16,20,17,18,19,21,22,23
2,3,5,9,10,11,12,15,17,18,19,20,21,22,23>4,5,10,11,12,15,16,20,17,18,19,21,22,23
2,3,5,9,10,11,12,15,17,18,19,20,21,22,23>2,3,4,5,11,20,17,18,19,21,22,23
2,3,5,9,10,11,12,15,17,18,19,20,21,22,23>3,4,8,10,15,20,17,18,19,21,22,23
2,3,5,9,10,11,12,15,17,18,19,20,21,22,23>2,3,4,8,10,15,16,17,18,19,21,22,23
2,3,5,9,10,11,12,15,17,18,19,20,21,22,23>2,4,5,8,16,20,17,18,19,21,22,23
2,5,6,7,8,11,12,13,14,16,17,19,20,21,22,23>2,13,16,17,20,7,8,14,21,22,23
2,5,6,7,8,11,12,13,14,16,17,19,20,21,22,23>2,6,13,16,19,20,7,8,14,21,22,23
2,5,6,7,8,11,12,13,14,16,17,19,20,21,22,23>2,20,12,19,7,8,14,21,22,23
2,5,6,7,8,11,12,13,14,16,17,19,20,21,22,23>2,5,20,12,7,8,14,21,22,23
2,5,6,7,8,11,12,13,14,16,17,19,20,21,22,23>2,6,12,16,17,20,7,8,14,21,22,23
2,5,6,7,8,11,12,13,14,16,17,19,20,21,22,23>2,5,6,12,13,16,7,8,14,21,22,23
1,3,4,5,6,7,14,15,17,19,21,22,23>17,18,2,21,4,7,15,22,23
1,3,4,5,6,7,14,15,17,19,21,22,23>1,5,14,16,17,18,4,7,15,22,23
1,3,4,5,6,7,14,15,17,19,21,22,23>3,5,14,16,18,19,20,21,4,7,15,22,23
1,3,4,5,6,7,14,15,17,19,21,22,23>1,2,3,5,16,18,20,4,7,15,22,23
1,3,4,5,6,7,14,15,17,19,21,22,23>2,5,6,14,16,17,19,4,7,15,22,23
1,3,4,5,6,7,14,15,17,19,21,22,23>18,3,5,6,4,7,15,22,23
1,6,9,10,11,13,14,16,17,19,22,23>6,10,12,13,15,16,19,11,14,23
1,6,9,10,11,13,14,16,17,19,22,23>6,9,13,15,17,19,11,14,23
1,6,9,10,11,13,14,16,17,19,22,23>1,6,8,9,10,16,17,19,20,11,14,23
1,6,9,10,11,13,14,16,17,19,22,23>1,7,8,9,10,12,15,16,17,19,22,11,14,23
1,6,9,10,11,13,14,16,17,19,22,23>1,6,7,8,9,10,12,15,18,11,14,23
1,6,9,10,11,13,14,16,17,19,22,23>1,2,6,7,8,9,12,13,15,18,11,14,23
