TCR,NFAT,IFN-\beta,IFN-\betaR,IL-18,IL-18R,IRAK,SOCS1,IL-12,IL-12R,STAT4,T-bet,IFN-\gamma,IFN-\gammaR,JAK1,STAT1,IL-4,IL-4R,STAT6,GATA3,IL-10,IL-10R,STAT3
2,3,4,6,8,9,11,15,16,19,20,22,23>2,22,6,15,4,8,16,20,23
2,3,4,6,8,9,11,15,16,19,20,22,23>22,2,3,6,4,8,16,20,23
2,3,4,6,8,9,11,15,16,19,20,22,23>3,7,11,21,22,4,8,16,20,23
2,3,4,6,8,9,11,15,16,19,20,22,23>2,22,9,21,4,8,16,20,23
2,3,4,6,8,9,11,15,16,19,20,22,23>3,9,11,15,19,22,4,8,16,20,23
2,3,4,6,8,9,11,15,16,19,20,22,23>21,6,9,15,4,8,16,20,23
1,2,4,5,6,7,8,9,11,13,16,18,19,20,21,22>18,1,4,23,2,7,8,13,16,19,20,21,22
1,2,4,5,6,7,8,9,11,13,16,18,19,20,21,22>18,9,11,14,2,7,8,13,16,19,20,21,22
1,2,4,5,6,7,8,9,11,13,16,18,19,20,21,22>4,9,11,18,23,2,7,8,13,16,19,20,21,22
1,2,4,5,6,7,8,9,11,13,16,18,19,20,21,22>1,6,9,11,23,2,7,8,13,16,19,20,21,22
1,2,4,5,6,7,8,9,11,13,16,18,19,20,21,22>4,6,9,14,2,7,8,13,16,19,20,21,22
1,2,4,5,6,7,8,9,11,13,16,18,19,20,21,22>1,4,6,9,2,7,8,13,16,19,20,21,22
4,5,8,9,10,11,13,15,16,17,19,20,22,23>13,14,15,17,21,8,16,20,23
4,5,8,9,10,11,13,15,16,17,19,20,22,23>5,13,14,15,19,8,16,20,23
4,5,8,9,10,11,13,15,16,17,19,20,22,23>5,9,10,13,15,8,16,20,23
4,5,8,9,10,11,13,15,16,17,19,20,22,23>10,11,13,15,19,8,16,20,23
4,5,8,9,10,11,13,15,16,17,19,20,22,23>5,10,11,14,21,8,16,20,23
4,5,8,9,10,11,13,15,16,17,19,20,22,23>10,11,15,21,22,8,16,20,23
1,2,3,4,5,6,7,8,9,11,14,16,17,18,19,20,22,23>22,3,21,2,4,7,8,16,19,20,23
1,2,3,4,5,6,7,8,9,11,14,16,17,18,19,20,22,23>1,5,14,18,22,2,4,7,8,16,19,20,23
1,2,3,4,5,6,7,8,9,11,14,16,17,18,19,20,22,23>1,3,5,14,17,22,2,4,7,8,16,19,20,23
1,2,3,4,5,6,7,8,9,11,14,16,17,18,19,20,22,23>1,5,6,11,17,21,2,4,7,8,16,19,20,23
1,2,3,4,5,6,7,8,9,11,14,16,17,18,19,20,22,23>3,5,6,17,21,2,4,7,8,16,19,20,23
1,2,3,4,5,6,7,8,9,11,14,16,17,18,19,20,22,23>3,5,6,9,11,21,2,4,7,8,16,19,20,23
1,2,3,5,6,7,11,12,18,19,22,23>1,5,8,11,22,2,7,12,19,23
1,2,3,5,6,7,11,12,18,19,22,23>22,6,11,2,7,12,19,23
1,2,3,5,6,7,11,12,18,19,22,23>1,6,8,18,22,2,7,12,19,23
1,2,3,5,6,7,11,12,18,19,22,23>22,3,4,6,2,7,12,19,23
1,2,3,5,6,7,11,12,18,19,22,23>1,3,5,6,18,22,2,7,12,19,23
1,2,3,5,6,7,11,12,18,19,22,23>1,3,4,5,6,8,2,7,12,19,23
1,3,5,6,7,8,10,12,14,15,17,19,20,21,22>20,6,10,7,8,17,21,22
1,3,5,6,7,8,10,12,14,15,17,19,20,21,22>1,2,3,5,12,14,15,16,19,20,7,8,17,21,22
1,3,5,6,7,8,10,12,14,15,17,19,20,21,22>3,4,6,12,13,14,15,19,20,7,8,17,21,22
1,3,5,6,7,8,10,12,14,15,17,19,20,21,22>5,10,12,14,16,19,20,23,7,8,17,21,22
1,3,5,6,7,8,10,12,14,15,17,19,20,21,22>1,3,5,6,12,14,7,8,17,21,22
1,3,5,6,7,8,10,12,14,15,17,19,20,21,22>1,2,3,5,10,13,14,16,19,23,7,8,17,21,22
2,7,9,12,13,14,18,19,20,21,22>20,7,9,15,13,14,19,21,22
2,7,9,12,13,14,18,19,20,21,22>20,8,9,13,14,19,21,22
2,7,9,12,13,14,18,19,20,21,22>2,7,12,15,18,20,13,14,19,21,22
2,7,9,12,13,14,18,19,20,21,22>8,12,17,18,20,13,14,19,21,22
2,7,9,12,13,14,18,19,20,21,22>8,12,15,17,18,13,14,19,21,22
2,7,9,12,13,14,18,19,20,21,22>9,12,18,20,23,13,14,19,21,22
2,4,5,6,13,15,22>4,5,15,16,22,13,6
2,4,5,6,13,15,22>2,4,5,7,16,23,13,6
2,4,5,6,13,15,22>2,4,14,15,16,13,6
2,4,5,6,13,15,22>22,2,5,14,13,6
2,4,5,6,13,15,22>2,7,14,15,16,22,13,6
2,4,5,6,13,15,22>2,4,5,7,14,13,6
1,2,3,4,5,8,10,12,14,16,20,21,22,23>20,1,5,14,2,4,8,16,21,22,23
1,2,3,4,5,8,10,12,14,16,20,21,22,23>3,5,6,14,2,4,8,16,21,22,23
1,2,3,4,5,8,10,12,14,16,20,21,22,23>5,10,14,2,4,8,16,21,22,23
1,2,3,4,5,8,10,12,14,16,20,21,22,23>6,10,12,14,20,2,4,8,16,21,22,23
1,2,3,4,5,8,10,12,14,16,20,21,22,23>20,1,6,10,2,4,8,16,21,22,23
1,2,3,4,5,8,10,12,14,16,20,21,22,23>1,3,6,10,2,4,8,16,21,22,23
1,2,3,4,6,7,11,13,14,15,17,18,21,22>1,3,17,19,21,23,2,4,7,13,14,15,18,22
1,2,3,4,6,7,11,13,14,15,17,18,21,22>1,3,6,17,19,21,2,4,7,13,14,15,18,22
1,2,3,4,6,7,11,13,14,15,17,18,21,22>1,6,11,2,4,7,13,14,15,18,22
1,2,3,4,6,7,11,13,14,15,17,18,21,22>3,11,16,17,19,21,2,4,7,13,14,15,18,22
1,2,3,4,6,7,11,13,14,15,17,18,21,22>1,3,11,16,17,19,23,2,4,7,13,14,15,18,22
1,2,3,4,6,7,11,13,14,15,17,18,21,22>3,6,11,16,19,23,2,4,7,13,14,15,18,22
