TCR,NFAT,IFN-\beta,IFN-\betaR,IL-18,IL-18R,IRAK,SOCS1,IL-12,IL-12R,STAT4,T-bet,IFN-\gamma,IFN-\gammaR,JAK1,STAT1,IL-4,IL-4R,STAT6,GATA3,IL-10,IL-10R,STAT3
2,3,4,5,6,7,8,9,10,14,15,16,17,18,20,22,23>3,15,18,19,21,22,4,6,7,8,10,16,20,23
2,3,4,5,6,7,8,9,10,14,15,16,17,18,20,22,23>3,5,15,17,18,19,4,6,7,8,10,16,20,23
2,3,4,5,6,7,8,9,10,14,15,16,17,18,20,22,23>9,17,19,21,22,4,6,7,8,10,16,20,23
2,3,4,5,6,7,8,9,10,14,15,16,17,18,20,22,23>2,3,9,15,18,21,4,6,7,8,10,16,20,23
2,3,4,5,6,7,8,9,10,14,15,16,17,18,20,22,23>2,3,14,15,19,22,4,6,7,8,10,16,20,23
2,3,4,5,6,7,8,9,10,14,15,16,17,18,20,22,23>2,5,9,14,15,18,21,22,4,6,7,8,10,16,20,23
1,2,3,8,9,10,15,16,18,19,21,23>18,21,11,8,16,2,19
1,2,3,8,9,10,15,16,18,19,21,23>1,4,12,18,20,22,8,16,2,19
1,2,3,8,9,10,15,16,18,19,21,23>4,9,15,21,23,8,16,2,19
1,2,3,8,9,10,15,16,18,19,21,23>1,22,10,18,8,16,2,19
1,2,3,8,9,10,15,16,18,19,21,23>3,10,11,12,22,23,8,16,2,19
1,2,3,8,9,10,15,16,18,19,21,23>3,4,10,12,20,23,8,16,2,19
1,2,4,5,6,7,9,10,11,13,16,18,20>1,5,14,18,19,2,6,7,10,13,16,20
1,2,4,5,6,7,9,10,11,13,16,18,20>18,4,8,2,6,7,10,13,16,20
1,2,4,5,6,7,9,10,11,13,16,18,20>5,8,14,18,19,2,6,7,10,13,16,20
1,2,4,5,6,7,9,10,11,13,16,18,20>5,8,14,18,21,2,6,7,10,13,16,20
1,2,4,5,6,7,9,10,11,13,16,18,20>1,5,8,18,21,2,6,7,10,13,16,20
1,2,4,5,6,7,9,10,11,13,16,18,20>9,11,14,18,19,2,6,7,10,13,16,20
1,3,4,5,7,11,14,15,16,17,19,20,21,22,23>2,18,8,4,15,16,20,21,22,23
1,3,4,5,7,11,14,15,16,17,19,20,21,22,23>19,1,2,18,4,15,16,20,21,22,23
1,3,4,5,7,11,14,15,16,17,19,20,21,22,23>1,5,8,14,17,18,4,15,16,20,21,22,23
1,3,4,5,7,11,14,15,16,17,19,20,21,22,23>2,7,8,14,17,19,4,15,16,20,21,22,23
1,3,4,5,7,11,14,15,16,17,19,20,21,22,23>14,3,7,8,4,15,16,20,21,22,23
1,3,4,5,7,11,14,15,16,17,19,20,21,22,23>1,2,3,7,8,19,4,15,16,20,21,22,23
6,7,11,13,15,16,18,19,22>22,8,18,16,19,13,7
6,7,11,13,15,16,18,19,22>8,23,12,18,16,19,13,7
6,7,11,13,15,16,18,19,22>11,12,18,20,22,16,19,13,7
6,7,11,13,15,16,18,19,22>20,22,14,15,16,19,13,7
6,7,11,13,15,16,18,19,22>8,12,14,20,22,16,19,13,7
6,7,11,13,15,16,18,19,22>8,11,12,14,20,23,16,19,13,7
3,4,5,6,8,10,11,13,15,16,17,20,21,22>17,3,5,23,4,6,8,13,16,20,21,22
3,4,5,6,8,10,11,13,15,16,17,20,21,22>17,23,5,7,4,6,8,13,16,20,21,22
3,4,5,6,8,10,11,13,15,16,17,20,21,22>3,7,11,15,17,23,4,6,8,13,16,20,21,22
3,4,5,6,8,10,11,13,15,16,17,20,21,22>5,7,10,11,14,15,17,4,6,8,13,16,20,21,22
3,4,5,6,8,10,11,13,15,16,17,20,21,22>3,7,10,11,17,23,4,6,8,13,16,20,21,22
3,4,5,6,8,10,11,13,15,16,17,20,21,22>5,7,10,11,14,23,4,6,8,13,16,20,21,22
1,4,5,7,10,11,14,15,16,18,19>2,4,10,13,14,18,16,19,11,15
1,4,5,7,10,11,14,15,16,18,19>1,5,10,13,14,18,16,19,11,15
1,4,5,7,10,11,14,15,16,18,19>1,4,7,8,10,16,19,11,15
1,4,5,7,10,11,14,15,16,18,19>1,4,7,10,14,20,16,19,11,15
1,4,5,7,10,11,14,15,16,18,19>1,5,7,10,13,18,16,19,11,15
1,4,5,7,10,11,14,15,16,18,19>4,5,7,8,10,12,14,18,20,16,19,11,15
4,5,8,9,12,15,18,19,20,22,23>4,16,17,18,20,21,8,19,23
4,5,8,9,12,15,18,19,20,22,23>20,5,16,17,8,19,23
4,5,8,9,12,15,18,19,20,22,23>4,5,12,21,22,8,19,23
4,5,8,9,12,15,18,19,20,22,23>9,12,17,21,22,8,19,23
4,5,8,9,12,15,18,19,20,22,23>20,15,16,17,8,19,23
4,5,8,9,12,15,18,19,20,22,23>5,12,15,17,18,21,8,19,23
1,2,5,6,7,8,11,12,13,15,18,20>1,15,17,18,19,2,6,7,8,13
1,2,5,6,7,8,11,12,13,15,18,20>1,15,17,18,21,2,6,7,8,13
1,2,5,6,7,8,11,12,13,15,18,20>17,1,19,16,2,6,7,8,13
1,2,5,6,7,8,11,12,13,15,18,20>12,15,16,17,19,21,2,6,7,8,13
1,2,5,6,7,8,11,12,13,15,18,20>5,11,12,15,16,17,19,2,6,7,8,13
1,2,5,6,7,8,11,12,13,15,18,20>1,5,14,15,17,19,21,2,6,7,8,13
3,6,7,8,10,11,12,13,14,15,16,17,18,20,23>3,6,12,17,19,20,23,8,16,14,7
3,6,7,8,10,11,12,13,14,15,16,17,18,20,23>4,6,15,17,18,19,21,8,16,14,7
3,6,7,8,10,11,12,13,14,15,16,17,18,20,23>18,3,4,6,8,16,14,7
3,6,7,8,10,11,12,13,14,15,16,17,18,20,23>4,6,12,13,15,17,19,8,16,14,7
3,6,7,8,10,11,12,13,14,15,16,17,18,20,23>3,4,6,15,19,8,16,14,7
3,6,7,8,10,11,12,13,14,15,16,17,18,20,23>6,11,13,15,17,18,19,23,8,16,14,7
