TCR,NFAT,IFN-\beta,IFN-\betaR,IL-18,IL-18R,IRAK,SOCS1,IL-12,IL-12R,STAT4,T-bet,IFN-\gamma,IFN-\gammaR,JAK1,STAT1,IL-4,IL-4R,STAT6,GATA3,IL-10,IL-10R,STAT3
3,4,5,9,11,13,14,15,16,18,20,21>3,6,11,19,22,4,13,14,15,16,20,21
3,4,5,9,11,13,14,15,16,18,20,21>5,6,11,18,22,4,13,14,15,16,20,21
3,4,5,9,11,13,14,15,16,18,20,21>5,6,8,10,18,19,22,4,13,14,15,16,20,21
3,4,5,9,11,13,14,15,16,18,20,21>3,5,6,8,18,22,4,13,14,15,16,20,21
3,4,5,9,11,13,14,15,16,18,20,21>3,5,9,11,4,13,14,15,16,20,21
3,4,5,9,11,13,14,15,16,18,20,21>22,6,9,11,4,13,14,15,16,20,21
3,4,5,9,11,13,14,15,16,18,20,21>5,6,9,18,22,4,13,14,15,16,20,21
3,4,5,9,11,13,14,15,16,18,20,21>3,8,9,19,4,13,14,15,16,20,21
2,3,5,6,12,18,21,22>18,2,23,13,12,6,22
2,3,5,6,12,18,21,22>4,5,7,18,21,12,6,22
2,3,5,6,12,18,21,22>2,4,13,18,19,12,6,22
2,3,5,6,12,18,21,22>3,4,8,18,19,23,12,6,22
2,3,5,6,12,18,21,22>2,7,8,12,6,22
2,3,5,6,12,18,21,22>5,7,18,21,23,12,6,22
2,3,5,6,12,18,21,22>4,5,7,8,18,12,6,22
2,3,5,6,12,18,21,22>2,4,5,7,23,12,6,22
5,6,8,9,13,14,19,21>20,5,22,13,14
5,6,8,9,13,14,19,21>22,8,19,14
5,6,8,9,13,14,19,21>5,8,13,19,21,14
5,6,8,9,13,14,19,21>7,8,13,20,22,14
5,6,8,9,13,14,19,21>6,7,8,21,22,14
5,6,8,9,13,14,19,21>5,9,13,19,21,22,14
5,6,8,9,13,14,19,21>5,7,8,9,19,20,21,14
5,6,8,9,13,14,19,21>5,6,7,8,9,14
1,5,6,10,12,13,21>1,5,14,21,22,12,13,6
1,5,6,10,12,13,21>14,2,5,10,12,13,6
1,5,6,10,12,13,21>1,7,10,11,21,12,13,6
1,5,6,10,12,13,21>1,2,8,11,21,12,13,6
1,5,6,10,12,13,21>14,22,5,8,12,13,6
1,5,6,10,12,13,21>14,5,8,10,12,13,6
1,5,6,10,12,13,21>2,5,8,21,22,12,13,6
1,5,6,10,12,13,21>1,7,8,11,12,13,6
1,3,5,8,9,11,13,15,17,18,19,20,21,22,23>1,9,13,14,15,17,19,20,21,22,23
1,3,5,8,9,11,13,15,17,18,19,20,21,22,23>1,2,3,8,9,15,16,18,17,19,20,21,22,23
1,3,5,8,9,11,13,15,17,18,19,20,21,22,23>4,8,11,14,15,16,17,19,20,21,22,23
1,3,5,8,9,11,13,15,17,18,19,20,21,22,23>1,2,3,4,9,13,15,17,19,20,21,22,23
1,3,5,8,9,11,13,15,17,18,19,20,21,22,23>2,5,8,11,15,18,17,19,20,21,22,23
1,3,5,8,9,11,13,15,17,18,19,20,21,22,23>4,5,8,9,11,14,16,18,17,19,20,21,22,23
1,3,5,8,9,11,13,15,17,18,19,20,21,22,23>2,4,5,8,9,13,16,18,17,19,20,21,22,23
1,3,5,8,9,11,13,15,17,18,19,20,21,22,23>3,4,5,8,9,13,17,19,20,21,22,23
1,3,6,11,16,20>1,2,3,7,8,13,20
1,3,6,11,16,20>13,2,4,7,20
1,3,6,11,16,20>1,2,3,4,11,13,21,20
1,3,6,11,16,20>1,2,6,11,16,20
1,3,6,11,16,20>16,3,6,8,20
1,3,6,11,16,20>4,6,7,8,11,13,16,21,20
1,3,6,11,16,20>2,4,6,8,16,20
1,3,6,11,16,20>2,3,4,6,7,8,20
1,2,3,6,11,13,14,20,22>17,1,11,2,20,13,14
1,2,3,6,11,13,14,20,22>3,4,21,22,23,2,20,13,14
1,2,3,6,11,13,14,20,22>1,3,4,11,22,2,20,13,14
1,2,3,6,11,13,14,20,22>6,15,17,21,22,23,2,20,13,14
1,2,3,6,11,13,14,20,22>3,6,7,11,17,21,2,20,13,14
1,2,3,6,11,13,14,20,22>3,7,15,22,23,2,20,13,14
1,2,3,6,11,13,14,20,22>3,23,6,7,2,20,13,14
1,2,3,6,11,13,14,20,22>1,4,6,7,11,15,2,20,13,14
1,2,7,8,9,11,13,18,19,21>20,7,22,14,2,19,13
1,2,7,8,9,11,13,18,19,21>1,7,9,14,21,22,2,19,13
1,2,7,8,9,11,13,18,19,21>8,9,14,20,21,22,2,19,13
1,2,7,8,9,11,13,18,19,21>9,11,14,18,22,2,19,13
1,2,7,8,9,11,13,18,19,21>1,8,11,18,21,2,19,13
1,2,7,8,9,11,13,18,19,21>1,7,8,11,18,2,19,13
1,2,7,8,9,11,13,18,19,21>9,11,18,20,21,2,19,13
1,2,7,8,9,11,13,18,19,21>7,8,9,11,21,22,2,19,13
3,6,8,9,15,17,19>17,4,19,9
3,6,8,9,15,17,19>3,4,17,19,20
3,6,8,9,15,17,19>3,4,9,16,17
3,6,8,9,15,17,19>4,19,7,15
3,6,8,9,15,17,19>19,6,7
3,6,8,9,15,17,19>3,6,8,15,19
3,6,8,9,15,17,19>4,7,8,9,15,16,20
3,6,8,9,15,17,19>3,6,7,8,16,17
2,3,4,6,8,10,14,18,20,21,22,23>18,10,4,20,21,22,23
2,3,4,6,8,10,14,18,20,21,22,23>2,3,14,17,18,4,20,21,22,23
2,3,4,6,8,10,14,18,20,21,22,23>6,16,17,18,19,4,20,21,22,23
2,3,4,6,8,10,14,18,20,21,22,23>2,19,7,14,4,20,21,22,23
2,3,4,6,8,10,14,18,20,21,22,23>8,10,14,16,17,19,4,20,21,22,23
2,3,4,6,8,10,14,18,20,21,22,23>2,8,17,14,4,20,21,22,23
2,3,4,6,8,10,14,18,20,21,22,23>3,8,10,14,16,4,20,21,22,23
2,3,4,6,8,10,14,18,20,21,22,23>3,6,7,8,10,16,19,4,20,21,22,23
