TCR,NFAT,IFN-\beta,IFN-\betaR,IL-18,IL-18R,IRAK,SOCS1,IL-12,IL-12R,STAT4,T-bet,IFN-\gamma,IFN-\gammaR,JAK1,STAT1,IL-4,IL-4R,STAT6,GATA3,IL-10,IL-10R,STAT3
7,9,10,14,16,17,19,21,22,23>7,8,12,14,17,21,22,23
7,9,10,14,16,17,19,21,22,23>8,9,10,12,14,15,16,17,19,21,22,23
7,9,10,14,16,17,19,21,22,23>7,8,9,10,12,14,16,19,22,23
7,9,10,14,16,17,19,21,22,23>11,12,14,17,20,22,23
7,9,10,14,16,17,19,21,22,23>8,11,15,16,17,20,21,22,23
7,9,10,14,16,17,19,21,22,23>7,9,10,11,15,18,20,22,23
7,9,10,14,16,17,19,21,22,23>8,9,11,12,16,17,20,22,23
7,9,10,14,16,17,19,21,22,23>7,9,10,11,14,16,18,21,22,23
4,5,6,8,10,11,13,15,17,18,19>17,4,5,6,19,11,13
4,5,6,8,10,11,13,15,17,18,19>4,5,7,10,14,15,16,18,19,11,13
4,5,6,8,10,11,13,15,17,18,19>6,7,17,18,20,19,11,13
4,5,6,8,10,11,13,15,17,18,19>15,4,17,8,19,11,13
4,5,6,8,10,11,13,15,17,18,19>5,7,8,14,16,18,20,19,11,13
4,5,6,8,10,11,13,15,17,18,19>6,7,8,10,18,20,19,11,13
4,5,6,8,10,11,13,15,17,18,19>4,6,7,8,15,16,20,19,11,13
4,5,6,8,10,11,13,15,17,18,19>5,6,7,8,10,14,17,19,11,13
2,3,6,8,9,10,13,14,15,16,19,23>2,10,11,13,19,20,8,16,14
2,3,6,8,9,10,13,14,15,16,19,23>3,10,12,19,23,8,16,14
2,3,6,8,9,10,13,14,15,16,19,23>2,4,9,15,19,20,8,16,14
2,3,6,8,9,10,13,14,15,16,19,23>3,4,10,11,12,13,15,19,8,16,14
2,3,6,8,9,10,13,14,15,16,19,23>2,3,4,9,10,12,13,19,20,8,16,14
2,3,6,8,9,10,13,14,15,16,19,23>4,6,10,11,12,13,15,19,8,16,14
2,3,6,8,9,10,13,14,15,16,19,23>2,3,4,6,9,12,13,23,8,16,14
2,3,6,8,9,10,13,14,15,16,19,23>2,3,4,6,7,9,10,13,20,8,16,14
1,2,5,6,7,12,14,15,20,22>1,16,17,20,22,2,15,6,7
1,2,5,6,7,12,14,15,20,22>1,5,17,21,22,2,15,6,7
1,2,5,6,7,12,14,15,20,22>5,8,16,20,21,22,2,15,6,7
1,2,5,6,7,12,14,15,20,22>5,12,14,21,22,23,2,15,6,7
1,2,5,6,7,12,14,15,20,22>1,12,13,21,23,2,15,6,7
1,2,5,6,7,12,14,15,20,22>1,12,13,16,20,22,2,15,6,7
1,2,5,6,7,12,14,15,20,22>8,12,13,14,17,20,23,2,15,6,7
1,2,5,6,7,12,14,15,20,22>8,12,13,16,17,20,21,23,2,15,6,7
1,5,7,8,10,11,12,14,18,20,22,23>2,5,11,14,20,21,22,8,23
1,5,7,8,10,11,12,14,18,20,22,23>5,6,10,11,12,17,18,19,20,21,8,23
1,5,7,8,10,11,12,14,18,20,22,23>1,5,6,10,11,12,14,19,20,8,23
1,5,7,8,10,11,12,14,18,20,22,23>2,5,6,10,12,14,19,20,21,22,8,23
1,5,7,8,10,11,12,14,18,20,22,23>1,2,5,6,10,14,18,19,20,8,23
1,5,7,8,10,11,12,14,18,20,22,23>7,10,11,14,17,19,20,22,8,23
1,5,7,8,10,11,12,14,18,20,22,23>17,20,7,21,8,23
1,5,7,8,10,11,12,14,18,20,22,23>1,2,5,7,10,12,17,18,19,21,22,8,23
2,3,5,6,7,8,9,10,13,15,20,21,22,23>3,17,9,13,6,7,10,20,21,22,23
2,3,5,6,7,8,9,10,13,15,20,21,22,23>14,15,3,4,6,7,10,20,21,22,23
2,3,5,6,7,8,9,10,13,15,20,21,22,23>3,5,9,13,15,16,6,7,10,20,21,22,23
2,3,5,6,7,8,9,10,13,15,20,21,22,23>2,3,5,13,14,6,7,10,20,21,22,23
2,3,5,6,7,8,9,10,13,15,20,21,22,23>8,9,13,14,15,16,17,6,7,10,20,21,22,23
2,3,5,6,7,8,9,10,13,15,20,21,22,23>2,3,4,8,9,15,16,6,7,10,20,21,22,23
2,3,5,6,7,8,9,10,13,15,20,21,22,23>2,3,5,8,14,15,17,6,7,10,20,21,22,23
2,3,5,6,7,8,9,10,13,15,20,21,22,23>2,3,4,5,8,13,6,7,10,20,21,22,23
1,4,8,10,11,13,14,15,16,17,19,23>2,17,19,20,23,8,16,11,14
1,4,8,10,11,13,14,15,16,17,19,23>1,2,13,17,23,8,16,11,14
1,4,8,10,11,13,14,15,16,17,19,23>17,19,2,4,8,16,11,14
1,4,8,10,11,13,14,15,16,17,19,23>2,12,13,19,20,23,8,16,11,14
1,4,8,10,11,13,14,15,16,17,19,23>1,2,12,19,8,16,11,14
1,4,8,10,11,13,14,15,16,17,19,23>1,4,10,12,15,17,20,8,16,11,14
1,4,8,10,11,13,14,15,16,17,19,23>2,4,10,12,13,15,17,20,8,16,11,14
1,4,8,10,11,13,14,15,16,17,19,23>1,2,4,10,12,15,23,8,16,11,14
1,4,5,7,8,10,11,13,15,16,20,22,23>7,10,11,14,15,22,8,16,20,23
1,4,5,7,8,10,11,13,15,16,20,22,23>2,7,10,11,13,14,8,16,20,23
1,4,5,7,8,10,11,13,15,16,20,22,23>1,4,22,7,8,16,20,23
1,4,5,7,8,10,11,13,15,16,20,22,23>1,2,5,7,10,13,8,16,20,23
1,4,5,7,8,10,11,13,15,16,20,22,23>1,4,5,7,10,11,13,14,15,8,16,20,23
1,4,5,7,8,10,11,13,15,16,20,22,23>2,4,5,10,11,14,22,8,16,20,23
1,4,5,7,8,10,11,13,15,16,20,22,23>5,6,7,10,21,8,16,20,23
1,4,5,7,8,10,11,13,15,16,20,22,23>1,2,5,6,7,11,15,21,8,16,20,23
1,5,9,13,15,20>15,16,17,10,20
1,5,9,13,15,20>1,2,5,10,14,15,16,21,20
1,5,9,13,15,20>1,2,6,13,15,16,17,20
1,5,9,13,15,20>1,5,6,13,17,21,20
1,5,9,13,15,20>9,13,14,16,21,20
1,5,9,13,15,20>9,15,16,17,21,20
1,5,9,13,15,20>2,9,10,13,14,15,20
1,5,9,13,15,20>1,6,9,14,15,17,21,20
1,4,11,12,13,14,15,16,18,20,21,22,23>1,4,12,13,19,20,14,15,16,21,22,23
1,4,11,12,13,14,15,16,18,20,21,22,23>1,2,4,12,18,19,14,15,16,21,22,23
1,4,11,12,13,14,15,16,18,20,21,22,23>1,2,4,8,13,18,14,15,16,21,22,23
1,4,11,12,13,14,15,16,18,20,21,22,23>1,20,11,13,14,15,16,21,22,23
1,4,11,12,13,14,15,16,18,20,21,22,23>4,11,12,13,19,14,15,16,21,22,23
1,4,11,12,13,14,15,16,18,20,21,22,23>4,11,13,18,20,14,15,16,21,22,23
1,4,11,12,13,14,15,16,18,20,21,22,23>1,2,4,11,19,20,14,15,16,21,22,23
1,4,11,12,13,14,15,16,18,20,21,22,23>20,8,11,12,14,15,16,21,22,23
