TCR,NFAT,IFN-\beta,IFN-\betaR,IL-18,IL-18R,IRAK,SOCS1,IL-12,IL-12R,STAT4,T-bet,IFN-\gamma,IFN-\gammaR,JAK1,STAT1,IL-4,IL-4R,STAT6,GATA3,IL-10,IL-10R,STAT3
3,4,5,6,8,10,11,14,15,16,17,18,20,21,22>5,7,13,19,23,4,6,8,16,20,21,22
3,4,5,6,8,10,11,14,15,16,17,18,20,21,22>3,5,10,13,15,17,18,4,6,8,16,20,21,22
3,4,5,6,8,10,11,14,15,16,17,18,20,21,22>3,7,10,13,15,17,18,19,4,6,8,16,20,21,22
3,4,5,6,8,10,11,14,15,16,17,18,20,21,22>3,7,10,14,15,18,19,23,4,6,8,16,20,21,22
3,4,5,6,8,10,11,14,15,16,17,18,20,21,22>3,5,7,10,13,14,17,18,4,6,8,16,20,21,22
3,4,5,6,8,10,11,14,15,16,17,18,20,21,22>5,7,11,14,19,23,4,6,8,16,20,21,22
3,4,5,6,8,10,11,14,15,16,17,18,20,21,22>3,5,7,11,14,15,18,19,4,6,8,16,20,21,22
3,4,5,6,8,10,11,14,15,16,17,18,20,21,22>3,7,10,11,14,18,4,6,8,16,20,21,22
3,4,5,6,7,8,10,12,15,16,19,23>3,6,15,19,23,4,7,8,12,16
3,4,5,6,7,8,10,12,15,16,19,23>23,5,6,19,4,7,8,12,16
3,4,5,6,7,8,10,12,15,16,19,23>6,10,15,19,4,7,8,12,16
3,4,5,6,7,8,10,12,15,16,19,23>23,5,6,10,4,7,8,12,16
3,4,5,6,7,8,10,12,15,16,19,23>3,5,6,10,19,4,7,8,12,16
3,4,5,6,7,8,10,12,15,16,19,23>3,6,11,19,23,4,7,8,12,16
3,4,5,6,7,8,10,12,15,16,19,23>3,6,11,15,4,7,8,12,16
3,4,5,6,7,8,10,12,15,16,19,23>3,10,11,15,4,7,8,12,16
3,4,6,7,9,10,11,16,21>22,3,13,4,7,10,11,16
3,4,6,7,9,10,11,16,21>6,13,21,4,7,10,11,16
3,4,6,7,9,10,11,16,21>6,9,21,4,7,10,11,16
3,4,6,7,9,10,11,16,21>8,9,21,4,7,10,11,16
3,4,6,7,9,10,11,16,21>8,12,13,21,22,4,7,10,11,16
3,4,6,7,9,10,11,16,21>22,9,12,21,4,7,10,11,16
3,4,6,7,9,10,11,16,21>22,3,9,12,4,7,10,11,16
3,4,6,7,9,10,11,16,21>3,6,9,12,13,4,7,10,11,16
1,5,8,9,10,12,13,14,15,16,18,19>18,1,11,15,8,12,13,14,16,19
1,5,8,9,10,12,13,14,15,16,18,19>2,5,9,11,15,18,8,12,13,14,16,19
1,5,8,9,10,12,13,14,15,16,18,19>1,2,5,9,11,18,8,12,13,14,16,19
1,5,8,9,10,12,13,14,15,16,18,19>1,2,10,15,8,12,13,14,16,19
1,5,8,9,10,12,13,14,15,16,18,19>18,1,2,10,8,12,13,14,16,19
1,5,8,9,10,12,13,14,15,16,18,19>18,2,5,10,8,12,13,14,16,19
1,5,8,9,10,12,13,14,15,16,18,19>1,2,5,10,8,12,13,14,16,19
1,5,8,9,10,12,13,14,15,16,18,19>9,10,11,15,18,8,12,13,14,16,19
1,2,4,6,7,10,11,12,15,16,20,22>1,6,8,12,13,20,22,23,16,2,7
1,2,4,6,7,10,11,12,15,16,20,22>1,4,6,8,11,12,15,21,22,23,16,2,7
1,2,4,6,7,10,11,12,15,16,20,22>1,10,13,21,22,16,2,7
1,2,4,6,7,10,11,12,15,16,20,22>4,21,10,12,16,2,7
1,2,4,6,7,10,11,12,15,16,20,22>1,10,11,12,13,21,23,16,2,7
1,2,4,6,7,10,11,12,15,16,20,22>1,6,10,12,13,21,23,16,2,7
1,2,4,6,7,10,11,12,15,16,20,22>4,6,10,11,12,13,15,20,16,2,7
1,2,4,6,7,10,11,12,15,16,20,22>6,8,10,11,22,23,16,2,7
1,3,4,7,9,14,16,19,20,22>2,13,15,19,21,16,4,20
1,3,4,7,9,14,16,19,20,22>21,1,3,23,16,4,20
1,3,4,7,9,14,16,19,20,22>7,9,13,14,19,22,23,16,4,20
1,3,4,7,9,14,16,19,20,22>1,8,9,13,14,19,16,4,20
1,3,4,7,9,14,16,19,20,22>2,3,8,9,15,21,22,23,16,4,20
1,3,4,7,9,14,16,19,20,22>1,2,3,8,9,14,19,16,4,20
1,3,4,7,9,14,16,19,20,22>2,7,8,13,14,21,16,4,20
1,3,4,7,9,14,16,19,20,22>2,3,7,8,13,19,21,22,23,16,4,20
2,3,4,5,9,10,11,12,22,23>22,2,5,9,4,10,11,12,23
2,3,4,5,9,10,11,12,22,23>2,3,5,16,22,4,10,11,12,23
2,3,4,5,9,10,11,12,22,23>22,6,4,10,11,12,23
2,3,4,5,9,10,11,12,22,23>2,3,6,9,16,4,10,11,12,23
2,3,4,5,9,10,11,12,22,23>2,8,9,16,22,4,10,11,12,23
2,3,4,5,9,10,11,12,22,23>2,3,8,16,4,10,11,12,23
2,3,4,5,9,10,11,12,22,23>3,5,8,16,4,10,11,12,23
2,3,4,5,9,10,11,12,22,23>5,6,8,4,10,11,12,23
1,2,4,6,8,9,10,11,12,13,14,17,19,20,21>16,20,10,11,2,8,13,14,17,21
1,2,4,6,8,9,10,11,12,13,14,17,19,20,21>1,10,12,19,22,2,8,13,14,17,21
1,2,4,6,8,9,10,11,12,13,14,17,19,20,21>1,6,7,12,20,2,8,13,14,17,21
1,2,4,6,8,9,10,11,12,13,14,17,19,20,21>1,4,6,7,16,2,8,13,14,17,21
1,2,4,6,8,9,10,11,12,13,14,17,19,20,21>9,10,12,16,20,22,2,8,13,14,17,21
1,2,4,6,8,9,10,11,12,13,14,17,19,20,21>16,4,19,9,2,8,13,14,17,21
1,2,4,6,8,9,10,11,12,13,14,17,19,20,21>4,6,9,10,19,20,2,8,13,14,17,21
1,2,4,6,8,9,10,11,12,13,14,17,19,20,21>7,9,10,11,20,22,2,8,13,14,17,21
1,5,7,10,14,17,18,19,20,21,22,23>2,5,14,15,17,18,19,20,21,22,23
1,5,7,10,14,17,18,19,20,21,22,23>2,7,14,17,18,19,20,21,22,23
1,5,7,10,14,17,18,19,20,21,22,23>2,7,15,17,18,19,20,21,22,23
1,5,7,10,14,17,18,19,20,21,22,23>1,2,10,15,17,18,19,20,21,22,23
1,5,7,10,14,17,18,19,20,21,22,23>1,5,10,15,17,18,19,20,21,22,23
1,5,7,10,14,17,18,19,20,21,22,23>2,5,10,14,17,18,19,20,21,22,23
1,5,7,10,14,17,18,19,20,21,22,23>7,10,14,15,17,18,19,20,21,22,23
1,5,7,10,14,17,18,19,20,21,22,23>1,7,10,15,17,18,19,20,21,22,23
1,4,5,7,10,12,13,15,16,18,20,21,22>1,2,8,12,20,16,21,13,22
1,4,5,7,10,12,13,15,16,18,20,21,22>1,2,4,8,10,18,23,16,21,13,22
1,4,5,7,10,12,13,15,16,18,20,21,22>2,5,7,10,15,23,16,21,13,22
1,4,5,7,10,12,13,15,16,18,20,21,22>2,5,14,15,18,19,23,16,21,13,22
1,4,5,7,10,12,13,15,16,18,20,21,22>2,4,6,8,10,12,14,18,23,16,21,13,22
1,4,5,7,10,12,13,15,16,18,20,21,22>1,2,4,6,7,10,14,19,20,23,16,21,13,22
1,4,5,7,10,12,13,15,16,18,20,21,22>1,4,5,6,7,10,12,16,21,13,22
1,4,5,7,10,12,13,15,16,18,20,21,22>2,4,5,6,7,8,14,15,18,19,20,16,21,13,22
