TCR,NFAT,IFN-\beta,IFN-\betaR,IL-18,IL-18R,IRAK,SOCS1,IL-12,IL-12R,STAT4,T-bet,IFN-\gamma,IFN-\gammaR,JAK1,STAT1,IL-4,IL-4R,STAT6,GATA3,IL-10,IL-10R,STAT3
3,4,6,10,12,13,14,15,19,20,21>3,6,19,16,4,13,14,15,21
3,4,6,10,12,13,14,15,19,20,21>7,12,16,17,19,22,4,13,14,15,21
3,4,6,10,12,13,14,15,19,20,21>3,7,16,19,22,4,13,14,15,21
3,4,6,10,12,13,14,15,19,20,21>6,7,12,17,20,22,4,13,14,15,21
3,4,6,10,12,13,14,15,19,20,21>3,8,12,16,17,19,22,4,13,14,15,21
3,4,6,10,12,13,14,15,19,20,21>6,7,10,16,19,20,22,4,13,14,15,21
3,4,6,10,12,13,14,15,19,20,21>6,7,10,12,16,17,4,13,14,15,21
3,4,6,10,12,13,14,15,19,20,21>6,7,8,10,12,20,4,13,14,15,21
3,4,6,7,8,12,14,17,19,20,23>3,23,19,20,8,17,4,7
3,4,6,7,8,12,14,17,19,20,23>3,14,19,20,8,17,4,7
3,4,6,7,8,12,14,17,19,20,23>23,6,14,20,8,17,4,7
3,4,6,7,8,12,14,17,19,20,23>3,16,19,8,17,4,7
3,4,6,7,8,12,14,17,19,20,23>23,6,12,16,8,17,4,7
3,4,6,7,8,12,14,17,19,20,23>23,14,16,19,8,17,4,7
3,4,6,7,8,12,14,17,19,20,23>6,14,16,20,21,8,17,4,7
3,4,6,7,8,12,14,17,19,20,23>3,12,14,16,20,23,8,17,4,7
6,7,9,11,16,17,18>6,12,17,18,7
6,7,9,11,16,17,18>19,9,12,13,18,7
6,7,9,11,16,17,18>8,9,13,16,17,19,18,7
6,7,9,11,16,17,18>6,8,9,17,18,7
6,7,9,11,16,17,18>16,17,10,13,18,7
6,7,9,11,16,17,18>6,8,11,13,16,18,7
6,7,9,11,16,17,18>6,10,11,12,18,7
6,7,9,11,16,17,18>8,19,10,11,18,7
1,4,8,15,16,17,21,22,23>1,2,4,17,8,16,22,23
1,4,8,15,16,17,21,22,23>12,17,8,16,22,23
1,4,8,15,16,17,21,22,23>1,2,12,8,16,22,23
1,4,8,15,16,17,21,22,23>4,12,21,8,16,22,23
1,4,8,15,16,17,21,22,23>15,17,21,8,16,22,23
1,4,8,15,16,17,21,22,23>2,15,17,8,16,22,23
1,4,8,15,16,17,21,22,23>4,15,17,8,16,22,23
1,4,8,15,16,17,21,22,23>2,4,15,8,16,22,23
3,6,7,8,9,14,19>3,20,14,7
3,6,7,8,9,14,19>19,3,4,7
3,6,7,8,9,14,19>4,6,13,19,20,7
3,6,7,8,9,14,19>4,8,14,19,20,7
3,6,7,8,9,14,19>4,6,8,14,19,7
3,6,7,8,9,14,19>9,13,14,19,20,7
3,6,7,8,9,14,19>4,6,9,13,19,7
3,6,7,8,9,14,19>4,8,9,13,19,20,7
1,2,3,4,5,6,8,9,12,13,18,20,23>1,3,7,10,16,18,8,2,4,6
1,2,3,4,5,6,8,9,12,13,18,20,23>1,3,5,7,10,12,14,16,19,8,2,4,6
1,2,3,4,5,6,8,9,12,13,18,20,23>7,9,18,19,20,8,2,4,6
1,2,3,4,5,6,8,9,12,13,18,20,23>1,7,9,12,18,19,8,2,4,6
1,2,3,4,5,6,8,9,12,13,18,20,23>3,7,9,10,14,17,18,23,8,2,4,6
1,2,3,4,5,6,8,9,12,13,18,20,23>5,7,9,16,17,18,19,8,2,4,6
1,2,3,4,5,6,8,9,12,13,18,20,23>3,5,7,9,17,19,20,21,8,2,4,6
1,2,3,4,5,6,8,9,12,13,18,20,23>1,3,5,7,9,13,18,20,8,2,4,6
2,11,15,17,21>2,11,22,18
2,11,15,17,21>21,2,11,17
2,11,15,17,21>2,13,17,18,21
2,11,15,17,21>2,11,13,17
2,11,15,17,21>2,11,13,18
2,11,15,17,21>11,15,17,18
2,11,15,17,21>13,15,17,18
2,11,15,17,21>11,13,16,18,21
1,6,7,9,10,11,12,16,17,18,23>19,6,17,7,10,11,12,18
1,6,7,9,10,11,12,16,17,18,23>1,6,23,17,7,10,11,12,18
1,6,7,9,10,11,12,16,17,18,23>19,1,2,6,7,10,11,12,18
1,6,7,9,10,11,12,16,17,18,23>1,8,16,7,10,11,12,18
1,6,7,9,10,11,12,16,17,18,23>1,2,8,17,19,7,10,11,12,18
1,6,7,9,10,11,12,16,17,18,23>2,6,8,17,23,7,10,11,12,18
1,6,7,9,10,11,12,16,17,18,23>6,9,16,7,10,11,12,18
1,6,7,9,10,11,12,16,17,18,23>1,8,9,17,19,7,10,11,12,18
1,3,4,5,6,7,9,11,12,14,18,20,22,23>1,9,12,14,18,20,22,4,23,6,7
1,3,4,5,6,7,9,11,12,14,18,20,22,23>1,2,10,11,14,15,18,20,4,23,6,7
1,3,4,5,6,7,9,11,12,14,18,20,22,23>3,10,11,12,14,15,17,18,19,21,22,4,23,6,7
1,3,4,5,6,7,9,11,12,14,18,20,22,23>1,3,9,11,12,15,16,20,21,22,4,23,6,7
1,3,4,5,6,7,9,11,12,14,18,20,22,23>3,5,10,14,15,18,22,4,23,6,7
1,3,4,5,6,7,9,11,12,14,18,20,22,23>1,2,5,8,9,12,14,16,19,20,21,4,23,6,7
1,3,4,5,6,7,9,11,12,14,18,20,22,23>2,3,5,8,10,11,19,20,21,4,23,6,7
1,3,4,5,6,7,9,11,12,14,18,20,22,23>1,2,3,5,8,10,14,15,16,20,22,4,23,6,7
4,5,6,7,9,12,14,15,16,17,18,19,20,22>5,6,12,13,21,23,7,15,16,18,19
4,5,6,7,9,12,14,15,16,17,18,19,20,22>5,8,12,17,20,22,7,15,16,18,19
4,5,6,7,9,12,14,15,16,17,18,19,20,22>6,8,13,14,20,21,7,15,16,18,19
4,5,6,7,9,12,14,15,16,17,18,19,20,22>6,8,14,20,23,7,15,16,18,19
4,5,6,7,9,12,14,15,16,17,18,19,20,22>9,12,17,20,21,23,7,15,16,18,19
4,5,6,7,9,12,14,15,16,17,18,19,20,22>6,9,12,13,21,22,7,15,16,18,19
4,5,6,7,9,12,14,15,16,17,18,19,20,22>4,8,9,12,13,14,20,23,7,15,16,18,19
4,5,6,7,9,12,14,15,16,17,18,19,20,22>4,5,6,8,9,14,22,7,15,16,18,19
