TCR,NFAT,IFN-\beta,IFN-\betaR,IL-18,IL-18R,IRAK,SOCS1,IL-12,IL-12R,STAT4,T-bet,IFN-\gamma,IFN-\gammaR,JAK1,STAT1,IL-4,IL-4R,STAT6,GATA3,IL-10,IL-10R,STAT3
2,3,7,8,11,15,20,22,23>3,4,15,20,23
2,3,7,8,11,15,20,22,23>2,3,4,17,21,20,23
2,3,7,8,11,15,20,22,23>2,3,22,7,20,23
2,3,7,8,11,15,20,22,23>3,4,7,11,16,17,22,20,23
2,3,7,8,11,15,20,22,23>22,8,11,20,23
2,3,7,8,11,15,20,22,23>2,3,8,16,21,22,20,23
2,3,7,8,11,15,20,22,23>4,8,11,15,16,21,20,23
2,3,7,8,11,15,20,22,23>2,7,8,11,20,23
1,5,6,7,10,14,15,16,17,18,19,21,22,23>2,11,12,14,17,20,7,15,16,18,19,22,23
1,5,6,7,10,14,15,16,17,18,19,21,22,23>12,1,2,14,7,15,16,18,19,22,23
1,5,6,7,10,14,15,16,17,18,19,21,22,23>2,5,12,14,21,7,15,16,18,19,22,23
1,5,6,7,10,14,15,16,17,18,19,21,22,23>6,10,11,12,17,20,21,7,15,16,18,19,22,23
1,5,6,7,10,14,15,16,17,18,19,21,22,23>5,6,10,11,12,7,15,16,18,19,22,23
1,5,6,7,10,14,15,16,17,18,19,21,22,23>1,2,5,6,14,21,7,15,16,18,19,22,23
1,5,6,7,10,14,15,16,17,18,19,21,22,23>21,20,6,8,7,15,16,18,19,22,23
1,5,6,7,10,14,15,16,17,18,19,21,22,23>1,2,6,8,11,17,21,7,15,16,18,19,22,23
1,2,4,6,8,11,12,14,15,16,17,19,20,21,22>1,19,12,15,2,8,16,21,22
1,2,4,6,8,11,12,14,15,16,17,19,20,21,22>1,6,12,13,14,19,23,2,8,16,21,22
1,2,4,6,8,11,12,14,15,16,17,19,20,21,22>1,4,6,14,17,19,20,23,2,8,16,21,22
1,2,4,6,8,11,12,14,15,16,17,19,20,21,22>4,6,7,13,15,19,2,8,16,21,22
1,2,4,6,8,11,12,14,15,16,17,19,20,21,22>4,11,12,13,14,20,2,8,16,21,22
1,2,4,6,8,11,12,14,15,16,17,19,20,21,22>1,4,11,13,19,23,2,8,16,21,22
1,2,4,6,8,11,12,14,15,16,17,19,20,21,22>1,4,6,11,12,17,20,2,8,16,21,22
1,2,4,6,8,11,12,14,15,16,17,19,20,21,22>6,7,11,12,13,17,19,2,8,16,21,22
2,3,4,9,13,14,15,17,21>21,22,17,4,13,14,15
2,3,4,9,13,14,15,17,21>21,22,10,18,4,13,14,15
2,3,4,9,13,14,15,17,21>3,9,10,17,18,22,4,13,14,15
2,3,4,9,13,14,15,17,21>2,3,9,10,17,4,13,14,15
2,3,4,9,13,14,15,17,21>2,16,18,21,22,4,13,14,15
2,3,4,9,13,14,15,17,21>3,9,16,17,18,4,13,14,15
2,3,4,9,13,14,15,17,21>2,10,16,17,4,13,14,15
2,3,4,9,13,14,15,17,21>9,10,16,18,21,4,13,14,15
1,2,3,4,5,7,8,10,11,14,15,16,18,19,20,22,23>1,11,15,21,22,2,4,8,16,19,20,23
1,2,3,4,5,7,8,10,11,14,15,16,18,19,20,22,23>15,22,5,11,2,4,8,16,19,20,23
1,2,3,4,5,7,8,10,11,14,15,16,18,19,20,22,23>18,3,5,2,4,8,16,19,20,23
1,2,3,4,5,7,8,10,11,14,15,16,18,19,20,22,23>21,5,7,14,2,4,8,16,19,20,23
1,2,3,4,5,7,8,10,11,14,15,16,18,19,20,22,23>1,5,7,15,21,22,2,4,8,16,19,20,23
1,2,3,4,5,7,8,10,11,14,15,16,18,19,20,22,23>1,5,10,11,14,15,2,4,8,16,19,20,23
1,2,3,4,5,7,8,10,11,14,15,16,18,19,20,22,23>7,10,11,15,22,2,4,8,16,19,20,23
1,2,3,4,5,7,8,10,11,14,15,16,18,19,20,22,23>5,7,10,15,18,21,2,4,8,16,19,20,23
1,4,8,9,10,13,14,16,17,18,21>2,17,18,19,21,8,16,10,14
1,4,8,9,10,13,14,16,17,18,21>4,12,13,19,22,8,16,10,14
1,4,8,9,10,13,14,16,17,18,21>9,11,12,19,21,8,16,10,14
1,4,8,9,10,13,14,16,17,18,21>1,2,11,12,18,19,21,22,8,16,10,14
1,4,8,9,10,13,14,16,17,18,21>17,9,11,13,8,16,10,14
1,4,8,9,10,13,14,16,17,18,21>4,9,11,17,19,22,8,16,10,14
1,4,8,9,10,13,14,16,17,18,21>1,4,9,11,12,13,18,8,16,10,14
1,4,8,9,10,13,14,16,17,18,21>2,4,9,11,13,18,22,8,16,10,14
1,2,7,13,15,17,20,21,23>1,14,23,18,17,2,20,21
1,2,7,13,15,17,20,21,23>1,13,14,16,18,22,17,2,20,21
1,2,7,13,15,17,20,21,23>7,15,16,18,22,17,2,20,21
1,2,7,13,15,17,20,21,23>13,15,16,18,17,2,20,21
1,2,7,13,15,17,20,21,23>7,13,15,18,23,17,2,20,21
1,2,7,13,15,17,20,21,23>7,13,15,16,23,17,2,20,21
1,2,7,13,15,17,20,21,23>22,14,15,17,2,20,21
1,2,7,13,15,17,20,21,23>7,13,14,15,16,17,2,20,21
1,3,5,9,11,14,16,17,18,19,22,23>1,2,8,9,14,17,20,18,19,23
1,3,5,9,11,14,16,17,18,19,22,23>2,4,8,9,14,15,16,17,22,18,19,23
1,3,5,9,11,14,16,17,18,19,22,23>3,4,14,16,17,18,19,23
1,3,5,9,11,14,16,17,18,19,22,23>1,2,3,5,14,15,16,17,20,22,18,19,23
1,3,5,9,11,14,16,17,18,19,22,23>4,5,9,11,15,16,18,19,23
1,3,5,9,11,14,16,17,18,19,22,23>1,4,5,11,12,15,16,22,18,19,23
1,3,5,9,11,14,16,17,18,19,22,23>2,3,4,5,12,16,17,20,18,19,23
1,3,5,9,11,14,16,17,18,19,22,23>4,5,9,11,16,17,20,22,18,19,23
2,8,11,16,21,22,23>2,11,12,8,22,23
2,8,11,16,21,22,23>2,11,16,8,22,23
2,8,11,16,21,22,23>2,12,16,8,22,23
2,8,11,16,21,22,23>11,12,16,8,22,23
2,8,11,16,21,22,23>2,11,21,8,22,23
2,8,11,16,21,22,23>2,12,21,8,22,23
2,8,11,16,21,22,23>2,16,21,8,22,23
2,8,11,16,21,22,23>11,16,21,8,22,23
1,3,4,5,6,7,9,10,11,12,13,18,20,21>1,9,11,14,16,18,19,20,22,4,6,7,10,13,21
1,3,4,5,6,7,9,10,11,12,13,18,20,21>2,9,12,14,17,18,19,20,22,4,6,7,10,13,21
1,3,4,5,6,7,9,10,11,12,13,18,20,21>3,11,12,16,18,22,4,6,7,10,13,21
1,3,4,5,6,7,9,10,11,12,13,18,20,21>1,2,8,9,11,12,14,16,19,22,4,6,7,10,13,21
1,3,4,5,6,7,9,10,11,12,13,18,20,21>1,3,8,11,12,14,18,22,4,6,7,10,13,21
1,3,4,5,6,7,9,10,11,12,13,18,20,21>1,3,8,9,16,17,18,20,4,6,7,10,13,21
1,3,4,5,6,7,9,10,11,12,13,18,20,21>5,8,9,12,14,22,4,6,7,10,13,21
1,3,4,5,6,7,9,10,11,12,13,18,20,21>2,3,5,8,9,11,12,16,17,18,19,4,6,7,10,13,21
