TCR,NFAT,IFN-\beta,IFN-\betaR,IL-18,IL-18R,IRAK,SOCS1,IL-12,IL-12R,STAT4,T-bet,IFN-\gamma,IFN-\gammaR,JAK1,STAT1,IL-4,IL-4R,STAT6,GATA3,IL-10,IL-10R,STAT3
2,4,6,7,9,11,12,13,17,18,19,20,21,22>2,4,6,11,16,23,7,13,17,18,19,21,22
2,4,6,7,9,11,12,13,17,18,19,20,21,22>14,2,8,16,7,13,17,18,19,21,22
2,4,6,7,9,11,12,13,17,18,19,20,21,22>6,8,12,14,20,23,7,13,17,18,19,21,22
2,4,6,7,9,11,12,13,17,18,19,20,21,22>2,4,9,14,16,7,13,17,18,19,21,22
2,4,6,7,9,11,12,13,17,18,19,20,21,22>16,8,9,12,7,13,17,18,19,21,22
2,4,6,7,9,11,12,13,17,18,19,20,21,22>4,6,8,9,11,14,20,23,7,13,17,18,19,21,22
2,3,6,7,10,12,13,14,16,17,19,21,23>2,4,6,17,18,22,12,14,7
2,3,6,7,10,12,13,14,16,17,19,21,23>3,4,6,10,11,15,16,18,19,22,23,12,14,7
2,3,6,7,10,12,13,14,16,17,19,21,23>2,8,10,11,16,17,19,22,12,14,7
2,3,6,7,10,12,13,14,16,17,19,21,23>2,3,4,8,11,15,16,17,22,12,14,7
2,3,6,7,10,12,13,14,16,17,19,21,23>2,3,6,8,11,13,15,16,17,19,21,12,14,7
2,3,6,7,10,12,13,14,16,17,19,21,23>3,4,6,8,10,11,16,18,21,12,14,7
3,4,7,10,14,15,18,19,21,22,23>3,7,10,16,18,4,15,19,22,23
3,4,7,10,14,15,18,19,21,22,23>20,3,7,10,4,15,19,22,23
3,4,7,10,14,15,18,19,21,22,23>3,11,16,18,21,4,15,19,22,23
3,4,7,10,14,15,18,19,21,22,23>7,10,11,18,21,4,15,19,22,23
3,4,7,10,14,15,18,19,21,22,23>3,10,14,16,18,20,4,15,19,22,23
3,4,7,10,14,15,18,19,21,22,23>20,3,11,14,4,15,19,22,23
1,5,6,11,13,17,22>1,5,14,17,18,22,23,13,6
1,5,6,11,13,17,22>1,2,5,18,23,13,6
1,5,6,11,13,17,22>2,23,7,14,13,6
1,5,6,11,13,17,22>1,2,5,7,14,17,18,22,13,6
1,5,6,11,13,17,22>1,7,11,14,17,13,6
1,5,6,11,13,17,22>5,7,11,14,17,18,22,13,6
1,2,3,4,6,9,10,13,16,17,19,22>12,18,19,20,22,16,2,4,13
1,2,3,4,6,9,10,13,16,17,19,22>3,10,12,14,17,18,16,2,4,13
1,2,3,4,6,9,10,13,16,17,19,22>1,6,7,9,12,17,19,16,2,4,13
1,2,3,4,6,9,10,13,16,17,19,22>7,8,9,10,12,14,17,19,23,16,2,4,13
1,2,3,4,6,9,10,13,16,17,19,22>1,3,6,8,12,18,20,23,16,2,4,13
1,2,3,4,6,9,10,13,16,17,19,22>7,8,11,14,19,20,16,2,4,13
1,3,6,8,9,10,11,12,13,14,16,17,18,19,20,23>1,10,11,12,13,16,17,8,19,14
1,3,6,8,9,10,11,12,13,14,16,17,18,19,20,23>1,3,7,9,10,12,13,16,17,8,19,14
1,3,6,8,9,10,11,12,13,14,16,17,18,19,20,23>2,3,4,9,11,13,16,18,20,23,8,19,14
1,3,6,8,9,10,11,12,13,14,16,17,18,19,20,23>2,3,6,9,10,11,13,16,17,8,19,14
1,3,6,8,9,10,11,12,13,14,16,17,18,19,20,23>1,2,3,6,7,9,10,11,13,18,20,23,8,19,14
1,3,6,8,9,10,11,12,13,14,16,17,18,19,20,23>1,2,4,6,7,11,21,23,8,19,14
1,6,8,10,11,12,17,19,20>1,20,19,12,8,17
1,6,8,10,11,12,17,19,20>13,19,2,6,8,17
1,6,8,10,11,12,17,19,20>2,6,11,12,13,20,8,17
1,6,8,10,11,12,17,19,20>1,21,7,19,8,17
1,6,8,10,11,12,17,19,20>2,7,12,13,19,21,8,17
1,6,8,10,11,12,17,19,20>13,20,6,10,8,17
1,3,4,5,6,7,10,14,15,16,17,19,20,23>2,8,14,17,21,23,4,7,15,16,20
1,3,4,5,6,7,10,14,15,16,17,19,20,23>2,5,17,18,19,21,4,7,15,16,20
1,3,4,5,6,7,10,14,15,16,17,19,20,23>1,3,5,8,14,17,4,7,15,16,20
1,3,4,5,6,7,10,14,15,16,17,19,20,23>2,3,5,10,21,23,4,7,15,16,20
1,3,4,5,6,7,10,14,15,16,17,19,20,23>3,6,8,4,7,15,16,20
1,3,4,5,6,7,10,14,15,16,17,19,20,23>3,6,10,18,19,21,4,7,15,16,20
4,6,8,9,10,13,17,18,19>4,11,13,14,16,20,19
4,6,8,9,10,13,17,18,19>6,7,10,11,14,16,17,20,19
4,6,8,9,10,13,17,18,19>4,8,10,13,14,16,18,19
4,6,8,9,10,13,17,18,19>4,6,8,13,14,16,19
4,6,8,9,10,13,17,18,19>4,7,8,9,13,14,16,18,20,19
4,6,8,9,10,13,17,18,19>4,7,8,9,10,11,13,16,17,18,20,19
5,6,12,14,15,16,18,19,20,21>18,7,13,14,16,19,21,15
5,6,12,14,15,16,18,19,20,21>5,22,7,14,16,19,21,15
5,6,12,14,15,16,18,19,20,21>5,22,12,16,19,21,15
5,6,12,14,15,16,18,19,20,21>7,12,13,14,20,22,16,19,21,15
5,6,12,14,15,16,18,19,20,21>22,8,12,13,16,19,21,15
5,6,12,14,15,16,18,19,20,21>6,8,12,13,14,20,16,19,21,15
2,5,6,7,8,13,14,15,17,19,22>19,2,6,23,13,14,7
2,5,6,7,8,13,14,15,17,19,22>2,8,16,17,23,13,14,7
2,5,6,7,8,13,14,15,17,19,22>5,8,17,20,22,23,13,14,7
2,5,6,7,8,13,14,15,17,19,22>2,6,8,16,17,19,22,13,14,7
2,5,6,7,8,13,14,15,17,19,22>5,6,15,20,22,13,14,7
2,5,6,7,8,13,14,15,17,19,22>5,6,15,17,13,14,7
1,3,4,5,9,10,11,13,15,16,19,20,21,22>11,1,2,23,4,13,16,20,21,22
1,3,4,5,9,10,11,13,15,16,19,20,21,22>1,2,10,11,14,4,13,16,20,21,22
1,3,4,5,9,10,11,13,15,16,19,20,21,22>1,3,9,11,19,23,4,13,16,20,21,22
1,3,4,5,9,10,11,13,15,16,19,20,21,22>1,8,9,14,23,4,13,16,20,21,22
1,3,4,5,9,10,11,13,15,16,19,20,21,22>1,3,8,14,23,4,13,16,20,21,22
1,3,4,5,9,10,11,13,15,16,19,20,21,22>2,3,5,8,9,11,15,19,4,13,16,20,21,22
1,2,7,10,11,14,15,17,19,21,22>1,7,10,17,20,23,2,11,22,15
1,2,7,10,11,14,15,17,19,21,22>1,13,18,19,20,2,11,22,15
1,2,7,10,11,14,15,17,19,21,22>10,13,16,18,20,2,11,22,15
1,2,7,10,11,14,15,17,19,21,22>7,10,13,16,18,21,2,11,22,15
1,2,7,10,11,14,15,17,19,21,22>20,21,14,2,11,22,15
1,2,7,10,11,14,15,17,19,21,22>10,14,16,17,19,21,23,2,11,22,15
2,5,6,7,8,10,14,15,16,17,18,19,22>2,10,13,14,18,20,23,8,16,19,7
2,5,6,7,8,10,14,15,16,17,18,19,22>2,5,10,13,14,15,8,16,19,7
2,5,6,7,8,10,14,15,16,17,18,19,22>11,13,14,15,20,22,23,8,16,19,7
2,5,6,7,8,10,14,15,16,17,18,19,22>2,11,12,13,17,18,20,8,16,19,7
2,5,6,7,8,10,14,15,16,17,18,19,22>5,11,14,17,20,8,16,19,7
2,5,6,7,8,10,14,15,16,17,18,19,22>2,10,11,12,13,14,15,17,8,16,19,7
1,4,5,6,7,8,13,14,15,17,21>1,5,16,17,21,14,13,6,7
1,4,5,6,7,8,13,14,15,17,21>22,4,5,15,14,13,6,7
1,4,5,6,7,8,13,14,15,17,21>1,2,8,15,17,21,22,14,13,6,7
1,4,5,6,7,8,13,14,15,17,21>1,2,4,8,16,21,14,13,6,7
1,4,5,6,7,8,13,14,15,17,21>1,2,5,8,15,16,14,13,6,7
1,4,5,6,7,8,13,14,15,17,21>2,4,5,8,15,14,13,6,7
1,2,3,7,8,9,11,13,14,16,19,21,23>13,16,11,12,8,2,14
1,2,3,7,8,9,11,13,14,16,19,21,23>19,22,11,8,2,14
1,2,3,7,8,9,11,13,14,16,19,21,23>9,11,12,13,20,21,8,2,14
1,2,3,7,8,9,11,13,14,16,19,21,23>1,3,9,13,19,20,21,22,23,8,2,14
1,2,3,7,8,9,11,13,14,16,19,21,23>7,9,11,13,16,20,21,22,23,8,2,14
1,2,3,7,8,9,11,13,14,16,19,21,23>4,7,9,13,19,20,21,22,8,2,14
2,3,4,7,8,10,11,13,14,17,18,19,20,22,23>3,11,13,4,14,17,19,20,23
2,3,4,7,8,10,11,13,14,17,18,19,20,22,23>3,7,8,13,16,22,4,14,17,19,20,23
2,3,4,7,8,10,11,13,14,17,18,19,20,22,23>10,13,16,18,21,4,14,17,19,20,23
2,3,4,7,8,10,11,13,14,17,18,19,20,22,23>7,10,13,16,21,4,14,17,19,20,23
2,3,4,7,8,10,11,13,14,17,18,19,20,22,23>3,7,10,16,18,21,22,4,14,17,19,20,23
2,3,4,7,8,10,11,13,14,17,18,19,20,22,23>3,7,8,10,13,21,22,4,14,17,19,20,23
2,5,11,12,13,16,18,19,20,22,23>2,21,11,13,19,23
2,5,11,12,13,16,18,19,20,22,23>5,11,13,14,16,20,19,23
2,5,11,12,13,16,18,19,20,22,23>2,5,11,13,14,20,22,19,23
2,5,11,12,13,16,18,19,20,22,23>16,20,12,19,23
2,5,11,12,13,16,18,19,20,22,23>2,12,14,16,18,19,23
2,5,11,12,13,16,18,19,20,22,23>8,11,12,14,19,23
2,3,4,7,8,9,10,12,15,16,17,19,22>11,13,15,17,22,23,8,16,4,12
2,3,4,7,8,9,10,12,15,16,17,19,22>3,7,11,17,19,22,23,8,16,4,12
2,3,4,7,8,9,10,12,15,16,17,19,22>2,7,9,8,16,4,12
2,3,4,7,8,9,10,12,15,16,17,19,22>7,10,19,22,23,8,16,4,12
2,3,4,7,8,9,10,12,15,16,17,19,22>2,7,10,11,13,19,23,8,16,4,12
2,3,4,7,8,9,10,12,15,16,17,19,22>3,7,9,10,17,22,8,16,4,12
2,3,6,9,13,15,17,18,19,20,21,23>4,13,15,16,23,17,18,19,20,21
2,3,6,9,13,15,17,18,19,20,21,23>6,9,13,14,15,22,23,17,18,19,20,21
2,3,6,9,13,15,17,18,19,20,21,23>3,4,6,14,16,22,17,18,19,20,21
2,3,6,9,13,15,17,18,19,20,21,23>2,7,9,13,14,15,16,23,17,18,19,20,21
2,3,6,9,13,15,17,18,19,20,21,23>2,3,7,9,15,16,17,18,19,20,21
2,3,6,9,13,15,17,18,19,20,21,23>4,7,9,15,16,22,17,18,19,20,21
1,4,9,10,11,12,14,16,18,22,23>1,22,14,19,10,11,12,16,23
1,4,9,10,11,12,14,16,18,22,23>2,14,15,19,22,10,11,12,16,23
1,4,9,10,11,12,14,16,18,22,23>1,8,14,18,19,10,11,12,16,23
1,4,9,10,11,12,14,16,18,22,23>1,8,15,18,22,10,11,12,16,23
1,4,9,10,11,12,14,16,18,22,23>1,2,4,9,15,19,22,10,11,12,16,23
1,4,9,10,11,12,14,16,18,22,23>4,8,9,14,15,18,22,10,11,12,16,23
8,12,18,20,21>13,20,22,8,21
8,12,18,20,21>12,13,17,22,8,21
8,12,18,20,21>12,13,18,8,21
8,12,18,20,21>19,20,8,21
8,12,18,20,21>12,18,19,8,21
8,12,18,20,21>13,17,18,19,22,8,21
3,11,12,13,17,18,19,20,21,22,23>3,11,14,17,18,19,21,22,23
3,11,12,13,17,18,19,20,21,22,23>8,11,13,14,17,18,19,21,22,23
3,11,12,13,17,18,19,20,21,22,23>20,8,12,14,17,18,19,21,22,23
3,11,12,13,17,18,19,20,21,22,23>20,11,12,13,17,18,19,21,22,23
3,11,12,13,17,18,19,20,21,22,23>8,11,12,13,17,18,19,21,22,23
3,11,12,13,17,18,19,20,21,22,23>4,8,11,12,14,17,18,19,21,22,23
1,2,3,5,7,8,9,10,12,13,14,15,16,17,20>1,7,9,12,15,20,21,2,8,10,13,14,16
1,2,3,5,7,8,9,10,12,13,14,15,16,17,20>3,4,5,12,17,21,2,8,10,13,14,16
1,2,3,5,7,8,9,10,12,13,14,15,16,17,20>12,15,6,7,2,8,10,13,14,16
1,2,3,5,7,8,9,10,12,13,14,15,16,17,20>1,17,5,6,2,8,10,13,14,16
1,2,3,5,7,8,9,10,12,13,14,15,16,17,20>1,3,5,6,9,12,15,20,2,8,10,13,14,16
1,2,3,5,7,8,9,10,12,13,14,15,16,17,20>4,5,6,7,20,2,8,10,13,14,16
1,2,6,7,8,11,12,14,15,16,18,19,20,21,22,23>20,11,2,7,8,16,19,21,22,23
1,2,6,7,8,11,12,14,15,16,18,19,20,21,22,23>1,6,11,18,2,7,8,16,19,21,22,23
1,2,6,7,8,11,12,14,15,16,18,19,20,21,22,23>1,6,12,2,7,8,16,19,21,22,23
1,2,6,7,8,11,12,14,15,16,18,19,20,21,22,23>20,12,14,15,2,7,8,16,19,21,22,23
1,2,6,7,8,11,12,14,15,16,18,19,20,21,22,23>1,12,14,18,20,2,7,8,16,19,21,22,23
1,2,6,7,8,11,12,14,15,16,18,19,20,21,22,23>6,11,12,14,18,2,7,8,16,19,21,22,23
1,4,6,7,8,10,12,14,15,16,18,23>15,1,2,23,8,16,12,7
1,4,6,7,8,10,12,14,15,16,18,23>2,10,11,19,23,8,16,12,7
1,4,6,7,8,10,12,14,15,16,18,23>6,10,11,15,19,23,8,16,12,7
1,4,6,7,8,10,12,14,15,16,18,23>1,6,10,15,18,8,16,12,7
1,4,6,7,8,10,12,14,15,16,18,23>1,2,6,10,14,18,19,8,16,12,7
1,4,6,7,8,10,12,14,15,16,18,23>4,6,10,18,19,23,8,16,12,7
2,3,5,6,7,8,9,11,13,14,15,17,18,19>2,8,9,15,16,17,19,13,14,7
2,3,5,6,7,8,9,11,13,14,15,17,18,19>2,3,8,11,20,19,13,14,7
2,3,5,6,7,8,9,11,13,14,15,17,18,19>3,5,8,16,20,19,13,14,7
2,3,5,6,7,8,9,11,13,14,15,17,18,19>3,4,5,8,19,13,14,7
2,3,5,6,7,8,9,11,13,14,15,17,18,19>4,6,8,9,15,17,18,19,13,14,7
2,3,5,6,7,8,9,11,13,14,15,17,18,19>3,5,6,8,16,17,19,13,14,7
1,2,3,5,6,7,9,10,11,18,19,20,23>1,3,4,5,11,17,21,23,2,19,20,7
1,2,3,5,6,7,9,10,11,18,19,20,23>6,9,10,18,23,2,19,20,7
1,2,3,5,6,7,9,10,11,18,19,20,23>1,4,6,10,11,21,2,19,20,7
1,2,3,5,6,7,9,10,11,18,19,20,23>1,3,4,6,11,18,21,2,19,20,7
1,2,3,5,6,7,9,10,11,18,19,20,23>4,5,6,10,11,17,21,23,2,19,20,7
1,2,3,5,6,7,9,10,11,18,19,20,23>1,3,4,5,6,9,10,11,23,2,19,20,7
2,4,5,6,8,9,10,11,12,13,19,20,22>2,9,11,17,21,8,13
2,4,5,6,8,9,10,11,12,13,19,20,22>2,4,12,17,19,20,21,22,23,8,13
2,4,5,6,8,9,10,11,12,13,19,20,22>2,4,10,14,17,19,20,21,22,23,8,13
2,4,5,6,8,9,10,11,12,13,19,20,22>2,6,19,21,23,8,13
2,4,5,6,8,9,10,11,12,13,19,20,22>4,7,10,14,16,19,20,21,22,23,8,13
2,4,5,6,8,9,10,11,12,13,19,20,22>2,4,7,10,11,12,16,20,8,13
2,4,11,15,18,19,21,22>2,16,18,20,21,19,22
2,4,11,15,18,19,21,22>2,4,11,16,18,21,23,19,22
2,4,11,15,18,19,21,22>2,4,13,20,21,19,22
2,4,11,15,18,19,21,22>2,4,15,16,21,23,19,22
2,4,11,15,18,19,21,22>2,4,11,15,21,19,22
2,4,11,15,18,19,21,22>2,4,13,15,16,18,23,19,22
2,4,6,7,8,9,11,12,13,14,16,18,19,20>2,21,12,18,7,8,13,14,16,19
2,4,6,7,8,9,11,12,13,14,16,18,19,20>21,4,18,7,8,13,14,16,19
2,4,6,7,8,9,11,12,13,14,16,18,19,20>2,6,12,18,7,8,13,14,16,19
2,4,6,7,8,9,11,12,13,14,16,18,19,20>20,9,12,7,8,13,14,16,19
2,4,6,7,8,9,11,12,13,14,16,18,19,20>21,4,9,12,7,8,13,14,16,19
2,4,6,7,8,9,11,12,13,14,16,18,19,20>9,11,18,20,21,7,8,13,14,16,19
3,4,7,11,15,17,18,22,23>3,7,17,19,22,18,4,23
3,4,7,11,15,17,18,22,23>3,11,17,18,4,23
3,4,7,11,15,17,18,22,23>7,11,17,19,22,18,4,23
3,4,7,11,15,17,18,22,23>3,7,11,19,18,4,23
3,4,7,11,15,17,18,22,23>7,11,15,19,22,18,4,23
3,4,7,11,15,17,18,22,23>22,16,17,19,18,4,23
1,2,3,4,5,6,7,9,10,13,14,16,21,22>3,8,11,12,15,2,4,6,7,10,13,14,16,22
1,2,3,4,5,6,7,9,10,13,14,16,21,22>1,3,5,8,11,15,23,2,4,6,7,10,13,14,16,22
1,2,3,4,5,6,7,9,10,13,14,16,21,22>9,11,12,15,21,23,2,4,6,7,10,13,14,16,22
1,2,3,4,5,6,7,9,10,13,14,16,21,22>1,3,5,9,11,12,2,4,6,7,10,13,14,16,22
1,2,3,4,5,6,7,9,10,13,14,16,21,22>1,3,5,9,11,15,2,4,6,7,10,13,14,16,22
1,2,3,4,5,6,7,9,10,13,14,16,21,22>1,5,8,9,12,21,23,2,4,6,7,10,13,14,16,22
1,2,3,4,5,7,8,9,10,11,14,15,20,21,22>11,15,8,23,2,4,10,20,21,22
1,2,3,4,5,7,8,9,10,11,14,15,20,21,22>1,9,11,16,17,23,2,4,10,20,21,22
1,2,3,4,5,7,8,9,10,11,14,15,20,21,22>3,8,11,13,14,16,2,4,10,20,21,22
1,2,3,4,5,7,8,9,10,11,14,15,20,21,22>13,5,17,9,2,4,10,20,21,22
1,2,3,4,5,7,8,9,10,11,14,15,20,21,22>5,7,9,13,15,2,4,10,20,21,22
1,2,3,4,5,7,8,9,10,11,14,15,20,21,22>1,5,7,8,14,23,2,4,10,20,21,22
2,4,5,7,8,10,11,13,15,17,18,23>2,4,5,7,8,10,15,17,11
2,4,5,7,8,10,11,13,15,17,18,23>7,8,10,15,16,18,19,11
2,4,5,7,8,10,11,13,15,17,18,23>4,5,7,10,14,16,17,23,11
2,4,5,7,8,10,11,13,15,17,18,23>2,4,5,7,10,13,15,16,18,11
2,4,5,7,8,10,11,13,15,17,18,23>6,7,8,14,15,17,19,23,11
2,4,5,7,8,10,11,13,15,17,18,23>5,6,7,16,17,18,19,11
2,3,7,8,9,11,15,19,20,22>2,3,4,9,11,15,17,21,22,20
2,3,7,8,9,11,15,19,20,22>3,7,9,13,15,16,21,22,23,20
2,3,7,8,9,11,15,19,20,22>3,7,11,13,21,20
2,3,7,8,9,11,15,19,20,22>2,3,4,7,8,9,11,13,16,19,23,20
2,3,7,8,9,11,15,19,20,22>2,4,7,8,11,13,17,22,20
2,3,7,8,9,11,15,19,20,22>2,3,4,7,8,9,16,17,20
1,2,4,7,9,10,11,13,15,16,20,22>1,7,11,15,21,22,2,10,13,16,20
1,2,4,7,9,10,11,13,15,16,20,22>1,7,14,15,21,22,2,10,13,16,20
1,2,4,7,9,10,11,13,15,16,20,22>1,4,7,21,22,2,10,13,16,20
1,2,4,7,9,10,11,13,15,16,20,22>1,7,8,11,15,22,23,2,10,13,16,20
1,2,4,7,9,10,11,13,15,16,20,22>1,7,8,11,21,2,10,13,16,20
1,2,4,7,9,10,11,13,15,16,20,22>1,7,9,14,22,23,2,10,13,16,20
1,2,3,5,7,10,12,15,17,19,20,22>8,10,15,16,18,23,17,2
1,2,3,5,7,10,12,15,17,19,20,22>16,13,15,4,17,2
1,2,3,5,7,10,12,15,17,19,20,22>1,5,10,12,15,16,20,21,22,17,2
1,2,3,5,7,10,12,15,17,19,20,22>15,16,7,17,2
1,2,3,5,7,10,12,15,17,19,20,22>1,5,7,8,12,13,16,18,19,21,22,23,17,2
1,2,3,5,7,10,12,15,17,19,20,22>1,5,7,16,19,20,17,2
1,2,3,5,7,9,11,15,16,22,23>1,7,9,10,12,16,2,23
1,2,3,5,7,9,11,15,16,22,23>3,7,8,9,22,16,2,23
1,2,3,5,7,9,11,15,16,22,23>3,7,10,11,15,22,16,2,23
1,2,3,5,7,9,11,15,16,22,23>4,5,8,10,11,12,15,22,16,2,23
1,2,3,5,7,9,11,15,16,22,23>3,4,6,7,8,10,12,22,16,2,23
1,2,3,5,7,9,11,15,16,22,23>5,6,7,9,10,11,12,22,16,2,23
1,5,9,12,16,18,20,21,22>1,5,10,13,16,18,23,21,22
1,5,9,12,16,18,20,21,22>1,5,6,10,12,18,19,21,22
1,5,9,12,16,18,20,21,22>2,8,10,16,19,20,21,22
1,5,9,12,16,18,20,21,22>1,5,8,9,12,13,18,20,21,22
1,5,9,12,16,18,20,21,22>1,6,8,12,13,19,20,21,22
1,5,9,12,16,18,20,21,22>2,6,8,13,16,18,19,23,21,22
1,2,3,4,5,6,9,10,13,15,18,20,21,22>16,17,18,19,2,4,6,10,13,20,21,22
1,2,3,4,5,6,9,10,13,15,18,20,21,22>3,5,16,18,23,2,4,6,10,13,20,21,22
1,2,3,4,5,6,9,10,13,15,18,20,21,22>1,3,5,7,15,16,17,19,2,4,6,10,13,20,21,22
1,2,3,4,5,6,9,10,13,15,18,20,21,22>1,3,5,9,17,19,2,4,6,10,13,20,21,22
1,2,3,4,5,6,9,10,13,15,18,20,21,22>1,7,9,15,17,18,19,2,4,6,10,13,20,21,22
1,2,3,4,5,6,9,10,13,15,18,20,21,22>1,3,7,9,16,2,4,6,10,13,20,21,22
1,2,4,5,7,8,9,10,11,14,16,18,19,21,22,23>1,4,5,7,18,2,8,11,16,19,22,23
1,2,4,5,7,8,9,10,11,14,16,18,19,21,22,23>4,9,10,14,18,20,2,8,11,16,19,22,23
1,2,4,5,7,8,9,10,11,14,16,18,19,21,22,23>4,5,9,12,18,21,2,8,11,16,19,22,23
1,2,4,5,7,8,9,10,11,14,16,18,19,21,22,23>4,7,9,10,20,21,2,8,11,16,19,22,23
1,2,4,5,7,8,9,10,11,14,16,18,19,21,22,23>1,4,7,9,12,14,18,20,21,2,8,11,16,19,22,23
1,2,4,5,7,8,9,10,11,14,16,18,19,21,22,23>1,5,7,9,14,18,20,21,2,8,11,16,19,22,23
1,2,5,6,7,8,9,10,11,14,16,17,21>5,9,16,17,21,2,6,7,8,10,11
1,2,5,6,7,8,9,10,11,14,16,17,21>1,9,12,14,17,22,2,6,7,8,10,11
1,2,5,6,7,8,9,10,11,14,16,17,21>5,13,14,16,22,2,6,7,8,10,11
1,2,5,6,7,8,9,10,11,14,16,17,21>1,12,13,14,17,21,2,6,7,8,10,11
1,2,5,6,7,8,9,10,11,14,16,17,21>1,9,12,13,17,21,22,2,6,7,8,10,11
1,2,5,6,7,8,9,10,11,14,16,17,21>5,9,12,13,14,17,21,22,2,6,7,8,10,11
2,3,4,5,6,7,8,9,11,13,14,15,17,19,20,22,23>2,5,9,4,7,14,17,20,23
2,3,4,5,6,7,8,9,11,13,14,15,17,19,20,22,23>3,5,11,13,15,19,4,7,14,17,20,23
2,3,4,5,6,7,8,9,11,13,14,15,17,19,20,22,23>2,3,6,13,16,19,21,22,4,7,14,17,20,23
2,3,4,5,6,7,8,9,11,13,14,15,17,19,20,22,23>3,5,6,9,13,21,4,7,14,17,20,23
2,3,4,5,6,7,8,9,11,13,14,15,17,19,20,22,23>3,5,6,9,16,21,22,4,7,14,17,20,23
2,3,4,5,6,7,8,9,11,13,14,15,17,19,20,22,23>2,3,6,8,11,13,19,4,7,14,17,20,23
1,3,4,5,7,9,12,13,14,19,21>2,8,9,15,16,13,4,12,14
1,3,4,5,7,9,12,13,14,19,21>1,2,9,15,19,13,4,12,14
1,3,4,5,7,9,12,13,14,19,21>1,2,15,16,21,13,4,12,14
1,3,4,5,7,9,12,13,14,19,21>1,3,5,8,9,21,22,13,4,12,14
1,3,4,5,7,9,12,13,14,19,21>1,3,7,9,15,16,22,13,4,12,14
1,3,4,5,7,9,12,13,14,19,21>2,3,7,8,9,16,19,21,22,13,4,12,14
1,4,7,8,9,10,13,15,16,17,18,20,21,22,23>15,19,2,18,8,10,16,20,21,22,23
1,4,7,8,9,10,13,15,16,17,18,20,21,22,23>1,2,4,13,14,18,19,8,10,16,20,21,22,23
1,4,7,8,9,10,13,15,16,17,18,20,21,22,23>4,7,14,15,18,19,8,10,16,20,21,22,23
1,4,7,8,9,10,13,15,16,17,18,20,21,22,23>1,2,4,7,14,17,18,19,8,10,16,20,21,22,23
1,4,7,8,9,10,13,15,16,17,18,20,21,22,23>2,9,13,15,17,8,10,16,20,21,22,23
1,4,7,8,9,10,13,15,16,17,18,20,21,22,23>1,2,4,9,13,15,18,8,10,16,20,21,22,23
5,8,11,12,14,17,19,22,23>5,11,22,8,12,23
5,8,11,12,14,17,19,22,23>5,14,22,8,12,23
5,8,11,12,14,17,19,22,23>5,11,17,8,12,23
5,8,11,12,14,17,19,22,23>14,19,22,8,12,23
5,8,11,12,14,17,19,22,23>5,17,19,8,12,23
5,8,11,12,14,17,19,22,23>11,17,19,8,12,23
1,5,6,7,12,14,15,18,20,23>1,2,14,16,20,15,6,7
1,5,6,7,12,14,15,18,20,23>5,14,16,17,18,21,23,15,6,7
1,5,6,7,12,14,15,18,20,23>5,14,17,19,20,23,15,6,7
1,5,6,7,12,14,15,18,20,23>2,12,17,19,20,23,15,6,7
1,5,6,7,12,14,15,18,20,23>1,5,12,14,17,20,23,15,6,7
1,5,6,7,12,14,15,18,20,23>8,12,16,17,18,20,21,23,15,6,7
3,4,5,6,11,20,21>3,5,16,17,21,4,20,6
3,4,5,6,11,20,21>7,17,21,4,20,6
3,4,5,6,11,20,21>3,11,16,17,21,4,20,6
3,4,5,6,11,20,21>5,13,16,17,22,21,4,20,6
3,4,5,6,11,20,21>3,5,7,13,16,21,4,20,6
3,4,5,6,11,20,21>3,5,7,11,13,22,21,4,20,6
4,5,6,7,8,10,11,12,15,19,22>22,23,6,8,11,12,7
4,5,6,7,8,10,11,12,15,19,22>19,22,10,15,8,11,12,7
4,5,6,7,8,10,11,12,15,19,22>19,22,23,10,8,11,12,7
4,5,6,7,8,10,11,12,15,19,22>4,5,6,10,16,8,11,12,7
4,5,6,7,8,10,11,12,15,19,22>19,4,23,13,8,11,12,7
4,5,6,7,8,10,11,12,15,19,22>4,6,13,15,16,19,8,11,12,7
3,5,7,8,9,11,14,16,20,21>3,6,9,10,11,22,8,20,21
3,5,7,8,9,11,14,16,20,21>13,4,16,6,8,20,21
3,5,7,8,9,11,14,16,20,21>16,13,5,6,8,20,21
3,5,7,8,9,11,14,16,20,21>11,5,6,10,8,20,21
3,5,7,8,9,11,14,16,20,21>3,4,5,6,10,22,8,20,21
3,5,7,8,9,11,14,16,20,21>3,7,11,13,14,22,8,20,21
1,3,7,9,10,17,18,19,20,21,22,23>1,9,10,17,18,19,20,21,22,23
1,3,7,9,10,17,18,19,20,21,22,23>2,10,17,18,19,20,21,22,23
1,3,7,9,10,17,18,19,20,21,22,23>2,9,17,18,19,20,21,22,23
1,3,7,9,10,17,18,19,20,21,22,23>3,4,9,17,18,19,20,21,22,23
1,3,7,9,10,17,18,19,20,21,22,23>3,7,9,17,18,19,20,21,22,23
1,3,7,9,10,17,18,19,20,21,22,23>1,4,7,9,17,18,19,20,21,22,23
1,2,4,5,7,8,9,10,11,13,15,16,18,19,20,22>1,10,11,21,22,23,2,8,13,16,19,20
1,2,4,5,7,8,9,10,11,13,15,16,18,19,20,22>1,4,5,11,14,15,22,2,8,13,16,19,20
1,2,4,5,7,8,9,10,11,13,15,16,18,19,20,22>1,4,5,11,18,22,2,8,13,16,19,20
1,2,4,5,7,8,9,10,11,13,15,16,18,19,20,22>1,5,7,11,14,18,21,2,8,13,16,19,20
1,2,4,5,7,8,9,10,11,13,15,16,18,19,20,22>15,4,9,10,2,8,13,16,19,20
1,2,4,5,7,8,9,10,11,13,15,16,18,19,20,22>7,9,10,15,18,2,8,13,16,19,20
3,5,8,10,11,12,16,19,20,22,23>3,4,12,20,21,22,8,23
3,5,8,10,11,12,16,19,20,22,23>19,20,5,22,8,23
3,5,8,10,11,12,16,19,20,22,23>22,4,5,10,8,23
3,5,8,10,11,12,16,19,20,22,23>21,11,12,16,8,23
3,5,8,10,11,12,16,19,20,22,23>3,4,11,12,19,20,21,8,23
3,5,8,10,11,12,16,19,20,22,23>4,5,10,11,16,8,23
3,4,6,8,9,11,13,14,17,18,19,20>18,21,16,4,13,14,17,19,20
3,4,6,8,9,11,13,14,17,18,19,20>3,6,7,11,18,4,13,14,17,19,20
3,4,6,8,9,11,13,14,17,18,19,20>6,7,8,16,18,4,13,14,17,19,20
3,4,6,8,9,11,13,14,17,18,19,20>3,9,11,16,21,4,13,14,17,19,20
3,4,6,8,9,11,13,14,17,18,19,20>18,21,6,9,4,13,14,17,19,20
3,4,6,8,9,11,13,14,17,18,19,20>3,6,9,11,16,4,13,14,17,19,20
4,8,10,12,16,17,22,23>4,10,11,8,16,12,23
4,8,10,12,16,17,22,23>4,10,17,8,16,12,23
4,8,10,12,16,17,22,23>4,10,22,8,16,12,23
4,8,10,12,16,17,22,23>4,11,22,8,16,12,23
4,8,10,12,16,17,22,23>4,17,22,8,16,12,23
4,8,10,12,16,17,22,23>10,17,22,8,16,12,23
1,2,4,5,9,10,11,12,14,16,17,20,21,22>1,5,9,11,13,15,2,10,16,21,22
1,2,4,5,9,10,11,12,14,16,17,20,21,22>1,4,5,12,14,18,20,2,10,16,21,22
1,2,4,5,9,10,11,12,14,16,17,20,21,22>5,6,11,12,13,14,15,17,18,20,23,2,10,16,21,22
1,2,4,5,9,10,11,12,14,16,17,20,21,22>4,8,9,11,12,14,17,18,20,23,2,10,16,21,22
1,2,4,5,9,10,11,12,14,16,17,20,21,22>1,5,8,17,18,23,2,10,16,21,22
1,2,4,5,9,10,11,12,14,16,17,20,21,22>1,4,6,8,11,12,13,14,15,23,2,10,16,21,22
2,3,5,10,14,19>14,15,3,11
2,3,5,10,14,19>3,4,13,19,20
2,3,5,10,14,19>4,5,11,13,20
2,3,5,10,14,19>3,4,5,13,15
2,3,5,10,14,19>2,3,4,10,11,13
2,3,5,10,14,19>4,5,10,14,15,19,20
1,4,5,6,9,10,13,15,16,17,19,23>1,2,7,8,11,12,13,15,18,19,16
1,4,5,6,9,10,13,15,16,17,19,23>1,4,7,8,9,10,12,13,18,16
1,4,5,6,9,10,13,15,16,17,19,23>2,4,9,11,12,16
1,4,5,6,9,10,13,15,16,17,19,23>1,5,10,11,12,13,14,15,23,16
1,4,5,6,9,10,13,15,16,17,19,23>2,5,6,7,10,13,14,20,23,16
1,4,5,6,9,10,13,15,16,17,19,23>1,2,4,5,6,7,11,12,14,17,19,16
3,4,5,9,11,13,16,17,20,22,23>3,10,11,13,14,18,21,22,16,4,20,23
3,4,5,9,11,13,16,17,20,22,23>6,10,11,13,14,21,16,4,20,23
3,4,5,9,11,13,16,17,20,22,23>3,5,6,8,13,16,4,20,23
3,4,5,9,11,13,16,17,20,22,23>3,17,9,10,16,4,20,23
3,4,5,9,11,13,16,17,20,22,23>3,5,9,16,4,20,23
3,4,5,9,11,13,16,17,20,22,23>3,8,9,11,18,16,4,20,23
1,2,3,7,8,11,12,15,16,19,21,22>3,4,15,19,21,2,8,12,16,22
1,2,3,7,8,11,12,15,16,19,21,22>7,13,15,19,21,23,2,8,12,16,22
1,2,3,7,8,11,12,15,16,19,21,22>1,3,4,7,13,19,21,2,8,12,16,22
1,2,3,7,8,11,12,15,16,19,21,22>3,11,15,19,21,23,2,8,12,16,22
1,2,3,7,8,11,12,15,16,19,21,22>3,11,13,15,2,8,12,16,22
1,2,3,7,8,11,12,15,16,19,21,22>3,7,11,13,21,23,2,8,12,16,22
1,3,5,6,8,10,12,15,17,18,22,23>1,19,7,15,8,12,6,23
1,3,5,6,8,10,12,15,17,18,22,23>2,10,16,17,19,22,8,12,6,23
1,3,5,6,8,10,12,15,17,18,22,23>2,3,10,11,16,18,8,12,6,23
1,3,5,6,8,10,12,15,17,18,22,23>1,2,3,4,15,16,18,19,8,12,6,23
1,3,5,6,8,10,12,15,17,18,22,23>4,5,10,17,18,8,12,6,23
1,3,5,6,8,10,12,15,17,18,22,23>3,4,5,7,17,19,22,8,12,6,23
1,2,13,14,17,18,19,20,23>1,13,2,14,17,18,19,20
1,2,13,14,17,18,19,20,23>13,15,2,14,17,18,19,20
1,2,13,14,17,18,19,20,23>13,21,2,14,17,18,19,20
1,2,13,14,17,18,19,20,23>1,23,2,14,17,18,19,20
1,2,13,14,17,18,19,20,23>13,23,2,14,17,18,19,20
1,2,13,14,17,18,19,20,23>15,23,2,14,17,18,19,20
1,4,13,19,21>1,2,19,20,21
1,4,13,19,21>1,2,13,16,19,21,22
1,4,13,19,21>2,4,13,20,21
1,4,13,19,21>1,2,4,13,19,21
1,4,13,19,21>20,1,22,14
1,4,13,19,21>1,13,14,16,20
1,2,3,6,8,12,15,16,17,18,19,22>1,13,15,2,8,12,16,19
1,2,3,6,8,12,15,16,17,18,19,22>1,3,4,6,15,17,23,2,8,12,16,19
1,2,3,6,8,12,15,16,17,18,19,22>1,7,13,17,22,23,2,8,12,16,19
1,2,3,6,8,12,15,16,17,18,19,22>3,7,13,17,18,2,8,12,16,19
1,2,3,6,8,12,15,16,17,18,19,22>1,4,7,13,18,2,8,12,16,19
1,2,3,6,8,12,15,16,17,18,19,22>1,3,4,7,22,2,8,12,16,19
3,4,6,10,16,18,21,22,23>3,7,11,12,18,21,16,4,22,23
3,4,6,10,16,18,21,22,23>21,6,7,16,4,22,23
3,4,6,10,16,18,21,22,23>3,10,11,12,18,21,16,4,22,23
3,4,6,10,16,18,21,22,23>7,10,11,12,19,21,16,4,22,23
3,4,6,10,16,18,21,22,23>3,7,10,11,12,18,19,16,4,22,23
3,4,6,10,16,18,21,22,23>7,8,10,11,12,18,21,16,4,22,23
2,3,10,11,15,17,19,20,21,22,23>18,2,4,15,17,20,21,22,23
2,3,10,11,15,17,19,20,21,22,23>2,4,10,15,19,17,20,21,22,23
2,3,10,11,15,17,19,20,21,22,23>3,4,10,16,19,17,20,21,22,23
2,3,10,11,15,17,19,20,21,22,23>2,4,11,15,16,17,20,21,22,23
2,3,10,11,15,17,19,20,21,22,23>3,10,11,16,19,17,20,21,22,23
2,3,10,11,15,17,19,20,21,22,23>2,3,4,10,11,18,19,17,20,21,22,23
1,3,4,6,12,13,14,15,16,18,19,21>1,2,3,21,22,4,12,13,14,15,16,19
1,3,4,6,12,13,14,15,16,18,19,21>1,2,3,8,18,21,4,12,13,14,15,16,19
1,3,4,6,12,13,14,15,16,18,19,21>3,6,8,18,21,22,4,12,13,14,15,16,19
1,3,4,6,12,13,14,15,16,18,19,21>21,22,7,8,4,12,13,14,15,16,19
1,3,4,6,12,13,14,15,16,18,19,21>1,2,7,8,18,21,4,12,13,14,15,16,19
1,3,4,6,12,13,14,15,16,18,19,21>22,6,7,4,12,13,14,15,16,19
1,9,14,15,16,18,19>20,1,16,19,15
1,9,14,15,16,18,19>2,8,14,18,16,19,15
1,9,14,15,16,18,19>9,18,16,19,15
1,9,14,15,16,18,19>1,8,9,14,16,19,15
1,9,14,15,16,18,19>12,14,18,16,19,15
1,9,14,15,16,18,19>1,2,12,16,19,15
2,5,7,9,10,13,15,17,18,20,21,22,23>6,13,14,15,16,19,10,17,18,20,21,22,23
2,5,7,9,10,13,15,17,18,20,21,22,23>2,5,7,13,15,10,17,18,20,21,22,23
2,5,7,9,10,13,15,17,18,20,21,22,23>5,6,7,13,14,10,17,18,20,21,22,23
2,5,7,9,10,13,15,17,18,20,21,22,23>15,16,5,9,10,17,18,20,21,22,23
2,5,7,9,10,13,15,17,18,20,21,22,23>15,16,7,9,10,17,18,20,21,22,23
2,5,7,9,10,13,15,17,18,20,21,22,23>6,7,9,13,14,16,10,17,18,20,21,22,23
1,4,5,7,9,10,12,14,15,18,20,21>2,8,9,12,16,19,22,10,21,15
1,4,5,7,9,10,12,14,15,18,20,21>2,4,7,9,17,18,19,10,21,15
1,4,5,7,9,10,12,14,15,18,20,21>4,5,8,12,13,17,20,10,21,15
1,4,5,7,9,10,12,14,15,18,20,21>2,4,5,7,8,9,12,13,14,19,20,22,10,21,15
1,4,5,7,9,10,12,14,15,18,20,21>1,2,4,5,8,16,17,18,19,20,22,10,21,15
1,4,5,7,9,10,12,14,15,18,20,21>2,5,6,7,13,14,16,18,19,22,10,21,15
3,8,9,10,11,15,18,19,22,23>18,20,15,19,11,23
3,8,9,10,11,15,18,19,22,23>18,3,19,11,23
3,8,9,10,11,15,18,19,22,23>9,10,16,18,22,19,11,23
3,8,9,10,11,15,18,19,22,23>3,22,10,16,19,11,23
3,8,9,10,11,15,18,19,22,23>4,10,18,20,22,19,11,23
3,8,9,10,11,15,18,19,22,23>18,20,9,10,19,11,23
2,3,4,8,11,12,18,19,20,22>2,12,16,18,21,22,23,8,19,4
2,3,4,8,11,12,18,19,20,22>3,12,16,18,21,22,23,8,19,4
2,3,4,8,11,12,18,19,20,22>3,13,16,18,20,21,22,8,19,4
2,3,4,8,11,12,18,19,20,22>2,12,13,16,17,18,23,8,19,4
2,3,4,8,11,12,18,19,20,22>3,11,12,13,16,20,22,23,8,19,4
2,3,4,8,11,12,18,19,20,22>2,3,11,12,13,18,23,8,19,4
1,5,7,8,9,10,11,12,14,17,23>2,5,6,9,23,8,10,11,12
1,5,7,8,9,10,11,12,14,17,23>23,7,9,8,10,11,12
1,5,7,8,9,10,11,12,14,17,23>1,2,5,7,14,8,10,11,12
1,5,7,8,9,10,11,12,14,17,23>17,5,6,7,8,10,11,12
1,5,7,8,9,10,11,12,14,17,23>1,5,6,7,8,10,11,12
1,5,7,8,9,10,11,12,14,17,23>2,5,6,7,9,8,10,11,12
5,6,13,15,16,18,19,20>14,15,16,19,20
5,6,13,15,16,18,19,20>5,6,15,18,21,16,19,20
5,6,13,15,16,18,19,20>5,6,7,8,14,16,19,20
5,6,13,15,16,18,19,20>5,6,13,14,18,21,16,19,20
5,6,13,15,16,18,19,20>18,7,13,14,16,19,20
5,6,13,15,16,18,19,20>6,7,8,13,18,16,19,20
1,2,5,6,7,9,10,11,12,13,15,19,20,23>1,5,8,11,15,16,2,7
1,2,5,6,7,9,10,11,12,13,15,19,20,23>5,9,11,13,16,17,19,20,23,2,7
1,2,5,6,7,9,10,11,12,13,15,19,20,23>6,9,10,11,13,15,17,20,2,7
1,2,5,6,7,9,10,11,12,13,15,19,20,23>5,6,9,10,12,15,19,2,7
1,2,5,6,7,9,10,11,12,13,15,19,20,23>1,5,6,9,19,20,23,2,7
1,2,5,6,7,9,10,11,12,13,15,19,20,23>1,5,6,8,9,10,15,16,21,2,7
1,4,6,7,8,11,12,13,14,15,16,17,22>23,4,15,17,7,8,12,13,14,16
1,4,6,7,8,11,12,13,14,15,16,17,22>1,4,15,23,7,8,12,13,14,16
1,4,6,7,8,11,12,13,14,15,16,17,22>23,2,4,7,8,12,13,14,16
1,4,6,7,8,11,12,13,14,15,16,17,22>22,2,4,15,7,8,12,13,14,16
1,4,6,7,8,11,12,13,14,15,16,17,22>22,1,4,6,7,8,12,13,14,16
1,4,6,7,8,11,12,13,14,15,16,17,22>6,11,15,17,22,23,7,8,12,13,14,16
1,5,6,8,9,10,12,16,17,19,20,22,23>1,2,6,10,17,21,22,8,23
1,5,6,8,9,10,12,16,17,19,20,22,23>1,5,6,9,10,12,8,23
1,5,6,8,9,10,12,16,17,19,20,22,23>1,5,6,12,16,22,8,23
1,5,6,8,9,10,12,16,17,19,20,22,23>2,7,10,12,16,17,20,21,8,23
1,5,6,8,9,10,12,16,17,19,20,22,23>1,5,6,7,12,17,19,20,21,8,23
1,5,6,8,9,10,12,16,17,19,20,22,23>2,5,6,7,9,10,12,16,20,8,23
1,2,3,4,5,6,9,10,11,18,21,22>1,5,13,16,18,21,2,4,6,10,11,22
1,2,3,4,5,6,9,10,11,18,21,22>19,3,5,2,4,6,10,11,22
1,2,3,4,5,6,9,10,11,18,21,22>9,16,19,21,23,2,4,6,10,11,22
1,2,3,4,5,6,9,10,11,18,21,22>1,3,9,13,16,21,2,4,6,10,11,22
1,2,3,4,5,6,9,10,11,18,21,22>7,9,13,16,19,2,4,6,10,11,22
1,2,3,4,5,6,9,10,11,18,21,22>5,7,9,18,19,21,2,4,6,10,11,22
1,2,3,6,7,8,9,11,15,17,19,20,21,23>15,22,9,2,7,17,20,21
1,2,3,6,7,8,9,11,15,17,19,20,21,23>1,4,9,16,19,22,23,2,7,17,20,21
1,2,3,6,7,8,9,11,15,17,19,20,21,23>3,4,9,16,22,2,7,17,20,21
1,2,3,6,7,8,9,11,15,17,19,20,21,23>1,3,4,8,15,16,19,23,2,7,17,20,21
1,2,3,6,7,8,9,11,15,17,19,20,21,23>6,8,9,11,15,16,23,2,7,17,20,21
1,2,3,6,7,8,9,11,15,17,19,20,21,23>1,3,4,6,8,11,19,2,7,17,20,21
2,3,6,9,11,13,15,17,20,21,22,23>2,10,13,14,16,18,17,20,21,22,23
2,3,6,9,11,13,15,17,20,21,22,23>2,3,9,13,16,18,17,20,21,22,23
2,3,6,9,11,13,15,17,20,21,22,23>2,4,6,14,15,17,20,21,22,23
2,3,6,9,11,13,15,17,20,21,22,23>2,3,7,13,16,17,20,21,22,23
2,3,6,9,11,13,15,17,20,21,22,23>4,7,9,10,15,16,18,17,20,21,22,23
2,3,6,9,11,13,15,17,20,21,22,23>3,6,7,9,11,13,16,17,20,21,22,23
1,2,3,5,6,9,11,13,15,16,17,19,20,21,22,23>1,8,15,17,18,19,2,16,20,21,22,23
1,2,3,5,6,9,11,13,15,16,17,19,20,21,22,23>3,8,14,15,17,18,19,2,16,20,21,22,23
1,2,3,5,6,9,11,13,15,16,17,19,20,21,22,23>1,3,4,5,6,8,9,11,15,19,2,16,20,21,22,23
1,2,3,5,6,9,11,13,15,16,17,19,20,21,22,23>1,5,6,7,11,13,14,15,17,18,2,16,20,21,22,23
1,2,3,5,6,9,11,13,15,16,17,19,20,21,22,23>3,4,5,6,7,9,17,18,19,2,16,20,21,22,23
1,2,3,5,6,9,11,13,15,16,17,19,20,21,22,23>1,3,4,5,6,7,13,14,2,16,20,21,22,23
1,2,9,12,15,17,18,19,20>20,1,21,19,17,2,18
1,2,9,12,15,17,18,19,20>8,9,13,15,16,21,19,17,2,18
1,2,9,12,15,17,18,19,20>8,9,13,15,20,21,19,17,2,18
1,2,9,12,15,17,18,19,20>8,12,13,15,19,17,2,18
1,2,9,12,15,17,18,19,20>9,12,13,16,20,21,19,17,2,18
1,2,9,12,15,17,18,19,20>8,9,12,13,16,20,19,17,2,18
2,8,9,12,13,15,16,19,21,22>9,15,21,23,8,12,13,16,22
2,8,9,12,13,15,16,19,21,22>14,15,21,23,8,12,13,16,22
2,8,9,12,13,15,16,19,21,22>2,14,15,23,8,12,13,16,22
2,8,9,12,13,15,16,19,21,22>2,19,21,23,8,12,13,16,22
2,8,9,12,13,15,16,19,21,22>9,14,19,21,23,8,12,13,16,22
2,8,9,12,13,15,16,19,21,22>2,9,14,19,23,8,12,13,16,22
1,5,6,9,12,13,14,16,17,18,19,21,22>1,9,15,17,21,23,12,13,14,18,19,22
1,5,6,9,12,13,14,16,17,18,19,21,22>1,2,6,8,16,17,21,23,12,13,14,18,19,22
1,5,6,9,12,13,14,16,17,18,19,21,22>2,5,6,8,9,15,16,17,21,12,13,14,18,19,22
1,5,6,9,12,13,14,16,17,18,19,21,22>7,8,15,21,23,12,13,14,18,19,22
1,5,6,9,12,13,14,16,17,18,19,21,22>1,2,6,7,9,15,16,17,23,12,13,14,18,19,22
1,5,6,9,12,13,14,16,17,18,19,21,22>1,5,6,7,15,17,21,12,13,14,18,19,22
2,3,4,5,7,9,11,12,13,15,16,17,18,19,21,22,23>5,11,14,15,17,4,12,16,18,19,22,23
2,3,4,5,7,9,11,12,13,15,16,17,18,19,21,22,23>2,5,9,11,13,15,4,12,16,18,19,22,23
2,3,4,5,7,9,11,12,13,15,16,17,18,19,21,22,23>3,5,7,9,11,14,15,21,4,12,16,18,19,22,23
2,3,4,5,7,9,11,12,13,15,16,17,18,19,21,22,23>2,8,9,15,17,4,12,16,18,19,22,23
2,3,4,5,7,9,11,12,13,15,16,17,18,19,21,22,23>2,3,8,14,15,17,21,4,12,16,18,19,22,23
2,3,4,5,7,9,11,12,13,15,16,17,18,19,21,22,23>7,8,9,13,14,15,17,21,4,12,16,18,19,22,23
2,3,7,8,9,14,15,18,21,23>2,7,14,15,16,19,21,22,23
2,3,7,8,9,14,15,18,21,23>3,7,14,19,21
2,3,7,8,9,14,15,18,21,23>2,3,7,9,15,18,19,21
2,3,7,8,9,14,15,18,21,23>2,4,7,15,21,23
2,3,7,8,9,14,15,18,21,23>2,18,8,9
2,3,7,8,9,14,15,18,21,23>2,4,8,14,15,18,22,23
1,5,7,8,12,13,14,16,17,19,21,22>1,2,5,17,19,21,8,12,13,14,22
1,5,7,8,12,13,14,16,17,19,21,22>21,1,7,23,8,12,13,14,22
1,5,7,8,12,13,14,16,17,19,21,22>1,2,7,17,19,21,8,12,13,14,22
1,5,7,8,12,13,14,16,17,19,21,22>23,5,7,17,8,12,13,14,22
1,5,7,8,12,13,14,16,17,19,21,22>2,5,7,19,21,23,8,12,13,14,22
1,5,7,8,12,13,14,16,17,19,21,22>1,16,17,23,8,12,13,14,22
1,3,5,8,11,13,17,19,20,21,22>14,1,4,8,13,17,20,21,22
1,3,5,8,11,13,17,19,20,21,22>1,23,4,8,13,17,20,21,22
1,3,5,8,11,13,17,19,20,21,22>2,5,11,14,19,23,13,17,20,21,22
1,3,5,8,11,13,17,19,20,21,22>3,5,8,11,14,23,13,17,20,21,22
1,3,5,8,11,13,17,19,20,21,22>2,3,5,14,19,13,17,20,21,22
1,3,5,8,11,13,17,19,20,21,22>1,2,3,5,8,11,23,13,17,20,21,22
1,2,3,5,11,13,14,15,18,20,21,22,23>16,17,18,13,2,14,15,20,21,22,23
1,2,3,5,11,13,14,15,18,20,21,22,23>19,3,18,2,14,15,20,21,22,23
1,2,3,5,11,13,14,15,18,20,21,22,23>1,3,13,17,19,2,14,15,20,21,22,23
1,2,3,5,11,13,14,15,18,20,21,22,23>1,3,4,5,13,16,17,2,14,15,20,21,22,23
1,2,3,5,11,13,14,15,18,20,21,22,23>17,6,11,2,14,15,20,21,22,23
1,2,3,5,11,13,14,15,18,20,21,22,23>1,3,4,6,11,13,16,18,2,14,15,20,21,22,23
6,7,8,9,10,11,13,15,16,17,19,23>6,9,14,17,20,23,8,16,11,7
6,7,8,9,10,11,13,15,16,17,19,23>17,10,15,8,16,11,7
6,7,8,9,10,11,13,15,16,17,19,23>6,9,13,17,19,20,23,8,16,11,7
6,7,8,9,10,11,13,15,16,17,19,23>20,9,10,13,8,16,11,7
6,7,8,9,10,11,13,15,16,17,19,23>6,10,12,13,14,15,20,8,16,11,7
6,7,8,9,10,11,13,15,16,17,19,23>6,9,10,12,13,15,19,23,8,16,11,7
1,2,7,8,9,10,12,13,14,17,22>1,7,23,2,8,10,12,13,14
1,2,7,8,9,10,12,13,14,17,22>1,11,23,2,8,10,12,13,14
1,2,7,8,9,10,12,13,14,17,22>1,11,22,2,8,10,12,13,14
1,2,7,8,9,10,12,13,14,17,22>17,22,23,2,8,10,12,13,14
1,2,7,8,9,10,12,13,14,17,22>9,17,2,8,10,12,13,14
1,2,7,8,9,10,12,13,14,17,22>11,17,2,8,10,12,13,14
3,5,6,7,9,10,11,13,14,15,16,18,19,20>11,18,4,21,7,13,14,15,16,19,20
3,5,6,7,9,10,11,13,14,15,16,18,19,20>11,18,21,5,7,13,14,15,16,19,20
3,5,6,7,9,10,11,13,14,15,16,18,19,20>5,8,9,10,18,7,13,14,15,16,19,20
3,5,6,7,9,10,11,13,14,15,16,18,19,20>3,4,5,8,10,11,21,7,13,14,15,16,19,20
3,5,6,7,9,10,11,13,14,15,16,18,19,20>3,5,6,8,11,21,7,13,14,15,16,19,20
3,5,6,7,9,10,11,13,14,15,16,18,19,20>4,5,6,8,9,18,7,13,14,15,16,19,20
2,3,5,6,8,12,13,16,17,18,19,22,23>7,14,17,18,22,8,19,12,23
2,3,5,6,8,12,13,16,17,18,19,22,23>14,3,18,22,8,19,12,23
2,3,5,6,8,12,13,16,17,18,19,22,23>14,2,4,13,8,19,12,23
2,3,5,6,8,12,13,16,17,18,19,22,23>3,5,13,14,16,22,8,19,12,23
2,3,5,6,8,12,13,16,17,18,19,22,23>3,5,6,7,13,18,22,8,19,12,23
2,3,5,6,8,12,13,16,17,18,19,22,23>3,4,5,6,7,13,14,16,8,19,12,23
1,2,4,6,8,15,18,22,23>1,4,8,15,16,18,19,22,2,23
1,2,4,6,8,15,18,22,23>6,8,15,18,19,22,2,23
1,2,4,6,8,15,18,22,23>1,6,8,15,16,18,2,23
1,2,4,6,8,15,18,22,23>1,7,8,16,19,22,2,23
1,2,4,6,8,15,18,22,23>4,7,8,15,18,22,2,23
1,2,4,6,8,15,18,22,23>19,6,7,8,2,23
1,2,3,5,6,9,10,11,15,16,19,20,21>3,4,7,8,9,10,11,13,19,16,2,20,21
1,2,3,5,6,9,10,11,15,16,19,20,21>3,6,7,8,9,15,16,2,20,21
1,2,3,5,6,9,10,11,15,16,19,20,21>3,5,6,8,9,13,15,19,22,16,2,20,21
1,2,3,5,6,9,10,11,15,16,19,20,21>1,3,5,6,8,10,11,15,19,22,16,2,20,21
1,2,3,5,6,9,10,11,15,16,19,20,21>4,5,6,8,9,10,19,22,16,2,20,21
1,2,3,5,6,9,10,11,15,16,19,20,21>1,4,5,6,11,13,15,22,16,2,20,21
2,4,5,6,14,19,20,21,22,23>16,17,4,19,20,21,22,23
2,4,5,6,14,19,20,21,22,23>2,19,6,20,21,22,23
2,4,5,6,14,19,20,21,22,23>4,6,14,16,17,20,21,22,23
2,4,5,6,14,19,20,21,22,23>2,5,6,14,16,17,20,21,22,23
2,4,5,6,14,19,20,21,22,23>4,5,6,20,21,22,23
2,4,5,6,14,19,20,21,22,23>7,14,20,21,22,23
1,3,5,7,11,13,15,19,22>1,3,7,15,19,22,13
1,3,5,7,11,13,15,19,22>2,3,7,11,16,20,22,23,13
1,3,5,7,11,13,15,19,22>1,19,5,23,13
1,3,5,7,11,13,15,19,22>1,2,5,15,20,13
1,3,5,7,11,13,15,19,22>3,5,7,14,15,16,19,20,22,23,13
1,3,5,7,11,13,15,19,22>1,3,5,14,16,22,13
5,8,9,10,11,12,14,18,19,20,23>20,9,23,8,19
5,8,9,10,11,12,14,18,19,20,23>10,14,17,20,21,23,8,19
5,8,9,10,11,12,14,18,19,20,23>23,20,10,11,8,19
5,8,9,10,11,12,14,18,19,20,23>5,9,10,11,18,23,8,19
5,8,9,10,11,12,14,18,19,20,23>12,14,18,21,23,8,19
5,8,9,10,11,12,14,18,19,20,23>9,10,11,12,14,18,21,8,19
1,2,3,5,7,8,10,14,15,17,18,19,20,21,22,23>1,5,7,8,10,14,2,17,19,20,21,22,23
1,2,3,5,7,8,10,14,15,17,18,19,20,21,22,23>3,18,7,2,17,19,20,21,22,23
1,2,3,5,7,8,10,14,15,17,18,19,20,21,22,23>1,5,7,15,16,18,2,17,19,20,21,22,23
1,2,3,5,7,8,10,14,15,17,18,19,20,21,22,23>1,3,4,7,15,2,17,19,20,21,22,23
1,2,3,5,7,8,10,14,15,17,18,19,20,21,22,23>1,5,7,8,10,15,2,17,19,20,21,22,23
1,2,3,5,7,8,10,14,15,17,18,19,20,21,22,23>3,4,5,7,15,2,17,19,20,21,22,23
1,2,4,5,7,10,14,15,19>1,5,11,14,16,19,2,15
1,2,4,5,7,10,14,15,19>7,11,14,16,19,20,2,15
1,2,4,5,7,10,14,15,19>1,4,5,10,14,2,15
1,2,4,5,7,10,14,15,19>4,7,10,11,16,19,2,15
1,2,4,5,7,10,14,15,19>5,7,10,16,20,2,15
1,2,4,5,7,10,14,15,19>5,7,10,11,19,2,15
1,9,17,20,21,22,23>1,9,17,20,21,22,23
1,9,17,20,21,22,23>2,9,10,17,20,21,22,23
1,9,17,20,21,22,23>1,18,17,20,21,22,23
1,9,17,20,21,22,23>2,18,17,20,21,22,23
1,9,17,20,21,22,23>9,18,17,20,21,22,23
1,9,17,20,21,22,23>10,18,17,20,21,22,23
1,3,5,7,9,11,13,15,19,20,21,22>1,2,3,7,11,19,23,21,20,13,22
1,3,5,7,9,11,13,15,19,20,21,22>1,2,3,4,9,14,19,21,20,13,22
1,3,5,7,9,11,13,15,19,20,21,22>1,2,5,7,9,14,16,21,20,13,22
1,3,5,7,9,11,13,15,19,20,21,22>3,5,7,9,16,19,23,21,20,13,22
1,3,5,7,9,11,13,15,19,20,21,22>3,5,7,15,16,19,21,20,13,22
1,3,5,7,9,11,13,15,19,20,21,22>1,2,5,7,16,17,23,21,20,13,22
8,9,10,12,16,17,18,20,22>21,12,22,18,8,10
8,9,10,12,16,17,18,20,22>12,13,16,20,22,23,8,10
8,9,10,12,16,17,18,20,22>9,12,17,18,20,22,8,10
8,9,10,12,16,17,18,20,22>9,12,16,17,18,19,20,8,10
8,9,10,12,16,17,18,20,22>9,13,16,17,18,19,22,8,10
8,9,10,12,16,17,18,20,22>9,12,13,16,17,23,8,10
1,2,4,5,7,9,10,12,17,18,22,23>1,4,5,9,16,17,22,2,10,12,18,23
1,2,4,5,7,9,10,12,17,18,22,23>1,4,6,8,16,17,19,2,10,12,18,23
1,2,4,5,7,9,10,12,17,18,22,23>1,5,6,9,11,16,17,19,2,10,12,18,23
1,2,4,5,7,9,10,12,17,18,22,23>22,6,7,8,2,10,12,18,23
1,2,4,5,7,9,10,12,17,18,22,23>1,5,6,7,8,9,11,17,19,2,10,12,18,23
1,2,4,5,7,9,10,12,17,18,22,23>4,5,6,7,9,11,16,19,22,2,10,12,18,23
1,2,3,4,6,8,10,13,16,19,21,22,23>1,11,12,13,19,2,4,8,16,22,23
1,2,3,4,6,8,10,13,16,19,21,22,23>3,11,13,14,20,2,4,8,16,22,23
1,2,3,4,6,8,10,13,16,19,21,22,23>6,7,11,12,13,19,20,2,4,8,16,22,23
1,2,3,4,6,8,10,13,16,19,21,22,23>3,10,14,20,21,2,4,8,16,22,23
1,2,3,4,6,8,10,13,16,19,21,22,23>1,3,10,11,12,14,19,2,4,8,16,22,23
1,2,3,4,6,8,10,13,16,19,21,22,23>3,7,10,14,20,2,4,8,16,22,23
3,5,11,18,20,21>3,22,19,17,20,21
3,5,11,18,20,21>4,6,13,17,18,19,22,20,21
3,5,11,18,20,21>22,5,6,13,20,21
3,5,11,18,20,21>3,4,11,17,18,20,21
3,5,11,18,20,21>3,4,5,11,13,17,22,20,21
3,5,11,18,20,21>3,5,6,11,13,20,21
1,2,4,5,6,7,8,17,18,20,21,22,23>4,5,18,19,2,6,7,17,20,21,22,23
1,2,4,5,6,7,8,17,18,20,21,22,23>1,8,18,2,6,7,17,20,21,22,23
1,2,4,5,6,7,8,17,18,20,21,22,23>4,8,18,2,6,7,17,20,21,22,23
1,2,4,5,6,7,8,17,18,20,21,22,23>4,8,19,2,6,7,17,20,21,22,23
1,2,4,5,6,7,8,17,18,20,21,22,23>5,8,18,2,6,7,17,20,21,22,23
1,2,4,5,6,7,8,17,18,20,21,22,23>16,18,2,6,7,17,20,21,22,23
2,4,5,6,8,11,12,13,15,20,23>2,4,5,12,13,14,15,16,17,23,8,6
2,4,5,6,8,11,12,13,15,20,23>2,4,5,7,13,14,15,17,8,6
2,4,5,6,8,11,12,13,15,20,23>2,4,11,13,15,16,20,8,6
2,4,5,6,8,11,12,13,15,20,23>2,4,5,11,12,14,20,21,8,6
2,4,5,6,8,11,12,13,15,20,23>5,7,11,12,13,14,15,8,6
2,4,5,6,8,11,12,13,15,20,23>2,5,7,11,13,14,15,17,21,8,6
2,3,5,8,11,14,15,19,22>2,22,11,23
2,3,5,8,11,14,15,19,22>2,4,5,11,13,20,22
2,3,5,8,11,14,15,19,22>3,4,8,15,22,23
2,3,5,8,11,14,15,19,22>2,3,4,8,11,13,14,20,23
2,3,5,8,11,14,15,19,22>2,5,8,13,14,15,19,22
2,3,5,8,11,14,15,19,22>3,4,5,8,16,19,20,22
1,2,7,8,11,12,18,22,23>1,7,22,8,2,12,23
1,2,7,8,11,12,18,22,23>7,11,22,8,2,12,23
1,2,7,8,11,12,18,22,23>1,18,8,2,12,23
1,2,7,8,11,12,18,22,23>11,18,8,2,12,23
1,2,7,8,11,12,18,22,23>1,7,19,8,2,12,23
1,2,7,8,11,12,18,22,23>7,11,19,8,2,12,23
1,2,3,6,8,9,10,11,15,16,19,23>3,4,9,12,15,19,20,23,8,16,2,11
1,2,3,6,8,9,10,11,15,16,19,23>1,3,4,12,20,23,8,16,2,11
1,2,3,6,8,9,10,11,15,16,19,23>1,4,6,9,12,19,8,16,2,11
1,2,3,6,8,9,10,11,15,16,19,23>23,7,9,8,16,2,11
1,2,3,6,8,9,10,11,15,16,19,23>1,7,9,10,12,15,20,8,16,2,11
1,2,3,6,8,9,10,11,15,16,19,23>1,3,7,15,19,20,8,16,2,11
1,2,7,10,11,13,18,19,20,22>7,17,18,21,22,23,2,19,20,13
1,2,7,10,11,13,18,19,20,22>1,10,14,17,21,22,2,19,20,13
1,2,7,10,11,13,18,19,20,22>1,11,14,22,23,2,19,20,13
1,2,7,10,11,13,18,19,20,22>1,11,14,21,22,2,19,20,13
1,2,7,10,11,13,18,19,20,22>1,7,11,14,17,18,2,19,20,13
1,2,7,10,11,13,18,19,20,22>1,10,11,14,23,2,19,20,13
1,3,5,6,7,8,9,10,12,13,15,17,19,22>2,6,9,10,11,23,8,12,13,7
1,3,5,6,7,8,9,10,12,13,15,17,19,22>4,11,14,15,17,19,22,8,12,13,7
1,3,5,6,7,8,9,10,12,13,15,17,19,22>2,3,4,6,9,10,11,14,19,8,12,13,7
1,3,5,6,7,8,9,10,12,13,15,17,19,22>2,3,5,6,10,16,17,8,12,13,7
1,3,5,6,7,8,9,10,12,13,15,17,19,22>1,4,5,9,10,11,14,23,8,12,13,7
1,3,5,6,7,8,9,10,12,13,15,17,19,22>1,2,3,4,5,9,11,14,15,17,19,8,12,13,7
1,3,4,7,10,11,12,15,17,19,23>1,2,3,10,23,11,4,12
1,3,4,7,10,11,12,15,17,19,23>2,7,10,16,19,11,4,12
1,3,4,7,10,11,12,15,17,19,23>1,3,7,10,15,16,17,18,11,4,12
1,3,4,7,10,11,12,15,17,19,23>1,19,8,11,4,12
1,3,4,7,10,11,12,15,17,19,23>1,3,8,16,18,11,4,12
1,3,4,7,10,11,12,15,17,19,23>2,7,8,15,16,18,19,11,4,12
1,2,3,5,7,8,9,10,11,12,13,16,17,18,23>1,3,4,7,9,16,17,18,2,8,10,11,12
1,2,3,5,7,8,9,10,11,12,13,16,17,18,23>5,7,9,13,14,16,18,19,23,2,8,10,11,12
1,2,3,5,7,8,9,10,11,12,13,16,17,18,23>1,4,5,13,16,17,19,2,8,10,11,12
1,2,3,5,7,8,9,10,11,12,13,16,17,18,23>3,4,5,7,13,19,2,8,10,11,12
1,2,3,5,7,8,9,10,11,12,13,16,17,18,23>4,6,9,13,14,17,23,2,8,10,11,12
1,2,3,5,7,8,9,10,11,12,13,16,17,18,23>1,4,6,9,13,14,16,17,2,8,10,11,12
2,3,6,7,9,10,11,12,13,14,16,20,23>2,4,9,11,12,21,10,14,7
2,3,6,7,9,10,11,12,13,14,16,20,23>4,6,11,12,21,10,14,7
2,3,6,7,9,10,11,12,13,14,16,20,23>2,4,6,16,20,23,10,14,7
2,3,6,7,9,10,11,12,13,14,16,20,23>3,8,9,11,13,15,16,23,10,14,7
2,3,6,7,9,10,11,12,13,14,16,20,23>2,3,8,9,11,12,13,15,21,23,10,14,7
2,3,6,7,9,10,11,12,13,14,16,20,23>2,3,4,8,11,13,21,23,10,14,7
7,9,11,15,16,18,20,22>18,19,22,15,16,20
7,9,11,15,16,18,20,22>10,11,13,19,21,22,16,20
7,9,11,15,16,18,20,22>7,10,11,13,18,19,21,16,20
7,9,11,15,16,18,20,22>8,10,11,18,19,22,16,20
7,9,11,15,16,18,20,22>7,8,10,11,13,19,22,16,20
7,9,11,15,16,18,20,22>9,10,11,15,18,23,16,20
2,4,6,8,10,13,14,16,18,19,20,22,23>4,13,18,21,22,8,14,16,19,20,23
2,4,6,8,10,13,14,16,18,19,20,22,23>21,6,18,8,14,16,19,20,23
2,4,6,8,10,13,14,16,18,19,20,22,23>2,4,10,18,21,8,14,16,19,20,23
2,4,6,8,10,13,14,16,18,19,20,22,23>2,6,10,18,8,14,16,19,20,23
2,4,6,8,10,13,14,16,18,19,20,22,23>2,6,10,13,22,8,14,16,19,20,23
2,4,6,8,10,13,14,16,18,19,20,22,23>2,6,7,10,8,14,16,19,20,23
3,4,8,9,10,12,13,15,16,18,21,23>19,22,23,18,4,8,10,12,16
3,4,8,9,10,12,13,15,16,18,21,23>3,9,14,21,22,4,8,10,12,16
3,4,8,9,10,12,13,15,16,18,21,23>11,14,18,19,23,4,8,10,12,16
3,4,8,9,10,12,13,15,16,18,21,23>9,11,14,15,21,4,8,10,12,16
3,4,8,9,10,12,13,15,16,18,21,23>13,14,15,19,22,23,4,8,10,12,16
3,4,8,9,10,12,13,15,16,18,21,23>3,13,14,19,22,4,8,10,12,16
1,6,7,8,9,13,14,16,21>21,2,12,16,8,13,14,7
1,6,7,8,9,13,14,16,21>1,2,6,12,16,22,8,13,14,7
1,6,7,8,9,13,14,16,21>1,10,12,16,21,22,8,13,14,7
1,6,7,8,9,13,14,16,21>6,10,12,16,22,8,13,14,7
1,6,7,8,9,13,14,16,21>21,6,10,16,8,13,14,7
1,6,7,8,9,13,14,16,21>1,2,6,10,12,16,8,13,14,7
3,7,8,9,10,14,15,16,17,18>3,7,14,17,19,8,16,10
3,7,8,9,10,14,15,16,17,18>4,11,12,15,18,19,8,16,10
3,7,8,9,10,14,15,16,17,18>4,11,12,13,18,19,8,16,10
3,7,8,9,10,14,15,16,17,18>3,4,7,11,15,8,16,10
3,7,8,9,10,14,15,16,17,18>3,9,11,12,14,15,18,8,16,10
3,7,8,9,10,14,15,16,17,18>4,7,9,11,14,18,8,16,10
1,2,4,8,14,17,18,20,22,23>21,22,17,2,20,23
1,2,4,8,14,17,18,20,22,23>22,4,19,17,2,20,23
1,2,4,8,14,17,18,20,22,23>1,14,18,19,22,17,2,20,23
1,2,4,8,14,17,18,20,22,23>21,4,14,18,17,2,20,23
1,2,4,8,14,17,18,20,22,23>1,4,14,22,17,2,20,23
1,2,4,8,14,17,18,20,22,23>1,16,17,2,20,23
3,5,7,8,17,18,19,21,22,23>3,17,18,19,22,23
3,5,7,8,17,18,19,21,22,23>3,5,7,17,20,19,22,23
3,5,7,8,17,18,19,21,22,23>4,8,17,18,20,19,22,23
3,5,7,8,17,18,19,21,22,23>3,4,8,20,21,19,22,23
3,5,7,8,17,18,19,21,22,23>4,5,8,17,20,19,22,23
3,5,7,8,17,18,19,21,22,23>3,5,7,8,18,20,21,19,22,23
1,3,4,5,7,13,15,16,18,19,20,22,23>3,13,14,18,21,22,4,16,19,20,23
1,3,4,5,7,13,15,16,18,19,20,22,23>2,5,8,18,22,4,16,19,20,23
1,3,4,5,7,13,15,16,18,19,20,22,23>2,7,13,15,18,21,22,4,16,19,20,23
1,3,4,5,7,13,15,16,18,19,20,22,23>2,3,7,13,15,18,21,4,16,19,20,23
1,3,4,5,7,13,15,16,18,19,20,22,23>1,2,3,7,8,13,14,15,21,22,4,16,19,20,23
1,3,4,5,7,13,15,16,18,19,20,22,23>2,5,7,15,18,21,4,16,19,20,23
1,2,3,4,6,7,8,12,13,14,15,17,18,19,22,23>13,16,17,18,22,2,4,7,8,12,14,19,23
1,2,3,4,6,7,8,12,13,14,15,17,18,19,22,23>3,6,13,16,17,22,2,4,7,8,12,14,19,23
1,2,3,4,6,7,8,12,13,14,15,17,18,19,22,23>22,6,15,17,2,4,7,8,12,14,19,23
1,2,3,4,6,7,8,12,13,14,15,17,18,19,22,23>3,6,15,16,18,2,4,7,8,12,14,19,23
1,2,3,4,6,7,8,12,13,14,15,17,18,19,22,23>13,15,16,17,2,4,7,8,12,14,19,23
1,2,3,4,6,7,8,12,13,14,15,17,18,19,22,23>1,13,15,17,18,22,2,4,7,8,12,14,19,23
2,3,6,9,11,12,13,18,19,20,21,22,23>2,6,7,11,12,17,18,20,19,21,22,23
2,3,6,9,11,12,13,18,19,20,21,22,23>3,4,6,9,11,12,14,20,19,21,22,23
2,3,6,9,11,12,13,18,19,20,21,22,23>2,7,9,11,12,13,18,20,19,21,22,23
2,3,6,9,11,12,13,18,19,20,21,22,23>2,7,8,13,14,18,19,21,22,23
2,3,6,9,11,12,13,18,19,20,21,22,23>2,4,7,9,11,12,13,14,18,19,21,22,23
2,3,6,9,11,12,13,18,19,20,21,22,23>2,6,7,8,13,19,21,22,23
1,2,4,7,9,10,14,15,16,18,19,22,23>1,4,7,8,10,11,12,20,22,2,15,16,19,23
1,2,4,7,9,10,14,15,16,18,19,22,23>4,9,11,14,18,20,22,2,15,16,19,23
1,2,4,7,9,10,14,15,16,18,19,22,23>1,7,9,11,20,22,2,15,16,19,23
1,2,4,7,9,10,14,15,16,18,19,22,23>1,4,7,9,10,12,14,18,20,22,2,15,16,19,23
1,2,4,7,9,10,14,15,16,18,19,22,23>8,9,10,11,12,14,20,22,2,15,16,19,23
1,2,4,7,9,10,14,15,16,18,19,22,23>7,8,9,10,11,2,15,16,19,23
1,2,3,5,6,7,8,12,13,16,18>3,4,16,2,6,7,8,12,13
1,2,3,5,6,7,8,12,13,16,18>19,4,5,18,2,6,7,8,12,13
1,2,3,5,6,7,8,12,13,16,18>1,4,5,2,6,7,8,12,13
1,2,3,5,6,7,8,12,13,16,18>19,3,4,5,2,6,7,8,12,13
1,2,3,5,6,7,8,12,13,16,18>19,14,16,18,2,6,7,8,12,13
1,2,3,5,6,7,8,12,13,16,18>1,3,5,14,18,2,6,7,8,12,13
1,2,3,5,6,8,12,13,16,18,19,20,21>1,12,14,16,22,2,8,13,19,21
1,2,3,5,6,8,12,13,16,18,19,20,21>3,4,7,12,14,18,20,2,8,13,19,21
1,2,3,5,6,8,12,13,16,18,19,20,21>1,4,5,16,18,20,2,8,13,19,21
1,2,3,5,6,8,12,13,16,18,19,20,21>1,3,6,7,18,22,2,8,13,19,21
1,2,3,5,6,8,12,13,16,18,19,20,21>3,4,6,12,14,2,8,13,19,21
1,2,3,5,6,8,12,13,16,18,19,20,21>3,4,6,14,18,20,2,8,13,19,21
1,4,6,8,10,12,13,14,16,17,19,21,22,23>13,2,21,8,12,14,16,22,23
1,4,6,8,10,12,13,14,16,17,19,21,22,23>4,10,11,17,19,8,12,14,16,22,23
1,4,6,8,10,12,13,14,16,17,19,21,22,23>1,2,7,10,11,8,12,14,16,22,23
1,4,6,8,10,12,13,14,16,17,19,21,22,23>1,4,7,17,8,12,14,16,22,23
1,4,6,8,10,12,13,14,16,17,19,21,22,23>6,7,10,11,17,19,8,12,14,16,22,23
1,4,6,8,10,12,13,14,16,17,19,21,22,23>1,4,6,7,10,13,21,8,12,14,16,22,23
3,4,5,6,8,10,12,13,14,15,16,17,19,21,22>5,6,11,17,19,4,8,12,13,14,16,22
3,4,5,6,8,10,12,13,14,15,16,17,19,21,22>3,5,6,17,19,21,23,4,8,12,13,14,16,22
3,4,5,6,8,10,12,13,14,15,16,17,19,21,22>6,7,11,21,23,4,8,12,13,14,16,22
3,4,5,6,8,10,12,13,14,15,16,17,19,21,22>10,11,19,21,23,4,8,12,13,14,16,22
3,4,5,6,8,10,12,13,14,15,16,17,19,21,22>3,6,10,11,21,23,4,8,12,13,14,16,22
3,4,5,6,8,10,12,13,14,15,16,17,19,21,22>3,7,10,15,17,4,8,12,13,14,16,22
2,4,5,6,7,8,11,13,14,15,17,19,20,21>2,4,19,15,7,13,14,17,20,21
2,4,5,6,7,8,11,13,14,15,17,19,20,21>2,5,15,16,19,22,7,13,14,17,20,21
2,4,5,6,7,8,11,13,14,15,17,19,20,21>4,5,15,16,19,22,7,13,14,17,20,21
2,4,5,6,7,8,11,13,14,15,17,19,20,21>2,6,19,15,7,13,14,17,20,21
2,4,5,6,7,8,11,13,14,15,17,19,20,21>2,4,5,6,15,16,22,7,13,14,17,20,21
2,4,5,6,7,8,11,13,14,15,17,19,20,21>2,4,6,8,11,16,7,13,14,17,20,21
1,3,8,12,14,15,16,17,19,23>19,23,15,17,8,16,12
1,3,8,12,14,15,16,17,19,23>2,15,17,8,16,12
1,3,8,12,14,15,16,17,19,23>19,23,2,3,8,16,12
1,3,8,12,14,15,16,17,19,23>1,2,3,23,8,16,12
1,3,8,12,14,15,16,17,19,23>19,4,15,17,8,16,12
1,3,8,12,14,15,16,17,19,23>1,3,14,19,23,8,16,12
1,5,6,7,9,11,12,15,17,18,20,22,23>11,15,16,21,22,6,7,17,18,23
1,5,6,7,9,11,12,15,17,18,20,22,23>1,2,8,11,12,15,20,6,7,17,18,23
1,5,6,7,9,11,12,15,17,18,20,22,23>1,9,12,16,22,6,7,17,18,23
1,5,6,7,9,11,12,15,17,18,20,22,23>5,9,12,15,20,21,6,7,17,18,23
1,5,6,7,9,11,12,15,17,18,20,22,23>1,5,9,10,12,19,20,22,6,7,17,18,23
1,5,6,7,9,11,12,15,17,18,20,22,23>1,8,9,10,15,22,6,7,17,18,23
2,3,6,7,8,10,11,12,13,14,18,20,23>4,6,12,18,20,21,8,14,7
2,3,6,7,8,10,11,12,13,14,18,20,23>2,4,6,11,18,19,21,23,8,14,7
2,3,6,7,8,10,11,12,13,14,18,20,23>2,3,4,6,11,12,17,20,23,8,14,7
2,3,6,7,8,10,11,12,13,14,18,20,23>2,4,10,18,21,8,14,7
2,3,6,7,8,10,11,12,13,14,18,20,23>6,10,12,13,20,21,23,8,14,7
2,3,6,7,8,10,11,12,13,14,18,20,23>4,6,10,12,17,21,23,8,14,7
1,4,7,9,10,11,14,15,16,17,19,21,23>1,9,12,14,19,20,22,23,16,11,15
1,4,7,9,10,11,14,15,16,17,19,21,23>2,10,18,19,20,21,22,23,16,11,15
1,4,7,9,10,11,14,15,16,17,19,21,23>1,2,9,12,14,17,18,20,21,22,23,16,11,15
1,4,7,9,10,11,14,15,16,17,19,21,23>2,4,7,9,14,18,19,21,22,23,16,11,15
1,4,7,9,10,11,14,15,16,17,19,21,23>1,7,8,9,10,17,18,20,21,23,16,11,15
1,4,7,9,10,11,14,15,16,17,19,21,23>1,2,7,8,10,17,18,20,22,23,16,11,15
2,4,8,11,15,16,20,23>4,11,8,16,20
2,4,8,11,15,16,20,23>4,15,23,8,16,20
2,4,8,11,15,16,20,23>2,11,15,8,16,20
2,4,8,11,15,16,20,23>2,4,21,23,8,16,20
2,4,8,11,15,16,20,23>11,21,8,16,20
2,4,8,11,15,16,20,23>4,15,21,8,16,20
3,5,8,9,11,13,14,16,17,18,22>3,4,11,17,18,22,23,8,13,14
3,5,8,9,11,13,14,16,17,18,22>5,10,11,12,16,19,8,13,14
3,5,8,9,11,13,14,16,17,18,22>9,10,11,12,16,22,8,13,14
3,5,8,9,11,13,14,16,17,18,22>12,22,6,9,8,13,14
3,5,8,9,11,13,14,16,17,18,22>3,6,9,10,11,19,22,23,8,13,14
3,5,8,9,11,13,14,16,17,18,22>4,5,6,9,10,11,16,17,18,22,23,8,13,14
1,2,6,7,8,9,16,17,18,19,21>1,6,16,17,20,21,8,2,19,7
1,2,6,7,8,9,16,17,18,19,21>22,9,17,8,2,19,7
1,2,6,7,8,9,16,17,18,19,21>6,9,12,16,17,18,20,8,2,19,7
1,2,6,7,8,9,16,17,18,19,21>1,13,16,17,18,20,21,8,2,19,7
1,2,6,7,8,9,16,17,18,19,21>6,12,13,17,18,20,21,8,2,19,7
1,2,6,7,8,9,16,17,18,19,21>1,6,12,13,16,18,8,2,19,7
3,5,7,8,9,11,15,17,19,20,21>4,7,9,11,13,16,22,17,20,21
3,5,7,8,9,11,15,17,19,20,21>3,4,7,9,11,17,20,21
3,5,7,8,9,11,15,17,19,20,21>5,7,9,15,16,22,17,20,21
3,5,7,8,9,11,15,17,19,20,21>4,8,9,15,16,19,17,20,21
3,5,7,8,9,11,15,17,19,20,21>3,7,8,15,19,17,20,21
3,5,7,8,9,11,15,17,19,20,21>5,7,8,11,15,19,22,17,20,21
1,4,5,6,13,15,17,19,23>1,2,7,13,16,18,19,20
1,4,5,6,13,15,17,19,23>1,4,14,15,17,18
1,4,5,6,13,15,17,19,23>1,2,5,7,14,15,16,17,18,23
1,4,5,6,13,15,17,19,23>1,6,13,14,15,16,17,20,23
1,4,5,6,13,15,17,19,23>1,5,6,13,14,15,18,19,20
1,4,5,6,13,15,17,19,23>1,4,5,6,15,17,18,19,23
1,2,3,4,6,8,10,13,15,16,18,19,20,21,23>6,14,15,18,22,2,4,8,16,19,20,21
1,2,3,4,6,8,10,13,15,16,18,19,20,21,23>1,6,7,2,4,8,16,19,20,21
1,2,3,4,6,8,10,13,15,16,18,19,20,21,23>15,22,10,13,2,4,8,16,19,20,21
1,2,3,4,6,8,10,13,15,16,18,19,20,21,23>1,10,14,18,22,23,2,4,8,16,19,20,21
1,2,3,4,6,8,10,13,15,16,18,19,20,21,23>3,10,14,18,23,2,4,8,16,19,20,21
1,2,3,4,6,8,10,13,15,16,18,19,20,21,23>1,3,10,15,18,22,2,4,8,16,19,20,21
2,9,11,12,13,15,18,19,21,23>8,11,16,18,21,22,23,19,12
2,9,11,12,13,15,18,19,21,23>9,11,14,15,21,22,23,19,12
2,9,11,12,13,15,18,19,21,23>2,8,13,14,18,21,23,19,12
2,9,11,12,13,15,18,19,21,23>2,8,9,13,15,18,22,23,19,12
2,9,11,12,13,15,18,19,21,23>11,13,16,21,23,19,12
2,9,11,12,13,15,18,19,21,23>2,8,9,11,13,18,21,22,23,19,12
4,6,7,9,11,13,14,15,20,21,22>6,9,17,7,13,14,15,20,21,22
4,6,7,9,11,13,14,15,20,21,22>23,4,10,16,7,13,14,15,20,21,22
4,6,7,9,11,13,14,15,20,21,22>23,4,9,10,7,13,14,15,20,21,22
4,6,7,9,11,13,14,15,20,21,22>23,6,11,7,13,14,15,20,21,22
4,6,7,9,11,13,14,15,20,21,22>4,9,11,16,7,13,14,15,20,21,22
4,6,7,9,11,13,14,15,20,21,22>23,10,11,16,7,13,14,15,20,21,22
1,2,4,6,7,11,15,18,19,21>20,4,15,2,19,7
1,2,4,6,7,11,15,18,19,21>18,20,6,2,19,7
1,2,4,6,7,11,15,18,19,21>6,15,16,18,21,22,2,19,7
1,2,4,6,7,11,15,18,19,21>1,11,18,20,21,22,2,19,7
1,2,4,6,7,11,15,18,19,21>1,13,15,20,2,19,7
1,2,4,6,7,11,15,18,19,21>1,4,11,13,18,21,2,19,7
1,8,9,12,15,16,17,20,22,23>20,1,2,9,8,16,23
1,8,9,12,15,16,17,20,22,23>1,2,10,15,17,8,16,23
1,8,9,12,15,16,17,20,22,23>1,22,9,10,8,16,23
1,8,9,12,15,16,17,20,22,23>12,15,17,20,21,22,8,16,23
1,8,9,12,15,16,17,20,22,23>2,9,12,17,8,16,23
1,8,9,12,15,16,17,20,22,23>2,9,12,20,21,8,16,23
1,5,7,10,11,13,16,18,22,23>8,12,13,14,16,11,23
1,5,7,10,11,13,16,18,22,23>6,12,13,16,19,22,11,23
1,5,7,10,11,13,16,18,22,23>1,2,6,8,10,12,14,22,11,23
1,5,7,10,11,13,16,18,22,23>13,7,10,11,23
1,5,7,10,11,13,16,18,22,23>2,7,8,10,22,11,23
1,5,7,10,11,13,16,18,22,23>5,6,7,8,14,16,18,11,23
1,3,5,7,8,9,14,15,17,20,21,22>1,2,6,8,9,13,15,16,17,20,21,22
1,3,5,7,8,9,14,15,17,20,21,22>2,3,8,13,14,16,17,20,21,22
1,3,5,7,8,9,14,15,17,20,21,22>1,3,4,8,9,10,13,16,23,17,20,21,22
1,3,5,7,8,9,14,15,17,20,21,22>5,6,8,10,14,16,17,20,21,22
1,3,5,7,8,9,14,15,17,20,21,22>2,5,10,13,16,17,20,21,22
1,3,5,7,8,9,14,15,17,20,21,22>2,3,4,5,6,10,13,14,23,17,20,21,22
5,6,8,10,11,17,20,22,23>5,22,17,20,6,23
5,6,8,10,11,17,20,22,23>10,21,17,20,6,23
5,6,8,10,11,17,20,22,23>5,7,10,17,20,6,23
5,6,8,10,11,17,20,22,23>7,8,11,21,22,17,20,6,23
5,6,8,10,11,17,20,22,23>7,10,11,17,20,6,23
5,6,8,10,11,17,20,22,23>8,10,11,22,17,20,6,23
2,3,8,10,18,19,20,21>18,2,22,19,20,21
2,3,8,10,18,19,20,21>3,13,19,20,21
2,3,8,10,18,19,20,21>18,22,4,19,20,21
2,3,8,10,18,19,20,21>18,3,8,19,20,21
2,3,8,10,18,19,20,21>2,4,8,22,19,20,21
2,3,8,10,18,19,20,21>2,4,10,22,19,20,21
4,5,6,9,10,11,12,13,14,15,16,17,18,20,21,22>5,7,11,12,17,23,6,10,13,14,15,16,18,21,22
4,5,6,9,10,11,12,13,14,15,16,17,18,20,21,22>5,8,9,11,19,23,6,10,13,14,15,16,18,21,22
4,5,6,9,10,11,12,13,14,15,16,17,18,20,21,22>4,20,9,11,6,10,13,14,15,16,18,21,22
4,5,6,9,10,11,12,13,14,15,16,17,18,20,21,22>4,5,9,11,17,19,23,6,10,13,14,15,16,18,21,22
4,5,6,9,10,11,12,13,14,15,16,17,18,20,21,22>7,9,12,17,19,20,6,10,13,14,15,16,18,21,22
4,5,6,9,10,11,12,13,14,15,16,17,18,20,21,22>5,8,9,11,12,19,20,6,10,13,14,15,16,18,21,22
1,3,5,9,10,16,19,20,22,23>1,2,10,19,21,22,20,23
1,3,5,9,10,16,19,20,22,23>3,8,9,19,22,20,23
1,3,5,9,10,16,19,20,22,23>1,3,10,16,21,22,20,23
1,3,5,9,10,16,19,20,22,23>3,4,8,10,21,22,20,23
1,3,5,9,10,16,19,20,22,23>1,2,3,4,16,21,20,23
1,3,5,9,10,16,19,20,22,23>2,3,4,5,8,9,20,23
2,3,4,5,6,7,8,11,12,13,14,18,19,20,22,23>2,3,12,13,17,20,21,22,4,7,8,14,19,23
2,3,4,5,6,7,8,11,12,13,14,18,19,20,22,23>5,12,13,16,21,22,4,7,8,14,19,23
2,3,4,5,6,7,8,11,12,13,14,18,19,20,22,23>11,13,16,17,18,21,4,7,8,14,19,23
2,3,4,5,6,7,8,11,12,13,14,18,19,20,22,23>2,11,12,16,20,4,7,8,14,19,23
2,3,4,5,6,7,8,11,12,13,14,18,19,20,22,23>2,5,11,13,20,21,22,4,7,8,14,19,23
2,3,4,5,6,7,8,11,12,13,14,18,19,20,22,23>2,5,6,11,12,13,18,20,22,4,7,8,14,19,23
1,4,6,9,11,13,14,17,23>2,4,6,9,11,16,18,14
1,4,6,9,11,13,14,17,23>2,7,10,11,15,17,18,23,14
1,4,6,9,11,13,14,17,23>6,7,9,10,11,14
1,4,6,9,11,13,14,17,23>2,6,7,11,17,14
1,4,6,9,11,13,14,17,23>1,2,6,7,9,13,16,18,23,14
1,4,6,9,11,13,14,17,23>4,6,7,9,13,15,16,17,23,14
2,6,7,8,9,12,14,15,16,17,18,19,22,23>22,6,14,17,7,8,12,16,19,23
2,6,7,8,9,12,14,15,16,17,18,19,22,23>22,2,9,14,7,8,12,16,19,23
2,6,7,8,9,12,14,15,16,17,18,19,22,23>22,6,9,14,7,8,12,16,19,23
2,6,7,8,9,12,14,15,16,17,18,19,22,23>2,6,9,14,18,7,8,12,16,19,23
2,6,7,8,9,12,14,15,16,17,18,19,22,23>9,15,17,18,22,7,8,12,16,19,23
2,6,7,8,9,12,14,15,16,17,18,19,22,23>6,9,14,15,17,18,7,8,12,16,19,23
1,4,7,9,10,13,14,15,16,17>1,9,11,12,17,10,13,14,15,16
1,4,7,9,10,13,14,15,16,17>1,2,4,9,12,17,10,13,14,15,16
1,4,7,9,10,13,14,15,16,17>12,1,18,7,10,13,14,15,16
1,4,7,9,10,13,14,15,16,17>1,18,8,11,10,13,14,15,16
1,4,7,9,10,13,14,15,16,17>2,18,8,11,10,13,14,15,16
1,4,7,9,10,13,14,15,16,17>1,2,7,8,11,17,10,13,14,15,16
2,3,4,5,6,9,14,17,18,20,22,23>15,21,10,14,4,6,17,18,20,23
2,3,4,5,6,9,14,17,18,20,22,23>7,16,19,21,22,4,6,17,18,20,23
2,3,4,5,6,9,14,17,18,20,22,23>2,7,15,16,22,4,6,17,18,20,23
2,3,4,5,6,9,14,17,18,20,22,23>2,5,7,14,16,21,4,6,17,18,20,23
2,3,4,5,6,9,14,17,18,20,22,23>2,9,15,16,21,4,6,17,18,20,23
2,3,4,5,6,9,14,17,18,20,22,23>3,5,7,9,10,14,16,21,4,6,17,18,20,23
2,6,9,11,20,22>6,7,11,13,20
2,6,9,11,20,22>6,7,9,11,17,22,23,20
2,6,9,11,20,22>2,6,7,9,22,20
2,6,9,11,20,22>2,10,11,13,23,20
2,6,9,11,20,22>22,7,10,13,20
2,6,9,11,20,22>7,9,10,11,13,21,20
1,4,5,7,9,12,15,17,20,21,22,23>2,7,8,12,15,20,17,21,22,23
1,4,5,7,9,12,15,17,20,21,22,23>1,2,4,8,9,12,15,17,21,22,23
1,4,5,7,9,12,15,17,20,21,22,23>1,2,4,5,10,12,20,17,21,22,23
1,4,5,7,9,12,15,17,20,21,22,23>1,6,7,12,20,17,21,22,23
1,4,5,7,9,12,15,17,20,21,22,23>1,6,8,9,10,16,17,21,22,23
1,4,5,7,9,12,15,17,20,21,22,23>4,5,6,7,9,10,15,18,17,21,22,23
