TCR,NFAT,IFN-\beta,IFN-\betaR,IL-18,IL-18R,IRAK,SOCS1,IL-12,IL-12R,STAT4,T-bet,IFN-\gamma,IFN-\gammaR,JAK1,STAT1,IL-4,IL-4R,STAT6,GATA3,IL-10,IL-10R,STAT3
1,2,4,5,9,10,14,22>1,4,5,11,15,16,23,2,10
1,2,4,5,9,10,14,22>4,6,11,13,23,2,10
1,2,4,5,9,10,14,22>4,5,6,11,14,16,2,10
1,2,4,5,9,10,14,22>4,6,9,11,14,22,23,2,10
1,2,4,5,9,10,14,22>1,4,6,9,11,13,22,2,10
1,2,4,5,9,10,14,22>1,5,6,9,15,22,23,2,10
1,3,5,9,10,11,14,16,17,19,22,23>5,10,14,15,19,11,23
1,3,5,9,10,11,14,16,17,19,22,23>1,5,9,10,12,14,15,22,11,23
1,3,5,9,10,11,14,16,17,19,22,23>22,16,5,9,11,23
1,3,5,9,10,11,14,16,17,19,22,23>3,5,9,12,15,17,18,20,11,23
1,3,5,9,10,11,14,16,17,19,22,23>1,3,5,8,16,20,22,11,23
1,3,5,9,10,11,14,16,17,19,22,23>1,2,3,5,15,18,20,22,11,23
6,7,8,10,11,14,17,19,22,23>22,10,19,20,11,23,7
6,7,8,10,11,14,17,19,22,23>22,6,14,11,23,7
6,7,8,10,11,14,17,19,22,23>8,14,19,11,23,7
6,7,8,10,11,14,17,19,22,23>6,17,19,20,22,11,23,7
6,7,8,10,11,14,17,19,22,23>8,17,20,11,23,7
6,7,8,10,11,14,17,19,22,23>8,10,17,19,22,11,23,7
5,7,8,11,12,13,14,17,19,20,22,23>21,5,11,19,8,17,14,23
5,7,8,11,12,13,14,17,19,20,22,23>22,12,19,8,17,14,23
5,7,8,11,12,13,14,17,19,20,22,23>5,7,11,12,19,20,8,17,14,23
5,7,8,11,12,13,14,17,19,20,22,23>7,12,13,20,22,8,17,14,23
5,7,8,11,12,13,14,17,19,20,22,23>11,12,13,21,22,8,17,14,23
5,7,8,11,12,13,14,17,19,20,22,23>7,11,12,13,8,17,14,23
5,6,8,9,10,11,13,15,16,18,19,20,23>15,18,13,8,16,19,20
5,6,8,9,10,11,13,15,16,18,19,20,23>5,6,9,23,8,16,19,20
5,6,8,9,10,11,13,15,16,18,19,20,23>5,6,10,11,14,15,8,16,19,20
5,6,8,9,10,11,13,15,16,18,19,20,23>5,6,7,10,14,18,23,8,16,19,20
5,6,8,9,10,11,13,15,16,18,19,20,23>5,9,10,14,15,18,23,8,16,19,20
5,6,8,9,10,11,13,15,16,18,19,20,23>5,6,9,10,15,18,21,8,16,19,20
2,3,4,5,6,7,8,9,10,13,14,15,17,20,21>3,5,16,4,6,7,10,13,14,17,20,21
2,3,4,5,6,7,8,9,10,13,14,15,17,20,21>2,3,5,15,4,6,7,10,13,14,17,20,21
2,3,4,5,6,7,8,9,10,13,14,15,17,20,21>22,2,8,4,6,7,10,13,14,17,20,21
2,3,4,5,6,7,8,9,10,13,14,15,17,20,21>2,3,5,8,4,6,7,10,13,14,17,20,21
2,3,4,5,6,7,8,9,10,13,14,15,17,20,21>2,8,9,16,4,6,7,10,13,14,17,20,21
2,3,4,5,6,7,8,9,10,13,14,15,17,20,21>5,8,9,15,4,6,7,10,13,14,17,20,21
9,20,13,17>9,13,21,17,20
9,20,13,17>13,14,21,17,20
9,20,13,17>9,10,13,14,17,20
9,20,13,17>9,18,21,17,20
9,20,13,17>10,13,18,21,17,20
9,20,13,17>14,18,17,20
1,2,3,5,8,10,12,13,15,17,19,22>1,3,15,16,17,19,22,23,8,2,12,13
1,2,3,5,8,10,12,13,15,17,19,22>1,4,11,19,22,23,8,2,12,13
1,2,3,5,8,10,12,13,15,17,19,22>1,5,11,15,16,17,22,8,2,12,13
1,2,3,5,8,10,12,13,15,17,19,22>1,3,4,5,15,17,8,2,12,13
1,2,3,5,8,10,12,13,15,17,19,22>3,10,11,16,17,19,8,2,12,13
1,2,3,5,8,10,12,13,15,17,19,22>3,4,5,10,14,15,17,19,22,8,2,12,13
2,3,7,9,13,16,18,19,22,23>13,14,20,22,19,23
2,3,7,9,13,16,18,19,22,23>2,3,4,9,16,20,19,23
2,3,7,9,13,16,18,19,22,23>7,9,12,14,18,19,23
2,3,7,9,13,16,18,19,22,23>7,13,16,18,20,22,19,23
2,3,7,9,13,16,18,19,22,23>2,4,7,12,16,19,23
2,3,7,9,13,16,18,19,22,23>3,4,7,8,13,18,22,19,23
4,5,6,9,11,15,16,17,18,19,20,22>5,7,9,15,17,23,16,18,19,20
4,5,6,9,11,15,16,17,18,19,20,22>4,5,6,7,9,11,13,15,17,22,16,18,19,20
4,5,6,9,11,15,16,17,18,19,20,22>5,8,9,15,17,22,16,18,19,20
4,5,6,9,11,15,16,17,18,19,20,22>4,5,6,8,9,11,15,22,16,18,19,20
4,5,6,9,11,15,16,17,18,19,20,22>5,7,8,13,15,21,23,16,18,19,20
4,5,6,9,11,15,16,17,18,19,20,22>4,6,7,8,9,11,13,15,21,22,23,16,18,19,20
3,4,5,7,9,10,11,13,16,17,18,19,21,22>10,12,20,21,23,4,11,13,16,18,19,22
3,4,5,7,9,10,11,13,16,17,18,19,21,22>14,3,21,23,4,11,13,16,18,19,22
3,4,5,7,9,10,11,13,16,17,18,19,21,22>7,10,20,21,23,4,11,13,16,18,19,22
3,4,5,7,9,10,11,13,16,17,18,19,21,22>3,7,10,17,20,23,4,11,13,16,18,19,22
3,4,5,7,9,10,11,13,16,17,18,19,21,22>5,7,10,12,14,17,23,4,11,13,16,18,19,22
3,4,5,7,9,10,11,13,16,17,18,19,21,22>3,5,8,9,10,12,14,21,4,11,13,16,18,19,22
1,4,6,7,11,12,13,14,16,17,18,19,20,21>15,2,22,12,7,13,14,16,18,19,21
1,4,6,7,11,12,13,14,16,17,18,19,20,21>1,2,4,12,17,20,7,13,14,16,18,19,21
1,4,6,7,11,12,13,14,16,17,18,19,20,21>1,2,4,15,17,20,22,7,13,14,16,18,19,21
1,4,6,7,11,12,13,14,16,17,18,19,20,21>2,4,6,15,17,7,13,14,16,18,19,21
1,4,6,7,11,12,13,14,16,17,18,19,20,21>1,8,12,15,20,22,7,13,14,16,18,19,21
1,4,6,7,11,12,13,14,16,17,18,19,20,21>1,4,6,8,11,15,20,22,7,13,14,16,18,19,21
3,4,5,6,8,9,13,14,15,16,17,18,19,20,21,22,23>7,13,15,4,8,14,16,19,20,21,22,23
3,4,5,6,8,9,13,14,15,16,17,18,19,20,21,22,23>3,5,7,18,4,8,14,16,19,20,21,22,23
3,4,5,6,8,9,13,14,15,16,17,18,19,20,21,22,23>17,5,9,4,8,14,16,19,20,21,22,23
3,4,5,6,8,9,13,14,15,16,17,18,19,20,21,22,23>6,9,13,15,17,18,4,8,14,16,19,20,21,22,23
3,4,5,6,8,9,13,14,15,16,17,18,19,20,21,22,23>3,5,6,9,13,4,8,14,16,19,20,21,22,23
3,4,5,6,8,9,13,14,15,16,17,18,19,20,21,22,23>3,7,9,13,18,4,8,14,16,19,20,21,22,23
4,7,12,14,15,18,20>17,4,7,19,15
4,7,12,14,15,18,20>7,8,16,17,20,21,15
4,7,12,14,15,18,20>7,12,16,15
4,7,12,14,15,18,20>4,7,12,14,17,20,21,15
4,7,12,14,15,18,20>13,16,17,18,20,15
4,7,12,14,15,18,20>4,7,8,12,13,14,18,15
1,2,8,10,12,17,19,20,21,22>1,10,13,23,2,8,17,21,22
1,2,8,10,12,17,19,20,21,22>1,12,13,2,8,17,21,22
1,2,8,10,12,17,19,20,21,22>10,12,13,2,8,17,21,22
1,2,8,10,12,17,19,20,21,22>10,19,20,23,2,8,17,21,22
1,2,8,10,12,17,19,20,21,22>1,10,12,19,2,8,17,21,22
1,2,8,10,12,17,19,20,21,22>12,13,19,20,2,8,17,21,22
2,4,7,8,9,11,13,14,17,18,19,20,22>18,4,23,16,13,14,17,19,20
2,4,7,8,9,11,13,14,17,18,19,20,22>18,2,4,21,13,14,17,19,20
2,4,7,8,9,11,13,14,17,18,19,20,22>21,22,9,11,13,14,17,19,20
2,4,7,8,9,11,13,14,17,18,19,20,22>4,9,11,16,18,21,13,14,17,19,20
2,4,7,8,9,11,13,14,17,18,19,20,22>4,7,9,13,14,17,19,20
2,4,7,8,9,11,13,14,17,18,19,20,22>8,9,18,22,23,13,14,17,19,20
4,6,7,12,13,19,20,21,22>20,6,23,17,21,13,22,7
4,6,7,12,13,19,20,21,22>4,8,17,20,23,21,13,22,7
4,6,7,12,13,19,20,21,22>4,8,16,17,19,20,21,13,22,7
4,6,7,12,13,19,20,21,22>6,12,16,19,20,23,21,13,22,7
4,6,7,12,13,19,20,21,22>4,14,16,20,23,21,13,22,7
4,6,7,12,13,19,20,21,22>4,6,8,14,16,20,21,13,22,7
2,3,6,7,9,11,12,19,20,22>2,11,13,19,20,22,7
2,3,6,7,9,11,12,19,20,22>2,4,11,13,19,20,21,7
2,3,6,7,9,11,12,19,20,22>2,6,9,17,20,23,7
2,3,6,7,9,11,12,19,20,22>2,4,6,9,11,19,20,23,7
2,3,6,7,9,11,12,19,20,22>13,3,8,22,7
2,3,6,7,9,11,12,19,20,22>4,8,9,13,19,20,21,22,7
1,6,9,11,12,15,18,19,20,21>1,2,11,12,16,18,20,19,21
1,6,9,11,12,15,18,19,20,21>7,11,12,18,20,22,19,21
1,6,9,11,12,15,18,19,20,21>8,9,12,15,16,19,21
1,6,9,11,12,15,18,19,20,21>6,8,11,17,18,20,19,21
1,6,9,11,12,15,18,19,20,21>2,6,8,9,11,13,16,17,20,19,21
1,6,9,11,12,15,18,19,20,21>2,6,8,13,15,16,19,21
1,2,4,5,8,10,12,13,17,18,20,22>1,16,19,20,23,8,17,2,13
1,2,4,5,8,10,12,13,17,18,20,22>1,4,5,14,16,19,20,8,17,2,13
1,2,4,5,8,10,12,13,17,18,20,22>22,10,12,23,8,17,2,13
1,2,4,5,8,10,12,13,17,18,20,22>1,4,10,16,18,19,22,23,8,17,2,13
1,2,4,5,8,10,12,13,17,18,20,22>6,10,16,18,19,22,23,8,17,2,13
1,2,4,5,8,10,12,13,17,18,20,22>1,6,10,12,19,20,8,17,2,13
2,3,5,8,10,13,19,21,22,23>13,20,21,22,23
2,3,5,8,10,13,19,21,22,23>4,10,11,14,20,21,22,23
2,3,5,8,10,13,19,21,22,23>3,5,10,11,13,19,22,23
2,3,5,8,10,13,19,21,22,23>20,21,8,22,23
2,3,5,8,10,13,19,21,22,23>4,8,10,11,13,19,22,23
2,3,5,8,10,13,19,21,22,23>2,3,4,5,8,10,13,14,22,23
4,6,10,11,12,13,15,16,22,23>22,8,13,16,11,12,23
4,6,10,11,12,13,15,16,22,23>15,4,8,16,11,12,23
4,6,10,11,12,13,15,16,22,23>6,7,8,14,16,11,12,23
4,6,10,11,12,13,15,16,22,23>22,6,10,14,16,11,12,23
4,6,10,11,12,13,15,16,22,23>4,6,10,13,16,11,12,23
4,6,10,11,12,13,15,16,22,23>6,8,10,16,11,12,23
4,5,7,8,9,14,16,19,20,21,22>23,4,14,19,8,16,20,21,22
4,5,7,8,9,14,16,19,20,21,22>23,9,8,16,20,21,22
4,5,7,8,9,14,16,19,20,21,22>4,13,19,8,16,20,21,22
4,5,7,8,9,14,16,19,20,21,22>4,5,13,8,16,20,21,22
4,5,7,8,9,14,16,19,20,21,22>5,7,13,8,16,20,21,22
4,5,7,8,9,14,16,19,20,21,22>9,13,8,16,20,21,22
1,2,3,4,7,11,12,13,14,15,17,18,21,23>1,8,11,13,19,22,23,2,4,12,14,15,18
1,2,3,4,7,11,12,13,14,15,17,18,21,23>1,7,8,2,4,12,14,15,18
1,2,3,4,7,11,12,13,14,15,17,18,21,23>7,11,16,17,22,23,2,4,12,14,15,18
1,2,3,4,7,11,12,13,14,15,17,18,21,23>1,8,11,13,16,21,23,2,4,12,14,15,18
1,2,3,4,7,11,12,13,14,15,17,18,21,23>1,3,8,11,17,23,2,4,12,14,15,18
1,2,3,4,7,11,12,13,14,15,17,18,21,23>3,7,8,11,13,16,17,19,21,22,2,4,12,14,15,18
3,9,11,12,13,16,19,20,23>8,13,14,16,23
3,9,11,12,13,16,19,20,23>19,8,23,12
3,9,11,12,13,16,19,20,23>4,8,12,13,16,20,21,23
3,9,11,12,13,16,19,20,23>4,8,13,19,23
3,9,11,12,13,16,19,20,23>3,4,8,13,14,20,23
3,9,11,12,13,16,19,20,23>3,4,9,13,14,16,23
6,8,13,16,17,18,19,20,21,23>23,13,17,8,19,20,21
6,8,13,16,17,18,19,20,21,23>22,23,13,14,8,19,20,21
6,8,13,16,17,18,19,20,21,23>22,7,13,14,8,19,20,21
6,8,13,16,17,18,19,20,21,23>22,16,18,8,19,20,21
6,8,13,16,17,18,19,20,21,23>6,13,16,8,19,20,21
6,8,13,16,17,18,19,20,21,23>13,14,16,17,22,8,19,20,21
2,3,6,7,9,11,13,14,15,18,19,21>2,3,4,16,18,7,13,14,15,19
2,3,6,7,9,11,13,14,15,18,19,21>6,11,16,20,22,7,13,14,15,19
2,3,6,7,9,11,13,14,15,18,19,21>3,6,16,18,20,22,7,13,14,15,19
2,3,6,7,9,11,13,14,15,18,19,21>3,4,9,16,18,21,7,13,14,15,19
2,3,6,7,9,11,13,14,15,18,19,21>2,3,6,9,11,16,20,7,13,14,15,19
2,3,6,7,9,11,13,14,15,18,19,21>2,3,4,6,9,20,21,22,7,13,14,15,19
1,2,6,8,15,16,20,21,23>1,6,23,2,8,16,20,21
1,2,6,8,15,16,20,21,23>7,23,2,8,16,20,21
1,2,6,8,15,16,20,21,23>1,15,2,8,16,20,21
1,2,6,8,15,16,20,21,23>6,7,15,2,8,16,20,21
1,2,6,8,15,16,20,21,23>6,22,23,2,8,16,20,21
1,2,6,8,15,16,20,21,23>1,6,7,22,2,8,16,20,21
5,6,7,8,16,17,20,22>13,22,23,8,20,6,7
5,6,7,8,16,17,20,22>5,13,22,8,20,6,7
5,6,7,8,16,17,20,22>16,17,8,20,6,7
5,6,7,8,16,17,20,22>5,21,22,8,20,6,7
5,6,7,8,16,17,20,22>5,13,16,21,23,8,20,6,7
5,6,7,8,16,17,20,22>13,17,21,23,8,20,6,7
1,3,4,7,8,12,13,15,17,18,20,22>2,3,7,12,15,16,18,21,8,17,4,13
1,3,4,7,8,12,13,15,17,18,20,22>1,12,14,18,22,23,8,17,4,13
1,3,4,7,8,12,13,15,17,18,20,22>1,2,12,16,20,8,17,4,13
1,3,4,7,8,12,13,15,17,18,20,22>7,12,16,19,22,23,8,17,4,13
1,3,4,7,8,12,13,15,17,18,20,22>2,3,7,12,14,16,18,19,20,22,8,17,4,13
1,3,4,7,8,12,13,15,17,18,20,22>1,2,3,7,12,15,16,19,8,17,4,13
3,9,14,15,18,19,20,21,22>23,9,18,15,19,20,21,22
3,9,14,15,18,19,20,21,22>3,4,9,14,17,15,19,20,21,22
3,9,14,15,18,19,20,21,22>3,4,9,16,17,15,19,20,21,22
3,9,14,15,18,19,20,21,22>3,14,16,18,15,19,20,21,22
3,9,14,15,18,19,20,21,22>9,14,16,17,18,15,19,20,21,22
3,9,14,15,18,19,20,21,22>4,9,14,16,17,15,19,20,21,22
3,4,5,6,7,10,12,13,14,15,18,19,20,21,22,23>17,6,12,13,4,7,14,15,19,21,22,23
3,4,5,6,7,10,12,13,14,15,18,19,20,21,22,23>3,20,8,13,4,7,14,15,19,21,22,23
3,4,5,6,7,10,12,13,14,15,18,19,20,21,22,23>3,5,6,8,16,20,4,7,14,15,19,21,22,23
3,4,5,6,7,10,12,13,14,15,18,19,20,21,22,23>18,6,10,12,4,7,14,15,19,21,22,23
3,4,5,6,7,10,12,13,14,15,18,19,20,21,22,23>3,5,6,10,16,17,18,20,4,7,14,15,19,21,22,23
3,4,5,6,7,10,12,13,14,15,18,19,20,21,22,23>5,6,8,10,17,18,20,4,7,14,15,19,21,22,23
1,3,4,5,6,7,11,12,13,15,18,19,22>1,2,11,15,16,4,7,12,13,19
1,3,4,5,6,7,11,12,13,15,18,19,22>1,3,8,11,16,22,4,7,12,13,19
1,3,4,5,6,7,11,12,13,15,18,19,22>2,3,11,15,18,23,4,7,12,13,19
1,3,4,5,6,7,11,12,13,15,18,19,22>3,5,8,15,16,4,7,12,13,19
1,3,4,5,6,7,11,12,13,15,18,19,22>2,5,6,11,14,16,23,4,7,12,13,19
1,3,4,5,6,7,11,12,13,15,18,19,22>3,5,6,8,14,15,22,23,4,7,12,13,19
2,3,4,5,6,11,12,14,15,19,20,22,23>2,11,14,16,19,21,4,23,15
2,3,4,5,6,11,12,14,15,19,20,22,23>2,3,7,8,11,12,14,16,17,19,22,4,23,15
2,3,4,5,6,11,12,14,15,19,20,22,23>2,3,7,12,14,16,17,20,4,23,15
2,3,4,5,6,11,12,14,15,19,20,22,23>6,7,11,17,19,4,23,15
2,3,4,5,6,11,12,14,15,19,20,22,23>5,6,7,8,16,17,19,20,22,4,23,15
2,3,4,5,6,11,12,14,15,19,20,22,23>2,3,5,6,7,11,14,17,22,4,23,15
2,6,7,8,9,10,12,16,18,19,20,21>2,13,20,8,19,21,7
2,6,7,8,9,10,12,16,18,19,20,21>2,6,9,13,18,8,19,21,7
2,6,7,8,9,10,12,16,18,19,20,21>18,6,10,13,8,19,21,7
2,6,7,8,9,10,12,16,18,19,20,21>18,6,22,10,8,19,21,7
2,6,7,8,9,10,12,16,18,19,20,21>20,12,16,8,19,21,7
2,6,7,8,9,10,12,16,18,19,20,21>2,6,9,10,12,16,18,8,19,21,7
2,3,8,9,10,13,15,17,18,21,22,23>11,15,17,18,21,10,22,23
2,3,8,9,10,13,15,17,18,21,22,23>2,3,11,14,17,18,19,21,10,22,23
2,3,8,9,10,13,15,17,18,21,22,23>3,4,11,13,15,17,19,10,22,23
2,3,8,9,10,13,15,17,18,21,22,23>14,3,8,18,10,22,23
2,3,8,9,10,13,15,17,18,21,22,23>4,8,11,13,15,16,10,22,23
2,3,8,9,10,13,15,17,18,21,22,23>2,3,9,11,15,17,10,22,23
1,5,7,10,11,18,19,20,21>17,22,11,19,20,21
1,5,7,10,11,18,19,20,21>1,22,7,11,19,20,21
1,5,7,10,11,18,19,20,21>2,7,13,18,22,19,20,21
1,5,7,10,11,18,19,20,21>1,2,7,11,13,17,19,20,21
1,5,7,10,11,18,19,20,21>1,2,5,10,13,18,19,20,21
1,5,7,10,11,18,19,20,21>1,2,5,7,10,17,18,22,19,20,21
3,8,10,12,13,14,16,20,21>3,4,22,8,21,13,14
3,8,10,12,13,14,16,20,21>10,22,8,21,13,14
3,8,10,12,13,14,16,20,21>4,12,22,8,21,13,14
3,8,10,12,13,14,16,20,21>3,4,16,8,21,13,14
3,8,10,12,13,14,16,20,21>3,10,16,20,8,21,13,14
3,8,10,12,13,14,16,20,21>3,12,16,22,8,21,13,14
8,11,13,14,15,16,17,18,19,22>11,12,17,20,23,8,13,14,16,19
8,11,13,14,15,16,17,18,19,22>11,15,17,22,8,13,14,16,19
8,11,13,14,15,16,17,18,19,22>12,15,17,20,22,8,13,14,16,19
8,11,13,14,15,16,17,18,19,22>11,12,15,17,8,13,14,16,19
8,11,13,14,15,16,17,18,19,22>23,12,18,20,8,13,14,16,19
8,11,13,14,15,16,17,18,19,22>11,12,17,18,22,8,13,14,16,19
2,3,5,7,8,10,11,12,13,14,15,22>3,7,10,16,22,23,8,11,12,13,14
2,3,5,7,8,10,11,12,13,14,15,22>22,3,4,8,11,12,13,14
2,3,5,7,8,10,11,12,13,14,15,22>5,7,16,22,23,8,11,12,13,14
2,3,5,7,8,10,11,12,13,14,15,22>2,3,4,5,10,15,16,23,8,11,12,13,14
2,3,5,7,8,10,11,12,13,14,15,22>2,4,6,10,16,22,8,11,12,13,14
2,3,5,7,8,10,11,12,13,14,15,22>4,5,6,7,10,15,22,23,8,11,12,13,14
1,2,4,7,10,15,17,19,20,22>1,4,19,16,17,2,20
1,2,4,7,10,15,17,19,20,22>7,16,18,22,23,17,2,20
1,2,4,7,10,15,17,19,20,22>1,10,18,19,21,22,17,2,20
1,2,4,7,10,15,17,19,20,22>13,18,19,21,22,17,2,20
1,2,4,7,10,15,17,19,20,22>4,13,15,16,21,23,17,2,20
1,2,4,7,10,15,17,19,20,22>4,7,13,15,19,21,22,23,17,2,20
2,3,5,8,9,11,12,16,18,19,21,23>2,4,5,22,23,8,19,12
2,3,5,8,9,11,12,16,18,19,21,23>3,4,5,11,22,8,19,12
2,3,5,8,9,11,12,16,18,19,21,23>9,16,18,21,23,8,19,12
2,3,5,8,9,11,12,16,18,19,21,23>3,9,16,18,21,22,8,19,12
2,3,5,8,9,11,12,16,18,19,21,23>4,9,16,18,21,8,19,12
2,3,5,8,9,11,12,16,18,19,21,23>2,4,5,9,16,21,8,19,12
2,4,5,7,9,10,13,14,16,19,23>19,9,23,16,14
2,4,5,7,9,10,13,14,16,19,23>5,10,11,13,19,20,23,16,14
2,4,5,7,9,10,13,14,16,19,23>4,7,9,10,23,16,14
2,4,5,7,9,10,13,14,16,19,23>2,8,10,11,12,13,19,20,23,16,14
2,4,5,7,9,10,13,14,16,19,23>2,4,5,8,9,10,11,13,20,16,14
2,4,5,7,9,10,13,14,16,19,23>2,5,7,8,9,10,12,15,19,16,14
3,5,7,11,14,15,16,17,18,23>3,6,8,14,17,19,23,16,18,15
3,5,7,11,14,15,16,17,18,23>3,5,6,11,12,14,17,16,18,15
3,5,7,11,14,15,16,17,18,23>3,5,7,8,11,19,23,16,18,15
3,5,7,11,14,15,16,17,18,23>3,4,6,7,11,19,16,18,15
3,5,7,11,14,15,16,17,18,23>3,5,6,7,8,12,14,17,16,18,15
3,5,7,11,14,15,16,17,18,23>4,5,6,7,12,16,18,15
3,4,5,7,8,9,10,11,12,13,14,16,18,19>3,5,7,18,4,8,11,12,13,14,16,19
3,4,5,7,8,9,10,11,12,13,14,16,18,19>9,18,4,8,11,12,13,14,16,19
3,4,5,7,8,9,10,11,12,13,14,16,18,19>3,5,9,4,8,11,12,13,14,16,19
3,4,5,7,8,9,10,11,12,13,14,16,18,19>7,9,4,8,11,12,13,14,16,19
3,4,5,7,8,9,10,11,12,13,14,16,18,19>5,10,18,4,8,11,12,13,14,16,19
3,4,5,7,8,9,10,11,12,13,14,16,18,19>9,10,4,8,11,12,13,14,16,19
1,5,7,8,9,20,22>1,8,9,21,23,20
1,5,7,8,9,20,22>1,2,6,8,10,23,20
1,5,7,8,9,20,22>2,5,6,10,13,22,23,20
1,5,7,8,9,20,22>1,2,5,6,8,17,23,20
1,5,7,8,9,20,22>2,7,9,10,13,23,20
1,5,7,8,9,20,22>1,2,5,7,9,10,20
4,10,11,13,16,19,22,23>20,8,19,16,11,23
4,10,11,13,16,19,22,23>20,8,10,16,11,23
4,10,11,13,16,19,22,23>8,12,14,20,22,16,11,23
4,10,11,13,16,19,22,23>4,10,12,14,20,22,16,11,23
4,10,11,13,16,19,22,23>4,8,13,20,22,16,11,23
4,10,11,13,16,19,22,23>4,12,13,14,22,16,11,23
5,6,8,10,11,12,13,14,16,18,19,21,22,23>5,6,10,8,11,12,14,19,22,23
5,6,8,10,11,12,13,14,16,18,19,21,22,23>6,13,16,18,21,8,11,12,14,19,22,23
5,6,8,10,11,12,13,14,16,18,19,21,22,23>5,6,13,18,21,8,11,12,14,19,22,23
5,6,8,10,11,12,13,14,16,18,19,21,22,23>5,6,7,13,16,21,8,11,12,14,19,22,23
5,6,8,10,11,12,13,14,16,18,19,21,22,23>21,5,10,13,8,11,12,14,19,22,23
5,6,8,10,11,12,13,14,16,18,19,21,22,23>5,10,13,16,8,11,12,14,19,22,23
3,4,6,8,12,13,15,16,19,20,22,23>7,12,15,19,21,8,16,4,23
3,4,6,8,12,13,15,16,19,20,22,23>6,13,14,15,19,8,16,4,23
3,4,6,8,12,13,15,16,19,20,22,23>6,7,13,14,15,22,8,16,4,23
3,4,6,8,12,13,15,16,19,20,22,23>6,7,13,14,15,20,21,8,16,4,23
3,4,6,8,12,13,15,16,19,20,22,23>12,13,14,19,22,8,16,4,23
3,4,6,8,12,13,15,16,19,20,22,23>6,12,13,14,15,20,21,8,16,4,23
2,5,7,9,15,16,19>2,5,7,12,15,19,20,16
2,5,7,9,15,16,19>5,7,8,12,15,19,16
2,5,7,9,15,16,19>15,20,9,13,16
2,5,7,9,15,16,19>5,9,13,15,19,16
2,5,7,9,15,16,19>7,8,9,19,20,16
2,5,7,9,15,16,19>2,5,7,8,9,16
1,2,4,6,7,8,9,11,13,17,18,20>10,14,16,19,21,2,7,13,17,20
1,2,4,6,7,8,9,11,13,17,18,20>1,10,16,19,21,2,7,13,17,20
1,2,4,6,7,8,9,11,13,17,18,20>1,8,9,10,11,19,2,7,13,17,20
1,2,4,6,7,8,9,11,13,17,18,20>1,8,9,16,18,2,7,13,17,20
1,2,4,6,7,8,9,11,13,17,18,20>4,6,9,10,14,19,21,2,7,13,17,20
1,2,4,6,7,8,9,11,13,17,18,20>1,8,9,11,19,21,2,7,13,17,20
1,2,4,15,19,22>1,13,19,23,2
1,2,4,15,19,22>13,15,19,20,2
1,2,4,15,19,22>1,4,16,19,22,23,2
1,2,4,15,19,22>1,15,16,20,23,2
1,2,4,15,19,22>13,15,16,20,23,2
1,2,4,15,19,22>1,4,13,15,16,19,2
2,4,5,7,8,10,11,13,14,16,19,21>4,12,20,21,22,8,11,13,14,16
2,4,5,7,8,10,11,13,14,16,19,21>21,4,5,19,8,11,13,14,16
2,4,5,7,8,10,11,13,14,16,19,21>5,7,12,19,22,8,11,13,14,16
2,4,5,7,8,10,11,13,14,16,19,21>2,5,7,12,20,21,22,8,11,13,14,16
2,4,5,7,8,10,11,13,14,16,19,21>22,10,8,11,13,14,16
2,4,5,7,8,10,11,13,14,16,19,21>2,5,10,12,19,8,11,13,14,16
1,2,5,8,14,18,19,21,22>21,5,18,2,19,22
1,2,5,8,14,18,19,21,22>1,13,18,20,21,2,19,22
1,2,5,8,14,18,19,21,22>21,5,8,13,2,19,22
1,2,5,8,14,18,19,21,22>21,23,5,14,2,19,22
1,2,5,8,14,18,19,21,22>1,5,14,20,21,2,19,22
1,2,5,8,14,18,19,21,22>1,8,14,20,2,19,22
2,3,5,7,8,9,10,13,15,20,21,23>4,5,8,9,13,14,16,17,23,10,20,21
2,3,5,7,8,9,10,13,15,20,21,23>2,3,4,5,14,15,16,17,22,10,20,21
2,3,5,7,8,9,10,13,15,20,21,23>2,6,8,9,16,17,22,10,20,21
2,3,5,7,8,9,10,13,15,20,21,23>2,4,6,13,15,16,22,23,10,20,21
2,3,5,7,8,9,10,13,15,20,21,23>2,5,6,13,16,17,10,20,21
2,3,5,7,8,9,10,13,15,20,21,23>2,4,5,6,8,14,15,22,10,20,21
2,5,7,9,10,11,12,15,17>2,5,9,13,15,16,10,11,12
2,5,7,9,10,11,12,15,17>6,7,9,13,16,17,18,10,11,12
2,5,7,9,10,11,12,15,17>2,8,9,13,16,17,18,10,11,12
2,5,7,9,10,11,12,15,17>2,6,8,9,17,10,11,12
2,5,7,9,10,11,12,15,17>2,7,8,15,16,17,10,11,12
2,5,7,9,10,11,12,15,17>2,5,7,8,9,15,16,10,11,12
5,6,8,9,11,12,13,14,17,18,23>18,5,7,23,8,12,6,14
5,6,8,9,11,12,13,14,17,18,23>19,9,13,17,8,12,6,14
5,6,8,9,11,12,13,14,17,18,23>7,9,13,17,23,8,12,6,14
5,6,8,9,11,12,13,14,17,18,23>5,7,9,10,19,8,12,6,14
5,6,8,9,11,12,13,14,17,18,23>9,11,13,17,18,8,12,6,14
5,6,8,9,11,12,13,14,17,18,23>5,10,11,17,19,8,12,6,14
2,3,4,5,6,7,9,10,11,12,13,16,17,20,22,23>2,3,12,13,14,17,18,4,6,7,10,16,23
2,3,4,5,6,7,9,10,11,12,13,16,17,20,22,23>2,5,8,11,12,13,22,4,6,7,10,16,23
2,3,4,5,6,7,9,10,11,12,13,16,17,20,22,23>13,18,9,12,4,6,7,10,16,23
2,3,4,5,6,7,9,10,11,12,13,16,17,20,22,23>3,5,8,9,18,22,4,6,7,10,16,23
2,3,4,5,6,7,9,10,11,12,13,16,17,20,22,23>3,5,8,9,13,20,21,4,6,7,10,16,23
2,3,4,5,6,7,9,10,11,12,13,16,17,20,22,23>2,3,5,8,9,14,18,20,4,6,7,10,16,23
1,3,4,7,8,9,10,11,13,14,15,17,18,19,20,22,23>1,2,3,9,10,11,16,22,4,14,17,19,20,23
1,3,4,7,8,9,10,11,13,14,15,17,18,19,20,22,23>1,3,7,9,13,18,22,4,14,17,19,20,23
1,3,4,7,8,9,10,11,13,14,15,17,18,19,20,22,23>1,3,8,9,10,11,13,21,22,4,14,17,19,20,23
1,3,4,7,8,9,10,11,13,14,15,17,18,19,20,22,23>7,8,10,11,13,15,16,18,22,4,14,17,19,20,23
1,3,4,7,8,9,10,11,13,14,15,17,18,19,20,22,23>1,7,8,9,11,13,15,16,21,22,4,14,17,19,20,23
1,3,4,7,8,9,10,11,13,14,15,17,18,19,20,22,23>1,2,7,8,9,11,18,21,4,14,17,19,20,23
3,4,10,12,15,17,18,19,20,21>20,22,8,10,4,17,18,19,21
3,4,10,12,15,17,18,19,20,21>3,12,16,20,22,4,17,18,19,21
3,4,10,12,15,17,18,19,20,21>10,12,15,16,20,22,4,17,18,19,21
3,4,10,12,15,17,18,19,20,21>20,8,13,4,17,18,19,21
3,4,10,12,15,17,18,19,20,21>3,8,10,13,4,17,18,19,21
3,4,10,12,15,17,18,19,20,21>3,10,12,13,16,22,4,17,18,19,21
1,3,4,5,9,11,12,13,15,17,18,20,21,23>8,9,11,12,13,19,22,17,18,4,21
1,3,4,5,9,11,12,13,15,17,18,20,21,23>1,3,8,10,12,13,14,15,20,23,17,18,4,21
1,3,4,5,9,11,12,13,15,17,18,20,21,23>2,5,8,10,11,13,15,19,20,23,17,18,4,21
1,3,4,5,9,11,12,13,15,17,18,20,21,23>2,3,6,8,11,12,14,20,22,23,17,18,4,21
1,3,4,5,9,11,12,13,15,17,18,20,21,23>1,2,3,6,8,9,10,11,14,15,19,22,17,18,4,21
1,3,4,5,9,11,12,13,15,17,18,20,21,23>3,5,6,14,20,22,23,17,18,4,21
1,2,3,4,6,10,13,15,17,21,22>3,14,15,16,17,18,21,2,4,13,22
1,2,3,4,6,10,13,15,17,21,22>15,18,6,14,2,4,13,22
1,2,3,4,6,10,13,15,17,21,22>3,6,11,17,18,23,2,4,13,22
1,2,3,4,6,10,13,15,17,21,22>1,3,7,11,15,21,2,4,13,22
1,2,3,4,6,10,13,15,17,21,22>7,10,11,14,15,16,2,4,13,22
1,2,3,4,6,10,13,15,17,21,22>6,7,10,11,16,17,21,23,2,4,13,22
1,2,3,4,7,8,9,10,12,16,18,20,21,22,23>1,7,2,4,8,10,16,21,22,23
1,2,3,4,7,8,9,10,12,16,18,20,21,22,23>20,3,7,18,2,4,8,10,16,21,22,23
1,2,3,4,7,8,9,10,12,16,18,20,21,22,23>1,9,18,19,2,4,8,10,16,21,22,23
1,2,3,4,7,8,9,10,12,16,18,20,21,22,23>3,9,18,2,4,8,10,16,21,22,23
1,2,3,4,7,8,9,10,12,16,18,20,21,22,23>20,1,12,2,4,8,10,16,21,22,23
1,2,3,4,7,8,9,10,12,16,18,20,21,22,23>9,12,2,4,8,10,16,21,22,23
2,3,5,6,7,8,9,10,11,12,14,17,18,20,21>18,4,11,12,6,7,8,10,17,21
2,3,5,6,7,8,9,10,11,12,14,17,18,20,21>2,5,12,13,18,19,20,6,7,8,10,17,21
2,3,5,6,7,8,9,10,11,12,14,17,18,20,21>2,3,4,5,14,20,22,6,7,8,10,17,21
2,3,5,6,7,8,9,10,11,12,14,17,18,20,21>2,4,9,11,19,20,6,7,8,10,17,21
2,3,5,6,7,8,9,10,11,12,14,17,18,20,21>14,5,9,11,6,7,8,10,17,21
2,3,5,6,7,8,9,10,11,12,14,17,18,20,21>2,4,5,9,13,20,22,6,7,8,10,17,21
1,2,4,5,6,7,9,10,13,14,15,17,20,21,22>1,4,5,18,23,2,6,7,10,13,14,15,17,20,21,22
1,2,4,5,6,7,9,10,13,14,15,17,20,21,22>1,5,9,23,2,6,7,10,13,14,15,17,20,21,22
1,2,4,5,6,7,9,10,13,14,15,17,20,21,22>1,5,16,2,6,7,10,13,14,15,17,20,21,22
1,2,4,5,6,7,9,10,13,14,15,17,20,21,22>4,9,16,23,2,6,7,10,13,14,15,17,20,21,22
1,2,4,5,6,7,9,10,13,14,15,17,20,21,22>1,4,9,16,2,6,7,10,13,14,15,17,20,21,22
1,2,4,5,6,7,9,10,13,14,15,17,20,21,22>5,9,16,2,6,7,10,13,14,15,17,20,21,22
1,2,6,9,10,11,16,18,19,20,21,22,23>1,6,7,11,2,19,20,21,22,23
1,2,6,9,10,11,16,18,19,20,21,22,23>16,6,8,10,2,19,20,21,22,23
1,2,6,9,10,11,16,18,19,20,21,22,23>1,6,8,10,2,19,20,21,22,23
1,2,6,9,10,11,16,18,19,20,21,22,23>6,7,8,11,16,2,19,20,21,22,23
1,2,6,9,10,11,16,18,19,20,21,22,23>18,9,10,11,2,19,20,21,22,23
1,2,6,9,10,11,16,18,19,20,21,22,23>7,9,10,16,18,2,19,20,21,22,23
1,6,7,8,9,11,16,17,19,23>23,2,6,12,8,7
1,6,7,8,9,11,16,17,19,23>1,11,17,19,20,23,8,7
1,6,7,8,9,11,16,17,19,23>1,9,11,17,20,8,7
1,6,7,8,9,11,16,17,19,23>2,9,11,12,16,17,19,20,23,8,7
1,6,7,8,9,11,16,17,19,23>1,2,9,11,16,17,19,8,7
1,6,7,8,9,11,16,17,19,23>1,2,6,9,11,12,19,8,7
1,3,4,5,7,8,9,11,12,14,15,17,20,22,23>7,9,11,12,14,15,16,22,8,17,4,23
1,3,4,5,7,8,9,11,12,14,15,17,20,22,23>2,3,5,11,16,21,22,8,17,4,23
1,3,4,5,7,8,9,11,12,14,15,17,20,22,23>6,7,12,15,20,8,17,4,23
1,3,4,5,7,8,9,11,12,14,15,17,20,22,23>1,6,9,11,12,14,15,21,8,17,4,23
1,3,4,5,7,8,9,11,12,14,15,17,20,22,23>2,5,6,9,10,11,12,15,20,21,8,17,4,23
1,3,4,5,7,8,9,11,12,14,15,17,20,22,23>1,3,5,6,10,11,15,16,8,17,4,23
1,2,3,4,6,7,8,9,12,13,14,17,18,19,20>21,3,18,2,4,7,8,13,14,17,19
1,2,3,4,6,7,8,9,12,13,14,17,18,19,20>1,6,21,18,2,4,7,8,13,14,17,19
1,2,3,4,6,7,8,9,12,13,14,17,18,19,20>20,1,6,18,2,4,7,8,13,14,17,19
1,2,3,4,6,7,8,9,12,13,14,17,18,19,20>6,9,16,18,2,4,7,8,13,14,17,19
1,2,3,4,6,7,8,9,12,13,14,17,18,19,20>1,6,9,18,2,4,7,8,13,14,17,19
1,2,3,4,6,7,8,9,12,13,14,17,18,19,20>1,6,12,20,21,2,4,7,8,13,14,17,19
1,4,7,9,10,12,15,17,18,19,21,22>2,7,11,15,21,18,19,12,22
1,4,7,9,10,12,15,17,18,19,21,22>4,8,10,11,16,23,18,19,12,22
1,4,7,9,10,12,15,17,18,19,21,22>1,4,8,11,15,16,23,18,19,12,22
1,4,7,9,10,12,15,17,18,19,21,22>1,2,4,8,10,15,17,18,19,12,22
1,4,7,9,10,12,15,17,18,19,21,22>2,7,8,13,15,23,18,19,12,22
1,4,7,9,10,12,15,17,18,19,21,22>1,4,7,8,10,11,13,17,23,18,19,12,22
2,3,4,6,8,9,10,12,14,15,16,17,18,20,21,23>2,3,14,15,17,18,22,23,4,8,10,16,21
2,3,4,6,8,9,10,12,14,15,16,17,18,20,21,23>2,3,12,14,15,19,23,4,8,10,16,21
2,3,4,6,8,9,10,12,14,15,16,17,18,20,21,23>2,6,12,15,17,18,19,20,4,8,10,16,21
2,3,4,6,8,9,10,12,14,15,16,17,18,20,21,23>2,3,6,7,15,18,22,4,8,10,16,21
2,3,4,6,8,9,10,12,14,15,16,17,18,20,21,23>17,3,18,9,4,8,10,16,21
2,3,4,6,8,9,10,12,14,15,16,17,18,20,21,23>3,6,9,14,19,23,4,8,10,16,21
3,8,10,12,13,18,19,22,23>11,14,8,19,12,23
3,8,10,12,13,18,19,22,23>4,13,14,18,22,8,19,12,23
3,8,10,12,13,18,19,22,23>3,4,13,14,18,8,19,12,23
3,8,10,12,13,18,19,22,23>22,3,10,13,8,19,12,23
3,8,10,12,13,18,19,22,23>4,10,13,14,22,8,19,12,23
3,8,10,12,13,18,19,22,23>3,4,10,11,13,8,19,12,23
4,6,7,9,13,15,16,17,18,22>8,17,19,22,23,16,18,13,7
4,6,7,9,13,15,16,17,18,22>6,9,14,15,17,16,18,13,7
4,6,7,9,13,15,16,17,18,22>4,6,8,9,12,22,16,18,13,7
4,6,7,9,13,15,16,17,18,22>4,6,10,17,19,23,16,18,13,7
4,6,7,9,13,15,16,17,18,22>8,10,15,17,19,16,18,13,7
4,6,7,9,13,15,16,17,18,22>9,10,12,15,17,16,18,13,7
1,2,3,5,6,8,9,12,14,15,17,18,20,21,22,23>1,5,9,12,14,15,16,19,2,6,8,17,21,22,23
1,2,3,5,6,8,9,12,14,15,17,18,20,21,22,23>1,4,5,10,12,14,15,19,2,6,8,17,21,22,23
1,2,3,5,6,8,9,12,14,15,17,18,20,21,22,23>1,4,5,9,12,14,18,19,2,6,8,17,21,22,23
1,2,3,5,6,8,9,12,14,15,17,18,20,21,22,23>1,3,4,5,12,14,15,16,18,2,6,8,17,21,22,23
1,2,3,5,6,8,9,12,14,15,17,18,20,21,22,23>1,7,9,12,14,18,19,20,2,6,8,17,21,22,23
1,2,3,5,6,8,9,12,14,15,17,18,20,21,22,23>4,5,7,9,12,2,6,8,17,21,22,23
3,4,5,6,8,9,10,11,12,14,15,17,18,20,21>14,16,20,12,4,6,8,10,17,21
3,4,5,6,8,9,10,11,12,14,15,17,18,20,21>3,12,13,15,18,20,22,4,6,8,10,17,21
3,4,5,6,8,9,10,11,12,14,15,17,18,20,21>3,5,12,15,19,20,4,6,8,10,17,21
3,4,5,6,8,9,10,11,12,14,15,17,18,20,21>3,11,13,14,16,4,6,8,10,17,21
3,4,5,6,8,9,10,11,12,14,15,17,18,20,21>3,5,11,12,14,20,4,6,8,10,17,21
3,4,5,6,8,9,10,11,12,14,15,17,18,20,21>3,7,11,13,14,18,19,22,4,6,8,10,17,21
1,2,3,4,5,6,12,15,17,18,20,23>1,3,12,2,4,6,17,18
1,2,3,4,5,6,12,15,17,18,20,23>5,12,15,19,20,2,4,6,17,18
1,2,3,4,5,6,12,15,17,18,20,23>5,7,12,19,23,2,4,6,17,18
1,2,3,4,5,6,12,15,17,18,20,23>3,8,12,15,16,20,21,2,4,6,17,18
1,2,3,4,5,6,12,15,17,18,20,23>3,5,8,15,21,2,4,6,17,18
1,2,3,4,5,6,12,15,17,18,20,23>1,5,7,8,16,21,23,2,4,6,17,18
1,4,5,8,11,13,15,17,18,19>1,14,15,18,20,19,13
1,4,5,8,11,13,15,17,18,19>2,4,11,14,19,13
1,4,5,8,11,13,15,17,18,19>1,5,14,15,16,17,20,19,13
1,4,5,8,11,13,15,17,18,19>1,8,11,14,17,20,19,13
1,4,5,8,11,13,15,17,18,19>1,8,15,16,17,18,20,19,13
1,4,5,8,11,13,15,17,18,19>2,5,8,11,17,19,13
3,14,15,19,21,22,23>3,4,21,23,22,15
3,14,15,19,21,22,23>3,14,23,22,15
3,14,15,19,21,22,23>14,16,20,23,22,15
3,14,15,19,21,22,23>3,19,20,21,23,22,15
3,14,15,19,21,22,23>3,16,19,21,23,22,15
3,14,15,19,21,22,23>14,16,19,21,23,22,15
1,2,3,4,5,6,7,9,10,11,12,13,14,16,17,18,21,22>19,21,23,8,2,4,6,7,10,11,12,13,14,16,18,22
1,2,3,4,5,6,7,9,10,11,12,13,14,16,17,18,21,22>21,3,8,15,2,4,6,7,10,11,12,13,14,16,18,22
1,2,3,4,5,6,7,9,10,11,12,13,14,16,17,18,21,22>1,5,8,15,17,23,2,4,6,7,10,11,12,13,14,16,18,22
1,2,3,4,5,6,7,9,10,11,12,13,14,16,17,18,21,22>1,3,5,8,15,19,2,4,6,7,10,11,12,13,14,16,18,22
1,2,3,4,5,6,7,9,10,11,12,13,14,16,17,18,21,22>1,8,9,15,17,19,23,2,4,6,7,10,11,12,13,14,16,18,22
1,2,3,4,5,6,7,9,10,11,12,13,14,16,17,18,21,22>3,8,9,15,23,2,4,6,7,10,11,12,13,14,16,18,22
2,3,9,10,11,12,14,17,18,19,23>2,8,17,14,19,18,11,12
2,3,9,10,11,12,14,17,18,19,23>4,8,10,14,15,19,18,11,12
2,3,9,10,11,12,14,17,18,19,23>3,4,8,10,23,19,18,11,12
2,3,9,10,11,12,14,17,18,19,23>3,4,8,10,14,17,19,18,11,12
2,3,9,10,11,12,14,17,18,19,23>23,8,9,19,18,11,12
2,3,9,10,11,12,14,17,18,19,23>2,8,9,10,17,19,18,11,12
1,5,7,8,9,10,15,16,19,20>5,10,15,19,21,8,16,20
1,5,7,8,9,10,15,16,19,20>1,21,5,10,8,16,20
1,5,7,8,9,10,15,16,19,20>19,2,5,13,8,16,20
1,5,7,8,9,10,15,16,19,20>5,7,15,19,21,8,16,20
1,5,7,8,9,10,15,16,19,20>19,2,9,13,8,16,20
1,5,7,8,9,10,15,16,19,20>5,7,9,10,15,19,8,16,20
1,4,6,7,9,13,14,17,19,21,23>16,17,18,19,20,21,23,14,7
1,4,6,7,9,13,14,17,19,21,23>1,4,15,16,17,18,19,21,22,14,7
1,4,6,7,9,13,14,17,19,21,23>1,2,4,6,19,20,21,14,7
1,4,6,7,9,13,14,17,19,21,23>2,9,13,16,17,21,14,7
1,4,6,7,9,13,14,17,19,21,23>6,9,16,17,19,20,21,23,14,7
1,4,6,7,9,13,14,17,19,21,23>1,4,6,9,13,15,16,17,19,20,22,14,7
1,2,4,5,6,9,11,12,13,16,17,21,22,23>1,4,9,10,13,17,18,21,2,6,12,16,22,23
1,2,4,5,6,9,11,12,13,16,17,21,22,23>4,7,10,13,17,18,2,6,12,16,22,23
1,2,4,5,6,9,11,12,13,16,17,21,22,23>1,7,8,13,14,17,21,2,6,12,16,22,23
1,2,4,5,6,9,11,12,13,16,17,21,22,23>4,5,7,8,9,10,21,2,6,12,16,22,23
1,2,4,5,6,9,11,12,13,16,17,21,22,23>4,5,7,8,9,11,14,18,21,2,6,12,16,22,23
1,2,4,5,6,9,11,12,13,16,17,21,22,23>1,4,5,7,8,10,11,21,2,6,12,16,22,23
4,10,14,15,17,18,20,23>4,10,23,17,18,20,15
4,10,14,15,17,18,20,23>14,21,23,17,18,20,15
4,10,14,15,17,18,20,23>4,16,21,23,17,18,20,15
4,10,14,15,17,18,20,23>14,19,21,17,18,20,15
4,10,14,15,17,18,20,23>10,16,19,17,18,20,15
4,10,14,15,17,18,20,23>14,16,19,17,18,20,15
5,7,8,12,13,14,16,17,20,21,22,23>20,5,16,8,14,21,22,23
5,7,8,12,13,14,16,17,20,21,22,23>5,7,17,8,14,21,22,23
5,7,8,12,13,14,16,17,20,21,22,23>5,6,12,16,17,8,14,21,22,23
5,7,8,12,13,14,16,17,20,21,22,23>20,13,17,8,14,21,22,23
5,7,8,12,13,14,16,17,20,21,22,23>5,6,12,13,17,8,14,21,22,23
5,7,8,12,13,14,16,17,20,21,22,23>5,6,7,12,13,16,8,14,21,22,23
3,5,6,9,10,11,14,16,17,18,20,22>3,4,9,14,19,21,10,18,20,6
3,5,6,9,10,11,14,16,17,18,20,22>3,5,11,13,16,21,23,10,18,20,6
3,5,6,9,10,11,14,16,17,18,20,22>3,4,7,9,11,13,14,17,10,18,20,6
3,5,6,9,10,11,14,16,17,18,20,22>3,5,7,14,16,17,23,10,18,20,6
3,5,6,9,10,11,14,16,17,18,20,22>4,7,8,14,16,17,22,23,10,18,20,6
3,5,6,9,10,11,14,16,17,18,20,22>4,5,7,8,13,17,21,23,10,18,20,6
5,8,9,11,12,15,18,20,21,23>19,9,22,8,21
5,8,9,11,12,15,18,20,21,23>5,6,9,16,18,19,20,8,21
5,8,9,11,12,15,18,20,21,23>6,9,10,16,17,18,19,8,21
5,8,9,11,12,15,18,20,21,23>6,9,10,12,17,18,20,22,8,21
5,8,9,11,12,15,18,20,21,23>11,15,17,18,23,8,21
5,8,9,11,12,15,18,20,21,23>6,10,11,16,18,19,20,8,21
4,5,6,7,8,12,14,15,16,17,19,20,23>19,20,17,8,16,7
4,5,6,7,8,12,14,15,16,17,19,20,23>4,5,6,15,17,21,23,8,16,7
4,5,6,7,8,12,14,15,16,17,19,20,23>5,12,15,17,21,8,16,7
4,5,6,7,8,12,14,15,16,17,19,20,23>4,5,12,19,20,21,23,8,16,7
4,5,6,7,8,12,14,15,16,17,19,20,23>12,14,15,20,21,8,16,7
4,5,6,7,8,12,14,15,16,17,19,20,23>5,6,12,14,19,20,21,8,16,7
1,2,6,9,10,11,13,17,18,20,21>1,7,14,19,22,2,10,13,17,18,20,21
1,2,6,9,10,11,13,17,18,20,21>1,6,7,19,22,2,10,13,17,18,20,21
1,2,6,9,10,11,13,17,18,20,21>22,9,14,19,2,10,13,17,18,20,21
1,2,6,9,10,11,13,17,18,20,21>1,6,9,14,19,2,10,13,17,18,20,21
1,2,6,9,10,11,13,17,18,20,21>6,7,9,14,2,10,13,17,18,20,21
1,2,6,9,10,11,13,17,18,20,21>6,11,19,2,10,13,17,18,20,21
3,5,6,8,13,15,18,19>3,4,8,13,16,19
3,5,6,8,13,15,18,19>3,5,13,15,18,20,19
3,5,6,8,13,15,18,19>4,5,8,13,20,19
3,5,6,8,13,15,18,19>3,6,8,13,20,19
3,5,6,8,13,15,18,19>4,5,7,14,15,16,18,19
3,5,6,8,13,15,18,19>3,6,7,8,13,18,19
3,6,9,10,11,13,15,16,17,18,21,22,23>3,6,9,14,15,17,10,11,16,18,22,23
3,6,9,10,11,13,15,16,17,18,21,22,23>3,6,9,12,14,15,21,10,11,16,18,22,23
3,6,9,10,11,13,15,16,17,18,21,22,23>6,7,12,13,14,15,17,19,21,10,11,16,18,22,23
3,6,9,10,11,13,15,16,17,18,21,22,23>3,6,7,13,15,17,19,10,11,16,18,22,23
3,6,9,10,11,13,15,16,17,18,21,22,23>6,8,9,12,21,10,11,16,18,22,23
3,6,9,10,11,13,15,16,17,18,21,22,23>7,8,13,14,21,10,11,16,18,22,23
1,7,8,9,10,14,15,16,17,18,20>21,18,2,19,8,16,10,20
1,7,8,9,10,14,15,16,17,18,20>1,7,9,13,15,18,21,8,16,10,20
1,7,8,9,10,14,15,16,17,18,20>1,2,13,14,19,8,16,10,20
1,7,8,9,10,14,15,16,17,18,20>1,9,13,14,15,17,21,8,16,10,20
1,7,8,9,10,14,15,16,17,18,20>7,9,13,14,15,17,18,19,8,16,10,20
1,7,8,9,10,14,15,16,17,18,20>1,7,9,13,14,15,8,16,10,20
1,4,8,10,14,16,17,21,23>17,1,12,8,16
1,4,8,10,14,16,17,21,23>2,4,12,14,21,23,8,16
1,4,8,10,14,16,17,21,23>1,2,4,17,23,8,16
1,4,8,10,14,16,17,21,23>2,22,10,12,8,16
1,4,8,10,14,16,17,21,23>1,2,10,14,21,22,8,16
1,4,8,10,14,16,17,21,23>17,4,11,8,16
2,4,8,9,10,11,23>2,4,10,11
2,4,8,9,10,11,23>4,8,10,11
2,4,8,9,10,11,23>2,9,23,10,11
2,4,8,9,10,11,23>4,9,10,11
2,4,8,9,10,11,23>8,16,23,10,11
2,4,8,9,10,11,23>2,8,9,16,10,11
1,2,3,4,5,7,8,10,17,18,20,22,23>8,10,16,21,22,2,4,17,20,23
1,2,3,4,5,7,8,10,17,18,20,22,23>3,5,8,10,19,2,4,17,20,23
1,2,3,4,5,7,8,10,17,18,20,22,23>1,3,5,10,18,19,21,2,4,17,20,23
1,2,3,4,5,7,8,10,17,18,20,22,23>1,6,8,10,19,2,4,17,20,23
1,2,3,4,5,7,8,10,17,18,20,22,23>7,10,16,18,19,21,2,4,17,20,23
1,2,3,4,5,7,8,10,17,18,20,22,23>5,6,7,8,16,18,21,2,4,17,20,23
1,2,3,4,5,6,7,8,9,12,14,15,16,19,22,23>1,5,6,15,19,22,2,4,7,8,12,16,23
1,2,3,4,5,6,7,8,9,12,14,15,16,19,22,23>3,5,6,14,15,19,22,2,4,7,8,12,16,23
1,2,3,4,5,6,7,8,9,12,14,15,16,19,22,23>1,9,14,15,19,2,4,7,8,12,16,23
1,2,3,4,5,6,7,8,9,12,14,15,16,19,22,23>5,9,14,15,22,2,4,7,8,12,16,23
1,2,3,4,5,6,7,8,9,12,14,15,16,19,22,23>1,6,9,15,22,2,4,7,8,12,16,23
1,2,3,4,5,6,7,8,9,12,14,15,16,19,22,23>3,5,6,9,2,4,7,8,12,16,23
1,3,6,7,8,9,18,20>8,9,10,13,17,21,20,7
1,3,6,7,8,9,18,20>1,2,3,13,21,20,7
1,3,6,7,8,9,18,20>1,2,4,9,18,19,20,7
1,3,6,7,8,9,18,20>1,2,4,9,13,19,20,7
1,3,6,7,8,9,18,20>1,2,3,4,9,17,20,7
1,3,6,7,8,9,18,20>1,2,6,10,17,19,20,7
8,9,12,13,15,16,19,20,21>9,20,22,8,16,21,13
8,9,12,13,15,16,19,20,21>9,12,14,8,16,21,13
8,9,12,13,15,16,19,20,21>15,22,8,16,21,13
8,9,12,13,15,16,19,20,21>14,15,8,16,21,13
8,9,12,13,15,16,19,20,21>14,19,20,22,8,16,21,13
8,9,12,13,15,16,19,20,21>12,14,19,8,16,21,13
4,6,8,9,11,13,14,15,20,22,23>15,21,22,20,14,23
4,6,8,9,11,13,14,15,20,22,23>4,6,7,10,11,13,17,20,14,23
4,6,8,9,11,13,14,15,20,22,23>4,7,8,10,13,15,16,21,20,14,23
4,6,8,9,11,13,14,15,20,22,23>4,7,8,13,17,21,20,14,23
4,6,8,9,11,13,14,15,20,22,23>7,9,11,15,22,20,14,23
4,6,8,9,11,13,14,15,20,22,23>4,6,7,8,9,11,15,16,20,14,23
2,3,4,5,7,9,12,16,19,21,22>19,2,3,9,16,4,12,22
2,3,4,5,7,9,12,16,19,21,22>2,23,5,16,4,12,22
2,3,4,5,7,9,12,16,19,21,22>21,23,7,16,4,12,22
2,3,4,5,7,9,12,16,19,21,22>19,8,13,16,4,12,22
2,3,4,5,7,9,12,16,19,21,22>19,23,7,8,16,4,12,22
2,3,4,5,7,9,12,16,19,21,22>3,5,7,8,13,21,16,4,12,22
1,7,8,9,10,11,13,14,15,16,17,20,22,23>17,1,21,8,10,14,16,20,23
1,7,8,9,10,11,13,14,15,16,17,20,22,23>17,2,13,15,8,10,14,16,20,23
1,7,8,9,10,11,13,14,15,16,17,20,22,23>9,13,15,17,21,22,8,10,14,16,20,23
1,7,8,9,10,11,13,14,15,16,17,20,22,23>1,7,9,15,22,8,10,14,16,20,23
1,7,8,9,10,11,13,14,15,16,17,20,22,23>1,2,11,13,8,10,14,16,20,23
1,7,8,9,10,11,13,14,15,16,17,20,22,23>1,2,7,11,15,17,22,8,10,14,16,20,23
3,5,9,11,13,17,19>18,3,17,13
3,5,9,11,13,17,19>3,4,19,13
3,5,9,11,13,17,19>5,9,17,13
3,5,9,11,13,17,19>4,5,9,14,18,20,13
3,5,9,11,13,17,19>18,3,9,11,13
3,5,9,11,13,17,19>5,9,11,13
1,2,7,9,10,11,14,17,20,21,22,23>1,7,18,2,10,17,20,21,22,23
1,2,7,9,10,11,14,17,20,21,22,23>9,15,2,10,17,20,21,22,23
1,2,7,9,10,11,14,17,20,21,22,23>14,15,18,2,10,17,20,21,22,23
1,2,7,9,10,11,14,17,20,21,22,23>1,7,14,2,10,17,20,21,22,23
1,2,7,9,10,11,14,17,20,21,22,23>11,14,15,2,10,17,20,21,22,23
1,2,7,9,10,11,14,17,20,21,22,23>9,11,14,2,10,17,20,21,22,23
2,4,5,6,11,12,13,16,19,20,21,22>4,6,8,11,12,20,16,21,13,22
2,4,5,6,11,12,13,16,19,20,21,22>2,5,6,8,12,23,16,21,13,22
2,4,5,6,11,12,13,16,19,20,21,22>4,5,6,11,12,20,23,16,21,13,22
2,4,5,6,11,12,13,16,19,20,21,22>4,7,11,20,23,16,21,13,22
2,4,5,6,11,12,13,16,19,20,21,22>2,4,6,7,14,20,16,21,13,22
2,4,5,6,11,12,13,16,19,20,21,22>2,4,5,6,7,14,19,16,21,13,22
1,3,4,5,6,8,9,10,13,16,18,20,21,22,23>1,3,9,13,14,18,19,4,6,8,10,16,20,21,22,23
1,3,4,5,6,8,9,10,13,16,18,20,21,22,23>2,3,9,13,18,4,6,8,10,16,20,21,22,23
1,3,4,5,6,8,9,10,13,16,18,20,21,22,23>19,2,3,13,4,6,8,10,16,20,21,22,23
1,3,4,5,6,8,9,10,13,16,18,20,21,22,23>1,3,5,18,4,6,8,10,16,20,21,22,23
1,3,4,5,6,8,9,10,13,16,18,20,21,22,23>1,2,7,9,13,14,19,4,6,8,10,16,20,21,22,23
1,3,4,5,6,8,9,10,13,16,18,20,21,22,23>1,5,7,13,14,19,4,6,8,10,16,20,21,22,23
2,3,4,5,8,12,15,16,19,21,22,23>2,21,4,8,12,16,22,23
2,3,4,5,8,12,15,16,19,21,22,23>2,3,4,8,12,16,22,23
2,3,4,5,8,12,15,16,19,21,22,23>3,15,4,8,12,16,22,23
2,3,4,5,8,12,15,16,19,21,22,23>19,21,4,8,12,16,22,23
2,3,4,5,8,12,15,16,19,21,22,23>2,19,4,8,12,16,22,23
2,3,4,5,8,12,15,16,19,21,22,23>15,19,4,8,12,16,22,23
3,4,6,7,8,9,10,11,12,14,15,16,17,20,23>6,14,15,17,20,21,23,4,7,8,10,16
3,4,6,7,8,9,10,11,12,14,15,16,17,20,23>17,3,6,14,4,7,8,10,16
3,4,6,7,8,9,10,11,12,14,15,16,17,20,23>17,20,21,9,4,7,8,10,16
3,4,6,7,8,9,10,11,12,14,15,16,17,20,23>3,6,12,14,21,23,4,7,8,10,16
3,4,6,7,8,9,10,11,12,14,15,16,17,20,23>3,9,11,12,15,20,4,7,8,10,16
3,4,6,7,8,9,10,11,12,14,15,16,17,20,23>3,9,11,12,14,15,21,4,7,8,10,16
1,3,4,6,11,16,20,21,22,23>8,11,4,16,20,21,22,23
1,3,4,6,11,16,20,21,22,23>1,2,3,6,4,16,20,21,22,23
1,3,4,6,11,16,20,21,22,23>1,7,11,4,16,20,21,22,23
1,3,4,6,11,16,20,21,22,23>1,3,7,4,16,20,21,22,23
1,3,4,6,11,16,20,21,22,23>2,3,7,8,4,16,20,21,22,23
1,3,4,6,11,16,20,21,22,23>3,6,7,11,4,16,20,21,22,23
1,4,6,12,13,22,23>1,16,8,13,12,23
1,4,6,12,13,22,23>22,2,4,13,12,23
1,4,6,12,13,22,23>1,4,6,8,16,12,23
1,4,6,12,13,22,23>1,2,7,13,12,23
1,4,6,12,13,22,23>1,2,7,14,22,12,23
1,4,6,12,13,22,23>4,7,8,12,23
1,4,5,6,7,8,9,10,11,13,15,18,23>4,9,13,15,16,10,11,6,7
1,4,5,6,7,8,9,10,11,13,15,18,23>2,8,9,13,18,19,23,10,11,6,7
1,4,5,6,7,8,9,10,11,13,15,18,23>4,8,9,14,19,23,10,11,6,7
1,4,5,6,7,8,9,10,11,13,15,18,23>1,4,8,13,15,10,11,6,7
1,4,5,6,7,8,9,10,11,13,15,18,23>5,8,15,16,18,19,23,10,11,6,7
1,4,5,6,7,8,9,10,11,13,15,18,23>1,2,4,5,8,9,14,15,16,18,19,10,11,6,7
1,3,4,6,7,8,9,10,13,16,18,19,20,22,23>14,1,6,10,4,7,8,16,19,20,23
1,3,4,6,7,8,9,10,13,16,18,19,20,22,23>3,6,13,14,18,21,22,4,7,8,16,19,20,23
1,3,4,6,7,8,9,10,13,16,18,19,20,22,23>2,9,13,18,21,4,7,8,16,19,20,23
1,3,4,6,7,8,9,10,13,16,18,19,20,22,23>2,3,9,10,13,14,22,4,7,8,16,19,20,23
1,3,4,6,7,8,9,10,13,16,18,19,20,22,23>1,2,3,9,13,14,22,4,7,8,16,19,20,23
1,3,4,6,7,8,9,10,13,16,18,19,20,22,23>1,2,6,9,14,21,22,4,7,8,16,19,20,23
1,3,5,7,8,11,12,13,14,18,21,22,23>1,2,11,13,18,8,12,14,22,23
1,3,5,7,8,11,12,13,14,18,21,22,23>11,2,19,4,8,12,14,22,23
1,3,5,7,8,11,12,13,14,18,21,22,23>3,4,6,7,11,19,8,12,14,22,23
1,3,5,7,8,11,12,13,14,18,21,22,23>1,5,7,11,18,8,12,14,22,23
1,3,5,7,8,11,12,13,14,18,21,22,23>4,5,6,7,11,18,8,12,14,22,23
1,3,5,7,8,11,12,13,14,18,21,22,23>1,2,4,5,18,21,8,12,14,22,23
1,3,5,6,7,9,11,18,19,20,22,23>1,3,9,18,22,19,20,23,7
1,3,5,6,7,9,11,18,19,20,22,23>1,3,6,9,11,18,19,20,23,7
1,3,5,6,7,9,11,18,19,20,22,23>4,6,9,11,22,19,20,23,7
1,3,5,6,7,9,11,18,19,20,22,23>1,21,4,19,20,23,7
1,3,5,6,7,9,11,18,19,20,22,23>2,3,5,6,9,11,17,21,22,19,20,23,7
1,3,5,6,7,9,11,18,19,20,22,23>3,4,5,6,9,21,19,20,23,7
1,4,7,13,14,15,16,17,18,19,21,22>1,7,21,13,14,15,16,18,19,22
1,4,7,13,14,15,16,17,18,19,21,22>1,23,4,7,13,14,15,16,18,19,22
1,4,7,13,14,15,16,17,18,19,21,22>1,4,7,12,17,13,14,15,16,18,19,22
1,4,7,13,14,15,16,17,18,19,21,22>21,2,8,17,13,14,15,16,18,19,22
1,4,7,13,14,15,16,17,18,19,21,22>1,4,8,12,20,21,13,14,15,16,18,19,22
1,4,7,13,14,15,16,17,18,19,21,22>4,7,8,12,17,21,13,14,15,16,18,19,22
3,5,6,9,12,14,16,17,18,21,22,23>4,14,15,17,21,6,12,18,22,23
3,5,6,9,12,14,16,17,18,21,22,23>4,7,10,14,15,16,17,6,12,18,22,23
3,5,6,9,12,14,16,17,18,21,22,23>4,5,7,9,10,14,15,16,19,21,6,12,18,22,23
3,5,6,9,12,14,16,17,18,21,22,23>3,4,5,7,9,16,19,6,12,18,22,23
3,5,6,9,12,14,16,17,18,21,22,23>3,8,14,15,16,17,19,6,12,18,22,23
3,5,6,9,12,14,16,17,18,21,22,23>3,5,7,8,9,10,14,6,12,18,22,23
1,2,3,4,9,11,13,16,17,18,19,20>21,1,17,2,4,13,16,18,19,20
1,2,3,4,9,11,13,16,17,18,19,20>21,3,14,2,4,13,16,18,19,20
1,2,3,4,9,11,13,16,17,18,19,20>1,8,9,2,4,13,16,18,19,20
1,2,3,4,9,11,13,16,17,18,19,20>21,1,11,2,4,13,16,18,19,20
1,2,3,4,9,11,13,16,17,18,19,20>3,9,11,17,21,2,4,13,16,18,19,20
1,2,3,4,9,11,13,16,17,18,19,20>1,3,9,11,2,4,13,16,18,19,20
1,2,3,5,6,10,12,13,14,16,17>1,3,4,8,10,15,16,17,2,6,12,13,14
1,2,3,5,6,10,12,13,14,16,17>5,8,10,11,15,17,18,2,6,12,13,14
1,2,3,5,6,10,12,13,14,16,17>1,5,8,11,16,18,2,6,12,13,14
1,2,3,5,6,10,12,13,14,16,17>1,5,11,15,17,2,6,12,13,14
1,2,3,5,6,10,12,13,14,16,17>1,7,8,11,16,2,6,12,13,14
1,2,3,5,6,10,12,13,14,16,17>3,4,5,7,10,17,2,6,12,13,14
1,5,6,7,9,11,13,15,16,17,18,21,22,23>2,10,11,12,13,14,15,17,19,6,7,16,18,22,23
1,5,6,7,9,11,13,15,16,17,18,21,22,23>2,5,10,13,14,15,17,21,6,7,16,18,22,23
1,5,6,7,9,11,13,15,16,17,18,21,22,23>8,12,13,14,15,17,19,21,6,7,16,18,22,23
1,5,6,7,9,11,13,15,16,17,18,21,22,23>2,5,8,11,12,13,14,15,21,6,7,16,18,22,23
1,5,6,7,9,11,13,15,16,17,18,21,22,23>1,2,8,9,10,13,17,21,6,7,16,18,22,23
1,5,6,7,9,11,13,15,16,17,18,21,22,23>1,2,5,8,9,12,13,14,15,19,6,7,16,18,22,23
4,5,8,10,12,14,20,21,23>17,14,16,8,21
4,5,8,10,12,14,20,21,23>10,14,16,20,23,8,21
4,5,8,10,12,14,20,21,23>5,6,10,22,23,8,21
4,5,8,10,12,14,20,21,23>5,12,14,16,20,8,21
4,5,8,10,12,14,20,21,23>5,6,12,16,17,20,23,8,21
4,5,8,10,12,14,20,21,23>5,10,12,16,17,22,8,21
1,2,3,4,5,7,10,11,12,13,14,15,16,18,20,21,23>3,6,10,11,23,2,4,14,15,16,21
1,2,3,4,5,7,10,11,12,13,14,15,16,18,20,21,23>5,6,13,22,23,2,4,14,15,16,21
1,2,3,4,5,7,10,11,12,13,14,15,16,18,20,21,23>19,7,8,23,2,4,14,15,16,21
1,2,3,4,5,7,10,11,12,13,14,15,16,18,20,21,23>3,7,11,12,13,18,20,22,23,2,4,14,15,16,21
1,2,3,4,5,7,10,11,12,13,14,15,16,18,20,21,23>1,5,7,13,18,22,2,4,14,15,16,21
1,2,3,4,5,7,10,11,12,13,14,15,16,18,20,21,23>6,7,10,12,19,23,2,4,14,15,16,21
2,3,4,7,11,13,14,17>2,17,4,13,14
2,3,4,7,11,13,14,17>3,7,16,17,4,13,14
2,3,4,7,11,13,14,17>18,2,3,11,4,13,14
2,3,4,7,11,13,14,17>2,7,11,4,13,14
2,3,4,7,11,13,14,17>3,7,11,16,18,4,13,14
2,3,4,7,11,13,14,17>2,11,15,16,4,13,14
5,7,8,10,12,14,15,17,18,20,23>6,7,16,19,20,21,8,17
5,7,8,10,12,14,15,17,18,20,23>5,7,10,14,15,19,20,21,23,8,17
5,7,8,10,12,14,15,17,18,20,23>7,12,15,19,20,21,23,8,17
5,7,8,10,12,14,15,17,18,20,23>10,12,15,16,18,19,8,17
5,7,8,10,12,14,15,17,18,20,23>7,10,12,14,20,21,23,8,17
5,7,8,10,12,14,15,17,18,20,23>5,7,10,12,18,19,20,8,17
1,2,3,5,9,13,15,17,18,21,22,23>3,9,10,13,14,15,19,21,2,18,22,23
1,2,3,5,9,13,15,17,18,21,22,23>4,9,13,15,17,2,18,22,23
1,2,3,5,9,13,15,17,18,21,22,23>6,9,13,14,15,17,19,2,18,22,23
1,2,3,5,9,13,15,17,18,21,22,23>1,3,5,6,13,14,15,17,19,2,18,22,23
1,2,3,5,9,13,15,17,18,21,22,23>3,4,5,6,9,13,14,17,19,21,2,18,22,23
1,2,3,5,9,13,15,17,18,21,22,23>1,3,4,5,6,13,17,2,18,22,23
2,7,9,10,12,13,16,17,20,22>2,14,16,17,20,10,13
2,7,9,10,12,13,16,17,20,22>2,8,14,16,18,20,23,10,13
2,7,9,10,12,13,16,17,20,22>2,9,16,18,20,22,10,13
2,7,9,10,12,13,16,17,20,22>7,9,14,16,18,21,22,23,10,13
2,7,9,10,12,13,16,17,20,22>2,7,9,18,21,22,10,13
2,7,9,10,12,13,16,17,20,22>2,7,8,9,18,23,10,13
2,4,5,6,10,14,16,21,22>12,2,14,13,16,6,22
2,4,5,6,10,14,16,21,22>4,10,12,13,14,23,16,6,22
2,4,5,6,10,14,16,21,22>12,5,23,10,16,6,22
2,4,5,6,10,14,16,21,22>2,7,10,14,15,16,6,22
2,4,5,6,10,14,16,21,22>5,8,10,13,15,21,23,16,6,22
2,4,5,6,10,14,16,21,22>2,4,5,7,8,10,11,13,15,16,6,22
5,6,7,8,11,21,23>8,23,6,7
5,6,7,8,11,21,23>5,8,11,6,7
5,6,7,8,11,21,23>5,8,21,6,7
5,6,7,8,11,21,23>5,11,21,6,7
5,6,7,8,11,21,23>22,23,6,7
5,6,7,8,11,21,23>11,22,6,7
2,3,5,6,7,8,9,10,11,15,16,17,21,22>3,21,5,13,6,7,8,10,11,16,22
2,3,5,6,7,8,9,10,11,15,16,17,21,22>2,9,12,13,17,6,7,8,10,11,16,22
2,3,5,6,7,8,9,10,11,15,16,17,21,22>15,3,9,12,6,7,8,10,11,16,22
2,3,5,6,7,8,9,10,11,15,16,17,21,22>4,9,12,17,21,23,6,7,8,10,11,16,22
2,3,5,6,7,8,9,10,11,15,16,17,21,22>4,9,15,17,21,6,7,8,10,11,16,22
2,3,5,6,7,8,9,10,11,15,16,17,21,22>4,5,9,13,23,6,7,8,10,11,16,22
1,2,3,7,9,11,13,16,17,18,19,20,21,22>1,4,9,11,14,16,2,13,18,19,20,21,22
1,2,3,7,9,11,13,16,17,18,19,20,21,22>17,4,7,11,2,13,18,19,20,21,22
1,2,3,7,9,11,13,16,17,18,19,20,21,22>1,4,7,9,11,16,2,13,18,19,20,21,22
1,2,3,7,9,11,13,16,17,18,19,20,21,22>4,8,11,14,16,23,2,13,18,19,20,21,22
1,2,3,7,9,11,13,16,17,18,19,20,21,22>7,8,9,17,23,2,13,18,19,20,21,22
1,2,3,7,9,11,13,16,17,18,19,20,21,22>1,7,8,14,16,17,23,2,13,18,19,20,21,22
1,2,4,5,7,8,10,13,16,17,18,19,21,22,23>1,4,5,7,11,12,13,17,21,2,8,16,19,22,23
1,2,4,5,7,8,10,13,16,17,18,19,21,22,23>10,11,14,18,20,21,2,8,16,19,22,23
1,2,4,5,7,8,10,13,16,17,18,19,21,22,23>5,10,13,17,20,2,8,16,19,22,23
1,2,4,5,7,8,10,13,16,17,18,19,21,22,23>1,5,10,12,13,20,2,8,16,19,22,23
1,2,4,5,7,8,10,13,16,17,18,19,21,22,23>1,7,10,11,12,13,18,20,2,8,16,19,22,23
1,2,4,5,7,8,10,13,16,17,18,19,21,22,23>1,4,7,10,12,13,2,8,16,19,22,23
4,15,17,18,20,21,22>4,15,16,17,18,20,21,22
4,15,17,18,20,21,22>4,15,19,17,18,20,21,22
4,15,17,18,20,21,22>15,16,19,17,18,20,21,22
4,15,17,18,20,21,22>4,15,23,17,18,20,21,22
4,15,17,18,20,21,22>4,16,23,17,18,20,21,22
4,15,17,18,20,21,22>19,23,17,18,20,21,22
4,5,6,7,8,11,12,13,15,16,18,20,22>19,22,11,15,6,7,8,13,16
4,5,6,7,8,11,12,13,15,16,18,20,22>4,5,12,18,19,22,23,6,7,8,13,16
4,5,6,7,8,11,12,13,15,16,18,20,22>4,5,11,12,15,19,20,23,6,7,8,13,16
4,5,6,7,8,11,12,13,15,16,18,20,22>14,15,19,20,21,6,7,8,13,16
4,5,6,7,8,11,12,13,15,16,18,20,22>11,14,18,19,20,22,6,7,8,13,16
4,5,6,7,8,11,12,13,15,16,18,20,22>4,5,11,14,18,19,20,21,6,7,8,13,16
3,4,5,6,9,10,12,13,16,19,20,21>9,10,12,14,20,22,16,21,4,13
3,4,5,6,9,10,12,13,16,19,20,21>14,20,7,10,16,21,4,13
3,4,5,6,9,10,12,13,16,19,20,21>7,9,10,14,19,16,21,4,13
3,4,5,6,9,10,12,13,16,19,20,21>5,7,9,10,12,14,16,21,4,13
3,4,5,6,9,10,12,13,16,19,20,21>3,8,10,12,20,22,16,21,4,13
3,4,5,6,9,10,12,13,16,19,20,21>5,6,8,10,19,16,21,4,13
1,2,4,5,6,10,11,13,14,15,16,19,22>8,10,12,19,22,2,11,13,14,15,16
1,2,4,5,6,10,11,13,14,15,16,19,22>1,4,12,19,20,22,23,2,11,13,14,15,16
1,2,4,5,6,10,11,13,14,15,16,19,22>4,5,6,8,12,19,22,2,11,13,14,15,16
1,2,4,5,6,10,11,13,14,15,16,19,22>1,5,7,8,2,11,13,14,15,16
1,2,4,5,6,10,11,13,14,15,16,19,22>1,6,7,8,19,20,23,2,11,13,14,15,16
1,2,4,5,6,10,11,13,14,15,16,19,22>4,6,7,8,10,20,22,2,11,13,14,15,16
2,5,7,12,16,18,20,21,22>5,20,23,12,21,22
2,5,7,12,16,18,20,21,22>2,6,16,19,20,23,21,22
2,5,7,12,16,18,20,21,22>5,7,19,20,23,21,22
2,5,7,12,16,18,20,21,22>2,5,6,7,13,18,20,21,22
2,5,7,12,16,18,20,21,22>2,5,6,7,12,16,19,23,21,22
2,5,7,12,16,18,20,21,22>2,8,12,18,19,20,21,22
1,2,3,5,6,10,11,12,13,14,16,17,20,21,22>1,15,17,18,2,6,13,14,21,22
1,2,3,5,6,10,11,12,13,14,16,17,20,21,22>1,4,10,11,12,15,16,17,23,2,6,13,14,21,22
1,2,3,5,6,10,11,12,13,14,16,17,20,21,22>1,3,5,8,11,12,20,2,6,13,14,21,22
1,2,3,5,6,10,11,12,13,14,16,17,20,21,22>1,3,7,8,10,11,12,15,16,20,2,6,13,14,21,22
1,2,3,5,6,10,11,12,13,14,16,17,20,21,22>3,4,7,12,17,18,20,23,2,6,13,14,21,22
1,2,3,5,6,10,11,12,13,14,16,17,20,21,22>3,4,5,7,8,10,12,16,20,23,2,6,13,14,21,22
1,2,6,11,12,13,15,17,18,20,22,23>1,6,14,16,20,22,17,2,18,23
1,2,6,11,12,13,15,17,18,20,22,23>1,6,7,12,15,16,21,17,2,18,23
1,2,6,11,12,13,15,17,18,20,22,23>1,8,13,14,19,20,22,17,2,18,23
1,2,6,11,12,13,15,17,18,20,22,23>1,6,8,13,20,22,17,2,18,23
1,2,6,11,12,13,15,17,18,20,22,23>1,6,7,11,13,16,20,21,17,2,18,23
1,2,6,11,12,13,15,17,18,20,22,23>6,8,11,12,13,19,21,22,17,2,18,23
2,9,11,14,17,19,21,23>19,20,21,23
2,9,11,14,17,19,21,23>2,17,18,19,20,21
2,9,11,14,17,19,21,23>2,9,11,18,19,22,23
2,9,11,14,17,19,21,23>19,23,15
2,9,11,14,17,19,21,23>9,14,15,17,18,22,23
2,9,11,14,17,19,21,23>11,14,15,17,18,22,23
1,4,12,18,19,20,21,22>23,1,2,20,19,21,22
1,4,12,18,19,20,21,22>4,13,16,18,23,19,21,22
1,4,12,18,19,20,21,22>8,16,17,20,23,19,21,22
1,4,12,18,19,20,21,22>2,8,17,18,20,23,19,21,22
1,4,12,18,19,20,21,22>1,4,12,18,20,19,21,22
1,4,12,18,19,20,21,22>1,4,12,16,20,23,19,21,22
2,3,5,8,10,18,19,20,22>2,3,10,13,17,18,21,22,23,19,20
2,3,5,8,10,18,19,20,22>3,4,10,13,18,19,20
2,3,5,8,10,18,19,20,22>17,22,23,8,19,20
2,3,5,8,10,18,19,20,22>2,3,8,10,13,17,18,21,19,20
2,3,5,8,10,18,19,20,22>4,8,13,17,22,19,20
2,3,5,8,10,18,19,20,22>2,4,8,18,22,23,19,20
5,9,11,12,17,19,20>5,21,9,13,17
5,9,11,12,17,19,20>5,8,9,20,21,17
5,9,11,12,17,19,20>5,8,12,18,20,17
5,9,11,12,17,19,20>5,8,12,19,20,21,17
5,9,11,12,17,19,20>11,12,13,18,20,21,17
5,9,11,12,17,19,20>5,9,11,12,18,20,17
1,6,9,12,16,17,20,21,22>1,2,6,12,18,20,21,22
1,6,9,12,16,17,20,21,22>2,7,9,12,16,18,20,23,21,22
1,6,9,12,16,17,20,21,22>1,6,7,12,13,18,20,23,21,22
1,6,9,12,16,17,20,21,22>2,6,7,10,13,18,21,22
1,6,9,12,16,17,20,21,22>2,6,7,9,18,21,22
1,6,9,12,16,17,20,21,22>2,7,8,10,12,16,17,18,23,21,22
1,2,4,6,7,8,11,12,13,14,16,19,20,21,22>1,4,19,20,2,7,8,13,14,16,21,22
1,2,4,6,7,8,11,12,13,14,16,19,20,21,22>4,6,11,19,2,7,8,13,14,16,21,22
1,2,4,6,7,8,11,12,13,14,16,19,20,21,22>1,12,19,20,2,7,8,13,14,16,21,22
1,2,4,6,7,8,11,12,13,14,16,19,20,21,22>1,4,12,2,7,8,13,14,16,21,22
1,2,4,6,7,8,11,12,13,14,16,19,20,21,22>1,6,12,2,7,8,13,14,16,21,22
1,2,4,6,7,8,11,12,13,14,16,19,20,21,22>4,6,11,12,20,2,7,8,13,14,16,21,22
2,4,6,8,13,14,15,16,21>2,6,15,8,16,13,14
2,4,6,8,13,14,15,16,21>2,4,7,8,16,13,14
2,4,6,8,13,14,15,16,21>6,7,15,21,22,8,16,13,14
2,4,6,8,13,14,15,16,21>22,12,15,8,16,13,14
2,4,6,8,13,14,15,16,21>2,6,12,21,22,8,16,13,14
2,4,6,8,13,14,15,16,21>4,6,7,12,21,22,8,16,13,14
2,4,5,7,8,12,13,14,15,16,21>22,2,6,21,8,12,13,14,16
2,4,5,7,8,12,13,14,15,16,21>4,6,15,21,8,12,13,14,16
2,4,5,7,8,12,13,14,15,16,21>2,4,5,6,8,12,13,14,16
2,4,5,7,8,12,13,14,15,16,21>2,4,5,7,22,8,12,13,14,16
2,4,5,7,8,12,13,14,15,16,21>2,6,7,15,22,8,12,13,14,16
2,4,5,7,8,12,13,14,15,16,21>4,5,6,7,15,8,12,13,14,16
1,2,4,5,6,7,10,11,14,17,20,22,23>1,4,5,14,18,21,2,6,7,17,20,23
1,2,4,5,6,7,10,11,14,17,20,22,23>1,4,10,15,18,21,2,6,7,17,20,23
1,2,4,5,6,7,10,11,14,17,20,22,23>1,4,11,14,22,2,6,7,17,20,23
1,2,4,5,6,7,10,11,14,17,20,22,23>1,4,11,14,16,2,6,7,17,20,23
1,2,4,5,6,7,10,11,14,17,20,22,23>4,10,11,14,15,21,2,6,7,17,20,23
1,2,4,5,6,7,10,11,14,17,20,22,23>5,10,11,16,22,2,6,7,17,20,23
1,5,7,8,9,10,15,17,22,23>1,2,8,11,15,16,22,10,23
1,5,7,8,9,10,15,17,22,23>1,2,5,9,11,16,22,10,23
1,5,7,8,9,10,15,17,22,23>1,5,6,9,11,16,17,10,23
1,5,7,8,9,10,15,17,22,23>6,7,9,11,17,22,10,23
1,5,7,8,9,10,15,17,22,23>1,2,6,7,8,9,11,15,16,10,23
1,5,7,8,9,10,15,17,22,23>1,5,6,7,8,9,22,10,23
1,3,4,6,7,9,10,11,13,16,17,18,20,21,22,23>2,13,14,17,19,4,7,10,16,18,20,21,22,23
1,3,4,6,7,9,10,11,13,16,17,18,20,21,22,23>1,2,3,14,17,4,7,10,16,18,20,21,22,23
1,3,4,6,7,9,10,11,13,16,17,18,20,21,22,23>1,2,3,9,11,13,19,4,7,10,16,18,20,21,22,23
1,3,4,6,7,9,10,11,13,16,17,18,20,21,22,23>1,2,6,13,14,19,4,7,10,16,18,20,21,22,23
1,3,4,6,7,9,10,11,13,16,17,18,20,21,22,23>2,19,8,11,4,7,10,16,18,20,21,22,23
1,3,4,6,7,9,10,11,13,16,17,18,20,21,22,23>1,2,6,8,11,17,4,7,10,16,18,20,21,22,23
1,2,3,5,6,9,10,14,16,18,21,23>1,5,8,12,16,18,19,23,2,10,6
1,2,3,5,6,9,10,14,16,18,21,23>3,4,5,9,12,19,22,23,2,10,6
1,2,3,5,6,9,10,14,16,18,21,23>7,9,11,14,15,16,18,19,21,22,23,2,10,6
1,2,3,5,6,9,10,14,16,18,21,23>3,7,8,9,11,14,15,16,23,2,10,6
1,2,3,5,6,9,10,14,16,18,21,23>3,4,7,16,21,2,10,6
1,2,3,5,6,9,10,14,16,18,21,23>5,7,9,11,18,19,21,22,23,2,10,6
1,2,3,4,5,7,9,13,16,18>1,6,8,14,18,16,2,4,13
1,2,3,4,5,7,9,13,16,18>1,5,6,8,10,12,18,19,16,2,4,13
1,2,3,4,5,7,9,13,16,18>3,5,6,10,12,14,18,16,2,4,13
1,2,3,4,5,7,9,13,16,18>1,5,6,8,9,12,18,16,2,4,13
1,2,3,4,5,7,9,13,16,18>3,5,7,8,9,10,12,14,18,16,2,4,13
1,2,3,4,5,7,9,13,16,18>1,3,5,7,8,9,12,16,2,4,13
6,8,9,10,11,14,16,17,19,20>6,7,13,14,8,20
6,8,9,10,11,14,16,17,19,20>6,7,9,13,16,19,8,20
6,8,9,10,11,14,16,17,19,20>7,9,10,14,17,19,8,20
6,8,9,10,11,14,16,17,19,20>17,7,11,13,8,20
6,8,9,10,11,14,16,17,19,20>7,9,11,16,19,8,20
6,8,9,10,11,14,16,17,19,20>6,10,11,14,17,19,21,8,20
1,2,5,7,8,9,12,13,15,17,18>5,10,14,15,16,17,19,8,2,12,13
1,2,5,7,8,9,12,13,15,17,18>1,5,10,14,16,18,8,2,12,13
1,2,5,7,8,9,12,13,15,17,18>1,7,10,14,17,18,19,8,2,12,13
1,2,5,7,8,9,12,13,15,17,18>5,6,7,15,18,8,2,12,13
1,2,5,7,8,9,12,13,15,17,18>5,9,10,15,16,8,2,12,13
1,2,5,7,8,9,12,13,15,17,18>1,17,7,9,8,2,12,13
1,2,5,6,7,9,10,12,13,14,15,18,19,21,22>1,21,11,2,7,12,13,14,15,19,22
1,2,5,6,7,9,10,12,13,14,15,18,19,21,22>5,23,8,2,7,12,13,14,15,19,22
1,2,5,6,7,9,10,12,13,14,15,18,19,21,22>1,5,8,11,2,7,12,13,14,15,19,22
1,2,5,6,7,9,10,12,13,14,15,18,19,21,22>16,21,23,9,2,7,12,13,14,15,19,22
1,2,5,6,7,9,10,12,13,14,15,18,19,21,22>1,6,9,11,2,7,12,13,14,15,19,22
1,2,5,6,7,9,10,12,13,14,15,18,19,21,22>5,6,9,10,11,16,18,2,7,12,13,14,15,19,22
4,5,9,10,11,12,16,19,20,21>5,9,10,12,13,19,20,16,21
4,5,9,10,11,12,16,19,20,21>22,5,20,9,16,21
4,5,9,10,11,12,16,19,20,21>4,5,8,9,11,13,22,16,21
4,5,9,10,11,12,16,19,20,21>19,8,10,12,16,21
4,5,9,10,11,12,16,19,20,21>4,9,10,11,12,13,20,16,21
4,5,9,10,11,12,16,19,20,21>5,9,10,11,13,19,20,16,21
3,5,7,10,15,16,18,23>3,4,8,10,12,18,19,16
3,5,7,10,15,16,18,23>3,4,5,10,12,18,19,23,16
3,5,7,10,15,16,18,23>5,6,12,15,19,16
3,5,7,10,15,16,18,23>3,4,7,10,18,16
3,5,7,10,15,16,18,23>3,5,7,8,10,11,15,18,19,23,16
3,5,7,10,15,16,18,23>15,6,7,10,16
1,2,4,5,10,13,14,16,17,18,19,20,21,23>1,4,5,15,22,2,14,16,18,19,20,21
1,2,4,5,10,13,14,16,17,18,19,20,21,23>1,4,8,13,22,2,14,16,18,19,20,21
1,2,4,5,10,13,14,16,17,18,19,20,21,23>17,10,15,2,14,16,18,19,20,21
1,2,4,5,10,13,14,16,17,18,19,20,21,23>22,4,10,13,2,14,16,18,19,20,21
1,2,4,5,10,13,14,16,17,18,19,20,21,23>22,5,10,15,2,14,16,18,19,20,21
1,2,4,5,10,13,14,16,17,18,19,20,21,23>1,4,5,8,10,13,23,2,14,16,18,19,20,21
4,5,6,9,11,12,15,16,17,19,21,22>6,13,15,18,19,23,16,12,22
4,5,6,9,11,12,15,16,17,19,21,22>18,6,19,9,16,12,22
4,5,6,9,11,12,15,16,17,19,21,22>4,5,6,7,15,19,23,16,12,22
4,5,6,9,11,12,15,16,17,19,21,22>5,8,13,15,17,18,21,23,16,12,22
4,5,6,9,11,12,15,16,17,19,21,22>4,5,8,9,11,13,15,18,19,16,12,22
4,5,6,9,11,12,15,16,17,19,21,22>4,7,8,9,13,15,16,12,22
1,4,9,10,13,17,21,22>18,23,14,10,22
1,4,9,10,13,17,21,22>4,13,14,16,17,18,21,10,22
1,4,9,10,13,17,21,22>2,9,17,18,21,10,22
1,4,9,10,13,17,21,22>1,2,4,9,13,14,16,17,21,23,10,22
1,4,9,10,13,17,21,22>1,4,11,13,16,17,21,23,10,22
1,4,9,10,13,17,21,22>1,2,9,11,14,17,21,23,10,22
1,2,3,4,6,7,9,10,12,13,15,16,17,21,22,23>15,21,11,2,4,7,10,12,16,22,23
1,2,3,4,6,7,9,10,12,13,15,16,17,21,22,23>14,17,3,6,2,4,7,10,12,16,22,23
1,2,3,4,6,7,9,10,12,13,15,16,17,21,22,23>1,8,14,17,21,2,4,7,10,12,16,22,23
1,2,3,4,6,7,9,10,12,13,15,16,17,21,22,23>8,9,13,17,18,2,4,7,10,12,16,22,23
1,2,3,4,6,7,9,10,12,13,15,16,17,21,22,23>1,3,6,9,13,17,18,2,4,7,10,12,16,22,23
1,2,3,4,6,7,9,10,12,13,15,16,17,21,22,23>17,8,9,11,2,4,7,10,12,16,22,23
1,3,4,6,9,10,11,13,20,23>1,11,13,21,23,10,4,20
1,3,4,6,9,10,11,13,20,23>3,6,11,14,16,23,10,4,20
1,3,4,6,9,10,11,13,20,23>2,7,13,14,16,17,21,10,4,20
1,3,4,6,9,10,11,13,20,23>3,7,9,14,16,21,23,10,4,20
1,3,4,6,9,10,11,13,20,23>2,3,7,11,13,14,21,10,4,20
1,3,4,6,9,10,11,13,20,23>3,6,7,9,16,17,21,23,10,4,20
1,2,5,6,7,9,10,12,14,15,17,18,19,20,22,23>6,10,12,20,22,2,7,15,17,18,19,23
1,2,5,6,7,9,10,12,14,15,17,18,19,20,22,23>6,12,16,20,21,2,7,15,17,18,19,23
1,2,5,6,7,9,10,12,14,15,17,18,19,20,22,23>8,10,12,14,22,2,7,15,17,18,19,23
1,2,5,6,7,9,10,12,14,15,17,18,19,20,22,23>6,8,10,12,21,22,2,7,15,17,18,19,23
1,2,5,6,7,9,10,12,14,15,17,18,19,20,22,23>6,8,9,10,16,20,22,2,7,15,17,18,19,23
1,2,5,6,7,9,10,12,14,15,17,18,19,20,22,23>1,5,6,8,9,10,20,2,7,15,17,18,19,23
