TCR,NFAT,IFN-\beta,IFN-\betaR,IL-18,IL-18R,IRAK,SOCS1,IL-12,IL-12R,STAT4,T-bet,IFN-\gamma,IFN-\gammaR,JAK1,STAT1,IL-4,IL-4R,STAT6,GATA3,IL-10,IL-10R,STAT3
1,4,5,6,7,9,10,11,12,15,17,18>1,17,9,16,6,7,10,11,12,18
1,4,5,6,7,9,10,11,12,15,17,18>2,4,9,13,17,19,6,7,10,11,12,18
1,4,5,6,7,9,10,11,12,15,17,18>19,5,9,13,6,7,10,11,12,18
1,4,5,6,7,9,10,11,12,15,17,18>1,2,5,9,13,15,16,6,7,10,11,12,18
1,4,5,6,7,9,10,11,12,15,17,18>1,2,8,9,16,19,6,7,10,11,12,18
1,4,5,6,7,9,10,11,12,15,17,18>2,4,5,8,13,6,7,10,11,12,18
3,4,5,7,9,11,15,16,20,21,23>15,5,9,10,16,21,4,20
3,4,5,7,9,11,15,16,20,21,23>3,6,7,10,11,16,21,4,20
3,4,5,7,9,11,15,16,20,21,23>3,5,6,7,9,15,22,23,16,21,4,20
3,4,5,7,9,11,15,16,20,21,23>6,8,10,11,15,22,23,16,21,4,20
3,4,5,7,9,11,15,16,20,21,23>5,6,8,9,22,16,21,4,20
3,4,5,7,9,11,15,16,20,21,23>3,5,6,8,9,23,16,21,4,20
1,3,6,7,9,10,12,13,14,18,21,23>2,8,9,11,15,19,21,23,10,12,14,7
1,3,6,7,9,10,12,13,14,18,21,23>1,2,8,9,15,18,23,10,12,14,7
1,3,6,7,9,10,12,13,14,18,21,23>1,2,15,18,21,10,12,14,7
1,3,6,7,9,10,12,13,14,18,21,23>2,4,8,9,11,13,18,22,23,10,12,14,7
1,3,6,7,9,10,12,13,14,18,21,23>3,4,6,9,13,15,18,22,23,10,12,14,7
1,3,6,7,9,10,12,13,14,18,21,23>1,2,3,4,6,15,18,19,22,23,10,12,14,7
2,5,6,7,9,11,12,15,16,17,22,23>2,5,8,11,15,17,18,22,6,7,12,16,23
2,5,6,7,9,11,12,15,16,17,22,23>2,22,9,18,6,7,12,16,23
2,5,6,7,9,11,12,15,16,17,22,23>5,8,9,11,15,17,18,6,7,12,16,23
2,5,6,7,9,11,12,15,16,17,22,23>22,10,11,15,6,7,12,16,23
2,5,6,7,9,11,12,15,16,17,22,23>5,22,10,11,6,7,12,16,23
2,5,6,7,9,11,12,15,16,17,22,23>5,8,10,11,17,6,7,12,16,23
4,5,6,7,8,9,12,14,15,16,19,21,22>4,5,15,19,23,7,8,12,16,22
4,5,6,7,8,9,12,14,15,16,19,21,22>6,9,15,19,21,7,8,12,16,22
4,5,6,7,8,9,12,14,15,16,19,21,22>6,9,19,21,23,7,8,12,16,22
4,5,6,7,8,9,12,14,15,16,19,21,22>5,6,13,19,23,7,8,12,16,22
4,5,6,7,8,9,12,14,15,16,19,21,22>9,13,14,15,21,23,7,8,12,16,22
4,5,6,7,8,9,12,14,15,16,19,21,22>5,9,13,15,21,7,8,12,16,22
1,2,11,13,16,17,18,20,21,22,23>19,1,16,17,2,18,20,21,22,23
1,2,11,13,16,17,18,20,21,22,23>8,16,17,2,18,20,21,22,23
1,2,11,13,16,17,18,20,21,22,23>1,13,16,2,18,20,21,22,23
1,2,11,13,16,17,18,20,21,22,23>8,13,16,2,18,20,21,22,23
1,2,11,13,16,17,18,20,21,22,23>8,14,16,2,18,20,21,22,23
1,2,11,13,16,17,18,20,21,22,23>19,13,14,16,2,18,20,21,22,23
7,8,9,12,14,18,20,23>10,17,18,19,20,21,8
7,8,9,12,14,18,20,23>7,23,12,20,8
7,8,9,12,14,18,20,23>7,9,14,17,18,19,20,23,8
7,8,9,12,14,18,20,23>7,9,10,14,19,20,21,8
7,8,9,12,14,18,20,23>12,14,17,19,23,8
7,8,9,12,14,18,20,23>7,9,12,14,17,18,20,8
3,4,5,7,10,11,12,13,14,20,23>5,10,11,17,20,21,23,4,14
3,4,5,7,10,11,12,13,14,20,23>3,8,10,11,12,16,23,4,14
3,4,5,7,10,11,12,13,14,20,23>5,7,8,12,16,21,23,4,14
3,4,5,7,10,11,12,13,14,20,23>3,5,7,8,16,20,21,4,14
3,4,5,7,10,11,12,13,14,20,23>3,6,7,8,10,13,15,20,21,4,14
3,4,5,7,10,11,12,13,14,20,23>3,5,6,7,8,13,15,16,20,4,14
1,3,5,6,7,10,13,14,16,18,19>1,3,6,10,11,12,15,16,20,19,13,14,7
1,3,5,6,7,10,13,14,16,18,19>3,4,8,10,12,15,16,18,19,13,14,7
1,3,5,6,7,10,13,14,16,18,19>2,3,4,8,12,15,16,20,19,13,14,7
1,3,5,6,7,10,13,14,16,18,19>1,2,3,4,11,15,19,13,14,7
1,3,5,6,7,10,13,14,16,18,19>1,5,11,12,16,18,19,13,14,7
1,3,5,6,7,10,13,14,16,18,19>1,3,5,11,12,15,18,20,19,13,14,7
3,5,7,9,11,14,16,18,22>3,5,9,10,12,18,19
3,5,7,9,11,14,16,18,22>3,4,5,9,11,13,15,16,18,19,22,23
3,5,7,9,11,14,16,18,22>6,11,12,13,15,16,22
3,5,7,9,11,14,16,18,22>3,4,7,8,9,10,13,14,22
3,5,7,9,11,14,16,18,22>3,5,7,9,11,12,15,18,19,22
3,5,7,9,11,14,16,18,22>3,4,6,7,8,9,10,13,16,19,22,23
1,2,4,7,11,12,13,14,19,22,23>1,13,19,2,12,14,23
1,2,4,7,11,12,13,14,19,22,23>1,15,16,19,22,2,12,14,23
1,2,4,7,11,12,13,14,19,22,23>1,4,7,8,16,19,2,12,14,23
1,2,4,7,11,12,13,14,19,22,23>4,22,11,13,2,12,14,23
1,2,4,7,11,12,13,14,19,22,23>1,4,8,11,19,2,12,14,23
1,2,4,7,11,12,13,14,19,22,23>7,8,11,2,12,14,23
1,3,5,7,11,13,16,20,21,23>8,23,6,7,20,21
1,3,5,7,11,13,16,20,21,23>2,3,7,8,16,23,20,21
1,3,5,7,11,13,16,20,21,23>1,2,3,8,14,22,20,21
1,3,5,7,11,13,16,20,21,23>1,2,3,4,7,11,13,22,23,20,21
1,3,5,7,11,13,16,20,21,23>2,3,5,7,8,22,20,21
1,3,5,7,11,13,16,20,21,23>1,2,4,5,7,16,23,20,21
2,3,5,9,11,13,15,17,19,22,23>4,11,13,14,18,22,23
2,3,5,9,11,13,15,17,19,22,23>3,9,13,15,18,19,23
2,3,5,9,11,13,15,17,19,22,23>2,4,9,13,14,15,17,18,19,20,22,23
2,3,5,9,11,13,15,17,19,22,23>3,4,9,11,14,15,18,23
2,3,5,9,11,13,15,17,19,22,23>2,3,4,9,15,16,20,23
2,3,5,9,11,13,15,17,19,22,23>5,9,14,16,19,23
4,5,7,9,10,11,15,18,22,23>4,6,15,19,10,11,23
4,5,7,9,10,11,15,18,22,23>19,7,15,16,10,11,23
4,5,7,9,10,11,15,18,22,23>4,5,6,7,16,22,10,11,23
4,5,7,9,10,11,15,18,22,23>4,9,15,16,18,19,22,10,11,23
4,5,7,9,10,11,15,18,22,23>4,5,6,9,15,16,18,22,10,11,23
4,5,7,9,10,11,15,18,22,23>5,6,7,9,15,16,18,22,10,11,23
6,11,12,13,14,15,16,18,19,20,21>6,8,18,20,22,13,14,15,16,19,21
6,11,12,13,14,15,16,18,19,20,21>8,11,18,20,22,13,14,15,16,19,21
6,11,12,13,14,15,16,18,19,20,21>7,12,18,20,22,13,14,15,16,19,21
6,11,12,13,14,15,16,18,19,20,21>8,12,18,20,22,13,14,15,16,19,21
6,11,12,13,14,15,16,18,19,20,21>6,7,8,12,18,22,13,14,15,16,19,21
6,11,12,13,14,15,16,18,19,20,21>22,8,11,12,13,14,15,16,19,21
3,5,6,7,9,10,12,15,17,19,22>8,10,11,15,18,12,7
3,5,6,7,9,10,12,15,17,19,22>3,8,11,16,19,23,12,7
3,5,6,7,9,10,12,15,17,19,22>3,4,8,16,17,18,19,12,7
3,5,6,7,9,10,12,15,17,19,22>3,4,5,8,10,13,16,17,23,12,7
3,5,6,7,9,10,12,15,17,19,22>4,6,8,9,10,16,17,19,22,23,12,7
3,5,6,7,9,10,12,15,17,19,22>3,4,5,6,8,11,16,18,12,7
1,3,4,5,7,9,10,11,13,14,15,17>1,2,5,9,16,17,18,4,10,11,13,14,15
1,3,4,5,7,9,10,11,13,14,15,17>2,18,6,4,10,11,13,14,15
1,3,4,5,7,9,10,11,13,14,15,17>1,2,3,6,7,16,17,4,10,11,13,14,15
1,3,4,5,7,9,10,11,13,14,15,17>17,5,6,7,4,10,11,13,14,15
1,3,4,5,7,9,10,11,13,14,15,17>1,3,5,6,7,9,4,10,11,13,14,15
1,3,4,5,7,9,10,11,13,14,15,17>1,2,3,5,6,7,4,10,11,13,14,15
1,2,3,4,6,8,9,13,14,19,21>19,1,21,9,2,4,13,14
1,2,3,4,6,8,9,13,14,19,21>3,7,16,20,21,22,2,4,13,14
1,2,3,4,6,8,9,13,14,19,21>1,3,6,7,16,19,2,4,13,14
1,2,3,4,6,8,9,13,14,19,21>1,3,8,9,16,20,21,2,4,13,14
1,2,3,4,6,8,9,13,14,19,21>1,6,8,9,16,19,2,4,13,14
1,2,3,4,6,8,9,13,14,19,21>3,7,8,9,16,20,21,2,4,13,14
2,3,4,7,9,10,12,13,14,19,20>2,7,8,10,12,16,17,4,13,14
2,3,4,7,9,10,12,13,14,19,20>9,15,16,17,19,20,4,13,14
2,3,4,7,9,10,12,13,14,19,20>9,12,15,16,17,19,21,4,13,14
2,3,4,7,9,10,12,13,14,19,20>2,7,9,10,12,15,16,19,4,13,14
2,3,4,7,9,10,12,13,14,19,20>2,7,9,10,19,21,4,13,14
2,3,4,7,9,10,12,13,14,19,20>2,3,7,8,9,12,17,20,21,4,13,14
1,2,3,7,8,9,11,13,14,15,16,17,19,21,22,23>3,19,7,11,2,8,14,16,22,23
1,2,3,7,8,9,11,13,14,15,16,17,19,21,22,23>1,3,7,11,13,17,20,2,8,14,16,22,23
1,2,3,7,8,9,11,13,14,15,16,17,19,21,22,23>3,4,7,11,12,15,2,8,14,16,22,23
1,2,3,7,8,9,11,13,14,15,16,17,19,21,22,23>3,4,9,11,12,13,15,20,21,2,8,14,16,22,23
1,2,3,7,8,9,11,13,14,15,16,17,19,21,22,23>7,9,12,19,20,2,8,14,16,22,23
1,2,3,7,8,9,11,13,14,15,16,17,19,21,22,23>1,3,4,7,9,13,19,2,8,14,16,22,23
2,4,5,6,9,10,14,15,16,19,20,21,22>2,6,8,9,10,13,14,19,23,15,16,20,21,22
2,4,5,6,9,10,14,15,16,19,20,21,22>2,4,5,6,9,19,15,16,20,21,22
2,4,5,6,9,10,14,15,16,19,20,21,22>7,8,9,10,14,23,15,16,20,21,22
2,4,5,6,9,10,14,15,16,19,20,21,22>2,4,5,7,10,13,15,16,20,21,22
2,4,5,6,9,10,14,15,16,19,20,21,22>13,19,6,7,15,16,20,21,22
2,4,5,6,9,10,14,15,16,19,20,21,22>4,5,6,7,8,10,14,19,15,16,20,21,22
1,3,7,11,12,13,14,15,16,17,18,19,22,23>13,8,11,12,14,15,16,18,19,23
1,3,7,11,12,13,14,15,16,17,18,19,22,23>1,3,8,13,17,12,14,15,16,18,19,23
1,3,7,11,12,13,14,15,16,17,18,19,22,23>2,4,11,17,22,12,14,15,16,18,19,23
1,3,7,11,12,13,14,15,16,17,18,19,22,23>1,3,4,11,13,12,14,15,16,18,19,23
1,3,7,11,12,13,14,15,16,17,18,19,22,23>7,8,11,12,14,15,16,18,19,23
1,3,7,11,12,13,14,15,16,17,18,19,22,23>1,2,3,7,11,12,14,15,16,18,19,23
1,5,6,7,8,11,12,16,18,21,22>1,5,16,18,23,6,7,8,12,22
1,5,6,7,8,11,12,16,18,21,22>19,23,5,13,6,7,8,12,22
1,5,6,7,8,11,12,16,18,21,22>11,13,16,19,21,6,7,8,12,22
1,5,6,7,8,11,12,16,18,21,22>2,11,13,19,21,23,6,7,8,12,22
1,5,6,7,8,11,12,16,18,21,22>1,2,11,13,16,21,6,7,8,12,22
1,5,6,7,8,11,12,16,18,21,22>2,5,11,13,18,19,21,6,7,8,12,22
1,5,9,13,15,17,20,23>2,15,16,21,23,17,20
1,5,9,13,15,17,20,23>1,2,10,14,15,21,23,17,20
1,5,9,13,15,17,20,23>1,2,5,15,16,18,17,20
1,5,9,13,15,17,20,23>1,6,10,13,15,18,17,20
1,5,9,13,15,17,20,23>9,13,14,18,21,17,20
1,5,9,13,15,17,20,23>1,5,9,16,23,17,20
4,5,6,9,10,12,13,16,17,19,20,21,23>10,12,18,19,20,22,23,16,21
4,5,6,9,10,12,13,16,17,19,20,21,23>4,13,17,18,19,22,23,16,21
4,5,6,9,10,12,13,16,17,19,20,21,23>9,12,14,18,19,22,16,21
4,5,6,9,10,12,13,16,17,19,20,21,23>4,5,6,9,13,14,19,22,23,16,21
4,5,6,9,10,12,13,16,17,19,20,21,23>7,9,10,13,22,23,16,21
4,5,6,9,10,12,13,16,17,19,20,21,23>4,5,7,12,13,14,17,18,19,23,16,21
1,2,6,8,9,11,12,13,15,16,17,18,23>14,1,19,11,8,16,2,12
1,2,6,8,9,11,12,13,15,16,17,18,23>1,9,13,15,18,19,23,8,16,2,12
1,2,6,8,9,11,12,13,15,16,17,18,23>7,9,13,14,15,18,23,8,16,2,12
1,2,6,8,9,11,12,13,15,16,17,18,23>6,10,11,14,15,17,18,8,16,2,12
1,2,6,8,9,11,12,13,15,16,17,18,23>9,10,13,15,19,23,8,16,2,12
1,2,6,8,9,11,12,13,15,16,17,18,23>7,9,10,13,14,18,8,16,2,12
3,6,7,10,11,13,14,16,17,19,21,23>16,19,20,22,11,14,7
3,6,7,10,11,13,14,16,17,19,21,23>3,4,6,8,12,15,20,21,23,11,14,7
3,6,7,10,11,13,14,16,17,19,21,23>3,4,6,8,16,18,19,22,11,14,7
3,6,7,10,11,13,14,16,17,19,21,23>3,4,10,13,15,16,22,23,11,14,7
3,6,7,10,11,13,14,16,17,19,21,23>3,4,8,10,12,15,16,17,18,20,21,23,11,14,7
3,6,7,10,11,13,14,16,17,19,21,23>3,4,6,8,10,13,15,16,17,21,11,14,7
4,5,8,9,11,14,21,23>4,5,9,11,14,22
4,5,8,9,11,14,21,23>4,5,9,11,14,16,23
4,5,8,9,11,14,21,23>4,6,9,22,23
4,5,8,9,11,14,21,23>4,6,9,10,16
4,5,8,9,11,14,21,23>4,6,9,11,21,23
4,5,8,9,11,14,21,23>4,8,9,10,11,22
2,4,5,10,14,17,21,22,23>2,4,11,14,17,21,22,23
2,4,5,10,14,17,21,22,23>2,4,5,11,14,21,22,23
2,4,5,10,14,17,21,22,23>4,5,6,11,16,17,18,21,22,23
2,4,5,10,14,17,21,22,23>2,4,5,6,14,16,21,22,23
2,4,5,10,14,17,21,22,23>6,10,14,15,18,22,23
2,4,5,10,14,17,21,22,23>5,6,10,14,16,22,23
1,2,3,7,8,13,15,16,18,20,21,23>1,3,15,18,19,22,23,2,8,16,20,21
1,2,3,7,8,13,15,16,18,20,21,23>18,22,4,2,8,16,20,21
1,2,3,7,8,13,15,16,18,20,21,23>1,4,14,19,23,2,8,16,20,21
1,2,3,7,8,13,15,16,18,20,21,23>7,13,14,15,18,19,23,2,8,16,20,21
1,2,3,7,8,13,15,16,18,20,21,23>1,3,7,13,22,23,2,8,16,20,21
1,2,3,7,8,13,15,16,18,20,21,23>4,7,13,14,22,23,2,8,16,20,21
2,6,10,11,13,14,15,19,23>23,6,16,19,11,14,15
2,6,10,11,13,14,15,19,23>2,6,23,19,11,14,15
2,6,10,11,13,14,15,19,23>2,6,7,10,16,19,11,14,15
2,6,10,11,13,14,15,19,23>10,13,16,20,23,11,14,15
2,6,10,11,13,14,15,19,23>6,10,13,19,20,23,11,14,15
2,6,10,11,13,14,15,19,23>6,7,10,13,16,19,20,11,14,15
1,2,3,4,7,8,15,16,18,20,22,23>1,19,21,2,4,8,16,20,23
1,2,3,4,7,8,15,16,18,20,22,23>22,1,15,19,2,4,8,16,20,23
1,2,3,4,7,8,15,16,18,20,22,23>1,3,7,15,21,22,2,4,8,16,20,23
1,2,3,4,7,8,15,16,18,20,22,23>1,15,18,21,2,4,8,16,20,23
1,2,3,4,7,8,15,16,18,20,22,23>7,15,18,19,21,2,4,8,16,20,23
1,2,3,4,7,8,15,16,18,20,22,23>3,7,15,18,21,2,4,8,16,20,23
1,2,3,6,8,9,10,11,12,15,18,20,23>12,15,19,8,2,10
1,2,3,6,8,9,10,11,12,15,18,20,23>1,3,4,9,16,19,8,2,10
1,2,3,6,8,9,10,11,12,15,18,20,23>6,11,15,16,17,18,19,20,8,2,10
1,2,3,6,8,9,10,11,12,15,18,20,23>7,12,16,18,19,23,8,2,10
1,2,3,6,8,9,10,11,12,15,18,20,23>3,4,7,11,12,15,17,20,8,2,10
1,2,3,6,8,9,10,11,12,15,18,20,23>1,3,4,6,7,9,12,17,8,2,10
1,3,5,6,7,9,13,14,15,16,18,19,21>6,8,9,12,20,21,22,7,13,14,15,16,19
1,3,5,6,7,9,13,14,15,16,18,19,21>1,20,8,7,13,14,15,16,19
1,3,5,6,7,9,13,14,15,16,18,19,21>18,4,6,8,7,13,14,15,16,19
1,3,5,6,7,9,13,14,15,16,18,19,21>1,2,4,9,12,18,21,22,7,13,14,15,16,19
1,3,5,6,7,9,13,14,15,16,18,19,21>1,2,5,6,9,18,20,21,22,7,13,14,15,16,19
1,3,5,6,7,9,13,14,15,16,18,19,21>1,3,4,5,6,8,9,12,7,13,14,15,16,19
1,2,3,5,6,7,9,11,14,15,16,18,20,21,23>14,4,9,10,2,6,7,15,16,20,21
1,2,3,5,6,7,9,11,14,15,16,18,20,21,23>1,3,4,11,22,2,6,7,15,16,20,21
1,2,3,5,6,7,9,11,14,15,16,18,20,21,23>1,3,4,9,10,11,23,2,6,7,15,16,20,21
1,2,3,5,6,7,9,11,14,15,16,18,20,21,23>4,5,10,11,18,19,2,6,7,15,16,20,21
1,2,3,5,6,7,9,11,14,15,16,18,20,21,23>1,3,4,5,19,22,23,2,6,7,15,16,20,21
1,2,3,5,6,7,9,11,14,15,16,18,20,21,23>1,8,10,11,14,18,22,2,6,7,15,16,20,21
2,4,5,6,10,14,16,17,20,21,23>2,4,10,14,15,17,18,16,20,21,6
2,4,5,6,10,14,16,17,20,21,23>2,5,7,10,14,17,18,23,16,20,21,6
2,4,5,6,10,14,16,17,20,21,23>15,23,8,16,20,21,6
2,4,5,6,10,14,16,17,20,21,23>2,4,5,8,14,15,18,16,20,21,6
2,4,5,6,10,14,16,17,20,21,23>5,7,8,10,14,15,18,22,16,20,21,6
2,4,5,6,10,14,16,17,20,21,23>4,5,7,8,18,23,16,20,21,6
2,3,14,15,16,17,20,21,22>18,2,14,15,16,20,21,22
2,3,14,15,16,17,20,21,22>2,3,4,8,18,23,15,16,20,21,22
2,3,14,15,16,17,20,21,22>4,13,14,18,23,15,16,20,21,22
2,3,14,15,16,17,20,21,22>2,4,13,17,23,15,16,20,21,22
2,3,14,15,16,17,20,21,22>8,13,17,18,23,15,16,20,21,22
2,3,14,15,16,17,20,21,22>4,8,13,17,15,16,20,21,22
5,10,11,12,16,17,18,23>23,6,17,19,18,11,12
5,10,11,12,16,17,18,23>5,8,17,19,23,18,11,12
5,10,11,12,16,17,18,23>23,10,19,18,11,12
5,10,11,12,16,17,18,23>5,8,10,17,19,18,11,12
5,10,11,12,16,17,18,23>23,16,17,18,11,12
5,10,11,12,16,17,18,23>5,8,16,19,23,18,11,12
2,4,5,6,7,8,9,10,11,12,17,18,20,23>5,18,20,21,23,6,7,8,10,17
2,4,5,6,7,8,9,10,11,12,17,18,20,23>4,9,12,16,18,20,23,6,7,8,10,17
2,4,5,6,7,8,9,10,11,12,17,18,20,23>5,9,12,16,18,20,21,6,7,8,10,17
2,4,5,6,7,8,9,10,11,12,17,18,20,23>4,5,9,12,16,18,19,21,23,6,7,8,10,17
2,4,5,6,7,8,9,10,11,12,17,18,20,23>2,4,11,18,19,21,23,6,7,8,10,17
2,4,5,6,7,8,9,10,11,12,17,18,20,23>4,9,11,12,18,6,7,8,10,17
1,3,7,10,11,12,18,20,22>2,8,10,18,20,21,22
1,3,7,10,11,12,18,20,22>2,3,8,11,13,19,20,21,22,23
1,3,7,10,11,12,18,20,22>4,11,17,18,19,21
1,3,7,10,11,12,18,20,22>1,2,3,4,8,10,17,18,19,20,22,23
1,3,7,10,11,12,18,20,22>4,7,8,11,17,21,22
1,3,7,10,11,12,18,20,22>3,4,7,12,13,17,18,19,20,21,22
3,4,9,10,11,13,15,19,21,23>10,15,16,20,22,23,11,4
3,4,9,10,11,13,15,19,21,23>3,9,13,15,16,19,20,21,23,11,4
3,4,9,10,11,13,15,19,21,23>3,10,13,15,16,19,20,22,11,4
3,4,9,10,11,13,15,19,21,23>3,9,10,13,20,23,11,4
3,4,9,10,11,13,15,19,21,23>13,14,15,16,21,22,11,4
3,4,9,10,11,13,15,19,21,23>10,13,14,15,16,20,23,11,4
1,2,5,6,7,11,12,16,17,18,23>23,5,17,19,2,6,7,12,18
1,2,5,6,7,11,12,16,17,18,23>23,8,17,19,2,6,7,12,18
1,2,5,6,7,11,12,16,17,18,23>1,8,19,2,6,7,12,18
1,2,5,6,7,11,12,16,17,18,23>23,5,11,2,6,7,12,18
1,2,5,6,7,11,12,16,17,18,23>5,8,16,2,6,7,12,18
1,2,5,6,7,11,12,16,17,18,23>8,11,16,17,2,6,7,12,18
5,6,8,10,12,14,15,16,17,20,21,23>22,7,17,8,16,21,6
5,6,8,10,12,14,15,16,17,20,21,23>20,7,15,17,8,16,21,6
5,6,8,10,12,14,15,16,17,20,21,23>7,10,17,20,23,8,16,21,6
5,6,8,10,12,14,15,16,17,20,21,23>5,7,12,22,8,16,21,6
5,6,8,10,12,14,15,16,17,20,21,23>14,17,20,22,23,8,16,21,6
5,6,8,10,12,14,15,16,17,20,21,23>5,7,10,12,14,15,23,8,16,21,6
1,3,4,5,7,9,10,12,14,15,17,19,22,23>11,14,3,19,23,4,12,15
1,3,4,5,7,9,10,12,14,15,17,19,22,23>1,2,3,5,8,11,22,23,4,12,15
1,3,4,5,7,9,10,12,14,15,17,19,22,23>7,8,10,14,17,18,19,22,23,4,12,15
1,3,4,5,7,9,10,12,14,15,17,19,22,23>2,7,8,9,11,16,18,19,23,4,12,15
1,3,4,5,7,9,10,12,14,15,17,19,22,23>1,2,5,7,8,11,14,17,19,22,23,4,12,15
1,3,4,5,7,9,10,12,14,15,17,19,22,23>1,2,3,5,7,8,9,10,22,23,4,12,15
2,3,4,5,6,8,10,11,16,17,18>2,5,12,13,4,6,8,11,16
2,3,4,5,6,8,10,11,16,17,18>2,3,7,17,19,4,6,8,11,16
2,3,4,5,6,8,10,11,16,17,18>2,10,13,17,19,4,6,8,11,16
2,3,4,5,6,8,10,11,16,17,18>17,18,3,10,4,6,8,11,16
2,3,4,5,6,8,10,11,16,17,18>2,3,10,18,19,4,6,8,11,16
2,3,4,5,6,8,10,11,16,17,18>5,10,12,13,19,4,6,8,11,16
3,4,6,7,8,11,12,14,21,22,23>3,6,4,7,8,12,22,23
3,4,6,7,8,11,12,14,21,22,23>3,11,21,4,7,8,12,22,23
3,4,6,7,8,11,12,14,21,22,23>14,21,4,7,8,12,22,23
3,4,6,7,8,11,12,14,21,22,23>3,16,21,4,7,8,12,22,23
3,4,6,7,8,11,12,14,21,22,23>6,11,16,21,4,7,8,12,22,23
3,4,6,7,8,11,12,14,21,22,23>11,14,16,4,7,8,12,22,23
1,2,9,10,11,14,16,19,20,21,23>16,22,15,2,20,21
1,2,9,10,11,14,16,19,20,21,23>9,10,14,15,16,19,2,20,21
1,2,9,10,11,14,16,19,20,21,23>8,9,10,15,22,2,20,21
1,2,9,10,11,14,16,19,20,21,23>1,8,11,15,23,2,20,21
1,2,9,10,11,14,16,19,20,21,23>10,11,14,22,23,2,20,21
1,2,9,10,11,14,16,19,20,21,23>1,9,10,11,15,16,23,2,20,21
5,6,7,8,9,11,13,15,16,19,20>21,6,11,15,7,8,13,16,20
5,6,7,8,9,11,13,15,16,19,20>6,9,11,15,19,7,8,13,16,20
5,6,7,8,9,11,13,15,16,19,20>21,6,9,14,7,8,13,16,20
5,6,7,8,9,11,13,15,16,19,20>5,6,9,14,19,7,8,13,16,20
5,6,7,8,9,11,13,15,16,19,20>5,6,11,14,15,19,7,8,13,16,20
5,6,7,8,9,11,13,15,16,19,20>6,9,11,14,19,7,8,13,16,20
1,4,6,8,9,12,14,16,17,18,19,20,22>1,9,12,14,20,8,16,19
1,4,6,8,9,12,14,16,17,18,19,20,22>1,4,9,13,17,20,21,22,8,16,19
1,4,6,8,9,12,14,16,17,18,19,20,22>1,2,6,12,14,18,21,23,8,16,19
1,4,6,8,9,12,14,16,17,18,19,20,22>1,4,6,13,18,20,21,8,16,19
1,4,6,8,9,12,14,16,17,18,19,20,22>2,6,7,9,18,20,21,22,23,8,16,19
1,4,6,8,9,12,14,16,17,18,19,20,22>1,4,6,7,9,12,14,18,21,22,23,8,16,19
2,4,5,7,8,11,12,13,15,17,18,19,20,21,23>12,16,18,20,23,8,17,19,21
2,4,5,7,8,11,12,13,15,17,18,19,20,21,23>4,7,11,13,14,18,22,8,17,19,21
2,4,5,7,8,11,12,13,15,17,18,19,20,21,23>11,12,13,14,15,16,20,22,23,8,17,19,21
2,4,5,7,8,11,12,13,15,17,18,19,20,21,23>2,7,11,13,18,20,23,8,17,19,21
2,4,5,7,8,11,12,13,15,17,18,19,20,21,23>4,7,11,12,14,15,16,20,23,8,17,19,21
2,4,5,7,8,11,12,13,15,17,18,19,20,21,23>2,4,7,11,14,15,16,18,20,23,8,17,19,21
5,6,7,9,10,11,12,13,14,15,16,19,21>6,8,19,21,7,11,12,13,14,15,16
5,6,7,9,10,11,12,13,14,15,16,19,21>8,9,19,21,22,7,11,12,13,14,15,16
5,6,7,9,10,11,12,13,14,15,16,19,21>5,6,8,10,22,7,11,12,13,14,15,16
5,6,7,9,10,11,12,13,14,15,16,19,21>9,10,19,21,22,7,11,12,13,14,15,16
5,6,7,9,10,11,12,13,14,15,16,19,21>6,8,9,10,19,7,11,12,13,14,15,16
5,6,7,9,10,11,12,13,14,15,16,19,21>5,6,8,9,10,7,11,12,13,14,15,16
1,5,9,10,13,14,15,16,22,23>1,2,9,11,12,10,14,15,16,23
1,5,9,10,13,14,15,16,22,23>1,2,9,13,10,14,15,16,23
1,5,9,10,13,14,15,16,22,23>1,5,11,12,22,10,14,15,16,23
1,5,9,10,13,14,15,16,22,23>1,2,6,11,12,10,14,15,16,23
1,5,9,10,13,14,15,16,22,23>1,2,5,8,9,12,10,14,15,16,23
1,5,9,10,13,14,15,16,22,23>1,2,6,8,9,22,10,14,15,16,23
3,7,13,14,23>3,4,23,14
3,7,13,14,23>4,13,14
3,7,13,14,23>3,4,15,14
3,7,13,14,23>3,7,15,23,14
3,7,13,14,23>7,13,15,23,14
3,7,13,14,23>3,7,13,15,14
1,4,6,7,11,12,13,15,16,17,19,23>14,15,18,23,16,12,7
1,4,6,7,11,12,13,15,16,17,19,23>2,19,23,16,12,7
1,4,6,7,11,12,13,15,16,17,19,23>1,2,11,14,18,23,16,12,7
1,4,6,7,11,12,13,15,16,17,19,23>14,1,8,11,16,12,7
1,4,6,7,11,12,13,15,16,17,19,23>2,4,8,13,14,23,16,12,7
1,4,6,7,11,12,13,15,16,17,19,23>1,2,4,8,13,14,17,18,16,12,7
1,3,4,5,6,7,10,13,14,16,19,21,22,23>1,8,11,13,20,21,4,7,14,16,22,23
1,3,4,5,6,7,10,13,14,16,19,21,22,23>1,2,4,7,14,16,22,23
1,3,4,5,6,7,10,13,14,16,19,21,22,23>5,8,10,11,12,20,4,7,14,16,22,23
1,3,4,5,6,7,10,13,14,16,19,21,22,23>1,6,8,10,12,13,15,21,4,7,14,16,22,23
1,3,4,5,6,7,10,13,14,16,19,21,22,23>1,5,6,8,10,11,13,19,4,7,14,16,22,23
1,3,4,5,6,7,10,13,14,16,19,21,22,23>2,3,5,6,10,12,4,7,14,16,22,23
4,5,8,11,12,14,21,23>22,23,5,21,8,12
4,5,8,11,12,14,21,23>22,4,11,16,8,12
4,5,8,11,12,14,21,23>22,4,6,11,8,12
4,5,8,11,12,14,21,23>4,5,6,11,21,8,12
4,5,8,11,12,14,21,23>4,5,14,8,12
4,5,8,11,12,14,21,23>6,11,14,16,22,8,12
1,7,10,11,12,13,15,16,18,19,20,22,23>1,7,8,18,21,22,16,19,23
1,7,10,11,12,13,15,16,18,19,20,22,23>1,2,7,8,11,13,18,22,16,19,23
1,7,10,11,12,13,15,16,18,19,20,22,23>10,11,13,14,20,22,16,19,23
1,7,10,11,12,13,15,16,18,19,20,22,23>1,2,7,8,11,15,18,20,22,16,19,23
1,7,10,11,12,13,15,16,18,19,20,22,23>2,8,10,11,13,15,18,20,21,16,19,23
1,7,10,11,12,13,15,16,18,19,20,22,23>7,8,10,14,20,22,16,19,23
2,3,5,6,7,8,13,15,16,18,22,23>15,2,3,14,6,7,8,16,23
2,3,5,6,7,8,13,15,16,18,22,23>3,4,13,19,22,6,7,8,16,23
2,3,5,6,7,8,13,15,16,18,22,23>2,19,5,6,7,8,16,23
2,3,5,6,7,8,13,15,16,18,22,23>15,22,12,14,6,7,8,16,23
2,3,5,6,7,8,13,15,16,18,22,23>4,5,12,14,19,22,6,7,8,16,23
2,3,5,6,7,8,13,15,16,18,22,23>2,4,5,12,13,14,15,6,7,8,16,23
1,5,8,12,13,14,15,16,17,18>19,1,5,17,8,12,13,14,16
1,5,8,12,13,14,15,16,17,18>5,6,17,18,19,8,12,13,14,16
1,5,8,12,13,14,15,16,17,18>2,5,6,18,19,8,12,13,14,16
1,5,8,12,13,14,15,16,17,18>15,17,8,12,13,14,16
1,5,8,12,13,14,15,16,17,18>2,5,15,18,8,12,13,14,16
1,5,8,12,13,14,15,16,17,18>2,6,15,18,8,12,13,14,16
1,3,5,6,7,9,12,14,17,19,21,22,23>2,14,15,17,21,12,23,22,7
1,3,5,6,7,9,12,14,17,19,21,22,23>14,2,5,8,12,23,22,7
1,3,5,6,7,9,12,14,17,19,21,22,23>4,5,14,15,17,18,19,21,12,23,22,7
1,3,5,6,7,9,12,14,17,19,21,22,23>2,4,5,6,8,9,15,19,21,12,23,22,7
1,3,5,6,7,9,12,14,17,19,21,22,23>1,3,4,5,6,14,15,19,21,12,23,22,7
1,3,5,6,7,9,12,14,17,19,21,22,23>2,3,4,5,6,8,21,12,23,22,7
1,3,5,7,10,11,19,20,22,23>11,21,7,20,23
1,3,5,7,10,11,19,20,22,23>1,3,10,11,19,21,20,23
1,3,5,7,10,11,19,20,22,23>1,2,4,11,17,19,22,20,23
1,3,5,7,10,11,19,20,22,23>2,21,5,10,20,23
1,3,5,7,10,11,19,20,22,23>4,5,7,17,21,22,20,23
1,3,5,7,10,11,19,20,22,23>1,3,4,5,10,11,19,22,20,23
1,10,15,16,18,21,22>8,10,12,18,19,21,23,16,22
1,10,15,16,18,21,22>2,11,12,18,21,23,16,22
1,10,15,16,18,21,22>8,11,12,15,18,21,23,16,22
1,10,15,16,18,21,22>1,8,11,15,18,21,16,22
1,10,15,16,18,21,22>2,8,11,12,16,22
1,10,15,16,18,21,22>1,10,11,12,15,18,21,23,16,22
2,5,7,8,10,12,14,15,16,17,18,19>2,5,13,15,17,18,8,16,19,12
2,5,7,8,10,12,14,15,16,17,18,19>2,5,7,17,8,16,19,12
2,5,7,8,10,12,14,15,16,17,18,19>2,10,13,14,17,18,8,16,19,12
2,5,7,8,10,12,14,15,16,17,18,19>15,2,7,10,8,16,19,12
2,5,7,8,10,12,14,15,16,17,18,19>2,5,11,13,14,15,17,8,16,19,12
2,5,7,8,10,12,14,15,16,17,18,19>15,17,10,11,8,16,19,12
3,6,13,14,17,19,20,23>19,3,23,6,17,20,14
3,6,13,14,17,19,20,23>4,7,15,18,19,21,23,17,20,14
3,6,13,14,17,19,20,23>4,6,7,15,18,19,17,20,14
3,6,13,14,17,19,20,23>3,4,6,7,18,23,17,20,14
3,6,13,14,17,19,20,23>23,6,13,15,17,20,14
3,6,13,14,17,19,20,23>3,4,7,13,18,23,17,20,14
1,2,4,6,8,10,12,13,15,16,17,19,22>15,4,19,11,2,8,12,13,16
1,2,4,6,8,10,12,13,15,16,17,19,22>15,17,7,2,8,12,13,16
1,2,4,6,8,10,12,13,15,16,17,19,22>1,4,6,7,17,22,2,8,12,13,16
1,2,4,6,8,10,12,13,15,16,17,19,22>1,10,11,14,19,22,2,8,12,13,16
1,2,4,6,8,10,12,13,15,16,17,19,22>1,10,11,15,17,22,2,8,12,13,16
1,2,4,6,8,10,12,13,15,16,17,19,22>7,10,11,14,2,8,12,13,16
8,4,21,23>4,16,23
8,4,21,23>4,21,23
8,4,21,23>16,21,23
8,4,21,23>4,8,16,21
8,4,21,23>4,22,23
8,4,21,23>4,16,21,22
2,3,5,11,13,15,18,20,21,22,23>5,11,13,14,15,18,20,21,22,23
2,3,5,11,13,15,18,20,21,22,23>2,4,5,14,19,20,21,22,23
2,3,5,11,13,15,18,20,21,22,23>2,6,14,15,19,20,21,22,23
2,3,5,11,13,15,18,20,21,22,23>4,6,11,14,17,20,21,22,23
2,3,5,11,13,15,18,20,21,22,23>4,5,6,13,14,16,17,20,21,22,23
2,3,5,11,13,15,18,20,21,22,23>3,4,5,6,16,17,19,20,21,22,23
1,3,5,6,8,10,11,13,15,18,19,21,22,23>6,7,10,16,21,19,11,22,23
1,3,5,6,8,10,11,13,15,18,19,21,22,23>2,6,8,10,13,14,16,18,20,21,19,11,22,23
1,3,5,6,8,10,11,13,15,18,19,21,22,23>3,4,6,7,8,15,16,20,19,11,22,23
1,3,5,6,8,10,11,13,15,18,19,21,22,23>3,5,6,8,10,16,21,19,11,22,23
1,3,5,6,8,10,11,13,15,18,19,21,22,23>4,5,6,8,10,13,14,15,16,18,21,19,11,22,23
1,3,5,6,8,10,11,13,15,18,19,21,22,23>1,3,4,5,7,8,10,16,18,21,19,11,22,23
3,4,6,9,11,14,15,17,19,20,21,22>23,18,7,14,4,15,17,20,21,22
3,4,6,9,11,14,15,17,19,20,21,22>3,6,7,9,4,15,17,20,21,22
3,4,6,9,11,14,15,17,19,20,21,22>6,7,11,13,14,16,19,4,15,17,20,21,22
3,4,6,9,11,14,15,17,19,20,21,22>3,6,7,11,14,16,19,23,4,15,17,20,21,22
3,4,6,9,11,14,15,17,19,20,21,22>7,9,11,18,19,4,15,17,20,21,22
3,4,6,9,11,14,15,17,19,20,21,22>3,7,9,11,14,23,4,15,17,20,21,22
1,2,4,5,6,8,9,12,18,19,20>20,7,8,2,19
1,2,4,5,6,8,9,12,18,19,20>4,5,7,9,12,18,21,8,2,19
1,2,4,5,6,8,9,12,18,19,20>6,7,9,13,16,17,21,8,2,19
1,2,4,5,6,8,9,12,18,19,20>4,6,7,9,16,18,8,2,19
1,2,4,5,6,8,9,12,18,19,20>5,6,7,12,13,16,17,18,8,2,19
1,2,4,5,6,8,9,12,18,19,20>4,5,6,7,12,17,18,21,8,2,19
1,2,4,5,6,7,8,9,10,11,12,13,15,16,17,21,22,23>17,5,15,2,6,7,8,10,11,12,16,22,23
1,2,4,5,6,7,8,9,10,11,12,13,15,16,17,21,22,23>1,4,5,9,14,17,2,6,7,8,10,11,12,16,22,23
1,2,4,5,6,7,8,9,10,11,12,13,15,16,17,21,22,23>1,5,13,2,6,7,8,10,11,12,16,22,23
1,2,4,5,6,7,8,9,10,11,12,13,15,16,17,21,22,23>9,13,14,15,2,6,7,8,10,11,12,16,22,23
1,2,4,5,6,7,8,9,10,11,12,13,15,16,17,21,22,23>4,9,13,14,17,2,6,7,8,10,11,12,16,22,23
1,2,4,5,6,7,8,9,10,11,12,13,15,16,17,21,22,23>1,4,9,13,2,6,7,8,10,11,12,16,22,23
2,3,6,8,9,13,15,17,19,23>3,9,13,15,19
2,3,6,8,9,13,15,17,19,23>3,4,8,13,14,16,19
2,3,6,8,9,13,15,17,19,23>2,3,4,13,15,16,23
2,3,6,8,9,13,15,17,19,23>2,3,6,8,9,16,17,20
2,3,6,8,9,13,15,17,19,23>4,6,8,20
2,3,6,8,9,13,15,17,19,23>2,6,7,14,17,23
1,2,4,6,10,11,14,15,16,17,21,22>13,1,17,6,2,11,15,16,22
1,2,4,6,10,11,14,15,16,17,21,22>1,6,7,10,12,17,18,21,2,11,15,16,22
1,2,4,6,10,11,14,15,16,17,21,22>1,4,6,7,10,14,17,2,11,15,16,22
1,2,4,6,10,11,14,15,16,17,21,22>13,1,6,8,2,11,15,16,22
1,2,4,6,10,11,14,15,16,17,21,22>1,7,8,10,12,13,14,17,2,11,15,16,22
1,2,4,6,10,11,14,15,16,17,21,22>4,6,7,8,13,18,2,11,15,16,22
1,5,7,8,15,17,18,19,20,21,22>1,2,13,18,17,19,20,21,22
1,5,7,8,15,17,18,19,20,21,22>5,7,13,15,18,23,17,19,20,21,22
1,5,7,8,15,17,18,19,20,21,22>2,5,7,15,18,17,19,20,21,22
1,5,7,8,15,17,18,19,20,21,22>2,8,13,15,18,23,17,19,20,21,22
1,5,7,8,15,17,18,19,20,21,22>5,8,13,15,17,19,20,21,22
1,5,7,8,15,17,18,19,20,21,22>1,7,8,15,16,18,17,19,20,21,22
1,2,3,5,7,8,9,12,13,15,16,17,19,21>3,4,5,7,9,14,17,2,8,12,13,16
1,2,3,5,7,8,9,12,13,15,16,17,19,21>1,3,7,9,15,21,22,2,8,12,13,16
1,2,3,5,7,8,9,12,13,15,16,17,19,21>1,4,7,9,19,2,8,12,13,16
1,2,3,5,7,8,9,12,13,15,16,17,19,21>5,7,14,15,19,2,8,12,13,16
1,2,3,5,7,8,9,12,13,15,16,17,19,21>4,5,7,14,19,21,2,8,12,13,16
1,2,3,5,7,8,9,12,13,15,16,17,19,21>3,4,5,7,15,22,2,8,12,13,16
3,7,8,10,11,12,14,15,16,19,20,22>3,20,15,13,8,16
3,7,8,10,11,12,14,15,16,19,20,22>3,12,14,20,21,22,23,8,16
3,7,8,10,11,12,14,15,16,19,20,22>3,4,7,12,13,15,19,22,8,16
3,7,8,10,11,12,14,15,16,19,20,22>3,10,14,20,22,23,8,16
3,7,8,10,11,12,14,15,16,19,20,22>7,11,12,19,20,23,8,16
3,7,8,10,11,12,14,15,16,19,20,22>7,10,11,12,14,20,8,16
2,3,4,5,8,10,12,13,15,19,20,21>3,5,15,16,17,19,20,8,21,4,13
2,3,4,5,8,10,12,13,15,19,20,21>10,14,15,17,19,8,21,4,13
2,3,4,5,8,10,12,13,15,19,20,21>3,10,14,15,16,19,20,8,21,4,13
2,3,4,5,8,10,12,13,15,19,20,21>2,5,12,14,15,16,20,22,8,21,4,13
2,3,4,5,8,10,12,13,15,19,20,21>3,5,12,16,17,19,20,22,8,21,4,13
2,3,4,5,8,10,12,13,15,19,20,21>3,5,12,15,17,20,22,8,21,4,13
2,3,8,9,10,11,13,16,19,20,23>14,16,4,9,8,20
2,3,8,9,10,11,13,16,19,20,23>2,10,16,13,8,20
2,3,8,9,10,11,13,16,19,20,23>3,10,11,14,16,8,20
2,3,8,9,10,11,13,16,19,20,23>2,3,4,10,11,13,14,19,23,8,20
2,3,8,9,10,11,13,16,19,20,23>2,3,9,10,11,13,21,23,8,20
2,3,8,9,10,11,13,16,19,20,23>2,3,4,9,10,11,13,14,21,8,20
2,6,7,8,10,11,13,14,15,17,18,19,21,22,23>17,2,6,20,7,11,14,19,22,23
2,6,7,8,10,11,13,14,15,17,18,19,21,22,23>6,8,16,17,18,20,7,11,14,19,22,23
2,6,7,8,10,11,13,14,15,17,18,19,21,22,23>2,6,8,10,15,16,20,21,7,11,14,19,22,23
2,6,7,8,10,11,13,14,15,17,18,19,21,22,23>8,13,15,16,17,18,7,11,14,19,22,23
2,6,7,8,10,11,13,14,15,17,18,19,21,22,23>2,6,8,13,15,18,21,7,11,14,19,22,23
2,6,7,8,10,11,13,14,15,17,18,19,21,22,23>6,10,13,15,18,20,21,7,11,14,19,22,23
8,9,10,12,15,17,18,19,20,23>21,23,20,8,17,19
8,9,10,12,15,17,18,19,20,23>9,12,15,20,8,17,19
8,9,10,12,15,17,18,19,20,23>9,12,16,18,8,17,19
8,9,10,12,15,17,18,19,20,23>9,10,12,16,21,23,8,17,19
8,9,10,12,15,17,18,19,20,23>9,15,16,20,21,8,17,19
8,9,10,12,15,17,18,19,20,23>23,12,15,16,8,17,19
1,4,6,9,10,11,12,14,16,18,23>1,2,4,8,9,15,18,23,16,10,11,12
1,4,6,9,10,11,12,14,16,18,23>6,8,9,16,10,11,12
1,4,6,9,10,11,12,14,16,18,23>1,2,6,14,19,23,16,10,11,12
1,4,6,9,10,11,12,14,16,18,23>2,4,6,15,18,16,10,11,12
1,4,6,9,10,11,12,14,16,18,23>1,6,7,8,15,16,10,11,12
1,4,6,9,10,11,12,14,16,18,23>2,6,7,8,14,15,18,19,23,16,10,11,12
3,9,12,13,14,15,16,17,19,20,23>18,21,9,23,16,14,15
3,9,12,13,14,15,16,17,19,20,23>3,8,9,13,19,20,21,16,14,15
3,9,12,13,14,15,16,17,19,20,23>18,3,12,17,16,14,15
3,9,12,13,14,15,16,17,19,20,23>8,12,17,19,20,16,14,15
3,9,12,13,14,15,16,17,19,20,23>4,8,9,12,13,18,19,20,16,14,15
3,9,12,13,14,15,16,17,19,20,23>3,4,8,9,12,13,17,20,23,16,14,15
1,4,5,6,8,9,11,12,13,18,19,20,21,23>1,9,13,17,18,20,22,23,8,19,21
1,4,5,6,8,9,11,12,13,18,19,20,21,23>4,7,12,13,18,8,19,21
1,4,5,6,8,9,11,12,13,18,19,20,21,23>1,4,6,9,11,14,17,18,22,8,19,21
1,4,5,6,8,9,11,12,13,18,19,20,21,23>1,2,4,6,7,9,12,13,20,22,8,19,21
1,4,5,6,8,9,11,12,13,18,19,20,21,23>5,6,7,9,11,13,18,20,22,23,8,19,21
1,4,5,6,8,9,11,12,13,18,19,20,21,23>1,2,5,6,17,18,20,23,8,19,21
1,2,3,4,5,7,10,11,12,13,14,15,17,21,22>16,1,18,17,2,4,11,12,13,14,15,22
1,2,3,4,5,7,10,11,12,13,14,15,17,21,22>1,6,16,17,21,2,4,11,12,13,14,15,22
1,2,3,4,5,7,10,11,12,13,14,15,17,21,22>5,6,8,10,2,4,11,12,13,14,15,22
1,2,3,4,5,7,10,11,12,13,14,15,17,21,22>1,3,5,6,10,16,2,4,11,12,13,14,15,22
1,2,3,4,5,7,10,11,12,13,14,15,17,21,22>3,5,7,10,16,17,18,21,23,2,4,11,12,13,14,15,22
1,2,3,4,5,7,10,11,12,13,14,15,17,21,22>17,18,6,7,2,4,11,12,13,14,15,22
1,5,8,9,11,12,15,17,18>15,17,19,11,8,12
1,5,8,9,11,12,15,17,18>1,5,15,16,17,8,12
1,5,8,9,11,12,15,17,18>5,9,10,13,16,17,18,8,12
1,5,8,9,11,12,15,17,18>5,9,11,16,17,19,8,12
1,5,8,9,11,12,15,17,18>2,5,6,9,16,8,12
1,5,8,9,11,12,15,17,18>1,2,5,6,9,10,15,8,12
7,8,9,10,12,13,16,17,22,23>7,9,11,16,17,8,10,12,23
7,8,9,10,12,13,16,17,22,23>7,11,13,16,17,22,8,10,12,23
7,8,9,10,12,13,16,17,22,23>9,11,13,17,8,10,12,23
7,8,9,10,12,13,16,17,22,23>7,9,11,14,16,22,8,10,12,23
7,8,9,10,12,13,16,17,22,23>9,13,14,16,17,8,10,12,23
7,8,9,10,12,13,16,17,22,23>7,9,11,13,14,16,8,10,12,23
1,4,5,7,8,9,10,11,12,16,17,20,22,23>1,4,11,12,20,22,8,16,10,23
1,4,5,7,8,9,10,11,12,16,17,20,22,23>1,5,9,12,20,22,8,16,10,23
1,4,5,7,8,9,10,11,12,16,17,20,22,23>1,2,4,5,11,21,8,16,10,23
1,4,5,7,8,9,10,11,12,16,17,20,22,23>1,6,11,21,22,8,16,10,23
1,4,5,7,8,9,10,11,12,16,17,20,22,23>11,1,6,9,8,16,10,23
1,4,5,7,8,9,10,11,12,16,17,20,22,23>2,4,6,17,21,22,8,16,10,23
1,2,3,5,10,11,14,15,17,18,21>14,16,22,13,18,2,11,15
1,2,3,5,10,11,14,15,17,18,21>1,6,10,13,14,17,19,22,18,2,11,15
1,2,3,5,10,11,14,15,17,18,21>1,3,6,13,14,18,2,11,15
1,2,3,5,10,11,14,15,17,18,21>3,4,6,13,17,19,18,2,11,15
1,2,3,5,10,11,14,15,17,18,21>1,5,6,16,17,22,18,2,11,15
1,2,3,5,10,11,14,15,17,18,21>3,5,6,14,19,22,18,2,11,15
2,4,5,7,11,12,13,14,16,17,20,21,22,23>2,5,12,15,18,20,14,16,21,22,23
2,4,5,7,11,12,13,14,16,17,20,21,22,23>13,6,20,14,16,21,22,23
2,4,5,7,11,12,13,14,16,17,20,21,22,23>2,5,6,12,13,18,14,16,21,22,23
2,4,5,7,11,12,13,14,16,17,20,21,22,23>2,5,7,8,13,15,17,18,20,14,16,21,22,23
2,4,5,7,11,12,13,14,16,17,20,21,22,23>2,4,5,7,8,11,17,18,14,16,21,22,23
2,4,5,7,11,12,13,14,16,17,20,21,22,23>4,5,6,7,8,17,18,20,14,16,21,22,23
1,3,6,7,8,9,10,17,18,19,20,21,22>2,4,8,10,13,7,17,19,20,21,22
1,3,6,7,8,9,10,17,18,19,20,21,22>3,4,10,13,18,7,17,19,20,21,22
1,3,6,7,8,9,10,17,18,19,20,21,22>23,18,3,4,7,17,19,20,21,22
1,3,6,7,8,9,10,17,18,19,20,21,22>4,6,8,9,10,7,17,19,20,21,22
1,3,6,7,8,9,10,17,18,19,20,21,22>2,3,4,6,8,23,7,17,19,20,21,22
1,3,6,7,8,9,10,17,18,19,20,21,22>2,3,4,6,8,10,18,7,17,19,20,21,22
1,2,3,4,5,6,8,9,10,11,13,14,18,21,22,23>16,18,19,2,4,6,10,11,14,22,23
1,2,3,4,5,6,8,9,10,11,13,14,18,21,22,23>16,3,19,2,4,6,10,11,14,22,23
1,2,3,4,5,6,8,9,10,11,13,14,18,21,22,23>1,5,9,16,18,21,2,4,6,10,11,14,22,23
1,2,3,4,5,6,8,9,10,11,13,14,18,21,22,23>19,18,3,5,2,4,6,10,11,14,22,23
1,2,3,4,5,6,8,9,10,11,13,14,18,21,22,23>1,5,13,16,21,2,4,6,10,11,14,22,23
1,2,3,4,5,6,8,9,10,11,13,14,18,21,22,23>1,8,9,13,16,18,21,2,4,6,10,11,14,22,23
2,4,5,9,12,14,16,17,18,20,21,22,23>17,5,19,20,16,18,21,22,23
2,4,5,9,12,14,16,17,18,20,21,22,23>2,4,5,9,15,19,20,16,18,21,22,23
2,4,5,9,12,14,16,17,18,20,21,22,23>2,4,6,9,10,14,19,16,18,21,22,23
2,4,5,9,12,14,16,17,18,20,21,22,23>2,4,5,6,14,17,19,16,18,21,22,23
2,4,5,9,12,14,16,17,18,20,21,22,23>8,12,14,15,19,20,16,18,21,22,23
2,4,5,9,12,14,16,17,18,20,21,22,23>2,5,8,9,14,19,16,18,21,22,23
1,3,4,10,11,13,14,16,17,18,19,21>1,2,8,17,21,22,4,11,13,14,16,18,19
1,3,4,10,11,13,14,16,17,18,19,21>17,21,10,15,4,11,13,14,16,18,19
1,3,4,10,11,13,14,16,17,18,19,21>8,10,12,20,21,4,11,13,14,16,18,19
1,3,4,10,11,13,14,16,17,18,19,21>2,8,10,12,17,4,11,13,14,16,18,19
1,3,4,10,11,13,14,16,17,18,19,21>1,3,8,10,20,4,11,13,14,16,18,19
1,3,4,10,11,13,14,16,17,18,19,21>2,3,8,10,12,4,11,13,14,16,18,19
3,7,8,9,10,11,13,14,16,19,21>3,12,16,19,20,22,8,11,13,14
3,7,8,9,10,11,13,14,16,19,21>3,12,16,21,22,8,11,13,14
3,7,8,9,10,11,13,14,16,19,21>3,4,10,19,22,8,11,13,14
3,7,8,9,10,11,13,14,16,19,21>9,10,12,16,8,11,13,14
3,7,8,9,10,11,13,14,16,19,21>3,9,10,12,20,8,11,13,14
3,7,8,9,10,11,13,14,16,19,21>3,4,9,10,16,20,8,11,13,14
4,6,7,11,17,18,21,22,23>6,11,16,19,18,23,22,7
4,6,7,11,17,18,21,22,23>4,6,11,16,21,18,23,22,7
4,6,7,11,17,18,21,22,23>4,17,19,18,23,22,7
4,6,7,11,17,18,21,22,23>4,11,17,18,23,22,7
4,6,7,11,17,18,21,22,23>6,11,17,21,18,23,22,7
4,6,7,11,17,18,21,22,23>6,16,17,19,18,23,22,7
1,3,4,5,6,8,9,11,12,14,16,18,22>13,18,10,4,6,8,12,16
1,3,4,5,6,8,9,11,12,14,16,18,22>3,10,11,18,22,4,6,8,12,16
1,3,4,5,6,8,9,11,12,14,16,18,22>1,2,3,9,13,14,18,19,23,4,6,8,12,16
1,3,4,5,6,8,9,11,12,14,16,18,22>2,3,5,11,14,18,22,23,4,6,8,12,16
1,3,4,5,6,8,9,11,12,14,16,18,22>1,2,3,5,9,11,13,19,4,6,8,12,16
1,3,4,5,6,8,9,11,12,14,16,18,22>3,7,9,14,18,19,23,4,6,8,12,16
2,7,11,12,13,14,15,21,22,23>2,8,16,12,14,15,22,23
2,7,11,12,13,14,15,21,22,23>8,11,16,21,12,14,15,22,23
2,7,11,12,13,14,15,21,22,23>2,7,13,21,12,14,15,22,23
2,7,11,12,13,14,15,21,22,23>7,8,13,16,12,14,15,22,23
2,7,11,12,13,14,15,21,22,23>2,11,13,16,12,14,15,22,23
2,7,11,12,13,14,15,21,22,23>7,11,13,12,14,15,22,23
2,4,7,10,11,12,13,16,18,20,23>2,12,18,19,20,21,23,16
2,4,7,10,11,12,13,16,18,20,23>2,7,11,14,20,21,16
2,4,7,10,11,12,13,16,18,20,23>2,10,11,12,13,19,23,16
2,4,7,10,11,12,13,16,18,20,23>18,7,10,11,16
2,4,7,10,11,12,13,16,18,20,23>2,4,7,10,13,14,18,19,20,16
2,4,7,10,11,12,13,16,18,20,23>2,8,10,11,12,19,21,16
1,4,8,10,11,13,14,16,17,18,19,20,23>18,1,4,8,14,16,19,20
1,4,8,10,11,13,14,16,17,18,19,20,23>1,4,10,13,17,21,8,14,16,19,20
1,4,8,10,11,13,14,16,17,18,19,20,23>23,11,13,17,8,14,16,19,20
1,4,8,10,11,13,14,16,17,18,19,20,23>1,2,11,13,17,18,21,8,14,16,19,20
1,4,8,10,11,13,14,16,17,18,19,20,23>2,4,11,17,23,8,14,16,19,20
1,4,8,10,11,13,14,16,17,18,19,20,23>2,4,10,11,13,17,21,8,14,16,19,20
3,5,9,11,13,14,15,17,20,21,23>4,5,6,9,10,11,16,22,14,15,17,20,21
3,5,9,11,13,14,15,17,20,21,23>13,18,5,10,14,15,17,20,21
3,5,9,11,13,14,15,17,20,21,23>3,4,5,13,16,18,22,23,14,15,17,20,21
3,5,9,11,13,14,15,17,20,21,23>4,9,11,16,18,14,15,17,20,21
3,5,9,11,13,14,15,17,20,21,23>3,5,9,11,13,16,22,23,14,15,17,20,21
3,5,9,11,13,14,15,17,20,21,23>4,5,6,9,10,13,14,15,17,20,21
2,3,6,8,10,12,16,17,19,21>16,17,10,8,12
2,3,6,8,10,12,16,17,19,21>16,3,22,10,8,12
2,3,6,8,10,12,16,17,19,21>17,3,4,21,8,12
2,3,6,8,10,12,16,17,19,21>17,4,6,22,8,12
2,3,6,8,10,12,16,17,19,21>6,7,10,11,13,21,8,12
2,3,6,8,10,12,16,17,19,21>4,6,7,13,19,21,22,8,12
1,2,3,4,5,6,12,13,15,16,18,19,20>15,21,8,12,2,4,13,16,19
1,2,3,4,5,6,12,13,15,16,18,19,20>1,5,8,12,21,2,4,13,16,19
1,2,3,4,5,6,12,13,15,16,18,19,20>1,3,6,12,15,18,21,2,4,13,16,19
1,2,3,4,5,6,12,13,15,16,18,19,20>5,6,12,18,21,2,4,13,16,19
1,2,3,4,5,6,12,13,15,16,18,19,20>1,20,7,15,2,4,13,16,19
1,2,3,4,5,6,12,13,15,16,18,19,20>1,3,6,7,8,18,20,21,2,4,13,16,19
1,2,3,7,9,11,12,14,15,17,18,20,21,22,23>1,4,9,10,11,14,16,2,15,17,18,21,22,23
1,2,3,7,9,11,12,14,15,17,18,20,21,22,23>1,3,7,9,10,12,14,19,2,15,17,18,21,22,23
1,2,3,7,9,11,12,14,15,17,18,20,21,22,23>1,3,4,7,11,16,20,2,15,17,18,21,22,23
1,2,3,7,9,11,12,14,15,17,18,20,21,22,23>1,3,8,9,11,14,19,2,15,17,18,21,22,23
1,2,3,7,9,11,12,14,15,17,18,20,21,22,23>4,8,9,10,12,2,15,17,18,21,22,23
1,2,3,7,9,11,12,14,15,17,18,20,21,22,23>1,3,7,8,10,14,19,2,15,17,18,21,22,23
1,4,7,8,9,12,13,14,18,20,21,22>16,17,19,20,8,13,14,21,22
1,4,7,8,9,12,13,14,18,20,21,22>1,2,10,12,18,19,23,8,13,14,21,22
1,4,7,8,9,12,13,14,18,20,21,22>1,2,12,17,23,8,13,14,21,22
1,4,7,8,9,12,13,14,18,20,21,22>7,10,12,17,19,8,13,14,21,22
1,4,7,8,9,12,13,14,18,20,21,22>7,9,12,19,23,8,13,14,21,22
1,4,7,8,9,12,13,14,18,20,21,22>2,7,9,16,17,20,8,13,14,21,22
2,3,4,6,7,17,23>2,3,16,18,4,7
2,3,4,6,7,17,23>2,3,16,23,4,7
2,3,4,6,7,17,23>2,6,16,4,7
2,3,4,6,7,17,23>3,6,16,23,4,7
2,3,4,6,7,17,23>2,3,17,18,23,4,7
2,3,4,6,7,17,23>16,17,18,4,7
1,2,4,5,6,8,9,11,12,14,15,16,18,19,20,21,22,23>4,14,15,18,20,2,8,16,19,21,22,23
1,2,4,5,6,8,9,11,12,14,15,16,18,19,20,21,22,23>1,4,9,15,18,2,8,16,19,21,22,23
1,2,4,5,6,8,9,11,12,14,15,16,18,19,20,21,22,23>1,4,6,9,11,12,15,20,2,8,16,19,21,22,23
1,2,4,5,6,8,9,11,12,14,15,16,18,19,20,21,22,23>4,5,6,11,12,14,20,2,8,16,19,21,22,23
1,2,4,5,6,8,9,11,12,14,15,16,18,19,20,21,22,23>1,4,7,11,12,15,2,8,16,19,21,22,23
1,2,4,5,6,8,9,11,12,14,15,16,18,19,20,21,22,23>5,7,9,11,14,20,2,8,16,19,21,22,23
1,2,3,6,8,9,13,14,15,17,18,22,23>8,15,16,17,19,22,2,14,23
1,2,3,6,8,9,13,14,15,17,18,22,23>3,8,9,13,17,18,22,2,14,23
1,2,3,6,8,9,13,14,15,17,18,22,23>1,4,6,9,10,15,16,22,2,14,23
1,2,3,6,8,9,13,14,15,17,18,22,23>1,3,4,6,8,10,18,19,22,2,14,23
1,2,3,6,8,9,13,14,15,17,18,22,23>3,4,7,8,10,13,16,17,19,2,14,23
1,2,3,6,8,9,13,14,15,17,18,22,23>1,3,4,7,8,10,16,22,2,14,23
1,4,5,7,9,10,12,18,23>11,18,7,8,10,12
1,4,5,7,9,10,12,18,23>1,2,8,16,19,10,12
1,4,5,7,9,10,12,18,23>1,4,7,11,23,10,12
1,4,5,7,9,10,12,18,23>2,4,5,7,8,9,16,18,10,12
1,4,5,7,9,10,12,18,23>1,2,4,5,7,9,18,10,12
1,4,5,7,9,10,12,18,23>2,4,6,7,8,9,16,18,19,10,12
1,2,6,7,8,9,15,18,19,23>23,6,16,18,2,19,7
1,2,6,7,8,9,15,18,19,23>1,6,16,2,19,7
1,2,6,7,8,9,15,18,19,23>20,8,18,2,19,7
1,2,6,7,8,9,15,18,19,23>1,6,15,18,20,2,19,7
1,2,6,7,8,9,15,18,19,23>8,15,2,19,7
1,2,6,7,8,9,15,18,19,23>1,9,15,23,2,19,7
2,3,4,5,8,9,11,12,16,17,18,19,21>18,21,22,5,4,8,12,16,19
2,3,4,5,8,9,11,12,16,17,18,19,21>2,3,5,13,17,21,4,8,12,16,19
2,3,4,5,8,9,11,12,16,17,18,19,21>3,5,9,18,21,4,8,12,16,19
2,3,4,5,8,9,11,12,16,17,18,19,21>11,13,17,18,22,4,8,12,16,19
2,3,4,5,8,9,11,12,16,17,18,19,21>3,11,13,17,22,4,8,12,16,19
2,3,4,5,8,9,11,12,16,17,18,19,21>2,3,9,11,13,17,4,8,12,16,19
1,5,7,8,9,12,13,14,16,18,19,20,21,22>1,2,12,20,8,13,14,19,21,22
1,5,7,8,9,12,13,14,16,18,19,20,21,22>2,5,18,20,23,8,13,14,19,21,22
1,5,7,8,9,12,13,14,16,18,19,20,21,22>2,5,16,18,23,8,13,14,19,21,22
1,5,7,8,9,12,13,14,16,18,19,20,21,22>1,5,9,18,20,8,13,14,19,21,22
1,5,7,8,9,12,13,14,16,18,19,20,21,22>1,7,9,16,18,8,13,14,19,21,22
1,5,7,8,9,12,13,14,16,18,19,20,21,22>2,7,9,18,20,23,8,13,14,19,21,22
1,3,4,5,7,13,14,16,17,19,20,22>1,2,21,15,4,13,14,16,20
1,3,4,5,7,13,14,16,17,19,20,22>3,7,8,15,18,22,23,4,13,14,16,20
1,3,4,5,7,13,14,16,17,19,20,22>3,7,8,15,17,18,19,22,4,13,14,16,20
1,3,4,5,7,13,14,16,17,19,20,22>3,5,7,8,21,4,13,14,16,20
1,3,4,5,7,13,14,16,17,19,20,22>1,3,5,7,8,19,22,4,13,14,16,20
1,3,4,5,7,13,14,16,17,19,20,22>2,3,5,7,15,22,23,4,13,14,16,20
3,5,6,7,8,9,10,12,13,14,17,19,21>4,11,17,19,22,7,8,12,13,14
3,5,6,7,8,9,10,12,13,14,17,19,21>4,5,6,10,11,17,21,22,7,8,12,13,14
3,5,6,7,8,9,10,12,13,14,17,19,21>3,9,10,17,22,7,8,12,13,14
3,5,6,7,8,9,10,12,13,14,17,19,21>3,4,5,9,17,19,21,22,7,8,12,13,14
3,5,6,7,8,9,10,12,13,14,17,19,21>6,9,11,17,21,7,8,12,13,14
3,5,6,7,8,9,10,12,13,14,17,19,21>3,6,9,17,19,7,8,12,13,14
2,3,4,5,7,13,14,15,16,17,18,20,21,22>2,8,17,4,13,14,15,16,18,20,21,22
2,3,4,5,7,13,14,15,16,17,18,20,21,22>19,23,3,4,13,14,15,16,18,20,21,22
2,3,4,5,7,13,14,15,16,17,18,20,21,22>2,3,5,4,13,14,15,16,18,20,21,22
2,3,4,5,7,13,14,15,16,17,18,20,21,22>6,8,17,4,13,14,15,16,18,20,21,22
2,3,4,5,7,13,14,15,16,17,18,20,21,22>3,6,4,13,14,15,16,18,20,21,22
2,3,4,5,7,13,14,15,16,17,18,20,21,22>19,7,17,4,13,14,15,16,18,20,21,22
1,2,4,6,8,9,11,12,14,16,18,19,20,21,22,23>1,7,11,12,14,2,8,16,19,21,22,23
1,2,4,6,8,9,11,12,14,16,18,19,20,21,22,23>1,7,11,18,20,2,8,16,19,21,22,23
1,2,4,6,8,9,11,12,14,16,18,19,20,21,22,23>6,7,11,12,2,8,16,19,21,22,23
1,2,4,6,8,9,11,12,14,16,18,19,20,21,22,23>14,4,9,12,2,8,16,19,21,22,23
1,2,4,6,8,9,11,12,14,16,18,19,20,21,22,23>1,4,9,11,18,20,2,8,16,19,21,22,23
1,2,4,6,8,9,11,12,14,16,18,19,20,21,22,23>1,4,6,7,9,2,8,16,19,21,22,23
2,3,4,7,8,11,13,16,17,19,23>2,3,13,14,23,8,16,4
2,3,4,7,8,11,13,16,17,19,23>3,7,13,14,17,8,16,4
2,3,4,7,8,11,13,16,17,19,23>2,11,14,17,23,8,16,4
2,3,4,7,8,11,13,16,17,19,23>2,7,11,13,20,23,8,16,4
2,3,4,7,8,11,13,16,17,19,23>19,20,23,12,8,16,4
2,3,4,7,8,11,13,16,17,19,23>3,7,12,17,20,8,16,4
1,3,10,12,13,14,17,22>1,3,4,10,22,23,12,13,14
1,3,10,12,13,14,17,22>2,3,4,11,15,17,18,22,23,12,13,14
1,3,10,12,13,14,17,22>15,22,8,11,12,13,14
1,3,10,12,13,14,17,22>2,8,10,17,18,12,13,14
1,3,10,12,13,14,17,22>2,4,8,10,11,23,12,13,14
1,3,10,12,13,14,17,22>2,3,4,8,10,22,23,12,13,14
1,2,4,8,10,11,12,14,17,18,19,20,21,22,23>4,11,14,16,2,8,17,19,21,22,23
1,2,4,8,10,11,12,14,17,18,19,20,21,22,23>1,4,11,14,2,8,17,19,21,22,23
1,2,4,8,10,11,12,14,17,18,19,20,21,22,23>10,11,14,16,18,20,2,8,17,19,21,22,23
1,2,4,8,10,11,12,14,17,18,19,20,21,22,23>12,14,2,8,17,19,21,22,23
1,2,4,8,10,11,12,14,17,18,19,20,21,22,23>18,1,12,16,2,8,17,19,21,22,23
1,2,4,8,10,11,12,14,17,18,19,20,21,22,23>1,10,11,12,20,2,8,17,19,21,22,23
1,2,3,4,9,10,13,14,15,20>3,21,2,4,10,13,14,15,20
1,2,3,4,9,10,13,14,15,20>3,9,2,4,10,13,14,15,20
1,2,3,4,9,10,13,14,15,20>1,3,16,2,4,10,13,14,15,20
1,2,3,4,9,10,13,14,15,20>1,3,17,2,4,10,13,14,15,20
1,2,3,4,9,10,13,14,15,20>9,17,21,2,4,10,13,14,15,20
1,2,3,4,9,10,13,14,15,20>3,16,17,2,4,10,13,14,15,20
3,4,5,6,8,10,12,17,22,23>22,5,16,17,4,6,8,12,23
3,4,5,6,8,10,12,17,22,23>22,3,5,17,4,6,8,12,23
3,4,5,6,8,10,12,17,22,23>5,10,17,4,6,8,12,23
3,4,5,6,8,10,12,17,22,23>22,7,10,17,4,6,8,12,23
3,4,5,6,8,10,12,17,22,23>5,10,11,16,4,6,8,12,23
3,4,5,6,8,10,12,17,22,23>3,7,10,11,4,6,8,12,23
1,3,4,5,6,8,11,17,19,20,23>1,7,8,16,19,21,23,17,4,20
1,3,4,5,6,8,11,17,19,20,23>1,2,7,8,16,21,17,4,20
1,3,4,5,6,8,11,17,19,20,23>1,3,7,11,23,17,4,20
1,3,4,5,6,8,11,17,19,20,23>1,2,3,5,8,11,17,4,20
1,3,4,5,6,8,11,17,19,20,23>3,6,7,8,11,19,23,17,4,20
1,3,4,5,6,8,11,17,19,20,23>1,2,5,6,11,16,19,21,23,17,4,20
1,4,6,7,10,13,14,15,16,17,21,23>4,6,10,13,18,21,23,16,15,14,7
1,4,6,7,10,13,14,15,16,17,21,23>1,4,8,10,11,12,17,18,21,16,15,14,7
1,4,6,7,10,13,14,15,16,17,21,23>6,8,11,12,13,17,21,23,16,15,14,7
1,4,6,7,10,13,14,15,16,17,21,23>2,6,8,10,11,21,22,16,15,14,7
1,4,6,7,10,13,14,15,16,17,21,23>1,2,6,8,12,13,17,18,22,16,15,14,7
1,4,6,7,10,13,14,15,16,17,21,23>1,2,4,6,8,10,11,12,21,16,15,14,7
1,4,5,9,12,17,21,22,23>2,17,21,8,12,22,23
1,4,5,9,12,17,21,22,23>1,4,8,10,17,21,12,22,23
1,4,5,9,12,17,21,22,23>2,4,8,9,10,21,12,22,23
1,4,5,9,12,17,21,22,23>5,9,12,22,23
1,4,5,9,12,17,21,22,23>2,6,10,16,18,12,22,23
1,4,5,9,12,17,21,22,23>4,6,9,10,16,17,18,12,22,23
2,3,4,7,8,9,10,11,13,16,17,18,20,23>3,7,14,18,19,4,8,10,16,20
2,3,4,7,8,9,10,11,13,16,17,18,20,23>7,9,14,18,21,23,4,8,10,16,20
2,3,4,7,8,9,10,11,13,16,17,18,20,23>3,11,14,17,19,21,23,4,8,10,16,20
2,3,4,7,8,9,10,11,13,16,17,18,20,23>23,9,11,13,4,8,10,16,20
2,3,4,7,8,9,10,11,13,16,17,18,20,23>3,9,11,13,14,17,19,21,4,8,10,16,20
2,3,4,7,8,9,10,11,13,16,17,18,20,23>3,7,9,11,17,18,21,23,4,8,10,16,20
1,2,4,6,9,10,11,13,15,17,20,23>1,7,11,13,14,15,16,18,23,17,2,10,20
1,2,4,6,9,10,11,13,15,17,20,23>6,7,11,15,23,17,2,10,20
1,2,4,6,9,10,11,13,15,17,20,23>1,4,6,7,11,13,16,18,17,2,10,20
1,2,4,6,9,10,11,13,15,17,20,23>6,9,11,13,14,16,18,21,17,2,10,20
1,2,4,6,9,10,11,13,15,17,20,23>1,6,9,11,14,16,18,21,23,17,2,10,20
1,2,4,6,9,10,11,13,15,17,20,23>1,6,7,9,14,15,18,23,17,2,10,20
3,5,6,7,8,9,11,14,16,18,22,23>16,19,11,12,8,23,6,7
3,5,6,7,8,9,11,14,16,18,22,23>3,4,9,16,19,8,23,6,7
3,5,6,7,8,9,11,14,16,18,22,23>4,5,9,16,19,22,8,23,6,7
3,5,6,7,8,9,11,14,16,18,22,23>3,4,5,9,11,12,14,18,19,8,23,6,7
3,5,6,7,8,9,11,14,16,18,22,23>3,4,10,12,14,16,18,8,23,6,7
3,5,6,7,8,9,11,14,16,18,22,23>5,10,11,14,18,8,23,6,7
2,3,5,6,7,8,10,11,12,13,16,18,23>4,13,14,16,18,23,6,7,8,11,12
2,3,5,6,7,8,10,11,12,13,16,18,23>2,4,13,16,18,23,6,7,8,11,12
2,3,5,6,7,8,10,11,12,13,16,18,23>16,3,4,5,6,7,8,11,12
2,3,5,6,7,8,10,11,12,13,16,18,23>2,10,13,16,18,6,7,8,11,12
2,3,5,6,7,8,10,11,12,13,16,18,23>19,5,10,13,6,7,8,11,12
2,3,5,6,7,8,10,11,12,13,16,18,23>4,5,10,14,16,18,6,7,8,11,12
2,4,6,12,14,18,19,20>2,4,12,13,16,21,19
2,4,6,12,14,18,19,20>2,4,6,14,16,17,18,20,21,19
2,4,6,12,14,18,19,20>2,8,13,16,20,19
2,4,6,12,14,18,19,20>2,8,15,16,18,20,21,19
2,4,6,12,14,18,19,20>6,8,21,19
2,4,6,12,14,18,19,20>2,6,8,14,16,19
1,2,4,5,8,10,13,14,16,17,18,19,20,21,22>10,18,23,2,8,13,14,16,19,20,21,22
1,2,4,5,8,10,13,14,16,17,18,19,20,21,22>1,10,18,2,8,13,14,16,19,20,21,22
1,2,4,5,8,10,13,14,16,17,18,19,20,21,22>4,17,23,2,8,13,14,16,19,20,21,22
1,2,4,5,8,10,13,14,16,17,18,19,20,21,22>1,4,17,18,2,8,13,14,16,19,20,21,22
1,2,4,5,8,10,13,14,16,17,18,19,20,21,22>5,17,18,23,2,8,13,14,16,19,20,21,22
1,2,4,5,8,10,13,14,16,17,18,19,20,21,22>1,10,17,23,2,8,13,14,16,19,20,21,22
2,6,7,9,10,14,15,18,20>6,9,16,17,19,10,15,20,7
2,6,7,9,10,14,15,18,20>18,19,13,16,10,15,20,7
2,6,7,9,10,14,15,18,20>6,13,16,17,18,21,10,15,20,7
2,6,7,9,10,14,15,18,20>2,9,13,16,17,19,21,10,15,20,7
2,6,7,9,10,14,15,18,20>2,9,14,17,18,19,10,15,20,7
2,6,7,9,10,14,15,18,20>2,6,9,14,16,10,15,20,7
2,4,11,14,15,17,18,19,20,21>4,11,16,15,17,18,19,20,21
2,4,11,14,15,17,18,19,20,21>2,4,11,15,17,18,19,20,21
2,4,11,14,15,17,18,19,20,21>4,13,22,15,17,18,19,20,21
2,4,11,14,15,17,18,19,20,21>2,14,16,15,17,18,19,20,21
2,4,11,14,15,17,18,19,20,21>4,14,16,22,15,17,18,19,20,21
2,4,11,14,15,17,18,19,20,21>11,14,16,22,15,17,18,19,20,21
3,6,8,12,15,17,18,19,22>6,16,17,22,23,8,19,12
3,6,8,12,15,17,18,19,22>3,4,6,16,23,8,19,12
3,6,8,12,15,17,18,19,22>3,7,16,17,18,23,8,19,12
3,6,8,12,15,17,18,19,22>3,6,7,15,23,8,19,12
3,6,8,12,15,17,18,19,22>3,4,6,7,16,22,8,19,12
3,6,8,12,15,17,18,19,22>22,23,13,15,8,19,12
2,3,4,5,8,10,11,12,13,15,16,18,19,20,21,22,23>2,12,4,8,16,19,21,22,23
2,3,4,5,8,10,11,12,13,15,16,18,19,20,21,22,23>3,5,12,18,20,4,8,16,19,21,22,23
2,3,4,5,8,10,11,12,13,15,16,18,19,20,21,22,23>3,5,13,14,15,18,20,4,8,16,19,21,22,23
2,3,4,5,8,10,11,12,13,15,16,18,19,20,21,22,23>5,10,12,13,4,8,16,19,21,22,23
2,3,4,5,8,10,11,12,13,15,16,18,19,20,21,22,23>11,13,14,15,18,4,8,16,19,21,22,23
2,3,4,5,8,10,11,12,13,15,16,18,19,20,21,22,23>10,11,12,14,18,20,4,8,16,19,21,22,23
1,4,7,10,12,13,14,15,17,18,21,22>1,7,16,17,19,23,12,13,14,15,18,22
1,4,7,10,12,13,14,15,17,18,21,22>2,4,7,11,16,17,23,12,13,14,15,18,22
1,4,7,10,12,13,14,15,17,18,21,22>1,8,10,17,12,13,14,15,18,22
1,4,7,10,12,13,14,15,17,18,21,22>4,8,10,16,17,23,12,13,14,15,18,22
1,4,7,10,12,13,14,15,17,18,21,22>4,8,10,17,21,23,12,13,14,15,18,22
1,4,7,10,12,13,14,15,17,18,21,22>1,2,7,8,17,19,21,12,13,14,15,18,22
1,2,3,4,5,6,7,10,11,12,13,14,15,18,19,21,23>1,3,13,16,18,21,22,2,4,7,11,12,14,15,19
1,2,3,4,5,6,7,10,11,12,13,14,15,18,19,21,23>1,3,16,18,22,23,2,4,7,11,12,14,15,19
1,2,3,4,5,6,7,10,11,12,13,14,15,18,19,21,23>1,6,16,18,22,23,2,4,7,11,12,14,15,19
1,2,3,4,5,6,7,10,11,12,13,14,15,18,19,21,23>1,8,10,18,21,2,4,7,11,12,14,15,19
1,2,3,4,5,6,7,10,11,12,13,14,15,18,19,21,23>16,18,6,8,2,4,7,11,12,14,15,19
1,2,3,4,5,6,7,10,11,12,13,14,15,18,19,21,23>3,6,8,21,22,23,2,4,7,11,12,14,15,19
1,3,5,7,8,10,11,17,18,19,20>3,4,10,11,13,17,19,20
1,3,5,7,8,10,11,17,18,19,20>1,2,3,4,7,13,21,17,19,20
1,3,5,7,8,10,11,17,18,19,20>2,5,8,10,11,18,21,17,19,20
1,3,5,7,8,10,11,17,18,19,20>1,4,5,13,18,17,19,20
1,3,5,7,8,10,11,17,18,19,20>1,2,4,5,8,10,13,21,17,19,20
1,3,5,7,8,10,11,17,18,19,20>1,3,4,5,10,21,17,19,20
2,3,5,7,9,10,12,14,16,19,21,22,23>4,8,9,10,19,12,22,23
2,3,5,7,9,10,12,14,16,19,21,22,23>3,4,14,15,16,12,22,23
2,3,5,7,9,10,12,14,16,19,21,22,23>5,8,9,10,11,14,12,22,23
2,3,5,7,9,10,12,14,16,19,21,22,23>2,3,4,5,11,15,16,19,21,12,22,23
2,3,5,7,9,10,12,14,16,19,21,22,23>2,7,8,9,10,15,16,12,22,23
2,3,5,7,9,10,12,14,16,19,21,22,23>3,7,8,9,11,16,19,21,12,22,23
2,7,8,11,12,13,16,17,19,23>23,7,11,17,8,12
2,7,8,11,12,13,16,17,19,23>19,11,13,16,8,12
2,7,8,11,12,13,16,17,19,23>7,14,16,17,19,8,12
2,7,8,11,12,13,16,17,19,23>19,13,14,17,8,12
2,7,8,11,12,13,16,17,19,23>2,13,14,17,23,8,12
2,7,8,11,12,13,16,17,19,23>2,11,13,14,16,8,12
1,6,9,11,12,13,14,17,20,21,22>1,9,10,11,15,13,14,17,21,22
1,6,9,11,12,13,14,17,20,21,22>7,10,11,15,18,20,13,14,17,21,22
1,6,9,11,12,13,14,17,20,21,22>1,7,11,15,23,13,14,17,21,22
1,6,9,11,12,13,14,17,20,21,22>2,7,9,15,18,13,14,17,21,22
1,6,9,11,12,13,14,17,20,21,22>2,23,20,8,13,14,17,21,22
1,6,9,11,12,13,14,17,20,21,22>2,6,7,8,9,10,12,15,23,13,14,17,21,22
1,3,6,9,14,16,18,20,22>7,9,10,14,15,19,20
1,3,6,9,14,16,18,20,22>1,2,7,8,9,10,15,19,21,22,23,20
1,3,6,9,14,16,18,20,22>1,4,7,8,9,10,14,16,21,20
1,3,6,9,14,16,18,20,22>1,6,9,15,16,19,21,22,20
1,3,6,9,14,16,18,20,22>1,2,6,8,9,10,14,18,19,22,23,20
1,3,6,9,14,16,18,20,22>2,3,6,7,8,9,10,16,23,20
1,2,4,5,6,13,14,16,20,21,22,23>1,5,15,2,6,14,16,20,21,22,23
1,2,4,5,6,13,14,16,20,21,22,23>1,4,7,2,6,14,16,20,21,22,23
1,2,4,5,6,13,14,16,20,21,22,23>4,5,7,15,2,6,14,16,20,21,22,23
1,2,4,5,6,13,14,16,20,21,22,23>1,4,8,2,6,14,16,20,21,22,23
1,2,4,5,6,13,14,16,20,21,22,23>1,7,8,13,15,2,6,14,16,20,21,22,23
1,2,4,5,6,13,14,16,20,21,22,23>4,7,8,15,2,6,14,16,20,21,22,23
2,5,6,8,9,10,11,13,14,15,16,18,20,22>2,5,7,15,19,22,6,8,10,13,14,16,20
2,5,6,8,9,10,11,13,14,15,16,18,20,22>22,9,15,6,8,10,13,14,16,20
2,5,6,8,9,10,11,13,14,15,16,18,20,22>2,5,7,22,23,6,8,10,13,14,16,20
2,5,6,8,9,10,11,13,14,15,16,18,20,22>2,5,11,19,23,6,8,10,13,14,16,20
2,5,6,8,9,10,11,13,14,15,16,18,20,22>2,7,11,15,18,19,22,6,8,10,13,14,16,20
2,5,6,8,9,10,11,13,14,15,16,18,20,22>2,7,11,18,22,23,6,8,10,13,14,16,20
4,8,11,12,16,19,21>13,22,8,16,12
4,8,11,12,16,19,21>4,11,13,8,16,12
4,8,11,12,16,19,21>4,19,22,8,16,12
4,8,11,12,16,19,21>11,19,21,22,8,16,12
4,8,11,12,16,19,21>4,11,19,21,8,16,12
4,8,11,12,16,19,21>4,13,19,21,8,16,12
2,4,6,7,13,14,15,17,22>23,2,16,18,15,13,14,7
2,4,6,7,13,14,15,17,22>2,4,16,18,15,13,14,7
2,4,6,7,13,14,15,17,22>2,6,16,22,23,15,13,14,7
2,4,6,7,13,14,15,17,22>2,4,6,16,23,15,13,14,7
2,4,6,7,13,14,15,17,22>23,17,15,13,14,7
2,4,6,7,13,14,15,17,22>2,4,16,17,15,13,14,7
2,10,11,16,17,19,21,23>2,10,18,19,20,21,23,11
2,10,11,16,17,19,21,23>8,12,18,11
2,10,11,16,17,19,21,23>10,12,17,20,21,11
2,10,11,16,17,19,21,23>16,17,18,20,21,22,23,11
2,10,11,16,17,19,21,23>8,16,17,18,19,20,21,22,11
2,10,11,16,17,19,21,23>2,12,16,17,19,11
1,6,7,9,10,14,15,16,17,18,19,20,23>1,21,14,7,15,16,18,19,20
1,6,7,9,10,14,15,16,17,18,19,20,23>17,2,10,14,7,15,16,18,19,20
1,6,7,9,10,14,15,16,17,18,19,20,23>17,2,8,14,7,15,16,18,19,20
1,6,7,9,10,14,15,16,17,18,19,20,23>2,6,8,17,21,23,7,15,16,18,19,20
1,6,7,9,10,14,15,16,17,18,19,20,23>2,8,9,10,14,23,7,15,16,18,19,20
1,6,7,9,10,14,15,16,17,18,19,20,23>2,6,8,9,14,7,15,16,18,19,20
1,2,3,5,7,8,10,13,14,16,17>11,12,3,7,8,2,13,14
1,2,3,5,7,8,10,13,14,16,17>3,7,10,16,17,8,2,13,14
1,2,3,5,7,8,10,13,14,16,17>3,5,11,12,16,17,8,2,13,14
1,2,3,5,7,8,10,13,14,16,17>6,7,10,11,12,16,17,8,2,13,14
1,2,3,5,7,8,10,13,14,16,17>1,6,7,10,11,12,16,8,2,13,14
1,2,3,5,7,8,10,13,14,16,17>1,3,5,6,10,17,8,2,13,14
3,8,10,11,14,17,19,21,22>3,4,14,11,22
3,8,10,11,14,17,19,21,22>3,4,17,19,21,23,11,22
3,8,10,11,14,17,19,21,22>4,8,10,17,19,21,11,22
3,8,10,11,14,17,19,21,22>13,14,19,20,23,11,22
3,8,10,11,14,17,19,21,22>20,21,8,13,11,22
3,8,10,11,14,17,19,21,22>4,10,13,17,20,21,23,11,22
1,3,6,8,15,21,23>2,3,15,16,21,22,23
1,3,6,8,15,21,23>2,3,7,8,15,21
1,3,6,8,15,21,23>1,2,4,7,8,21,23
1,3,6,8,15,21,23>2,3,4,7,15,16,22,23
1,3,6,8,15,21,23>2,6,7,15,22,23
1,3,6,8,15,21,23>1,2,6,8,21,22
2,6,8,9,10,11,12,13,18,21,22,23>2,6,14,8,10,11,12,22,23
2,6,8,9,10,11,12,13,18,21,22,23>19,2,6,21,8,10,11,12,22,23
2,6,8,9,10,11,12,13,18,21,22,23>9,14,18,19,21,8,10,11,12,22,23
2,6,8,9,10,11,12,13,18,21,22,23>7,9,18,19,21,8,10,11,12,22,23
2,6,8,9,10,11,12,13,18,21,22,23>7,9,13,18,8,10,11,12,22,23
2,6,8,9,10,11,12,13,18,21,22,23>6,7,9,13,21,8,10,11,12,22,23
1,2,3,4,6,8,10,15,16,21>3,7,10,11,22,8,16,2,4
1,2,3,4,6,8,10,15,16,21>1,6,11,15,21,8,16,2,4
1,2,3,4,6,8,10,15,16,21>3,6,7,11,12,13,15,21,22,8,16,2,4
1,2,3,4,6,8,10,15,16,21>3,6,10,11,12,15,22,8,16,2,4
1,2,3,4,6,8,10,15,16,21>3,6,10,15,21,22,8,16,2,4
1,2,3,4,6,8,10,15,16,21>3,7,10,11,21,8,16,2,4
3,4,6,7,9,12,13,17,18,19,20,23>6,14,16,21,23,4,7,17,18,19
3,4,6,7,9,12,13,17,18,19,20,23>3,8,13,14,21,23,4,7,17,18,19
3,4,6,7,9,12,13,17,18,19,20,23>3,6,8,9,16,20,21,23,4,7,17,18,19
3,4,6,7,9,12,13,17,18,19,20,23>8,12,13,14,16,23,4,7,17,18,19
3,4,6,7,9,12,13,17,18,19,20,23>6,8,12,14,16,20,21,4,7,17,18,19
3,4,6,7,9,12,13,17,18,19,20,23>3,9,12,20,21,23,4,7,17,18,19
1,2,4,5,7,9,15,18,21,22,23>1,5,9,10,15,16,2,22,23
1,2,4,5,7,9,15,18,21,22,23>1,5,15,18,21,2,22,23
1,2,4,5,7,9,15,18,21,22,23>6,9,10,19,21,2,22,23
1,2,4,5,7,9,15,18,21,22,23>1,4,6,9,16,2,22,23
1,2,4,5,7,9,15,18,21,22,23>18,19,21,7,2,22,23
1,2,4,5,7,9,15,18,21,22,23>1,5,6,7,9,15,21,2,22,23
2,3,4,5,7,10,17,18,21>2,3,6,10,11,13,16,17,19,22,18,4
2,3,4,5,7,10,17,18,21>2,3,5,6,10,11,22,18,4
2,3,4,5,7,10,17,18,21>22,19,7,18,4
2,3,4,5,7,10,17,18,21>6,7,17,21,22,18,4
2,3,4,5,7,10,17,18,21>3,5,6,7,10,11,17,19,21,18,4
2,3,4,5,7,10,17,18,21>2,3,5,6,7,10,13,16,19,21,18,4
1,4,5,6,7,8,19,20,22>2,8,13,17,22,23,20,7
1,4,5,6,7,8,19,20,22>1,2,4,17,20,7
1,4,5,6,7,8,19,20,22>19,21,5,22,20,7
1,4,5,6,7,8,19,20,22>1,5,8,13,16,21,23,20,7
1,4,5,6,7,8,19,20,22>1,6,16,17,19,21,22,20,7
1,4,5,6,7,8,19,20,22>2,4,6,19,21,23,20,7
2,4,5,7,8,10,14,15,18,22,23>4,6,10,11,14,18,23
2,4,5,7,8,10,14,15,18,22,23>2,4,5,6,11,15,18,22,23
2,4,5,7,8,10,14,15,18,22,23>2,6,7,8,10,11,16,22,23
2,4,5,7,8,10,14,15,18,22,23>2,4,6,7,8,10,14,15,18,19,22,23
2,4,5,7,8,10,14,15,18,22,23>2,5,6,7,8,15,18,19,22,23
2,4,5,7,8,10,14,15,18,22,23>4,5,6,7,10,11,16,19,23
1,4,5,7,8,9,10,12,14,16,17,19,21,22>1,4,9,10,13,14,23,8,16,12,22
1,4,5,7,8,9,10,12,14,16,17,19,21,22>4,5,11,13,17,19,21,8,16,12,22
1,4,5,7,8,9,10,12,14,16,17,19,21,22>4,5,13,14,21,23,8,16,12,22
1,4,5,7,8,9,10,12,14,16,17,19,21,22>1,2,7,9,13,19,23,8,16,12,22
1,4,5,7,8,9,10,12,14,16,17,19,21,22>4,7,10,11,13,14,17,19,23,8,16,12,22
1,4,5,7,8,9,10,12,14,16,17,19,21,22>2,4,7,9,19,21,8,16,12,22
1,2,4,6,7,9,11,12,15,17,18,20,22>1,4,6,10,12,13,15,16,21,22,23,17,2,18,7
1,2,4,6,7,9,11,12,15,17,18,20,22>1,8,10,12,13,16,22,17,2,18,7
1,2,4,6,7,9,11,12,15,17,18,20,22>1,6,8,11,12,13,20,22,17,2,18,7
1,2,4,6,7,9,11,12,15,17,18,20,22>1,9,10,11,15,16,20,23,17,2,18,7
1,2,4,6,7,9,11,12,15,17,18,20,22>1,8,9,10,11,12,13,15,19,21,22,23,17,2,18,7
1,2,4,6,7,9,11,12,15,17,18,20,22>1,6,8,9,12,15,16,19,20,23,17,2,18,7
3,4,6,7,10,11,12,13,14,15,16,17>3,8,18,4,7,11,12,13,14,15,16
3,4,6,7,10,11,12,13,14,15,16,17>3,6,8,4,7,11,12,13,14,15,16
3,4,6,7,10,11,12,13,14,15,16,17>3,10,18,4,7,11,12,13,14,15,16
3,4,6,7,10,11,12,13,14,15,16,17>3,17,18,4,7,11,12,13,14,15,16
3,4,6,7,10,11,12,13,14,15,16,17>10,17,18,4,7,11,12,13,14,15,16
3,4,6,7,10,11,12,13,14,15,16,17>6,10,17,4,7,11,12,13,14,15,16
1,2,3,4,5,6,7,9,11,12,16,17,20,21,22>3,18,10,11,2,4,6,7,16,21,22
1,2,3,4,5,6,7,9,11,12,16,17,20,21,22>1,5,8,11,12,13,17,23,2,4,6,7,16,21,22
1,2,3,4,5,6,7,9,11,12,16,17,20,21,22>20,9,10,2,4,6,7,16,21,22
1,2,3,4,5,6,7,9,11,12,16,17,20,21,22>1,9,17,20,23,2,4,6,7,16,21,22
1,2,3,4,5,6,7,9,11,12,16,17,20,21,22>8,9,11,12,13,18,2,4,6,7,16,21,22
1,2,3,4,5,6,7,9,11,12,16,17,20,21,22>1,5,8,9,12,13,18,23,2,4,6,7,16,21,22
