TCR,NFAT,IFN-\beta,IFN-\betaR,IL-18,IL-18R,IRAK,SOCS1,IL-12,IL-12R,STAT4,T-bet,IFN-\gamma,IFN-\gammaR,JAK1,STAT1,IL-4,IL-4R,STAT6,GATA3,IL-10,IL-10R,STAT3
1,3,6,8,9,11,13,14,19,22>1,2,7,9,20,22,13,14
1,3,6,8,9,11,13,14,19,22>2,4,7,9,11,20,23,13,14
1,3,6,8,9,11,13,14,19,22>2,4,7,8,9,19,20,22,13,14
1,3,6,8,9,11,13,14,19,22>1,2,3,4,8,9,19,20,22,13,14
1,3,6,8,9,11,13,14,19,22>2,6,7,9,11,22,23,13,14
1,3,6,8,9,11,13,14,19,22>1,2,6,19,23,13,14
1,3,6,8,9,11,13,14,19,22>2,4,6,9,11,19,23,13,14
1,3,6,8,9,11,13,14,19,22>1,2,3,4,6,7,8,11,23,13,14
1,3,7,8,11,12,13,15,16,17,18,21>4,14,15,18,19,22,8,16,12,13
1,3,7,8,11,12,13,15,16,17,18,21>1,4,15,18,19,8,16,12,13
1,3,7,8,11,12,13,15,16,17,18,21>4,11,15,21,22,8,16,12,13
1,3,7,8,11,12,13,15,16,17,18,21>3,4,11,14,22,8,16,12,13
1,3,7,8,11,12,13,15,16,17,18,21>1,3,4,14,17,19,21,8,16,12,13
1,3,7,8,11,12,13,15,16,17,18,21>7,11,17,18,19,22,8,16,12,13
1,3,7,8,11,12,13,15,16,17,18,21>1,7,11,15,17,22,8,16,12,13
1,3,7,8,11,12,13,15,16,17,18,21>2,3,7,14,15,17,18,22,8,16,12,13
2,4,7,10,12,16,19,21,23>2,4,19,21,22,16,12
2,4,7,10,12,16,19,21,23>2,7,11,19,21,22,23,16,12
2,4,7,10,12,16,19,21,23>2,4,7,19,21,23,16,12
2,4,7,10,12,16,19,21,23>2,4,8,11,19,22,16,12
2,4,7,10,12,16,19,21,23>2,7,8,22,23,16,12
2,4,7,10,12,16,19,21,23>4,10,19,16,12
2,4,7,10,12,16,19,21,23>2,7,10,11,19,23,16,12
2,4,7,10,12,16,19,21,23>4,7,10,11,21,22,16,12
6,7,8,11,12,14,17,18>6,11,13,18,8,12,7
6,7,8,11,12,14,17,18>13,14,18,19,8,12,7
6,7,8,11,12,14,17,18>6,13,14,18,8,12,7
6,7,8,11,12,14,17,18>6,13,17,18,8,12,7
6,7,8,11,12,14,17,18>11,13,17,19,8,12,7
6,7,8,11,12,14,17,18>14,17,18,8,12,7
6,7,8,11,12,14,17,18>11,14,17,8,12,7
6,7,8,11,12,14,17,18>6,13,14,17,19,8,12,7
1,2,3,4,10,12,13,14,15,19,20,22,23>1,8,16,19,21,22,2,4,14,15,23
1,2,3,4,10,12,13,14,15,19,20,22,23>1,8,10,19,21,22,2,4,14,15,23
1,2,3,4,10,12,13,14,15,19,20,22,23>3,8,10,13,16,17,19,2,4,14,15,23
1,2,3,4,10,12,13,14,15,19,20,22,23>1,3,8,10,13,17,21,22,2,4,14,15,23
1,2,3,4,10,12,13,14,15,19,20,22,23>1,8,12,16,17,2,4,14,15,23
1,2,3,4,10,12,13,14,15,19,20,22,23>3,8,12,17,20,21,2,4,14,15,23
1,2,3,4,10,12,13,14,15,19,20,22,23>10,12,17,19,21,22,2,4,14,15,23
1,2,3,4,10,12,13,14,15,19,20,22,23>8,10,12,13,16,19,22,2,4,14,15,23
1,2,3,9,10,13,15,16,17,18,20,21,22,23>15,3,14,2,10,16,18,20,21,22,23
1,2,3,9,10,13,15,16,17,18,20,21,22,23>15,3,19,13,2,10,16,18,20,21,22,23
1,2,3,9,10,13,15,16,17,18,20,21,22,23>15,17,19,4,2,10,16,18,20,21,22,23
1,2,3,9,10,13,15,16,17,18,20,21,22,23>1,3,4,13,2,10,16,18,20,21,22,23
1,2,3,9,10,13,15,16,17,18,20,21,22,23>3,4,8,13,2,10,16,18,20,21,22,23
1,2,3,9,10,13,15,16,17,18,20,21,22,23>3,4,8,14,2,10,16,18,20,21,22,23
1,2,3,9,10,13,15,16,17,18,20,21,22,23>1,8,9,14,15,17,19,2,10,16,18,20,21,22,23
1,2,3,9,10,13,15,16,17,18,20,21,22,23>1,3,4,8,9,2,10,16,18,20,21,22,23
1,3,6,9,10,12,13,14,16,18,21>1,7,11,16,18,19,22,10,12,13,14
1,3,6,9,10,12,13,14,16,18,21>1,2,4,7,9,11,15,16,18,22,10,12,13,14
1,3,6,9,10,12,13,14,16,18,21>1,2,4,8,9,15,18,21,22,10,12,13,14
1,3,6,9,10,12,13,14,16,18,21>1,6,9,11,15,18,21,10,12,13,14
1,3,6,9,10,12,13,14,16,18,21>1,6,15,16,22,10,12,13,14
1,3,6,9,10,12,13,14,16,18,21>2,6,9,11,16,19,10,12,13,14
1,3,6,9,10,12,13,14,16,18,21>3,6,11,15,18,19,21,22,10,12,13,14
1,3,6,9,10,12,13,14,16,18,21>2,3,6,7,15,16,21,22,10,12,13,14
1,2,4,5,7,8,10,15,16,17,18,20,22,23>5,10,17,21,22,2,8,16,20,23
1,2,4,5,7,8,10,15,16,17,18,20,22,23>1,5,10,15,18,19,2,8,16,20,23
1,2,4,5,7,8,10,15,16,17,18,20,22,23>1,6,15,17,18,19,21,22,2,8,16,20,23
1,2,4,5,7,8,10,15,16,17,18,20,22,23>4,5,6,7,15,19,22,2,8,16,20,23
1,2,4,5,7,8,10,15,16,17,18,20,22,23>19,21,22,7,2,8,16,20,23
1,2,4,5,7,8,10,15,16,17,18,20,22,23>1,4,7,10,15,17,22,2,8,16,20,23
1,2,4,5,7,8,10,15,16,17,18,20,22,23>1,4,6,7,10,15,17,21,2,8,16,20,23
1,2,4,5,7,8,10,15,16,17,18,20,22,23>4,5,6,7,17,19,22,2,8,16,20,23
2,3,4,6,7,11,12,13,14,16>2,3,15,4,7,12,13,14,16
2,3,4,6,7,11,12,13,14,16>2,6,4,7,12,13,14,16
2,3,4,6,7,11,12,13,14,16>3,6,15,4,7,12,13,14,16
2,3,4,6,7,11,12,13,14,16>3,8,15,4,7,12,13,14,16
2,3,4,6,7,11,12,13,14,16>2,3,8,4,7,12,13,14,16
2,3,4,6,7,11,12,13,14,16>3,6,8,4,7,12,13,14,16
2,3,4,6,7,11,12,13,14,16>2,8,11,15,4,7,12,13,14,16
2,3,4,6,7,11,12,13,14,16>3,8,11,4,7,12,13,14,16
3,5,7,10,12,16,17,18,19,20,21>4,10,12,17,20,18,19,21
3,5,7,10,12,16,17,18,19,20,21>13,7,10,12,18,19,21
3,5,7,10,12,16,17,18,19,20,21>3,4,5,7,10,17,20,22,18,19,21
3,5,7,10,12,16,17,18,19,20,21>3,4,8,12,13,16,22,18,19,21
3,5,7,10,12,16,17,18,19,20,21>5,8,10,12,13,16,17,22,18,19,21
3,5,7,10,12,16,17,18,19,20,21>3,5,8,10,12,17,20,22,18,19,21
3,5,7,10,12,16,17,18,19,20,21>7,8,10,16,20,18,19,21
3,5,7,10,12,16,17,18,19,20,21>5,7,8,12,17,20,22,18,19,21
1,3,7,10,14,16,22,23>15,2,14,8,23
1,3,7,10,14,16,22,23>3,10,12,14,16,23
1,3,7,10,14,16,22,23>4,14,15,16,22,23
1,3,7,10,14,16,22,23>11,12,14,7,23
1,3,7,10,14,16,22,23>1,3,7,8,10,11,14,16,22,23
1,3,7,10,14,16,22,23>2,3,7,14,22,23
1,3,7,10,14,16,22,23>12,4,7,8,23
1,3,7,10,14,16,22,23>2,4,7,8,10,11,22,23
1,2,3,7,8,11,12,16,17,18,23>3,4,16,17,18,23,8,2,12
1,2,3,7,8,11,12,16,17,18,23>1,3,4,16,19,8,2,12
1,2,3,7,8,11,12,16,17,18,23>3,7,16,17,23,8,2,12
1,2,3,7,8,11,12,16,17,18,23>4,7,16,17,18,19,8,2,12
1,2,3,7,8,11,12,16,17,18,23>1,11,17,19,23,8,2,12
1,2,3,7,8,11,12,16,17,18,23>3,4,11,16,23,8,2,12
1,2,3,7,8,11,12,16,17,18,23>1,7,11,18,19,8,2,12
1,2,3,7,8,11,12,16,17,18,23>1,3,4,7,11,17,18,23,8,2,12
2,3,4,5,7,9,10,13,16,17,23>2,13,14,12,16,10,4
2,3,4,5,7,9,10,13,16,17,23>5,8,9,11,12,17,18,16,10,4
2,3,4,5,7,9,10,13,16,17,23>3,6,11,17,18,23,16,10,4
2,3,4,5,7,9,10,13,16,17,23>2,5,6,8,9,23,16,10,4
2,3,4,5,7,9,10,13,16,17,23>2,7,8,9,12,17,18,23,16,10,4
2,3,4,5,7,9,10,13,16,17,23>2,3,5,7,8,12,18,23,16,10,4
2,3,4,5,7,9,10,13,16,17,23>2,6,7,8,9,17,16,10,4
2,3,4,5,7,9,10,13,16,17,23>2,3,5,6,7,8,12,17,18,16,10,4
2,7,8,9,10,14,15,16,20,21,22,23>2,7,8,10,16,20,21,22,23
2,7,8,9,10,14,15,16,20,21,22,23>2,9,8,10,16,20,21,22,23
2,7,8,9,10,14,15,16,20,21,22,23>7,9,8,10,16,20,21,22,23
2,7,8,9,10,14,15,16,20,21,22,23>2,14,8,10,16,20,21,22,23
2,7,8,9,10,14,15,16,20,21,22,23>7,14,8,10,16,20,21,22,23
2,7,8,9,10,14,15,16,20,21,22,23>2,15,8,10,16,20,21,22,23
2,7,8,9,10,14,15,16,20,21,22,23>7,15,8,10,16,20,21,22,23
2,7,8,9,10,14,15,16,20,21,22,23>9,15,8,10,16,20,21,22,23
3,5,6,7,8,9,12,13,15,16,17,18,19,21,23>4,5,14,21,23,7,8,12,16,19
3,5,6,7,8,9,12,13,15,16,17,18,19,21,23>4,5,6,9,14,18,22,7,8,12,16,19
3,5,6,7,8,9,12,13,15,16,17,18,19,21,23>3,4,6,13,14,15,17,21,22,7,8,12,16,19
3,5,6,7,8,9,12,13,15,16,17,18,19,21,23>4,9,14,15,17,18,23,7,8,12,16,19
3,5,6,7,8,9,12,13,15,16,17,18,19,21,23>3,4,9,18,21,23,7,8,12,16,19
3,5,6,7,8,9,12,13,15,16,17,18,19,21,23>4,5,9,13,14,18,22,23,7,8,12,16,19
3,5,6,7,8,9,12,13,15,16,17,18,19,21,23>5,6,9,13,14,15,17,21,7,8,12,16,19
3,5,6,7,8,9,12,13,15,16,17,18,19,21,23>4,5,6,9,13,14,15,23,7,8,12,16,19
2,3,5,6,11,12,16,17,19,20,22>4,12,13,19,20
2,3,5,6,11,12,16,17,19,20,22>2,3,4,12,19,21,22
2,3,5,6,11,12,16,17,19,20,22>3,5,11,13,17,18,23
2,3,5,6,11,12,16,17,19,20,22>2,3,4,5,8,12,16,17,18,19,23
2,3,5,6,11,12,16,17,19,20,22>2,3,4,5,11,20,21,23
2,3,5,6,11,12,16,17,19,20,22>4,6,7,11,13,16,19,20,22,23
2,3,5,6,11,12,16,17,19,20,22>5,6,11,18,19,20
2,3,5,6,11,12,16,17,19,20,22>4,5,6,12,17,18,20
1,3,5,11,13,15,17,19,21,23>1,2,11,13,17,18,19,20,22
1,3,5,11,13,15,17,19,21,23>3,11,15,16,19,22
1,3,5,11,13,15,17,19,21,23>4,11,13,14,16,19,20,21,22
1,3,5,11,13,15,17,19,21,23>1,4,11,15,16,17,18,20,21,22
1,3,5,11,13,15,17,19,21,23>1,2,4,11,15,16,18,19,20,21,22,23
1,3,5,11,13,15,17,19,21,23>3,5,11,13,14,15,22,23
1,3,5,11,13,15,17,19,21,23>2,4,5,11,13,16,18,19,20,23
1,3,5,11,13,15,17,19,21,23>1,2,3,4,5,11,14,19,20,21
1,3,7,8,13,16,17,19,21,23>16,19,12,13,8
1,3,7,8,13,16,17,19,21,23>1,3,4,7,12,17,20,21,22,8
1,3,7,8,13,16,17,19,21,23>1,4,13,14,17,19,20,21,23,8
1,3,7,8,13,16,17,19,21,23>1,2,3,4,16,19,20,21,23,8
1,3,7,8,13,16,17,19,21,23>1,7,19,20,21,22,8
1,3,7,8,13,16,17,19,21,23>1,2,3,7,13,14,19,23,8
1,3,7,8,13,16,17,19,21,23>1,2,4,7,12,17,20,8
1,3,7,8,13,16,17,19,21,23>1,3,4,7,13,14,16,17,19,20,21,8
1,2,7,9,11,13,15,17,19,23>1,14,16,17,19,2
1,2,7,9,11,13,15,17,19,23>7,14,15,16,18,20,2
1,2,7,9,11,13,15,17,19,23>9,14,15,17,18,2
1,2,7,9,11,13,15,17,19,23>1,7,11,14,16,19,23,2
1,2,7,9,11,13,15,17,19,23>13,15,16,18,19,20,23,2
1,2,7,9,11,13,15,17,19,23>1,9,13,14,15,17,2
1,2,7,9,11,13,15,17,19,23>7,9,13,14,16,19,20,2
1,2,7,9,11,13,15,17,19,23>7,9,11,13,14,16,17,19,23,2
3,6,10,12,14,16,20,21,23>3,4,6,7,10,12,15,16,23,21
3,6,10,12,14,16,20,21,23>8,12,14,15,20,22,21
3,6,10,12,14,16,20,21,23>3,8,15,22,23,21
3,6,10,12,14,16,20,21,23>3,4,8,15,16,22,21
3,6,10,12,14,16,20,21,23>3,6,8,10,16,23,21
3,6,10,12,14,16,20,21,23>3,7,8,12,22,21
3,6,10,12,14,16,20,21,23>4,7,8,10,12,22,21
3,6,10,12,14,16,20,21,23>6,7,8,15,20,22,21
7,8,9,11,12,14,20,22,23>7,9,11,17,20,22,8,23
7,8,9,11,12,14,20,22,23>10,11,14,20,21,8,23
7,8,9,11,12,14,20,22,23>9,10,11,21,22,8,23
7,8,9,11,12,14,20,22,23>21,9,22,12,8,23
7,8,9,11,12,14,20,22,23>20,7,9,12,8,23
7,8,9,11,12,14,20,22,23>9,10,12,14,8,23
7,8,9,11,12,14,20,22,23>11,12,14,20,21,22,8,23
7,8,9,11,12,14,20,22,23>9,10,11,12,17,22,8,23
2,5,6,7,9,12,15,17,19,23>17,5,19,16,12,7
2,5,6,7,9,12,15,17,19,23>17,2,6,12,7
2,5,6,7,9,12,15,17,19,23>8,15,16,12,7
2,5,6,7,9,12,15,17,19,23>2,5,8,15,17,18,12,7
2,5,6,7,9,12,15,17,19,23>2,5,6,8,16,19,12,7
2,5,6,7,9,12,15,17,19,23>5,9,15,17,18,19,12,7
2,5,6,7,9,12,15,17,19,23>18,5,6,9,12,7
2,5,6,7,9,12,15,17,19,23>8,9,16,17,18,19,23,12,7
1,2,5,6,7,8,9,12,13,15,17,20,21,23>9,13,14,15,20,23,2,6,7,8,17,21
1,2,5,6,7,8,9,12,13,15,17,20,21,23>1,9,14,15,16,20,22,2,6,7,8,17,21
1,2,5,6,7,8,9,12,13,15,17,20,21,23>20,12,13,14,2,6,7,8,17,21
1,2,5,6,7,8,9,12,13,15,17,20,21,23>1,23,12,13,2,6,7,8,17,21
1,2,5,6,7,8,9,12,13,15,17,20,21,23>1,9,12,16,20,22,2,6,7,8,17,21
1,2,5,6,7,8,9,12,13,15,17,20,21,23>5,10,12,13,15,22,2,6,7,8,17,21
1,2,5,6,7,8,9,12,13,15,17,20,21,23>1,5,10,12,15,23,2,6,7,8,17,21
1,2,5,6,7,8,9,12,13,15,17,20,21,23>1,5,9,10,12,14,15,22,2,6,7,8,17,21
2,3,4,5,6,7,12,13,14,16,17,18,19,21,23>2,3,13,15,21,23,4,7,12,14,16,18,19
2,3,4,5,6,7,12,13,14,16,17,18,19,21,23>17,6,15,4,7,12,14,16,18,19
2,3,4,5,6,7,12,13,14,16,17,18,19,21,23>2,6,13,15,21,22,4,7,12,14,16,18,19
2,3,4,5,6,7,12,13,14,16,17,18,19,21,23>3,22,6,13,4,7,12,14,16,18,19
2,3,4,5,6,7,12,13,14,16,17,18,19,21,23>2,3,5,8,23,4,7,12,14,16,18,19
2,3,4,5,6,7,12,13,14,16,17,18,19,21,23>17,5,8,13,4,7,12,14,16,18,19
2,3,4,5,6,7,12,13,14,16,17,18,19,21,23>2,3,5,8,13,21,22,4,7,12,14,16,18,19
2,3,4,5,6,7,12,13,14,16,17,18,19,21,23>2,3,6,8,21,22,4,7,12,14,16,18,19
1,4,5,7,8,9,10,11,15,18,21,22>1,2,7,16,18,19,10,11,22
1,4,5,7,8,9,10,11,15,18,21,22>5,7,9,13,18,19,23,10,11,22
1,4,5,7,8,9,10,11,15,18,21,22>1,5,8,9,13,21,23,10,11,22
1,4,5,7,8,9,10,11,15,18,21,22>1,2,4,5,9,15,21,10,11,22
1,4,5,7,8,9,10,11,15,18,21,22>2,4,6,13,15,16,21,10,11,22
1,4,5,7,8,9,10,11,15,18,21,22>1,2,4,6,9,13,15,23,10,11,22
1,4,5,7,8,9,10,11,15,18,21,22>2,4,6,7,8,13,15,16,18,19,23,10,11,22
1,4,5,7,8,9,10,11,15,18,21,22>2,5,6,8,16,18,19,21,10,11,22
1,2,3,4,5,7,8,9,10,12,14,15,20,21>1,9,12,16,20,2,4,8,10,21
1,2,3,4,5,7,8,9,10,12,14,15,20,21>3,9,12,13,15,17,22,2,4,8,10,21
1,2,3,4,5,7,8,9,10,12,14,15,20,21>3,5,9,14,15,17,2,4,8,10,21
1,2,3,4,5,7,8,9,10,12,14,15,20,21>3,6,12,13,16,22,2,4,8,10,21
1,2,3,4,5,7,8,9,10,12,14,15,20,21>1,7,12,15,16,17,2,4,8,10,21
1,2,3,4,5,7,8,9,10,12,14,15,20,21>3,7,12,14,16,20,2,4,8,10,21
1,2,3,4,5,7,8,9,10,12,14,15,20,21>3,7,13,15,16,17,20,22,2,4,8,10,21
1,2,3,4,5,7,8,9,10,12,14,15,20,21>6,7,13,16,17,20,22,2,4,8,10,21
1,2,5,10,11,14,16,17,18,20,21,22>1,5,11,13,14,15,16,19,23,2,18,20,21,22
1,2,5,10,11,14,16,17,18,20,21,22>14,5,6,11,2,18,20,21,22
1,2,5,10,11,14,16,17,18,20,21,22>6,8,11,13,16,19,23,2,18,20,21,22
1,2,5,10,11,14,16,17,18,20,21,22>10,11,13,15,16,17,23,2,18,20,21,22
1,2,5,10,11,14,16,17,18,20,21,22>6,10,11,14,15,16,17,23,2,18,20,21,22
1,2,5,10,11,14,16,17,18,20,21,22>1,5,6,10,13,14,15,16,2,18,20,21,22
1,2,5,10,11,14,16,17,18,20,21,22>6,8,10,11,13,15,16,23,2,18,20,21,22
1,2,5,10,11,14,16,17,18,20,21,22>1,5,6,8,10,13,15,16,17,19,23,2,18,20,21,22
1,5,8,11,12,13,20>1,2,14,17,20,8,13
1,5,8,11,12,13,20>17,21,5,12,8,13
1,5,8,11,12,13,20>20,6,12,14,8,13
1,5,8,11,12,13,20>17,6,12,14,8,13
1,5,8,11,12,13,20>2,6,14,17,20,21,8,13
1,5,8,11,12,13,20>11,12,14,17,20,21,8,13
1,5,8,11,12,13,20>2,5,11,14,17,20,8,13
1,5,8,11,12,13,20>1,2,6,11,12,17,20,21,8,13
1,2,3,6,9,10,14,18,20>15,18,21,13,2,10,20
1,2,3,6,9,10,14,18,20>14,3,21,2,10,20
1,2,3,6,9,10,14,18,20>1,3,17,13,2,10,20
1,2,3,6,9,10,14,18,20>1,4,13,15,18,19,2,10,20
1,2,3,6,9,10,14,18,20>1,7,14,18,21,2,10,20
1,2,3,6,9,10,14,18,20>1,6,7,9,17,19,2,10,20
1,2,3,6,9,10,14,18,20>3,6,7,13,14,15,17,19,2,10,20
1,2,3,6,9,10,14,18,20>1,3,6,7,9,13,19,2,10,20
1,3,8,10,13,15,18,20,21,23>1,2,18,22,20,21
1,3,8,10,13,15,18,20,21,23>1,4,13,14,15,17,19,22,20,21
1,3,8,10,13,15,18,20,21,23>2,4,13,15,19,20,21
1,3,8,10,13,15,18,20,21,23>1,2,4,17,22,23,20,21
1,3,8,10,13,15,18,20,21,23>3,4,13,18,23,20,21
1,3,8,10,13,15,18,20,21,23>2,3,8,15,16,17,18,19,22,20,21
1,3,8,10,13,15,18,20,21,23>1,2,3,8,10,14,15,16,17,19,20,21
1,3,8,10,13,15,18,20,21,23>1,4,8,13,16,19,22,23,20,21
1,2,3,5,7,8,10,11,12,13,15,21,22>1,3,7,10,16,23,2,8,11,12,13,22
1,2,3,5,7,8,10,11,12,13,15,21,22>1,3,4,15,16,23,2,8,11,12,13,22
1,2,3,5,7,8,10,11,12,13,15,21,22>14,3,16,5,2,8,11,12,13,22
1,2,3,5,7,8,10,11,12,13,15,21,22>1,3,5,10,16,21,23,2,8,11,12,13,22
1,2,3,5,7,8,10,11,12,13,15,21,22>1,3,5,10,15,2,8,11,12,13,22
1,2,3,5,7,8,10,11,12,13,15,21,22>1,4,5,10,14,16,23,2,8,11,12,13,22
1,2,3,5,7,8,10,11,12,13,15,21,22>1,6,10,14,15,16,21,23,2,8,11,12,13,22
1,2,3,5,7,8,10,11,12,13,15,21,22>14,21,5,6,2,8,11,12,13,22
2,4,7,9,11,12,13,14,15,22>16,22,10,11,12,13,14,15
2,4,7,9,11,12,13,14,15,22>2,4,10,16,23,12,13,14,15
2,4,7,9,11,12,13,14,15,22>16,22,7,11,12,13,14,15
2,4,7,9,11,12,13,14,15,22>2,4,7,11,22,23,12,13,14,15
2,4,7,9,11,12,13,14,15,22>4,7,8,10,22,23,12,13,14,15
2,4,7,9,11,12,13,14,15,22>22,4,9,10,12,13,14,15
2,4,7,9,11,12,13,14,15,22>2,7,9,10,12,13,14,15
2,4,7,9,11,12,13,14,15,22>4,8,9,10,16,23,12,13,14,15
1,2,3,4,5,10,17,18,19,21,22>1,10,16,20,21,2,4,18,19,22
1,2,3,4,5,10,17,18,19,21,22>5,10,13,16,20,21,23,2,4,18,19,22
1,2,3,4,5,10,17,18,19,21,22>1,11,13,16,17,21,23,2,4,18,19,22
1,2,3,4,5,10,17,18,19,21,22>1,11,13,20,23,2,4,18,19,22
1,2,3,4,5,10,17,18,19,21,22>5,11,13,16,17,20,23,2,4,18,19,22
1,2,3,4,5,10,17,18,19,21,22>3,5,11,16,20,23,2,4,18,19,22
1,2,3,4,5,10,17,18,19,21,22>1,5,10,11,20,21,23,2,4,18,19,22
1,2,3,4,5,10,17,18,19,21,22>1,3,5,10,11,16,21,2,4,18,19,22
2,4,11,12,13,14,16,17,19,21,22,23>19,21,15,17,12,14,16,22,23
2,4,11,12,13,14,16,17,19,21,22,23>2,4,11,15,17,21,12,14,16,22,23
2,4,11,12,13,14,16,17,19,21,22,23>2,4,11,15,18,21,12,14,16,22,23
2,4,11,12,13,14,16,17,19,21,22,23>2,4,13,17,18,21,12,14,16,22,23
2,4,11,12,13,14,16,17,19,21,22,23>2,4,8,13,15,12,14,16,22,23
2,4,11,12,13,14,16,17,19,21,22,23>4,8,13,18,21,12,14,16,22,23
2,4,11,12,13,14,16,17,19,21,22,23>2,4,8,13,17,18,12,14,16,22,23
2,4,11,12,13,14,16,17,19,21,22,23>2,8,11,13,15,12,14,16,22,23
1,2,3,5,8,9,10,11,14,19,20,21>1,10,13,17,19,22,2,20,21
1,2,3,5,8,9,10,11,14,19,20,21>1,4,9,11,14,17,22,2,20,21
1,2,3,5,8,9,10,11,14,19,20,21>3,4,10,13,17,2,20,21
1,2,3,5,8,9,10,11,14,19,20,21>5,9,10,13,14,19,22,2,20,21
1,2,3,5,8,9,10,11,14,19,20,21>4,5,9,10,14,2,20,21
1,2,3,5,8,9,10,11,14,19,20,21>11,13,4,8,2,20,21
1,2,3,5,8,9,10,11,14,19,20,21>1,4,8,9,10,14,17,19,22,2,20,21
1,2,3,5,8,9,10,11,14,19,20,21>1,3,4,5,8,10,11,19,2,20,21
3,5,8,9,10,12,14,15,16,17,19,20,21>4,12,13,14,17,19,20,22,8,16,21
3,5,8,9,10,12,14,15,16,17,19,20,21>3,4,5,15,17,22,8,16,21
3,5,8,9,10,12,14,15,16,17,19,20,21>4,9,12,13,15,19,22,8,16,21
3,5,8,9,10,12,14,15,16,17,19,20,21>5,9,13,14,17,20,8,16,21
3,5,8,9,10,12,14,15,16,17,19,20,21>10,14,17,20,22,8,16,21
3,5,8,9,10,12,14,15,16,17,19,20,21>3,10,12,13,14,17,19,20,8,16,21
3,5,8,9,10,12,14,15,16,17,19,20,21>3,5,10,12,19,20,8,16,21
3,5,8,9,10,12,14,15,16,17,19,20,21>3,4,5,9,10,12,22,8,16,21
1,2,4,6,7,8,9,10,11,12,17,18,21>1,16,17,18,21,2,7,8,10,11,12
1,2,4,6,7,8,9,10,11,12,17,18,21>19,4,16,17,2,7,8,10,11,12
1,2,4,6,7,8,9,10,11,12,17,18,21>1,21,9,2,7,8,10,11,12
1,2,4,6,7,8,9,10,11,12,17,18,21>6,9,16,19,21,2,7,8,10,11,12
1,2,4,6,7,8,9,10,11,12,17,18,21>1,13,16,21,22,2,7,8,10,11,12
1,2,4,6,7,8,9,10,11,12,17,18,21>1,4,13,18,21,2,7,8,10,11,12
1,2,4,6,7,8,9,10,11,12,17,18,21>21,6,13,16,2,7,8,10,11,12
1,2,4,6,7,8,9,10,11,12,17,18,21>4,9,13,17,21,22,2,7,8,10,11,12
2,3,5,6,7,8,9,10,13,14,15,19,20,21,22>2,5,9,17,19,7,13,14,20,21,22
2,3,5,6,7,8,9,10,13,14,15,19,20,21,22>2,5,9,15,17,23,7,13,14,20,21,22
2,3,5,6,7,8,9,10,13,14,15,19,20,21,22>2,3,5,10,16,17,7,13,14,20,21,22
2,3,5,6,7,8,9,10,13,14,15,19,20,21,22>6,9,10,15,23,7,13,14,20,21,22
2,3,5,6,7,8,9,10,13,14,15,19,20,21,22>2,4,6,8,9,15,16,19,23,7,13,14,20,21,22
2,3,5,6,7,8,9,10,13,14,15,19,20,21,22>3,5,6,8,9,17,23,7,13,14,20,21,22
2,3,5,6,7,8,9,10,13,14,15,19,20,21,22>3,4,5,6,8,9,10,16,17,19,7,13,14,20,21,22
2,3,5,6,7,8,9,10,13,14,15,19,20,21,22>2,3,4,5,6,19,23,7,13,14,20,21,22
2,3,4,6,7,11,12,13,15,17,19,20,21,22,23>15,16,19,20,4,7,17,21,22,23
2,3,4,6,7,11,12,13,15,17,19,20,21,22,23>2,13,14,15,16,18,4,7,17,21,22,23
2,3,4,6,7,11,12,13,15,17,19,20,21,22,23>14,2,6,20,4,7,17,21,22,23
2,3,4,6,7,11,12,13,15,17,19,20,21,22,23>3,6,8,12,13,14,15,16,20,4,7,17,21,22,23
2,3,4,6,7,11,12,13,15,17,19,20,21,22,23>3,6,8,12,15,19,20,4,7,17,21,22,23
2,3,4,6,7,11,12,13,15,17,19,20,21,22,23>2,11,13,15,16,18,19,4,7,17,21,22,23
2,3,4,6,7,11,12,13,15,17,19,20,21,22,23>2,8,11,19,20,4,7,17,21,22,23
2,3,4,6,7,11,12,13,15,17,19,20,21,22,23>2,6,8,11,13,15,20,4,7,17,21,22,23
1,2,4,5,6,8,10,12,16,18,19,20,23>1,4,10,12,18,21,8,16,2,19
1,2,4,5,6,8,10,12,16,18,19,20,23>18,20,5,23,8,16,2,19
1,2,4,5,6,8,10,12,16,18,19,20,23>1,4,12,18,21,23,8,16,2,19
1,2,4,5,6,8,10,12,16,18,19,20,23>4,5,10,21,23,8,16,2,19
1,2,4,5,6,8,10,12,16,18,19,20,23>6,10,12,18,21,8,16,2,19
1,2,4,5,6,8,10,12,16,18,19,20,23>1,6,12,20,23,8,16,2,19
1,2,4,5,6,8,10,12,16,18,19,20,23>18,4,21,7,8,16,2,19
1,2,4,5,6,8,10,12,16,18,19,20,23>4,6,7,10,18,20,8,16,2,19
1,2,4,7,9,11,17,18>1,4,11,13,16,17,19,2,18
1,2,4,7,9,11,17,18>1,4,7,11,13,17,2,18
1,2,4,7,9,11,17,18>1,9,11,13,16,19,2,18
1,2,4,7,9,11,17,18>4,19,9,13,2,18
1,2,4,7,9,11,17,18>4,19,9,11,2,18
1,2,4,7,9,11,17,18>1,7,9,13,17,2,18
1,2,4,7,9,11,17,18>1,4,10,16,19,2,18
1,2,4,7,9,11,17,18>1,7,9,10,19,2,18
1,2,4,5,7,9,11,15,16,18,19,20,22>5,11,15,18,22,23,16,2,19,20
1,2,4,5,7,9,11,15,16,18,19,20,22>1,4,5,11,15,16,2,19,20
1,2,4,5,7,9,11,15,16,18,19,20,22>4,7,9,15,21,22,23,16,2,19,20
1,2,4,5,7,9,11,15,16,18,19,20,22>8,9,11,13,22,16,2,19,20
1,2,4,5,7,9,11,15,16,18,19,20,22>1,5,8,15,18,21,22,23,16,2,19,20
1,2,4,5,7,9,11,15,16,18,19,20,22>4,5,8,9,15,18,21,22,23,16,2,19,20
1,2,4,5,7,9,11,15,16,18,19,20,22>5,7,8,9,11,13,15,18,23,16,2,19,20
1,2,4,5,7,9,11,15,16,18,19,20,22>1,5,7,8,9,11,15,21,22,16,2,19,20
2,5,8,9,10,13,15,16,19,21,22,23>2,12,13,14,15,19,21,8,16,22,23
2,5,8,9,10,13,15,16,19,21,22,23>14,5,21,8,16,22,23
2,5,8,9,10,13,15,16,19,21,22,23>2,20,21,13,8,16,22,23
2,5,8,9,10,13,15,16,19,21,22,23>2,9,13,19,20,8,16,22,23
2,5,8,9,10,13,15,16,19,21,22,23>2,11,12,14,15,21,8,16,22,23
2,5,8,9,10,13,15,16,19,21,22,23>9,11,12,19,20,21,8,16,22,23
2,5,8,9,10,13,15,16,19,21,22,23>2,5,9,11,12,13,14,15,8,16,22,23
2,5,8,9,10,13,15,16,19,21,22,23>10,11,12,19,20,8,16,22,23
1,2,3,5,9,11,12,13,16,17,18,19,20,22>1,4,9,14,16,21,22,23,19,2,18,13
1,2,3,5,9,11,12,13,16,17,18,19,20,22>1,4,9,11,14,16,17,20,21,23,19,2,18,13
1,2,3,5,9,11,12,13,16,17,18,19,20,22>1,3,4,14,16,21,23,19,2,18,13
1,2,3,5,9,11,12,13,16,17,18,19,20,22>4,5,9,12,16,17,22,19,2,18,13
1,2,3,5,9,11,12,13,16,17,18,19,20,22>1,4,5,9,14,16,17,23,19,2,18,13
1,2,3,5,9,11,12,13,16,17,18,19,20,22>3,4,5,11,12,14,17,20,22,23,19,2,18,13
1,2,3,5,9,11,12,13,16,17,18,19,20,22>5,8,11,12,16,19,2,18,13
1,2,3,5,9,11,12,13,16,17,18,19,20,22>1,3,4,5,8,11,16,22,23,19,2,18,13
1,4,7,9,10,11,15,19,22>1,10,15,16,19,20,23,11
1,4,7,9,10,11,15,19,22>1,2,22,10,11
1,4,7,9,10,11,15,19,22>4,10,19,22,23,11
1,4,7,9,10,11,15,19,22>1,4,7,13,15,16,19,20,23,11
1,4,7,9,10,11,15,19,22>15,1,9,16,11
1,4,7,9,10,11,15,19,22>1,2,4,9,13,11
1,4,7,9,10,11,15,19,22>2,7,9,10,13,16,19,20,22,23,11
1,4,7,9,10,11,15,19,22>1,2,4,7,9,10,16,23,11
1,2,3,4,5,8,9,10,12,13,15,17,19,20,21,22>5,9,10,14,16,19,2,4,8,13,17,21,22
1,2,3,4,5,8,9,10,12,13,15,17,19,20,21,22>1,19,9,2,4,8,13,17,21,22
1,2,3,4,5,8,9,10,12,13,15,17,19,20,21,22>3,9,12,14,15,23,2,4,8,13,17,21,22
1,2,3,4,5,8,9,10,12,13,15,17,19,20,21,22>1,10,12,14,16,2,4,8,13,17,21,22
1,2,3,4,5,8,9,10,12,13,15,17,19,20,21,22>1,3,10,12,14,15,19,20,23,2,4,8,13,17,21,22
1,2,3,4,5,8,9,10,12,13,15,17,19,20,21,22>9,10,12,14,16,19,20,2,4,8,13,17,21,22
1,2,3,4,5,8,9,10,12,13,15,17,19,20,21,22>5,9,10,16,23,2,4,8,13,17,21,22
1,2,3,4,5,8,9,10,12,13,15,17,19,20,21,22>1,5,9,10,14,2,4,8,13,17,21,22
1,2,3,7,8,13,16,17,21,22,23>17,21,7,14,8,2,22,23
1,2,3,7,8,13,16,17,21,22,23>4,7,13,14,16,21,8,2,22,23
1,2,3,7,8,13,16,17,21,22,23>3,4,7,14,16,17,8,2,22,23
1,2,3,7,8,13,16,17,21,22,23>1,3,4,7,16,17,21,8,2,22,23
1,2,3,7,8,13,16,17,21,22,23>3,4,7,13,16,17,21,8,2,22,23
1,2,3,7,8,13,16,17,21,22,23>3,12,13,14,17,8,2,22,23
1,2,3,7,8,13,16,17,21,22,23>16,1,4,12,8,2,22,23
1,2,3,7,8,13,16,17,21,22,23>1,3,7,12,16,8,2,22,23
1,4,5,8,9,10,11,12,15,18,19,20,21,23>1,2,12,15,17,22,8,19,21
1,4,5,8,9,10,11,12,15,18,19,20,21,23>5,10,11,16,17,22,8,19,21
1,4,5,8,9,10,11,12,15,18,19,20,21,23>2,4,5,17,18,23,8,19,21
1,4,5,8,9,10,11,12,15,18,19,20,21,23>1,2,4,5,10,12,15,20,22,23,8,19,21
1,4,5,8,9,10,11,12,15,18,19,20,21,23>1,5,9,10,16,17,18,20,8,19,21
1,4,5,8,9,10,11,12,15,18,19,20,21,23>1,2,5,9,11,15,23,8,19,21
1,4,5,8,9,10,11,12,15,18,19,20,21,23>1,4,5,9,12,16,23,8,19,21
1,4,5,8,9,10,11,12,15,18,19,20,21,23>2,4,5,9,10,11,20,22,8,19,21
3,4,7,10,11,14,15,17,19,20,23>3,10,18,21,23,17,4,20,15
3,4,7,10,11,14,15,17,19,20,23>3,7,10,16,21,17,4,20,15
3,4,7,10,11,14,15,17,19,20,23>7,11,16,18,19,21,17,4,20,15
3,4,7,10,11,14,15,17,19,20,23>3,7,11,16,19,23,17,4,20,15
3,4,7,10,11,14,15,17,19,20,23>7,11,16,18,21,23,17,4,20,15
3,4,7,10,11,14,15,17,19,20,23>3,7,10,11,16,18,17,4,20,15
3,4,7,10,11,14,15,17,19,20,23>19,7,14,16,17,4,20,15
3,4,7,10,11,14,15,17,19,20,23>3,7,14,18,19,17,4,20,15
2,5,7,8,10,13,14,15,16,17,19,20,21>22,7,17,19,8,13,14,16,20,21
2,5,7,8,10,13,14,15,16,17,19,20,21>2,10,17,19,8,13,14,16,20,21
2,5,7,8,10,13,14,15,16,17,19,20,21>2,5,10,17,22,8,13,14,16,20,21
2,5,7,8,10,13,14,15,16,17,19,20,21>22,2,15,17,8,13,14,16,20,21
2,5,7,8,10,13,14,15,16,17,19,20,21>2,7,15,19,8,13,14,16,20,21
2,5,7,8,10,13,14,15,16,17,19,20,21>10,15,17,8,13,14,16,20,21
2,5,7,8,10,13,14,15,16,17,19,20,21>22,7,10,15,8,13,14,16,20,21
2,5,7,8,10,13,14,15,16,17,19,20,21>2,5,7,10,15,8,13,14,16,20,21
1,2,3,4,6,8,9,10,11,12,13,16,18,19,23>14,18,3,23,2,4,8,11,12,16,19
1,2,3,4,6,8,9,10,11,12,13,16,18,19,23>14,18,3,13,2,4,8,11,12,16,19
1,2,3,4,6,8,9,10,11,12,13,16,18,19,23>6,10,13,14,18,23,2,4,8,11,12,16,19
1,2,3,4,6,8,9,10,11,12,13,16,18,19,23>1,6,14,18,23,2,4,8,11,12,16,19
1,2,3,4,6,8,9,10,11,12,13,16,18,19,23>1,3,6,10,13,2,4,8,11,12,16,19
1,2,3,4,6,8,9,10,11,12,13,16,18,19,23>3,7,10,2,4,8,11,12,16,19
1,2,3,4,6,8,9,10,11,12,13,16,18,19,23>1,3,6,9,10,14,18,2,4,8,11,12,16,19
1,2,3,4,6,8,9,10,11,12,13,16,18,19,23>1,3,6,7,9,13,18,2,4,8,11,12,16,19
1,2,4,7,8,9,10,11,12,13,14>1,4,2,8,10,11,12,13,14
1,2,4,7,8,9,10,11,12,13,14>1,7,2,8,10,11,12,13,14
1,2,4,7,8,9,10,11,12,13,14>1,9,2,8,10,11,12,13,14
1,2,4,7,8,9,10,11,12,13,14>4,9,2,8,10,11,12,13,14
1,2,4,7,8,9,10,11,12,13,14>7,9,2,8,10,11,12,13,14
1,2,4,7,8,9,10,11,12,13,14>4,16,2,8,10,11,12,13,14
1,2,4,7,8,9,10,11,12,13,14>7,16,2,8,10,11,12,13,14
1,2,4,7,8,9,10,11,12,13,14>9,16,2,8,10,11,12,13,14
3,5,8,9,10,12,13,14,15,16,17,21,23>15,4,21,11,8,10,12,14,16
3,5,8,9,10,12,13,14,15,16,17,21,23>17,5,23,11,8,10,12,14,16
3,5,8,9,10,12,13,14,15,16,17,21,23>3,9,15,17,23,8,10,12,14,16
3,5,8,9,10,12,13,14,15,16,17,21,23>3,5,9,13,15,21,22,8,10,12,14,16
3,5,8,9,10,12,13,14,15,16,17,21,23>4,5,9,17,21,23,8,10,12,14,16
3,5,8,9,10,12,13,14,15,16,17,21,23>3,5,9,11,13,15,8,10,12,14,16
3,5,8,9,10,12,13,14,15,16,17,21,23>3,4,6,9,11,21,22,8,10,12,14,16
3,5,8,9,10,12,13,14,15,16,17,21,23>3,5,6,9,11,13,21,22,23,8,10,12,14,16
1,2,4,5,6,8,9,10,11,12,14,15,17,20,21,22,23>4,14,15,16,20,2,6,8,10,17,21,22,23
1,2,4,5,6,8,9,10,11,12,14,15,17,20,21,22,23>1,5,12,15,16,2,6,8,10,17,21,22,23
1,2,4,5,6,8,9,10,11,12,14,15,17,20,21,22,23>4,5,14,15,16,2,6,8,10,17,21,22,23
1,2,4,5,6,8,9,10,11,12,14,15,17,20,21,22,23>4,5,7,14,15,2,6,8,10,17,21,22,23
1,2,4,5,6,8,9,10,11,12,14,15,17,20,21,22,23>9,11,12,15,20,2,6,8,10,17,21,22,23
1,2,4,5,6,8,9,10,11,12,14,15,17,20,21,22,23>4,9,11,12,16,2,6,8,10,17,21,22,23
1,2,4,5,6,8,9,10,11,12,14,15,17,20,21,22,23>1,5,9,14,15,2,6,8,10,17,21,22,23
1,2,4,5,6,8,9,10,11,12,14,15,17,20,21,22,23>5,7,9,2,6,8,10,17,21,22,23
3,5,6,7,8,11,12,14,17,18,23>4,5,17,19,23,8,12,6,7
3,5,6,7,8,11,12,14,17,18,23>19,3,11,17,8,12,6,7
3,5,6,7,8,11,12,14,17,18,23>5,11,17,18,19,8,12,6,7
3,5,6,7,8,11,12,14,17,18,23>19,23,5,11,8,12,6,7
3,5,6,7,8,11,12,14,17,18,23>19,3,14,17,8,12,6,7
3,5,6,7,8,11,12,14,17,18,23>3,14,23,8,12,6,7
3,5,6,7,8,11,12,14,17,18,23>4,11,14,17,19,8,12,6,7
3,5,6,7,8,11,12,14,17,18,23>5,11,14,17,18,8,12,6,7
1,2,3,6,8,9,11,12,14,15,16,18,19,20>3,9,11,12,13,14,21,8,16,2,19
1,2,3,6,8,9,11,12,14,15,16,18,19,20>1,4,11,13,14,18,21,8,16,2,19
1,2,3,6,8,9,11,12,14,15,16,18,19,20>3,4,9,11,13,14,15,20,8,16,2,19
1,2,3,6,8,9,11,12,14,15,16,18,19,20>1,6,11,12,13,14,15,21,8,16,2,19
1,2,3,6,8,9,11,12,14,15,16,18,19,20>1,3,4,6,9,20,8,16,2,19
1,2,3,6,8,9,11,12,14,15,16,18,19,20>1,3,7,12,13,15,8,16,2,19
1,2,3,6,8,9,11,12,14,15,16,18,19,20>3,4,7,9,11,12,13,14,15,18,8,16,2,19
1,2,3,6,8,9,11,12,14,15,16,18,19,20>1,6,7,9,13,14,15,20,21,8,16,2,19
1,5,6,7,9,10,13,16,17,18,19,21>5,11,14,16,20,21,22,18,19,13,7
1,5,6,7,9,10,13,16,17,18,19,21>2,6,9,11,16,18,19,13,7
1,5,6,7,9,10,13,16,17,18,19,21>1,2,6,9,12,16,21,22,18,19,13,7
1,5,6,7,9,10,13,16,17,18,19,21>2,8,10,11,14,21,22,18,19,13,7
1,5,6,7,9,10,13,16,17,18,19,21>5,8,9,12,14,20,21,18,19,13,7
1,5,6,7,9,10,13,16,17,18,19,21>2,5,8,9,11,12,14,17,21,22,18,19,13,7
1,5,6,7,9,10,13,16,17,18,19,21>1,6,8,9,10,11,12,14,20,21,18,19,13,7
1,5,6,7,9,10,13,16,17,18,19,21>1,2,6,8,9,10,14,20,21,22,18,19,13,7
1,2,3,5,7,12,13,14,15,18,19,22>1,3,4,8,18,2,12,13,14,15,19
1,2,3,5,7,12,13,14,15,18,19,22>1,23,5,8,2,12,13,14,15,19
1,2,3,5,7,12,13,14,15,18,19,22>3,23,5,16,2,12,13,14,15,19
1,2,3,5,7,12,13,14,15,18,19,22>1,5,16,18,22,23,2,12,13,14,15,19
1,2,3,5,7,12,13,14,15,18,19,22>3,4,7,16,18,23,2,12,13,14,15,19
1,2,3,5,7,12,13,14,15,18,19,22>3,5,7,16,18,2,12,13,14,15,19
1,2,3,5,7,12,13,14,15,18,19,22>1,4,5,7,8,16,22,2,12,13,14,15,19
1,2,3,5,7,12,13,14,15,18,19,22>3,4,5,7,8,16,2,12,13,14,15,19
1,2,4,5,7,8,10,13,17,18>6,8,10,11,14,16,18,19,2,13
1,2,4,5,7,8,10,13,17,18>5,6,8,11,14,16,17,18,19,2,13
1,2,4,5,7,8,10,13,17,18>1,4,5,6,17,18,2,13
1,2,4,5,7,8,10,13,17,18>1,4,5,6,8,10,11,17,2,13
1,2,4,5,7,8,10,13,17,18>1,7,10,16,17,18,19,2,13
1,2,4,5,7,8,10,13,17,18>5,7,10,11,16,18,2,13
1,2,4,5,7,8,10,13,17,18>1,5,7,10,11,14,16,17,19,2,13
1,2,4,5,7,8,10,13,17,18>1,5,6,7,14,16,19,2,13
2,3,4,5,6,7,9,12,13,15,16,20,23>2,3,5,10,12,13,15,21,23,16,4,6,7
2,3,4,5,6,7,9,12,13,15,16,20,23>20,8,21,12,16,4,6,7
2,3,4,5,6,7,9,12,13,15,16,20,23>3,8,10,12,14,15,21,16,4,6,7
2,3,4,5,6,7,9,12,13,15,16,20,23>2,3,8,10,12,13,20,23,16,4,6,7
2,3,4,5,6,7,9,12,13,15,16,20,23>3,5,8,10,12,13,14,23,16,4,6,7
2,3,4,5,6,7,9,12,13,15,16,20,23>2,3,9,14,15,21,23,16,4,6,7
2,3,4,5,6,7,9,12,13,15,16,20,23>2,8,9,10,15,21,23,16,4,6,7
2,3,4,5,6,7,9,12,13,15,16,20,23>2,3,5,8,9,13,15,23,16,4,6,7
2,3,5,9,10,11,12,13,15,16,17,18,20>2,9,11,14,19,21,16,10,18,13
2,3,5,9,10,11,12,13,15,16,17,18,20>2,4,8,9,15,19,21,16,10,18,13
2,3,5,9,10,11,12,13,15,16,17,18,20>2,3,5,15,19,21,16,10,18,13
2,3,5,9,10,11,12,13,15,16,17,18,20>6,8,9,11,15,19,16,10,18,13
2,3,5,9,10,11,12,13,15,16,17,18,20>3,4,5,6,9,11,12,14,19,20,16,10,18,13
2,3,5,9,10,11,12,13,15,16,17,18,20>2,5,6,8,12,14,15,17,19,21,16,10,18,13
2,3,5,9,10,11,12,13,15,16,17,18,20>2,4,5,6,9,19,20,16,10,18,13
2,3,5,9,10,11,12,13,15,16,17,18,20>3,4,5,6,8,9,11,12,15,17,20,21,16,10,18,13
1,3,5,6,10,11,12,13,16,17,18,19,21,22,23>8,1,14,21,11,12,18,19,22,23
1,3,5,6,10,11,12,13,16,17,18,19,21,22,23>1,2,7,8,13,16,17,11,12,18,19,22,23
1,3,5,6,10,11,12,13,16,17,18,19,21,22,23>3,6,7,13,14,21,11,12,18,19,22,23
1,3,5,6,10,11,12,13,16,17,18,19,21,22,23>2,4,6,7,8,13,14,16,17,11,12,18,19,22,23
1,3,5,6,10,11,12,13,16,17,18,19,21,22,23>3,4,6,7,13,14,16,11,12,18,19,22,23
1,3,5,6,10,11,12,13,16,17,18,19,21,22,23>1,3,4,6,13,14,17,21,11,12,18,19,22,23
1,3,5,6,10,11,12,13,16,17,18,19,21,22,23>1,3,5,6,7,8,17,11,12,18,19,22,23
1,3,5,6,10,11,12,13,16,17,18,19,21,22,23>3,4,5,10,13,16,21,11,12,18,19,22,23
1,2,4,9,13,14,16,17,21>1,4,9,12,15,18,16,2,13,14
1,2,4,9,13,14,16,17,21>8,9,12,15,18,21,16,2,13,14
1,2,4,9,13,14,16,17,21>1,4,10,17,18,22,16,2,13,14
1,2,4,9,13,14,16,17,21>1,8,10,15,21,22,16,2,13,14
1,2,4,9,13,14,16,17,21>4,8,10,12,18,22,16,2,13,14
1,2,4,9,13,14,16,17,21>9,10,12,15,18,21,16,2,13,14
1,2,4,9,13,14,16,17,21>8,9,10,17,21,16,2,13,14
1,2,4,9,13,14,16,17,21>1,4,8,9,10,17,22,16,2,13,14
3,5,6,9,11,12,14,17,18,19,21>4,8,13,14,15,17,22,18,19,12
3,5,6,9,11,12,14,17,18,19,21>4,5,9,14,15,17,18,19,12
3,5,6,9,11,12,14,17,18,19,21>6,13,14,15,17,21,22,18,19,12
3,5,6,9,11,12,14,17,18,19,21>4,15,6,17,18,19,12
3,5,6,9,11,12,14,17,18,19,21>7,9,11,13,15,21,22,18,19,12
3,5,6,9,11,12,14,17,18,19,21>3,4,7,15,17,21,22,18,19,12
3,5,6,9,11,12,14,17,18,19,21>5,6,7,8,11,13,15,21,22,18,19,12
3,5,6,9,11,12,14,17,18,19,21>4,5,6,7,8,14,15,22,18,19,12
2,3,5,11,12,13,14,16,18,23>2,3,18,8,12,14
2,3,5,11,12,13,14,16,18,23>2,4,8,11,19,23,12,14
2,3,5,11,12,13,14,16,18,23>2,5,8,15,18,23,12,14
2,3,5,11,12,13,14,16,18,23>3,5,8,11,16,18,19,23,12,14
2,3,5,11,12,13,14,16,18,23>4,5,8,11,15,16,18,19,23,12,14
2,3,5,11,12,13,14,16,18,23>3,4,5,8,18,19,12,14
2,3,5,11,12,13,14,16,18,23>16,6,11,12,14
2,3,5,11,12,13,14,16,18,23>2,5,6,8,13,18,23,12,14
1,2,4,5,9,12,13,17,18,21,22>17,19,9,10,2,12,13,18,22
1,2,4,5,9,12,13,17,18,21,22>1,17,21,10,2,12,13,18,22
1,2,4,5,9,12,13,17,18,21,22>4,6,9,10,14,16,2,12,13,18,22
1,2,4,5,9,12,13,17,18,21,22>4,5,6,8,9,10,17,21,2,12,13,18,22
1,2,4,5,9,12,13,17,18,21,22>1,8,14,16,17,19,21,23,2,12,13,18,22
1,2,4,5,9,12,13,17,18,21,22>5,8,10,16,19,2,12,13,18,22
1,2,4,5,9,12,13,17,18,21,22>1,6,8,17,19,23,2,12,13,18,22
1,2,4,5,9,12,13,17,18,21,22>4,5,6,8,9,14,16,21,2,12,13,18,22
6,13,15,18,20,21>6,7,22,16,20,21
6,13,15,18,20,21>13,16,17,20,21
6,13,15,18,20,21>6,7,14,17,19,20,21
6,13,15,18,20,21>7,15,16,17,18,22,20,21
6,13,15,18,20,21>13,15,17,18,19,20,21
6,13,15,18,20,21>7,14,15,16,22,20,21
6,13,15,18,20,21>6,7,14,15,18,19,20,21
6,13,15,18,20,21>6,13,14,15,22,20,21
7,8,9,10,13,15,18,21,22>18,21,9,16,10,13,22
7,8,9,10,13,15,18,21,22>7,8,11,15,16,18,10,13,22
7,8,9,10,13,15,18,21,22>8,9,11,16,19,21,10,13,22
7,8,9,10,13,15,18,21,22>8,9,11,16,18,19,23,10,13,22
7,8,9,10,13,15,18,21,22>19,14,15,16,10,13,22
7,8,9,10,13,15,18,21,22>8,9,14,15,16,23,10,13,22
7,8,9,10,13,15,18,21,22>7,8,9,14,16,10,13,22
7,8,9,10,13,15,18,21,22>8,9,11,14,16,10,13,22
2,4,6,7,10,11,12,13,14,15,16,17,18,20,21,23>8,12,17,20,22,23,7,14,15,16,18,21
2,4,6,7,10,11,12,13,14,15,16,17,18,20,21,23>2,4,8,11,13,20,7,14,15,16,18,21
2,4,6,7,10,11,12,13,14,15,16,17,18,20,21,23>6,8,11,13,22,23,7,14,15,16,18,21
2,4,6,7,10,11,12,13,14,15,16,17,18,20,21,23>4,6,8,11,12,13,19,22,7,14,15,16,18,21
2,4,6,7,10,11,12,13,14,15,16,17,18,20,21,23>2,4,6,8,11,12,13,17,19,7,14,15,16,18,21
2,4,6,7,10,11,12,13,14,15,16,17,18,20,21,23>2,6,10,13,22,7,14,15,16,18,21
2,4,6,7,10,11,12,13,14,15,16,17,18,20,21,23>2,6,10,19,20,22,7,14,15,16,18,21
2,4,6,7,10,11,12,13,14,15,16,17,18,20,21,23>4,8,10,19,23,7,14,15,16,18,21
4,5,6,7,8,9,10,12,13,14,15,16,18,19,22,23>15,4,22,13,7,8,12,14,16,19,23
4,5,6,7,8,9,10,12,13,14,15,16,18,19,22,23>4,5,6,13,15,18,7,8,12,14,16,19,23
4,5,6,7,8,9,10,12,13,14,15,16,18,19,22,23>15,6,9,11,7,8,12,14,16,19,23
4,5,6,7,8,9,10,12,13,14,15,16,18,19,22,23>4,5,6,9,18,22,7,8,12,14,16,19,23
4,5,6,7,8,9,10,12,13,14,15,16,18,19,22,23>18,22,10,7,8,12,14,16,19,23
4,5,6,7,8,9,10,12,13,14,15,16,18,19,22,23>6,10,11,7,8,12,14,16,19,23
4,5,6,7,8,9,10,12,13,14,15,16,18,19,22,23>15,18,9,10,7,8,12,14,16,19,23
4,5,6,7,8,9,10,12,13,14,15,16,18,19,22,23>4,5,9,10,15,7,8,12,14,16,19,23
1,3,5,7,11,15,17,18,21>1,2,6,11,16,19,18
1,3,5,7,11,15,17,18,21>3,6,11,13,21,22,18
1,3,5,7,11,15,17,18,21>1,4,6,7,16,17,19,21,22,18
1,3,5,7,11,15,17,18,21>1,4,6,11,13,15,16,17,19,22,18
1,3,5,7,11,15,17,18,21>1,2,5,6,13,17,18
1,3,5,7,11,15,17,18,21>1,4,5,11,16,19,22,18
1,3,5,7,11,15,17,18,21>2,4,5,6,15,17,19,21,22,18
1,3,5,7,11,15,17,18,21>3,4,5,7,11,15,17,19,18
1,2,8,9,10,12,13,15,16,17,23>23,11,15,17,2,8,10,12,16
1,2,8,9,10,12,13,15,16,17,23>1,11,15,17,2,8,10,12,16
1,2,8,9,10,12,13,15,16,17,23>9,11,17,2,8,10,12,16
1,2,8,9,10,12,13,15,16,17,23>1,9,13,15,23,2,8,10,12,16
1,2,8,9,10,12,13,15,16,17,23>11,13,15,17,2,8,10,12,16
1,2,8,9,10,12,13,15,16,17,23>9,11,13,2,8,10,12,16
1,2,8,9,10,12,13,15,16,17,23>23,1,9,14,2,8,10,12,16
1,2,8,9,10,12,13,15,16,17,23>23,11,14,17,2,8,10,12,16
1,2,3,4,5,6,11,13,14,15,16,18,22>1,3,5,11,18,23,2,4,6,13,14,15,16
1,2,3,4,5,6,11,13,14,15,16,18,22>18,19,22,7,2,4,6,13,14,15,16
1,2,3,4,5,6,11,13,14,15,16,18,22>1,22,23,7,2,4,6,13,14,15,16
1,2,3,4,5,6,11,13,14,15,16,18,22>1,3,5,18,19,2,4,6,13,14,15,16
1,2,3,4,5,6,11,13,14,15,16,18,22>1,3,5,8,11,22,23,2,4,6,13,14,15,16
1,2,3,4,5,6,11,13,14,15,16,18,22>1,7,8,11,23,2,4,6,13,14,15,16
1,2,3,4,5,6,11,13,14,15,16,18,22>5,7,8,11,22,2,4,6,13,14,15,16
1,2,3,4,5,6,11,13,14,15,16,18,22>1,3,5,7,8,23,2,4,6,13,14,15,16
2,3,5,6,7,8,10,13,15,17,18,19>4,10,11,14,16,17,20,19,13,7
2,3,5,6,7,8,10,13,15,17,18,19>4,10,11,14,15,16,20,19,13,7
2,3,5,6,7,8,10,13,15,17,18,19>11,15,3,4,19,13,7
2,3,5,6,7,8,10,13,15,17,18,19>2,3,4,8,15,18,20,19,13,7
2,3,5,6,7,8,10,13,15,17,18,19>5,8,10,11,16,18,19,13,7
2,3,5,6,7,8,10,13,15,17,18,19>3,4,8,10,14,17,18,19,13,7
2,3,5,6,7,8,10,13,15,17,18,19>4,5,10,14,15,16,17,18,20,19,13,7
2,3,5,6,7,8,10,13,15,17,18,19>2,5,6,11,14,15,18,20,19,13,7
1,3,5,6,8,10,13,14,19,21>1,6,11,19,20,21,14
1,3,5,6,8,10,13,14,19,21>2,6,14
1,3,5,6,8,10,13,14,19,21>4,10,11,13,19,21,14
1,3,5,6,8,10,13,14,19,21>3,4,6,7,8,11,19,20,21,14
1,3,5,6,8,10,13,14,19,21>3,5,6,7,8,21,14
1,3,5,6,8,10,13,14,19,21>1,4,5,6,7,20,14
1,3,5,6,8,10,13,14,19,21>2,3,4,5,7,11,19,20,21,14
1,3,5,6,8,10,13,14,19,21>1,2,3,4,5,8,13,21,22,14
1,2,6,7,9,11,12,13,15,17,20>6,11,12,14,16,18,20,17,2,13,7
1,2,6,7,9,11,12,13,15,17,20>6,8,14,15,20,21,17,2,13,7
1,2,6,7,9,11,12,13,15,17,20>6,8,9,11,12,14,16,20,21,17,2,13,7
1,2,6,7,9,11,12,13,15,17,20>1,6,8,9,21,17,2,13,7
1,2,6,7,9,11,12,13,15,17,20>10,12,14,16,18,17,2,13,7
1,2,6,7,9,11,12,13,15,17,20>10,12,14,15,16,21,17,2,13,7
1,2,6,7,9,11,12,13,15,17,20>1,6,10,11,20,21,17,2,13,7
1,2,6,7,9,11,12,13,15,17,20>8,10,14,15,16,17,2,13,7
2,3,5,7,8,10,13,17,18,21,22,23>2,3,7,13,14,17,19,22,23
2,3,5,7,8,10,13,17,18,21,22,23>5,6,7,8,11,17,18,19,21,22,23
2,3,5,7,8,10,13,17,18,21,22,23>3,4,8,11,13,14,19,22,23
2,3,5,7,8,10,13,17,18,21,22,23>4,5,7,8,10,13,14,18,19,22,23
2,3,5,7,8,10,13,17,18,21,22,23>4,6,10,11,13,14,21,22,23
2,3,5,7,8,10,13,17,18,21,22,23>2,4,6,13,17,18,21,22,23
2,3,5,7,8,10,13,17,18,21,22,23>5,6,8,10,11,14,22,23
2,3,5,7,8,10,13,17,18,21,22,23>4,5,6,7,8,10,11,13,21,22,23
2,6,7,8,9,10,11,12,14,15,16,18,20,22,23>18,20,9,7,8,10,16,23
2,6,7,8,9,10,11,12,14,15,16,18,20,22,23>18,21,9,14,7,8,10,16,23
2,6,7,8,9,10,11,12,14,15,16,18,20,22,23>2,11,22,19,7,8,10,16,23
2,6,7,8,9,10,11,12,14,15,16,18,20,22,23>6,11,14,18,19,21,22,7,8,10,16,23
2,6,7,8,9,10,11,12,14,15,16,18,20,22,23>2,6,11,7,8,10,16,23
2,6,7,8,9,10,11,12,14,15,16,18,20,22,23>9,11,14,19,20,22,7,8,10,16,23
2,6,7,8,9,10,11,12,14,15,16,18,20,22,23>6,22,12,14,7,8,10,16,23
2,6,7,8,9,10,11,12,14,15,16,18,20,22,23>9,11,12,14,20,21,22,7,8,10,16,23
1,2,3,4,5,6,7,8,9,11,16,17,19,20>17,19,3,5,2,4,7,8,16,20
1,2,3,4,5,6,7,8,9,11,16,17,19,20>1,3,6,11,13,17,21,2,4,7,8,16,20
1,2,3,4,5,6,7,8,9,11,16,17,19,20>19,21,5,6,2,4,7,8,16,20
1,2,3,4,5,6,7,8,9,11,16,17,19,20>17,21,5,6,2,4,7,8,16,20
1,2,3,4,5,6,7,8,9,11,16,17,19,20>1,3,9,11,19,21,2,4,7,8,16,20
1,2,3,4,5,6,7,8,9,11,16,17,19,20>3,5,9,11,19,21,2,4,7,8,16,20
1,2,3,4,5,6,7,8,9,11,16,17,19,20>6,9,11,13,19,2,4,7,8,16,20
1,2,3,4,5,6,7,8,9,11,16,17,19,20>1,6,9,11,13,17,2,4,7,8,16,20
1,2,6,9,11,12,13,16,19,20,21>1,6,16,19,20,2,21,13
1,2,6,9,11,12,13,16,19,20,21>14,1,7,16,2,21,13
1,2,6,9,11,12,13,16,19,20,21>7,8,11,12,20,2,21,13
1,2,6,9,11,12,13,16,19,20,21>1,9,12,16,20,2,21,13
1,2,6,9,11,12,13,16,19,20,21>6,7,9,12,14,19,2,21,13
1,2,6,9,11,12,13,16,19,20,21>8,9,11,14,22,2,21,13
1,2,6,9,11,12,13,16,19,20,21>1,6,8,9,14,20,22,2,21,13
1,2,6,9,11,12,13,16,19,20,21>7,8,9,14,16,19,20,22,2,21,13
2,3,4,5,6,8,9,16,19,21,22,23>2,3,20,12,4,8,16,22,23
2,3,4,5,6,8,9,16,19,21,22,23>2,3,9,12,19,21,4,8,16,22,23
2,3,4,5,6,8,9,16,19,21,22,23>20,5,12,4,8,16,22,23
2,3,4,5,6,8,9,16,19,21,22,23>2,3,5,19,21,4,8,16,22,23
2,3,4,5,6,8,9,16,19,21,22,23>2,5,6,12,4,8,16,22,23
2,3,4,5,6,8,9,16,19,21,22,23>2,3,5,6,21,4,8,16,22,23
2,3,4,5,6,8,9,16,19,21,22,23>20,3,5,7,4,8,16,22,23
2,3,4,5,6,8,9,16,19,21,22,23>2,3,5,7,4,8,16,22,23
2,3,6,7,12,13,15,17,20>12,16,18,20,21,17,13,7
2,3,6,7,12,13,15,17,20>2,6,15,18,20,21,17,13,7
2,3,6,7,12,13,15,17,20>2,3,4,6,12,14,15,18,21,17,13,7
2,3,6,7,12,13,15,17,20>3,8,15,16,18,17,13,7
2,3,6,7,12,13,15,17,20>2,3,8,12,16,20,21,17,13,7
2,3,6,7,12,13,15,17,20>2,4,8,12,15,20,17,13,7
2,3,6,7,12,13,15,17,20>6,8,12,14,18,17,13,7
2,3,6,7,12,13,15,17,20>4,6,8,14,21,17,13,7
1,2,4,6,7,9,14,15,16,18,19,23>1,4,12,14,18,23,2,7,15,16,19
1,2,4,6,7,9,14,15,16,18,19,23>18,1,6,2,7,15,16,19
1,2,4,6,7,9,14,15,16,18,19,23>1,4,8,2,7,15,16,19
1,2,4,6,7,9,14,15,16,18,19,23>8,9,12,18,23,2,7,15,16,19
1,2,4,6,7,9,14,15,16,18,19,23>1,9,14,18,20,23,2,7,15,16,19
1,2,4,6,7,9,14,15,16,18,19,23>4,9,12,14,20,2,7,15,16,19
1,2,4,6,7,9,14,15,16,18,19,23>20,8,9,2,7,15,16,19
1,2,4,6,7,9,14,15,16,18,19,23>18,4,8,9,2,7,15,16,19
5,6,7,8,13,15,16,17,18,22,23>22,18,6,7,8,16,23
5,6,7,8,13,15,16,17,18,22,23>19,22,12,17,6,7,8,16,23
5,6,7,8,13,15,16,17,18,22,23>19,12,17,18,6,7,8,16,23
5,6,7,8,13,15,16,17,18,22,23>5,12,22,6,7,8,16,23
5,6,7,8,13,15,16,17,18,22,23>19,14,18,6,7,8,16,23
5,6,7,8,13,15,16,17,18,22,23>12,14,17,6,7,8,16,23
5,6,7,8,13,15,16,17,18,22,23>22,12,15,6,7,8,16,23
5,6,7,8,13,15,16,17,18,22,23>13,15,6,7,8,16,23
1,2,3,4,8,9,11,14,15,16,20,23>1,3,9,14,23,2,4,8,16,20
1,2,3,4,8,9,11,14,15,16,20,23>10,14,15,21,23,2,4,8,16,20
1,2,3,4,8,9,11,14,15,16,20,23>3,10,14,15,23,2,4,8,16,20
1,2,3,4,8,9,11,14,15,16,20,23>1,3,9,10,21,23,2,4,8,16,20
1,2,3,4,8,9,11,14,15,16,20,23>1,9,11,14,21,2,4,8,16,20
1,2,3,4,8,9,11,14,15,16,20,23>1,10,11,14,2,4,8,16,20
1,2,3,4,8,9,11,14,15,16,20,23>3,10,11,14,21,2,4,8,16,20
1,2,3,4,8,9,11,14,15,16,20,23>3,9,10,11,15,23,2,4,8,16,20
1,5,6,8,12,14,16,17,19,21,23>19,21,14,16,8,12
1,5,6,8,12,14,16,17,19,21,23>17,1,21,22,8,12
1,5,6,8,12,14,16,17,19,21,23>17,19,23,14,8,12
1,5,6,8,12,14,16,17,19,21,23>1,2,5,6,7,17,23,8,12
1,5,6,8,12,14,16,17,19,21,23>1,2,5,6,16,19,21,8,12
1,5,6,8,12,14,16,17,19,21,23>5,6,7,14,21,22,8,12
1,5,6,8,12,14,16,17,19,21,23>1,5,6,7,16,19,21,8,12
1,5,6,8,12,14,16,17,19,21,23>1,2,5,6,7,14,17,22,8,12
4,6,7,9,10,11,13,14,15,20,21,22>4,9,23,7,10,13,14,15,20,21,22
4,6,7,9,10,11,13,14,15,20,21,22>4,6,11,17,23,7,10,13,14,15,20,21,22
4,6,7,9,10,11,13,14,15,20,21,22>4,9,11,7,10,13,14,15,20,21,22
4,6,7,9,10,11,13,14,15,20,21,22>16,23,7,10,13,14,15,20,21,22
4,6,7,9,10,11,13,14,15,20,21,22>6,16,17,7,10,13,14,15,20,21,22
4,6,7,9,10,11,13,14,15,20,21,22>9,16,17,7,10,13,14,15,20,21,22
4,6,7,9,10,11,13,14,15,20,21,22>4,9,16,7,10,13,14,15,20,21,22
4,6,7,9,10,11,13,14,15,20,21,22>4,11,16,7,10,13,14,15,20,21,22
3,6,7,8,9,11,14,22,23>14,22,6,10,23,7
3,6,7,8,9,11,14,22,23>3,6,10,22,23,7
3,6,7,8,9,11,14,22,23>14,22,9,10,23,7
3,6,7,8,9,11,14,22,23>3,9,22,11,23,7
3,6,7,8,9,11,14,22,23>3,6,9,10,11,23,7
3,6,7,8,9,11,14,22,23>4,6,9,11,23,7
3,6,7,8,9,11,14,22,23>3,4,8,9,10,23,7
3,6,7,8,9,11,14,22,23>6,8,9,10,11,22,23,7
1,2,5,9,10,12,13,15,18,19,20,23>1,13,14,15,21,2,19
1,2,5,9,10,12,13,15,18,19,20,23>1,12,13,14,20,21,2,19
1,2,5,9,10,12,13,15,18,19,20,23>1,5,13,14,18,21,2,19
1,2,5,9,10,12,13,15,18,19,20,23>9,12,13,15,16,18,2,19
1,2,5,9,10,12,13,15,18,19,20,23>1,8,9,12,15,16,20,23,2,19
1,2,5,9,10,12,13,15,18,19,20,23>5,8,9,13,14,16,17,18,20,23,2,19
1,2,5,9,10,12,13,15,18,19,20,23>5,10,13,16,18,21,23,2,19
1,2,5,9,10,12,13,15,18,19,20,23>5,8,10,14,15,17,18,20,23,2,19
1,3,4,8,10,11,17,19>19,2,20,11,4
1,3,4,8,10,11,17,19>17,20,3,11,4
1,3,4,8,10,11,17,19>17,2,8,16,11,4
1,3,4,8,10,11,17,19>1,3,8,13,16,17,19,11,4
1,3,4,8,10,11,17,19>19,20,3,10,11,4
1,3,4,8,10,11,17,19>3,10,13,16,17,19,11,4
1,3,4,8,10,11,17,19>19,2,8,10,11,4
1,3,4,8,10,11,17,19>3,8,10,13,16,11,4
1,3,4,7,9,11,12,14,16,18,19>13,18,9,11,16,19,4,12
1,3,4,7,9,11,12,14,16,18,19>1,13,14,15,18,16,19,4,12
1,3,4,7,9,11,12,14,16,18,19>1,3,9,15,18,16,19,4,12
1,3,4,7,9,11,12,14,16,18,19>1,2,3,8,11,15,18,16,19,4,12
1,3,4,7,9,11,12,14,16,18,19>1,3,8,9,11,14,18,16,19,4,12
1,3,4,7,9,11,12,14,16,18,19>2,3,8,11,14,15,16,19,4,12
1,3,4,7,9,11,12,14,16,18,19>1,2,3,8,13,16,19,4,12
1,3,4,7,9,11,12,14,16,18,19>1,2,7,8,9,11,13,15,16,19,4,12
1,6,8,10,11,12,15,16,17,18,20>11,12,13,19,20,21,8,16
1,6,8,10,11,12,15,16,17,18,20>1,2,7,10,19,20,8,16
1,6,8,10,11,12,15,16,17,18,20>1,6,7,13,17,20,8,16
1,6,8,10,11,12,15,16,17,18,20>1,7,10,11,15,18,19,21,8,16
1,6,8,10,11,12,15,16,17,18,20>1,2,7,10,11,13,15,19,8,16
1,6,8,10,11,12,15,16,17,18,20>6,7,10,11,17,18,19,20,8,16
1,6,8,10,11,12,15,16,17,18,20>1,6,7,10,11,12,17,18,21,8,16
1,6,8,10,11,12,15,16,17,18,20>1,2,6,7,10,17,19,8,16
1,5,6,7,8,10,14,16,17,21,23>16,21,23,14,8,6,7
1,5,6,7,8,10,14,16,17,21,23>1,12,14,16,21,8,6,7
1,5,6,7,8,10,14,16,17,21,23>5,10,12,16,17,21,22,23,8,6,7
1,5,6,7,8,10,14,16,17,21,23>1,5,10,14,16,23,8,6,7
1,5,6,7,8,10,14,16,17,21,23>1,2,11,12,14,16,22,23,8,6,7
1,5,6,7,8,10,14,16,17,21,23>5,11,12,14,21,8,6,7
1,5,6,7,8,10,14,16,17,21,23>5,11,21,22,23,8,6,7
1,5,6,7,8,10,14,16,17,21,23>5,10,11,16,21,8,6,7
1,3,5,6,8,9,12,15,16,17,21,22>1,7,9,13,15,17,6,8,12,16,22
1,3,5,6,8,9,12,15,16,17,21,22>1,2,3,4,7,9,13,15,21,6,8,12,16,22
1,3,5,6,8,9,12,15,16,17,21,22>1,2,3,4,7,9,10,17,21,6,8,12,16,22
1,3,5,6,8,9,12,15,16,17,21,22>1,5,7,9,21,6,8,12,16,22
1,3,5,6,8,9,12,15,16,17,21,22>1,5,7,13,21,6,8,12,16,22
1,3,5,6,8,9,12,15,16,17,21,22>1,3,5,9,10,6,8,12,16,22
1,3,5,6,8,9,12,15,16,17,21,22>2,4,5,10,13,21,23,6,8,12,16,22
1,3,5,6,8,9,12,15,16,17,21,22>1,2,3,4,5,9,15,21,23,6,8,12,16,22
1,4,8,10,12,13,15,17,18,21,23>16,18,19,13,8,12
1,4,8,10,12,13,15,17,18,21,23>14,15,17,19,21,23,8,12
1,4,8,10,12,13,15,17,18,21,23>1,2,13,14,15,17,18,19,21,8,12
1,4,8,10,12,13,15,17,18,21,23>1,2,10,13,14,17,18,23,8,12
1,4,8,10,12,13,15,17,18,21,23>2,4,11,15,16,18,19,23,8,12
1,4,8,10,12,13,15,17,18,21,23>1,2,4,11,13,15,18,21,8,12
1,4,8,10,12,13,15,17,18,21,23>4,10,11,14,15,17,19,22,23,8,12
1,4,8,10,12,13,15,17,18,21,23>2,4,10,11,13,14,18,21,22,23,8,12
1,2,4,7,10,13,14,15,20,23>1,4,16,17,23,2,20,14,15
1,2,4,7,10,13,14,15,20,23>1,4,10,17,23,2,20,14,15
1,2,4,7,10,13,14,15,20,23>4,7,10,21,23,2,20,14,15
1,2,4,7,10,13,14,15,20,23>1,4,7,10,17,21,2,20,14,15
1,2,4,7,10,13,14,15,20,23>1,4,7,13,17,21,23,2,20,14,15
1,2,4,7,10,13,14,15,20,23>10,13,16,21,23,2,20,14,15
1,2,4,7,10,13,14,15,20,23>1,4,10,13,16,17,21,2,20,14,15
1,2,4,7,10,13,14,15,20,23>1,4,7,10,13,16,23,2,20,14,15
1,2,3,6,8,10,15,17,20,23>15,16,21,6,17,2,20
1,2,3,6,8,10,15,17,20,23>1,3,4,6,8,10,16,21,17,2,20
1,2,3,6,8,10,15,17,20,23>1,21,7,17,2,20
1,2,3,6,8,10,15,17,20,23>4,7,10,16,21,23,17,2,20
1,2,3,6,8,10,15,17,20,23>1,6,7,10,15,17,2,20
1,2,3,6,8,10,15,17,20,23>3,6,7,10,23,17,2,20
1,2,3,6,8,10,15,17,20,23>1,4,6,7,8,10,23,17,2,20
1,2,3,6,8,10,15,17,20,23>3,4,6,7,15,16,23,17,2,20
1,3,7,9,10,11,14,15,16,18,19,21>2,8,12,14,20,16,19,11,15
1,3,7,9,10,11,14,15,16,18,19,21>1,2,9,13,20,21,22,16,19,11,15
1,3,7,9,10,11,14,15,16,18,19,21>2,8,9,10,13,14,21,22,16,19,11,15
1,3,7,9,10,11,14,15,16,18,19,21>1,2,4,10,12,14,16,19,11,15
1,3,7,9,10,11,14,15,16,18,19,21>3,4,10,12,14,18,16,19,11,15
1,3,7,9,10,11,14,15,16,18,19,21>2,7,20,21,22,16,19,11,15
1,3,7,9,10,11,14,15,16,18,19,21>3,4,7,9,12,20,21,22,16,19,11,15
1,3,7,9,10,11,14,15,16,18,19,21>2,3,4,7,13,18,20,16,19,11,15
1,2,3,5,7,8,9,10,12,14,16,19,20,21,22>1,10,13,16,20,23,8,2,21,22
1,2,3,5,7,8,9,10,12,14,16,19,20,21,22>1,3,12,16,20,8,2,21,22
1,2,3,5,7,8,9,10,12,14,16,19,20,21,22>3,5,10,12,14,23,8,2,21,22
1,2,3,5,7,8,9,10,12,14,16,19,20,21,22>3,5,10,14,16,19,20,23,8,2,21,22
1,2,3,5,7,8,9,10,12,14,16,19,20,21,22>3,4,5,10,16,19,20,8,2,21,22
1,2,3,5,7,8,9,10,12,14,16,19,20,21,22>1,14,7,8,2,21,22
1,2,3,5,7,8,9,10,12,14,16,19,20,21,22>3,4,7,9,12,13,14,19,20,8,2,21,22
1,2,3,5,7,8,9,10,12,14,16,19,20,21,22>1,5,7,9,13,20,23,8,2,21,22
2,3,4,5,9,10,11,12,15,16,17,18,21,23>19,22,23,15,4,10,11,12,16,18
2,3,4,5,9,10,11,12,15,16,17,18,21,23>2,3,5,9,15,19,4,10,11,12,16,18
2,3,4,5,9,10,11,12,15,16,17,18,21,23>17,22,6,9,4,10,11,12,16,18
2,3,4,5,9,10,11,12,15,16,17,18,21,23>3,6,15,19,21,23,4,10,11,12,16,18
2,3,4,5,9,10,11,12,15,16,17,18,21,23>2,3,6,17,21,4,10,11,12,16,18
2,3,4,5,9,10,11,12,15,16,17,18,21,23>3,5,6,9,22,4,10,11,12,16,18
2,3,4,5,9,10,11,12,15,16,17,18,21,23>2,8,9,21,22,4,10,11,12,16,18
2,3,4,5,9,10,11,12,15,16,17,18,21,23>2,3,8,21,22,4,10,11,12,16,18
2,4,6,8,9,10,11,12,14,16,17,18,19,20>2,4,11,14,17,8,16,19
2,4,6,8,9,10,11,12,14,16,17,18,19,20>7,10,11,12,13,18,20,21,8,16,19
2,4,6,8,9,10,11,12,14,16,17,18,19,20>2,7,10,11,13,17,18,21,8,16,19
2,4,6,8,9,10,11,12,14,16,17,18,19,20>4,7,12,18,20,8,16,19
2,4,6,8,9,10,11,12,14,16,17,18,19,20>4,7,10,11,14,20,21,8,16,19
2,4,6,8,9,10,11,12,14,16,17,18,19,20>4,6,7,10,11,13,14,17,18,20,8,16,19
2,4,6,8,9,10,11,12,14,16,17,18,19,20>2,7,9,10,13,8,16,19
2,4,6,8,9,10,11,12,14,16,17,18,19,20>4,7,9,10,12,13,14,17,18,8,16,19
1,2,3,4,6,7,10,11,12,13,17,20,21,23>3,13,14,20,22,2,4,7,17,21
1,2,3,4,6,7,10,11,12,13,17,20,21,23>3,6,12,14,16,20,23,2,4,7,17,21
1,2,3,4,6,7,10,11,12,13,17,20,21,23>13,3,6,22,2,4,7,17,21
1,2,3,4,6,7,10,11,12,13,17,20,21,23>3,8,13,18,20,2,4,7,17,21
1,2,3,4,6,7,10,11,12,13,17,20,21,23>16,20,10,12,2,4,7,17,21
1,2,3,4,6,7,10,11,12,13,17,20,21,23>3,6,10,11,14,16,2,4,7,17,21
1,2,3,4,6,7,10,11,12,13,17,20,21,23>1,8,10,11,13,18,22,2,4,7,17,21
1,2,3,4,6,7,10,11,12,13,17,20,21,23>3,6,8,10,14,23,2,4,7,17,21
15,16,19,20,22,23>8,15,19,16,20,23
15,16,19,20,22,23>8,15,21,16,20,23
15,16,19,20,22,23>8,19,21,16,20,23
15,16,19,20,22,23>15,19,21,16,20,23
15,16,19,20,22,23>8,15,22,16,20,23
15,16,19,20,22,23>15,19,22,16,20,23
15,16,19,20,22,23>15,21,22,16,20,23
15,16,19,20,22,23>19,21,22,16,20,23
2,5,6,7,8,9,10,11,12,13,15,16,22>5,9,22,6,7,8,10,11,12,13,16
2,5,6,7,8,9,10,11,12,13,15,16,22>14,22,6,7,8,10,11,12,13,16
2,5,6,7,8,9,10,11,12,13,15,16,22>9,15,23,6,7,8,10,11,12,13,16
2,5,6,7,8,9,10,11,12,13,15,16,22>9,15,22,6,7,8,10,11,12,13,16
2,5,6,7,8,9,10,11,12,13,15,16,22>2,5,9,15,6,7,8,10,11,12,13,16
2,5,6,7,8,9,10,11,12,13,15,16,22>2,14,15,23,6,7,8,10,11,12,13,16
2,5,6,7,8,9,10,11,12,13,15,16,22>2,9,14,15,6,7,8,10,11,12,13,16
2,5,6,7,8,9,10,11,12,13,15,16,22>5,9,14,15,6,7,8,10,11,12,13,16
2,3,4,5,6,8,9,10,15,16,17,20,21>2,3,13,17,22,4,6,8,10,16,20,21
2,3,4,5,6,8,9,10,15,16,17,20,21>2,3,7,15,17,22,4,6,8,10,16,20,21
2,3,4,5,6,8,9,10,15,16,17,20,21>3,5,7,13,22,4,6,8,10,16,20,21
2,3,4,5,6,8,9,10,15,16,17,20,21>3,9,15,4,6,8,10,16,20,21
2,3,4,5,6,8,9,10,15,16,17,20,21>2,5,9,13,15,17,22,4,6,8,10,16,20,21
2,3,4,5,6,8,9,10,15,16,17,20,21>2,3,5,9,17,4,6,8,10,16,20,21
2,3,4,5,6,8,9,10,15,16,17,20,21>3,7,9,17,22,4,6,8,10,16,20,21
2,3,4,5,6,8,9,10,15,16,17,20,21>5,7,9,4,6,8,10,16,20,21
1,8,10,14,16,17,18,20,22>2,17,19,21,22,23,8,20
1,8,10,14,16,17,18,20,22>1,2,10,17,18,22,23,8,20
1,8,10,14,16,17,18,20,22>1,14,21,18,8,20
1,8,10,14,16,17,18,20,22>2,14,18,8,20
1,8,10,14,16,17,18,20,22>1,10,14,17,18,23,8,20
1,8,10,14,16,17,18,20,22>2,16,17,19,22,8,20
1,8,10,14,16,17,18,20,22>2,16,17,18,21,8,20
1,8,10,14,16,17,18,20,22>2,10,16,21,22,23,8,20
3,9,10,11,12,14,17,18,23>3,4,15,17,19,18,10,11,12
3,9,10,11,12,14,17,18,23>19,3,8,18,10,11,12
3,9,10,11,12,14,17,18,23>19,3,9,15,18,10,11,12
3,9,10,11,12,14,17,18,23>14,15,17,19,23,18,10,11,12
3,9,10,11,12,14,17,18,23>3,4,14,17,23,18,10,11,12
3,9,10,11,12,14,17,18,23>4,8,14,15,17,18,10,11,12
3,9,10,11,12,14,17,18,23>3,4,9,14,17,18,10,11,12
3,9,10,11,12,14,17,18,23>8,9,14,15,17,18,10,11,12
1,4,5,6,7,8,9,10,12,13,14,16,17,18,21,22>1,2,23,19,6,7,8,10,12,13,14,16,22
1,4,5,6,7,8,9,10,12,13,14,16,17,18,21,22>1,2,21,17,6,7,8,10,12,13,14,16,22
1,4,5,6,7,8,9,10,12,13,14,16,17,18,21,22>2,4,5,11,17,21,23,6,7,8,10,12,13,14,16,22
1,4,5,6,7,8,9,10,12,13,14,16,17,18,21,22>1,5,9,17,19,21,6,7,8,10,12,13,14,16,22
1,4,5,6,7,8,9,10,12,13,14,16,17,18,21,22>1,2,5,9,17,18,6,7,8,10,12,13,14,16,22
1,4,5,6,7,8,9,10,12,13,14,16,17,18,21,22>1,4,5,9,11,17,21,23,6,7,8,10,12,13,14,16,22
1,4,5,6,7,8,9,10,12,13,14,16,17,18,21,22>2,4,5,9,17,6,7,8,10,12,13,14,16,22
1,4,5,6,7,8,9,10,12,13,14,16,17,18,21,22>1,2,4,5,9,11,18,21,23,6,7,8,10,12,13,14,16,22
1,2,4,5,6,7,8,10,13,16,17,20,21,22,23>1,14,17,2,6,7,8,16,20,21,22,23
1,2,4,5,6,7,8,10,13,16,17,20,21,22,23>1,4,17,2,6,7,8,16,20,21,22,23
1,2,4,5,6,7,8,10,13,16,17,20,21,22,23>1,5,17,2,6,7,8,16,20,21,22,23
1,2,4,5,6,7,8,10,13,16,17,20,21,22,23>1,4,5,10,2,6,7,8,16,20,21,22,23
1,2,4,5,6,7,8,10,13,16,17,20,21,22,23>5,10,13,17,2,6,7,8,16,20,21,22,23
1,2,4,5,6,7,8,10,13,16,17,20,21,22,23>4,13,17,2,6,7,8,16,20,21,22,23
1,2,4,5,6,7,8,10,13,16,17,20,21,22,23>5,10,13,14,2,6,7,8,16,20,21,22,23
1,2,4,5,6,7,8,10,13,16,17,20,21,22,23>1,5,10,13,2,6,7,8,16,20,21,22,23
2,3,4,5,6,9,10,11,12,13,14,16,17,18,19,21,22,23>8,9,10,13,21,4,11,12,14,16,18,19,22,23
2,3,4,5,6,9,10,11,12,13,14,16,17,18,19,21,22,23>3,8,9,13,21,4,11,12,14,16,18,19,22,23
2,3,4,5,6,9,10,11,12,13,14,16,17,18,19,21,22,23>2,3,17,8,4,11,12,14,16,18,19,22,23
2,3,4,5,6,9,10,11,12,13,14,16,17,18,19,21,22,23>2,5,9,10,15,17,21,4,11,12,14,16,18,19,22,23
2,3,4,5,6,9,10,11,12,13,14,16,17,18,19,21,22,23>2,3,6,10,13,17,21,4,11,12,14,16,18,19,22,23
2,3,4,5,6,9,10,11,12,13,14,16,17,18,19,21,22,23>3,7,8,13,17,4,11,12,14,16,18,19,22,23
2,3,4,5,6,9,10,11,12,13,14,16,17,18,19,21,22,23>2,5,6,7,9,13,15,4,11,12,14,16,18,19,22,23
2,3,4,5,6,9,10,11,12,13,14,16,17,18,19,21,22,23>3,5,6,7,10,15,17,21,4,11,12,14,16,18,19,22,23
3,6,7,9,10,14,15,17,20>3,4,21,16,7,10,15,17,20
3,6,7,9,10,14,15,17,20>6,9,14,16,18,7,10,15,17,20
3,6,7,9,10,14,15,17,20>3,4,6,9,14,7,10,15,17,20
3,6,7,9,10,14,15,17,20>3,13,14,16,18,21,7,10,15,17,20
3,6,7,9,10,14,15,17,20>21,4,13,14,7,10,15,17,20
3,6,7,9,10,14,15,17,20>3,6,13,16,18,7,10,15,17,20
3,6,7,9,10,14,15,17,20>3,4,6,13,14,7,10,15,17,20
3,6,7,9,10,14,15,17,20>3,9,13,16,18,7,10,15,17,20
1,4,6,9,12,13,14,15,16,17,19,21>1,8,9,17,21,22,12,13,14,15,16
1,4,6,9,12,13,14,15,16,17,19,21>2,8,17,19,22,12,13,14,15,16
1,4,6,9,12,13,14,15,16,17,19,21>4,17,18,19,21,22,12,13,14,15,16
1,4,6,9,12,13,14,15,16,17,19,21>1,7,8,17,18,22,12,13,14,15,16
1,4,6,9,12,13,14,15,16,17,19,21>1,2,4,6,7,8,18,19,21,22,12,13,14,15,16
1,4,6,9,12,13,14,15,16,17,19,21>1,6,7,17,18,21,22,12,13,14,15,16
1,4,6,9,12,13,14,15,16,17,19,21>2,6,7,8,17,18,22,12,13,14,15,16
1,4,6,9,12,13,14,15,16,17,19,21>1,2,4,6,7,9,21,12,13,14,15,16
5,7,8,9,13,18,20,23>10,13,14,17,18,19,21,23,20
5,7,8,9,13,18,20,23>14,6,23,13,20
5,7,8,9,13,18,20,23>7,14,17,18,21,20
5,7,8,9,13,18,20,23>5,6,9,10,18,21,23,20
5,7,8,9,13,18,20,23>5,7,9,13,18,21,23,20
5,7,8,9,13,18,20,23>6,7,9,13,14,18,19,20
5,7,8,9,13,18,20,23>6,7,9,17,18,21,23,20
5,7,8,9,13,18,20,23>6,7,8,9,10,18,19,21,23,20
1,2,4,5,6,8,11,14,15,17,19,20,23>15,19,21,23,17,2,20
1,2,4,5,6,8,11,14,15,17,19,20,23>4,5,14,15,19,17,2,20
1,2,4,5,6,8,11,14,15,17,19,20,23>4,5,15,16,21,17,2,20
1,2,4,5,6,8,11,14,15,17,19,20,23>6,14,15,21,23,17,2,20
1,2,4,5,6,8,11,14,15,17,19,20,23>1,4,6,11,15,16,21,17,2,20
1,2,4,5,6,8,11,14,15,17,19,20,23>4,5,6,8,16,19,17,2,20
1,2,4,5,6,8,11,14,15,17,19,20,23>1,5,7,11,15,16,19,23,17,2,20
1,2,4,5,6,8,11,14,15,17,19,20,23>5,6,7,8,11,16,19,21,17,2,20
1,2,3,4,6,7,8,12,14,17,19,21>13,17,19,21,22,2,4,7,8,12
1,2,3,4,6,7,8,12,14,17,19,21>6,13,17,21,22,2,4,7,8,12
1,2,3,4,6,7,8,12,14,17,19,21>3,6,13,16,21,22,2,4,7,8,12
1,2,3,4,6,7,8,12,14,17,19,21>3,6,13,16,19,21,2,4,7,8,12
1,2,3,4,6,7,8,12,14,17,19,21>1,3,6,13,17,2,4,7,8,12
1,2,3,4,6,7,8,12,14,17,19,21>1,3,14,19,21,2,4,7,8,12
1,2,3,4,6,7,8,12,14,17,19,21>22,3,6,14,2,4,7,8,12
1,2,3,4,6,7,8,12,14,17,19,21>1,3,13,14,17,19,2,4,7,8,12
1,3,7,9,11,13,16,17,19,20,22>1,4,8,11,14,18,22,23,20,13
1,3,7,9,11,13,16,17,19,20,22>1,2,4,8,14,16,17,19,23,20,13
1,3,7,9,11,13,16,17,19,20,22>1,2,7,11,14,16,18,21,22,23,20,13
1,3,7,9,11,13,16,17,19,20,22>3,7,8,16,17,18,19,23,20,13
1,3,7,9,11,13,16,17,19,20,22>1,3,7,8,9,11,21,22,20,13
1,3,7,9,11,13,16,17,19,20,22>1,2,4,7,9,16,17,19,23,20,13
1,3,7,9,11,13,16,17,19,20,22>3,4,7,8,9,21,22,23,20,13
1,3,7,9,11,13,16,17,19,20,22>2,3,4,7,8,14,16,17,23,20,13
1,4,7,11,13,16,17,18,19,20,21,22>23,11,14,13,16,18,19,20,21,22
1,4,7,11,13,16,17,18,19,20,21,22>17,2,11,14,13,16,18,19,20,21,22
1,4,7,11,13,16,17,18,19,20,21,22>1,2,14,13,16,18,19,20,21,22
1,4,7,11,13,16,17,18,19,20,21,22>4,14,13,16,18,19,20,21,22
1,4,7,11,13,16,17,18,19,20,21,22>1,7,11,14,17,13,16,18,19,20,21,22
1,4,7,11,13,16,17,18,19,20,21,22>23,2,7,14,13,16,18,19,20,21,22
1,4,7,11,13,16,17,18,19,20,21,22>2,4,7,11,23,13,16,18,19,20,21,22
1,4,7,11,13,16,17,18,19,20,21,22>1,2,4,7,8,11,17,13,16,18,19,20,21,22
1,5,11,13,14,18,19,20,21,23>1,22,19,20,21,14
1,5,11,13,14,18,19,20,21,23>2,5,15,17,23,19,20,21,14
1,5,11,13,14,18,19,20,21,23>22,2,23,11,19,20,21,14
1,5,11,13,14,18,19,20,21,23>18,22,5,11,19,20,21,14
1,5,11,13,14,18,19,20,21,23>5,13,15,17,19,20,21,14
1,5,11,13,14,18,19,20,21,23>5,13,15,18,22,23,19,20,21,14
1,5,11,13,14,18,19,20,21,23>2,11,13,15,17,18,19,20,21,14
1,5,11,13,14,18,19,20,21,23>1,2,5,11,13,15,23,19,20,21,14
4,5,8,10,11,13,14,22,23>4,6,13,16,11,14,23
4,5,8,10,11,13,14,22,23>4,8,13,16,11,14,23
4,5,8,10,11,13,14,22,23>22,5,8,13,11,14,23
4,5,8,10,11,13,14,22,23>4,10,16,11,14,23
4,5,8,10,11,13,14,22,23>6,10,13,16,22,11,14,23
4,5,8,10,11,13,14,22,23>5,6,10,13,22,11,14,23
4,5,8,10,11,13,14,22,23>4,8,10,13,22,11,14,23
4,5,8,10,11,13,14,22,23>5,8,10,13,16,11,14,23
1,2,3,5,7,8,9,10,11,13,14,15,16,18,19,20,21>3,9,10,11,18,2,8,13,14,16,19,20,21
1,2,3,5,7,8,9,10,11,13,14,15,16,18,19,20,21>1,3,11,18,22,2,8,13,14,16,19,20,21
1,2,3,5,7,8,9,10,11,13,14,15,16,18,19,20,21>5,9,11,18,22,2,8,13,14,16,19,20,21
1,2,3,5,7,8,9,10,11,13,14,15,16,18,19,20,21>4,5,9,10,15,18,2,8,13,14,16,19,20,21
1,2,3,5,7,8,9,10,11,13,14,15,16,18,19,20,21>1,3,4,5,9,10,11,22,2,8,13,14,16,19,20,21
1,2,3,5,7,8,9,10,11,13,14,15,16,18,19,20,21>4,7,10,15,22,2,8,13,14,16,19,20,21
1,2,3,5,7,8,9,10,11,13,14,15,16,18,19,20,21>4,7,10,18,22,2,8,13,14,16,19,20,21
1,2,3,5,7,8,9,10,11,13,14,15,16,18,19,20,21>3,4,5,7,18,22,2,8,13,14,16,19,20,21
1,3,4,5,7,8,9,12,13,14,15,16,18,21,22>1,3,7,9,10,15,19,4,8,12,13,14,16,22
1,3,4,5,7,8,9,12,13,14,15,16,18,21,22>2,3,7,10,15,18,21,23,4,8,12,13,14,16,22
1,3,4,5,7,8,9,12,13,14,15,16,18,21,22>2,5,7,15,19,21,23,4,8,12,13,14,16,22
1,3,4,5,7,8,9,12,13,14,15,16,18,21,22>1,2,5,7,15,19,21,4,8,12,13,14,16,22
1,3,4,5,7,8,9,12,13,14,15,16,18,21,22>2,3,5,9,10,19,21,23,4,8,12,13,14,16,22
1,3,4,5,7,8,9,12,13,14,15,16,18,21,22>1,18,6,4,8,12,13,14,16,22
1,3,4,5,7,8,9,12,13,14,15,16,18,21,22>2,3,6,18,23,4,8,12,13,14,16,22
1,3,4,5,7,8,9,12,13,14,15,16,18,21,22>2,5,6,7,9,18,19,21,23,4,8,12,13,14,16,22
2,3,4,6,8,11,13,14,15,16,18,19,21,22>20,21,12,15,4,8,13,14,16,19,22
2,3,4,6,8,11,13,14,15,16,18,19,21,22>18,2,12,15,4,8,13,14,16,19,22
2,3,4,6,8,11,13,14,15,16,18,19,21,22>18,2,23,20,4,8,13,14,16,19,22
2,3,4,6,8,11,13,14,15,16,18,19,21,22>3,6,12,15,18,4,8,13,14,16,19,22
2,3,4,6,8,11,13,14,15,16,18,19,21,22>2,7,12,15,21,23,4,8,13,14,16,19,22
2,3,4,6,8,11,13,14,15,16,18,19,21,22>6,11,12,21,23,4,8,13,14,16,19,22
2,3,4,6,8,11,13,14,15,16,18,19,21,22>3,7,11,12,20,21,4,8,13,14,16,19,22
2,3,4,6,8,11,13,14,15,16,18,19,21,22>6,7,11,18,20,23,4,8,13,14,16,19,22
1,4,6,7,8,10,14,19,22>16,20,23,11,7
1,4,6,7,8,10,14,19,22>1,10,11,13,14,7
1,4,6,7,8,10,14,19,22>2,6,19,20,23,7
1,4,6,7,8,10,14,19,22>2,6,19,20,22,7
1,4,6,7,8,10,14,19,22>2,4,8,22,23,7
1,4,6,7,8,10,14,19,22>2,4,8,10,11,16,20,22,7
1,4,6,7,8,10,14,19,22>2,6,8,11,13,16,19,22,23,7
1,4,6,7,8,10,14,19,22>2,4,6,8,11,13,16,19,23,7
2,3,4,6,9,12,16,18,19,20,23>20,21,23,9,16,19,4
2,3,4,6,9,12,16,18,19,20,23>2,9,18,20,23,16,19,4
2,3,4,6,9,12,16,18,19,20,23>2,6,7,18,20,21,23,16,19,4
2,3,4,6,9,12,16,18,19,20,23>2,3,6,7,9,12,20,16,19,4
2,3,4,6,9,12,16,18,19,20,23>21,23,8,9,16,19,4
2,3,4,6,9,12,16,18,19,20,23>2,6,8,18,20,16,19,4
2,3,4,6,9,12,16,18,19,20,23>2,7,8,9,23,16,19,4
2,3,4,6,9,12,16,18,19,20,23>2,3,6,7,8,20,21,16,19,4
1,5,7,9,13,17,18,19,21,22,23>1,5,14,17,21,18,19,22,23
1,5,7,9,13,17,18,19,21,22,23>2,5,7,20,21,18,19,22,23
1,5,7,9,13,17,18,19,21,22,23>2,9,14,17,20,21,18,19,22,23
1,5,7,9,13,17,18,19,21,22,23>2,9,13,14,17,21,18,19,22,23
1,5,7,9,13,17,18,19,21,22,23>5,9,13,14,20,18,19,22,23
1,5,7,9,13,17,18,19,21,22,23>1,21,7,9,18,19,22,23
1,5,7,9,13,17,18,19,21,22,23>5,7,9,14,17,18,19,22,23
1,5,7,9,13,17,18,19,21,22,23>1,5,7,9,13,18,19,22,23
2,5,7,8,10,12,14,18,20,22,23>2,5,12,14,22,8,23
2,5,7,8,10,12,14,18,20,22,23>2,5,6,12,17,21,8,23
2,5,7,8,10,12,14,18,20,22,23>2,5,7,14,17,18,21,8,23
2,5,7,8,10,12,14,18,20,22,23>5,6,7,18,21,22,8,23
2,5,7,8,10,12,14,18,20,22,23>2,6,10,17,19,20,21,8,23
2,5,7,8,10,12,14,18,20,22,23>5,6,10,17,18,20,22,8,23
2,5,7,8,10,12,14,18,20,22,23>2,6,7,10,12,17,18,20,21,8,23
2,5,7,8,10,12,14,18,20,22,23>2,5,6,7,10,14,18,8,23
1,2,6,7,8,10,11,12,14,16,17,21,23>6,10,17,22,23,2,7,8,11,12
1,2,6,7,8,10,11,12,14,16,17,21,23>14,17,21,22,23,2,7,8,11,12
1,2,6,7,8,10,11,12,14,16,17,21,23>1,14,17,23,2,7,8,11,12
1,2,6,7,8,10,11,12,14,16,17,21,23>1,6,10,14,2,7,8,11,12
1,2,6,7,8,10,11,12,14,16,17,21,23>23,10,16,17,2,7,8,11,12
1,2,6,7,8,10,11,12,14,16,17,21,23>22,23,14,16,2,7,8,11,12
1,2,6,7,8,10,11,12,14,16,17,21,23>1,6,14,16,22,2,7,8,11,12
1,2,6,7,8,10,11,12,14,16,17,21,23>23,10,14,16,2,7,8,11,12
1,6,8,9,10,11,12,13,14,16,18,19,20,21,23>12,1,10,13,8,19,21,14
1,6,8,9,10,11,12,13,14,16,18,19,20,21,23>1,6,10,16,20,23,8,19,21,14
1,6,8,9,10,11,12,13,14,16,18,19,20,21,23>1,2,7,12,13,16,18,23,8,19,21,14
1,6,8,9,10,11,12,13,14,16,18,19,20,21,23>2,9,10,11,13,18,8,19,21,14
1,6,8,9,10,11,12,13,14,16,18,19,20,21,23>1,2,9,16,22,8,19,21,14
1,6,8,9,10,11,12,13,14,16,18,19,20,21,23>2,6,9,10,11,16,18,8,19,21,14
1,6,8,9,10,11,12,13,14,16,18,19,20,21,23>7,9,16,22,23,8,19,21,14
1,6,8,9,10,11,12,13,14,16,18,19,20,21,23>2,6,7,9,10,12,20,22,23,8,19,21,14
1,2,5,7,10,11,15,18,19,23>20,5,19,2,11
1,2,5,7,10,11,15,18,19,23>1,5,7,16,18,19,2,11
1,2,5,7,10,11,15,18,19,23>1,10,16,20,23,19,2,11
1,2,5,7,10,11,15,18,19,23>20,1,10,18,19,2,11
1,2,5,7,10,11,15,18,19,23>5,7,10,18,19,2,11
1,2,5,7,10,11,15,18,19,23>20,1,15,19,2,11
1,2,5,7,10,11,15,18,19,23>10,15,16,18,23,19,2,11
1,2,5,7,10,11,15,18,19,23>7,10,15,16,23,19,2,11
5,6,8,9,13,14,15,19,20,23>7,13,17,19,21,20,14
5,6,8,9,13,14,15,19,20,23>5,7,15,17,21,23,20,14
5,6,8,9,13,14,15,19,20,23>8,13,15,16,19,21,23,20,14
5,6,8,9,13,14,15,19,20,23>5,6,7,8,16,17,19,21,20,14
5,6,8,9,13,14,15,19,20,23>6,9,13,16,19,20,14
5,6,8,9,13,14,15,19,20,23>5,7,9,15,16,19,21,20,14
5,6,8,9,13,14,15,19,20,23>5,8,9,13,15,23,20,14
5,6,8,9,13,14,15,19,20,23>6,8,9,15,16,17,20,14
2,3,4,5,6,7,12,16,17,19,21,23>19,2,18,16,4,12,7
2,3,4,5,6,7,12,16,17,19,21,23>2,3,17,18,16,4,12,7
2,3,4,5,6,7,12,16,17,19,21,23>2,6,17,19,21,22,23,16,4,12,7
2,3,4,5,6,7,12,16,17,19,21,23>5,6,17,18,21,22,16,4,12,7
2,3,4,5,6,7,12,16,17,19,21,23>3,5,6,17,23,16,4,12,7
2,3,4,5,6,7,12,16,17,19,21,23>2,3,5,6,18,21,23,16,4,12,7
2,3,4,5,6,7,12,16,17,19,21,23>3,5,6,21,22,16,4,12,7
2,3,4,5,6,7,12,16,17,19,21,23>2,3,8,21,22,23,16,4,12,7
2,3,5,7,8,10,12,13,14,18,20,23>2,4,10,13,17,20,8,14
2,3,5,7,8,10,12,13,14,18,20,23>2,4,12,13,18,21,23,8,14
2,3,5,7,8,10,12,13,14,18,20,23>2,3,4,12,17,18,20,21,8,14
2,3,5,7,8,10,12,13,14,18,20,23>2,3,5,10,12,17,18,19,23,8,14
2,3,5,7,8,10,12,13,14,18,20,23>2,3,6,10,12,21,23,8,14
2,3,5,7,8,10,12,13,14,18,20,23>2,3,4,6,10,12,13,20,23,8,14
2,3,5,7,8,10,12,13,14,18,20,23>2,5,6,7,18,19,20,21,23,8,14
2,3,5,7,8,10,12,13,14,18,20,23>2,3,5,6,10,12,13,17,18,20,21,8,14
2,5,7,8,9,11,13,18,19,21>18,22,11,19,13
2,5,7,8,9,11,13,18,19,21>2,5,7,11,14,20,22,19,13
2,5,7,8,9,11,13,18,19,21>7,8,9,18,20,21,22,19,13
2,5,7,8,9,11,13,18,19,21>2,5,8,20,22,19,13
2,5,7,8,9,11,13,18,19,21>2,7,9,14,20,21,19,13
2,5,7,8,9,11,13,18,19,21>5,7,9,11,14,18,20,19,13
2,5,7,8,9,11,13,18,19,21>2,8,9,11,14,21,22,19,13
2,5,7,8,9,11,13,18,19,21>7,8,9,11,14,22,19,13
2,3,7,8,9,10,12,13,15,17,21>11,15,16,21,22,8,10,12,13
2,3,7,8,9,10,12,13,15,17,21>2,3,15,16,17,21,8,10,12,13
2,3,7,8,9,10,12,13,15,17,21>2,3,4,14,16,21,8,10,12,13
2,3,7,8,9,10,12,13,15,17,21>2,7,14,15,16,17,21,8,10,12,13
2,3,7,8,9,10,12,13,15,17,21>4,7,15,17,21,8,10,12,13
2,3,7,8,9,10,12,13,15,17,21>2,7,9,15,17,21,8,10,12,13
2,3,7,8,9,10,12,13,15,17,21>3,7,9,11,14,15,17,8,10,12,13
2,3,7,8,9,10,12,13,15,17,21>2,3,7,9,11,14,22,8,10,12,13
1,3,9,10,13,17,19,23>17,19,20,10
1,3,9,10,13,17,19,23>1,3,11,14,18,20,23
1,3,9,10,13,17,19,23>1,2,3,10,11,13,17,18,20
1,3,9,10,13,17,19,23>1,4,11,17,18,20
1,3,9,10,13,17,19,23>18,19,9,10
1,3,9,10,13,17,19,23>1,2,3,9,18,23
1,3,9,10,13,17,19,23>1,4,9,10,11,17,20
1,3,9,10,13,17,19,23>1,3,4,9,13,14,18,20
2,3,5,8,9,14,18,20,22,23>3,4,9,10,14,19,21,20,23
2,3,5,8,9,14,18,20,22,23>2,5,14,17,18,20,23
2,3,5,8,9,14,18,20,22,23>3,4,5,8,14,18,19,20,23
2,3,5,8,9,14,18,20,22,23>2,4,6,8,9,10,14,17,19,21,20,23
2,3,5,8,9,14,18,20,22,23>2,5,6,8,14,18,19,21,22,20,23
2,3,5,8,9,14,18,20,22,23>3,5,6,8,10,17,18,19,21,20,23
2,3,5,8,9,14,18,20,22,23>2,4,5,6,8,9,10,19,20,23
2,3,5,8,9,14,18,20,22,23>2,3,4,5,6,8,21,22,20,23
1,2,3,4,6,9,12,13,15,16,19,20>1,3,12,14,19,21,16,2,4,13
1,2,3,4,6,9,12,13,15,16,19,20>7,9,12,15,20,16,2,4,13
1,2,3,4,6,9,12,13,15,16,19,20>1,7,9,14,19,20,21,16,2,4,13
1,2,3,4,6,9,12,13,15,16,19,20>3,20,7,21,16,2,4,13
1,2,3,4,6,9,12,13,15,16,19,20>3,8,9,12,15,19,20,21,16,2,4,13
1,2,3,4,6,9,12,13,15,16,19,20>1,3,8,14,15,21,16,2,4,13
1,2,3,4,6,9,12,13,15,16,19,20>6,7,8,9,12,19,20,21,16,2,4,13
1,2,3,4,6,9,12,13,15,16,19,20>3,6,7,8,9,12,14,19,16,2,4,13
1,5,10,11,12,13,15,16,23>1,15,10,13,16,11,12
1,5,10,11,12,13,15,16,23>14,23,6,10,16,11,12
1,5,10,11,12,13,15,16,23>1,5,6,10,14,15,16,11,12
1,5,10,11,12,13,15,16,23>1,2,5,6,16,11,12
1,5,10,11,12,13,15,16,23>1,8,14,15,23,16,11,12
1,5,10,11,12,13,15,16,23>14,6,8,10,16,11,12
1,5,10,11,12,13,15,16,23>2,6,8,15,23,16,11,12
1,5,10,11,12,13,15,16,23>2,5,6,8,10,13,16,11,12
1,2,3,4,5,6,8,10,11,12,15,16,17,18,19,20,22,23>1,3,5,10,11,15,18,21,2,4,8,16,19,23
1,2,3,4,5,6,8,10,11,12,15,16,17,18,19,20,22,23>1,3,5,10,11,12,20,21,22,2,4,8,16,19,23
1,2,3,4,5,6,8,10,11,12,15,16,17,18,19,20,22,23>1,6,15,17,18,20,22,2,4,8,16,19,23
1,2,3,4,5,6,8,10,11,12,15,16,17,18,19,20,22,23>5,6,12,18,20,22,2,4,8,16,19,23
1,2,3,4,5,6,8,10,11,12,15,16,17,18,19,20,22,23>3,5,7,10,11,15,18,20,2,4,8,16,19,23
1,2,3,4,5,6,8,10,11,12,15,16,17,18,19,20,22,23>6,7,11,17,18,20,21,2,4,8,16,19,23
1,2,3,4,5,6,8,10,11,12,15,16,17,18,19,20,22,23>1,6,7,10,17,18,22,2,4,8,16,19,23
1,2,3,4,5,6,8,10,11,12,15,16,17,18,19,20,22,23>1,5,6,7,11,12,18,21,22,2,4,8,16,19,23
5,8,11,12,16,17,18>19,5,6,18,8,12
5,8,11,12,16,17,18>19,6,11,8,12
5,8,11,12,16,17,18>5,13,18,8,12
5,8,11,12,16,17,18>11,13,17,18,19,8,12
5,8,11,12,16,17,18>16,17,18,8,12
5,8,11,12,16,17,18>5,16,18,8,12
5,8,11,12,16,17,18>5,6,16,17,19,8,12
5,8,11,12,16,17,18>19,11,16,18,8,12
3,6,12,13,14,16,17>3,4,16,17,18,12,13,14
3,6,12,13,14,16,17>6,15,16,17,18,12,13,14
3,6,12,13,14,16,17>3,4,15,17,18,12,13,14
3,6,12,13,14,16,17>17,3,7,16,12,13,14
3,6,12,13,14,16,17>17,18,6,7,12,13,14
3,6,12,13,14,16,17>3,6,7,15,16,18,12,13,14
3,6,12,13,14,16,17>3,8,16,12,13,14
3,6,12,13,14,16,17>6,7,8,16,12,13,14
4,5,8,9,10,11,13,15,16,18,21,22,23>4,5,6,12,13,15,18,8,10,11,16,22,23
4,5,8,9,10,11,13,15,16,18,21,22,23>4,5,6,18,21,8,10,11,16,22,23
4,5,8,9,10,11,13,15,16,18,21,22,23>4,12,14,18,19,8,10,11,16,22,23
4,5,8,9,10,11,13,15,16,18,21,22,23>4,5,12,13,19,21,8,10,11,16,22,23
4,5,8,9,10,11,13,15,16,18,21,22,23>4,5,6,12,13,15,19,8,10,11,16,22,23
4,5,8,9,10,11,13,15,16,18,21,22,23>9,12,13,14,19,8,10,11,16,22,23
4,5,8,9,10,11,13,15,16,18,21,22,23>4,5,9,12,8,10,11,16,22,23
4,5,8,9,10,11,13,15,16,18,21,22,23>4,6,9,12,18,19,8,10,11,16,22,23
1,2,3,6,7,11,14,15,17,18,19,20,21,23>3,4,14,22,23,2,7,15,17,18,19,20,21
1,2,3,6,7,11,14,15,17,18,19,20,21,23>23,3,4,16,2,7,15,17,18,19,20,21
1,2,3,6,7,11,14,15,17,18,19,20,21,23>1,3,6,14,22,2,7,15,17,18,19,20,21
1,2,3,6,7,11,14,15,17,18,19,20,21,23>22,1,11,2,7,15,17,18,19,20,21
1,2,3,6,7,11,14,15,17,18,19,20,21,23>22,3,11,2,7,15,17,18,19,20,21
1,2,3,6,7,11,14,15,17,18,19,20,21,23>1,11,23,16,2,7,15,17,18,19,20,21
1,2,3,6,7,11,14,15,17,18,19,20,21,23>1,3,4,11,2,7,15,17,18,19,20,21
1,2,3,6,7,11,14,15,17,18,19,20,21,23>1,3,6,11,14,16,2,7,15,17,18,19,20,21
2,3,7,8,9,10,11,12,16,18,19,22>2,7,10,13,22,8,19,11,12
2,3,7,8,9,10,11,12,16,18,19,22>2,3,7,10,18,8,19,11,12
2,3,7,8,9,10,11,12,16,18,19,22>2,3,7,10,23,8,19,11,12
2,3,7,8,9,10,11,12,16,18,19,22>2,3,9,10,13,16,22,8,19,11,12
2,3,7,8,9,10,11,12,16,18,19,22>2,7,9,13,16,8,19,11,12
2,3,7,8,9,10,11,12,16,18,19,22>16,3,7,9,8,19,11,12
2,3,7,8,9,10,11,12,16,18,19,22>4,7,9,10,16,8,19,11,12
2,3,7,8,9,10,11,12,16,18,19,22>2,3,4,7,9,18,8,19,11,12
3,4,7,8,9,10,11,12,13,17,18,20,21>3,22,14,19,4,8,10,13,17,21
3,4,7,8,9,10,11,12,13,17,18,20,21>3,9,16,19,20,22,4,8,10,13,17,21
3,4,7,8,9,10,11,12,13,17,18,20,21>18,11,16,4,8,10,13,17,21
3,4,7,8,9,10,11,12,13,17,18,20,21>3,9,11,18,19,20,22,4,8,10,13,17,21
3,4,7,8,9,10,11,12,13,17,18,20,21>3,7,12,19,20,22,4,8,10,13,17,21
3,4,7,8,9,10,11,12,13,17,18,20,21>11,12,14,18,20,4,8,10,13,17,21
3,4,7,8,9,10,11,12,13,17,18,20,21>7,11,12,16,19,4,8,10,13,17,21
3,4,7,8,9,10,11,12,13,17,18,20,21>7,9,11,12,4,8,10,13,17,21
1,4,5,6,8,12,14,16,17,18,19,21,22>14,17,21,23,8,12,16,19,22
1,4,5,6,8,12,14,16,17,18,19,21,22>17,18,21,13,8,12,16,19,22
1,4,5,6,8,12,14,16,17,18,19,21,22>2,13,14,18,21,8,12,16,19,22
1,4,5,6,8,12,14,16,17,18,19,21,22>5,7,13,17,18,8,12,16,19,22
1,4,5,6,8,12,14,16,17,18,19,21,22>2,5,7,13,21,8,12,16,19,22
1,4,5,6,8,12,14,16,17,18,19,21,22>6,7,13,18,23,8,12,16,19,22
1,4,5,6,8,12,14,16,17,18,19,21,22>4,6,7,13,21,8,12,16,19,22
1,4,5,6,8,12,14,16,17,18,19,21,22>2,4,5,6,7,13,23,8,12,16,19,22
2,3,4,5,6,8,9,13,14,15,16,17,19,22>2,3,12,15,19,23,4,8,13,14,16
2,3,4,5,6,8,9,13,14,15,16,17,19,22>3,5,12,15,19,22,4,8,13,14,16
2,3,4,5,6,8,9,13,14,15,16,17,19,22>2,3,5,19,20,4,8,13,14,16
2,3,4,5,6,8,9,13,14,15,16,17,19,22>3,5,6,9,15,17,19,20,4,8,13,14,16
2,3,4,5,6,8,9,13,14,15,16,17,19,22>3,5,7,9,22,4,8,13,14,16
2,3,4,5,6,8,9,13,14,15,16,17,19,22>2,6,7,12,19,20,22,4,8,13,14,16
2,3,4,5,6,8,9,13,14,15,16,17,19,22>3,6,7,12,15,17,19,20,4,8,13,14,16
2,3,4,5,6,8,9,13,14,15,16,17,19,22>2,5,6,7,15,17,19,22,23,4,8,13,14,16
3,4,5,6,7,10,12,13,14,17,19,22,23>3,5,6,17,18,22,4,7,12,14,23
3,4,5,6,7,10,12,13,14,17,19,22,23>8,11,13,17,18,19,4,7,12,14,23
3,4,5,6,7,10,12,13,14,17,19,22,23>3,5,6,13,15,16,19,22,4,7,12,14,23
3,4,5,6,7,10,12,13,14,17,19,22,23>3,8,11,17,18,19,4,7,12,14,23
3,4,5,6,7,10,12,13,14,17,19,22,23>6,8,11,13,16,18,19,4,7,12,14,23
3,4,5,6,7,10,12,13,14,17,19,22,23>3,6,8,13,15,17,18,19,22,4,7,12,14,23
3,4,5,6,7,10,12,13,14,17,19,22,23>3,5,6,8,13,15,17,19,22,4,7,12,14,23
3,4,5,6,7,10,12,13,14,17,19,22,23>5,8,10,11,15,16,17,18,22,4,7,12,14,23
3,5,8,13,16,17,20>17,21,16,8,20
3,5,8,13,16,17,20>21,4,14,8,20
3,5,8,13,16,17,20>17,3,4,16,8,20
3,5,8,13,16,17,20>17,4,6,14,8,20
3,5,8,13,16,17,20>3,4,6,17,21,8,20
3,5,8,13,16,17,20>13,14,8,20
3,5,8,13,16,17,20>4,5,13,17,21,8,20
3,5,8,13,16,17,20>3,5,6,13,16,8,20
1,3,4,10,12,15,17,19,20,21>1,3,12,20,22,17,4,21
1,3,4,10,12,15,17,19,20,21>1,2,3,15,22,17,4,21
1,3,4,10,12,15,17,19,20,21>2,8,12,15,18,20,22,17,4,21
1,3,4,10,12,15,17,19,20,21>3,8,15,16,19,20,22,17,4,21
1,3,4,10,12,15,17,19,20,21>1,3,8,13,15,16,18,19,20,17,4,21
1,3,4,10,12,15,17,19,20,21>2,10,12,16,19,17,4,21
1,3,4,10,12,15,17,19,20,21>1,8,10,12,13,20,17,4,21
1,3,4,10,12,15,17,19,20,21>2,3,8,10,13,15,18,19,22,17,4,21
2,5,6,7,9,10,12,13,19,20,21,22>23,10,21,13,22,7
2,5,6,7,9,10,12,13,19,20,21,22>2,19,20,10,21,13,22,7
2,5,6,7,9,10,12,13,19,20,21,22>2,5,8,10,14,19,21,13,22,7
2,5,6,7,9,10,12,13,19,20,21,22>5,6,8,12,17,23,21,13,22,7
2,5,6,7,9,10,12,13,19,20,21,22>5,6,9,14,23,21,13,22,7
2,5,6,7,9,10,12,13,19,20,21,22>2,8,9,19,20,21,13,22,7
2,5,6,7,9,10,12,13,19,20,21,22>2,6,8,9,10,14,17,21,13,22,7
2,5,6,7,9,10,12,13,19,20,21,22>2,5,6,8,9,10,12,17,19,21,13,22,7
1,2,4,5,11,12,18,21,22>4,5,13,18,19,21,2,12,22
1,2,4,5,11,12,18,21,22>1,6,16,18,21,23,2,12,22
1,2,4,5,11,12,18,21,22>4,6,13,16,23,2,12,22
1,2,4,5,11,12,18,21,22>4,8,11,13,16,18,19,21,2,12,22
1,2,4,5,11,12,18,21,22>1,5,8,16,19,21,23,2,12,22
1,2,4,5,11,12,18,21,22>4,5,8,11,13,16,18,2,12,22
1,2,4,5,11,12,18,21,22>5,6,8,11,19,2,12,22
1,2,4,5,11,12,18,21,22>1,5,6,8,16,19,23,2,12,22
3,4,5,9,11,14,16,18,23>5,11,14,18,19,23,16,4
3,4,5,9,11,14,16,18,23>5,11,14,15,18,19,16,4
3,4,5,9,11,14,16,18,23>5,6,8,10,11,12,14,16,4
3,4,5,9,11,14,16,18,23>5,9,12,14,23,16,4
3,4,5,9,11,14,16,18,23>3,5,6,9,10,11,14,19,16,4
3,4,5,9,11,14,16,18,23>3,8,9,10,11,14,18,16,4
3,4,5,9,11,14,16,18,23>3,5,8,9,11,12,19,16,4
3,4,5,9,11,14,16,18,23>3,5,6,8,9,15,18,23,16,4
1,5,6,12,14,17,18,22>2,5,15,17,19,23,18,12,6
1,5,6,12,14,17,18,22>1,2,5,15,19,22,23,18,12,6
1,5,6,12,14,17,18,22>1,2,7,13,18,12,6
1,5,6,12,14,17,18,22>1,5,7,15,17,19,23,18,12,6
1,5,6,12,14,17,18,22>1,8,15,22,23,18,12,6
1,5,6,12,14,17,18,22>2,5,8,13,14,15,22,18,12,6
1,5,6,12,14,17,18,22>1,7,8,14,17,18,12,6
1,5,6,12,14,17,18,22>2,7,8,14,22,23,18,12,6
1,2,5,7,9,10,13,15,19,20,21,22>17,19,9,15,2,13,20,21,22
1,2,5,7,9,10,13,15,19,20,21,22>5,9,14,16,23,2,13,20,21,22
1,2,5,7,9,10,13,15,19,20,21,22>1,7,9,14,16,19,2,13,20,21,22
1,2,5,7,9,10,13,15,19,20,21,22>1,7,9,14,23,2,13,20,21,22
1,2,5,7,9,10,13,15,19,20,21,22>16,1,19,10,2,13,20,21,22
1,2,5,7,9,10,13,15,19,20,21,22>5,10,14,15,17,2,13,20,21,22
1,2,5,7,9,10,13,15,19,20,21,22>1,5,10,15,16,23,2,13,20,21,22
1,2,5,7,9,10,13,15,19,20,21,22>5,10,15,16,17,19,2,13,20,21,22
5,8,9,11,15,16,17,20,21,22>17,23,6,8,16,20,21,22
5,8,9,11,15,16,17,20,21,22>23,6,15,8,16,20,21,22
5,8,9,11,15,16,17,20,21,22>5,9,13,15,23,8,16,20,21,22
5,8,9,11,15,16,17,20,21,22>5,9,10,13,17,23,8,16,20,21,22
5,8,9,11,15,16,17,20,21,22>5,9,10,13,15,8,16,20,21,22
5,8,9,11,15,16,17,20,21,22>5,11,13,23,8,16,20,21,22
5,8,9,11,15,16,17,20,21,22>5,9,10,11,15,23,8,16,20,21,22
5,8,9,11,15,16,17,20,21,22>6,9,10,11,13,17,8,16,20,21,22
1,3,7,8,10,11,16,19>2,10,12,13,16,8,11
1,3,7,8,10,11,16,19>3,10,12,13,20,8,11
1,3,7,8,10,11,16,19>2,3,10,13,16,19,8,11
1,3,7,8,10,11,16,19>1,7,10,12,16,8,11
1,3,7,8,10,11,16,19>1,2,3,7,10,12,19,20,8,11
1,3,7,8,10,11,16,19>1,19,4,7,8,11
1,3,7,8,10,11,16,19>2,4,7,10,13,16,8,11
1,3,7,8,10,11,16,19>1,2,3,4,7,13,20,8,11
1,3,4,7,8,9,11,12,14,16,21,23>1,2,11,14,21,22,23,8,16,4,12
1,3,4,7,8,9,11,12,14,16,21,23>2,7,10,11,14,22,8,16,4,12
1,3,4,7,8,9,11,12,14,16,21,23>1,3,7,11,14,21,22,8,16,4,12
1,3,4,7,8,9,11,12,14,16,21,23>1,7,9,10,11,14,22,23,8,16,4,12
1,3,4,7,8,9,11,12,14,16,21,23>1,2,7,9,10,11,14,23,8,16,4,12
1,3,4,7,8,9,11,12,14,16,21,23>2,3,7,9,10,14,23,8,16,4,12
1,3,4,7,8,9,11,12,14,16,21,23>1,3,7,9,22,23,8,16,4,12
1,3,4,7,8,9,11,12,14,16,21,23>2,3,7,9,10,11,23,8,16,4,12
3,4,7,8,11,12,14,15,16,18,20,21,23>22,3,7,11,8,16,4,21
3,4,7,8,11,12,14,15,16,18,20,21,23>3,12,15,18,20,8,16,4,21
3,4,7,8,11,12,14,15,16,18,20,21,23>3,7,12,15,19,20,22,23,8,16,4,21
3,4,7,8,11,12,14,15,16,18,20,21,23>7,11,12,15,18,19,20,22,8,16,4,21
3,4,7,8,11,12,14,15,16,18,20,21,23>7,14,18,19,20,8,16,4,21
3,4,7,8,11,12,14,15,16,18,20,21,23>3,7,14,15,19,20,22,8,16,4,21
3,4,7,8,11,12,14,15,16,18,20,21,23>3,7,12,14,19,20,22,8,16,4,21
3,4,7,8,11,12,14,15,16,18,20,21,23>3,11,12,14,19,22,23,8,16,4,21
2,3,5,7,8,15,16,21,22,23>2,3,21,12,8,16,22,23
2,3,5,7,8,15,16,21,22,23>15,3,4,8,16,22,23
2,3,5,7,8,15,16,21,22,23>15,2,5,7,8,16,22,23
2,3,5,7,8,15,16,21,22,23>2,4,5,12,21,8,16,22,23
2,3,5,7,8,15,16,21,22,23>3,4,5,7,8,16,22,23
2,3,5,7,8,15,16,21,22,23>21,3,6,8,16,22,23
2,3,5,7,8,15,16,21,22,23>2,4,6,7,12,15,21,8,16,22,23
2,3,5,7,8,15,16,21,22,23>15,21,5,6,8,16,22,23
