TCR,NFAT,IFN-\beta,IFN-\betaR,IL-18,IL-18R,IRAK,SOCS1,IL-12,IL-12R,STAT4,T-bet,IFN-\gamma,IFN-\gammaR,JAK1,STAT1,IL-4,IL-4R,STAT6,GATA3,IL-10,IL-10R,STAT3
1,3,4,5,6,10,11,15,17,20,21>5,7,10,13,15,16,4,6,17,20,21
1,3,4,5,6,10,11,15,17,20,21>2,5,10,13,16,18,22,4,6,17,20,21
1,3,4,5,6,10,11,15,17,20,21>15,3,5,4,6,17,20,21
1,3,4,5,6,10,11,15,17,20,21>1,2,3,13,18,4,6,17,20,21
1,3,4,5,7,10,11,14,15,20,22,23>2,6,7,10,17,22,23,4,20,15
1,3,4,5,7,10,11,14,15,20,22,23>1,2,5,10,11,14,16,17,23,4,20,15
1,3,4,5,7,10,11,14,15,20,22,23>1,3,5,10,14,16,17,21,22,23,4,20,15
1,3,4,5,7,10,11,14,15,20,22,23>1,3,5,6,7,10,11,14,17,21,22,23,4,20,15
3,6,7,12,13,15,16,17,20,22,23>8,12,15,17,20,21,22,16,23,7
3,6,7,12,13,15,16,17,20,22,23>4,14,17,20,22,16,23,7
3,6,7,12,13,15,16,17,20,22,23>6,14,18,20,21,22,16,23,7
3,6,7,12,13,15,16,17,20,22,23>17,22,13,16,23,7
1,2,3,4,6,9,10,13,14,15,16,17,19,20,21,23>1,23,8,10,2,4,14,15,16,20,21
1,2,3,4,6,9,10,13,14,15,16,17,19,20,21,23>3,8,9,10,17,19,22,23,2,4,14,15,16,20,21
1,2,3,4,6,9,10,13,14,15,16,17,19,20,21,23>3,6,7,9,18,19,23,2,4,14,15,16,20,21
1,2,3,4,6,9,10,13,14,15,16,17,19,20,21,23>1,8,9,17,18,22,23,2,4,14,15,16,20,21
3,4,5,9,12,13,16,17,21,22,23>18,10,13,4,12,16,22,23
3,4,5,9,12,13,16,17,21,22,23>3,9,10,17,18,21,4,12,16,22,23
3,4,5,9,12,13,16,17,21,22,23>5,8,9,13,14,17,21,4,12,16,22,23
3,4,5,9,12,13,16,17,21,22,23>14,18,9,10,4,12,16,22,23
1,5,6,7,8,9,11,12,18,20,21,23>1,9,10,17,20,22,8,21,6,7
1,5,6,7,8,9,11,12,18,20,21,23>1,2,9,10,11,18,19,20,22,23,8,21,6,7
1,5,6,7,8,9,11,12,18,20,21,23>1,5,9,10,12,19,8,21,6,7
1,5,6,7,8,9,11,12,18,20,21,23>2,5,11,12,20,23,8,21,6,7
2,9,12,13,14,16,18,19,22>23,15,16,22,19,12,13,14
2,9,12,13,14,16,18,19,22>2,15,18,22,19,12,13,14
2,9,12,13,14,16,18,19,22>8,16,18,22,19,12,13,14
2,9,12,13,14,16,18,19,22>2,9,15,16,18,23,19,12,13,14
1,4,5,6,7,8,9,12,13,14,15,20,23>5,12,13,17,20,21,8,14,6,7
1,4,5,6,7,8,9,12,13,14,15,20,23>2,16,23,12,8,14,6,7
1,4,5,6,7,8,9,12,13,14,15,20,23>4,12,13,16,20,8,14,6,7
1,4,5,6,7,8,9,12,13,14,15,20,23>4,9,13,15,16,17,20,21,8,14,6,7
1,4,6,8,9,12,13,14,15,16,23>2,4,6,13,15,8,16,12,14
1,4,6,8,9,12,13,14,15,16,23>1,2,6,10,13,15,23,8,16,12,14
1,4,6,8,9,12,13,14,15,16,23>1,4,9,10,13,15,8,16,12,14
1,4,6,8,9,12,13,14,15,16,23>2,4,7,9,10,15,8,16,12,14
1,4,10,12,15,16,19,22,23>22,2,8,16,12,23
1,4,10,12,15,16,19,22,23>1,2,8,15,19,16,12,23
1,4,10,12,15,16,19,22,23>2,10,11,16,12,23
1,4,10,12,15,16,19,22,23>1,2,4,11,16,12,23
1,2,5,6,8,12,15,20,21,23>20,22,7,15,8,2,21,6
1,2,5,6,8,12,15,20,21,23>1,7,12,15,16,20,23,8,2,21,6
1,2,5,6,8,12,15,20,21,23>5,7,15,22,23,8,2,21,6
1,2,5,6,8,12,15,20,21,23>7,12,15,16,22,23,8,2,21,6
2,4,6,10,11,13,15,16,18,19,20,22,23>4,8,10,13,14,18,21,16,19,20,23
2,4,6,10,11,13,15,16,18,19,20,22,23>4,8,10,14,15,21,22,16,19,20,23
2,4,6,10,11,13,15,16,18,19,20,22,23>4,6,7,8,10,14,21,16,19,20,23
2,4,6,10,11,13,15,16,18,19,20,22,23>4,6,7,8,10,11,22,16,19,20,23
2,3,4,5,6,8,9,12,13,17,18,19,21,22>2,6,9,16,23,4,8,12,13,19,22
2,3,4,5,6,8,9,12,13,17,18,19,21,22>5,7,9,16,18,23,4,8,12,13,19,22
2,3,4,5,6,8,9,12,13,17,18,19,21,22>2,18,5,17,4,8,12,13,19,22
2,3,4,5,6,8,9,12,13,17,18,19,21,22>2,21,7,9,4,8,12,13,19,22
2,3,5,6,7,8,13,16,18,19,20,21,22>23,6,14,7,8,13,19,20,21,22
2,3,5,6,7,8,13,16,18,19,20,21,22>2,3,5,6,7,8,13,19,20,21,22
2,3,5,6,7,8,13,16,18,19,20,21,22>18,4,6,7,8,13,19,20,21,22
2,3,5,6,7,8,13,16,18,19,20,21,22>2,3,4,5,18,7,8,13,19,20,21,22
1,2,5,7,8,11,13,17,18,20>19,7,11,17,2,20,13
1,2,5,7,8,11,13,17,18,20>1,5,11,17,2,20,13
1,2,5,7,8,11,13,17,18,20>21,6,7,17,2,20,13
1,2,5,7,8,11,13,17,18,20>1,6,8,17,2,20,13
1,2,3,4,9,11,14,17,19,22,23>20,11,14,16,2,4,23
1,2,3,4,9,11,14,17,19,22,23>1,11,14,17,22,2,4,23
1,2,3,4,9,11,14,17,19,22,23>11,14,15,18,20,22,2,4,23
1,2,3,4,9,11,14,17,19,22,23>17,18,19,16,2,4,23
2,3,6,10,11,12,13,14,17,19,20,22,23>2,3,7,8,10,11,13,15,18,21,17,14,23
2,3,6,10,11,12,13,14,17,19,20,22,23>2,3,4,6,7,12,13,22,17,14,23
2,3,6,10,11,12,13,14,17,19,20,22,23>2,4,6,7,11,12,13,18,21,22,17,14,23
2,3,6,10,11,12,13,14,17,19,20,22,23>2,3,4,6,8,10,11,12,18,19,20,21,22,17,14,23
1,2,3,4,5,6,7,8,9,11,13,14,15,16,19,20>21,6,11,15,2,4,7,8,13,14,16,20
1,2,3,4,5,6,7,8,9,11,13,14,15,16,19,20>1,11,15,2,4,7,8,13,14,16,20
1,2,3,4,5,6,7,8,9,11,13,14,15,16,19,20>1,5,9,15,2,4,7,8,13,14,16,20
1,2,3,4,5,6,7,8,9,11,13,14,15,16,19,20>3,5,9,11,21,2,4,7,8,13,14,16,20
4,5,6,10,15,16,17,18,19,21,22,23>4,5,6,12,15,21,16,18,19,22,23
4,5,6,10,15,16,17,18,19,21,22,23>4,8,11,15,21,16,18,19,22,23
4,5,6,10,15,16,17,18,19,21,22,23>4,5,7,8,11,12,17,21,16,18,19,22,23
4,5,6,10,15,16,17,18,19,21,22,23>4,5,6,7,10,11,12,20,21,16,18,19,22,23
1,2,3,4,8,10,11,12,14,15,17,21,23>1,15,16,22,2,4,8,11,12
1,2,3,4,8,10,11,12,14,15,17,21,23>1,15,21,22,23,2,4,8,11,12
1,2,3,4,8,10,11,12,14,15,17,21,23>3,10,16,17,22,23,2,4,8,11,12
1,2,3,4,8,10,11,12,14,15,17,21,23>1,3,10,14,21,2,4,8,11,12
1,4,6,11,12,13,14,17,18,19,20>1,2,20,8,13,14,17,18,19
1,4,6,11,12,13,14,17,18,19,20>1,4,6,7,11,20,13,14,17,18,19
1,4,6,11,12,13,14,17,18,19,20>2,4,6,7,8,11,12,15,16,13,14,17,18,19
1,4,6,11,12,13,14,17,18,19,20>1,2,4,6,11,16,13,14,17,18,19
1,5,6,7,8,15,16,20,22,23>15,21,22,6,7,8,16,20,23
1,5,6,7,8,15,16,20,22,23>1,15,21,6,7,8,16,20,23
1,5,6,7,8,15,16,20,22,23>1,2,15,22,6,7,8,16,20,23
1,5,6,7,8,15,16,20,22,23>1,2,5,21,22,6,7,8,16,20,23
2,3,4,5,6,7,11,12,14,16,18,19,21,23>21,22,23,14,4,7,12,16,19
2,3,4,5,6,7,11,12,14,16,18,19,21,23>2,3,6,11,14,23,4,7,12,16,19
2,3,4,5,6,7,11,12,14,16,18,19,21,23>5,6,8,15,18,22,23,4,7,12,16,19
2,3,4,5,6,7,11,12,14,16,18,19,21,23>2,5,6,11,14,18,21,22,4,7,12,16,19
1,2,3,5,10,13,14,15,17,18,22>5,6,11,19,22,23,2,13,14,15,18
1,2,3,5,10,13,14,15,17,18,22>1,5,6,10,16,17,22,23,2,13,14,15,18
1,2,3,5,10,13,14,15,17,18,22>4,5,6,16,19,22,23,2,13,14,15,18
1,2,3,5,10,13,14,15,17,18,22>16,3,4,23,2,13,14,15,18
3,5,6,7,8,11,12,13,14,17,18,19,20,21>20,4,5,11,7,8,13,14,17,19,21
3,5,6,7,8,11,12,13,14,17,18,19,20,21>5,6,12,18,22,7,8,13,14,17,19,21
3,5,6,7,8,11,12,13,14,17,18,19,20,21>3,5,6,18,22,7,8,13,14,17,19,21
3,5,6,7,8,11,12,13,14,17,18,19,20,21>4,5,11,18,7,8,13,14,17,19,21
3,6,7,8,10,12,13,14,16,17,18,20>3,6,10,12,8,13,14,7
3,6,7,8,10,12,13,14,16,17,18,20>3,4,12,16,17,19,8,13,14,7
3,6,7,8,10,12,13,14,16,17,18,20>3,6,12,16,18,20,8,13,14,7
3,6,7,8,10,12,13,14,16,17,18,20>20,4,6,10,8,13,14,7
1,5,8,9,10,11,12,13,15,22,23>1,5,6,9,13,15,16,8,10,11,12,23
1,5,8,9,10,11,12,13,15,22,23>1,5,13,14,16,8,10,11,12,23
1,5,8,9,10,11,12,13,15,22,23>2,5,9,13,14,16,8,10,11,12,23
1,5,8,9,10,11,12,13,15,22,23>1,2,5,6,8,10,11,12,23
1,6,8,10,13,14,15,16,17,18,20,23>2,10,13,17,18,19,23,8,16,20,14
1,6,8,10,13,14,15,16,17,18,20,23>1,7,15,17,18,19,21,8,16,20,14
1,6,8,10,13,14,15,16,17,18,20,23>2,7,15,17,21,8,16,20,14
1,6,8,10,13,14,15,16,17,18,20,23>1,6,13,17,18,19,8,16,20,14
2,4,8,9,12,13,15,17,19,23>17,23,15,16,8,12
2,4,8,9,12,13,15,17,19,23>2,4,13,14,15,16,17,8,12
2,4,8,9,12,13,15,17,19,23>9,13,14,16,19,8,12
2,4,8,9,12,13,15,17,19,23>14,15,17,19,23,8,12
2,4,5,9,12,13,15,20,21>2,4,6,8,9,14,17,22,21,13
2,4,5,9,12,13,15,20,21>2,4,6,8,15,17,21,13
2,4,5,9,12,13,15,20,21>2,5,6,8,14,16,17,20,21,13
2,4,5,9,12,13,15,20,21>2,4,5,6,8,10,12,20,22,21,13
1,3,4,5,6,8,9,10,17,18,19,20,21,22>1,2,3,5,6,8,9,18,23,4,17,19,20,21,22
1,3,4,5,6,8,9,10,17,18,19,20,21,22>3,5,6,8,16,23,4,17,19,20,21,22
1,3,4,5,6,8,9,10,17,18,19,20,21,22>2,3,7,8,9,16,4,17,19,20,21,22
1,3,4,5,6,8,9,10,17,18,19,20,21,22>1,2,3,5,8,10,4,17,19,20,21,22
2,3,4,5,11,13,17,19,22,23>3,14,16,18,22,4,23
2,3,4,5,11,13,17,19,22,23>17,3,20,22,4,23
2,3,4,5,11,13,17,19,22,23>3,14,16,19,20,22,4,23
2,3,4,5,11,13,17,19,22,23>2,3,5,11,16,18,19,20,4,23
1,3,5,9,10,12,14,15,18,22,23>4,5,6,8,9,14,16,18,19,10,12,23,15
1,3,5,9,10,12,14,15,18,22,23>1,4,8,14,16,18,19,10,12,23,15
1,3,5,9,10,12,14,15,18,22,23>1,2,4,8,9,14,18,19,22,10,12,23,15
1,3,5,9,10,12,14,15,18,22,23>1,3,5,8,9,11,18,19,10,12,23,15
2,4,9,10,11,12,16,20,23>2,8,12,20,16,10
2,4,9,10,11,12,16,20,23>4,8,9,12,21,23,16,10
2,4,9,10,11,12,16,20,23>2,8,9,20,21,16,10
2,4,9,10,11,12,16,20,23>4,8,20,16,10
2,5,6,9,10,11,12,13,14,15,16,17,18,21,22>7,8,9,17,21,23,6,10,11,12,13,14,15,16,18,22
2,5,6,9,10,11,12,13,14,15,16,17,18,21,22>2,7,8,17,21,6,10,11,12,13,14,15,16,18,22
2,5,6,9,10,11,12,13,14,15,16,17,18,21,22>5,7,8,17,19,21,23,6,10,11,12,13,14,15,16,18,22
2,5,6,9,10,11,12,13,14,15,16,17,18,21,22>2,5,7,19,21,6,10,11,12,13,14,15,16,18,22
4,6,7,9,10,11,14,16,17,20,23>4,8,14,15,18,21,16,10,20,7
4,6,7,9,10,11,14,16,17,20,23>4,8,11,15,18,21,23,16,10,20,7
4,6,7,9,10,11,14,16,17,20,23>6,8,14,15,21,23,16,10,20,7
4,6,7,9,10,11,14,16,17,20,23>4,6,8,14,18,16,10,20,7
1,3,5,6,7,9,11,12,19,21>1,2,11,13,19,21,22,12,7
1,3,5,6,7,9,11,12,19,21>3,8,11,19,21,12,7
1,3,5,6,7,9,11,12,19,21>1,3,5,8,11,22,12,7
1,3,5,6,7,9,11,12,19,21>1,2,3,4,11,19,21,22,12,7
1,2,4,16,17,19,20,21,22>23,1,18,2,16,20,21,22
1,2,4,16,17,19,20,21,22>23,8,13,19,2,16,20,21,22
1,2,4,16,17,19,20,21,22>1,8,17,18,2,16,20,21,22
1,2,4,16,17,19,20,21,22>4,8,17,18,23,2,16,20,21,22
3,5,6,8,10,11,14,15,19,21>3,10,13,14,16,20,22,11
3,5,6,8,10,11,14,15,19,21>4,6,8,15,19,21,22,11
3,5,6,8,10,11,14,15,19,21>4,6,8,14,16,21,11
3,5,6,8,10,11,14,15,19,21>3,4,5,6,8,19,21,22,11
1,3,5,6,7,9,10,11,12,14,17,20,21,22>1,4,5,8,12,14,23,6,7,10,17,21,22
1,3,5,6,7,9,10,11,12,14,17,20,21,22>1,2,4,9,13,14,15,6,7,10,17,21,22
1,3,5,6,7,9,10,11,12,14,17,20,21,22>2,3,4,5,13,15,18,20,23,6,7,10,17,21,22
1,3,5,6,7,9,10,11,12,14,17,20,21,22>1,2,3,4,9,11,12,15,6,7,10,17,21,22
1,2,4,5,7,8,9,15,19,21,22>1,8,13,16,19,20,21,2,22
1,2,4,5,7,8,9,15,19,21,22>4,5,8,9,13,16,19,20,2,22
1,2,4,5,7,8,9,15,19,21,22>1,5,15,16,21,23,2,22
1,2,4,5,7,8,9,15,19,21,22>4,5,7,9,19,21,23,2,22
3,5,6,7,8,12,15,17,23>4,15,16,23,8,12,6,7
3,5,6,7,8,12,15,17,23>3,4,16,17,8,12,6,7
3,5,6,7,8,12,15,17,23>3,5,16,17,23,8,12,6,7
3,5,6,7,8,12,15,17,23>4,5,15,8,12,6,7
1,5,6,8,10,12,14,16,17,21,22>2,7,11,13,14,17,8,12,6,22
1,5,6,8,10,12,14,16,17,21,22>1,2,7,11,14,17,21,23,8,12,6,22
1,5,6,8,10,12,14,16,17,21,22>1,5,23,13,8,12,6,22
1,5,6,8,10,12,14,16,17,21,22>1,2,7,10,11,13,14,21,23,8,12,6,22
1,3,7,10,11,12,13,14,15,16,17,21>1,2,3,10,17,18,11,12,13,14,15,16
1,3,7,10,11,12,13,14,15,16,17,21>2,7,10,18,21,22,11,12,13,14,15,16
1,3,7,10,11,12,13,14,15,16,17,21>1,2,7,10,18,22,11,12,13,14,15,16
1,3,7,10,11,12,13,14,15,16,17,21>1,2,3,7,8,17,18,22,11,12,13,14,15,16
1,3,5,6,8,9,12,15,16,18>1,4,5,9,15,19,8,16,12,6
1,3,5,6,8,9,12,15,16,18>3,4,5,7,10,15,18,19,8,16,12,6
1,3,5,6,8,9,12,15,16,18>3,4,5,7,13,18,19,8,16,12,6
1,3,5,6,8,9,12,15,16,18>1,2,3,5,7,9,10,18,19,8,16,12,6
1,3,4,5,6,10,16,19,20,23>21,2,3,8,16,4,20
1,3,4,5,6,10,16,19,20,23>19,3,5,16,4,20
1,3,4,5,6,10,16,19,20,23>2,3,7,19,21,16,4,20
1,3,4,5,6,10,16,19,20,23>1,2,3,5,7,10,21,16,4,20
2,6,7,9,10,12,15,17,19,21,22>2,9,10,11,13,15,16,18,21,23,12,22,7
2,6,7,9,10,12,15,17,19,21,22>6,13,15,16,17,23,12,22,7
2,6,7,9,10,12,15,17,19,21,22>2,6,10,13,16,17,18,19,21,12,22,7
2,6,7,9,10,12,15,17,19,21,22>6,8,11,15,16,17,18,19,21,12,22,7
4,7,9,10,11,12,13,16,17>4,9,18,10,11,12,13,16
4,7,9,10,11,12,13,16,17>8,9,14,10,11,12,13,16
4,7,9,10,11,12,13,16,17>7,8,18,10,11,12,13,16
4,7,9,10,11,12,13,16,17>4,14,17,10,11,12,13,16
1,3,4,5,10,11,13,14,15,17,18,20,23>13,21,5,6,4,14,15,17,18,20
1,3,4,5,10,11,13,14,15,17,18,20,23>1,5,10,11,13,16,19,4,14,15,17,18,20
1,3,4,5,10,11,13,14,15,17,18,20,23>1,2,10,11,13,16,19,23,4,14,15,17,18,20
1,3,4,5,10,11,13,14,15,17,18,20,23>13,16,21,5,4,14,15,17,18,20
3,5,6,7,8,9,16,17,21,22>3,4,5,9,10,12,16,21,8,22,6,7
3,5,6,7,8,9,16,17,21,22>4,9,16,21,23,8,22,6,7
3,5,6,7,8,9,16,17,21,22>3,4,10,16,17,23,8,22,6,7
3,5,6,7,8,9,16,17,21,22>3,4,5,13,23,8,22,6,7
1,3,4,6,7,13,14,16,21,22>6,12,4,7,13,14,16,22
1,3,4,6,7,13,14,16,21,22>2,8,12,15,21,4,7,13,14,16,22
1,3,4,6,7,13,14,16,21,22>21,3,4,7,13,14,16,22
1,3,4,6,7,13,14,16,21,22>1,3,8,12,23,4,7,13,14,16,22
1,2,4,5,8,9,12,13,15,17>5,10,15,16,17,8,2,12,13
1,2,4,5,8,9,12,13,15,17>5,9,14,16,17,8,2,12,13
1,2,4,5,8,9,12,13,15,17>1,17,5,9,8,2,12,13
1,2,4,5,8,9,12,13,15,17>4,5,6,14,15,8,2,12,13
4,6,8,9,10,11,13,14,15,18,20,21>18,19,22,11,10,13,14,20,21
4,6,8,9,10,11,13,14,15,18,20,21>6,8,9,15,22,10,13,14,20,21
4,6,8,9,10,11,13,14,15,18,20,21>6,7,9,11,10,13,14,20,21
4,6,8,9,10,11,13,14,15,18,20,21>4,6,7,8,15,19,22,10,13,14,20,21
1,2,3,4,7,8,12,16,22,23>3,7,2,4,8,12,16,23
1,2,3,4,7,8,12,16,22,23>1,3,2,4,8,12,16,23
1,2,3,4,7,8,12,16,22,23>22,7,2,4,8,12,16,23
1,2,3,4,7,8,12,16,22,23>3,22,2,4,8,12,16,23
2,6,9,10,11,13,14,16,17>6,8,12,15,18,10,11,13,14
2,6,9,10,11,13,14,16,17>17,18,7,12,10,11,13,14
2,6,9,10,11,13,14,16,17>6,7,8,15,10,11,13,14
2,6,9,10,11,13,14,16,17>18,6,7,10,11,13,14
2,4,5,6,7,8,9,10,11,12,14,15,16,21>2,5,14,6,7,8,10,11,12,16
2,4,5,6,7,8,9,10,11,12,14,15,16,21>5,9,13,15,22,6,7,8,10,11,12,16
2,4,5,6,7,8,9,10,11,12,14,15,16,21>5,9,14,15,21,6,7,8,10,11,12,16
2,4,5,6,7,8,9,10,11,12,14,15,16,21>22,4,5,6,7,8,10,11,12,16
1,4,5,6,7,8,11,13,18,20,21,23>17,18,11,13,20,21,6,7
1,4,5,6,7,8,11,13,18,20,21,23>1,8,14,16,17,19,20,21,6,7
1,4,5,6,7,8,11,13,18,20,21,23>1,4,5,11,14,17,18,19,22,20,21,6,7
1,4,5,6,7,8,11,13,18,20,21,23>1,2,4,5,8,11,16,18,23,20,21,6,7
1,5,6,7,8,10,11,12,13,14,15,17,18>19,16,6,7,8,11,12,13,14
1,5,6,7,8,10,11,12,13,14,15,17,18>5,15,17,18,19,6,7,8,11,12,13,14
1,5,6,7,8,10,11,12,13,14,15,17,18>1,5,10,15,17,6,7,8,11,12,13,14
1,5,6,7,8,10,11,12,13,14,15,17,18>2,5,15,16,6,7,8,11,12,13,14
1,3,4,5,6,7,9,11,15,17,18,19,21,22>2,11,13,20,21,23,4,7,18,19,22
1,3,4,5,6,7,9,11,15,17,18,19,21,22>2,5,6,9,11,13,20,4,7,18,19,22
1,3,4,5,6,7,9,11,15,17,18,19,21,22>2,3,6,11,15,17,20,23,4,7,18,19,22
1,3,4,5,6,7,9,11,15,17,18,19,21,22>1,2,3,5,6,13,21,4,7,18,19,22
1,2,5,6,11,12,13,14,17,22,23>8,11,15,17,22,2,6,12,14,23
1,2,5,6,11,12,13,14,17,22,23>1,5,13,15,18,2,6,12,14,23
1,2,5,6,11,12,13,14,17,22,23>1,7,17,18,22,2,6,12,14,23
1,2,5,6,11,12,13,14,17,22,23>1,5,7,8,11,22,2,6,12,14,23
1,4,5,11,12,13,15,16,17,18,19,20,21>2,5,8,14,17,20,13,16,18,19,21
1,4,5,11,12,13,15,16,17,18,19,20,21>4,11,12,14,15,17,20,13,16,18,19,21
1,4,5,11,12,13,15,16,17,18,19,20,21>4,5,11,14,15,22,13,16,18,19,21
1,4,5,11,12,13,15,16,17,18,19,20,21>1,2,4,5,8,11,15,17,20,22,13,16,18,19,21
2,3,4,5,6,7,9,12,15,16,17,22>8,10,13,15,17,18,4,6,7,12,16
2,3,4,5,6,7,9,12,15,16,17,22>2,8,9,15,17,22,4,6,7,12,16
2,3,4,5,6,7,9,12,15,16,17,22>15,2,23,10,4,6,7,12,16
2,3,4,5,6,7,9,12,15,16,17,22>5,8,23,13,4,6,7,12,16
2,5,14,16,18,19,22,23>20,22,15,19,23
2,5,14,16,18,19,22,23>18,2,5,15,19,23
2,5,14,16,18,19,22,23>22,8,16,19,23
2,5,14,16,18,19,22,23>5,8,12,15,18,22,19,23
2,3,6,7,8,9,12,13,15,16,20,21,23>6,12,13,22,23,8,16,21,7
2,3,6,7,8,9,12,13,15,16,20,21,23>2,3,6,9,10,12,13,8,16,21,7
2,3,6,7,8,9,12,13,15,16,20,21,23>2,3,6,12,13,23,8,16,21,7
2,3,6,7,8,9,12,13,15,16,20,21,23>2,3,4,9,13,15,20,23,8,16,21,7
2,4,5,8,10,11,13,14,20,21>2,6,10,16,17,22,21,20,13,14
2,4,5,8,10,11,13,14,20,21>2,4,5,6,11,16,17,22,21,20,13,14
2,4,5,8,10,11,13,14,20,21>4,5,6,8,10,16,21,20,13,14
2,4,5,8,10,11,13,14,20,21>2,4,5,6,8,10,17,22,21,20,13,14
5,7,9,11,12,13,14,17,18,20,21,22,23>5,7,10,11,12,19,14,17,18,21,22,23
5,7,9,11,12,13,14,17,18,20,21,22,23>6,7,9,10,11,15,19,14,17,18,21,22,23
5,7,9,11,12,13,14,17,18,20,21,22,23>5,7,9,10,13,14,17,18,21,22,23
5,7,9,11,12,13,14,17,18,20,21,22,23>6,7,8,9,13,15,20,14,17,18,21,22,23
3,4,5,7,10,11,12,14,17,20,21>7,10,13,20,22,17,4,21
3,4,5,7,10,11,12,14,17,20,21>5,7,8,11,12,14,16,20,17,4,21
3,4,5,7,10,11,12,14,17,20,21>3,5,7,8,18,20,17,4,21
3,4,5,7,10,11,12,14,17,20,21>5,8,12,13,14,15,16,17,4,21
1,3,7,10,11,12,17,18,19,22>1,4,7,8,10,13,19,18,11,12
1,3,7,10,11,12,17,18,19,22>1,2,4,8,17,22,23,19,18,11,12
1,3,7,10,11,12,17,18,19,22>2,3,4,7,8,10,17,19,18,11,12
1,3,7,10,11,12,17,18,19,22>1,2,3,7,8,17,19,18,11,12
2,3,7,8,10,13,14,15,16,17,21,23>2,10,15,17,22,8,16,14
2,3,7,8,10,13,14,15,16,17,21,23>3,7,10,12,17,8,16,14
2,3,7,8,10,13,14,15,16,17,21,23>4,7,11,13,15,17,21,23,8,16,14
2,3,7,8,10,13,14,15,16,17,21,23>2,3,4,10,21,22,23,8,16,14
2,5,6,7,10,12,15,16,18,21,22>5,10,13,18,23,6,7,12,16,22
2,5,6,7,10,12,15,16,18,21,22>5,8,10,11,13,15,21,6,7,12,16,22
2,5,6,7,10,12,15,16,18,21,22>2,8,11,13,18,19,23,6,7,12,16,22
2,5,6,7,10,12,15,16,18,21,22>5,8,10,15,23,6,7,12,16,22
1,3,5,6,10,14,18,19,21>4,5,10,11,20,21,19
1,3,5,6,10,14,18,19,21>3,5,7,10,15,20,22,19
1,3,5,6,10,14,18,19,21>2,3,5,7,10,22,19
1,3,5,6,10,14,18,19,21>2,3,4,6,11,15,20,19
2,3,4,5,7,8,10,11,12,17,18>7,10,13,16,18,19,8,11,4,12
2,3,4,5,7,8,10,11,12,17,18>3,13,16,18,19,8,11,4,12
2,3,4,5,7,8,10,11,12,17,18>16,17,5,10,8,11,4,12
2,3,4,5,7,8,10,11,12,17,18>2,18,5,6,8,11,4,12
2,6,8,9,11,12,14,15,17,19,20,23>9,11,12,20,23,8,17
2,6,8,9,11,12,14,15,17,19,20,23>7,11,12,14,23,8,17
2,6,8,9,11,12,14,15,17,19,20,23>2,7,11,14,21,8,17
2,6,8,9,11,12,14,15,17,19,20,23>2,6,7,9,12,14,23,8,17
1,3,4,6,7,8,11,14,15,18,19,20,21>14,15,6,22,4,7,19,20,21
1,3,4,6,7,8,11,14,15,18,19,20,21>3,8,11,14,16,18,22,4,7,19,20,21
1,3,4,6,7,8,11,14,15,18,19,20,21>1,3,8,15,16,17,18,22,4,7,19,20,21
1,3,4,6,7,8,11,14,15,18,19,20,21>1,2,3,16,17,18,22,4,7,19,20,21
3,6,8,10,12,13,15,22,23>14,16,22,7,8,12,23
3,6,8,10,12,13,15,22,23>14,3,4,13,8,12,23
3,6,8,10,12,13,15,22,23>3,6,10,13,16,8,12,23
3,6,8,10,12,13,15,22,23>3,6,7,11,8,12,23
1,2,5,6,7,9,12,14,18,20,23>9,10,12,15,17,21,23,2,6,7
1,2,5,6,7,9,12,14,18,20,23>1,9,17,18,19,20,21,2,6,7
1,2,5,6,7,9,12,14,18,20,23>5,9,14,17,19,2,6,7
1,2,5,6,7,9,12,14,18,20,23>1,5,8,9,19,23,2,6,7
2,3,4,5,6,9,14,17,20,22,23>2,9,10,14,15,18,22,4,6,17,20,23
2,3,4,5,6,9,14,17,20,22,23>3,7,9,18,22,4,6,17,20,23
2,3,4,5,6,9,14,17,20,22,23>2,7,10,14,15,22,4,6,17,20,23
2,3,4,5,6,9,14,17,20,22,23>15,3,21,14,4,6,17,20,23
1,2,3,5,7,8,10,11,14,15,21,22>3,4,5,6,7,13,15,16,21,23,2,11,22
1,2,3,5,7,8,10,11,14,15,21,22>1,5,6,7,14,15,16,21,23,2,11,22
1,2,3,5,7,8,10,11,14,15,21,22>3,4,8,10,14,21,23,2,11,22
1,2,3,5,7,8,10,11,14,15,21,22>1,3,4,5,6,15,16,2,11,22
3,5,6,7,8,9,10,14,15,16,17,19,20,22,23>15,17,22,10,7,8,16,20,23
3,5,6,7,8,9,10,14,15,16,17,19,20,22,23>17,4,21,6,7,8,16,20,23
3,5,6,7,8,9,10,14,15,16,17,19,20,22,23>5,9,10,14,19,21,7,8,16,20,23
3,5,6,7,8,9,10,14,15,16,17,19,20,22,23>4,9,10,14,17,19,22,7,8,16,20,23
1,3,5,8,9,10,11,12,17,18,19,20,22,23>4,5,11,12,20,21,22,8,17,19,23
1,3,5,8,9,10,11,12,17,18,19,20,22,23>4,9,12,18,20,22,8,17,19,23
1,3,5,8,9,10,11,12,17,18,19,20,22,23>1,2,4,5,10,12,18,22,8,17,19,23
1,3,5,8,9,10,11,12,17,18,19,20,22,23>3,9,10,20,21,22,8,17,19,23
1,3,4,8,9,11,13,15,16,17,18,19,21,22,23>1,2,3,9,11,14,15,18,21,4,8,16,19,22,23
1,3,4,8,9,11,13,15,16,17,18,19,21,22,23>3,11,12,15,18,21,4,8,16,19,22,23
1,3,4,8,9,11,13,15,16,17,18,19,21,22,23>2,3,9,12,13,17,4,8,16,19,22,23
1,3,4,8,9,11,13,15,16,17,18,19,21,22,23>1,2,3,20,4,8,16,19,22,23
2,3,5,6,7,8,9,14,15,17,20,22,23>2,4,8,10,14,15,21,22,6,7,17,20,23
2,3,5,6,7,8,9,14,15,17,20,22,23>2,4,9,10,14,15,16,6,7,17,20,23
2,3,5,6,7,8,9,14,15,17,20,22,23>2,4,9,16,22,6,7,17,20,23
2,3,5,6,7,8,9,14,15,17,20,22,23>2,4,5,8,9,10,15,21,6,7,17,20,23
2,4,9,11,13,15,16,17,20,23>2,23,21,10,16,20
2,4,9,11,13,15,16,17,20,23>4,11,14,15,18,21,23,16,20
2,4,9,11,13,15,16,17,20,23>8,9,11,13,15,23,16,20
2,4,9,11,13,15,16,17,20,23>2,10,15,17,23,16,20
1,3,4,5,7,9,13,16,17,18,19,21>1,5,7,8,14,17,22,4,13,16,18,19
1,3,4,5,7,9,13,16,17,18,19,21>1,7,8,12,14,20,4,13,16,18,19
1,3,4,5,7,9,13,16,17,18,19,21>2,7,12,17,22,4,13,16,18,19
1,3,4,5,7,9,13,16,17,18,19,21>1,2,3,7,8,9,12,14,4,13,16,18,19
2,4,5,6,10,11,12,13,14,16,19,21,23>4,6,7,13,15,21,22,23,16,11,12,14
2,4,5,6,10,11,12,13,14,16,19,21,23>2,4,6,8,19,22,23,16,11,12,14
2,4,5,6,10,11,12,13,14,16,19,21,23>4,5,8,10,13,19,21,22,23,16,11,12,14
2,4,5,6,10,11,12,13,14,16,19,21,23>2,4,5,6,8,15,16,11,12,14
4,5,6,7,8,9,10,11,12,19,22,23>22,10,16,19,7,8,11,12,23
4,5,6,7,8,9,10,11,12,19,22,23>4,9,16,7,8,11,12,23
4,5,6,7,8,9,10,11,12,19,22,23>22,5,6,16,7,8,11,12,23
4,5,6,7,8,9,10,11,12,19,22,23>4,5,6,9,10,19,22,7,8,11,12,23
5,6,8,10,14,17,18>18,5,19,17,6
5,6,8,10,14,17,18>8,10,14,17,6
5,6,8,10,14,17,18>19,8,6
5,6,8,10,14,17,18>18,8,6
1,4,7,9,11,12,14,16,19,20,21,23>4,7,11,12,14,15,23,16,21
1,4,7,9,11,12,14,16,19,20,21,23>2,4,11,12,14,19,16,21
1,4,7,9,11,12,14,16,19,20,21,23>2,4,8,14,15,19,22,23,16,21
1,4,7,9,11,12,14,16,19,20,21,23>1,2,4,7,9,11,12,15,20,22,23,16,21
1,2,3,4,7,8,12,14,16,23>1,14,23,2,4,8,12,16
1,2,3,4,7,8,12,14,16,23>3,14,23,2,4,8,12,16
1,2,3,4,7,8,12,14,16,23>1,7,14,2,4,8,12,16
1,2,3,4,7,8,12,14,16,23>1,3,7,2,4,8,12,16
1,2,3,5,6,9,10,11,13,15,21,22>1,5,9,14,23,2,6,10,11,13,22
1,2,3,5,6,9,10,11,13,15,21,22>3,21,5,14,2,6,10,11,13,22
1,2,3,5,6,9,10,11,13,15,21,22>4,5,7,16,21,2,6,10,11,13,22
1,2,3,5,6,9,10,11,13,15,21,22>4,5,7,9,2,6,10,11,13,22
1,4,6,8,10,13,14,17,18,21,23>6,7,8,18,19,21,14
1,4,6,8,10,13,14,17,18,21,23>1,6,7,10,16,18,23,14
1,4,6,8,10,13,14,17,18,21,23>1,2,7,11,13,17,19,21,22,23,14
1,4,6,8,10,13,14,17,18,21,23>1,2,4,6,8,10,13,16,17,18,19,21,14
1,2,3,5,7,8,11,12,16,17,20,23>17,23,5,21,8,2
1,2,3,5,7,8,11,12,16,17,20,23>12,1,17,16,8,2
1,2,3,5,7,8,11,12,16,17,20,23>1,3,6,7,16,20,21,8,2
1,2,3,5,7,8,11,12,16,17,20,23>1,3,4,6,7,11,21,8,2
3,4,5,6,7,8,15,17,19,21,22,23>5,16,17,19,20,4,23,22,7
3,4,5,6,7,8,15,17,19,21,22,23>3,5,8,15,19,20,4,23,22,7
3,4,5,6,7,8,15,17,19,21,22,23>6,15,16,17,19,20,4,23,22,7
3,4,5,6,7,8,15,17,19,21,22,23>3,5,6,8,19,20,21,4,23,22,7
2,3,4,5,7,8,11,13,17,18,19,20,21,23>3,7,8,11,13,18,22,4,17,19,20,21
2,3,4,5,7,8,11,13,17,18,19,20,21,23>2,3,5,11,13,14,22,4,17,19,20,21
2,3,4,5,7,8,11,13,17,18,19,20,21,23>5,7,13,14,22,4,17,19,20,21
2,3,4,5,7,8,11,13,17,18,19,20,21,23>2,3,5,11,13,16,18,22,4,17,19,20,21
3,4,5,6,7,8,13,18,19,21>5,6,8,14,16,18,19,4,13,7
3,4,5,6,7,8,13,18,19,21>5,6,14,16,20,21,19,4,13,7
3,4,5,6,7,8,13,18,19,21>3,6,8,16,21,19,4,13,7
3,4,5,6,7,8,13,18,19,21>5,6,8,16,20,19,4,13,7
1,6,7,8,10,12,14,16,17,18,19>16,17,13,8,19,12,7
1,6,7,8,10,12,14,16,17,18,19>17,10,11,8,19,12,7
1,6,7,8,10,12,14,16,17,18,19>16,1,18,6,8,19,12,7
1,6,7,8,10,12,14,16,17,18,19>1,18,13,17,8,19,12,7
2,4,10,13,15,16,23>8,10,12,14,15,23,16
2,4,10,13,15,16,23>2,8,11,12,13,14,15,16
2,4,10,13,15,16,23>4,8,11,12,16
2,4,10,13,15,16,23>2,4,8,12,14,15,16
3,5,6,8,9,11,12,13,14,16,17,19,20,21,23>3,6,12,17,20,22,23,8,21,14
3,5,6,8,9,11,12,13,14,16,17,19,20,21,23>3,4,11,12,16,19,22,8,21,14
3,5,6,8,9,11,12,13,14,16,17,19,20,21,23>3,5,7,12,13,17,20,23,8,21,14
3,5,6,8,9,11,12,13,14,16,17,19,20,21,23>4,5,9,13,16,19,20,23,8,21,14
1,2,3,5,7,20>1,7,13,2,20
1,2,3,5,7,20>17,3,6,13,2,20
1,2,3,5,7,20>1,3,6,7,17,2,20
1,2,3,5,7,20>1,3,4,6,13,2,20
1,5,7,9,10,12,19,20,23>2,7,9,19,20,21
1,5,7,9,10,12,19,20,23>1,2,7,8,9,20,21
1,5,7,9,10,12,19,20,23>5,7,9,12,17,23
1,5,7,9,10,12,19,20,23>1,2,5,7,17,23
1,3,4,7,8,10,11,13,14,16,17,18,19,20,22>1,2,3,7,10,11,18,4,8,13,14,16,19,20
1,3,4,7,8,10,11,13,14,16,17,18,19,20,22>1,2,7,11,18,21,23,4,8,13,14,16,19,20
1,3,4,7,8,10,11,13,14,16,17,18,19,20,22>1,3,7,10,22,4,8,13,14,16,19,20
1,3,4,7,8,10,11,13,14,16,17,18,19,20,22>1,2,3,7,21,23,4,8,13,14,16,19,20
1,2,8,10,12,14,16,17,20,21,23>23,16,17,8,2,21
1,2,8,10,12,14,16,17,20,21,23>1,14,17,23,8,2,21
1,2,8,10,12,14,16,17,20,21,23>10,12,14,20,8,2,21
1,2,8,10,12,14,16,17,20,21,23>1,10,12,17,20,22,23,8,2,21
2,4,5,6,7,10,12,16,17,18,21,23>4,5,8,11,17,21,6,7,12,16,18
2,4,5,6,7,10,12,16,17,18,21,23>2,4,10,11,17,21,23,6,7,12,16,18
2,4,5,6,7,10,12,16,17,18,21,23>4,5,8,21,22,23,6,7,12,16,18
2,4,5,6,7,10,12,16,17,18,21,23>2,4,5,10,21,6,7,12,16,18
3,4,7,8,11,12,13,14,16,17,20,21>3,12,17,20,22,4,8,13,14,16,21
3,4,7,8,11,12,13,14,16,17,20,21>3,7,17,20,4,8,13,14,16,21
3,4,7,8,11,12,13,14,16,17,20,21>3,11,17,20,22,4,8,13,14,16,21
3,4,7,8,11,12,13,14,16,17,20,21>3,7,11,17,4,8,13,14,16,21
2,10,11,14,15,17,18,19,20,22,23>14,22,15,17,18,19,20,23
2,10,11,14,15,17,18,19,20,22,23>10,14,21,15,17,18,19,20,23
2,10,11,14,15,17,18,19,20,22,23>2,10,14,16,15,17,18,19,20,23
2,10,11,14,15,17,18,19,20,22,23>11,22,15,17,18,19,20,23
1,2,4,5,6,7,11,13,14,16,17,20,21,22>1,4,5,8,18,23,2,6,7,13,14,16,20,21,22
1,2,4,5,6,7,11,13,14,16,17,20,21,22>23,4,8,11,2,6,7,13,14,16,20,21,22
1,2,4,5,6,7,11,13,14,16,17,20,21,22>5,8,15,17,18,23,2,6,7,13,14,16,20,21,22
1,2,4,5,6,7,11,13,14,16,17,20,21,22>1,4,5,8,11,15,18,2,6,7,13,14,16,20,21,22
1,2,4,5,6,7,8,9,13,14,16,19,20,21>1,9,19,2,7,8,13,14,16,20,21
1,2,4,5,6,7,8,9,13,14,16,19,20,21>1,5,6,19,2,7,8,13,14,16,20,21
1,2,4,5,6,7,8,9,13,14,16,19,20,21>5,19,22,2,7,8,13,14,16,20,21
1,2,4,5,6,7,8,9,13,14,16,19,20,21>5,9,2,7,8,13,14,16,20,21
4,5,6,7,13,15,16,20,22>21,22,6,7,13,16,20
4,5,6,7,13,15,16,20,22>23,8,15,6,7,13,16,20
4,5,6,7,13,15,16,20,22>5,8,15,6,7,13,16,20
4,5,6,7,13,15,16,20,22>4,5,8,14,22,23,6,7,13,16,20
1,3,4,5,9,10,14,16,18,19,20,22>1,8,9,10,21,22,23,16,19,4,20
1,3,4,5,9,10,14,16,18,19,20,22>2,8,10,14,15,18,23,16,19,4,20
1,3,4,5,9,10,14,16,18,19,20,22>1,2,3,5,8,9,10,15,22,16,19,4,20
1,3,4,5,9,10,14,16,18,19,20,22>1,8,9,18,21,23,16,19,4,20
2,4,5,11,17,18,19,21,22,23>21,5,11,18,19,22,23
2,4,5,11,17,18,19,21,22,23>21,2,18,19,22,23
2,4,5,11,17,18,19,21,22,23>5,11,20,18,19,22,23
2,4,5,11,17,18,19,21,22,23>5,17,18,19,22,23
2,4,6,7,8,10,12,13,18,20,22>2,12,17,19,21,23,8,13,7
2,4,6,7,8,10,12,13,18,20,22>2,4,16,17,19,22,8,13,7
2,4,6,7,8,10,12,13,18,20,22>2,6,10,16,17,18,19,20,23,8,13,7
2,4,6,7,8,10,12,13,18,20,22>4,6,10,12,17,18,22,8,13,7
1,2,3,4,7,8,11,12,13,14,16,18,19,21,22,23>3,11,13,18,2,4,8,12,14,16,19,22,23
1,2,3,4,7,8,11,12,13,14,16,18,19,21,22,23>1,3,11,13,2,4,8,12,14,16,19,22,23
1,2,3,4,7,8,11,12,13,14,16,18,19,21,22,23>3,7,13,18,21,2,4,8,12,14,16,19,22,23
1,2,3,4,7,8,11,12,13,14,16,18,19,21,22,23>3,7,11,2,4,8,12,14,16,19,22,23
1,2,5,6,8,9,12,14,15,19,23>1,5,7,14,15,16,8,2,12
1,2,5,6,8,9,12,14,15,19,23>16,6,9,14,8,2,12
1,2,5,6,8,9,12,14,15,19,23>5,6,14,16,23,8,2,12
1,2,5,6,8,9,12,14,15,19,23>6,15,8,2,12
1,2,3,5,6,7,9,12,14,22,23>10,2,6,7,12,23
1,2,3,5,6,7,9,12,14,22,23>14,3,5,2,6,7,12,23
1,2,3,5,6,7,9,12,14,22,23>1,4,5,8,15,2,6,7,12,23
1,2,3,5,6,7,9,12,14,22,23>22,15,3,4,2,6,7,12,23
1,4,6,8,9,14,15,17,19,22>2,4,8,17,20
1,4,6,8,9,14,15,17,19,22>1,2,6,7,9,14,20
1,4,6,8,9,14,15,17,19,22>1,4,6,8,9,14,17,23
1,4,6,8,9,14,15,17,19,22>2,4,6,8,9,22,23
6,7,8,10,14,15,16,17,18,22,23>6,19,17,8,16,23,7
6,7,8,10,14,15,16,17,18,22,23>10,12,14,15,18,22,8,16,23,7
6,7,8,10,14,15,16,17,18,22,23>6,10,12,15,18,22,8,16,23,7
6,7,8,10,14,15,16,17,18,22,23>10,11,12,15,8,16,23,7
1,3,5,6,14,17,18,19,21,23>1,4,6,7,15,17,21,23,18,19
1,3,5,6,14,17,18,19,21,23>1,20,23,7,18,19
1,3,5,6,14,17,18,19,21,23>1,3,4,5,6,15,20,21,23,18,19
1,3,5,6,14,17,18,19,21,23>2,3,4,15,22,18,19
1,4,5,6,13,16,19,22,23>7,8,12,13,14,19,20,22,16,23
1,4,5,6,13,16,19,22,23>4,5,6,8,12,20,16,23
1,4,5,6,13,16,19,22,23>1,4,5,6,8,14,20,22,16,23
1,4,5,6,13,16,19,22,23>1,2,4,6,12,13,19,20,16,23
1,3,4,5,6,7,8,10,11,18,21,22>21,23,8,4,6,7,11,22
1,3,4,5,6,7,8,10,11,18,21,22>1,3,5,10,13,18,19,23,4,6,7,11,22
1,3,4,5,6,7,8,10,11,18,21,22>16,1,3,4,6,7,11,22
1,3,4,5,6,7,8,10,11,18,21,22>2,3,5,8,10,16,4,6,7,11,22
1,2,3,5,7,10,11,13,16,17,18,20,22,23>17,14,6,21,2,18,20,23
1,2,3,5,7,10,11,13,16,17,18,20,22,23>5,6,7,8,10,13,14,16,17,19,2,18,20,23
1,2,3,5,7,10,11,13,16,17,18,20,22,23>4,5,8,10,13,16,17,19,21,2,18,20,23
1,2,3,5,7,10,11,13,16,17,18,20,22,23>4,5,6,8,16,17,19,21,2,18,20,23
2,3,4,6,8,9,12,13,15,17,19,20,21,23>7,9,12,14,19,22,23,8,17,4,21
2,3,4,6,8,9,12,13,15,17,19,20,21,23>3,7,9,15,16,8,17,4,21
2,3,4,6,8,9,12,13,15,17,19,20,21,23>2,6,9,12,14,16,22,8,17,4,21
2,3,4,6,8,9,12,13,15,17,19,20,21,23>3,6,7,9,13,14,16,19,22,8,17,4,21
2,3,4,5,6,11,12,14,17,18>8,13,14,15,16,17,18,4,12,6
2,3,4,5,6,11,12,14,17,18>14,2,16,7,18,4,12,6
2,3,4,5,6,11,12,14,17,18>3,5,11,13,15,16,19,18,4,12,6
2,3,4,5,6,11,12,14,17,18>3,5,8,13,18,4,12,6
1,2,4,7,8,10,11,12,15,16,17,19,20>4,7,11,12,15,19,20,21,8,16,2
1,2,4,7,8,10,11,12,15,16,17,19,20>1,7,10,13,19,20,8,16,2
1,2,4,7,8,10,11,12,15,16,17,19,20>4,7,10,12,20,21,8,16,2
1,2,4,7,8,10,11,12,15,16,17,19,20>1,4,7,10,11,15,19,8,16,2
6,8,11,13,16,17>6,12,14,16,8,13
6,8,11,13,16,17>6,11,12,8,13
6,8,11,13,16,17>6,11,14,16,8,13
6,8,11,13,16,17>7,11,16,8,13
2,3,4,5,6,8,11,12,13,14,15,16,18,22>11,15,18,19,22,4,6,8,12,13,14,16
2,3,4,5,6,8,11,12,13,14,15,16,18,22>19,2,23,15,4,6,8,12,13,14,16
2,3,4,5,6,8,11,12,13,14,15,16,18,22>22,23,7,15,4,6,8,12,13,14,16
2,3,4,5,6,8,11,12,13,14,15,16,18,22>5,11,15,22,23,4,6,8,12,13,14,16
2,4,6,8,9,10,11,12,16,17,18,19,23>4,9,10,18,23,8,11,12,16,19
2,4,6,8,9,10,11,12,16,17,18,19,23>2,10,8,11,12,16,19
2,4,6,8,9,10,11,12,16,17,18,19,23>4,7,9,17,18,23,8,11,12,16,19
2,4,6,8,9,10,11,12,16,17,18,19,23>18,4,6,8,11,12,16,19
1,2,6,8,9,14,15,16,19,22,23>14,8,16,2,23
1,2,6,8,9,14,15,16,19,22,23>19,6,22,8,16,2,23
1,2,6,8,9,14,15,16,19,22,23>1,6,7,12,15,20,22,8,16,2,23
1,2,6,8,9,14,15,16,19,22,23>1,6,7,15,19,8,16,2,23
1,2,3,4,7,9,10,11,13,15,17,18,20,22,23>1,3,7,11,15,16,19,22,2,4,10,17,18,20,23
1,2,3,4,7,9,10,11,13,15,17,18,20,22,23>1,21,9,2,4,10,17,18,20,23
1,2,3,4,7,9,10,11,13,15,17,18,20,22,23>3,9,11,13,14,15,19,22,2,4,10,17,18,20,23
1,2,3,4,7,9,10,11,13,15,17,18,20,22,23>1,3,7,14,15,21,22,2,4,10,17,18,20,23
1,2,3,6,7,12,14,16,17,18,23>3,8,14,15,19,2,18,12,7
1,2,3,6,7,12,14,16,17,18,23>1,4,8,16,17,23,2,18,12,7
1,2,3,6,7,12,14,16,17,18,23>3,4,14,15,17,23,2,18,12,7
1,2,3,6,7,12,14,16,17,18,23>1,3,4,6,14,16,17,19,23,2,18,12,7
1,4,5,8,10,12,13,22>5,10,11,14,22,8,12,13
1,4,5,8,10,12,13,22>16,2,6,11,8,12,13
1,4,5,8,10,12,13,22>1,2,10,11,16,22,23,8,12,13
1,4,5,8,10,12,13,22>14,1,22,4,8,12,13
2,3,4,7,8,9,10,11,12,13,15,17,18,19,20,21,22>2,3,7,9,10,11,14,15,16,20,23,4,8,13,17,19,21,22
2,3,4,7,8,9,10,11,12,13,15,17,18,19,20,21,22>7,11,12,15,18,20,23,4,8,13,17,19,21,22
2,3,4,7,8,9,10,11,12,13,15,17,18,19,20,21,22>7,10,15,16,18,23,4,8,13,17,19,21,22
2,3,4,7,8,9,10,11,12,13,15,17,18,19,20,21,22>2,3,7,9,10,12,20,23,4,8,13,17,19,21,22
1,3,4,6,8,16,17,19,20,23>21,23,7,19,8,16,4,20
1,3,4,6,8,16,17,19,20,23>1,2,6,7,19,8,16,4,20
1,3,4,6,8,16,17,19,20,23>21,3,6,17,8,16,4,20
1,3,4,6,8,16,17,19,20,23>1,3,7,17,23,8,16,4,20
1,4,6,7,11,13,16,18,19,21,23>6,11,14,20,21,16,19,7
1,4,6,7,11,13,16,18,19,21,23>2,6,11,13,21,22,16,19,7
1,4,6,7,11,13,16,18,19,21,23>1,4,8,14,18,22,16,19,7
1,4,6,7,11,13,16,18,19,21,23>1,2,4,12,13,22,23,16,19,7
3,6,7,8,12,13,15,16,22>14,15,22,7,8,12,13,16
3,6,7,8,12,13,15,16,22>3,6,15,22,23,7,8,12,13,16
3,6,7,8,12,13,15,16,22>4,6,15,22,7,8,12,13,16
3,6,7,8,12,13,15,16,22>3,4,6,22,23,7,8,12,13,16
3,7,10,11,12,17,18,22>4,10,17,19,22,23,18,11,12
3,7,10,11,12,17,18,22>3,4,10,13,19,22,18,11,12
3,7,10,11,12,17,18,22>7,8,19,22,23,18,11,12
3,7,10,11,12,17,18,22>22,7,8,13,18,11,12
1,2,4,5,7,9,11,14,16,17,18,20,21>7,8,10,11,17,19,22,2,16,18,20,21
1,2,4,5,7,9,11,14,16,17,18,20,21>5,6,7,9,11,13,14,17,2,16,18,20,21
1,2,4,5,7,9,11,14,16,17,18,20,21>4,5,8,9,11,19,2,16,18,20,21
1,2,4,5,7,9,11,14,16,17,18,20,21>4,5,7,11,15,17,2,16,18,20,21
1,2,5,6,8,11,14,16,20,23>23,11,14,21,8,2,20,6
1,2,5,6,8,11,14,16,20,23>5,11,14,16,23,8,2,20,6
1,2,5,6,8,11,14,16,20,23>1,7,11,16,21,23,8,2,20,6
1,2,5,6,8,11,14,16,20,23>1,5,7,11,16,8,2,20,6
1,2,5,12,13,15,21,23>22,23,8,13,2,12
1,2,5,12,13,15,21,23>1,14,15,16,21,22,23,2,12
1,2,5,12,13,15,21,23>1,5,8,14,15,21,2,12
1,2,5,12,13,15,21,23>1,8,13,14,21,23,2,12
1,5,6,9,13,15,16,18,19,20,22,23>1,6,7,8,21,22,16,19,20,23
1,5,6,9,13,15,16,18,19,20,22,23>5,7,9,13,15,18,16,19,20,23
1,5,6,9,13,15,16,18,19,20,22,23>5,7,13,14,15,18,22,16,19,20,23
1,5,6,9,13,15,16,18,19,20,22,23>1,2,5,8,14,18,22,16,19,20,23
1,3,5,8,11,13,15,16,19,22,23>1,2,3,5,13,14,15,19,20,8,16,23
1,3,5,8,11,13,15,16,19,22,23>1,4,11,13,14,15,20,22,8,16,23
1,3,5,8,11,13,15,16,19,22,23>1,3,5,12,13,14,15,20,8,16,23
1,3,5,8,11,13,15,16,19,22,23>1,3,11,13,14,15,19,8,16,23
1,4,6,7,8,11,13,15,16,18,20,21,23>1,6,15,19,22,7,8,16,20,21
1,4,6,7,8,11,13,15,16,18,20,21,23>2,11,13,14,15,18,22,23,7,8,16,20,21
1,4,6,7,8,11,13,15,16,18,20,21,23>1,11,14,15,19,22,23,7,8,16,20,21
1,4,6,7,8,11,13,15,16,18,20,21,23>2,4,13,14,19,7,8,16,20,21
2,3,4,5,6,7,8,9,10,11,12,13,16,19,20,21,22,23>5,10,12,13,14,20,4,7,8,16,21,22,23
2,3,4,5,6,7,8,9,10,11,12,13,16,19,20,21,22,23>2,5,6,10,12,19,20,4,7,8,16,21,22,23
2,3,4,5,6,7,8,9,10,11,12,13,16,19,20,21,22,23>3,5,9,11,13,4,7,8,16,21,22,23
2,3,4,5,6,7,8,9,10,11,12,13,16,19,20,21,22,23>2,5,9,10,12,20,4,7,8,16,21,22,23
1,4,7,10,13,15,16,17,20,21,22>2,8,10,15,18,13,16,20,21,22
1,4,7,10,13,15,16,17,20,21,22>23,1,2,18,13,16,20,21,22
1,4,7,10,13,15,16,17,20,21,22>1,4,7,8,14,17,23,13,16,20,21,22
1,4,7,10,13,15,16,17,20,21,22>15,2,23,7,13,16,20,21,22
3,7,9,10,11,12,13,14,15,16,22,23>4,13,22,10,11,12,14,15,16,23
3,7,9,10,11,12,13,14,15,16,22,23>3,4,8,10,11,12,14,15,16,23
3,7,9,10,11,12,13,14,15,16,22,23>3,7,9,10,11,12,14,15,16,23
3,7,9,10,11,12,13,14,15,16,22,23>4,7,9,10,11,12,14,15,16,23
1,2,3,5,8,11,16,17,18,19,21>5,12,13,17,18,22,8,2,19
1,2,3,5,8,11,16,17,18,19,21>1,3,5,12,13,21,8,2,19
1,2,3,5,8,11,16,17,18,19,21>1,4,11,12,17,20,22,8,2,19
1,2,3,5,8,11,16,17,18,19,21>1,3,4,5,12,16,18,20,22,8,2,19
1,4,5,10,12,13,14,16,18,20,23>2,5,6,10,15,18,19,20,16,14
1,4,5,10,12,13,14,16,18,20,23>2,6,13,15,21,16,14
1,4,5,10,12,13,14,16,18,20,23>4,12,18,19,20,21,23,16,14
1,4,5,10,12,13,14,16,18,20,23>2,4,8,10,13,18,20,21,16,14
1,3,6,7,9,10,11,18,20,21,22>4,9,11,13,17,18,19,23,7,10,20,21,22
1,3,6,7,9,10,11,18,20,21,22>2,6,9,11,13,17,18,23,7,10,20,21,22
1,3,6,7,9,10,11,18,20,21,22>3,9,13,17,18,7,10,20,21,22
1,3,6,7,9,10,11,18,20,21,22>13,2,19,6,7,10,20,21,22
4,5,6,8,10,12,13,16,18,19,22>4,7,10,14,23,8,12,13,16,19
4,5,6,8,10,12,13,16,18,19,22>4,5,10,11,14,18,23,8,12,13,16,19
4,5,6,8,10,12,13,16,18,19,22>4,6,7,11,22,23,8,12,13,16,19
4,5,6,8,10,12,13,16,18,19,22>4,5,6,10,14,18,22,23,8,12,13,16,19
2,6,7,9,10,12,13,18,19,20,21>9,10,12,14,20,21,19,13,7
2,6,7,9,10,12,13,18,19,20,21>2,6,14,20,22,21,19,13,7
2,6,7,9,10,12,13,18,19,20,21>2,6,8,12,14,22,21,19,13,7
2,6,7,9,10,12,13,18,19,20,21>2,6,8,9,10,17,18,22,21,19,13,7
7,8,9,10,11,12,13,16,21,22,23>9,14,16,8,10,11,12,22,23
7,8,9,10,11,12,13,16,21,22,23>7,9,16,8,10,11,12,22,23
7,8,9,10,11,12,13,16,21,22,23>7,13,16,21,8,10,11,12,22,23
7,8,9,10,11,12,13,16,21,22,23>9,13,16,8,10,11,12,22,23
1,4,5,7,8,11,12,15,16,18,20,23>2,7,12,15,18,20,23,8,16
1,4,5,7,8,11,12,15,16,18,20,23>2,5,11,12,15,20,23,8,16
1,4,5,7,8,11,12,15,16,18,20,23>4,5,11,12,15,18,19,8,16
1,4,5,7,8,11,12,15,16,18,20,23>2,4,5,6,7,21,8,16
1,2,3,5,8,9,10,18,20>5,6,8,9,13,17,18,19,21,2,10,20
1,2,3,5,8,9,10,18,20>3,6,8,13,17,19,2,10,20
1,2,3,5,8,9,10,18,20>1,4,5,9,17,19,21,2,10,20
1,2,3,5,8,9,10,18,20>3,4,9,13,18,2,10,20
3,7,11,12,16,17,19,22,23>8,16,17,12,23
3,7,11,12,16,17,19,22,23>4,11,16,18,19,12,23
3,7,11,12,16,17,19,22,23>19,4,22,12,23
3,7,11,12,16,17,19,22,23>18,7,8,12,23
7,10,11,13,14,15,17,19,22>16,17,19,20,11,13,14,15
7,10,11,13,14,15,17,19,22>10,18,19,22,23,11,13,14,15
7,10,11,13,14,15,17,19,22>10,17,19,20,22,11,13,14,15
7,10,11,13,14,15,17,19,22>22,16,17,19,11,13,14,15
1,2,3,5,6,7,9,11,12,13,15,17,21>1,3,4,9,10,11,14,18,21,2,6,7,12,13
1,2,3,5,6,7,9,11,12,13,15,17,21>4,5,8,9,11,15,18,21,2,6,7,12,13
1,2,3,5,6,7,9,11,12,13,15,17,21>1,4,5,10,14,16,17,22,2,6,7,12,13
1,2,3,5,6,7,9,11,12,13,15,17,21>1,3,4,17,2,6,7,12,13
4,8,9,11,14,18,19,21,22,23>4,11,14,16,18,20,21,19,22,23
4,8,9,11,14,18,19,21,22,23>20,21,8,14,19,22,23
4,8,9,11,14,18,19,21,22,23>4,9,14,16,21,19,22,23
4,8,9,11,14,18,19,21,22,23>4,8,9,11,16,18,20,19,22,23
1,3,5,6,8,9,10,11,12,13,17,18,20,21>7,12,14,18,22,6,8,10,13,17,21
1,3,5,6,8,9,10,11,12,13,17,18,20,21>1,4,7,9,11,18,20,6,8,10,13,17,21
1,3,5,6,8,9,10,11,12,13,17,18,20,21>3,4,5,11,12,14,18,20,22,6,8,10,13,17,21
1,3,5,6,8,9,10,11,12,13,17,18,20,21>1,2,3,4,5,7,9,14,18,20,6,8,10,13,17,21
2,3,6,11,12,14,15,19,23>23,7,8,12,15
2,3,6,11,12,14,15,19,23>4,6,11,14,16,12,15
2,3,6,11,12,14,15,19,23>2,4,6,11,16,19,12,15
2,3,6,11,12,14,15,19,23>2,3,4,6,7,19,12,15
4,8,9,10,14,18,19,20,22>10,16,17,18,21,22,19,20
4,8,9,10,14,18,19,20,22>18,8,22,16,19,20
4,8,9,10,14,18,19,20,22>9,10,16,17,18,19,20
4,8,9,10,14,18,19,20,22>8,9,14,16,18,23,19,20
2,3,6,9,12,14,15,16,18,20,21,23>8,9,10,12,14,18,20,22,16,21,15
2,3,6,9,12,14,15,16,18,20,21,23>3,8,9,10,12,14,18,19,20,23,16,21,15
2,3,6,9,12,14,15,16,18,20,21,23>3,6,8,9,10,23,16,21,15
2,3,6,9,12,14,15,16,18,20,21,23>3,4,6,7,10,12,14,16,21,15
