TCR,NFAT,IFN-\beta,IFN-\betaR,IL-18,IL-18R,IRAK,SOCS1,IL-12,IL-12R,STAT4,T-bet,IFN-\gamma,IFN-\gammaR,JAK1,STAT1,IL-4,IL-4R,STAT6,GATA3,IL-10,IL-10R,STAT3
2,3,4,5,6,7,8,10,12,13,14,15,17,18,19,20,21>2,6,10,18,20,4,7,8,13,14,17,19,21
2,3,4,5,6,7,8,10,12,13,14,15,17,18,19,20,21>2,5,6,10,15,18,4,7,8,13,14,17,19,21
2,3,4,5,6,7,8,10,12,13,14,15,17,18,19,20,21>3,5,6,12,16,18,20,22,4,7,8,13,14,17,19,21
2,3,4,5,6,7,8,10,12,13,14,15,17,18,19,20,21>2,3,5,16,18,4,7,8,13,14,17,19,21
1,2,4,5,6,8,11,15,16,21>15,4,7,8,16,2,6
1,2,4,5,6,8,11,15,16,21>1,4,11,13,15,8,16,2,6
1,2,4,5,6,8,11,15,16,21>22,5,11,8,16,2,6
1,2,4,5,6,8,11,15,16,21>1,4,5,11,15,21,8,16,2,6
1,4,5,6,10,11,13,15,21>5,7,10,14,15,16,11,13,6
1,4,5,6,10,11,13,15,21>15,1,5,10,11,13,6
1,4,5,6,10,11,13,15,21>2,7,14,15,21,22,11,13,6
1,4,5,6,10,11,13,15,21>1,2,7,16,22,11,13,6
1,2,3,7,10,14,16,17,18,23>7,8,11,12,15,16,17,19,2,18
1,2,3,7,10,14,16,17,18,23>3,10,12,14,16,2,18
1,2,3,7,10,14,16,17,18,23>4,7,10,11,14,15,16,19,2,18
1,2,3,7,10,14,16,17,18,23>1,3,4,10,12,15,17,23,2,18
10,11,13,14,16,20,21,22,23>15,16,14,20,21,22,23
10,11,13,14,16,20,21,22,23>8,10,13,14,20,21,22,23
10,11,13,14,16,20,21,22,23>8,11,13,15,14,20,21,22,23
10,11,13,14,16,20,21,22,23>10,11,13,14,20,21,22,23
3,4,5,9,10,11,12,13,14,15,17,18,19,21,23>3,5,9,10,13,22,23,4,11,12,14,15,18,19
3,4,5,9,10,11,12,13,14,15,17,18,19,21,23>8,9,10,13,16,4,11,12,14,15,18,19
3,4,5,9,10,11,12,13,14,15,17,18,19,21,23>5,8,10,16,22,23,4,11,12,14,15,18,19
3,4,5,9,10,11,12,13,14,15,17,18,19,21,23>3,5,8,13,17,23,4,11,12,14,15,18,19
2,3,5,6,8,9,12,13,15,18,19,20,21,22>5,6,12,14,16,20,23,8,13,19,21,22
2,3,5,6,8,9,12,13,15,18,19,20,21,22>2,5,9,12,16,20,23,8,13,19,21,22
2,3,5,6,8,9,12,13,15,18,19,20,21,22>3,4,5,6,7,9,12,14,15,17,18,20,23,8,13,19,21,22
2,3,5,6,8,9,12,13,15,18,19,20,21,22>2,3,4,6,15,16,17,8,13,19,21,22
1,4,8,10,11,13,15,16,18,21,22,23>1,4,12,18,21,8,11,16,22,23
1,4,8,10,11,13,15,16,18,21,22,23>1,2,13,15,18,19,8,11,16,22,23
1,4,8,10,11,13,15,16,18,21,22,23>1,4,10,18,8,11,16,22,23
1,4,8,10,11,13,15,16,18,21,22,23>2,4,12,14,15,19,8,11,16,22,23
1,3,6,8,10,12,13,14,17,18,20>4,6,10,19,20,8,17,13,14
1,3,6,8,10,12,13,14,17,18,20>1,4,6,7,12,18,21,8,17,13,14
1,3,6,8,10,12,13,14,17,18,20>1,2,7,12,18,19,20,21,8,17,13,14
1,3,6,8,10,12,13,14,17,18,20>3,4,6,7,20,21,8,17,13,14
1,2,5,7,8,10,11,12,14,16,17,18,20,21,22,23>1,5,10,11,16,20,2,8,21,22,23
1,2,5,7,8,10,11,12,14,16,17,18,20,21,22,23>1,5,18,12,2,8,21,22,23
1,2,5,7,8,10,11,12,14,16,17,18,20,21,22,23>6,7,11,12,14,16,18,20,2,8,21,22,23
1,2,5,7,8,10,11,12,14,16,17,18,20,21,22,23>1,6,7,14,16,17,18,19,2,8,21,22,23
1,3,4,7,8,11,12,14,16,17,18,21,22>2,7,23,14,4,8,12,16,22
1,3,4,7,8,11,12,14,16,17,18,21,22>1,2,7,13,17,19,4,8,12,16,22
1,3,4,7,8,11,12,14,16,17,18,21,22>1,3,7,13,17,18,19,4,8,12,16,22
1,3,4,7,8,11,12,14,16,17,18,21,22>2,3,11,13,17,19,21,4,8,12,16,22
2,3,4,6,8,9,10,11,13,14,17,19,20,23>3,6,8,9,16,21,17,4,20,14
2,3,4,6,8,9,10,11,13,14,17,19,20,23>7,9,10,11,16,21,17,4,20,14
2,3,4,6,8,9,10,11,13,14,17,19,20,23>13,6,7,23,17,4,20,14
2,3,4,6,8,9,10,11,13,14,17,19,20,23>3,6,7,8,10,13,17,4,20,14
1,7,8,9,10,16,17,19,20,21,22>17,1,10,19,8,20,21,22
1,7,8,9,10,16,17,19,20,21,22>1,2,9,10,13,17,8,20,21,22
1,7,8,9,10,16,17,19,20,21,22>7,9,10,17,19,8,20,21,22
1,7,8,9,10,16,17,19,20,21,22>1,2,7,9,10,23,8,20,21,22
1,2,4,5,7,10,11,12,14,15,18,20,22>6,7,8,12,16,23,2,15
1,2,4,5,7,10,11,12,14,15,18,20,22>1,10,12,18,20,2,15
1,2,4,5,7,10,11,12,14,15,18,20,22>20,5,16,19,2,15
1,2,4,5,7,10,11,12,14,15,18,20,22>1,7,12,13,14,16,18,22,2,15
2,4,5,6,10,11,12,13,14,16,17,19,20,21,22,23>6,7,10,13,15,17,18,20,14,16,21,22,23
2,4,5,6,10,11,12,13,14,16,17,19,20,21,22,23>2,7,8,10,11,13,15,17,18,19,14,16,21,22,23
2,4,5,6,10,11,12,13,14,16,17,19,20,21,22,23>2,7,11,12,13,15,19,20,14,16,21,22,23
2,4,5,6,10,11,12,13,14,16,17,19,20,21,22,23>6,10,12,13,18,19,20,14,16,21,22,23
1,4,7,14,15,16,17,18,21>14,21,22,12,16,18,15
1,4,7,14,15,16,17,18,21>2,7,14,17,19,21,22,16,18,15
1,4,7,14,15,16,17,18,21>1,4,7,8,17,19,22,16,18,15
1,4,7,14,15,16,17,18,21>12,14,17,19,22,16,18,15
1,3,7,8,9,11,12,15,16,19,20,21,22>7,9,13,19,20,8,16,21,22
1,3,7,8,9,11,12,15,16,19,20,21,22>2,4,9,11,12,15,19,23,8,16,21,22
1,3,7,8,9,11,12,15,16,19,20,21,22>1,2,13,20,23,8,16,21,22
1,3,7,8,9,11,12,15,16,19,20,21,22>4,11,12,19,20,8,16,21,22
3,5,6,8,9,10,11,14,15,17,18,19,21,22,23>3,10,14,15,18,20,21,19,11,22,23
3,5,6,8,9,10,11,14,15,17,18,19,21,22,23>3,4,8,14,17,18,20,21,19,11,22,23
3,5,6,8,9,10,11,14,15,17,18,19,21,22,23>5,8,9,10,15,18,20,19,11,22,23
3,5,6,8,9,10,11,14,15,17,18,19,21,22,23>4,5,7,8,15,16,18,20,19,11,22,23
1,2,3,6,9,13,14,17,21,22,23>6,7,10,13,17,18,2,23,14,22
1,2,3,6,9,13,14,17,21,22,23>1,3,4,6,9,13,17,2,23,14,22
1,2,3,6,9,13,14,17,21,22,23>1,7,9,13,15,21,2,23,14,22
1,2,3,6,9,13,14,17,21,22,23>1,3,4,7,9,21,2,23,14,22
2,4,5,9,10,11,13,15,16,18,19>2,8,9,14,15,20,16,19,11,13
2,4,5,9,10,11,13,15,16,18,19>4,8,9,10,16,19,11,13
2,4,5,9,10,11,13,15,16,18,19>2,4,9,14,15,18,20,16,19,11,13
2,4,5,9,10,11,13,15,16,18,19>2,5,8,10,15,16,19,11,13
1,3,4,10,16,20,21,23>2,10,16,21,4,20
1,3,4,10,16,20,21,23>1,2,23,16,21,4,20
1,3,4,10,16,20,21,23>2,22,16,21,4,20
1,3,4,10,16,20,21,23>1,3,16,21,4,20
2,3,4,5,6,9,10,11,15,16,17,21,22>5,8,9,13,15,17,23,4,6,10,11,16,22
2,3,4,5,6,9,10,11,15,16,17,21,22>2,3,9,15,18,23,4,6,10,11,16,22
2,3,4,5,6,9,10,11,15,16,17,21,22>5,8,9,12,13,17,4,6,10,11,16,22
2,3,4,5,6,9,10,11,15,16,17,21,22>2,5,13,17,21,4,6,10,11,16,22
2,8,9,11,12,14,15,16,20,21>2,9,11,13,14,15,20,8,16,21
2,8,9,11,12,14,15,16,20,21>2,10,11,12,13,22,8,16,21
2,8,9,11,12,14,15,16,20,21>2,9,10,11,14,20,8,16,21
2,8,9,11,12,14,15,16,20,21>2,9,10,11,12,13,15,8,16,21
2,3,4,7,8,12,13,15,20,22>12,14,15,20,21,22,8,4,13
2,3,4,7,8,12,13,15,20,22>2,14,15,17,20,21,23,8,4,13
2,3,4,7,8,12,13,15,20,22>7,14,15,16,17,21,8,4,13
2,3,4,7,8,12,13,15,20,22>2,7,12,14,15,16,22,8,4,13
1,2,3,7,9,10,11,13,18,19,20,22>14,17,18,22,2,19,20,13
1,2,3,7,9,10,11,13,18,19,20,22>1,7,10,11,14,21,23,2,19,20,13
1,2,3,7,9,10,11,13,18,19,20,22>1,4,7,14,18,21,22,23,2,19,20,13
1,2,3,7,9,10,11,13,18,19,20,22>1,3,4,9,11,21,22,2,19,20,13
2,6,8,9,12,14,17,18,21,22,23>9,14,17,8,12,22,23
2,6,8,9,12,14,17,18,21,22,23>6,9,10,8,12,22,23
2,6,8,9,12,14,17,18,21,22,23>2,7,14,17,21,8,12,22,23
2,6,8,9,12,14,17,18,21,22,23>19,6,7,17,8,12,22,23
2,3,8,13,15,17,18,19,21,22,23>8,14,16,20,21,19,22,23
2,3,8,13,15,17,18,19,21,22,23>3,14,16,17,20,21,19,22,23
2,3,8,13,15,17,18,19,21,22,23>4,8,13,14,16,17,18,21,19,22,23
2,3,8,13,15,17,18,19,21,22,23>2,3,4,8,15,16,17,18,20,19,22,23
1,4,6,8,9,11,12,15,16,18,21,23>6,7,10,11,15,22,8,16,12
1,4,6,8,9,11,12,15,16,18,21,23>1,7,9,15,18,19,22,23,8,16,12
1,4,6,8,9,11,12,15,16,18,21,23>2,6,7,9,10,11,18,21,23,8,16,12
1,4,6,8,9,11,12,15,16,18,21,23>2,6,7,19,22,8,16,12
3,7,9,10,13,14,15,16,20,23>23,3,9,10,14,15,16,20
3,7,9,10,13,14,15,16,20,23>4,8,21,10,14,15,16,20
3,7,9,10,13,14,15,16,20,23>3,7,8,21,10,14,15,16,20
3,7,9,10,13,14,15,16,20,23>23,3,7,21,10,14,15,16,20
1,4,6,10,13,14,15,18,19,20,21,22,23>6,7,10,13,18,14,15,19,20,21,22,23
1,4,6,10,13,14,15,18,19,20,21,22,23>1,4,6,13,17,14,15,19,20,21,22,23
1,4,6,10,13,14,15,18,19,20,21,22,23>2,4,7,10,18,14,15,19,20,21,22,23
1,4,6,10,13,14,15,18,19,20,21,22,23>1,4,7,16,18,14,15,19,20,21,22,23
1,2,4,6,9,10,12,14,15,16,21>4,6,7,8,9,21,22,2,10,12,15,16
1,2,4,6,9,10,12,14,15,16,21>4,7,8,9,13,14,21,22,2,10,12,15,16
1,2,4,6,9,10,12,14,15,16,21>1,4,7,8,9,11,21,22,2,10,12,15,16
1,2,4,6,9,10,12,14,15,16,21>4,6,7,9,14,22,2,10,12,15,16
3,9,10,11,12,20>3,11,20,10
3,9,10,11,12,20>4,21,9,11,10
3,9,10,11,12,20>3,4,12,20,21,10
3,9,10,11,12,20>3,8,11,12,10
1,2,4,5,6,8,13,15,16,17,23>1,5,12,13,14,15,17,8,16,2,6
1,2,4,5,6,8,13,15,16,17,23>5,7,14,15,23,8,16,2,6
1,2,4,5,6,8,13,15,16,17,23>1,5,12,17,23,8,16,2,6
1,2,4,5,6,8,13,15,16,17,23>1,4,5,15,23,8,16,2,6
1,4,9,13,14,15,23>1,2,9,13,16,23,14,15
1,4,9,13,14,15,23>23,4,10,16,14,15
1,4,9,13,14,15,23>1,2,4,9,14,15
1,4,9,13,14,15,23>1,2,10,13,16,23,14,15
1,4,5,6,10,12,13,21,22,23>2,5,7,14,16,12,23,6,22
1,4,5,6,10,12,13,21,22,23>2,14,7,10,12,23,6,22
1,4,5,6,10,12,13,21,22,23>1,2,5,10,11,21,12,23,6,22
1,4,5,6,10,12,13,21,22,23>16,14,4,10,12,23,6,22
2,3,4,6,8,11,13,14,16,23>23,2,7,13,8,16,4,14
2,3,4,6,8,11,13,14,16,23>3,7,11,13,23,8,16,4,14
2,3,4,6,8,11,13,14,16,23>2,3,7,11,12,13,8,16,4,14
2,3,4,6,8,11,13,14,16,23>23,6,11,13,8,16,4,14
2,3,7,10,13,14,17,18,23>3,7,11,19,23,18,14
2,3,7,10,13,14,17,18,23>2,4,7,10,11,15,17,19,23,18,14
2,3,7,10,13,14,17,18,23>3,4,7,13,17,23,18,14
2,3,7,10,13,14,17,18,23>2,3,4,7,11,13,17,19,18,14
2,3,7,9,10,11,12,13,14,16,18,22,23>2,8,9,15,22,10,11,12,14,23
2,3,7,9,10,11,12,13,14,16,18,22,23>2,3,7,9,13,16,18,10,11,12,14,23
2,3,7,9,10,11,12,13,14,16,18,22,23>4,7,8,13,15,16,19,22,10,11,12,14,23
2,3,7,9,10,11,12,13,14,16,18,22,23>3,4,8,10,11,12,14,23
1,3,4,6,7,9,13,15,18,21,22>10,14,15,16,18,21,4,13,22,7
1,3,4,6,7,9,13,15,18,21,22>2,6,9,10,15,18,4,13,22,7
1,3,4,6,7,9,13,15,18,21,22>3,9,14,16,18,21,4,13,22,7
1,3,4,6,7,9,13,15,18,21,22>1,3,6,9,15,18,19,4,13,22,7
1,2,3,4,5,6,7,15,18,20,22,23>1,17,21,2,4,6,7,20,23
1,2,3,4,5,6,7,15,18,20,22,23>1,3,22,21,2,4,6,7,20,23
1,2,3,4,5,6,7,15,18,20,22,23>5,16,17,18,21,22,2,4,6,7,20,23
1,2,3,4,5,6,7,15,18,20,22,23>3,5,16,17,2,4,6,7,20,23
1,5,6,7,8,11,15,18,20,21,23>22,18,2,19,20,21,6,7
1,5,6,7,8,11,15,18,20,21,23>1,2,8,15,17,23,20,21,6,7
1,5,6,7,8,11,15,18,20,21,23>1,5,8,11,16,18,19,23,20,21,6,7
1,5,6,7,8,11,15,18,20,21,23>2,5,8,11,15,16,19,20,21,6,7
2,3,5,8,9,10,12,14,16,17,21>5,6,11,13,17,8,10,12
2,3,5,8,9,10,12,14,16,17,21>2,21,22,11,8,10,12
2,3,5,8,9,10,12,14,16,17,21>3,6,11,17,22,8,10,12
2,3,5,8,9,10,12,14,16,17,21>2,3,14,16,17,8,10,12
1,2,5,10,11,13,15,17,20,22>1,5,10,11,14,18,21,22,23,17,2,20,13
1,2,5,10,11,13,15,17,20,22>1,10,14,16,18,21,23,17,2,20,13
1,2,5,10,11,13,15,17,20,22>1,5,10,11,14,15,16,21,22,17,2,20,13
1,2,5,10,11,13,15,17,20,22>1,5,6,15,18,22,17,2,20,13
1,3,5,6,7,12,13,14,15,16,17,18>1,4,5,8,6,7,12,13,14,15,16,18
1,3,5,6,7,12,13,14,15,16,17,18>19,1,2,4,6,7,12,13,14,15,16,18
1,3,5,6,7,12,13,14,15,16,17,18>19,3,4,5,6,7,12,13,14,15,16,18
1,3,5,6,7,12,13,14,15,16,17,18>1,3,5,17,19,6,7,12,13,14,15,16,18
1,2,6,8,9,10,11,12,13,19,20,21>7,9,11,12,17,22,8,2,21,13
1,2,6,8,9,10,11,12,13,19,20,21>7,9,10,11,14,22,8,2,21,13
1,2,6,8,9,10,11,12,13,19,20,21>1,7,10,11,12,17,19,20,8,2,21,13
1,2,6,8,9,10,11,12,13,19,20,21>1,6,7,9,11,17,19,22,8,2,21,13
2,3,6,7,11,13,16,17,23>13,14,23,12,7
2,3,6,7,11,13,16,17,23>2,8,12,13,14,16,17,18,7
2,3,6,7,11,13,16,17,23>2,8,11,13,14,18,7
2,3,6,7,11,13,16,17,23>2,8,11,12,17,7
1,2,4,9,11,15,16,17,18,21,22,23>9,10,15,17,21,2,16,18,22,23
1,2,4,9,11,15,16,17,18,21,22,23>4,10,12,17,19,2,16,18,22,23
1,2,4,9,11,15,16,17,18,21,22,23>4,8,10,17,19,21,2,16,18,22,23
1,2,4,9,11,15,16,17,18,21,22,23>1,4,8,10,12,15,19,21,2,16,18,22,23
1,2,4,6,7,10,13,15,16,18,19,20,23>1,4,6,8,14,15,18,2,7,16,19,20
1,2,4,6,7,10,13,15,16,18,19,20,23>6,8,10,13,15,18,21,2,7,16,19,20
1,2,4,6,7,10,13,15,16,18,19,20,23>4,6,8,13,14,15,18,23,2,7,16,19,20
1,2,4,6,7,10,13,15,16,18,19,20,23>1,4,6,10,13,14,21,2,7,16,19,20
1,2,4,8,10,11,15,16,17,21,22,23>10,12,17,21,2,8,11,16,22,23
1,2,4,8,10,11,15,16,17,21,22,23>4,17,2,8,11,16,22,23
1,2,4,8,10,11,15,16,17,21,22,23>12,15,21,2,8,11,16,22,23
1,2,4,8,10,11,15,16,17,21,22,23>10,15,2,8,11,16,22,23
3,4,6,8,12,13,14,16,22>6,22,4,8,12,13,14,16
3,4,6,8,12,13,14,16,22>3,6,23,4,8,12,13,14,16
3,4,6,8,12,13,14,16,22>7,22,23,4,8,12,13,14,16
3,4,6,8,12,13,14,16,22>3,6,7,4,8,12,13,14,16
2,3,5,7,8,11,12,13,14,16,18,20,21,22>3,4,5,6,7,11,16,20,8,13,14,21,22
2,3,5,7,8,11,12,13,14,16,18,20,21,22>2,4,5,16,18,19,23,8,13,14,21,22
2,3,5,7,8,11,12,13,14,16,18,20,21,22>3,4,5,12,18,20,8,13,14,21,22
2,3,5,7,8,11,12,13,14,16,18,20,21,22>2,3,4,6,18,20,8,13,14,21,22
2,3,5,7,8,9,14,15,16,17,20,22>2,3,10,13,14,15,21,22,8,16,20
2,3,5,7,8,9,14,15,16,17,20,22>4,7,9,10,13,15,23,8,16,20
2,3,5,7,8,9,14,15,16,17,20,22>2,4,5,6,7,9,10,14,8,16,20
2,3,5,7,8,9,14,15,16,17,20,22>4,5,6,9,13,14,17,22,8,16,20
1,2,8,10,11,13,15,19,22>1,8,14,16,22,23,2,11,13
1,2,8,10,11,13,15,19,22>8,14,15,16,19,20,2,11,13
1,2,8,10,11,13,15,19,22>1,8,15,19,20,22,2,11,13
1,2,8,10,11,13,15,19,22>8,10,14,15,19,20,23,2,11,13
2,3,5,8,9,10,11,12,13,15,17,18,20,22>2,9,11,15,16,19,22,23,8,17,10,13
2,3,5,8,9,10,11,12,13,15,17,18,20,22>3,5,16,19,20,21,8,17,10,13
2,3,5,8,9,10,11,12,13,15,17,18,20,22>2,3,9,11,14,15,16,22,8,17,10,13
2,3,5,8,9,10,11,12,13,15,17,18,20,22>3,4,5,6,12,15,16,18,19,20,8,17,10,13
2,3,4,6,7,11,13,14,17,18>19,11,15,16,4,7,13,14,18
2,3,4,6,7,11,13,14,17,18>2,15,4,7,13,14,18
2,3,4,6,7,11,13,14,17,18>11,17,4,7,13,14,18
2,3,4,6,7,11,13,14,17,18>3,6,16,17,19,4,7,13,14,18
2,3,4,6,7,14,22>23,3,15,16,4,7
2,3,4,6,7,14,22>2,3,14,15,16,4,7
2,3,4,6,7,14,22>6,16,4,7
2,3,4,6,7,14,22>2,6,23,4,7
1,3,4,7,8,10,11,13,17,19,21,22,23>3,7,10,14,19,11,4,22,23
1,3,4,7,8,10,11,13,17,19,21,22,23>1,2,7,14,19,20,11,4,22,23
1,3,4,7,8,10,11,13,17,19,21,22,23>3,8,14,19,21,11,4,22,23
1,3,4,7,8,10,11,13,17,19,21,22,23>1,2,10,14,16,20,21,11,4,22,23
1,2,5,6,10,13,17,20,21,22,23>1,10,13,14,2,6,17,20,21,22,23
1,2,5,6,10,13,17,20,21,22,23>5,10,13,14,18,2,6,17,20,21,22,23
1,2,5,6,10,13,17,20,21,22,23>1,5,13,14,2,6,17,20,21,22,23
1,2,5,6,10,13,17,20,21,22,23>1,5,7,10,2,6,17,20,21,22,23
2,3,10,13,15,20>17,21,10,15,20,13
2,3,10,13,15,20>2,14,16,17,21,20,13
2,3,10,13,15,20>2,4,10,14,20,13
2,3,10,13,15,20>2,4,14,16,17,20,13
1,2,5,6,8,15,17,18,20,21,22,23>19,1,8,18,2,6,17,20,21,22,23
1,2,5,6,8,15,17,18,20,21,22,23>19,5,8,2,6,17,20,21,22,23
1,2,5,6,8,15,17,18,20,21,22,23>1,5,8,18,2,6,17,20,21,22,23
1,2,5,6,8,15,17,18,20,21,22,23>5,7,8,15,16,2,6,17,20,21,22,23
2,3,5,11,12,13,14,15,16,18,20>2,5,11,20,21,16,13,14,15
2,3,5,11,12,13,14,15,16,18,20>3,6,8,12,20,16,13,14,15
2,3,5,11,12,13,14,15,16,18,20>2,3,8,12,18,19,16,13,14,15
2,3,5,11,12,13,14,15,16,18,20>4,6,12,18,20,21,16,13,14,15
1,2,5,6,8,10,11,13,14,15,22,23>5,8,10,15,22,2,6,11,14,23
1,2,5,6,8,10,11,13,14,15,22,23>7,8,13,16,22,2,6,11,14,23
1,2,5,6,8,10,11,13,14,15,22,23>22,5,10,13,2,6,11,14,23
1,2,5,6,8,10,11,13,14,15,22,23>5,7,8,10,16,22,2,6,11,14,23
2,4,5,7,9,10,11,15,16,20,22>7,9,11,13,21,23,16,10,20
2,4,5,7,9,10,11,15,16,20,22>2,8,9,15,21,22,23,16,10,20
2,4,5,7,9,10,11,15,16,20,22>4,8,13,15,21,22,23,16,10,20
2,4,5,7,9,10,11,15,16,20,22>21,13,5,22,16,10,20
2,3,8,10,12,13,16,17,19>17,4,11,16,8,12,13
2,3,8,10,12,13,16,17,19>4,10,14,17,19,8,12,13
2,3,8,10,12,13,16,17,19>2,3,10,11,14,16,17,8,12,13
2,3,8,10,12,13,16,17,19>17,2,3,4,8,12,13
3,5,7,9,13,15,16,17,20,21>3,6,7,8,14,15,17,18,16,21,20,13
3,5,7,9,13,15,16,17,20,21>4,9,10,15,18,22,16,21,20,13
3,5,7,9,13,15,16,17,20,21>3,4,7,10,14,17,18,22,16,21,20,13
3,5,7,9,13,15,16,17,20,21>3,4,5,6,7,8,14,15,22,16,21,20,13
1,3,5,6,10,11,12,14,15,16,17,18,19,22,23>8,10,11,12,15,16,18,19,23
1,3,5,6,10,11,12,14,15,16,17,18,19,22,23>1,7,10,14,22,11,12,15,16,18,19,23
1,3,5,6,10,11,12,14,15,16,17,18,19,22,23>10,2,6,7,11,12,15,16,18,19,23
1,3,5,6,10,11,12,14,15,16,17,18,19,22,23>2,3,4,5,7,10,17,22,11,12,15,16,18,19,23
2,3,4,7,8,9,10,11,12,16,17,18,19,21,22,23>21,2,10,4,8,11,12,16,19,22,23
2,3,4,7,8,9,10,11,12,16,17,18,19,21,22,23>21,3,10,17,4,8,11,12,16,19,22,23
2,3,4,7,8,9,10,11,12,16,17,18,19,21,22,23>2,3,10,18,4,8,11,12,16,19,22,23
2,3,4,7,8,9,10,11,12,16,17,18,19,21,22,23>2,9,17,18,21,4,8,11,12,16,19,22,23
3,4,5,7,13,15,19>20,3,15,4,13
3,4,5,7,13,15,19>3,5,7,14,15,4,13
3,4,5,7,13,15,19>5,7,14,15,16,4,13
3,4,5,7,13,15,19>3,5,7,19,20,4,13
3,6,8,9,11,12,14,16,17,19,20,22>9,11,12,14,19,20,21,8
3,6,8,9,11,12,14,16,17,19,20,22>3,9,12,13,16,17,19,20,21,22,23,8
3,6,8,9,11,12,14,16,17,19,20,22>4,6,11,12,13,14,16,21,23,8
3,6,8,9,11,12,14,16,17,19,20,22>3,4,6,9,13,14,20,23,8
3,5,6,7,8,9,11,16,19>3,6,16,12,8,7
3,5,6,7,8,9,11,16,19>16,5,8,7
3,5,6,7,8,9,11,16,19>4,5,6,11,19,20,8,7
3,5,6,7,8,9,11,16,19>3,4,5,6,12,13,20,8,7
2,6,8,10,11,14,22,23>2,8,10,22,11,23
2,6,8,10,11,14,22,23>6,8,14,22,11,23
2,6,8,10,11,14,22,23>7,8,10,14,11,23
2,6,8,10,11,14,22,23>6,7,10,14,11,23
2,4,5,7,9,13,15,17,19,22>2,14,16,18,19,20,22,13
2,4,5,7,9,13,15,17,19,22>4,7,22,23,13
2,4,5,7,9,13,15,17,19,22>5,7,15,17,18,22,13
2,4,5,7,9,13,15,17,19,22>2,18,7,13
2,4,6,8,9,11,14,16,17,18,19,20,23>17,2,21,7,8,16,19,20
2,4,6,8,9,11,14,16,17,18,19,20,23>4,7,9,14,21,8,16,19,20
2,4,6,8,9,11,14,16,17,18,19,20,23>2,6,7,9,11,21,23,8,16,19,20
2,4,6,8,9,11,14,16,17,18,19,20,23>2,4,6,7,14,18,23,8,16,19,20
1,2,5,8,9,14,20,22>1,5,9,13,17,21,22,2,20
1,2,5,8,9,14,20,22>1,5,9,10,13,21,22,23,2,20
1,2,5,8,9,14,20,22>6,9,10,14,17,2,20
1,2,5,8,9,14,20,22>1,5,9,14,17,21,23,2,20
1,5,7,12,16,17,18,19,20,21>1,7,12,13,16,17,20,18,19,21
1,5,7,12,16,17,18,19,20,21>1,2,7,8,20,18,19,21
1,5,7,12,16,17,18,19,20,21>1,2,8,16,17,18,19,21
1,5,7,12,16,17,18,19,20,21>2,5,8,12,13,20,22,18,19,21
2,4,7,9,10,13,15,17,20,23>4,7,13,15,18,21,23,17,10,20
2,4,7,9,10,13,15,17,20,23>4,9,13,15,16,21,17,10,20
2,4,7,9,10,13,15,17,20,23>2,4,9,13,16,21,23,17,10,20
2,4,7,9,10,13,15,17,20,23>4,7,14,15,18,17,10,20
2,7,8,10,12,13,15,17,18,21,22,23>7,11,14,16,18,19,8,12,22,23
2,7,8,10,12,13,15,17,18,21,22,23>2,7,11,14,17,18,19,8,12,22,23
2,7,8,10,12,13,15,17,18,21,22,23>2,7,13,14,15,16,19,21,8,12,22,23
2,7,8,10,12,13,15,17,18,21,22,23>2,7,10,13,15,17,19,8,12,22,23
2,6,8,10,11,14,15,16,18,20>21,11,14,8,16,20
2,6,8,10,11,14,15,16,18,20>2,13,14,18,21,8,16,20
2,6,8,10,11,14,15,16,18,20>15,6,10,14,8,16,20
2,6,8,10,11,14,15,16,18,20>2,7,10,11,13,15,21,8,16,20
2,3,4,5,8,9,11,15,16,17,18,19,20,21>22,11,13,4,8,16,19,20,21
2,3,4,5,8,9,11,15,16,17,18,19,20,21>18,22,9,4,8,16,19,20,21
2,3,4,5,8,9,11,15,16,17,18,19,20,21>2,3,11,18,22,4,8,16,19,20,21
2,3,4,5,8,9,11,15,16,17,18,19,20,21>13,15,4,8,16,19,20,21
2,5,8,9,10,13,14,15,16,19,20,21,22,23>2,10,13,19,8,14,16,20,21,22,23
2,5,8,9,10,13,14,15,16,19,20,21,22,23>2,9,10,13,15,8,14,16,20,21,22,23
2,5,8,9,10,13,14,15,16,19,20,21,22,23>2,5,9,13,15,8,14,16,20,21,22,23
2,5,8,9,10,13,14,15,16,19,20,21,22,23>2,5,9,10,19,8,14,16,20,21,22,23
2,5,6,8,11,12,15,16,17,19,20,21,22>2,7,11,17,19,8,16,21,22
2,5,6,8,11,12,15,16,17,19,20,21,22>20,6,11,13,8,16,21,22
2,5,6,8,11,12,15,16,17,19,20,21,22>2,6,7,13,15,17,19,20,8,16,21,22
2,5,6,8,11,12,15,16,17,19,20,21,22>2,5,6,12,19,20,23,8,16,21,22
4,5,6,7,8,9,10,12,16,17,22,23>17,22,6,7,8,10,12,16,23
4,5,6,7,8,9,10,12,16,17,22,23>5,11,6,7,8,10,12,16,23
4,5,6,7,8,9,10,12,16,17,22,23>4,5,6,7,8,10,12,16,23
4,5,6,7,8,9,10,12,16,17,22,23>4,9,11,17,6,7,8,10,12,16,23
3,5,6,8,10,12,14,15,17,18,21,23>4,10,11,14,15,18,19,22,8,12,6
3,5,6,8,10,12,14,15,17,18,21,23>5,10,15,17,19,8,12,6
3,5,6,8,10,12,14,15,17,18,21,23>5,10,11,16,18,22,8,12,6
3,5,6,8,10,12,14,15,17,18,21,23>3,4,5,14,22,8,12,6
1,2,6,7,10,12,14,17,21,22,23>17,14,2,7,12,22,23
1,2,6,7,10,12,14,17,21,22,23>1,10,11,18,2,7,12,22,23
1,2,6,7,10,12,14,17,21,22,23>1,6,10,11,14,15,21,2,7,12,22,23
1,2,6,7,10,12,14,17,21,22,23>17,21,2,7,12,22,23
1,2,6,7,10,13,15,21,22,23>1,11,13,15,21,2,23,22,7
1,2,6,7,10,13,15,21,22,23>6,11,13,14,16,2,23,22,7
1,2,6,7,10,13,15,21,22,23>21,6,11,13,2,23,22,7
1,2,6,7,10,13,15,21,22,23>1,10,13,2,23,22,7
1,3,5,6,7,9,11,14,16,17,18,22,23>5,8,9,11,14,16,19,18,23,6,7
1,3,5,6,7,9,11,14,16,17,18,22,23>1,4,5,10,14,15,17,18,23,6,7
1,3,5,6,7,9,11,14,16,17,18,22,23>1,2,3,4,5,11,12,14,16,17,19,22,18,23,6,7
1,3,5,6,7,9,11,14,16,17,18,22,23>1,2,3,4,9,10,11,14,22,18,23,6,7
1,3,4,5,6,7,11,12,15,16,17,18,20>15,17,5,12,4,6,7,16,18
1,3,4,5,6,7,11,12,15,16,17,18,20>2,5,8,15,19,4,6,7,16,18
1,3,4,5,6,7,11,12,15,16,17,18,20>2,3,12,17,21,4,6,7,16,18
1,3,4,5,6,7,11,12,15,16,17,18,20>1,2,3,5,8,12,13,20,21,4,6,7,16,18
3,6,8,10,11,12,14,16,18,21>7,10,13,16,18,8,11,12
3,6,8,10,11,12,14,16,18,21>3,4,7,18,19,8,11,12
3,6,8,10,11,12,14,16,18,21>6,13,14,18,19,21,8,11,12
3,6,8,10,11,12,14,16,18,21>3,6,7,13,14,19,21,22,8,11,12
2,3,4,5,7,11,13,16,18,21,22,23>3,7,13,19,21,16,4,22,23
2,3,4,5,7,11,13,16,18,21,22,23>5,6,8,12,18,19,21,16,4,22,23
2,3,4,5,7,11,13,16,18,21,22,23>5,19,7,11,16,4,22,23
2,3,4,5,7,11,13,16,18,21,22,23>3,5,11,13,14,19,21,16,4,22,23
1,2,3,5,6,7,9,11,13,14,18,20,22,23>1,4,5,11,13,15,17,18,19,21,2,6,7,14,20,23
1,2,3,5,6,7,9,11,13,14,18,20,22,23>1,3,11,13,15,18,2,6,7,14,20,23
1,2,3,5,6,7,9,11,13,14,18,20,22,23>4,5,10,15,17,21,22,2,6,7,14,20,23
1,2,3,5,6,7,9,11,13,14,18,20,22,23>1,4,10,11,18,19,21,22,2,6,7,14,20,23
2,3,4,6,7,8,9,11,12,14,17,18,19,23>18,11,14,4,7,8,12,19
2,3,4,6,7,8,9,11,12,14,17,18,19,23>17,2,23,4,7,8,12,19
2,3,4,6,7,8,9,11,12,14,17,18,19,23>2,3,11,17,18,4,7,8,12,19
2,3,4,6,7,8,9,11,12,14,17,18,19,23>17,23,16,4,7,8,12,19
4,8,9,14,18,20,21>8,10,16,17,22,20,21
4,8,9,14,18,20,21>4,8,14,19,20,21
4,8,9,14,18,20,21>4,9,10,14,18,22,20,21
4,8,9,14,18,20,21>4,8,9,10,17,18,20,21
2,4,5,6,8,11,12,15,17,19,20,21,22>13,4,19,6,8,17,21,22
2,4,5,6,8,11,12,15,17,19,20,21,22>5,12,15,16,19,20,23,8,17,21,22
2,4,5,6,8,11,12,15,17,19,20,21,22>2,5,6,7,11,12,23,8,17,21,22
2,4,5,6,8,11,12,15,17,19,20,21,22>4,5,12,13,16,19,23,8,17,21,22
5,7,8,9,10,11,15,17,20>5,8,9,11,13,15,16,21,17,10,20
5,7,8,9,10,11,15,17,20>5,6,8,11,16,21,17,10,20
5,7,8,9,10,11,15,17,20>15,16,7,8,17,10,20
5,7,8,9,10,11,15,17,20>5,6,7,9,11,13,15,16,21,17,10,20
1,2,3,6,10,12,14,17,19,22,23>6,8,11,17,18,22,2,12,23
1,2,3,6,10,12,14,17,19,22,23>1,19,7,10,2,12,23
1,2,3,6,10,12,14,17,19,22,23>4,6,8,11,14,15,17,19,22,2,12,23
1,2,3,6,10,12,14,17,19,22,23>3,4,8,10,14,15,17,18,22,2,12,23
1,2,4,5,7,10,11,14,16,22>1,4,7,8,10,12,13,15,23,16,2,11
1,2,4,5,7,10,11,14,16,22>1,4,5,6,8,13,14,16,2,11
1,2,4,5,7,10,11,14,16,22>4,5,6,7,8,12,13,14,22,23,16,2,11
1,2,4,5,7,10,11,14,16,22>1,4,5,6,10,13,14,15,22,16,2,11
1,3,5,6,7,8,13,14,17,20,21,22,23>5,8,13,6,7,14,17,20,21,22,23
1,3,5,6,7,8,13,14,17,20,21,22,23>1,6,7,14,17,20,21,22,23
1,3,5,6,7,8,13,14,17,20,21,22,23>2,4,5,13,6,7,14,17,20,21,22,23
1,3,5,6,7,8,13,14,17,20,21,22,23>3,4,5,6,7,14,17,20,21,22,23
3,4,7,9,10,12,14,15,17,19,20,21,22>3,9,12,14,18,19,4,15,17,21,22
3,4,7,9,10,12,14,15,17,19,20,21,22>3,9,14,19,20,4,15,17,21,22
3,4,7,9,10,12,14,15,17,19,20,21,22>3,8,9,12,13,19,20,4,15,17,21,22
3,4,7,9,10,12,14,15,17,19,20,21,22>3,7,8,10,13,16,18,19,20,23,4,15,17,21,22
3,4,8,14,15,16,18,20>14,15,21,8,16,4,20
3,4,8,14,15,16,18,20>18,19,21,8,16,4,20
3,4,8,14,15,16,18,20>15,19,21,8,16,4,20
3,4,8,14,15,16,18,20>14,15,19,8,16,4,20
3,4,6,9,13,14,15,16,17,18,19,20,22,23>22,6,13,17,4,14,15,16,18,19,20,23
3,4,6,9,13,14,15,16,17,18,19,20,22,23>7,9,13,17,4,14,15,16,18,19,20,23
3,4,6,9,13,14,15,16,17,18,19,20,22,23>22,7,8,9,4,14,15,16,18,19,20,23
3,4,6,9,13,14,15,16,17,18,19,20,22,23>6,7,9,17,4,14,15,16,18,19,20,23
2,6,7,11,13,14,15,16,17,18,19,21,22>12,17,7,13,14,15,16,18,19,22
2,6,7,11,13,14,15,16,17,18,19,21,22>2,20,7,13,14,15,16,18,19,22
2,6,7,11,13,14,15,16,17,18,19,21,22>8,11,20,21,23,7,13,14,15,16,18,19,22
2,6,7,11,13,14,15,16,17,18,19,21,22>2,8,11,21,23,7,13,14,15,16,18,19,22
1,4,5,10,11,14,15,17,19,20,23>1,2,5,11,14,18,19,21,23,17,20,15
1,4,5,10,11,14,15,17,19,20,23>1,2,10,11,16,21,23,17,20,15
1,4,5,10,11,14,15,17,19,20,23>4,5,10,11,14,16,18,19,21,23,17,20,15
1,4,5,10,11,14,15,17,19,20,23>18,2,4,14,17,20,15
1,5,6,9,10,12,13,15,17,18,19,20,21>1,6,9,10,14,22,13,17,18,19,21
1,5,6,9,10,12,13,15,17,18,19,20,21>1,2,6,14,20,13,17,18,19,21
1,5,6,9,10,12,13,15,17,18,19,20,21>5,7,8,9,10,16,20,22,13,17,18,19,21
1,5,6,9,10,12,13,15,17,18,19,20,21>1,5,7,12,16,13,17,18,19,21
2,3,6,9,11,13,15,19,20,21>7,11,16,17,22,21,20,13
2,3,6,9,11,13,15,19,20,21>2,7,9,17,22,21,20,13
2,3,6,9,11,13,15,19,20,21>2,3,17,9,21,20,13
2,3,6,9,11,13,15,19,20,21>2,4,6,11,15,16,22,21,20,13
1,2,3,4,5,8,9,18,23>1,6,9,10,16,18,19,23,2,4
1,2,3,4,5,8,9,18,23>5,6,9,18,23,2,4
1,2,3,4,5,8,9,18,23>1,5,8,9,16,2,4
1,2,3,4,5,8,9,18,23>1,3,5,8,9,2,4
2,3,5,7,9,10,13,15,18,20,21,22,23>3,5,7,9,14,19,10,20,21,22,23
2,3,5,7,9,10,13,15,18,20,21,22,23>2,4,6,7,16,18,10,20,21,22,23
2,3,5,7,9,10,13,15,18,20,21,22,23>3,6,15,18,19,10,20,21,22,23
2,3,5,7,9,10,13,15,18,20,21,22,23>2,4,5,6,7,9,14,15,17,10,20,21,22,23
3,9,10,11,13,14,20,21,22>3,11,15,10,13,14,20,21,22
3,9,10,11,13,14,20,21,22>4,9,17,23,10,13,14,20,21,22
3,9,10,11,13,14,20,21,22>3,9,15,23,10,13,14,20,21,22
3,9,10,11,13,14,20,21,22>4,9,11,17,10,13,14,20,21,22
2,6,7,8,14,16,19,21,22>21,14,16,19,8,22,7
2,6,7,8,14,16,19,21,22>2,23,13,16,8,22,7
2,6,7,8,14,16,19,21,22>20,2,12,21,8,22,7
2,6,7,8,14,16,19,21,22>6,12,13,8,22,7
5,6,7,11,12,13,15,17,18,20,21,22,23>5,13,14,6,7,17,18,21,22,23
5,6,7,11,12,13,15,17,18,20,21,22,23>8,13,14,15,16,6,7,17,18,21,22,23
5,6,7,11,12,13,15,17,18,20,21,22,23>5,12,14,15,16,19,20,6,7,17,18,21,22,23
5,6,7,11,12,13,15,17,18,20,21,22,23>5,11,14,15,19,20,6,7,17,18,21,22,23
2,6,7,9,11,13,14,17,18,19,21,22,23>21,6,17,7,14,18,19,22,23
2,6,7,9,11,13,14,17,18,19,21,22,23>2,9,15,21,7,14,18,19,22,23
2,6,7,9,11,13,14,17,18,19,21,22,23>20,2,9,17,7,14,18,19,22,23
2,6,7,9,11,13,14,17,18,19,21,22,23>2,6,9,11,13,21,7,14,18,19,22,23
1,2,3,6,7,9,14,15,16,17,18,19,20,21>17,6,13,2,7,15,16,18,19,20,21
1,2,3,6,7,9,14,15,16,17,18,19,20,21>14,1,6,8,2,7,15,16,18,19,20,21
1,2,3,6,7,9,14,15,16,17,18,19,20,21>6,8,9,2,7,15,16,18,19,20,21
1,2,3,6,7,9,14,15,16,17,18,19,20,21>1,4,8,13,14,22,2,7,15,16,18,19,20,21
2,3,4,5,7,8,9,10,11,16,17,18,19>17,20,9,12,4,8,11,16,19
2,3,4,5,7,8,9,10,11,16,17,18,19>2,5,7,9,10,12,13,18,4,8,11,16,19
2,3,4,5,7,8,9,10,11,16,17,18,19>3,5,9,10,12,18,20,4,8,11,16,19
2,3,4,5,7,8,9,10,11,16,17,18,19>2,3,5,12,13,17,4,8,11,16,19
5,6,7,11,13,16,18,19,22,23>6,11,12,13,14,16,18,20,19,23,7
5,6,7,11,13,16,18,19,22,23>5,6,12,16,18,20,22,19,23,7
5,6,7,11,13,16,18,19,22,23>5,8,19,23,7
5,6,7,11,13,16,18,19,22,23>5,6,11,13,14,16,18,20,19,23,7
1,3,4,5,7,11,14,16,18,19,20,21,23>5,8,11,14,18,23,4,16,19,20,21
1,3,4,5,7,11,14,16,18,19,20,21,23>2,5,7,14,15,18,22,23,4,16,19,20,21
1,3,4,5,7,11,14,16,18,19,20,21,23>1,2,11,14,15,22,23,4,16,19,20,21
1,3,4,5,7,11,14,16,18,19,20,21,23>1,2,3,5,8,14,22,4,16,19,20,21
5,7,9,11,12,13,14,15,16,17,20,22>5,7,8,9,10,11,12,17,20,23,16,13,14,15
5,7,9,11,12,13,14,15,16,17,20,22>5,6,9,11,17,18,20,21,23,16,13,14,15
5,7,9,11,12,13,14,15,16,17,20,22>5,7,9,11,12,17,18,20,23,16,13,14,15
5,7,9,11,12,13,14,15,16,17,20,22>5,9,18,22,23,16,13,14,15
3,5,6,7,8,10,11,12,14,15,16,18,19,20>6,11,13,14,15,18,20,21,8,16,19,7
3,5,6,7,8,10,11,12,14,15,16,18,19,20>3,6,10,12,15,18,20,8,16,19,7
3,5,6,7,8,10,11,12,14,15,16,18,19,20>4,18,20,10,8,16,19,7
3,5,6,7,8,10,11,12,14,15,16,18,19,20>3,4,5,6,10,11,13,21,8,16,19,7
5,6,7,13,18,19,21,23>22,23,18,19,7
5,6,7,13,18,19,21,23>5,14,18,21,22,19,7
5,6,7,13,18,19,21,23>5,6,20,21,22,23,19,7
5,6,7,13,18,19,21,23>6,13,14,20,21,22,19,7
2,3,4,5,6,8,9,11,12,14,18,23>7,9,10,11,14,16,18,19,8,4,12,6
2,3,4,5,6,8,9,11,12,14,18,23>2,9,11,16,18,19,23,8,4,12,6
2,3,4,5,6,8,9,11,12,14,18,23>2,3,7,16,18,19,8,4,12,6
2,3,4,5,6,8,9,11,12,14,18,23>2,5,14,18,19,8,4,12,6
2,3,5,6,8,10,11,12,13,15,17,19,21>3,5,10,14,15,21,8,11,12,13
2,3,5,6,8,10,11,12,13,15,17,19,21>3,5,6,7,10,17,21,22,8,11,12,13
2,3,5,6,8,10,11,12,13,15,17,19,21>2,3,6,10,16,21,8,11,12,13
2,3,5,6,8,10,11,12,13,15,17,19,21>2,3,6,14,15,16,8,11,12,13
1,3,4,5,7,8,11,13,14,15>1,5,8,11,16,4,13,14
1,3,4,5,7,8,11,13,14,15>3,5,6,8,15,16,4,13,14
1,3,4,5,7,8,11,13,14,15>1,3,6,8,15,4,13,14
1,3,4,5,7,8,11,13,14,15>1,16,6,7,4,13,14
2,4,8,9,10,13,14,17,19,21>22,10,11,16,13,14
2,4,8,9,10,13,14,17,19,21>2,4,11,16,19,20,21,22,13,14
2,4,8,9,10,13,14,17,19,21>2,8,16,21,22,13,14
2,4,8,9,10,13,14,17,19,21>2,8,9,11,19,13,14
4,7,8,11,12,13,17,18,19,20>12,14,16,18,21,8,17,19,13
4,7,8,11,12,13,17,18,19,20>20,4,7,14,8,17,19,13
4,7,8,11,12,13,17,18,19,20>11,12,14,20,21,8,17,19,13
4,7,8,11,12,13,17,18,19,20>7,11,14,16,18,8,17,19,13
3,5,6,7,8,9,10,15,19,21,23>3,8,9,10,11,23,7
3,5,6,7,8,9,10,15,19,21,23>4,9,10,11,15,16,19,20,23,7
3,5,6,7,8,9,10,15,19,21,23>3,4,6,9,11,15,20,21,22,23,7
3,5,6,7,8,9,10,15,19,21,23>5,9,19,21,22,23,7
1,2,3,5,9,10,11,12,14,18,19,20,21,23>1,3,8,10,12,14,15,17,18,22,23,2,19,21
1,2,3,5,9,10,11,12,14,18,19,20,21,23>1,4,8,9,11,12,14,15,20,22,2,19,21
1,2,3,5,9,10,11,12,14,18,19,20,21,23>3,4,5,8,9,18,22,23,2,19,21
1,2,3,5,9,10,11,12,14,18,19,20,21,23>1,3,9,10,12,15,17,18,2,19,21
1,3,4,5,7,9,10,11,14,16,18,21,23>5,9,12,14,21,23,16,10,11,4
1,3,4,5,7,9,10,11,14,16,18,21,23>1,9,14,15,18,19,22,16,10,11,4
1,3,4,5,7,9,10,11,14,16,18,21,23>2,8,9,12,14,23,16,10,11,4
1,3,4,5,7,9,10,11,14,16,18,21,23>3,8,9,12,14,16,10,11,4
1,3,4,5,6,7,8,11,13,16,17,18,23>2,5,11,13,18,19,4,6,7,8,16
1,3,4,5,6,7,8,11,13,16,17,18,23>1,3,5,11,12,13,14,17,19,23,4,6,7,8,16
1,3,4,5,6,7,8,11,13,16,17,18,23>2,3,11,12,13,14,17,18,23,4,6,7,8,16
1,3,4,5,6,7,8,11,13,16,17,18,23>1,2,3,5,11,12,13,14,17,19,4,6,7,8,16
1,4,6,9,10,11,12,13,14,16,17,18,22>1,2,4,7,15,10,11,12,13,14,16,18
1,4,6,9,10,11,12,13,14,16,17,18,22>8,9,15,17,19,10,11,12,13,14,16,18
1,4,6,9,10,11,12,13,14,16,17,18,22>2,4,7,8,9,15,17,22,23,10,11,12,13,14,16,18
1,4,6,9,10,11,12,13,14,16,17,18,22>1,2,4,6,7,8,9,17,19,22,10,11,12,13,14,16,18
1,3,4,8,9,10,12,13,14,15,22,23>2,9,11,13,15,16,22,4,8,10,12,14,23
1,3,4,8,9,10,12,13,14,15,22,23>22,3,11,13,4,8,10,12,14,23
1,3,4,8,9,10,12,13,14,15,22,23>1,3,11,4,8,10,12,14,23
1,3,4,8,9,10,12,13,14,15,22,23>22,2,3,9,4,8,10,12,14,23
1,4,8,11,13,14,15,16,18,21,22>2,11,15,18,23,8,13,14,16,22
1,4,8,11,13,14,15,16,18,21,22>1,4,12,21,8,13,14,16,22
1,4,8,11,13,14,15,16,18,21,22>2,4,15,18,21,8,13,14,16,22
1,4,8,11,13,14,15,16,18,21,22>1,2,4,12,18,19,8,13,14,16,22
2,3,5,6,7,8,9,10,13,14,15,16,18,19,20,21>15,3,22,7,8,13,14,16,19,20,21
2,3,5,6,7,8,9,10,13,14,15,16,18,19,20,21>4,5,10,15,18,7,8,13,14,16,19,20,21
2,3,5,6,7,8,9,10,13,14,15,16,18,19,20,21>2,4,5,15,18,7,8,13,14,16,19,20,21
2,3,5,6,7,8,9,10,13,14,15,16,18,19,20,21>3,4,6,10,22,7,8,13,14,16,19,20,21
3,4,5,8,10,12,14,21,23>5,14,21,22,23,8,4,12
3,4,5,8,10,12,14,21,23>5,11,14,16,21,8,4,12
3,4,5,8,10,12,14,21,23>3,5,14,16,22,8,4,12
3,4,5,8,10,12,14,21,23>5,11,21,22,23,8,4,12
2,5,8,15,18,20>6,8,13,17,19,20
2,5,8,15,18,20>21,18,6,20
2,5,8,15,18,20>6,8,13,15,16,17,18,20
2,5,8,15,18,20>2,6,8,17,18,19,20
1,3,4,6,10,14,19>1,7,10,11,14,16,19,20,4
1,3,4,6,10,14,19>1,2,7,10,11,16,19,4
1,3,4,6,10,14,19>1,2,3,10,14,16,19,20,4
1,3,4,6,10,14,19>1,7,10,11,15,19,4
2,3,5,7,8,10,11,13,14,15,16,17,18,19,21,22,23>2,5,10,17,18,20,21,8,11,14,16,19,22,23
2,3,5,7,8,10,11,13,14,15,16,17,18,19,21,22,23>4,5,17,18,21,8,11,14,16,19,22,23
2,3,5,7,8,10,11,13,14,15,16,17,18,19,21,22,23>2,5,7,10,12,13,20,21,8,11,14,16,19,22,23
2,3,5,7,8,10,11,13,14,15,16,17,18,19,21,22,23>3,4,5,7,15,18,21,8,11,14,16,19,22,23
1,10,13,14,17,18,23>19,23,13,17,18,14
1,10,13,14,17,18,23>1,11,15,23,18,14
1,10,13,14,17,18,23>1,10,11,13,17,23,18,14
1,10,13,14,17,18,23>1,10,11,15,17,18,14
3,4,6,8,10,13,16,17,21,22,23>14,21,10,12,4,8,16,22,23
3,4,6,8,10,13,16,17,21,22,23>3,7,10,11,13,17,4,8,16,22,23
3,4,6,8,10,13,16,17,21,22,23>3,21,7,10,4,8,16,22,23
3,4,6,8,10,13,16,17,21,22,23>14,17,11,12,4,8,16,22,23
3,6,7,9,11,14,15,16,20>3,6,9,10,11,13,21,16,15,20,7
3,6,7,9,11,14,15,16,20>4,8,9,11,13,16,15,20,7
3,6,7,9,11,14,15,16,20>6,8,10,13,14,16,15,20,7
3,6,7,9,11,14,15,16,20>3,6,8,9,11,16,15,20,7
2,4,5,6,7,8,11,14,16,17,18,21,22>5,11,12,17,19,21,23,6,7,8,16,22
2,4,5,6,7,8,11,14,16,17,18,21,22>5,12,14,17,18,19,21,23,6,7,8,16,22
2,4,5,6,7,8,11,14,16,17,18,21,22>2,5,11,17,21,23,6,7,8,16,22
2,4,5,6,7,8,11,14,16,17,18,21,22>4,5,11,14,18,19,6,7,8,16,22
2,3,9,10,11,13,15,16,21,23>14,3,22,12,16,10,11
2,3,9,10,11,13,15,16,21,23>2,4,8,9,12,13,15,22,23,16,10,11
2,3,9,10,11,13,15,16,21,23>3,4,8,9,15,22,23,16,10,11
2,3,9,10,11,13,15,16,21,23>2,3,4,8,9,13,14,15,21,23,16,10,11
3,5,6,7,9,15,16,17,18,19,20,21>22,8,9,13,7,16,18,19,20,21
3,5,6,7,9,15,16,17,18,19,20,21>15,17,22,5,7,16,18,19,20,21
3,5,6,7,9,15,16,17,18,19,20,21>3,4,6,9,17,7,16,18,19,20,21
3,5,6,7,9,15,16,17,18,19,20,21>5,9,13,17,22,7,16,18,19,20,21
1,5,7,9,13,14,15,20,22>5,7,9,16,17,20,13,14,15
1,5,7,9,13,14,15,20,22>2,7,10,17,21,20,13,14,15
1,5,7,9,13,14,15,20,22>5,7,9,10,16,23,20,13,14,15
1,5,7,9,13,14,15,20,22>1,5,7,10,16,22,20,13,14,15
3,6,7,9,10,11,13,15,16,17,19,21,22,23>3,8,9,12,14,15,18,20,21,7,11,16,22,23
3,6,7,9,10,11,13,15,16,17,19,21,22,23>4,8,9,15,17,18,19,20,7,11,16,22,23
3,6,7,9,10,11,13,15,16,17,19,21,22,23>3,6,8,9,10,14,15,20,7,11,16,22,23
3,6,7,9,10,11,13,15,16,17,19,21,22,23>4,6,8,10,12,13,14,19,20,7,11,16,22,23
1,2,3,4,5,7,10,11,13,15,16,18,21>12,14,19,10,2,4,11,13,16
1,2,3,4,5,7,10,11,13,15,16,18,21>5,6,7,10,15,19,22,2,4,11,13,16
1,2,3,4,5,7,10,11,13,15,16,18,21>1,3,5,6,14,19,2,4,11,13,16
1,2,3,4,5,7,10,11,13,15,16,18,21>5,6,10,14,15,22,2,4,11,13,16
2,3,4,6,10,12,13,15,18,19,21,23>13,15,21,11,19,4,12
2,3,4,6,10,12,13,15,18,19,21,23>2,10,16,21,22,19,4,12
2,3,4,6,10,12,13,15,18,19,21,23>6,8,10,11,14,16,21,19,4,12
2,3,4,6,10,12,13,15,18,19,21,23>7,10,13,14,22,19,4,12
2,3,4,5,7,12,13,14,16,17,18,19,20,21>7,8,12,17,20,4,13,14,16,18,19,21
2,3,4,5,7,12,13,14,16,17,18,19,20,21>20,3,12,15,4,13,14,16,18,19,21
2,3,4,5,7,12,13,14,16,17,18,19,20,21>2,3,7,20,22,4,13,14,16,18,19,21
2,3,4,5,7,12,13,14,16,17,18,19,20,21>2,3,5,12,17,20,22,4,13,14,16,18,19,21
1,2,4,5,9,10,12,13,14,15,16,17,22,23>1,8,9,11,13,17,18,2,10,12,14,15,16,23
1,2,4,5,9,10,12,13,14,15,16,17,22,23>4,22,6,9,2,10,12,14,15,16,23
1,2,4,5,9,10,12,13,14,15,16,17,22,23>1,8,13,17,22,2,10,12,14,15,16,23
1,2,4,5,9,10,12,13,14,15,16,17,22,23>1,6,17,2,10,12,14,15,16,23
1,2,4,7,8,9,10,11,12,13,14,17,20,23>1,9,11,12,13,23,2,8,10,14,17
1,2,4,7,8,9,10,11,12,13,14,17,20,23>7,11,12,21,23,2,8,10,14,17
1,2,4,7,8,9,10,11,12,13,14,17,20,23>4,7,11,13,16,21,2,8,10,14,17
1,2,4,7,8,9,10,11,12,13,14,17,20,23>1,11,12,20,23,2,8,10,14,17
1,4,5,6,8,10,11,13,14,15,18,19,21,23>6,7,8,16,18,20,21,19,11,14
1,4,5,6,8,10,11,13,14,15,18,19,21,23>1,5,6,7,8,18,21,22,19,11,14
1,4,5,6,8,10,11,13,14,15,18,19,21,23>1,2,5,7,13,16,18,20,21,22,23,19,11,14
1,4,5,6,8,10,11,13,14,15,18,19,21,23>1,6,13,15,16,18,21,19,11,14
1,2,3,5,9,10,14,17,19,20,22>1,3,15,19,21,23,17,2,20
1,2,3,5,9,10,14,17,19,20,22>3,4,5,10,14,15,19,21,22,17,2,20
1,2,3,5,9,10,14,17,19,20,22>1,3,9,13,14,18,19,21,17,2,20
1,2,3,5,9,10,14,17,19,20,22>1,3,4,5,14,22,17,2,20
1,2,3,5,9,11,12,13,14,16,17,20,22>6,11,12,15,18,21,23,2,13,14
1,2,3,5,9,11,12,13,14,16,17,20,22>1,5,6,8,9,10,11,12,17,22,23,2,13,14
1,2,3,5,9,11,12,13,14,16,17,20,22>4,6,8,12,15,16,17,18,20,22,23,2,13,14
1,2,3,5,9,11,12,13,14,16,17,20,22>3,4,5,6,10,12,16,2,13,14
1,2,4,5,6,8,9,12,17,18,21,22,23>1,10,17,18,21,2,6,8,12,22,23
1,2,4,5,6,8,9,12,17,18,21,22,23>4,9,10,16,18,21,2,6,8,12,22,23
1,2,4,5,6,8,9,12,17,18,21,22,23>17,1,5,18,2,6,8,12,22,23
1,2,4,5,6,8,9,12,17,18,21,22,23>1,4,5,9,10,18,21,2,6,8,12,22,23
4,7,8,9,10,12,13,19,20,22>4,7,12,14,21,8,13
4,7,8,9,10,12,13,19,20,22>9,10,12,14,17,19,20,21,22,23,8,13
4,7,8,9,10,12,13,19,20,22>4,9,12,14,16,17,20,21,22,8,13
4,7,8,9,10,12,13,19,20,22>4,7,9,10,14,17,19,20,8,13
1,5,7,8,9,18,22,23>10,6,9,23
1,5,7,8,9,18,22,23>1,22,9,23
1,5,7,8,9,18,22,23>1,5,7,8,9,18,19,23
1,5,7,8,9,18,22,23>2,5,7,9,10,19,23
3,6,7,8,9,10,12,14,19,20>14,12,8,7
3,6,7,8,9,10,12,14,19,20>4,6,10,13,14,19,21,8,7
3,6,7,8,9,10,12,14,19,20>3,6,9,10,13,14,21,8,7
3,6,7,8,9,10,12,14,19,20>4,6,10,12,13,17,19,21,8,7
4,5,7,8,9,10,11,16,18,20>4,9,18,19,21,8,16,10,20
4,5,7,8,9,10,11,16,18,20>18,4,5,13,8,16,10,20
4,5,7,8,9,10,11,16,18,20>5,6,7,11,13,21,8,16,10,20
4,5,7,8,9,10,11,16,18,20>4,5,6,9,13,19,21,8,16,10,20
3,5,6,11,14,15,16,17,18,19>13,14,17,6,16,18,19,15
3,5,6,11,14,15,16,17,18,19>3,6,11,13,17,16,18,19,15
3,5,6,11,14,15,16,17,18,19>3,4,7,8,11,13,20,16,18,19,15
3,5,6,11,14,15,16,17,18,19>3,4,5,8,13,20,16,18,19,15
1,3,5,6,9,10,11,12,15,17,18,19,21,22>6,7,9,13,15,16,17,11,12,18,19,22
1,3,5,6,9,10,11,12,15,17,18,19,21,22>1,2,5,8,9,13,17,21,23,11,12,18,19,22
1,3,5,6,9,10,11,12,15,17,18,19,21,22>2,3,4,6,7,9,10,15,17,11,12,18,19,22
1,3,5,6,9,10,11,12,15,17,18,19,21,22>1,2,3,6,7,8,10,15,16,17,21,11,12,18,19,22
2,3,4,7,8,9,10,11,13,14,18,19,20,23>2,3,10,13,16,18,21,19,4,20,14
2,3,4,7,8,9,10,11,13,14,18,19,20,23>2,3,9,10,13,17,18,19,4,20,14
2,3,4,7,8,9,10,11,13,14,18,19,20,23>2,3,8,9,11,13,21,19,4,20,14
2,3,4,7,8,9,10,11,13,14,18,19,20,23>2,3,7,8,10,13,16,23,19,4,20,14
1,2,3,8,9,10,13,19,21>14,19,20,8,2,13
1,2,3,8,9,10,13,19,21>3,8,9,10,19,20,21,22,2,13
1,2,3,8,9,10,13,19,21>3,4,9,20,21,22,2,13
1,2,3,8,9,10,13,19,21>1,3,4,9,10,19,22,2,13
3,6,7,9,11,12,14,15,16,17,18,20,21,22,23>12,7,15,16,18,21,22,23
3,6,7,9,11,12,14,15,16,17,18,20,21,22,23>3,8,9,11,14,19,7,15,16,18,21,22,23
3,6,7,9,11,12,14,15,16,17,18,20,21,22,23>6,8,9,11,17,19,7,15,16,18,21,22,23
3,6,7,9,11,12,14,15,16,17,18,20,21,22,23>3,4,6,8,9,14,17,19,7,15,16,18,21,22,23
