TCR,NFAT,IFN-\beta,IFN-\betaR,IL-18,IL-18R,IRAK,SOCS1,IL-12,IL-12R,STAT4,T-bet,IFN-\gamma,IFN-\gammaR,JAK1,STAT1,IL-4,IL-4R,STAT6,GATA3,IL-10,IL-10R,STAT3
1,3,5,8,11,12,13,16,17,18,21,22>16,18,19,11,8,12,13,22
1,3,5,8,11,12,13,16,17,18,21,22>2,3,11,14,17,18,21,8,12,13,22
1,3,5,8,11,12,13,16,17,18,21,22>1,2,4,14,18,8,12,13,22
1,3,5,8,11,12,13,16,17,18,21,22>3,4,6,11,18,21,8,12,13,22
1,3,5,8,11,12,13,16,17,18,21,22>1,2,4,11,14,16,17,19,21,23,8,12,13,22
1,3,5,8,11,12,13,16,17,18,21,22>2,3,4,11,14,16,17,19,21,23,8,12,13,22
1,3,5,8,11,12,13,16,17,18,21,22>1,2,5,16,18,19,21,8,12,13,22
1,3,5,8,11,12,13,16,17,18,21,22>3,5,14,17,21,8,12,13,22
1,3,5,8,11,12,13,16,17,18,21,22>1,3,5,6,17,18,19,21,8,12,13,22
1,3,5,8,11,12,13,16,17,18,21,22>2,4,5,18,19,8,12,13,22
1,2,4,5,9,10,11,13,14,17,18,20,21,22>1,4,11,16,19,23,2,10,13,14,17,18,20,21,22
1,2,4,5,9,10,11,13,14,17,18,20,21,22>19,5,11,2,10,13,14,17,18,20,21,22
1,2,4,5,9,10,11,13,14,17,18,20,21,22>1,5,11,2,10,13,14,17,18,20,21,22
1,2,4,5,9,10,11,13,14,17,18,20,21,22>1,5,15,2,10,13,14,17,18,20,21,22
1,2,4,5,9,10,11,13,14,17,18,20,21,22>16,4,23,6,2,10,13,14,17,18,20,21,22
1,2,4,5,9,10,11,13,14,17,18,20,21,22>23,5,6,11,2,10,13,14,17,18,20,21,22
1,2,4,5,9,10,11,13,14,17,18,20,21,22>4,5,6,15,16,2,10,13,14,17,18,20,21,22
1,2,4,5,9,10,11,13,14,17,18,20,21,22>16,1,9,15,2,10,13,14,17,18,20,21,22
1,2,4,5,9,10,11,13,14,17,18,20,21,22>1,4,9,11,16,2,10,13,14,17,18,20,21,22
1,2,4,5,9,10,11,13,14,17,18,20,21,22>4,5,6,9,15,19,2,10,13,14,17,18,20,21,22
1,5,10,12,16,18,22>1,5,11,16,22,23,12
1,5,10,12,16,18,22>1,6,13,16,18,19,22,12
1,5,10,12,16,18,22>1,6,10,11,16,18,19,22,12
1,5,10,12,16,18,22>5,6,10,13,16,18,22,12
1,5,10,12,16,18,22>1,5,6,13,18,22,23,12
1,5,10,12,16,18,22>2,5,6,13,16,23,12
1,5,10,12,16,18,22>8,10,16,22,23,12
1,5,10,12,16,18,22>1,8,13,19,22,23,12
1,5,10,12,16,18,22>1,8,10,11,18,22,12
1,5,10,12,16,18,22>5,6,8,11,18,19,23,12
3,4,6,9,11,12,13,16,17,21,23>7,10,13,14,18,21,23,16,4,12
3,4,6,9,11,12,13,16,17,21,23>6,7,8,9,11,13,14,18,22,23,16,4,12
3,4,6,9,11,12,13,16,17,21,23>3,6,7,17,21,16,4,12
3,4,6,9,11,12,13,16,17,21,23>6,7,8,9,11,17,23,16,4,12
3,4,6,9,11,12,13,16,17,21,23>7,8,9,11,13,14,17,21,16,4,12
3,4,6,9,11,12,13,16,17,21,23>13,3,22,9,16,4,12
3,4,6,9,11,12,13,16,17,21,23>6,7,9,13,14,17,18,22,23,16,4,12
3,4,6,9,11,12,13,16,17,21,23>3,6,8,9,14,17,18,23,16,4,12
3,4,6,9,11,12,13,16,17,21,23>7,8,9,11,13,14,18,21,22,23,16,4,12
3,4,6,9,11,12,13,16,17,21,23>6,7,8,9,10,11,14,17,22,16,4,12
1,3,6,7,8,10,12,13,14,17,18,19,20,21,22,23>13,20,10,7,8,14,17,19,21,22,23
1,3,6,7,8,10,12,13,14,17,18,19,20,21,22,23>1,10,12,13,18,7,8,14,17,19,21,22,23
1,3,6,7,8,10,12,13,14,17,18,19,20,21,22,23>2,3,4,6,12,18,7,8,14,17,19,21,22,23
1,3,6,7,8,10,12,13,14,17,18,19,20,21,22,23>3,4,12,18,20,7,8,14,17,19,21,22,23
1,3,6,7,8,10,12,13,14,17,18,19,20,21,22,23>3,4,13,18,20,7,8,14,17,19,21,22,23
1,3,6,7,8,10,12,13,14,17,18,19,20,21,22,23>2,3,4,10,13,18,7,8,14,17,19,21,22,23
1,3,6,7,8,10,12,13,14,17,18,19,20,21,22,23>13,2,20,6,7,8,14,17,19,21,22,23
1,3,6,7,8,10,12,13,14,17,18,19,20,21,22,23>1,3,6,7,8,14,17,19,21,22,23
1,3,6,7,8,10,12,13,14,17,18,19,20,21,22,23>20,3,4,6,7,8,14,17,19,21,22,23
1,3,6,7,8,10,12,13,14,17,18,19,20,21,22,23>2,3,4,6,13,7,8,14,17,19,21,22,23
1,3,7,9,11,13,14,16,17,18,20,22,23>2,10,11,13,16,19,18,20,14,23
1,3,7,9,11,13,14,16,17,18,20,22,23>1,2,9,13,16,17,21,18,20,14,23
1,3,7,9,11,13,14,16,17,18,20,22,23>2,8,9,10,16,22,18,20,14,23
1,3,7,9,11,13,14,16,17,18,20,22,23>1,2,3,8,15,19,21,18,20,14,23
1,3,7,9,11,13,14,16,17,18,20,22,23>1,2,4,9,10,13,15,21,18,20,14,23
1,3,7,9,11,13,14,16,17,18,20,22,23>2,7,10,15,17,19,21,18,20,14,23
1,3,7,9,11,13,14,16,17,18,20,22,23>1,3,4,7,8,9,15,22,18,20,14,23
1,3,7,9,11,13,14,16,17,18,20,22,23>2,4,7,13,15,16,21,22,18,20,14,23
1,3,7,9,11,13,14,16,17,18,20,22,23>3,4,7,9,10,13,17,19,21,22,18,20,14,23
1,3,7,9,11,13,14,16,17,18,20,22,23>1,3,4,7,9,10,11,15,16,22,18,20,14,23
1,3,6,7,11,12,13,16,17,18,19,23>1,2,3,8,11,13,16,17,23,18,19,12,7
1,3,6,7,11,12,13,16,17,18,19,23>4,11,13,16,17,23,18,19,12,7
1,3,6,7,11,12,13,16,17,18,19,23>2,4,8,13,17,23,18,19,12,7
1,3,6,7,11,12,13,16,17,18,19,23>1,2,4,11,13,23,18,19,12,7
1,3,6,7,11,12,13,16,17,18,19,23>1,3,4,8,11,23,18,19,12,7
1,3,6,7,11,12,13,16,17,18,19,23>2,3,4,13,23,18,19,12,7
1,3,6,7,11,12,13,16,17,18,19,23>1,6,13,16,17,23,18,19,12,7
1,3,6,7,11,12,13,16,17,18,19,23>2,3,6,11,16,18,19,12,7
1,3,6,7,11,12,13,16,17,18,19,23>4,6,13,14,16,17,18,19,12,7
1,3,6,7,11,12,13,16,17,18,19,23>1,2,3,4,6,8,16,17,23,18,19,12,7
1,2,3,6,10,11,12,13,16,17,19,20,21,22>1,4,11,16,19,23,2,21,13,22
1,2,3,6,10,11,12,13,16,17,19,20,21,22>6,11,18,19,20,2,21,13,22
1,2,3,6,10,11,12,13,16,17,19,20,21,22>1,6,10,11,12,14,18,2,21,13,22
1,2,3,6,10,11,12,13,16,17,19,20,21,22>3,6,8,17,18,2,21,13,22
1,2,3,6,10,11,12,13,16,17,19,20,21,22>1,3,4,6,8,11,14,16,18,20,23,2,21,13,22
1,2,3,6,10,11,12,13,16,17,19,20,21,22>7,10,12,16,18,19,20,2,21,13,22
1,2,3,6,10,11,12,13,16,17,19,20,21,22>3,4,7,8,10,11,12,14,18,2,21,13,22
1,2,3,6,10,11,12,13,16,17,19,20,21,22>3,6,7,8,10,11,12,14,20,23,2,21,13,22
1,2,3,6,10,11,12,13,16,17,19,20,21,22>1,3,6,7,12,16,2,21,13,22
1,2,3,6,10,11,12,13,16,17,19,20,21,22>3,4,6,7,14,18,19,20,2,21,13,22
2,3,5,7,8,9,12,14,15,18,19,23>2,14,16,18,23,8,19,12
2,3,5,7,8,9,12,14,15,18,19,23>3,4,14,15,18,8,19,12
2,3,5,7,8,9,12,14,15,18,19,23>18,4,5,14,8,19,12
2,3,5,7,8,9,12,14,15,18,19,23>2,18,7,16,8,19,12
2,3,5,7,8,9,12,14,15,18,19,23>2,4,7,9,8,19,12
2,3,5,7,8,9,12,14,15,18,19,23>2,3,4,7,15,18,8,19,12
2,3,5,7,8,9,12,14,15,18,19,23>2,5,7,9,14,23,8,19,12
2,3,5,7,8,9,12,14,15,18,19,23>2,3,5,7,15,16,8,19,12
2,3,5,7,8,9,12,14,15,18,19,23>15,4,5,7,8,19,12
2,3,5,7,8,9,12,14,15,18,19,23>3,4,5,7,9,16,18,23,8,19,12
1,3,5,7,8,9,10,11,12,13,14,16,18,19,20,22,23>1,11,16,18,20,8,19,14,23
1,3,5,7,8,9,10,11,12,13,14,16,18,19,20,22,23>1,2,7,9,10,11,12,13,18,20,8,19,14,23
1,3,5,7,8,9,10,11,12,13,14,16,18,19,20,22,23>2,3,11,12,13,21,8,19,14,23
1,3,5,7,8,9,10,11,12,13,14,16,18,19,20,22,23>4,7,9,10,16,18,20,8,19,14,23
1,3,5,7,8,9,10,11,12,13,14,16,18,19,20,22,23>3,4,9,10,12,18,8,19,14,23
1,3,5,7,8,9,10,11,12,13,14,16,18,19,20,22,23>1,2,3,4,9,10,8,19,14,23
1,3,5,7,8,9,10,11,12,13,14,16,18,19,20,22,23>1,2,3,4,9,12,18,20,21,22,8,19,14,23
1,3,5,7,8,9,10,11,12,13,14,16,18,19,20,22,23>3,5,7,9,13,16,20,22,8,19,14,23
1,3,5,7,8,9,10,11,12,13,14,16,18,19,20,22,23>1,4,5,9,10,11,12,18,20,8,19,14,23
1,3,5,7,8,9,10,11,12,13,14,16,18,19,20,22,23>2,3,4,5,7,9,12,16,18,20,22,8,19,14,23
2,4,5,7,10,11,12,17,18,19>17,4,10,13,19,18,11,12
2,4,5,7,10,11,12,17,18,19>16,17,7,19,18,11,12
2,4,5,7,10,11,12,17,18,19>16,2,7,10,19,18,11,12
2,4,5,7,10,11,12,17,18,19>16,2,7,13,19,18,11,12
2,4,5,7,10,11,12,17,18,19>17,5,7,13,19,18,11,12
2,4,5,7,10,11,12,17,18,19>2,4,5,7,10,13,19,18,11,12
2,4,5,7,10,11,12,17,18,19>2,4,5,8,19,18,11,12
2,4,5,7,10,11,12,17,18,19>4,7,8,10,16,19,18,11,12
2,4,5,7,10,11,12,17,18,19>2,4,7,8,10,19,18,11,12
2,4,5,7,10,11,12,17,18,19>4,5,7,8,19,18,11,12
1,3,8,9,10,13,14,17,18,19,20,21>13,18,22,10,14,17,19,20,21
1,3,8,9,10,13,14,17,18,19,20,21>2,22,9,10,14,17,19,20,21
1,3,8,9,10,13,14,17,18,19,20,21>1,3,9,10,14,17,19,20,21
1,3,8,9,10,13,14,17,18,19,20,21>2,3,9,10,18,14,17,19,20,21
1,3,8,9,10,13,14,17,18,19,20,21>1,4,9,10,14,17,19,20,21
1,3,8,9,10,13,14,17,18,19,20,21>1,2,4,10,18,22,14,17,19,20,21
1,3,8,9,10,13,14,17,18,19,20,21>22,3,4,9,14,17,19,20,21
1,3,8,9,10,13,14,17,18,19,20,21>1,2,8,9,13,14,17,19,20,21
1,3,8,9,10,13,14,17,18,19,20,21>1,3,8,10,18,14,17,19,20,21
1,3,8,9,10,13,14,17,18,19,20,21>2,3,4,8,10,13,18,14,17,19,20,21
1,2,3,4,6,8,11,12,19,20,21,23>3,12,17,20,23,8,2,4,21
1,2,3,4,6,8,11,12,19,20,21,23>3,12,19,20,22,23,8,2,4,21
1,2,3,4,6,8,11,12,19,20,21,23>20,7,12,16,8,2,4,21
1,2,3,4,6,8,11,12,19,20,21,23>3,20,7,12,8,2,4,21
1,2,3,4,6,8,11,12,19,20,21,23>6,7,16,20,22,23,8,2,4,21
1,2,3,4,6,8,11,12,19,20,21,23>1,11,17,19,20,22,23,8,2,4,21
1,2,3,4,6,8,11,12,19,20,21,23>1,11,16,19,22,8,2,4,21
1,2,3,4,6,8,11,12,19,20,21,23>1,3,11,16,22,23,8,2,4,21
1,2,3,4,6,8,11,12,19,20,21,23>1,6,7,11,17,23,8,2,4,21
1,2,3,4,6,8,11,12,19,20,21,23>3,6,7,11,12,17,19,22,23,8,2,4,21
2,5,6,8,9,10,11,13,14,17,20,22,23>21,22,5,13,6,10,14,17,20,23
2,5,6,8,9,10,11,13,14,17,20,22,23>2,5,11,13,6,10,14,17,20,23
2,5,6,8,9,10,11,13,14,17,20,22,23>2,5,11,21,22,6,10,14,17,20,23
2,5,6,8,9,10,11,13,14,17,20,22,23>2,7,22,13,6,10,14,17,20,23
2,5,6,8,9,10,11,13,14,17,20,22,23>2,5,8,21,22,6,10,14,17,20,23
2,5,6,8,9,10,11,13,14,17,20,22,23>2,5,7,8,13,21,6,10,14,17,20,23
2,5,6,8,9,10,11,13,14,17,20,22,23>2,5,7,9,22,6,10,14,17,20,23
2,5,6,8,9,10,11,13,14,17,20,22,23>8,9,11,13,21,22,6,10,14,17,20,23
2,5,6,8,9,10,11,13,14,17,20,22,23>2,7,8,9,22,6,10,14,17,20,23
2,5,6,8,9,10,11,13,14,17,20,22,23>2,5,7,8,9,6,10,14,17,20,23
1,3,4,5,10,11,12,15,16,17,21,22>1,3,15,17,18,4,11,12,16,22
1,3,4,5,10,11,12,15,16,17,21,22>1,3,8,10,13,15,4,11,12,16,22
1,3,4,5,10,11,12,15,16,17,21,22>5,8,10,15,18,4,11,12,16,22
1,3,4,5,10,11,12,15,16,17,21,22>1,5,10,15,17,21,4,11,12,16,22
1,3,4,5,10,11,12,15,16,17,21,22>1,5,10,18,21,23,4,11,12,16,22
1,3,4,5,10,11,12,15,16,17,21,22>2,5,8,10,13,17,4,11,12,16,22
1,3,4,5,10,11,12,15,16,17,21,22>2,3,5,8,13,15,17,18,21,4,11,12,16,22
1,3,4,5,10,11,12,15,16,17,21,22>1,6,8,13,21,4,11,12,16,22
1,3,4,5,10,11,12,15,16,17,21,22>2,3,6,13,18,21,23,4,11,12,16,22
1,3,4,5,10,11,12,15,16,17,21,22>1,2,5,6,8,10,15,21,23,4,11,12,16,22
2,3,4,8,9,10,11,13,14,15,16,17,18,19,20,21>2,3,22,17,4,8,13,14,16,19,20,21
2,3,4,8,9,10,11,13,14,15,16,17,18,19,20,21>18,9,15,17,4,8,13,14,16,19,20,21
2,3,4,8,9,10,11,13,14,15,16,17,18,19,20,21>10,15,17,4,8,13,14,16,19,20,21
2,3,4,8,9,10,11,13,14,15,16,17,18,19,20,21>2,10,15,22,4,8,13,14,16,19,20,21
2,3,4,8,9,10,11,13,14,15,16,17,18,19,20,21>22,9,10,4,8,13,14,16,19,20,21
2,3,4,8,9,10,11,13,14,15,16,17,18,19,20,21>2,3,9,10,4,8,13,14,16,19,20,21
2,3,4,8,9,10,11,13,14,15,16,17,18,19,20,21>2,11,15,17,22,4,8,13,14,16,19,20,21
2,3,4,8,9,10,11,13,14,15,16,17,18,19,20,21>3,9,11,15,18,22,4,8,13,14,16,19,20,21
2,3,4,8,9,10,11,13,14,15,16,17,18,19,20,21>22,10,11,4,8,13,14,16,19,20,21
2,3,4,8,9,10,11,13,14,15,16,17,18,19,20,21>2,10,11,15,18,4,8,13,14,16,19,20,21
3,5,7,8,11,13,14,15,16,19,23>3,12,15,19,20,23,8,16,14
3,5,7,8,11,13,14,15,16,19,23>4,5,15,20,23,8,16,14
3,5,7,8,11,13,14,15,16,19,23>3,7,12,15,23,8,16,14
3,5,7,8,11,13,14,15,16,19,23>3,4,7,12,13,15,20,8,16,14
3,5,7,8,11,13,14,15,16,19,23>4,5,7,20,23,8,16,14
3,5,7,8,11,13,14,15,16,19,23>19,11,12,13,8,16,14
3,5,7,8,11,13,14,15,16,19,23>3,11,12,19,23,8,16,14
3,5,7,8,11,13,14,15,16,19,23>11,15,19,20,23,8,16,14
3,5,7,8,11,13,14,15,16,19,23>3,7,11,12,23,8,16,14
3,5,7,8,11,13,14,15,16,19,23>3,4,7,11,15,20,8,16,14
1,3,7,11,14,17,18,21>4,11,15,17,19,21,22,18
1,3,7,11,14,17,18,21>1,4,13,15,17,19,18
1,3,7,11,14,17,18,21>1,4,11,13,17,21,22,18
1,3,7,11,14,17,18,21>3,4,11,13,14,15,19,22,18
1,3,7,11,14,17,18,21>1,4,7,13,17,19,21,22,18
1,3,7,11,14,17,18,21>1,7,11,13,17,21,22,18
1,3,7,11,14,17,18,21>1,2,3,7,11,13,14,19,22,18
1,3,7,11,14,17,18,21>4,7,11,14,15,17,21,22,18
1,3,7,11,14,17,18,21>1,4,7,11,14,17,22,18
1,3,7,11,14,17,18,21>1,2,4,7,11,14,17,21,18
2,4,5,6,7,10,16,17,20,22,23>21,2,17,18,6,7,16,20,23
2,4,5,6,7,10,16,17,20,22,23>2,4,17,22,6,7,16,20,23
2,4,5,6,7,10,16,17,20,22,23>2,4,5,17,6,7,16,20,23
2,4,5,6,7,10,16,17,20,22,23>21,8,17,18,6,7,16,20,23
2,4,5,6,7,10,16,17,20,22,23>2,4,5,18,21,6,7,16,20,23
2,4,5,6,7,10,16,17,20,22,23>2,4,8,18,22,6,7,16,20,23
2,4,5,6,7,10,16,17,20,22,23>21,10,17,18,6,7,16,20,23
2,4,5,6,7,10,16,17,20,22,23>2,4,10,21,22,6,7,16,20,23
2,4,5,6,7,10,16,17,20,22,23>2,8,10,18,21,6,7,16,20,23
2,4,5,6,7,10,16,17,20,22,23>5,8,10,18,21,22,6,7,16,20,23
3,11,12,18,19,21,23>23,3,8,22,19,12
3,11,12,18,19,21,23>3,4,8,22,19,12
3,11,12,18,19,21,23>4,11,21,22,19,12
3,11,12,18,19,21,23>3,4,11,19,12
3,11,12,18,19,21,23>4,8,18,22,23,19,12
3,11,12,18,19,21,23>23,11,18,21,19,12
3,11,12,18,19,21,23>3,11,18,22,23,19,12
3,11,12,18,19,21,23>4,11,18,22,23,19,12
3,11,12,18,19,21,23>3,8,11,18,21,19,12
3,11,12,18,19,21,23>4,8,11,18,19,12
2,3,6,10,11,14,16,19,20,21,22>3,4,6,7,14,15,16,23,20,21,22
2,3,6,10,11,14,16,19,20,21,22>2,3,6,8,10,11,13,15,19,20,21,22
2,3,6,10,11,14,16,19,20,21,22>4,6,8,13,16,23,20,21,22
2,3,6,10,11,14,16,19,20,21,22>2,3,6,8,10,11,13,14,20,21,22
2,3,6,10,11,14,16,19,20,21,22>2,7,10,11,14,23,20,21,22
2,3,6,10,11,14,16,19,20,21,22>2,7,8,10,14,16,19,20,21,22
2,3,6,10,11,14,16,19,20,21,22>2,3,7,11,13,15,16,19,20,21,22
2,3,6,10,11,14,16,19,20,21,22>3,4,7,10,13,15,16,19,20,21,22
2,3,6,10,11,14,16,19,20,21,22>2,6,7,8,15,23,20,21,22
2,3,6,10,11,14,16,19,20,21,22>3,4,6,7,10,13,15,19,20,21,22
1,2,3,5,6,7,9,11,13,14,18,19,22>1,3,15,20,22,23,2,7,13,14,19
1,2,3,5,6,7,9,11,13,14,18,19,22>5,11,15,18,23,2,7,13,14,19
1,2,3,5,6,7,9,11,13,14,18,19,22>15,3,22,5,2,7,13,14,19
1,2,3,5,6,7,9,11,13,14,18,19,22>3,5,9,11,15,18,2,7,13,14,19
1,2,3,5,6,7,9,11,13,14,18,19,22>4,5,11,18,20,23,2,7,13,14,19
1,2,3,5,6,7,9,11,13,14,18,19,22>6,15,18,20,23,2,7,13,14,19
1,2,3,5,6,7,9,11,13,14,18,19,22>4,6,15,20,23,2,7,13,14,19
1,2,3,5,6,7,9,11,13,14,18,19,22>5,6,15,18,20,2,7,13,14,19
1,2,3,5,6,7,9,11,13,14,18,19,22>1,3,4,6,9,18,20,22,2,7,13,14,19
1,2,3,5,6,7,9,11,13,14,18,19,22>5,6,9,15,22,23,2,7,13,14,19
1,8,9,10,11,12,14,15,16,17,18,20,21,22,23>2,14,15,17,19,8,10,16,21,22,23
1,8,9,10,11,12,14,15,16,17,18,20,21,22,23>18,2,11,15,8,10,16,21,22,23
1,8,9,10,11,12,14,15,16,17,18,20,21,22,23>2,9,11,14,18,19,8,10,16,21,22,23
1,8,9,10,11,12,14,15,16,17,18,20,21,22,23>1,2,9,11,15,19,20,8,10,16,21,22,23
1,8,9,10,11,12,14,15,16,17,18,20,21,22,23>1,2,9,12,17,18,19,20,8,10,16,21,22,23
1,8,9,10,11,12,14,15,16,17,18,20,21,22,23>2,12,15,17,18,8,10,16,21,22,23
1,8,9,10,11,12,14,15,16,17,18,20,21,22,23>2,12,14,15,8,10,16,21,22,23
1,8,9,10,11,12,14,15,16,17,18,20,21,22,23>1,2,9,12,15,18,19,8,10,16,21,22,23
1,8,9,10,11,12,14,15,16,17,18,20,21,22,23>2,9,11,12,17,8,10,16,21,22,23
1,8,9,10,11,12,14,15,16,17,18,20,21,22,23>2,9,11,12,19,20,8,10,16,21,22,23
4,5,7,9,11,15,17,18,21,22,23>4,11,16,17,19,21,18,22,23
4,5,7,9,11,15,17,18,21,22,23>5,6,21,10,18,22,23
4,5,7,9,11,15,17,18,21,22,23>4,7,11,15,17,19,21,18,22,23
4,5,7,9,11,15,17,18,21,22,23>4,7,10,11,15,17,19,18,22,23
4,5,7,9,11,15,17,18,21,22,23>4,6,7,10,16,17,21,18,22,23
4,5,7,9,11,15,17,18,21,22,23>5,6,7,11,15,17,18,22,23
4,5,7,9,11,15,17,18,21,22,23>5,6,9,11,15,16,17,21,18,22,23
4,5,7,9,11,15,17,18,21,22,23>5,6,9,10,15,19,18,22,23
4,5,7,9,11,15,17,18,21,22,23>17,7,9,11,18,22,23
4,5,7,9,11,15,17,18,21,22,23>4,6,7,9,10,16,21,18,22,23
1,2,3,5,6,8,9,10,11,13,14,15,16,17,18,19,22>3,7,10,15,17,20,23,2,8,11,13,14,16,19
1,2,3,5,6,8,9,10,11,13,14,15,16,17,18,19,22>1,4,10,12,18,23,2,8,11,13,14,16,19
1,2,3,5,6,8,9,10,11,13,14,15,16,17,18,19,22>3,4,7,10,18,22,23,2,8,11,13,14,16,19
1,2,3,5,6,8,9,10,11,13,14,15,16,17,18,19,22>1,4,7,9,2,8,11,13,14,16,19
1,2,3,5,6,8,9,10,11,13,14,15,16,17,18,19,22>3,5,6,12,22,2,8,11,13,14,16,19
1,2,3,5,6,8,9,10,11,13,14,15,16,17,18,19,22>1,4,5,12,15,17,20,22,2,8,11,13,14,16,19
1,2,3,5,6,8,9,10,11,13,14,15,16,17,18,19,22>1,6,9,17,23,2,8,11,13,14,16,19
1,2,3,5,6,8,9,10,11,13,14,15,16,17,18,19,22>4,6,7,9,10,17,18,20,22,23,2,8,11,13,14,16,19
1,2,3,5,6,8,9,10,11,13,14,15,16,17,18,19,22>3,5,6,12,15,18,23,2,8,11,13,14,16,19
1,2,3,5,6,8,9,10,11,13,14,15,16,17,18,19,22>1,4,5,6,10,12,17,18,22,2,8,11,13,14,16,19
3,4,6,9,10,11,14,16,17,18,19,20,22>3,6,10,15,17,21,4,16,18,19,20
3,4,6,9,10,11,14,16,17,18,19,20,22>3,6,10,11,13,17,21,22,4,16,18,19,20
3,4,6,9,10,11,14,16,17,18,19,20,22>3,7,10,13,17,21,22,4,16,18,19,20
3,4,6,9,10,11,14,16,17,18,19,20,22>7,8,13,14,15,17,21,4,16,18,19,20
3,4,6,9,10,11,14,16,17,18,19,20,22>3,6,7,8,10,13,14,21,22,4,16,18,19,20
3,4,6,9,10,11,14,16,17,18,19,20,22>9,10,11,13,17,4,16,18,19,20
3,4,6,9,10,11,14,16,17,18,19,20,22>9,11,15,21,23,4,16,18,19,20
3,4,6,9,10,11,14,16,17,18,19,20,22>6,7,9,13,15,17,22,4,16,18,19,20
3,4,6,9,10,11,14,16,17,18,19,20,22>6,7,8,9,11,13,14,15,22,4,16,18,19,20
3,4,6,9,10,11,14,16,17,18,19,20,22>3,6,7,8,9,11,13,15,17,21,4,16,18,19,20
2,5,8,12,14,22,23>2,5,6,8,12,23
2,5,8,12,14,22,23>2,5,14,8,12,23
2,5,8,12,14,22,23>2,6,14,8,12,23
2,5,8,12,14,22,23>5,6,14,8,12,23
2,5,8,12,14,22,23>2,5,22,8,12,23
2,5,8,12,14,22,23>2,6,22,8,12,23
2,5,8,12,14,22,23>5,6,22,8,12,23
2,5,8,12,14,22,23>2,14,22,8,12,23
2,5,8,12,14,22,23>5,14,22,8,12,23
2,5,8,12,14,22,23>6,14,22,8,12,23
2,4,6,10,13,16,18,20>2,4,10,14,18,19,21,16,20,13
2,4,6,10,13,16,18,20>19,4,6,14,16,20,13
2,4,6,10,13,16,18,20>2,4,6,10,14,18,16,20,13
2,4,6,10,13,16,18,20>6,7,14,18,21,16,20,13
2,4,6,10,13,16,18,20>2,6,7,10,21,16,20,13
2,4,6,10,13,16,18,20>2,8,10,18,19,16,20,13
2,4,6,10,13,16,18,20>2,4,8,14,19,21,16,20,13
2,4,6,10,13,16,18,20>18,6,8,10,16,20,13
2,4,6,10,13,16,18,20>2,21,6,8,16,20,13
2,4,6,10,13,16,18,20>7,8,14,18,19,16,20,13
2,3,6,7,9,11,12,13,14,16,18>11,19,12,13,14,7
2,3,6,7,9,11,12,13,14,16,18>11,2,16,6,12,13,14,7
2,3,6,7,9,11,12,13,14,16,18>3,6,9,15,16,12,13,14,7
2,3,6,7,9,11,12,13,14,16,18>2,3,6,9,10,16,12,13,14,7
2,3,6,7,9,11,12,13,14,16,18>16,4,6,9,12,13,14,7
2,3,6,7,9,11,12,13,14,16,18>2,4,6,9,15,18,12,13,14,7
2,3,6,7,9,11,12,13,14,16,18>2,3,6,8,18,12,13,14,7
2,3,6,7,9,11,12,13,14,16,18>4,6,8,11,15,12,13,14,7
2,3,6,7,9,11,12,13,14,16,18>2,4,6,8,10,15,19,12,13,14,7
2,3,6,7,9,11,12,13,14,16,18>2,3,4,6,8,10,15,16,12,13,14,7
6,11,14,15,16,17,18>17,19,13,14,16,18,15
6,11,14,15,16,17,18>19,7,8,13,16,18,15
6,11,14,15,16,17,18>6,11,13,17,19,16,18,15
6,11,14,15,16,17,18>6,8,11,13,14,19,16,18,15
6,11,14,15,16,17,18>6,7,8,11,19,16,18,15
6,11,14,15,16,17,18>17,8,12,13,16,18,15
6,11,14,15,16,17,18>6,7,8,12,14,17,19,16,18,15
6,11,14,15,16,17,18>11,12,14,17,19,16,18,15
6,11,14,15,16,17,18>7,11,12,13,19,16,18,15
6,11,14,15,16,17,18>6,7,8,11,12,17,16,18,15
1,2,5,6,7,11,12,15,18,22,23>1,5,16,2,6,7,12,23
1,2,5,6,7,11,12,15,18,22,23>1,5,8,18,19,2,6,7,12,23
1,2,5,6,7,11,12,15,18,22,23>1,5,8,19,22,2,6,7,12,23
1,2,5,6,7,11,12,15,18,22,23>1,11,16,22,2,6,7,12,23
1,2,5,6,7,11,12,15,18,22,23>5,11,16,18,19,2,6,7,12,23
1,2,5,6,7,11,12,15,18,22,23>1,5,8,11,22,2,6,7,12,23
1,2,5,6,7,11,12,15,18,22,23>1,15,16,18,22,2,6,7,12,23
1,2,5,6,7,11,12,15,18,22,23>1,8,15,16,18,19,2,6,7,12,23
1,2,5,6,7,11,12,15,18,22,23>1,11,15,2,6,7,12,23
1,2,5,6,7,11,12,15,18,22,23>8,11,15,16,19,2,6,7,12,23
1,3,6,9,11,12,13,15>1,7,8,9,11,16,12,13
1,3,6,9,11,12,13,15>1,4,7,9,10,14,15,12,13
1,3,6,9,11,12,13,15>1,3,4,7,8,12,13
1,3,6,9,11,12,13,15>1,3,4,7,11,12,13
1,3,6,9,11,12,13,15>2,6,8,9,14,16,12,13
1,3,6,9,11,12,13,15>2,6,7,10,11,14,15,12,13
1,3,6,9,11,12,13,15>1,2,6,7,8,10,15,12,13
1,3,6,9,11,12,13,15>1,3,6,7,10,11,12,13
1,3,6,9,11,12,13,15>1,2,4,6,7,9,16,12,13
1,3,6,9,11,12,13,15>1,3,4,6,7,12,13
1,4,5,6,11,13,14,17,19,22,23>1,7,13,15,19,20,22,14,23
1,4,5,6,11,13,14,17,19,22,23>4,7,11,13,15,17,18,19,20,14,23
1,4,5,6,11,13,14,17,19,22,23>4,15,16,18,20,14,23
1,4,5,6,11,13,14,17,19,22,23>4,13,16,18,19,20,22,14,23
1,4,5,6,11,13,14,17,19,22,23>1,2,5,7,13,19,22,14,23
1,4,5,6,11,13,14,17,19,22,23>1,6,16,17,19,20,22,14,23
1,4,5,6,11,13,14,17,19,22,23>2,6,17,18,19,22,14,23
1,4,5,6,11,13,14,17,19,22,23>4,6,7,15,18,22,14,23
1,4,5,6,11,13,14,17,19,22,23>1,4,6,7,11,13,15,17,18,20,14,23
1,4,5,6,11,13,14,17,19,22,23>2,4,5,6,13,17,18,20,22,14,23
1,2,3,4,5,7,9,10,11,13,16,17,20,21>1,5,9,11,14,17,2,4,10,13,16,20,21
1,2,3,4,5,7,9,10,11,13,16,17,20,21>1,3,5,8,11,2,4,10,13,16,20,21
1,2,3,4,5,7,9,10,11,13,16,17,20,21>1,3,5,8,9,18,2,4,10,13,16,20,21
1,2,3,4,5,7,9,10,11,13,16,17,20,21>5,6,8,14,18,2,4,10,13,16,20,21
1,2,3,4,5,7,9,10,11,13,16,17,20,21>1,5,6,9,14,17,18,22,2,4,10,13,16,20,21
1,2,3,4,5,7,9,10,11,13,16,17,20,21>11,1,22,7,2,4,10,13,16,20,21
1,2,3,4,5,7,9,10,11,13,16,17,20,21>1,3,7,9,14,17,18,22,2,4,10,13,16,20,21
1,2,3,4,5,7,9,10,11,13,16,17,20,21>5,7,9,11,18,2,4,10,13,16,20,21
1,2,3,4,5,7,9,10,11,13,16,17,20,21>1,5,7,2,4,10,13,16,20,21
1,2,3,4,5,7,9,10,11,13,16,17,20,21>5,6,7,17,18,22,2,4,10,13,16,20,21
1,3,4,5,6,7,8,9,13,17,18,22,23>1,9,10,13,17,18,22,4,23,6,7
1,3,4,5,6,7,8,9,13,17,18,22,23>2,17,18,22,4,23,6,7
1,3,4,5,6,7,8,9,13,17,18,22,23>1,2,10,13,16,17,22,4,23,6,7
1,3,4,5,6,7,8,9,13,17,18,22,23>1,10,13,16,17,18,19,4,23,6,7
1,3,4,5,6,7,8,9,13,17,18,22,23>1,2,9,14,16,22,4,23,6,7
1,3,4,5,6,7,8,9,13,17,18,22,23>2,3,13,14,19,22,4,23,6,7
1,3,4,5,6,7,8,9,13,17,18,22,23>1,8,9,13,17,19,4,23,6,7
1,3,4,5,6,7,8,9,13,17,18,22,23>3,8,10,14,16,18,22,4,23,6,7
1,3,4,5,6,7,8,9,13,17,18,22,23>3,5,8,9,10,14,16,22,4,23,6,7
1,3,4,5,6,7,8,9,13,17,18,22,23>1,2,3,5,8,17,4,23,6,7
1,5,7,10,11,12,17,18,19,21,22,23>21,2,10,17,11,12,18,19,22,23
1,5,7,10,11,12,17,18,19,21,22,23>1,2,5,7,17,21,11,12,18,19,22,23
1,5,7,10,11,12,17,18,19,21,22,23>5,8,10,17,21,11,12,18,19,22,23
1,5,7,10,11,12,17,18,19,21,22,23>1,5,8,10,17,11,12,18,19,22,23
1,5,7,10,11,12,17,18,19,21,22,23>1,5,8,17,21,11,12,18,19,22,23
1,5,7,10,11,12,17,18,19,21,22,23>1,2,5,8,17,11,12,18,19,22,23
1,5,7,10,11,12,17,18,19,21,22,23>1,5,8,10,21,11,12,18,19,22,23
1,5,7,10,11,12,17,18,19,21,22,23>1,7,8,10,17,21,11,12,18,19,22,23
1,5,7,10,11,12,17,18,19,21,22,23>2,7,8,11,12,18,19,22,23
1,5,7,10,11,12,17,18,19,21,22,23>2,5,8,17,21,11,12,18,19,22,23
2,4,7,12,14,15,16,17>18,7,14,17,16,12,15
2,4,7,12,14,15,16,17>18,7,8,16,12,15
2,4,7,12,14,15,16,17>4,7,8,14,17,16,12,15
2,4,7,12,14,15,16,17>2,4,7,8,16,12,15
2,4,7,12,14,15,16,17>18,13,14,17,16,12,15
2,4,7,12,14,15,16,17>2,13,14,16,12,15
2,4,7,12,14,15,16,17>18,4,13,17,16,12,15
2,4,7,12,14,15,16,17>2,7,13,17,18,16,12,15
2,4,7,12,14,15,16,17>4,7,13,16,12,15
2,4,7,12,14,15,16,17>7,8,13,14,16,12,15
4,6,9,10,12,16,17>4,6,7,13,17,16,10,12
4,6,9,10,12,16,17>4,8,11,13,17,16,10,12
4,6,9,10,12,16,17>4,6,8,11,13,18,16,10,12
4,6,9,10,12,16,17>7,8,13,17,18,16,10,12
4,6,9,10,12,16,17>17,7,9,11,16,10,12
4,6,9,10,12,16,17>17,4,7,9,16,10,12
4,6,9,10,12,16,17>4,6,7,9,11,13,18,16,10,12
4,6,9,10,12,16,17>4,8,9,11,17,18,16,10,12
4,6,9,10,12,16,17>6,8,9,13,17,16,10,12
4,6,9,10,12,16,17>17,7,8,9,16,10,12
1,4,5,7,9,11,12,15,18,19,23>4,11,15,16,23,19,12
1,4,5,7,9,11,12,15,18,19,23>2,16,5,8,19,12
1,4,5,7,9,11,12,15,18,19,23>2,4,5,9,11,16,23,19,12
1,4,5,7,9,11,12,15,18,19,23>1,2,4,5,8,11,18,23,19,12
1,4,5,7,9,11,12,15,18,19,23>1,7,9,11,16,18,19,12
1,4,5,7,9,11,12,15,18,19,23>1,7,8,9,11,16,19,12
1,4,5,7,9,11,12,15,18,19,23>1,5,7,11,15,16,18,19,12
1,4,5,7,9,11,12,15,18,19,23>1,4,5,7,23,19,12
1,4,5,7,9,11,12,15,18,19,23>2,4,5,7,9,18,23,19,12
1,4,5,7,9,11,12,15,18,19,23>1,2,4,5,7,9,11,15,16,19,12
1,3,4,5,7,8,12,13,16,17,18,21,22>1,2,14,19,23,4,8,12,13,16,22
1,3,4,5,7,8,12,13,16,17,18,21,22>3,17,19,21,23,4,8,12,13,16,22
1,3,4,5,7,8,12,13,16,17,18,21,22>1,3,17,19,23,4,8,12,13,16,22
1,3,4,5,7,8,12,13,16,17,18,21,22>2,3,18,19,21,23,4,8,12,13,16,22
1,3,4,5,7,8,12,13,16,17,18,21,22>1,2,5,19,21,23,4,8,12,13,16,22
1,3,4,5,7,8,12,13,16,17,18,21,22>2,3,5,7,17,19,21,4,8,12,13,16,22
1,3,4,5,7,8,12,13,16,17,18,21,22>2,21,23,6,4,8,12,13,16,22
1,3,4,5,7,8,12,13,16,17,18,21,22>1,5,6,14,17,18,19,21,4,8,12,13,16,22
1,3,4,5,7,8,12,13,16,17,18,21,22>3,5,6,7,18,23,4,8,12,13,16,22
1,3,4,5,7,8,12,13,16,17,18,21,22>2,3,5,6,18,21,4,8,12,13,16,22
1,2,3,4,5,7,9,11,12,14,15,18,19>9,11,13,14,18,2,4,12,15,19
1,2,3,4,5,7,9,11,12,14,15,18,19>13,16,18,9,2,4,12,15,19
1,2,3,4,5,7,9,11,12,14,15,18,19>1,5,7,9,14,2,4,12,15,19
1,2,3,4,5,7,9,11,12,14,15,18,19>3,5,7,11,14,16,2,4,12,15,19
1,2,3,4,5,7,9,11,12,14,15,18,19>1,8,11,16,18,2,4,12,15,19
1,2,3,4,5,7,9,11,12,14,15,18,19>13,3,8,11,2,4,12,15,19
1,2,3,4,5,7,9,11,12,14,15,18,19>5,8,9,11,14,18,2,4,12,15,19
1,2,3,4,5,7,9,11,12,14,15,18,19>3,5,8,11,18,2,4,12,15,19
1,2,3,4,5,7,9,11,12,14,15,18,19>1,3,5,8,11,14,16,2,4,12,15,19
1,2,3,4,5,7,9,11,12,14,15,18,19>1,5,7,8,9,11,13,2,4,12,15,19
3,8,11,13,14,16,17,18,20,21,23>3,4,17,19,23,8,20,21,14
3,8,11,13,14,16,17,18,20,21,23>3,13,18,19,22,8,20,21,14
3,8,11,13,14,16,17,18,20,21,23>4,13,17,18,22,8,20,21,14
3,8,11,13,14,16,17,18,20,21,23>4,13,17,19,22,8,20,21,14
3,8,11,13,14,16,17,18,20,21,23>11,13,17,18,22,8,20,21,14
3,8,11,13,14,16,17,18,20,21,23>3,4,13,18,22,23,8,20,21,14
3,8,11,13,14,16,17,18,20,21,23>4,11,13,8,20,21,14
3,8,11,13,14,16,17,18,20,21,23>11,13,18,22,23,8,20,21,14
3,8,11,13,14,16,17,18,20,21,23>3,4,16,17,23,8,20,21,14
3,8,11,13,14,16,17,18,20,21,23>3,13,16,19,22,23,8,20,21,14
3,4,9,14,16,17,18,19,20,21,22>3,23,4,16,18,19,20,21,22
3,4,9,14,16,17,18,19,20,21,22>8,14,23,4,16,18,19,20,21,22
3,4,9,14,16,17,18,19,20,21,22>9,14,23,4,16,18,19,20,21,22
3,4,9,14,16,17,18,19,20,21,22>3,9,14,4,16,18,19,20,21,22
3,4,9,14,16,17,18,19,20,21,22>3,8,15,4,16,18,19,20,21,22
3,4,9,14,16,17,18,19,20,21,22>9,15,17,23,4,16,18,19,20,21,22
3,4,9,14,16,17,18,19,20,21,22>3,9,15,17,4,16,18,19,20,21,22
3,4,9,14,16,17,18,19,20,21,22>8,9,15,17,4,16,18,19,20,21,22
3,4,9,14,16,17,18,19,20,21,22>14,15,23,4,16,18,19,20,21,22
3,4,9,14,16,17,18,19,20,21,22>9,14,15,17,4,16,18,19,20,21,22
1,3,4,5,7,12,14,15,18,19,20,21,22,23>1,8,12,14,18,4,15,19,21,22,23
1,3,4,5,7,12,14,15,18,19,20,21,22,23>1,3,12,14,17,4,15,19,21,22,23
1,3,4,5,7,12,14,15,18,19,20,21,22,23>1,3,8,14,17,4,15,19,21,22,23
1,3,4,5,7,12,14,15,18,19,20,21,22,23>2,3,12,16,17,4,15,19,21,22,23
1,3,4,5,7,12,14,15,18,19,20,21,22,23>5,12,14,17,18,20,4,15,19,21,22,23
1,3,4,5,7,12,14,15,18,19,20,21,22,23>1,3,5,8,12,16,17,18,4,15,19,21,22,23
1,3,4,5,7,12,14,15,18,19,20,21,22,23>1,7,8,14,16,17,20,4,15,19,21,22,23
1,3,4,5,7,12,14,15,18,19,20,21,22,23>3,7,12,14,18,4,15,19,21,22,23
1,3,4,5,7,12,14,15,18,19,20,21,22,23>2,3,7,14,20,4,15,19,21,22,23
1,3,4,5,7,12,14,15,18,19,20,21,22,23>2,5,7,8,12,20,4,15,19,21,22,23
2,3,7,8,9,10,11,12,13,14,15,17,19,20,22>2,3,4,7,9,12,8,17,13,14
2,3,7,8,9,10,11,12,13,14,15,17,19,20,22>2,4,16,19,22,8,17,13,14
2,3,7,8,9,10,11,12,13,14,15,17,19,20,22>2,3,4,10,12,16,8,17,13,14
2,3,7,8,9,10,11,12,13,14,15,17,19,20,22>2,3,7,10,16,19,21,8,17,13,14
2,3,7,8,9,10,11,12,13,14,15,17,19,20,22>2,3,9,12,16,20,21,23,8,17,13,14
2,3,7,8,9,10,11,12,13,14,15,17,19,20,22>2,3,9,10,11,12,15,20,23,8,17,13,14
2,3,7,8,9,10,11,12,13,14,15,17,19,20,22>2,7,9,11,12,15,16,19,21,8,17,13,14
2,3,7,8,9,10,11,12,13,14,15,17,19,20,22>2,3,7,9,11,16,19,20,21,22,8,17,13,14
2,3,7,8,9,10,11,12,13,14,15,17,19,20,22>4,7,9,11,12,15,16,19,20,21,22,8,17,13,14
2,3,7,8,9,10,11,12,13,14,15,17,19,20,22>4,7,9,11,16,19,20,21,22,23,8,17,13,14
1,6,7,8,9,13,15,20,21,22,23>1,17,15,7,20,21,22,23
1,6,7,8,9,13,15,20,21,22,23>8,10,14,15,16,7,20,21,22,23
1,6,7,8,9,13,15,20,21,22,23>2,8,13,15,16,7,20,21,22,23
1,6,7,8,9,13,15,20,21,22,23>1,6,8,14,16,17,7,20,21,22,23
1,6,7,8,9,13,15,20,21,22,23>1,2,9,14,17,7,20,21,22,23
1,6,7,8,9,13,15,20,21,22,23>2,6,9,10,15,16,7,20,21,22,23
1,6,7,8,9,13,15,20,21,22,23>2,8,9,14,15,16,7,20,21,22,23
1,6,7,8,9,13,15,20,21,22,23>6,8,9,10,14,16,7,20,21,22,23
1,6,7,8,9,13,15,20,21,22,23>1,6,8,9,10,14,15,7,20,21,22,23
1,6,7,8,9,13,15,20,21,22,23>2,6,8,9,10,17,7,20,21,22,23
1,2,7,8,9,10,12,16,18,21,22,23>21,1,7,18,2,8,10,12,22,23
1,2,7,8,9,10,12,16,18,21,22,23>1,7,9,2,8,10,12,22,23
1,2,7,8,9,10,12,16,18,21,22,23>1,7,11,19,2,8,10,12,22,23
1,2,7,8,9,10,12,16,18,21,22,23>21,9,11,18,2,8,10,12,22,23
1,2,7,8,9,10,12,16,18,21,22,23>1,9,11,19,21,2,8,10,12,22,23
1,2,7,8,9,10,12,16,18,21,22,23>21,16,19,2,8,10,12,22,23
1,2,7,8,9,10,12,16,18,21,22,23>1,9,16,18,2,8,10,12,22,23
1,2,7,8,9,10,12,16,18,21,22,23>21,11,16,2,8,10,12,22,23
1,2,7,8,9,10,12,16,18,21,22,23>1,11,16,2,8,10,12,22,23
1,2,7,8,9,10,12,16,18,21,22,23>7,9,11,16,18,19,2,8,10,12,22,23
2,3,5,6,7,9,10,13,15,18,21,22>2,11,14,15,18,21,6,7,10,13,22
2,3,5,6,7,9,10,13,15,18,21,22>2,5,11,15,16,18,21,23,6,7,10,13,22
2,3,5,6,7,9,10,13,15,18,21,22>2,3,4,5,14,15,16,19,6,7,10,13,22
2,3,5,6,7,9,10,13,15,18,21,22>3,9,11,14,15,18,23,6,7,10,13,22
2,3,5,6,7,9,10,13,15,18,21,22>2,3,9,14,15,16,21,23,6,7,10,13,22
2,3,5,6,7,9,10,13,15,18,21,22>3,4,9,11,15,18,19,21,23,6,7,10,13,22
2,3,5,6,7,9,10,13,15,18,21,22>2,3,4,9,14,15,16,18,19,23,6,7,10,13,22
2,3,5,6,7,9,10,13,15,18,21,22>5,9,14,16,18,23,6,7,10,13,22
2,3,5,6,7,9,10,13,15,18,21,22>2,4,5,9,11,14,18,19,21,6,7,10,13,22
2,3,5,6,7,9,10,13,15,18,21,22>2,3,4,5,9,11,15,6,7,10,13,22
1,3,5,6,8,10,11,13,14,16,19,21>2,6,12,16,19,21,8,11,13,14
1,3,5,6,8,10,11,13,14,16,19,21>1,3,12,16,20,21,8,11,13,14
1,3,5,6,8,10,11,13,14,16,19,21>1,2,3,7,10,12,16,20,8,11,13,14
1,3,5,6,8,10,11,13,14,16,19,21>1,2,4,6,7,21,8,11,13,14
1,3,5,6,8,10,11,13,14,16,19,21>3,4,6,7,12,20,22,8,11,13,14
1,3,5,6,8,10,11,13,14,16,19,21>2,3,4,7,21,22,8,11,13,14
1,3,5,6,8,10,11,13,14,16,19,21>5,6,7,10,12,16,19,21,8,11,13,14
1,3,5,6,8,10,11,13,14,16,19,21>2,3,5,7,12,21,22,8,11,13,14
1,3,5,6,8,10,11,13,14,16,19,21>1,4,5,10,12,20,8,11,13,14
1,3,5,6,8,10,11,13,14,16,19,21>2,3,4,5,19,20,21,22,8,11,13,14
1,3,4,5,6,7,8,10,11,12,13,14,15,18,19,21,23>1,10,13,15,16,18,4,7,8,11,12,14,19
1,3,4,5,6,7,8,10,11,12,13,14,15,18,19,21,23>2,13,15,16,21,4,7,8,11,12,14,19
1,3,4,5,6,7,8,10,11,12,13,14,15,18,19,21,23>1,5,13,16,18,23,4,7,8,11,12,14,19
1,3,4,5,6,7,8,10,11,12,13,14,15,18,19,21,23>2,5,10,13,22,23,4,7,8,11,12,14,19
1,3,4,5,6,7,8,10,11,12,13,14,15,18,19,21,23>15,2,21,5,4,7,8,11,12,14,19
1,3,4,5,6,7,8,10,11,12,13,14,15,18,19,21,23>1,3,5,13,15,16,22,23,4,7,8,11,12,14,19
1,3,4,5,6,7,8,10,11,12,13,14,15,18,19,21,23>2,3,6,13,23,4,7,8,11,12,14,19
1,3,4,5,6,7,8,10,11,12,13,14,15,18,19,21,23>5,6,13,16,22,4,7,8,11,12,14,19
1,3,4,5,6,7,8,10,11,12,13,14,15,18,19,21,23>1,2,5,6,10,13,15,16,23,4,7,8,11,12,14,19
1,3,4,5,6,7,8,10,11,12,13,14,15,18,19,21,23>1,3,5,6,10,13,18,21,23,4,7,8,11,12,14,19
2,3,4,7,8,9,11,12,14,17,18,19,20,23>2,12,14,18,20,21,8,17,19,4
2,3,4,7,8,9,11,12,14,17,18,19,20,23>3,12,16,18,20,21,23,8,17,19,4
2,3,4,7,8,9,11,12,14,17,18,19,20,23>2,3,12,14,16,21,23,8,17,19,4
2,3,4,7,8,9,11,12,14,17,18,19,20,23>2,7,9,14,16,20,21,8,17,19,4
2,3,4,7,8,9,11,12,14,17,18,19,20,23>2,3,7,9,18,20,21,23,8,17,19,4
2,3,4,7,8,9,11,12,14,17,18,19,20,23>3,11,12,16,18,21,23,8,17,19,4
2,3,4,7,8,9,11,12,14,17,18,19,20,23>7,11,14,18,20,23,8,17,19,4
2,3,4,7,8,9,11,12,14,17,18,19,20,23>2,7,11,18,20,23,8,17,19,4
2,3,4,7,8,9,11,12,14,17,18,19,20,23>3,7,11,14,18,23,8,17,19,4
2,3,4,7,8,9,11,12,14,17,18,19,20,23>2,3,7,9,11,21,8,17,19,4
1,2,3,4,7,9,13,16,17,18,19,21,22>17,20,23,14,2,4,13,16,18,19,22
1,2,3,4,7,9,13,16,17,18,19,21,22>1,12,14,17,20,2,4,13,16,18,19,22
1,2,3,4,7,9,13,16,17,18,19,21,22>1,3,7,12,17,2,4,13,16,18,19,22
1,2,3,4,7,9,13,16,17,18,19,21,22>3,7,8,12,14,20,21,2,4,13,16,18,19,22
1,2,3,4,7,9,13,16,17,18,19,21,22>17,21,9,2,4,13,16,18,19,22
1,2,3,4,7,9,13,16,17,18,19,21,22>20,23,9,14,2,4,13,16,18,19,22
1,2,3,4,7,9,13,16,17,18,19,21,22>9,12,20,21,23,2,4,13,16,18,19,22
1,2,3,4,7,9,13,16,17,18,19,21,22>1,7,9,14,21,2,4,13,16,18,19,22
1,2,3,4,7,9,13,16,17,18,19,21,22>1,8,9,14,17,2,4,13,16,18,19,22
1,2,3,4,7,9,13,16,17,18,19,21,22>3,8,9,12,14,17,2,4,13,16,18,19,22
1,3,7,8,14,16,17,19,20,23>2,16,17,19,23,8,20
1,3,7,8,14,16,17,19,20,23>1,2,14,17,21,23,8,20
1,3,7,8,14,16,17,19,20,23>17,19,3,14,8,20
1,3,7,8,14,16,17,19,20,23>2,3,4,16,17,23,8,20
1,3,7,8,14,16,17,19,20,23>1,2,3,4,16,21,23,8,20
1,3,7,8,14,16,17,19,20,23>1,7,14,16,17,19,21,8,20
1,3,7,8,14,16,17,19,20,23>2,23,7,8,20
1,3,7,8,14,16,17,19,20,23>1,4,7,14,16,19,8,20
1,3,7,8,14,16,17,19,20,23>3,4,7,14,17,21,8,20
1,3,7,8,14,16,17,19,20,23>1,2,3,4,7,19,8,20
1,2,4,8,10,12,15,16,17,18,21,23>1,11,15,17,18,23,8,16,2,12
1,2,4,8,10,12,15,16,17,18,21,23>1,4,19,21,22,23,8,16,2,12
1,2,4,8,10,12,15,16,17,18,21,23>1,4,17,19,21,22,8,16,2,12
1,2,4,8,10,12,15,16,17,18,21,23>10,11,17,21,22,23,8,16,2,12
1,2,4,8,10,12,15,16,17,18,21,23>4,10,15,18,19,23,8,16,2,12
1,2,4,8,10,12,15,16,17,18,21,23>1,11,15,17,21,22,23,8,16,2,12
1,2,4,8,10,12,15,16,17,18,21,23>1,11,15,17,19,21,23,8,16,2,12
1,2,4,8,10,12,15,16,17,18,21,23>4,11,15,19,21,22,23,8,16,2,12
1,2,4,8,10,12,15,16,17,18,21,23>1,10,11,15,19,8,16,2,12
1,2,4,8,10,12,15,16,17,18,21,23>4,10,11,15,18,21,23,8,16,2,12
1,2,4,5,6,7,9,10,11,12,18,19,22>16,23,9,10,2,7,11,12,19
1,2,4,5,6,7,9,10,11,12,18,19,22>18,22,10,2,7,11,12,19
1,2,4,5,6,7,9,10,11,12,18,19,22>6,9,16,18,23,2,7,11,12,19
1,2,4,5,6,7,9,10,11,12,18,19,22>5,6,9,10,22,23,2,7,11,12,19
1,2,4,5,6,7,9,10,11,12,18,19,22>4,5,6,9,13,23,2,7,11,12,19
1,2,4,5,6,7,9,10,11,12,18,19,22>16,22,23,8,2,7,11,12,19
1,2,4,5,6,7,9,10,11,12,18,19,22>1,8,10,16,18,23,2,7,11,12,19
1,2,4,5,6,7,9,10,11,12,18,19,22>1,5,8,9,10,13,22,2,7,11,12,19
1,2,4,5,6,7,9,10,11,12,18,19,22>4,5,8,9,10,2,7,11,12,19
1,2,4,5,6,7,9,10,11,12,18,19,22>4,5,6,8,9,16,22,2,7,11,12,19
3,4,7,11,12,13,14,15,18,20,23>11,12,13,17,18,20,21,23,4,14,15
3,4,7,11,12,13,14,15,18,20,23>3,7,8,13,16,17,18,20,21,23,4,14,15
3,4,7,11,12,13,14,15,18,20,23>3,7,8,11,13,16,17,4,14,15
3,4,7,11,12,13,14,15,18,20,23>11,12,13,18,19,21,4,14,15
3,4,7,11,12,13,14,15,18,20,23>3,7,12,13,16,18,19,23,4,14,15
3,4,7,11,12,13,14,15,18,20,23>7,8,12,13,16,17,19,20,21,4,14,15
3,4,7,11,12,13,14,15,18,20,23>7,8,12,16,20,21,23,4,14,15
3,4,7,11,12,13,14,15,18,20,23>7,8,12,13,16,23,4,14,15
3,4,7,11,12,13,14,15,18,20,23>7,8,12,16,18,19,20,4,14,15
3,4,7,11,12,13,14,15,18,20,23>3,8,11,12,13,16,18,19,20,4,14,15
1,2,4,6,8,9,11,12,15,19,21,22>1,13,15,19,21,8,2,12,22
1,2,4,6,8,9,11,12,15,19,21,22>1,4,11,13,16,19,21,23,8,2,12,22
1,2,4,6,8,9,11,12,15,19,21,22>21,19,6,11,8,2,12,22
1,2,4,6,8,9,11,12,15,19,21,22>4,7,9,11,15,8,2,12,22
1,2,4,6,8,9,11,12,15,19,21,22>6,7,11,13,16,19,23,8,2,12,22
1,2,4,6,8,9,11,12,15,19,21,22>4,9,11,15,16,19,21,23,8,2,12,22
1,2,4,6,8,9,11,12,15,19,21,22>1,6,9,11,19,23,8,2,12,22
1,2,4,6,8,9,11,12,15,19,21,22>1,7,9,13,19,23,8,2,12,22
1,2,4,6,8,9,11,12,15,19,21,22>4,7,9,16,19,21,8,2,12,22
1,2,4,6,8,9,11,12,15,19,21,22>4,6,7,9,13,21,23,8,2,12,22
2,5,6,7,8,10,12,14,15,20,23>5,15,20,21,23,8,6,7
2,5,6,7,8,10,12,14,15,20,23>5,10,15,16,20,21,8,6,7
2,5,6,7,8,10,12,14,15,20,23>5,12,15,20,23,8,6,7
2,5,6,7,8,10,12,14,15,20,23>2,5,12,16,17,20,8,6,7
2,5,6,7,8,10,12,14,15,20,23>2,5,10,12,15,16,8,6,7
2,5,6,7,8,10,12,14,15,20,23>2,5,10,12,15,17,20,8,6,7
2,5,6,7,8,10,12,14,15,20,23>2,14,16,17,20,8,6,7
2,5,6,7,8,10,12,14,15,20,23>5,10,14,20,23,8,6,7
2,5,6,7,8,10,12,14,15,20,23>2,5,10,14,16,20,21,8,6,7
2,5,6,7,8,10,12,14,15,20,23>5,10,12,14,16,17,21,23,8,6,7
1,4,11,12,14,15,16,18,21,22,23>1,2,18,19,21,12,15,16,22,23
1,4,11,12,14,15,16,18,21,22,23>19,1,4,12,15,16,22,23
1,4,11,12,14,15,16,18,21,22,23>1,2,4,14,18,12,15,16,22,23
1,4,11,12,14,15,16,18,21,22,23>1,2,8,18,12,15,16,22,23
1,4,11,12,14,15,16,18,21,22,23>1,4,8,14,18,12,15,16,22,23
1,4,11,12,14,15,16,18,21,22,23>2,4,8,18,21,12,15,16,22,23
1,4,11,12,14,15,16,18,21,22,23>21,2,11,14,12,15,16,22,23
1,4,11,12,14,15,16,18,21,22,23>19,4,11,14,12,15,16,22,23
1,4,11,12,14,15,16,18,21,22,23>2,4,11,18,19,21,12,15,16,22,23
1,4,11,12,14,15,16,18,21,22,23>21,2,8,11,12,15,16,22,23
2,7,9,10,14,19,21,23>2,19,20,21,23
2,7,9,10,14,19,21,23>2,7,9,19,20
2,7,9,10,14,19,21,23>7,10,14,15,19,21,22,23
2,7,9,10,14,19,21,23>9,10,14,19,20,21
2,7,9,10,14,19,21,23>7,9,10,15,21,22
2,7,9,10,14,19,21,23>2,7,9,10,15,19,23
2,7,9,10,14,19,21,23>11,15,19,20,21,22
2,7,9,10,14,19,21,23>20,23,11,14
2,7,9,10,14,19,21,23>2,10,11,14,19,20,21
2,7,9,10,14,19,21,23>2,9,10,11,15,19,21
1,5,7,9,11,12,14,15,16,18,19,21,22,23>18,21,9,12,15,16,19,22,23
1,5,7,9,11,12,14,15,16,18,19,21,22,23>14,1,5,18,12,15,16,19,22,23
1,5,7,9,11,12,14,15,16,18,19,21,22,23>2,5,9,11,14,12,15,16,19,22,23
1,5,7,9,11,12,14,15,16,18,19,21,22,23>14,2,7,12,15,16,19,22,23
1,5,7,9,11,12,14,15,16,18,19,21,22,23>1,5,7,11,18,21,12,15,16,19,22,23
1,5,7,9,11,12,14,15,16,18,19,21,22,23>2,5,7,11,18,21,12,15,16,19,22,23
1,5,7,9,11,12,14,15,16,18,19,21,22,23>2,8,9,11,18,12,15,16,19,22,23
1,5,7,9,11,12,14,15,16,18,19,21,22,23>5,7,8,9,11,14,12,15,16,19,22,23
1,5,7,9,11,12,14,15,16,18,19,21,22,23>1,2,7,8,11,18,12,15,16,19,22,23
1,5,7,9,11,12,14,15,16,18,19,21,22,23>5,7,8,9,11,18,12,15,16,19,22,23
3,4,7,8,10,12,14,15,16,17,18,19,21,22>3,7,15,18,21,23,4,8,12,16,19,22
3,4,7,8,10,12,14,15,16,17,18,19,21,22>7,10,14,17,18,23,4,8,12,16,19,22
3,4,7,8,10,12,14,15,16,17,18,19,21,22>7,11,14,17,18,4,8,12,16,19,22
3,4,7,8,10,12,14,15,16,17,18,19,21,22>7,11,14,15,4,8,12,16,19,22
3,4,7,8,10,12,14,15,16,17,18,19,21,22>3,10,11,14,18,4,8,12,16,19,22
3,4,7,8,10,12,14,15,16,17,18,19,21,22>21,10,13,15,4,8,12,16,19,22
3,4,7,8,10,12,14,15,16,17,18,19,21,22>7,10,13,14,4,8,12,16,19,22
3,4,7,8,10,12,14,15,16,17,18,19,21,22>3,11,13,17,18,4,8,12,16,19,22
3,4,7,8,10,12,14,15,16,17,18,19,21,22>3,7,11,13,14,17,21,23,4,8,12,16,19,22
3,4,7,8,10,12,14,15,16,17,18,19,21,22>10,11,13,15,17,23,4,8,12,16,19,22
2,3,4,9,11,12,18,21,22,23>3,11,16,19,21,4,12,22,23
2,3,4,9,11,12,18,21,22,23>2,3,8,10,11,16,18,19,4,12,22,23
2,3,4,9,11,12,18,21,22,23>2,9,11,16,18,19,21,4,12,22,23
2,3,4,9,11,12,18,21,22,23>2,3,9,18,19,4,12,22,23
2,3,4,9,11,12,18,21,22,23>2,8,9,10,11,4,12,22,23
2,3,4,9,11,12,18,21,22,23>3,9,10,11,21,4,12,22,23
2,3,4,9,11,12,18,21,22,23>2,3,8,10,18,19,21,4,12,22,23
2,3,4,9,11,12,18,21,22,23>2,9,10,11,16,18,4,12,22,23
2,3,4,9,11,12,18,21,22,23>3,9,10,16,19,21,4,12,22,23
2,3,4,9,11,12,18,21,22,23>2,8,9,10,16,4,12,22,23
1,4,7,10,13,16,17,20,21,23>1,2,10,14,17,23,16,20,21
1,4,7,10,13,16,17,20,21,23>4,10,17,18,22,23,16,20,21
1,4,7,10,13,16,17,20,21,23>1,2,7,10,14,18,16,20,21
1,4,7,10,13,16,17,20,21,23>1,2,4,7,10,13,14,16,20,21
1,4,7,10,13,16,17,20,21,23>2,8,10,13,17,18,22,23,16,20,21
1,4,7,10,13,16,17,20,21,23>1,4,8,10,13,14,17,16,20,21
1,4,7,10,13,16,17,20,21,23>1,2,4,8,10,22,16,20,21
1,4,7,10,13,16,17,20,21,23>1,7,8,13,17,18,16,20,21
1,4,7,10,13,16,17,20,21,23>2,7,8,13,14,18,23,16,20,21
1,4,7,10,13,16,17,20,21,23>1,2,7,8,13,14,16,20,21
1,2,3,7,13,14,16,17,23>12,13,16,18,23,2,14
1,2,3,7,13,14,16,17,23>15,17,12,2,14
1,2,3,7,13,14,16,17,23>3,7,16,17,18,2,14
1,2,3,7,13,14,16,17,23>8,12,15,16,18,23,2,14
1,2,3,7,13,14,16,17,23>1,8,12,13,16,23,2,14
1,2,3,7,13,14,16,17,23>1,3,8,13,16,18,23,2,14
1,2,3,7,13,14,16,17,23>4,8,13,15,16,17,18,2,14
1,2,3,7,13,14,16,17,23>3,4,8,12,17,23,2,14
1,2,3,7,13,14,16,17,23>1,7,8,12,13,15,16,2,14
1,2,3,7,13,14,16,17,23>1,7,8,15,16,17,18,2,14
1,3,4,6,7,8,12,13,14,15,19,20,21,22>15,17,19,20,23,4,7,8,13,14,21,22
1,3,4,6,7,8,12,13,14,15,19,20,21,22>6,15,16,17,19,23,4,7,8,13,14,21,22
1,3,4,6,7,8,12,13,14,15,19,20,21,22>1,2,3,6,17,20,4,7,8,13,14,21,22
1,3,4,6,7,8,12,13,14,15,19,20,21,22>1,20,12,19,4,7,8,13,14,21,22
1,3,4,6,7,8,12,13,14,15,19,20,21,22>2,12,15,16,17,4,7,8,13,14,21,22
1,3,4,6,7,8,12,13,14,15,19,20,21,22>23,3,12,15,4,7,8,13,14,21,22
1,3,4,6,7,8,12,13,14,15,19,20,21,22>2,3,12,17,19,4,7,8,13,14,21,22
1,3,4,6,7,8,12,13,14,15,19,20,21,22>1,6,12,15,16,23,4,7,8,13,14,21,22
1,3,4,6,7,8,12,13,14,15,19,20,21,22>1,3,6,12,4,7,8,13,14,21,22
1,3,4,6,7,8,12,13,14,15,19,20,21,22>2,3,6,12,16,23,4,7,8,13,14,21,22
1,2,4,6,12,13,14,16,17,21>1,22,15,17,2,12,13,14,16
1,2,4,6,12,13,14,16,17,21>18,1,4,6,2,12,13,14,16
1,2,4,6,12,13,14,16,17,21>4,7,18,21,22,2,12,13,14,16
1,2,4,6,12,13,14,16,17,21>1,4,7,21,22,2,12,13,14,16
1,2,4,6,12,13,14,16,17,21>6,7,15,18,21,22,2,12,13,14,16
1,2,4,6,12,13,14,16,17,21>1,6,7,15,17,2,12,13,14,16
1,2,4,6,12,13,14,16,17,21>1,4,8,17,18,2,12,13,14,16
1,2,4,6,12,13,14,16,17,21>4,6,8,15,17,21,22,2,12,13,14,16
1,2,4,6,12,13,14,16,17,21>4,7,8,15,17,22,2,12,13,14,16
1,2,4,6,12,13,14,16,17,21>6,7,8,21,22,2,12,13,14,16
2,4,5,8,9,10,11,12,13,14,17,19>2,16,17,8,11,12,13,14
2,4,5,8,9,10,11,12,13,14,17,19>2,5,17,8,11,12,13,14
2,4,5,8,9,10,11,12,13,14,17,19>2,4,9,17,8,11,12,13,14
2,4,5,8,9,10,11,12,13,14,17,19>2,5,9,16,8,11,12,13,14
2,4,5,8,9,10,11,12,13,14,17,19>4,5,9,17,8,11,12,13,14
2,4,5,8,9,10,11,12,13,14,17,19>19,10,8,11,12,13,14
2,4,5,8,9,10,11,12,13,14,17,19>2,4,10,16,8,11,12,13,14
2,4,5,8,9,10,11,12,13,14,17,19>4,5,10,16,8,11,12,13,14
2,4,5,8,9,10,11,12,13,14,17,19>5,9,10,16,8,11,12,13,14
2,4,5,8,9,10,11,12,13,14,17,19>2,5,9,10,8,11,12,13,14
1,2,5,7,9,11,14,17,18,19,21>17,5,20,13,19,2,18
1,2,5,7,9,11,14,17,18,19,21>1,9,14,15,20,21,22,19,2,18
1,2,5,7,9,11,14,17,18,19,21>1,5,9,13,14,15,22,19,2,18
1,2,5,7,9,11,14,17,18,19,21>7,9,13,15,20,21,19,2,18
1,2,5,7,9,11,14,17,18,19,21>1,5,9,14,15,20,22,19,2,18
1,2,5,7,9,11,14,17,18,19,21>20,11,13,19,2,18
1,2,5,7,9,11,14,17,18,19,21>1,11,17,19,2,18
1,2,5,7,9,11,14,17,18,19,21>5,11,20,21,22,19,2,18
1,2,5,7,9,11,14,17,18,19,21>5,7,11,15,17,20,22,19,2,18
1,2,5,7,9,11,14,17,18,19,21>5,9,11,13,14,21,19,2,18
1,2,4,5,7,9,11,12,13,18,20,23>4,10,11,17,18,20,23,2
1,2,4,5,7,9,11,12,13,18,20,23>4,6,8,10,12,13,16,18,20,21,2
1,2,4,5,7,9,11,12,13,18,20,23>1,4,6,8,9,11,16,19,20,2
1,2,4,5,7,9,11,12,13,18,20,23>1,4,5,7,9,10,12,18,2
1,2,4,5,7,9,11,12,13,18,20,23>7,10,11,12,13,14,16,18,19,21,23,2
1,2,4,5,7,9,11,12,13,18,20,23>7,8,9,17,18,21,2
1,2,4,5,7,9,11,12,13,18,20,23>1,7,10,11,12,16,17,18,19,23,2
1,2,4,5,7,9,11,12,13,18,20,23>4,5,7,8,9,11,12,14,16,17,19,21,23,2
1,2,4,5,7,9,11,12,13,18,20,23>1,4,5,7,8,10,11,12,14,16,17,18,21,2
1,2,4,5,7,9,11,12,13,18,20,23>1,4,6,7,8,10,12,17,18,20,2
2,3,6,8,9,12,16,17,18,19,23>18,23,16,8,19,12
2,3,6,8,9,12,16,17,18,19,23>17,2,9,8,19,12
2,3,6,8,9,12,16,17,18,19,23>18,3,23,9,8,19,12
2,3,6,8,9,12,16,17,18,19,23>18,3,23,6,8,19,12
2,3,6,8,9,12,16,17,18,19,23>2,3,6,9,16,18,8,19,12
2,3,6,8,9,12,16,17,18,19,23>2,7,9,18,8,19,12
2,3,6,8,9,12,16,17,18,19,23>3,4,7,9,16,8,19,12
2,3,6,8,9,12,16,17,18,19,23>2,3,4,7,23,8,19,12
2,3,6,8,9,12,16,17,18,19,23>4,6,7,9,16,17,23,8,19,12
2,3,6,8,9,12,16,17,18,19,23>2,4,6,7,18,8,19,12
3,4,6,7,9,10,12,13,14,15,16,17,18,19,22,23>17,3,8,22,4,7,12,14,15,16,18,19,23
3,4,6,7,9,10,12,13,14,15,16,17,18,19,22,23>22,6,8,11,4,7,12,14,15,16,18,19,23
3,4,6,7,9,10,12,13,14,15,16,17,18,19,22,23>6,8,13,17,22,4,7,12,14,15,16,18,19,23
3,4,6,7,9,10,12,13,14,15,16,17,18,19,22,23>3,8,22,13,4,7,12,14,15,16,18,19,23
3,4,6,7,9,10,12,13,14,15,16,17,18,19,22,23>3,9,11,22,4,7,12,14,15,16,18,19,23
3,4,6,7,9,10,12,13,14,15,16,17,18,19,22,23>17,6,9,13,4,7,12,14,15,16,18,19,23
3,4,6,7,9,10,12,13,14,15,16,17,18,19,22,23>3,10,11,13,17,22,4,7,12,14,15,16,18,19,23
3,4,6,7,9,10,12,13,14,15,16,17,18,19,22,23>9,10,11,13,17,4,7,12,14,15,16,18,19,23
3,4,6,7,9,10,12,13,14,15,16,17,18,19,22,23>3,9,10,22,4,7,12,14,15,16,18,19,23
3,4,6,7,9,10,12,13,14,15,16,17,18,19,22,23>3,8,9,10,4,7,12,14,15,16,18,19,23
4,5,7,10,11,12,15,16,17,18,21,23>5,10,15,17,19,21,16,18,11,12
4,5,7,10,11,12,15,16,17,18,21,23>4,5,15,17,21,22,16,18,11,12
4,5,7,10,11,12,15,16,17,18,21,23>4,6,19,15,16,18,11,12
4,5,7,10,11,12,15,16,17,18,21,23>5,6,10,17,19,16,18,11,12
4,5,7,10,11,12,15,16,17,18,21,23>7,10,17,19,21,16,18,11,12
4,5,7,10,11,12,15,16,17,18,21,23>7,17,19,21,22,16,18,11,12
4,5,7,10,11,12,15,16,17,18,21,23>6,7,10,15,17,19,23,16,18,11,12
4,5,7,10,11,12,15,16,17,18,21,23>8,10,15,17,21,23,16,18,11,12
4,5,7,10,11,12,15,16,17,18,21,23>4,6,8,10,15,21,22,16,18,11,12
4,5,7,10,11,12,15,16,17,18,21,23>5,21,7,8,16,18,11,12
3,4,7,9,11,14,15,16,17,18,21,22>8,12,13,14,17,19,23,4,15,16,18,22
3,4,7,9,11,14,15,16,17,18,21,22>8,11,13,17,19,23,4,15,16,18,22
3,4,7,9,11,14,15,16,17,18,21,22>3,7,8,9,11,17,19,21,4,15,16,18,22
3,4,7,9,11,14,15,16,17,18,21,22>3,10,11,14,23,4,15,16,18,22
3,4,7,9,11,14,15,16,17,18,21,22>7,10,12,13,14,17,19,23,4,15,16,18,22
3,4,7,9,11,14,15,16,17,18,21,22>8,10,11,13,14,19,23,4,15,16,18,22
3,4,7,9,11,14,15,16,17,18,21,22>3,8,10,11,12,13,21,4,15,16,18,22
3,4,7,9,11,14,15,16,17,18,21,22>7,8,10,11,12,13,14,19,4,15,16,18,22
3,4,7,9,11,14,15,16,17,18,21,22>3,7,9,10,12,13,14,19,23,4,15,16,18,22
3,4,7,9,11,14,15,16,17,18,21,22>3,7,8,9,10,12,13,19,21,4,15,16,18,22
2,3,6,7,8,9,10,13,16,17,19,21,23>3,11,12,13,16,21,23,8,7
2,3,6,7,8,9,10,13,16,17,19,21,23>3,4,13,14,16,17,21,23,8,7
2,3,6,7,8,9,10,13,16,17,19,21,23>2,3,4,13,16,17,21,8,7
2,3,6,7,8,9,10,13,16,17,19,21,23>2,3,4,6,9,16,20,21,22,8,7
2,3,6,7,8,9,10,13,16,17,19,21,23>4,6,10,11,13,19,22,23,8,7
2,3,6,7,8,9,10,13,16,17,19,21,23>3,6,9,11,13,16,21,22,8,7
2,3,6,7,8,9,10,13,16,17,19,21,23>2,3,9,11,12,13,21,23,8,7
2,3,6,7,8,9,10,13,16,17,19,21,23>3,6,9,10,12,13,14,16,19,20,22,23,8,7
2,3,6,7,8,9,10,13,16,17,19,21,23>4,6,9,11,12,14,17,19,20,21,22,23,8,7
2,3,6,7,8,9,10,13,16,17,19,21,23>2,3,4,6,9,11,12,14,16,17,20,22,23,8,7
3,5,12,13,15,16,17,18,20,21,22,23>3,5,12,13,14,16,18,21,22,23
3,5,12,13,15,16,17,18,20,21,22,23>4,6,8,12,14,16,18,21,22,23
3,5,12,13,15,16,17,18,20,21,22,23>5,6,12,14,15,17,20,16,18,21,22,23
3,5,12,13,15,16,17,18,20,21,22,23>3,5,6,12,13,17,19,16,18,21,22,23
3,5,12,13,15,16,17,18,20,21,22,23>8,12,15,17,20,16,18,21,22,23
3,5,12,13,15,16,17,18,20,21,22,23>4,6,8,13,14,15,20,16,18,21,22,23
3,5,12,13,15,16,17,18,20,21,22,23>3,5,8,13,14,20,16,18,21,22,23
3,5,12,13,15,16,17,18,20,21,22,23>4,5,8,12,14,15,19,16,18,21,22,23
3,5,12,13,15,16,17,18,20,21,22,23>4,5,8,13,15,16,18,21,22,23
3,5,12,13,15,16,17,18,20,21,22,23>4,6,8,13,14,17,19,20,16,18,21,22,23
5,8,10,11,12,15,18,19>5,13,18,8,19,11,12
5,8,10,11,12,15,18,19>5,10,13,8,19,11,12
5,8,10,11,12,15,18,19>5,15,18,8,19,11,12
5,8,10,11,12,15,18,19>10,15,18,8,19,11,12
5,8,10,11,12,15,18,19>5,10,15,8,19,11,12
5,8,10,11,12,15,18,19>10,13,15,8,19,11,12
5,8,10,11,12,15,18,19>5,16,18,8,19,11,12
5,8,10,11,12,15,18,19>5,10,16,8,19,11,12
5,8,10,11,12,15,18,19>15,16,18,8,19,11,12
5,8,10,11,12,15,18,19>5,13,15,16,8,19,11,12
1,3,5,6,12,13,14,18,20,21,22>1,7,8,12,15,17,19,20,23,6,13,14,21,22
1,3,5,6,12,13,14,18,20,21,22>2,7,8,15,18,19,20,23,6,13,14,21,22
1,3,5,6,12,13,14,18,20,21,22>1,3,7,12,19,20,6,13,14,21,22
1,3,5,6,12,13,14,18,20,21,22>4,8,15,20,23,6,13,14,21,22
1,3,5,6,12,13,14,18,20,21,22>2,4,7,12,15,17,19,23,6,13,14,21,22
1,3,5,6,12,13,14,18,20,21,22>2,3,4,8,15,6,13,14,21,22
1,3,5,6,12,13,14,18,20,21,22>2,5,8,15,17,20,23,6,13,14,21,22
1,3,5,6,12,13,14,18,20,21,22>2,5,12,19,23,6,13,14,21,22
1,3,5,6,12,13,14,18,20,21,22>2,3,5,7,8,12,15,17,18,19,20,6,13,14,21,22
1,3,5,6,12,13,14,18,20,21,22>1,2,3,5,7,8,18,6,13,14,21,22
3,4,9,11,12,13,15,16,17,19,23>9,14,15,17,18,19,23,16,4,12
3,4,9,11,12,13,15,16,17,19,23>8,9,14,15,18,23,16,4,12
3,4,9,11,12,13,15,16,17,19,23>3,8,9,14,17,18,16,4,12
3,4,9,11,12,13,15,16,17,19,23>11,14,15,18,23,16,4,12
3,4,9,11,12,13,15,16,17,19,23>8,19,11,15,16,4,12
3,4,9,11,12,13,15,16,17,19,23>3,8,9,11,14,15,23,16,4,12
3,4,9,11,12,13,15,16,17,19,23>17,3,23,13,16,4,12
3,4,9,11,12,13,15,16,17,19,23>8,13,14,18,19,23,16,4,12
3,4,9,11,12,13,15,16,17,19,23>9,13,14,15,18,19,23,16,4,12
3,4,9,11,12,13,15,16,17,19,23>11,13,14,15,18,16,4,12
1,2,4,5,10,11,14,18,22,23>16,1,19,14,2,11,23
1,2,4,5,10,11,14,18,22,23>18,4,19,6,2,11,23
1,2,4,5,10,11,14,18,22,23>1,5,6,16,19,22,2,11,23
1,2,4,5,10,11,14,18,22,23>4,5,6,15,19,2,11,23
1,2,4,5,10,11,14,18,22,23>1,4,5,6,16,19,2,11,23
1,2,4,5,10,11,14,18,22,23>19,22,10,2,11,23
1,2,4,5,10,11,14,18,22,23>4,22,10,14,2,11,23
1,2,4,5,10,11,14,18,22,23>16,1,4,10,2,11,23
1,2,4,5,10,11,14,18,22,23>1,5,10,14,16,2,11,23
1,2,4,5,10,11,14,18,22,23>1,6,10,15,18,19,2,11,23
2,7,9,10,12,13,16,17,18,19>16,17,7,14,18,19,12,13
2,7,9,10,12,13,16,17,18,19>16,8,11,18,19,12,13
2,7,9,10,12,13,16,17,18,19>2,8,11,14,17,18,19,12,13
2,7,9,10,12,13,16,17,18,19>7,8,14,18,19,12,13
2,7,9,10,12,13,16,17,18,19>16,17,9,14,18,19,12,13
2,7,9,10,12,13,16,17,18,19>2,10,17,14,18,19,12,13
2,7,9,10,12,13,16,17,18,19>16,8,10,18,19,12,13
2,7,9,10,12,13,16,17,18,19>2,8,10,18,19,12,13
2,7,9,10,12,13,16,17,18,19>2,7,9,10,18,19,12,13
2,7,9,10,12,13,16,17,18,19>7,8,9,10,17,18,19,12,13
1,2,4,5,6,7,12,14,22>16,22,14,2,12,6,7
1,2,4,5,6,7,12,14,22>16,1,4,15,2,12,6,7
1,2,4,5,6,7,12,14,22>1,5,15,22,23,2,12,6,7
1,2,4,5,6,7,12,14,22>1,4,8,14,23,2,12,6,7
1,2,4,5,6,7,12,14,22>1,5,8,14,15,2,12,6,7
1,2,4,5,6,7,12,14,22>1,13,14,15,22,2,12,6,7
1,2,4,5,6,7,12,14,22>16,5,13,2,12,6,7
1,2,4,5,6,7,12,14,22>22,4,5,13,2,12,6,7
1,2,4,5,6,7,12,14,22>1,8,13,16,23,2,12,6,7
1,2,4,5,6,7,12,14,22>5,8,13,14,15,22,23,2,12,6,7
2,3,7,9,10,12,15,16,17,19,20,21>2,9,10,13,19,22,16,21
2,3,7,9,10,12,15,16,17,19,20,21>12,2,4,10,16,21
2,3,7,9,10,12,15,16,17,19,20,21>7,10,12,19,20,22,16,21
2,3,7,9,10,12,15,16,17,19,20,21>2,7,9,13,18,19,20,22,16,21
2,3,7,9,10,12,15,16,17,19,20,21>3,7,9,10,13,15,17,18,19,22,16,21
2,3,7,9,10,12,15,16,17,19,20,21>2,4,7,9,10,15,18,19,16,21
2,3,7,9,10,12,15,16,17,19,20,21>2,8,12,13,15,19,20,16,21
2,3,7,9,10,12,15,16,17,19,20,21>2,4,8,12,13,15,19,22,16,21
2,3,7,9,10,12,15,16,17,19,20,21>2,3,4,8,9,12,15,19,22,16,21
2,3,7,9,10,12,15,16,17,19,20,21>3,7,8,9,10,16,21
1,6,7,9,12,13,14,16,18,19,20,21,22>12,15,16,18,20,23,7,13,14,19,21,22
1,6,7,9,12,13,14,16,18,19,20,21,22>1,2,6,18,20,7,13,14,19,21,22
1,6,7,9,12,13,14,16,18,19,20,21,22>8,16,18,20,23,7,13,14,19,21,22
1,6,7,9,12,13,14,16,18,19,20,21,22>1,2,8,12,16,23,7,13,14,19,21,22
1,6,7,9,12,13,14,16,18,19,20,21,22>16,18,9,12,7,13,14,19,21,22
1,6,7,9,12,13,14,16,18,19,20,21,22>16,1,9,7,13,14,19,21,22
1,6,7,9,12,13,14,16,18,19,20,21,22>6,9,12,15,16,7,13,14,19,21,22
1,6,7,9,12,13,14,16,18,19,20,21,22>16,8,9,15,7,13,14,19,21,22
1,6,7,9,12,13,14,16,18,19,20,21,22>1,8,9,12,15,18,7,13,14,19,21,22
1,6,7,9,12,13,14,16,18,19,20,21,22>1,2,8,9,12,15,7,13,14,19,21,22
1,3,4,5,7,12,15,16,19,20,21,22>1,2,8,12,13,15,19,16,4,21,22
1,3,4,5,7,12,15,16,19,20,21,22>1,2,13,19,20,16,4,21,22
1,3,4,5,7,12,15,16,19,20,21,22>1,3,8,12,13,15,19,23,16,4,21,22
1,3,4,5,7,12,15,16,19,20,21,22>2,3,8,12,19,23,16,4,21,22
1,3,4,5,7,12,15,16,19,20,21,22>1,2,3,5,15,20,23,16,4,21,22
1,3,4,5,7,12,15,16,19,20,21,22>1,20,7,15,16,4,21,22
1,3,4,5,7,12,15,16,19,20,21,22>1,2,7,8,12,20,23,16,4,21,22
1,3,4,5,7,12,15,16,19,20,21,22>2,3,7,8,12,15,19,16,4,21,22
1,3,4,5,7,12,15,16,19,20,21,22>2,5,7,8,15,19,23,16,4,21,22
1,3,4,5,7,12,15,16,19,20,21,22>3,5,7,13,19,23,16,4,21,22
2,3,4,5,8,10,15,16,20,22,23>22,3,5,15,4,8,16,20,23
2,3,4,5,8,10,15,16,20,22,23>2,6,21,4,8,16,20,23
2,3,4,5,8,10,15,16,20,22,23>3,6,15,21,22,4,8,16,20,23
2,3,4,5,8,10,15,16,20,22,23>2,5,6,15,4,8,16,20,23
2,3,4,5,8,10,15,16,20,22,23>22,2,10,4,8,16,20,23
2,3,4,5,8,10,15,16,20,22,23>3,10,21,4,8,16,20,23
2,3,4,5,8,10,15,16,20,22,23>2,5,10,21,4,8,16,20,23
2,3,4,5,8,10,15,16,20,22,23>2,3,5,10,4,8,16,20,23
2,3,4,5,8,10,15,16,20,22,23>2,6,10,15,4,8,16,20,23
2,3,4,5,8,10,15,16,20,22,23>3,6,10,15,4,8,16,20,23
3,5,9,10,11,14,15,17,18,19,23>3,4,23,14,19,18,11,15
3,5,9,10,11,14,15,17,18,19,23>17,3,5,16,19,18,11,15
3,5,9,10,11,14,15,17,18,19,23>4,5,14,16,19,18,11,15
3,5,9,10,11,14,15,17,18,19,23>3,4,5,14,20,19,18,11,15
3,5,9,10,11,14,15,17,18,19,23>4,9,14,16,23,19,18,11,15
3,5,9,10,11,14,15,17,18,19,23>3,4,9,17,20,19,18,11,15
3,5,9,10,11,14,15,17,18,19,23>3,23,10,14,19,18,11,15
3,5,9,10,11,14,15,17,18,19,23>20,4,23,10,19,18,11,15
3,5,9,10,11,14,15,17,18,19,23>3,23,5,10,19,18,11,15
3,5,9,10,11,14,15,17,18,19,23>4,5,10,14,17,23,19,18,11,15
2,4,6,8,10,11,12,15,17,19,23>2,4,15,16,17,19,23,8,11,12
2,4,6,8,10,11,12,15,17,19,23>2,6,15,16,17,19,23,8,11,12
2,4,6,8,10,11,12,15,17,19,23>19,4,7,16,8,11,12
2,4,6,8,10,11,12,15,17,19,23>2,6,7,17,19,23,8,11,12
2,4,6,8,10,11,12,15,17,19,23>17,10,15,16,8,11,12
2,4,6,8,10,11,12,15,17,19,23>17,19,10,16,8,11,12
2,4,6,8,10,11,12,15,17,19,23>2,10,15,16,23,8,11,12
2,4,6,8,10,11,12,15,17,19,23>6,7,10,16,19,8,11,12
2,4,6,8,10,11,12,15,17,19,23>6,7,10,15,17,23,8,11,12
2,4,6,8,10,11,12,15,17,19,23>4,6,7,10,16,17,23,8,11,12
3,10,11,16,17,19,22>3,16,17,19,20,22,11
3,10,11,16,17,19,22>3,4,16,18,20,11
3,10,11,16,17,19,22>20,18,4,8,11
3,10,11,16,17,19,22>3,4,8,13,16,17,19,22,11
3,10,11,16,17,19,22>3,10,13,16,17,18,20,22,23,11
3,10,11,16,17,19,22>3,10,18,19,22,11
3,10,11,16,17,19,22>4,8,10,19,20,23,11
3,10,11,16,17,19,22>3,4,8,10,18,23,11
3,10,11,16,17,19,22>8,10,12,13,16,17,18,20,23,11
3,10,11,16,17,19,22>4,8,10,12,13,16,17,19,11
4,5,7,8,9,11,12,15,19,23>4,5,15,16,19,23,8,12
4,5,7,8,9,11,12,15,19,23>4,5,7,15,16,8,12
4,5,7,8,9,11,12,15,19,23>4,5,7,15,23,8,12
4,5,7,8,9,11,12,15,19,23>23,5,9,8,12
4,5,7,8,9,11,12,15,19,23>19,23,11,15,8,12
4,5,7,8,9,11,12,15,19,23>19,4,11,16,8,12
4,5,7,8,9,11,12,15,19,23>19,4,11,23,8,12
4,5,7,8,9,11,12,15,19,23>23,7,11,16,8,12
4,5,7,8,9,11,12,15,19,23>4,5,7,11,19,8,12
4,5,7,8,9,11,12,15,19,23>4,5,7,9,11,15,8,12
1,2,4,5,8,9,12,15,16,19,23>1,4,5,19,8,16,2,12
1,2,4,5,8,9,12,15,16,19,23>1,4,5,23,8,16,2,12
1,2,4,5,8,9,12,15,16,19,23>4,9,19,23,8,16,2,12
1,2,4,5,8,9,12,15,16,19,23>1,4,9,23,8,16,2,12
1,2,4,5,8,9,12,15,16,19,23>1,5,9,8,16,2,12
1,2,4,5,8,9,12,15,16,19,23>4,5,9,8,16,2,12
1,2,4,5,8,9,12,15,16,19,23>1,15,23,8,16,2,12
1,2,4,5,8,9,12,15,16,19,23>4,5,15,8,16,2,12
1,2,4,5,8,9,12,15,16,19,23>4,9,15,19,8,16,2,12
1,2,4,5,8,9,12,15,16,19,23>5,9,15,8,16,2,12
3,4,6,7,11,12,13,20,21,22>3,8,20,4,7,13,21,22
3,4,6,7,11,12,13,20,21,22>23,8,11,16,4,7,13,21,22
3,4,6,7,11,12,13,20,21,22>3,8,11,14,17,4,7,13,21,22
3,4,6,7,11,12,13,20,21,22>8,11,16,17,20,4,7,13,21,22
3,4,6,7,11,12,13,20,21,22>3,6,12,14,16,17,23,4,7,13,21,22
3,4,6,7,11,12,13,20,21,22>3,8,12,16,23,4,7,13,21,22
3,4,6,7,11,12,13,20,21,22>11,12,16,20,23,4,7,13,21,22
3,4,6,7,11,12,13,20,21,22>6,11,12,14,17,4,7,13,21,22
3,4,6,7,11,12,13,20,21,22>3,6,11,12,16,23,4,7,13,21,22
3,4,6,7,11,12,13,20,21,22>8,11,12,14,20,23,4,7,13,21,22
1,7,9,10,11,13,16,19,21,22,23>13,14,16,19,20,11,22,23
1,7,9,10,11,13,16,19,21,22,23>1,2,10,13,14,19,20,11,22,23
1,7,9,10,11,13,16,19,21,22,23>1,8,10,14,16,20,11,22,23
1,7,9,10,11,13,16,19,21,22,23>7,8,13,14,21,11,22,23
1,7,9,10,11,13,16,19,21,22,23>7,8,13,19,21,11,22,23
1,7,9,10,11,13,16,19,21,22,23>1,2,7,9,10,12,16,21,11,22,23
1,7,9,10,11,13,16,19,21,22,23>8,9,10,12,13,14,21,11,22,23
1,7,9,10,11,13,16,19,21,22,23>1,8,9,10,14,16,11,22,23
1,7,9,10,11,13,16,19,21,22,23>2,8,9,10,13,20,11,22,23
1,7,9,10,11,13,16,19,21,22,23>1,2,8,9,12,13,14,16,20,11,22,23
4,5,7,10,11,13,17,18,19,20,22>4,14,16,22,23,13,17,18,19,20
4,5,7,10,11,13,17,18,19,20,22>21,22,5,13,17,18,19,20
4,5,7,10,11,13,17,18,19,20,22>4,5,23,13,17,18,19,20
4,5,7,10,11,13,17,18,19,20,22>4,7,14,16,21,22,13,17,18,19,20
4,5,7,10,11,13,17,18,19,20,22>4,5,7,14,16,13,17,18,19,20
4,5,7,10,11,13,17,18,19,20,22>5,10,14,16,22,23,13,17,18,19,20
4,5,7,10,11,13,17,18,19,20,22>4,5,7,10,22,13,17,18,19,20
4,5,7,10,11,13,17,18,19,20,22>4,23,7,11,13,17,18,19,20
4,5,7,10,11,13,17,18,19,20,22>7,10,11,14,16,23,13,17,18,19,20
4,5,7,10,11,13,17,18,19,20,22>4,7,10,11,14,16,21,13,17,18,19,20
2,3,7,8,12,14,15,16,17,21,23>3,15,17,21,22,23,8,16,12
2,3,7,8,12,14,15,16,17,21,23>2,4,7,15,21,22,8,16,12
2,3,7,8,12,14,15,16,17,21,23>3,4,7,15,17,8,16,12
2,3,7,8,12,14,15,16,17,21,23>2,14,15,21,23,8,16,12
2,3,7,8,12,14,15,16,17,21,23>2,14,15,22,8,16,12
2,3,7,8,12,14,15,16,17,21,23>2,3,14,21,23,8,16,12
2,3,7,8,12,14,15,16,17,21,23>2,4,14,15,17,23,8,16,12
2,3,7,8,12,14,15,16,17,21,23>3,7,14,15,17,21,8,16,12
2,3,7,8,12,14,15,16,17,21,23>4,7,14,15,17,21,8,16,12
2,3,7,8,12,14,15,16,17,21,23>3,7,14,17,22,23,8,16,12
2,7,8,10,14,16,17,19>2,19,20,14,8
2,7,8,10,14,16,17,19>17,20,11,14,8
2,7,8,10,14,16,17,19>2,10,11,14,17,8
2,7,8,10,14,16,17,19>2,7,10,11,13,17,19,20,8
2,7,8,10,14,16,17,19>2,19,12,17,8
2,7,8,10,14,16,17,19>7,10,12,13,14,16,17,8
2,7,8,10,14,16,17,19>10,11,12,14,16,17,8
2,7,8,10,14,16,17,19>2,10,11,12,14,16,19,8
2,7,8,10,14,16,17,19>7,10,11,12,13,16,17,20,8
2,7,8,10,14,16,17,19>2,7,10,11,12,14,16,8
4,9,10,11,12,15,16,20,22>9,13,15,20,22,23,16,10
4,9,10,11,12,15,16,20,22>4,8,9,13,15,20,16,10
4,9,10,11,12,15,16,20,22>4,9,11,12,21,22,23,16,10
4,9,10,11,12,15,16,20,22>4,8,9,11,13,15,21,16,10
4,9,10,11,12,15,16,20,22>4,12,20,21,22,23,16,10
4,9,10,11,12,15,16,20,22>4,9,12,13,21,16,10
4,9,10,11,12,15,16,20,22>8,9,12,13,21,23,16,10
4,9,10,11,12,15,16,20,22>11,12,20,21,22,16,10
4,9,10,11,12,15,16,20,22>4,9,11,12,13,15,20,23,16,10
4,9,10,11,12,15,16,20,22>4,8,9,11,12,15,22,23,16,10
1,4,5,6,7,9,11,22>1,2,22,10,6,7
1,4,5,6,7,9,11,22>13,5,10,6,7
1,4,5,6,7,9,11,22>1,22,5,11,6,7
1,4,5,6,7,9,11,22>2,4,5,9,11,13,22,23,6,7
1,4,5,6,7,9,11,22>1,4,5,16,22,6,7
1,4,5,6,7,9,11,22>1,9,10,22,23,6,7
1,4,5,6,7,9,11,22>1,2,4,9,11,22,6,7
1,4,5,6,7,9,11,22>1,2,5,9,10,11,6,7
1,4,5,6,7,9,11,22>4,5,9,10,16,23,6,7
1,4,5,6,7,9,11,22>2,4,5,9,11,16,22,6,7
5,7,9,10,12,13,15,17,18,19,20,21,23>8,12,13,14,15,16,20,17,18,19,21
5,7,9,10,12,13,15,17,18,19,20,21,23>5,7,8,14,15,16,17,18,19,21
5,7,9,10,12,13,15,17,18,19,20,21,23>5,7,8,13,14,16,22,17,18,19,21
5,7,9,10,12,13,15,17,18,19,20,21,23>5,7,9,22,23,17,18,19,21
5,7,9,10,12,13,15,17,18,19,20,21,23>5,8,9,12,13,14,17,18,19,21
5,7,9,10,12,13,15,17,18,19,20,21,23>5,7,8,9,12,15,20,17,18,19,21
5,7,9,10,12,13,15,17,18,19,20,21,23>5,7,8,9,13,17,18,19,21
5,7,9,10,12,13,15,17,18,19,20,21,23>8,10,12,13,14,15,20,17,18,19,21
5,7,9,10,12,13,15,17,18,19,20,21,23>5,7,8,10,23,17,18,19,21
5,7,9,10,12,13,15,17,18,19,20,21,23>9,10,12,14,15,20,17,18,19,21
1,2,3,7,11,13,14,15,16,19,20,21,22>1,4,11,19,23,2,13,14,15,16,20,21,22
1,2,3,7,11,13,14,15,16,19,20,21,22>1,3,4,11,23,2,13,14,15,16,20,21,22
1,2,3,7,11,13,14,15,16,19,20,21,22>3,7,11,19,23,2,13,14,15,16,20,21,22
1,2,3,7,11,13,14,15,16,19,20,21,22>1,3,7,19,23,2,13,14,15,16,20,21,22
1,2,3,7,11,13,14,15,16,19,20,21,22>3,4,8,11,19,23,2,13,14,15,16,20,21,22
1,2,3,7,11,13,14,15,16,19,20,21,22>1,7,8,19,2,13,14,15,16,20,21,22
1,2,3,7,11,13,14,15,16,19,20,21,22>3,7,8,11,2,13,14,15,16,20,21,22
1,2,3,7,11,13,14,15,16,19,20,21,22>4,7,8,11,19,2,13,14,15,16,20,21,22
1,2,3,7,11,13,14,15,16,19,20,21,22>3,4,7,8,19,2,13,14,15,16,20,21,22
1,2,3,7,11,13,14,15,16,19,20,21,22>1,3,4,7,8,23,2,13,14,15,16,20,21,22
1,2,3,6,7,8,9,11,12,13,16,18>14,1,18,11,2,7,8,12,13
1,2,3,6,7,8,9,11,12,13,16,18>3,11,14,16,19,2,7,8,12,13
1,2,3,6,7,8,9,11,12,13,16,18>1,4,10,16,18,2,7,8,12,13
1,2,3,6,7,8,9,11,12,13,16,18>3,4,10,11,14,19,2,7,8,12,13
1,2,3,6,7,8,9,11,12,13,16,18>3,4,11,16,18,2,7,8,12,13
1,2,3,6,7,8,9,11,12,13,16,18>4,6,10,11,14,16,18,2,7,8,12,13
1,2,3,6,7,8,9,11,12,13,16,18>1,3,4,6,10,11,18,19,2,7,8,12,13
1,2,3,6,7,8,9,11,12,13,16,18>19,9,2,7,8,12,13
1,2,3,6,7,8,9,11,12,13,16,18>1,3,4,9,10,11,16,2,7,8,12,13
1,2,3,6,7,8,9,11,12,13,16,18>4,6,9,10,11,16,2,7,8,12,13
2,3,5,6,10,11,13,15,17,18,21>3,4,14,15,16,21,18,11,13,6
2,3,5,6,10,11,13,15,17,18,21>2,3,4,10,14,16,19,21,22,18,11,13,6
2,3,5,6,10,11,13,15,17,18,21>2,3,4,5,7,15,16,22,18,11,13,6
2,3,5,6,10,11,13,15,17,18,21>4,5,22,14,18,11,13,6
2,3,5,6,10,11,13,15,17,18,21>2,4,5,15,16,17,18,11,13,6
2,3,5,6,10,11,13,15,17,18,21>3,7,14,15,17,19,22,18,11,13,6
2,3,5,6,10,11,13,15,17,18,21>2,3,4,7,10,17,21,18,11,13,6
2,3,5,6,10,11,13,15,17,18,21>2,5,7,16,21,18,11,13,6
2,3,5,6,10,11,13,15,17,18,21>3,4,5,7,10,16,19,22,18,11,13,6
2,3,5,6,10,11,13,15,17,18,21>2,3,4,5,7,14,15,17,21,18,11,13,6
5,7,10,11,12,14,16,19>16,5,8,19,11,12
5,7,10,11,12,14,16,19>5,8,19,15,11,12
5,7,10,11,12,14,16,19>5,7,8,14,15,11,12
5,7,10,11,12,14,16,19>7,8,10,14,15,19,11,12
5,7,10,11,12,14,16,19>7,8,10,16,19,11,12
5,7,10,11,12,14,16,19>5,13,14,15,11,12
5,7,10,11,12,14,16,19>10,13,14,15,16,11,12
5,7,10,11,12,14,16,19>7,10,13,15,19,11,12
5,7,10,11,12,14,16,19>7,8,10,13,15,11,12
5,7,10,11,12,14,16,19>5,7,8,10,13,14,16,11,12
1,2,3,4,5,6,7,8,9,13,14,18,21,22,23>3,10,13,16,18,2,4,6,7,14,22,23
1,2,3,4,5,6,7,8,9,13,14,18,21,22,23>5,10,13,16,19,21,2,4,6,7,14,22,23
1,2,3,4,5,6,7,8,9,13,14,18,21,22,23>19,3,5,10,2,4,6,7,14,22,23
1,2,3,4,5,6,7,8,9,13,14,18,21,22,23>3,5,13,18,19,21,2,4,6,7,14,22,23
1,2,3,4,5,6,7,8,9,13,14,18,21,22,23>1,3,8,10,13,19,21,2,4,6,7,14,22,23
1,2,3,4,5,6,7,8,9,13,14,18,21,22,23>21,5,8,10,2,4,6,7,14,22,23
1,2,3,4,5,6,7,8,9,13,14,18,21,22,23>1,3,9,13,21,2,4,6,7,14,22,23
1,2,3,4,5,6,7,8,9,13,14,18,21,22,23>1,3,9,10,16,2,4,6,7,14,22,23
1,2,3,4,5,6,7,8,9,13,14,18,21,22,23>1,5,8,9,16,18,2,4,6,7,14,22,23
1,2,3,4,5,6,7,8,9,13,14,18,21,22,23>1,3,5,8,9,19,2,4,6,7,14,22,23
2,6,7,10,12,13,14,21,22>2,8,15,21,7,12,13,14,22
2,6,7,10,12,13,14,21,22>6,8,15,7,12,13,14,22
2,6,7,10,12,13,14,21,22>6,10,15,21,23,7,12,13,14,22
2,6,7,10,12,13,14,21,22>2,6,10,15,7,12,13,14,22
2,6,7,10,12,13,14,21,22>2,6,8,10,23,7,12,13,14,22
2,6,7,10,12,13,14,21,22>2,11,15,21,7,12,13,14,22
2,6,7,10,12,13,14,21,22>2,8,11,15,23,7,12,13,14,22
2,6,7,10,12,13,14,21,22>10,11,15,21,7,12,13,14,22
2,6,7,10,12,13,14,21,22>8,10,11,15,7,12,13,14,22
2,6,7,10,12,13,14,21,22>2,8,10,11,23,7,12,13,14,22
1,2,3,4,5,6,9,11,12,14,15,17,19,22>1,8,11,13,14,16,18,19,22,23,2,4,12,15
1,2,3,4,5,6,9,11,12,14,15,17,19,22>3,8,13,14,17,18,19,2,4,12,15
1,2,3,4,5,6,9,11,12,14,15,17,19,22>1,3,5,11,13,17,23,2,4,12,15
1,2,3,4,5,6,9,11,12,14,15,17,19,22>1,3,6,8,11,14,16,23,2,4,12,15
1,2,3,4,5,6,9,11,12,14,15,17,19,22>3,5,6,9,11,14,16,18,23,2,4,12,15
1,2,3,4,5,6,9,11,12,14,15,17,19,22>1,3,7,9,14,16,18,22,2,4,12,15
1,2,3,4,5,6,9,11,12,14,15,17,19,22>5,7,13,14,17,18,2,4,12,15
1,2,3,4,5,6,9,11,12,14,15,17,19,22>1,3,5,7,8,9,11,13,14,16,17,19,22,2,4,12,15
1,2,3,4,5,6,9,11,12,14,15,17,19,22>6,7,14,16,18,19,2,4,12,15
1,2,3,4,5,6,9,11,12,14,15,17,19,22>1,6,7,8,9,11,13,17,23,2,4,12,15
2,3,4,5,6,7,9,11,12,15,16,19,20>2,11,12,13,15,19,20,16,4,7
2,3,4,5,6,7,9,11,12,15,16,19,20>2,5,9,11,12,15,19,16,4,7
2,3,4,5,6,7,9,11,12,15,16,19,20>2,5,11,12,15,19,20,16,4,7
2,3,4,5,6,7,9,11,12,15,16,19,20>2,3,5,9,12,13,20,16,4,7
2,3,4,5,6,7,9,11,12,15,16,19,20>3,5,6,13,19,20,16,4,7
2,3,4,5,6,7,9,11,12,15,16,19,20>3,5,8,9,19,20,16,4,7
2,3,4,5,6,7,9,11,12,15,16,19,20>2,6,8,11,13,21,16,4,7
2,3,4,5,6,7,9,11,12,15,16,19,20>3,6,8,11,15,19,20,16,4,7
2,3,4,5,6,7,9,11,12,15,16,19,20>2,5,6,8,11,12,19,20,16,4,7
2,3,4,5,6,7,9,11,12,15,16,19,20>3,5,6,8,11,13,21,16,4,7
1,2,3,6,8,10,11,12,14,17,22,23>3,10,14,17,22,2,8,11,12,23
1,2,3,6,8,10,11,12,14,17,22,23>17,1,3,22,2,8,11,12,23
1,2,3,6,8,10,11,12,14,17,22,23>1,3,4,10,22,2,8,11,12,23
1,2,3,6,8,10,11,12,14,17,22,23>1,4,6,14,17,2,8,11,12,23
1,2,3,6,8,10,11,12,14,17,22,23>1,3,4,6,14,22,2,8,11,12,23
1,2,3,6,8,10,11,12,14,17,22,23>22,7,10,14,2,8,11,12,23
1,2,3,6,8,10,11,12,14,17,22,23>22,4,7,14,2,8,11,12,23
1,2,3,6,8,10,11,12,14,17,22,23>1,4,7,10,14,2,8,11,12,23
1,2,3,6,8,10,11,12,14,17,22,23>1,4,7,10,17,22,2,8,11,12,23
1,2,3,6,8,10,11,12,14,17,22,23>1,3,6,7,10,14,17,2,8,11,12,23
1,2,4,5,7,8,9,11,12,13,15,21,22,23>5,10,14,15,16,21,2,8,12,22,23
1,2,4,5,7,8,9,11,12,13,15,21,22,23>1,4,5,9,13,16,2,8,12,22,23
1,2,4,5,7,8,9,11,12,13,15,21,22,23>4,6,10,14,15,16,21,2,8,12,22,23
1,2,4,5,7,8,9,11,12,13,15,21,22,23>1,4,6,9,10,11,13,15,16,2,8,12,22,23
1,2,4,5,7,8,9,11,12,13,15,21,22,23>5,6,10,13,15,16,2,8,12,22,23
1,2,4,5,7,8,9,11,12,13,15,21,22,23>4,7,11,13,14,15,2,8,12,22,23
1,2,4,5,7,8,9,11,12,13,15,21,22,23>11,14,5,7,2,8,12,22,23
1,2,4,5,7,8,9,11,12,13,15,21,22,23>5,7,9,10,14,2,8,12,22,23
1,2,4,5,7,8,9,11,12,13,15,21,22,23>1,6,7,9,14,16,21,2,8,12,22,23
1,2,4,5,7,8,9,11,12,13,15,21,22,23>1,5,6,7,10,13,21,2,8,12,22,23
2,3,7,9,10,11,13,17,20,22,23>2,13,14,18,21,22,17,10,20,23
2,3,7,9,10,11,13,17,20,22,23>2,3,4,13,22,17,10,20,23
2,3,7,9,10,11,13,17,20,22,23>2,3,7,13,14,18,22,17,10,20,23
2,3,7,9,10,11,13,17,20,22,23>4,7,14,18,21,22,17,10,20,23
2,3,7,9,10,11,13,17,20,22,23>4,7,11,13,22,17,10,20,23
2,3,7,9,10,11,13,17,20,22,23>3,4,7,14,18,21,17,10,20,23
2,3,7,9,10,11,13,17,20,22,23>2,4,9,13,14,21,22,17,10,20,23
2,3,7,9,10,11,13,17,20,22,23>3,4,9,11,22,17,10,20,23
2,3,7,9,10,11,13,17,20,22,23>2,3,4,9,11,17,10,20,23
2,3,7,9,10,11,13,17,20,22,23>3,7,9,13,14,18,21,17,10,20,23
4,7,8,9,10,12,17,19,21,22>4,21,19,16,8,12,22
4,7,8,9,10,12,17,19,21,22>7,16,17,19,21,23,8,12,22
4,7,8,9,10,12,17,19,21,22>4,7,13,16,17,8,12,22
4,7,8,9,10,12,17,19,21,22>7,10,16,17,19,21,8,12,22
4,7,8,9,10,12,17,19,21,22>4,7,10,13,17,8,12,22
4,7,8,9,10,12,17,19,21,22>7,10,19,21,23,8,12,22
4,7,8,9,10,12,17,19,21,22>7,9,10,13,16,17,21,8,12,22
4,7,8,9,10,12,17,19,21,22>7,11,13,21,23,8,12,22
4,7,8,9,10,12,17,19,21,22>4,9,11,13,21,8,12,22
4,7,8,9,10,12,17,19,21,22>7,9,11,19,23,8,12,22
3,5,7,9,10,11,12,13,14,15,17,20,21>3,8,9,11,12,10,13,14,15,17,21
3,5,7,9,10,11,12,13,14,15,17,20,21>11,12,5,10,13,14,15,17,21
3,5,7,9,10,11,12,13,14,15,17,20,21>3,4,6,8,9,16,18,20,10,13,14,15,17,21
3,5,7,9,10,11,12,13,14,15,17,20,21>3,5,6,9,20,10,13,14,15,17,21
3,5,7,9,10,11,12,13,14,15,17,20,21>3,4,7,8,9,11,18,20,22,10,13,14,15,17,21
3,5,7,9,10,11,12,13,14,15,17,20,21>3,5,7,8,11,18,10,13,14,15,17,21
3,5,7,9,10,11,12,13,14,15,17,20,21>4,5,7,16,22,10,13,14,15,17,21
3,5,7,9,10,11,12,13,14,15,17,20,21>3,5,7,8,20,10,13,14,15,17,21
3,5,7,9,10,11,12,13,14,15,17,20,21>4,5,6,7,9,18,22,10,13,14,15,17,21
3,5,7,9,10,11,12,13,14,15,17,20,21>3,4,5,6,7,9,12,16,18,10,13,14,15,17,21
1,3,6,13,14,16,20,21,22,23>1,3,7,8,15,16,14,20,21,22,23
1,3,6,13,14,16,20,21,22,23>16,15,2,3,14,20,21,22,23
1,3,6,13,14,16,20,21,22,23>2,4,7,13,15,14,20,21,22,23
1,3,6,13,14,16,20,21,22,23>3,4,7,13,16,14,20,21,22,23
1,3,6,13,14,16,20,21,22,23>1,3,4,7,8,16,14,20,21,22,23
1,3,6,13,14,16,20,21,22,23>16,6,7,8,14,20,21,22,23
1,3,6,13,14,16,20,21,22,23>2,6,7,13,16,14,20,21,22,23
1,3,6,13,14,16,20,21,22,23>1,3,6,8,16,14,20,21,22,23
1,3,6,13,14,16,20,21,22,23>2,3,6,7,8,14,20,21,22,23
1,3,6,13,14,16,20,21,22,23>1,2,3,4,6,8,13,14,20,21,22,23
5,6,14,17,18,21,23>22,5,23,21,18,6
5,6,14,17,18,21,23>22,23,7,19,18,6
5,6,14,17,18,21,23>7,14,21,18,6
5,6,14,17,18,21,23>5,7,15,21,22,18,6
5,6,14,17,18,21,23>5,7,15,19,22,18,6
5,6,14,17,18,21,23>5,14,15,22,23,18,6
5,6,14,17,18,21,23>5,14,17,22,23,18,6
5,6,14,17,18,21,23>15,17,21,22,23,18,6
5,6,14,17,18,21,23>5,14,15,17,21,18,6
5,6,14,17,18,21,23>7,14,15,17,18,6
1,4,7,11,12,13,14,19,20,21,22,23>1,11,12,13,16,17,20,23,21,14,22
1,4,7,11,12,13,14,19,20,21,22,23>2,4,11,19,20,23,21,14,22
1,4,7,11,12,13,14,19,20,21,22,23>1,2,4,11,12,15,16,23,21,14,22
1,4,7,11,12,13,14,19,20,21,22,23>1,2,4,13,19,23,21,14,22
1,4,7,11,12,13,14,19,20,21,22,23>4,7,15,16,19,23,21,14,22
1,4,7,11,12,13,14,19,20,21,22,23>8,11,12,16,17,20,23,21,14,22
1,4,7,11,12,13,14,19,20,21,22,23>2,17,8,11,23,21,14,22
1,4,7,11,12,13,14,19,20,21,22,23>2,7,8,11,12,16,19,20,23,21,14,22
1,4,7,11,12,13,14,19,20,21,22,23>4,7,8,12,15,16,17,20,23,21,14,22
1,4,7,11,12,13,14,19,20,21,22,23>2,4,7,8,11,15,20,23,21,14,22
2,4,6,7,9,10,14,16,17,19>2,4,10,13,14,19,16,7
2,4,6,7,9,10,14,16,17,19>2,6,11,13,17,18,16,7
2,4,6,7,9,10,14,16,17,19>4,6,8,11,12,13,14,15,20,16,7
2,4,6,7,9,10,14,16,17,19>2,4,6,8,12,18,20,16,7
2,4,6,7,9,10,14,16,17,19>4,6,8,13,14,15,17,20,16,7
2,4,6,7,9,10,14,16,17,19>2,9,10,12,13,17,18,19,16,7
2,4,6,7,9,10,14,16,17,19>4,9,10,11,13,14,19,20,16,7
2,4,6,7,9,10,14,16,17,19>2,9,12,15,17,18,20,16,7
2,4,6,7,9,10,14,16,17,19>4,6,9,10,12,14,17,18,16,7
2,4,6,7,9,10,14,16,17,19>8,9,10,17,20,16,7
7,8,10,11,13,17,20,21>7,8,22,17,21,20,13
7,8,10,11,13,17,20,21>7,10,17,21,20,13
7,8,10,11,13,17,20,21>8,11,22,17,21,20,13
7,8,10,11,13,17,20,21>7,8,11,17,21,20,13
7,8,10,11,13,17,20,21>10,11,22,17,21,20,13
7,8,10,11,13,17,20,21>8,10,11,17,21,20,13
7,8,10,11,13,17,20,21>7,14,22,17,21,20,13
7,8,10,11,13,17,20,21>8,14,22,17,21,20,13
7,8,10,11,13,17,20,21>8,10,14,17,21,20,13
7,8,10,11,13,17,20,21>10,11,14,17,21,20,13
1,6,9,10,13,15,19,21,22>1,2,6,7,9,11,13,19,21,22
1,6,9,10,13,15,19,21,22>1,2,11,13,14,15,16,19,20,23,22
1,6,9,10,13,15,19,21,22>6,11,13,16,19,21,23,22
1,6,9,10,13,15,19,21,22>1,2,6,7,9,11,15,16,19,23,22
1,6,9,10,13,15,19,21,22>2,6,7,9,10,11,13,15,16,19,20,23,22
1,6,9,10,13,15,19,21,22>1,9,10,13,15,16,23,22
1,6,9,10,13,15,19,21,22>1,2,6,9,13,15,16,20,23,22
1,6,9,10,13,15,19,21,22>1,2,7,9,11,14,16,19,23,22
1,6,9,10,13,15,19,21,22>1,2,7,9,11,13,15,16,19,22
1,6,9,10,13,15,19,21,22>1,2,6,7,9,11,14,15,16,20,21,22
1,2,4,7,10,14,15,16,20,21,23>23,14,22,2,15,16,20,21
1,2,4,7,10,14,15,16,20,21,23>23,1,22,2,15,16,20,21
1,2,4,7,10,14,15,16,20,21,23>23,4,14,2,15,16,20,21
1,2,4,7,10,14,15,16,20,21,23>23,4,7,2,15,16,20,21
1,2,4,7,10,14,15,16,20,21,23>1,4,7,14,2,15,16,20,21
1,2,4,7,10,14,15,16,20,21,23>23,1,8,14,2,15,16,20,21
1,2,4,7,10,14,15,16,20,21,23>4,7,8,22,2,15,16,20,21
1,2,4,7,10,14,15,16,20,21,23>10,14,22,2,15,16,20,21
1,2,4,7,10,14,15,16,20,21,23>1,10,14,2,15,16,20,21
1,2,4,7,10,14,15,16,20,21,23>7,8,10,14,2,15,16,20,21
1,3,10,13,14,16,18,21,22,23>2,4,10,13,15,21,23,14,22
1,3,10,13,14,16,18,21,22,23>1,2,4,10,11,12,13,19,23,14,22
1,3,10,13,14,16,18,21,22,23>3,4,10,11,12,13,15,18,21,23,14,22
1,3,10,13,14,16,18,21,22,23>1,2,3,4,10,11,15,23,14,22
1,3,10,13,14,16,18,21,22,23>1,2,8,12,13,16,18,19,21,23,14,22
1,3,10,13,14,16,18,21,22,23>2,3,8,11,15,19,23,14,22
1,3,10,13,14,16,18,21,22,23>2,3,8,10,11,12,19,23,14,22
1,3,10,13,14,16,18,21,22,23>4,8,10,13,15,18,19,21,23,14,22
1,3,10,13,14,16,18,21,22,23>2,3,4,8,11,12,13,15,16,21,23,14,22
1,3,10,13,14,16,18,21,22,23>1,2,3,4,8,10,12,18,19,21,23,14,22
1,3,5,6,10,12,13,14,20,22>2,3,8,15,17,20,23,13,6,14
1,3,5,6,10,12,13,14,20,22>1,2,3,8,10,12,15,17,20,13,6,14
1,3,5,6,10,12,13,14,20,22>4,7,12,17,20,13,6,14
1,3,5,6,10,12,13,14,20,22>1,2,3,10,15,17,20,22,13,6,14
1,3,5,6,10,12,13,14,20,22>1,2,3,7,8,12,17,20,22,23,13,6,14
1,3,5,6,10,12,13,14,20,22>2,3,4,7,8,12,17,13,6,14
1,3,5,6,10,12,13,14,20,22>1,2,3,4,8,10,15,20,21,22,13,6,14
1,3,5,6,10,12,13,14,20,22>12,15,21,5,13,6,14
1,3,5,6,10,12,13,14,20,22>2,3,5,7,8,10,15,22,23,13,6,14
1,3,5,6,10,12,13,14,20,22>2,3,5,7,8,10,15,20,21,23,13,6,14
2,5,6,7,9,10,16,18,20,22,23>21,2,19,6,7,10,20,23
2,5,6,7,9,10,16,18,20,22,23>2,18,19,6,7,10,20,23
2,5,6,7,9,10,16,18,20,22,23>22,9,18,19,6,7,10,20,23
2,5,6,7,9,10,16,18,20,22,23>21,22,9,18,6,7,10,20,23
2,5,6,7,9,10,16,18,20,22,23>2,8,9,22,6,7,10,20,23
2,5,6,7,9,10,16,18,20,22,23>21,5,16,18,6,7,10,20,23
2,5,6,7,9,10,16,18,20,22,23>2,5,16,18,6,7,10,20,23
2,5,6,7,9,10,16,18,20,22,23>2,8,16,18,6,7,10,20,23
2,5,6,7,9,10,16,18,20,22,23>22,9,16,19,6,7,10,20,23
2,5,6,7,9,10,16,18,20,22,23>2,5,8,9,16,19,6,7,10,20,23
1,5,6,8,9,13,15,16,17,18,22>1,12,14,15,17,18,19,22,8,16,6
1,5,6,8,9,13,15,16,17,18,22>1,2,14,15,19,22,8,16,6
1,5,6,8,9,13,15,16,17,18,22>1,2,7,15,19,23,8,16,6
1,5,6,8,9,13,15,16,17,18,22>1,5,7,10,14,15,17,18,19,22,23,8,16,6
1,5,6,8,9,13,15,16,17,18,22>2,5,7,12,13,14,15,19,22,23,8,16,6
1,5,6,8,9,13,15,16,17,18,22>1,2,5,7,10,12,13,15,17,22,8,16,6
1,5,6,8,9,13,15,16,17,18,22>1,2,9,10,13,14,15,18,22,23,8,16,6
1,5,6,8,9,13,15,16,17,18,22>7,9,10,15,19,22,23,8,16,6
1,5,6,8,9,13,15,16,17,18,22>1,2,7,9,10,12,13,14,17,22,8,16,6
1,5,6,8,9,13,15,16,17,18,22>1,5,7,9,10,23,8,16,6
1,2,4,6,7,9,11,12,14,18,20,22,23>1,6,8,9,10,11,15,17,19,20,21,2,23,7
1,2,4,6,7,9,11,12,14,18,20,22,23>8,10,11,12,15,17,19,21,2,23,7
1,2,4,6,7,9,11,12,14,18,20,22,23>1,8,10,14,15,16,17,18,20,2,23,7
1,2,4,6,7,9,11,12,14,18,20,22,23>1,4,6,8,14,16,17,19,20,21,2,23,7
1,2,4,6,7,9,11,12,14,18,20,22,23>1,4,9,10,11,12,16,17,19,22,2,23,7
1,2,4,6,7,9,11,12,14,18,20,22,23>1,4,6,9,10,14,15,17,18,20,22,2,23,7
1,2,4,6,7,9,11,12,14,18,20,22,23>8,9,10,11,15,16,17,18,19,20,2,23,7
1,2,4,6,7,9,11,12,14,18,20,22,23>4,8,9,11,12,16,17,20,22,2,23,7
1,2,4,6,7,9,11,12,14,18,20,22,23>6,8,9,10,11,14,16,19,21,2,23,7
1,2,4,6,7,9,11,12,14,18,20,22,23>1,6,8,9,15,16,17,19,21,22,2,23,7
1,3,4,5,6,12,17,18,19,23>1,3,7,8,16,18,19,4,12
1,3,4,5,6,12,17,18,19,23>1,2,3,7,8,23,18,19,4,12
1,3,4,5,6,12,17,18,19,23>2,5,8,16,23,18,19,4,12
1,3,4,5,6,12,17,18,19,23>1,3,5,17,23,18,19,4,12
1,3,4,5,6,12,17,18,19,23>1,5,6,7,8,23,18,19,4,12
1,3,4,5,6,12,17,18,19,23>1,2,6,7,8,17,23,18,19,4,12
1,3,4,5,6,12,17,18,19,23>1,3,6,7,8,17,23,18,19,4,12
1,3,4,5,6,12,17,18,19,23>2,3,6,7,8,18,19,4,12
1,3,4,5,6,12,17,18,19,23>1,5,6,7,16,18,19,4,12
1,3,4,5,6,12,17,18,19,23>16,2,5,6,18,19,4,12
3,5,7,8,9,11,13,15,16,17,21,22>4,5,9,11,21,23,8,16,13,22
3,5,7,8,9,11,13,15,16,17,21,22>3,4,5,11,14,17,23,8,16,13,22
3,5,7,8,9,11,13,15,16,17,21,22>4,6,10,11,15,21,8,16,13,22
3,5,7,8,9,11,13,15,16,17,21,22>3,5,6,9,10,17,8,16,13,22
3,5,7,8,9,11,13,15,16,17,21,22>11,21,7,23,8,16,13,22
3,5,7,8,9,11,13,15,16,17,21,22>3,4,7,10,15,17,21,23,8,16,13,22
3,5,7,8,9,11,13,15,16,17,21,22>3,4,7,11,14,15,8,16,13,22
3,5,7,8,9,11,13,15,16,17,21,22>5,7,9,11,12,14,15,8,16,13,22
3,5,7,8,9,11,13,15,16,17,21,22>6,7,10,11,14,15,8,16,13,22
3,5,7,8,9,11,13,15,16,17,21,22>3,4,6,7,11,12,14,8,16,13,22
1,3,4,5,6,7,10,11,12,15,17,19,20,22>8,10,18,19,22,23,17,4,7
1,3,4,5,6,7,10,11,12,15,17,19,20,22>12,13,16,22,23,17,4,7
1,3,4,5,6,7,10,11,12,15,17,19,20,22>3,13,16,21,23,17,4,7
1,3,4,5,6,7,10,11,12,15,17,19,20,22>3,10,18,19,20,21,17,4,7
1,3,4,5,6,7,10,11,12,15,17,19,20,22>1,2,3,11,12,13,15,19,22,17,4,7
1,3,4,5,6,7,10,11,12,15,17,19,20,22>5,8,13,15,16,21,22,23,17,4,7
1,3,4,5,6,7,10,11,12,15,17,19,20,22>5,10,13,19,20,22,17,4,7
1,3,4,5,6,7,10,11,12,15,17,19,20,22>2,5,10,13,15,16,19,21,23,17,4,7
1,3,4,5,6,7,10,11,12,15,17,19,20,22>1,2,3,5,11,12,16,19,22,17,4,7
1,3,4,5,6,7,10,11,12,15,17,19,20,22>1,5,6,8,10,11,12,13,16,18,19,23,17,4,7
1,5,7,8,11,12,14,16,17,19,22,23>1,2,5,14,16,19,8,12,23
1,5,7,8,11,12,14,16,17,19,22,23>7,11,14,16,17,19,8,12,23
1,5,7,8,11,12,14,16,17,19,22,23>2,7,14,19,22,8,12,23
1,5,7,8,11,12,14,16,17,19,22,23>1,2,7,16,17,19,22,8,12,23
1,5,7,8,11,12,14,16,17,19,22,23>5,7,14,16,8,12,23
1,5,7,8,11,12,14,16,17,19,22,23>7,11,14,16,17,22,8,12,23
1,5,7,8,11,12,14,16,17,19,22,23>1,2,7,11,22,8,12,23
1,5,7,8,11,12,14,16,17,19,22,23>1,2,7,11,16,19,8,12,23
1,5,7,8,11,12,14,16,17,19,22,23>5,7,11,16,17,19,8,12,23
1,5,7,8,11,12,14,16,17,19,22,23>2,5,7,11,22,8,12,23
1,5,7,9,12,16,17,18,19,20,21,23>2,9,12,16,17,22,23,18,19,21
1,5,7,9,12,16,17,18,19,20,21,23>5,9,16,17,23,18,19,21
1,5,7,9,12,16,17,18,19,20,21,23>20,17,2,5,18,19,21
1,5,7,9,12,16,17,18,19,20,21,23>2,5,9,12,16,22,18,19,21
1,5,7,9,12,16,17,18,19,20,21,23>2,7,9,16,20,22,23,18,19,21
1,5,7,9,12,16,17,18,19,20,21,23>8,12,16,17,20,18,19,21
1,5,7,9,12,16,17,18,19,20,21,23>1,2,8,12,17,20,18,19,21
1,5,7,9,12,16,17,18,19,20,21,23>1,2,8,9,20,22,23,18,19,21
1,5,7,9,12,16,17,18,19,20,21,23>5,7,8,16,17,18,19,21
1,5,7,9,12,16,17,18,19,20,21,23>1,5,7,8,9,17,23,18,19,21
4,5,6,8,9,11,12,15,16,17,18,20,22>4,9,11,13,15,17,18,20,8,16,6
4,5,6,8,9,11,12,15,16,17,18,20,22>5,9,11,13,15,17,18,19,22,8,16,6
4,5,6,8,9,11,12,15,16,17,18,20,22>5,7,9,12,13,18,19,21,22,8,16,6
4,5,6,8,9,11,12,15,16,17,18,20,22>7,10,11,13,17,18,19,23,8,16,6
4,5,6,8,9,11,12,15,16,17,18,20,22>5,7,10,13,15,17,20,21,22,23,8,16,6
4,5,6,8,9,11,12,15,16,17,18,20,22>4,5,7,10,17,20,21,8,16,6
4,5,6,8,9,11,12,15,16,17,18,20,22>4,9,10,11,12,15,22,8,16,6
4,5,6,8,9,11,12,15,16,17,18,20,22>7,9,10,12,15,21,22,8,16,6
4,5,6,8,9,11,12,15,16,17,18,20,22>5,7,9,10,11,12,21,23,8,16,6
4,5,6,8,9,11,12,15,16,17,18,20,22>4,5,7,9,10,12,13,17,21,23,8,16,6
1,3,5,6,11,12,13,17,18,19,21,23>6,7,13,17,21,23,18,19,12
1,3,5,6,11,12,13,17,18,19,21,23>1,6,7,13,17,22,23,18,19,12
1,3,5,6,11,12,13,17,18,19,21,23>1,2,3,8,14,17,22,18,19,12
1,3,5,6,11,12,13,17,18,19,21,23>2,3,4,5,8,13,14,21,23,18,19,12
1,3,5,6,11,12,13,17,18,19,21,23>1,3,4,6,8,14,21,22,23,18,19,12
1,3,5,6,11,12,13,17,18,19,21,23>2,5,6,7,8,11,13,21,22,18,19,12
1,3,5,6,11,12,13,17,18,19,21,23>1,2,5,6,7,17,23,18,19,12
1,3,5,6,11,12,13,17,18,19,21,23>1,3,5,8,11,13,17,21,22,23,18,19,12
1,3,5,6,11,12,13,17,18,19,21,23>2,3,4,5,6,7,11,13,18,19,12
1,3,5,6,11,12,13,17,18,19,21,23>1,2,3,4,5,8,11,22,23,18,19,12
3,4,6,8,10,11,12,15,16,17,21,23>3,10,15,23,4,8,11,12,16
3,4,6,8,10,11,12,15,16,17,21,23>3,10,17,21,22,23,4,8,11,12,16
3,4,6,8,10,11,12,15,16,17,21,23>22,7,10,17,4,8,11,12,16
3,4,6,8,10,11,12,15,16,17,21,23>6,15,17,21,22,4,8,11,12,16
3,4,6,8,10,11,12,15,16,17,21,23>22,23,6,15,4,8,11,12,16
3,4,6,8,10,11,12,15,16,17,21,23>3,6,7,15,17,4,8,11,12,16
3,4,6,8,10,11,12,15,16,17,21,23>3,10,15,21,4,8,11,12,16
3,4,6,8,10,11,12,15,16,17,21,23>6,10,15,17,4,8,11,12,16
3,4,6,8,10,11,12,15,16,17,21,23>3,6,7,15,23,4,8,11,12,16
3,4,6,8,10,11,12,15,16,17,21,23>6,7,10,15,4,8,11,12,16
2,4,5,6,7,8,9,10,14,15,16,19,20,23>2,10,19,8,16,20,7
2,4,5,6,7,8,9,10,14,15,16,19,20,23>4,10,14,15,19,8,16,20,7
2,4,5,6,7,8,9,10,14,15,16,19,20,23>4,5,10,19,21,23,8,16,20,7
2,4,5,6,7,8,9,10,14,15,16,19,20,23>6,10,14,15,19,21,23,8,16,20,7
2,4,5,6,7,8,9,10,14,15,16,19,20,23>2,6,10,14,15,21,8,16,20,7
2,4,5,6,7,8,9,10,14,15,16,19,20,23>2,5,6,14,19,21,8,16,20,7
2,4,5,6,7,8,9,10,14,15,16,19,20,23>2,4,5,6,15,21,8,16,20,7
2,4,5,6,7,8,9,10,14,15,16,19,20,23>9,10,15,21,23,8,16,20,7
2,4,5,6,7,8,9,10,14,15,16,19,20,23>2,4,9,15,19,8,16,20,7
2,4,5,6,7,8,9,10,14,15,16,19,20,23>2,4,9,10,14,15,8,16,20,7
2,4,5,6,8,11,14,17,20,22>5,11,13,21,22,23,17,20,6
2,4,5,6,8,11,14,17,20,22>4,5,11,16,22,23,17,20,6
2,4,5,6,8,11,14,17,20,22>4,5,7,11,14,21,22,17,20,6
2,4,5,6,8,11,14,17,20,22>2,4,5,7,13,14,16,21,23,17,20,6
2,4,5,6,8,11,14,17,20,22>4,8,11,13,14,22,17,20,6
2,4,5,6,8,11,14,17,20,22>2,4,8,13,14,23,17,20,6
2,4,5,6,8,11,14,17,20,22>2,4,8,16,23,17,20,6
2,4,5,6,8,11,14,17,20,22>2,5,8,14,16,21,17,20,6
2,4,5,6,8,11,14,17,20,22>7,8,11,16,23,17,20,6
2,4,5,6,8,11,14,17,20,22>5,7,8,11,14,22,17,20,6
6,10,13,16,17,19,22,23>6,7,8,16,17,18,19,20,23
6,10,13,16,17,19,22,23>8,10,13,16,19,22,23
6,10,13,16,17,19,22,23>7,10,11,12,16,20,22,23
6,10,13,16,17,19,22,23>7,8,10,16,18,20,23
6,10,13,16,17,19,22,23>11,12,14,16,18,19,20,23
6,10,13,16,17,19,22,23>11,12,13,16,17,20,22,23
6,10,13,16,17,19,22,23>6,8,11,14,16,18,23
6,10,13,16,17,19,22,23>7,8,11,12,14,18,19,22,23
6,10,13,16,17,19,22,23>6,10,11,12,13,14,19,23
6,10,13,16,17,19,22,23>7,10,11,13,14,16,17,18,19,20,23
1,2,3,4,5,6,7,10,12,13,16,18,23>1,5,13,14,18,19,2,4,6,7,12,16
1,2,3,4,5,6,7,10,12,13,16,18,23>3,8,13,14,19,23,2,4,6,7,12,16
1,2,3,4,5,6,7,10,12,13,16,18,23>1,3,8,11,13,2,4,6,7,12,16
1,2,3,4,5,6,7,10,12,13,16,18,23>5,8,11,18,19,23,2,4,6,7,12,16
1,2,3,4,5,6,7,10,12,13,16,18,23>1,10,13,18,19,23,2,4,6,7,12,16
1,2,3,4,5,6,7,10,12,13,16,18,23>3,10,11,18,23,2,4,6,7,12,16
1,2,3,4,5,6,7,10,12,13,16,18,23>5,10,14,18,23,2,4,6,7,12,16
1,2,3,4,5,6,7,10,12,13,16,18,23>1,8,10,11,14,18,19,2,4,6,7,12,16
1,2,3,4,5,6,7,10,12,13,16,18,23>1,3,8,10,13,14,18,19,2,4,6,7,12,16
1,2,3,4,5,6,7,10,12,13,16,18,23>3,5,8,10,14,23,2,4,6,7,12,16
1,2,4,5,7,8,9,12,14,16,18,19,22,23>22,1,18,2,8,12,16,19,23
1,2,4,5,7,8,9,12,14,16,18,19,22,23>1,4,5,14,2,8,12,16,19,23
1,2,4,5,7,8,9,12,14,16,18,19,22,23>22,7,2,8,12,16,19,23
1,2,4,5,7,8,9,12,14,16,18,19,22,23>7,14,18,2,8,12,16,19,23
1,2,4,5,7,8,9,12,14,16,18,19,22,23>1,4,7,14,2,8,12,16,19,23
1,2,4,5,7,8,9,12,14,16,18,19,22,23>1,4,5,7,18,2,8,12,16,19,23
1,2,4,5,7,8,9,12,14,16,18,19,22,23>22,5,9,18,2,8,12,16,19,23
1,2,4,5,7,8,9,12,14,16,18,19,22,23>1,5,9,14,22,2,8,12,16,19,23
1,2,4,5,7,8,9,12,14,16,18,19,22,23>1,4,5,9,22,2,8,12,16,19,23
1,2,4,5,7,8,9,12,14,16,18,19,22,23>7,9,14,2,8,12,16,19,23
1,3,4,5,6,7,8,9,12,13,15,19,23>19,9,13,8,4,12,7
1,3,4,5,6,7,8,9,12,13,15,19,23>14,23,9,13,8,4,12,7
1,3,4,5,6,7,8,9,12,13,15,19,23>2,13,14,15,16,8,4,12,7
1,3,4,5,6,7,8,9,12,13,15,19,23>9,14,15,16,19,23,8,4,12,7
1,3,4,5,6,7,8,9,12,13,15,19,23>14,1,19,9,8,4,12,7
1,3,4,5,6,7,8,9,12,13,15,19,23>2,3,13,15,16,19,8,4,12,7
1,3,4,5,6,7,8,9,12,13,15,19,23>1,2,3,13,14,16,23,8,4,12,7
1,3,4,5,6,7,8,9,12,13,15,19,23>2,3,15,16,19,23,8,4,12,7
1,3,4,5,6,7,8,9,12,13,15,19,23>14,5,23,8,4,12,7
1,3,4,5,6,7,8,9,12,13,15,19,23>1,6,9,15,16,23,8,4,12,7
1,6,9,14,16,18,21,23>1,2,9,12,18,19,22
1,6,9,14,16,18,21,23>6,9,10,14,19
1,6,9,14,16,18,21,23>1,2,6,19,21,22,23
1,6,9,14,16,18,21,23>7,14,16,19,23
1,6,9,14,16,18,21,23>1,2,7,14,15,21,22,23
1,6,9,14,16,18,21,23>1,6,7,10,14,18,19,22,23
1,6,9,14,16,18,21,23>8,9,12,14,19,21
1,6,9,14,16,18,21,23>8,9,12,15,21,22
1,6,9,14,16,18,21,23>2,8,9,12,14,15,18,19
1,6,9,14,16,18,21,23>1,2,6,7,8,9,18,21,22,23
1,2,5,7,8,9,10,11,13,17,19,21,22>1,17,20,21,23,2,11,13,22
1,2,5,7,8,9,10,11,13,17,19,21,22>5,8,14,17,21,2,11,13,22
1,2,5,7,8,9,10,11,13,17,19,21,22>7,8,10,17,20,23,2,11,13,22
1,2,5,7,8,9,10,11,13,17,19,21,22>1,5,7,8,14,21,2,11,13,22
1,2,5,7,8,9,10,11,13,17,19,21,22>1,7,8,9,14,17,19,20,23,2,11,13,22
1,2,5,7,8,9,10,11,13,17,19,21,22>1,5,9,10,17,20,2,11,13,22
1,2,5,7,8,9,10,11,13,17,19,21,22>1,5,9,14,17,19,20,2,11,13,22
1,2,5,7,8,9,10,11,13,17,19,21,22>5,7,9,10,17,20,21,23,2,11,13,22
1,2,5,7,8,9,10,11,13,17,19,21,22>5,8,9,10,17,20,21,23,2,11,13,22
1,2,5,7,8,9,10,11,13,17,19,21,22>1,7,8,9,10,14,17,19,21,23,2,11,13,22
1,2,3,4,8,13,14,15,18,22>22,1,23,19,2,4,13,14
1,2,3,4,8,13,14,15,18,22>22,3,18,19,2,4,13,14
1,2,3,4,8,13,14,15,18,22>1,3,18,2,4,13,14
1,2,3,4,8,13,14,15,18,22>22,23,8,19,2,4,13,14
1,2,3,4,8,13,14,15,18,22>22,1,18,23,2,4,13,14
1,2,3,4,8,13,14,15,18,22>1,8,23,2,4,13,14
1,2,3,4,8,13,14,15,18,22>23,15,18,2,4,13,14
1,2,3,4,8,13,14,15,18,22>1,3,15,19,2,4,13,14
1,2,3,4,8,13,14,15,18,22>3,16,18,22,23,2,4,13,14
1,2,3,4,8,13,14,15,18,22>22,1,8,16,2,4,13,14
1,2,3,8,15,16,22>23,1,15,8,16,2
1,2,3,8,15,16,22>23,3,22,8,16,2
1,2,3,8,15,16,22>1,22,8,16,2
1,2,3,8,15,16,22>23,4,22,8,16,2
1,2,3,8,15,16,22>12,15,22,8,16,2
1,2,3,8,15,16,22>3,12,22,8,16,2
1,2,3,8,15,16,22>23,4,12,15,8,16,2
1,2,3,8,15,16,22>4,13,15,22,8,16,2
1,2,3,8,15,16,22>1,4,13,15,8,16,2
1,2,3,8,15,16,22>3,4,13,15,8,16,2
1,2,5,11,15,18,19,20,21>1,22,16,17,2,19,20,21
1,2,5,11,15,18,19,20,21>1,5,11,17,2,19,20,21
1,2,5,11,15,18,19,20,21>18,5,13,17,2,19,20,21
1,2,5,11,15,18,19,20,21>18,1,5,13,2,19,20,21
1,2,5,11,15,18,19,20,21>18,11,13,17,2,19,20,21
1,2,5,11,15,18,19,20,21>1,11,13,22,2,19,20,21
1,2,5,11,15,18,19,20,21>11,15,16,17,18,2,19,20,21
1,2,5,11,15,18,19,20,21>1,11,15,22,2,19,20,21
1,2,5,11,15,18,19,20,21>5,11,15,17,18,22,2,19,20,21
1,2,5,11,15,18,19,20,21>13,15,16,17,18,2,19,20,21
2,3,7,8,9,10,11,12,15,16,17,19,20,21>2,10,15,17,19,20,8,16,21
2,3,7,8,9,10,11,12,15,16,17,19,20,21>3,4,10,12,13,15,17,19,20,8,16,21
2,3,7,8,9,10,11,12,15,16,17,19,20,21>2,3,4,10,11,12,13,15,8,16,21
2,3,7,8,9,10,11,12,15,16,17,19,20,21>2,3,7,12,19,20,22,8,16,21
2,3,7,8,9,10,11,12,15,16,17,19,20,21>2,4,7,12,17,19,8,16,21
2,3,7,8,9,10,11,12,15,16,17,19,20,21>2,4,7,10,12,13,15,17,22,8,16,21
2,3,7,8,9,10,11,12,15,16,17,19,20,21>2,9,11,12,13,15,17,19,20,8,16,21
2,3,7,8,9,10,11,12,15,16,17,19,20,21>7,9,10,15,20,8,16,21
2,3,7,8,9,10,11,12,15,16,17,19,20,21>2,7,9,10,11,12,13,15,8,16,21
2,3,7,8,9,10,11,12,15,16,17,19,20,21>3,4,7,9,11,13,17,20,22,8,16,21
1,3,5,6,7,8,9,11,14,15,17,19,21,23>1,8,11,14,19,20,22,7
1,3,5,6,7,8,9,11,14,15,17,19,21,23>1,2,3,6,8,14,16,19,20,22,23,7
1,3,5,6,7,8,9,11,14,15,17,19,21,23>4,6,11,20,22,23,7
1,3,5,6,7,8,9,11,14,15,17,19,21,23>1,4,11,15,16,19,21,22,7
1,3,5,6,7,8,9,11,14,15,17,19,21,23>2,4,6,15,16,19,20,21,7
1,3,5,6,7,8,9,11,14,15,17,19,21,23>1,2,3,4,6,9,11,14,22,23,7
1,3,5,6,7,8,9,11,14,15,17,19,21,23>1,2,5,6,8,9,11,14,15,16,19,20,7
1,3,5,6,7,8,9,11,14,15,17,19,21,23>1,2,3,5,8,9,11,15,16,19,21,7
1,3,5,6,7,8,9,11,14,15,17,19,21,23>3,4,5,6,8,14,16,17,20,22,23,7
1,3,5,6,7,8,9,11,14,15,17,19,21,23>1,3,4,5,6,15,16,17,21,7
1,2,3,5,9,10,12,14,17,20,21>8,9,12,13,14,20,22,17,2,10,21
1,2,3,5,9,10,12,14,17,20,21>15,1,4,8,17,2,10,21
1,2,3,5,9,10,12,14,17,20,21>1,4,8,9,13,17,2,10,21
1,2,3,5,9,10,12,14,17,20,21>1,3,4,12,14,20,17,2,10,21
1,2,3,5,9,10,12,14,17,20,21>3,5,6,8,9,12,20,22,17,2,10,21
1,2,3,5,9,10,12,14,17,20,21>1,3,4,5,9,13,15,17,2,10,21
1,2,3,5,9,10,12,14,17,20,21>6,12,15,20,22,17,2,10,21
1,2,3,5,9,10,12,14,17,20,21>1,3,4,5,8,12,14,18,17,2,10,21
1,2,3,5,9,10,12,14,17,20,21>4,6,8,12,14,18,17,2,10,21
1,2,3,5,9,10,12,14,17,20,21>3,5,6,8,12,13,14,15,18,17,2,10,21
3,7,8,9,10,11,13,14,16,17,18,22>18,3,23,19,8,10,11,13,14
3,7,8,9,10,11,13,14,16,17,18,22>18,4,16,17,8,10,11,13,14
3,7,8,9,10,11,13,14,16,17,18,22>4,7,9,17,18,22,8,10,11,13,14
3,7,8,9,10,11,13,14,16,17,18,22>3,4,12,16,18,23,8,10,11,13,14
3,7,8,9,10,11,13,14,16,17,18,22>3,4,12,17,18,19,22,8,10,11,13,14
3,7,8,9,10,11,13,14,16,17,18,22>4,7,12,16,17,19,22,8,10,11,13,14
3,7,8,9,10,11,13,14,16,17,18,22>3,4,7,12,16,17,22,8,10,11,13,14
3,7,8,9,10,11,13,14,16,17,18,22>9,12,18,19,22,23,8,10,11,13,14
3,7,8,9,10,11,13,14,16,17,18,22>18,7,9,12,8,10,11,13,14
3,7,8,9,10,11,13,14,16,17,18,22>3,7,9,12,19,8,10,11,13,14
1,2,6,9,11,14,16,17,18,20,21>16,14,15,7,2,18,20,21
1,2,6,9,11,14,16,17,18,20,21>1,7,10,13,15,22,2,18,20,21
1,2,6,9,11,14,16,17,18,20,21>7,11,13,14,19,2,18,20,21
1,2,6,9,11,14,16,17,18,20,21>1,6,7,9,11,13,15,19,2,18,20,21
1,2,6,9,11,14,16,17,18,20,21>1,7,8,14,17,22,2,18,20,21
1,2,6,9,11,14,16,17,18,20,21>7,9,10,14,17,22,2,18,20,21
1,2,6,9,11,14,16,17,18,20,21>6,7,9,10,11,13,15,16,22,2,18,20,21
1,2,6,9,11,14,16,17,18,20,21>1,6,7,9,10,14,16,19,22,2,18,20,21
1,2,6,9,11,14,16,17,18,20,21>1,8,9,16,17,22,2,18,20,21
1,2,6,9,11,14,16,17,18,20,21>6,8,9,10,11,16,17,19,22,2,18,20,21
1,2,3,4,5,8,10,13,14,15,16,17,18,20,22>19,21,23,15,2,4,8,13,14,16,20
1,2,3,4,5,8,10,13,14,15,16,17,18,20,22>3,15,17,22,23,2,4,8,13,14,16,20
1,2,3,4,5,8,10,13,14,15,16,17,18,20,22>1,3,6,17,18,21,22,23,2,4,8,13,14,16,20
1,2,3,4,5,8,10,13,14,15,16,17,18,20,22>1,3,5,6,15,17,18,19,2,4,8,13,14,16,20
1,2,3,4,5,8,10,13,14,15,16,17,18,20,22>3,10,15,18,19,22,2,4,8,13,14,16,20
1,2,3,4,5,8,10,13,14,15,16,17,18,20,22>1,5,10,15,17,21,23,2,4,8,13,14,16,20
1,2,3,4,5,8,10,13,14,15,16,17,18,20,22>1,3,5,10,17,18,21,2,4,8,13,14,16,20
1,2,3,4,5,8,10,13,14,15,16,17,18,20,22>1,6,10,15,17,18,19,2,4,8,13,14,16,20
1,2,3,4,5,8,10,13,14,15,16,17,18,20,22>1,5,6,10,18,21,2,4,8,13,14,16,20
1,2,3,4,5,8,10,13,14,15,16,17,18,20,22>1,3,5,6,10,17,21,2,4,8,13,14,16,20
1,3,5,10,13,14,17,18>1,3,11,13,15,18,14
1,3,5,10,13,14,17,18>4,6,10,11,15,17,18,14
1,3,5,10,13,14,17,18>4,6,11,13,15,17,19,18,14
1,3,5,10,13,14,17,18>1,4,6,10,11,15,19,18,14
1,3,5,10,13,14,17,18>1,3,4,11,17,18,14
1,3,5,10,13,14,17,18>2,3,4,13,15,19,18,14
1,3,5,10,13,14,17,18>1,2,3,4,6,17,18,14
1,3,5,10,13,14,17,18>1,2,5,11,13,17,19,18,14
1,3,5,10,13,14,17,18>2,4,5,10,11,17,18,14
1,3,5,10,13,14,17,18>3,4,5,10,13,18,14
1,3,5,6,7,8,11,12,13,15,20,23>16,20,21,23,8,6,7
1,3,5,6,7,8,11,12,13,15,20,23>2,12,14,15,20,21,23,8,6,7
1,3,5,6,7,8,11,12,13,15,20,23>1,2,4,12,15,21,23,8,6,7
1,3,5,6,7,8,11,12,13,15,20,23>1,3,4,13,17,20,8,6,7
1,3,5,6,7,8,11,12,13,15,20,23>1,2,3,4,15,21,23,8,6,7
1,3,5,6,7,8,11,12,13,15,20,23>1,2,3,4,11,14,15,17,23,8,6,7
1,3,5,6,7,8,11,12,13,15,20,23>2,5,13,14,16,17,20,23,8,6,7
1,3,5,6,7,8,11,12,13,15,20,23>3,5,12,13,14,15,16,17,8,6,7
1,3,5,6,7,8,11,12,13,15,20,23>1,3,5,12,13,15,20,21,23,8,6,7
1,3,5,6,7,8,11,12,13,15,20,23>3,4,5,11,12,13,14,16,8,6,7
1,2,5,6,7,11,13,17,19,20,22,23>1,22,21,18,2,7,17,20,23
1,2,5,6,7,11,13,17,19,20,22,23>5,6,14,18,19,21,2,7,17,20,23
1,2,5,6,7,11,13,17,19,20,22,23>1,5,6,14,22,2,7,17,20,23
1,2,5,6,7,11,13,17,19,20,22,23>19,11,2,7,17,20,23
1,2,5,6,7,11,13,17,19,20,22,23>1,6,11,14,22,2,7,17,20,23
1,2,5,6,7,11,13,17,19,20,22,23>19,1,6,13,2,7,17,20,23
1,2,5,6,7,11,13,17,19,20,22,23>1,5,6,13,18,21,2,7,17,20,23
1,2,5,6,7,11,13,17,19,20,22,23>1,11,13,18,22,2,7,17,20,23
1,2,5,6,7,11,13,17,19,20,22,23>5,6,11,13,18,2,7,17,20,23
1,2,5,6,7,11,13,17,19,20,22,23>1,5,6,11,13,21,22,2,7,17,20,23
2,3,5,6,9,14,16,17>3,8,9,10,12,13,14,16,17,18,6
2,3,5,6,9,14,16,17>2,3,10,12,13,16,17,6
2,3,5,6,9,14,16,17>2,3,9,10,13,16,6
2,3,5,6,9,14,16,17>3,4,8,10,12,13,14,15,17,18,6
2,3,5,6,9,14,16,17>3,5,9,10,13,15,16,6
2,3,5,6,9,14,16,17>3,7,9,10,14,15,16,17,18,6
2,3,5,6,9,14,16,17>3,7,8,10,13,6
2,3,5,6,9,14,16,17>4,7,8,12,13,15,17,6
2,3,5,6,9,14,16,17>2,4,7,9,10,12,17,18,6
2,3,5,6,9,14,16,17>2,3,4,5,7,10,13,14,15,6
2,3,4,12,13,15,17,23>17,18,8,15,4,12
2,3,4,12,13,15,17,23>3,8,13,15,16,18,23,4,12
2,3,4,12,13,15,17,23>2,3,8,13,15,17,4,12
2,3,4,12,13,15,17,23>2,3,8,13,18,4,12
2,3,4,12,13,15,17,23>2,3,8,14,16,17,4,12
2,3,4,12,13,15,17,23>13,14,16,17,18,23,4,12
2,3,4,12,13,15,17,23>2,13,14,16,18,23,4,12
2,3,4,12,13,15,17,23>2,13,14,17,18,23,4,12
2,3,4,12,13,15,17,23>3,8,13,14,16,18,23,4,12
2,3,4,12,13,15,17,23>2,3,8,13,14,17,4,12
2,4,5,6,10,11,14,15,16,17,19,21,22>2,4,10,12,13,18,19,20,23,16,11,22,15
2,4,5,6,10,11,14,15,16,17,19,21,22>5,8,10,12,13,14,17,18,20,16,11,22,15
2,4,5,6,10,11,14,15,16,17,19,21,22>5,8,10,12,13,17,19,20,21,16,11,22,15
2,4,5,6,10,11,14,15,16,17,19,21,22>2,4,5,10,13,14,17,19,21,23,16,11,22,15
2,4,5,6,10,11,14,15,16,17,19,21,22>6,8,12,17,18,20,16,11,22,15
2,4,5,6,10,11,14,15,16,17,19,21,22>4,6,12,13,19,21,23,16,11,22,15
2,4,5,6,10,11,14,15,16,17,19,21,22>4,7,10,12,17,16,11,22,15
2,4,5,6,10,11,14,15,16,17,19,21,22>2,4,5,6,7,10,13,14,17,19,20,16,11,22,15
2,4,5,6,10,11,14,15,16,17,19,21,22>5,6,7,10,13,17,18,19,21,23,16,11,22,15
2,4,5,6,10,11,14,15,16,17,19,21,22>2,4,5,6,7,8,14,18,20,16,11,22,15
2,4,5,9,12,17,19,20>2,12,18,19,20,17
2,4,5,9,12,17,19,20>2,5,13,16,19,20,21,17
2,4,5,9,12,17,19,20>2,5,12,16,20,21,17
2,4,5,9,12,17,19,20>4,8,9,13,20,17
2,4,5,9,12,17,19,20>4,5,12,13,18,19,20,17
2,4,5,9,12,17,19,20>2,4,8,16,19,17
2,4,5,9,12,17,19,20>9,13,16,18,21,17
2,4,5,9,12,17,19,20>9,12,13,18,20,17
2,4,5,9,12,17,19,20>8,9,12,13,16,21,17
2,4,5,9,12,17,19,20>4,8,9,12,16,20,21,17
1,2,3,9,10,11,15,21,23>1,3,16,21,22,23,11,2,10
1,2,3,9,10,11,15,21,23>22,4,16,21,11,2,10
1,2,3,9,10,11,15,21,23>1,3,4,16,23,11,2,10
1,2,3,9,10,11,15,21,23>1,3,4,9,22,23,11,2,10
1,2,3,9,10,11,15,21,23>22,15,16,21,11,2,10
1,2,3,9,10,11,15,21,23>23,3,15,11,2,10
1,2,3,9,10,11,15,21,23>22,1,3,15,11,2,10
1,2,3,9,10,11,15,21,23>1,9,15,16,22,11,2,10
1,2,3,9,10,11,15,21,23>3,9,15,16,21,11,2,10
1,2,3,9,10,11,15,21,23>1,3,4,9,15,21,11,2,10
6,7,9,17,19,20,21,22>9,13,23,7,17,20,21,22
6,7,9,17,19,20,21,22>9,18,23,7,17,20,21,22
6,7,9,17,19,20,21,22>6,13,18,7,17,20,21,22
6,7,9,17,19,20,21,22>9,13,18,7,17,20,21,22
6,7,9,17,19,20,21,22>9,19,23,7,17,20,21,22
6,7,9,17,19,20,21,22>6,13,19,7,17,20,21,22
6,7,9,17,19,20,21,22>9,13,19,7,17,20,21,22
6,7,9,17,19,20,21,22>18,19,23,7,17,20,21,22
6,7,9,17,19,20,21,22>9,18,19,7,17,20,21,22
6,7,9,17,19,20,21,22>13,18,19,7,17,20,21,22
1,3,4,8,9,11,13,14,16,17,18,20,21>1,3,17,18,22,4,8,13,14,16,20,21
1,3,4,8,9,11,13,14,16,17,18,20,21>19,22,3,9,4,8,13,14,16,20,21
1,3,4,8,9,11,13,14,16,17,18,20,21>1,2,3,9,11,17,18,19,4,8,13,14,16,20,21
1,3,4,8,9,11,13,14,16,17,18,20,21>18,10,17,4,8,13,14,16,20,21
1,3,4,8,9,11,13,14,16,17,18,20,21>1,2,3,9,18,22,4,8,13,14,16,20,21
1,3,4,8,9,11,13,14,16,17,18,20,21>1,2,10,17,19,4,8,13,14,16,20,21
1,3,4,8,9,11,13,14,16,17,18,20,21>1,3,10,11,18,4,8,13,14,16,20,21
1,3,4,8,9,11,13,14,16,17,18,20,21>1,9,10,11,17,22,4,8,13,14,16,20,21
1,3,4,8,9,11,13,14,16,17,18,20,21>2,9,10,11,19,22,4,8,13,14,16,20,21
1,3,4,8,9,11,13,14,16,17,18,20,21>2,3,9,10,22,4,8,13,14,16,20,21
1,2,4,5,6,8,9,10,12,13,15,16,17,18,19,20,23>1,4,9,10,12,13,14,18,20,21,23,8,16,2,19
1,2,4,5,6,8,9,10,12,13,15,16,17,18,19,20,23>5,10,12,14,15,17,20,23,8,16,2,19
1,2,4,5,6,8,9,10,12,13,15,16,17,18,19,20,23>4,5,10,14,17,23,8,16,2,19
1,2,4,5,6,8,9,10,12,13,15,16,17,18,19,20,23>1,4,5,13,14,15,20,21,8,16,2,19
1,2,4,5,6,8,9,10,12,13,15,16,17,18,19,20,23>6,7,14,17,18,21,23,8,16,2,19
1,2,4,5,6,8,9,10,12,13,15,16,17,18,19,20,23>1,4,6,14,15,18,8,16,2,19
1,2,4,5,6,8,9,10,12,13,15,16,17,18,19,20,23>4,7,10,12,14,17,18,20,23,8,16,2,19
1,2,4,5,6,8,9,10,12,13,15,16,17,18,19,20,23>1,4,5,7,9,12,14,20,21,8,16,2,19
1,2,4,5,6,8,9,10,12,13,15,16,17,18,19,20,23>6,7,10,12,13,15,17,21,8,16,2,19
1,2,4,5,6,8,9,10,12,13,15,16,17,18,19,20,23>5,6,7,9,10,20,23,8,16,2,19
