TCR,NFAT,IFN-\beta,IFN-\betaR,IL-18,IL-18R,IRAK,SOCS1,IL-12,IL-12R,STAT4,T-bet,IFN-\gamma,IFN-\gammaR,JAK1,STAT1,IL-4,IL-4R,STAT6,GATA3,IL-10,IL-10R,STAT3
2,3,4,7,8,9,10,12,13,14,17,18,20,22,23>3,7,12,13,18,19,20,4,8,10,14,17,23
2,3,4,7,8,9,10,12,13,14,17,18,20,22,23>2,3,7,9,20,21,22,4,8,10,14,17,23
3,5,6,8,9,12,15,17,18,19,20,21,22,23>16,18,9,8,17,19,21,22,23
3,5,6,8,9,12,15,17,18,19,20,21,22,23>4,5,6,7,12,15,18,20,8,17,19,21,22,23
5,6,9,11,14,16,20,21>5,9,10,11,16,20,21,6
5,6,9,11,14,16,20,21>7,8,13,14,15,22,20,21,6
1,4,6,8,9,10,11,12,14,15,16,18,20,22>1,7,12,13,18,19,21,23,8,16,10
1,4,6,8,9,10,11,12,14,15,16,18,20,22>1,2,6,9,11,12,15,20,23,8,16,10
3,6,9,11,12,13,14,15,17,18,20,21,22>3,7,8,12,16,19,13,14,15,17,18,21,22
3,6,9,11,12,13,14,15,17,18,20,21,22>6,7,11,12,20,13,14,15,17,18,21,22
1,3,4,5,7,9,12,13,14,15,17,19,20,23>5,8,9,13,16,18,21,23,17,4,14,15
1,3,4,5,7,9,12,13,14,15,17,19,20,23>7,8,9,16,18,17,4,14,15
1,2,3,7,8,10,11,14,15,16,18,20,21,22>14,18,19,7,2,8,16,20,21,22
1,2,3,7,8,10,11,14,15,16,18,20,21,22>1,3,10,18,19,2,8,16,20,21,22
2,3,5,7,9,11,12,18,21,22,23>4,7,9,18,21,12,22,23
2,3,5,7,9,11,12,18,21,22,23>3,4,5,6,7,10,18,19,21,12,22,23
2,3,4,6,10,12,14,17,20,21,22>2,8,10,12,13,15,20,23,17,4,21,22
2,3,4,6,10,12,14,17,20,21,22>13,3,6,23,17,4,21,22
1,3,5,8,10,11,12,13,17,19,22>1,4,5,17,19,23,8,11,12,13
1,3,5,8,10,11,12,13,17,19,22>3,4,5,17,19,22,8,11,12,13
1,5,8,13,16,20,22>22,23,6,16,8,20
1,5,8,13,16,20,22>1,2,5,14,21,22,8,20
2,3,6,7,8,10,14,15,16,17,18,19,20,22>15,3,21,14,7,8,16,19,20
2,3,6,7,8,10,14,15,16,17,18,19,20,22>3,4,10,13,14,22,23,7,8,16,19,20
1,2,4,6,7,12,13,19,21,22>21,1,8,16,2,7,12,13,22
1,2,4,6,7,12,13,19,21,22>1,6,8,14,16,19,23,2,7,12,13,22
3,4,5,7,10,14,18>6,7,11,13,15,19,4
3,4,5,7,10,14,18>15,16,6,13,4
2,3,7,8,13,14,15,17,19,21,22,23>3,8,13,16,19,23,14,22
2,3,7,8,13,14,15,17,19,21,22,23>3,7,23,14,22
2,6,8,9,12,13,14,17,18,21,22,23>2,6,9,18,19,8,12,14,22,23
2,6,8,9,12,13,14,17,18,21,22,23>2,7,13,17,8,12,14,22,23
2,4,5,8,9,10,11,13,14,15,16,17,20,21>5,9,11,17,22,8,10,13,14,16,20,21
2,4,5,8,9,10,11,13,14,15,16,17,20,21>2,4,5,6,11,15,17,22,8,10,13,14,16,20,21
1,2,3,8,9,10,12,13,17,18,20,21,22>1,9,14,18,19,2,8,10,13,17,21,22
1,2,3,8,9,10,12,13,17,18,20,21,22>19,23,3,4,2,8,10,13,17,21,22
1,3,4,6,7,9,14,15,21>2,13,4,15,7
1,3,4,6,7,9,14,15,21>3,6,9,16,21,4,15,7
1,2,3,4,6,8,9,10,12,13,15,22,23>14,15,9,11,2,4,8,10,12,23
1,2,3,4,6,8,9,10,12,13,15,22,23>22,7,13,2,4,8,10,12,23
1,2,3,6,7,9,10,11,13,15,16,17,18,21,22,23>1,3,4,9,12,14,19,21,2,7,10,11,16,18,22,23
1,2,3,6,7,9,10,11,13,15,16,17,18,21,22,23>1,3,4,12,14,15,19,21,2,7,10,11,16,18,22,23
1,2,5,6,9,10,13,14,16,18,20,22>18,19,21,8,2,6,10,13,14,20
1,2,5,6,9,10,13,14,16,18,20,22>1,7,9,15,16,18,21,22,23,2,6,10,13,14,20
1,4,5,10,11,13,14,16,17,20,21,22>15,2,23,6,13,14,16,20,21,22
1,4,5,10,11,13,14,16,17,20,21,22>15,4,13,14,16,20,21,22
1,2,6,7,8,9,10,11,12,13,15,19,20,21,23>1,10,13,15,16,22,23,8,2,21,7
1,2,6,7,8,9,10,11,12,13,15,19,20,21,23>6,13,14,15,19,22,23,8,2,21,7
2,3,4,6,11,12,14,16,17,19,21,22>2,7,13,14,18,19,21,23,16,4,12,22
2,3,4,6,11,12,14,16,17,19,21,22>2,7,8,17,18,21,23,16,4,12,22
1,2,5,6,10,12,14,15,17,18,19,23>5,2,12,15,18,19
1,2,5,6,10,12,14,15,17,18,19,23>17,6,7,2,12,15,18,19
1,2,3,4,6,9,10,12,13,15,18,22,23>13,15,2,4,10,12,23
1,2,3,4,6,9,10,12,13,15,18,22,23>1,3,8,13,16,19,22,2,4,10,12,23
5,6,9,11,14,15,19,20,21,23>7,9,17,22,23,20,21,15
5,6,9,11,14,15,19,20,21,23>5,6,7,9,11,14,16,19,22,23,20,21,15
1,3,4,10,11,12,15,20,23>10,11,12,20,21,23,4
1,3,4,10,11,12,15,20,23>1,2,20,10,4
1,2,4,6,9,10,11,14,15,17,20,21>14,1,4,22,2,10,15,17,20,21
1,2,4,6,9,10,11,14,15,17,20,21>1,4,6,7,9,11,13,14,16,2,10,15,17,20,21
1,3,5,12,14,15,16,17,18,20,23>2,5,8,17,23,16,18,15
1,3,5,12,14,15,16,17,18,20,23>1,2,5,6,8,20,21,16,18,15
1,2,4,5,7,8,9,10,11,15,16,17,18,19,23>18,12,2,8,11,16,19
1,2,4,5,7,8,9,10,11,15,16,17,18,19,23>1,4,7,9,10,2,8,11,16,19
2,3,4,7,10,11,12,14,17,18,20,21,23>11,14,15,16,19,20,22,23,17,18,4,21
2,3,4,7,10,11,12,14,17,18,20,21,23>2,7,11,12,19,20,22,17,18,4,21
3,5,6,7,8,9,10,11,13,14,15,17,18,20,21,22>3,4,8,16,18,23,6,7,10,13,14,17,20,21,22
3,5,6,7,8,9,10,11,13,14,15,17,18,20,21,22>3,4,5,9,15,6,7,10,13,14,17,20,21,22
1,2,3,4,8,9,10,13,17,18,19,20,21,23>1,18,14,2,4,17,19,20,21
1,2,3,4,8,9,10,13,17,18,19,20,21,23>22,18,3,8,2,4,17,19,20,21
1,2,7,9,10,11,12,13,14,15,16,18,20,21>8,11,18,20,22,2,10,13,14,15,16,21
1,2,7,9,10,11,12,13,14,15,16,18,20,21>1,7,8,11,12,2,10,13,14,15,16,21
1,4,5,7,9,10,16,17,20,21,22>13,18,7,10,16,20,21,22
1,4,5,7,9,10,16,17,20,21,22>1,2,4,5,6,8,13,18,23,10,16,20,21,22
3,5,7,8,9,11,13,14,16,18,20,21,23>4,7,9,10,13,19,22,8,20,21,14
3,5,7,8,9,11,13,14,16,18,20,21,23>3,5,6,7,10,13,23,8,20,21,14
4,5,7,11,14,16,17,19,20>4,7,8,14,18,21,16,20
4,5,7,11,14,16,17,19,20>4,5,7,8,11,14,16,20
1,3,5,6,8,10,13,14,15,16,17,21,22>11,1,15,21,6,8,14,16,22
1,3,5,6,8,10,13,14,15,16,17,21,22>3,4,10,11,21,6,8,14,16,22
6,7,10,11,17,19,23>18,23,11,7
6,7,10,11,17,19,23>6,10,18,19,11,7
4,8,10,11,13,14,16,18,19,22,23>13,22,8,11,14,16,19,23
4,8,10,11,13,14,16,18,19,22,23>4,13,18,20,8,11,14,16,19,23
1,2,9,14,17,18,19,23>14,15,20,23,19,2,18
1,2,9,14,17,18,19,23>1,14,15,23,19,2,18
2,4,6,12,13,15,22>7,15,16,22,23,12,13
2,4,6,12,13,15,22>2,7,14,15,16,22,12,13
1,5,6,7,10,12,14,15,16,17,18,19,21,22,23>1,8,10,11,14,17,7,12,15,16,18,19,22,23
1,5,6,7,10,12,14,15,16,17,18,19,21,22,23>2,5,6,10,14,17,21,7,12,15,16,18,19,22,23
1,3,8,9,10,11,13,15,18,19,22>1,15,16,18,20,23,19,11,13
1,3,8,9,10,11,13,15,18,19,22>2,3,9,10,16,18,20,19,11,13
1,2,4,7,8,10,12,16,18,19>4,10,11,18,2,8,12,16,19
1,2,4,7,8,10,12,16,18,19>1,7,11,13,18,2,8,12,16,19
2,9,13,14,15,19,20,22,23>2,17,21,20,23,14,15
2,9,13,14,15,19,20,22,23>9,13,16,21,20,23,14,15
3,4,6,7,8,11,12,13,14,16,18,19,20,21,22>3,6,12,20,4,7,8,13,14,16,19,21,22
3,4,6,7,8,11,12,13,14,16,18,19,20,21,22>3,6,18,23,4,7,8,13,14,16,19,21,22
2,3,5,7,9,12,13,20,22>3,8,10,17,22,23,13
2,3,5,7,9,12,13,20,22>4,7,8,20,21,22,13
1,3,5,7,8,10,11,20,21,22,23>2,4,5,7,8,10,11,20,21,22,23
1,3,5,7,8,10,11,20,21,22,23>2,3,4,5,7,10,17,20,21,22,23
3,4,5,6,11,14,16,17,19,20>7,11,15,19,21,16,4,20
3,4,5,6,11,14,16,17,19,20>5,6,14,15,19,21,16,4,20
2,3,5,6,7,8,11,12,13,14,16,17,19,20>20,4,5,8,13,14,7
2,3,5,6,7,8,11,12,13,14,16,17,19,20>3,4,6,12,16,8,13,14,7
1,3,15,16,17,20,21,22,23>1,2,4,15,17,18,16,20,21,22,23
1,3,15,16,17,20,21,22,23>1,2,3,16,20,21,22,23
1,3,5,6,7,8,9,12,14,16,17,18,19,23>4,6,17,18,23,8,19,12,7
1,3,5,6,7,8,9,12,14,16,17,18,19,23>1,3,6,9,16,18,23,8,19,12,7
1,2,4,5,8,9,10,11,15,16,18,19,23>1,4,9,12,18,2,8,11,16,19
1,2,4,5,8,9,10,11,15,16,18,19,23>4,5,9,10,12,18,20,2,8,11,16,19
1,5,7,10,13,14,15,16,17,19,21>5,7,8,12,18,19,22,16,13,14,15
1,5,7,10,13,14,15,16,17,19,21>5,8,10,18,22,16,13,14,15
1,3,4,6,9,10,13,14,15,16,17,18,21,22,23>2,6,7,8,11,12,19,21,4,10,14,15,16,18,22,23
1,3,4,6,9,10,13,14,15,16,17,18,21,22,23>3,6,8,9,11,12,13,17,19,21,4,10,14,15,16,18,22,23
2,3,6,8,9,11,13,14,16,18,20,21,22>3,6,9,11,19,23,8,13,14,20,21,22
2,3,6,8,9,11,13,14,16,18,20,21,22>3,4,7,10,11,16,19,23,8,13,14,20,21,22
1,4,6,7,15,18,19,20,21,23>2,6,15,16,18,23,19,20,21,7
1,4,6,7,15,18,19,20,21,23>2,4,6,16,18,22,23,19,20,21,7
1,5,7,8,9,10,13,14,16,17,21>5,6,9,12,16,17,8,10,13,14
1,5,7,8,9,10,13,14,16,17,21>16,5,22,11,8,10,13,14
1,3,4,6,8,9,10,11,16,18,19>6,7,12,13,18,20,4,8,11,16,19
1,3,4,6,8,9,10,11,16,18,19>1,2,3,6,9,12,13,4,8,11,16,19
2,7,12,15,16,17,19,20,23>2,8,19,20,21,23,16
2,7,12,15,16,17,19,20,23>2,7,8,12,17,18,19,20,16
4,6,9,17,19,23>4,6,9,19,20,23
4,6,9,17,19,23>7,9,16,18,20
2,4,8,10,11,12,14,15,18,20,22>4,14,15,16,17,18,20,22,8
2,4,8,10,11,12,14,15,18,20,22>2,10,15,16,17,19,20,22,8
2,3,5,6,8,9,11,14,15,17,21>2,3,5,8,9,11,6
2,3,5,6,8,9,11,14,15,17,21>2,4,5,7,9,11,15,16,17,22,6
3,5,7,8,9,10,15,17,20,23>21,6,17,10,20
3,5,7,8,9,10,15,17,20,23>3,4,8,15,21,17,10,20
1,2,3,4,5,7,9,15,16,20,21,23>1,3,7,9,22,2,4,16,20,21
1,2,3,4,5,7,9,15,16,20,21,23>15,22,5,9,2,4,16,20,21
1,4,6,10,11,12,14,18,19,20>1,4,6,7,13,14,15,17,21,19
1,4,6,10,11,12,14,18,19,20>1,2,4,6,7,10,11,15,16,20,21,19
1,2,3,4,5,6,7,8,9,10,13,15,17,18,22>11,14,15,16,18,23,2,4,6,7,10,13
1,2,3,4,5,6,7,8,9,10,13,15,17,18,22>3,8,9,14,15,16,18,19,22,2,4,6,7,10,13
2,3,4,5,7,8,13,15,19,20,23>14,15,16,19,21,23,4,20
2,3,4,5,7,8,13,15,19,20,23>3,5,7,13,15,21,4,20
2,4,5,6,7,8,9,11,12,13,14,18,19,21,22,23>16,18,7,8,12,14,19,22,23
2,4,5,6,7,8,9,11,12,13,14,18,19,21,22,23>2,5,6,9,7,8,12,14,19,22,23
7,8,9,10,16,17,18,19,20,23>7,9,16,21,23,8,19,20
7,8,9,10,16,17,18,19,20,23>7,10,8,19,20
2,4,5,6,7,12,13,15,19,20,21,22,23>2,5,6,8,13,14,16,20,23,21,22,7
2,4,5,6,7,12,13,15,19,20,21,22,23>2,5,8,13,14,15,17,19,20,23,21,22,7
2,4,6,7,8,9,10,11,12,13,14,15,16,17,18,19,20,22>2,4,9,10,11,12,15,17,18,20,22,23,7,8,13,14,16,19
2,4,6,7,8,9,10,11,12,13,14,15,16,17,18,19,20,22>2,6,15,21,22,7,8,13,14,16,19
1,3,4,6,11,12,15,18,22>1,7,8,13,18,19,23,4,12
1,3,4,6,11,12,15,18,22>1,3,6,11,13,15,16,18,23,4,12
3,4,6,7,8,9,10,11,12,15,17,23>6,4,7,8,10,11,12
3,4,6,7,8,9,10,11,12,15,17,23>3,9,15,16,4,7,8,10,11,12
4,5,6,7,8,10,11,13,14,15,16,22>5,12,15,6,7,8,11,13,14,16
4,5,6,7,8,10,11,13,14,15,16,22>4,10,12,15,23,6,7,8,11,13,14,16
1,2,5,6,7,10,11,12,13,22>5,10,22,23,2,6,7,11,12,13
1,2,5,6,7,10,11,12,13,22>8,10,14,22,23,2,6,7,11,12,13
1,2,5,6,8,9,11,14,17,18>9,10,11,13,14,17,18,19,2,6
1,2,5,6,8,9,11,14,17,18>1,8,10,11,13,2,6
2,3,5,10,11,16,18>2,3,10,12,13,16,18,19,11
2,3,5,10,11,16,18>2,4,5,6,10,16,19,11
4,9,11,12,13,14,15,19,22,23>8,9,11,13,16,12,23,14,15
4,9,11,12,13,14,15,19,22,23>4,8,9,13,16,19,22,12,23,14,15
4,6,7,8,10,11,12,13,15,16,20,23>6,10,11,12,13,15,21,23,8,16,7
4,6,7,8,10,11,12,13,15,16,20,23>4,6,10,11,14,20,8,16,7
5,6,9,11,13,14,16,20,22,23>5,9,10,13,15,16,20,23,6,14
5,6,9,11,13,14,16,20,22,23>5,8,10,20,23,6,14
3,6,7,8,9,11,12,13,14,15,16,17,18,19,22,23>9,11,13,15,17,18,22,7,8,12,14,16,19,23
3,6,7,8,9,11,12,13,14,15,16,17,18,19,22,23>3,6,9,11,17,18,22,7,8,12,14,16,19,23
2,4,5,7,8,10,11,13,17,19,20,21,22,23>2,5,10,11,19,17,20,21,22,23
2,4,5,7,8,10,11,13,17,19,20,21,22,23>4,5,7,8,11,19,17,20,21,22,23
2,3,8,9,10,11,12,13,15,17,18,20,22,23>11,12,15,19,21,22,8,17,10,23
2,3,8,9,10,11,12,13,15,17,18,20,22,23>2,9,11,12,16,18,22,8,17,10,23
1,2,3,4,5,12,13,14,15,16,17,18,21,22>1,5,23,19,2,4,12,13,14,15,16,18,22
1,2,3,4,5,12,13,14,15,16,17,18,21,22>3,5,2,4,12,13,14,15,16,18,22
3,5,10,12,15,16,19,21,22>3,4,5,10,11,13,19,16,12,22
3,5,10,12,15,16,19,21,22>3,4,5,10,11,13,15,21,23,16,12,22
1,2,4,5,7,9,12,13,14,15,17,20,21>6,8,9,10,18,2,13,14,15,17,21
1,2,4,5,7,9,12,13,14,15,17,20,21>1,6,7,8,10,18,2,13,14,15,17,21
3,4,8,10,11,13,14,15,16,17,18,21>21,3,10,15,4,8,11,13,14,16
3,4,8,10,11,13,14,15,16,17,18,21>3,10,12,17,22,4,8,11,13,14,16
2,7,10,12,17,18,19,20,21,22>8,12,13,17,18,19,21,22
2,7,10,12,17,18,19,20,21,22>7,8,10,13,23,17,18,19,21,22
1,4,5,6,7,8,11,14,16,17,20,23>1,5,11,14,23,6,7,8,16,20
1,4,5,6,7,8,11,14,16,17,20,23>4,5,14,17,6,7,8,16,20
4,5,8,10,12,16,19,20,21,23>10,19,20,22,23,8,16,21
4,5,8,10,12,16,19,20,21,23>5,10,12,19,20,22,8,16,21
2,5,6,7,10,12,13,16,17,19,21,22>11,14,16,17,18,12,13,22,7
2,5,6,7,10,12,13,16,17,19,21,22>5,10,11,14,16,19,21,23,12,13,22,7
1,3,4,6,7,10,11,12,14,15,17,19,22>2,6,13,17,19,23,4,7,11,12,15
1,3,4,6,7,10,11,12,14,15,17,19,22>3,6,8,10,13,16,17,18,19,4,7,11,12,15
1,2,3,4,8,10,15,16,18,20,21>10,13,18,2,4,8,16,20,21
1,2,3,4,8,10,15,16,18,20,21>1,3,10,15,18,2,4,8,16,20,21
5,6,7,11,15,17,18,21,22,23>21,6,7,18,22,23
5,6,7,11,15,17,18,21,22,23>5,16,19,6,7,18,22,23
3,4,5,6,7,8,9,11,12,15,16,17,18,23>3,9,10,11,17,23,4,6,7,8,12,16
3,4,5,6,7,8,9,11,12,15,16,17,18,23>5,9,4,6,7,8,12,16
2,6,8,12,18,19,20,23>2,12,17,20,23,8,19
2,6,8,12,18,19,20,23>21,2,6,17,8,19
1,3,7,8,14,15>1,3,7,8,13,15,16
1,3,7,8,14,15>2,3,4,7,8,14,16
1,4,6,7,8,9,11,12,16,17,19,20,22>11,12,19,20,21,22,23,8,16,7
1,4,6,7,8,9,11,12,16,17,19,20,22>2,11,12,13,17,20,8,16,7
2,5,6,8,10,11,13,15,17,20,22>2,21,8,16,17,20,13,6
2,5,6,8,10,11,13,15,17,20,22>7,10,14,16,21,17,20,13,6
3,4,5,6,8,11,12,14,15,16,19,22,23>3,5,11,15,4,8,12,16,23
3,4,5,6,8,11,12,14,15,16,19,22,23>5,6,7,14,15,19,4,8,12,16,23
3,7,9,10,12,13,15,16,18,21>7,8,11,14,19,21,22,16,10,12,13
3,7,9,10,12,13,15,16,18,21>3,7,9,11,18,21,16,10,12,13
3,4,6,8,9,10,12,18,19,21>7,11,13,21,22,8,19,4,12
3,4,6,8,9,10,12,18,19,21>7,9,11,8,19,4,12
4,5,9,10,11,13,16,18,21,23>5,6,8,9,13,14,18,21,23,16,10,11
4,5,9,10,11,13,16,18,21,23>21,5,6,22,16,10,11
5,7,11,12,15,20,21,23>8,11,16,17,20,21
5,7,11,12,15,20,21,23>7,11,12,15,17,22,23,21
2,3,4,5,7,8,9,11,14,15,17>2,5,7,10,13,14,15,4
2,3,4,5,7,8,9,11,14,15,17>2,3,5,11,13,17,4
1,2,3,5,6,9,11,13,15,17,18,20,21,22,23>7,10,11,15,16,19,2,6,17,18,20,21,22,23
1,2,3,5,6,9,11,13,15,17,18,20,21,22,23>4,5,7,9,10,11,13,15,2,6,17,18,20,21,22,23
2,3,5,6,7,8,9,10,11,12,14,17,20,21,23>3,5,9,14,22,23,6,7,8,10,17,21
2,3,5,6,7,8,9,10,11,12,14,17,20,21,23>23,2,3,22,6,7,8,10,17,21
1,2,4,8,9,10,11,18,20>9,11,16,18,19,2,10,20
1,2,4,8,9,10,11,18,20>1,8,9,17,19,2,10,20
1,2,4,5,6,10,12,15,16,17,20,21,22,23>7,2,6,16,21,22,23
1,2,4,5,6,10,12,15,16,17,20,21,22,23>1,5,8,10,12,15,17,18,2,6,16,21,22,23
1,3,5,9,14,16,17,21>5,6,9,12,15,17,18,21,22
1,3,5,9,14,16,17,21>1,3,4,6,12,17,21
1,2,3,4,9,10,11,13,15,16,17,21,23>23,12,13,2,4,10,11,16
1,2,3,4,9,10,11,13,15,16,17,21,23>3,12,14,15,17,18,21,23,2,4,10,11,16
1,5,6,8,10,11,12,13,14,18,20,22>1,5,7,10,11,12,18,19,22,8,13,6,14
1,5,6,8,10,11,12,13,14,18,20,22>1,2,5,10,11,12,18,20,21,22,8,13,6,14
1,2,4,6,8,9,10,13,14,15,17,19,20,21,23>1,22,9,2,14,17,20,21
1,2,4,6,8,9,10,13,14,15,17,19,20,21,23>4,6,9,13,19,23,2,14,17,20,21
1,2,4,5,7,8,10,11,15,16,17,20,21>5,7,15,17,22,2,8,16,20,21
1,2,4,5,7,8,10,11,15,16,17,20,21>1,5,2,8,16,20,21
1,2,3,4,7,9,11,12,13,15,16,17,19,21,23>9,11,15,17,21,16,2,4,12
1,2,3,4,7,9,11,12,13,15,16,17,19,21,23>3,7,9,11,17,18,19,21,16,2,4,12
2,3,5,7,8,11,12,14,16,19,21,23>2,4,5,7,14,16,19,21,22,8,12
2,3,5,7,8,11,12,14,16,19,21,23>3,4,7,11,16,21,22,23,8,12
1,3,4,9,10,11,12,13,14,16,17>18,1,3,17,4,10,11,12,13,14,16
1,3,4,9,10,11,12,13,14,16,17>1,2,3,17,4,10,11,12,13,14,16
1,3,7,12,13,14,15,18,20,21>2,20,8,21,13,14,15
1,3,7,12,13,14,15,18,20,21>1,3,7,17,20,21,13,14,15
1,3,5,10,11,16,17,20,22,23>1,2,4,16,17,22,20,23
1,3,5,10,11,16,17,20,22,23>17,3,4,5,20,23
2,5,6,9,12,13,14,16,19,21,22>5,8,16,21,23,12,13,14,22
2,5,6,9,12,13,14,16,19,21,22>5,6,7,16,19,21,12,13,14,22
1,4,5,9,10,12,13,14,16,17,18>2,19,8,9,10,12,13,14,16,18
1,4,5,9,10,12,13,14,16,17,18>1,2,4,5,8,9,11,10,12,13,14,16,18
1,7,9,11,12,14,16,19,20,21>1,8,9,11,12,15,16,19,21
1,7,9,11,12,14,16,19,20,21>2,7,8,12,13,14,15,16,19,21
1,3,6,8,9,10,12,13,15,16,17,18,19>1,3,4,6,7,9,10,11,18,8,12,13,16,19
1,3,6,8,9,10,12,13,15,16,17,18,19>2,3,4,6,7,9,17,8,12,13,16,19
3,6,8,9,10,13,20,23>23,6,7,13,10,20
3,6,8,9,10,13,20,23>3,6,7,9,21,23,10,20
2,4,6,7,8,12,13,14,16,18,19,20,22,23>4,12,13,21,22,7,8,14,16,19,23
2,4,6,7,8,12,13,14,16,18,19,20,22,23>6,18,7,8,14,16,19,23
1,4,6,7,10,11,12,13,14,16,17,21>17,4,6,10,7,11,12,13,14,16
1,4,6,7,10,11,12,13,14,16,17,21>1,4,8,10,15,17,18,21,22,7,11,12,13,14,16
5,7,8,11,12,15,16,19,20,22,23>5,11,12,19,20,22,8,16,23
5,7,8,11,12,15,16,19,20,22,23>5,7,11,12,15,19,21,22,8,16,23
2,3,4,8,11,13,16,19,20,21,22>3,4,8,13,16,20,21,22
2,3,4,8,11,13,16,19,20,21,22>2,11,23,4,8,13,16,20,21,22
4,10,12,15,18,21,22,23>10,11,15,18,21,12,22,23
4,10,12,15,18,21,22,23>10,16,12,22,23
1,2,4,8,14,15,16,17,19,21>1,14,15,19,20,22,8,16,2
1,2,4,8,14,15,16,17,19,21>4,14,17,8,16,2
1,3,4,5,12,16,17,19,21,22>18,5,13,16,4,12,22
1,3,4,5,12,16,17,19,21,22>3,5,8,13,17,19,16,4,12,22
3,4,7,8,10,12,16,17,18,20,21>20,17,18,8,16,4,21
3,4,7,8,10,12,16,17,18,20,21>7,10,12,13,17,8,16,4,21
2,3,4,5,8,10,14,18,20,22>5,8,10,13,14,17,18,22,23,4,20
2,3,4,5,8,10,14,18,20,22>3,5,14,16,17,21,23,4,20
4,5,6,7,8,14,16,17,23>5,23,8,16,6,7
4,5,6,7,8,14,16,17,23>4,5,12,8,16,6,7
3,4,5,6,7,8,9,13,16,17,18,20,21,22,23>5,13,14,17,18,19,4,6,7,8,16,20,21,22,23
3,4,5,6,7,8,9,13,16,17,18,20,21,22,23>3,9,10,13,14,19,4,6,7,8,16,20,21,22,23
2,3,4,5,6,7,9,10,11,12,15,16,17,19,20,22>2,3,11,19,20,16,4,7
2,3,4,5,6,7,9,10,11,12,15,16,17,19,20,22>3,5,6,9,10,17,20,21,22,16,4,7
3,4,5,6,9,10,11,15,16,17,18,21,22>17,19,8,13,4,6,10,11,16,18,22
3,4,5,6,9,10,11,15,16,17,18,21,22>5,8,15,17,19,4,6,10,11,16,18,22
1,2,7,8,9,10,11,12,14,16,19,21,22,23>21,14,2,8,11,12,22,23
1,2,7,8,9,10,11,12,14,16,19,21,22,23>7,9,14,16,19,2,8,11,12,22,23
3,5,7,8,9,10,14,15,16,18,19,22>4,10,12,13,14,18,20,8,16,19
3,5,7,8,9,10,14,15,16,18,19,22>5,7,9,10,11,14,15,18,20,23,8,16,19
2,3,4,6,7,8,11,12,13,15>3,14,15,4,7,8,12,13
2,3,4,6,7,8,11,12,13,15>2,3,6,14,4,7,8,12,13
1,2,3,8,9,11,16,17,18,19,20,21>1,22,4,16,2,8,19,20,21
1,2,3,8,9,11,16,17,18,19,20,21>1,3,4,9,11,16,17,2,8,19,20,21
1,5,7,11,13,16,19,20,21,22,23>19,7,11,13,20,21,22,23
1,5,7,11,13,16,19,20,21,22,23>5,8,20,21,22,23
4,6,7,10,15,17,18,20>21,13,15,16,17,18,20,7
4,6,7,10,15,17,18,20>21,16,19,17,18,20,7
2,4,6,7,15,18,21,22,23>6,15,23,22,7
2,4,6,7,15,18,21,22,23>6,16,19,23,22,7
2,3,4,5,7,9,12,16,17,18,19,20,21>2,3,7,8,9,20,4,16,18,19,21
2,3,4,5,7,9,12,16,17,18,19,20,21>2,3,5,8,12,13,20,4,16,18,19,21
2,3,7,9,10,11,13,14,17,20,23>15,23,7,9,17,10,20,14
2,3,7,9,10,11,13,14,17,20,23>15,2,18,13,17,10,20,14
3,4,8,9,14,17,19,20,22,23>8,14,21,17,4,20,23
3,4,8,9,14,17,19,20,22,23>22,8,14,17,4,20,23
1,3,4,7,8,10,14,15,18,19,23>2,16,20,8,19,4
1,3,4,7,8,10,14,15,18,19,23>1,3,7,8,10,14,15,18,19,4
3,6,7,9,12,15,16,20,23>3,20,10,12,16,7
3,6,7,9,12,15,16,20,23>3,4,6,8,9,10,20,23,16,7
1,3,4,8,10,14,15,16,19,20,21,22>2,10,14,15,23,4,8,16,20,21,22
1,3,4,8,10,14,15,16,19,20,21,22>1,3,10,15,19,23,4,8,16,20,21,22
3,4,5,8,9,11,13,14,16,17,21>6,10,11,17,22,4,8,13,14,16
3,4,5,8,9,11,13,14,16,17,21>3,6,9,11,17,21,4,8,13,14,16
1,2,3,5,9,10,12,14,16,17,19,21,23>4,9,14,15,18,19,21,22,23,2,12
1,2,3,5,9,10,12,14,16,17,19,21,23>3,4,5,9,10,11,15,18,19,2,12
1,2,3,4,5,6,7,8,10,11,12,13,14,15,19,20,21,22>3,5,6,15,16,19,2,4,7,8,13,14,21,22
1,2,3,4,5,6,7,8,10,11,12,13,14,15,19,20,21,22>3,5,10,11,17,19,20,23,2,4,7,8,13,14,21,22
3,5,8,9,10,16,18,21,22>9,11,12,16,18,21,23,8,10,22
3,5,8,9,10,16,18,21,22>4,5,11,18,19,21,23,8,10,22
6,7,13,16,17,18,19,21,22>6,8,14,17,20,23,7,13,18,19,22
6,7,13,16,17,18,19,21,22>21,6,8,12,7,13,18,19,22
2,3,6,8,12,13,14,15,16,19,20,21,22>2,3,12,15,19,8,13,14,16,21,22
2,3,6,8,12,13,14,15,16,19,20,21,22>3,4,6,7,12,19,23,8,13,14,16,21,22
