TCR,NFAT,IFN-\beta,IFN-\betaR,IL-18,IL-18R,IRAK,SOCS1,IL-12,IL-12R,STAT4,T-bet,IFN-\gamma,IFN-\gammaR,JAK1,STAT1,IL-4,IL-4R,STAT6,GATA3,IL-10,IL-10R,STAT3
2,4,5,6,8,9,10,12,14,15,16,17,20,21,22,23>15,2,7,9,6,8,10,16,21,22,23
2,4,5,6,8,9,10,12,14,15,16,17,20,21,22,23>4,20,12,14,6,8,10,16,21,22,23
2,4,5,6,8,9,10,12,14,15,16,17,20,21,22,23>2,4,7,9,6,8,10,16,21,22,23
2,4,5,6,8,9,10,12,14,15,16,17,20,21,22,23>4,5,7,6,8,10,16,21,22,23
3,4,5,6,9,10,11,12,14,15,17,18,19,21>8,14,16,21,22,4,11,12,15,18,19
3,4,5,6,9,10,11,12,14,15,17,18,19,21>3,8,9,14,16,17,21,4,11,12,15,18,19
3,4,5,6,9,10,11,12,14,15,17,18,19,21>5,7,9,13,14,21,4,11,12,15,18,19
3,4,5,6,9,10,11,12,14,15,17,18,19,21>3,5,6,9,10,17,4,11,12,15,18,19
2,4,8,9,10,11,12,16,18,20,21,22>4,12,13,18,20,23,8,10,16,21,22
2,4,8,9,10,11,12,16,18,20,21,22>2,9,11,12,18,20,23,8,10,16,21,22
2,4,8,9,10,11,12,16,18,20,21,22>4,9,13,19,20,23,8,10,16,21,22
2,4,8,9,10,11,12,16,18,20,21,22>2,4,9,11,12,13,8,10,16,21,22
2,4,5,7,12,16,17,20,23>2,4,6,17,18,20,21,16
2,4,5,7,12,16,17,20,23>2,4,5,18,23,16
2,4,5,7,12,16,17,20,23>2,5,6,7,12,17,20,23,16
2,4,5,7,12,16,17,20,23>2,4,5,7,21,23,16
2,5,6,7,8,9,11,12,16,19,20,22,23>2,9,12,20,22,8,23,7
2,5,6,7,8,9,11,12,16,19,20,22,23>2,6,9,8,23,7
2,5,6,7,8,9,11,12,16,19,20,22,23>19,6,16,8,23,7
2,5,6,7,8,9,11,12,16,19,20,22,23>2,6,11,16,20,8,23,7
1,3,7,10,12,13,14,16,17,23>1,4,7,8,10,16,17,18,23,12,14
1,3,7,10,12,13,14,16,17,23>1,2,3,8,10,11,13,15,12,14
1,3,7,10,12,13,14,16,17,23>3,10,13,15,16,17,18,12,14
1,3,7,10,12,13,14,16,17,23>1,2,3,7,8,11,18,23,12,14
1,3,4,7,15,19,21>19,7,13,16,4
1,3,4,7,15,19,21>1,13,15,19,20,21,22,4
1,3,4,7,15,19,21>2,13,15,16,19,21,22,4
1,3,4,7,15,19,21>3,13,15,20,21,22,4
1,4,5,9,11,12,13,14,19,20,22>5,8,11,19,22,13,14
1,4,5,9,11,12,13,14,19,20,22>1,2,5,9,11,12,15,16,17,19,22,13,14
1,4,5,9,11,12,13,14,19,20,22>1,4,5,12,16,17,20,21,22,23,13,14
1,4,5,9,11,12,13,14,19,20,22>9,11,12,15,16,17,20,22,23,13,14
1,2,8,10,13,17,20,23>1,14,21,17,2,20
1,2,8,10,13,17,20,23>1,8,13,21,23,17,2,20
1,2,8,10,13,17,20,23>8,10,14,21,23,17,2,20
1,2,8,10,13,17,20,23>1,8,10,13,14,17,2,20
1,2,4,7,8,9,10,11,13,15,18,22>16,23,9,11,2,10,13
1,2,4,7,8,9,10,11,13,15,18,22>1,19,8,18,11,2,10,13
1,2,4,7,8,9,10,11,13,15,18,22>4,8,23,11,2,10,13
1,2,4,7,8,9,10,11,13,15,18,22>1,4,7,8,16,18,22,11,2,10,13
1,2,3,4,8,10,13,17,18,22,23>16,18,10,2,4,23
1,2,3,4,8,10,13,17,18,22,23>3,8,10,14,17,2,4,23
1,2,3,4,8,10,13,17,18,22,23>3,10,11,13,16,19,2,4,23
1,2,3,4,8,10,13,17,18,22,23>3,8,13,14,16,17,18,19,2,4,23
1,2,3,5,7,9,16,17,18,19>3,4,5,8,9,12,13,16,17,19,2,18
1,2,3,5,7,9,16,17,18,19>3,4,5,7,8,9,13,16,20,19,2,18
1,2,3,5,7,9,16,17,18,19>3,4,5,7,9,12,16,19,2,18
1,2,3,5,7,9,16,17,18,19>1,3,4,5,7,8,9,19,2,18
3,5,8,10,11,13,14,15,16,17,18,23>3,4,10,12,15,23,8,16,11,14
3,5,8,10,11,13,14,15,16,17,18,23>3,5,10,15,17,18,23,8,16,11,14
3,5,8,10,11,13,14,15,16,17,18,23>4,5,6,10,12,13,17,23,8,16,11,14
3,5,8,10,11,13,14,15,16,17,18,23>3,4,5,6,12,15,17,18,8,16,11,14
1,2,6,7,9,12,15,16,21,23>9,15,16,2,12,7
1,2,6,7,9,12,15,16,21,23>1,23,21,16,2,12,7
1,2,6,7,9,12,15,16,21,23>22,23,8,10,16,2,12,7
1,2,6,7,9,12,15,16,21,23>23,6,8,16,2,12,7
2,3,4,5,6,7,9,10,15,17,18,20,21,22,23>2,19,4,6,7,10,17,18,20,21,22,23
2,3,4,5,6,7,9,10,15,17,18,20,21,22,23>2,9,16,4,6,7,10,17,18,20,21,22,23
2,3,4,5,6,7,9,10,15,17,18,20,21,22,23>15,16,4,6,7,10,17,18,20,21,22,23
2,3,4,5,6,7,9,10,15,17,18,20,21,22,23>5,9,19,4,6,7,10,17,18,20,21,22,23
1,2,3,4,5,9,10,15,22,23>1,6,9,15,2,10,4,23
1,2,3,4,5,9,10,15,22,23>16,3,15,2,10,4,23
1,2,3,4,5,9,10,15,22,23>3,5,9,11,15,2,10,4,23
1,2,3,4,5,9,10,15,22,23>3,5,6,9,2,10,4,23
1,2,7,11,13,16,17,19,20,22,23>7,16,17,19,21,2,20,23
1,2,7,11,13,16,17,19,20,22,23>1,7,16,17,18,19,22,2,20,23
1,2,7,11,13,16,17,19,20,22,23>1,8,19,21,22,2,20,23
1,2,7,11,13,16,17,19,20,22,23>7,8,13,16,17,21,2,20,23
3,4,5,7,8,10,14,15,16,20,22,23>21,6,14,4,8,16,20,23
3,4,5,7,8,10,14,15,16,20,22,23>6,7,15,21,22,4,8,16,20,23
3,4,5,7,8,10,14,15,16,20,22,23>5,6,7,15,22,4,8,16,20,23
3,4,5,7,8,10,14,15,16,20,22,23>3,5,6,10,14,15,22,4,8,16,20,23
1,2,4,7,8,9,14,18,22,23>1,9,10,19,22,2,23
1,2,4,7,8,9,14,18,22,23>1,7,9,10,19,2,23
1,2,4,7,8,9,14,18,22,23>1,22,9,18,2,23
1,2,4,7,8,9,14,18,22,23>1,4,7,9,18,2,23
4,5,6,8,10,12,15,17,20,21,22>16,12,13,15,6,8,17,21,22
4,5,6,8,10,12,15,17,20,21,22>7,12,13,20,23,6,8,17,21,22
4,5,6,8,10,12,15,17,20,21,22>20,5,7,13,6,8,17,21,22
4,5,6,8,10,12,15,17,20,21,22>4,5,7,10,12,15,20,6,8,17,21,22
1,3,4,6,9,10,12,13,15,16,17,20,21,22>12,23,8,9,4,10,13,16,21,22
1,3,4,6,9,10,12,13,15,16,17,20,21,22>1,2,6,8,12,14,17,18,20,4,10,13,16,21,22
1,3,4,6,9,10,12,13,15,16,17,20,21,22>1,3,8,12,14,15,4,10,13,16,21,22
1,3,4,6,9,10,12,13,15,16,17,20,21,22>2,3,7,17,18,4,10,13,16,21,22
2,4,5,7,9,11,14,16,19,20,22,23>2,5,7,9,11,19,22,16,20,23
2,4,5,7,9,11,14,16,19,20,22,23>2,5,7,9,19,21,22,16,20,23
2,4,5,7,9,11,14,16,19,20,22,23>5,8,9,19,22,16,20,23
2,4,5,7,9,11,14,16,19,20,22,23>2,5,7,8,11,15,21,22,16,20,23
2,4,5,6,7,8,9,11,13,17,18,19,20,23>2,6,11,16,18,21,23,17,19,20,7
2,4,5,6,7,8,9,11,13,17,18,19,20,23>2,5,6,8,11,13,18,21,17,19,20,7
2,4,5,6,7,8,9,11,13,17,18,19,20,23>4,5,9,11,13,14,21,17,19,20,7
2,4,5,6,7,8,9,11,13,17,18,19,20,23>2,4,5,6,9,18,17,19,20,7
1,4,6,7,8,10,11,13,14,17,18,19,20,21,22,23>1,2,10,16,7,14,17,19,20,21,22,23
1,4,6,7,8,10,11,13,14,17,18,19,20,21,22,23>1,2,6,8,11,13,18,7,14,17,19,20,21,22,23
1,4,6,7,8,10,11,13,14,17,18,19,20,21,22,23>13,1,4,16,7,14,17,19,20,21,22,23
1,4,6,7,8,10,11,13,14,17,18,19,20,21,22,23>2,4,6,10,11,16,7,14,17,19,20,21,22,23
1,3,6,7,10,11,12,22>1,3,4,10,13,23,11,12,7
1,3,6,7,10,11,12,22>1,3,10,13,22,11,12,7
1,3,6,7,10,11,12,22>1,2,6,13,23,11,12,7
1,3,6,7,10,11,12,22>1,3,4,8,11,12,7
2,3,4,5,6,7,9,12,15,20,21,22,23>3,5,9,12,20,4,6,7,21,22,23
2,3,4,5,6,7,9,12,15,20,21,22,23>15,3,8,9,4,6,7,21,22,23
2,3,4,5,6,7,9,12,15,20,21,22,23>2,3,8,10,4,6,7,21,22,23
2,3,4,5,6,7,9,12,15,20,21,22,23>20,3,5,10,4,6,7,21,22,23
4,6,7,10,11,12,13,15,17,18,19,22>22,10,14,15,7,11,12,13,18,19
4,6,7,10,11,12,13,15,17,18,19,22>4,10,15,16,7,11,12,13,18,19
4,6,7,10,11,12,13,15,17,18,19,22>6,10,14,17,22,7,11,12,13,18,19
4,6,7,10,11,12,13,15,17,18,19,22>4,6,10,14,17,23,7,11,12,13,18,19
1,2,3,7,8,10,13,14,20,21,23>7,8,10,17,23,2,20,21,14
1,2,3,7,8,10,13,14,20,21,23>1,3,7,8,10,22,23,2,20,21,14
1,2,3,7,8,10,13,14,20,21,23>17,22,10,2,20,21,14
1,2,3,7,8,10,13,14,20,21,23>1,3,4,7,10,13,17,2,20,21,14
2,6,7,8,10,11,12,13,16,17,19,21,22,23>19,2,16,21,7,8,11,12,22,23
2,6,7,8,10,11,12,13,16,17,19,21,22,23>19,2,13,17,7,8,11,12,22,23
2,6,7,8,10,11,12,13,16,17,19,21,22,23>2,6,13,16,19,7,8,11,12,22,23
2,6,7,8,10,11,12,13,16,17,19,21,22,23>2,10,16,7,8,11,12,22,23
3,4,6,7,9,10,12,15,18,19,20,22>10,17,20,22,23,19,4,7
3,4,6,7,9,10,12,15,18,19,20,22>3,6,10,12,16,23,19,4,7
3,4,6,7,9,10,12,15,18,19,20,22>3,8,15,16,17,22,19,4,7
3,4,6,7,9,10,12,15,18,19,20,22>6,8,10,13,15,16,20,22,19,4,7
1,2,3,6,8,9,12,13,14,15,16,17,18,20,21,22>3,6,10,15,18,19,23,2,8,13,14,16,21,22
1,2,3,6,8,9,12,13,14,15,16,17,18,20,21,22>3,15,17,18,20,23,2,8,13,14,16,21,22
1,2,3,6,8,9,12,13,14,15,16,17,18,20,21,22>1,4,7,10,15,18,20,23,2,8,13,14,16,21,22
1,2,3,6,8,9,12,13,14,15,16,17,18,20,21,22>1,3,4,6,7,9,23,2,8,13,14,16,21,22
1,2,4,6,7,9,11,19,21,22>20,21,9,11,2,22,7
1,2,4,6,7,9,11,19,21,22>23,21,6,13,2,22,7
1,2,4,6,7,9,11,19,21,22>4,6,9,13,16,20,23,2,22,7
1,2,4,6,7,9,11,19,21,22>1,4,6,9,11,13,19,20,2,22,7
2,4,7,8,9,11,13,16,17,18,19,20,21>9,11,17,18,22,8,13,16,19,20,21
2,4,7,8,9,11,13,16,17,18,19,20,21>2,4,11,14,18,8,13,16,19,20,21
2,4,7,8,9,11,13,16,17,18,19,20,21>2,4,9,17,18,22,8,13,16,19,20,21
2,4,7,8,9,11,13,16,17,18,19,20,21>2,4,7,14,8,13,16,19,20,21
2,4,6,8,9,10,12,14,17,19,23>2,4,9,10,11,19,23,8,12
2,4,6,8,9,10,12,14,17,19,23>2,7,11,14,23,8,12
2,4,6,8,9,10,12,14,17,19,23>2,4,7,10,16,23,8,12
2,4,6,8,9,10,12,14,17,19,23>4,6,10,11,16,19,8,12
1,2,3,4,5,7,9,16,17,18,23>6,10,12,19,23,16,2,18,4
1,2,3,4,5,7,9,16,17,18,23>3,7,10,12,19,16,2,18,4
1,2,3,4,5,7,9,16,17,18,23>5,7,8,10,23,16,2,18,4
1,2,3,4,5,7,9,16,17,18,23>5,6,7,19,23,16,2,18,4
1,4,5,8,9,10,11,12,13,15,17,21>15,1,17,21,8,10,11,12,13
1,4,5,8,9,10,11,12,13,15,17,21>2,14,16,17,22,8,10,11,12,13
1,4,5,8,9,10,11,12,13,15,17,21>4,6,14,17,21,8,10,11,12,13
1,4,5,8,9,10,11,12,13,15,17,21>1,2,4,5,15,16,17,8,10,11,12,13
2,3,6,7,9,13,14,15,16,17,21,23>6,9,12,13,17,18,21,16,15,14,7
2,3,6,7,9,13,14,15,16,17,21,23>4,6,8,12,13,18,21,23,16,15,14,7
2,3,6,7,9,13,14,15,16,17,21,23>3,22,23,16,15,14,7
2,3,6,7,9,13,14,15,16,17,21,23>4,6,8,13,17,21,22,23,16,15,14,7
1,5,7,9,10,14,15,16,18,19,20,21>7,8,10,13,18,22,15,16,19,20,21
1,5,7,9,10,14,15,16,18,19,20,21>1,7,10,13,18,15,16,19,20,21
1,5,7,9,10,14,15,16,18,19,20,21>1,2,8,9,15,16,19,20,21
1,5,7,9,10,14,15,16,18,19,20,21>1,5,7,8,9,10,14,22,15,16,19,20,21
1,3,6,7,8,10,11,12,13,14,15,17,18,20>4,6,10,11,12,15,16,19,7,8,13,14,17
1,3,6,7,8,10,11,12,13,14,15,17,18,20>2,4,6,11,12,7,8,13,14,17
1,3,6,7,8,10,11,12,13,14,15,17,18,20>1,3,6,16,19,20,21,7,8,13,14,17
1,3,6,7,8,10,11,12,13,14,15,17,18,20>2,3,4,10,11,16,19,20,7,8,13,14,17
1,2,3,6,9,10,12,13,17,19,20,22>7,8,9,12,22,17,2,13
1,2,3,6,9,10,12,13,17,19,20,22>1,6,8,10,12,18,20,21,23,17,2,13
1,2,3,6,9,10,12,13,17,19,20,22>7,9,18,19,21,17,2,13
1,2,3,6,9,10,12,13,17,19,20,22>4,6,7,10,14,18,19,22,23,17,2,13
3,5,8,9,11,13,14,16,19,20,22,23>3,5,9,11,16,19,8,20,14,23
3,5,8,9,11,13,14,16,19,20,22,23>4,9,16,19,21,8,20,14,23
3,5,8,9,11,13,14,16,19,20,22,23>3,5,13,19,22,8,20,14,23
3,5,8,9,11,13,14,16,19,20,22,23>3,4,5,9,11,13,16,22,8,20,14,23
5,6,7,8,9,10,11,13,15,16,20,22,23>22,5,11,21,6,7,8,10,16,20,23
5,6,7,8,9,10,11,13,15,16,20,22,23>5,14,15,21,6,7,8,10,16,20,23
5,6,7,8,9,10,11,13,15,16,20,22,23>5,9,13,6,7,8,10,16,20,23
5,6,7,8,9,10,11,13,15,16,20,22,23>5,11,13,14,15,22,6,7,8,10,16,20,23
1,2,3,5,6,7,9,12,17,20,23>12,20,10,17,2,6,7
1,2,3,5,6,7,9,12,17,20,23>1,3,5,23,17,2,6,7
1,2,3,5,6,7,9,12,17,20,23>4,8,9,12,21,17,2,6,7
1,2,3,5,6,7,9,12,17,20,23>3,4,5,10,20,17,2,6,7
1,5,6,7,9,10,12,13,14,16,17,19,22>1,2,6,11,15,16,18,22,23,12,13,14,7
1,5,6,7,9,10,12,13,14,16,17,19,22>5,8,9,10,15,16,18,19,23,12,13,14,7
1,5,6,7,9,10,12,13,14,16,17,19,22>5,6,10,11,15,16,17,19,12,13,14,7
1,5,6,7,9,10,12,13,14,16,17,19,22>1,2,6,8,9,10,11,15,18,23,12,13,14,7
1,2,6,8,9,11,12,14,15,19,20,21>1,9,12,14,15,20,22,8,2,21
1,2,6,8,9,11,12,14,15,19,20,21>7,9,11,12,13,14,16,19,22,8,2,21
1,2,6,8,9,11,12,14,15,19,20,21>7,11,12,15,19,8,2,21
1,2,6,8,9,11,12,14,15,19,20,21>1,6,7,9,11,12,13,14,16,20,8,2,21
2,3,5,6,7,9,11,14,18,21,22>5,11,13,14,18,19,21,23,22,6,7
2,3,5,6,7,9,11,14,18,21,22>3,4,5,10,11,14,18,23,22,6,7
2,3,5,6,7,9,11,14,18,21,22>2,4,9,13,19,21,22,6,7
2,3,5,6,7,9,11,14,18,21,22>3,4,14,15,18,21,23,22,6,7
1,5,7,11,13,14,17,20,21,23>1,7,18,13,17,20,21,14
1,5,7,11,13,14,17,20,21,23>2,11,13,15,18,23,17,20,21,14
1,5,7,11,13,14,17,20,21,23>1,2,11,15,18,17,20,21,14
1,5,7,11,13,14,17,20,21,23>1,2,5,6,11,13,18,23,17,20,21,14
2,3,4,5,6,11,13,14,16,17,18,20,21,22,23>2,11,13,15,17,19,4,6,14,16,18,20,21,22,23
2,3,4,5,6,11,13,14,16,17,18,20,21,22,23>3,8,11,13,15,17,4,6,14,16,18,20,21,22,23
2,3,4,5,6,11,13,14,16,17,18,20,21,22,23>5,8,11,13,4,6,14,16,18,20,21,22,23
2,3,4,5,6,11,13,14,16,17,18,20,21,22,23>2,5,8,13,17,4,6,14,16,18,20,21,22,23
2,3,7,8,9,11,12,13,14,15,17,18,19,20>3,7,11,15,18,21,8,13,14,17,19
2,3,7,8,9,11,12,13,14,15,17,18,19,20>2,3,7,12,16,20,8,13,14,17,19
2,3,7,8,9,11,12,13,14,15,17,18,19,20>3,4,7,9,11,12,15,21,8,13,14,17,19
2,3,7,8,9,11,12,13,14,15,17,18,19,20>2,3,4,7,9,12,18,21,8,13,14,17,19
5,12,19,21,23>5,21,22,12
5,12,19,21,23>5,8,22,12
5,12,19,21,23>5,19,12
5,12,19,21,23>8,19,23,12
1,5,7,8,9,10,12,13,15,18,19>14,15,18,9,8,19,12,13
1,5,7,8,9,10,12,13,15,18,19>1,2,5,7,10,11,16,18,8,19,12,13
1,5,7,8,9,10,12,13,15,18,19>14,16,9,10,8,19,12,13
1,5,7,8,9,10,12,13,15,18,19>1,2,5,9,10,15,16,18,8,19,12,13
1,3,4,8,11,17,20,22,23>1,8,11,16,17,4,20,23
1,3,4,8,11,17,20,22,23>2,11,16,21,17,4,20,23
1,3,4,8,11,17,20,22,23>2,3,8,11,17,4,20,23
1,3,4,8,11,17,20,22,23>1,2,3,11,16,22,17,4,20,23
2,4,5,6,7,9,10,12,14,17,18,20,21,22,23>2,8,12,14,19,20,6,7,10,17,18,21,22,23
2,4,5,6,7,9,10,12,14,17,18,20,21,22,23>4,9,12,14,19,6,7,10,17,18,21,22,23
2,4,5,6,7,9,10,12,14,17,18,20,21,22,23>2,20,8,16,6,7,10,17,18,21,22,23
2,4,5,6,7,9,10,12,14,17,18,20,21,22,23>2,4,5,12,14,15,16,19,20,6,7,10,17,18,21,22,23
1,3,5,7,8,11,14,17,18,19,21,23>1,5,8,11,14,17,20,21,22,23,19
1,3,5,7,8,11,14,17,18,19,21,23>1,2,4,8,21,19
1,3,5,7,8,11,14,17,18,19,21,23>1,2,4,11,17,20,19
1,3,5,7,8,11,14,17,18,19,21,23>1,2,4,11,14,19
1,2,5,7,8,9,10,12,13,16,18,19,20>16,1,9,8,2,19,13
1,2,5,7,8,9,10,12,13,16,18,19,20>5,9,14,18,20,21,8,2,19,13
1,2,5,7,8,9,10,12,13,16,18,19,20>5,7,10,12,16,18,8,2,19,13
1,2,5,7,8,9,10,12,13,16,18,19,20>5,7,9,16,20,8,2,19,13
1,3,4,5,6,8,14,15,16,17,22>1,7,15,17,22,23,8,16,4,6
1,3,4,5,6,8,14,15,16,17,22>2,7,14,17,22,8,16,4,6
1,3,4,5,6,8,14,15,16,17,22>1,2,5,7,12,23,8,16,4,6
1,3,4,5,6,8,14,15,16,17,22>3,5,14,22,23,8,16,4,6
2,4,5,6,7,9,10,12,15,17,19,21>2,4,5,6,8,9,11,13,17,12,7
2,4,5,6,7,9,10,12,15,17,19,21>5,6,8,15,16,17,21,22,12,7
2,4,5,6,7,9,10,12,15,17,19,21>2,5,8,15,16,17,19,22,12,7
2,4,5,6,7,9,10,12,15,17,19,21>2,4,5,13,15,17,18,19,12,7
1,3,4,6,7,8,9,10,11,15,18,19,21,23>1,2,6,8,9,15,18,23,19,11,4,7
1,3,4,6,7,8,9,10,11,15,18,19,21,23>1,3,6,9,10,18,21,22,23,19,11,4,7
1,3,4,6,7,8,9,10,11,15,18,19,21,23>2,3,8,16,21,22,19,11,4,7
1,3,4,6,7,8,9,10,11,15,18,19,21,23>1,2,3,6,8,10,20,21,19,11,4,7
1,2,4,5,7,8,14,15,17,18,20,22,23>7,14,15,18,22,17,2,20,23
1,2,4,5,7,8,14,15,17,18,20,22,23>1,14,15,16,18,17,2,20,23
1,2,4,5,7,8,14,15,17,18,20,22,23>5,14,15,19,21,22,17,2,20,23
1,2,4,5,7,8,14,15,17,18,20,22,23>1,4,5,14,16,19,17,2,20,23
1,3,5,7,8,10,12,13,15,17,18,19,20,23>1,5,12,14,16,23,8,17,19
1,3,5,7,8,10,12,13,15,17,18,19,20,23>1,2,12,14,15,20,21,23,8,17,19
1,3,5,7,8,10,12,13,15,17,18,19,20,23>3,4,5,7,15,18,21,23,8,17,19
1,3,5,7,8,10,12,13,15,17,18,19,20,23>1,3,5,7,14,16,20,21,23,8,17,19
4,5,6,7,12,14,15,17,19,21>5,14,17,18,21,12,15,7
4,5,6,7,12,14,15,17,19,21>4,5,8,14,18,21,22,12,15,7
4,5,6,7,12,14,15,17,19,21>6,14,16,18,19,22,12,15,7
4,5,6,7,12,14,15,17,19,21>4,5,6,8,14,16,18,19,12,15,7
6,9,10,12,13,14,17,19,21>6,7,9,11,19,21,22,12,13,14
6,9,10,12,13,14,17,19,21>6,7,9,17,18,21,22,12,13,14
6,9,10,12,13,14,17,19,21>6,8,9,15,17,18,19,21,22,12,13,14
6,9,10,12,13,14,17,19,21>6,7,8,9,10,15,17,21,12,13,14
1,3,5,7,8,9,10,11,16,17,19,20,21,22,23>1,2,7,9,10,16,17,8,20,21,22,23
1,3,5,7,8,9,10,11,16,17,19,20,21,22,23>3,4,7,9,10,11,16,17,19,8,20,21,22,23
1,3,5,7,8,9,10,11,16,17,19,20,21,22,23>2,3,5,7,10,11,16,17,8,20,21,22,23
1,3,5,7,8,9,10,11,16,17,19,20,21,22,23>1,2,3,8,20,21,22,23
1,3,5,9,11,12,13,14,16,23>4,6,8,9,23,12,14
1,3,5,9,11,12,13,14,16,23>1,2,5,6,8,9,13,15,16,12,14
1,3,5,9,11,12,13,14,16,23>3,15,5,8,12,14
1,3,5,9,11,12,13,14,16,23>3,5,6,10,11,16,12,14
1,5,6,7,8,10,11,12,14,19,21,22>1,23,13,7,8,11,12,22
1,5,6,7,8,10,11,12,14,19,21,22>21,2,6,14,7,8,11,12,22
1,5,6,7,8,10,11,12,14,19,21,22>19,1,2,6,7,8,11,12,22
1,5,6,7,8,10,11,12,14,19,21,22>23,5,13,7,8,11,12,22
1,2,3,4,9,10,13,15,17,18,19,22>17,22,10,14,2,4,13,18,19
1,2,3,4,9,10,13,15,17,18,19,22>3,10,11,15,16,17,20,22,2,4,13,18,19
1,2,3,4,9,10,13,15,17,18,19,22>3,15,16,20,22,23,2,4,13,18,19
1,2,3,4,9,10,13,15,17,18,19,22>3,9,10,16,17,20,22,23,2,4,13,18,19
2,4,6,7,9,10,12,14,16,17,19,23>2,9,10,11,14,15,23,16,12,7
2,4,6,7,9,10,12,14,16,17,19,23>2,4,8,9,10,11,17,18,19,16,12,7
2,4,6,7,9,10,12,14,16,17,19,23>2,8,9,10,11,17,19,23,16,12,7
2,4,6,7,9,10,12,14,16,17,19,23>4,6,8,14,15,18,19,16,12,7
1,2,3,8,9,11,12,13,16,17,18,19,21,22,23>3,4,11,13,17,18,2,8,12,19,22,23
1,2,3,8,9,11,12,13,16,17,18,19,21,22,23>1,21,11,17,2,8,12,19,22,23
1,2,3,8,9,11,12,13,16,17,18,19,21,22,23>1,3,14,18,21,2,8,12,19,22,23
1,2,3,8,9,11,12,13,16,17,18,19,21,22,23>1,3,9,11,14,16,21,2,8,12,19,22,23
1,2,3,4,5,6,8,10,11,14,16,17,20,22>1,7,10,13,17,21,22,23,2,4,6,8,16,20
1,2,3,4,5,6,8,10,11,14,16,17,20,22>3,11,14,21,23,2,4,6,8,16,20
1,2,3,4,5,6,8,10,11,14,16,17,20,22>14,21,5,10,2,4,6,8,16,20
1,2,3,4,5,6,8,10,11,14,16,17,20,22>3,10,11,13,21,23,2,4,6,8,16,20
1,2,3,4,5,6,8,11,13,16,17,19,20,21,22>1,3,7,14,17,19,2,4,8,13,16,20,21,22
1,2,3,4,5,6,8,11,13,16,17,19,20,21,22>1,5,14,19,23,2,4,8,13,16,20,21,22
1,2,3,4,5,6,8,11,13,16,17,19,20,21,22>1,5,6,17,23,2,4,8,13,16,20,21,22
1,2,3,4,5,6,8,11,13,16,17,19,20,21,22>1,3,5,6,14,2,4,8,13,16,20,21,22
1,4,5,7,8,9,10,11,12,17,19,20,21,23>5,7,11,16,19,22,8,17,21
1,4,5,7,8,9,10,11,12,17,19,20,21,23>1,7,10,16,19,22,23,8,17,21
1,4,5,7,8,9,10,11,12,17,19,20,21,23>1,4,7,9,16,19,20,22,23,8,17,21
1,4,5,7,8,9,10,11,12,17,19,20,21,23>1,4,5,9,10,11,19,22,23,8,17,21
1,5,6,7,9,11,12,13,15,16,18,19,21,22>6,8,11,14,18,21,7,12,13,16,19,22
1,5,6,7,9,11,12,13,15,16,18,19,21,22>6,8,9,11,14,15,23,7,12,13,16,19,22
1,5,6,7,9,11,12,13,15,16,18,19,21,22>5,6,8,21,23,7,12,13,16,19,22
1,5,6,7,9,11,12,13,15,16,18,19,21,22>1,2,5,8,11,14,15,23,7,12,13,16,19,22
2,3,4,5,6,9,10,13,14,16,18,19,21>2,3,5,6,7,10,11,12,15,18,21,4,13,14,16,19
2,3,4,5,6,9,10,13,14,16,18,19,21>3,7,8,9,10,11,22,4,13,14,16,19
2,3,4,5,6,9,10,13,14,16,18,19,21>5,6,7,9,10,20,22,4,13,14,16,19
2,3,4,5,6,9,10,13,14,16,18,19,21>2,3,5,7,8,11,4,13,14,16,19
2,3,4,5,6,8,10,11,14,21,23>22,8,10,14,11,4,6
2,3,4,5,6,8,10,11,14,21,23>2,7,10,21,22,11,4,6
2,3,4,5,6,8,10,11,14,21,23>21,22,14,11,4,6
2,3,4,5,6,8,10,11,14,21,23>2,8,10,21,23,11,4,6
7,10,12,13,14,15,16,17,19>7,12,13,14,15,16
7,10,12,13,14,15,16,17,19>8,17,18,12,13,14,15,16
7,10,12,13,14,15,16,17,19>8,10,18,12,13,14,15,16
7,10,12,13,14,15,16,17,19>8,11,18,19,12,13,14,15,16
5,6,7,8,9,12,13,14,18,19,23>23,7,8,12,14,19
5,6,7,8,9,12,13,14,18,19,23>5,18,7,8,12,14,19
5,6,7,8,9,12,13,14,18,19,23>9,13,18,7,8,12,14,19
5,6,7,8,9,12,13,14,18,19,23>6,9,18,7,8,12,14,19
1,3,6,10,12,17,18,19,22,23>2,4,6,7,10,11,18,19,12,23
1,3,6,10,12,17,18,19,22,23>1,2,3,7,8,10,17,18,19,12,23
1,3,6,10,12,17,18,19,22,23>3,6,7,18,19,12,23
1,3,6,10,12,17,18,19,22,23>1,2,3,4,22,18,19,12,23
2,3,4,5,6,9,10,11,12,15,20,21,22>3,9,13,15,17,23,4,6,10,21,22
2,3,4,5,6,9,10,11,12,15,20,21,22>2,3,9,11,12,15,16,17,20,23,4,6,10,21,22
2,3,4,5,6,9,10,11,12,15,20,21,22>2,5,7,9,11,13,23,4,6,10,21,22
2,3,4,5,6,9,10,11,12,15,20,21,22>2,3,5,7,8,9,12,15,16,4,6,10,21,22
1,2,3,6,7,8,11,14,18,19,21,23>8,11,20,22,23,2,19,7
1,2,3,6,7,8,11,14,18,19,21,23>1,6,8,20,2,19,7
1,2,3,6,7,8,11,14,18,19,21,23>4,6,8,11,20,21,2,19,7
1,2,3,6,7,8,11,14,18,19,21,23>3,4,6,11,18,20,2,19,7
3,9,10,11,12,13,14,15,19>9,10,16,19,11,12,13,14,15
3,9,10,11,12,13,14,15,19>4,16,19,11,12,13,14,15
3,9,10,11,12,13,14,15,19>4,8,10,19,11,12,13,14,15
3,9,10,11,12,13,14,15,19>3,4,8,9,16,11,12,13,14,15
2,3,4,5,8,9,10,11,13,14,17,22,23>2,6,9,16,17,4,10,11,14,23
2,3,4,5,8,9,10,11,13,14,17,22,23>3,22,6,9,4,10,11,14,23
2,3,4,5,8,9,10,11,13,14,17,22,23>2,3,6,8,13,16,17,4,10,11,14,23
2,3,4,5,8,9,10,11,13,14,17,22,23>2,22,5,13,4,10,11,14,23
13,16,17,18,19,20,23>8,13,21,23,18,19,20
13,16,17,18,19,20,23>8,13,14,17,18,19,20
13,16,17,18,19,20,23>13,14,16,17,23,18,19,20
13,16,17,18,19,20,23>8,13,14,16,23,18,19,20
1,2,6,8,9,12,13,14,17>1,6,9,10,2,8,12,13,14
1,2,6,8,9,12,13,14,17>1,7,9,17,2,8,12,13,14
1,2,6,8,9,12,13,14,17>6,7,10,17,2,8,12,13,14
1,2,6,8,9,12,13,14,17>6,7,9,10,2,8,12,13,14
4,10,14,16,18,19,21>18,12,15,16,19
4,10,14,16,18,19,21>20,8,11,14,16,19
4,10,14,16,18,19,21>4,10,20,16,19
4,10,14,16,18,19,21>18,20,22,14,16,19
2,3,4,6,7,9,11,13,16,17,21,22>10,11,12,14,21,23,4,7,13,16,22
2,3,4,6,7,9,11,13,16,17,21,22>3,8,10,11,12,14,18,21,4,7,13,16,22
2,3,4,6,7,9,11,13,16,17,21,22>2,6,8,9,10,12,21,4,7,13,16,22
2,3,4,6,7,9,11,13,16,17,21,22>3,6,8,12,14,17,18,21,4,7,13,16,22
1,2,5,6,13,14,16,17,19,22,23>6,8,13,15,16,17,18,19,2,14,23
1,2,5,6,13,14,16,17,19,22,23>1,6,12,15,16,17,18,22,2,14,23
1,2,5,6,13,14,16,17,19,22,23>5,6,12,18,19,22,2,14,23
1,2,5,6,13,14,16,17,19,22,23>1,5,6,7,8,12,17,19,20,22,2,14,23
5,6,9,12,13,15,18,20,21,22,23>5,7,8,9,13,14,16,17,18,19,20,23,21,6,22
5,6,9,12,13,15,18,20,21,22,23>5,7,9,12,19,23,21,6,22
5,6,9,12,13,15,18,20,21,22,23>8,9,10,12,13,14,15,18,23,21,6,22
5,6,9,12,13,15,18,20,21,22,23>5,7,8,10,12,13,14,15,17,18,19,20,23,21,6,22
1,2,3,4,5,11,14,15,17,18,19,22>1,13,16,22,23,2,4,15,18,19
1,2,3,4,5,11,14,15,17,18,19,22>1,22,23,11,2,4,15,18,19
1,2,3,4,5,11,14,15,17,18,19,22>1,3,5,11,14,17,2,4,15,18,19
1,2,3,4,5,11,14,15,17,18,19,22>1,11,14,16,20,23,2,4,15,18,19
3,4,5,6,9,11,13,18,21,22,23>10,13,14,16,19,4,23,6,22
3,4,5,6,9,11,13,18,21,22,23>5,9,10,13,4,23,6,22
3,4,5,6,9,11,13,18,21,22,23>3,5,9,10,16,18,19,4,23,6,22
3,4,5,6,9,11,13,18,21,22,23>7,9,10,13,16,18,21,4,23,6,22
2,4,5,6,7,8,11,12,13,14,15,16,19,21>21,4,6,11,7,8,12,13,14,16
2,4,5,6,7,8,11,12,13,14,15,16,19,21>5,6,15,19,7,8,12,13,14,16
2,4,5,6,7,8,11,12,13,14,15,16,19,21>2,5,6,19,21,22,7,8,12,13,14,16
2,4,5,6,7,8,11,12,13,14,15,16,19,21>2,4,5,15,19,22,7,8,12,13,14,16
3,6,9,12,16,20,21,22>4,7,10,12,23,21,22
3,6,9,12,16,20,21,22>4,7,8,12,20,21,22
3,6,9,12,16,20,21,22>3,4,7,9,10,16,20,21,22
3,6,9,12,16,20,21,22>6,7,9,13,16,20,21,22
1,2,4,6,9,10,11,13,14,15,16,20,21,22,23>13,4,7,9,2,10,14,15,16,20,21,22,23
1,2,4,6,9,10,11,13,14,15,16,20,21,22,23>1,4,9,11,2,10,14,15,16,20,21,22,23
1,2,4,6,9,10,11,13,14,15,16,20,21,22,23>13,6,7,9,2,10,14,15,16,20,21,22,23
1,2,4,6,9,10,11,13,14,15,16,20,21,22,23>4,8,9,11,2,10,14,15,16,20,21,22,23
3,9,10,11,14,17,18,20,22>13,14,15,22,23,17,10,18,20
3,9,10,11,14,17,18,20,22>3,13,14,15,19,23,17,10,18,20
3,9,10,11,14,17,18,20,22>9,11,13,15,19,21,23,17,10,18,20
3,9,10,11,14,17,18,20,22>4,9,14,15,23,17,10,18,20
2,3,8,11,13,15,17,18,20,21>8,14,15,16,18,19,17,21,20,13
2,3,8,11,13,15,17,18,20,21>2,8,14,15,18,19,17,21,20,13
2,3,8,11,13,15,17,18,20,21>3,14,15,19,22,17,21,20,13
2,3,8,11,13,15,17,18,20,21>4,14,16,18,22,17,21,20,13
1,2,3,4,6,7,8,9,11,12,14,16,19,22>22,9,11,14,2,4,7,8,12,16
1,2,3,4,6,7,8,9,11,12,14,16,19,22>1,3,9,11,22,23,2,4,7,8,12,16
1,2,3,4,6,7,8,9,11,12,14,16,19,22>6,9,13,14,23,2,4,7,8,12,16
1,2,3,4,6,7,8,9,11,12,14,16,19,22>1,3,6,13,19,2,4,7,8,12,16
7,8,12,13,16,17,21,22,23>13,16,17,21,8,12,22,23
7,8,12,13,16,17,21,22,23>7,13,16,21,8,12,22,23
7,8,12,13,16,17,21,22,23>7,14,16,8,12,22,23
7,8,12,13,16,17,21,22,23>7,13,14,17,21,8,12,22,23
1,2,5,6,11,14,15,20,23>23,16,17,2,20,6,15
1,2,5,6,11,14,15,20,23>23,11,14,17,2,20,6,15
1,2,5,6,11,14,15,20,23>21,7,14,16,2,20,6,15
1,2,5,6,11,14,15,20,23>1,7,11,14,23,2,20,6,15
2,4,5,6,8,9,10,11,12,13,14,15,19,22,23>2,9,10,16,19,22,8,11,12,14,23
2,4,5,6,8,9,10,11,12,13,14,15,19,22,23>19,5,22,9,8,11,12,14,23
2,4,5,6,8,9,10,11,12,13,14,15,19,22,23>5,7,15,16,19,22,8,11,12,14,23
2,4,5,6,8,9,10,11,12,13,14,15,19,22,23>19,5,22,10,8,11,12,14,23
2,3,4,7,8,9,10,11,14,16,17,21>21,9,13,14,4,8,10,11,16
2,3,4,7,8,9,10,11,14,16,17,21>2,9,12,13,17,22,4,8,10,11,16
2,3,4,7,8,9,10,11,14,16,17,21>2,3,9,13,14,17,22,4,8,10,11,16
2,3,4,7,8,9,10,11,14,16,17,21>22,7,9,13,4,8,10,11,16
3,6,8,11,12,13,14,15,16,17,19,20,23>19,20,7,23,8,16,14
3,6,8,11,12,13,14,15,16,17,19,20,23>3,6,17,19,21,23,8,16,14
3,6,8,11,12,13,14,15,16,17,19,20,23>6,7,12,13,15,17,8,16,14
3,6,8,11,12,13,14,15,16,17,19,20,23>3,6,15,17,21,8,16,14
1,3,5,6,7,11,12,14,17,18,19,20,22,23>1,4,6,22,7,17,18,19,23
1,3,5,6,7,11,12,14,17,18,19,20,22,23>3,4,6,11,12,14,20,21,7,17,18,19,23
1,3,5,6,7,11,12,14,17,18,19,20,22,23>1,3,4,8,15,22,7,17,18,19,23
1,3,5,6,7,11,12,14,17,18,19,20,22,23>2,3,4,5,20,21,22,7,17,18,19,23
3,5,8,9,10,11,14,16,20,21>14,5,6,8,10,20,21
3,5,8,9,10,11,14,16,20,21>14,4,13,8,10,20,21
3,5,8,9,10,11,14,16,20,21>3,4,11,16,22,8,10,20,21
3,5,8,9,10,11,14,16,20,21>5,6,13,8,10,20,21
5,9,10,11,12,14,16,20,21>6,9,11,12,14,15,16,22,10,21
5,9,10,11,12,14,16,20,21>6,9,11,13,14,15,20,22,10,21
5,9,10,11,12,14,16,20,21>5,6,9,11,13,16,22,10,21
5,9,10,11,12,14,16,20,21>6,8,9,12,14,15,20,10,21
2,10,12,14,15,16,18,19,20,22,23>8,12,18,20,21,16,19,23,15
2,10,12,14,15,16,18,19,20,22,23>2,10,18,16,19,23,15
2,10,12,14,15,16,18,19,20,22,23>2,8,10,12,14,20,16,19,23,15
2,10,12,14,15,16,18,19,20,22,23>2,8,10,12,14,21,16,19,23,15
1,3,5,8,10,12,16,17,19,23>16,5,8,12
1,3,5,8,10,12,16,17,19,23>3,4,5,11,19,23,8,12
1,3,5,8,10,12,16,17,19,23>3,10,11,16,17,23,8,12
1,3,5,8,10,12,16,17,19,23>1,2,3,4,11,16,17,8,12
1,4,7,8,11,12,13,14,16,18,19,22,23>1,2,18,8,12,14,16,19,23
1,4,7,8,11,12,13,14,16,18,19,22,23>1,2,7,11,13,8,12,14,16,19,23
1,4,7,8,11,12,13,14,16,18,19,22,23>22,4,7,13,8,12,14,16,19,23
1,4,7,8,11,12,13,14,16,18,19,22,23>1,4,13,18,8,12,14,16,19,23
2,4,10,11,13,14,15,17,18,21,22,23>21,2,16,17,11,14,15,18,22,23
2,4,10,11,13,14,15,17,18,21,22,23>10,16,11,14,15,18,22,23
2,4,10,11,13,14,15,17,18,21,22,23>10,13,17,19,21,11,14,15,18,22,23
2,4,10,11,13,14,15,17,18,21,22,23>2,13,17,11,14,15,18,22,23
2,7,8,9,10,11,12,13,17,18,19,20,22,23>13,14,20,21,22,8,17,19,23
2,7,8,9,10,11,12,13,17,18,19,20,22,23>11,12,13,14,20,8,17,19,23
2,7,8,9,10,11,12,13,17,18,19,20,22,23>18,7,21,12,8,17,19,23
2,7,8,9,10,11,12,13,17,18,19,20,22,23>7,9,10,11,12,13,21,22,8,17,19,23
1,2,3,4,9,10,17,18,20,21,23>1,23,2,4,10,17,18,20,21
1,2,3,4,9,10,17,18,20,21,23>3,9,19,23,2,4,10,17,18,20,21
1,2,3,4,9,10,17,18,20,21,23>1,19,2,4,10,17,18,20,21
1,2,3,4,9,10,17,18,20,21,23>1,22,2,4,10,17,18,20,21
3,8,9,11,12,13,14,15,16>3,11,15,8,12,13,14,16
3,8,9,11,12,13,14,15,16>3,4,10,8,12,13,14,16
3,8,9,11,12,13,14,15,16>4,9,11,15,8,12,13,14,16
3,8,9,11,12,13,14,15,16>3,4,9,15,8,12,13,14,16
1,5,9,12,14,17,19,23>9,14,15,19,23,12
1,5,9,12,14,17,19,23>1,8,14,15,18,12
1,5,9,12,14,17,19,23>2,14,15,18,19,12
1,5,9,12,14,17,19,23>5,14,15,17,18,19,23,12
1,2,7,8,9,10,13,14,15,17,19,20,21,23>1,10,13,15,16,22,2,14,17,20,21
1,2,7,8,9,10,13,14,15,17,19,20,21,23>8,9,15,22,23,2,14,17,20,21
1,2,7,8,9,10,13,14,15,17,19,20,21,23>1,8,10,13,15,16,2,14,17,20,21
1,2,7,8,9,10,13,14,15,17,19,20,21,23>19,8,9,13,2,14,17,20,21
3,5,6,8,9,11,12,14,15,17,19,20,23>3,4,6,9,15,20,21,8,17
3,5,6,8,9,11,12,14,15,17,19,20,23>3,7,9,11,15,16,19,20,21,8,17
3,5,6,8,9,11,12,14,15,17,19,20,23>3,4,7,9,11,12,14,16,21,23,8,17
3,5,6,8,9,11,12,14,15,17,19,20,23>3,4,6,9,12,20,23,8,17
2,3,6,7,11,12,14,15,17,19,20,21>4,8,13,14,16,18,19,20,17,15,21,7
2,3,6,7,11,12,14,15,17,19,20,21>3,6,8,11,12,14,18,19,20,17,15,21,7
2,3,6,7,11,12,14,15,17,19,20,21>2,3,11,12,14,16,17,15,21,7
2,3,6,7,11,12,14,15,17,19,20,21>14,4,6,22,17,15,21,7
2,3,4,6,7,10,12,14,15,16,19,21,22>3,8,19,21,23,4,7,12,15,16,22
2,3,4,6,7,10,12,14,15,16,19,21,22>2,3,8,10,13,21,4,7,12,15,16,22
2,3,4,6,7,10,12,14,15,16,19,21,22>2,3,10,11,13,21,23,4,7,12,15,16,22
2,3,4,6,7,10,12,14,15,16,19,21,22>3,6,8,10,19,21,4,7,12,15,16,22
1,3,7,12,13,14,19,20>1,7,8,15,20,13,14
1,3,7,12,13,14,19,20>1,2,4,7,8,12,21,13,14
1,3,7,12,13,14,19,20>1,3,4,15,20,21,13,14
1,3,7,12,13,14,19,20>1,2,3,4,7,15,13,14
1,3,4,5,6,8,9,10,13,14,15,16,20,22>7,9,13,15,21,22,4,6,8,10,14,16,20
1,3,4,5,6,8,9,10,13,14,15,16,20,22>5,7,9,13,22,4,6,8,10,14,16,20
1,3,4,5,6,8,9,10,13,14,15,16,20,22>2,3,5,7,13,15,23,4,6,8,10,14,16,20
1,3,4,5,6,8,9,10,13,14,15,16,20,22>1,2,3,9,13,22,23,4,6,8,10,14,16,20
2,5,7,8,9,10,17,21,23>2,22,7,10
2,5,7,8,9,10,17,21,23>5,6,9,11,10
2,5,7,8,9,10,17,21,23>2,6,7,8,9,23,10
2,5,7,8,9,10,17,21,23>5,6,8,11,17,22,10
1,4,5,9,10,12,13,14,16,17,18>2,17,5,6,10,12,13,14,16,18
1,4,5,9,10,12,13,14,16,17,18>4,8,11,15,17,19,10,12,13,14,16,18
1,4,5,9,10,12,13,14,16,17,18>1,4,9,15,19,10,12,13,14,16,18
1,4,5,9,10,12,13,14,16,17,18>1,4,6,8,11,15,10,12,13,14,16,18
1,3,4,6,8,10,12,14,19,20,21,22,23>1,19,6,12,4,8,21,22,23
1,3,4,6,8,10,12,14,19,20,21,22,23>3,7,10,12,14,16,19,4,8,21,22,23
1,3,4,6,8,10,12,14,19,20,21,22,23>2,3,10,14,17,4,8,21,22,23
1,3,4,6,8,10,12,14,19,20,21,22,23>1,2,3,10,12,20,4,8,21,22,23
3,5,6,11,14,15,16,17,18,22,23>4,7,11,14,19,6,15,16,18,23
3,5,6,11,14,15,16,17,18,22,23>4,22,12,6,15,16,18,23
3,5,6,11,14,15,16,17,18,22,23>3,4,5,8,17,6,15,16,18,23
3,5,6,11,14,15,16,17,18,22,23>3,4,5,7,8,19,22,6,15,16,18,23
4,5,8,9,10,13,15,16,17,18,19,20,21,23>5,9,13,14,15,8,16,19,20,21
4,5,8,9,10,13,15,16,17,18,19,20,21,23>17,23,9,13,8,16,19,20,21
4,5,8,9,10,13,15,16,17,18,19,20,21,23>4,5,9,10,13,23,8,16,19,20,21
4,5,8,9,10,13,15,16,17,18,19,20,21,23>4,5,9,15,8,16,19,20,21
1,2,3,4,9,10,13,14,15,18,20,21,22,23>19,3,13,18,2,4,10,14,15,20,21,22,23
1,2,3,4,9,10,13,14,15,18,20,21,22,23>19,3,13,16,2,4,10,14,15,20,21,22,23
1,2,3,4,9,10,13,14,15,18,20,21,22,23>19,1,2,4,10,14,15,20,21,22,23
1,2,3,4,9,10,13,14,15,18,20,21,22,23>1,3,9,16,17,2,4,10,14,15,20,21,22,23
1,7,12,14,16,18,20,23>8,12,14,15,16,20,23
1,7,12,14,16,18,20,23>1,8,12,16,23
1,7,12,14,16,18,20,23>1,14,15,19,20,23
1,7,12,14,16,18,20,23>7,8,12,14,18,23
2,4,6,7,8,10,15,17,18,20,22>2,4,10,22,23,17,20,7
2,4,6,7,8,10,15,17,18,20,22>2,6,15,16,18,19,21,22,23,17,20,7
2,4,6,7,8,10,15,17,18,20,22>4,6,22,15,17,20,7
2,4,6,7,8,10,15,17,18,20,22>4,6,10,18,22,23,17,20,7
2,3,4,9,11,15,18>2,11,13,15,16,4
2,3,4,9,11,15,18>3,10,11,13,15,4
2,3,4,9,11,15,18>2,11,13,15,19,4
2,3,4,9,11,15,18>2,10,11,13,18,19,4
2,3,4,5,6,9,10,11,12,13,15,16,18>3,7,8,9,19,4,6,10,11,12,13,16
2,3,4,5,6,9,10,11,12,13,15,16,18>18,3,14,4,6,10,11,12,13,16
2,3,4,5,6,9,10,11,12,13,15,16,18>5,7,9,18,19,4,6,10,11,12,13,16
2,3,4,5,6,9,10,11,12,13,15,16,18>2,5,7,14,15,19,4,6,10,11,12,13,16
1,3,4,5,7,8,11,12,14,16,19,20,23>2,7,12,14,23,8,16,4
1,3,4,5,7,8,11,12,14,16,19,20,23>1,3,5,7,19,20,8,16,4
1,3,4,5,7,8,11,12,14,16,19,20,23>1,3,5,20,21,8,16,4
1,3,4,5,7,8,11,12,14,16,19,20,23>1,2,3,5,7,12,14,20,8,16,4
2,4,5,6,7,9,12,14,15,18,19,20>4,5,6,8,12,16,21,19,15,7
2,4,5,6,7,9,12,14,15,18,19,20>2,6,12,13,14,17,21,19,15,7
2,4,5,6,7,9,12,14,15,18,19,20>4,5,6,8,9,12,13,14,16,17,20,19,15,7
2,4,5,6,7,9,12,14,15,18,19,20>4,5,8,14,16,18,20,19,15,7
3,4,5,7,8,13,14,19,20,22>23,8,16,20,4,13,14
3,4,5,7,8,13,14,19,20,22>8,16,17,19,22,20,4,13,14
3,4,5,7,8,13,14,19,20,22>21,16,17,20,4,13,14
3,4,5,7,8,13,14,19,20,22>21,3,5,7,20,4,13,14
1,4,6,7,8,9,11,14,15,16,17,19>14,6,12,8,16,7
1,4,6,7,8,9,11,14,15,16,17,19>1,9,12,13,15,20,8,16,7
1,4,6,7,8,9,11,14,15,16,17,19>4,9,13,14,15,8,16,7
1,4,6,7,8,9,11,14,15,16,17,19>1,2,4,14,15,8,16,7
3,4,7,10,12,13,14,19,20,21,22,23>10,12,13,16,20,4,14,21,22,23
3,4,7,10,12,13,14,19,20,21,22,23>16,3,20,17,4,14,21,22,23
3,4,7,10,12,13,14,19,20,21,22,23>7,10,12,16,19,20,4,14,21,22,23
3,4,7,10,12,13,14,19,20,21,22,23>3,7,10,17,20,4,14,21,22,23
1,3,4,5,6,7,8,9,10,12,13,14,16,17,19,21,22,23>19,9,10,4,7,8,12,14,16,22,23
1,3,4,5,6,7,8,9,10,12,13,14,16,17,19,21,22,23>2,6,10,4,7,8,12,14,16,22,23
1,3,4,5,6,7,8,9,10,12,13,14,16,17,19,21,22,23>11,17,19,4,7,8,12,14,16,22,23
1,3,4,5,6,7,8,9,10,12,13,14,16,17,19,21,22,23>2,3,11,19,21,4,7,8,12,14,16,22,23
1,3,5,7,9,10,13,14,15,16,17,18,20,21,22,23>2,5,6,8,9,13,19,10,14,15,16,18,20,21,22,23
1,3,5,7,9,10,13,14,15,16,17,18,20,21,22,23>1,4,5,6,7,8,13,17,19,10,14,15,16,18,20,21,22,23
1,3,5,7,9,10,13,14,15,16,17,18,20,21,22,23>2,4,6,7,9,19,10,14,15,16,18,20,21,22,23
1,3,5,7,9,10,13,14,15,16,17,18,20,21,22,23>1,2,5,6,13,19,10,14,15,16,18,20,21,22,23
1,2,3,5,6,8,9,10,12,14,15,18>1,7,9,14,2,6,8,10,12
1,2,3,5,6,8,9,10,12,14,15,18>1,3,7,11,15,2,6,8,10,12
1,2,3,5,6,8,9,10,12,14,15,18>4,5,9,11,14,16,19,2,6,8,10,12
1,2,3,5,6,8,9,10,12,14,15,18>3,4,5,7,9,14,15,16,2,6,8,10,12
3,5,7,10,11,13,14,16,19>16,20,12,11,13,14
3,5,7,10,11,13,14,16,19>3,8,10,15,16,20,11,13,14
3,5,7,10,11,13,14,16,19>3,4,7,8,10,12,11,13,14
3,5,7,10,11,13,14,16,19>3,7,8,10,12,15,16,19,11,13,14
5,7,9,10,14,16,17,18,19,21,23>10,14,15,16,17,20,21,18,19
5,7,9,10,14,16,17,18,19,21,23>5,20,15,23,18,19
5,7,9,10,14,16,17,18,19,21,23>7,8,9,10,12,16,20,21,22,18,19
5,7,9,10,14,16,17,18,19,21,23>7,8,10,11,14,15,23,18,19
7,8,11,13,16,18,19,20,21,22>7,18,23,8,13,19,20,21,22
7,8,11,13,16,18,19,20,21,22>14,18,8,13,19,20,21,22
7,8,11,13,16,18,19,20,21,22>11,14,16,23,8,13,19,20,21,22
7,8,11,13,16,18,19,20,21,22>7,16,23,8,13,19,20,21,22
6,9,14,17,18,20,21,23>7,10,19,22,23,17,18,20,21
6,9,14,17,18,20,21,23>6,7,10,14,19,17,18,20,21
6,9,14,17,18,20,21,23>23,7,10,15,17,18,20,21
6,9,14,17,18,20,21,23>7,9,10,14,19,22,17,18,20,21
1,5,7,8,13,14,15,16,17,18,21,23>1,6,12,15,17,18,21,22,8,16,14
1,5,7,8,13,14,15,16,17,18,21,23>1,2,6,7,15,17,19,21,8,16,14
1,5,7,8,13,14,15,16,17,18,21,23>1,5,6,13,18,19,22,8,16,14
1,5,7,8,13,14,15,16,17,18,21,23>2,5,6,12,15,17,21,8,16,14
2,3,5,6,10,12,13,15,17,18,21,22>7,8,11,16,17,19,6,12,13,18,22
2,3,5,6,10,12,13,15,17,18,21,22>2,5,7,15,17,23,6,12,13,18,22
2,3,5,6,10,12,13,15,17,18,21,22>14,23,7,10,6,12,13,18,22
2,3,5,6,10,12,13,15,17,18,21,22>4,5,7,8,14,15,16,21,23,6,12,13,18,22
1,3,7,10,11,12,13,15,17,19,23>4,8,10,13,18,19,11,12
1,3,7,10,11,12,13,15,17,19,23>2,4,7,8,17,23,11,12
1,3,7,10,11,12,13,15,17,19,23>1,2,7,14,15,17,19,23,11,12
1,3,7,10,11,12,13,15,17,19,23>1,3,4,7,13,15,17,23,11,12
3,6,7,8,9,12,13,15,16,18,21,22>3,10,15,18,19,21,7,8,12,13,16,22
3,6,7,8,9,12,13,15,16,18,21,22>4,6,9,15,19,21,23,7,8,12,13,16,22
3,6,7,8,9,12,13,15,16,18,21,22>4,6,10,15,18,7,8,12,13,16,22
3,6,7,8,9,12,13,15,16,18,21,22>3,4,6,9,10,7,8,12,13,16,22
1,3,4,5,7,8,9,11,12,15,16,17,19,21>1,11,13,15,21,22,8,16,4,12
1,3,4,5,7,8,9,11,12,15,16,17,19,21>2,5,7,11,13,15,17,22,8,16,4,12
1,3,4,5,7,8,9,11,12,15,16,17,19,21>3,5,7,9,13,17,19,22,8,16,4,12
1,3,4,5,7,8,9,11,12,15,16,17,19,21>1,3,7,9,11,15,22,8,16,4,12
3,4,5,9,12,13,14,15,16,17,18,19,23>9,13,23,4,12,14,15,16,18,19
3,4,5,9,12,13,14,15,16,17,18,19,23>3,5,17,23,4,12,14,15,16,18,19
3,4,5,9,12,13,14,15,16,17,18,19,23>3,5,8,9,23,4,12,14,15,16,18,19
3,4,5,9,12,13,14,15,16,17,18,19,23>3,5,8,13,4,12,14,15,16,18,19
1,2,5,6,9,10,13,14,15,17,20>1,5,9,18,21,2,6,10,13,14,15,17,20
1,2,5,6,9,10,13,14,15,17,20>1,7,9,16,18,21,2,6,10,13,14,15,17,20
1,2,5,6,9,10,13,14,15,17,20>5,7,9,16,18,21,2,6,10,13,14,15,17,20
1,2,5,6,9,10,13,14,15,17,20>1,5,7,9,16,18,2,6,10,13,14,15,17,20
1,2,3,4,5,11,12,13,14,15,16,19,21,22,23>1,11,13,19,21,2,4,12,14,15,16,22,23
1,2,3,4,5,11,12,13,14,15,16,19,21,22,23>1,5,11,19,2,4,12,14,15,16,22,23
1,2,3,4,5,11,12,13,14,15,16,19,21,22,23>3,5,8,11,13,21,2,4,12,14,15,16,22,23
1,2,3,4,5,11,12,13,14,15,16,19,21,22,23>1,3,5,13,19,2,4,12,14,15,16,22,23
3,4,7,8,9,10,11,15,17,22>23,13,15,16,10,11,4
3,4,7,8,9,10,11,15,17,22>3,7,9,13,15,10,11,4
3,4,7,8,9,10,11,15,17,22>3,7,9,15,23,10,11,4
3,4,7,8,9,10,11,15,17,22>3,7,8,15,16,17,22,10,11,4
6,9,11,12,13,19,22,23>19,9,11,12,23
6,9,11,12,13,19,22,23>19,6,22,14,12,23
6,9,11,12,13,19,22,23>8,9,11,14,22,12,23
6,9,11,12,13,19,22,23>6,8,9,11,14,12,23
1,2,4,5,6,7,8,9,10,11,12,13,14,18,19,21,22,23>1,5,6,13,16,2,7,8,11,12,14,19,22,23
1,2,4,5,6,7,8,9,10,11,12,13,14,18,19,21,22,23>1,21,6,9,2,7,8,11,12,14,19,22,23
1,2,4,5,6,7,8,9,10,11,12,13,14,18,19,21,22,23>5,9,10,13,16,18,21,2,7,8,11,12,14,19,22,23
1,2,4,5,6,7,8,9,10,11,12,13,14,18,19,21,22,23>1,5,9,10,16,18,21,2,7,8,11,12,14,19,22,23
1,2,5,7,8,9,11,13,14,15,17,18>9,11,15,16,17,19,2,13,14
1,2,5,7,8,9,11,13,14,15,17,18>1,9,10,16,17,2,13,14
1,2,5,7,8,9,11,13,14,15,17,18>5,7,9,11,16,17,18,2,13,14
1,2,5,7,8,9,11,13,14,15,17,18>15,16,9,10,2,13,14
2,5,6,11,13,14,16,19,20>2,7,15,19,21,20,13,14
2,5,6,11,13,14,16,19,20>5,8,15,20,13,14
2,5,6,11,13,14,16,19,20>2,5,7,11,15,16,20,13,14
2,5,6,11,13,14,16,19,20>2,6,7,8,11,21,20,13,14
1,2,5,7,8,9,11,12,13,15,16,19,20>1,12,14,19,20,8,16,2,13
1,2,5,7,8,9,11,12,13,15,16,19,20>5,12,14,15,19,20,21,8,16,2,13
1,2,5,7,8,9,11,12,13,15,16,19,20>1,5,9,19,8,16,2,13
1,2,5,7,8,9,11,12,13,15,16,19,20>5,7,11,12,21,8,16,2,13
1,2,3,4,6,8,9,12,13,14,15,16,17,19,20,21,23>15,17,20,12,2,4,8,14,16,21
1,2,3,4,6,8,9,12,13,14,15,16,17,19,20,21,23>6,9,12,15,17,19,2,4,8,14,16,21
1,2,3,4,6,8,9,12,13,14,15,16,17,19,20,21,23>7,15,19,20,22,23,2,4,8,14,16,21
1,2,3,4,6,8,9,12,13,14,15,16,17,19,20,21,23>1,3,6,9,12,15,19,20,22,23,2,4,8,14,16,21
2,3,4,5,7,10,11,14,15,19,20,21,23>19,22,21,4,20,15
2,3,4,5,7,10,11,14,15,19,20,21,23>3,10,11,14,16,17,19,21,4,20,15
2,3,4,5,7,10,11,14,15,19,20,21,23>19,5,10,11,21,4,20,15
2,3,4,5,7,10,11,14,15,19,20,21,23>2,5,16,22,23,21,4,20,15
3,4,6,8,9,16,17,19,20,21,22,23>3,9,19,4,8,16,20,21,22,23
3,4,6,8,9,16,17,19,20,21,22,23>3,6,9,17,4,8,16,20,21,22,23
3,4,6,8,9,16,17,19,20,21,22,23>7,19,4,8,16,20,21,22,23
3,4,6,8,9,16,17,19,20,21,22,23>3,7,9,17,4,8,16,20,21,22,23
1,2,3,4,7,8,9,10,11,14,15,19,21,23>3,8,10,15,16,19,23,2,11,4
1,2,3,4,7,8,9,10,11,14,15,19,21,23>1,8,9,10,14,16,19,20,21,22,2,11,4
1,2,3,4,7,8,9,10,11,14,15,19,21,23>3,9,10,15,19,21,23,2,11,4
1,2,3,4,7,8,9,10,11,14,15,19,21,23>3,7,9,14,15,16,22,23,2,11,4
1,2,3,5,6,7,10,12,16,18>16,19,11,2,12,6,7
1,2,3,5,6,7,10,12,16,18>1,4,13,16,19,2,12,6,7
1,2,3,5,6,7,10,12,16,18>3,4,10,11,13,2,12,6,7
1,2,3,5,6,7,10,12,16,18>1,3,4,11,13,16,18,2,12,6,7
1,3,5,6,8,9,16,18,19,20,21,22,23>16,2,6,7,8,19,20,21,22,23
1,3,5,6,8,9,16,18,19,20,21,22,23>1,3,4,9,16,18,8,19,20,21,22,23
1,3,5,6,8,9,16,18,19,20,21,22,23>2,3,7,9,16,8,19,20,21,22,23
1,3,5,6,8,9,16,18,19,20,21,22,23>1,2,3,5,9,16,18,8,19,20,21,22,23
4,7,9,10,11,13,14,15,16,18,20,21,22,23>4,9,13,18,10,14,15,16,20,21,22,23
4,7,9,10,11,13,14,15,16,18,20,21,22,23>7,11,10,14,15,16,20,21,22,23
4,7,9,10,11,13,14,15,16,18,20,21,22,23>19,8,9,18,10,14,15,16,20,21,22,23
4,7,9,10,11,13,14,15,16,18,20,21,22,23>4,7,8,9,13,10,14,15,16,20,21,22,23
