TCR,NFAT,IFN-\beta,IFN-\betaR,IL-18,IL-18R,IRAK,SOCS1,IL-12,IL-12R,STAT4,T-bet,IFN-\gamma,IFN-\gammaR,JAK1,STAT1,IL-4,IL-4R,STAT6,GATA3,IL-10,IL-10R,STAT3
1,4,7,8,9,11,12,13,14,17,18,20,21,22>7,11,12,16,18,8,13,14,17,21,22
1,4,7,8,9,11,12,13,14,17,18,20,21,22>2,7,10,11,20,8,13,14,17,21,22
1,4,7,8,9,11,12,13,14,17,18,20,21,22>2,7,10,16,18,19,8,13,14,17,21,22
1,4,7,8,9,11,12,13,14,17,18,20,21,22>1,9,10,16,18,8,13,14,17,21,22
1,4,7,8,9,11,12,13,14,17,18,20,21,22>1,7,9,10,11,12,16,19,23,8,13,14,17,21,22
1,4,7,8,9,11,12,13,14,17,18,20,21,22>4,7,9,16,18,20,8,13,14,17,21,22
3,6,9,10,15,16,17,18,22>3,4,11,15,17,22,23,16,10,18
3,6,9,10,15,16,17,18,22>3,4,9,11,12,17,22,23,16,10,18
3,6,9,10,15,16,17,18,22>4,8,9,12,15,17,22,16,10,18
3,6,9,10,15,16,17,18,22>3,6,8,9,11,19,22,16,10,18
3,6,9,10,15,16,17,18,22>3,6,8,11,12,15,17,22,23,16,10,18
3,6,9,10,15,16,17,18,22>7,8,15,17,19,22,16,10,18
1,4,7,9,11,13,18,23>1,7,10,13,14,18,19
1,4,7,9,11,13,18,23>1,2,7,11,18
1,4,7,9,11,13,18,23>2,4,7,11,13,14,16,19,23
1,4,7,9,11,13,18,23>1,4,9,10,11,14,16,23
1,4,7,9,11,13,18,23>2,4,9,10,13,14,18,23
1,4,7,9,11,13,18,23>4,7,9,10,11,14,16,18
8,10,15,16,17,18,19,22,23>22,10,18,20,8,16,19,23
8,10,15,16,17,18,19,22,23>22,11,18,8,16,19,23
8,10,15,16,17,18,19,22,23>11,12,15,18,20,8,16,19,23
8,10,15,16,17,18,19,22,23>22,10,11,17,8,16,19,23
8,10,15,16,17,18,19,22,23>10,12,17,18,20,8,16,19,23
8,10,15,16,17,18,19,22,23>10,11,12,17,20,8,16,19,23
2,11,12,13,17,19,23>2,23,12
2,11,12,13,17,19,23>2,11,17,18,12
2,11,12,13,17,19,23>2,8,11,18,19,12
2,11,12,13,17,19,23>19,14,17,18,12
2,11,12,13,17,19,23>8,11,14,17,12
2,11,12,13,17,19,23>8,11,13,14,18,19,23,12
3,4,5,6,7,10,12,14,15,16,18,20,21,22,23>19,3,5,14,4,6,7,15,16,21,22,23
3,4,5,6,7,10,12,14,15,16,18,20,21,22,23>5,10,14,18,20,4,6,7,15,16,21,22,23
3,4,5,6,7,10,12,14,15,16,18,20,21,22,23>3,5,12,19,20,4,6,7,15,16,21,22,23
3,4,5,6,7,10,12,14,15,16,18,20,21,22,23>19,10,12,4,6,7,15,16,21,22,23
3,4,5,6,7,10,12,14,15,16,18,20,21,22,23>3,10,12,14,18,4,6,7,15,16,21,22,23
3,4,5,6,7,10,12,14,15,16,18,20,21,22,23>5,8,10,12,4,6,7,15,16,21,22,23
3,6,9,10,11,13,14,18,19,22>18,20,6,19,11,13,14
3,6,9,10,11,13,14,18,19,22>3,7,10,18,22,23,19,11,13,14
3,6,9,10,11,13,14,18,19,22>6,7,10,15,20,22,23,19,11,13,14
3,6,9,10,11,13,14,18,19,22>3,7,9,15,20,19,11,13,14
3,6,9,10,11,13,14,18,19,22>3,4,7,9,10,23,19,11,13,14
3,6,9,10,11,13,14,18,19,22>4,6,7,9,10,20,22,23,19,11,13,14
2,3,6,11,12,13,15,16,17,22,23>3,6,8,11,15,22,16,12,23
2,3,6,11,12,13,15,16,17,22,23>2,4,6,11,15,18,16,12,23
2,3,6,11,12,13,15,16,17,22,23>2,7,8,13,18,22,16,12,23
2,3,6,11,12,13,15,16,17,22,23>4,7,8,11,15,16,12,23
2,3,6,11,12,13,15,16,17,22,23>2,4,6,7,8,14,17,18,16,12,23
2,3,6,11,12,13,15,16,17,22,23>2,4,6,7,11,13,22,16,12,23
1,5,6,10,11,12,15,16,19,21,22>1,2,10,13,21,16,11,12,22
1,5,6,10,11,12,15,16,19,21,22>2,6,8,16,11,12,22
1,5,6,10,11,12,15,16,19,21,22>7,8,15,19,23,16,11,12,22
1,5,6,10,11,12,15,16,19,21,22>2,7,10,19,21,23,16,11,12,22
1,5,6,10,11,12,15,16,19,21,22>2,7,10,13,15,16,11,12,22
1,5,6,10,11,12,15,16,19,21,22>1,2,5,7,10,15,19,21,16,11,12,22
1,2,3,6,8,11,14,17,21,23>4,8,14,17,21,2
1,2,3,6,8,11,14,17,21,23>7,8,11,14,23,2
1,2,3,6,8,11,14,17,21,23>1,4,7,11,14,21,23,2
1,2,3,6,8,11,14,17,21,23>1,3,4,7,11,21,2
1,2,3,6,8,11,14,17,21,23>3,6,7,11,17,21,22,23,2
1,2,3,6,8,11,14,17,21,23>14,4,6,7,2
2,3,7,9,11,13,15,16,17,18,23>11,2,15,19,16,18
2,3,7,9,11,13,15,16,17,18,23>2,3,4,9,10,14,15,16,18
2,3,7,9,11,13,15,16,17,18,23>2,3,4,7,8,11,12,15,17,16,18
2,3,7,9,11,13,15,16,17,18,23>2,3,4,7,10,12,14,15,23,16,18
2,3,7,9,11,13,15,16,17,18,23>4,8,9,11,13,14,15,17,19,16,18
2,3,7,9,11,13,15,16,17,18,23>2,3,4,7,8,9,12,13,15,19,23,16,18
1,4,9,12,16,17,23>18,23,4,17,16,12
1,4,9,12,16,17,23>18,8,16,12
1,4,9,12,16,17,23>2,4,8,10,23,16,12
1,4,9,12,16,17,23>23,4,9,16,12
1,4,9,12,16,17,23>2,4,9,10,18,16,12
1,4,9,12,16,17,23>8,9,17,16,12
1,2,3,6,7,12,15,16,17,18,19,20>1,3,4,13,15,2,7,16,18,19
1,2,3,6,7,12,15,16,17,18,19,20>1,3,4,15,17,20,21,2,7,16,18,19
1,2,3,6,7,12,15,16,17,18,19,20>17,4,6,2,7,16,18,19
1,2,3,6,7,12,15,16,17,18,19,20>1,3,4,8,12,20,21,2,7,16,18,19
1,2,3,6,7,12,15,16,17,18,19,20>1,3,6,8,12,17,2,7,16,18,19
1,2,3,6,7,12,15,16,17,18,19,20>3,4,6,8,13,15,21,2,7,16,18,19
1,2,3,4,5,9,10,14,16,17,18,22,23>12,22,11,2,4,10,16,18,23
1,2,3,4,5,9,10,14,16,17,18,22,23>12,1,19,2,4,10,16,18,23
1,2,3,4,5,9,10,14,16,17,18,22,23>17,5,6,2,4,10,16,18,23
1,2,3,4,5,9,10,14,16,17,18,22,23>1,5,6,11,14,19,22,2,4,10,16,18,23
1,2,3,4,5,9,10,14,16,17,18,22,23>1,6,8,9,11,17,19,22,2,4,10,16,18,23
1,2,3,4,5,9,10,14,16,17,18,22,23>1,3,6,8,9,14,15,19,2,4,10,16,18,23
1,2,3,5,7,8,15,19,21,22>13,16,19,20,21,2,22
1,2,3,5,7,8,15,19,21,22>5,8,15,16,20,23,2,22
1,2,3,5,7,8,15,19,21,22>1,3,4,5,8,13,15,16,19,21,23,2,22
1,2,3,5,7,8,15,19,21,22>1,3,5,7,8,13,21,2,22
1,2,3,5,7,8,15,19,21,22>4,5,7,13,19,21,2,22
1,2,3,5,7,8,15,19,21,22>1,3,4,5,7,8,19,2,22
1,2,3,4,6,7,9,11,12,19>1,3,11,13,2,4,12,7
1,2,3,4,6,7,9,11,12,19>1,6,8,13,16,19,2,4,12,7
1,2,3,4,6,7,9,11,12,19>1,6,8,11,13,2,4,12,7
1,2,3,4,6,7,9,11,12,19>1,3,6,8,13,19,2,4,12,7
1,2,3,4,6,7,9,11,12,19>16,19,6,9,2,4,12,7
1,2,3,4,6,7,9,11,12,19>6,8,9,13,2,4,12,7
1,2,4,5,12,13,14,16,17,19,20,21,22,23>1,8,15,17,20,2,14,16,21,22,23
1,2,4,5,12,13,14,16,17,19,20,21,22,23>1,5,8,13,17,19,20,2,14,16,21,22,23
1,2,4,5,12,13,14,16,17,19,20,21,22,23>1,4,12,15,17,2,14,16,21,22,23
1,2,4,5,12,13,14,16,17,19,20,21,22,23>1,4,8,12,13,17,20,2,14,16,21,22,23
1,2,4,5,12,13,14,16,17,19,20,21,22,23>1,5,8,12,15,19,2,14,16,21,22,23
1,2,4,5,12,13,14,16,17,19,20,21,22,23>4,5,8,12,18,2,14,16,21,22,23
2,4,12,15,16,17,20,21,22,23>20,4,12,18,16,21,22,23
2,4,12,15,16,17,20,21,22,23>2,4,12,17,16,21,22,23
2,4,12,15,16,17,20,21,22,23>2,8,12,18,16,21,22,23
2,4,12,15,16,17,20,21,22,23>4,8,12,17,16,21,22,23
2,4,12,15,16,17,20,21,22,23>2,12,15,16,21,22,23
2,4,12,15,16,17,20,21,22,23>8,12,15,17,18,20,16,21,22,23
2,4,5,6,7,8,10,11,12,13,14,18,21,23>2,4,5,16,19,22,6,7,8,11,12,14
2,4,5,6,7,8,10,11,12,13,14,18,21,23>4,13,16,19,21,22,6,7,8,11,12,14
2,4,5,6,7,8,10,11,12,13,14,18,21,23>4,13,18,19,21,23,6,7,8,11,12,14
2,4,5,6,7,8,10,11,12,13,14,18,21,23>4,10,13,16,18,19,21,6,7,8,11,12,14
2,4,5,6,7,8,10,11,12,13,14,18,21,23>2,4,10,13,18,6,7,8,11,12,14
2,4,5,6,7,8,10,11,12,13,14,18,21,23>5,10,13,16,18,21,22,23,6,7,8,11,12,14
2,5,6,7,11,12,13,15,22,23>2,5,8,15,22,12,23,6,7
2,5,6,7,11,12,13,15,22,23>5,11,15,16,22,12,23,6,7
2,5,6,7,11,12,13,15,22,23>2,5,11,15,12,23,6,7
2,5,6,7,11,12,13,15,22,23>8,13,14,15,22,12,23,6,7
2,5,6,7,11,12,13,15,22,23>2,8,13,14,15,12,23,6,7
2,5,6,7,11,12,13,15,22,23>5,8,11,13,14,16,22,12,23,6,7
1,2,3,4,5,8,10,11,12,13,16,17,18,19,21>1,3,10,17,18,21,2,4,8,11,12,13,16,19
1,2,3,4,5,8,10,11,12,13,16,17,18,19,21>1,14,17,21,22,2,4,8,11,12,13,16,19
1,2,3,4,5,8,10,11,12,13,16,17,18,19,21>5,14,17,18,21,22,2,4,8,11,12,13,16,19
1,2,3,4,5,8,10,11,12,13,16,17,18,19,21>1,5,14,17,18,2,4,8,11,12,13,16,19
1,2,3,4,5,8,10,11,12,13,16,17,18,19,21>3,5,14,18,21,2,4,8,11,12,13,16,19
1,2,3,4,5,8,10,11,12,13,16,17,18,19,21>1,5,10,14,22,2,4,8,11,12,13,16,19
1,2,4,7,8,9,10,13,15,16,18,21,22,23>1,4,13,15,18,19,21,2,8,10,16,22,23
1,2,4,7,8,9,10,13,15,16,18,21,22,23>14,7,2,8,10,16,22,23
1,2,4,7,8,9,10,13,15,16,18,21,22,23>1,18,7,2,8,10,16,22,23
1,2,4,7,8,9,10,13,15,16,18,21,22,23>4,9,13,14,15,2,8,10,16,22,23
1,2,4,7,8,9,10,13,15,16,18,21,22,23>1,4,9,12,13,19,2,8,10,16,22,23
1,2,4,7,8,9,10,13,15,16,18,21,22,23>1,11,14,15,21,2,8,10,16,22,23
1,2,3,6,7,10,11,12,13,14,20,21,23>1,10,13,15,17,23,2,21,14,7
1,2,3,6,7,10,11,12,13,14,20,21,23>1,3,6,17,20,22,23,2,21,14,7
1,2,3,6,7,10,11,12,13,14,20,21,23>1,4,6,11,12,15,17,20,2,21,14,7
1,2,3,6,7,10,11,12,13,14,20,21,23>3,8,11,15,17,22,2,21,14,7
1,2,3,6,7,10,11,12,13,14,20,21,23>1,4,8,10,11,12,13,2,21,14,7
1,2,3,6,7,10,11,12,13,14,20,21,23>1,3,4,8,12,15,17,20,23,2,21,14,7
1,2,9,10,11,13,15,17,18,19,21,22>1,9,16,17,20,21,23,2,11,13,18,19,22
1,2,9,10,11,13,15,17,18,19,21,22>10,16,17,20,21,23,2,11,13,18,19,22
1,2,9,10,11,13,15,17,18,19,21,22>1,14,20,21,23,2,11,13,18,19,22
1,2,9,10,11,13,15,17,18,19,21,22>23,10,14,16,2,11,13,18,19,22
1,2,9,10,11,13,15,17,18,19,21,22>9,10,14,20,21,23,2,11,13,18,19,22
1,2,9,10,11,13,15,17,18,19,21,22>9,14,15,20,21,2,11,13,18,19,22
2,4,5,10,11,12,13,16,18,19,20,22>11,12,14,18,22,23,16,19,13
2,4,5,10,11,12,13,16,18,19,20,22>14,20,22,12,16,19,13
2,4,5,10,11,12,13,16,18,19,20,22>4,5,11,18,21,16,19,13
2,4,5,10,11,12,13,16,18,19,20,22>2,5,8,11,14,22,16,19,13
2,4,5,10,11,12,13,16,18,19,20,22>4,8,10,11,12,18,21,22,23,16,19,13
2,4,5,10,11,12,13,16,18,19,20,22>2,5,8,10,18,21,23,16,19,13
1,2,4,9,10,12,14,17,18,19,21,22,23>1,8,16,17,21,2,12,18,19,22,23
1,2,4,9,10,12,14,17,18,19,21,22,23>1,9,14,15,17,2,12,18,19,22,23
1,2,4,9,10,12,14,17,18,19,21,22,23>1,4,9,15,16,2,12,18,19,22,23
1,2,4,9,10,12,14,17,18,19,21,22,23>1,8,9,11,15,17,2,12,18,19,22,23
1,2,4,9,10,12,14,17,18,19,21,22,23>1,4,9,10,11,16,17,2,12,18,19,22,23
1,2,4,9,10,12,14,17,18,19,21,22,23>17,8,9,10,2,12,18,19,22,23
1,6,8,9,12,14,15,22,23>1,7,10,16,22,8,12,23
1,6,8,9,12,14,15,22,23>2,7,14,16,22,8,12,23
1,6,8,9,12,14,15,22,23>1,9,10,16,8,12,23
1,6,8,9,12,14,15,22,23>2,9,10,14,8,12,23
1,6,8,9,12,14,15,22,23>6,7,9,14,15,16,8,12,23
1,6,8,9,12,14,15,22,23>2,6,7,9,10,16,8,12,23
1,4,8,9,11,12,13,14,18,19,21,23>2,9,16,18,21,22,8,19,12,14
1,4,8,9,11,12,13,14,18,19,21,23>18,2,4,9,8,19,12,14
1,4,8,9,11,12,13,14,18,19,21,23>11,13,16,18,22,23,8,19,12,14
1,4,8,9,11,12,13,14,18,19,21,23>4,11,13,18,21,8,19,12,14
1,4,8,9,11,12,13,14,18,19,21,23>2,4,11,16,18,22,23,8,19,12,14
1,4,8,9,11,12,13,14,18,19,21,23>1,4,9,11,16,18,21,22,23,8,19,12,14
1,2,7,8,13,16,17,19,20,21>7,14,2,8,13,20,21
1,2,7,8,13,16,17,19,20,21>1,7,16,19,2,8,13,20,21
1,2,7,8,13,16,17,19,20,21>14,16,2,8,13,20,21
1,2,7,8,13,16,17,19,20,21>1,17,19,22,2,8,13,20,21
1,2,7,8,13,16,17,19,20,21>14,17,19,2,8,13,20,21
1,2,7,8,13,16,17,19,20,21>16,17,19,2,8,13,20,21
2,3,9,12,13,14,17,18,19,21,22,23>17,2,13,21,12,14,18,19,22,23
2,3,9,12,13,14,17,18,19,21,22,23>21,3,12,14,18,19,22,23
2,3,9,12,13,14,17,18,19,21,22,23>17,2,4,12,14,18,19,22,23
2,3,9,12,13,14,17,18,19,21,22,23>17,3,4,12,14,18,19,22,23
2,3,9,12,13,14,17,18,19,21,22,23>2,3,4,15,12,14,18,19,22,23
2,3,9,12,13,14,17,18,19,21,22,23>21,8,9,12,14,18,19,22,23
5,11,14,17,18,20,22>5,6,15,22,23,17,18,20
5,11,14,17,18,20,22>5,6,23,19,17,18,20
5,11,14,17,18,20,22>11,15,19,17,18,20
5,11,14,17,18,20,22>5,6,11,15,23,17,18,20
5,11,14,17,18,20,22>5,6,14,17,18,20
5,11,14,17,18,20,22>11,13,14,19,21,23,17,18,20
1,2,3,7,9,10,12,13,14,15,23>16,11,2,10,12,14,15
1,2,3,7,9,10,12,13,14,15,23>13,3,23,2,10,12,14,15
1,2,3,7,9,10,12,13,14,15,23>13,8,9,11,2,10,12,14,15
1,2,3,7,9,10,12,13,14,15,23>1,3,4,8,9,11,2,10,12,14,15
1,2,3,7,9,10,12,13,14,15,23>16,7,8,9,2,10,12,14,15
1,2,3,7,9,10,12,13,14,15,23>1,7,8,11,2,10,12,14,15
2,3,5,6,8,10,17,20,21,23>22,3,8,10,17,20,21,6
2,3,5,6,8,10,17,20,21,23>2,3,4,5,10,22,23,17,20,21,6
2,3,5,6,8,10,17,20,21,23>2,7,8,22,23,17,20,21,6
2,3,5,6,8,10,17,20,21,23>22,4,7,10,17,20,21,6
2,3,5,6,8,10,17,20,21,23>2,3,4,7,8,10,23,17,20,21,6
2,3,5,6,8,10,17,20,21,23>4,5,7,10,17,20,21,6
1,7,8,10,11,12,14,15,17,18,21>2,7,14,15,16,19,22,8,11,12
1,7,8,10,11,12,14,15,17,18,21>17,10,14,15,8,11,12
1,7,8,10,11,12,14,15,17,18,21>1,7,10,14,15,18,19,21,22,8,11,12
1,7,8,10,11,12,14,15,17,18,21>2,7,10,14,15,16,22,8,11,12
1,7,8,10,11,12,14,15,17,18,21>7,13,15,16,17,21,8,11,12
1,7,8,10,11,12,14,15,17,18,21>2,10,13,15,16,19,21,8,11,12
2,3,4,6,11,12,14,17,18,19,20,21,23>11,14,15,16,22,23,4,17,18,19,21
2,3,4,6,11,12,14,17,18,19,20,21,23>2,3,12,14,15,16,20,22,4,17,18,19,21
2,3,4,6,11,12,14,17,18,19,20,21,23>6,7,11,12,14,20,22,23,4,17,18,19,21
2,3,4,6,11,12,14,17,18,19,20,21,23>2,6,7,11,14,15,16,20,22,4,17,18,19,21
2,3,4,6,11,12,14,17,18,19,20,21,23>2,7,8,12,16,22,4,17,18,19,21
2,3,4,6,11,12,14,17,18,19,20,21,23>2,6,7,8,12,14,15,20,22,23,4,17,18,19,21
3,6,9,12,14,15,17,18,21>3,10,13,19,21,22,18,12,15
3,6,9,12,14,15,17,18,21>3,4,10,13,14,16,17,21,22,18,12,15
3,6,9,12,14,15,17,18,21>16,17,4,6,18,12,15
3,6,9,12,14,15,17,18,21>3,7,10,17,19,21,18,12,15
3,6,9,12,14,15,17,18,21>3,4,7,9,16,17,19,21,18,12,15
3,6,9,12,14,15,17,18,21>3,4,8,9,13,16,19,18,12,15
1,2,3,4,5,7,9,11,13,14,15,18,19,21,22,23>1,11,16,18,20,2,4,14,15,19,22,23
1,2,3,4,5,7,9,11,13,14,15,18,19,21,22,23>3,7,11,13,20,2,4,14,15,19,22,23
1,2,3,4,5,7,9,11,13,14,15,18,19,21,22,23>5,7,11,16,18,20,2,4,14,15,19,22,23
1,2,3,4,5,7,9,11,13,14,15,18,19,21,22,23>1,5,7,11,13,16,18,2,4,14,15,19,22,23
1,2,3,4,5,7,9,11,13,14,15,18,19,21,22,23>3,9,13,16,20,2,4,14,15,19,22,23
1,2,3,4,5,7,9,11,13,14,15,18,19,21,22,23>1,3,7,9,16,18,2,4,14,15,19,22,23
1,4,6,7,11,12,13,15,16,19,20,21,23>1,2,11,13,14,15,19,20,23,16,21,7
1,4,6,7,11,12,13,15,16,19,20,21,23>1,2,4,11,12,13,15,20,23,16,21,7
1,4,6,7,11,12,13,15,16,19,20,21,23>14,15,6,11,16,21,7
1,4,6,7,11,12,13,15,16,19,20,21,23>1,8,13,14,19,22,16,21,7
1,4,6,7,11,12,13,15,16,19,20,21,23>1,4,8,11,13,16,21,7
1,4,6,7,11,12,13,15,16,19,20,21,23>6,8,11,12,13,19,20,22,16,21,7
1,3,4,6,7,8,9,10,12,13,18,19,21,23>10,11,13,16,18,23,4,7,8,12,19
1,3,4,6,7,8,9,10,12,13,18,19,21,23>2,18,22,11,4,7,8,12,19
1,3,4,6,7,8,9,10,12,13,18,19,21,23>1,2,6,11,14,16,21,4,7,8,12,19
1,3,4,6,7,8,9,10,12,13,18,19,21,23>1,21,9,10,4,7,8,12,19
1,3,4,6,7,8,9,10,12,13,18,19,21,23>2,9,10,13,16,21,22,23,4,7,8,12,19
1,3,4,6,7,8,9,10,12,13,18,19,21,23>6,9,11,13,14,18,4,7,8,12,19
5,6,7,8,10,20,22>23,5,10,20,6,7
5,6,7,8,10,20,22>23,8,10,21,20,6,7
5,6,7,8,10,20,22>8,10,13,21,20,6,7
5,6,7,8,10,20,22>5,8,17,22,20,6,7
5,6,7,8,10,20,22>23,10,17,22,20,6,7
5,6,7,8,10,20,22>23,10,13,17,20,6,7
2,3,4,6,11,12,14,17,18,22>2,3,11,13,14,15,16,19,18,4,12
2,3,4,6,11,12,14,17,18,22>2,3,6,7,13,14,15,23,18,4,12
2,3,4,6,11,12,14,17,18,22>8,11,14,15,17,19,22,18,4,12
2,3,4,6,11,12,14,17,18,22>3,6,8,11,14,16,23,18,4,12
2,3,4,6,11,12,14,17,18,22>3,6,8,16,17,23,18,4,12
2,3,4,6,11,12,14,17,18,22>7,8,11,13,15,17,19,22,18,4,12
5,7,10,11,17,18,19,23>5,7,19,18,11
5,7,10,11,17,18,19,23>5,10,19,18,11
5,7,10,11,17,18,19,23>7,10,17,19,18,11
5,7,10,11,17,18,19,23>10,20,19,18,11
5,7,10,11,17,18,19,23>5,17,20,23,19,18,11
5,7,10,11,17,18,19,23>7,17,20,23,19,18,11
2,7,8,9,11,13,14,15,20,21,22,23>15,7,11,13,14,20,21,22,23
2,7,8,9,11,13,14,15,20,21,22,23>2,7,8,11,15,14,20,21,22,23
2,7,8,9,11,13,14,15,20,21,22,23>2,17,9,16,14,20,21,22,23
2,7,8,9,11,13,14,15,20,21,22,23>7,8,10,11,13,17,14,20,21,22,23
2,7,8,9,11,13,14,15,20,21,22,23>2,7,8,10,11,14,20,21,22,23
2,7,8,9,11,13,14,15,20,21,22,23>9,10,11,13,15,14,20,21,22,23
1,3,4,6,7,8,9,10,12,16,21>1,6,22,13,4,7,8,10,12,16
1,3,4,6,7,8,9,10,12,16,21>2,3,6,11,13,4,7,8,10,12,16
1,3,4,6,7,8,9,10,12,16,21>1,2,3,6,11,21,22,4,7,8,10,12,16
1,3,4,6,7,8,9,10,12,16,21>2,9,11,13,22,4,7,8,10,12,16
1,3,4,6,7,8,9,10,12,16,21>1,2,3,9,11,13,4,7,8,10,12,16
1,3,4,6,7,8,9,10,12,16,21>6,9,11,21,22,4,7,8,10,12,16
1,2,6,8,9,13,14,15,16,17,20,21,23>17,1,22,15,2,8,14,16,20,21
1,2,6,8,9,13,14,15,16,17,20,21,23>17,22,7,15,2,8,14,16,20,21
1,2,6,8,9,13,14,15,16,17,20,21,23>1,6,9,15,17,23,2,8,14,16,20,21
1,2,6,8,9,13,14,15,16,17,20,21,23>6,7,9,13,15,2,8,14,16,20,21
1,2,6,8,9,13,14,15,16,17,20,21,23>1,6,10,13,23,2,8,14,16,20,21
1,2,6,8,9,13,14,15,16,17,20,21,23>1,7,9,10,13,15,23,2,8,14,16,20,21
2,3,4,8,10,11,13,14,16,17,20,21,22,23>2,10,17,4,8,14,16,20,21,22,23
2,3,4,8,10,11,13,14,16,17,20,21,22,23>11,17,4,8,14,16,20,21,22,23
2,3,4,8,10,11,13,14,16,17,20,21,22,23>3,10,11,4,8,14,16,20,21,22,23
2,3,4,8,10,11,13,14,16,17,20,21,22,23>2,10,13,4,8,14,16,20,21,22,23
2,3,4,8,10,11,13,14,16,17,20,21,22,23>3,10,13,17,4,8,14,16,20,21,22,23
2,3,4,8,10,11,13,14,16,17,20,21,22,23>11,13,4,8,14,16,20,21,22,23
3,4,5,6,8,12,13,15,16,21,22,23>3,15,21,4,6,8,12,16,22,23
3,4,5,6,8,12,13,15,16,21,22,23>3,5,7,21,4,6,8,12,16,22,23
3,4,5,6,8,12,13,15,16,21,22,23>5,13,4,6,8,12,16,22,23
3,4,5,6,8,12,13,15,16,21,22,23>3,14,15,4,6,8,12,16,22,23
3,4,5,6,8,12,13,15,16,21,22,23>5,14,15,4,6,8,12,16,22,23
3,4,5,6,8,12,13,15,16,21,22,23>7,14,21,4,6,8,12,16,22,23
1,4,5,6,7,8,9,10,13,17,18,19,20>8,10,14,16,18,7,13,17,19,20
1,4,5,6,7,8,9,10,13,17,18,19,20>10,14,16,21,7,13,17,19,20
1,4,5,6,7,8,9,10,13,17,18,19,20>1,2,5,8,18,21,7,13,17,19,20
1,4,5,6,7,8,9,10,13,17,18,19,20>14,4,5,21,7,13,17,19,20
1,4,5,6,7,8,9,10,13,17,18,19,20>2,6,9,14,18,21,7,13,17,19,20
1,4,5,6,7,8,9,10,13,17,18,19,20>5,6,10,18,21,7,13,17,19,20
1,2,3,7,10,11,12,14,15,16,18,22>3,10,13,22,23,2,11,12,15,16
1,2,3,7,10,11,12,14,15,16,18,22>1,3,4,10,13,14,18,19,23,2,11,12,15,16
1,2,3,7,10,11,12,14,15,16,18,22>1,3,4,22,23,2,11,12,15,16
1,2,3,7,10,11,12,14,15,16,18,22>1,4,8,13,18,23,2,11,12,15,16
1,2,3,7,10,11,12,14,15,16,18,22>7,8,10,13,18,22,23,2,11,12,15,16
1,2,3,7,10,11,12,14,15,16,18,22>4,7,8,14,19,22,23,2,11,12,15,16
1,6,11,12,14,15,16,17,21>11,13,14,17,18,21,16,12,15
1,6,11,12,14,15,16,17,21>11,13,14,21,22,16,12,15
1,6,11,12,14,15,16,17,21>1,2,6,7,13,14,18,16,12,15
1,6,11,12,14,15,16,17,21>1,21,22,8,16,12,15
1,6,11,12,14,15,16,17,21>1,2,8,11,17,22,16,12,15
1,6,11,12,14,15,16,17,21>6,7,8,11,13,17,18,22,16,12,15
5,7,8,12,16,17,20,21,22>5,6,23,17,8,21,22
5,7,8,12,16,17,20,21,22>5,6,16,8,21,22
5,7,8,12,16,17,20,21,22>5,7,13,16,17,20,23,8,21,22
5,7,8,12,16,17,20,21,22>6,7,13,16,17,23,8,21,22
5,7,8,12,16,17,20,21,22>5,7,12,13,20,23,8,21,22
5,7,8,12,16,17,20,21,22>6,7,12,13,20,23,8,21,22
1,2,3,5,6,7,9,11,12,15,16,18,22,23>15,18,4,2,6,7,12,16,23
1,2,3,5,6,7,9,11,12,15,16,18,22,23>1,4,9,10,11,19,2,6,7,12,16,23
1,2,3,5,6,7,9,11,12,15,16,18,22,23>1,3,4,5,9,10,11,15,22,2,6,7,12,16,23
1,2,3,5,6,7,9,11,12,15,16,18,22,23>1,8,9,10,15,19,22,2,6,7,12,16,23
1,2,3,5,6,7,9,11,12,15,16,18,22,23>4,8,10,11,19,22,2,6,7,12,16,23
1,2,3,5,6,7,9,11,12,15,16,18,22,23>1,3,4,8,10,15,22,2,6,7,12,16,23
2,5,9,11,12,14,15,16>13,14,16,12,15
2,5,9,11,12,14,15,16>13,2,6,11,16,12,15
2,5,9,11,12,14,15,16>5,6,11,16,12,15
2,5,9,11,12,14,15,16>2,6,8,10,13,16,12,15
2,5,9,11,12,14,15,16>5,6,8,10,14,16,12,15
2,5,9,11,12,14,15,16>2,5,6,8,10,16,12,15
3,4,9,10,11,13,19,22,23>20,3,22,19,11,4,23
3,4,9,10,11,13,19,22,23>3,9,13,19,22,11,4,23
3,4,9,10,11,13,19,22,23>10,13,16,19,20,22,11,4,23
3,4,9,10,11,13,19,22,23>3,10,13,16,19,22,11,4,23
3,4,9,10,11,13,19,22,23>13,14,19,20,22,11,4,23
3,4,9,10,11,13,19,22,23>9,10,13,14,20,11,4,23
1,6,7,8,14,17,19,21,22,23>2,17,19,23,22,7
1,6,7,8,14,17,19,21,22,23>1,2,6,19,20,21,23,22,7
1,6,7,8,14,17,19,21,22,23>1,6,8,17,23,22,7
1,6,7,8,14,17,19,21,22,23>1,6,8,19,20,23,22,7
1,6,7,8,14,17,19,21,22,23>1,6,14,19,20,21,23,22,7
1,6,7,8,14,17,19,21,22,23>21,6,8,14,23,22,7
2,4,7,8,9,12,13,15,16,20,22,23>14,4,20,12,8,16,23
2,4,7,8,9,12,13,15,16,20,22,23>2,4,9,12,13,14,15,21,8,16,23
2,4,7,8,9,12,13,15,16,20,22,23>4,10,12,8,16,23
2,4,7,8,9,12,13,15,16,20,22,23>2,4,7,10,14,15,20,8,16,23
2,4,7,8,9,12,13,15,16,20,22,23>4,9,10,8,16,23
2,4,7,8,9,12,13,15,16,20,22,23>2,7,9,10,22,8,16,23
1,2,5,6,13,14,17,18,19,21,22,23>1,6,15,17,2,14,18,19,22,23
1,2,5,6,13,14,17,18,19,21,22,23>1,5,7,17,20,2,14,18,19,22,23
1,2,5,6,13,14,17,18,19,21,22,23>5,6,7,15,17,20,2,14,18,19,22,23
1,2,5,6,13,14,17,18,19,21,22,23>1,13,15,17,21,2,14,18,19,22,23
1,2,5,6,13,14,17,18,19,21,22,23>20,7,13,2,14,18,19,22,23
1,2,5,6,13,14,17,18,19,21,22,23>1,7,13,15,21,2,14,18,19,22,23
1,2,7,9,14,15,16,17,18,21,22,23>7,8,12,14,21,2,15,16,18,22,23
1,2,7,9,14,15,16,17,18,21,22,23>1,7,8,12,2,15,16,18,22,23
1,2,7,9,14,15,16,17,18,21,22,23>1,9,12,14,17,19,21,2,15,16,18,22,23
1,2,7,9,14,15,16,17,18,21,22,23>17,8,9,12,2,15,16,18,22,23
1,2,7,9,14,15,16,17,18,21,22,23>19,21,10,12,2,15,16,18,22,23
1,2,7,9,14,15,16,17,18,21,22,23>1,8,10,12,14,17,19,2,15,16,18,22,23
1,4,5,8,10,12,14,15,17,23>4,11,14,16,17,23,8,12
1,4,5,8,10,12,14,15,17,23>1,5,10,11,15,16,8,12
1,4,5,8,10,12,14,15,17,23>1,5,11,14,23,8,12
1,4,5,8,10,12,14,15,17,23>1,2,6,14,16,23,8,12
1,4,5,8,10,12,14,15,17,23>1,4,6,11,14,16,17,8,12
1,4,5,8,10,12,14,15,17,23>1,2,5,6,10,14,15,17,23,8,12
3,5,6,8,9,11,13,15,16,17,19,21,22>3,6,17,21,23,8,16,13,22
3,5,6,8,9,11,13,15,16,17,19,21,22>4,6,9,11,14,15,20,21,8,16,13,22
3,5,6,8,9,11,13,15,16,17,19,21,22>3,4,6,9,11,14,19,21,23,8,16,13,22
3,5,6,8,9,11,13,15,16,17,19,21,22>7,11,12,14,15,19,20,21,23,8,16,13,22
3,5,6,8,9,11,13,15,16,17,19,21,22>3,4,7,9,11,15,17,20,21,23,8,16,13,22
3,5,6,8,9,11,13,15,16,17,19,21,22>3,6,7,9,17,21,8,16,13,22
1,2,3,4,5,6,7,9,10,11,15,16,17,21>1,12,15,17,18,22,2,4,6,7,10,11,16
1,2,3,4,5,6,7,9,10,11,15,16,17,21>5,12,17,21,22,2,4,6,7,10,11,16
1,2,3,4,5,6,7,9,10,11,15,16,17,21>3,8,15,17,18,21,2,4,6,7,10,11,16
1,2,3,4,5,6,7,9,10,11,15,16,17,21>1,9,12,15,21,2,4,6,7,10,11,16
1,2,3,4,5,6,7,9,10,11,15,16,17,21>8,9,12,17,22,2,4,6,7,10,11,16
1,2,3,4,5,6,7,9,10,11,15,16,17,21>1,8,9,17,18,22,2,4,6,7,10,11,16
5,7,13,14,15,16,17,18,19,20,22,23>21,22,14,15,16,18,19,20,23
5,7,13,14,15,16,17,18,19,20,22,23>5,8,22,14,15,16,18,19,20,23
5,7,13,14,15,16,17,18,19,20,22,23>5,8,21,14,15,16,18,19,20,23
5,7,13,14,15,16,17,18,19,20,22,23>8,13,21,14,15,16,18,19,20,23
5,7,13,14,15,16,17,18,19,20,22,23>8,17,22,14,15,16,18,19,20,23
5,7,13,14,15,16,17,18,19,20,22,23>7,13,17,14,15,16,18,19,20,23
1,2,3,6,7,8,10,13,15,16,19,21,22>11,12,14,19,21,2,7,8,13,16,22
1,2,3,6,7,8,10,13,15,16,19,21,22>1,6,11,19,21,2,7,8,13,16,22
1,2,3,6,7,8,10,13,15,16,19,21,22>1,6,14,19,20,21,2,7,8,13,16,22
1,2,3,6,7,8,10,13,15,16,19,21,22>3,6,11,12,20,23,2,7,8,13,16,22
1,2,3,6,7,8,10,13,15,16,19,21,22>1,4,6,14,15,19,20,2,7,8,13,16,22
1,2,3,6,7,8,10,13,15,16,19,21,22>3,6,10,11,12,14,19,23,2,7,8,13,16,22
1,5,6,7,9,11,12,13,14,15,16,21>21,2,5,6,7,12,13,14,15,16
1,5,6,7,9,11,12,13,14,15,16,21>1,2,5,11,6,7,12,13,14,15,16
1,5,6,7,9,11,12,13,14,15,16,21>1,2,5,8,22,6,7,12,13,14,15,16
1,5,6,7,9,11,12,13,14,15,16,21>21,9,11,6,7,12,13,14,15,16
1,5,6,7,9,11,12,13,14,15,16,21>1,8,9,11,6,7,12,13,14,15,16
1,5,6,7,9,11,12,13,14,15,16,21>2,5,8,9,10,11,6,7,12,13,14,15,16
3,4,8,10,12,13,15,16,17,22>10,11,17,22,23,4,8,12,13,16
3,4,8,10,12,13,15,16,17,22>3,14,17,4,8,12,13,16
3,4,8,10,12,13,15,16,17,22>3,11,14,22,4,8,12,13,16
3,4,8,10,12,13,15,16,17,22>10,15,17,4,8,12,13,16
3,4,8,10,12,13,15,16,17,22>10,14,15,22,23,4,8,12,13,16
3,4,8,10,12,13,15,16,17,22>3,10,14,15,23,4,8,12,13,16
1,3,5,6,9,11,13,15,16,18,20,22>7,8,10,18,22,23,16,20,13,6
1,3,5,6,9,11,13,15,16,18,20,22>2,4,8,10,14,15,19,21,22,16,20,13,6
1,3,5,6,9,11,13,15,16,18,20,22>5,8,9,11,18,19,23,16,20,13,6
1,3,5,6,9,11,13,15,16,18,20,22>1,5,10,11,15,19,22,23,16,20,13,6
1,3,5,6,9,11,13,15,16,18,20,22>1,3,4,5,7,8,9,11,15,19,21,23,16,20,13,6
1,3,5,6,9,11,13,15,16,18,20,22>2,3,4,5,8,15,18,21,22,23,16,20,13,6
7,8,9,10,11,14,16,17,20,22>7,9,11,17,21,22,8,10,20
7,8,9,10,11,14,16,17,20,22>7,23,13,16,8,10,20
7,8,9,10,11,14,16,17,20,22>14,17,21,22,23,8,10,20
7,8,9,10,11,14,16,17,20,22>7,9,14,16,22,23,8,10,20
7,8,9,10,11,14,16,17,20,22>11,14,17,22,23,8,10,20
7,8,9,10,11,14,16,17,20,22>7,9,11,14,16,17,21,23,8,10,20
3,5,6,7,8,9,12,13,18,19,21>21,3,4,5,7,8,12,13,19
3,5,6,7,8,9,12,13,18,19,21>3,5,6,18,7,8,12,13,19
3,5,6,7,8,9,12,13,18,19,21>3,4,5,6,22,7,8,12,13,19
3,5,6,7,8,9,12,13,18,19,21>22,6,9,7,8,12,13,19
3,5,6,7,8,9,12,13,18,19,21>3,4,6,9,18,21,7,8,12,13,19
3,5,6,7,8,9,12,13,18,19,21>4,5,6,9,14,18,21,7,8,12,13,19
1,2,3,4,5,6,8,9,12,13,14,17,18,19,22>18,22,23,9,2,4,8,12,13,14,19
1,2,3,4,5,6,8,9,12,13,14,17,18,19,22>1,3,5,17,18,22,23,2,4,8,12,13,14,19
1,2,3,4,5,6,8,9,12,13,14,17,18,19,22>1,3,7,9,17,22,23,2,4,8,12,13,14,19
1,2,3,4,5,6,8,9,12,13,14,17,18,19,22>3,5,7,9,16,17,2,4,8,12,13,14,19
1,2,3,4,5,6,8,9,12,13,14,17,18,19,22>5,6,7,17,18,2,4,8,12,13,14,19
1,2,3,4,5,6,8,9,12,13,14,17,18,19,22>3,5,6,7,17,22,23,2,4,8,12,13,14,19
1,2,3,5,6,10,13,14,15,19,21>3,4,7,10,16,19,2,13,14,15
1,2,3,5,6,10,13,14,15,19,21>1,3,5,10,16,21,2,13,14,15
1,2,3,5,6,10,13,14,15,19,21>1,6,7,16,20,21,2,13,14,15
1,2,3,5,6,10,13,14,15,19,21>1,3,6,10,11,20,21,2,13,14,15
1,2,3,5,6,10,13,14,15,19,21>1,3,6,7,11,16,19,21,2,13,14,15
1,2,3,5,6,10,13,14,15,19,21>3,4,6,16,19,20,21,22,2,13,14,15
1,2,4,9,10,12,13,15,17>16,17,18,2,10,12,13
1,2,4,9,10,12,13,15,17>4,8,14,15,18,2,10,12,13
1,2,4,9,10,12,13,15,17>1,4,8,17,18,2,10,12,13
1,2,4,9,10,12,13,15,17>16,18,9,2,10,12,13
1,2,4,9,10,12,13,15,17>4,8,15,17,18,2,10,12,13
1,2,4,9,10,12,13,15,17>1,4,8,9,11,18,2,10,12,13
2,6,7,9,10,11,12,15,16,20,21,23>20,2,12,15,16,10,21,7
2,6,7,9,10,11,12,15,16,20,21,23>2,6,20,22,23,16,10,21,7
2,6,7,9,10,11,12,15,16,20,21,23>6,8,12,16,10,21,7
2,6,7,9,10,11,12,15,16,20,21,23>6,9,12,15,22,23,16,10,21,7
2,6,7,9,10,11,12,15,16,20,21,23>23,6,8,9,16,10,21,7
2,6,7,9,10,11,12,15,16,20,21,23>6,11,20,22,23,16,10,21,7
4,5,6,8,11,14,16,18,19,21,22,23>20,6,12,14,8,16,19,22,23
4,5,6,8,11,14,16,18,19,21,22,23>18,4,6,14,8,16,19,22,23
4,5,6,8,11,14,16,18,19,21,22,23>7,12,18,20,21,8,16,19,22,23
4,5,6,8,11,14,16,18,19,21,22,23>5,6,7,12,14,18,21,8,16,19,22,23
4,5,6,8,11,14,16,18,19,21,22,23>4,5,11,12,18,20,21,8,16,19,22,23
4,5,6,8,11,14,16,18,19,21,22,23>6,7,11,14,18,20,8,16,19,22,23
2,3,4,6,8,14,15,21,23>16,2,7,15,4
2,3,4,6,8,14,15,21,23>3,7,15,16,21,22,4
2,3,4,6,8,14,15,21,23>16,3,6,7,4
2,3,4,6,8,14,15,21,23>6,8,15,16,21,22,4
2,3,4,6,8,14,15,21,23>2,3,6,8,15,22,23,4
2,3,4,6,8,14,15,21,23>3,6,7,8,15,21,22,23,4
1,7,8,14,17,19,20,22,23>1,2,19,21,17,20,23
1,7,8,14,17,19,20,22,23>22,2,7,19,17,20,23
1,7,8,14,17,19,20,22,23>1,2,14,19,22,17,20,23
1,7,8,14,17,19,20,22,23>1,7,14,19,21,17,20,23
1,7,8,14,17,19,20,22,23>22,8,14,21,17,20,23
1,7,8,14,17,19,20,22,23>1,2,7,8,14,22,17,20,23
2,3,4,8,9,12,14,19,23>2,3,19,8,4,12
2,3,4,8,9,12,14,19,23>2,9,8,4,12
2,3,4,8,9,12,14,19,23>2,14,19,8,4,12
2,3,4,8,9,12,14,19,23>9,14,19,8,4,12
2,3,4,8,9,12,14,19,23>2,14,16,23,8,4,12
2,3,4,8,9,12,14,19,23>9,14,16,23,8,4,12
2,3,4,6,8,9,10,12,18,20,22,23>2,3,21,12,8,10,4,23
2,3,4,6,8,9,10,12,18,20,22,23>7,12,16,17,21,22,8,10,4,23
2,3,4,6,8,9,10,12,18,20,22,23>2,3,7,19,20,22,8,10,4,23
2,3,4,6,8,9,10,12,18,20,22,23>2,3,6,7,21,8,10,4,23
2,3,4,6,8,9,10,12,18,20,22,23>2,9,12,16,22,8,10,4,23
2,3,4,6,8,9,10,12,18,20,22,23>6,9,17,18,21,22,8,10,4,23
1,2,5,9,10,11,13,14,16,18,20,22>11,15,18,21,22,23,2,10,13,14,20
1,2,5,9,10,11,13,14,16,18,20,22>1,5,6,18,21,23,2,10,13,14,20
1,2,5,9,10,11,13,14,16,18,20,22>1,5,6,21,22,2,10,13,14,20
1,2,5,9,10,11,13,14,16,18,20,22>6,8,11,16,18,19,21,23,2,10,13,14,20
1,2,5,9,10,11,13,14,16,18,20,22>5,8,9,11,16,18,19,21,2,10,13,14,20
1,2,5,9,10,11,13,14,16,18,20,22>1,6,8,9,16,22,23,2,10,13,14,20
1,3,5,6,12,15,16,17,19>1,7,13,15,17,18,16,12
1,3,5,6,12,15,16,17,19>15,3,18,6,16,12
1,3,5,6,12,15,16,17,19>2,4,7,15,17,19,16,12
1,3,5,6,12,15,16,17,19>3,5,6,7,16,12
1,3,5,6,12,15,16,17,19>4,5,7,8,13,15,18,16,12
1,3,5,6,12,15,16,17,19>2,4,5,6,13,17,18,16,12
2,3,4,5,6,7,9,10,12,17,19,20,21,22,23>2,5,9,10,12,16,4,7,17,21,22,23
2,3,4,5,6,7,9,10,12,17,19,20,21,22,23>3,5,10,18,19,4,7,17,21,22,23
2,3,4,5,6,7,9,10,12,17,19,20,21,22,23>3,5,9,10,12,16,18,4,7,17,21,22,23
2,3,4,5,6,7,9,10,12,17,19,20,21,22,23>2,6,10,16,18,19,4,7,17,21,22,23
2,3,4,5,6,7,9,10,12,17,19,20,21,22,23>16,20,6,8,4,7,17,21,22,23
2,3,4,5,6,7,9,10,12,17,19,20,21,22,23>2,3,5,6,8,9,12,18,19,4,7,17,21,22,23
3,6,7,9,10,11,12,13,22,23>3,6,14,7,10,11,12,23
3,6,7,9,10,11,12,13,22,23>4,8,14,7,10,11,12,23
3,6,7,9,10,11,12,13,22,23>6,9,13,14,7,10,11,12,23
3,6,7,9,10,11,12,13,22,23>3,6,9,13,7,10,11,12,23
3,6,7,9,10,11,12,13,22,23>22,4,6,9,7,10,11,12,23
3,6,7,9,10,11,12,13,22,23>3,8,9,7,10,11,12,23
1,2,5,6,7,10,11,13,14,15,17,19,22,23>1,6,17,18,19,20,22,2,7,11,14,15,23
1,2,5,6,7,10,11,13,14,15,17,19,22,23>1,5,6,18,19,2,7,11,14,15,23
1,2,5,6,7,10,11,13,14,15,17,19,22,23>1,10,19,17,2,7,11,14,15,23
1,2,5,6,7,10,11,13,14,15,17,19,22,23>1,6,10,17,18,2,7,11,14,15,23
1,2,5,6,7,10,11,13,14,15,17,19,22,23>1,5,10,13,17,18,20,2,7,11,14,15,23
1,2,5,6,7,10,11,13,14,15,17,19,22,23>5,6,10,13,16,19,2,7,11,14,15,23
1,3,5,6,7,9,10,11,12,13,18,22,23>1,2,8,9,22,6,7,10,11,12,23
1,3,5,6,7,9,10,11,12,13,18,22,23>1,2,18,9,6,7,10,11,12,23
1,3,5,6,7,9,10,11,12,13,18,22,23>2,5,13,14,18,22,6,7,10,11,12,23
1,3,5,6,7,9,10,11,12,13,18,22,23>2,3,5,14,18,22,6,7,10,11,12,23
1,3,5,6,7,9,10,11,12,13,18,22,23>3,4,5,8,9,6,7,10,11,12,23
1,3,5,6,7,9,10,11,12,13,18,22,23>1,3,4,5,18,6,7,10,11,12,23
2,5,6,7,8,9,11,12,14,15,20,21,23>2,9,12,15,16,17,20,22,23,8,21,6,7
2,5,6,7,8,9,11,12,14,15,20,21,23>5,10,14,15,20,22,23,8,21,6,7
2,5,6,7,8,9,11,12,14,15,20,21,23>2,5,9,11,12,14,20,22,23,8,21,6,7
2,5,6,7,8,9,11,12,14,15,20,21,23>10,11,12,15,16,20,22,23,8,21,6,7
2,5,6,7,8,9,11,12,14,15,20,21,23>2,9,10,11,12,15,16,17,20,22,8,21,6,7
2,5,6,7,8,9,11,12,14,15,20,21,23>5,9,10,11,12,15,20,23,8,21,6,7
1,5,6,8,10,11,13,14,15,21,22>16,21,7,10,6,11,13,14,22
1,5,6,8,10,11,13,14,15,21,22>21,23,5,7,6,11,13,14,22
1,5,6,8,10,11,13,14,15,21,22>1,2,8,15,21,23,6,11,13,14,22
1,5,6,8,10,11,13,14,15,21,22>1,2,8,16,23,6,11,13,14,22
1,5,6,8,10,11,13,14,15,21,22>7,8,10,6,11,13,14,22
1,5,6,8,10,11,13,14,15,21,22>1,7,8,6,11,13,14,22
1,2,6,9,11,13,14,15,17,18,19,21,23>1,7,13,16,20,21,22,2,14,15,18,19
1,2,6,9,11,13,14,15,17,18,19,21,23>1,6,7,13,17,20,21,22,2,14,15,18,19
1,2,6,9,11,13,14,15,17,18,19,21,23>1,6,9,13,20,21,2,14,15,18,19
1,2,6,9,11,13,14,15,17,18,19,21,23>7,11,20,21,22,23,2,14,15,18,19
1,2,6,9,11,13,14,15,17,18,19,21,23>1,6,9,11,17,20,23,2,14,15,18,19
1,2,6,9,11,13,14,15,17,18,19,21,23>6,7,9,11,13,20,22,23,2,14,15,18,19
3,4,7,13,15,17,21,22,23>18,21,13,14,4,22,23
3,4,7,13,15,17,21,22,23>3,7,13,14,16,17,4,22,23
3,4,7,13,15,17,21,22,23>7,13,15,16,17,4,22,23
3,4,7,13,15,17,21,22,23>7,13,15,17,21,4,22,23
3,4,7,13,15,17,21,22,23>7,14,15,16,18,21,4,22,23
3,4,7,13,15,17,21,22,23>3,13,14,15,18,4,22,23
1,3,6,7,8,9,12,14,15,16,17,20,21,22,23>4,10,15,17,20,7,8,16,21,22,23
1,3,6,7,8,9,12,14,15,16,17,20,21,22,23>1,4,9,10,12,14,17,20,7,8,16,21,22,23
1,3,6,7,8,9,12,14,15,16,17,20,21,22,23>1,2,3,4,9,17,20,7,8,16,21,22,23
1,3,6,7,8,9,12,14,15,16,17,20,21,22,23>2,6,12,15,17,20,7,8,16,21,22,23
1,3,6,7,8,9,12,14,15,16,17,20,21,22,23>2,6,10,17,20,7,8,16,21,22,23
1,3,6,7,8,9,12,14,15,16,17,20,21,22,23>1,2,4,6,10,15,17,7,8,16,21,22,23
2,3,5,7,9,10,12,15,18,22,23>4,9,15,18,19,22,10,12,23
2,3,5,7,9,10,12,15,18,22,23>3,5,8,15,18,22,10,12,23
2,3,5,7,9,10,12,15,18,22,23>2,4,5,8,11,19,10,12,23
2,3,5,7,9,10,12,15,18,22,23>3,4,5,7,9,22,10,12,23
2,3,5,7,9,10,12,15,18,22,23>3,4,5,11,15,16,10,12,23
2,3,5,7,9,10,12,15,18,22,23>3,6,7,8,15,19,22,10,12,23
2,3,4,6,9,11,13,14,15,17,20,21>2,3,6,11,16,18,4,13,14,15,17,20,21
2,3,4,6,9,11,13,14,15,17,20,21>2,3,6,18,22,4,13,14,15,17,20,21
2,3,4,6,9,11,13,14,15,17,20,21>2,9,16,18,22,4,13,14,15,17,20,21
2,3,4,6,9,11,13,14,15,17,20,21>2,6,9,10,11,4,13,14,15,17,20,21
2,3,4,6,9,11,13,14,15,17,20,21>22,3,6,9,4,13,14,15,17,20,21
2,3,4,6,9,11,13,14,15,17,20,21>3,6,7,9,16,4,13,14,15,17,20,21
1,5,6,7,9,10,11,13,15,19,21>1,14,15,19,21,11,13,7
1,5,6,7,9,10,11,13,15,19,21>2,10,14,15,20,11,13,7
1,5,6,7,9,10,11,13,15,19,21>1,5,14,16,19,20,21,22,11,13,7
1,5,6,7,9,10,11,13,15,19,21>1,6,14,15,20,21,11,13,7
1,5,6,7,9,10,11,13,15,19,21>2,6,14,16,20,11,13,7
1,5,6,7,9,10,11,13,15,19,21>1,2,5,9,10,19,20,11,13,7
1,2,3,4,5,7,8,9,10,11,13,14,17,19,20,21>1,3,9,10,11,22,2,4,13,14,17,20,21
1,2,3,4,5,7,8,9,10,11,13,14,17,19,20,21>1,3,5,9,16,19,22,2,4,13,14,17,20,21
1,2,3,4,5,7,8,9,10,11,13,14,17,19,20,21>1,3,7,8,10,16,19,2,4,13,14,17,20,21
1,2,3,4,5,7,8,9,10,11,13,14,17,19,20,21>5,7,8,9,19,2,4,13,14,17,20,21
1,2,3,4,5,7,8,9,10,11,13,14,17,19,20,21>1,5,7,8,9,10,16,22,2,4,13,14,17,20,21
1,2,3,4,5,7,8,9,10,11,13,14,17,19,20,21>3,5,7,8,11,16,19,2,4,13,14,17,20,21
5,7,8,9,10,11,12,13,14,15,16,17,19,20>5,7,9,10,11,17,8,16,13,14
5,7,8,9,10,11,12,13,14,15,16,17,19,20>5,9,10,15,20,21,8,16,13,14
5,7,8,9,10,11,12,13,14,15,16,17,19,20>5,10,11,12,20,21,8,16,13,14
5,7,8,9,10,11,12,13,14,15,16,17,19,20>5,7,10,11,17,20,8,16,13,14
5,7,8,9,10,11,12,13,14,15,16,17,19,20>7,9,10,11,12,17,19,21,8,16,13,14
5,7,8,9,10,11,12,13,14,15,16,17,19,20>5,7,9,10,11,20,8,16,13,14
2,3,5,6,7,9,14,15,16,18,21,23>2,4,5,9,12,18,22,16,15,6,7
2,3,5,6,7,9,14,15,16,18,21,23>2,3,4,5,10,18,22,16,15,6,7
2,3,5,6,7,9,14,15,16,18,21,23>3,8,18,21,22,16,15,6,7
2,3,5,6,7,9,14,15,16,18,21,23>3,4,8,12,14,21,22,16,15,6,7
2,3,5,6,7,9,14,15,16,18,21,23>2,5,8,9,10,12,18,19,21,16,15,6,7
2,3,5,6,7,9,14,15,16,18,21,23>2,4,5,8,9,12,19,21,16,15,6,7
1,2,5,6,7,8,9,10,12,13,15,19,21>1,5,6,11,14,16,2,7,8,12,13
1,2,5,6,7,8,9,10,12,13,15,19,21>1,5,6,14,15,21,2,7,8,12,13
1,2,5,6,7,8,9,10,12,13,15,19,21>5,10,11,16,19,2,7,8,12,13
1,2,5,6,7,8,9,10,12,13,15,19,21>5,6,10,14,15,2,7,8,12,13
1,2,5,6,7,8,9,10,12,13,15,19,21>1,9,10,14,21,22,2,7,8,12,13
1,2,5,6,7,8,9,10,12,13,15,19,21>5,9,10,11,14,15,19,21,22,2,7,8,12,13
1,7,9,13,18,20,23>2,7,9,13,14,18,19,21,20
1,7,9,13,18,20,23>1,10,13,17,18,21,20
1,7,9,13,18,20,23>1,2,10,17,19,21,23,20
1,7,9,13,18,20,23>9,10,17,18,23,20
1,7,9,13,18,20,23>1,9,10,17,19,21,23,20
1,7,9,13,18,20,23>1,7,9,10,14,18,23,20
2,4,9,10,11,13,14,15,16,17,18,19,20,21,23>2,4,8,17,23,14,15,16,18,19,20,21
2,4,9,10,11,13,14,15,16,17,18,19,20,21,23>2,4,9,13,17,14,15,16,18,19,20,21
2,4,9,10,11,13,14,15,16,17,18,19,20,21,23>4,8,9,13,22,23,14,15,16,18,19,20,21
2,4,9,10,11,13,14,15,16,17,18,19,20,21,23>10,11,13,17,22,23,14,15,16,18,19,20,21
2,4,9,10,11,13,14,15,16,17,18,19,20,21,23>4,8,10,11,23,14,15,16,18,19,20,21
2,4,9,10,11,13,14,15,16,17,18,19,20,21,23>2,4,8,9,10,17,14,15,16,18,19,20,21
5,9,12,14,15,19,20,23>8,16,17,19,20,21,15
5,9,12,14,15,19,20,23>23,5,9,16,15
5,9,12,14,15,19,20,23>8,14,16,19,20,21,15
5,9,12,14,15,19,20,23>9,14,16,17,23,15
5,9,12,14,15,19,20,23>5,9,14,17,19,20,21,15
5,9,12,14,15,19,20,23>5,9,14,16,19,15
4,5,7,12,17,22>5,16,18,22,23,12
4,5,7,12,17,22>4,6,17,18,22,12
4,5,7,12,17,22>4,8,16,18,22,23,12
4,5,7,12,17,22>4,6,8,13,16,17,12
4,5,7,12,17,22>5,6,8,17,18,22,12
4,5,7,12,17,22>4,5,6,7,8,16,17,22,12
2,3,5,6,8,11,12,13,15,16,18,19,20,21,22>4,7,11,14,20,23,8,13,16,19,21,22
2,3,5,6,8,11,12,13,15,16,18,19,20,21,22>2,5,7,11,14,15,8,13,16,19,21,22
2,3,5,6,8,11,12,13,15,16,18,19,20,21,22>2,3,5,12,15,18,23,8,13,16,19,21,22
2,3,5,6,8,11,12,13,15,16,18,19,20,21,22>3,4,5,6,12,14,15,20,23,8,13,16,19,21,22
2,3,5,6,8,11,12,13,15,16,18,19,20,21,22>3,4,6,7,14,20,8,13,16,19,21,22
2,3,5,6,8,11,12,13,15,16,18,19,20,21,22>3,4,5,6,12,14,15,18,23,8,13,16,19,21,22
2,4,5,6,7,13,16,18,22,23>2,5,8,14,18,22,16,23,6,7
2,4,5,6,7,13,16,18,22,23>4,5,8,14,18,22,16,23,6,7
2,4,5,6,7,13,16,18,22,23>4,22,12,13,16,23,6,7
2,4,5,6,7,13,16,18,22,23>5,12,13,18,22,16,23,6,7
2,4,5,6,7,13,16,18,22,23>8,12,13,19,22,16,23,6,7
2,4,5,6,7,13,16,18,22,23>4,5,8,12,14,19,22,16,23,6,7
1,3,6,8,9,16,21,22,23>21,12,2,16,8,22,23
1,3,6,8,9,16,21,22,23>10,21,16,3,8,22,23
1,3,6,8,9,16,21,22,23>1,2,3,7,10,16,8,22,23
1,3,6,8,9,16,21,22,23>10,2,21,4,8,22,23
1,3,6,8,9,16,21,22,23>2,3,6,10,16,8,22,23
1,3,6,8,9,16,21,22,23>21,4,6,9,8,22,23
1,2,3,5,6,7,8,9,12,13,15,17,19,20,22,23>3,4,5,13,20,21,2,7,8,17,23
1,2,3,5,6,7,8,9,12,13,15,17,19,20,22,23>3,16,6,9,2,7,8,17,23
1,2,3,5,6,7,8,9,12,13,15,17,19,20,22,23>4,6,9,12,14,21,2,7,8,17,23
1,2,3,5,6,7,8,9,12,13,15,17,19,20,22,23>4,6,12,13,14,16,19,21,2,7,8,17,23
1,2,3,5,6,7,8,9,12,13,15,17,19,20,22,23>3,4,6,12,13,19,20,22,2,7,8,17,23
1,2,3,5,6,7,8,9,12,13,15,17,19,20,22,23>1,3,5,6,13,16,20,21,2,7,8,17,23
2,4,6,7,8,10,12,13,14,15,16,17,19,20,21,23>2,22,23,19,7,8,14,16,21
2,4,6,7,8,10,12,13,14,15,16,17,19,20,21,23>6,17,20,22,23,7,8,14,16,21
2,4,6,7,8,10,12,13,14,15,16,17,19,20,21,23>6,13,15,17,19,22,23,7,8,14,16,21
2,4,6,7,8,10,12,13,14,15,16,17,19,20,21,23>4,6,10,13,15,20,22,7,8,14,16,21
2,4,6,7,8,10,12,13,14,15,16,17,19,20,21,23>4,6,10,17,20,22,7,8,14,16,21
2,4,6,7,8,10,12,13,14,15,16,17,19,20,21,23>2,6,12,15,17,22,23,7,8,14,16,21
1,3,4,8,10,12,13,15,17,19,23>2,13,16,17,19,8,4,12
1,3,4,8,10,12,13,15,17,19,23>3,13,14,15,16,17,19,8,4,12
1,3,4,8,10,12,13,15,17,19,23>1,2,3,13,17,19,23,8,4,12
1,3,4,8,10,12,13,15,17,19,23>3,10,11,13,8,4,12
1,3,4,8,10,12,13,15,17,19,23>1,3,10,11,15,16,17,8,4,12
1,3,4,8,10,12,13,15,17,19,23>2,3,10,11,14,17,19,8,4,12
9,13,14,16,17,18,20,22>10,13,16,19,21,23,18,20,14
9,13,14,16,17,18,20,22>9,10,13,19,21,23,18,20,14
9,13,14,16,17,18,20,22>21,10,15,16,18,20,14
9,13,14,16,17,18,20,22>9,10,15,16,17,18,20,14
9,13,14,16,17,18,20,22>8,9,13,15,17,19,18,20,14
9,13,14,16,17,18,20,22>10,13,15,19,21,22,18,20,14
1,2,4,5,6,7,8,10,11,12,13,14,16,19,22>23,1,5,2,7,8,11,12,13,14,16
1,2,4,5,6,7,8,10,11,12,13,14,16,19,22>1,6,19,2,7,8,11,12,13,14,16
1,2,4,5,6,7,8,10,11,12,13,14,16,19,22>23,4,6,19,2,7,8,11,12,13,14,16
1,2,4,5,6,7,8,10,11,12,13,14,16,19,22>4,5,10,22,2,7,8,11,12,13,14,16
1,2,4,5,6,7,8,10,11,12,13,14,16,19,22>23,4,6,10,2,7,8,11,12,13,14,16
1,2,4,5,6,7,8,10,11,12,13,14,16,19,22>1,5,6,10,2,7,8,11,12,13,14,16
3,4,13,14,15,16,17,19,21,22>3,12,18,19,21,4,14,15,16,22
3,4,13,14,15,16,17,19,21,22>3,8,12,18,20,21,23,4,14,15,16,22
3,4,13,14,15,16,17,19,21,22>3,13,19,4,14,15,16,22
3,4,13,14,15,16,17,19,21,22>8,12,13,18,19,21,23,4,14,15,16,22
3,4,13,14,15,16,17,19,21,22>20,8,17,4,14,15,16,22
3,4,13,14,15,16,17,19,21,22>8,13,17,19,21,4,14,15,16,22
1,6,8,10,12,13,16,17,18,23>11,16,17,18,23,8,12
1,6,8,10,12,13,16,17,18,23>2,6,11,13,14,16,18,19,8,12
1,6,8,10,12,13,16,17,18,23>1,2,7,11,13,14,16,17,23,8,12
1,6,8,10,12,13,16,17,18,23>2,10,13,14,16,17,18,8,12
1,6,8,10,12,13,16,17,18,23>1,2,6,10,11,16,17,18,8,12
1,6,8,10,12,13,16,17,18,23>1,7,10,13,19,23,8,12
2,6,7,9,10,11,15,17,18,19,20,23>23,6,9,7,17,18,19,20
2,6,7,9,10,11,15,17,18,19,20,23>2,6,9,16,21,7,17,18,19,20
2,6,7,9,10,11,15,17,18,19,20,23>2,10,15,7,17,18,19,20
2,6,7,9,10,11,15,17,18,19,20,23>2,9,10,23,7,17,18,19,20
2,6,7,9,10,11,15,17,18,19,20,23>2,9,11,16,7,17,18,19,20
2,6,7,9,10,11,15,17,18,19,20,23>23,10,11,7,17,18,19,20
2,5,6,8,9,12,15,21>2,13,15,16,21,22,8,12,6
2,5,6,8,9,12,15,21>2,7,15,21,22,8,12,6
2,5,6,8,9,12,15,21>9,15,16,21,22,8,12,6
2,5,6,8,9,12,15,21>5,7,9,15,21,22,8,12,6
2,5,6,8,9,12,15,21>10,13,15,16,21,22,8,12,6
2,5,6,8,9,12,15,21>21,7,10,15,8,12,6
1,4,5,7,8,9,10,11,12,14,15,19,20,21>1,10,11,14,16,19,22,8,21
1,4,5,7,8,9,10,11,12,14,15,19,20,21>2,5,10,11,12,17,20,8,21
1,4,5,7,8,9,10,11,12,14,15,19,20,21>1,2,4,5,9,11,15,19,20,22,8,21
1,4,5,7,8,9,10,11,12,14,15,19,20,21>1,4,7,9,12,14,19,22,8,21
1,4,5,7,8,9,10,11,12,14,15,19,20,21>2,4,7,10,13,16,17,19,20,22,8,21
1,4,5,7,8,9,10,11,12,14,15,19,20,21>1,2,5,7,15,16,17,19,20,22,8,21
2,7,8,12,14,15,17,19,20,22,23>2,16,19,20,22,8,17,23
2,7,8,12,14,15,17,19,20,22,23>2,12,16,19,21,22,8,17,23
2,7,8,12,14,15,17,19,20,22,23>7,12,16,19,20,22,8,17,23
2,7,8,12,14,15,17,19,20,22,23>12,15,16,20,22,8,17,23
2,7,8,12,14,15,17,19,20,22,23>2,12,15,16,19,20,21,8,17,23
2,7,8,12,14,15,17,19,20,22,23>21,12,14,15,8,17,23
2,7,10,13,14,15,17,20,21,22,23>2,13,18,14,15,17,20,21,22,23
2,7,10,13,14,15,17,20,21,22,23>7,13,18,14,15,17,20,21,22,23
2,7,10,13,14,15,17,20,21,22,23>2,7,13,14,15,17,20,21,22,23
2,7,10,13,14,15,17,20,21,22,23>7,10,13,14,15,17,20,21,22,23
2,7,10,13,14,15,17,20,21,22,23>7,16,18,14,15,17,20,21,22,23
2,7,10,13,14,15,17,20,21,22,23>2,10,16,18,14,15,17,20,21,22,23
1,2,3,6,7,8,9,10,16,18,19,22>1,11,18,20,23,8,2,19,7
1,2,3,6,7,8,9,10,16,18,19,22>1,3,10,11,16,23,8,2,19,7
1,2,3,6,7,8,9,10,16,18,19,22>1,4,13,16,18,23,8,2,19,7
1,2,3,6,7,8,9,10,16,18,19,22>1,6,12,16,22,23,8,2,19,7
1,2,3,6,7,8,9,10,16,18,19,22>1,4,6,10,11,12,13,22,8,2,19,7
1,2,3,6,7,8,9,10,16,18,19,22>6,9,10,11,20,22,23,8,2,19,7
1,2,3,9,10,12,13,14,17,22,23>4,8,13,15,22,2,10,12,14,23
1,2,3,9,10,12,13,14,17,22,23>1,4,8,11,15,18,22,2,10,12,14,23
1,2,3,9,10,12,13,14,17,22,23>15,22,9,13,2,10,12,14,23
1,2,3,9,10,12,13,14,17,22,23>1,9,11,17,2,10,12,14,23
1,2,3,9,10,12,13,14,17,22,23>3,9,11,13,17,22,2,10,12,14,23
1,2,3,9,10,12,13,14,17,22,23>15,8,9,13,2,10,12,14,23
4,6,7,10,13,15,17,18,22>19,22,15,18,13,7
4,6,7,10,13,15,17,18,22>6,11,16,17,19,18,13,7
4,6,7,10,13,15,17,18,22>6,11,14,15,19,23,18,13,7
4,6,7,10,13,15,17,18,22>11,14,16,17,19,22,23,18,13,7
4,6,7,10,13,15,17,18,22>6,11,14,16,23,18,13,7
4,6,7,10,13,15,17,18,22>17,10,11,14,18,13,7
2,3,4,5,6,7,9,11,12,13,16,17,18,20,21,23>3,10,12,14,17,22,23,4,6,7,16,18,21
2,3,4,5,6,7,9,11,12,13,16,17,18,20,21,23>2,5,10,11,12,14,20,4,6,7,16,18,21
2,3,4,5,6,7,9,11,12,13,16,17,18,20,21,23>2,8,14,17,19,20,22,23,4,6,7,16,18,21
2,3,4,5,6,7,9,11,12,13,16,17,18,20,21,23>2,3,9,12,13,14,19,23,4,6,7,16,18,21
2,3,4,5,6,7,9,11,12,13,16,17,18,20,21,23>2,3,8,9,10,13,14,19,23,4,6,7,16,18,21
2,3,4,5,6,7,9,11,12,13,16,17,18,20,21,23>5,8,9,10,11,14,17,19,20,4,6,7,16,18,21
1,2,3,6,8,9,11,16,21,23>4,9,11,12,16,21,22,23,8,2
1,2,3,6,8,9,11,16,21,23>12,21,6,22,8,2
1,2,3,6,8,9,11,16,21,23>6,9,10,11,21,23,8,2
1,2,3,6,8,9,11,16,21,23>3,6,10,11,12,16,22,8,2
1,2,3,6,8,9,11,16,21,23>1,3,7,9,10,11,12,16,21,22,23,8,2
1,2,3,6,8,9,11,16,21,23>1,4,6,7,9,10,12,16,21,8,2
1,3,4,6,7,8,12,14,15,18,19,20>16,6,20,14,8,19,4,7
1,3,4,6,7,8,12,14,15,18,19,20>1,17,6,21,8,19,4,7
1,3,4,6,7,8,12,14,15,18,19,20>1,6,13,14,17,8,19,4,7
1,3,4,6,7,8,12,14,15,18,19,20>2,17,6,14,8,19,4,7
1,3,4,6,7,8,12,14,15,18,19,20>1,3,6,14,15,17,8,19,4,7
1,3,4,6,7,8,12,14,15,18,19,20>1,12,14,15,18,20,21,8,19,4,7
1,3,4,5,8,10,11,12,13,14,18,20,22>3,12,20,21,23,8,4,13,14
1,3,4,5,8,10,11,12,13,14,18,20,22>3,10,16,17,18,19,20,8,4,13,14
1,3,4,5,8,10,11,12,13,14,18,20,22>2,5,10,12,16,19,22,23,8,4,13,14
1,3,4,5,8,10,11,12,13,14,18,20,22>1,2,3,5,16,17,20,21,22,23,8,4,13,14
1,3,4,5,8,10,11,12,13,14,18,20,22>12,16,20,6,8,4,13,14
1,3,4,5,8,10,11,12,13,14,18,20,22>1,2,5,6,16,19,21,22,8,4,13,14
1,2,6,11,15,16,17,20,21,22,23>1,6,7,8,15,18,2,16,20,21,22,23
1,2,6,11,15,16,17,20,21,22,23>18,11,2,16,20,21,22,23
1,2,6,11,15,16,17,20,21,22,23>1,6,7,11,15,17,2,16,20,21,22,23
1,2,6,11,15,16,17,20,21,22,23>6,8,11,17,2,16,20,21,22,23
1,2,6,11,15,16,17,20,21,22,23>1,7,8,11,17,2,16,20,21,22,23
1,2,6,11,15,16,17,20,21,22,23>6,7,8,11,2,16,20,21,22,23
1,4,6,7,8,14,15,16,17,18,19,20,21>17,18,2,14,7,8,16,19,20,21
1,4,6,7,8,14,15,16,17,18,19,20,21>1,4,14,15,17,22,7,8,16,19,20,21
1,4,6,7,8,14,15,16,17,18,19,20,21>2,4,14,15,18,7,8,16,19,20,21
1,4,6,7,8,14,15,16,17,18,19,20,21>17,18,22,13,7,8,16,19,20,21
1,4,6,7,8,14,15,16,17,18,19,20,21>1,2,13,17,18,7,8,16,19,20,21
1,4,6,7,8,14,15,16,17,18,19,20,21>2,6,13,15,17,22,7,8,16,19,20,21
1,2,4,5,11,12,13,15,16,17,19,23>1,4,13,14,15,17,19,16,2,12
1,2,4,5,11,12,13,15,16,17,19,23>1,8,13,14,17,18,19,23,16,2,12
1,2,4,5,11,12,13,15,16,17,19,23>1,5,8,11,15,17,18,16,2,12
1,2,4,5,11,12,13,15,16,17,19,23>1,4,5,8,13,15,19,23,16,2,12
1,2,4,5,11,12,13,15,16,17,19,23>4,8,11,14,17,16,2,12
1,2,4,5,11,12,13,15,16,17,19,23>1,5,8,11,14,17,19,23,16,2,12
5,9,12,15,18,21>16,19,21,13,12
5,9,12,15,18,21>9,13,15,18,19,22,12
5,9,12,15,18,21>6,10,13,15,21,12
5,9,12,15,18,21>21,8,10,13,12
5,9,12,15,18,21>5,22,9,10,12
5,9,12,15,18,21>5,6,8,9,10,15,18,21,12
6,8,9,10,13,14,18,20,22>6,18,19,21,23,10,20,14
6,8,9,10,13,14,18,20,22>9,17,18,19,22,23,10,20,14
6,8,9,10,13,14,18,20,22>7,9,17,18,19,10,20,14
6,8,9,10,13,14,18,20,22>6,7,8,9,17,19,10,20,14
6,8,9,10,13,14,18,20,22>6,7,8,13,17,18,19,10,20,14
6,8,9,10,13,14,18,20,22>7,22,9,13,10,20,14
5,6,8,10,11,13,21,22>5,10,23,11,13,6,22
5,6,8,10,11,13,21,22>7,10,23,11,13,6,22
5,6,8,10,11,13,21,22>5,7,10,21,11,13,6,22
5,6,8,10,11,13,21,22>5,8,10,11,13,6,22
5,6,8,10,11,13,21,22>5,7,8,14,11,13,6,22
5,6,8,10,11,13,21,22>7,10,14,21,11,13,6,22
1,2,3,5,6,9,15,21,22,23>1,9,16,2,23,6,22
1,2,3,5,6,9,15,21,22,23>4,5,10,2,23,6,22
1,2,3,5,6,9,15,21,22,23>7,9,10,15,16,2,23,6,22
1,2,3,5,6,9,15,21,22,23>1,7,10,15,21,2,23,6,22
1,2,3,5,6,9,15,21,22,23>3,4,7,10,15,16,2,23,6,22
1,2,3,5,6,9,15,21,22,23>3,4,7,9,15,16,21,2,23,6,22
2,3,5,6,7,9,10,12,13,14,16,17,18,23>13,16,17,5,6,7,10,12,14,18
2,3,5,6,7,9,10,12,13,14,16,17,18,23>2,4,8,11,17,23,6,7,10,12,14,18
2,3,5,6,7,9,10,12,13,14,16,17,18,23>2,3,4,8,9,16,17,6,7,10,12,14,18
2,3,5,6,7,9,10,12,13,14,16,17,18,23>5,8,11,15,16,17,19,23,6,7,10,12,14,18
2,3,5,6,7,9,10,12,13,14,16,17,18,23>4,5,8,11,15,16,17,19,6,7,10,12,14,18
2,3,5,6,7,9,10,12,13,14,16,17,18,23>2,3,4,5,8,9,15,17,19,23,6,7,10,12,14,18
1,5,10,12,13,15,17,20,22,23>2,5,6,12,13,20,17,23
1,5,10,12,13,15,17,20,22,23>1,6,8,10,12,14,15,20,22,17,23
1,5,10,12,13,15,17,20,22,23>5,8,10,12,15,16,20,22,17,23
1,5,10,12,13,15,17,20,22,23>6,8,10,13,15,16,21,22,17,23
1,5,10,12,13,15,17,20,22,23>1,6,8,14,15,18,22,17,23
1,5,10,12,13,15,17,20,22,23>1,2,6,8,15,16,17,23
7,8,10,11,15,19,20,21,22>7,23,15,16,20,21,22
7,8,10,11,15,19,20,21,22>17,8,10,15,20,21,22
7,8,10,11,15,19,20,21,22>8,10,16,17,19,23,20,21,22
7,8,10,11,15,19,20,21,22>7,8,11,15,16,17,20,21,22
7,8,10,11,15,19,20,21,22>10,11,13,16,17,19,20,21,22
7,8,10,11,15,19,20,21,22>7,10,11,13,16,19,23,20,21,22
2,13,22,15>14,23,13
2,13,22,15>2,14,13
2,13,22,15>2,15,13
2,13,22,15>15,16,23,13
2,13,22,15>14,15,22,13
2,13,22,15>16,22,13
1,2,6,8,9,10,12,15,18,20,21,23>18,19,22,15,8,2,10,21
1,2,6,8,9,10,12,15,18,20,21,23>1,6,16,17,18,19,20,23,8,2,10,21
1,2,6,8,9,10,12,15,18,20,21,23>1,9,19,20,22,8,2,10,21
1,2,6,8,9,10,12,15,18,20,21,23>12,15,18,22,23,8,2,10,21
1,2,6,8,9,10,12,15,18,20,21,23>12,15,16,17,18,19,20,23,8,2,10,21
1,2,6,8,9,10,12,15,18,20,21,23>6,12,15,16,17,19,20,22,8,2,10,21
1,2,9,10,11,12,20,22,23>1,17,20,2,10,23
1,2,9,10,11,12,20,22,23>1,8,17,22,2,10,23
1,2,9,10,11,12,20,22,23>1,9,20,21,22,2,10,23
1,2,9,10,11,12,20,22,23>8,11,17,21,22,2,10,23
1,2,9,10,11,12,20,22,23>9,11,17,2,10,23
1,2,9,10,11,12,20,22,23>22,8,9,12,2,10,23
2,6,7,9,12,13,14,17,19,22,23>18,19,15,17,12,23,14,7
2,6,7,9,12,13,14,17,19,22,23>18,22,8,12,23,14,7
2,6,7,9,12,13,14,17,19,22,23>2,8,17,19,22,12,23,14,7
2,6,7,9,12,13,14,17,19,22,23>22,6,8,17,12,23,14,7
2,6,7,9,12,13,14,17,19,22,23>19,9,12,23,14,7
2,6,7,9,12,13,14,17,19,22,23>6,13,15,17,19,22,12,23,14,7
1,4,5,10,11,12,13,14,15,16,17,19,20,23>2,4,5,8,11,12,13,18,19,23,16,14,15
1,4,5,10,11,12,13,14,15,16,17,19,20,23>4,5,17,18,20,23,16,14,15
1,4,5,10,11,12,13,14,15,16,17,19,20,23>2,4,5,10,11,13,18,19,20,23,16,14,15
1,4,5,10,11,12,13,14,15,16,17,19,20,23>2,4,8,10,11,12,13,16,14,15
1,4,5,10,11,12,13,14,15,16,17,19,20,23>1,4,5,8,10,11,17,18,19,23,16,14,15
1,4,5,10,11,12,13,14,15,16,17,19,20,23>2,4,5,8,17,18,19,16,14,15
1,3,5,7,8,12,13,14,15,16,20,21,22>1,23,6,15,8,13,14,16,21,22
1,3,5,7,8,12,13,14,15,16,20,21,22>1,2,20,8,13,14,16,21,22
1,3,5,7,8,12,13,14,15,16,20,21,22>23,1,3,6,8,13,14,16,21,22
1,3,5,7,8,12,13,14,15,16,20,21,22>1,4,5,6,12,20,8,13,14,16,21,22
1,3,5,7,8,12,13,14,15,16,20,21,22>3,4,5,6,23,8,13,14,16,21,22
1,3,5,7,8,12,13,14,15,16,20,21,22>2,3,4,5,6,7,12,8,13,14,16,21,22
1,3,5,7,9,10,11,14,18,22>1,9,13,14,18,19,23,10,11
1,3,5,7,9,10,11,14,18,22>23,4,19,7,10,11
1,3,5,7,9,10,11,14,18,22>3,4,6,9,13,15,18,19,10,11
1,3,5,7,9,10,11,14,18,22>1,3,4,13,14,15,18,22,23,10,11
1,3,5,7,9,10,11,14,18,22>1,2,4,5,9,14,18,22,23,10,11
1,3,5,7,9,10,11,14,18,22>1,2,3,4,5,6,9,15,10,11
7,9,13,14,15,20,21>7,22,13,14,15,20,21
7,9,13,14,15,20,21>16,22,13,14,15,20,21
7,9,13,14,15,20,21>7,9,10,16,13,14,15,20,21
7,9,13,14,15,20,21>9,17,22,13,14,15,20,21
7,9,13,14,15,20,21>9,10,17,13,14,15,20,21
7,9,13,14,15,20,21>7,16,17,13,14,15,20,21
1,2,4,6,7,12,13,15,16,19,21,23>1,4,19,21,22,16,2,12,7
1,2,4,6,7,12,13,15,16,19,21,23>23,6,14,15,16,2,12,7
1,2,4,6,7,12,13,15,16,19,21,23>23,8,14,15,16,2,12,7
1,2,4,6,7,12,13,15,16,19,21,23>1,4,8,14,22,16,2,12,7
1,2,4,6,7,12,13,15,16,19,21,23>6,8,15,19,21,22,16,2,12,7
1,2,4,6,7,12,13,15,16,19,21,23>1,4,6,13,21,16,2,12,7
1,2,3,6,7,9,10,14,19,21>1,11,14,15,20,2,7
1,2,3,6,7,9,10,14,19,21>1,20,21,22,2,7
1,2,3,6,7,9,10,14,19,21>3,4,11,13,20,21,2,7
1,2,3,6,7,9,10,14,19,21>9,11,14,19,21,2,7
1,2,3,6,7,9,10,14,19,21>6,9,10,11,14,15,20,22,2,7
1,2,3,6,7,9,10,14,19,21>1,3,4,6,9,10,15,19,21,22,2,7
2,4,5,7,9,11,12,13,14,16,19,20,21,22,23>7,9,12,13,15,14,16,21,22,23
2,4,5,7,9,11,12,13,14,16,19,20,21,22,23>5,7,9,11,19,20,14,16,21,22,23
2,4,5,7,9,11,12,13,14,16,19,20,21,22,23>2,8,11,13,20,14,16,21,22,23
2,4,5,7,9,11,12,13,14,16,19,20,21,22,23>4,7,8,11,15,20,14,16,21,22,23
2,4,5,7,9,11,12,13,14,16,19,20,21,22,23>4,7,8,11,12,15,19,14,16,21,22,23
2,4,5,7,9,11,12,13,14,16,19,20,21,22,23>2,5,7,8,11,12,19,20,14,16,21,22,23
3,4,5,7,8,9,15,20,22,23>9,10,15,16,17,21,4,20,23
3,4,5,7,8,9,15,20,22,23>6,22,9,4,20,23
3,4,5,7,8,9,15,20,22,23>5,7,9,16,17,21,4,20,23
3,4,5,7,8,9,15,20,22,23>5,6,8,10,15,21,22,4,20,23
3,4,5,7,8,9,15,20,22,23>3,5,6,8,9,21,4,20,23
3,4,5,7,8,9,15,20,22,23>3,7,8,10,15,21,22,4,20,23
1,4,6,7,8,9,10,14,16,17,18,19,20,21>1,2,4,10,13,22,7,8,16,19,20,21
1,4,6,7,8,9,10,14,16,17,18,19,20,21>1,2,4,6,10,18,22,7,8,16,19,20,21
1,4,6,7,8,9,10,14,16,17,18,19,20,21>1,18,22,9,7,8,16,19,20,21
1,4,6,7,8,9,10,14,16,17,18,19,20,21>1,4,9,17,18,7,8,16,19,20,21
1,4,6,7,8,9,10,14,16,17,18,19,20,21>4,6,9,17,18,22,7,8,16,19,20,21
1,4,6,7,8,9,10,14,16,17,18,19,20,21>2,4,6,9,10,18,22,7,8,16,19,20,21
3,4,5,7,9,13,19,20,21,22>19,3,16,23,4,13,20,21,22
3,4,5,7,9,13,19,20,21,22>19,3,5,16,4,13,20,21,22
3,4,5,7,9,13,19,20,21,22>5,7,9,16,17,23,4,13,20,21,22
3,4,5,7,9,13,19,20,21,22>5,7,9,16,19,4,13,20,21,22
3,4,5,7,9,13,19,20,21,22>5,14,16,17,23,4,13,20,21,22
3,4,5,7,9,13,19,20,21,22>19,3,5,14,4,13,20,21,22
2,4,6,7,14,16,17,18,20,21,22>19,23,14,15,7,16,18,20,21,22
2,4,6,7,14,16,17,18,20,21,22>4,8,15,17,19,7,16,18,20,21,22
2,4,6,7,14,16,17,18,20,21,22>2,4,8,13,15,17,7,16,18,20,21,22
2,4,6,7,14,16,17,18,20,21,22>4,6,8,14,15,17,23,7,16,18,20,21,22
2,4,6,7,14,16,17,18,20,21,22>4,13,14,15,17,23,7,16,18,20,21,22
2,4,6,7,14,16,17,18,20,21,22>2,4,8,13,17,19,7,16,18,20,21,22
1,4,6,8,9,12,14,15,17,19,20,22,23>4,9,15,16,19,20,21,8,17,23
1,4,6,8,9,12,14,15,17,19,20,22,23>1,2,6,9,12,15,16,20,8,17,23
1,4,6,8,9,12,14,15,17,19,20,22,23>1,4,6,12,15,16,19,20,22,8,17,23
1,4,6,8,9,12,14,15,17,19,20,22,23>2,4,6,9,12,15,19,21,8,17,23
1,4,6,8,9,12,14,15,17,19,20,22,23>2,4,7,9,14,15,16,19,21,22,8,17,23
1,4,6,8,9,12,14,15,17,19,20,22,23>1,4,6,7,12,15,19,22,8,17,23
1,2,3,4,5,6,7,9,10,11,13,14,18,20,21,22,23>1,13,17,18,19,2,4,6,7,10,14,20,21,22,23
1,2,3,4,5,6,7,9,10,11,13,14,18,20,21,22,23>3,5,13,16,18,2,4,6,7,10,14,20,21,22,23
1,2,3,4,5,6,7,9,10,11,13,14,18,20,21,22,23>3,11,16,17,18,19,2,4,6,7,10,14,20,21,22,23
1,2,3,4,5,6,7,9,10,11,13,14,18,20,21,22,23>9,11,13,15,16,17,18,19,2,4,6,7,10,14,20,21,22,23
1,2,3,4,5,6,7,9,10,11,13,14,18,20,21,22,23>1,9,11,15,17,18,19,2,4,6,7,10,14,20,21,22,23
1,2,3,4,5,6,7,9,10,11,13,14,18,20,21,22,23>1,5,9,11,15,2,4,6,7,10,14,20,21,22,23
1,3,4,5,6,7,10,11,12,13,14,16,19,20,22,23>5,11,12,13,19,20,4,7,14,16,23
1,3,4,5,6,7,10,11,12,13,14,16,19,20,22,23>1,2,3,5,10,12,19,21,22,4,7,14,16,23
1,3,4,5,6,7,10,11,12,13,14,16,19,20,22,23>6,8,13,15,19,21,22,4,7,14,16,23
1,3,4,5,6,7,10,11,12,13,14,16,19,20,22,23>3,6,10,11,13,15,20,21,4,7,14,16,23
1,3,4,5,6,7,10,11,12,13,14,16,19,20,22,23>1,2,5,6,11,13,15,19,21,4,7,14,16,23
1,3,4,5,6,7,10,11,12,13,14,16,19,20,22,23>2,3,5,6,8,10,12,13,15,21,22,4,7,14,16,23
2,3,4,5,7,12,14,16,19>5,13,14,15,19,16,4,12
2,3,4,5,7,12,14,16,19>15,2,3,5,16,4,12
2,3,4,5,7,12,14,16,19>2,3,7,14,15,16,4,12
2,3,4,5,7,12,14,16,19>2,3,5,7,13,19,16,4,12
2,3,4,5,7,12,14,16,19>2,3,5,8,13,14,19,16,4,12
2,3,4,5,7,12,14,16,19>2,3,5,7,8,19,16,4,12
1,3,4,5,8,19,22>20,1,23,19,4
1,3,4,5,8,19,22>20,22,5,16,4
1,3,4,5,8,19,22>1,2,5,16,22,4
1,3,4,5,8,19,22>1,2,5,16,23,4
1,3,4,5,8,19,22>3,8,16,22,23,4
1,3,4,5,8,19,22>2,3,5,8,19,20,4
1,2,4,5,6,7,9,11,14,16,17,18,19,21,22,23>4,6,9,12,14,15,20,21,2,7,16,18,19,22,23
1,2,4,5,6,7,9,11,14,16,17,18,19,21,22,23>4,6,9,14,17,20,21,2,7,16,18,19,22,23
1,2,4,5,6,7,9,11,14,16,17,18,19,21,22,23>4,6,11,12,14,17,20,21,2,7,16,18,19,22,23
1,2,4,5,6,7,9,11,14,16,17,18,19,21,22,23>1,5,8,9,15,17,20,2,7,16,18,19,22,23
1,2,4,5,6,7,9,11,14,16,17,18,19,21,22,23>1,4,6,8,9,11,14,15,17,20,2,7,16,18,19,22,23
1,2,4,5,6,7,9,11,14,16,17,18,19,21,22,23>1,4,5,6,8,9,11,12,14,15,17,21,2,7,16,18,19,22,23
1,3,6,23>1,7,23
1,3,6,23>1,4,7
1,3,6,23>3,6,7,23
1,3,6,23>2,3,6
1,3,6,23>1,2,4,6
1,3,6,23>1,3,4,6,23
4,5,6,7,9,11,13,14,16,17,19,20,21,22>4,5,11,15,18,19,7,13,14,16,20,21,22
4,5,6,7,9,11,13,14,16,17,19,20,21,22>17,6,11,7,13,14,16,20,21,22
4,5,6,7,9,11,13,14,16,17,19,20,21,22>4,5,8,11,18,7,13,14,16,20,21,22
4,5,6,7,9,11,13,14,16,17,19,20,21,22>4,9,15,18,19,7,13,14,16,20,21,22
4,5,6,7,9,11,13,14,16,17,19,20,21,22>5,6,9,17,23,7,13,14,16,20,21,22
4,5,6,7,9,11,13,14,16,17,19,20,21,22>8,9,11,15,18,23,7,13,14,16,20,21,22
1,2,4,5,6,7,13,14,17,18,20,21,22,23>4,16,19,2,6,7,14,17,18,20,21,22,23
1,2,4,5,6,7,13,14,17,18,20,21,22,23>5,19,2,6,7,14,17,18,20,21,22,23
1,2,4,5,6,7,13,14,17,18,20,21,22,23>1,5,13,16,2,6,7,14,17,18,20,21,22,23
1,2,4,5,6,7,13,14,17,18,20,21,22,23>1,15,16,19,2,6,7,14,17,18,20,21,22,23
1,2,4,5,6,7,13,14,17,18,20,21,22,23>13,15,16,19,2,6,7,14,17,18,20,21,22,23
1,2,4,5,6,7,13,14,17,18,20,21,22,23>1,4,5,13,15,2,6,7,14,17,18,20,21,22,23
1,2,5,6,7,8,9,11,12,13,15,16,18,20,22>1,5,9,14,15,18,23,2,6,7,8,13,16
1,2,5,6,7,8,9,11,12,13,15,16,18,20,22>1,10,20,22,23,2,6,7,8,13,16
1,2,5,6,7,8,9,11,12,13,15,16,18,20,22>11,12,15,19,20,23,2,6,7,8,13,16
1,2,5,6,7,8,9,11,12,13,15,16,18,20,22>5,9,11,14,15,21,22,2,6,7,8,13,16
1,2,5,6,7,8,9,11,12,13,15,16,18,20,22>1,10,11,14,15,18,21,22,2,6,7,8,13,16
1,2,5,6,7,8,9,11,12,13,15,16,18,20,22>1,5,10,11,15,18,20,21,23,2,6,7,8,13,16
6,8,11,12,16,21,22>6,21,23,8,12,22
6,8,11,12,16,21,22>11,21,8,12,22
6,8,11,12,16,21,22>7,13,21,23,8,12,22
6,8,11,12,16,21,22>6,7,13,21,8,12,22
6,8,11,12,16,21,22>6,7,11,16,23,8,12,22
6,8,11,12,16,21,22>7,13,16,23,8,12,22
2,3,5,8,10,14,15,17,18,20,21>2,3,4,8,13,14,18,19,22,17,20,21
2,3,5,8,10,14,15,17,18,20,21>2,5,13,14,16,18,22,17,20,21
2,3,5,8,10,14,15,17,18,20,21>2,4,6,10,16,18,19,22,17,20,21
2,3,5,8,10,14,15,17,18,20,21>2,3,4,6,10,13,14,15,16,19,17,20,21
2,3,5,8,10,14,15,17,18,20,21>5,6,13,16,18,22,17,20,21
2,3,5,8,10,14,15,17,18,20,21>2,3,4,5,6,8,10,13,15,16,19,17,20,21
1,2,7,8,10,11,17,18,21,22,23>21,1,10,18,2,11,22,23
1,2,7,8,10,11,17,18,21,22,23>7,10,18,2,11,22,23
1,2,7,8,10,11,17,18,21,22,23>1,17,18,2,11,22,23
1,2,7,8,10,11,17,18,21,22,23>7,17,19,2,11,22,23
1,2,7,8,10,11,17,18,21,22,23>21,1,7,17,2,11,22,23
1,2,7,8,10,11,17,18,21,22,23>8,10,17,18,21,2,11,22,23
2,4,7,9,11,13,14,19,23>2,4,13,15,16,20,14
2,4,7,9,11,13,14,19,23>4,7,15,16,20,23,14
2,4,7,9,11,13,14,19,23>20,9,15,14
2,4,7,9,11,13,14,19,23>4,7,9,13,16,19,23,14
2,4,7,9,11,13,14,19,23>7,11,15,16,19,14
2,4,7,9,11,13,14,19,23>2,9,11,13,23,14
