TCR,NFAT,IFN-\beta,IFN-\betaR,IL-18,IL-18R,IRAK,SOCS1,IL-12,IL-12R,STAT4,T-bet,IFN-\gamma,IFN-\gammaR,JAK1,STAT1,IL-4,IL-4R,STAT6,GATA3,IL-10,IL-10R,STAT3
3,4,8,9,11,12,13,14,16,17,19,22,23>3,11,19,22,4,8,12,14,16,23
3,4,8,9,11,12,13,14,16,17,19,22,23>3,9,11,19,4,8,12,14,16,23
3,4,8,9,11,12,13,14,16,17,19,22,23>3,9,13,19,4,8,12,14,16,23
3,4,8,9,11,12,13,14,16,17,19,22,23>3,11,13,4,8,12,14,16,23
3,4,8,9,11,12,13,14,16,17,19,22,23>3,17,19,4,8,12,14,16,23
3,4,8,9,11,12,13,14,16,17,19,22,23>9,17,19,22,4,8,12,14,16,23
3,4,8,9,11,12,13,14,16,17,19,22,23>3,11,17,22,4,8,12,14,16,23
3,4,8,9,11,12,13,14,16,17,19,22,23>9,11,17,19,4,8,12,14,16,23
3,4,8,9,11,12,13,14,16,17,19,22,23>13,17,19,22,4,8,12,14,16,23
3,4,8,9,11,12,13,14,16,17,19,22,23>3,9,13,17,22,4,8,12,14,16,23
1,3,9,11,12,16,19>3,9,11,13,16,19,12
1,3,9,11,12,16,19>13,2,3,11,12
1,3,9,11,12,16,19>2,19,4,9,12
1,3,9,11,12,16,19>3,4,11,13,19,12
1,3,9,11,12,16,19>1,3,4,11,16,19,12
1,3,9,11,12,16,19>2,3,4,11,12
1,3,9,11,12,16,19>2,8,11,13,19,12
1,3,9,11,12,16,19>3,8,9,13,16,19,12
1,3,9,11,12,16,19>19,4,8,12
1,3,9,11,12,16,19>1,3,4,8,13,12
1,6,7,8,10,11,13,16,17,18,19,20,22>2,14,16,17,18,23,7,8,13,19,20
1,6,7,8,10,11,13,16,17,18,19,20,22>1,2,10,17,18,22,7,8,13,19,20
1,6,7,8,10,11,13,16,17,18,19,20,22>6,10,14,18,21,23,7,8,13,19,20
1,6,7,8,10,11,13,16,17,18,19,20,22>1,6,10,17,21,22,23,7,8,13,19,20
1,6,7,8,10,11,13,16,17,18,19,20,22>1,2,11,16,18,21,22,23,7,8,13,19,20
1,6,7,8,10,11,13,16,17,18,19,20,22>2,6,10,11,16,17,18,21,23,7,8,13,19,20
1,6,7,8,10,11,13,16,17,18,19,20,22>2,6,11,14,17,18,23,7,8,13,19,20
1,6,7,8,10,11,13,16,17,18,19,20,22>2,6,10,11,14,16,17,18,21,7,8,13,19,20
1,6,7,8,10,11,13,16,17,18,19,20,22>2,10,11,16,22,23,7,8,13,19,20
1,6,7,8,10,11,13,16,17,18,19,20,22>2,6,10,11,17,21,22,7,8,13,19,20
5,8,9,10,11,15,17,18>17,5,15,16,10,11
5,8,9,10,11,15,17,18>8,9,13,17,19,10,11
5,8,9,10,11,15,17,18>5,8,9,17,18,19,10,11
5,8,9,10,11,15,17,18>13,15,16,18,19,10,11
5,8,9,10,11,15,17,18>5,13,15,17,18,10,11
5,8,9,10,11,15,17,18>5,19,13,15,10,11
5,8,9,10,11,15,17,18>5,8,13,15,16,18,10,11
5,8,9,10,11,15,17,18>5,6,8,13,16,18,19,10,11
5,8,9,10,11,15,17,18>8,9,13,15,16,10,11
5,8,9,10,11,15,17,18>5,6,8,9,13,10,11
3,4,7,10,11,14,15,16,20,23>3,7,21,16,4,20,15
3,4,7,10,11,14,15,16,20,23>7,10,11,14,16,4,20,15
3,4,7,10,11,14,15,16,20,23>23,3,8,21,16,4,20,15
3,4,7,10,11,14,15,16,20,23>3,7,8,14,16,4,20,15
3,4,7,10,11,14,15,16,20,23>23,10,21,16,4,20,15
3,4,7,10,11,14,15,16,20,23>3,7,11,14,23,16,4,20,15
3,4,7,10,11,14,15,16,20,23>7,8,11,14,21,16,4,20,15
3,4,7,10,11,14,15,16,20,23>3,7,8,11,16,4,20,15
3,4,7,10,11,14,15,16,20,23>23,7,10,11,16,4,20,15
3,4,7,10,11,14,15,16,20,23>8,10,11,16,4,20,15
1,3,4,5,7,8,11,12,13,15,16,20,21,22>14,15,3,4,8,13,16,21,22
1,3,4,5,7,8,11,12,13,15,16,20,21,22>1,3,7,11,12,14,23,4,8,13,16,21,22
1,3,4,5,7,8,11,12,13,15,16,20,21,22>2,5,11,12,14,15,20,23,4,8,13,16,21,22
1,3,4,5,7,8,11,12,13,15,16,20,21,22>2,5,7,11,12,14,23,4,8,13,16,21,22
1,3,4,5,7,8,11,12,13,15,16,20,21,22>3,5,7,15,23,4,8,13,16,21,22
1,3,4,5,7,8,11,12,13,15,16,20,21,22>1,2,3,5,12,15,20,23,4,8,13,16,21,22
1,3,4,5,7,8,11,12,13,15,16,20,21,22>1,15,6,14,4,8,13,16,21,22
1,3,4,5,7,8,11,12,13,15,16,20,21,22>1,2,6,11,23,4,8,13,16,21,22
1,3,4,5,7,8,11,12,13,15,16,20,21,22>1,3,6,7,14,20,23,4,8,13,16,21,22
1,3,4,5,7,8,11,12,13,15,16,20,21,22>2,3,6,7,15,23,4,8,13,16,21,22
1,4,5,7,9,10,11,12,17,18,21,22>1,2,4,7,8,9,16,19,21,23,10,11,12,18,22
1,4,5,7,9,10,11,12,17,18,21,22>13,16,17,5,10,11,12,18,22
1,4,5,7,9,10,11,12,17,18,21,22>1,2,4,6,7,9,16,17,19,21,23,10,11,12,18,22
1,4,5,7,9,10,11,12,17,18,21,22>1,2,4,6,8,9,16,21,10,11,12,18,22
1,4,5,7,9,10,11,12,17,18,21,22>1,5,16,17,19,21,23,10,11,12,18,22
1,4,5,7,9,10,11,12,17,18,21,22>4,5,7,8,9,13,16,19,21,23,10,11,12,18,22
1,4,5,7,9,10,11,12,17,18,21,22>1,2,5,16,21,10,11,12,18,22
1,4,5,7,9,10,11,12,17,18,21,22>2,5,7,8,19,23,10,11,12,18,22
1,4,5,7,9,10,11,12,17,18,21,22>1,4,6,7,8,9,13,17,19,10,11,12,18,22
1,4,5,7,9,10,11,12,17,18,21,22>1,2,4,6,7,8,9,21,10,11,12,18,22
1,3,4,6,7,9,10,15,19,20,21,23>2,15,17,19,22,23,21,4,20,7
1,3,4,6,7,9,10,15,19,20,21,23>1,2,17,19,22,21,4,20,7
1,3,4,6,7,9,10,15,19,20,21,23>1,3,10,15,16,17,23,21,4,20,7
1,3,4,6,7,9,10,15,19,20,21,23>1,2,3,9,10,15,19,22,23,21,4,20,7
1,3,4,6,7,9,10,15,19,20,21,23>1,2,6,10,21,4,20,7
1,3,4,6,7,9,10,15,19,20,21,23>1,3,6,21,4,20,7
1,3,4,6,7,9,10,15,19,20,21,23>2,9,10,16,22,23,21,4,20,7
1,3,4,6,7,9,10,15,19,20,21,23>1,2,3,9,16,19,22,23,21,4,20,7
1,3,4,6,7,9,10,15,19,20,21,23>6,9,15,16,17,19,23,21,4,20,7
1,3,4,6,7,9,10,15,19,20,21,23>2,6,9,10,16,19,21,4,20,7
2,3,4,7,9,10,12,14,15,17,19,20,23>10,18,19,20,21,23,17,4,15
2,3,4,7,9,10,12,14,15,17,19,20,23>3,10,12,14,16,18,20,21,17,4,15
2,3,4,7,9,10,12,14,15,17,19,20,23>3,7,10,12,16,20,23,17,4,15
2,3,4,7,9,10,12,14,15,17,19,20,23>7,8,10,12,14,16,18,17,4,15
2,3,4,7,9,10,12,14,15,17,19,20,23>2,7,8,12,14,16,19,17,4,15
2,3,4,7,9,10,12,14,15,17,19,20,23>2,7,8,14,16,18,19,20,21,23,17,4,15
2,3,4,7,9,10,12,14,15,17,19,20,23>7,9,10,12,16,19,21,17,4,15
2,3,4,7,9,10,12,14,15,17,19,20,23>2,3,7,9,12,14,16,18,20,21,23,17,4,15
2,3,4,7,9,10,12,14,15,17,19,20,23>2,3,8,9,12,14,16,18,19,20,17,4,15
2,3,4,7,9,10,12,14,15,17,19,20,23>2,3,8,9,10,12,14,18,20,23,17,4,15
3,4,5,8,9,10,11,15,16,21>21,22,13,15,4,8,10,11,16
3,4,5,8,9,10,11,15,16,21>3,13,15,4,8,10,11,16
3,4,5,8,9,10,11,15,16,21>21,3,5,4,8,10,11,16
3,4,5,8,9,10,11,15,16,21>21,3,6,9,4,8,10,11,16
3,4,5,8,9,10,11,15,16,21>5,6,9,13,21,4,8,10,11,16
3,4,5,8,9,10,11,15,16,21>21,3,12,13,4,8,10,11,16
3,4,5,8,9,10,11,15,16,21>22,5,12,15,4,8,10,11,16
3,4,5,8,9,10,11,15,16,21>3,6,12,15,21,22,4,8,10,11,16
3,4,5,8,9,10,11,15,16,21>5,6,12,15,21,4,8,10,11,16
3,4,5,8,9,10,11,15,16,21>9,12,15,4,8,10,11,16
1,2,4,6,8,9,10,11,13,14,16,17,18,19,20,21>1,22,6,11,2,8,13,14,16,19,20,21
1,2,4,6,8,9,10,11,13,14,16,17,18,19,20,21>4,6,10,17,22,2,8,13,14,16,19,20,21
1,2,4,6,8,9,10,11,13,14,16,17,18,19,20,21>1,6,7,9,17,22,2,8,13,14,16,19,20,21
1,2,4,6,8,9,10,11,13,14,16,17,18,19,20,21>1,4,6,10,17,2,8,13,14,16,19,20,21
1,2,4,6,8,9,10,11,13,14,16,17,18,19,20,21>6,7,10,11,2,8,13,14,16,19,20,21
1,2,4,6,8,9,10,11,13,14,16,17,18,19,20,21>1,4,9,10,17,18,2,8,13,14,16,19,20,21
1,2,4,6,8,9,10,11,13,14,16,17,18,19,20,21>4,6,9,10,22,2,8,13,14,16,19,20,21
1,2,4,6,8,9,10,11,13,14,16,17,18,19,20,21>1,4,6,9,17,2,8,13,14,16,19,20,21
1,2,4,6,8,9,10,11,13,14,16,17,18,19,20,21>4,7,9,10,11,18,2,8,13,14,16,19,20,21
1,2,4,6,8,9,10,11,13,14,16,17,18,19,20,21>1,6,7,9,18,22,2,8,13,14,16,19,20,21
4,7,10,11,12,13,14,15,16,17,20,21,22>18,7,17,13,14,15,16,21,22
4,7,10,11,12,13,14,15,16,17,20,21,22>4,8,12,17,18,20,23,13,14,15,16,21,22
4,7,10,11,12,13,14,15,16,17,20,21,22>4,7,8,12,17,23,13,14,15,16,21,22
4,7,10,11,12,13,14,15,16,17,20,21,22>20,7,10,12,13,14,15,16,21,22
4,7,10,11,12,13,14,15,16,17,20,21,22>18,20,7,10,13,14,15,16,21,22
4,7,10,11,12,13,14,15,16,17,20,21,22>20,23,11,13,14,15,16,21,22
4,7,10,11,12,13,14,15,16,17,20,21,22>4,11,12,17,18,13,14,15,16,21,22
4,7,10,11,12,13,14,15,16,17,20,21,22>20,8,11,12,13,14,15,16,21,22
4,7,10,11,12,13,14,15,16,17,20,21,22>8,10,11,12,18,23,13,14,15,16,21,22
4,7,10,11,12,13,14,15,16,17,20,21,22>4,8,10,11,23,13,14,15,16,21,22
6,7,8,9,12,14,16,17,19,21>21,22,9,8,12,7
6,7,8,9,12,14,16,17,19,21>6,9,22,8,12,7
6,7,8,9,12,14,16,17,19,21>21,22,13,8,12,7
6,7,8,9,12,14,16,17,19,21>21,6,13,19,8,12,7
6,7,8,9,12,14,16,17,19,21>21,13,17,19,8,12,7
6,7,8,9,12,14,16,17,19,21>21,6,9,13,8,12,7
6,7,8,9,12,14,16,17,19,21>22,9,14,17,8,12,7
6,7,8,9,12,14,16,17,19,21>6,9,13,16,8,12,7
6,7,8,9,12,14,16,17,19,21>9,14,16,8,12,7
6,7,8,9,12,14,16,17,19,21>13,14,16,8,12,7
1,2,3,4,6,9,10,12,15,16,17,18,19,22>9,10,13,22,23,2,4,12,16,18,19
1,2,3,4,6,9,10,12,15,16,17,18,19,22>15,17,22,10,2,4,12,16,18,19
1,2,3,4,6,9,10,12,15,16,17,18,19,22>6,11,17,22,23,2,4,12,16,18,19
1,2,3,4,6,9,10,12,15,16,17,18,19,22>1,3,6,17,23,2,4,12,16,18,19
1,2,3,4,6,9,10,12,15,16,17,18,19,22>7,9,10,13,15,17,2,4,12,16,18,19
1,2,3,4,6,9,10,12,15,16,17,18,19,22>7,9,10,15,22,23,2,4,12,16,18,19
1,2,3,4,6,9,10,12,15,16,17,18,19,22>1,3,7,9,22,23,2,4,12,16,18,19
1,2,3,4,6,9,10,12,15,16,17,18,19,22>11,1,23,8,2,4,12,16,18,19
1,2,3,4,6,9,10,12,15,16,17,18,19,22>7,8,9,13,15,17,2,4,12,16,18,19
1,2,3,4,6,9,10,12,15,16,17,18,19,22>6,7,8,11,13,15,17,22,2,4,12,16,18,19
2,4,6,7,9,10,14,20,21>2,4,17,10,20,21,7
2,4,6,7,9,10,14,20,21>22,9,14,15,10,20,21,7
2,4,6,7,9,10,14,20,21>2,4,9,15,16,22,10,20,21,7
2,4,6,7,9,10,14,20,21>2,6,9,15,17,10,20,21,7
2,4,6,7,9,10,14,20,21>2,22,6,9,10,20,21,7
2,4,6,7,9,10,14,20,21>2,13,15,16,17,10,20,21,7
2,4,6,7,9,10,14,20,21>4,13,15,10,20,21,7
2,4,6,7,9,10,14,20,21>6,13,14,15,16,10,20,21,7
2,4,6,7,9,10,14,20,21>2,4,6,13,14,22,10,20,21,7
2,4,6,7,9,10,14,20,21>2,6,9,13,16,17,10,20,21,7
3,4,7,12,15,16,17,18,19,22,23>3,7,22,4,12,16,18,19,23
3,4,7,12,15,16,17,18,19,22,23>3,8,22,4,12,16,18,19,23
3,4,7,12,15,16,17,18,19,22,23>3,7,8,4,12,16,18,19,23
3,4,7,12,15,16,17,18,19,22,23>3,15,22,4,12,16,18,19,23
3,4,7,12,15,16,17,18,19,22,23>8,15,22,4,12,16,18,19,23
3,4,7,12,15,16,17,18,19,22,23>3,8,15,4,12,16,18,19,23
3,4,7,12,15,16,17,18,19,22,23>3,17,22,4,12,16,18,19,23
3,4,7,12,15,16,17,18,19,22,23>7,17,4,12,16,18,19,23
3,4,7,12,15,16,17,18,19,22,23>8,17,22,4,12,16,18,19,23
3,4,7,12,15,16,17,18,19,22,23>15,17,4,12,16,18,19,23
1,2,3,4,9,10,11,12,14,16,17,23>23,3,15,17,2,4,10,11,12,16
1,2,3,4,9,10,11,12,14,16,17,23>23,8,15,2,4,10,11,12,16
1,2,3,4,9,10,11,12,14,16,17,23>1,8,23,17,2,4,10,11,12,16
1,2,3,4,9,10,11,12,14,16,17,23>8,15,17,2,4,10,11,12,16
1,2,3,4,9,10,11,12,14,16,17,23>18,3,9,15,2,4,10,11,12,16
1,2,3,4,9,10,11,12,14,16,17,23>18,23,14,2,4,10,11,12,16
1,2,3,4,9,10,11,12,14,16,17,23>23,14,15,2,4,10,11,12,16
1,2,3,4,9,10,11,12,14,16,17,23>18,3,14,17,2,4,10,11,12,16
1,2,3,4,9,10,11,12,14,16,17,23>3,8,14,17,2,4,10,11,12,16
1,2,3,4,9,10,11,12,14,16,17,23>18,9,14,15,2,4,10,11,12,16
2,7,8,10,12,13,14,15,18,21,23>18,21,22,15,8,12,14
2,7,8,10,12,13,14,15,18,21,23>18,2,21,23,8,12,14
2,7,8,10,12,13,14,15,18,21,23>2,7,10,21,22,23,8,12,14
2,7,8,10,12,13,14,15,18,21,23>2,7,11,15,16,19,22,8,12,14
2,7,8,10,12,13,14,15,18,21,23>2,7,10,11,15,16,18,8,12,14
2,7,8,10,12,13,14,15,18,21,23>13,15,16,19,21,22,23,8,12,14
2,7,8,10,12,13,14,15,18,21,23>10,13,15,21,23,8,12,14
2,7,8,10,12,13,14,15,18,21,23>2,10,23,13,8,12,14
2,7,8,10,12,13,14,15,18,21,23>7,10,13,15,18,23,8,12,14
2,7,8,10,12,13,14,15,18,21,23>2,7,10,13,15,21,22,8,12,14
1,6,9,11,12,13,14,17,19,20,21,23>13,2,18,11,17,21,14
1,6,9,11,12,13,14,17,19,20,21,23>2,12,13,15,23,17,21,14
1,6,9,11,12,13,14,17,19,20,21,23>1,2,6,11,19,17,21,14
1,6,9,11,12,13,14,17,19,20,21,23>7,12,13,15,19,20,23,17,21,14
1,6,9,11,12,13,14,17,19,20,21,23>1,2,7,9,12,15,20,23,17,21,14
1,6,9,11,12,13,14,17,19,20,21,23>1,6,7,9,12,15,18,23,17,21,14
1,6,9,11,12,13,14,17,19,20,21,23>2,6,8,9,11,12,15,18,23,17,21,14
1,6,9,11,12,13,14,17,19,20,21,23>2,7,8,9,12,15,19,23,17,21,14
1,6,9,11,12,13,14,17,19,20,21,23>2,7,8,9,11,12,13,19,22,17,21,14
1,6,9,11,12,13,14,17,19,20,21,23>1,6,7,8,11,12,15,18,19,20,17,21,14
1,2,4,5,6,8,9,10,12,13,17,18,19,20,23>4,5,10,16,18,21,8,17,2,19
1,2,4,5,6,8,9,10,12,13,17,18,19,20,23>1,4,6,9,12,13,14,20,21,23,8,17,2,19
1,2,4,5,6,8,9,10,12,13,17,18,19,20,23>5,6,10,12,13,16,23,8,17,2,19
1,2,4,5,6,8,9,10,12,13,17,18,19,20,23>1,4,6,9,12,14,18,23,8,17,2,19
1,2,4,5,6,8,9,10,12,13,17,18,19,20,23>1,4,5,6,18,23,8,17,2,19
1,2,4,5,6,8,9,10,12,13,17,18,19,20,23>7,9,12,16,18,23,8,17,2,19
1,2,4,5,6,8,9,10,12,13,17,18,19,20,23>4,7,9,10,12,13,14,16,20,21,23,8,17,2,19
1,2,4,5,6,8,9,10,12,13,17,18,19,20,23>4,6,7,9,10,12,14,16,8,17,2,19
1,2,4,5,6,8,9,10,12,13,17,18,19,20,23>1,4,6,7,14,16,18,20,21,8,17,2,19
1,2,4,5,6,8,9,10,12,13,17,18,19,20,23>1,4,5,6,7,14,16,20,8,17,2,19
