TCR,NFAT,IFN-\beta,IFN-\betaR,IL-18,IL-18R,IRAK,SOCS1,IL-12,IL-12R,STAT4,T-bet,IFN-\gamma,IFN-\gammaR,JAK1,STAT1,IL-4,IL-4R,STAT6,GATA3,IL-10,IL-10R,STAT3
1,2,6,7,10,19,20,22>22,6,19,21,2,20,7
1,2,6,7,10,19,20,22>22,1,6,10,2,20,7
1,2,6,7,10,19,20,22>1,13,19,21,22,23,2,20,7
1,2,6,7,10,19,20,22>10,13,19,21,2,20,7
1,2,6,7,10,19,20,22>6,17,21,2,20,7
1,2,6,7,10,19,20,22>1,6,17,19,23,2,20,7
1,2,6,7,10,19,20,22>1,10,17,19,21,22,2,20,7
1,2,6,7,10,19,20,22>1,10,17,23,2,20,7
1,2,6,7,10,19,20,22>1,13,17,19,21,2,20,7
1,2,6,7,10,19,20,22>10,13,17,19,2,20,7
2,4,8,12,13,16,17,21>2,4,22,8,16,12,13
2,4,8,12,13,16,17,21>2,17,22,8,16,12,13
2,4,8,12,13,16,17,21>14,17,22,8,16,12,13
2,4,8,12,13,16,17,21>4,14,17,8,16,12,13
2,4,8,12,13,16,17,21>2,21,22,8,16,12,13
2,4,8,12,13,16,17,21>4,21,22,8,16,12,13
2,4,8,12,13,16,17,21>14,21,22,8,16,12,13
2,4,8,12,13,16,17,21>2,14,21,8,16,12,13
2,4,8,12,13,16,17,21>4,14,21,8,16,12,13
2,4,8,12,13,16,17,21>4,17,21,8,16,12,13
2,3,5,7,10,11,14,15,17,22,23>17,18,7,11,23,15
2,3,5,7,10,11,14,15,17,22,23>2,4,10,16,17,18,22,11,23,15
2,3,5,7,10,11,14,15,17,22,23>2,5,7,10,11,23,15
2,3,5,7,10,11,14,15,17,22,23>2,3,5,10,16,22,11,23,15
2,3,5,7,10,11,14,15,17,22,23>4,5,10,16,17,18,22,11,23,15
2,3,5,7,10,11,14,15,17,22,23>2,4,5,10,17,18,22,11,23,15
2,3,5,7,10,11,14,15,17,22,23>3,4,5,7,16,17,11,23,15
2,3,5,7,10,11,14,15,17,22,23>14,22,6,11,23,15
2,3,5,7,10,11,14,15,17,22,23>4,6,7,14,18,11,23,15
2,3,5,7,10,11,14,15,17,22,23>3,4,6,7,10,18,11,23,15
4,6,7,8,9,12,13,14,18,20>16,17,18,19,21,8,13,14,7
4,6,7,8,9,12,13,14,18,20>4,6,9,10,12,17,19,21,8,13,14,7
4,6,7,8,9,12,13,14,18,20>19,20,9,10,8,13,14,7
4,6,7,8,9,12,13,14,18,20>4,6,9,10,16,17,20,21,8,13,14,7
4,6,7,8,9,12,13,14,18,20>4,20,21,12,8,13,14,7
4,6,7,8,9,12,13,14,18,20>6,12,16,17,19,8,13,14,7
4,6,7,8,9,12,13,14,18,20>4,6,12,19,20,8,13,14,7
4,6,7,8,9,12,13,14,18,20>10,12,17,19,20,21,8,13,14,7
4,6,7,8,9,12,13,14,18,20>10,12,16,18,19,20,8,13,14,7
4,6,7,8,9,12,13,14,18,20>18,10,12,17,8,13,14,7
3,4,5,8,9,15,16,18,22>23,22,6,12,8,16,4
3,4,5,8,9,15,16,18,22>3,5,6,15,18,22,8,16,4
3,4,5,8,9,15,16,18,22>3,9,12,15,19,23,8,16,4
3,4,5,8,9,15,16,18,22>3,5,10,12,15,18,19,22,23,8,16,4
3,4,5,8,9,15,16,18,22>3,6,10,15,18,19,8,16,4
3,4,5,8,9,15,16,18,22>5,6,10,12,15,19,22,8,16,4
3,4,5,8,9,15,16,18,22>3,6,10,12,15,19,23,8,16,4
3,4,5,8,9,15,16,18,22>18,19,9,10,8,16,4
3,4,5,8,9,15,16,18,22>3,6,9,10,12,18,23,8,16,4
3,4,5,8,9,15,16,18,22>3,5,6,9,10,12,15,18,8,16,4
1,5,7,8,9,11,17,18,21>8,9,10,11,13,17,21,22
1,5,7,8,9,11,17,18,21>1,8,17,21,22
1,5,7,8,9,11,17,18,21>5,8,10,11,13,17,18,19,21
1,5,7,8,9,11,17,18,21>6,10,11,13,17,18,19
1,5,7,8,9,11,17,18,21>1,2,5,6,8,11,13,19,21
1,5,7,8,9,11,17,18,21>2,7,8,9,13,22
1,5,7,8,9,11,17,18,21>5,7,8,9,10,11,13,21
1,5,7,8,9,11,17,18,21>1,5,7,10,17,18,19,21
1,5,7,8,9,11,17,18,21>1,2,5,7,10,11,13,17
1,5,7,8,9,11,17,18,21>1,5,6,7,17,18
3,4,5,6,10,11,12,14,17,20,21,22>13,14,15,16,20,4,6,17,21,22
3,4,5,6,10,11,12,14,17,20,21,22>8,10,11,12,14,18,23,4,6,17,21,22
3,4,5,6,10,11,12,14,17,20,21,22>8,12,15,18,23,4,6,17,21,22
3,4,5,6,10,11,12,14,17,20,21,22>5,8,13,15,16,20,4,6,17,21,22
3,4,5,6,10,11,12,14,17,20,21,22>5,8,12,13,14,16,18,23,4,6,17,21,22
3,4,5,6,10,11,12,14,17,20,21,22>3,5,7,8,12,14,15,16,20,23,4,6,17,21,22
3,4,5,6,10,11,12,14,17,20,21,22>3,5,10,13,14,16,18,4,6,17,21,22
3,4,5,6,10,11,12,14,17,20,21,22>3,7,10,11,12,13,15,20,4,6,17,21,22
3,4,5,6,10,11,12,14,17,20,21,22>3,7,10,12,16,18,20,4,6,17,21,22
3,4,5,6,10,11,12,14,17,20,21,22>16,8,10,23,4,6,17,21,22
2,3,5,7,11,12,17,18,19,20,21,22>13,8,11,17,18,19,21,22
2,3,5,7,11,12,17,18,19,20,21,22>2,11,12,13,20,23,17,18,19,21,22
2,3,5,7,11,12,17,18,19,20,21,22>2,3,8,11,20,17,18,19,21,22
2,3,5,7,11,12,17,18,19,20,21,22>23,2,4,13,17,18,19,21,22
2,3,5,7,11,12,17,18,19,20,21,22>2,3,5,8,13,20,17,18,19,21,22
2,3,5,7,11,12,17,18,19,20,21,22>7,12,13,20,23,17,18,19,21,22
2,3,5,7,11,12,17,18,19,20,21,22>2,3,7,13,20,17,18,19,21,22
2,3,5,7,11,12,17,18,19,20,21,22>13,20,4,7,17,18,19,21,22
2,3,5,7,11,12,17,18,19,20,21,22>2,3,4,7,12,20,23,17,18,19,21,22
2,3,5,7,11,12,17,18,19,20,21,22>2,5,7,11,20,23,17,18,19,21,22
1,2,4,6,7,8,10,13,14,17,18,19,22>1,6,16,17,22,2,7,13,14,19
1,2,4,6,7,8,10,13,14,17,18,19,22>4,6,11,17,22,2,7,13,14,19
1,2,4,6,7,8,10,13,14,17,18,19,22>4,6,18,20,23,2,7,13,14,19
1,2,4,6,7,8,10,13,14,17,18,19,22>8,11,16,17,20,23,2,7,13,14,19
1,2,4,6,7,8,10,13,14,17,18,19,22>4,8,16,18,20,23,2,7,13,14,19
1,2,4,6,7,8,10,13,14,17,18,19,22>1,4,6,8,11,22,2,7,13,14,19
1,2,4,6,7,8,10,13,14,17,18,19,22>1,10,11,16,17,18,20,2,7,13,14,19
1,2,4,6,7,8,10,13,14,17,18,19,22>17,18,4,10,2,7,13,14,19
1,2,4,6,7,8,10,13,14,17,18,19,22>4,6,10,16,20,2,7,13,14,19
1,2,4,6,7,8,10,13,14,17,18,19,22>4,8,10,18,22,2,7,13,14,19
2,3,4,7,11,16,17,21,22,23>2,7,17,16,4,22,23
2,3,4,7,11,16,17,21,22,23>2,8,17,16,4,22,23
2,3,4,7,11,16,17,21,22,23>3,7,8,17,18,21,16,4,22,23
2,3,4,7,11,16,17,21,22,23>3,7,8,12,17,18,16,4,22,23
2,3,4,7,11,16,17,21,22,23>2,3,7,8,18,21,16,4,22,23
2,3,4,7,11,16,17,21,22,23>2,7,11,21,16,4,22,23
2,3,4,7,11,16,17,21,22,23>3,7,11,12,17,18,16,4,22,23
2,3,4,7,11,16,17,21,22,23>8,11,12,18,21,16,4,22,23
2,3,4,7,11,16,17,21,22,23>3,8,11,17,18,16,4,22,23
2,3,4,7,11,16,17,21,22,23>7,8,11,12,18,16,4,22,23
5,6,11,12,13,14,15,16,17,18,19,21,23>6,7,13,22,23,12,14,15,16,18,19
5,6,11,12,13,14,15,16,17,18,19,21,23>5,6,7,13,23,12,14,15,16,18,19
5,6,11,12,13,14,15,16,17,18,19,21,23>6,8,13,21,23,12,14,15,16,18,19
5,6,11,12,13,14,15,16,17,18,19,21,23>5,7,8,13,17,21,22,12,14,15,16,18,19
5,6,11,12,13,14,15,16,17,18,19,21,23>5,7,8,13,23,12,14,15,16,18,19
5,6,11,12,13,14,15,16,17,18,19,21,23>7,11,13,22,23,12,14,15,16,18,19
5,6,11,12,13,14,15,16,17,18,19,21,23>6,7,11,13,17,12,14,15,16,18,19
5,6,11,12,13,14,15,16,17,18,19,21,23>6,8,11,21,23,12,14,15,16,18,19
5,6,11,12,13,14,15,16,17,18,19,21,23>6,7,8,11,23,12,14,15,16,18,19
5,6,11,12,13,14,15,16,17,18,19,21,23>5,6,7,8,11,12,14,15,16,18,19
1,2,6,7,18,19,20,23>6,17,23,2,19,20,7
1,2,6,7,18,19,20,23>6,18,23,2,19,20,7
1,2,6,7,18,19,20,23>1,17,18,23,2,19,20,7
1,2,6,7,18,19,20,23>1,21,23,2,19,20,7
1,2,6,7,18,19,20,23>6,21,23,2,19,20,7
1,2,6,7,18,19,20,23>1,6,21,2,19,20,7
1,2,6,7,18,19,20,23>6,17,21,2,19,20,7
1,2,6,7,18,19,20,23>6,18,21,2,19,20,7
1,2,6,7,18,19,20,23>17,18,21,23,2,19,20,7
1,2,6,7,18,19,20,23>1,17,18,21,2,19,20,7
4,5,7,11,14,16,17,21,22>5,6,11,12,13,14,15,17,23,16,22
4,5,7,11,14,16,17,21,22>5,6,7,8,15,18,23,16,22
4,5,7,11,14,16,17,21,22>7,13,15,18,21,23,16,22
4,5,7,11,14,16,17,21,22>5,7,12,15,17,18,16,22
4,5,7,11,14,16,17,21,22>4,5,7,14,15,17,18,21,23,16,22
4,5,7,11,14,16,17,21,22>6,8,11,12,14,15,18,21,23,16,22
4,5,7,11,14,16,17,21,22>6,8,13,15,17,18,23,16,22
4,5,7,11,14,16,17,21,22>5,6,8,12,17,18,21,16,22
4,5,7,11,14,16,17,21,22>4,6,7,8,13,17,18,21,23,16,22
4,5,7,11,14,16,17,21,22>5,6,7,8,11,14,17,21,16,22
1,2,3,5,9,10,11,12,18,22>18,4,11,2,10,12
1,2,3,5,9,10,11,12,18,22>1,4,9,13,22,11,2,10,12
1,2,3,5,9,10,11,12,18,22>5,8,9,13,18,23,11,2,10,12
1,2,3,5,9,10,11,12,18,22>1,3,5,9,18,11,2,10,12
1,2,3,5,9,10,11,12,18,22>1,3,4,5,13,22,11,2,10,12
1,2,3,5,9,10,11,12,18,22>1,6,9,22,23,11,2,10,12
1,2,3,5,9,10,11,12,18,22>3,6,8,9,13,22,23,11,2,10,12
1,2,3,5,9,10,11,12,18,22>4,6,11,2,10,12
1,2,3,5,9,10,11,12,18,22>5,6,13,18,19,22,11,2,10,12
1,2,3,5,9,10,11,12,18,22>1,5,6,8,9,18,23,11,2,10,12
1,4,5,7,8,10,11,14,17>1,4,8,10,17,11
1,4,5,7,8,10,11,14,17>1,2,4,7,14,16,11
1,4,5,7,8,10,11,14,17>1,5,7,10,13,14,16,17,11
1,4,5,7,8,10,11,14,17>1,2,4,5,8,16,11
1,4,5,7,8,10,11,14,17>6,7,8,10,13,14,16,17,11
1,4,5,7,8,10,11,14,17>2,6,8,10,13,14,11
1,4,5,7,8,10,11,14,17>5,6,7,10,13,17,11
1,4,5,7,8,10,11,14,17>1,5,6,8,13,14,11
1,4,5,7,8,10,11,14,17>1,2,5,6,13,14,11
1,4,5,7,8,10,11,14,17>2,4,5,6,7,13,17,11
2,3,4,8,12,13,14,15,20,21,23>2,3,16,17,20,22,8,4,21,14
2,3,4,8,12,13,14,15,20,21,23>3,12,16,17,20,22,8,4,21,14
2,3,4,8,12,13,14,15,20,21,23>3,13,16,20,23,8,4,21,14
2,3,4,8,12,13,14,15,20,21,23>2,3,12,15,22,23,8,4,21,14
2,3,4,8,12,13,14,15,20,21,23>2,3,12,13,16,23,8,4,21,14
2,3,4,8,12,13,14,15,20,21,23>3,15,16,20,22,23,8,4,21,14
2,3,4,8,12,13,14,15,20,21,23>2,12,15,16,17,20,22,23,8,4,21,14
2,3,4,8,12,13,14,15,20,21,23>3,12,15,16,17,20,8,4,21,14
2,3,4,8,12,13,14,15,20,21,23>2,3,12,15,16,20,8,4,21,14
2,3,4,8,12,13,14,15,20,21,23>2,3,13,15,16,17,22,8,4,21,14
4,7,11,19,20>21,13,17,20
4,7,11,19,20>4,13,19,20
4,7,11,19,20>4,13,17,20
4,7,11,19,20>7,13,17,19,20
4,7,11,19,20>7,11,13,19,21,20
4,7,11,19,20>7,11,13,17,20
4,7,11,19,20>7,16,17,19,20
4,7,11,19,20>4,7,11,16,19,20
4,7,11,19,20>7,13,16,19,21,20
4,7,11,19,20>11,13,16,19,21,20
1,5,7,13,15,16,21>1,8,14,15,21,22,16,13
1,5,7,13,15,16,21>14,1,22,12,16,13
1,5,7,13,15,16,21>2,5,12,14,15,22,16,13
1,5,7,13,15,16,21>6,8,12,14,22,16,13
1,5,7,13,15,16,21>2,6,12,14,21,16,13
1,5,7,13,15,16,21>1,2,6,8,12,15,16,13
1,5,7,13,15,16,21>6,7,12,14,21,16,13
1,5,7,13,15,16,21>22,6,7,12,16,13
1,5,7,13,15,16,21>1,2,6,7,14,21,22,16,13
1,5,7,13,15,16,21>2,5,6,7,14,16,13
4,7,8,10,12,13,14,15,16,17,19,21,23>19,22,23,8,16,12,14
4,7,8,10,12,13,14,15,16,17,19,21,23>22,23,11,15,8,16,12,14
4,7,8,10,12,13,14,15,16,17,19,21,23>4,11,15,17,23,8,16,12,14
4,7,8,10,12,13,14,15,16,17,19,21,23>4,11,15,19,21,23,8,16,12,14
4,7,8,10,12,13,14,15,16,17,19,21,23>10,11,15,17,19,8,16,12,14
4,7,8,10,12,13,14,15,16,17,19,21,23>4,10,11,19,23,8,16,12,14
4,7,8,10,12,13,14,15,16,17,19,21,23>4,7,10,11,17,21,23,8,16,12,14
4,7,8,10,12,13,14,15,16,17,19,21,23>10,13,15,19,21,22,8,16,12,14
4,7,8,10,12,13,14,15,16,17,19,21,23>4,10,11,13,17,19,21,22,8,16,12,14
4,7,8,10,12,13,14,15,16,17,19,21,23>4,7,10,11,13,22,23,8,16,12,14
2,3,4,6,8,9,10,15,17,21,22,23>2,3,6,9,11,15,16,17,10,4,22,23
2,3,4,6,8,9,10,15,17,21,22,23>2,7,9,17,21,10,4,22,23
2,3,4,6,8,9,10,15,17,21,22,23>15,6,7,11,10,4,22,23
2,3,4,6,8,9,10,15,17,21,22,23>2,6,7,9,11,21,10,4,22,23
2,3,4,6,8,9,10,15,17,21,22,23>3,6,7,9,16,21,10,4,22,23
2,3,4,6,8,9,10,15,17,21,22,23>3,6,7,15,16,10,4,22,23
2,3,4,6,8,9,10,15,17,21,22,23>3,6,7,11,16,21,10,4,22,23
2,3,4,6,8,9,10,15,17,21,22,23>2,8,11,15,16,17,10,4,22,23
2,3,4,6,8,9,10,15,17,21,22,23>3,7,8,9,11,21,10,4,22,23
2,3,4,6,8,9,10,15,17,21,22,23>3,6,7,8,16,21,10,4,22,23
