TCR,NFAT,IFN-\beta,IFN-\betaR,IL-18,IL-18R,IRAK,SOCS1,IL-12,IL-12R,STAT4,T-bet,IFN-\gamma,IFN-\gammaR,JAK1,STAT1,IL-4,IL-4R,STAT6,GATA3,IL-10,IL-10R,STAT3
2,3,5,9,10,11,12,13,14,15,20,22>3,5,6,11,12,10,13,14,15
2,3,5,9,10,11,12,13,14,15,20,22>2,3,5,8,12,16,22,23,10,13,14,15
1,3,4,5,8,14>2,3,6,14,4
1,3,4,5,8,14>1,2,3,14,4
2,5,10,11,13,15,17,19,20,22>2,15,16,21,23,17,20,13
2,5,10,11,13,15,17,19,20,22>2,5,10,11,22,17,20,13
1,8,9,11,13,14,16,20,21,22>1,10,11,16,8,13,14,20,21,22
1,8,9,11,13,14,16,20,21,22>2,9,10,11,16,8,13,14,20,21,22
1,2,6,7,8,9,11,12,18,19,21,23>6,9,11,21,22,2,7,8,12,19
1,2,6,7,8,9,11,12,18,19,21,23>6,9,18,2,7,8,12,19
3,4,12,16,18,20>3,8,13,18,19,20,21,16,4
3,4,12,16,18,20>8,12,16,4
1,2,3,5,6,8,9,11,14,16,17,19,23>3,5,7,9,16,8,2
1,2,3,5,6,8,9,11,14,16,17,19,23>1,3,4,7,11,12,14,17,8,2
5,6,7,12,15,16,22>5,8,15,16,12,6,7
5,6,7,12,15,16,22>13,15,22,16,12,6,7
1,2,4,5,7,8,9,10,15,18,21,22>7,11,13,15,16,18,19,2,10,22
1,2,4,5,7,8,9,10,15,18,21,22>1,5,6,8,16,19,23,2,10,22
2,3,6,7,8,10,11,13,14,15,16,17,23>2,6,10,12,17,7,8,11,14,16
2,3,6,7,8,10,11,13,14,15,16,17,23>2,3,12,13,15,7,8,11,14,16
2,4,5,6,9,10,11,13,15,19,21,23>2,4,9,13,20,21,11
2,4,5,6,9,10,11,13,15,19,21,23>2,4,6,13,15,16,20,23,11
1,3,5,9,11,13,15,17,19,21,22,23>2,3,4,5,11,13,14,15,18,19,20,21,22,23
1,3,5,9,11,13,15,17,19,21,22,23>1,2,3,13,14,15,16,20,22,23
1,2,3,4,5,8,9,12,14,15,17,20,21,22>1,5,6,9,10,12,13,14,20,2,4,8,17,21,22
1,2,3,4,5,8,9,12,14,15,17,20,21,22>1,3,5,6,10,12,13,14,20,23,2,4,8,17,21,22
2,3,9,11,15,18,21>2,9,10,15,18,22
2,3,9,11,15,18,21>2,3,4,9,11,18,19,21,22
2,3,4,5,6,7,11,12,13,15,17,19,20,21>6,12,14,18,19,4,7,13,17,21
2,3,4,5,6,7,11,12,13,15,17,19,20,21>3,8,12,15,16,18,4,7,13,17,21
1,3,7,9,11,12,16,20,21,22>4,8,9,16,20,21,22
1,3,7,9,11,12,16,20,21,22>2,3,7,8,9,11,12,13,16,21,22
1,3,7,8,9,10,11,15,17,18,20,22>1,2,8,9,13,15,19,21,22,17,10,20
1,3,7,8,9,10,11,15,17,18,20,22>1,2,3,4,8,9,13,15,19,23,17,10,20
1,8,10,14,15,17,18,19,20,21,22>1,2,10,18,23,17,19,20,21,22
1,8,10,14,15,17,18,19,20,21,22>1,2,15,16,18,23,17,19,20,21,22
1,4,9,10,11,13,17,22,23>1,2,14,10,11,23
1,4,9,10,11,13,17,22,23>1,4,9,16,18,22,10,11,23
1,2,3,5,8,11,13,15,16,20,22,23>21,4,6,11,2,8,16,20,23
1,2,3,5,8,11,13,15,16,20,22,23>1,4,5,6,14,15,21,22,2,8,16,20,23
