TCR,NFAT,IFN-\beta,IFN-\betaR,IL-18,IL-18R,IRAK,SOCS1,IL-12,IL-12R,STAT4,T-bet,IFN-\gamma,IFN-\gammaR,JAK1,STAT1,IL-4,IL-4R,STAT6,GATA3,IL-10,IL-10R,STAT3
5,8,9,10,11,13,14,15,18,19,21,23>20,8,9,10,19,11,14
5,8,9,10,11,13,14,15,18,19,21,23>5,8,9,16,21,22,23,19,11,14
1,4,8,11,17,18,19,21>1,4,8,13,16,18,21,19
1,4,8,11,17,18,19,21>1,4,11,13,18,20,21,22,19
2,7,12,15,18,19,21,22,23>2,16,18,19,12,22,23
2,7,12,15,18,19,21,22,23>2,8,15,21,19,12,22,23
3,5,6,8,9,11,13,15,17,18,19,20,21>4,7,16,18,22,13,17,19,20,21
3,5,6,8,9,11,13,15,17,18,19,20,21>3,4,7,8,9,13,17,19,20,21
1,4,6,7,8,9,10,12,19,20,21,23>16,1,23,12,8,21,7
1,4,6,7,8,9,10,12,19,20,21,23>1,2,4,6,12,17,19,23,8,21,7
1,2,4,5,6,8,9,12,15,17,19,20,21,22>1,4,15,20,23,2,8,17,21,22
1,2,4,5,6,8,9,12,15,17,19,20,21,22>1,4,6,7,13,15,23,2,8,17,21,22
3,4,6,8,12,14,15,16,17,18,21,23>6,15,17,18,19,8,16,4,12
3,4,6,8,12,14,15,16,17,18,21,23>3,7,15,17,18,19,21,22,23,8,16,4,12
4,6,9,10,11,12,18,19,21>21,8,13,19,11,12
4,6,9,10,11,12,18,19,21>16,18,21,10,19,11,12
1,2,6,11,13,14,15,18,21,22>21,1,11,16,2,13,14,15,22
1,2,6,11,13,14,15,18,21,22>6,7,11,19,21,23,2,13,14,15,22
2,3,4,6,10,11,12,14,16,17,20,21,23>11,12,14,18,20,16,4,21
2,3,4,6,10,11,12,14,16,17,20,21,23>6,10,14,15,17,16,4,21
2,5,6,8,10,13,14,15,16,17,18,19,23>18,7,11,8,16,19,14
2,5,6,8,10,13,14,15,16,17,18,19,23>6,11,13,15,18,23,8,16,19,14
1,2,3,4,8,11,12,17,18,21,22,23>11,19,2,4,8,12,22,23
1,2,3,4,8,11,12,17,18,21,22,23>1,3,11,17,18,21,2,4,8,12,22,23
3,6,8,9,12,13,14,19,20>4,9,12,17,19,8,13,14
3,6,8,9,12,13,14,19,20>3,4,7,9,8,13,14
8,9,10,11,12,17>13,8,10,11,12
8,9,10,11,12,17>17,8,10,11,12
1,2,3,4,9,10,12,15,16,22,23>8,11,15,2,4,10,12,16,23
1,2,3,4,9,10,12,15,16,22,23>3,8,9,2,4,10,12,16,23
1,6,8,9,10,14,16,17,19,23>2,7,9,10,11,17,20,8
1,6,8,9,10,14,16,17,19,23>1,6,7,17,19,8
1,3,6,11,12,13,14,15,16,18,20,21,23>4,6,7,8,11,20,22,16,21,14,15
1,3,6,11,12,13,14,15,16,18,20,21,23>3,7,13,18,19,20,22,16,21,14,15
1,6,7,8,9,11,12,14,15,16,21,22>2,10,11,15,23,7,8,12,16,22
1,6,7,8,9,11,12,14,15,16,21,22>1,2,10,13,23,7,8,12,16,22
1,2,9,10,11,13,16,17,18,19,20,23>1,10,11,14,16,23,19,2,18,20
1,2,9,10,11,13,16,17,18,19,20,23>1,8,11,14,21,19,2,18,20
1,3,5,8,12,14,18,19,22>18,22,2,13,8,19,12
1,3,5,8,12,14,18,19,22>1,2,4,22,8,19,12
