TCR,NFAT,IFN-\beta,IFN-\betaR,IL-18,IL-18R,IRAK,SOCS1,IL-12,IL-12R,STAT4,T-bet,IFN-\gamma,IFN-\gammaR,JAK1,STAT1,IL-4,IL-4R,STAT6,GATA3,IL-10,IL-10R,STAT3
1,6,7,8,9,10,11,14,17,18,19,21,22>2,8,9,10,14,19,11,22,7
1,6,7,8,9,10,11,14,17,18,19,21,22>2,6,8,10,13,14,20,21,19,11,22,7
2,3,8,10,11,12,13,15,16,19,20,22>3,10,12,14,23,8,16,13
2,3,8,10,11,12,13,15,16,19,20,22>3,11,15,19,20,21,8,16,13
4,6,7,9,13,14,15,21,22,23>9,21,7,14,15,22,23
4,6,7,9,13,14,15,21,22,23>6,9,7,14,15,22,23
2,4,5,6,9,10,12,13,14,15,18,22>2,22,23,18,6,10,12,13,14,15
2,4,5,6,9,10,12,13,14,15,18,22>2,4,5,7,8,11,18,19,22,6,10,12,13,14,15
2,3,5,6,7,11,16,17,18,20>5,11,13,16,17,19,18,20,6,7
2,3,5,6,7,11,16,17,18,20>2,4,5,19,21,18,20,6,7
2,6,8,12,16,17,19,20,21,22,23>6,12,8,21,22,23
2,6,8,12,16,17,19,20,21,22,23>6,7,16,17,19,20,8,21,22,23
5,7,14,15,18,19,20,21,22,23>5,16,18,15,19,20,21,22,23
5,7,14,15,18,19,20,21,22,23>7,14,16,17,18,15,19,20,21,22,23
1,2,5,6,12,16,19,20,23>19,21,6,7,2
1,2,5,6,12,16,19,20,23>5,6,7,8,12,16,21,2
2,4,5,6,7,8,11,14,16,19,21,22>2,5,12,8,16,22,7
2,4,5,6,7,8,11,14,16,19,21,22>4,5,6,19,23,8,16,22,7
1,3,4,9,12,16,20,22>1,9,10,13,22,16,4
1,3,4,9,12,16,20,22>1,2,3,8,10,12,22,16,4
1,4,14,16,17,18,20,21,22>1,4,14,15,17,19,23,16,18,20,21,22
1,4,14,16,17,18,20,21,22>1,2,4,8,14,15,17,19,16,18,20,21,22
2,5,6,7,9,10,11,14,16,19,21>8,14,15,16,19,21,11,7
2,5,6,7,9,10,11,14,16,19,21>6,10,12,15,19,20,22,11,7
2,3,4,6,8,15,18,19,21>2,3,13,15,18,21,22,19,4
2,3,4,6,8,15,18,19,21>2,3,6,7,8,13,15,16,18,20,22,19,4
1,2,3,4,6,7,9,13,15,16,19>20,8,9,2,4,7,13,16
1,2,3,4,6,7,9,13,15,16,19>3,6,8,12,14,20,2,4,7,13,16
1,2,3,4,5,6,7,8,11,14,15,17,18,21,22>1,3,11,14,15,21,23,2,4,6,7,22
1,2,3,4,5,6,7,8,11,14,15,17,18,21,22>3,5,15,16,17,18,21,23,2,4,6,7,22
2,3,7,9,10,13,16,17,21,23>4,8,11,12,13,16,18,23,10
2,3,7,9,10,13,16,17,21,23>3,4,7,9,12,14,16,18,21,10
2,3,6,7,8,12,13,14,15,20,22>2,12,15,16,17,20,23,8,13,14,7
2,3,6,7,8,12,13,14,15,20,22>2,3,4,12,16,20,21,8,13,14,7
1,2,3,4,5,6,8,9,10,12,13,14,15,17,18,19,21>16,18,10,2,4,8,12,13,14,19
1,2,3,4,5,6,8,9,10,12,13,14,15,17,18,19,21>1,3,9,22,2,4,8,12,13,14,19
2,7,8,18,19,20,22,23>2,7,17,21,19,20,23
2,7,8,18,19,20,22,23>8,21,19,20,23
1,4,5,6,7,9,11,14,15,16,18,19,22,23>6,8,11,12,14,20,22,7,15,16,19,23
1,4,5,6,7,9,11,14,15,16,18,19,22,23>1,4,5,6,14,18,20,22,7,15,16,19,23
