TCR,NFAT,IFN-\beta,IFN-\betaR,IL-18,IL-18R,IRAK,SOCS1,IL-12,IL-12R,STAT4,T-bet,IFN-\gamma,IFN-\gammaR,JAK1,STAT1,IL-4,IL-4R,STAT6,GATA3,IL-10,IL-10R,STAT3
2,5,8,9,11,13,14,17,18,20,21>2,5,22,10,13,14,17,20,21
2,5,8,9,11,13,14,17,18,20,21>2,5,6,11,18,19,13,14,17,20,21
1,2,4,5,9,10,16,20>1,6,16,2,10,20
1,2,4,5,9,10,16,20>1,5,9,16,2,10,20
4,5,7,10,14,15,17,19,20,22>5,7,10,13,16,18,21,22,17,20,15
4,5,7,10,14,15,17,19,20,22>4,5,7,10,14,16,18,22,23,17,20,15
1,3,4,5,6,8,9,10,11,13,14,15,16,17,20,21,23>2,7,11,13,15,17,22,4,6,8,10,14,16,20,21
1,3,4,5,6,8,9,10,11,13,14,15,16,17,20,21,23>3,5,7,9,11,17,23,4,6,8,10,14,16,20,21
1,2,5,9,10,13,14,16,18,19,21>1,5,18,21,2,19,13,14
1,2,5,9,10,13,14,16,18,19,21>5,8,10,12,15,18,22,2,19,13,14
4,5,7,9,10,12,15,17,20,21>4,5,6,7,18,20,17,10,21
4,5,7,9,10,12,15,17,20,21>4,5,6,7,20,22,17,10,21
2,3,12,17,19>19,2,17,18,12
2,3,12,17,19>3,4,8,17,18,12
1,3,5,6,7,8,10,11,12,18,21,22,23>21,5,10,6,7,8,11,12,22,23
1,3,5,6,7,8,10,11,12,18,21,22,23>1,3,4,5,18,21,6,7,8,11,12,22,23
1,2,6,9,10,11,12,15,16,19,22>6,23,8,9,16,2,11,12
1,2,6,9,10,11,12,15,16,19,22>1,7,8,9,19,22,16,2,11,12
1,2,5,6,7,8,9,11,13,18,23>8,9,13,18,19,23,2,6,7
1,2,5,6,7,8,9,11,13,18,23>1,8,9,13,14,18,19,2,6,7
1,3,4,6,9,10,16,18,21,23>1,8,9,11,18,21,22,23,16,10,4
1,3,4,6,9,10,16,18,21,23>2,3,6,7,8,21,16,10,4
1,2,4,6,7,8,9,11,12,14,17,19,23>17,23,9,11,8,2,12,7
1,2,4,6,7,8,9,11,12,14,17,19,23>1,4,14,16,17,8,2,12,7
1,3,5,7,8,9,10,13,15,16,17,18,20,21,22,23>1,2,5,13,14,15,17,18,19,8,10,16,20,21,22,23
1,3,5,7,8,9,10,13,15,16,17,18,20,21,22,23>1,3,4,5,7,9,18,19,8,10,16,20,21,22,23
1,3,5,6,7,9,10,14,21,22>1,3,9,11,14,15,10,22,6,7
1,3,5,6,7,9,10,14,21,22>2,3,4,5,14,15,21,23,10,22,6,7
2,4,7,14,15,16,19,20,21,22>14,19,15,16,20,21,22
2,4,7,14,15,16,19,20,21,22>4,7,8,19,15,16,20,21,22
1,3,5,6,8,10,11,15,19>13,4,19,20,11
1,3,5,6,8,10,11,15,19>1,4,8,15,16,19,11
2,3,4,5,7,8,10,11,14,16,17,19,20,22,23>21,22,7,14,4,8,16,20,23
2,3,4,5,7,8,10,11,14,16,17,19,20,22,23>2,5,11,17,22,4,8,16,20,23
6,10,12,17,19>6,8,10,13,17,19,12
6,10,12,17,19>6,7,8,11,13,17,19,12
1,3,4,7,10,12,16,19,22>1,3,7,13,22,16,4,12
1,3,4,7,10,12,16,19,22>2,3,11,13,22,16,4,12
1,3,4,5,6,7,11,12,13,14,17,18,19,20,21>1,2,8,11,15,16,20,4,7,13,14,17,18,19,21
1,3,4,5,6,7,11,12,13,14,17,18,19,20,21>1,3,5,6,8,11,12,15,22,4,7,13,14,17,18,19,21
