TCR,NFAT,IFN-\beta,IFN-\betaR,IL-18,IL-18R,IRAK,SOCS1,IL-12,IL-12R,STAT4,T-bet,IFN-\gamma,IFN-\gammaR,JAK1,STAT1,IL-4,IL-4R,STAT6,GATA3,IL-10,IL-10R,STAT3
1,6,8,10,11,12,13,16,17,21>7,10,14,17,21,22,8,11,12,13
1,6,8,10,11,12,13,16,17,21>2,6,14,17,21,22,8,11,12,13
2,4,5,7,8,9,10,12,16,18,19,23>18,7,10,11,8,16,19,12
2,4,5,7,8,9,10,12,16,18,19,23>4,5,7,9,18,23,8,16,19,12
1,5,6,7,9,10,11,12,14,15,18,19,21>13,2,16,7,11,12,15,19
1,5,6,7,9,10,11,12,14,15,18,19,21>1,5,8,9,14,16,7,11,12,15,19
1,3,5,8,9,10,12,14,16,18,20,21>3,5,13,16,18,20,22,8,10,21
1,3,5,8,9,10,12,14,16,18,20,21>2,3,6,12,18,19,20,22,8,10,21
2,3,5,6,8,9,10,11,13,19,20,21,23>2,7,8,9,17,23,20,21
2,3,5,6,8,9,10,11,13,19,20,21,23>3,5,6,7,8,9,14,19,22,23,20,21
1,7,10,12,13,15,17,18,19,20,21>15,16,2,13,17,18,19,21
1,7,10,12,13,15,17,18,19,20,21>2,20,8,10,13,17,18,19,21
3,4,5,8,10,11,14,16,17,19,20,21,22>11,14,17,4,8,16,20,21,22
3,4,5,8,10,11,14,16,17,19,20,21,22>10,11,13,17,23,4,8,16,20,21,22
2,4,5,6,7,8,9,11,12,13,14,15,16,17,18>4,5,9,10,11,6,7,8,12,13,14,16
2,4,5,6,7,8,9,11,12,13,14,15,16,17,18>2,4,5,10,15,19,6,7,8,12,13,14,16
3,4,5,6,9,10,11,12,13,15,16,17,19,22>3,8,9,14,15,17,18,22,23,4,11,12,13,16
3,4,5,6,9,10,11,12,13,15,16,17,19,22>5,14,17,18,19,22,4,11,12,13,16
1,2,4,5,6,7,10,11,13,19,20,22>4,10,11,21,23,2,20,13,7
1,2,4,5,6,7,10,11,13,19,20,22>1,4,6,11,19,22,23,2,20,13,7
1,11,12,13,14,21,23>1,11,13,15,22,12,14
1,11,12,13,14,21,23>1,8,11,21,23,12,14
3,5,10,11,12,14,15,16,17,18,19,20,22>4,8,11,12,17,16,18,19,15
3,5,10,11,12,14,15,16,17,18,19,20,22>4,10,11,20,22,23,16,18,19,15
3,4,8,9,10,14,18,19>20,9,10,11,19,4
3,4,8,9,10,14,18,19>18,20,8,9,19,4
1,3,4,5,6,7,13,16,18,19,21>1,2,5,6,8,14,18,21,4,7,13,16,19
1,3,4,5,6,7,13,16,18,19,21>1,3,5,8,18,20,22,4,7,13,16,19
1,2,3,5,7,8,10,11,12,13,15,20,21,22,23>3,4,5,6,10,12,14,15,17,2,8,21,22,23
1,2,3,5,7,8,10,11,12,13,15,20,21,22,23>1,3,4,7,12,13,15,16,20,2,8,21,22,23
1,3,5,6,9,10,11,12,13,15,16,20,23>1,8,9,11,12,14,23,16,10,6
1,3,5,6,9,10,11,12,13,15,16,20,23>1,3,7,9,11,14,20,21,23,16,10,6
3,5,7,8,9,10,11,15,20,23>17,21,7,8,10,20
3,5,7,8,9,10,11,15,20,23>3,4,5,7,15,16,17,21,10,20
3,5,6,7,12,13,17,19,20,21,23>3,4,8,12,18,19,20,17,21,7
3,5,6,7,12,13,17,19,20,21,23>3,4,5,6,8,13,14,19,20,22,17,21,7
1,6,9,12,14,16,17,19,20,21,23>6,8,9,12,16,19,21
1,6,9,12,14,16,17,19,20,21,23>2,6,7,9,12,14,16,17,18,20,22,21
1,2,4,5,8,9,10,14,16,22,23>1,22,12,2,8,10,16,23
1,2,4,5,8,9,10,14,16,22,23>1,5,9,2,8,10,16,23
