TCR,NFAT,IFN-\beta,IFN-\betaR,IL-18,IL-18R,IRAK,SOCS1,IL-12,IL-12R,STAT4,T-bet,IFN-\gamma,IFN-\gammaR,JAK1,STAT1,IL-4,IL-4R,STAT6,GATA3,IL-10,IL-10R,STAT3
2,3,5,6,7,13,16,17,18,20,21,22>3,5,8,14,17,19,6,7,13,18,20,21,22
2,3,5,6,7,13,16,17,18,20,21,22>17,2,14,19,6,7,13,18,20,21,22
2,3,5,6,7,13,16,17,18,20,21,22>3,23,5,8,6,7,13,18,20,21,22
2,3,5,6,7,13,16,17,18,20,21,22>19,23,4,8,6,7,13,18,20,21,22
2,4,5,7,12,13,14,16,22,23>7,8,16,12,14,23
2,4,5,7,12,13,14,16,22,23>2,6,16,12,14,23
2,4,5,7,12,13,14,16,22,23>4,7,13,16,12,14,23
2,4,5,7,12,13,14,16,22,23>5,6,7,13,16,12,14,23
3,5,6,8,10,11,14,15,18,19,20>11,13,15,16,21,19,20
3,5,6,8,10,11,14,15,18,19,20>5,6,7,11,13,16,17,18,21,19,20
3,5,6,8,10,11,14,15,18,19,20>5,6,7,10,11,13,14,15,19,20
3,5,6,8,10,11,14,15,18,19,20>5,6,10,14,16,19,20
6,7,9,10,14,17,18,21>21,9,15,17,10,18,7
6,7,9,10,14,17,18,21>6,9,15,19,21,10,18,7
6,7,9,10,14,17,18,21>9,11,13,15,19,21,10,18,7
6,7,9,10,14,17,18,21>9,11,13,14,21,10,18,7
1,3,11,13,14,15,21,22>2,4,21,22,13,14,15
1,3,11,13,14,15,21,22>23,1,2,21,22,13,14,15
1,3,11,13,14,15,21,22>3,22,13,14,15
1,3,11,13,14,15,21,22>23,2,4,22,13,14,15
2,5,7,8,18,19,21>2,8,13,18,20,21,22,19
2,5,7,8,18,19,21>2,5,8,18,19
2,5,7,8,18,19,21>21,22,7,13,19
2,5,7,8,18,19,21>2,5,13,18,20,21,22,19
1,2,3,5,6,9,12,13,14,15,17,18>10,16,5,8,2,6,12,13,14,15,18
1,2,3,5,6,9,12,13,14,15,17,18>3,5,7,10,17,19,2,6,12,13,14,15,18
1,2,3,5,6,9,12,13,14,15,17,18>10,17,4,9,2,6,12,13,14,15,18
1,2,3,5,6,9,12,13,14,15,17,18>1,3,4,7,9,10,19,2,6,12,13,14,15,18
1,2,3,4,8,16,18>13,18,19,8,16,2,4
1,2,3,4,8,16,18>1,13,19,8,16,2,4
1,2,3,4,8,16,18>12,13,18,8,16,2,4
1,2,3,4,8,16,18>1,12,18,8,16,2,4
2,4,5,6,7,8,11,15,16,17,20,22,23>2,15,17,6,7,8,16,20,23
2,4,5,6,7,8,11,15,16,17,20,22,23>5,15,21,6,7,8,16,20,23
2,4,5,6,7,8,11,15,16,17,20,22,23>4,5,17,21,22,6,7,8,16,20,23
2,4,5,6,7,8,11,15,16,17,20,22,23>22,5,15,6,7,8,16,20,23
1,5,7,8,10,11,12,13,14,16,21,22>1,6,7,10,16,23,8,11,12,13,14,22
1,5,7,8,10,11,12,13,14,16,21,22>21,2,5,6,8,11,12,13,14,22
1,5,7,8,10,11,12,13,14,16,21,22>21,23,5,7,8,11,12,13,14,22
1,5,7,8,10,11,12,13,14,16,21,22>5,6,7,10,8,11,12,13,14,22
1,2,5,6,7,10,11,12,14,17,19,21>10,13,14,17,22,2,11,12,7
1,2,5,6,7,10,11,12,14,17,19,21>15,5,14,2,11,12,7
1,2,5,6,7,10,11,12,14,17,19,21>6,8,10,15,18,22,2,11,12,7
1,2,5,6,7,10,11,12,14,17,19,21>1,6,17,19,21,22,2,11,12,7
1,2,6,7,9,10,12,14,16,18,20>6,9,12,14,15,18,19,2,10,7
1,2,6,7,9,10,12,14,16,18,20>16,6,19,21,2,10,7
1,2,6,7,9,10,12,14,16,18,20>8,20,2,10,7
1,2,6,7,9,10,12,14,16,18,20>6,8,9,15,19,2,10,7
3,5,6,7,8,11,14,15,16,20,22>3,11,13,14,15,23,6,7,8,16,20
3,5,6,7,8,11,14,15,16,20,22>4,15,6,7,8,16,20
3,5,6,7,8,11,14,15,16,20,22>5,13,14,6,7,8,16,20
3,5,6,7,8,11,14,15,16,20,22>4,5,14,21,23,6,7,8,16,20
2,3,4,7,9,15,16,17,20,21,23>2,23,10,15,16,21,4,20
2,3,4,7,9,15,16,17,20,21,23>3,8,15,17,23,16,21,4,20
2,3,4,7,9,15,16,17,20,21,23>2,7,9,10,17,18,22,23,16,21,4,20
2,3,4,7,9,15,16,17,20,21,23>23,2,3,7,16,21,4,20
1,2,3,4,6,8,9,12,14,19,20,21,22,23>19,20,7,14,2,4,8,21,22,23
1,2,3,4,6,8,9,12,14,19,20,21,22,23>20,17,6,12,2,4,8,21,22,23
1,2,3,4,6,8,9,12,14,19,20,21,22,23>7,9,12,16,20,2,4,8,21,22,23
1,2,3,4,6,8,9,12,14,19,20,21,22,23>1,3,6,14,17,19,2,4,8,21,22,23
8,12,13,17,18,19,21,23>13,21,22,8,19,12
8,12,13,17,18,19,21,23>14,18,21,22,23,8,19,12
8,12,13,17,18,19,21,23>13,14,17,18,23,8,19,12
8,12,13,17,18,19,21,23>13,14,17,22,23,8,19,12
2,3,4,5,7,9,11,12,13,18,20,23>6,10,11,12,17,18,21,4
2,3,4,5,7,9,11,12,13,18,20,23>3,6,9,10,17,20,21,4
2,3,4,5,7,9,11,12,13,18,20,23>5,6,8,9,12,14,16,19,21,23,4
2,3,4,5,7,9,11,12,13,18,20,23>3,5,6,7,8,9,14,16,18,19,20,21,4
1,2,3,7,8,9,10,12,17,18,20,22,23>1,20,18,2,8,10,17,23
1,2,3,7,8,9,10,12,17,18,20,22,23>1,3,7,12,20,21,22,2,8,10,17,23
1,2,3,7,8,9,10,12,17,18,20,22,23>3,4,7,9,12,22,2,8,10,17,23
1,2,3,7,8,9,10,12,17,18,20,22,23>1,3,4,7,19,2,8,10,17,23
1,4,8,9,10,11,13,15,17,21,23>8,9,13,22,23,10,11
1,4,8,9,10,11,13,15,17,21,23>9,13,16,17,21,22,23,10,11
1,4,8,9,10,11,13,15,17,21,23>14,16,17,21,22,10,11
1,4,8,9,10,11,13,15,17,21,23>1,4,9,14,17,21,22,10,11
6,9,12,13,15,16,22>22,6,9,15,16,12,13
6,9,12,13,15,16,22>7,9,10,14,22,23,16,12,13
6,9,12,13,15,16,22>22,7,8,10,16,12,13
6,9,12,13,15,16,22>6,7,8,14,15,22,23,16,12,13
