TCR,NFAT,IFN-\beta,IFN-\betaR,IL-18,IL-18R,IRAK,SOCS1,IL-12,IL-12R,STAT4,T-bet,IFN-\gamma,IFN-\gammaR,JAK1,STAT1,IL-4,IL-4R,STAT6,GATA3,IL-10,IL-10R,STAT3
3,5,8,9,12,16,17,18,21,22,23>17,18,19,5,8,12,22,23
3,5,8,9,12,16,17,18,21,22,23>4,6,16,17,18,8,12,22,23
3,5,8,9,12,16,17,18,21,22,23>5,16,17,18,21,8,12,22,23
3,5,8,9,12,16,17,18,21,22,23>3,6,9,17,18,19,21,8,12,22,23
2,6,9,10,14,15,18,19,20>2,9,10,13,17,21,19,20,15
2,6,9,10,14,15,18,19,20>16,6,10,19,20,15
2,6,9,10,14,15,18,19,20>2,6,9,13,16,18,19,20,15
2,6,9,10,14,15,18,19,20>2,6,9,16,18,21,19,20,15
2,5,7,8,10,12,15,18,19,20,21>2,7,12,15,16,18,20,22,8,19,21
2,5,7,8,10,12,15,18,19,20,21>2,5,10,12,13,15,22,8,19,21
2,5,7,8,10,12,15,18,19,20,21>2,7,13,16,22,8,19,21
2,5,7,8,10,12,15,18,19,20,21>5,7,12,15,20,8,19,21
2,3,5,6,8,9,11,12,14,15,16,17,18,19,20,22>3,7,9,11,12,13,14,15,17,18,20,21,23,8,16,19
2,3,5,6,8,9,11,12,14,15,16,17,18,19,20,22>4,5,9,15,18,20,21,23,8,16,19
2,3,5,6,8,9,11,12,14,15,16,17,18,19,20,22>4,5,7,11,12,13,17,18,20,22,8,16,19
2,3,5,6,8,9,11,12,14,15,16,17,18,19,20,22>2,3,4,6,7,11,12,14,17,18,21,22,23,8,16,19
1,2,3,5,6,8,9,12,13,15,17,18,19,22>5,7,14,15,16,17,22,23,2,8,12,13,19
1,2,3,5,6,8,9,12,13,15,17,18,19,22>3,5,14,17,22,23,2,8,12,13,19
1,2,3,5,6,8,9,12,13,15,17,18,19,22>1,3,5,6,7,9,14,15,22,2,8,12,13,19
1,2,3,5,6,8,9,12,13,15,17,18,19,22>1,4,6,14,15,16,17,18,22,2,8,12,13,19
1,2,5,6,7,8,10,13,14,15,18,19,23>16,5,20,11,2,19,14,7
1,2,5,6,7,8,10,13,14,15,18,19,23>16,5,8,23,2,19,14,7
1,2,5,6,7,8,10,13,14,15,18,19,23>1,6,10,13,16,18,20,2,19,14,7
1,2,5,6,7,8,10,13,14,15,18,19,23>5,6,8,11,13,15,16,2,19,14,7
1,2,3,6,8,12,13,14,15,17,18,20,21,22>16,19,20,6,2,8,13,14,17,21,22
1,2,3,6,8,12,13,14,15,17,18,20,21,22>20,18,4,23,2,8,13,14,17,21,22
1,2,3,6,8,12,13,14,15,17,18,20,21,22>7,16,18,19,20,23,2,8,13,14,17,21,22
1,2,3,6,8,12,13,14,15,17,18,20,21,22>1,3,4,12,15,20,2,8,13,14,17,21,22
1,4,5,8,12,14,15,19,22,23>1,15,16,8,12,23
1,4,5,8,12,14,15,19,22,23>2,5,14,15,19,22,8,12,23
1,4,5,8,12,14,15,19,22,23>4,5,14,8,12,23
1,4,5,8,12,14,15,19,22,23>1,2,4,5,16,8,12,23
1,3,8,9,10,13,14,15,18,19,23>1,9,11,16,23,19,14
1,3,8,9,10,13,14,15,18,19,23>3,8,13,15,18,23,19,14
1,3,8,9,10,13,14,15,18,19,23>1,3,11,15,18,20,19,14
1,3,8,9,10,13,14,15,18,19,23>1,9,10,11,13,20,23,19,14
5,7,10,12,13,20>8,10,12,14,17,20,21,13
5,7,10,12,13,20>5,6,7,12,14,17,13
5,7,10,12,13,20>5,6,7,8,10,12,20,13
5,7,10,12,13,20>5,6,7,8,12,14,20,21,13
4,7,8,9,10,11,13,14,18,20,21>19,16,10,13,14,20,21
4,7,8,9,10,11,13,14,18,20,21>7,9,11,16,22,10,13,14,20,21
4,7,8,9,10,11,13,14,18,20,21>4,7,8,17,19,10,13,14,20,21
4,7,8,9,10,11,13,14,18,20,21>4,7,8,9,11,16,17,18,10,13,14,20,21
1,3,5,9,10,12,14,16,17,18,19,21,23>1,4,5,10,14,17,21,18,19,12
1,3,5,9,10,12,14,16,17,18,19,21,23>2,16,21,9,18,19,12
1,3,5,9,10,12,14,16,17,18,19,21,23>3,4,8,9,11,14,15,21,22,23,18,19,12
1,3,5,9,10,12,14,16,17,18,19,21,23>1,2,3,5,14,21,18,19,12
1,4,5,8,9,10,14,15,17,19,22>5,8,14,15,20,23
1,4,5,8,9,10,14,15,17,19,22>2,10,11,14,22
1,4,5,8,9,10,14,15,17,19,22>4,10,14,16,19,23
1,4,5,8,9,10,14,15,17,19,22>2,4,5,8,10,11,15,19,23
6,7,10,12,13,14,15,16,17,18,19,21,23>8,11,13,22,23,7,12,14,15,16,18,19
6,7,10,12,13,14,15,16,17,18,19,21,23>6,8,11,13,17,21,22,7,12,14,15,16,18,19
6,7,10,12,13,14,15,16,17,18,19,21,23>10,11,13,17,21,22,7,12,14,15,16,18,19
6,7,10,12,13,14,15,16,17,18,19,21,23>6,10,11,13,21,7,12,14,15,16,18,19
4,6,7,8,18,21,23>4,18,21,7
4,6,7,8,18,21,23>4,6,16,18,19,23,7
4,6,7,8,18,21,23>4,8,19,21,22,7
4,6,7,8,18,21,23>4,6,8,16,18,19,7
3,4,7,10,11,15,17,18,19,20,21,22,23>3,11,15,4,17,18,19,20,21,22,23
3,4,7,10,11,15,17,18,19,20,21,22,23>3,10,11,16,4,17,18,19,20,21,22,23
3,4,7,10,11,15,17,18,19,20,21,22,23>7,10,11,15,4,17,18,19,20,21,22,23
3,4,7,10,11,15,17,18,19,20,21,22,23>3,15,16,4,17,18,19,20,21,22,23
1,2,6,10,13,14,15,17,20,21>6,10,16,22,2,13,14,15,17,20,21
1,2,6,10,13,14,15,17,20,21>1,6,22,2,13,14,15,17,20,21
1,2,6,10,13,14,15,17,20,21>1,7,18,22,2,13,14,15,17,20,21
1,2,6,10,13,14,15,17,20,21>1,6,7,10,16,2,13,14,15,17,20,21
2,4,7,8,11,12,14,15,17,20,22,23>21,22,11,15,8,17,23
2,4,7,8,11,12,14,15,17,20,22,23>21,11,12,8,17,23
2,4,7,8,11,12,14,15,17,20,22,23>12,14,20,21,22,8,17,23
2,4,7,8,11,12,14,15,17,20,22,23>22,2,7,11,8,17,23
1,3,5,6,7,9,10,12,14,15,16,17,18,19,21>1,4,5,9,17,21,7,12,15,16,18,19
1,3,5,6,7,9,10,12,14,15,16,17,18,19,21>1,5,6,9,11,14,17,22,7,12,15,16,18,19
1,3,5,6,7,9,10,12,14,15,16,17,18,19,21>3,5,8,9,14,17,7,12,15,16,18,19
1,3,5,6,7,9,10,12,14,15,16,17,18,19,21>1,3,4,6,9,11,13,14,22,7,12,15,16,18,19
1,2,3,7,9,14,15,16,20,21,22,23>1,7,9,10,2,15,16,20,21,22,23
1,2,3,7,9,14,15,16,20,21,22,23>3,7,8,9,2,15,16,20,21,22,23
1,2,3,7,9,14,15,16,20,21,22,23>4,8,10,2,15,16,20,21,22,23
1,2,3,7,9,14,15,16,20,21,22,23>1,4,7,9,14,2,15,16,20,21,22,23
