TCR,NFAT,IFN-\beta,IFN-\betaR,IL-18,IL-18R,IRAK,SOCS1,IL-12,IL-12R,STAT4,T-bet,IFN-\gamma,IFN-\gammaR,JAK1,STAT1,IL-4,IL-4R,STAT6,GATA3,IL-10,IL-10R,STAT3
2,4,5,7,9,13,14,15,16,18,20,22,23>6,8,9,10,19,14,15,16,20,23
2,4,5,7,9,13,14,15,16,18,20,22,23>2,5,7,8,9,10,13,21,22,14,15,16,20,23
2,4,5,7,9,13,14,15,16,18,20,22,23>10,4,18,6,14,15,16,20,23
2,4,5,7,9,13,14,15,16,18,20,22,23>2,5,9,10,13,19,21,14,15,16,20,23
1,6,10,13,15,16,17,19,21,23>7,12,13,14,15,17,19,16
1,6,10,13,15,16,17,19,21,23>1,10,11,12,14,19,20,23,16
1,6,10,13,15,16,17,19,21,23>6,7,11,12,14,15,17,18,19,20,22,16
1,6,10,13,15,16,17,19,21,23>1,7,8,14,17,20,21,22,23,16
2,7,10,11,12,15,16,20,23>21,23,10,11,16
2,7,10,11,12,15,16,20,23>2,7,10,11,23,16
2,7,10,11,12,15,16,20,23>7,8,10,11,12,15,16
2,7,10,11,12,15,16,20,23>2,7,12,15,20,16
5,8,9,11,12,15,16,17,18,19,22>11,15,18,22,23,8,16,19,12
5,8,9,11,12,15,16,17,18,19,22>5,9,13,15,17,23,8,16,19,12
5,8,9,11,12,15,16,17,18,19,22>23,11,13,15,8,16,19,12
5,8,9,11,12,15,16,17,18,19,22>5,11,13,17,22,23,8,16,19,12
1,3,4,5,7,8,9,10,11,14,15,16,17,22,23>1,5,6,7,12,17,22,4,8,10,11,16,23
1,3,4,5,7,8,9,10,11,14,15,16,17,22,23>12,2,6,4,8,10,11,16,23
1,3,4,5,7,8,9,10,11,14,15,16,17,22,23>1,2,5,7,9,15,17,22,4,8,10,11,16,23
1,3,4,5,7,8,9,10,11,14,15,16,17,22,23>2,5,9,14,22,4,8,10,11,16,23
4,7,10,11,14,15,16,17,19,23>4,10,12,17,18,19,23,16,11,15
4,7,10,11,14,15,16,17,19,23>4,7,10,12,17,19,23,16,11,15
4,7,10,11,14,15,16,17,19,23>4,8,12,18,20,23,16,11,15
4,7,10,11,14,15,16,17,19,23>4,7,8,10,19,20,16,11,15
3,5,7,9,10,12,15,16,17,18,20,21,23>22,7,8,16,10,18,21
3,5,7,9,10,12,15,16,17,18,20,21,23>4,17,22,8,16,10,18,21
3,5,7,9,10,12,15,16,17,18,20,21,23>5,6,19,20,22,16,10,18,21
3,5,7,9,10,12,15,16,17,18,20,21,23>3,5,7,12,15,17,19,20,22,23,16,10,18,21
2,3,9,10,11,13,15,17,20,22>18,23,15,17,10,20,13
2,3,9,10,11,13,15,17,20,22>16,22,4,15,17,10,20,13
2,3,9,10,11,13,15,17,20,22>3,4,9,11,14,18,22,17,10,20,13
2,3,9,10,11,13,15,17,20,22>2,3,4,11,14,18,23,17,10,20,13
4,5,6,8,10,11,13,14,18,19,20,21,22>16,17,18,7,13,14,19,20,21,22
4,5,6,8,10,11,13,14,18,19,20,21,22>4,5,11,16,17,23,13,14,19,20,21,22
4,5,6,8,10,11,13,14,18,19,20,21,22>4,6,7,10,11,16,18,13,14,19,20,21,22
4,5,6,8,10,11,13,14,18,19,20,21,22>4,5,6,7,8,10,11,23,13,14,19,20,21,22
2,5,6,9,10,12,13,16,17,19,21,22,23>7,8,10,11,13,16,19,12,22,23
2,5,6,9,10,12,13,16,17,19,21,22,23>2,7,9,16,21,12,22,23
2,5,6,9,10,12,13,16,17,19,21,22,23>6,8,9,10,14,18,21,12,22,23
2,5,6,9,10,12,13,16,17,19,21,22,23>2,5,6,9,10,11,14,16,18,21,12,22,23
3,5,14,15,17,19,20,21>14,16,18,17,20,21,15
3,5,14,15,17,19,20,21>4,16,18,19,22,17,20,21,15
3,5,14,15,17,19,20,21>4,5,18,19,17,20,21,15
3,5,14,15,17,19,20,21>4,5,14,19,22,17,20,21,15
5,6,7,12,13,14,15,17,18,20,21>5,16,22,6,7,13,14,15,17,18,21
5,6,7,12,13,14,15,17,18,20,21>8,16,20,6,7,13,14,15,17,18,21
5,6,7,12,13,14,15,17,18,20,21>12,19,6,7,13,14,15,17,18,21
5,6,7,12,13,14,15,17,18,20,21>5,19,20,6,7,13,14,15,17,18,21
3,4,6,8,10,12,15,16,17,19,20,22>3,6,7,12,13,15,17,20,21,22,8,16,4
3,4,6,8,10,12,15,16,17,19,20,22>3,7,12,20,21,22,23,8,16,4
3,4,6,8,10,12,15,16,17,19,20,22>3,7,10,17,22,23,8,16,4
3,4,6,8,10,12,15,16,17,19,20,22>3,6,7,12,15,19,23,8,16,4
2,3,4,6,7,8,10,12,13,16,17,18,20,23>17,18,21,23,8,16,4,7
2,3,4,6,7,8,10,12,13,16,17,18,20,23>2,10,12,17,18,19,21,8,16,4,7
2,3,4,6,7,8,10,12,13,16,17,18,20,23>2,6,14,17,19,21,8,16,4,7
2,3,4,6,7,8,10,12,13,16,17,18,20,23>3,6,12,13,20,23,8,16,4,7
5,6,12,14,15,16,17,19,22,23>22,6,8,18,16,12,23,15
5,6,12,14,15,16,17,19,22,23>5,7,14,17,19,16,12,23,15
5,6,12,14,15,16,17,19,22,23>19,22,6,7,16,12,23,15
5,6,12,14,15,16,17,19,22,23>5,6,7,17,19,16,12,23,15
2,4,5,8,9,10,11,13,18>16,18,6,9,10,11,13
2,4,5,8,9,10,11,13,18>4,5,8,9,14,18,10,11,13
2,4,5,8,9,10,11,13,18>2,4,19,6,10,11,13
2,4,5,8,9,10,11,13,18>16,19,8,9,10,11,13
5,9,10,12,13,14,16,20,21,22>23,9,12,15,10,13,14,21,22
5,9,10,12,13,14,16,20,21,22>5,6,9,16,20,10,13,14,21,22
5,9,10,12,13,14,16,20,21,22>20,5,6,15,10,13,14,21,22
5,9,10,12,13,14,16,20,21,22>6,8,15,16,23,10,13,14,21,22
1,2,3,4,6,7,12,13,14,15,17,19,20,22>8,12,16,21,22,23,2,4,7,13,14,15,17
1,2,3,4,6,7,12,13,14,15,17,19,20,22>1,8,12,18,19,21,2,4,7,13,14,15,17
1,2,3,4,6,7,12,13,14,15,17,19,20,22>3,8,12,16,23,2,4,7,13,14,15,17
1,2,3,4,6,7,12,13,14,15,17,19,20,22>8,18,19,22,23,2,4,7,13,14,15,17
2,5,7,8,9,10,13,15,17,18,19,20,21>2,5,18,13,17,19,20,21
2,5,7,8,9,10,13,15,17,18,19,20,21>2,7,10,14,15,18,13,17,19,20,21
2,5,7,8,9,10,13,15,17,18,19,20,21>2,5,8,9,10,14,16,22,13,17,19,20,21
2,5,7,8,9,10,13,15,17,18,19,20,21>2,7,9,15,16,22,13,17,19,20,21
2,4,5,6,8,12,13,20,21>4,7,14,16,20,22,8,21,13,6
2,4,5,6,8,12,13,20,21>2,4,5,7,12,20,8,21,13,6
2,4,5,6,8,12,13,20,21>4,5,7,14,22,8,21,13,6
2,4,5,6,8,12,13,20,21>2,4,5,7,17,20,8,21,13,6
