TCR,NFAT,IFN-\beta,IFN-\betaR,IL-18,IL-18R,IRAK,SOCS1,IL-12,IL-12R,STAT4,T-bet,IFN-\gamma,IFN-\gammaR,JAK1,STAT1,IL-4,IL-4R,STAT6,GATA3,IL-10,IL-10R,STAT3
1,3,5,6,9,11,12,15,16,18,20,22>1,2,9,13,15,19,20,21,23,16,6
1,3,5,6,9,11,12,15,16,18,20,22>5,7,8,9,13,16,6
1,3,5,6,9,11,12,15,16,18,20,22>1,2,5,7,9,11,12,13,15,16,6
1,3,5,6,9,11,12,15,16,18,20,22>1,2,4,5,7,8,9,10,12,18,16,6
1,3,5,6,9,11,12,15,16,18,20,22>1,2,4,5,8,9,13,15,18,19,21,22,23,16,6
1,3,5,6,9,11,12,15,16,18,20,22>1,3,4,5,8,9,11,20,23,16,6
2,4,8,10,13,15,18,19,20,22>2,15,18,21,23,19,20,13
2,4,8,10,13,15,18,19,20,22>2,4,17,18,22,23,19,20,13
2,4,8,10,13,15,18,19,20,22>22,21,8,16,19,20,13
2,4,8,10,13,15,18,19,20,22>2,14,16,22,23,19,20,13
2,4,8,10,13,15,18,19,20,22>8,14,15,16,18,21,23,19,20,13
2,4,8,10,13,15,18,19,20,22>4,10,14,15,17,22,23,19,20,13
2,3,4,5,6,7,9,12,13,15,18,19,20,21,22>2,3,14,16,18,23,4,7,13,19,21,22
2,3,4,5,6,7,9,12,13,15,18,19,20,21,22>5,6,12,14,15,16,20,4,7,13,19,21,22
2,3,4,5,6,7,9,12,13,15,18,19,20,21,22>3,5,6,12,14,15,18,20,23,4,7,13,19,21,22
2,3,4,5,6,7,9,12,13,15,18,19,20,21,22>2,5,8,9,14,16,18,4,7,13,19,21,22
2,3,4,5,6,7,9,12,13,15,18,19,20,21,22>6,8,9,12,18,23,4,7,13,19,21,22
2,3,4,5,6,7,9,12,13,15,18,19,20,21,22>5,6,8,16,18,20,23,4,7,13,19,21,22
6,7,8,9,12,14,17,18,20>6,9,14,18,19,20,8,17,7
6,7,8,9,12,14,17,18,20>6,9,10,14,20,21,8,17,7
6,7,8,9,12,14,17,18,20>6,9,10,18,19,20,21,8,17,7
6,7,8,9,12,14,17,18,20>6,10,12,18,20,8,17,7
6,7,8,9,12,14,17,18,20>6,9,10,13,20,21,8,17,7
6,7,8,9,12,14,17,18,20>9,10,12,13,20,21,8,17,7
2,4,6,7,9,11,15,16,17,19,20,21>2,4,6,17,18,19,22,16,20,21,7
2,4,6,7,9,11,15,16,17,19,20,21>15,2,19,8,16,20,21,7
2,4,6,7,9,11,15,16,17,19,20,21>4,6,8,11,22,16,20,21,7
2,4,6,7,9,11,15,16,17,19,20,21>9,11,17,19,22,16,20,21,7
2,4,6,7,9,11,15,16,17,19,20,21>15,19,8,9,16,20,21,7
2,4,6,7,9,11,15,16,17,19,20,21>2,4,6,8,9,18,19,16,20,21,7
1,3,4,5,7,9,10,11,12,16,17,18,21>3,7,9,13,17,19,21,22,4,10,11,12,16,18
1,3,4,5,7,9,10,11,12,16,17,18,21>5,7,9,13,17,22,4,10,11,12,16,18
1,3,4,5,7,9,10,11,12,16,17,18,21>2,6,7,9,13,19,21,4,10,11,12,16,18
1,3,4,5,7,9,10,11,12,16,17,18,21>2,6,7,9,17,21,22,4,10,11,12,16,18
1,3,4,5,7,9,10,11,12,16,17,18,21>1,2,3,6,7,8,9,21,4,10,11,12,16,18
1,3,4,5,7,9,10,11,12,16,17,18,21>2,3,5,6,7,8,9,13,19,22,4,10,11,12,16,18
3,4,5,7,9,11,14,17,18,21,22>3,14,19,21,23,18,4,22
3,4,5,7,9,11,14,17,18,21,22>3,19,10,14,18,4,22
3,4,5,7,9,11,14,17,18,21,22>5,6,10,11,13,16,19,23,18,4,22
3,4,5,7,9,11,14,17,18,21,22>3,9,10,11,13,14,21,23,18,4,22
3,4,5,7,9,11,14,17,18,21,22>3,6,9,11,13,14,19,18,4,22
3,4,5,7,9,11,14,17,18,21,22>3,7,9,11,14,15,16,18,4,22
1,3,4,7,8,9,10,11,16,19,20,21,22,23>1,2,11,4,8,16,20,21,22,23
1,3,4,7,8,9,10,11,16,19,20,21,22,23>1,2,3,10,19,4,8,16,20,21,22,23
1,3,4,7,8,9,10,11,16,19,20,21,22,23>1,3,9,11,4,8,16,20,21,22,23
1,3,4,7,8,9,10,11,16,19,20,21,22,23>7,9,10,11,4,8,16,20,21,22,23
1,3,4,7,8,9,10,11,16,19,20,21,22,23>1,7,9,11,19,4,8,16,20,21,22,23
1,3,4,7,8,9,10,11,16,19,20,21,22,23>19,7,9,10,4,8,16,20,21,22,23
4,6,7,8,9,11,12,14,19,22>11,14,16,19,22,8,12,7
4,6,7,8,9,11,12,14,19,22>4,23,11,22,8,12,7
4,6,7,8,9,11,12,14,19,22>6,11,14,16,23,8,12,7
4,6,7,8,9,11,12,14,19,22>19,4,23,13,8,12,7
4,6,7,8,9,11,12,14,19,22>9,13,14,16,19,23,8,12,7
4,6,7,8,9,11,12,14,19,22>6,9,11,13,14,19,22,23,8,12,7
1,2,4,5,6,8,10,12,13,15,20,21,23>4,5,15,16,17,20,22,23,8,2,21,6
1,2,4,5,6,8,10,12,13,15,20,21,23>1,4,7,13,14,15,16,20,22,8,2,21,6
1,2,4,5,6,8,10,12,13,15,20,21,23>1,4,5,7,13,15,16,22,23,8,2,21,6
1,2,4,5,6,8,10,12,13,15,20,21,23>7,10,16,20,22,23,8,2,21,6
1,2,4,5,6,8,10,12,13,15,20,21,23>1,4,7,10,12,14,16,22,8,2,21,6
1,2,4,5,6,8,10,12,13,15,20,21,23>1,5,7,10,12,13,22,23,8,2,21,6
2,3,8,9,12,13,14,16,17,21,23>2,3,4,13,22,23,8,12,14
2,3,8,9,12,13,14,16,17,21,23>2,10,17,21,22,23,8,12,14
2,3,8,9,12,13,14,16,17,21,23>4,10,13,17,22,23,8,12,14
2,3,8,9,12,13,14,16,17,21,23>4,10,13,16,17,21,8,12,14
2,3,8,9,12,13,14,16,17,21,23>9,10,13,8,12,14
2,3,8,9,12,13,14,16,17,21,23>3,4,9,10,16,17,21,22,23,8,12,14
4,5,8,9,11,12,13,14,16,17,18,19,22>5,9,18,22,8,12,13,14,16,19
4,5,8,9,11,12,13,14,16,17,18,19,22>4,5,11,18,23,8,12,13,14,16,19
4,5,8,9,11,12,13,14,16,17,18,19,22>9,11,18,22,8,12,13,14,16,19
4,5,8,9,11,12,13,14,16,17,18,19,22>17,18,8,12,13,14,16,19
4,5,8,9,11,12,13,14,16,17,18,19,22>23,5,17,22,8,12,13,14,16,19
4,5,8,9,11,12,13,14,16,17,18,19,22>4,5,9,17,22,8,12,13,14,16,19
1,6,7,10,11,17,18,22>1,23,19,18,11,7
1,6,7,10,11,17,18,22>23,6,17,18,11,7
1,6,7,10,11,17,18,22>10,17,19,18,11,7
1,6,7,10,11,17,18,22>22,23,6,10,18,11,7
1,6,7,10,11,17,18,22>2,6,10,17,18,11,7
1,6,7,10,11,17,18,22>22,13,17,19,18,11,7
1,3,4,6,7,9,11,13,17,18,20,23>1,2,6,10,13,14,23,4,7,17,18,20
1,3,4,6,7,9,11,13,17,18,20,23>2,9,13,14,21,23,4,7,17,18,20
1,3,4,6,7,9,11,13,17,18,20,23>2,6,9,13,14,16,21,4,7,17,18,20
1,3,4,6,7,9,11,13,17,18,20,23>3,6,9,10,11,16,19,21,23,4,7,17,18,20
1,3,4,6,7,9,11,13,17,18,20,23>1,3,6,9,10,14,19,23,4,7,17,18,20
1,3,4,6,7,9,11,13,17,18,20,23>2,3,6,9,11,13,14,16,23,4,7,17,18,20
2,3,5,8,12,14,15,16,18,22>2,3,13,15,22,23,8,16,12
2,3,5,8,12,14,15,16,18,22>2,3,4,13,18,22,8,16,12
2,3,5,8,12,14,15,16,18,22>4,5,13,14,15,19,8,16,12
2,3,5,8,12,14,15,16,18,22>3,4,5,13,14,18,8,16,12
2,3,5,8,12,14,15,16,18,22>2,3,6,18,22,23,8,16,12
2,3,5,8,12,14,15,16,18,22>19,3,4,6,8,16,12
2,3,5,7,9,10,12,13,15,16,19,21,23>2,3,9,10,13,19,21,22,23,16,12
2,3,5,7,9,10,12,13,15,16,19,21,23>4,13,14,15,19,21,22,23,16,12
2,3,5,7,9,10,12,13,15,16,19,21,23>5,8,9,10,14,19,21,23,16,12
2,3,5,7,9,10,12,13,15,16,19,21,23>3,4,7,8,9,10,14,16,12
2,3,5,7,9,10,12,13,15,16,19,21,23>5,7,8,14,15,19,23,16,12
2,3,5,7,9,10,12,13,15,16,19,21,23>4,5,7,8,9,19,22,23,16,12
1,3,5,7,9,11,19,21,22>2,7,9,11,19,20,23,22
1,3,5,7,9,11,19,21,22>2,3,4,7,9,11,22
1,3,5,7,9,11,19,21,22>5,9,13,19,20,22
1,3,5,7,9,11,19,21,22>4,5,9,11,19,22
1,3,5,7,9,11,19,21,22>1,2,4,5,7,19,20,21,22
1,3,5,7,9,11,19,21,22>3,4,5,19,21,23,22
2,3,4,5,10,11,12,13,14,15,17,18,19,23>2,13,16,17,23,4,11,12,14,15,18,19
2,3,4,5,10,11,12,13,14,15,17,18,19,23>23,3,5,4,11,12,14,15,18,19
2,3,4,5,10,11,12,13,14,15,17,18,19,23>17,2,8,23,4,11,12,14,15,18,19
2,3,4,5,10,11,12,13,14,15,17,18,19,23>17,3,5,8,4,11,12,14,15,18,19
2,3,4,5,10,11,12,13,14,15,17,18,19,23>17,10,4,11,12,14,15,18,19
2,3,4,5,10,11,12,13,14,15,17,18,19,23>5,8,10,13,16,4,11,12,14,15,18,19
1,2,5,6,8,9,10,14,15>16,7,11,13,2,10,6
1,2,5,6,8,9,10,14,15>1,5,8,11,15,16,2,10,6
1,2,5,6,8,9,10,14,15>1,7,8,15,2,10,6
1,2,5,6,8,9,10,14,15>14,5,7,9,2,10,6
1,2,5,6,8,9,10,14,15>1,5,7,9,15,2,10,6
1,2,5,6,8,9,10,14,15>8,9,11,14,16,2,10,6
2,3,4,5,6,11,18,20,22,23>18,2,22,17,4,20,6,23
2,3,4,5,6,11,18,20,22,23>3,5,18,19,22,4,20,6,23
2,3,4,5,6,11,18,20,22,23>7,16,4,20,6,23
2,3,4,5,6,11,18,20,22,23>11,16,18,19,21,22,4,20,6,23
2,3,4,5,6,11,18,20,22,23>2,11,17,4,20,6,23
2,3,4,5,6,11,18,20,22,23>2,3,11,18,19,21,4,20,6,23
