TCR,NFAT,IFN-\beta,IFN-\betaR,IL-18,IL-18R,IRAK,SOCS1,IL-12,IL-12R,STAT4,T-bet,IFN-\gamma,IFN-\gammaR,JAK1,STAT1,IL-4,IL-4R,STAT6,GATA3,IL-10,IL-10R,STAT3
1,4,5,6,7,8,10,11,12,16,17,20,21,22>1,2,4,11,23,6,7,8,16,21,22
1,4,5,6,7,8,10,11,12,16,17,20,21,22>17,2,5,6,7,8,16,21,22
1,4,5,6,7,8,10,11,12,16,17,20,21,22>1,2,5,11,13,6,7,8,16,21,22
1,4,5,6,7,8,10,11,12,16,17,20,21,22>4,5,11,12,13,6,7,8,16,21,22
1,4,5,6,7,8,10,11,12,16,17,20,21,22>17,23,10,6,7,8,16,21,22
1,4,5,6,7,8,10,11,12,16,17,20,21,22>1,2,10,13,20,6,7,8,16,21,22
3,4,9,11,12,13,16,17,18,20,21,23>14,3,22,17,16,18,4,21
3,4,9,11,12,13,16,17,18,20,21,23>9,10,12,13,22,16,18,4,21
3,4,9,11,12,13,16,17,18,20,21,23>14,19,11,12,16,18,4,21
3,4,9,11,12,13,16,17,18,20,21,23>9,11,14,19,20,23,16,18,4,21
3,4,9,11,12,13,16,17,18,20,21,23>3,9,11,17,19,22,16,18,4,21
3,4,9,11,12,13,16,17,18,20,21,23>9,11,13,17,20,23,16,18,4,21
1,3,6,7,11,13,14,16,17,18,20,22,23>1,4,8,16,19,21,22,7,14,18,20,23
1,3,6,7,11,13,14,16,17,18,20,22,23>1,2,3,4,8,11,13,17,19,7,14,18,20,23
1,3,6,7,11,13,14,16,17,18,20,22,23>1,2,3,4,8,11,13,15,21,22,7,14,18,20,23
1,3,6,7,11,13,14,16,17,18,20,22,23>13,1,19,6,7,14,18,20,23
1,3,6,7,11,13,14,16,17,18,20,22,23>6,8,11,13,15,22,7,14,18,20,23
1,3,6,7,11,13,14,16,17,18,20,22,23>1,2,6,16,17,21,22,7,14,18,20,23
1,2,6,7,9,10,11,12,13,20,23>14,17,12,2,10,7
1,2,6,7,9,10,11,12,13,20,23>6,13,14,17,20,2,10,7
1,2,6,7,9,10,11,12,13,20,23>1,6,8,12,17,2,10,7
1,2,6,7,9,10,11,12,13,20,23>1,8,11,13,17,2,10,7
1,2,6,7,9,10,11,12,13,20,23>6,9,11,13,20,21,23,2,10,7
1,2,6,7,9,10,11,12,13,20,23>1,6,8,9,11,21,23,2,10,7
4,8,9,11,12,13,15,16,17,18,19,20,22>22,12,23,17,8,16,19,13
4,8,9,11,12,13,15,16,17,18,19,20,22>9,12,15,17,20,21,22,8,16,19,13
4,8,9,11,12,13,15,16,17,18,19,20,22>4,9,14,15,21,22,8,16,19,13
4,8,9,11,12,13,15,16,17,18,19,20,22>4,21,12,14,8,16,19,13
4,8,9,11,12,13,15,16,17,18,19,20,22>11,12,14,15,21,23,8,16,19,13
4,8,9,11,12,13,15,16,17,18,19,20,22>4,9,11,12,14,15,17,20,23,8,16,19,13
1,4,5,6,10,11,14,22>1,4,10,13,14,15,23,11,6
1,4,5,6,10,11,14,22>1,2,5,13,15,22,11,6
1,4,5,6,10,11,14,22>1,2,4,5,16,22,23,11,6
1,4,5,6,10,11,14,22>1,7,15,13,11,6
1,4,5,6,10,11,14,22>1,2,4,7,10,14,15,23,11,6
1,4,5,6,10,11,14,22>1,2,5,7,14,16,22,23,11,6
4,5,6,7,8,9,12,14,15,17,21,22>16,4,21,17,6,7,8,12,22
4,5,6,7,8,9,12,14,15,17,21,22>4,10,14,15,6,7,8,12,22
4,5,6,7,8,9,12,14,15,17,21,22>4,10,16,17,23,6,7,8,12,22
4,5,6,7,8,9,12,14,15,17,21,22>21,9,10,6,7,8,12,22
4,5,6,7,8,9,12,14,15,17,21,22>4,5,9,13,15,17,6,7,8,12,22
4,5,6,7,8,9,12,14,15,17,21,22>4,5,10,13,15,17,21,23,6,7,8,12,22
2,4,7,11,12,13,15,17,18,19,20,23>2,13,14,15,16,20,23,17,18,19
2,4,7,11,12,13,15,17,18,19,20,23>2,4,13,14,15,23,17,18,19
2,4,7,11,12,13,15,17,18,19,20,23>2,7,12,13,16,21,17,18,19
2,4,7,11,12,13,15,17,18,19,20,23>2,4,7,13,14,20,23,17,18,19
2,4,7,11,12,13,15,17,18,19,20,23>2,8,13,14,21,23,17,18,19
2,4,7,11,12,13,15,17,18,19,20,23>4,7,11,12,13,14,16,21,17,18,19
3,7,10,12,14,18,22>19,22,23,13,12
3,7,10,12,14,18,22>3,13,14,18,23,12
3,7,10,12,14,18,22>3,11,13,18,19,12
3,7,10,12,14,18,22>14,3,7,12
3,7,10,12,14,18,22>3,10,11,18,22,23,12
3,7,10,12,14,18,22>3,4,8,10,11,14,18,22,12
1,6,7,10,11,13,15,16,18,19,20,21,23>1,2,6,14,15,22,23,7,16,19,20,21
1,6,7,10,11,13,15,16,18,19,20,21,23>2,8,11,14,18,23,7,16,19,20,21
1,6,7,10,11,13,15,16,18,19,20,21,23>14,1,22,10,7,16,19,20,21
1,6,7,10,11,13,15,16,18,19,20,21,23>2,6,10,11,14,18,22,23,7,16,19,20,21
1,6,7,10,11,13,15,16,18,19,20,21,23>6,8,10,13,15,22,23,7,16,19,20,21
1,6,7,10,11,13,15,16,18,19,20,21,23>1,2,6,8,10,13,7,16,19,20,21
2,6,7,9,11,13,14,19,22>6,9,20,13,14,7
2,6,7,9,11,13,14,19,22>22,9,11,13,14,7
2,6,7,9,11,13,14,19,22>9,15,20,22,23,13,14,7
2,6,7,9,11,13,14,19,22>2,6,9,15,22,13,14,7
2,6,7,9,11,13,14,19,22>23,11,15,20,13,14,7
2,6,7,9,11,13,14,19,22>9,11,15,20,13,14,7
1,4,9,10,11,12,13,14,18,19,21,22,23>4,8,10,15,18,21,11,12,14,19,22,23
1,4,9,10,11,12,13,14,18,19,21,22,23>2,4,8,10,15,16,11,12,14,19,22,23
1,4,9,10,11,12,13,14,18,19,21,22,23>4,9,10,16,18,21,11,12,14,19,22,23
1,4,9,10,11,12,13,14,18,19,21,22,23>2,4,9,15,21,11,12,14,19,22,23
1,4,9,10,11,12,13,14,18,19,21,22,23>1,2,4,9,13,16,18,11,12,14,19,22,23
1,4,9,10,11,12,13,14,18,19,21,22,23>4,8,9,10,13,18,21,11,12,14,19,22,23
2,4,6,7,9,10,12,15,16,17,20,21,22,23>2,4,12,15,17,18,7,10,16,21,22,23
2,4,6,7,9,10,12,15,16,17,20,21,22,23>17,18,6,15,7,10,16,21,22,23
2,4,6,7,9,10,12,15,16,17,20,21,22,23>2,6,12,18,7,10,16,21,22,23
2,4,6,7,9,10,12,15,16,17,20,21,22,23>2,20,9,15,7,10,16,21,22,23
2,4,6,7,9,10,12,15,16,17,20,21,22,23>18,6,9,15,7,10,16,21,22,23
2,4,6,7,9,10,12,15,16,17,20,21,22,23>20,6,8,9,7,10,16,21,22,23
1,4,8,9,10,11,14,15,17,20,21,23>4,14,15,16,22,17,10,20,21
1,4,8,9,10,11,14,15,17,20,21,23>22,4,11,14,17,10,20,21
1,4,8,9,10,11,14,15,17,20,21,23>2,4,14,17,10,20,21
1,4,8,9,10,11,14,15,17,20,21,23>1,4,11,16,17,10,20,21
1,4,8,9,10,11,14,15,17,20,21,23>1,2,8,14,22,17,10,20,21
1,4,8,9,10,11,14,15,17,20,21,23>15,2,4,8,17,10,20,21
4,5,6,7,9,11,16,17,18,20,21,22>17,4,11,19,6,7,16,18,20,21,22
4,5,6,7,9,11,16,17,18,20,21,22>8,9,11,6,7,16,18,20,21,22
4,5,6,7,9,11,16,17,18,20,21,22>8,10,17,19,23,6,7,16,18,20,21,22
4,5,6,7,9,11,16,17,18,20,21,22>4,8,10,13,17,6,7,16,18,20,21,22
4,5,6,7,9,11,16,17,18,20,21,22>4,8,10,17,23,6,7,16,18,20,21,22
4,5,6,7,9,11,16,17,18,20,21,22>5,9,10,13,6,7,16,18,20,21,22
2,3,8,9,10,11,12,18,19,20>17,18,20,11,8,19
2,3,8,9,10,11,12,18,19,20>4,11,12,18,20,21,8,19
2,3,8,9,10,11,12,18,19,20>3,9,12,13,18,8,19
2,3,8,9,10,11,12,18,19,20>2,3,10,12,8,19
2,3,8,9,10,11,12,18,19,20>2,4,10,12,13,18,8,19
2,3,8,9,10,11,12,18,19,20>4,9,10,11,18,20,21,8,19
2,3,5,6,7,8,10,12,13,17,18,19,20>3,20,10,12,7,8,13,17,19
2,3,5,6,7,8,10,12,13,17,18,19,20>18,3,21,12,7,8,13,17,19
2,3,5,6,7,8,10,12,13,17,18,19,20>2,3,4,12,21,7,8,13,17,19
2,3,5,6,7,8,10,12,13,17,18,19,20>2,5,10,12,7,8,13,17,19
2,3,5,6,7,8,10,12,13,17,18,19,20>2,4,5,6,12,14,18,21,7,8,13,17,19
2,3,5,6,7,8,10,12,13,17,18,19,20>2,3,4,5,6,10,7,8,13,17,19
2,4,5,6,8,9,11,13,14,15,16,21,22,23>2,10,11,15,21,6,8,14,16,22,23
2,4,5,6,8,9,11,13,14,15,16,21,22,23>12,13,5,21,6,8,14,16,22,23
2,4,5,6,8,9,11,13,14,15,16,21,22,23>2,15,5,10,6,8,14,16,22,23
2,4,5,6,8,9,11,13,14,15,16,21,22,23>4,5,10,11,12,13,6,8,14,16,22,23
2,4,5,6,8,9,11,13,14,15,16,21,22,23>12,4,5,9,6,8,14,16,22,23
2,4,5,6,8,9,11,13,14,15,16,21,22,23>4,5,7,9,10,11,13,21,6,8,14,16,22,23
1,2,3,4,5,7,8,14,17,20,23>21,23,5,14,17,2,4,20
1,2,3,4,5,7,8,14,17,20,23>16,1,23,6,17,2,4,20
1,2,3,4,5,7,8,14,17,20,23>1,3,5,6,8,14,23,17,2,4,20
1,2,3,4,5,7,8,14,17,20,23>1,7,8,14,21,17,2,4,20
1,2,3,4,5,7,8,14,17,20,23>5,7,8,16,23,17,2,4,20
1,2,3,4,5,7,8,14,17,20,23>1,6,7,8,21,17,2,4,20
2,3,4,6,7,8,9,11,13,15,16,18,19,23>12,13,14,15,20,4,7,8,16,19
2,3,4,6,7,8,9,11,13,15,16,18,19,23>3,6,12,13,15,23,4,7,8,16,19
2,3,4,6,7,8,9,11,13,15,16,18,19,23>2,6,9,14,18,4,7,8,16,19
2,3,4,6,7,8,9,11,13,15,16,18,19,23>3,6,9,13,15,18,23,4,7,8,16,19
2,3,4,6,7,8,9,11,13,15,16,18,19,23>14,3,6,9,4,7,8,16,19
2,3,4,6,7,8,9,11,13,15,16,18,19,23>2,6,11,13,14,18,23,4,7,8,16,19
