TCR,NFAT,IFN-\beta,IFN-\betaR,IL-18,IL-18R,IRAK,SOCS1,IL-12,IL-12R,STAT4,T-bet,IFN-\gamma,IFN-\gammaR,JAK1,STAT1,IL-4,IL-4R,STAT6,GATA3,IL-10,IL-10R,STAT3
1,2,4,5,6,7,9,10,12,13,15,16,18,20,22,23>1,18,19,21,2,6,7,10,16,23
1,2,4,5,6,7,9,10,12,13,15,16,18,20,22,23>1,5,12,14,15,20,22,2,6,7,10,16,23
1,2,4,5,6,7,9,10,12,13,15,16,18,20,22,23>5,8,13,15,20,2,6,7,10,16,23
1,2,4,5,6,7,9,10,12,13,15,16,18,20,22,23>1,5,8,15,19,22,2,6,7,10,16,23
1,2,4,5,6,7,9,10,12,13,15,16,18,20,22,23>1,4,5,8,12,14,18,2,6,7,10,16,23
1,2,4,5,6,7,9,10,12,13,15,16,18,20,22,23>1,5,9,14,15,21,2,6,7,10,16,23
1,2,5,9,10,14,15,19,20,21>1,5,10,14,16,22,2,20,21,15
1,2,5,9,10,14,15,19,20,21>1,5,9,10,17,2,20,21,15
1,2,5,9,10,14,15,19,20,21>1,9,13,16,22,2,20,21,15
1,2,5,9,10,14,15,19,20,21>5,9,13,17,22,2,20,21,15
1,2,5,9,10,14,15,19,20,21>1,10,13,14,22,2,20,21,15
1,2,5,9,10,14,15,19,20,21>9,10,13,14,16,19,22,2,20,21,15
1,2,5,6,7,9,13,16,17>17,18,8,12,2,13,6,7
1,2,5,6,7,9,13,16,17>5,8,16,17,18,2,13,6,7
1,2,5,6,7,9,13,16,17>5,9,14,17,18,2,13,6,7
1,2,5,6,7,9,13,16,17>1,5,10,16,17,2,13,6,7
1,2,5,6,7,9,13,16,17>8,9,10,12,14,16,18,2,13,6,7
1,2,5,6,7,9,13,16,17>1,5,8,9,10,2,13,6,7
1,3,4,6,7,8,10,11,15,16,18,23>2,10,12,15,18,19,23,4,7,8,11,16
1,3,4,6,7,8,10,11,15,16,18,23>1,2,10,12,15,18,4,7,8,11,16
1,3,4,6,7,8,10,11,15,16,18,23>2,6,10,12,15,19,4,7,8,11,16
1,3,4,6,7,8,10,11,15,16,18,23>1,2,6,10,12,18,19,4,7,8,11,16
1,3,4,6,7,8,10,11,15,16,18,23>3,6,10,12,15,18,4,7,8,11,16
1,3,4,6,7,8,10,11,15,16,18,23>2,3,6,10,19,4,7,8,11,16
1,4,6,9,13,14,15,17,18,19,22,23>1,22,9,17,14,15,18,19,23
1,4,6,9,13,14,15,17,18,19,22,23>1,2,9,13,16,22,14,15,18,19,23
1,4,6,9,13,14,15,17,18,19,22,23>1,2,7,9,17,14,15,18,19,23
1,4,6,9,13,14,15,17,18,19,22,23>1,4,7,13,16,17,20,14,15,18,19,23
1,4,6,9,13,14,15,17,18,19,22,23>6,7,9,13,16,22,14,15,18,19,23
1,4,6,9,13,14,15,17,18,19,22,23>2,6,7,9,13,16,17,20,14,15,18,19,23
1,3,4,5,11,12,14,16,18,20,22,23>2,8,14,18,19,20,21,22,16,4,23
1,3,4,5,11,12,14,16,18,20,22,23>12,1,2,21,16,4,23
1,3,4,5,11,12,14,16,18,20,22,23>2,8,11,14,19,20,22,16,4,23
1,3,4,5,11,12,14,16,18,20,22,23>1,3,8,12,14,15,18,20,21,16,4,23
1,3,4,5,11,12,14,16,18,20,22,23>1,3,5,14,18,19,20,21,16,4,23
1,3,4,5,11,12,14,16,18,20,22,23>5,6,11,12,14,21,16,4,23
2,8,9,11,13,14,15,16,17,18,19,23>9,11,12,15,20,8,16,19,14
2,8,9,11,13,14,15,16,17,18,19,23>11,13,15,18,20,23,8,16,19,14
2,8,9,11,13,14,15,16,17,18,19,23>2,11,13,17,18,8,16,19,14
2,8,9,11,13,14,15,16,17,18,19,23>2,9,11,13,8,16,19,14
2,8,9,11,13,14,15,16,17,18,19,23>2,9,12,13,17,18,20,8,16,19,14
2,8,9,11,13,14,15,16,17,18,19,23>2,11,12,13,18,20,8,16,19,14
1,7,8,9,12,13,14,15,16,17,18>1,2,7,15,17,19,8,12,13,14,16
1,7,8,9,12,13,14,15,16,17,18>18,2,9,15,8,12,13,14,16
1,7,8,9,12,13,14,15,16,17,18>1,2,9,15,17,19,8,12,13,14,16
1,7,8,9,12,13,14,15,16,17,18>2,7,10,17,18,19,8,12,13,14,16
1,7,8,9,12,13,14,15,16,17,18>1,2,7,10,17,19,8,12,13,14,16
1,7,8,9,12,13,14,15,16,17,18>9,10,15,17,18,19,8,12,13,14,16
3,4,5,6,13,15,17,18,22,23>3,15,16,17,19,22,18,4,6,23
3,4,5,6,13,15,17,18,22,23>22,19,5,7,18,4,6,23
3,4,5,6,13,15,17,18,22,23>13,15,16,19,22,18,4,6,23
3,4,5,6,13,15,17,18,22,23>3,5,14,15,19,18,4,6,23
3,4,5,6,13,15,17,18,22,23>3,7,14,15,19,22,18,4,6,23
3,4,5,6,13,15,17,18,22,23>3,13,14,15,22,18,4,6,23
2,4,5,7,9,12,14,15,17,20>4,9,10,12,13,14,18,20,21,17,15
2,4,5,7,9,12,14,15,17,20>6,8,10,12,13,16,20,17,15
2,4,5,7,9,12,14,15,17,20>2,6,8,9,13,16,20,17,15
2,4,5,7,9,12,14,15,17,20>10,13,18,7,17,15
2,4,5,7,9,12,14,15,17,20>2,7,9,10,16,20,21,17,15
2,4,5,7,9,12,14,15,17,20>2,18,7,12,17,15
2,3,4,6,7,8,10,11,12,15,16,18,20,21,22>3,6,19,20,23,4,7,8,16,21,22
2,3,4,6,7,8,10,11,12,15,16,18,20,21,22>15,2,10,23,4,7,8,16,21,22
2,3,4,6,7,8,10,11,12,15,16,18,20,21,22>2,3,6,10,19,4,7,8,16,21,22
2,3,4,6,7,8,10,11,12,15,16,18,20,21,22>3,11,13,15,19,20,23,4,7,8,16,21,22
2,3,4,6,7,8,10,11,12,15,16,18,20,21,22>3,10,11,15,19,20,23,4,7,8,16,21,22
2,3,4,6,7,8,10,11,12,15,16,18,20,21,22>6,10,11,12,13,15,18,19,23,4,7,8,16,21,22
2,4,5,6,7,8,11,12,13,15,16,17,18,19,22,23>15,18,5,14,7,8,12,16,19,23
2,4,5,6,7,8,11,12,13,15,16,17,18,19,22,23>2,5,15,18,22,7,8,12,16,19,23
2,4,5,6,7,8,11,12,13,15,16,17,18,19,22,23>2,5,6,18,22,7,8,12,16,19,23
2,4,5,6,7,8,11,12,13,15,16,17,18,19,22,23>2,5,6,15,18,7,8,12,16,19,23
2,4,5,6,7,8,11,12,13,15,16,17,18,19,22,23>2,4,11,14,15,17,22,7,8,12,16,19,23
2,4,5,6,7,8,11,12,13,15,16,17,18,19,22,23>6,11,13,17,22,7,8,12,16,19,23
2,3,5,6,9,15,17,18,22>2,3,4,9,15,17,22,23,18,6
2,3,5,6,9,15,17,18,22>3,5,10,18,6
2,3,5,6,9,15,17,18,22>2,3,7,10,13,15,16,17,22,23,18,6
2,3,5,6,9,15,17,18,22>2,5,7,9,13,17,19,23,18,6
2,3,5,6,9,15,17,18,22>4,5,7,9,10,15,19,18,6
2,3,5,6,9,15,17,18,22>2,4,5,7,9,13,17,22,23,18,6
3,5,6,10,17,18,19,20,21>3,4,10,22,17,18,19,20,21
3,5,6,10,17,18,19,20,21>3,5,10,22,17,18,19,20,21
3,5,6,10,17,18,19,20,21>4,5,6,10,22,17,18,19,20,21
3,5,6,10,17,18,19,20,21>3,7,22,17,18,19,20,21
3,5,6,10,17,18,19,20,21>4,5,7,22,17,18,19,20,21
3,5,6,10,17,18,19,20,21>4,5,6,7,17,18,19,20,21
1,3,6,10,13,14,17,18,19,21>2,11,13,15,17,20,22,18,19,14
1,3,6,10,13,14,17,18,19,21>3,10,11,13,15,21,22,18,19,14
1,3,6,10,13,14,17,18,19,21>1,2,4,7,10,11,17,21,18,19,14
1,3,6,10,13,14,17,18,19,21>3,4,11,13,15,18,19,14
1,3,6,10,13,14,17,18,19,21>11,2,3,6,18,19,14
1,3,6,10,13,14,17,18,19,21>2,3,4,6,13,17,21,22,18,19,14
2,3,4,7,8,9,11,13,14,17,22>3,7,11,16,17,22,23,4,13,14
2,3,4,7,8,9,11,13,14,17,22>23,8,10,11,4,13,14
2,3,4,7,8,9,11,13,14,17,22>3,23,8,10,4,13,14
2,3,4,7,8,9,11,13,14,17,22>2,7,8,10,16,22,23,4,13,14
2,3,4,7,8,9,11,13,14,17,22>3,7,9,16,17,23,4,13,14
2,3,4,7,8,9,11,13,14,17,22>7,8,9,11,16,4,13,14
1,4,5,7,8,9,10,11,12,13,14,15,16,18,19,21>15,21,22,10,8,11,12,13,14,16,19
1,4,5,7,8,9,10,11,12,13,14,15,16,18,19,21>15,18,8,11,12,13,14,16,19
1,4,5,7,8,9,10,11,12,13,14,15,16,18,19,21>1,4,9,10,22,8,11,12,13,14,16,19
1,4,5,7,8,9,10,11,12,13,14,15,16,18,19,21>4,7,9,10,15,21,8,11,12,13,14,16,19
1,4,5,7,8,9,10,11,12,13,14,15,16,18,19,21>2,5,7,9,15,8,11,12,13,14,16,19
1,4,5,7,8,9,10,11,12,13,14,15,16,18,19,21>1,2,5,7,10,15,21,8,11,12,13,14,16,19
1,5,8,9,10,11,12,14,15,17,18,20,22>1,11,15,16,19,21,22,23,8,17,10
1,5,8,9,10,11,12,14,15,17,18,20,22>1,2,5,12,14,15,16,20,21,23,8,17,10
1,5,8,9,10,11,12,14,15,17,18,20,22>2,5,6,11,12,14,15,18,21,22,23,8,17,10
1,5,8,9,10,11,12,14,15,17,18,20,22>9,11,12,14,16,18,20,8,17,10
1,5,8,9,10,11,12,14,15,17,18,20,22>1,2,5,9,11,15,16,20,21,22,8,17,10
1,5,8,9,10,11,12,14,15,17,18,20,22>1,2,5,6,9,11,13,14,19,20,8,17,10
1,2,4,5,6,7,10,11,12,16,18,19,20,21,22,23>4,6,11,12,18,20,2,7,16,19,21,22,23
1,2,4,5,6,7,10,11,12,16,18,19,20,21,22,23>1,8,11,12,18,20,2,7,16,19,21,22,23
1,2,4,5,6,7,10,11,12,16,18,19,20,21,22,23>1,4,5,8,11,18,20,2,7,16,19,21,22,23
1,2,4,5,6,7,10,11,12,16,18,19,20,21,22,23>6,8,10,11,18,2,7,16,19,21,22,23
1,2,4,5,6,7,10,11,12,16,18,19,20,21,22,23>1,6,8,10,11,20,2,7,16,19,21,22,23
1,2,4,5,6,7,10,11,12,16,18,19,20,21,22,23>1,5,6,8,11,12,18,2,7,16,19,21,22,23
1,2,3,4,7,8,9,10,15,16,17,19,20,23>19,1,23,7,2,4,8,16,20
1,2,3,4,7,8,9,10,15,16,17,19,20,23>3,9,17,21,23,2,4,8,16,20
1,2,3,4,7,8,9,10,15,16,17,19,20,23>1,10,15,19,21,2,4,8,16,20
1,2,3,4,7,8,9,10,15,16,17,19,20,23>1,3,10,15,2,4,8,16,20
1,2,3,4,7,8,9,10,15,16,17,19,20,23>1,3,7,10,17,19,21,2,4,8,16,20
1,2,3,4,7,8,9,10,15,16,17,19,20,23>3,9,10,19,21,23,2,4,8,16,20
