TCR,NFAT,IFN-\beta,IFN-\betaR,IL-18,IL-18R,IRAK,SOCS1,IL-12,IL-12R,STAT4,T-bet,IFN-\gamma,IFN-\gammaR,JAK1,STAT1,IL-4,IL-4R,STAT6,GATA3,IL-10,IL-10R,STAT3
3,7,8,11,16,17,18,20>18,3,21,16,8,20
3,7,8,11,16,17,18,20>4,16,17,18,19,21,8,20
3,7,8,11,16,17,18,20>3,4,7,18,19,8,20
3,7,8,11,16,17,18,20>3,21,11,16,8,20
3,7,8,11,16,17,18,20>4,21,11,16,8,20
3,7,8,11,16,17,18,20>19,4,13,16,8,20
5,7,8,10,11,12,13,14,15,18,22,23>5,22,15,16,8,11,12,14,23
5,7,8,10,11,12,13,14,15,18,22,23>5,7,18,19,22,8,11,12,14,23
5,7,8,10,11,12,13,14,15,18,22,23>6,13,15,18,19,22,8,11,12,14,23
5,7,8,10,11,12,13,14,15,18,22,23>6,7,13,16,8,11,12,14,23
5,7,8,10,11,12,13,14,15,18,22,23>6,7,13,15,19,22,8,11,12,14,23
5,7,8,10,11,12,13,14,15,18,22,23>18,10,13,8,11,12,14,23
2,3,4,6,7,8,9,10,14,15,20>2,8,13,14,10,4,20,7
2,3,4,6,7,8,9,10,14,15,20>3,8,13,15,21,10,4,20,7
2,3,4,6,7,8,9,10,14,15,20>6,8,14,15,16,17,10,4,20,7
2,3,4,6,7,8,9,10,14,15,20>3,6,8,15,16,17,21,10,4,20,7
2,3,4,6,7,8,9,10,14,15,20>2,6,9,14,16,21,10,4,20,7
2,3,4,6,7,8,9,10,14,15,20>2,6,8,9,14,17,10,4,20,7
4,5,6,7,11,17,18,19,20,21,22>5,6,16,23,7,17,18,19,20,21,22
4,5,6,7,11,17,18,19,20,21,22>4,5,6,16,7,17,18,19,20,21,22
4,5,6,7,11,17,18,19,20,21,22>4,6,11,7,17,18,19,20,21,22
4,5,6,7,11,17,18,19,20,21,22>4,13,16,7,17,18,19,20,21,22
4,5,6,7,11,17,18,19,20,21,22>4,6,13,7,17,18,19,20,21,22
4,5,6,7,11,17,18,19,20,21,22>5,6,13,7,17,18,19,20,21,22
1,2,3,5,6,8,9,10,11,12,14,15,16,17,19,20,22>4,7,11,12,14,17,22,23,8,16,2
1,2,3,5,6,8,9,10,11,12,14,15,16,17,19,20,22>1,3,4,10,11,13,14,15,17,19,8,16,2
1,2,3,5,6,8,9,10,11,12,14,15,16,17,19,20,22>1,3,4,9,10,11,13,20,8,16,2
1,2,3,5,6,8,9,10,11,12,14,15,16,17,19,20,22>3,5,7,9,10,11,12,13,14,15,17,19,21,23,8,16,2
1,2,3,5,6,8,9,10,11,12,14,15,16,17,19,20,22>6,9,10,11,12,14,15,19,21,8,16,2
1,2,3,5,6,8,9,10,11,12,14,15,16,17,19,20,22>4,6,10,11,13,14,17,21,23,8,16,2
3,6,7,17,19,21>20,3,19,7
3,6,7,17,19,21>22,6,18,19,7
3,6,7,17,19,21>4,13,18,19,20,21,22,7
3,6,7,17,19,21>20,6,13,7
3,6,7,17,19,21>6,17,18,19,7
3,6,7,17,19,21>3,6,17,18,20,21,22,7
1,2,5,7,8,15,18,19,20,21,22>1,5,7,15,16,17,18,23,2,19,20,21,22
1,2,5,7,8,15,18,19,20,21,22>5,13,15,17,18,2,19,20,21,22
1,2,5,7,8,15,18,19,20,21,22>17,5,23,13,2,19,20,21,22
1,2,5,7,8,15,18,19,20,21,22>1,7,13,16,17,18,23,2,19,20,21,22
1,2,5,7,8,15,18,19,20,21,22>1,7,13,15,2,19,20,21,22
1,2,5,7,8,15,18,19,20,21,22>8,13,15,18,23,2,19,20,21,22
2,3,4,7,8,13,16,18,19>2,7,18,20,4,8,13,16,19
2,3,4,7,8,13,16,18,19>2,3,7,18,4,8,13,16,19
2,3,4,7,8,13,16,18,19>3,7,12,4,8,13,16,19
2,3,4,7,8,13,16,18,19>3,14,20,4,8,13,16,19
2,3,4,7,8,13,16,18,19>3,12,14,4,8,13,16,19
2,3,4,7,8,13,16,18,19>2,7,12,14,20,4,8,13,16,19
5,6,11,12,15,17,18,19,22>13,16,17,22,23,18,19,12
5,6,11,12,15,17,18,19,22>8,13,15,16,22,18,19,12
5,6,11,12,15,17,18,19,22>5,8,13,15,17,22,18,19,12
5,6,11,12,15,17,18,19,22>6,22,8,15,18,19,12
5,6,11,12,15,17,18,19,22>5,7,11,13,15,22,23,18,19,12
5,6,11,12,15,17,18,19,22>7,8,11,13,16,22,18,19,12
1,2,4,5,9,10,12,15,16>13,1,15,11,16,2,10,12
1,2,4,5,9,10,12,15,16>4,9,11,16,2,10,12
1,2,4,5,9,10,12,15,16>13,5,6,9,16,2,10,12
1,2,4,5,9,10,12,15,16>1,8,9,11,16,2,10,12
1,2,4,5,9,10,12,15,16>5,8,16,2,10,12
1,2,4,5,9,10,12,15,16>1,6,8,9,15,16,2,10,12
2,4,5,7,9,11,12,13,14,15,16,18,19,20,21,22,23>2,4,7,8,9,20,14,15,16,19,21,22,23
2,4,5,7,9,11,12,13,14,15,16,18,19,20,21,22,23>5,7,11,13,18,20,14,15,16,19,21,22,23
2,4,5,7,9,11,12,13,14,15,16,18,19,20,21,22,23>4,7,8,11,13,20,14,15,16,19,21,22,23
2,4,5,7,9,11,12,13,14,15,16,18,19,20,21,22,23>4,7,8,12,13,20,14,15,16,19,21,22,23
2,4,5,7,9,11,12,13,14,15,16,18,19,20,21,22,23>2,4,7,8,11,13,18,14,15,16,19,21,22,23
2,4,5,7,9,11,12,13,14,15,16,18,19,20,21,22,23>2,5,7,8,18,14,15,16,19,21,22,23
1,5,7,15,18,21>1,5,15,18,19,21,22
1,5,7,15,18,21>19,21,6,13
1,5,7,15,18,21>16,18,19,7
1,5,7,15,18,21>1,2,7,18,22
1,5,7,15,18,21>1,2,5,7,16,22
1,5,7,15,18,21>6,7,13,15,16,21,22
1,2,7,8,9,11,15,17,20,21>1,7,8,13,17,2,20,21
1,2,7,8,9,11,15,17,20,21>16,9,13,17,2,20,21
1,2,7,8,9,11,15,17,20,21>15,7,22,10,17,2,20,21
1,2,7,8,9,11,15,17,20,21>1,7,10,16,22,17,2,20,21
1,2,7,8,9,11,15,17,20,21>22,7,8,10,17,2,20,21
1,2,7,8,9,11,15,17,20,21>1,9,10,11,13,15,22,17,2,20,21
1,3,5,7,8,10,11,12,14,16,17,18,22,23>2,7,16,17,19,22,8,11,12,23
1,3,5,7,8,10,11,12,14,16,17,18,22,23>1,2,6,7,10,14,22,8,11,12,23
1,3,5,7,8,10,11,12,14,16,17,18,22,23>1,2,3,7,10,14,17,8,11,12,23
1,3,5,7,8,10,11,12,14,16,17,18,22,23>2,3,4,14,17,18,19,22,8,11,12,23
1,3,5,7,8,10,11,12,14,16,17,18,22,23>1,4,5,14,17,18,8,11,12,23
1,3,5,7,8,10,11,12,14,16,17,18,22,23>1,2,4,5,6,7,17,19,8,11,12,23
7,8,9,10,13,19,20,21,22,23>7,8,14,17,20,21,22,23
7,8,9,10,13,19,20,21,22,23>7,9,10,17,19,20,21,22,23
7,8,9,10,13,19,20,21,22,23>7,13,14,17,19,20,21,22,23
7,8,9,10,13,19,20,21,22,23>7,9,13,20,21,22,23
7,8,9,10,13,19,20,21,22,23>8,10,13,17,20,21,22,23
7,8,9,10,13,19,20,21,22,23>9,10,13,17,20,21,22,23
1,2,3,4,6,7,8,9,10,11,12,13,14,17,18,19,20,22,23>3,6,12,13,22,2,4,7,8,14,17,19,23
1,2,3,4,6,7,8,9,10,11,12,13,14,17,18,19,20,22,23>1,3,9,13,16,20,22,2,4,7,8,14,17,19,23
1,2,3,4,6,7,8,9,10,11,12,13,14,17,18,19,20,22,23>3,6,9,11,12,16,20,21,2,4,7,8,14,17,19,23
1,2,3,4,6,7,8,9,10,11,12,13,14,17,18,19,20,22,23>1,10,11,12,18,20,22,2,4,7,8,14,17,19,23
1,2,3,4,6,7,8,9,10,11,12,13,14,17,18,19,20,22,23>1,9,10,12,13,20,22,2,4,7,8,14,17,19,23
1,2,3,4,6,7,8,9,10,11,12,13,14,17,18,19,20,22,23>6,9,10,11,13,18,20,22,2,4,7,8,14,17,19,23
2,3,8,9,10,11,16,19,20,23>19,2,11,16,8,20
2,3,8,9,10,11,16,19,20,23>19,4,16,8,20
2,3,8,9,10,11,16,19,20,23>4,9,16,8,20
2,3,8,9,10,11,16,19,20,23>2,3,4,9,21,8,20
2,3,8,9,10,11,16,19,20,23>2,3,10,16,19,8,20
2,3,8,9,10,11,16,19,20,23>9,10,11,16,19,8,20
1,2,3,4,5,9,10,11,13,15,18,19,20,21,22>1,3,15,16,23,2,4,13,19,20,21,22
1,2,3,4,5,9,10,11,13,15,18,19,20,21,22>1,5,11,15,16,17,2,4,13,19,20,21,22
1,2,3,4,5,9,10,11,13,15,18,19,20,21,22>5,9,11,14,16,18,23,2,4,13,19,20,21,22
1,2,3,4,5,9,10,11,13,15,18,19,20,21,22>1,5,10,11,14,15,16,18,23,2,4,13,19,20,21,22
1,2,3,4,5,9,10,11,13,15,18,19,20,21,22>1,3,5,10,17,18,2,4,13,19,20,21,22
1,2,3,4,5,9,10,11,13,15,18,19,20,21,22>1,3,5,9,10,16,17,2,4,13,19,20,21,22
2,3,4,6,7,14,16,17,20,22>2,14,15,17,18,21,16,4,20,7
2,3,4,6,7,14,16,17,20,22>2,3,6,14,17,16,4,20,7
2,3,4,6,7,14,16,17,20,22>2,8,14,15,17,22,23,16,4,20,7
2,3,4,6,7,14,16,17,20,22>3,8,15,18,21,22,23,16,4,20,7
2,3,4,6,7,14,16,17,20,22>6,8,15,17,22,16,4,20,7
2,3,4,6,7,14,16,17,20,22>2,3,13,15,18,22,23,16,4,20,7
1,2,4,6,7,12,13,19,21,23>21,22,14,2,12,7
1,2,4,6,7,12,13,19,21,23>1,8,19,22,23,2,12,7
1,2,4,6,7,12,13,19,21,23>1,6,8,14,16,19,21,2,12,7
1,2,4,6,7,12,13,19,21,23>6,13,14,19,23,2,12,7
1,2,4,6,7,12,13,19,21,23>8,13,14,21,23,2,12,7
1,2,4,6,7,12,13,19,21,23>1,4,8,13,16,19,2,12,7
