TCR,NFAT,IFN-\beta,IFN-\betaR,IL-18,IL-18R,IRAK,SOCS1,IL-12,IL-12R,STAT4,T-bet,IFN-\gamma,IFN-\gammaR,JAK1,STAT1,IL-4,IL-4R,STAT6,GATA3,IL-10,IL-10R,STAT3
1,3,4,5,6,7,9,14,15,17,19,20,22>9,13,14,16,18,19,21,22,4,7,15,17,20
1,3,4,5,6,7,9,14,15,17,19,20,22>3,9,13,14,18,23,4,7,15,17,20
1,3,4,5,6,7,9,14,15,17,19,20,22>1,6,9,14,16,18,19,21,4,7,15,17,20
1,3,4,5,6,7,9,14,15,17,19,20,22>3,6,14,16,18,21,23,4,7,15,17,20
1,3,4,5,6,7,9,14,15,17,19,20,22>1,5,6,9,16,21,22,4,7,15,17,20
1,3,4,5,6,7,9,14,15,17,19,20,22>1,2,3,5,6,13,14,16,18,22,23,4,7,15,17,20
1,3,4,5,6,7,9,14,15,17,19,20,22>3,5,6,14,16,19,21,22,23,4,7,15,17,20
1,3,4,5,6,7,9,14,15,17,19,20,22>1,2,3,5,6,13,16,18,19,23,4,7,15,17,20
1,2,7,8,9,11,12,16,17,20,21,23>7,12,17,20,22,8,2,21
1,2,7,8,9,11,12,16,17,20,21,23>23,1,9,12,8,2,21
1,2,7,8,9,11,12,16,17,20,21,23>17,20,7,9,8,2,21
1,2,7,8,9,11,12,16,17,20,21,23>1,7,9,10,11,12,16,20,8,2,21
1,2,7,8,9,11,12,16,17,20,21,23>10,12,16,22,23,8,2,21
1,2,7,8,9,11,12,16,17,20,21,23>7,10,11,12,16,23,8,2,21
1,2,7,8,9,11,12,16,17,20,21,23>1,9,10,11,17,20,22,8,2,21
1,2,7,8,9,11,12,16,17,20,21,23>1,7,9,10,11,17,22,23,8,2,21
1,2,3,5,7,10,11,14,15,18,20,21,22,23>1,7,10,11,19,2,15,20,21,22,23
1,2,3,5,7,10,11,14,15,18,20,21,22,23>3,4,7,10,14,16,2,15,20,21,22,23
1,2,3,5,7,10,11,14,15,18,20,21,22,23>1,4,5,10,14,16,2,15,20,21,22,23
1,2,3,5,7,10,11,14,15,18,20,21,22,23>3,4,5,10,14,16,17,18,2,15,20,21,22,23
1,2,3,5,7,10,11,14,15,18,20,21,22,23>1,3,4,5,7,10,19,2,15,20,21,22,23
1,2,3,5,7,10,11,14,15,18,20,21,22,23>6,10,11,14,16,17,19,2,15,20,21,22,23
1,2,3,5,7,10,11,14,15,18,20,21,22,23>5,6,7,14,16,17,18,19,2,15,20,21,22,23
1,2,3,5,7,10,11,14,15,18,20,21,22,23>5,6,10,14,18,19,2,15,20,21,22,23
1,2,3,4,5,8,9,11,12,16,17,18,20>1,3,5,18,19,8,16,2,4
1,2,3,4,5,8,9,11,12,16,17,18,20>6,11,12,13,21,8,16,2,4
1,2,3,4,5,8,9,11,12,16,17,18,20>1,3,6,10,11,12,18,20,8,16,2,4
1,2,3,4,5,8,9,11,12,16,17,18,20>1,5,6,12,17,21,8,16,2,4
1,2,3,4,5,8,9,11,12,16,17,18,20>1,9,13,20,21,8,16,2,4
1,2,3,4,5,8,9,11,12,16,17,18,20>3,9,10,12,19,8,16,2,4
1,2,3,4,5,8,9,11,12,16,17,18,20>3,5,9,11,17,18,19,21,8,16,2,4
1,2,3,4,5,8,9,11,12,16,17,18,20>1,17,6,9,8,16,2,4
6,7,8,9,16,17,18,19,20,23>6,23,8,19,20,7
6,7,8,9,16,17,18,19,20,23>6,9,8,19,20,7
6,7,8,9,16,17,18,19,20,23>9,16,21,8,19,20,7
6,7,8,9,16,17,18,19,20,23>16,17,21,8,19,20,7
6,7,8,9,16,17,18,19,20,23>18,21,23,8,19,20,7
6,7,8,9,16,17,18,19,20,23>6,18,21,8,19,20,7
6,7,8,9,16,17,18,19,20,23>16,18,23,8,19,20,7
6,7,8,9,16,17,18,19,20,23>6,16,17,18,8,19,20,7
4,7,9,12,13,16,17>4,7,14,17,18,16,12,13
4,7,9,12,13,16,17>18,8,14,17,16,12,13
4,7,9,12,13,16,17>18,9,17,16,12,13
4,7,9,12,13,16,17>18,4,7,9,16,12,13
4,7,9,12,13,16,17>18,10,17,16,12,13
4,7,9,12,13,16,17>18,7,10,14,16,12,13
4,7,9,12,13,16,17>8,10,16,12,13
4,7,9,12,13,16,17>18,9,10,16,12,13
1,2,6,7,8,13,14,15,16,19,21,22,23>21,6,20,2,7,8,14,16,22,23
1,2,6,7,8,13,14,15,16,19,21,22,23>13,20,2,7,8,14,16,22,23
1,2,6,7,8,13,14,15,16,19,21,22,23>1,15,19,20,21,2,7,8,14,16,22,23
1,2,6,7,8,13,14,15,16,19,21,22,23>12,15,19,20,21,2,7,8,14,16,22,23
1,2,6,7,8,13,14,15,16,19,21,22,23>1,12,15,20,21,2,7,8,14,16,22,23
1,2,6,7,8,13,14,15,16,19,21,22,23>1,6,12,15,21,2,7,8,14,16,22,23
1,2,6,7,8,13,14,15,16,19,21,22,23>21,1,13,15,2,7,8,14,16,22,23
1,2,6,7,8,13,14,15,16,19,21,22,23>6,12,13,15,19,2,7,8,14,16,22,23
5,9,12,21,23>23,6,8,21,12
5,9,12,21,23>23,6,9,21,12
5,9,12,21,23>5,6,8,9,22,12
5,9,12,21,23>10,21,12
5,9,12,21,23>5,6,8,9,23,12
5,9,12,21,23>6,10,22,12
5,9,12,21,23>5,9,10,22,12
5,9,12,21,23>6,8,9,10,23,12
1,2,4,5,6,7,8,15,20,22,23>4,16,17,21,22,2,6,7,20,23
1,2,4,5,6,7,8,15,20,22,23>1,4,22,17,2,6,7,20,23
1,2,4,5,6,7,8,15,20,22,23>1,5,16,17,21,22,2,6,7,20,23
1,2,4,5,6,7,8,15,20,22,23>1,5,8,16,17,21,2,6,7,20,23
1,2,4,5,6,7,8,15,20,22,23>4,5,8,16,22,2,6,7,20,23
1,2,4,5,6,7,8,15,20,22,23>21,22,15,16,2,6,7,20,23
1,2,4,5,6,7,8,15,20,22,23>4,5,15,2,6,7,20,23
1,2,4,5,6,7,8,15,20,22,23>1,4,8,15,16,21,2,6,7,20,23
2,3,8,9,10,11,12,15,16,17,18,20,21>2,3,4,12,13,15,18,19,22,8,16,10,21
2,3,8,9,10,11,12,15,16,17,18,20,21>3,9,13,17,18,8,16,10,21
2,3,8,9,10,11,12,15,16,17,18,20,21>3,4,9,12,17,18,20,22,8,16,10,21
2,3,8,9,10,11,12,15,16,17,18,20,21>3,11,15,19,22,8,16,10,21
2,3,8,9,10,11,12,15,16,17,18,20,21>2,3,11,12,15,20,8,16,10,21
2,3,8,9,10,11,12,15,16,17,18,20,21>2,4,11,13,15,20,8,16,10,21
2,3,8,9,10,11,12,15,16,17,18,20,21>4,9,11,12,15,17,18,22,8,16,10,21
2,3,8,9,10,11,12,15,16,17,18,20,21>2,4,9,11,15,18,19,8,16,10,21
2,3,4,5,6,7,9,11,12,22>23,16,5,11,4,12,6,7
2,3,4,5,6,7,9,11,12,22>23,2,22,5,4,12,6,7
2,3,4,5,6,7,9,11,12,22>3,5,8,10,11,23,4,12,6,7
2,3,4,5,6,7,9,11,12,22>2,3,9,11,22,4,12,6,7
2,3,4,5,6,7,9,11,12,22>2,3,9,10,11,13,16,23,4,12,6,7
2,3,4,5,6,7,9,11,12,22>2,3,5,9,13,16,22,4,12,6,7
2,3,4,5,6,7,9,11,12,22>3,8,9,10,11,16,22,4,12,6,7
2,3,4,5,6,7,9,11,12,22>5,8,9,10,22,4,12,6,7
1,8,10,12,13,14,15,16,17,18,21,22,23>19,2,15,8,12,14,16,22,23
1,8,10,12,13,14,15,16,17,18,21,22,23>10,15,17,18,19,8,12,14,16,22,23
1,8,10,12,13,14,15,16,17,18,21,22,23>1,11,17,19,21,8,12,14,16,22,23
1,8,10,12,13,14,15,16,17,18,21,22,23>10,11,15,18,19,21,8,12,14,16,22,23
1,8,10,12,13,14,15,16,17,18,21,22,23>10,11,17,8,12,14,16,22,23
1,8,10,12,13,14,15,16,17,18,21,22,23>10,13,18,19,21,8,12,14,16,22,23
1,8,10,12,13,14,15,16,17,18,21,22,23>2,10,13,17,19,8,12,14,16,22,23
1,8,10,12,13,14,15,16,17,18,21,22,23>1,2,10,13,17,18,8,12,14,16,22,23
2,3,4,5,8,9,13,15,16,18,22>2,3,12,19,23,8,16,4,13
2,3,4,5,8,9,13,15,16,18,22>5,10,12,15,19,8,16,4,13
2,3,4,5,8,9,13,15,16,18,22>14,19,5,23,8,16,4,13
2,3,4,5,8,9,13,15,16,18,22>2,3,6,14,18,19,8,16,4,13
2,3,4,5,8,9,13,15,16,18,22>2,9,10,12,18,19,23,8,16,4,13
2,3,4,5,8,9,13,15,16,18,22>14,3,9,10,8,16,4,13
2,3,4,5,8,9,13,15,16,18,22>5,9,12,15,18,19,8,16,4,13
2,3,4,5,8,9,13,15,16,18,22>3,6,9,12,15,18,19,8,16,4,13
1,2,3,4,5,6,7,10,13,14,16,17,18,22,23>15,3,22,12,2,4,6,7,14,16,18,23
1,2,3,4,5,6,7,10,13,14,16,17,18,22,23>13,5,11,12,2,4,6,7,14,16,18,23
1,2,3,4,5,6,7,10,13,14,16,17,18,22,23>5,11,12,15,17,2,4,6,7,14,16,18,23
1,2,3,4,5,6,7,10,13,14,16,17,18,22,23>5,8,11,13,15,17,2,4,6,7,14,16,18,23
1,2,3,4,5,6,7,10,13,14,16,17,18,22,23>13,22,10,12,2,4,6,7,14,16,18,23
1,2,3,4,5,6,7,10,13,14,16,17,18,22,23>5,10,12,13,17,2,4,6,7,14,16,18,23
1,2,3,4,5,6,7,10,13,14,16,17,18,22,23>1,5,10,11,19,22,2,4,6,7,14,16,18,23
1,2,3,4,5,6,7,10,13,14,16,17,18,22,23>8,10,12,17,22,2,4,6,7,14,16,18,23
1,2,3,6,11,12,13,14,16,18,22>16,18,4,22,2,12,13,14
1,2,3,6,11,12,13,14,16,18,22>1,6,16,18,22,2,12,13,14
1,2,3,6,11,12,13,14,16,18,22>3,7,8,15,16,22,2,12,13,14
1,2,3,6,11,12,13,14,16,18,22>3,4,7,18,19,22,23,2,12,13,14
1,2,3,6,11,12,13,14,16,18,22>1,3,4,7,18,19,23,2,12,13,14
1,2,3,6,11,12,13,14,16,18,22>1,6,7,8,11,18,22,2,12,13,14
1,2,3,6,11,12,13,14,16,18,22>3,6,7,11,18,19,22,2,12,13,14
1,2,3,6,11,12,13,14,16,18,22>3,4,6,7,11,15,16,18,19,2,12,13,14
5,6,8,9,11,13,17,19,22,23>5,11,14,17,19,22,23
5,6,8,9,11,13,17,19,22,23>6,7,11,19,20,22,23
5,6,8,9,11,13,17,19,22,23>5,8,11,13,22,23
5,6,8,9,11,13,17,19,22,23>5,6,8,11,17,19,20,22,23
5,6,8,9,11,13,17,19,22,23>5,7,8,11,13,19,23
5,6,8,9,11,13,17,19,22,23>17,9,13,23
5,6,8,9,11,13,17,19,22,23>5,6,9,11,17,19,23
5,6,8,9,11,13,17,19,22,23>6,7,9,11,17,19,23
2,6,8,9,11,13,15,17,19,21,23>6,11,13,14,15,16,17,19,21,22,23
2,6,8,9,11,13,15,17,19,21,23>2,6,11,13,16,19,20,22
2,6,8,9,11,13,15,17,19,21,23>2,7,11,14,15,16,21,22
2,6,8,9,11,13,15,17,19,21,23>2,6,7,8,13,15,16,17
2,6,8,9,11,13,15,17,19,21,23>2,6,7,8,11,15,17,19,20,21,23
2,6,8,9,11,13,15,17,19,21,23>8,9,11,13,16,17,22
2,6,8,9,11,13,15,17,19,21,23>2,8,9,11,16,21
2,6,8,9,11,13,15,17,19,21,23>6,7,8,9,11,15,19,22,23
3,4,7,13,14,15,19,21,23>22,23,20,4,14,15
3,4,7,13,14,15,19,21,23>22,3,4,14,15
3,4,7,13,14,15,19,21,23>3,20,4,14,15
3,4,7,13,14,15,19,21,23>23,13,20,21,4,14,15
3,4,7,13,14,15,19,21,23>22,13,20,4,14,15
3,4,7,13,14,15,19,21,23>3,7,16,21,4,14,15
3,4,7,13,14,15,19,21,23>7,13,16,19,21,4,14,15
3,4,7,13,14,15,19,21,23>7,13,16,19,22,23,4,14,15
3,4,5,6,8,15,16,21,23>23,3,21,22,8,16,4,6
3,4,5,6,8,15,16,21,23>3,7,21,8,16,4,6
3,4,5,6,8,15,16,21,23>5,7,12,22,8,16,4,6
3,4,5,6,8,15,16,21,23>3,5,15,22,23,8,16,4,6
3,4,5,6,8,15,16,21,23>3,5,15,21,22,8,16,4,6
3,4,5,6,8,15,16,21,23>5,7,15,22,23,8,16,4,6
3,4,5,6,8,15,16,21,23>5,12,15,21,23,8,16,4,6
3,4,5,6,8,15,16,21,23>5,7,12,15,8,16,4,6
6,9,10,12,16,17,18,19,21>16,7,22,11,18,19,12
6,9,10,12,16,17,18,19,21>9,11,13,16,17,21,22,18,19,12
6,9,10,12,16,17,18,19,21>6,8,9,17,21,22,18,19,12
6,9,10,12,16,17,18,19,21>7,8,9,17,21,22,18,19,12
6,9,10,12,16,17,18,19,21>6,8,9,13,16,17,22,18,19,12
6,9,10,12,16,17,18,19,21>7,8,10,13,17,21,22,18,19,12
6,9,10,12,16,17,18,19,21>6,7,8,10,11,17,21,18,19,12
6,9,10,12,16,17,18,19,21>6,7,9,10,17,21,18,19,12
