TCR,NFAT,IFN-\beta,IFN-\betaR,IL-18,IL-18R,IRAK,SOCS1,IL-12,IL-12R,STAT4,T-bet,IFN-\gamma,IFN-\gammaR,JAK1,STAT1,IL-4,IL-4R,STAT6,GATA3,IL-10,IL-10R,STAT3
2,3,5,6,8,9,11,12,13,14,16,17,18,19,21,22>2,4,5,16,23,8,12,13,14,19,22
2,3,5,6,8,9,11,12,13,14,16,17,18,19,21,22>2,3,4,5,11,17,21,23,8,12,13,14,19,22
2,3,5,6,8,9,11,12,13,14,16,17,18,19,21,22>2,6,7,9,11,18,23,8,12,13,14,19,22
2,3,5,6,8,9,11,12,13,14,16,17,18,19,21,22>2,4,6,11,16,17,18,21,8,12,13,14,19,22
2,3,5,6,8,9,11,12,13,14,16,17,18,19,21,22>3,4,6,7,9,16,17,23,8,12,13,14,19,22
2,3,5,6,8,9,11,12,13,14,16,17,18,19,21,22>5,6,7,9,11,16,23,8,12,13,14,19,22
2,3,5,6,8,9,11,12,13,14,16,17,18,19,21,22>5,6,7,9,11,16,17,8,12,13,14,19,22
2,3,5,6,8,9,11,12,13,14,16,17,18,19,21,22>4,5,6,7,16,17,18,8,12,13,14,19,22
1,2,4,7,8,11,14,15,16,17,19,20,21,22,23>7,17,2,8,16,20,21,22,23
1,2,4,7,8,11,14,15,16,17,19,20,21,22,23>19,1,7,2,8,16,20,21,22,23
1,2,4,7,8,11,14,15,16,17,19,20,21,22,23>19,4,7,15,2,8,16,20,21,22,23
1,2,4,7,8,11,14,15,16,17,19,20,21,22,23>19,7,11,15,2,8,16,20,21,22,23
1,2,4,7,8,11,14,15,16,17,19,20,21,22,23>19,7,14,2,8,16,20,21,22,23
1,2,4,7,8,11,14,15,16,17,19,20,21,22,23>19,11,14,17,2,8,16,20,21,22,23
1,2,4,7,8,11,14,15,16,17,19,20,21,22,23>19,1,11,14,2,8,16,20,21,22,23
1,2,4,7,8,11,14,15,16,17,19,20,21,22,23>4,7,11,14,15,2,8,16,20,21,22,23
3,5,7,8,9,11,13,15,20,21,23>3,9,10,16,17,20,21
3,5,7,8,9,11,13,15,20,21,23>4,8,11,13,15,22,23,20,21
3,5,7,8,9,11,13,15,20,21,23>3,4,5,15,17,22,20,21
3,5,7,8,9,11,13,15,20,21,23>3,4,5,6,9,10,13,15,16,20,21
3,5,7,8,9,11,13,15,20,21,23>3,5,7,8,16,17,22,20,21
3,5,7,8,9,11,13,15,20,21,23>4,5,7,14,15,17,20,21
3,5,7,8,9,11,13,15,20,21,23>5,6,7,8,10,11,13,16,17,22,20,21
3,5,7,8,9,11,13,15,20,21,23>4,5,6,7,8,9,13,14,15,16,22,20,21
2,7,8,9,12,14,15,16,17,18,19,20,22>7,15,17,18,21,22,23,8,16,19
2,7,8,9,12,14,15,16,17,18,19,20,22>2,7,12,14,15,18,20,8,16,19
2,7,8,9,12,14,15,16,17,18,19,20,22>9,12,15,18,20,22,23,8,16,19
2,7,8,9,12,14,15,16,17,18,19,20,22>7,9,12,13,17,20,21,8,16,19
2,7,8,9,12,14,15,16,17,18,19,20,22>12,13,14,18,20,22,23,8,16,19
2,7,8,9,12,14,15,16,17,18,19,20,22>2,7,13,15,21,23,8,16,19
2,7,8,9,12,14,15,16,17,18,19,20,22>12,13,14,15,17,18,21,23,8,16,19
2,7,8,9,12,14,15,16,17,18,19,20,22>7,9,12,13,14,23,8,16,19
4,5,6,9,12,13,15,18,19,20,21>4,9,12,14,16,17,20,21,19,13
4,5,6,9,12,13,15,18,19,20,21>4,5,9,12,22,21,19,13
4,5,6,9,12,13,15,18,19,20,21>4,6,9,14,15,16,17,21,19,13
4,5,6,9,12,13,15,18,19,20,21>5,6,7,9,12,14,15,18,21,19,13
4,5,6,9,12,13,15,18,19,20,21>4,8,9,14,16,17,20,21,19,13
4,5,6,9,12,13,15,18,19,20,21>6,8,18,20,22,21,19,13
4,5,6,9,12,13,15,18,19,20,21>5,7,8,9,12,14,16,20,22,21,19,13
4,5,6,9,12,13,15,18,19,20,21>4,5,6,7,8,17,20,21,19,13
1,5,10,11,12,14,15,16,19,21,22,23>1,14,19,11,12,15,16,22,23
1,5,10,11,12,14,15,16,19,21,22,23>21,2,14,19,11,12,15,16,22,23
1,5,10,11,12,14,15,16,19,21,22,23>21,1,2,14,11,12,15,16,22,23
1,5,10,11,12,14,15,16,19,21,22,23>2,5,19,11,12,15,16,22,23
1,5,10,11,12,14,15,16,19,21,22,23>21,8,14,11,12,15,16,22,23
1,5,10,11,12,14,15,16,19,21,22,23>2,10,14,11,12,15,16,22,23
1,5,10,11,12,14,15,16,19,21,22,23>8,10,14,19,11,12,15,16,22,23
1,5,10,11,12,14,15,16,19,21,22,23>1,5,8,10,11,12,15,16,22,23
7,9,10,11,13,14,19,20,21,22>23,17,19,13,14,20,21,22
7,9,10,11,13,14,19,20,21,22>23,7,19,13,14,20,21,22
7,9,10,11,13,14,19,20,21,22>23,7,17,13,14,20,21,22
7,9,10,11,13,14,19,20,21,22>23,11,19,13,14,20,21,22
7,9,10,11,13,14,19,20,21,22>15,17,19,13,14,20,21,22
7,9,10,11,13,14,19,20,21,22>9,15,17,13,14,20,21,22
7,9,10,11,13,14,19,20,21,22>23,9,15,13,14,20,21,22
7,9,10,11,13,14,19,20,21,22>10,15,13,14,20,21,22
1,2,3,6,7,8,11,12,13,14,16,17,18,19,21>3,16,17,21,22,2,7,8,12,13,14,19
1,2,3,6,7,8,11,12,13,14,16,17,18,19,21>1,3,16,17,18,2,7,8,12,13,14,19
1,2,3,6,7,8,11,12,13,14,16,17,18,19,21>3,4,16,17,2,7,8,12,13,14,19
1,2,3,6,7,8,11,12,13,14,16,17,18,19,21>3,6,17,21,22,2,7,8,12,13,14,19
1,2,3,6,7,8,11,12,13,14,16,17,18,19,21>1,3,4,6,17,18,2,7,8,12,13,14,19
1,2,3,6,7,8,11,12,13,14,16,17,18,19,21>1,4,11,16,17,18,22,2,7,8,12,13,14,19
1,2,3,6,7,8,11,12,13,14,16,17,18,19,21>1,3,4,11,18,22,2,7,8,12,13,14,19
1,2,3,6,7,8,11,12,13,14,16,17,18,19,21>4,6,11,2,7,8,12,13,14,19
3,5,8,9,10,11,13,17,22>3,4,14,22,23,10,11,13
3,5,8,9,10,11,13,17,22>3,23,5,14,10,11,13
3,5,8,9,10,11,13,17,22>3,4,5,9,17,22,10,11,13
3,5,8,9,10,11,13,17,22>6,9,14,10,11,13
3,5,8,9,10,11,13,17,22>3,23,6,9,10,11,13
3,5,8,9,10,11,13,17,22>5,6,9,10,11,13
3,5,8,9,10,11,13,17,22>3,23,8,14,10,11,13
3,5,8,9,10,11,13,17,22>22,5,8,14,10,11,13
1,5,6,7,9,10,12,13,14,16,17,18,19,20,23>10,12,15,16,17,20,18,19,14,7
1,5,6,7,9,10,12,13,14,16,17,18,19,20,23>1,6,12,15,16,17,21,18,19,14,7
1,5,6,7,9,10,12,13,14,16,17,18,19,20,23>1,2,6,9,10,12,13,15,16,18,19,14,7
1,5,6,7,9,10,12,13,14,16,17,18,19,20,23>2,5,6,10,13,15,20,18,19,14,7
1,5,6,7,9,10,12,13,14,16,17,18,19,20,23>1,6,8,10,15,20,18,19,14,7
1,5,6,7,9,10,12,13,14,16,17,18,19,20,23>6,8,9,10,12,13,15,17,21,23,18,19,14,7
1,5,6,7,9,10,12,13,14,16,17,18,19,20,23>1,6,8,10,13,16,17,21,18,19,14,7
1,5,6,7,9,10,12,13,14,16,17,18,19,20,23>1,2,6,8,9,10,13,15,16,17,23,18,19,14,7
1,4,7,8,10,13,14,16,18,19,22>1,4,12,18,20,22,8,13,14,16,19
1,4,7,8,10,13,14,16,18,19,22>22,23,7,8,13,14,16,19
1,4,7,8,10,13,14,16,18,19,22>2,4,7,11,12,23,8,13,14,16,19
1,4,7,8,10,13,14,16,18,19,22>18,1,22,10,8,13,14,16,19
1,4,7,8,10,13,14,16,18,19,22>2,10,18,20,22,23,8,13,14,16,19
1,4,7,8,10,13,14,16,18,19,22>1,2,4,10,11,12,22,8,13,14,16,19
1,4,7,8,10,13,14,16,18,19,22>4,7,10,11,12,18,20,23,8,13,14,16,19
1,4,7,8,10,13,14,16,18,19,22>1,4,7,10,11,18,23,8,13,14,16,19
1,2,3,4,5,6,7,9,10,12,13,14,15,16,17,23>1,11,13,17,23,2,4,6,7,10,12,14,15,16
1,2,3,4,5,6,7,9,10,12,13,14,15,16,17,23>1,5,11,17,18,2,4,6,7,10,12,14,15,16
1,2,3,4,5,6,7,9,10,12,13,14,15,16,17,23>1,3,5,13,17,2,4,6,7,10,12,14,15,16
1,2,3,4,5,6,7,9,10,12,13,14,15,16,17,23>18,23,8,13,2,4,6,7,10,12,14,15,16
1,2,3,4,5,6,7,9,10,12,13,14,15,16,17,23>1,3,8,11,17,2,4,6,7,10,12,14,15,16
1,2,3,4,5,6,7,9,10,12,13,14,15,16,17,23>1,23,9,18,2,4,6,7,10,12,14,15,16
1,2,3,4,5,6,7,9,10,12,13,14,15,16,17,23>3,9,13,17,18,23,2,4,6,7,10,12,14,15,16
1,2,3,4,5,6,7,9,10,12,13,14,15,16,17,23>3,23,9,11,2,4,6,7,10,12,14,15,16
2,3,4,5,7,13,15,17,18,19,20,22>21,22,23,4,13,17,18,19,20
2,3,4,5,7,13,15,17,18,19,20,22>3,5,7,16,22,4,13,17,18,19,20
2,3,4,5,7,13,15,17,18,19,20,22>2,14,15,21,22,4,13,17,18,19,20
2,3,4,5,7,13,15,17,18,19,20,22>2,3,14,15,16,23,4,13,17,18,19,20
2,3,4,5,7,13,15,17,18,19,20,22>2,5,14,21,22,4,13,17,18,19,20
2,3,4,5,7,13,15,17,18,19,20,22>2,3,5,14,16,22,4,13,17,18,19,20
2,3,4,5,7,13,15,17,18,19,20,22>7,14,15,16,21,23,4,13,17,18,19,20
2,3,4,5,7,13,15,17,18,19,20,22>2,5,7,14,15,23,4,13,17,18,19,20
1,5,8,9,10,11,12,13,17,19,20,23>1,2,13,19,20,21,23,8,17
1,5,8,9,10,11,12,13,17,19,20,23>1,9,12,13,19,21,23,8,17
1,5,8,9,10,11,12,13,17,19,20,23>1,2,9,11,12,13,21,8,17
1,5,8,9,10,11,12,13,17,19,20,23>1,2,9,11,12,14,20,8,17
1,5,8,9,10,11,12,13,17,19,20,23>1,2,10,21,23,8,17
1,5,8,9,10,11,12,13,17,19,20,23>9,10,14,19,21,23,8,17
1,5,8,9,10,11,12,13,17,19,20,23>2,9,10,11,19,21,23,8,17
1,5,8,9,10,11,12,13,17,19,20,23>5,9,10,12,19,8,17
1,7,10,11,12,16,19,20,22>7,12,16,20,23
1,7,10,11,12,16,19,20,22>1,7,12,20,21,22,23
1,7,10,11,12,16,19,20,22>1,7,11,19,23
1,7,10,11,12,16,19,20,22>1,2,7,11,13,20,21,22,23
1,7,10,11,12,16,19,20,22>2,7,12,19,20,21
1,7,10,11,12,16,19,20,22>1,8,13,16,19,20
1,7,10,11,12,16,19,20,22>7,8,10,11,16,20,23
1,7,10,11,12,16,19,20,22>1,7,8,10,12,13,19,23
1,3,4,5,8,12,14,17,20,22,23>20,2,22,12,8,17,4,23
1,3,4,5,8,12,14,17,20,22,23>1,2,12,14,16,8,17,4,23
1,3,4,5,8,12,14,17,20,22,23>2,5,12,14,16,21,22,8,17,4,23
1,3,4,5,8,12,14,17,20,22,23>1,2,5,14,21,22,8,17,4,23
1,3,4,5,8,12,14,17,20,22,23>6,12,20,21,22,8,17,4,23
1,3,4,5,8,12,14,17,20,22,23>1,6,14,20,21,8,17,4,23
1,3,4,5,8,12,14,17,20,22,23>1,3,6,14,20,22,8,17,4,23
1,3,4,5,8,12,14,17,20,22,23>1,2,3,5,6,12,22,8,17,4,23
2,3,15,17,18,19,20>2,3,16,21,17,18,19,20
2,3,15,17,18,19,20>2,4,21,17,18,19,20
2,3,15,17,18,19,20>2,3,13,16,17,18,19,20
2,3,15,17,18,19,20>4,13,16,21,17,18,19,20
2,3,15,17,18,19,20>2,4,15,17,18,19,20
2,3,15,17,18,19,20>13,15,16,21,17,18,19,20
2,3,15,17,18,19,20>3,13,15,17,18,19,20
2,3,15,17,18,19,20>4,13,15,16,17,18,19,20
1,2,4,7,8,9,11,14,15,16,18,20,21>7,13,14,19,22,2,8,16,20,21
1,2,4,7,8,9,11,14,15,16,18,20,21>1,4,7,11,14,15,22,2,8,16,20,21
1,2,4,7,8,9,11,14,15,16,18,20,21>4,9,11,13,14,15,19,2,8,16,20,21
1,2,4,7,8,9,11,14,15,16,18,20,21>7,10,18,19,22,2,8,16,20,21
1,2,4,7,8,9,11,14,15,16,18,20,21>1,7,10,11,14,19,22,2,8,16,20,21
1,2,4,7,8,9,11,14,15,16,18,20,21>1,4,7,10,14,19,2,8,16,20,21
1,2,4,7,8,9,11,14,15,16,18,20,21>1,4,9,10,11,18,22,2,8,16,20,21
1,2,4,7,8,9,11,14,15,16,18,20,21>1,7,9,10,11,13,14,18,2,8,16,20,21
1,2,6,7,8,10,11,12,14,16,17,19,21,22>19,21,16,2,7,8,11,12,22
1,2,6,7,8,10,11,12,14,16,17,19,21,22>21,6,10,17,2,7,8,11,12,22
1,2,6,7,8,10,11,12,14,16,17,19,21,22>21,23,13,17,2,7,8,11,12,22
1,2,6,7,8,10,11,12,14,16,17,19,21,22>1,13,21,2,7,8,11,12,22
1,2,6,7,8,10,11,12,14,16,17,19,21,22>19,13,16,2,7,8,11,12,22
1,2,6,7,8,10,11,12,14,16,17,19,21,22>10,14,17,19,21,23,2,7,8,11,12,22
1,2,6,7,8,10,11,12,14,16,17,19,21,22>6,10,14,16,23,2,7,8,11,12,22
1,2,6,7,8,10,11,12,14,16,17,19,21,22>6,10,13,14,16,2,7,8,11,12,22
1,2,4,6,10,16,17,19,21,23>1,10,12,18,22,23,16,2
1,2,4,6,10,16,17,19,21,23>6,10,11,17,20,21,22,16,2
1,2,4,6,10,16,17,19,21,23>1,4,6,17,18,19,21,22,16,2
1,2,4,6,10,16,17,19,21,23>6,7,10,11,12,18,19,16,2
1,2,4,6,10,16,17,19,21,23>4,6,7,11,12,17,18,19,20,21,23,16,2
1,2,4,6,10,16,17,19,21,23>8,12,17,19,20,21,16,2
1,2,4,6,10,16,17,19,21,23>4,7,8,11,17,19,21,23,16,2
1,2,4,6,10,16,17,19,21,23>4,7,8,10,11,17,18,20,21,22,23,16,2
