TCR,NFAT,IFN-\beta,IFN-\betaR,IL-18,IL-18R,IRAK,SOCS1,IL-12,IL-12R,STAT4,T-bet,IFN-\gamma,IFN-\gammaR,JAK1,STAT1,IL-4,IL-4R,STAT6,GATA3,IL-10,IL-10R,STAT3
1,2,6,7,11,17,19,21>6,22,19,2,7
1,2,6,7,11,17,19,21>1,6,18,21,22,2,7
1,2,6,7,11,17,19,21>22,21,6,11,2,7
1,2,6,7,11,17,19,21>20,6,13,19,2,7
1,2,6,7,11,17,19,21>1,6,13,18,22,2,7
1,2,6,7,11,17,19,21>22,11,13,18,2,7
1,2,6,7,11,17,19,21>1,11,13,17,21,22,2,7
1,2,6,7,11,17,19,21>1,6,11,13,17,18,20,21,2,7
7,9,10,11,13,14,15,18,20,21,22,23>7,11,17,10,14,15,20,21,22,23
7,9,10,11,13,14,15,18,20,21,22,23>7,9,13,17,18,19,10,14,15,20,21,22,23
7,9,10,11,13,14,15,18,20,21,22,23>7,11,13,18,19,10,14,15,20,21,22,23
7,9,10,11,13,14,15,18,20,21,22,23>7,16,17,18,10,14,15,20,21,22,23
7,9,10,11,13,14,15,18,20,21,22,23>9,16,17,10,14,15,20,21,22,23
7,9,10,11,13,14,15,18,20,21,22,23>7,11,16,18,19,10,14,15,20,21,22,23
7,9,10,11,13,14,15,18,20,21,22,23>19,13,16,18,10,14,15,20,21,22,23
7,9,10,11,13,14,15,18,20,21,22,23>9,11,13,16,18,10,14,15,20,21,22,23
1,2,3,4,5,6,10,12,13,15,17,18,19,21,22,23>5,8,10,13,15,21,2,4,12,18,19,22,23
1,2,3,4,5,6,10,12,13,15,17,18,19,21,22,23>1,5,6,8,11,13,15,16,17,21,2,4,12,18,19,22,23
1,2,3,4,5,6,10,12,13,15,17,18,19,21,22,23>1,7,10,11,15,16,2,4,12,18,19,22,23
1,2,3,4,5,6,10,12,13,15,17,18,19,21,22,23>1,7,8,10,14,21,2,4,12,18,19,22,23
1,2,3,4,5,6,10,12,13,15,17,18,19,21,22,23>5,7,8,10,11,14,15,17,21,2,4,12,18,19,22,23
1,2,3,4,5,6,10,12,13,15,17,18,19,21,22,23>1,6,7,14,15,16,17,21,2,4,12,18,19,22,23
1,2,3,4,5,6,10,12,13,15,17,18,19,21,22,23>3,6,7,10,13,14,16,17,21,2,4,12,18,19,22,23
1,2,3,4,5,6,10,12,13,15,17,18,19,21,22,23>5,6,7,8,10,13,16,2,4,12,18,19,22,23
1,4,6,7,9,12,14,16,17,20,23>9,10,12,14,18,20,23,16,7
1,4,6,7,9,12,14,16,17,20,23>1,18,20,21,23,16,7
1,4,6,7,9,12,14,16,17,20,23>2,9,10,14,17,23,16,7
1,4,6,7,9,12,14,16,17,20,23>10,12,15,17,21,23,16,7
1,4,6,7,9,12,14,16,17,20,23>1,2,6,9,12,14,17,18,21,16,7
1,4,6,7,9,12,14,16,17,20,23>4,6,10,12,14,20,23,16,7
1,4,6,7,9,12,14,16,17,20,23>1,4,8,9,20,23,16,7
1,4,6,7,9,12,14,16,17,20,23>2,4,6,8,9,10,14,17,18,20,16,7
1,2,4,5,9,10,13,14,18,19,20,21,22>17,1,15,16,2,13,14,19,20,21,22
1,2,4,5,9,10,13,14,18,19,20,21,22>17,1,4,23,2,13,14,19,20,21,22
1,2,4,5,9,10,13,14,18,19,20,21,22>1,4,15,16,18,2,13,14,19,20,21,22
1,2,4,5,9,10,13,14,18,19,20,21,22>17,18,23,9,2,13,14,19,20,21,22
1,2,4,5,9,10,13,14,18,19,20,21,22>5,9,15,16,17,2,13,14,19,20,21,22
1,2,4,5,9,10,13,14,18,19,20,21,22>1,4,5,9,16,17,2,13,14,19,20,21,22
1,2,4,5,9,10,13,14,18,19,20,21,22>18,4,10,16,2,13,14,19,20,21,22
1,2,4,5,9,10,13,14,18,19,20,21,22>4,9,10,2,13,14,19,20,21,22
3,5,8,10,11,13,18,19>4,18,19,11,13
3,5,8,10,11,13,18,19>5,8,14,18,20,19,11,13
3,5,8,10,11,13,18,19>20,4,5,8,19,11,13
3,5,8,10,11,13,18,19>5,10,14,18,20,19,11,13
3,5,8,10,11,13,18,19>3,5,10,18,20,19,11,13
3,5,8,10,11,13,18,19>3,5,8,10,14,18,19,11,13
3,5,8,10,11,13,18,19>3,8,10,18,20,19,11,13
3,5,8,10,11,13,18,19>3,5,8,10,14,20,19,11,13
2,10,11,12,14,16,17,18,19,20>8,13,14,16,20,18,19
2,10,11,12,14,16,17,18,19,20>10,13,14,15,21,18,19
2,10,11,12,14,16,17,18,19,20>10,11,12,16,17,18,19
2,10,11,12,14,16,17,18,19,20>11,13,14,15,20,18,19
2,10,11,12,14,16,17,18,19,20>2,11,14,15,16,17,18,19
2,10,11,12,14,16,17,18,19,20>2,10,11,16,17,20,21,18,19
2,10,11,12,14,16,17,18,19,20>10,11,12,13,14,15,16,18,19
2,10,11,12,14,16,17,18,19,20>8,10,11,12,20,18,19
4,5,6,8,9,11,16,19,22,23>19,6,11,12,8,16,23
4,5,6,8,9,11,16,19,22,23>20,22,6,12,8,16,23
4,5,6,8,9,11,16,19,22,23>5,6,19,20,22,8,16,23
4,5,6,8,9,11,16,19,22,23>4,5,6,11,8,16,23
4,5,6,8,9,11,16,19,22,23>4,5,7,11,12,19,20,22,8,16,23
4,5,6,8,9,11,16,19,22,23>6,9,12,19,20,8,16,23
4,5,6,8,9,11,16,19,22,23>4,6,9,11,19,20,22,8,16,23
4,5,6,8,9,11,16,19,22,23>5,6,7,9,8,16,23
7,9,10,12,17,18,19,21,23>22,7,8,23,18,19,12
7,9,10,12,17,18,19,21,23>22,7,9,17,18,19,12
7,9,10,12,17,18,19,21,23>23,9,10,17,18,19,12
7,9,10,12,17,18,19,21,23>7,8,9,10,17,21,18,19,12
7,9,10,12,17,18,19,21,23>9,11,17,21,22,18,19,12
7,9,10,12,17,18,19,21,23>7,9,11,17,21,23,18,19,12
7,9,10,12,17,18,19,21,23>7,8,9,11,21,18,19,12
7,9,10,12,17,18,19,21,23>10,11,18,19,12
1,5,7,10,11,13,14,15,16,17,19,21,22>18,2,19,12,11,13,14,15,16,22
1,5,7,10,11,13,14,15,16,17,19,21,22>1,5,10,19,23,11,13,14,15,16,22
1,5,7,10,11,13,14,15,16,17,19,21,22>1,7,10,17,18,19,20,21,23,11,13,14,15,16,22
1,5,7,10,11,13,14,15,16,17,19,21,22>1,5,7,12,17,19,20,23,11,13,14,15,16,22
1,5,7,10,11,13,14,15,16,17,19,21,22>1,8,10,12,17,18,19,20,21,23,11,13,14,15,16,22
1,5,7,10,11,13,14,15,16,17,19,21,22>1,5,8,18,20,11,13,14,15,16,22
1,5,7,10,11,13,14,15,16,17,19,21,22>1,7,8,12,17,18,20,21,11,13,14,15,16,22
1,5,7,10,11,13,14,15,16,17,19,21,22>1,2,5,7,8,17,23,11,13,14,15,16,22
2,4,9,10,11,15,17,18,19,21,22>20,23,15,16,19,18,11,22
2,4,9,10,11,15,17,18,19,21,22>17,2,23,16,19,18,11,22
2,4,9,10,11,15,17,18,19,21,22>4,9,17,20,23,19,18,11,22
2,4,9,10,11,15,17,18,19,21,22>17,10,15,19,18,11,22
2,4,9,10,11,15,17,18,19,21,22>4,10,16,17,21,19,18,11,22
2,4,9,10,11,15,17,18,19,21,22>2,4,9,10,21,23,19,18,11,22
2,4,9,10,11,15,17,18,19,21,22>4,13,20,21,23,19,18,11,22
2,4,9,10,11,15,17,18,19,21,22>10,13,17,20,21,19,18,11,22
3,4,9,10,11,13,14,15,19,21,22,23>21,19,20,4,11,14,15,22,23
3,4,9,10,11,13,14,15,19,21,22,23>21,13,19,4,11,14,15,22,23
3,4,9,10,11,13,14,15,19,21,22,23>3,9,13,20,4,11,14,15,22,23
3,4,9,10,11,13,14,15,19,21,22,23>3,10,13,19,4,11,14,15,22,23
3,4,9,10,11,13,14,15,19,21,22,23>3,16,20,4,11,14,15,22,23
3,4,9,10,11,13,14,15,19,21,22,23>3,9,10,16,4,11,14,15,22,23
3,4,9,10,11,13,14,15,19,21,22,23>9,13,16,20,21,4,11,14,15,22,23
3,4,9,10,11,13,14,15,19,21,22,23>21,10,13,16,4,11,14,15,22,23
1,2,3,4,6,7,9,10,12,14,15,18,20,22>1,14,17,18,20,21,2,4,7,10,15
1,2,3,4,6,7,9,10,12,14,15,18,20,22>1,6,12,16,17,18,19,20,21,22,23,2,4,7,10,15
1,2,3,4,6,7,9,10,12,14,15,18,20,22>1,8,14,16,17,19,21,22,2,4,7,10,15
1,2,3,4,6,7,9,10,12,14,15,18,20,22>6,9,12,14,18,19,20,21,22,2,4,7,10,15
1,2,3,4,6,7,9,10,12,14,15,18,20,22>6,9,12,17,20,21,23,2,4,7,10,15
1,2,3,4,6,7,9,10,12,14,15,18,20,22>1,3,8,9,13,18,20,21,2,4,7,10,15
1,2,3,4,6,7,9,10,12,14,15,18,20,22>6,8,9,18,19,20,22,2,4,7,10,15
1,2,3,4,6,7,9,10,12,14,15,18,20,22>1,6,8,9,13,14,16,17,19,20,2,4,7,10,15
3,5,7,9,10,12,13,14,15,18,19,20,21,23>3,4,5,10,12,13,17,20,23,19,21,14,15
3,5,7,9,10,12,13,14,15,18,19,20,21,23>3,4,8,9,12,18,19,21,14,15
3,5,7,9,10,12,13,14,15,18,19,20,21,23>5,8,9,10,13,17,19,21,14,15
3,5,7,9,10,12,13,14,15,18,19,20,21,23>3,4,8,12,16,17,18,20,19,21,14,15
3,5,7,9,10,12,13,14,15,18,19,20,21,23>4,5,8,9,16,17,18,19,21,14,15
3,5,7,9,10,12,13,14,15,18,19,20,21,23>3,4,8,16,17,22,19,21,14,15
3,5,7,9,10,12,13,14,15,18,19,20,21,23>3,7,8,10,13,16,17,18,20,22,23,19,21,14,15
3,5,7,9,10,12,13,14,15,18,19,20,21,23>3,5,7,8,12,16,17,20,19,21,14,15
3,7,9,10,16,17,18,20,22>19,21,22,16,10,18,20
3,7,9,10,16,17,18,20,22>3,21,22,10,18,20
3,7,9,10,16,17,18,20,22>3,4,13,16,17,22,10,18,20
3,7,9,10,16,17,18,20,22>3,7,19,22,23,10,18,20
3,7,9,10,16,17,18,20,22>4,7,13,17,21,22,23,10,18,20
3,7,9,10,16,17,18,20,22>3,8,16,17,22,23,10,18,20
3,7,9,10,16,17,18,20,22>4,7,9,13,16,19,21,10,18,20
3,7,9,10,16,17,18,20,22>4,8,9,17,21,22,23,10,18,20
1,2,4,11,13,15,18,20,21,23>4,13,15,17,19,22,23,2,20,21
1,2,4,11,13,15,18,20,21,23>1,11,13,22,23,2,20,21
1,2,4,11,13,15,18,20,21,23>1,11,13,16,17,19,23,2,20,21
1,2,4,11,13,15,18,20,21,23>1,11,13,16,17,18,22,2,20,21
1,2,4,11,13,15,18,20,21,23>1,4,23,14,2,20,21
1,2,4,11,13,15,18,20,21,23>11,14,17,19,23,2,20,21
1,2,4,11,13,15,18,20,21,23>4,11,14,15,17,18,19,2,20,21
1,2,4,11,13,15,18,20,21,23>11,13,14,16,22,23,2,20,21
1,2,4,7,8,11,12,13,14,15,16,19,20,21,23>22,13,15,2,8,14,16,21
1,2,4,7,8,11,12,13,14,15,16,19,20,21,23>22,7,15,2,8,14,16,21
1,2,4,7,8,11,12,13,14,15,16,19,20,21,23>1,11,13,22,23,2,8,14,16,21
1,2,4,7,8,11,12,13,14,15,16,19,20,21,23>4,11,13,19,20,22,2,8,14,16,21
1,2,4,7,8,11,12,13,14,15,16,19,20,21,23>19,22,12,2,8,14,16,21
1,2,4,7,8,11,12,13,14,15,16,19,20,21,23>4,7,12,19,20,2,8,14,16,21
1,2,4,7,8,11,12,13,14,15,16,19,20,21,23>11,12,13,20,22,23,2,8,14,16,21
1,2,4,7,8,11,12,13,14,15,16,19,20,21,23>1,11,12,15,22,23,2,8,14,16,21
4,9,10,11,13,14,15,17,20>4,9,21,10,13,14,15,17,20
4,9,10,11,13,14,15,17,20>4,11,21,10,13,14,15,17,20
4,9,10,11,13,14,15,17,20>9,11,21,10,13,14,15,17,20
4,9,10,11,13,14,15,17,20>9,16,21,10,13,14,15,17,20
4,9,10,11,13,14,15,17,20>4,9,11,16,10,13,14,15,17,20
4,9,10,11,13,14,15,17,20>9,18,21,10,13,14,15,17,20
4,9,10,11,13,14,15,17,20>4,9,16,18,10,13,14,15,17,20
4,9,10,11,13,14,15,17,20>11,16,18,10,13,14,15,17,20
6,7,8,9,10,11,12,13,16,19,21>22,19,21,7,8,11,12,13
6,7,8,9,10,11,12,13,16,19,21>22,6,10,7,8,11,12,13
6,7,8,9,10,11,12,13,16,19,21>6,9,14,19,22,7,8,11,12,13
6,7,8,9,10,11,12,13,16,19,21>22,9,10,14,7,8,11,12,13
6,7,8,9,10,11,12,13,16,19,21>6,16,21,7,8,11,12,13
6,7,8,9,10,11,12,13,16,19,21>6,10,16,7,8,11,12,13
6,7,8,9,10,11,12,13,16,19,21>9,10,16,21,22,7,8,11,12,13
6,7,8,9,10,11,12,13,16,19,21>9,14,16,21,22,7,8,11,12,13
3,11,13,14,16,18,21,22,23>3,4,13,16,18,19,21,23,14,22
3,11,13,14,16,18,21,22,23>3,4,8,18,23,14,22
3,11,13,14,16,18,21,22,23>8,11,13,18,21,23,14,22
3,11,13,14,16,18,21,22,23>19,21,12,23,14,22
3,11,13,14,16,18,21,22,23>4,12,13,15,18,21,23,14,22
3,11,13,14,16,18,21,22,23>4,12,15,16,18,19,23,14,22
3,11,13,14,16,18,21,22,23>4,8,12,13,16,18,19,23,14,22
3,11,13,14,16,18,21,22,23>3,8,11,12,13,15,16,21,23,14,22
