TCR,NFAT,IFN-\beta,IFN-\betaR,IL-18,IL-18R,IRAK,SOCS1,IL-12,IL-12R,STAT4,T-bet,IFN-\gamma,IFN-\gammaR,JAK1,STAT1,IL-4,IL-4R,STAT6,GATA3,IL-10,IL-10R,STAT3
1,3,7,8,9,10,11,14,17,23>8,9,14,17,23,10,11
1,3,7,8,9,10,11,14,17,23>14,1,23,9,10,11
1,3,7,8,9,10,11,14,17,23>14,17,4,10,11
1,3,7,8,9,10,11,14,17,23>2,3,4,8,9,23,10,11
1,3,7,8,9,10,11,14,17,23>7,9,14,17,23,10,11
1,3,7,8,9,10,11,14,17,23>1,2,3,7,8,14,17,10,11
1,3,7,8,9,10,11,14,17,23>1,2,4,7,9,14,10,11
1,3,7,8,9,10,11,14,17,23>3,4,7,14,23,10,11
1,5,6,8,9,14,16,17,19,20,21,22>1,5,9,16,17,8,20,21,22
1,5,6,8,9,14,16,17,19,20,21,22>16,1,5,14,8,20,21,22
1,5,6,8,9,14,16,17,19,20,21,22>1,5,9,19,23,8,20,21,22
1,5,6,8,9,14,16,17,19,20,21,22>2,6,9,16,17,19,23,8,20,21,22
1,5,6,8,9,14,16,17,19,20,21,22>1,5,7,17,23,8,20,21,22
1,5,6,8,9,14,16,17,19,20,21,22>6,7,9,14,16,17,8,20,21,22
1,5,6,8,9,14,16,17,19,20,21,22>1,6,7,9,16,17,8,20,21,22
1,5,6,8,9,14,16,17,19,20,21,22>1,2,6,7,9,14,19,23,8,20,21,22
1,2,12,13,14,15,18,19,21,23>1,8,21,22,2,12,14,15,19
1,2,12,13,14,15,18,19,21,23>23,8,13,2,12,14,15,19
1,2,12,13,14,15,18,19,21,23>13,16,21,22,2,12,14,15,19
1,2,12,13,14,15,18,19,21,23>1,13,16,22,23,2,12,14,15,19
1,2,12,13,14,15,18,19,21,23>8,13,16,21,2,12,14,15,19
1,2,12,13,14,15,18,19,21,23>1,8,13,18,21,2,12,14,15,19
1,2,12,13,14,15,18,19,21,23>23,1,16,18,2,12,14,15,19
1,2,12,13,14,15,18,19,21,23>8,13,16,18,2,12,14,15,19
2,3,7,9,11,12,13,14,17,18,20,22,23>2,10,13,15,19,21,17,18,14,23
2,3,7,9,11,12,13,14,17,18,20,22,23>2,3,21,10,17,18,14,23
2,3,7,9,11,12,13,14,17,18,20,22,23>2,7,13,15,19,20,21,22,17,18,14,23
2,3,7,9,11,12,13,14,17,18,20,22,23>2,4,7,9,10,11,12,13,17,18,14,23
2,3,7,9,11,12,13,14,17,18,20,22,23>2,8,10,12,15,20,17,18,14,23
2,3,7,9,11,12,13,14,17,18,20,22,23>3,4,8,10,11,19,20,21,22,17,18,14,23
2,3,7,9,11,12,13,14,17,18,20,22,23>3,7,8,9,12,13,15,17,18,14,23
2,3,7,9,11,12,13,14,17,18,20,22,23>2,3,4,7,8,10,13,15,19,20,17,18,14,23
2,3,5,6,7,8,11,12,13,14,15,16,17,20,23>3,15,17,20,21,23,6,7,8,14,16
2,3,5,6,7,8,11,12,13,14,15,16,17,20,23>5,12,17,20,23,6,7,8,14,16
2,3,5,6,7,8,11,12,13,14,15,16,17,20,23>5,13,17,20,23,6,7,8,14,16
2,3,5,6,7,8,11,12,13,14,15,16,17,20,23>2,11,12,17,20,21,6,7,8,14,16
2,3,5,6,7,8,11,12,13,14,15,16,17,20,23>2,11,12,13,15,20,21,6,7,8,14,16
2,3,5,6,7,8,11,12,13,14,15,16,17,20,23>3,4,11,12,13,15,17,23,6,7,8,14,16
2,3,5,6,7,8,11,12,13,14,15,16,17,20,23>2,5,11,12,6,7,8,14,16
2,3,5,6,7,8,11,12,13,14,15,16,17,20,23>4,5,11,12,13,17,6,7,8,14,16
1,3,5,6,7,10,11,12,14,16,17,18,19,20,21>1,3,11,15,20,18,19,21,7
1,3,5,6,7,10,11,12,14,16,17,18,19,20,21>1,2,3,6,8,10,11,13,14,17,20,18,19,21,7
1,3,5,6,7,10,11,12,14,16,17,18,19,20,21>2,4,6,10,14,17,22,18,19,21,7
1,3,5,6,7,10,11,12,14,16,17,18,19,20,21>2,4,8,10,15,16,18,19,21,7
1,3,5,6,7,10,11,12,14,16,17,18,19,20,21>2,3,4,8,11,13,20,18,19,21,7
1,3,5,6,7,10,11,12,14,16,17,18,19,20,21>1,4,5,6,8,11,12,14,17,20,18,19,21,7
1,3,5,6,7,10,11,12,14,16,17,18,19,20,21>1,4,5,8,11,15,20,18,19,21,7
1,3,5,6,7,10,11,12,14,16,17,18,19,20,21>3,4,5,8,10,11,13,16,18,19,21,7
5,6,10,11,12,13,19,21>5,6,14,19,22,11,12,13
5,6,10,11,12,13,19,21>5,8,19,11,12,13
5,6,10,11,12,13,19,21>5,6,8,14,22,11,12,13
5,6,10,11,12,13,19,21>7,8,19,11,12,13
5,6,10,11,12,13,19,21>5,7,10,14,21,11,12,13
5,6,10,11,12,13,19,21>5,7,10,21,22,11,12,13
5,6,10,11,12,13,19,21>5,7,10,19,21,11,12,13
5,6,10,11,12,13,19,21>5,8,10,14,21,22,11,12,13
2,3,4,6,7,10,11,12,13,14,17,19,21,22,23>2,6,15,16,17,18,19,21,4,7,11,12,14,22,23
2,3,4,6,7,10,11,12,13,14,17,19,21,22,23>2,3,6,15,16,18,19,4,7,11,12,14,22,23
2,3,4,6,7,10,11,12,13,14,17,19,21,22,23>2,8,13,16,18,19,4,7,11,12,14,22,23
2,3,4,6,7,10,11,12,13,14,17,19,21,22,23>2,6,8,13,17,19,21,4,7,11,12,14,22,23
2,3,4,6,7,10,11,12,13,14,17,19,21,22,23>2,10,13,15,16,17,18,19,4,7,11,12,14,22,23
2,3,4,6,7,10,11,12,13,14,17,19,21,22,23>3,10,13,16,21,4,7,11,12,14,22,23
2,3,4,6,7,10,11,12,13,14,17,19,21,22,23>2,3,10,16,17,18,21,4,7,11,12,14,22,23
2,3,4,6,7,10,11,12,13,14,17,19,21,22,23>8,10,13,15,18,19,4,7,11,12,14,22,23
2,4,5,6,7,11,13,15,16,18,22>4,8,15,19,22,16,13,6,7
2,4,5,6,7,11,13,15,16,18,22>4,8,12,19,23,16,13,6,7
2,4,5,6,7,11,13,15,16,18,22>2,4,5,8,12,14,15,18,22,16,13,6,7
2,4,5,6,7,11,13,15,16,18,22>2,4,5,8,12,15,23,16,13,6,7
2,4,5,6,7,11,13,15,16,18,22>2,4,5,8,12,14,18,19,22,16,13,6,7
2,4,5,6,7,11,13,15,16,18,22>8,11,14,18,22,16,13,6,7
2,4,5,6,7,11,13,15,16,18,22>4,5,8,11,12,15,19,16,13,6,7
2,4,5,6,7,11,13,15,16,18,22>2,4,5,8,11,14,15,18,23,16,13,6,7
2,4,5,8,13,16,19,20>4,5,21,8,16,20,13
2,4,5,8,13,16,19,20>2,4,5,8,16,20,13
2,4,5,8,13,16,19,20>2,14,21,8,16,20,13
2,4,5,8,13,16,19,20>4,14,8,16,20,13
2,4,5,8,13,16,19,20>4,19,21,8,16,20,13
2,4,5,8,13,16,19,20>2,5,19,8,16,20,13
2,4,5,8,13,16,19,20>14,19,21,8,16,20,13
2,4,5,8,13,16,19,20>5,14,19,8,16,20,13
2,3,4,9,11,12,14,15,17,18,19,20>3,9,12,20,21,4,15,17,18,19
2,3,4,9,11,12,14,15,17,18,19,20>2,11,12,14,16,21,4,15,17,18,19
2,3,4,9,11,12,14,15,17,18,19,20>2,3,9,11,13,16,4,15,17,18,19
2,3,4,9,11,12,14,15,17,18,19,20>8,11,12,13,14,16,20,4,15,17,18,19
2,3,4,9,11,12,14,15,17,18,19,20>2,3,8,11,13,4,15,17,18,19
2,3,4,9,11,12,14,15,17,18,19,20>2,3,9,11,14,4,15,17,18,19
2,3,4,9,11,12,14,15,17,18,19,20>14,8,9,11,4,15,17,18,19
2,3,4,9,11,12,14,15,17,18,19,20>2,3,8,11,12,16,21,4,15,17,18,19
4,5,7,11,12,13,16,20,21,22>4,6,11,14,20,16,21,13,22
4,5,7,11,12,13,16,20,21,22>5,6,12,14,23,16,21,13,22
4,5,7,11,12,13,16,20,21,22>4,5,6,7,12,14,16,21,13,22
4,5,7,11,12,13,16,20,21,22>23,8,11,12,16,21,13,22
4,5,7,11,12,13,16,20,21,22>4,8,12,20,23,16,21,13,22
4,5,7,11,12,13,16,20,21,22>4,5,6,7,11,12,23,16,21,13,22
4,5,7,11,12,13,16,20,21,22>4,5,6,8,12,16,21,13,22
4,5,7,11,12,13,16,20,21,22>5,6,7,8,11,12,14,16,21,13,22
1,4,6,11,12,14,17,18,19,20,21>4,8,12,14,15,22,17,18,19,21
1,4,6,11,12,14,17,18,19,20,21>1,4,6,8,12,16,22,17,18,19,21
1,4,6,11,12,14,17,18,19,20,21>1,7,12,14,15,16,20,22,17,18,19,21
1,4,6,11,12,14,17,18,19,20,21>1,2,7,8,12,20,22,17,18,19,21
1,4,6,11,12,14,17,18,19,20,21>1,4,7,8,15,16,22,17,18,19,21
1,4,6,11,12,14,17,18,19,20,21>2,4,7,8,13,15,17,18,19,21
1,4,6,11,12,14,17,18,19,20,21>1,6,7,12,20,17,18,19,21
1,4,6,11,12,14,17,18,19,20,21>1,2,6,7,8,13,15,16,17,18,19,21
1,3,4,5,14,19,20,22>17,19,21,23,4,20
1,3,4,5,14,19,20,22>22,19,2,21,4,20
1,3,4,5,14,19,20,22>3,16,17,19,23,4,20
1,3,4,5,14,19,20,22>5,15,17,19,21,4,20
1,3,4,5,14,19,20,22>2,5,15,21,22,23,4,20
1,3,4,5,14,19,20,22>1,2,3,5,17,19,22,23,4,20
1,3,4,5,14,19,20,22>22,23,14,4,20
1,3,4,5,14,19,20,22>1,2,3,14,15,16,17,23,4,20
2,4,5,7,9,10,12,14,16,17,19,22>11,13,15,18,19,23,16,12
2,4,5,7,9,10,12,14,16,17,19,22>4,9,11,13,22,23,16,12
2,4,5,7,9,10,12,14,16,17,19,22>4,7,9,15,17,18,19,22,23,16,12
2,4,5,7,9,10,12,14,16,17,19,22>2,5,7,10,13,15,18,19,22,16,12
2,4,5,7,9,10,12,14,16,17,19,22>4,5,7,9,11,14,15,18,22,16,12
2,4,5,7,9,10,12,14,16,17,19,22>4,5,7,9,11,14,15,17,19,22,16,12
2,4,5,7,9,10,12,14,16,17,19,22>2,5,7,10,14,15,17,23,16,12
2,4,5,7,9,10,12,14,16,17,19,22>4,5,7,8,9,13,14,19,23,16,12
3,4,5,6,8,10,17,18,20,21,22>19,16,18,4,6,17,20,21,22
3,4,5,6,8,10,17,18,20,21,22>19,5,7,16,4,6,17,20,21,22
3,4,5,6,8,10,17,18,20,21,22>5,7,18,4,6,17,20,21,22
3,4,5,6,8,10,17,18,20,21,22>19,8,18,4,6,17,20,21,22
3,4,5,6,8,10,17,18,20,21,22>3,5,7,19,23,4,6,17,20,21,22
3,4,5,6,8,10,17,18,20,21,22>19,5,8,16,4,6,17,20,21,22
3,4,5,6,8,10,17,18,20,21,22>3,5,8,23,4,6,17,20,21,22
3,4,5,6,8,10,17,18,20,21,22>23,8,10,18,4,6,17,20,21,22
2,4,10,14,17,18,21,22,23>17,2,19,16,18,22,23
2,4,10,14,17,18,21,22,23>17,2,4,16,18,22,23
2,4,10,14,17,18,21,22,23>2,4,10,15,18,22,23
2,4,10,14,17,18,21,22,23>11,15,16,17,19,18,22,23
2,4,10,14,17,18,21,22,23>2,10,11,15,21,18,22,23
2,4,10,14,17,18,21,22,23>4,10,11,16,17,18,22,23
2,4,10,14,17,18,21,22,23>2,14,15,18,22,23
2,4,10,14,17,18,21,22,23>10,14,16,17,21,18,22,23
1,3,4,6,7,9,10,18,19,20,22,23>17,1,3,16,4,7,19,20,23
1,3,4,6,7,9,10,18,19,20,22,23>1,2,6,9,10,22,4,7,19,20,23
1,3,4,6,7,9,10,18,19,20,22,23>1,2,3,6,17,18,4,7,19,20,23
1,3,4,6,7,9,10,18,19,20,22,23>1,3,9,10,16,22,4,7,19,20,23
1,3,4,6,7,9,10,18,19,20,22,23>1,2,3,9,16,21,4,7,19,20,23
1,3,4,6,7,9,10,18,19,20,22,23>1,6,9,16,21,22,4,7,19,20,23
1,3,4,6,7,9,10,18,19,20,22,23>1,2,6,9,16,21,4,7,19,20,23
1,3,4,6,7,9,10,18,19,20,22,23>1,2,6,9,10,16,4,7,19,20,23
1,3,4,5,6,7,8,10,11,14,15,17,18,19>13,16,17,19,11,4,7
1,3,4,5,6,7,8,10,11,14,15,17,18,19>3,10,13,14,15,17,18,19,11,4,7
1,3,4,5,6,7,8,10,11,14,15,17,18,19>2,3,13,14,15,19,11,4,7
1,3,4,5,6,7,8,10,11,14,15,17,18,19>1,5,6,13,14,17,18,19,11,4,7
1,3,4,5,6,7,8,10,11,14,15,17,18,19>1,3,5,6,8,13,14,15,17,19,11,4,7
1,3,4,5,6,7,8,10,11,14,15,17,18,19>5,6,13,15,17,18,19,11,4,7
1,3,4,5,6,7,8,10,11,14,15,17,18,19>1,5,6,14,15,20,19,11,4,7
1,3,4,5,6,7,8,10,11,14,15,17,18,19>1,3,5,6,13,18,19,11,4,7
1,3,5,7,9,10,14,16,20,23>6,9,14,15,16,10,20
1,3,5,7,9,10,14,16,20,23>1,3,6,9,14,16,21,10,20
1,3,5,7,9,10,14,16,20,23>2,3,8,9,14,16,21,10,20
1,3,5,7,9,10,14,16,20,23>1,2,3,6,9,15,16,21,10,20
1,3,5,7,9,10,14,16,20,23>5,8,9,15,21,10,20
1,3,5,7,9,10,14,16,20,23>3,5,7,14,15,16,10,20
1,3,5,7,9,10,14,16,20,23>1,2,4,5,8,9,14,21,23,10,20
1,3,5,7,9,10,14,16,20,23>3,4,5,6,7,8,16,21,10,20
