TCR,NFAT,IFN-\beta,IFN-\betaR,IL-18,IL-18R,IRAK,SOCS1,IL-12,IL-12R,STAT4,T-bet,IFN-\gamma,IFN-\gammaR,JAK1,STAT1,IL-4,IL-4R,STAT6,GATA3,IL-10,IL-10R,STAT3
1,2,3,5,8,12,14,16,17,18,19,20,21,23>1,4,14,16,17,18,22,23,8,2,19,21
1,2,3,5,8,12,14,16,17,18,19,20,21,23>4,5,14,16,8,2,19,21
1,2,3,5,8,12,14,16,17,18,19,20,21,23>1,4,5,22,23,8,2,19,21
1,2,3,5,8,12,14,16,17,18,19,20,21,23>1,3,5,12,14,16,17,8,2,19,21
1,2,3,5,8,12,14,16,17,18,19,20,21,23>18,20,12,16,8,2,19,21
1,2,3,5,8,12,14,16,17,18,19,20,21,23>1,3,12,16,17,22,8,2,19,21
1,2,3,5,8,12,14,16,17,18,19,20,21,23>5,12,14,18,20,22,8,2,19,21
1,2,3,5,8,12,14,16,17,18,19,20,21,23>1,3,5,12,14,16,18,22,23,8,2,19,21
2,4,10,11,14,16,18,19,20,23>4,10,15,18,21,16,19,20
2,4,10,11,14,16,18,19,20,23>8,10,14,21,23,16,19,20
2,4,10,11,14,16,18,19,20,23>2,4,8,10,14,23,16,19,20
2,4,10,11,14,16,18,19,20,23>2,4,11,14,21,23,16,19,20
2,4,10,11,14,16,18,19,20,23>2,4,11,15,18,21,23,16,19,20
2,4,10,11,14,16,18,19,20,23>2,8,11,15,18,21,16,19,20
2,4,10,11,14,16,18,19,20,23>10,11,14,15,16,19,20
2,4,10,11,14,16,18,19,20,23>4,10,11,15,21,16,19,20
4,7,8,9,11,12,13,16,18,19,20,22,23>22,13,14,8,16,19,23
4,7,8,9,11,12,13,16,18,19,20,22,23>4,7,11,12,13,14,20,21,8,16,19,23
4,7,8,9,11,12,13,16,18,19,20,22,23>4,7,9,11,13,22,8,16,19,23
4,7,8,9,11,12,13,16,18,19,20,22,23>21,22,12,13,8,16,19,23
4,7,8,9,11,12,13,16,18,19,20,22,23>4,7,12,14,21,22,8,16,19,23
4,7,8,9,11,12,13,16,18,19,20,22,23>4,9,12,13,22,8,16,19,23
4,7,8,9,11,12,13,16,18,19,20,22,23>4,21,9,12,8,16,19,23
4,7,8,9,11,12,13,16,18,19,20,22,23>4,7,11,12,18,20,21,8,16,19,23
1,2,4,10,11,12,15,17,18,19,22>17,1,4,16,2,11,12,18,19
1,2,4,10,11,12,15,17,18,19,22>4,8,15,16,22,2,11,12,18,19
1,2,4,10,11,12,15,17,18,19,22>17,22,10,15,2,11,12,18,19
1,2,4,10,11,12,15,17,18,19,22>1,10,15,16,2,11,12,18,19
1,2,4,10,11,12,15,17,18,19,22>1,4,10,15,2,11,12,18,19
1,2,4,10,11,12,15,17,18,19,22>4,8,10,16,23,2,11,12,18,19
1,2,4,10,11,12,15,17,18,19,22>1,8,13,22,23,2,11,12,18,19
1,2,4,10,11,12,15,17,18,19,22>1,4,10,13,22,2,11,12,18,19
1,2,4,5,8,9,11,12,16,17,19>1,17,8,16,2,12
1,2,4,5,8,9,11,12,16,17,19>19,4,13,17,8,16,2,12
1,2,4,5,8,9,11,12,16,17,19>9,13,17,8,16,2,12
1,2,4,5,8,9,11,12,16,17,19>19,1,9,13,8,16,2,12
1,2,4,5,8,9,11,12,16,17,19>4,9,17,8,16,2,12
1,2,4,5,8,9,11,12,16,17,19>4,11,17,8,16,2,12
1,2,4,5,8,9,11,12,16,17,19>4,5,11,13,19,8,16,2,12
1,2,4,5,8,9,11,12,16,17,19>4,5,9,11,13,8,16,2,12
2,6,8,10,14,18,19>2,7,8,13,19
2,6,8,10,14,18,19>2,6,7,8,11,19
2,6,8,10,14,18,19>18,20,10,19
2,6,8,10,14,18,19>6,7,10,11,20,19
2,6,8,10,14,18,19>20,8,10,13,19
2,6,8,10,14,18,19>2,8,10,11,13,18,19
2,6,8,10,14,18,19>7,8,10,13,18,19
2,6,8,10,14,18,19>2,7,8,10,11,20,19
5,6,7,9,10,11,12,14,17,18,20,21,23>5,14,15,20,22,23,6,7,10,17,18,21
5,6,7,9,10,11,12,14,17,18,20,21,23>8,9,14,19,22,6,7,10,17,18,21
5,6,7,9,10,11,12,14,17,18,20,21,23>8,9,14,15,19,6,7,10,17,18,21
5,6,7,9,10,11,12,14,17,18,20,21,23>11,14,20,22,23,6,7,10,17,18,21
5,6,7,9,10,11,12,14,17,18,20,21,23>5,11,14,15,20,6,7,10,17,18,21
5,6,7,9,10,11,12,14,17,18,20,21,23>5,12,14,15,19,6,7,10,17,18,21
5,6,7,9,10,11,12,14,17,18,20,21,23>8,9,12,14,20,6,7,10,17,18,21
5,6,7,9,10,11,12,14,17,18,20,21,23>23,8,9,12,6,7,10,17,18,21
2,6,7,15,16,19,21,22,23>2,6,19,16,23,22,7
2,6,7,15,16,19,21,22,23>2,8,12,19,20,21,16,23,22,7
2,6,7,15,16,19,21,22,23>21,6,8,12,16,23,22,7
2,6,7,15,16,19,21,22,23>6,8,15,19,20,16,23,22,7
2,6,7,15,16,19,21,22,23>6,8,15,19,21,16,23,22,7
2,6,7,15,16,19,21,22,23>12,15,19,20,21,16,23,22,7
2,6,7,15,16,19,21,22,23>21,2,12,15,16,23,22,7
2,6,7,15,16,19,21,22,23>8,12,15,20,16,23,22,7
1,3,4,5,13,15,17,18,19,20,21,22,23>16,3,14,15,4,17,18,19,20,21,22,23
1,3,4,5,13,15,17,18,19,20,21,22,23>2,3,14,15,4,17,18,19,20,21,22,23
1,3,4,5,13,15,17,18,19,20,21,22,23>16,1,5,14,4,17,18,19,20,21,22,23
1,3,4,5,13,15,17,18,19,20,21,22,23>16,1,3,5,4,17,18,19,20,21,22,23
1,3,4,5,13,15,17,18,19,20,21,22,23>2,3,5,15,16,4,17,18,19,20,21,22,23
1,3,4,5,13,15,17,18,19,20,21,22,23>16,1,13,15,4,17,18,19,20,21,22,23
1,3,4,5,13,15,17,18,19,20,21,22,23>1,2,5,13,4,17,18,19,20,21,22,23
1,3,4,5,13,15,17,18,19,20,21,22,23>3,5,13,15,4,17,18,19,20,21,22,23
1,2,5,7,8,9,10,11,14,16,17,20,22>6,14,17,21,23,8,2,10,20
1,2,5,7,8,9,10,11,14,16,17,20,22>7,11,16,17,22,8,2,10,20
1,2,5,7,8,9,10,11,14,16,17,20,22>1,5,7,13,14,17,21,22,23,8,2,10,20
1,2,5,7,8,9,10,11,14,16,17,20,22>6,7,13,14,17,22,23,8,2,10,20
1,2,5,7,8,9,10,11,14,16,17,20,22>6,7,13,16,17,21,22,23,8,2,10,20
1,2,5,7,8,9,10,11,14,16,17,20,22>1,5,6,9,14,16,21,22,23,8,2,10,20
1,2,5,7,8,9,10,11,14,16,17,20,22>1,7,9,11,13,16,8,2,10,20
1,2,5,7,8,9,10,11,14,16,17,20,22>6,7,9,17,21,8,2,10,20
2,4,5,6,7,10,11,12,14,15,17,18,22,23>4,14,16,17,22,6,7,11,12,15,18,23
2,4,5,6,7,10,11,12,14,15,17,18,22,23>2,4,22,14,6,7,11,12,15,18,23
2,4,5,6,7,10,11,12,14,15,17,18,22,23>8,14,16,6,7,11,12,15,18,23
2,4,5,6,7,10,11,12,14,15,17,18,22,23>2,10,14,16,17,19,22,6,7,11,12,15,18,23
2,4,5,6,7,10,11,12,14,15,17,18,22,23>2,4,10,16,17,19,22,6,7,11,12,15,18,23
2,4,5,6,7,10,11,12,14,15,17,18,22,23>2,5,10,19,6,7,11,12,15,18,23
2,4,5,6,7,10,11,12,14,15,17,18,22,23>2,4,8,10,17,22,6,7,11,12,15,18,23
2,4,5,6,7,10,11,12,14,15,17,18,22,23>4,5,8,10,19,6,7,11,12,15,18,23
1,3,6,11,12,13,16,19,20,21,22,23>1,8,11,12,16,19,21,22,23
1,3,6,11,12,13,16,19,20,21,22,23>2,4,7,8,11,12,13,14,20,21,22,23
1,3,6,11,12,13,16,19,20,21,22,23>1,3,4,7,11,12,13,14,16,19,20,21,22,23
1,3,6,11,12,13,16,19,20,21,22,23>1,2,3,4,13,14,19,21,22,23
1,3,6,11,12,13,16,19,20,21,22,23>1,2,3,4,7,11,13,14,16,21,22,23
1,3,6,11,12,13,16,19,20,21,22,23>2,6,7,12,13,14,16,19,21,22,23
1,3,6,11,12,13,16,19,20,21,22,23>2,6,7,12,13,16,19,20,21,22,23
1,3,6,11,12,13,16,19,20,21,22,23>1,2,3,4,6,7,11,12,13,19,20,21,22,23
5,9,11,12,13,17,20,23>5,11,14,20,23,17
5,9,11,12,13,17,20,23>20,8,12,17
5,9,11,12,13,17,20,23>5,9,11,12,13,14,18,23,17
5,9,11,12,13,17,20,23>6,9,11,12,18,23,17
5,9,11,12,13,17,20,23>10,11,14,18,20,17
5,9,11,12,13,17,20,23>6,8,10,13,14,17
5,9,11,12,13,17,20,23>5,6,9,10,14,20,17
5,9,11,12,13,17,20,23>8,9,10,12,13,18,21,17
1,2,3,4,8,10,11,13,15,16,18,21>19,21,22,12,2,4,8,11,13,16
1,2,3,4,8,10,11,13,15,16,18,21>19,3,22,12,2,4,8,11,13,16
1,2,3,4,8,10,11,13,15,16,18,21>1,3,12,15,21,2,4,8,11,13,16
1,2,3,4,8,10,11,13,15,16,18,21>3,10,12,15,18,19,2,4,8,11,13,16
1,2,3,4,8,10,11,13,15,16,18,21>1,3,10,12,22,2,4,8,11,13,16
1,2,3,4,8,10,11,13,15,16,18,21>1,14,18,19,21,2,4,8,11,13,16
1,2,3,4,8,10,11,13,15,16,18,21>1,12,14,18,21,2,4,8,11,13,16
1,2,3,4,8,10,11,13,15,16,18,21>1,3,12,14,22,2,4,8,11,13,16
5,6,7,8,10,11,13,16,19,20,21,22>23,19,7,8,13,20,21,22
5,6,7,8,10,11,13,16,19,20,21,22>5,6,16,7,8,13,20,21,22
5,6,7,8,10,11,13,16,19,20,21,22>5,10,16,19,7,8,13,20,21,22
5,6,7,8,10,11,13,16,19,20,21,22>23,10,11,16,7,8,13,20,21,22
5,6,7,8,10,11,13,16,19,20,21,22>23,14,7,8,13,20,21,22
5,6,7,8,10,11,13,16,19,20,21,22>6,14,19,7,8,13,20,21,22
5,6,7,8,10,11,13,16,19,20,21,22>10,11,14,16,7,8,13,20,21,22
5,6,7,8,10,11,13,16,19,20,21,22>5,10,11,14,19,7,8,13,20,21,22
2,3,12,15,17,21>2,8,15,16,18,12
2,3,12,15,17,21>2,3,8,18,21,22,12
2,3,12,15,17,21>3,4,8,16,12
2,3,12,15,17,21>2,3,4,8,15,17,21,12
2,3,12,15,17,21>3,13,15,16,22,12
2,3,12,15,17,21>2,3,13,16,17,18,21,22,12
2,3,12,15,17,21>2,4,13,15,16,12
2,3,12,15,17,21>3,4,8,13,15,17,18,22,12
4,6,8,9,10,11,12,15,16,17,19,20,21,22>4,6,7,9,10,11,12,23,8,16,21,22
4,6,8,9,10,11,12,15,16,17,19,20,21,22>7,9,11,17,19,20,8,16,21,22
4,6,8,9,10,11,12,15,16,17,19,20,21,22>4,10,12,13,15,8,16,21,22
4,6,8,9,10,11,12,15,16,17,19,20,21,22>4,6,10,11,13,19,8,16,21,22
4,6,8,9,10,11,12,15,16,17,19,20,21,22>4,7,10,11,12,13,19,20,23,8,16,21,22
4,6,8,9,10,11,12,15,16,17,19,20,21,22>6,7,10,11,15,8,16,21,22
4,6,8,9,10,11,12,15,16,17,19,20,21,22>6,9,10,15,17,20,23,8,16,21,22
4,6,8,9,10,11,12,15,16,17,19,20,21,22>4,6,7,9,10,13,17,8,16,21,22
1,3,5,7,10,11,13,16,17,19,22,23>1,7,8,10,12,13,16,17,20,22,11,23
1,3,5,7,10,11,13,16,17,19,22,23>1,2,3,10,14,18,20,11,23
1,3,5,7,10,11,13,16,17,19,22,23>1,4,8,13,14,16,18,19,20,11,23
1,3,5,7,10,11,13,16,17,19,22,23>1,2,4,14,19,11,23
1,3,5,7,10,11,13,16,17,19,22,23>2,5,8,10,12,13,17,11,23
1,3,5,7,10,11,13,16,17,19,22,23>1,2,3,5,7,10,13,16,18,22,11,23
1,3,5,7,10,11,13,16,17,19,22,23>4,5,7,13,14,16,17,18,19,22,11,23
1,3,5,7,10,11,13,16,17,19,22,23>1,2,3,4,5,7,8,12,19,20,22,11,23
2,3,6,7,9,11,13,16,17,18,19,20,23>2,3,11,13,14,16,21,18,19,20,7
2,3,6,7,9,11,13,16,17,18,19,20,23>2,4,6,13,14,23,18,19,20,7
2,3,6,7,9,11,13,16,17,18,19,20,23>3,8,9,14,16,17,23,18,19,20,7
2,3,6,7,9,11,13,16,17,18,19,20,23>2,3,8,13,17,21,23,18,19,20,7
2,3,6,7,9,11,13,16,17,18,19,20,23>2,6,8,11,14,16,21,18,19,20,7
2,3,6,7,9,11,13,16,17,18,19,20,23>2,6,8,11,13,23,18,19,20,7
2,3,6,7,9,11,13,16,17,18,19,20,23>23,6,8,9,18,19,20,7
2,3,6,7,9,11,13,16,17,18,19,20,23>2,4,6,8,9,13,17,18,19,20,7
4,6,7,9,10,19,20,21,23>6,9,17,19,23,20,21,7
4,6,7,9,10,19,20,21,23>9,10,17,19,22,23,20,21,7
4,6,7,9,10,19,20,21,23>4,9,10,17,19,22,20,21,7
4,6,7,9,10,19,20,21,23>6,9,10,19,22,20,21,7
4,6,7,9,10,19,20,21,23>22,4,6,16,20,21,7
4,6,7,9,10,19,20,21,23>6,10,16,17,22,23,20,21,7
4,6,7,9,10,19,20,21,23>4,6,10,16,17,19,23,20,21,7
4,6,7,9,10,19,20,21,23>9,10,16,19,23,20,21,7
