TCR,NFAT,IFN-\beta,IFN-\betaR,IL-18,IL-18R,IRAK,SOCS1,IL-12,IL-12R,STAT4,T-bet,IFN-\gamma,IFN-\gammaR,JAK1,STAT1,IL-4,IL-4R,STAT6,GATA3,IL-10,IL-10R,STAT3
1,3,7,10,12,15,16,21,22>1,3,10,11,21,16,12,22
1,3,7,10,12,15,16,21,22>3,4,8,10,13,21,16,12,22
1,3,7,10,12,15,16,21,22>7,8,10,13,21,23,16,12,22
1,3,7,10,12,15,16,21,22>1,7,8,10,11,21,23,16,12,22
1,3,7,10,12,15,16,21,22>11,13,2,7,16,12,22
1,3,7,10,12,15,16,21,22>7,10,11,15,23,16,12,22
1,3,7,10,12,15,16,21,22>15,21,4,7,16,12,22
1,3,7,10,12,15,16,21,22>3,4,7,8,10,13,15,23,16,12,22
3,6,8,13,14,15>3,13,14
3,6,8,13,14,15>4,6,13,14
3,6,8,13,14,15>16,3,4,6,14
3,6,8,13,14,15>16,7,15,14
3,6,8,13,14,15>4,7,14
3,6,8,13,14,15>16,6,8,13,14
3,6,8,13,14,15>3,4,6,8,14
3,6,8,13,14,15>16,7,8,14
4,6,10,11,13,18,20,22,23>10,11,13,14,16,19,22,20,23
4,6,10,11,13,18,20,22,23>4,7,13,16,17,20,23
4,6,10,11,13,18,20,22,23>7,10,11,16,17,18,19,21,20,23
4,6,10,11,13,18,20,22,23>6,11,13,16,18,19,21,20,23
4,6,10,11,13,18,20,22,23>4,7,11,17,19,22,20,23
4,6,10,11,13,18,20,22,23>10,11,13,17,18,21,22,20,23
4,6,10,11,13,18,20,22,23>4,6,10,11,16,17,18,21,20,23
4,6,10,11,13,18,20,22,23>7,10,11,14,16,18,19,22,20,23
4,5,6,8,9,10,11,12,14,16,17,21,22,23>4,5,7,21,6,8,10,11,12,16,22,23
4,5,6,8,9,10,11,12,14,16,17,21,22,23>4,5,7,17,6,8,10,11,12,16,22,23
4,5,6,8,9,10,11,12,14,16,17,21,22,23>4,5,9,17,6,8,10,11,12,16,22,23
4,5,6,8,9,10,11,12,14,16,17,21,22,23>5,14,17,21,6,8,10,11,12,16,22,23
4,5,6,8,9,10,11,12,14,16,17,21,22,23>4,5,14,6,8,10,11,12,16,22,23
4,5,6,8,9,10,11,12,14,16,17,21,22,23>7,14,17,21,6,8,10,11,12,16,22,23
4,5,6,8,9,10,11,12,14,16,17,21,22,23>5,7,14,17,6,8,10,11,12,16,22,23
4,5,6,8,9,10,11,12,14,16,17,21,22,23>4,9,14,17,21,6,8,10,11,12,16,22,23
1,2,4,6,7,8,10,16,21,23>1,4,12,21,22,8,16,2,7
1,2,4,6,7,8,10,16,21,23>1,4,10,21,23,8,16,2,7
1,2,4,6,7,8,10,16,21,23>1,4,10,21,22,8,16,2,7
1,2,4,6,7,8,10,16,21,23>4,6,10,21,8,16,2,7
1,2,4,6,7,8,10,16,21,23>1,11,12,21,8,16,2,7
1,2,4,6,7,8,10,16,21,23>23,6,11,12,8,16,2,7
1,2,4,6,7,8,10,16,21,23>22,4,10,11,8,16,2,7
1,2,4,6,7,8,10,16,21,23>1,6,10,11,12,8,16,2,7
4,7,8,9,10,12,15,16,17,21>21,15,17,8,16,10,12
4,7,8,9,10,12,15,16,17,21>22,7,17,8,16,10,12
4,7,8,9,10,12,15,16,17,21>4,7,9,15,22,8,16,10,12
4,7,8,9,10,12,15,16,17,21>4,7,11,15,8,16,10,12
4,7,8,9,10,12,15,16,17,21>9,11,15,8,16,10,12
4,7,8,9,10,12,15,16,17,21>21,4,9,11,8,16,10,12
4,7,8,9,10,12,15,16,17,21>4,9,13,17,8,16,10,12
4,7,8,9,10,12,15,16,17,21>22,7,11,13,8,16,10,12
3,7,8,9,10,14,17,19>14,4
3,7,8,9,10,14,17,19>13,4,20,10
3,7,8,9,10,14,17,19>3,7,11,13,14,17
3,7,8,9,10,14,17,19>4,7,11,13,20
3,7,8,9,10,14,17,19>4,7,8,10,11,13,19
3,7,8,9,10,14,17,19>9,10,11,14,17,20
3,7,8,9,10,14,17,19>3,7,8,9,13,17,19,20
3,7,8,9,10,14,17,19>4,7,8,9,13,17,19,20
3,4,5,6,7,8,11,12,14,15,17,19,20,21,22,23>5,6,14,15,20,4,7,8,17,21,22,23
3,4,5,6,7,8,11,12,14,15,17,19,20,21,22,23>3,5,6,19,20,4,7,8,17,21,22,23
3,4,5,6,7,8,11,12,14,15,17,19,20,21,22,23>3,5,11,15,16,20,4,7,8,17,21,22,23
3,4,5,6,7,8,11,12,14,15,17,19,20,21,22,23>3,5,11,14,20,4,7,8,17,21,22,23
3,4,5,6,7,8,11,12,14,15,17,19,20,21,22,23>3,12,14,15,19,4,7,8,17,21,22,23
3,4,5,6,7,8,11,12,14,15,17,19,20,21,22,23>3,5,6,12,14,20,4,7,8,17,21,22,23
3,4,5,6,7,8,11,12,14,15,17,19,20,21,22,23>3,11,12,14,20,4,7,8,17,21,22,23
3,4,5,6,7,8,11,12,14,15,17,19,20,21,22,23>6,11,12,14,19,4,7,8,17,21,22,23
1,3,4,7,11,12,15,17,18,19,21,23>1,2,11,22,23,18,19,4,12
1,3,4,7,11,12,15,17,18,19,21,23>1,2,11,15,16,17,21,23,18,19,4,12
1,3,4,7,11,12,15,17,18,19,21,23>1,2,7,11,15,16,21,23,18,19,4,12
1,3,4,7,11,12,15,17,18,19,21,23>3,7,11,15,21,22,23,18,19,4,12
1,3,4,7,11,12,15,17,18,19,21,23>3,7,11,15,17,21,23,18,19,4,12
1,3,4,7,11,12,15,17,18,19,21,23>1,2,8,16,17,21,22,18,19,4,12
1,3,4,7,11,12,15,17,18,19,21,23>2,3,7,8,11,21,18,19,4,12
1,3,4,7,11,12,15,17,18,19,21,23>1,2,3,7,8,16,17,23,18,19,4,12
5,7,11,13,15,18,19,21,22,23>5,11,15,18,21,19,22,23
5,7,11,13,15,18,19,21,22,23>5,11,13,16,21,19,22,23
5,7,11,13,15,18,19,21,22,23>18,7,14,16,19,22,23
5,7,11,13,15,18,19,21,22,23>5,13,14,15,16,20,21,19,22,23
5,7,11,13,15,18,19,21,22,23>5,13,14,16,18,21,19,22,23
5,7,11,13,15,18,19,21,22,23>5,11,13,14,15,20,21,19,22,23
5,7,11,13,15,18,19,21,22,23>7,11,13,14,16,19,22,23
5,7,11,13,15,18,19,21,22,23>5,7,11,13,14,20,19,22,23
1,2,3,5,6,8,9,10,12,13,14,15,16,17,18,20,21>4,9,12,15,17,18,22,2,6,8,10,13,14,16,21
1,2,3,5,6,8,9,10,12,13,14,15,16,17,18,20,21>1,4,9,12,19,22,2,6,8,10,13,14,16,21
1,2,3,5,6,8,9,10,12,13,14,15,16,17,18,20,21>1,3,4,9,17,18,2,6,8,10,13,14,16,21
1,2,3,5,6,8,9,10,12,13,14,15,16,17,18,20,21>17,5,22,12,2,6,8,10,13,14,16,21
1,2,3,5,6,8,9,10,12,13,14,15,16,17,18,20,21>1,3,5,9,12,15,17,18,20,2,6,8,10,13,14,16,21
1,2,3,5,6,8,9,10,12,13,14,15,16,17,18,20,21>3,7,12,15,18,2,6,8,10,13,14,16,21
1,2,3,5,6,8,9,10,12,13,14,15,16,17,18,20,21>3,7,9,12,17,18,19,2,6,8,10,13,14,16,21
1,2,3,5,6,8,9,10,12,13,14,15,16,17,18,20,21>3,4,5,7,15,19,20,2,6,8,10,13,14,16,21
2,4,8,9,10,13,15,16,17,19,20,21,22>19,23,8,13,16,20,21,22
2,4,8,9,10,13,15,16,17,19,20,21,22>2,15,23,8,13,16,20,21,22
2,4,8,9,10,13,15,16,17,19,20,21,22>2,10,15,17,19,8,13,16,20,21,22
2,4,8,9,10,13,15,16,17,19,20,21,22>19,4,10,8,13,16,20,21,22
2,4,8,9,10,13,15,16,17,19,20,21,22>4,9,10,15,17,8,13,16,20,21,22
2,4,8,9,10,13,15,16,17,19,20,21,22>9,14,15,17,23,8,13,16,20,21,22
2,4,8,9,10,13,15,16,17,19,20,21,22>2,9,14,15,19,8,13,16,20,21,22
2,4,8,9,10,13,15,16,17,19,20,21,22>10,14,15,17,8,13,16,20,21,22
1,4,6,8,9,10,12,13,16,19,20,21>12,20,2,19,8,16,21,13
1,4,6,8,9,10,12,13,16,19,20,21>12,6,9,8,16,21,13
1,4,6,8,9,10,12,13,16,19,20,21>1,2,4,6,9,14,20,8,16,21,13
1,4,6,8,9,10,12,13,16,19,20,21>7,9,12,19,20,22,8,16,21,13
1,4,6,8,9,10,12,13,16,19,20,21>4,7,9,10,12,14,20,22,8,16,21,13
1,4,6,8,9,10,12,13,16,19,20,21>1,2,4,7,10,14,20,22,8,16,21,13
1,4,6,8,9,10,12,13,16,19,20,21>1,6,7,10,12,19,20,8,16,21,13
1,4,6,8,9,10,12,13,16,19,20,21>1,4,6,7,12,14,20,8,16,21,13
1,6,7,13,14,15,20,21,23>23,1,2,22,7,14,15,20,21
1,6,7,13,14,15,20,21,23>1,2,13,17,22,7,14,15,20,21
1,6,7,13,14,15,20,21,23>6,13,22,7,14,15,20,21
1,6,7,13,14,15,20,21,23>1,2,6,13,23,7,14,15,20,21
1,6,7,13,14,15,20,21,23>1,16,17,22,23,7,14,15,20,21
1,6,7,13,14,15,20,21,23>2,6,16,17,22,23,7,14,15,20,21
1,6,7,13,14,15,20,21,23>1,2,6,16,17,22,7,14,15,20,21
1,6,7,13,14,15,20,21,23>2,13,16,17,7,14,15,20,21
4,5,7,10,11,12,13,15,17,18,20,22,23>12,13,15,20,17,18,23
4,5,7,10,11,12,13,15,17,18,20,22,23>13,15,10,11,17,18,23
4,5,7,10,11,12,13,15,17,18,20,22,23>4,6,11,14,16,19,20,22,17,18,23
4,5,7,10,11,12,13,15,17,18,20,22,23>5,6,10,11,12,14,20,21,17,18,23
4,5,7,10,11,12,13,15,17,18,20,22,23>6,7,11,13,14,16,19,21,17,18,23
4,5,7,10,11,12,13,15,17,18,20,22,23>6,7,11,14,15,16,19,22,17,18,23
4,5,7,10,11,12,13,15,17,18,20,22,23>5,8,10,11,12,16,19,17,18,23
4,5,7,10,11,12,13,15,17,18,20,22,23>6,7,8,12,15,16,19,21,22,17,18,23
4,8,9,11,13,14,15,17,19,21,23>8,15,16,21,22,14
4,8,9,11,13,14,15,17,19,21,23>4,9,16,20,22,23,14
4,8,9,11,13,14,15,17,19,21,23>8,9,16,19,20,21,22,23,14
4,8,9,11,13,14,15,17,19,21,23>11,16,17,21,22,14
4,8,9,11,13,14,15,17,19,21,23>4,9,11,15,16,17,19,20,21,14
4,8,9,11,13,14,15,17,19,21,23>13,15,17,19,21,22,23,14
4,8,9,11,13,14,15,17,19,21,23>8,9,13,19,20,22,23,14
4,8,9,11,13,14,15,17,19,21,23>11,13,16,19,20,22,23,14
2,4,5,7,8,9,11,12,14,15,16,18,20,22,23>4,5,9,10,14,21,8,16,23
2,4,5,7,8,9,11,12,14,15,16,18,20,22,23>2,4,5,11,18,19,20,22,8,16,23
2,4,5,7,8,9,11,12,14,15,16,18,20,22,23>4,6,10,11,12,21,8,16,23
2,4,5,7,8,9,11,12,14,15,16,18,20,22,23>2,7,9,11,12,14,18,19,22,8,16,23
2,4,5,7,8,9,11,12,14,15,16,18,20,22,23>4,5,7,9,10,11,14,19,8,16,23
2,4,5,7,8,9,11,12,14,15,16,18,20,22,23>2,6,7,10,11,12,14,18,22,8,16,23
2,4,5,7,8,9,11,12,14,15,16,18,20,22,23>2,4,6,7,9,10,11,15,18,20,21,22,8,16,23
2,4,5,7,8,9,11,12,14,15,16,18,20,22,23>2,4,5,6,7,10,12,14,18,8,16,23
2,5,9,21,22,23>2,21,22,23
2,5,9,21,22,23>5,6,21,22,23
2,5,9,21,22,23>2,5,6,22,23
2,5,9,21,22,23>6,9,22,23
2,5,9,21,22,23>5,10,22,23
2,5,9,21,22,23>6,10,21,22,23
2,5,9,21,22,23>9,10,21,22,23
2,5,9,21,22,23>2,9,10,22,23
1,8,13,14,20,21,22>1,23,20,21,14,22
1,8,13,14,20,21,22>2,8,23,20,21,14,22
1,8,13,14,20,21,22>1,2,13,20,21,14,22
1,8,13,14,20,21,22>8,13,23,20,21,14,22
1,8,13,14,20,21,22>2,17,23,20,21,14,22
1,8,13,14,20,21,22>1,2,17,20,21,14,22
1,8,13,14,20,21,22>2,8,17,20,21,14,22
1,8,13,14,20,21,22>2,13,17,20,21,14,22
1,2,7,8,9,10,11,12,13,14,15,17,18,20,22>1,20,22,23,2,8,10,13,14,17
1,2,7,8,9,10,11,12,13,14,15,17,18,20,22>1,7,15,16,19,20,22,2,8,10,13,14,17
1,2,7,8,9,10,11,12,13,14,15,17,18,20,22>9,15,16,2,8,10,13,14,17
1,2,7,8,9,10,11,12,13,14,15,17,18,20,22>7,9,11,15,19,22,2,8,10,13,14,17
1,2,7,8,9,10,11,12,13,14,15,17,18,20,22>18,20,22,12,2,8,10,13,14,17
1,2,7,8,9,10,11,12,13,14,15,17,18,20,22>1,7,12,19,21,23,2,8,10,13,14,17
1,2,7,8,9,10,11,12,13,14,15,17,18,20,22>7,9,12,16,23,2,8,10,13,14,17
1,2,7,8,9,10,11,12,13,14,15,17,18,20,22>7,9,11,12,15,18,19,21,2,8,10,13,14,17
