TCR,NFAT,IFN-\beta,IFN-\betaR,IL-18,IL-18R,IRAK,SOCS1,IL-12,IL-12R,STAT4,T-bet,IFN-\gamma,IFN-\gammaR,JAK1,STAT1,IL-4,IL-4R,STAT6,GATA3,IL-10,IL-10R,STAT3
1,4,5,6,15,16,17,18,19>1,17,5,15,16,18,19
1,4,5,6,15,16,17,18,19>1,4,5,7,8,12,17,20,16,18,19
1,3,4,5,7,10,11,14,16,17,18,19,20,21,23>2,5,7,8,10,11,17,23,4,16,18,19,20,21
1,3,4,5,7,10,11,14,16,17,18,19,20,21,23>1,3,7,11,14,15,22,23,4,16,18,19,20,21
1,5,8,9,10,15,16,22>2,5,6,9,12,15,8,16,10
1,5,8,9,10,15,16,22>1,2,5,11,15,23,8,16,10
3,4,5,7,9,10,11,12,16,17,19,20,21,23>3,8,10,11,12,19,20,22,16,4,21
3,4,5,7,9,10,11,12,16,17,19,20,21,23>3,5,7,8,10,11,12,17,18,23,16,4,21
4,7,9,10,13,17,19,22,23>4,19,10,23
4,7,9,10,13,17,19,22,23>7,9,10,13,17,19,23
1,2,3,4,5,9,13,14,17,19,20,21,22>1,3,15,16,2,4,13,14,17,20,21,22
1,2,3,4,5,9,13,14,17,19,20,21,22>3,5,9,15,16,19,2,4,13,14,17,20,21,22
3,4,5,6,7,8,9,10,16,17,18,20,21,22,23>17,18,4,6,7,8,10,16,20,21,22,23
3,4,5,6,7,8,9,10,16,17,18,20,21,22,23>5,9,17,19,4,6,7,8,10,16,20,21,22,23
1,2,3,4,5,9,10,12,14,16,19,21,22>1,9,11,14,15,19,21,23,2,4,12,16,22
1,2,3,4,5,9,10,12,14,16,19,21,22>3,9,10,15,19,23,2,4,12,16,22
4,6,8,9,10,12,15,17,18,19,23>6,7,10,11,16,8,19,12
4,6,8,9,10,12,15,17,18,19,23>6,7,9,11,8,19,12
1,2,3,6,11,12,13,14,15,16,18,19,20,22>6,7,8,11,20,21,22,23,2,13,14,15,16,19
1,2,3,6,11,12,13,14,15,16,18,19,20,22>4,6,7,20,21,2,13,14,15,16,19
2,3,5,8,10,11,15,17,19,22,23>2,22,17,15,11,23
2,3,5,8,10,11,15,17,19,22,23>4,10,15,11,23
2,3,10,14,15,16,17,18,22>3,4,17,22,23,16,18,15
2,3,10,14,15,16,17,18,22>2,3,4,10,11,12,13,17,16,18,15
1,2,6,9,13,14,18,20,22,23>1,6,17,18,19,2,20,14,23
1,2,6,9,13,14,18,20,22,23>6,7,9,10,15,17,18,19,21,22,2,20,14,23
1,4,9,10,12,13,15,16,18,19,22>1,8,10,22,23,16,19,12,13
1,4,9,10,12,13,15,16,18,19,22>14,2,8,10,16,19,12,13
3,4,5,6,7,8,13,15,16,17,19,21>3,14,15,17,22,4,7,8,13,16
3,4,5,6,7,8,13,15,16,17,19,21>3,5,6,17,19,4,7,8,13,16
1,2,3,4,6,7,8,9,11,13,18,19,20,21>1,8,16,18,22,2,4,7,13,19,20,21
1,2,3,4,6,7,8,9,11,13,18,19,20,21>1,6,8,9,11,14,16,18,2,4,7,13,19,20,21
1,2,4,5,6,7,9,10,12,13,15,17,18,20,21>16,4,9,14,2,6,7,10,13,17,18,21
1,2,4,5,6,7,9,10,12,13,15,17,18,20,21>1,4,9,12,14,15,19,20,22,2,6,7,10,13,17,18,21
3,5,7,8,9,11,12,15,16,17,19,22,23>3,5,7,9,11,17,8,16,12,23
3,5,7,8,9,11,12,15,16,17,19,22,23>3,4,5,7,11,8,16,12,23
5,6,7,9,10,11,13,15,17,18,20>9,16,6,7,10,13,17,18,20
5,6,7,9,10,11,13,15,17,18,20>21,11,6,7,10,13,17,18,20
9,10,12,13,14,16,18,19,20,21,22>20,23,10,16,13,14,19,21,22
9,10,12,13,14,16,18,19,20,21,22>8,9,10,12,18,20,23,13,14,19,21,22
3,4,6,9,10,11,12,13,14,15,16,17,18,20,23>6,12,17,19,20,4,10,14,15,16,18
3,4,6,9,10,11,12,13,14,15,16,17,18,20,23>3,7,8,11,17,19,20,23,4,10,14,15,16,18
3,4,6,9,10,12,16,21>3,7,8,13,22,16,10,4,12
3,4,6,9,10,12,16,21>3,6,7,22,16,10,4,12
1,11,12,14,17,18,20,23>1,8,12,20,21,23,17,18
1,11,12,14,17,18,20,23>1,8,11,12,19,17,18
1,3,5,8,13,15,16,17,20,21,22,23>1,4,5,6,13,15,17,8,16,20,21,22,23
1,3,5,8,13,15,16,17,20,21,22,23>2,3,13,14,17,8,16,20,21,22,23
2,4,6,7,8,10,11,12,13,15,17,18,19,20>2,20,14,7,8,13,17,19
2,4,6,7,8,10,11,12,13,15,17,18,19,20>4,14,15,20,21,7,8,13,17,19
1,2,20,22>17,22,2,20
1,2,20,22>13,17,2,20
1,2,8,9,10,11,13,19,20,21>10,17,2,21,20,13
1,2,8,9,10,11,13,19,20,21>1,8,9,11,19,2,21,20,13
1,4,6,8,9,10,12,17,19,20,22>2,7,10,12,13,19,22,23,8,17
1,4,6,8,9,10,12,17,19,20,22>1,2,4,9,10,12,16,20,21,22,23,8,17
1,6,7,9,11,12,13,15,16,19,20,21>1,9,15,19,20,16,21,13,7
1,6,7,9,11,12,13,15,16,19,20,21>1,6,8,11,15,19,22,16,21,13,7
4,5,11,13,14,16,17,19,22,23>5,15,17,18,19,20,22,16,14,23
4,5,11,13,14,16,17,19,22,23>4,5,11,13,15,19,22,16,14,23
1,3,5,9,12,14,15,16,21>2,4,9,10,13,21,16,12,15
1,3,5,9,12,14,15,16,21>2,3,6,8,9,13,14,21,22,16,12,15
3,4,6,7,12,13,14,16,17,19>6,15,17,18,4,7,12,13,14,16
3,4,6,7,12,13,14,16,17,19>3,6,17,19,4,7,12,13,14,16
1,6,8,10,12,13,14,15,16,17,22,23>2,7,11,15,17,22,8,12,14,16,23
1,6,8,10,12,13,14,15,16,17,22,23>1,6,7,10,13,17,8,12,14,16,23
4,7,8,10,16,17,18,19,21,23>4,23,21,8,16,19
4,7,8,10,16,17,18,19,21,23>4,10,12,17,8,16,19
1,3,4,6,7,8,10,12,13,15,16,19,22,23>14,10,4,7,8,12,16,23
1,3,4,6,7,8,10,12,13,15,16,19,22,23>1,2,3,11,14,15,4,7,8,12,16,23
2,3,6,7,8,9,11,12,13,14>2,6,11,7,8,12,13,14
2,3,6,7,8,9,11,12,13,14>4,6,11,7,8,12,13,14
1,7,9,11,12,16,17,22,23>16,1,18,8,12,23
1,7,9,11,12,16,17,22,23>1,2,8,9,10,11,16,17,12,23
1,2,9,10,11,12,13,14,15,18,19,22,23>22,1,8,13,2,11,12,14,15,19,23
1,2,9,10,11,12,13,14,15,18,19,22,23>8,9,10,13,16,22,2,11,12,14,15,19,23
2,3,4,6,7,8,9,16,19,20,21>3,13,19,4,7,8,16,20,21
2,3,4,6,7,8,9,16,19,20,21>2,6,9,4,7,8,16,20,21
1,2,3,4,5,7,8,10,12,13,15,16,18,19,20,21,22,23>1,7,10,14,18,20,2,4,8,16,19,21,22,23
1,2,3,4,5,7,8,10,12,13,15,16,18,19,20,21,22,23>5,12,13,14,15,18,2,4,8,16,19,21,22,23
3,4,5,6,10,14,15,22>3,7,14,16,4,6,15
3,4,5,6,10,14,15,22>3,5,7,10,22,4,6,15
2,3,4,7,13,15>2,3,15,16,4,13
2,3,4,7,13,15>3,7,15,4,13
1,2,4,5,6,7,8,9,12,14,19,20,21,22,23>1,4,6,14,17,20,2,7,8,21,22,23
1,2,4,5,6,7,8,9,12,14,19,20,21,22,23>1,5,9,12,14,17,19,2,7,8,21,22,23
1,2,3,5,7,8,11,12,13,14,15,16,17,18,19,22,23>1,4,11,13,18,22,2,8,12,14,16,19,23
1,2,3,5,7,8,11,12,13,14,15,16,17,18,19,22,23>1,4,7,11,15,18,2,8,12,14,16,19,23
1,3,4,7,9,12,14,16,18,19,21,22,23>1,2,7,14,15,18,21,4,12,16,19,22,23
1,3,4,7,9,12,14,16,18,19,21,22,23>1,3,8,18,21,4,12,16,19,22,23
1,2,4,9,10,14,17,20,23>21,23,17,2,10,20
1,2,4,9,10,14,17,20,23>4,14,18,17,2,10,20
1,3,9,10,11,12,15,16,17,18,20,21>1,2,4,8,9,11,15,19,16,10,18,21
1,3,9,10,11,12,15,16,17,18,20,21>1,3,8,11,12,19,20,22,16,10,18,21
1,3,4,5,6,8,12,14,19,21,22,23>5,6,7,14,19,21,4,8,12,22,23
1,3,4,5,6,8,12,14,19,21,22,23>1,6,7,14,16,19,21,4,8,12,22,23
3,4,5,6,9,12,15,17,18,21,22>3,5,13,16,17,19,4,6,12,18,22
3,4,5,6,9,12,15,17,18,21,22>17,7,23,10,4,6,12,18,22
1,3,8,9,10,11,14,17,18,19,20,21,22,23>2,4,8,9,11,18,17,19,20,21,22,23
1,3,8,9,10,11,14,17,18,19,20,21,22,23>2,8,9,14,18,17,19,20,21,22,23
1,2,3,5,7,9,12,13,14,22,23>15,1,3,4,2,12,14,23
1,2,3,5,7,9,12,13,14,22,23>1,3,4,5,9,13,22,2,12,14,23
1,3,4,5,6,8,10,11,12,16,17,21,22,23>2,5,7,17,4,6,8,11,12,16,22,23
1,3,4,5,6,8,10,11,12,16,17,21,22,23>2,3,5,10,21,4,6,8,11,12,16,22,23
1,2,4,5,6,7,10,11,12,13,18,20,23>1,12,13,16,18,19,20,21,23,2,6,7
1,2,4,5,6,7,10,11,12,13,18,20,23>1,5,8,10,12,17,18,20,21,2,6,7
4,6,8,9,10,15,17,19,21,22,23>4,8,10,15,16,17,19,20,21,22,23
4,6,8,9,10,15,17,19,21,22,23>6,9,11,17,20,21,22,23
1,2,9,12,13,17,19,21>8,9,17,18,21,2,12,13
1,2,9,12,13,17,19,21>1,8,9,18,19,2,12,13
1,3,6,8,9,13,20,21>1,2,4,9,10,17,22,20,21
1,3,6,8,9,13,20,21>2,3,4,6,7,8,13,14,22,20,21
1,3,5,6,7,9,11,14,16,17,21,22>3,8,9,11,14,15,21,22,6,7
1,3,5,6,7,9,11,14,16,17,21,22>1,2,3,4,9,13,23,22,6,7
1,2,3,7,8,9,12,14,15,16,17,18,22,23>1,4,7,10,17,19,2,8,12,16,23
1,2,3,7,8,9,12,14,15,16,17,18,22,23>1,4,10,14,15,17,2,8,12,16,23
5,8,9,10,14,17,18,19,23>8,10,11,14,19
5,8,9,10,14,17,18,19,23>5,9,11,18,20,23,19
3,4,5,8,12,14,17,21,22,23>14,16,17,4,8,12,22,23
3,4,5,8,12,14,17,21,22,23>5,6,21,4,8,12,22,23
4,9,10,12,13,15,16,17,19>8,10,11,14,15,17,18,16,12,13
4,9,10,12,13,15,16,17,19>8,10,11,17,18,19,16,12,13
3,6,7,8,9,10,13,14,15,16,17,18,20,21,23>23,7,8,10,14,16,20,21
3,6,7,8,9,10,13,14,15,16,17,18,20,21,23>6,9,17,18,19,22,7,8,10,14,16,20,21
1,2,5,6,7,8,12,13,15,16,18,21,22,23>5,18,19,2,6,7,8,12,16,22,23
1,2,5,6,7,8,12,13,15,16,18,21,22,23>13,14,15,18,19,2,6,7,8,12,16,22,23
3,4,5,6,10,14,15,16,17,18,20,21,22,23>19,8,4,6,15,16,18,20,21,22,23
3,4,5,6,10,14,15,16,17,18,20,21,22,23>3,5,8,10,14,17,4,6,15,16,18,20,21,22,23
2,3,4,5,6,7,8,10,11,16,18,19,20,21,23>3,10,18,4,7,8,16,19,20,21
2,3,4,5,6,7,8,10,11,16,18,19,20,21,23>2,5,6,10,23,4,7,8,16,19,20,21
5,6,15,16,19,21,22,23>5,6,8,15,20,21,16,22,23
5,6,15,16,19,21,22,23>20,5,7,21,16,22,23
1,4,6,7,9,12,13,15,16,17,18,19,21>21,8,7,12,13,16,18,19
1,4,6,7,9,12,13,15,16,17,18,19,21>1,2,8,9,14,15,17,22,7,12,13,16,18,19
2,4,5,6,7,10,12,14,15,16,18,23>2,4,8,14,23,6,7,12,15,16
2,4,5,6,7,10,12,14,15,16,18,23>2,4,10,19,23,6,7,12,15,16
1,3,5,6,7,8,10,14,17,19,20,22,23>2,5,8,10,21,17,20,23,7
1,3,5,6,7,8,10,14,17,19,20,22,23>3,5,6,19,22,17,20,23,7
1,8,11,14,15,16,17,18,21,22,23>18,21,17,8,16,22,23
1,8,11,14,15,16,17,18,21,22,23>11,14,15,18,19,8,16,22,23
2,3,4,5,8,10,12,16,17,20,21,23>2,3,12,17,22,8,16,4,21
2,3,4,5,8,10,12,16,17,20,21,23>2,3,6,17,20,22,23,8,16,4,21
2,3,4,6,7,9,11,12,13,15,16,17,21,22>8,9,10,14,15,17,18,21,23,4,7,12,13,16,22
2,3,4,6,7,9,11,12,13,15,16,17,21,22>6,9,11,14,15,18,4,7,12,13,16,22
2,3,4,5,8,11,13,15,16,17,18,19,21,22,23>3,12,14,15,17,4,8,16,19,22,23
2,3,4,5,8,11,13,15,16,17,18,19,21,22,23>3,11,12,14,17,20,21,4,8,16,19,22,23
1,2,4,5,6,10,11,12,14,17,18,21,22,23>4,5,7,10,15,17,19,21,2,6,11,12,18,22,23
1,2,4,5,6,10,11,12,14,17,18,21,22,23>4,5,7,8,17,2,6,11,12,18,22,23
1,4,5,9,10,11,14,16,19,21>4,5,8,9,10,13,15,16,11
1,4,5,9,10,11,14,16,19,21>1,2,4,12,13,14,15,19,20,16,11
1,3,5,8,9,11,12,14,15,18,19,21,22>3,5,9,11,13,14,21,8,19,12,22
1,3,5,8,9,11,12,14,15,18,19,21,22>1,2,3,4,9,13,8,19,12,22
6,8,10,12,14,17,19,20,21>20,10,14,19,8,17,21
6,8,10,12,14,17,19,20,21>7,10,12,13,20,8,17,21
7,12,14,15,16,17,18,19,20,21>7,8,14,20,22,15,16,18,19,21
7,12,14,15,16,17,18,19,20,21>8,12,17,20,15,16,18,19,21
2,6,8,9,11,12,14,16,18,19,20,21,22,23>6,7,9,11,12,16,20,8,19,21,22,23
2,6,8,9,11,12,14,16,18,19,20,21,22,23>2,6,7,12,16,20,8,19,21,22,23
1,3,7,9,10,11,12,19,21,22>10,1,13,11,12,22
1,3,7,9,10,11,12,19,21,22>1,2,3,7,8,23,11,12,22
1,4,8,10,12,14,15,16,17,18,19,21,22>17,2,18,23,8,12,16,19,22
1,4,8,10,12,14,15,16,17,18,19,21,22>2,10,18,21,23,8,12,16,19,22
3,4,5,7,8,9,17,18,23>3,7,8,9,19,4
3,4,5,7,8,9,17,18,23>3,5,7,9,16,17,19,4
1,3,4,7,8,9,14,16,19>20,7,9,13,8,16,4
1,3,4,7,8,9,14,16,19>2,3,7,9,12,13,19,8,16,4
2,3,4,5,6,15,17,19,21,22,23>6,15,16,17,18,20,4,22,23
2,3,4,5,6,15,17,19,21,22,23>5,6,16,17,21,4,22,23
2,3,8,9,11,13,14,18,19,21,22>3,4,8,11,18,20,23,19,13,14,22
2,3,8,9,11,13,14,18,19,21,22>2,3,4,9,11,18,20,21,19,13,14,22
1,5,6,8,9,10,12,13,17,18,19,20,22,23>1,9,12,13,14,18,22,8,17,19,23
1,5,6,8,9,10,12,13,17,18,19,20,22,23>12,2,6,20,8,17,19,23
3,4,9,10,13,15,17,20,21,22,23>9,14,18,4,10,17,20,21,22,23
3,4,9,10,13,15,17,20,21,22,23>13,15,4,10,17,20,21,22,23
1,2,3,4,5,6,8,10,13,16,17,18,19,20>3,6,7,14,2,4,8,13,16,19,20
1,2,3,4,5,6,8,10,13,16,17,18,19,20>3,5,7,10,2,4,8,13,16,19,20
2,3,4,8,9,11,12,14,15,19,20,21>2,3,12,14,19,20,22,8,4,21
2,3,4,8,9,11,12,14,15,19,20,21>9,15,19,20,22,8,4,21
2,4,5,7,11,13,15,17,18,20,21,22>2,6,7,11,15,23,13,17,18,20,21,22
2,4,5,7,11,13,15,17,18,20,21,22>4,6,11,13,17,18,20,21,22
2,4,6,7,8,9,13,14,16,17,19,20,22>6,9,19,22,23,7,8,13,14,16,20
2,4,6,7,8,9,13,14,16,17,19,20,22>22,4,6,9,7,8,13,14,16,20
2,6,8,9,10,11,13,14,15,16,19,22>19,23,10,8,11,13,14,16
2,6,8,9,10,11,13,14,15,16,19,22>6,7,12,15,22,8,11,13,14,16
4,5,8,9,12,15,17,20,21,23>16,5,22,8,17,21
4,5,8,9,12,15,17,20,21,23>4,5,9,15,20,22,8,17,21
4,7,8,9,13,21>4,9,10,16,21,13
4,7,8,9,13,21>7,8,10,13
1,2,4,9,13,15,17,18,21,22>1,4,10,15,16,23,2,18,13,22
1,2,4,9,13,15,17,18,21,22>1,4,9,10,15,16,17,21,2,18,13,22
3,4,6,7,11,13,15,16,17,20,23>6,8,14,16,4,20,7
3,4,6,7,11,13,15,16,17,20,23>3,6,8,11,17,18,23,16,4,20,7
2,3,4,5,10,12,13,15,16,17,18,19>5,8,10,14,4,12,13,16,18,19
2,3,4,5,10,12,13,15,16,17,18,19>2,5,8,10,11,15,4,12,13,16,18,19
1,3,4,8,13,14,16,19,20,22,23>2,3,13,21,22,4,8,14,16,20,23
1,3,4,8,13,14,16,19,20,22,23>1,2,3,19,21,4,8,14,16,20,23
3,5,7,9,11,12,13,14,19,22>7,8,9,11,15,19,12,13,14
3,5,7,9,11,12,13,14,19,22>23,4,22,8,12,13,14
3,4,5,6,7,8,9,10,11,13,14,16,17,19,20,21,22>19,5,10,4,7,8,13,14,16,20,21,22
3,4,5,6,7,8,9,10,11,13,14,16,17,19,20,21,22>6,9,10,11,17,19,23,4,7,8,13,14,16,20,21,22
2,4,7,8,9,12,17,18,21,22>2,7,9,13,16,17,18,19,21,8,12,22
2,4,7,8,9,12,17,18,21,22>4,7,9,10,13,16,17,18,21,23,8,12,22
2,3,4,5,6,8,9,11,13,16,19,20,21,22,23>2,19,5,7,4,8,16,20,21,22,23
2,3,4,5,6,8,9,11,13,16,19,20,21,22,23>13,2,5,9,4,8,16,20,21,22,23
1,2,3,5,6,8,9,14,18,19,20,21,22>5,7,9,14,17,23,2,19,20,21,22
1,2,3,5,6,8,9,14,18,19,20,21,22>3,5,6,8,9,14,17,18,23,2,19,20,21,22
1,2,3,5,6,11,12,14,16,17,19,20,21,22>1,4,5,6,7,11,13,14,16,17,18,19,2,21,22
1,2,3,5,6,11,12,14,16,17,19,20,21,22>1,3,4,6,12,13,15,17,18,23,2,21,22
1,4,5,6,8,9,11,16,17,21,23>5,7,9,10,11,12,21,22,8,16,6
1,4,5,6,8,9,11,16,17,21,23>4,5,10,12,17,21,8,16,6
2,3,4,9,10,11,12>9,16,10,11,4,12
2,3,4,9,10,11,12>8,13,10,11,4,12
2,4,5,6,7,11,12,15,16,18,19,22,23>11,15,7,12,16,19,23
2,4,5,6,7,11,12,15,16,18,19,22,23>4,5,6,15,18,7,12,16,19,23
4,5,7,8,11,13,15,16,17,20,22,23>4,5,6,11,13,17,8,16,20,23
4,5,7,8,11,13,15,16,17,20,22,23>4,5,6,7,15,17,8,16,20,23
1,2,4,7,8,9,10,14,15,19,21,22,23>14,7,8,21,2,22,23
1,2,4,7,8,9,10,14,15,19,21,22,23>1,4,7,9,10,11,16,19,2,22,23
1,4,5,6,7,9,10,12,13,16,17,18,19,20>1,2,6,10,14,7,13,16,18,19
1,4,5,6,7,9,10,12,13,16,17,18,19,20>1,2,4,9,14,20,7,13,16,18,19
6,8,9,10,13,14,16,17,22>6,12,13,16,17,22,23,8,10,14
6,8,9,10,13,14,16,17,22>6,23,9,16,8,10,14
1,2,3,7,8,13,17,18,22,23>1,19,22,2,23
1,2,3,7,8,13,17,18,22,23>3,7,8,13,18,22,2,23
1,2,3,4,6,7,8,10,15,17,18,20,21,22,23>1,6,8,10,16,18,2,4,7,17,20,21,22,23
1,2,3,4,6,7,8,10,15,17,18,20,21,22,23>1,6,8,10,15,18,19,2,4,7,17,20,21,22,23
1,2,5,8,14,15,19,20,22>8,13,16,17,19,23,2,20
1,2,5,8,14,15,19,20,22>1,8,14,21,23,2,20
1,5,6,7,8,9,12,14,16,18,19,20,21,22>5,9,14,18,20,23,7,8,19,21,22
1,5,6,7,8,9,12,14,16,18,19,20,21,22>2,5,6,12,16,18,20,23,7,8,19,21,22
1,2,3,4,6,7,8,11,14,17,18,22,23>1,6,8,14,16,17,18,19,2,4,23,7
1,2,3,4,6,7,8,11,14,17,18,22,23>1,3,6,16,18,2,4,23,7
2,3,4,7,9,10,12,13,16,17,20,21,22>2,3,9,18,23,4,10,13,16,21,22
2,3,4,7,9,10,12,13,16,17,20,21,22>3,7,8,9,12,14,20,4,10,13,16,21,22
1,2,3,5,8,9,10,11,12,15,18,23>18,6,9,15,2,8,10,11,12
1,2,3,5,8,9,10,11,12,15,18,23>1,3,6,15,16,19,23,2,8,10,11,12
1,2,5,6,7,10,16,19,20,23>1,5,8,10,23,2,20,7
1,2,5,6,7,10,16,19,20,23>5,6,10,21,23,2,20,7
1,3,7,8,9,10,12,13,17,18,20,22>12,18,19,20,22,8,17,10,13
1,3,7,8,9,10,12,13,17,18,20,22>1,2,4,7,9,12,19,8,17,10,13
3,5,6,8,9,13,16,18,19,20,21,22>3,4,6,7,18,23,8,19,20,21,22
3,5,6,8,9,13,16,18,19,20,21,22>3,4,7,9,14,8,19,20,21,22
1,6,7,10,11,12,13,14,17,18,23>2,8,15,7,11,12,14,18
1,6,7,10,11,12,13,14,17,18,23>19,2,23,8,7,11,12,14,18
2,3,4,9,10,14,20,21,23>3,14,15,16,10,21,4,20
2,3,4,9,10,14,20,21,23>23,3,14,16,10,21,4,20
1,6,9,11,12,13,16,20>1,2,7,8,11,12,16,20,13
1,6,9,11,12,13,16,20>2,6,9,10,12,14,16,20,13
3,4,5,7,8,11,12,13,14,15,16,17,18,20,21,23>3,6,12,17,19,23,4,8,14,16,21
3,4,5,7,8,11,12,13,14,15,16,17,18,20,21,23>5,6,12,13,19,20,22,23,4,8,14,16,21
1,2,3,6,7,8,9,10,13,14,16,17,18,19,22>9,10,11,16,17,18,2,7,8,13,14,19
1,2,3,6,7,8,9,10,13,14,16,17,18,19,22>3,10,11,18,22,23,2,7,8,13,14,19
2,3,5,8,9,12,19,20,21,22,23>2,3,9,20,8,21,22,23
2,3,5,8,9,12,19,20,21,22,23>2,4,5,9,12,20,8,21,22,23
3,5,6,7,8,12,13,14,15,16,19,20,21,23>19,20,23,6,7,8,14,16,21
3,5,6,7,8,12,13,14,15,16,19,20,21,23>22,23,6,7,8,14,16,21
2,3,4,5,7,9,10,11,12,13,14,20,22>2,9,11,15,17,21,22,23,10,4,13,14
2,3,4,5,7,9,10,11,12,13,14,20,22>3,8,9,11,15,16,20,10,4,13,14
4,6,7,8,12,16,18,20,22,23>22,12,20,21,8,16,23,7
4,6,7,8,12,16,18,20,22,23>12,18,8,16,23,7
1,6,8,9,10,12,13,14,16,18,19,21,22,23>1,2,7,10,13,8,12,14,19,22,23
1,6,8,9,10,12,13,14,16,18,19,21,22,23>1,2,10,13,16,8,12,14,19,22,23
1,2,4,6,8,11,15,17,18,19,20,22,23>18,8,11,2,17,19,20,23
1,2,4,6,8,11,15,17,18,19,20,22,23>1,4,11,16,22,2,17,19,20,23
5,7,8,9,14,15,18,19,20,21,23>5,23,19,20,21
5,7,8,9,14,15,18,19,20,21,23>7,8,9,14,15,22,19,20,21
2,4,5,7,14,15,16,18,20,22>6,7,21,22,23,16,20,15
2,4,5,7,14,15,16,18,20,22>18,21,22,16,20,15
1,2,4,7,8,10,13,14,15,17,18,19,20,22>23,21,7,15,2,13,14,17,19,20
1,2,4,7,8,10,13,14,15,17,18,19,20,22>7,10,15,2,13,14,17,19,20
1,2,4,7,8,9,10,11,12,13,15,18,19,22>4,7,14,15,22,23,2,8,11,12,13,19
1,2,4,7,8,9,10,11,12,13,15,18,19,22>4,7,10,15,2,8,11,12,13,19
1,3,6,8,13,15,16,18,19,20,22>1,2,4,6,7,8,16,19,20
1,3,6,8,13,15,16,18,19,20,22>2,3,4,6,13,14,15,18,21,22,23,8,16,19,20
2,3,10,11,15,17,20,23>23,4,16,17,20
2,3,10,11,15,17,20,23>2,3,4,10,23,17,20
1,2,3,5,7,9,10,11,12,16,18,19,20,21,22,23>11,16,20,8,2,19,21,22,23
1,2,3,5,7,9,10,11,12,16,18,19,20,21,22,23>1,5,7,10,11,12,16,18,2,19,21,22,23
3,5,7,8,9,10,12,13,14,17,20,22,23>3,6,9,13,20,22,8,10,14,17,23
3,5,7,8,9,10,12,13,14,17,20,22,23>3,4,5,9,22,8,10,14,17,23
1,3,7,8,9,11,12,14,15,16,17,21>10,13,14,15,22,8,16,12
1,3,7,8,9,11,12,14,15,16,17,21>1,4,7,10,11,15,17,21,22,8,16,12
4,5,6,7,8,11,12,13,14,15,18,19,20>4,5,15,16,17,18,21,7,8,13,14,19
4,5,6,7,8,11,12,13,14,15,18,19,20>5,6,16,20,21,7,8,13,14,19
2,3,10,11,12,13,15,20,22,23>4,10,14,15,16,21,23
2,3,10,11,12,13,15,20,22,23>2,3,4,10,14,15,16,17,20,23
1,2,5,7,10,13,14,15,17,18,20,23>1,10,13,16,21,2,14,15,17,18,20
1,2,5,7,10,13,14,15,17,18,20,23>5,6,19,21,23,2,14,15,17,18,20
1,2,4,5,6,8,9,10,16,17,18,21,22,23>1,5,7,9,11,19,2,6,8,10,16,22,23
1,2,4,5,6,8,9,10,16,17,18,21,22,23>1,5,7,9,18,2,6,8,10,16,22,23
3,6,9,11,14,15,16,17,18,20,21,22,23>11,8,15,16,18,20,21,22,23
3,6,9,11,14,15,16,17,18,20,21,22,23>3,4,6,8,10,14,19,15,16,18,20,21,22,23
5,6,7,13,14,15,16,17,21,22>5,12,17,18,23,6,7,13,14,15,16,22
5,6,7,13,14,15,16,17,21,22>5,12,18,21,6,7,13,14,15,16,22
1,2,3,4,6,8,9,11,14,18,19,21>7,8,11,13,14,22,2,19,4
1,2,3,4,6,8,9,11,14,18,19,21>6,8,13,14,20,2,19,4
1,4,5,7,8,9,10,11,12,13,15,17,20,22>1,2,6,7,14,16,22,8,17,10,13
1,4,5,7,8,9,10,11,12,13,15,17,20,22>2,4,6,7,11,12,14,15,16,20,22,8,17,10,13
6,10,14,15,21>22,21,15
6,10,14,15,21>22,6,7,15
1,2,3,6,7,11,13,14,16,18,19,21,22,23>4,6,11,13,15,16,2,7,14,19,22,23
1,2,3,6,7,11,13,14,16,18,19,21,22,23>1,4,12,15,16,20,2,7,14,19,22,23
1,3,4,5,6,7,9,10,11,14,16,17,18,23>19,23,8,12,4,6,7,10,11,16,18
1,3,4,5,6,7,9,10,11,14,16,17,18,23>2,3,8,12,14,19,4,6,7,10,11,16,18
2,3,4,5,6,11,12,14,17,20,21>2,3,7,11,13,14,15,16,20,17,4,21,6
2,3,4,5,6,11,12,14,17,20,21>2,5,7,11,12,14,16,18,17,4,21,6
2,3,4,6,9,10,11,12,13,14,16,19,21>6,9,15,21,22,4,11,12,13,14,16
2,3,4,6,9,10,11,12,13,14,16,19,21>2,3,6,7,9,19,22,4,11,12,13,14,16
1,3,4,5,9,12,17,19,20,22>3,12,13,16,18,19,20,22,17,4
1,3,4,5,9,12,17,19,20,22>1,2,3,5,9,19,20,21,23,17,4
4,7,8,9,11,12,15,17,21,22,23>4,7,15,21,8,12,22,23
4,7,8,9,11,12,15,17,21,22,23>4,9,21,8,12,22,23
3,5,7,8,10,16,17,18>5,10,12,16,17,18,19,8
3,5,7,8,10,16,17,18>3,5,10,11,12,19,8
1,4,9,11,12,14,18,19,23>16,2,9,19,12
1,4,9,11,12,14,18,19,23>4,9,14,15,18,19,12
1,2,3,5,8,9,10,13,18,23>1,3,6,8,11,14,18,19,2,10
1,2,3,5,8,9,10,13,18,23>1,3,4,5,8,14,19,23,2,10
1,4,6,11,12,13,17,19>1,4,6,8,16,17,18,19,12,13
1,4,6,11,12,13,17,19>1,2,4,6,14,16,17,18,19,12,13
2,3,4,7,8,9,10,13,14,17,21>2,22,9,21,10,4,13,14
2,3,4,7,8,9,10,13,14,17,21>3,8,9,10,4,13,14
2,4,7,8,9,10,11,12,13,14,15,16,18,19,23>2,4,9,13,15,23,8,11,12,14,16,19
2,4,7,8,9,10,11,12,13,14,15,16,18,19,23>4,7,9,13,15,18,23,8,11,12,14,16,19
1,4,6,9,11,13,14,16,18,21,22,23>1,2,6,9,13,15,21,16,23,14,22
1,4,6,9,11,13,14,16,18,21,22,23>1,4,6,7,9,12,13,15,19,16,23,14,22
1,2,3,5,10,12,16,17,18,19,21,23>8,11,16,17,21,22,19,2,18,12
1,2,3,5,10,12,16,17,18,19,21,23>1,3,4,5,11,16,21,22,19,2,18,12
2,3,10,14,15,16,17,19,20,22,23>2,8,10,14,17,21,16,20,23,15
2,3,10,14,15,16,17,19,20,22,23>3,4,17,18,22,16,20,23,15
1,3,4,5,8,9,10,11,12,13,14,15,16,17,20,23>6,9,17,20,23,4,8,10,14,16
1,3,4,5,8,9,10,11,12,13,14,15,16,17,20,23>1,2,5,11,15,20,21,4,8,10,14,16
1,10,12,13,17,18,19,20,22>1,8,14,20,21,22,17,18,19,13
1,10,12,13,17,18,19,20,22>1,2,8,10,23,17,18,19,13
1,2,3,4,5,6,9,12,14,16,17,19,20,22,23>3,5,6,7,8,18,19,16,2,4,23
1,2,3,4,5,6,9,12,14,16,17,19,20,22,23>1,3,5,12,14,15,17,19,20,21,22,16,2,4,23
2,3,4,5,7,9,10,11,12,14,16,17,18,20,22,23>2,5,6,12,17,19,22,4,10,16,18,23
2,3,4,5,7,9,10,11,12,14,16,17,18,20,22,23>2,3,5,8,11,15,17,20,22,4,10,16,18,23
1,2,3,5,8,10,12,13,14,15,16,17,18,20,22,23>1,4,10,18,22,2,8,14,16,23
1,2,3,5,8,10,12,13,14,15,16,17,18,20,22,23>3,4,5,12,13,17,18,20,22,2,8,14,16,23
1,5,6,7,8,10,11,12,13,14,20,21,23>1,2,10,11,13,20,23,6,7,8,14,21
1,5,6,7,8,10,11,12,13,14,20,21,23>2,5,17,20,22,6,7,8,14,21
2,5,6,7,8,9,13,14,17,22>23,2,9,22,14,13,6,7
2,5,6,7,8,9,13,14,17,22>5,9,10,17,23,14,13,6,7
1,3,7,8,10,11,12,14,16,19,22,23>19,22,7,14,8,11,12,23
1,3,7,8,10,11,12,14,16,19,22,23>2,3,4,7,10,14,16,22,8,11,12,23
1,2,3,4,6,8,11,15,17,19,20,21,22,23>19,3,7,15,2,4,17,20,21,22,23
1,2,3,4,6,8,11,15,17,19,20,21,22,23>6,7,8,11,16,19,2,4,17,20,21,22,23
1,2,3,4,8,10,12,15,17,18,23>10,17,8,2,4,12
1,2,3,4,8,10,12,15,17,18,23>1,23,10,8,2,4,12
1,2,3,5,7,8,12,15,16,17,18,20,21,22>3,5,7,12,15,20,2,8,16,21,22
1,2,3,5,7,8,12,15,16,17,18,20,21,22>4,5,6,7,13,15,18,20,23,2,8,16,21,22
3,6,7,10,11,12,16,19,20,22,23>3,10,11,12,16,23,7
3,6,7,10,11,12,16,19,20,22,23>3,4,6,10,11,16,20,22,23,7
3,5,7,8,10,11,12,19,22,23>3,4,19,8,11,12,23
3,5,7,8,10,11,12,19,22,23>3,4,7,10,8,11,12,23
4,5,6,7,8,10,12,15,16,17,19,23>4,5,10,11,15,17,19,8,16,12,7
4,5,6,7,8,10,12,15,16,17,19,23>5,6,11,15,19,23,8,16,12,7
1,3,5,8,9,10,11,12,13,14,19,20,23>2,5,10,11,13,17,20,21,23,8,14
1,3,5,8,9,10,11,12,13,14,19,20,23>3,5,13,17,20,21,23,8,14
4,5,7,9,10,11,17,19,20,21,23>7,9,10,19,22,17,20,21
4,5,7,9,10,11,17,19,20,21,23>5,7,9,11,16,18,22,17,20,21
3,5,8,9,10,13,14,15,19,20,23>3,4,8,10,15,17,19,21,20,14
3,5,8,9,10,13,14,15,19,20,23>3,5,8,10,17,21,23,20,14
5,6,13,14,15,18,19,20,21,22,23>18,14,15,19,20,21,22,23
5,6,13,14,15,18,19,20,21,22,23>5,16,17,14,15,19,20,21,22,23
1,5,6,7,8,10,12,13,16,17,18,20,21,23>10,12,14,16,17,18,22,8,21,6,7
1,5,6,7,8,10,12,13,16,17,18,20,21,23>1,5,12,14,18,19,20,22,8,21,6,7
5,6,7,8,10,11,14,16,18,19,21,22,23>20,21,18,7,8,11,19,22,23
5,6,7,8,10,11,14,16,18,19,21,22,23>5,6,12,7,8,11,19,22,23
1,3,5,7,9,10,11,13,14,15,17,18,20,23>4,6,7,13,16,19,23,10,14,15,17,18,20
1,3,5,7,9,10,11,13,14,15,17,18,20,23>1,2,5,6,13,16,10,14,15,17,18,20
2,4,5,7,8,11,13,17,18,19,20,23>16,21,7,23,17,19,20
2,4,5,7,8,11,13,17,18,19,20,23>2,4,5,7,11,13,18,21,23,17,19,20
1,2,3,5,7,8,9,10,11,12,13,14,15,17,18,22>4,5,6,7,9,15,16,18,2,8,10,11,12,13,14
1,2,3,5,7,8,9,10,11,12,13,14,15,17,18,22>1,4,5,6,7,15,17,23,2,8,10,11,12,13,14
1,3,4,8,10,12,13,14,15,16,21,22>3,10,11,15,21,23,4,8,12,13,14,16,22
1,3,4,8,10,12,13,14,15,16,21,22>1,3,10,11,23,4,8,12,13,14,16,22
1,2,3,4,5,8,9,12,14,15,17,22>1,5,9,10,14,17,22,23,8,2,4,12
1,2,3,4,5,8,9,12,14,15,17,22>3,5,6,14,15,17,22,8,2,4,12
9,2,5,15>5,6,9,10,15
9,2,5,15>2,5,6,9,13,16
3,6,7,8,13,15,16,18,19,20,22,23>21,13,14,7,8,16,19,20,23
3,6,7,8,13,15,16,18,19,20,22,23>3,4,6,18,22,7,8,16,19,20,23
1,4,5,7,13,19,21>22,1,4,16,13
1,4,5,7,13,19,21>2,4,7,14,16,19,20,21,22,13
2,5,6,8,10,13,14,16,18,19,20,22>23,10,16,18,8,13,14,19,20
2,5,6,8,10,13,14,16,18,19,20,22>21,6,10,18,8,13,14,19,20
1,2,3,4,5,6,7,12,13,14,15,17,19>1,6,16,18,19,2,4,7,12,13,14,15
1,2,3,4,5,6,7,12,13,14,15,17,19>1,16,17,2,4,7,12,13,14,15
3,5,11,13,14,16,17,19,21,23>4,5,15,17,19,20,14
3,5,11,13,14,16,17,19,21,23>3,4,5,8,16,20,21,23,14
4,10,12,13,14,16,19,21,22>23,11,19,12,13,14,16,22
4,10,12,13,14,16,19,21,22>4,8,10,15,19,23,12,13,14,16,22
1,3,5,8,11,12,17,20,23>20,2,23,6,8,17
1,3,5,8,11,12,17,20,23>1,3,6,11,20,21,8,17
2,8,9,12,13,14,15,16,18,20,21,23>2,15,18,19,20,22,23,8,16,21,14
2,8,9,12,13,14,15,16,18,20,21,23>9,10,12,13,19,23,8,16,21,14
4,6,11,18,21>4,11,13,18,21
4,6,11,18,21>4,11,16,21
1,2,3,4,5,6,11,12,17,18,19,21>1,21,22,16,2,4,12,18,19
1,2,3,4,5,6,11,12,17,18,19,21>1,3,6,13,21,22,2,4,12,18,19
4,5,7,9,13,15,16,23>4,9,13,14,15,23,16
4,5,7,9,13,15,16,23>5,7,8,13,15,23,16
1,3,4,5,7,8,9,10,11,12,13,18,19,20,21>2,5,7,11,12,16,20,22,4,8,13,19,21
1,3,4,5,7,8,9,10,11,12,13,18,19,20,21>3,7,9,12,14,16,22,4,8,13,19,21
1,4,5,6,9,11,12,13,14,15,16,17,19,20,21,22>1,2,5,7,9,11,17,18,20,13,14,15,16,21,22
1,4,5,6,9,11,12,13,14,15,16,17,19,20,21,22>2,4,5,7,8,9,20,13,14,15,16,21,22
4,6,16,18,19,22,23>6,20,16,19,23
4,6,16,18,19,22,23>6,18,16,19,23
7,9,11,13,15,16,17,18,20,21,23>9,11,14,15,19,22,23,16,18,20,21
7,9,11,13,15,16,17,18,20,21,23>7,9,13,14,17,22,23,16,18,20,21
5,7,8,10,12,13,17,20>5,10,12,20,8,17,13
5,7,8,10,12,13,17,20>21,5,12,20,8,17,13
3,4,5,6,7,8,9,11,14,17,18,20,23>3,8,9,10,11,14,4,6,7,17,20
3,4,5,6,7,8,9,11,14,17,18,20,23>3,5,8,9,10,11,16,19,21,4,6,7,17,20
1,7,8,9,11,12,15,16,19,20,21,23>9,11,19,20,22,8,16,21
1,7,8,9,11,12,15,16,19,20,21,23>12,15,8,16,21
2,3,5,6,8,9,19,20,21>3,5,6,7,8,17,19,22,20,21
2,3,5,6,8,9,19,20,21>2,3,4,5,8,9,17,19,22,20,21
4,6,7,8,10,11,14,16,17,20,21,22>11,13,17,7,8,16,20,21,22
4,6,7,8,10,11,14,16,17,20,21,22>23,17,7,8,16,20,21,22
7,10,13,14,18,20,22>22,18,19,21,20,13,14
7,10,13,14,18,20,22>7,10,15,19,22,23,20,13,14
3,5,6,9,11,12,13,15,18,19,20,22,23>3,7,9,14,16,17,20,19,23
3,5,6,9,11,12,13,15,18,19,20,22,23>4,11,13,17,20,21,19,23
3,6,7,8,10,11,13,14,19,20,22,23>3,6,13,19,22,20,23,14,7
3,6,7,8,10,11,13,14,19,20,22,23>3,4,6,13,17,20,23,14,7
1,2,3,6,9,10,12,13,15,18,21,23>6,7,8,9,11,14,16,2,10,12
1,2,3,6,9,10,12,13,15,18,21,23>1,6,7,9,11,14,19,22,23,2,10,12
2,3,5,8,9,11,12,13,14,15,16,18,19,20>18,9,11,12,8,13,14,16,19
2,3,5,8,9,11,12,13,14,15,16,18,19,20>4,9,11,12,20,8,13,14,16,19
2,3,4,8,9,10,12,13,15,16,17,18>18,14,15,17,4,8,10,12,13,16
2,3,4,8,9,10,12,13,15,16,17,18>3,9,11,14,15,19,4,8,10,12,13,16
3,4,5,8,12,14,16,19,20,22,23>19,8,16,4,23
3,4,5,8,12,14,16,19,20,22,23>3,14,8,16,4,23
5,7,8,9,10,11,12,13,18,19,22,23>5,7,14,18,22,8,11,12,19,23
5,7,8,9,10,11,12,13,18,19,22,23>22,7,9,10,8,11,12,19,23
3,5,9,10,11,12,13,14,16,19,20,21,23>3,9,10,13,19,20,22,23,21,14
3,5,9,10,11,12,13,14,16,19,20,21,23>5,9,10,11,12,13,16,19,21,14
1,2,7,8,9,10,11,12,13,14,15,18,23>7,13,15,16,2,8,10,11,12,14
1,2,7,8,9,10,11,12,13,14,15,18,23>7,9,13,15,18,23,2,8,10,11,12,14
1,3,4,5,6,8,10,13,14,16,17,18,19,21,22>1,5,11,17,23,4,8,14,16,19,22
1,3,4,5,6,8,10,13,14,16,17,18,19,21,22>1,2,3,13,18,20,21,4,8,14,16,19,22
8,9,13,14,15,16,17,19,21,22,23>21,17,8,14,16,22,23
8,9,13,14,15,16,17,19,21,22,23>9,12,13,17,20,8,14,16,22,23
2,3,4,5,6,7,10,13,15,16,17,18,19,20,21,22>2,23,17,14,4,7,13,16,18,19,20,21,22
2,3,4,5,6,7,10,13,15,16,17,18,19,20,21,22>2,3,5,6,10,14,15,23,4,7,13,16,18,19,20,21,22
2,3,4,5,13,14,16,18,19,21,23>8,12,13,18,21,23,16,19,4,14
2,3,4,5,13,14,16,18,19,21,23>2,5,8,12,15,18,20,21,22,23,16,19,4,14
1,3,5,6,7,8,9,13,15,18,20,21,23>1,2,4,8,10,13,14,17,18,20,21,6,7
1,3,5,6,7,8,9,13,15,18,20,21,23>1,2,3,5,8,17,18,19,23,20,21,6,7
1,3,4,5,6,8,10,11,13,14,15,17,18,22,23>1,3,5,7,8,17,19,22,4,6,11,14,23
1,3,4,5,6,8,10,11,13,14,15,17,18,22,23>1,3,13,15,19,22,4,6,11,14,23
2,6,8,9,11,12,13,15,16,19>19,2,6,9,8,16,12,13
2,6,8,9,11,12,13,15,16,19>2,6,7,11,14,15,8,16,12,13
1,4,5,7,8,9,11,13,15,19,20,23>11,13,14,17,19,20
1,4,5,7,8,9,11,13,15,19,20,23>1,7,9,13,15,19,21,20
3,7,8,10,14,15,16,22,23>3,7,11,12,22,8,16,23
3,7,8,10,14,15,16,22,23>3,4,7,14,8,16,23
2,3,5,6,7,9,10,11,14,15,18,21,23>3,22,9,14,6,7,10,11,15
2,3,5,6,7,9,10,11,14,15,18,21,23>2,4,9,14,18,19,21,22,23,6,7,10,11,15
2,6,7,10,11,12,13,14,15,17,23>23,6,10,17,7,11,12,14,15
2,6,7,10,11,12,13,14,15,17,23>2,8,10,16,17,18,7,11,12,14,15
3,6,11,16,17,20,21,22>6,7,8,11,13,16,17,23,20,21,22
3,6,11,16,17,20,21,22>3,6,7,8,16,17,18,23,20,21,22
1,5,7,8,9,11,12,14,15,18,23>2,5,9,11,14,15,16,18,23,8,12
1,5,7,8,9,11,12,14,15,18,23>1,2,5,7,9,11,18,8,12
9,10,12,13,14,17,20,22>9,12,15,21,22,17,10,13,14
9,10,12,13,14,17,20,22>8,9,12,15,18,20,17,10,13,14
1,3,4,5,6,9,12,13,14,16,18,20,21,23>3,13,18,19,20,22,4,6,14,16,21
1,3,4,5,6,9,12,13,14,16,18,20,21,23>1,2,3,10,12,13,18,19,20,4,6,14,16,21
1,3,4,6,7,8,10,13,14,15,16,17,18,21,22,23>2,11,12,13,15,18,4,7,8,14,16,22,23
1,3,4,6,7,8,10,13,14,15,16,17,18,21,22,23>3,19,12,4,7,8,14,16,22,23
1,2,5,9,10,11,12,13,16,17,21,22>1,5,6,8,9,14,18,23,2,10,11,12,13,22
1,2,5,9,10,11,12,13,16,17,21,22>1,5,6,9,14,16,2,10,11,12,13,22
3,12,18,21,22>3,4,13,18,21,23,12,22
3,12,18,21,22>23,8,13,18,12,22
2,3,4,5,6,7,12,13,14,15,16,17,18,20,21>20,3,8,12,4,6,7,13,14,15,16,18,21
2,3,4,5,6,7,12,13,14,15,16,17,18,20,21>2,3,5,8,22,4,6,7,13,14,15,16,18,21
2,3,5,6,7,14,15,16,17,21>2,3,18,17,16,15,6,7
2,3,5,6,7,14,15,16,17,21>4,5,8,13,17,22,16,15,6,7
1,3,5,6,7,8,9,11,12,13,15,22,23>1,2,10,11,13,15,6,7,8,12,23
1,3,5,6,7,8,9,11,12,13,15,22,23>3,9,10,11,14,22,6,7,8,12,23
1,3,4,5,6,8,13,14,15,17,20,21,23>2,7,13,15,16,22,4,6,14,17,20,21
1,3,4,5,6,8,13,14,15,17,20,21,23>1,3,5,7,8,13,22,23,4,6,14,17,20,21
2,5,9,11,12,13,14,15,16,17,21>2,5,10,18,21,12,13,14,15,16
2,5,9,11,12,13,14,15,16,17,21>5,6,10,12,13,14,15,16
2,8,9,11,12,13,19,23>2,9,23,8,12
2,8,9,11,12,13,19,23>11,14,23,8,12
1,6,8,12,13,15,16,17,18,22,23>1,7,15,17,19,22,8,16,12,23
1,6,8,12,13,15,16,17,18,22,23>1,6,7,13,14,15,17,18,8,16,12,23
1,3,4,7,9,14,18,20,22>3,7,9,10,14,15,16,17,19,23,4,20
1,3,4,7,9,14,18,20,22>1,2,3,9,13,15,17,22,23,4,20
2,3,4,6,10,11,12,14,16,18,20,21,23>2,8,10,14,15,20,22,23,16,4,21
2,3,4,6,10,11,12,14,16,18,20,21,23>3,6,7,8,14,18,19,22,16,4,21
1,3,5,7,8,11,12,14,15,16,18,19,20,21,22>1,2,5,11,14,15,20,8,16,19,21,22
1,3,5,7,8,11,12,14,15,16,18,19,20,21,22>3,7,13,14,18,23,8,16,19,21,22
2,3,4,7,9,11,15,16,18,19,21,22>13,15,8,16,19,4,22
2,3,4,7,9,11,15,16,18,19,21,22>7,9,12,13,18,20,21,16,19,4,22
4,5,6,8,12,14,16,18,19,20,21,22,23>4,5,14,18,8,16,19,21,22,23
4,5,6,8,12,14,16,18,19,20,21,22,23>4,5,7,12,8,16,19,21,22,23
1,2,3,6,7,8,9,14,21>1,21,8,9,2,7
1,2,3,6,7,8,9,14,21>13,3,4,8,2,7
2,3,4,5,7,8,10,11,13,18,19,22,23>2,5,14,16,18,20,22,19,11,4,23
2,3,4,5,7,8,10,11,13,18,19,22,23>3,5,8,10,14,16,18,22,19,11,4,23
1,3,5,9,10,13,14,22>22,4,6,10,14
1,3,5,9,10,13,14,22>3,9,11,13,22,10,14
1,2,4,5,10,13,17,19,20,22>1,10,19,21,22,23,17,2,20,13
1,2,4,5,10,13,17,19,20,22>4,14,16,19,21,17,2,20,13
1,3,10,12,13,15,16,19,20,23>1,3,12,15,21,23,16
1,3,10,12,13,15,16,19,20,23>1,2,3,4,8,10,12,14,20,23,16
1,2,4,5,8,11,12,17,19,22,23>4,11,16,19,8,2,12,23
1,2,4,5,8,11,12,17,19,22,23>1,4,17,8,2,12,23
2,3,4,5,8,11,12,13,15,19,22,23>2,3,13,8,4,12,23
2,3,4,5,8,11,12,13,15,19,22,23>2,3,5,11,14,15,16,22,8,4,12,23
1,4,5,6,13,14,15,16,17,19,22>5,8,13,17,18,19,20,22,16,14,15
1,4,5,6,13,14,15,16,17,19,22>1,2,4,7,12,13,17,19,22,23,16,14,15
3,5,7,11,12,13,14,16,18,19,20,21,22>4,7,8,16,18,20,13,14,19,21,22
3,5,7,11,12,13,14,16,18,19,20,21,22>3,5,11,12,16,20,23,13,14,19,21,22
2,3,13,16,18,19,22,23>2,8,14,16,20,22,19,23
2,3,13,16,18,19,22,23>2,3,8,12,13,18,20,22,19,23
2,4,7,8,10,11,12,16,18,19,22>4,10,13,18,22,23,8,11,12,16,19
2,4,7,8,10,11,12,16,18,19,22>2,7,8,11,12,16,19
4,5,7,8,10,12,15,16,19,22,23>22,4,8,16,12,23
4,5,7,8,10,12,15,16,19,22,23>4,5,19,8,16,12,23
2,3,4,7,9,10,11,12,15,17,18,20,23>8,9,11,12,17,10,18,4
2,3,4,7,9,10,11,12,15,17,18,20,23>2,3,7,11,12,19,20,23,17,10,18,4
8,12,13,16,17,18,20,21,23>13,14,16,17,22,8,21
8,12,13,16,17,18,20,21,23>13,14,16,17,18,19,20,8,21
1,6,7,8,9,12,13,14,18,21,22,23>19,1,13,7,8,12,14,22,23
1,6,7,8,9,12,13,14,18,21,22,23>21,6,10,7,8,12,14,22,23
3,4,5,7,8,14,16,17,18,19,20,21,22,23>3,14,18,4,8,16,19,20,21,22,23
3,4,5,7,8,14,16,17,18,19,20,21,22,23>3,5,7,4,8,16,19,20,21,22,23
2,3,6,7,9,12,14,16,17,21>2,3,6,9,10,17,22,12,7
2,3,6,7,9,12,14,16,17,21>2,4,6,9,15,12,7
1,3,5,10,11,12,13,14,17,18,19,21,22,23>13,3,4,11,12,14,18,19,22,23
1,3,5,10,11,12,13,14,17,18,19,21,22,23>1,3,5,13,21,11,12,14,18,19,22,23
6,7,8,10,11,13,14,17,18,20,22,23>21,22,10,11,7,14,17,20,23
6,7,8,10,11,13,14,17,18,20,22,23>10,11,13,18,19,22,7,14,17,20,23
1,2,3,4,6,8,10,12,13,15,16,17,20,22,23>3,6,7,10,12,13,17,20,21,2,4,8,16,23
1,2,3,4,6,8,10,12,13,15,16,17,20,22,23>1,3,6,7,13,14,15,17,20,21,22,2,4,8,16,23
1,3,4,5,6,7,9,10,12,14,16,18,19,22>1,2,8,9,10,11,13,14,18,22,23,4,7,12,16,19
1,3,4,5,6,7,9,10,12,14,16,18,19,22>1,3,6,9,10,11,18,4,7,12,16,19
1,4,5,8,9,16,17,18,19,20,21>1,4,9,17,18,22,8,16,19,20,21
1,4,5,8,9,16,17,18,19,20,21>2,4,9,17,18,8,16,19,20,21
2,3,9,16,17,19,20,23>4,16,17,19,21,23,20
2,3,9,16,17,19,20,23>2,3,4,8,18,21,23,20
2,3,5,6,13,17,19,21,22,23>2,4,17,19,20,22,23
2,3,5,6,13,17,19,21,22,23>3,4,6,13,20,22,23
1,3,4,8,9,10,12,13,15,16,18,22>2,3,9,11,14,15,18,22,23,4,8,10,12,13,16
1,3,4,8,9,10,12,13,15,16,18,22>1,2,3,14,19,22,4,8,10,12,13,16
1,3,5,6,8,10,12,13,18,20,21>4,5,14,18,20,22,8,21,13,6
1,3,5,6,8,10,12,13,18,20,21>1,4,5,7,10,14,17,19,20,22,8,21,13,6
2,5,6,7,9,10,11,15,17,22>2,5,13,17,18,22,10,11,6,7
2,5,6,7,9,10,11,15,17,22>5,9,13,16,18,22,10,11,6,7
1,2,3,10,14,15,19,21,23>10,11,14,16,21,22,23,2,15
1,2,3,10,14,15,19,21,23>1,3,10,11,16,20,21,23,2,15
3,9,11,17,18,21,22,23>4,9,10,11,21,18,22,23
3,9,11,17,18,21,22,23>3,4,9,10,17,18,22,23
1,2,4,5,7,9,10,11,15,20>1,9,16,17,21,2,10,20
1,2,4,5,7,9,10,11,15,20>1,4,5,7,11,2,10,20
3,5,6,9,10,12,13,14,18,19,20,21,22,23>3,6,7,8,9,10,12,13,15,17,20,14,19,21,22,23
3,5,6,9,10,12,13,14,18,19,20,21,22,23>5,6,8,10,12,13,14,19,21,22,23
1,2,4,6,7,9,11,12,13,14,16,19,20,21>1,4,8,9,11,12,22,2,7,13,14,16,21
1,2,4,6,7,9,11,12,13,14,16,19,20,21>1,6,9,12,15,2,7,13,14,16,21
1,3,7,9,10,11,12,16,18,20,21,22,23>2,7,11,19,20,10,21,22,23
1,3,7,9,10,11,12,16,18,20,21,22,23>2,7,8,12,18,10,21,22,23
1,3,6,7,12,13,14,15,16,17,19,21,22,23>1,2,4,8,13,18,7,12,14,15,16,22,23
1,3,6,7,12,13,14,15,16,17,19,21,22,23>2,3,4,6,18,19,21,7,12,14,15,16,22,23
6,7,10,11,12,13,14,21>8,10,15,21,22,7,11,12,13,14
6,7,10,11,12,13,14,21>6,8,10,22,7,11,12,13,14
2,3,5,7,8,11,12,16,18,22,23>19,7,8,12,23
2,3,5,7,8,11,12,16,18,22,23>16,4,5,8,12,23
2,5,7,9,12,13,16,18,22,23>5,8,9,10,13,16,19,22,12,23
2,5,7,9,12,13,16,18,22,23>2,5,8,9,10,18,19,22,12,23
1,3,4,5,6,7,9,13,16,22,23>1,3,5,10,4,6,7,16,23
1,3,4,5,6,7,9,13,16,22,23>2,3,5,8,12,14,4,6,7,16,23
1,2,5,6,7,10,13,17,18,19,22>1,10,14,17,20,22,2,7,13,18,19
1,2,5,6,7,10,13,17,18,19,22>1,5,10,11,14,17,22,23,2,7,13,18,19
1,2,7,9,10,11,12,13,14,16,18,19,23>16,9,13,2,11,12,14,19
1,2,7,9,10,11,12,13,14,16,18,19,23>7,8,9,13,15,2,11,12,14,19
1,4,5,8,9,10,12,13,15,17,19,21,22>2,10,15,16,17,21,23,8,12,13,22
1,4,5,8,9,10,12,13,15,17,19,21,22>21,4,9,23,8,12,13,22
1,2,3,5,6,7,8,10,13,14,15,16,17,18,20,21,23>1,3,10,17,18,2,6,7,8,14,16,20,21
1,2,3,5,6,7,8,10,13,14,15,16,17,18,20,21,23>4,5,10,13,22,2,6,7,8,14,16,20,21
1,3,4,5,6,9,10,11,14,15,16,17,18,19,20>1,11,13,6,4,15,16,18,19,20
1,3,4,5,6,9,10,11,14,15,16,17,18,19,20>1,3,5,8,10,14,17,4,15,16,18,19,20
1,2,3,4,5,6,9,10,12,13,14,15,18,22,23>3,7,8,9,11,18,19,22,2,4,6,10,12,14,15,23
1,2,3,4,5,6,9,10,12,13,14,15,18,22,23>1,3,5,7,9,11,13,16,19,2,4,6,10,12,14,15,23
2,4,7,8,17,22>2,4,17
2,4,7,8,17,22>2,4,7,8,22,23
6,7,8,9,10,11,14,16>9,16,8,10,11,7
6,7,8,9,10,11,14,16>6,12,13,14,16,8,10,11,7
1,4,5,6,8,10,13,14,15,16,19,21,22,23>2,4,5,11,20,8,14,16,22,23
1,4,5,6,8,10,13,14,15,16,19,21,22,23>1,2,4,6,11,12,13,15,20,21,8,14,16,22,23
1,3,4,5,6,7,8,9,14,16,17,20,21>14,17,9,4,6,7,8,16,20,21
1,3,4,5,6,7,8,9,14,16,17,20,21>1,2,5,10,13,4,6,7,8,16,20,21
4,8,11,12,13,16,17,18,19,20,22,23>4,13,18,20,21,22,8,16,19,23
4,8,11,12,13,16,17,18,19,20,22,23>11,12,14,17,18,21,22,8,16,19,23
1,2,7,10,11,13,14,15,17,19>1,10,16,18,20,2,11,13,14,15
1,2,7,10,11,13,14,15,17,19>20,1,10,17,2,11,13,14,15
5,6,7,10,14,16,17,18>5,13,14,15,16,17,18,6,7
5,6,7,10,14,16,17,18>5,8,11,14,15,16,17,18,6,7
1,3,5,7,8,9,10,11,13,14,16,17,18,19,21,22,23>4,5,7,13,18,20,8,11,14,19,22,23
1,3,5,7,8,9,10,11,13,14,16,17,18,19,21,22,23>3,4,5,7,12,18,21,8,11,14,19,22,23
2,7,14,15,16,17,18,19,20,21,22,23>14,15,16,18,19,20,21,22,23
2,7,14,15,16,17,18,19,20,21,22,23>7,15,16,18,19,20,21,22,23
2,3,4,5,8,9,11,13,16,23>23,14,5,6,8,16,4
2,3,4,5,8,9,11,13,16,23>2,5,9,11,14,8,16,4
2,3,5,7,10,13,16,22,23>12,7,23
2,3,5,7,10,13,16,22,23>3,4,6,8,10,12,22,23
2,3,4,8,10,12,14,17,18,21,22>2,11,14,16,17,19,21,8,4,12,22
2,3,4,8,10,12,14,17,18,21,22>21,2,10,14,8,4,12,22
2,4,9,10,14,16,18,19,20,22>8,10,13,14,15,23,16,19,20
2,4,9,10,14,16,18,19,20,22>2,4,8,13,14,16,19,20
4,7,9,11,12,14,16,17,19,21,23>4,8,9,11,14,19,21,16,12
4,7,9,11,12,14,16,17,19,21,23>4,8,14,15,17,19,22,16,12
1,2,4,7,8,12,13,17,20,21,22,23>1,4,2,8,17,21,22,23
1,2,4,7,8,12,13,17,20,21,22,23>1,7,12,14,16,20,2,8,17,21,22,23
1,2,3,6,7,8,12,15,16,17,22>3,6,15,2,7,8,12,16
1,2,3,6,7,8,12,15,16,17,22>22,1,3,13,2,7,8,12,16
5,6,7,8,9,11,12,14,16,17,19,20,22>6,12,13,16,17,19,20,22,23,8,7
5,6,7,8,9,11,12,14,16,17,19,20,22>6,11,12,16,17,21,8,7
4,6,7,8,9,10,12,16,17,18,19,21,22,23>4,6,11,17,18,21,7,8,12,16,19,22,23
4,6,7,8,9,10,12,16,17,18,19,21,22,23>4,9,17,7,8,12,16,19,22,23
1,4,5,10,11,18,19,21>5,10,13,16,18,21,19,11
1,4,5,10,11,18,19,21>2,4,10,16,18,20,19,11
1,4,6,8,9,10,11,12,15,17,19,22>1,7,10,13,16,17,19,23,8,11,12
1,4,6,8,9,10,11,12,15,17,19,22>1,2,4,6,7,13,16,17,23,8,11,12
3,5,7,8,9,10,11,18,19,22,23>4,7,8,9,19,11,23
3,5,7,8,9,10,11,18,19,22,23>3,4,7,9,10,18,22,19,11,23
5,6,7,8,9,11,14,18,21>10,11,13,14,21,6,7
5,6,7,8,9,11,14,18,21>8,9,10,14,19,21,22,6,7
1,4,5,6,9,10,11,17,22>1,2,5,9,16,22,23,10,11,6
1,4,5,6,9,10,11,17,22>1,2,9,13,16,17,22,10,11,6
2,3,5,9,10,13,15,16,19,20,21>3,10,14,19,22,16,21,20,13
2,3,5,9,10,13,15,16,19,20,21>4,5,8,10,14,19,22,16,21,20,13
8,11,13,14,18,21,22,23>8,18,21,23,14,22
8,11,13,14,18,21,22,23>13,19,23,14,22
