TCR,NFAT,IFN-\beta,IFN-\betaR,IL-18,IL-18R,IRAK,SOCS1,IL-12,IL-12R,STAT4,T-bet,IFN-\gamma,IFN-\gammaR,JAK1,STAT1,IL-4,IL-4R,STAT6,GATA3,IL-10,IL-10R,STAT3
3,5,7,13,14,15,17,23>4,6,7,16,17,14,15
3,5,7,13,14,15,17,23>4,7,16,17,18,14,15
1,4,6,7,11,12,14,15,19,21,22,23>1,4,8,19,7,12,15,22,23
1,4,6,7,11,12,14,15,19,21,22,23>16,2,4,11,7,12,15,22,23
1,5,6,7,9,10,15,17,22>1,5,11,13,15,16,17,18,23,10,6,7
1,5,6,7,9,10,15,17,22>1,5,9,13,15,16,17,22,10,6,7
4,6,8,9,11,12,13,14,16,18,19,22>4,6,9,11,23,8,12,13,14,16,19
4,6,8,9,11,12,13,14,16,18,19,22>6,7,11,18,22,8,12,13,14,16,19
1,4,5,6,7,9,11,12,13,15,18,20,22>2,5,10,11,12,14,15,16,18,19,13,6,7
1,4,5,6,7,9,11,12,13,15,18,20,22>2,4,8,9,11,12,14,15,16,17,18,19,20,21,13,6,7
2,3,5,8,9,10,12,14,16,19,21,23>2,11,14,16,19,21,23,8,12
2,3,5,8,9,10,12,14,16,19,21,23>3,4,5,16,19,21,23,8,12
4,5,7,9,10,11,14,15,16,17,19,20,21,23>5,10,11,14,17,18,19,22,16,20,21,15
4,5,7,9,10,11,14,15,16,17,19,20,21,23>5,7,9,19,23,16,20,21,15
1,3,4,7,9,11,12,13,14,18>11,9,13,4,12,14
1,3,4,7,9,11,12,13,14,18>2,3,7,8,9,10,16,19,13,4,12,14
2,4,7,11,12,16,17,18,20,21,22>2,4,13,17,19,23,16,18,21,22
2,4,7,11,12,16,17,18,20,21,22>2,7,8,12,13,17,19,23,16,18,21,22
2,10,11,12,13,16,17,20>12,14,16,13
2,10,11,12,13,16,17,20>2,10,11,13
1,2,6,15,17,18,21,22,23>1,15,16,19,21,2,18,22,23
1,2,6,15,17,18,21,22,23>1,6,7,17,21,2,18,22,23
3,4,6,9,11,13,18,19,20,22,23>9,13,14,16,18,21,22,19,4,20,23
3,4,6,9,11,13,18,19,20,22,23>6,9,11,13,16,18,22,19,4,20,23
6,7,8,9,10,11,12,13,15,18,19,23>18,13,15,16,7,8,11,12,19
6,7,8,9,10,11,12,13,15,18,19,23>9,10,13,15,16,7,8,11,12,19
1,8,10,11,12,13,15,19,20,22,23>16,19,21,14,8,23
1,8,10,11,12,13,15,19,20,22,23>10,12,15,16,19,20,21,22,8,23
3,4,6,9,10,12,15,16,20,21,22,23>20,3,8,9,4,10,16,21,22,23
3,4,6,9,10,12,15,16,20,21,22,23>3,6,7,4,10,16,21,22,23
3,5,8,9,10,13,14,15,16,17,23>3,23,9,12,8,16,10,14
3,5,8,9,10,13,14,15,16,17,23>13,5,9,11,8,16,10,14
4,6,7,8,9,11,13,17,18,20,21>4,6,11,14,16,18,19,22,7,13,17,20,21
4,6,7,8,9,11,13,17,18,20,21>4,8,10,14,18,22,7,13,17,20,21
1,4,7,9,11,14,15,17,19,21,22>1,7,11,18,19,20,21,22,15
1,4,7,9,11,14,15,17,19,21,22>4,7,9,11,13,14,16,17,19,20,23,22,15
5,6,7,9,11,12,15,16,17,19,21,22,23>19,15,7,12,16,22,23
5,6,7,9,11,12,15,16,17,19,21,22,23>5,6,8,11,17,18,21,7,12,16,22,23
2,3,4,7,10,11,13,14,16,20,23>2,7,8,13,21,16,4,20,14
2,3,4,7,10,11,13,14,16,20,23>15,23,3,7,16,4,20,14
1,4,7,10,12,15,16,20>10,12,13,15,20,16
1,4,7,10,12,15,16,20>2,7,8,10,12,13,15,21,16
1,5,6,8,10,11,14,15,16,17,20,23>23,10,14,8,16,20,6
1,5,6,8,10,11,14,15,16,17,20,23>1,2,5,7,11,15,23,8,16,20,6
1,3,4,5,6,8,10,12,14,15,17,22>1,2,7,11,14,16,17,23,8,4,12,6
1,3,4,5,6,8,10,12,14,15,17,22>1,3,10,11,15,16,17,8,4,12,6
2,7,8,9,10,12,14,17,18,19,20,21,22>2,20,8,17,19,21,22
2,7,8,9,10,12,14,17,18,19,20,21,22>9,10,13,20,23,8,17,19,21,22
5,7,8,10,13,14,16,19,21,23>11,23,13,8,14
5,7,8,10,13,14,16,19,21,23>5,7,16,19,20,8,14
2,3,4,5,7,8,9,10,11,12,14,18>2,18,6,4,8,10,11,12
2,3,4,5,7,8,9,10,11,12,14,18>2,3,5,7,9,14,16,18,4,8,10,11,12
2,4,5,6,10,12,15,17,18,23>4,7,10,17,23,18,12,6
2,4,5,6,10,12,15,17,18,23>5,7,8,10,11,15,16,17,18,12,6
1,4,5,8,11,13,15,17,20,22,23>13,5,6,8,17,20,23
1,4,5,8,11,13,15,17,20,22,23>4,6,8,11,14,16,17,20,23
2,4,5,7,9,10,11,12,13,14,16,17,18,20,22>5,6,9,15,22,23,10,13,14,16,18
2,4,5,7,9,10,11,12,13,14,16,17,18,20,22>2,5,6,7,8,15,17,19,23,10,13,14,16,18
1,2,3,4,7,12,14,15,17,18,20,21>3,7,14,16,22,2,4,15,17,18,21
1,2,3,4,7,12,14,15,17,18,20,21>1,3,7,8,12,20,2,4,15,17,18,21
1,3,4,6,8,9,10,12,18,19,20>1,7,9,10,17,20,21,8,19,4
1,3,4,6,8,9,10,12,18,19,20>2,3,16,18,20,21,8,19,4
1,5,7,8,10,14,15,16,19>2,10,13,15,20,8,16
1,5,7,8,10,14,15,16,19>5,10,12,14,19,20,8,16
2,3,4,5,6,9,11,13,15>2,3,7,10,15,16,4,13,6
2,3,4,5,6,9,11,13,15>5,9,10,11,14,15,16,4,13,6
2,4,6,7,9,11,12,16>2,4,10,16,12,7
2,4,6,7,9,11,12,16>6,8,9,11,16,12,7
3,7,8,9,10,12,13,16,17,20,21,22,23>17,20,12,13,8,10,21,22,23
3,7,8,9,10,12,13,16,17,20,21,22,23>3,4,7,9,14,16,17,8,10,21,22,23
2,5,8,9,11,13,19,20,21,22,23>2,8,19,20,21,22,23
2,5,8,9,11,13,19,20,21,22,23>2,5,8,14,17,20,21,22,23
1,3,5,7,8,11,12,13,14,15,18,19,20,21,23>5,7,11,12,13,15,16,17,18,20,23,8,19,21,14
1,3,5,7,8,11,12,13,14,15,18,19,20,21,23>2,3,11,13,15,17,18,23,8,19,21,14
2,3,5,6,9,10,12,15,16,17,20,21,22,23>3,18,6,10,16,21,22,23
2,3,5,6,9,10,12,15,16,17,20,21,22,23>2,4,7,9,12,15,17,18,20,6,10,16,21,22,23
7,9,12,13,15,16,17,20,21>10,12,18,20,22,16,21,13
7,9,12,13,15,16,17,20,21>9,10,12,14,15,17,18,22,16,21,13
2,6,7,8,10,15,16,18,19,21>2,6,10,12,21,8,16,19,7
2,6,7,8,10,15,16,18,19,21>2,6,10,11,15,21,8,16,19,7
2,7,9,10,12,15,17,18,19,21>2,8,10,13,21,18,19,12
2,7,9,10,12,15,17,18,19,21>7,8,10,11,16,17,21,22,18,19,12
1,4,10,15,16,20,21>2,8,10,15,22,16,20,21
1,4,10,15,16,20,21>2,4,16,20,21
1,2,4,5,6,7,10,11,13,17,19,21,22>17,4,21,2,7,11,13,22
1,2,4,5,6,7,10,11,13,17,19,21,22>4,21,23,2,7,11,13,22
1,2,5,6,7,8,11,12,13,15,17,19,20,23>1,19,11,8,17,2,7
1,2,5,6,7,8,11,12,13,15,17,19,20,23>5,6,12,14,16,20,23,8,17,2,7
2,3,4,5,14,15,16,19,21,22,23>2,8,14,19,21,4,15,16,22,23
2,3,4,5,14,15,16,19,21,22,23>2,5,8,12,14,4,15,16,22,23
3,5,9,10,11,14,17,18,19,21,22>9,10,15,17,23,19,18,11,22
3,5,9,10,11,14,17,18,19,21,22>3,4,10,14,15,17,21,19,18,11,22
3,8,9,10,11,19,21,23>21,8,9,10,11
3,8,9,10,11,19,21,23>21,8,9,19,11
1,2,3,5,9,10,11,12,13,14,15,19,21,22>1,4,8,16,19,2,11,12,13,14,15,22
1,2,3,5,9,10,11,12,13,14,15,19,21,22>1,3,4,5,9,16,19,21,23,2,11,12,13,14,15,22
1,2,4,5,8,9,11,16,20>13,1,8,16,2,20
1,2,4,5,8,9,11,16,20>4,9,10,11,21,8,16,2,20
1,6,8,9,10,11,12,15,16,18,20,21,22,23>1,7,9,15,19,8,10,16,21,22,23
1,6,8,9,10,11,12,15,16,18,20,21,22,23>1,2,6,11,12,19,8,10,16,21,22,23
3,5,7,10,11,13,15,17,19,23>4,7,10,16,17,18,23,11
3,5,7,10,11,13,15,17,19,23>5,14,15,18,19,20,11
1,2,4,5,6,7,15,22,23>1,16,2,23,6,7
1,2,4,5,6,7,15,22,23>1,4,22,2,23,6,7
4,5,9,10,12,16,17,19,20,22>5,8,12,13,17,23,16
4,5,9,10,12,16,17,19,20,22>4,5,8,10,12,13,22,23,16
2,4,5,8,10,17,18,19,23>5,8,10,11,16,17,19
2,4,5,8,10,17,18,19,23>2,4,5,17,18,19
1,2,5,7,8,13,14,16,20,21,22>1,5,7,16,23,2,8,13,14,20,21,22
1,2,5,7,8,13,14,16,20,21,22>6,7,23,2,8,13,14,20,21,22
3,4,8,9,11,12,13,16,18,20,22,23>19,21,22,8,16,4,23
3,4,8,9,11,12,13,16,18,20,22,23>3,9,10,12,13,18,19,8,16,4,23
2,3,6,8,10,11,12,16,18,19,20,21>2,4,6,10,11,12,13,18,20,8,19,21
2,3,6,8,10,11,12,16,18,19,20,21>2,3,4,11,16,22,8,19,21
4,5,7,8,11,12,15,17,20,22,23>4,5,7,11,22,8,17,23
4,5,7,8,11,12,15,17,20,22,23>5,6,7,16,22,8,17,23
1,2,8,11,16,19,21,22,23>1,12,16,20,8,2,22,23
1,2,8,11,16,19,21,22,23>11,12,19,20,8,2,22,23
8,11,12,13,16,22>14,8,12,13
8,11,12,13,16,22>11,16,22,23,8,12,13
1,4,6,7,10,11,12,13,14,17,18,22,23>1,2,6,13,16,17,7,11,12,14,18,23
1,4,6,7,10,11,12,13,14,17,18,22,23>1,2,6,15,16,17,22,7,11,12,14,18,23
2,3,5,6,7,8,10,11,18,19,20,23>2,4,6,10,11,18,19,20,7
2,3,5,6,7,8,10,11,18,19,20,23>3,4,6,8,10,11,17,21,19,20,7
1,5,6,7,10,12,14,18,20>1,8,18,19,21,6,7
1,5,6,7,10,12,14,18,20>2,5,10,12,14,15,18,19,20,21,6,7
1,2,3,8,9,11,12,14,17,19,21,22,23>21,14,2,8,12,22,23
1,2,3,8,9,11,12,14,17,19,21,22,23>3,4,9,11,14,19,2,8,12,22,23
3,6,7,10,11,12,13,14,15,22>3,8,16,7,11,12,13,14,15
3,6,7,10,11,12,13,14,15,22>4,6,10,16,22,23,7,11,12,13,14,15
3,4,5,6,8,9,12,13,15,19,20,21,22>6,7,16,17,19,23,4,8,13,21,22
3,4,5,6,8,9,12,13,15,19,20,21,22>3,6,12,17,23,4,8,13,21,22
1,2,7,8,10,14,15,16,18,19,20,21>1,13,14,15,18,2,8,16,19,20,21
1,2,7,8,10,14,15,16,18,19,20,21>7,14,15,18,22,2,8,16,19,20,21
1,3,4,8,10,13,14,16,20,21>3,10,13,4,8,14,16,20,21
1,3,4,8,10,13,14,16,20,21>1,2,3,10,22,4,8,14,16,20,21
2,3,5,7,8,15,16,17,18,20,21,22,23>17,19,6,15,8,16,20,21,22,23
2,3,5,7,8,15,16,17,18,20,21,22,23>18,3,6,15,8,16,20,21,22,23
1,2,3,7,8,10,12,14,17,19,20,21,22>1,3,14,19,20,23,2,8,17,21,22
1,2,3,7,8,10,12,14,17,19,20,21,22>1,4,7,12,14,19,2,8,17,21,22
1,4,6,7,9,12,14,16,19,21,22,23>15,1,7,12,16,22,23
1,4,6,7,9,12,14,16,19,21,22,23>15,2,8,9,7,12,16,22,23
4,5,7,8,14,17,18,23>4,5,7,14,17,23
4,5,7,8,14,17,18,23>4,19,6
1,2,5,8,9,11,16,17,18,19,20,21,22,23>5,18,2,8,19,20,21,22,23
1,2,5,8,9,11,16,17,18,19,20,21,22,23>9,16,17,2,8,19,20,21,22,23
1,4,5,6,8,9,14,15,17,21,22>1,5,7,9,10,15,16,21,6,22
1,4,5,6,8,9,14,15,17,21,22>2,5,8,10,14,15,16,21,23,6,22
1,2,6,9,11,15,17,19,20,21>1,7,15,16,19,22,17,2,20,21
1,2,6,9,11,15,17,19,20,21>6,7,9,15,16,19,17,2,20,21
4,6,7,8,10,13,14,18,19,20,23>6,23,10,17,19,20,14,7
4,6,7,8,10,13,14,18,19,20,23>4,8,13,21,19,20,14,7
2,3,6,7,9,11,12,16,18,19,20>2,8,9,11,12,13,16,18,19,7
2,3,6,7,9,11,12,16,18,19,20>3,4,6,11,13,18,20,21,19,7
2,4,6,7,12,14,15,16,20,21,22,23>2,4,12,14,20,7,15,16,21,22,23
2,4,6,7,12,14,15,16,20,21,22,23>2,6,14,7,15,16,21,22,23
1,2,3,5,6,7,8,11,12,14,16,17,20,21>14,1,4,13,2,6,7,8,21
1,2,3,5,6,7,8,11,12,14,16,17,20,21>3,4,5,11,14,16,22,2,6,7,8,21
2,5,6,8,11,13,15,16,20,23>21,23,11,13,8,16,20,6
2,5,6,8,11,13,15,16,20,23>21,2,11,14,8,16,20,6
3,7,13,17,18,21,22,23>3,7,13,19,21,18,22,23
3,7,13,17,18,21,22,23>3,7,14,18,22,23
1,2,5,10,11,12,13,14,16,18,19,21>8,10,15,16,18,22,2,11,12,13,14,19
1,2,5,10,11,12,13,14,16,18,19,21>1,8,10,15,22,2,11,12,13,14,19
1,4,5,6,8,9,11,13,14,16,19,20,21>1,22,5,9,8,13,14,16,20,21
1,4,5,6,8,9,11,13,14,16,19,20,21>1,2,4,7,9,11,19,8,13,14,16,20,21
3,4,6,8,9,11,13,15,18,19,21,23>6,8,14,15,16,22,19,4
3,4,6,8,9,11,13,15,18,19,21,23>3,6,8,9,11,16,22,23,19,4
3,7,12,13,14,15,16,19,23>3,13,19,16,12,14,15
3,7,12,13,14,15,16,19,23>7,23,16,12,14,15
5,6,9,10,12,15,16,17,18>7,13,15,17,19,6,10,12,16,18
5,6,9,10,12,15,16,17,18>17,8,13,6,10,12,16,18
1,3,4,7,14,17,18,20,21,22,23>15,4,17,18,20,21,22,23
1,3,4,7,14,17,18,20,21,22,23>19,1,2,16,4,17,18,20,21,22,23
3,8,11,12,13,16,17,18,20,22,23>3,11,12,13,17,21,8,23
3,8,11,12,13,16,17,18,20,22,23>3,4,11,13,14,16,18,8,23
1,2,4,6,8,10,11,13,14,16,18,20,22,23>1,22,7,13,2,8,14,16,20,23
1,2,4,6,8,10,11,13,14,16,18,20,22,23>21,6,7,10,2,8,14,16,20,23
1,2,5,8,10,12,13,14,18,19,21,22>18,21,23,2,8,12,13,14,19,22
1,2,5,8,10,12,13,14,18,19,21,22>5,10,18,21,2,8,12,13,14,19,22
5,6,11,12,13,14,15,16,17,20,21,22>20,11,12,18,6,13,14,15,16,21,22
5,6,11,12,13,14,15,16,17,20,21,22>20,7,12,6,13,14,15,16,21,22
1,4,6,8,12,13,14,16,19,20,22,23>6,7,13,19,22,8,16,14,23
1,4,6,8,12,13,14,16,19,20,22,23>1,2,4,12,20,8,16,14,23
1,2,7,10,12,14,15,16,17,18,19,20,23>7,12,17,20,21,23,2,15,16,18,19
1,2,7,10,12,14,15,16,17,18,19,20,23>1,8,10,12,14,17,20,23,2,15,16,18,19
1,2,3,5,6,7,11,14,15,18,22>19,22,5,13,2,15,6,7
1,2,3,5,6,7,11,14,15,18,22>1,3,4,5,11,16,18,19,22,2,15,6,7
1,3,4,5,8,10,11,14,18,20>1,2,10,11,14,16,17,21,4,20
1,3,4,5,8,10,11,14,18,20>2,3,6,8,10,13,16,21,4,20
1,2,3,5,6,8,10,11,12,13,14,15,16,19,23>1,5,6,7,10,23,2,8,11,12,14,16
1,2,3,5,6,8,10,11,12,13,14,15,16,19,23>4,6,7,13,23,2,8,11,12,14,16
1,2,4,6,7,9,10,13,15,16,17,20,22,23>1,4,8,9,13,15,18,21,22,2,7,10,16,20,23
1,2,4,6,7,9,10,13,15,16,17,20,22,23>6,2,7,10,16,20,23
1,3,6,7,9,13,14,16,20,22,23>1,2,4,20,23,14,7
1,3,6,7,9,13,14,16,20,22,23>1,3,8,10,13,22,20,23,14,7
1,4,7,14,15,16,17,21,22>8,13,14,17,21,23,16,22,15
1,4,7,14,15,16,17,21,22>2,21,8,13,16,22,15
2,3,4,6,7,8,9,10,11,13,14,19,22,23>2,3,8,10,20,4,7,11,14,23
2,3,4,6,7,8,9,10,11,13,14,19,22,23>22,19,6,9,4,7,11,14,23
2,6,7,9,10,14,17,18,20,21,22>2,6,15,19,23,7,10,17,18,20,21,22
2,6,7,9,10,14,17,18,20,21,22>6,9,13,14,15,19,7,10,17,18,20,21,22
7,8,10,13,15,17,19,22>7,11,14,17,19,22,23,13
7,8,10,13,15,17,19,22>8,10,11,14,15,16,17,22,13
1,2,4,8,11,12,13,14,17,18,21>1,18,19,2,8,12,13,14
1,2,4,8,11,12,13,14,17,18,21>11,16,17,2,8,12,13,14
3,4,6,10,11,13,14,16,17,19,21,23>15,20,22,13,16,11,4,14
3,4,6,10,11,13,14,16,17,19,21,23>6,7,10,13,18,16,11,4,14
5,6,7,9,10,13,14,15,17,18,19,20,23>5,6,16,21,7,14,15,17,18,19,20
5,6,7,9,10,13,14,15,17,18,19,20,23>5,9,10,21,23,7,14,15,17,18,19,20
5,8,9,11,17,18,19>20,17,19
5,8,9,11,17,18,19>20,8,9,11,19
2,3,4,5,9,12,13,16,17,19,20,21>8,9,12,14,17,16,21,4,13
2,3,4,5,9,12,13,16,17,19,20,21>2,5,12,17,18,19,22,16,21,4,13
1,3,4,7,13,14,16,17,18,20,21,22>23,3,8,15,4,13,14,16,18,20,21,22
1,3,4,7,13,14,16,17,18,20,21,22>19,1,3,23,4,13,14,16,18,20,21,22
1,4,5,12,14,15,16,19,21,22,23>1,5,12,15,16,22,23
1,4,5,12,14,15,16,19,21,22,23>1,2,12,15,16,22,23
1,2,3,4,6,7,10,14,18,19,20,22,23>1,3,10,15,18,22,2,4,7,19,20,23
1,2,3,4,6,7,10,14,18,19,20,22,23>3,6,14,16,17,22,2,4,7,19,20,23
1,4,6,7,15,16,18,22,23>18,1,6,19,16,23,7
1,4,6,7,15,16,18,22,23>1,4,6,15,22,16,23,7
4,6,10,13,15,18>4,6,19,14
4,6,10,13,15,18>6,7,11,14,18
1,2,3,4,5,6,7,8,9,12,17>3,5,9,16,17,2,4,6,7,8,12
1,2,3,4,5,6,7,8,9,12,17>1,3,5,16,17,2,4,6,7,8,12
1,4,5,8,11,12,13,14,15,20>1,2,6,12,16,8,13,14
1,4,5,8,11,12,13,14,15,20>1,2,5,6,15,20,8,13,14
2,3,4,5,7,8,9,11,17,18,21,22>2,6,10,11,13,16,21,23,4,22
2,3,4,5,7,8,9,11,17,18,21,22>3,7,9,10,13,17,18,4,22
1,2,5,7,8,11,13,15,16,17,19,21,23>20,11,14,8,16,2
1,2,5,7,8,11,13,15,16,17,19,21,23>1,12,13,14,19,22,8,16,2
1,4,5,8,10,12,14,15,16,18,20,21,23>1,2,10,15,19,20,23,8,16,21
1,4,5,8,10,12,14,15,16,18,20,21,23>4,5,6,12,14,22,8,16,21
4,5,9,15,16,17,19,21>5,9,12,15,18,22,16
4,5,9,15,16,17,19,21>4,5,15,17,19,20,22,16
1,5,6,7,8,9,10,11,12,14,15,17,19,22,23>22,9,14,7,8,11,12,23
1,5,6,7,8,9,10,11,12,14,15,17,19,22,23>1,6,9,7,8,11,12,23
1,4,5,8,9,10,12,14,15,19,20,22>4,9,10,12,14,15,16,17,19,21,22,8
1,4,5,8,9,10,12,14,15,19,20,22>4,5,9,10,12,13,20,22,8
1,3,9,10,14,16,18,19,21>1,3,8,12,18,22,19
1,3,9,10,14,16,18,19,21>2,3,4,10,12,14,16,20,22,19
1,2,3,4,6,9,10,11,12,16,17,18,19,20,23>1,3,10,11,17,21,23,2,4,16,18,19
1,2,3,4,6,9,10,11,12,16,17,18,19,20,23>1,6,9,11,17,21,23,2,4,16,18,19
4,5,6,8,11,12,13,15,18,21>4,14,15,19,22,8,12,13,6
4,5,6,8,11,12,13,15,18,21>7,11,15,16,18,8,12,13,6
2,4,5,7,10,13,14,16,20,22>4,5,6,8,10,16,20,13,14
2,4,5,7,10,13,14,16,20,22>2,4,5,8,10,22,16,20,13,14
2,3,5,8,10,11,12,13,16,17,18,23>2,3,6,10,14,16,17,23,8,11,12
2,3,5,8,10,11,12,13,16,17,18,23>14,3,4,13,8,11,12
1,2,3,4,8,12,15,16,18,19,20,21,22,23>1,15,2,4,8,16,19,21,22,23
1,2,3,4,8,12,15,16,18,19,20,21,22,23>12,15,2,4,8,16,19,21,22,23
3,4,6,7,10,11,12,13,15,16,19,21,22>21,10,15,19,4,7,11,12,13,16,22
3,4,6,7,10,11,12,13,15,16,19,21,22>6,14,19,4,7,11,12,13,16,22
4,5,6,7,12,13,18,19,21,22,23>21,13,16,7,12,19,22,23
4,5,6,7,12,13,18,19,21,22,23>4,21,16,7,12,19,22,23
1,4,5,7,8,9,12,16,17,18,19,20,22>1,4,5,7,12,17,21,23,8,16,19
1,4,5,7,8,9,12,16,17,18,19,20,22>2,4,9,12,17,18,21,23,8,16,19
4,6,7,8,10,12,13,16,17,20,21,23>4,12,13,17,20,22,23,8,16,21,7
4,6,7,8,10,12,13,16,17,20,21,23>4,6,10,12,13,14,23,8,16,21,7
3,4,6,7,8,10,13,15,16,17,18,19,20,23>3,13,14,15,17,21,23,4,7,8,16,19,20
3,4,6,7,8,10,13,15,16,17,18,19,20,23>3,6,10,13,21,4,7,8,16,19,20
2,3,4,6,7,8,12,13,15,22,23>2,13,14,16,4,7,8,12,23
2,3,4,6,7,8,12,13,15,22,23>22,2,3,13,4,7,8,12,23
1,2,4,6,11,13,14,15,16,17,19,20,22,23>1,4,11,13,17,18,19,21,22,2,14,15,16,20,23
1,2,4,6,11,13,14,15,16,17,19,20,22,23>17,18,6,13,2,14,15,16,20,23
1,2,5,6,8,9,11,16,18,19,20,22>22,7,11,8,2,19,20
1,2,5,6,8,9,11,16,18,19,20,22>6,7,16,18,21,8,2,19,20
2,3,4,5,10,11,12,14,17,18,19,21,23>3,10,14,16,17,22,4,11,12,18,19
2,3,4,5,10,11,12,14,17,18,19,21,23>3,5,16,21,23,4,11,12,18,19
2,4,11,12,17,18,19,21,22>21,23,13,17,18,19,12,22
2,4,11,12,17,18,19,21,22>4,8,11,13,16,18,19,12,22
1,9,11,13,14,15,16,18,19,20,22,23>1,2,11,13,18,21,14,15,16,19,20,23
1,9,11,13,14,15,16,18,19,20,22,23>21,22,8,14,15,16,19,20,23
1,2,4,5,6,8,12,14,15,17,18,19,21,23>6,14,16,21,23,8,2,19,12
1,2,4,5,6,8,12,14,15,17,18,19,21,23>1,4,18,6,8,2,19,12
1,2,3,4,7,10,11,14,15,16,17,18,20,21,23>1,3,8,10,23,2,4,15,16,18,20,21
1,2,3,4,7,10,11,14,15,16,17,18,20,21,23>1,3,7,11,19,22,23,2,4,15,16,18,20,21
2,4,6,8,9,11,12,13,15,18,19,21,22>2,6,7,9,11,14,15,16,18,23,8,12,13,19,22
2,4,6,8,9,11,12,13,15,18,19,21,22>15,16,4,6,8,12,13,19,22
5,6,9,10,11,12,14,15,16,20,21,22>7,8,9,12,14,6,10,15,16,21,22
5,6,9,10,11,12,14,15,16,20,21,22>5,7,8,11,12,14,20,23,6,10,15,16,21,22
1,4,5,6,7,10,12,15,16,17,21,22>1,2,5,17,21,6,7,12,16,22
1,4,5,6,7,10,12,15,16,17,21,22>4,5,10,13,15,17,18,23,6,7,12,16,22
2,3,5,6,7,10,12,16,17,19>2,10,11,13,16,17,12,7
2,3,5,6,7,10,12,16,17,19>2,3,13,12,7
1,3,4,8,9,13,14,15,17,19,20,22,23>19,21,13,15,4,14,17,20,23
1,3,4,8,9,13,14,15,17,19,20,22,23>2,3,15,16,22,4,14,17,20,23
2,5,6,9,10,12,14,20,21,22>17,20,9,10,21,6,22
2,5,6,9,10,12,14,20,21,22>5,7,23,12,10,21,6,22
3,4,5,6,7,8,11,14,16,18,19,20,22>5,6,11,18,21,22,23,4,7,8,16,19,20
3,4,5,6,7,8,11,14,16,18,19,20,22>3,5,6,11,13,21,22,23,4,7,8,16,19,20
1,12,13,15,16,17,18,20,22>2,12,14,21,22,16,18,13
1,12,13,15,16,17,18,20,22>1,2,15,19,22,16,18,13
1,4,5,6,9,11,15,16,18,20,21,23>10,5,19,8,16,20,21,6
1,4,5,6,9,11,15,16,18,20,21,23>1,2,8,10,11,22,23,16,20,21,6
4,5,6,7,12,13,16,17,18,19,20,21,22>4,8,12,7,13,16,18,19,21,22
4,5,6,7,12,13,16,17,18,19,20,21,22>4,5,6,12,14,17,7,13,16,18,19,21,22
1,2,4,5,9,10,13,14,16,17,18,20,22>1,22,9,2,10,13,14,16,18,20
1,2,4,5,9,10,13,14,16,17,18,20,22>19,5,8,15,2,10,13,14,16,18,20
1,2,4,6,8,12,15,17,19,21,23>19,21,8,2,12
1,2,4,6,8,12,15,17,19,21,23>1,15,21,22,23,8,2,12
1,2,3,4,5,7,10,13,16,19,20>3,7,10,14,21,2,4,13,16,20
1,2,3,4,5,7,10,13,16,19,20>19,1,5,14,2,4,13,16,20
2,4,6,7,9,13,15,17,18,19,20,21,22,23>15,7,17,18,19,20,21,22,23
2,4,6,7,9,13,15,17,18,19,20,21,22,23>2,4,7,17,18,19,20,21,22,23
1,2,3,6,7,10,12,13,15,18,19,21,23>1,3,6,10,14,16,18,21,2,19,12,7
1,2,3,6,7,10,12,13,15,18,19,21,23>4,11,13,14,18,21,23,2,19,12,7
1,4,6,8,9,11,12,14,15,18,22>1,2,7,9,13,14,18,19,23,8,12
1,4,6,8,9,11,12,14,15,18,22>1,4,6,7,11,13,14,18,23,8,12
1,2,4,8,9,10,11,15,18,20>8,11,16,17,18,19,2,10,20
1,2,4,8,9,10,11,15,18,20>8,9,11,15,16,21,2,10,20
1,2,3,4,6,8,9,12,13,15,19,20,21,22,23>14,17,6,7,2,4,8,21,22,23
1,2,3,4,6,8,9,12,13,15,19,20,21,22,23>3,6,7,9,15,16,2,4,8,21,22,23
1,5,7,10,11,13,16,17,20,22>1,11,14,17,22,20,13
1,5,7,10,11,13,16,17,20,22>1,6,8,11,14,16,18,21,22,23,20,13
1,4,6,7,8,10,13,15>10,11,14,15,16,13,7
1,4,6,7,8,10,13,15>1,8,11,15,16,13,7
1,3,5,10,12,15,16,17,23>3,5,6,10,15,17,18,23,16,12
1,3,5,10,12,15,16,17,23>1,2,3,4,6,8,15,17,18,16,12
2,6,7,8,11,12,16,17,18,20,21>2,12,13,18,19,20,22,8,21,7
2,6,7,8,11,12,16,17,18,20,21>6,12,17,18,19,20,8,21,7
3,4,5,7,8,9,10,11,12,13,20,21,23>6,14,20,22,23,8,10,4,21
3,4,5,7,8,9,10,11,12,13,20,21,23>13,3,6,8,10,4,21
5,6,7,16,17,18,19,20,21,23>8,17,22,23,7,18,19,20,21
5,6,7,16,17,18,19,20,21,23>5,8,17,7,18,19,20,21
2,4,5,6,9,10,11,12,14,16,20,21,22,23>2,11,12,15,20,6,10,16,21,22,23
2,4,5,6,9,10,11,12,14,16,20,21,22,23>2,4,5,9,12,14,20,6,10,16,21,22,23
3,7,9,10,12,13,14,16,18,19,20,21,22,23>3,9,10,12,13,15,20,14,19,21,22,23
3,7,9,10,12,13,14,16,18,19,20,21,22,23>3,4,9,12,16,20,14,19,21,22,23
4,5,6,7,8,10,11,13,20,21,23>8,10,13,14,20,21,6,7
4,5,6,7,8,10,11,13,20,21,23>5,8,11,16,17,20,21,6,7
1,3,4,6,7,12,13,15,18,20,22,23>3,12,14,15,16,18,19,21,22,4,23,7
1,3,4,6,7,12,13,15,18,20,22,23>1,3,8,15,17,4,23,7
1,2,5,6,7,9,11,12,13,14,16,18,21,22,23>5,13,2,6,7,12,14,22,23
1,2,5,6,7,9,11,12,13,14,16,18,21,22,23>1,8,11,18,19,21,2,6,7,12,14,22,23
1,4,8,9,10,11,12,13,15,17,19,21,22,23>1,4,9,13,14,15,16,19,8,11,12,22,23
1,4,8,9,10,11,12,13,15,17,19,21,22,23>2,4,14,16,21,8,11,12,22,23
2,5,9,11,12,13,15,16,17>5,14,15,17,18,16,12,13
2,5,9,11,12,13,15,16,17>6,8,10,11,14,17,16,12,13
1,2,3,4,5,6,7,8,10,11,14,17,21,22>1,3,10,17,21,23,2,4,6,7,11,22
1,2,3,4,5,6,7,8,10,11,14,17,21,22>1,5,14,16,17,21,23,2,4,6,7,11,22
3,8,15,16,19,21>15,8,16
3,8,15,16,19,21>4,12,21,8,16
2,4,5,6,7,8,9,11,12,13,14,15,16,17,19,22>4,5,6,9,11,15,22,23,7,8,12,13,14,16
2,4,5,6,7,8,9,11,12,13,14,15,16,17,19,22>2,4,5,9,11,15,19,7,8,12,13,14,16
2,3,4,5,6,7,10,13,19>16,19,3,6,4,13,7
2,3,4,5,6,7,10,13,19>19,3,5,6,4,13,7
1,2,3,4,6,7,8,10,11,12,14,16,17,18,21,22>1,3,10,13,14,18,19,23,2,4,7,8,11,12,16,22
1,2,3,4,6,7,8,10,11,12,14,16,17,18,21,22>3,6,10,13,14,18,19,23,2,4,7,8,11,12,16,22
1,3,6,7,8,11,12,13,16,18,20,21,22,23>2,4,11,12,13,14,19,7,8,21,22,23
1,3,6,7,8,11,12,13,16,18,20,21,22,23>1,2,3,4,12,14,16,18,19,7,8,21,22,23
1,3,4,6,9,10,14,15,16,17,19,22>2,8,9,12,18,19,20,22,16,4,15
1,3,4,6,9,10,14,15,16,17,19,22>1,3,7,8,10,18,19,22,16,4,15
2,4,6,7,11,17,18,19,20,21>2,13,16,22,7,17,18,19,20,21
2,4,6,7,11,17,18,19,20,21>2,6,13,22,7,17,18,19,20,21
5,7,9,11,13,14,16,18,19,20,21>18,5,15,16,13,14,19,20,21
5,7,9,11,13,14,16,18,19,20,21>18,5,7,15,13,14,19,20,21
1,5,9,11,14,17,20,21,22,23>1,5,6,9,14,18,17,20,21,22,23
1,5,9,11,14,17,20,21,22,23>1,2,5,10,14,15,18,17,20,21,22,23
1,5,9,12,13,15,17,18,20,21,22,23>1,5,12,13,14,15,16,20,17,18,21,22,23
1,5,9,12,13,15,17,18,20,21,22,23>1,2,5,6,8,9,10,12,13,16,20,17,18,21,22,23
1,5,6,8,9,12,15,19,20,22>7,13,15,17,20,21,23,8
1,5,6,8,9,12,15,19,20,22>1,6,7,9,12,16,20,21,8
5,6,10,11,13,16,17,18,19,21,22,23>7,10,12,14,16,17,21,11,18,19,22,23
5,6,10,11,13,16,17,18,19,21,22,23>5,6,7,10,12,14,16,17,11,18,19,22,23
3,6,8,9,10,12,13,14,15,17,19,22,23>3,7,10,13,15,16,17,8,12,14,23
3,6,8,9,10,12,13,14,15,17,19,22,23>3,6,9,10,11,15,16,17,19,8,12,14,23
5,10,14,15,16,18,19,20,21,22>14,18,23,15,16,19,20,21,22
5,10,14,15,16,18,19,20,21,22>8,10,14,15,16,19,20,21,22
2,5,7,9,10,11,12,14,15,16,18,19,21>18,21,22,9,11,12,15,16,19
2,5,7,9,10,11,12,14,15,16,18,19,21>5,7,8,10,13,21,11,12,15,16,19
2,6,10,11,12,13,14,15,16,17,18,19,22,23>22,6,8,13,11,12,14,15,16,18,19,23
2,6,10,11,12,13,14,15,16,17,18,19,22,23>2,6,7,10,13,17,11,12,14,15,16,18,19,23
1,2,4,5,8,9,10,12,13,16,17,18,19,21>10,11,2,8,12,13,16,19
1,2,4,5,8,9,10,12,13,16,17,18,19,21>1,4,5,14,18,21,22,2,8,12,13,16,19
2,3,4,6,7,8,9,11,13,14,15,16,17,20>17,2,9,11,4,7,8,13,14,16,20
2,3,4,6,7,8,9,11,13,14,15,16,17,20>2,6,11,4,7,8,13,14,16,20
4,5,7,13,14,15,17,19,20,23>7,13,16,18,21,17,20,14,15
4,5,7,13,14,15,17,19,20,23>4,7,13,18,19,23,17,20,14,15
4,6,9,10,13,14,16,18,20,21,23>4,6,8,9,13,15,18,10,14,16,20,21
4,6,9,10,13,14,16,18,20,21,23>4,6,7,19,10,14,16,20,21
3,8,9,10,11,14,16,17,18,21,22,23>19,21,12,17,8,10,11,22,23
3,8,9,10,11,14,16,17,18,21,22,23>4,21,12,17,8,10,11,22,23
1,5,7,8,11,12,19,20,21,23>20,23,8,21
1,5,7,8,11,12,19,20,21,23>1,2,19,20,22,8,21
1,3,5,7,8,9,10,11,15,16,18,19,22>4,7,9,10,13,15,22,23,8,16,11,19
1,3,5,7,8,9,10,11,15,16,18,19,22>1,2,4,5,7,9,10,12,18,20,22,23,8,16,11,19
1,2,4,5,7,9,11,12,14,15,18,19,21,22>4,7,8,11,14,18,21,23,2,12,15,19,22
1,2,4,5,7,9,11,12,14,15,18,19,21,22>1,5,8,9,11,14,16,23,2,12,15,19,22
1,3,4,7,9,10,12,15,16>1,3,7,16,10,4,12
1,3,4,7,9,10,12,15,16>1,2,3,11,13,15,16,10,4,12
1,2,4,6,7,10,14,16,17,20,21,22,23>1,4,8,14,17,18,2,7,16,20,21,22,23
1,2,4,6,7,10,14,16,17,20,21,22,23>17,4,6,2,7,16,20,21,22,23
1,4,5,7,8,12,15,17,19,21,23>1,2,7,15,17,22,8,12
1,4,5,7,8,12,15,17,19,21,23>2,4,15,19,21,22,23,8,12
2,6,7,8,9,11,12,14,15,16,17,18,21>13,14,15,18,22,8,16,12,7
2,6,7,8,9,11,12,14,15,16,17,18,21>6,9,10,11,13,17,18,22,8,16,12,7
3,7,8,9,11,13,14,15,16,17,18,20,23>9,21,13,8,16,20,14
3,7,8,9,11,13,14,15,16,17,18,20,23>3,13,15,17,21,23,8,16,20,14
1,2,3,6,8,11,14>1,3,8,14,2
1,2,3,6,8,11,14>3,4,7,8,2
1,2,3,4,5,6,8,14,18,19,21>1,3,7,8,16,20,2,19,4
1,2,3,4,5,6,8,14,18,19,21>1,3,6,7,8,13,14,21,2,19,4
1,2,3,4,5,7,10,12,16,19,22>1,8,10,11,19,22,23,16,2,4,12
1,2,3,4,5,7,10,12,16,19,22>1,3,5,7,8,10,13,19,22,16,2,4,12
2,5,6,7,11,16,17,18,19,22,23>2,5,8,18,19,23,7
2,5,6,7,11,16,17,18,19,22,23>6,11,12,16,18,19,23,7
5,7,10,13,14,20,21>5,7,22,21,20,13,14
5,7,10,13,14,20,21>5,7,10,15,21,20,13,14
3,5,7,9,10,11,13,16,20,21,23>4,5,6,8,9,11,14,22,23,10,20,21
3,5,7,9,10,11,13,16,20,21,23>3,4,5,13,14,16,22,23,10,20,21
3,4,6,11,14,15,17,19,20,21,22>7,13,14,16,19,23,4,15,17,20,21,22
3,4,6,11,14,15,17,19,20,21,22>3,7,13,16,4,15,17,20,21,22
5,8,9,10,12,13,15,16,18,19,20>20,5,12,8,16,19,13
5,8,9,10,12,13,15,16,18,19,20>5,10,12,15,8,16,19,13
2,3,5,8,9,10,11,12,14,17,19,20,21>4,5,10,11,12,13,14,19,20,22,8,17,21
2,3,5,8,9,10,11,12,14,17,19,20,21>3,4,10,13,20,8,17,21
2,4,5,6,8,12,13,15,19,21,22>2,4,6,7,14,15,19,21,8,12,13,22
2,4,5,6,8,12,13,15,19,21,22>4,5,6,14,15,16,19,23,8,12,13,22
4,5,6,8,12,13,15,16,17,18,20,22>5,14,17,20,22,8,16,13,6
4,5,6,8,12,13,15,16,17,18,20,22>4,7,15,17,18,19,22,8,16,13,6
3,4,5,6,9,11,12,16,17,20,22,23>5,9,10,12,17,18,20,16,4,6,23
3,4,5,6,9,11,12,16,17,20,22,23>3,7,12,17,21,16,4,6,23
5,6,8,9,10,11,12,13,15,16,17,22,23>5,6,8,10,11,12,16,23
5,6,8,9,10,11,12,13,15,16,17,22,23>22,7,15,6,8,10,11,12,16,23
2,3,4,6,7,8,9,11,13,14,15,17,21,23>2,6,8,9,10,11,23,4,14,7
2,3,4,6,7,8,9,11,13,14,15,17,21,23>2,6,8,13,15,17,22,4,14,7
1,2,4,6,8,9,16,19,21>19,4,7,12,8,16,2
1,2,4,6,8,9,16,19,21>22,4,6,8,16,2
3,4,5,6,7,8,9,10,11,12,14,19,23>5,9,10,16,19,23,4,7,8,11,12
3,4,5,6,7,8,9,10,11,12,14,19,23>6,10,4,7,8,11,12
1,2,3,4,5,12,14,15,18,19,21,22,23>3,8,14,16,2,4,12,15,19,22,23
1,2,3,4,5,12,14,15,18,19,21,22,23>1,3,18,2,4,12,15,19,22,23
3,4,6,7,8,9,10,13,16,19,20,23>3,13,14,4,7,8,16,20
3,4,6,7,8,9,10,13,16,19,20,23>23,6,10,4,7,8,16,20
1,3,7,8,9,11,13,19,20,21,22,23>8,11,13,14,19,20,21,22,23
1,3,7,8,9,11,13,19,20,21,22,23>2,3,8,9,11,13,14,20,21,22,23
1,2,3,11,12,13,16,19,20,23>8,11,13,14,16,21,23,2
1,2,3,11,12,13,16,19,20,23>1,3,4,8,11,12,13,14,23,2
1,3,4,5,6,7,9,12,14,16,17,18,19,22>2,6,8,13,15,23,4,7,12,16,18,19
1,3,4,5,6,7,9,12,14,16,17,18,19,22>1,3,8,13,14,17,4,7,12,16,18,19
1,4,5,6,7,12,14,16,18,20,23>15,18,5,14,16,6,7
1,4,5,6,7,12,14,16,18,20,23>1,2,4,5,8,12,21,16,6,7
3,4,5,7,8,9,10,13,15,16,17,18,22>9,11,14,17,18,19,4,8,10,13,16
3,4,5,7,8,9,10,13,15,16,17,18,22>3,5,6,9,14,19,22,4,8,10,13,16
1,2,5,7,8,9,11,17,19,21>9,13,19,20,21,2
1,2,5,7,8,9,11,17,19,21>9,11,13,17,20,21,2
1,2,9,10,13,14,15,19,23>9,10,16,19,23,2,14,15
1,2,9,10,13,14,15,19,23>1,9,10,11,13,16,23,2,14,15
4,6,11,15,16,17,18,21,22,23>4,8,11,15,19,16,18,22,23
4,6,11,15,16,17,18,21,22,23>4,6,8,15,17,16,18,22,23
1,4,5,6,11,12,13,17,20,22,23>1,11,13,14,20,21,22,17,6,23
1,4,5,6,11,12,13,17,20,22,23>1,4,5,7,8,11,12,13,14,16,20,21,17,6,23
1,4,8,9,10,12,15,16,17,18,19,20,21>4,9,12,18,20,8,16,19,21
1,4,8,9,10,12,15,16,17,18,19,20,21>1,4,9,12,17,20,22,8,16,19,21
2,4,7,9,11,12,15,18,19>2,4,7,9,16,18,19,12
2,4,7,9,11,12,15,18,19>2,4,7,9,11,13,19,12
1,3,5,6,11,13,15,18,21,22,23>1,4,7,13,18,19,23,6,22
1,3,5,6,11,13,15,18,21,22,23>2,4,5,13,15,21,23,6,22
3,5,6,8,11,13,16,18,19,20,23>3,6,7,14,16,18,21,23,8,19,20
3,5,6,8,11,13,16,18,19,20,23>4,13,14,16,21,23,8,19,20
1,2,3,6,8,10,12,13,14,18,19,21>21,3,6,10,2,8,12,13,14,19
1,2,3,6,8,10,12,13,14,18,19,21>18,4,11,2,8,12,13,14,19
1,7,9,14,15,18,23>7,14,16,19,23,15
1,7,9,14,15,18,23>23,7,10,16,15
2,4,5,7,8,9,11,12,14,15,16,17,21>4,5,7,10,11,13,14,15,8,16,12
2,4,5,7,8,9,11,12,14,15,16,17,21>2,4,5,7,10,11,14,17,22,8,16,12
2,3,7,8,10,13,15,21,22>2,3,8,21,23,13,22
2,3,7,8,10,13,15,21,22>15,16,4,13,22
2,3,4,8,10,12,14,15,19,20,22,23>19,12,15,8,4,23
2,3,4,8,10,12,14,15,19,20,22,23>3,15,16,17,20,8,4,23
4,5,6,9,15,16,17,18,20,21>17,22,6,16,18,20,21
4,5,6,9,15,16,17,18,20,21>17,5,7,9,6,16,18,20,21
5,7,8,10,12,13,14,16,17,18,20,22,23>10,12,13,16,17,20,21,22,8,14,23
5,7,8,10,12,13,14,16,17,18,20,22,23>7,17,18,19,20,8,14,23
3,4,5,8,10,11,12,14,15,20,22,23>3,12,17,20,21,8,4,23
3,4,5,8,10,11,12,14,15,20,22,23>3,6,14,15,20,21,22,8,4,23
6,7,9,11,13,14,17,23>11,13,15,14,7
6,7,9,11,13,14,17,23>9,10,13,17,14,7
1,4,6,10,11,12,13,18,20,21>2,6,7,8,11,14,16,22,21,13
1,4,6,10,11,12,13,18,20,21>2,4,6,7,10,16,17,19,20,21,13
3,4,6,9,10,11,12,13,14,17,18,21>3,16,4,10,11,12,13,14,18
3,4,6,9,10,11,12,13,14,17,18,21>3,6,7,9,17,21,22,4,10,11,12,13,14,18
1,3,6,9,10,11,15,17,20,22>6,9,11,15,18,17,10,20
1,3,6,9,10,11,15,17,20,22>1,6,7,11,15,16,21,22,17,10,20
1,3,4,7,12,13,15,16,18,19,21,22>18,1,4,12,13,16,19,22
1,3,4,7,12,13,15,16,18,19,21,22>23,3,7,14,4,12,13,16,19,22
1,8,9,10,14,15,19,22,23>9,10,14,15,16,23
1,8,9,10,14,15,19,22,23>15,2,19,11,23
1,2,5,9,10,11,13,14,16,18,19,21,22>1,18,12,15,2,11,13,14,19,22
1,2,5,9,10,11,13,14,16,18,19,21,22>5,12,15,16,18,21,23,2,11,13,14,19,22
1,3,5,6,9,10,11,12,14,15,17,19,21>2,5,8,9,19,11,12,15
1,3,5,6,9,10,11,12,14,15,17,19,21>2,5,6,13,17,18,19,21,11,12,15
2,10,11,13,15,16,17,20,21>11,14,15,17,18,22,16,21,20,13
2,10,11,13,15,16,17,20,21>8,10,14,15,18,16,21,20,13
1,2,3,4,6,7,8,11,12,14,17,18,19,20,22>13,14,16,20,21,22,23,2,4,7,8,17,19
1,2,3,4,6,7,8,11,12,14,17,18,19,20,22>1,6,12,18,21,23,2,4,7,8,17,19
1,2,4,6,7,8,10,11,13,14,17,19,22,23>6,8,10,16,20,2,7,11,14,23
1,2,4,6,7,8,10,11,13,14,17,19,22,23>1,6,8,17,22,2,7,11,14,23
3,5,7,8,9,12,14,15,16,17,18,19,20,22,23>5,9,15,20,21,8,16,19,23
3,5,7,8,9,12,14,15,16,17,18,19,20,22,23>3,5,12,14,15,17,18,21,8,16,19,23
1,4,5,7,8,10,13,14,16,17,19,20,23>4,5,7,17,19,21,23,8,16,20,14
1,4,5,7,8,10,13,14,16,17,19,20,23>1,2,4,10,13,17,19,23,8,16,20,14
1,8,9,10,11,13,14,15,19,22>1,2,10,15,19,20,23,11,13,14
1,8,9,10,11,13,14,15,19,22>20,8,9,16,11,13,14
2,3,5,9,15,18,21,23>2,5,6,9,18
2,3,5,9,15,18,21,23>2,4,6,9,10,15,19,21
1,2,4,6,13,15,16,19,20,21,22,23>1,13,19,2,16,20,21,22,23
1,2,4,6,13,15,16,19,20,21,22,23>1,4,6,8,2,16,20,21,22,23
2,5,6,7,9,10,11,13,20,23>2,5,11,14,17,10,20,6,7
2,5,6,7,9,10,11,13,20,23>2,9,11,13,23,10,20,6,7
4,9,10,11,14,15,21>4,9,14,10,11,15
4,9,10,11,14,15,21>9,13,14,21,10,11,15
5,6,8,13,14,15,17,20,22,23>5,7,13,15,6,14,17,20,23
5,6,8,13,14,15,17,20,22,23>22,5,8,21,6,14,17,20,23
1,2,4,6,7,9,10,13,14,17,19>4,10,15,16,17,18,19,20,2,13,14,7
1,2,4,6,7,9,10,13,14,17,19>1,4,6,9,10,11,17,2,13,14,7
1,4,5,8,9,10,11,12,13,16,19,20>1,9,10,11,14,19,8,16,13
1,4,5,8,9,10,11,12,13,16,19,20>1,4,10,11,14,19,8,16,13
4,5,6,8,11,13,14,20,23>4,5,8,11,16,17,20,6,14
4,5,6,8,11,13,14,20,23>4,7,8,11,13,23,20,6,14
1,4,7,8,10,11,12,15,17,21,22>1,23,10,13,8,11,12,22
1,4,7,8,10,11,12,15,17,21,22>4,7,10,13,17,21,8,11,12,22
1,2,3,9,10,12,14,16,18,19,22,23>22,18,8,9,2,19,12,23
1,2,3,9,10,12,14,16,18,19,22,23>1,4,10,14,15,16,2,19,12,23
2,4,6,7,8,9,10,12,13,15,16,17,19,20,21,23>6,10,12,13,14,15,20,22,8,16,21,7
2,4,6,7,8,9,10,12,13,15,16,17,19,20,21,23>4,6,9,12,13,15,17,20,22,23,8,16,21,7
7,9,10,12,13,14,15,16,17>11,17,18,10,12,13,14,15,16
7,9,10,12,13,14,15,16,17>7,8,10,12,13,14,15,16
5,8,10,11,12,14,16,17,18,19,20,21,22,23>5,10,12,16,17,20,8,19,21,22,23
5,8,10,11,12,14,16,17,18,19,20,21,22,23>10,11,12,16,17,8,19,21,22,23
1,2,6,7,9,12,15,17,18,21,22,23>1,9,15,16,17,19,2,7,12,18,22,23
1,2,6,7,9,12,15,17,18,21,22,23>6,8,9,10,16,19,2,7,12,18,22,23
2,3,4,5,7,11,12,17,18,19,21,22,23>3,5,8,4,12,18,19,22,23
2,3,4,5,7,11,12,17,18,19,21,22,23>2,3,5,11,16,17,4,12,18,19,22,23
1,2,4,5,8,9,10,14,15,16,17,20,22>15,1,21,5,2,8,10,16,20
1,2,4,5,8,9,10,14,15,16,17,20,22>1,4,5,13,14,15,17,2,8,10,16,20
1,4,9,16,21,22>21,23,9,12,16,22
1,4,9,16,21,22>21,4,9,10,16,22
1,4,6,7,8,12,13,14,15,16,17,21>22,2,17,7,8,12,13,14,16
1,4,6,7,8,12,13,14,15,16,17,21>1,4,6,21,7,8,12,13,14,16
5,6,8,10,13,14,17,18,19,22>5,13,17,18,20,22,19,14
5,6,8,10,13,14,17,18,19,22>18,6,8,10,19,14
1,3,4,5,6,8,9,10,11,15,17,18,19,21,23>1,2,6,7,16,18,23,19,11,4
1,3,4,5,6,8,9,10,11,15,17,18,19,21,23>2,3,5,7,8,10,15,16,17,18,20,19,11,4
2,3,4,6,8,12,15,17,18,22>2,6,7,13,22,8,4,12
2,3,4,6,8,12,15,17,18,22>3,6,13,16,22,23,8,4,12
7,12,14,17,20,22,23>7,14,18,20,17,23
7,12,14,17,20,22,23>7,14,20,21,22,17,23
1,3,5,6,8,11,12,13,14,16,17,20,23>1,16,4,11,8,6,14
1,3,5,6,8,11,12,13,14,16,17,20,23>2,7,12,13,16,17,8,6,14
1,2,4,5,9,10,12,15,18,19,23>18,5,10,11,2,19,12
1,2,4,5,9,10,12,15,18,19,23>1,4,5,8,15,23,2,19,12
2,7,8,11,12,13,16,17,18>2,7,16,17,18,19,8,12,13
2,7,8,11,12,13,16,17,18>19,7,11,14,8,12,13
4,5,8,11,13,14,20,23>4,5,21,20,14
4,5,8,11,13,14,20,23>6,8,11,16,23,20,14
2,4,5,7,8,9,12,16,18,19,20,21,22>20,7,12,8,16,19,21,22
2,4,5,7,8,9,12,16,18,19,20,21,22>2,4,5,7,9,20,23,8,16,19,21,22
2,3,4,6,7,9,12,17,19,21>2,8,9,13,17,19,21,22,4,12,7
2,3,4,6,7,9,12,17,19,21>3,6,9,16,17,19,4,12,7
1,2,3,4,5,6,7,8,9,12,14,16,18,19,21>3,6,9,14,18,2,4,7,8,12,16,19
1,2,3,4,5,6,7,8,9,12,14,16,18,19,21>3,9,14,18,22,2,4,7,8,12,16,19
1,2,3,5,7,8,11,12,13,14,16,19,20>1,3,5,12,16,19,8,2,13,14
1,2,3,5,7,8,11,12,13,14,16,19,20>1,3,4,19,20,21,8,2,13,14
1,2,4,6,9,10,11,13,15,18,21,22>1,4,9,15,16,18,21,2,10,11,13,22
1,2,4,6,9,10,11,13,15,18,21,22>1,6,9,14,16,21,2,10,11,13,22
4,10,11,12,13,14,17,23>13,15,16,17,18,23,11,12,14
4,10,11,12,13,14,17,23>8,11,12,14
1,3,4,5,7,12,13,19>1,2,8,14,19,13,4,12
1,3,4,5,7,12,13,19>1,2,3,5,7,14,13,4,12
3,5,8,10,11,16,17,18,19,20,22>4,23,13,8,19,20
3,5,8,10,11,16,17,18,19,20,22>4,10,17,18,21,22,23,8,19,20
2,3,4,5,7,10,11,12,13,14,15,16,17,18,22,23>13,19,6,8,4,11,12,14,15,16,18,23
2,3,4,5,7,10,11,12,13,14,15,16,17,18,22,23>2,3,6,8,13,22,4,11,12,14,15,16,18,23
1,2,3,4,5,6,7,13,15,16,18,19,23>1,8,12,15,20,23,2,4,7,16,19
1,2,3,4,5,6,7,13,15,16,18,19,23>1,3,8,12,13,15,2,4,7,16,19
4,5,10,11,12,14,16,17>17,10,13,14,16,11,12
4,5,10,11,12,14,16,17>15,18,10,14,16,11,12
8,9,10,12,13,15,19,20,22>9,12,15,17,19,21,22,8,13
8,9,10,12,13,15,19,20,22>10,12,17,20,21,22,23,8,13
2,3,4,5,7,8,10,11,13,14,16,18,20,21,22,23>6,7,10,11,4,8,14,16,20,21,22,23
2,3,4,5,7,8,10,11,13,14,16,18,20,21,22,23>2,3,5,6,7,11,13,19,4,8,14,16,20,21,22,23
1,2,3,4,8,10,12,13,14,15,17,21,22>21,3,11,15,2,4,8,12,13,14,22
1,2,3,4,8,10,12,13,14,15,17,21,22>1,3,23,17,2,4,8,12,13,14,22
1,3,4,6,8,9,10,11,12,13,17,18,19>2,3,14,16,18,4,8,11,12,13,19
1,3,4,6,8,9,10,11,12,13,17,18,19>2,3,6,7,4,8,11,12,13,19
2,13,14,15,16,18,19,20,21,22>8,2,13,14,15,16,19,20,21,22
2,13,14,15,16,18,19,20,21,22>2,18,13,14,15,16,19,20,21,22
4,7,8,9,10,11,13,15,16,17,18,22>18,4,12,19,8,10,11,13,16
4,7,8,9,10,11,13,15,16,17,18,22>7,9,14,18,22,8,10,11,13,16
2,7,8,10,12,13,14,15,19>15,19,8,12,13,14
2,7,8,10,12,13,14,15,19>10,11,16,19,8,12,13,14
2,5,7,8,11,15,18,19,21,22>2,16,18,20,21,23,19,22
2,5,7,8,11,15,18,19,21,22>18,5,7,13,19,22
1,3,4,5,8,9,10,12,14,15,20,22>5,6,9,12,15,17,20,21,22,23,8,10,4
1,3,4,5,8,9,10,12,14,15,20,22>1,3,5,6,9,14,15,20,22,8,10,4
1,3,4,5,10,19,20,22>1,22,10,16,4,20
1,3,4,5,10,19,20,22>1,3,5,10,17,22,23,4,20
3,4,6,7,8,9,10,15,22>3,9,13,15,16,23,10,4,7
3,4,6,7,8,9,10,15,22>8,9,11,13,15,10,4,7
3,4,5,6,7,8,9,11,13,14,19,20,21>6,8,9,17,19,22,4,7,13,14,20,21
3,4,5,6,7,8,9,11,13,14,19,20,21>17,22,5,6,4,7,13,14,20,21
2,5,6,9,10,11,13,15,16,17,19,21,22,23>7,10,12,14,17,18,16,11,22,23
2,5,6,9,10,11,13,15,16,17,19,21,22,23>2,5,8,10,12,13,14,20,21,16,11,22,23
3,4,5,6,7,10,11,13,16,18,19,22,23>3,5,12,13,14,4,7,11,16,19,23
3,4,5,6,7,10,11,13,16,18,19,22,23>5,6,8,10,13,18,4,7,11,16,19,23
1,5,9,11,17,19,21,23>1,2,9,11,17,18,21,23
1,5,9,11,17,19,21,23>1,2,9,11,17,19,20,21,23
6,8,9,12,13,16,17,19>6,9,14,16,17,19,8,12,13
6,8,9,12,13,16,17,19>7,9,14,16,8,12,13
2,3,6,7,10,11,12,13,14,15,16,17,18,20,22>2,3,6,10,11,17,19,20,21,7,13,14,15,16,18
2,3,6,7,10,11,12,13,14,15,16,17,18,20,22>2,3,6,10,11,17,19,21,22,23,7,13,14,15,16,18
1,2,3,5,6,7,8,11,13,14,15,18,20,21>1,3,15,16,18,19,22,2,6,7,13,14,20,21
1,2,3,5,6,7,8,11,13,14,15,18,20,21>3,4,8,11,15,16,18,2,6,7,13,14,20,21
2,4,5,6,10,13,16,17,18,19,20,23>2,6,13,21,23,16,18,19,20
2,4,5,6,10,13,16,17,18,19,20,23>4,7,8,13,21,23,16,18,19,20
1,4,6,7,8,10,16,18,20,21>2,6,10,18,19,7,8,16,20,21
1,4,6,7,8,10,16,18,20,21>1,2,6,13,18,19,22,7,8,16,20,21
1,4,9,11,16,18,19,21>1,2,8,13,22,16,19
1,4,9,11,16,18,19,21>1,4,8,9,11,12,13,18,20,21,22,16,19
1,3,5,6,7,9,11,12,14,16,20>2,4,5,8,10,11,12,15,16,6,7
1,3,5,6,7,9,11,12,14,16,20>1,2,5,9,10,12,6,7
4,9,10,11,12,15,16,21>4,8,15,21,22,16,10,11,12
4,9,10,11,12,15,16,21>4,8,9,13,16,10,11,12
2,3,4,5,6,9,14,18,19,20,22>6,13,15,17,18,21,23,19,4,20
2,3,4,5,6,9,14,18,19,20,22>3,5,7,9,14,18,23,19,4,20
1,4,5,7,8,10,11,13,15,16,17,18,19,20,22,23>1,2,4,5,7,11,14,22,8,16,19,20,23
1,4,5,7,8,10,11,13,15,16,17,18,19,20,22,23>1,2,4,5,7,11,13,21,22,8,16,19,20,23
2,3,9,13,14,16,17,18,19,20,21,22>17,23,8,15,13,14,18,19,20,21,22
2,3,9,13,14,16,17,18,19,20,21,22>8,9,15,16,13,14,18,19,20,21,22
1,2,3,7,8,9,13,17,19,20,22,23>1,7,8,9,13,14,22,17,2,20,23
1,2,3,7,8,9,13,17,19,20,22,23>1,4,7,8,13,19,21,22,17,2,20,23
2,3,13,15,16,17,19,20,21>2,4,14,19,22,16,21,20,13
2,3,13,15,16,17,19,20,21>3,4,8,19,22,16,21,20,13
1,2,6,9,10,11,13,16,17,20,21,23>6,7,8,9,11,16,22,2,10,20,21
1,2,6,9,10,11,13,16,17,20,21,23>1,6,7,9,14,16,22,23,2,10,20,21
2,4,8,9,11,12,13,16,18,21,22,23>2,9,10,13,18,21,8,12,16,22,23
2,4,8,9,11,12,13,16,18,21,22,23>4,9,13,14,8,12,16,22,23
