TCR,NFAT,IFN-\beta,IFN-\betaR,IL-18,IL-18R,IRAK,SOCS1,IL-12,IL-12R,STAT4,T-bet,IFN-\gamma,IFN-\gammaR,JAK1,STAT1,IL-4,IL-4R,STAT6,GATA3,IL-10,IL-10R,STAT3
2,3,5,6,7,8,9,11,13,14,15,16,18,19,21>2,4,6,11,12,18,20,22,7,8,13,14,16,19
2,3,5,6,7,8,9,11,13,14,15,16,18,19,21>2,3,4,5,11,12,15,22,7,8,13,14,16,19
1,5,7,11,15,18,19,20,23>5,7,11,15,17,23,19,20
1,5,7,11,15,18,19,20,23>2,5,11,15,16,17,18,21,23,19,20
2,4,5,9,13,16,17,18,21,22>23,21,8,10,16,18,13,22
2,4,5,9,13,16,17,18,21,22>2,5,8,9,14,17,19,21,16,18,13,22
1,2,5,8,11,13,15,16,17,19,21,22,23>1,11,12,13,14,15,19,20,2,8,16,22,23
1,2,5,8,11,13,15,16,17,19,21,22,23>1,5,11,14,17,19,2,8,16,22,23
1,2,5,6,8,10,11,12,16,18>13,16,2,6,8,11,12
1,2,5,6,8,10,11,12,16,18>10,13,2,6,8,11,12
1,3,4,6,11,12,13,14,18,19,20>2,6,8,12,15,16,20,21,19,4,13,14
1,3,4,6,11,12,13,14,18,19,20>3,7,8,16,17,21,19,4,13,14
1,2,3,4,5,8,9,10,17,20,21>5,6,8,9,13,16,2,4,10,17,20,21
1,2,3,4,5,8,9,10,17,20,21>1,3,5,13,22,2,4,10,17,20,21
2,4,7,8,9,11,12,13,14,16,17,20,21,22>2,23,9,12,8,13,14,16,21,22
2,4,7,8,9,11,12,13,14,16,17,20,21,22>17,7,11,8,13,14,16,21,22
2,3,4,5,7,9,11,14,15,16,17,18,20,23>2,3,6,7,8,9,11,14,17,19,4,15,16,18,20
2,3,4,5,7,9,11,14,15,16,17,18,20,23>2,3,5,6,8,9,14,17,23,4,15,16,18,20
1,4,9,10,11,12,13,15,16,20>1,4,11,12,14,15,20,16,10,13
1,4,9,10,11,12,13,15,16,20>1,4,9,12,14,15,21,16,10,13
2,6,8,14,16,20>6,16,8,20
2,6,8,14,16,20>7,13,14,16,8,20
1,2,3,5,6,10,11,14,16,17,18,19,20,21,23>1,10,11,15,17,22,23,2,18,19,20,21
1,2,3,5,6,10,11,14,16,17,18,19,20,21,23>1,3,4,5,7,11,15,2,18,19,20,21
1,2,4,11,15,16,17,18,19,20,22>4,13,15,21,23,2,16,18,19,20
1,2,4,11,15,16,17,18,19,20,22>1,4,11,13,2,16,18,19,20
1,3,4,5,6,8,11,13,16,20,21,22,23>1,2,7,11,13,14,4,6,8,16,20,21,22,23
1,3,4,5,6,8,11,13,16,20,21,22,23>1,2,3,5,7,14,4,6,8,16,20,21,22,23
2,3,5,6,8,9,10,12,13,15,17,18,20,22>4,7,12,15,18,19,21,23,6,8,10,13,17
2,3,5,6,8,9,10,12,13,15,17,18,20,22>2,3,4,5,9,12,15,19,20,6,8,10,13,17
1,3,5,6,10,11,12,13,16,17,20,21,22,23>1,2,4,10,11,12,13,14,18,20,23,21,6,22
1,3,5,6,10,11,12,13,16,17,20,21,22,23>1,2,3,4,8,10,13,14,23,21,6,22
3,9,14,17,19,22,23>19,3,14,15,23
3,9,14,17,19,22,23>3,4,9,20,22,23
1,2,3,4,5,8,9,11,12,13,14,15,18,20>1,3,12,16,17,19,2,4,8,13,14
1,2,3,4,5,8,9,11,12,13,14,15,18,20>3,5,6,9,10,15,16,20,2,4,8,13,14
1,5,6,9,10,11,14,15,16,17,18,19,20,23>1,7,8,9,17,23,15,16,18,19,20
1,5,6,9,10,11,14,15,16,17,18,19,20,23>5,6,7,17,21,23,15,16,18,19,20
1,2,3,5,6,8,9,10,12,15,17,18,20,21>18,1,4,12,2,6,8,10,17,21
1,2,3,5,6,8,9,10,12,15,17,18,20,21>3,4,5,7,9,13,15,19,20,22,2,6,8,10,17,21
2,4,8,9,11,12,13,16,17,18,20,22>2,10,11,14,18,20,21,22,8,16,13
2,4,8,9,11,12,13,16,17,18,20,22>2,4,9,11,21,23,8,16,13
1,4,6,7,9,10,11,12,13,14,17,18,19,20>12,15,16,10,7,13,14,17,18,19
1,4,6,7,9,10,11,12,13,14,17,18,19,20>4,6,9,7,13,14,17,18,19
1,2,4,6,13,14,15,17,19,20>21,16,19,2,13,14,15,17,20
1,2,4,6,13,14,15,17,19,20>7,16,2,13,14,15,17,20
3,5,7,10,11,13,18,20>4,5,7,10,17,19,21,20,13
3,5,7,10,11,13,18,20>3,4,5,14,21,20,13
1,4,6,9,11,12,13,14,16,18,19,21,22>6,11,18,21,23,12,13,14,16,19,22
1,4,6,9,11,12,13,14,16,18,19,21,22>1,4,6,7,15,18,21,23,12,13,14,16,19,22
3,6,10,12,14,16,18,22,23>3,11,15,16,19,12,23
3,6,10,12,14,16,18,22,23>4,6,14,16,22,12,23
2,5,7,9,11,13,19,22>9,19,20,22,23,13
2,5,7,9,11,13,19,22>2,5,7,9,14,20,23,13
1,2,3,4,6,7,8,9,11,12,13,14,15,19,20,21,22,23>15,3,9,11,2,4,7,8,14,21,22,23
1,2,3,4,6,7,8,9,11,12,13,14,15,19,20,21,22,23>3,11,12,13,16,17,19,2,4,7,8,14,21,22,23
4,6,7,9,10,15,16,17,18,19,20>17,21,6,10,7,16,18,19,20
4,6,7,9,10,15,16,17,18,19,20>21,8,9,13,7,16,18,19,20
3,8,12,13,14,16,17,20,21,22,23>3,12,16,17,8,14,21,22,23
3,8,12,13,14,16,17,20,21,22,23>3,4,12,17,8,14,21,22,23
1,2,4,7,10,11,12,14,16,20,22,23>1,4,8,11,12,14,22,16,2,23
1,2,4,7,10,11,12,14,16,20,22,23>4,7,12,14,20,16,2,23
1,2,5,7,9,10,11,12,13,14,16,17,19>5,8,9,15,17,19,2,11,12,13,14
1,2,5,7,9,10,11,12,13,14,16,17,19>16,1,5,7,2,11,12,13,14
1,5,6,7,12,13,14,17,19,20,21,22,23>1,8,12,13,18,20,7,14,17,21,22,23
1,5,6,7,12,13,14,17,19,20,21,22,23>5,6,8,12,13,18,19,7,14,17,21,22,23
2,3,6,8,10,12,13,14,15,17,20,21,22>15,2,20,23,8,13,14,17,21,22
2,3,6,8,10,12,13,14,15,17,20,21,22>4,10,12,16,20,23,8,13,14,17,21,22
2,6,9,11,12,13,15,19,20,22>9,12,14,15,16,21,22,13
2,6,9,11,12,13,15,19,20,22>2,8,9,12,14,15,20,13
2,3,6,9,11,12,14,20,23>3,6,7,9,11,14,20,21,23
2,3,6,9,11,12,14,20,23>3,4,7,10,12,14,15,23
2,3,5,6,8,9,10,13,15,16,17,22>2,7,9,12,14,15,17,23,6,8,10,13,16
2,3,5,6,8,9,10,13,15,16,17,22>4,5,7,9,11,12,22,6,8,10,13,16
1,4,5,6,8,9,11,13,17,22,23>1,2,7,11,13,16,22,6,23
1,4,5,6,8,9,11,13,17,22,23>1,4,5,10,11,13,14,17,22,6,23
1,2,3,4,7,8,12,13,14,15,16,17,18,20>3,21,12,2,4,8,13,14,16
1,2,3,4,7,8,12,13,14,15,16,17,18,20>7,12,15,17,18,19,20,2,4,8,13,14,16
1,2,4,5,7,9,12,13,17,18,20,21>20,6,7,2,13,17,18,21
1,2,4,5,7,9,12,13,17,18,20,21>1,4,5,6,7,8,10,12,14,2,13,17,18,21
2,5,6,10,11,14,15,16,17,18,19,20,23>14,2,11,15,16,18,19,20
2,5,6,10,11,14,15,16,17,18,19,20,23>2,5,6,7,8,17,21,23,15,16,18,19,20
1,5,7,8,9,11,12,15,17,18,19,20,22>2,9,12,13,16,21,8,17,19
1,5,7,8,9,11,12,15,17,18,19,20,22>2,9,11,21,22,23,8,17,19
4,8,9,11,14,15,16,19,21>11,13,14,15,19,21,22,8,16
4,8,9,11,14,15,16,19,21>9,11,12,13,19,20,21,22,8,16
1,2,8,12,13,17,18,19,21,22,23>13,18,2,8,12,19,22,23
1,2,8,12,13,17,18,19,21,22,23>13,14,17,2,8,12,19,22,23
1,4,7,9,10,12,13,14,15,16,20,21,22>20,1,7,9,10,13,14,15,16,21,22
1,4,7,9,10,12,13,14,15,16,20,21,22>1,2,4,9,12,23,10,13,14,15,16,21,22
1,8,10,12,13,15,16,17,20,21,22>20,23,2,14,8,13,16,21,22
1,8,10,12,13,15,16,17,20,21,22>2,10,12,17,23,8,13,16,21,22
1,2,3,7,8,9,10,11,12,18,19,21>7,9,10,13,2,8,11,12,19
1,2,3,7,8,9,10,11,12,18,19,21>1,4,10,13,18,21,2,8,11,12,19
1,2,4,7,10,11,12,14,15,16,17,21,22>1,13,14,17,18,21,23,2,11,12,15,16,22
1,2,4,7,10,11,12,14,15,16,17,21,22>4,8,10,17,18,21,23,2,11,12,15,16,22
1,2,3,6,8,12,13,16,18,19,20,21,22>16,4,12,2,8,13,19,21,22
1,2,3,6,8,12,13,16,18,19,20,21,22>1,3,4,6,7,12,14,20,2,8,13,19,21,22
2,4,5,6,9,13,14,15,17,18,20,21,23>2,4,7,19,6,14,15,17,18,20,21
2,4,5,6,9,13,14,15,17,18,20,21,23>16,23,5,13,6,14,15,17,18,20,21
3,4,7,9,11,12,13,15,17,20,21,23>3,10,13,14,15,16,18,20,22,23,17,4,21
3,4,7,9,11,12,13,15,17,20,21,23>8,9,11,12,13,14,15,22,23,17,4,21
7,9,10,11,19,22,23>7,9,19,20,11,23
7,9,10,11,19,22,23>9,10,11,23
1,10,11,13,14,20,21,23>1,11,13,15,17,23,20,21,14
1,10,11,13,14,20,21,23>2,13,15,17,20,21,14
2,3,4,5,7,8,10,11,13,14,20>2,3,5,7,16,17,20,4,13,14
2,3,4,5,7,8,10,11,13,14,20>2,3,5,8,17,20,4,13,14
1,2,4,6,10,11,15,17,18,19,21>1,7,13,16,17,20,22,18,19,2,11
1,2,4,6,10,11,15,17,18,19,21>4,7,10,16,20,22,18,19,2,11
3,5,7,9,10,12,15,17,18,19,20,21,22,23>12,4,5,17,18,19,21,22,23
3,5,7,9,10,12,15,17,18,19,20,21,22,23>3,4,5,7,10,20,17,18,19,21,22,23
2,3,4,11,12,17,18,19,20,22,23>11,12,16,20,21,22,4,17,18,19,23
2,3,4,11,12,17,18,19,20,22,23>21,8,12,20,4,17,18,19,23
3,4,5,8,9,12,14,16,17,19,22>9,14,17,19,22,23,8,16,4,12
3,4,5,8,9,12,14,16,17,19,22>23,5,9,8,16,4,12
3,5,7,9,10,11,14,15,18,19,20,21,22>3,4,10,11,13,14,17,18,15,19,20,21,22
3,5,7,9,10,11,14,15,18,19,20,21,22>5,7,13,14,16,15,19,20,21,22
4,5,6,8,11,13,15,16,18,19,22>15,4,20,8,16,19,13
4,5,6,8,11,13,15,16,18,19,22>4,5,20,7,8,16,19,13
2,6,10,11,12,13,17,20,22>8,10,11,12,14,18,20,22,17,13
2,6,10,11,12,13,17,20,22>6,7,8,10,18,20,21,22,17,13
1,5,6,8,11,17,18,19>20,6,7,19
1,5,6,8,11,17,18,19>13,2,5,19
1,2,3,6,11,12,13,15,16,17,18,20>4,7,12,19,21,16,2,18,13
1,2,3,6,11,12,13,15,16,17,18,20>4,11,14,17,20,16,2,18,13
3,6,8,10,11,12,13,14,16,19,20,21,22,23>6,10,11,12,13,19,20,8,14,21,22,23
3,6,8,10,11,12,13,14,16,19,20,21,22,23>3,4,6,7,11,16,8,14,21,22,23
1,3,5,8,9,10,11,12,13,18,19,20,21,22,23>1,10,11,12,13,17,18,8,19,21,22,23
1,3,5,8,9,10,11,12,13,18,19,20,21,22,23>2,3,4,12,14,18,20,8,19,21,22,23
1,2,4,5,7,9,11,15,19>4,5,7,13,15,19,2
1,2,4,5,7,9,11,15,19>4,5,7,15,19,20,2
1,3,4,5,6,7,10,13,14,15,16,17,18,19,23>5,8,10,11,12,13,17,20,4,7,14,15,16,18,19
1,3,4,5,6,7,10,13,14,15,16,17,18,19,23>3,6,8,11,12,17,23,4,7,14,15,16,18,19
2,4,8,9,10,16,19,23>20,23,10,19,8,16
2,4,8,9,10,16,19,23>9,11,12,19,23,8,16
3,4,5,6,9,11,12,13,15,21,23>5,7,9,10,11,15,21,22,23,4,12,6
3,4,5,6,9,11,12,13,15,21,23>3,5,7,10,11,14,16,23,4,12,6
1,2,4,5,7,12,14,16,17,19,20>7,8,13,18,19,20,16,2
1,2,4,5,7,12,14,16,17,19,20>1,5,8,13,14,17,18,21,16,2
1,4,5,6,7,9,10,12,15,18,19,20,21,23>1,4,6,9,15,17,19,21,7
1,4,5,6,7,9,10,12,15,18,19,20,21,23>2,4,9,10,12,15,17,22,19,21,7
1,3,4,6,7,10,15,16,19,21,23>8,10,12,15,19,20,23,16,4,7
1,3,4,6,7,10,15,16,19,21,23>12,15,19,22,16,4,7
1,2,3,4,8,9,10,12,14,15,17,18,19,20>1,3,12,13,18,21,2,4,8,17,19
1,2,3,4,8,9,10,12,14,15,17,18,19,20>1,3,12,15,18,20,21,2,4,8,17,19
2,5,6,7,9,10,14,18,19,20,21,22,23>10,14,15,7,19,20,21,22,23
2,5,6,7,9,10,14,18,19,20,21,22,23>17,6,9,7,19,20,21,22,23
2,4,10,12,14,15,17,18,21,22,23>8,14,12,15,18,22,23
2,4,10,12,14,15,17,18,21,22,23>2,4,8,11,19,12,15,18,22,23
4,6,7,9,11,12,15,16,18,20,23>8,9,10,11,12,19,16,7
4,6,7,9,11,12,15,16,18,20,23>4,6,8,12,18,19,20,23,16,7
2,3,5,6,9,10,12,13,15,19>2,3,6,7,9,11,14,15,19,12,13
2,3,5,6,9,10,12,13,15,19>2,4,5,7,10,12,13
1,2,5,6,8,10,11,13,14,15,16,22>23,1,15,22,2,6,8,11,13,14,16
1,2,5,6,8,10,11,13,14,15,16,22>1,5,7,10,15,2,6,8,11,13,14,16
8,9,10,11,14,15,17,18,22,23>22,9,10,11,23
8,9,10,11,14,15,17,18,22,23>8,14,15,16,17,18,19,22,10,11,23
4,5,6,7,8,11,14,15,16,17,18,22,23>4,14,15,18,22,6,7,8,16,23
4,5,6,7,8,11,14,15,16,17,18,22,23>4,5,11,14,15,6,7,8,16,23
2,3,5,7,13,15,16,17,20,22>2,4,5,17,21,22,16,20,13
2,3,5,7,13,15,16,17,20,22>3,4,5,15,18,23,16,20,13
1,3,4,5,7,14,15,16,18,19,20,21>2,5,7,4,15,16,19,20,21
1,3,4,5,7,14,15,16,18,19,20,21>3,7,8,14,18,22,4,15,16,19,20,21
3,4,5,6,9,11,13,15,16,18,21,22>3,8,9,14,18,19,21,4,6,13,16,22
3,4,5,6,9,11,13,15,16,18,21,22>5,8,9,10,12,15,19,23,4,6,13,16,22
2,3,4,5,7,8,9,10,11,12,13,17,19,21,22>2,3,7,9,10,14,17,19,21,4,8,11,12,13,22
2,3,4,5,7,8,9,10,11,12,13,17,19,21,22>3,5,7,9,14,16,23,4,8,11,12,13,22
1,2,4,5,6,8,10,11,14,16,18,19,22,23>1,4,7,14,18,20,2,8,11,16,19,23
1,2,4,5,6,8,10,11,14,16,18,19,22,23>1,5,10,20,22,2,8,11,16,19,23
1,3,4,7,10,13,14,18,20,21,22,23>1,10,13,15,16,17,18,4,14,20,21,22,23
1,3,4,7,10,13,14,18,20,21,22,23>1,3,10,18,19,4,14,20,21,22,23
1,2,3,4,6,7,8,9,15,16,17,20,22,23>3,10,15,21,22,2,4,7,8,16,20,23
1,2,3,4,6,7,8,9,15,16,17,20,22,23>3,6,10,17,21,22,2,4,7,8,16,20,23
1,2,3,5,13,15,17,18,19,22,23>16,20,5,13,19,2,18,23
1,2,3,5,13,15,17,18,19,22,23>20,13,14,15,19,2,18,23
2,3,4,5,6,10,13,14,17,18,19,21,22>2,5,6,7,10,11,20,21,4,13,14,18,19,22
2,3,4,5,6,10,13,14,17,18,19,21,22>3,5,7,10,11,15,16,17,20,21,4,13,14,18,19,22
1,2,3,4,6,8,9,11,14,15,17,18,20,23>9,10,11,15,16,18,21,17,2,4,20
1,2,3,4,6,8,9,11,14,15,17,18,20,23>1,7,8,11,15,18,23,17,2,4,20
1,3,4,9,11,12,19,20,21>1,3,11,12,20,22,4,21
1,3,4,9,11,12,19,20,21>1,2,3,9,11,12,16,20,4,21
2,3,6,9,10,11,14,17,18,20,21>2,11,10,17,18,20,21
2,3,6,9,10,11,14,17,18,20,21>3,6,9,11,13,15,19,22,10,17,18,20,21
4,5,6,9,13,15,19,20,22>4,5,7,15,16,19,21,23,20
4,5,6,9,13,15,19,20,22>6,9,13,15,19,20
4,6,8,9,16,18,22>6,9,12,19,23,8,16
4,6,8,9,16,18,22>4,6,23,12,8,16
1,2,3,7,8,9,12,17,20,23>1,3,7,10,20,8,17,2
1,2,3,7,8,9,12,17,20,23>1,3,4,7,10,8,17,2
1,5,6,8,9,11,12,14,17,18,20,21,23>1,5,7,10,11,12,14,18,19,20,8,17,21,6
1,5,6,8,9,11,12,14,17,18,20,21,23>2,5,9,10,11,14,18,19,20,8,17,21,6
2,9,11,13,15,16,19,20,21,23>19,2,13,14,16,20,21
2,9,11,13,15,16,19,20,21,23>2,15,19,22,23,16,20,21
2,3,6,7,9,12,17,19,22>2,8,9,12,7
2,3,6,7,9,12,17,19,22>2,3,4,9,13,17,22,23,12,7
3,5,8,9,11,13,15,16,21>6,9,10,11,12,15,21,8,16,13
3,5,8,9,11,13,15,16,21>3,4,5,6,9,11,12,14,15,8,16,13
3,5,6,7,8,9,15,16,17,19>4,9,12,13,15,19,8,16,7
3,5,6,7,8,9,15,16,17,19>5,6,13,15,19,20,8,16,7
1,3,7,8,9,10,15,16,17,18,22>1,2,4,7,11,12,15,17,18,8,16,10
1,3,7,8,9,10,15,16,17,18,22>2,3,4,7,12,18,23,8,16,10
1,5,8,9,10,11,13,16,17,18,19,20,21>16,18,11,8,13,19,20,21
1,5,8,9,10,11,13,16,17,18,19,20,21>1,5,10,11,18,8,13,19,20,21
1,2,3,4,6,8,9,10,13,14,16,19,20,21,22,23>19,9,10,13,2,4,8,14,16,20,21,22,23
1,2,3,4,6,8,9,10,13,14,16,19,20,21,22,23>19,7,10,13,2,4,8,14,16,20,21,22,23
1,3,6,7,10,11,19,20,23>1,10,19,21,23,20,7
1,3,6,7,10,11,19,20,23>2,3,4,6,10,19,20,7
1,6,7,10,13,15,18,21>2,6,10,15,19,13,7
1,6,7,10,13,15,18,21>2,6,10,11,15,18,13,7
1,2,4,5,6,7,8,9,14,15,20,22>1,4,9,17,23,2,20,6,7
1,2,4,5,6,7,8,9,14,15,20,22>1,4,5,9,10,15,17,21,2,20,6,7
1,4,5,7,11,15,18,19,22,23>18,11,15,19,23
1,4,5,7,11,15,18,19,22,23>16,1,2,4,19,23
2,4,5,8,9,11,12,14,18,19>9,11,8,19,12
2,4,5,8,9,11,12,14,18,19>5,9,13,8,19,12
1,4,5,10,11,13,17,20,23>5,6,10,13,16,21,23,17,20
1,4,5,10,11,13,17,20,23>1,2,4,6,11,14,18,21,17,20
1,3,6,8,9,12,15,17,20>3,4,7,10,12,15,20,21,8,17
1,3,6,8,9,12,15,17,20>3,6,12,16,21,8,17
1,2,5,10,13,17,18,21,22,23>21,11,14,2,18,22,23
1,2,5,10,13,17,18,21,22,23>1,5,6,13,14,21,2,18,22,23
4,8,9,11,13,15,20,22>21,23,11,20,13
4,8,9,11,13,15,20,22>4,8,9,10,14,16,23,20,13
1,6,7,16,17,21,23>2,8,16,18,22,7
1,6,7,16,17,21,23>2,12,17,7
3,5,6,9,10,12,13,15,21,22>3,4,7,9,14,6,10,12,13,22
3,5,6,9,10,12,13,15,21,22>3,4,8,14,15,21,6,10,12,13,22
2,4,6,8,12,15,16,18,19,20,22,23>2,4,7,12,15,18,20,8,16,19,23
2,4,6,8,12,15,16,18,19,20,22,23>2,6,7,12,20,21,22,8,16,19,23
1,2,4,6,8,9,11,12,14,15,18,19,22,23>6,7,9,11,14,18,22,2,8,12,19,23
1,2,4,6,8,9,11,12,14,15,18,19,22,23>16,4,6,2,8,12,19,23
4,6,7,9,10,11,14,16,19,20,21,22,23>15,19,10,7,16,20,21,22,23
4,6,7,9,10,11,14,16,19,20,21,22,23>4,6,19,7,16,20,21,22,23
1,2,3,6,7,8,9,10,14,16,18,20,21,23>19,23,9,2,7,8,10,20,21
1,2,3,6,7,8,9,10,14,16,18,20,21,23>4,18,19,22,23,2,7,8,10,20,21
4,5,6,7,8,9,11,12,13,16,17,18,19,20,21>4,6,14,20,22,7,8,13,16,19,21
4,5,6,7,8,9,11,12,13,16,17,18,19,20,21>5,6,12,17,18,20,7,8,13,16,19,21
1,3,4,5,9,10,13,15,22,23>1,2,16,10,4,23
1,3,4,5,9,10,13,15,22,23>3,5,9,14,15,22,10,4,23
1,2,3,4,5,6,9,12,13,15,16,19,23>13,14,15,19,23,16,2,4,12
1,2,3,4,5,6,9,12,13,15,16,19,23>3,15,16,2,4,12
1,3,4,11,14,15,17,18,21,23>3,14,19,21,22,23,18,4,15
1,3,4,11,14,15,17,18,21,23>1,3,11,16,19,21,18,4,15
3,4,7,11,12,13,14,15,16,17,19,21,22>11,17,18,4,12,13,14,15,16,22
3,4,7,11,12,13,14,15,16,17,19,21,22>3,7,11,18,21,23,4,12,13,14,15,16,22
1,2,3,5,6,8,14,18,19,20,22,23>1,3,14,17,18,2,19,20,23
1,2,3,5,6,8,14,18,19,20,22,23>4,6,7,14,17,21,22,2,19,20,23
1,2,3,4,5,6,7,8,9,10,11,12,13,17,20,21,23>1,3,12,16,20,2,4,6,7,8,10,17,21
1,2,3,4,5,6,7,8,9,10,11,12,13,17,20,21,23>5,9,13,16,20,22,2,4,6,7,8,10,17,21
1,3,5,7,9,11,12,14,15,17,20,21,22>3,4,5,7,11,16,23,17,21,22,15
1,3,5,7,9,11,12,14,15,17,20,21,22>2,3,5,6,7,9,11,13,14,18,23,17,21,22,15
3,5,7,8,10,16,18,20,21,23>4,5,6,10,8,20,21
3,5,7,8,10,16,18,20,21,23>4,5,6,7,18,22,8,20,21
5,6,8,10,11,17,19,20,21>6,7,11,13,19,22,17,20,21
5,6,8,10,11,17,19,20,21>5,6,7,10,11,19,22,17,20,21
3,4,10,12,13,14,17,18,19,21,22,23>3,8,11,13,15,16,17,4,12,14,18,19,22,23
3,4,10,12,13,14,17,18,19,21,22,23>3,8,10,13,21,4,12,14,18,19,22,23
1,2,4,6,7,13,14,15,20,21,22>1,4,23,2,7,13,14,15,20,21,22
1,2,4,6,7,13,14,15,20,21,22>6,23,2,7,13,14,15,20,21,22
4,5,6,7,8,11,12,15,17,18,19,20,21,22,23>18,20,5,15,7,8,17,19,21,22,23
4,5,6,7,8,11,12,15,17,18,19,20,21,22,23>5,11,12,15,18,7,8,17,19,21,22,23
1,3,4,7,9,10,11,13,14,16,18,19,20,22>2,10,15,21,22,4,13,14,16,19,20
1,3,4,7,9,10,11,13,14,16,18,19,20,22>2,3,18,21,23,4,13,14,16,19,20
1,3,6,10,11,12,16,17,18,20,22>1,4,6,7,12,19,21,23,18
1,3,6,10,11,12,16,17,18,20,22>1,2,3,7,8,10,11,12,17,21,18
2,6,7,8,9,11,12,14,15,17,18,19,20,21,22,23>16,6,11,12,7,8,17,19,21,22,23
2,6,7,8,9,11,12,14,15,17,18,19,20,21,22,23>9,11,16,18,20,7,8,17,19,21,22,23
1,2,6,7,9,10,11,13,18,19,20,21>9,10,11,18,22,2,7,13,19,20,21
1,2,6,7,9,10,11,13,18,19,20,21>1,9,10,14,17,22,2,7,13,19,20,21
1,3,5,7,10,12,13,15,16,17,19,21,22>1,7,11,14,15,18,16,12,13,22
1,3,5,7,10,12,13,15,16,17,19,21,22>2,3,8,10,14,15,18,23,16,12,13,22
1,2,3,7,8,12,13,15,18,20>1,7,15,19,20,8,2,13
1,2,3,7,8,12,13,15,18,20>1,3,12,14,15,16,21,8,2,13
1,3,4,5,6,9,10,12,13,14,15,19,21,22>2,7,8,16,19,4,12,13,14,15,22
1,3,4,5,6,9,10,12,13,14,15,19,21,22>1,2,7,8,10,11,4,12,13,14,15,22
2,3,7,8,10,13,14,16,20,22,23>21,22,16,8,20,14,23
2,3,7,8,10,13,14,16,20,22,23>21,2,4,22,8,20,14,23
1,2,3,4,5,6,7,10,13,14,15,16,18,19,20,21,23>1,23,10,22,2,4,7,14,15,16,19,20,21
1,2,3,4,5,6,7,10,13,14,15,16,18,19,20,21,23>1,3,2,4,7,14,15,16,19,20,21
1,2,3,4,5,8,14,16,20,22,23>21,2,4,8,16,20,23
1,2,3,4,5,8,14,16,20,22,23>1,5,6,14,22,2,4,8,16,20,23
2,3,6,8,12,13,15,16,19,21>21,22,14,8,16,12,13
2,3,6,8,12,13,15,16,19,21>2,3,7,19,21,22,8,16,12,13
1,2,5,7,9,14,15,17>1,10,13,14,16,18,2,15
1,2,5,7,9,14,15,17>5,17,7,10,2,15
1,5,6,7,8,11,12,16,17,18,22,23>2,5,11,17,18,19,22,6,7,8,12,23
1,5,6,7,8,11,12,16,17,18,22,23>1,2,5,11,17,18,19,6,7,8,12,23
1,3,5,6,11,14,16,20>2,3,4,7,8,11,14,21,20,6
1,3,5,6,11,14,16,20>2,3,13,14,16,21,20,6
1,3,10,13,14,19,20,22,23>1,2,3,10,15,17,21,20,14,23
1,3,10,13,14,19,20,22,23>1,2,3,4,10,17,19,20,14,23
3,4,6,11,12,14,15,16,17,18,20,22,23>8,11,12,14,19,22,4,15,16,18,23
3,4,6,11,12,14,15,16,17,18,20,22,23>7,8,11,17,19,21,4,15,16,18,23
4,6,7,10,11,12,13,17,19,20,21,23>8,10,11,13,14,22,17,21,7
4,6,7,10,11,12,13,17,19,20,21,23>19,16,8,12,17,21,7
2,3,6,7,8,16,17,18,19>4,13,17,18,20,8,19,7
2,3,6,7,8,16,17,18,19>4,12,13,16,17,20,8,19,7
1,2,4,5,6,7,8,13,14,17,18,19>4,8,17,18,20,2,7,13,14,19
1,2,4,5,6,7,8,13,14,17,18,19>5,6,8,16,20,2,7,13,14,19
3,4,5,6,7,8,9,10,11,14,15,16,18,21,22,23>3,12,4,6,7,8,10,11,16,22,23
3,4,5,6,7,8,9,10,11,14,15,16,18,21,22,23>9,14,15,19,21,4,6,7,8,10,11,16,22,23
2,3,7,10,12,14,16,17,18,19,20,21>4,7,8,12,13,14,15,16,20,18,19,21
2,3,7,10,12,14,16,17,18,19,20,21>2,3,4,7,8,16,20,22,18,19,21
6,7,9,10,12,14,20,21,23>9,12,14,15,20,22,10,21,7
6,7,9,10,12,14,20,21,23>6,9,12,14,17,10,21,7
3,5,8,10,14,15,16,18,19,20>4,5,15,18,8,16,19,20
3,5,8,10,14,15,16,18,19,20>4,5,14,18,8,16,19,20
1,4,5,7,8,11,15,18>5,7,11,13,15,16,18,19
1,4,5,7,8,11,15,18>1,5,15,18,19
2,3,4,5,7,9,10,13,14,15,16,18,22>2,3,6,7,8,19,22,4,10,13,14,15,16
2,3,4,5,7,9,10,13,14,15,16,18,22>2,3,6,8,9,12,18,19,23,4,10,13,14,15,16
1,3,4,5,10,11,12,15,18,20,21>2,3,8,11,12,13,15,16,18,22,4,21
1,3,4,5,10,11,12,15,18,20,21>1,2,3,12,15,19,4,21
4,5,6,7,8,10,13,15,17,18,20,21>4,8,10,15,16,18,19,22,6,7,13,17,20,21
4,5,6,7,8,10,13,15,17,18,20,21>5,8,14,15,16,18,19,22,6,7,13,17,20,21
2,9,10,12,15,19,21,23>2,22,10,16,12
2,9,10,12,15,19,21,23>19,9,11,16,12
1,3,4,5,7,8,12,13,14,15,18,19,20,21,23>13,16,17,18,23,4,8,14,19,21
1,3,4,5,7,8,12,13,14,15,18,19,20,21,23>2,3,7,16,18,22,4,8,14,19,21
3,4,5,11,14,15,16,19,20,21,23>3,5,8,11,14,22,4,15,16,20,21
3,4,5,11,14,15,16,19,20,21,23>3,5,8,11,23,4,15,16,20,21
2,4,10,11,13,14,15,18,20,23>18,23,11,17,20,14,15
2,4,10,11,13,14,15,18,20,23>2,10,11,13,16,23,20,14,15
1,4,5,7,8,10,14,16,17,19,20,21,22>1,2,5,13,14,19,8,16,20,21,22
1,4,5,7,8,10,14,16,17,19,20,21,22>2,4,7,14,17,19,8,16,20,21,22
8,10,13,14,16,17,23>12,16,17,8,14
8,10,13,14,16,17,23>11,12,13,16,8,14
2,4,5,6,7,10,12,13,15,16,17,19,21>8,10,15,18,21,16,12,13,7
2,4,5,6,7,10,12,13,15,16,17,19,21>2,6,18,19,21,22,16,12,13,7
3,4,5,8,9,14,16,17,18,19,20,21>3,14,17,18,22,4,8,16,19,20,21
3,4,5,8,9,14,16,17,18,19,20,21>9,14,22,4,8,16,19,20,21
1,6,7,8,11,12,13,14,15,16,17,19,20,21,22,23>17,6,11,13,7,8,14,16,21,22,23
1,6,7,8,11,12,13,14,15,16,17,19,20,21,22,23>1,6,11,15,19,20,7,8,14,16,21,22,23
3,4,5,9,13,14,15,17,19,22,23>9,18,19,20,22,4,23,14,15
3,4,5,9,13,14,15,17,19,22,23>9,17,19,20,22,4,23,14,15
1,2,4,5,7,10,11,12,14,16,19,20,21>8,10,13,14,19,20,16,2,21
1,2,4,5,7,10,11,12,14,16,19,20,21>12,4,14,22,16,2,21
2,5,6,11,12,15,17,20,21,23>16,11,17,21,6
2,5,6,11,12,15,17,20,21,23>2,5,8,12,18,22,23,17,21,6
4,11,12,14,15,18,20,21>22,16,21,15
4,11,12,14,15,18,20,21>19,20,13,14,21,15
2,4,5,6,10,11,13,16,20,22>7,8,11,14,21,22,23,16,20,13,6
2,4,5,6,10,11,13,16,20,22>14,2,8,11,16,20,13,6
1,3,4,5,8,9,10,13,15,18,19,21,22>1,2,5,9,11,13,14,15,16,23,19,4,22
1,3,4,5,8,9,10,13,15,18,19,21,22>1,2,3,5,9,10,11,14,16,18,20,21,23,19,4,22
3,6,8,14,15,17,18,20,22,23>6,8,14,15,19,17,20,23
3,6,8,14,15,17,18,20,22,23>21,19,6,8,17,20,23
3,4,5,8,9,10,11,12,14,16,19,20,22,23>3,5,9,10,11,14,19,20,22,8,16,4,23
3,4,5,8,9,10,11,12,14,16,19,20,22,23>3,5,9,11,14,20,21,22,8,16,4,23
2,6,13,15,16,19>19,12,14,16,13
2,6,13,15,16,19>2,7,8,15,20,16,13
2,5,6,7,8,9,14,16,17,20,21,23>22,16,17,6,7,8,20,21
2,5,6,7,8,9,14,16,17,20,21,23>5,9,17,6,7,8,20,21
3,6,9,10,12,14,15,17,18,22>6,7,9,11,14,16,10,18,12,15
3,6,9,10,12,14,15,17,18,22>3,4,6,7,8,13,14,19,22,10,18,12,15
6,7,10,12,16,17,18,19,20,23>8,17,20,18,19,7
6,7,10,12,16,17,18,19,20,23>6,10,12,17,20,23,18,19,7
3,4,6,8,9,11,12,14,16,18,19,21,22,23>21,6,9,4,8,12,16,19,22,23
3,4,6,8,9,11,12,14,16,18,19,21,22,23>3,6,4,8,12,16,19,22,23
1,2,3,6,8,10,13,14,15,17,21>16,17,21,10,2,13,14
1,2,3,6,8,10,13,14,15,17,21>1,3,10,11,16,2,13,14
3,6,13,14,17,18,21,22>3,21,15,17,18,14,22
3,6,13,14,17,18,21,22>19,3,6,17,18,14,22
1,3,4,6,7,9,12,13,14,17,19,20,22,23>1,13,18,20,22,4,7,14,17,23
1,3,4,6,7,9,12,13,14,17,19,20,22,23>1,2,3,6,8,9,13,15,19,22,4,7,14,17,23
1,3,4,6,7,10,12,16,17,19,20>1,3,6,8,10,17,19,21,16,4,7
1,3,4,6,7,10,12,16,17,19,20>1,2,3,8,12,13,17,18,19,20,21,16,4,7
1,2,3,5,6,7,8,10,12,14,17,19>1,6,10,13,17,19,8,2,12,7
1,2,3,5,6,7,8,10,12,14,17,19>1,3,4,6,10,11,17,8,2,12,7
3,5,6,8,9,10,13,14,16,17,23>3,9,13,16,17,23,8,10,6,14
3,5,6,8,9,10,13,14,16,17,23>4,5,7,12,13,16,17,23,8,10,6,14
1,4,5,15,18,19,21,22,23>1,5,18,19,22,23
1,4,5,15,18,19,21,22,23>2,15,16,18,20,21,19,22,23
2,3,7,10,11,12,14,15,18,19,20,21,23>3,7,8,11,16,20,19,21,15
2,3,7,10,11,12,14,15,18,19,20,21,23>2,3,7,11,12,14,16,17,20,23,19,21,15
1,2,8,10,11,12,16,17,18,19,20,21>18,1,22,16,8,2,19,21
1,2,8,10,11,12,16,17,18,19,20,21>1,10,11,12,17,18,20,8,2,19,21
3,4,6,7,11,12,14,16,18,19,20,23>3,6,12,14,20,21,16,19,4,7
3,4,6,7,11,12,14,16,18,19,20,23>3,8,11,14,15,21,16,19,4,7
2,3,4,6,9,11,12,15,16,17,18,19,20,21,22,23>15,17,7,4,16,18,19,21,22,23
2,3,4,6,9,11,12,15,16,17,18,19,20,21,22,23>3,8,9,11,12,15,17,4,16,18,19,21,22,23
2,3,5,10,17,20,22>3,5,6,18,21,22,17,20
2,3,5,10,17,20,22>2,3,10,18,21,22,23,17,20
1,2,3,4,5,8,11,12,15,16,18,19,20>1,3,13,15,18,2,4,8,16,19
1,2,3,4,5,8,11,12,15,16,18,19,20>3,5,13,15,18,2,4,8,16,19
2,4,6,7,13,14,15,17,20,22,23>6,16,7,14,15,17,20,23
2,4,6,7,13,14,15,17,20,22,23>2,6,7,14,15,17,20,23
1,2,4,5,6,7,11,14,17,22,23>17,1,4,14,2,23,6,7
1,2,4,5,6,7,11,14,17,22,23>4,5,11,14,17,2,23,6,7
5,11,12,14,18,19>5,11,19,12
5,11,12,14,18,19>8,11,14,19,12
1,4,5,7,8,10,18,19,22,23>16,18,22,7,19,23
1,4,5,7,8,10,18,19,22,23>2,22,8,19,23
2,3,4,5,6,7,8,11,12,15,16,17,20>2,12,20,15,4,6,7,8,16
2,3,4,5,6,7,8,11,12,15,16,17,20>17,3,15,4,6,7,8,16
1,2,3,6,10,11,15,17,18,19>6,7,10,13,20,18,19,2,11
1,2,3,6,10,11,15,17,18,19>1,4,6,7,13,17,18,19,2,11
1,2,5,6,7,13,14,16,18,20,21,22,23>1,8,2,6,7,14,20,21,22,23
1,2,5,6,7,13,14,16,18,20,21,22,23>5,8,13,15,19,2,6,7,14,20,21,22,23
4,6,9,10,11,15,21,22>21,9,15,16,10,11,22
4,6,9,10,11,15,21,22>7,13,10,11,22
2,4,6,7,9,12,15,17,18,19,23>2,4,9,15,23,18,19,12,7
2,4,6,7,9,12,15,17,18,19,23>2,4,6,8,9,17,23,18,19,12,7
5,10,13,16,17,18,19,20,22>5,13,14,16,21,23,18,19,20
5,10,13,16,17,18,19,20,22>21,8,16,17,18,19,20
1,2,3,7,8,9,11,17,18,20,22,23>3,8,9,11,19,21,17,2,20,23
1,2,3,7,8,9,11,17,18,20,22,23>11,3,19,7,17,2,20,23
2,3,7,8,9,11,13,14,16,19,23>3,7,9,13,16,8,14
2,3,7,8,9,11,13,14,16,19,23>4,7,9,12,13,16,19,8,14
3,6,10,11,13,14,16,17,19,20,21,22>3,7,10,11,15,18,19,13,14,20,21,22
3,6,10,11,13,14,16,17,19,20,21,22>3,4,17,10,13,14,20,21,22
1,4,5,7,8,9,11,12,15,18,19,20,21>1,4,7,11,12,13,15,17,18,8,19,21
1,4,5,7,8,9,11,12,15,18,19,20,21>1,2,4,7,9,13,15,16,20,22,8,19,21
2,3,4,5,7,9,11,17,19,20,21,22,23>2,3,5,11,4,17,20,21,22,23
2,3,4,5,7,9,11,17,19,20,21,22,23>2,3,5,16,4,17,20,21,22,23
2,3,5,6,7,8,9,10,13,15,17,20,22>2,21,8,16,6,7,10,13,17,20
2,3,5,6,7,8,9,10,13,15,17,20,22>4,5,8,9,15,21,22,6,7,10,13,17,20
2,3,6,8,9,10,11,12,18,19>3,7,9,8,19,11,12
2,3,6,8,9,10,11,12,18,19>13,4,9,10,8,19,11,12
1,3,5,7,10>1,5
1,3,5,7,10>11,3,7
1,6,7,8,11,12,13,14,22,23>1,6,11,13,22,7,8,12,14,23
1,6,7,8,11,12,13,14,22,23>1,2,6,11,7,8,12,14,23
1,2,3,5,9,14,20,21,23>3,6,10,14,22,23,2,20,21
1,2,3,5,9,14,20,21,23>1,3,4,5,6,10,15,2,20,21
3,4,7,8,9,10,13,14,16,17,19,23>3,13,8,16,4,14
3,4,7,8,9,10,13,14,16,17,19,23>9,10,11,12,13,17,8,16,4,14
3,4,6,9,10,12,20>6,12,16,20,21,10,4
3,4,6,9,10,12,20>3,7,8,12,20,10,4
1,5,9,10,15,17,22,23>17,22,6,10,23
1,5,9,10,15,17,22,23>2,5,9,16,17,22,10,23
1,3,4,6,8,9,10,11,12,18,21,23>2,22,23,16,4,8,10,11,12
1,3,4,6,8,9,10,11,12,18,21,23>3,6,7,16,21,23,4,8,10,11,12
1,3,5,6,7,9,12,16,18,19,21,22,23>4,5,6,8,9,16,18,7,12,19,22,23
1,3,5,6,7,9,12,16,18,19,21,22,23>1,2,3,4,5,9,18,7,12,19,22,23
1,3,5,9,11,13,14,15,16,18,20,21,23>4,9,18,19,22,23,14,15,16,20,21
1,3,5,9,11,13,14,15,16,18,20,21,23>2,4,5,8,11,13,22,14,15,16,20,21
2,3,6,7,8,9,10,11,12,15,19,20,21>12,17,6,9,8,21,7
2,3,6,7,8,9,10,11,12,15,19,20,21>3,10,11,13,16,19,8,21,7
1,2,3,5,6,10,13,14,21,22,23>1,3,5,10,15,21,2,6,14,22,23
1,2,3,5,6,10,13,14,21,22,23>4,11,2,6,14,22,23
1,2,3,4,10,14,19,22>1,3,11,14,16,19,22,2,4
1,2,3,4,10,14,19,22>1,10,11,19,20,22,2,4
1,2,9,11,13,15,16,19,21,22>19,11,12,15,16,2,13,22
1,2,9,11,13,15,16,19,21,22>8,11,14,19,20,16,2,13,22
5,6,14,15,16,17,18,20,22>5,14,17,22,23,6,15,16,18,20
5,6,14,15,16,17,18,20,22>22,7,14,21,6,15,16,18,20
1,3,5,6,7,9,10,11,12,13,15,20,23>1,4,5,9,11,20,21,10,6,7
1,3,5,6,7,9,10,11,12,13,15,20,23>2,4,5,8,12,14,20,23,10,6,7
1,4,6,10,11,14,15,16,17,21>6,10,12,14,17,21,22,16,11,15
1,4,6,10,11,14,15,16,17,21>1,2,6,7,8,13,17,21,22,16,11,15
1,2,4,5,6,8,11,12,14,16,18,19,20,21>1,6,11,12,13,18,2,8,16,19,21
1,2,4,5,6,8,11,12,14,16,18,19,20,21>1,4,5,11,13,14,18,2,8,16,19,21
2,3,6,7,10,11,12,13,14,17,18,19,21,22,23>2,21,6,13,7,11,12,14,18,19,22,23
2,3,6,7,10,11,12,13,14,17,18,19,21,22,23>2,3,8,10,15,7,11,12,14,18,19,22,23
3,4,6,7,8,10,11,13,16,17,20,21,22,23>10,13,17,4,7,8,16,20,21,22,23
3,4,6,7,8,10,11,13,16,17,20,21,22,23>3,10,11,14,17,4,7,8,16,20,21,22,23
2,4,6,7,11,15,20,22,23>2,11,16,17,21,20,23,7
2,4,6,7,11,15,20,22,23>2,4,11,16,20,23,7
2,5,6,7,10,14,15,16,18,19,23>18,20,6,11,16,19,15,7
2,5,6,7,10,14,15,16,18,19,23>20,6,10,16,19,15,7
1,4,11,13,21,22,23>11,13,16,22,23
1,4,11,13,21,22,23>1,4,11,22,23
1,2,3,4,5,6,13,14,15,16,17,20,23>7,8,17,21,23,2,4,6,14,15,16,20
1,2,3,4,5,6,13,14,15,16,17,20,23>1,3,5,7,8,21,2,4,6,14,15,16,20
1,2,4,7,9,10,11,12,14,21,23>23,8,14,11,2,10,12
1,2,4,7,9,10,11,12,14,21,23>1,9,14,15,21,11,2,10,12
1,5,6,7,8,9,11,13,20,23>2,9,10,11,21,23,20,6,7
1,5,6,7,8,9,11,13,20,23>1,2,5,8,11,17,21,20,6,7
1,4,8,9,10,11,12,13,14,15,16,17,20,23>1,20,11,12,8,16,10,14
1,4,8,9,10,11,12,13,14,15,16,17,20,23>2,11,8,16,10,14
1,3,6,7,8,9,10,12,13,18,20,21,23>1,3,4,6,9,14,17,18,19,22,8,10,21,7
1,3,6,7,8,9,10,12,13,18,20,21,23>1,2,3,6,13,14,17,18,19,23,8,10,21,7
1,2,5,8,9,11,13,16,19,22>5,11,12,16,19,23,8,2,13
1,2,5,8,9,11,13,16,19,22>5,9,12,16,19,20,22,8,2,13
1,2,5,6,10,11,13,18,20,21,23>10,13,17,22,23,2,20,21,6
1,2,5,6,10,11,13,18,20,21,23>5,7,10,11,18,19,22,2,20,21,6
3,5,6,7,10,11,13,17,18,21,22,23>3,4,10,17,21,6,7,11,18,22,23
3,5,6,7,10,11,13,17,18,21,22,23>4,5,10,6,7,11,18,22,23
1,3,4,5,8,9,13,15,16,19,23>5,9,14,15,23,8,16,4
1,3,4,5,8,9,13,15,16,19,23>3,5,12,13,20,23,8,16,4
2,3,4,6,7,8,9,11,12,13,17,19,22,23>13,14,16,17,19,4,7,8,12,23
2,3,4,6,7,8,9,11,12,13,17,19,22,23>2,11,13,14,17,19,4,7,8,12,23
1,2,7,10,15,16,17,20>10,13,15,17,21,16,2,20
1,2,7,10,15,16,17,20>7,10,13,15,18,21,16,2,20
1,3,4,8,10,13,15,16>14,2,10,11,8,16,4
1,3,4,8,10,13,15,16>3,10,11,13,15,8,16,4
1,4,5,10,11,12,13,15,18,21>2,6,8,15,18,19,21,22,11,12,13
1,4,5,10,11,12,13,15,18,21>2,8,10,14,16,18,11,12,13
1,4,5,12,13,14,16,17,18,19,21,22>4,5,8,15,23,12,13,14,16,18,19,22
1,4,5,12,13,14,16,17,18,19,21,22>1,4,5,21,23,12,13,14,16,18,19,22
1,2,7,8,9,16,22,23>1,10,12,16,8,2,23
1,2,7,8,9,16,22,23>1,7,12,16,8,2,23
2,3,4,5,8,9,11,13,16,17,18,20,22>2,6,9,10,11,14,17,18,19,21,23,4,8,13,16,20
2,3,4,5,8,9,11,13,16,17,18,20,22>2,3,5,6,11,14,18,19,22,23,4,8,13,16,20
4,5,8,9,10,11,12,13,16,19,22,23>4,5,13,14,22,8,11,12,16,23
4,5,8,9,10,11,12,13,16,19,22,23>9,10,8,11,12,16,23
1,2,5,7,9,11,14,16,17,18,20,21,23>5,8,9,10,11,15,16,17,23,2,18,20,21
1,2,5,7,9,11,14,16,17,18,20,21,23>1,5,6,7,10,11,15,17,2,18,20,21
2,4,10,11,12,13,15,18,19>4,14,15,16,18,19,11,12,13
2,4,10,11,12,13,15,18,19>18,2,4,14,19,11,12,13
3,4,5,7,12,13,14,15,19,20,21,22,23>3,5,16,4,14,15,21,22,23
3,4,5,7,12,13,14,15,19,20,21,22,23>3,5,8,13,17,19,20,4,14,15,21,22,23
1,2,4,6,7,10,11,16,19,22>1,10,20,13,16,2,11,7
1,2,4,6,7,10,11,16,19,22>1,23,8,12,16,2,11,7
1,2,3,5,6,8,9,10,11,12,13,14,17,18,19,23>1,6,9,18,23,2,8,11,12,14,19
1,2,3,5,6,8,9,10,11,12,13,14,17,18,19,23>1,5,6,10,17,18,23,2,8,11,12,14,19
1,2,4,7,9,10,13,15,20,22,23>1,4,13,14,15,22,2,10,20,23
1,2,4,7,9,10,13,15,20,22,23>7,9,13,15,21,22,2,10,20,23
1,2,3,7,8,10,11,13,14,15,19,22,23>16,3,20,10,2,11,14,23
1,2,3,7,8,10,11,13,14,15,19,22,23>1,3,4,10,15,2,11,14,23
3,5,7,8,11,13,23>3,4,5,6,7,8,11,14
3,5,7,8,11,13,23>3,4,5,6,7,8,14,23
1,2,3,5,7,8,9,11,12,14,15,16,17,18,21,23>3,4,6,7,9,10,11,15,18,21,23,8,16,2,12
1,2,3,5,7,8,9,11,12,14,15,16,17,18,21,23>1,3,4,5,6,7,10,17,18,19,21,8,16,2,12
1,2,5,6,9,11,14,15,18,19,20,22>5,7,9,11,16,23,2,19,20,15
1,2,5,6,9,11,14,15,18,19,20,22>1,5,7,9,14,17,18,2,19,20,15
1,4,5,8,10,14,18,20,21,22,23>1,6,10,14,16,19,20,21,22,23
1,4,5,8,10,14,18,20,21,22,23>2,4,6,14,16,18,20,21,22,23
6,7,8,9,11,12,16,17,19,22>22,23,9,16,8,12,7
6,7,8,9,11,12,16,17,19,22>6,9,11,16,23,8,12,7
1,2,5,6,8,9,11,12,15,16,17,19,21,22>15,1,17,2,8,12,16,22
1,2,5,6,8,9,11,12,15,16,17,19,21,22>1,5,7,9,11,17,21,23,2,8,12,16,22
1,2,4,6,7,9,11,13,16,18,20>1,19,21,18,2,7,13,16,20
1,2,4,6,7,9,11,13,16,18,20>4,6,8,14,18,21,2,7,13,16,20
4,5,7,9,10,11,12,15,19,21>4,5,8,10,13,19,21,11,12
4,5,7,9,10,11,12,15,19,21>4,5,10,15,19,21,22,11,12
5,7,9,11,12,13,16,17,18,20,22>6,8,9,12,14,19,18,13
5,7,9,11,12,13,16,17,18,20,22>6,7,10,11,12,14,17,19,21,22,23,18,13
1,3,7,8,9,10,14,15,19,20,22,23>1,4,10,15,17,19,21,20,23
1,3,7,8,9,10,14,15,19,20,22,23>2,3,4,7,9,14,15,19,22,20,23
1,2,3,5,6,10,11,12,13,14,16,17,18,20,21,22>1,5,7,8,12,16,17,19,2,6,13,14,18,21,22
1,2,3,5,6,10,11,12,13,14,16,17,18,20,21,22>4,7,8,10,12,17,19,2,6,13,14,18,21,22
1,5,6,7,10,11,12,13,14,15,17,18,19,22>1,6,8,16,17,23,7,11,12,13,14,15,18,19
1,5,6,7,10,11,12,13,14,15,17,18,19,22>1,2,6,10,16,7,11,12,13,14,15,18,19
4,6,8,9,11,13,15,18,19,20>9,11,14,15,17,21,19,20,13
4,6,8,9,11,13,15,18,19,20>4,6,7,14,17,21,19,20,13
1,2,5,6,8,9,12,15,16,17,18,20,21,22,23>17,1,9,18,2,6,8,16,21,22,23
1,2,5,6,8,9,12,15,16,17,18,20,21,22,23>1,5,10,19,20,2,6,8,16,21,22,23
2,3,5,6,7,9,10,11,13,14,15,16,18,20,21>18,19,5,9,6,7,10,13,14,15,16,20,21
2,3,5,6,7,9,10,11,13,14,15,16,18,20,21>2,3,8,11,19,6,7,10,13,14,15,16,20,21
1,3,4,6,8,9,10,13,14,16,19,21,22>3,10,13,20,21,23,4,8,14,16,22
1,3,4,6,8,9,10,13,14,16,19,21,22>1,3,6,7,9,10,13,19,20,4,8,14,16,22
1,2,3,5,7,8,9,11,15,19,20,23>1,5,7,8,9,11,15,16,19,23,2,20
1,2,3,5,7,8,9,11,15,19,20,23>1,9,11,15,17,23,2,20
1,6,7,10,12,13,14,15,16,18,19,21,22,23>1,10,11,13,7,12,14,15,16,19,22,23
1,6,7,10,12,13,14,15,16,18,19,21,22,23>1,2,6,8,10,11,18,21,7,12,14,15,16,19,22,23
1,3,4,6,9,11,12,13,14,15,17,18,20,22>2,11,12,20,23,4,13,14,15,17,18
1,3,4,6,9,11,12,13,14,15,17,18,20,22>1,2,6,11,12,16,19,21,22,4,13,14,15,17,18
1,2,3,4,6,9,10,11,13,16,18,22,23>3,18,7,9,2,4,10,11,16,23
1,2,3,4,6,9,10,11,13,16,18,22,23>1,6,7,9,18,19,2,4,10,11,16,23
1,4,6,8,11,12,15,16,17,18,20,21,22>13,1,4,7,8,16,21,22
1,4,6,8,11,12,15,16,17,18,20,21,22>2,4,6,13,17,18,20,23,8,16,21,22
1,2,8,10,11,12,13,14,15,17,20,22,23>20,1,21,2,8,14,17,23
1,2,8,10,11,12,13,14,15,17,20,22,23>11,13,15,20,22,2,8,14,17,23
3,6,7,11,16,18,20,21,22,23>11,18,7,20,21,22,23
3,6,7,11,16,18,20,21,22,23>3,4,8,11,16,7,20,21,22,23
2,5,6,7,11,16,18,20,22>2,8,11,13,16,18,21,20,6,7
2,5,6,7,11,16,18,20,22>5,8,11,18,19,21,22,20,6,7
2,3,4,10,12,13,15,16,17,20>3,14,17,20,21,16,4,13
2,3,4,10,12,13,15,16,17,20>3,8,15,17,18,20,16,4,13
4,7,8,10,12,16,18,22,23>4,10,11,19,8,16,12,23
4,7,8,10,12,16,18,22,23>7,10,11,18,19,8,16,12,23
2,3,7,8,11,14,18,22,23>2,11,14,18,19,22,23
2,3,7,8,11,14,18,22,23>3,4,11,14,19,23
1,2,3,5,7,11,12,13,17,18,20>1,6,7,8,11,12,14,21,17,2,18,13
1,2,3,5,7,11,12,13,17,18,20>3,5,6,12,14,19,21,17,2,18,13
2,4,7,10,12,13,14,16,17,20,22,23>12,13,15,17,20,22,16,14,23
2,4,7,10,12,13,14,16,17,20,22,23>2,4,12,15,17,18,21,16,14,23
2,3,5,6,10,11,13,14,15,17,18,21>2,3,5,7,10,16,17,22,6,11,13,14,15,18
2,3,5,6,10,11,13,14,15,17,18,21>17,19,4,6,11,13,14,15,18
2,3,4,6,7,9,10,11,13,17,19>10,14,16,19,20,11,4,13,7
2,3,4,6,7,9,10,11,13,17,19>17,19,9,10,11,4,13,7
2,4,5,6,7,11,15,16,19,21>2,12,15,20,21,16,7
2,4,5,6,7,11,15,16,19,21>2,4,5,6,8,15,19,16,7
1,2,3,4,7,8,11,12,14,15,17,20,21>1,20,14,2,4,8,17,21
1,2,3,4,7,8,11,12,14,15,17,20,21>1,3,11,12,13,14,16,2,4,8,17,21
1,2,4,11,12,15,17,19,20,22>1,4,13,15,21,22,17,2
1,2,4,11,12,15,17,19,20,22>1,4,8,11,15,16,18,19,21,17,2
1,5,6,7,9,12,13,15,16,17,18,19,20,22>6,8,7,13,16,18,19
1,5,6,7,9,12,13,15,16,17,18,19,20,22>1,5,12,14,22,23,7,13,16,18,19
1,3,4,5,8,10,17,18,21,22>2,8,10,17,18,19,21,4,22
1,3,4,5,8,10,17,18,21,22>1,2,8,10,17,19,4,22
1,3,4,6,8,11,13,15,17,18,20>1,2,7,8,11,14,19,17,20,4,13
1,3,4,6,8,11,13,15,17,18,20>2,3,6,7,8,18,19,17,20,4,13
1,2,3,6,9,12,13,16,17,20,23>7,9,10,12,14,18,20,23,2
1,2,3,6,9,12,13,16,17,20,23>3,4,6,7,12,13,14,16,18,21,23,2
1,5,8,9,10,12,15,19,21,23>1,2,9,10,11,15,19,22,23,8,12
1,5,8,9,10,12,15,19,21,23>1,2,5,10,15,16,22,8,12
1,5,7,10,11,12,13,14,17,21,22,23>6,7,8,10,13,15,17,21,11,12,14,22,23
1,5,7,10,11,12,13,14,17,21,22,23>2,6,8,15,17,18,21,11,12,14,22,23
2,3,4,7,9,10,11,12,16,19,20>2,3,8,11,13,16,4
2,3,4,7,9,10,11,12,16,19,20>7,9,10,12,21,16,4
1,2,4,7,8,14,16,17,18,19,23>12,14,17,8,16,2,19
1,2,4,7,8,14,16,17,18,19,23>1,4,7,12,17,18,8,16,2,19
3,4,5,8,9,15,17,20>3,8,9,10,15,21,17,4,20
3,4,5,8,9,15,17,20>5,6,8,10,17,4,20
2,3,4,7,8,10,11,12,13,14,16,17,18,19,20>18,2,20,4,8,13,14,16,19
2,3,4,7,8,10,11,12,13,14,16,17,18,19,20>3,11,17,18,21,4,8,13,14,16,19
1,3,5,6,8,13,15,18,19,22>1,2,4,6,8,16,18,20,22,23,19
1,3,5,6,8,13,15,18,19,22>3,5,6,7,14,15,18,20,19
1,3,5,6,7,8,12,15,16,17,18,19,20,22,23>1,4,5,6,12,15,20,7,8,16,19,23
1,3,5,6,7,8,12,15,16,17,18,19,20,22,23>1,3,6,17,18,20,21,7,8,16,19,23
1,2,3,4,5,7,9,10,12,15,16,18,19,21,22,23>3,5,9,10,11,18,21,2,4,12,16,19,22,23
1,2,3,4,5,7,9,10,12,15,16,18,19,21,22,23>1,3,5,10,15,18,21,2,4,12,16,19,22,23
1,2,3,5,8,9,10,11,13,14,17,18,20,21>11,18,8,9,2,10,13,14,17,20,21
1,2,3,5,8,9,10,11,13,14,17,18,20,21>4,5,6,9,2,10,13,14,17,20,21
1,2,4,5,6,8,11,12,13,17,18,20,22,23>5,7,13,14,18,20,21,2,6,8,17,23
1,2,4,5,6,8,11,12,13,17,18,20,22,23>1,5,12,13,14,18,22,2,6,8,17,23
1,3,6,7,10,14,16,18,21,23>1,4,8,11,12,15,19,23,7
1,3,6,7,10,14,16,18,21,23>1,2,6,10,11,19,23,7
1,3,6,9,12,13,14,17,18,20,21,23>2,4,9,10,15,19,20,23,17,18,21,14
1,3,6,9,12,13,14,17,18,20,21,23>3,4,7,8,13,19,22,23,17,18,21,14
5,6,9,14,17,18,20,22,23>10,14,6,17,18,20,23
5,6,9,14,17,18,20,22,23>5,7,14,15,6,17,18,20,23
2,3,5,6,7,10,11,12,13,15,16,19,20,22>3,5,6,10,11,12,14,15,21,22,16,13,7
2,3,5,6,7,10,11,12,13,15,16,19,20,22>2,3,4,8,10,11,12,14,15,19,21,23,16,13,7
5,7,10,11,12,18,19,20,21>8,11,12,17,20,22,19,21
5,7,10,11,12,18,19,20,21>5,7,8,11,12,13,20,19,21
1,2,3,4,10,11,12,15,17,20>1,10,13,15,18,20,21,17,2,4
1,2,3,4,10,11,12,15,17,20>3,20,10,21,17,2,4
1,3,6,7,8,12,13,14,18>2,4,6,18,19,7,8,12,13,14
1,3,6,7,8,12,13,14,18>1,2,3,19,7,8,12,13,14
2,3,6,7,8,9,10,11,13,14,15,18,21,23>2,3,6,18,19,23,10,11,14,7
2,3,6,7,8,9,10,11,13,14,15,18,21,23>2,4,9,15,19,22,23,10,11,14,7
2,3,4,7,9,11,12,14,15,16,21,23>3,9,10,11,14,21,23,16,4,12,15
2,3,4,7,9,11,12,14,15,16,21,23>7,8,10,11,23,16,4,12,15
1,5,6,7,9,11,12,14,18,19,23>5,6,8,9,19,12,7
1,5,6,7,9,11,12,14,18,19,23>1,2,5,8,9,11,15,18,19,12,7
1,2,5,6,7,8,9,10,11,12,14,15,17,18,19,20,21>1,10,13,14,15,16,20,2,7,8,17,19,21
1,2,5,6,7,8,9,10,11,12,14,15,17,18,19,20,21>5,10,11,12,13,14,20,22,2,7,8,17,19,21
2,3,4,5,8,9,11,13,14,15,16,18,19,20,22>2,22,18,4,8,13,14,16,19,20
2,3,4,5,8,9,11,13,14,15,16,18,19,20,22>3,5,9,11,21,23,4,8,13,14,16,19,20
2,3,4,7,8,9,10,11,14,15,16,17,21,22,23>17,2,4,8,10,11,16,22,23
2,3,4,7,8,9,10,11,14,15,16,17,21,22,23>2,3,12,15,4,8,10,11,16,22,23
1,2,3,4,6,10,11,13,14,15,16,17,19,21>18,20,7,10,2,4,11,13,14,15,16
1,2,3,4,6,10,11,13,14,15,16,17,19,21>3,6,7,12,17,18,22,2,4,11,13,14,15,16
1,3,7,8,13,14,15,16,17,21,22>1,4,7,12,15,8,13,14,16,22
1,3,7,8,13,14,15,16,17,21,22>1,2,4,21,8,13,14,16,22
