TCR,NFAT,IFN-\beta,IFN-\betaR,IL-18,IL-18R,IRAK,SOCS1,IL-12,IL-12R,STAT4,T-bet,IFN-\gamma,IFN-\gammaR,JAK1,STAT1,IL-4,IL-4R,STAT6,GATA3,IL-10,IL-10R,STAT3
3,4,6,8,9,10,11,12,13,16,18,19,20,21>14,10,11,12,4,8,13,16,19,21
3,4,6,8,9,10,11,12,13,16,18,19,20,21>9,11,12,14,18,20,4,8,13,16,19,21
3,4,6,8,9,10,11,12,13,16,18,19,20,21>3,7,9,10,14,18,20,4,8,13,16,19,21
3,4,6,8,9,10,11,12,13,16,18,19,20,21>6,7,9,11,12,18,22,4,8,13,16,19,21
2,5,6,7,9,12,16,18,19,21>2,22,8,16,19,12,7
2,5,6,7,9,12,16,18,19,21>2,5,8,18,22,19,12,7
2,5,6,7,9,12,16,18,19,21>6,8,16,18,21,19,12,7
2,5,6,7,9,12,16,18,19,21>2,5,6,8,9,18,21,19,12,7
2,4,6,7,8,9,19,20>17,21,9,16,20,7
2,4,6,7,8,9,19,20>2,4,9,16,17,19,20,7
2,4,6,7,8,9,19,20>2,6,9,13,16,17,20,7
2,4,6,7,8,9,19,20>2,4,6,19,21,20,7
3,4,5,6,9,12,13,15,16,18,20,21,22>8,10,12,14,19,20,23,4,6,13,16,21,22
3,4,5,6,9,12,13,15,16,18,20,21,22>3,8,9,10,14,15,18,4,6,13,16,21,22
3,4,5,6,9,12,13,15,16,18,20,21,22>5,9,10,14,19,4,6,13,16,21,22
3,4,5,6,9,12,13,15,16,18,20,21,22>15,5,8,4,6,13,16,21,22
5,6,8,9,11,13,16,18,20,21,22,23>7,10,14,18,19,6,8,20,21,22,23
5,6,8,9,11,13,16,18,20,21,22,23>9,10,11,13,14,19,6,8,20,21,22,23
5,6,8,9,11,13,16,18,20,21,22,23>5,9,10,11,13,18,19,6,8,20,21,22,23
5,6,8,9,11,13,16,18,20,21,22,23>16,7,9,13,6,8,20,21,22,23
1,2,4,5,6,7,8,9,10,12,16,20,22>1,4,5,12,13,20,2,6,7,8,10,16
1,2,4,5,6,7,8,9,10,12,16,20,22>1,5,9,12,20,21,2,6,7,8,10,16
1,2,4,5,6,7,8,9,10,12,16,20,22>4,5,9,12,13,20,21,22,2,6,7,8,10,16
1,2,4,5,6,7,8,9,10,12,16,20,22>1,4,5,9,12,21,22,2,6,7,8,10,16
2,4,6,8,10,11,19,20,21,22,23>16,2,7,8,20,21,22,23
2,4,6,8,10,11,19,20,21,22,23>4,7,11,16,17,19,20,21,22,23
2,4,6,8,10,11,19,20,21,22,23>16,2,10,17,20,21,22,23
2,4,6,8,10,11,19,20,21,22,23>4,6,8,10,17,19,20,21,22,23
1,2,6,8,11,13,16,20,23>1,14,23,8,2,20
1,2,6,8,11,13,16,20,23>6,11,16,21,23,8,2,20
1,2,6,8,11,13,16,20,23>1,6,11,13,16,8,2,20
1,2,6,8,11,13,16,20,23>1,6,13,16,21,8,2,20
3,4,5,8,12,14,15,17,23>23,15,16,17,8,4,12
3,4,5,8,12,14,15,17,23>23,3,17,8,4,12
3,4,5,8,12,14,15,17,23>3,5,14,15,16,8,4,12
3,4,5,8,12,14,15,17,23>3,5,6,8,4,12
1,2,4,5,6,8,11,16,19,21,23>1,21,11,12,8,16,2
1,2,4,5,6,8,11,16,19,21,23>4,6,7,11,19,20,22,8,16,2
1,2,4,5,6,8,11,16,19,21,23>4,7,11,12,19,23,8,16,2
1,2,4,5,6,8,11,16,19,21,23>4,5,6,7,11,12,19,20,21,8,16,2
2,3,5,9,11,12,13,14,16,17,18,19,20,21,22,23>9,11,13,15,16,17,14,18,19,21,22,23
2,3,5,9,11,12,13,14,16,17,18,19,20,21,22,23>12,3,17,11,14,18,19,21,22,23
2,3,5,9,11,12,13,14,16,17,18,19,20,21,22,23>3,5,8,9,12,15,17,20,14,18,19,21,22,23
2,3,5,9,11,12,13,14,16,17,18,19,20,21,22,23>3,5,8,9,11,13,16,14,18,19,21,22,23
2,3,7,9,11,13,14,15,16,18,21>2,9,11,18,22,16,13,14,15
2,3,7,9,11,13,14,15,16,18,21>2,3,7,10,11,22,16,13,14,15
2,3,7,9,11,13,14,15,16,18,21>2,3,9,10,19,21,22,16,13,14,15
2,3,7,9,11,13,14,15,16,18,21>2,3,4,7,10,12,18,21,16,13,14,15
1,3,5,7,8,10,11,13,16,20>3,5,6,7,10,11,8,20,13
1,3,5,7,8,10,11,13,16,20>10,16,3,6,8,20,13
1,3,5,7,8,10,11,13,16,20>1,3,7,11,14,16,21,8,20,13
1,3,5,7,8,10,11,13,16,20>1,2,3,10,14,21,8,20,13
1,2,3,4,10,11,12,13,15,18,19,20,21,22>16,10,20,14,2,4,13,19,21,22
1,2,3,4,10,11,12,13,15,18,19,20,21,22>1,3,12,16,17,18,20,2,4,13,19,21,22
1,2,3,4,10,11,12,13,15,18,19,20,21,22>8,10,12,14,15,18,20,23,2,4,13,19,21,22
1,2,3,4,10,11,12,13,15,18,19,20,21,22>1,3,8,14,15,16,18,20,2,4,13,19,21,22
1,2,7,9,11,14,15,18,19,21,22,23>11,18,2,15,19,22,23
1,2,7,9,11,14,15,18,19,21,22,23>20,1,11,21,2,15,19,22,23
1,2,7,9,11,14,15,18,19,21,22,23>1,9,21,2,15,19,22,23
1,2,7,9,11,14,15,18,19,21,22,23>1,7,9,2,15,19,22,23
2,6,8,10,13,15,17,19>2,6,10,11,14,16,20,13
2,6,8,10,13,15,17,19>7,8,10,14,15,16,17,13
2,6,8,10,13,15,17,19>2,7,8,10,11,15,19,20,13
2,6,8,10,13,15,17,19>6,7,10,14,15,17,20,13
2,3,5,6,8,9,12,13,14,15,17,18,19,20,21,22>2,3,6,9,16,18,23,8,13,14,17,19,21,22
2,3,5,6,8,9,12,13,14,15,17,18,19,20,21,22>4,5,9,12,23,8,13,14,17,19,21,22
2,3,5,6,8,9,12,13,14,15,17,18,19,20,21,22>3,4,5,6,12,15,16,18,20,23,8,13,14,17,19,21,22
2,3,5,6,8,9,12,13,14,15,17,18,19,20,21,22>2,3,4,6,9,12,15,16,23,8,13,14,17,19,21,22
1,2,3,4,5,11,14,15,18,19,22>1,3,13,14,20,22,2,19,4,15
1,2,3,4,5,11,14,15,18,19,22>1,3,13,14,16,18,22,23,2,19,4,15
1,2,3,4,5,11,14,15,18,19,22>1,5,13,14,20,23,2,19,4,15
1,2,3,4,5,11,14,15,18,19,22>1,3,5,11,13,18,22,23,2,19,4,15
1,6,7,10,11,12,13,17,19,21>22,10,14,17,11,12,13,7
1,6,7,10,11,12,13,17,19,21>1,6,10,19,22,11,12,13,7
1,6,7,10,11,12,13,17,19,21>2,6,8,18,21,11,12,13,7
1,6,7,10,11,12,13,17,19,21>1,2,6,8,17,21,11,12,13,7
1,2,3,6,7,8,9,10,11,12,14,15,17,19,22>3,9,15,16,23,2,7,8,11,12
1,2,3,6,7,8,9,10,11,12,14,15,17,19,22>1,3,10,13,16,17,23,2,7,8,11,12
1,2,3,6,7,8,9,10,11,12,14,15,17,19,22>4,6,9,14,15,17,19,22,2,7,8,11,12
1,2,3,6,7,8,9,10,11,12,14,15,17,19,22>1,3,4,13,15,16,17,22,23,2,7,8,11,12
1,2,3,4,5,7,8,10,14,15,21>6,8,10,14,21,2,4
1,2,3,4,5,7,8,10,14,15,21>1,3,7,8,11,13,16,21,22,2,4
1,2,3,4,5,7,8,10,14,15,21>5,6,7,8,14,22,2,4
1,2,3,4,5,7,8,10,14,15,21>1,5,7,10,11,14,21,2,4
2,6,7,8,11,13,14,15,16,17,21,23>2,6,12,21,22,23,8,16,14,7
2,6,7,8,11,13,14,15,16,17,21,23>11,12,15,17,22,23,8,16,14,7
2,6,7,8,11,13,14,15,16,17,21,23>2,6,11,15,23,8,16,14,7
2,6,7,8,11,13,14,15,16,17,21,23>2,6,11,13,17,22,8,16,14,7
1,3,4,7,9,12,15,16,18,21,22>1,10,13,15,18,19,21,16,4,12,22
1,3,4,7,9,12,15,16,18,21,22>1,2,9,13,21,23,16,4,12,22
1,3,4,7,9,12,15,16,18,21,22>3,7,8,10,18,19,23,16,4,12,22
1,3,4,7,9,12,15,16,18,21,22>2,3,8,9,10,13,15,18,23,16,4,12,22
2,3,7,9,13,16,17,18,19,20,21>16,2,8,13,18,19,20,21
2,3,7,9,13,16,17,18,19,20,21>3,8,9,16,17,13,18,19,20,21
2,3,7,9,13,16,17,18,19,20,21>2,3,7,16,22,13,18,19,20,21
2,3,7,9,13,16,17,18,19,20,21>2,4,14,16,17,13,18,19,20,21
6,7,8,9,10,11,14,15,17,19,22,23>6,15,16,17,20,22,11,23,7
6,7,8,9,10,11,14,15,17,19,22,23>8,10,14,15,19,20,11,23,7
6,7,8,9,10,11,14,15,17,19,22,23>8,9,14,15,17,19,22,11,23,7
6,7,8,9,10,11,14,15,17,19,22,23>6,8,9,10,16,17,11,23,7
2,3,4,6,7,10,11,13,14,15,16,17,19,20,23>2,8,10,11,17,18,21,4,7,14,15,16,20
2,3,4,6,7,10,11,13,14,15,16,17,19,20,23>2,3,8,17,18,23,4,7,14,15,16,20
2,3,4,6,7,10,11,13,14,15,16,17,19,20,23>2,6,8,13,21,23,4,7,14,15,16,20
2,3,4,6,7,10,11,13,14,15,16,17,19,20,23>3,6,8,13,18,23,4,7,14,15,16,20
1,2,5,6,7,8,14,15,17,18,21,22>13,14,16,17,19,2,22,6,7
1,2,5,6,7,8,14,15,17,18,21,22>1,13,16,17,19,21,23,2,22,6,7
1,2,5,6,7,8,14,15,17,18,21,22>1,8,13,18,21,2,22,6,7
1,2,5,6,7,8,14,15,17,18,21,22>1,5,8,17,18,19,2,22,6,7
2,3,5,6,10,11,12,13,14,22>2,3,4,7,15,22,23,6,11,12,13,14
2,3,5,6,10,11,12,13,14,22>3,5,8,10,23,6,11,12,13,14
2,3,5,6,10,11,12,13,14,22>2,3,4,7,8,10,6,11,12,13,14
2,3,5,6,10,11,12,13,14,22>2,3,4,5,8,10,15,6,11,12,13,14
1,3,4,5,8,10,13,14,16,18,21,22>1,2,3,5,6,10,11,13,19,4,8,14,16,22
1,3,4,5,8,10,13,14,16,18,21,22>1,2,5,6,10,11,13,18,4,8,14,16,22
1,3,4,5,8,10,13,14,16,18,21,22>1,3,5,6,10,12,13,18,21,4,8,14,16,22
1,3,4,5,8,10,13,14,16,18,21,22>1,2,3,6,11,12,18,21,23,4,8,14,16,22
2,3,4,5,6,7,8,9,10,13,14,16,17,19,23>9,11,17,19,20,23,4,7,8,14,16
2,3,4,5,6,7,8,9,10,13,14,16,17,19,23>2,3,6,9,10,11,12,13,19,20,23,4,7,8,14,16
2,3,4,5,6,7,8,9,10,13,14,16,17,19,23>2,3,6,9,10,17,19,23,4,7,8,14,16
2,3,4,5,6,7,8,9,10,13,14,16,17,19,23>2,3,5,9,10,12,13,17,4,7,8,14,16
1,3,7,9,10,11,12,13,14,17,19,20>1,7,9,11,12,15,19,20,21,17,13,14
1,3,7,9,10,11,12,13,14,17,19,20>1,9,10,11,12,15,18,17,13,14
1,3,7,9,10,11,12,13,14,17,19,20>10,1,11,21,17,13,14
1,3,7,9,10,11,12,13,14,17,19,20>2,3,4,7,9,11,15,19,20,17,13,14
2,3,5,6,8,10,15,17,18,20,22,23>2,4,5,7,8,16,19,17,20,6,23
2,3,5,6,8,10,15,17,18,20,22,23>4,15,16,18,19,22,17,20,6,23
2,3,5,6,8,10,15,17,18,20,22,23>2,4,8,10,15,16,19,17,20,6,23
2,3,5,6,8,10,15,17,18,20,22,23>2,4,7,8,15,22,17,20,6,23
4,8,9,16,17,19,20>9,8,16,20
4,8,9,16,17,19,20>17,21,8,16,20
4,8,9,16,17,19,20>17,19,8,16,20
4,8,9,16,17,19,20>4,17,8,16,20
1,3,10,15,19,20,21,22,23>2,10,15,20,21,22,23
1,3,10,15,19,20,21,22,23>1,2,3,4,16,17,19,20,21,22,23
1,3,10,15,19,20,21,22,23>3,10,15,16,17,19,20,21,22,23
1,3,10,15,19,20,21,22,23>1,2,3,10,17,19,20,21,22,23
2,3,5,7,8,13,14,15,18,20,22,23>2,6,7,8,16,17,19,21,22,20,14,23
2,3,5,7,8,13,14,15,18,20,22,23>3,5,8,16,18,20,14,23
2,3,5,7,8,13,14,15,18,20,22,23>2,5,6,8,13,15,16,19,21,22,20,14,23
2,3,5,7,8,13,14,15,18,20,22,23>2,4,5,17,18,20,14,23
3,4,5,7,8,9,11,13,14,15,20,21,23>7,8,9,16,17,23,21,4,20,14
3,4,5,7,8,9,11,13,14,15,20,21,23>3,8,10,13,15,16,17,21,4,20,14
3,4,5,7,8,9,11,13,14,15,20,21,23>3,5,8,10,11,15,16,23,21,4,20,14
3,4,5,7,8,9,11,13,14,15,20,21,23>3,8,10,11,16,22,23,21,4,20,14
6,7,9,10,12,13,15,19,21,23>6,8,11,19,22,23,12,7
6,7,9,10,12,13,15,19,21,23>6,9,14,16,21,22,12,7
6,7,9,10,12,13,15,19,21,23>6,9,11,13,14,15,19,21,12,7
6,7,9,10,12,13,15,19,21,23>8,9,10,19,21,12,7
1,5,7,9,11,12,14,16,18,22>2,6,8,9,11,16,18,12
1,5,7,9,11,12,14,16,18,22>5,6,7,8,14,15,16,18,22,23,12
1,5,7,9,11,12,14,16,18,22>1,5,7,10,11,13,14,15,16,18,19,22,23,12
1,5,7,9,11,12,14,16,18,22>2,5,8,9,11,13,16,19,22,23,12
2,5,7,9,10,13,19,21>2,5,9,14,21,13
2,5,7,9,10,13,19,21>2,5,10,11,20,22,13
2,5,7,9,10,13,19,21>2,7,10,19,20,21,13
2,5,7,9,10,13,19,21>2,5,7,10,14,21,13
1,2,3,4,6,11,13,18,20,21>1,11,14,18,2,4,13,20,21
1,2,3,4,6,11,13,18,20,21>1,14,17,19,22,2,4,13,20,21
1,2,3,4,6,11,13,18,20,21>1,6,7,11,16,18,19,2,4,13,20,21
1,2,3,4,6,11,13,18,20,21>1,3,6,7,11,16,17,19,22,2,4,13,20,21
1,2,3,4,6,12,14,15,18,21>3,6,7,8,13,18,2,4,12,15
1,2,3,4,6,12,14,15,18,21>1,7,13,16,19,22,2,4,12,15
1,2,3,4,6,12,14,15,18,21>6,7,13,16,18,2,4,12,15
1,2,3,4,6,12,14,15,18,21>3,6,8,13,14,16,18,21,22,2,4,12,15
1,3,6,7,9,10,12,13,14,15,17,18,21>6,8,11,16,19,7,10,12,13,14,15,18
1,3,6,7,9,10,12,13,14,15,17,18,21>2,4,6,8,9,19,21,7,10,12,13,14,15,18
1,3,6,7,9,10,12,13,14,15,17,18,21>4,11,16,17,19,21,22,7,10,12,13,14,15,18
1,3,6,7,9,10,12,13,14,15,17,18,21>1,2,3,8,19,7,10,12,13,14,15,18
3,9,10,12,13,15,17,19,20,22>12,14,18,19,21,17,13
3,9,10,12,13,15,17,19,20,22>3,16,12,14,17,13
3,9,10,12,13,15,17,19,20,22>3,9,12,15,16,18,20,22,23,17,13
3,9,10,12,13,15,17,19,20,22>4,8,14,15,16,18,21,22,23,17,13
3,4,6,8,13,14,18,19,21>20,22,18,19,4,14
3,4,6,8,13,14,18,19,21>3,8,13,18,22,19,4,14
3,4,6,8,13,14,18,19,21>22,13,16,19,4,14
3,4,6,8,13,14,18,19,21>3,7,16,18,22,19,4,14
2,3,4,8,11,13,15,16,17,19,20,21>2,3,14,15,17,19,4,8,13,16,20,21
2,3,4,8,11,13,15,16,17,19,20,21>22,2,3,4,8,13,16,20,21
2,3,4,8,11,13,15,16,17,19,20,21>22,11,15,4,8,13,16,20,21
2,3,4,8,11,13,15,16,17,19,20,21>3,11,4,8,13,16,20,21
1,7,9,10,13,15,22,23>2,7,9,11,14,10,23
1,7,9,10,13,15,22,23>1,7,9,11,16,10,23
1,7,9,10,13,15,22,23>2,7,9,15,16,10,23
1,7,9,10,13,15,22,23>1,11,13,14,16,22,10,23
3,5,6,9,11,13,14,22>22,4,10,11,13,6,14
3,5,6,9,11,13,14,22>5,7,9,10,15,13,6,14
3,5,6,9,11,13,14,22>3,23,5,11,13,6,14
3,5,6,9,11,13,14,22>4,5,7,9,10,23,13,6,14
1,2,4,6,9,10,11,12,13,14,16,22,23>1,8,22,2,10,11,12,14,16,23
1,2,4,6,9,10,11,12,13,14,16,22,23>1,4,7,8,13,2,10,11,12,14,16,23
1,2,4,6,9,10,11,12,13,14,16,22,23>15,1,4,9,2,10,11,12,14,16,23
1,2,4,6,9,10,11,12,13,14,16,22,23>6,7,8,9,13,15,22,2,10,11,12,14,16,23
1,2,3,4,6,7,9,11,15,17,19,20,21>9,11,16,18,19,22,2,4,7,17,20,21
1,2,3,4,6,7,9,11,15,17,19,20,21>18,6,15,2,4,7,17,20,21
1,2,3,4,6,7,9,11,15,17,19,20,21>16,19,22,15,2,4,7,17,20,21
1,2,3,4,6,7,9,11,15,17,19,20,21>1,3,6,11,13,18,19,2,4,7,17,20,21
2,6,7,8,10,11,13,14,15,16,17,18,19,22,23>2,12,13,15,17,18,20,22,7,8,11,14,16,19,23
2,6,7,8,10,11,13,14,15,16,17,18,19,22,23>20,6,12,17,7,8,11,14,16,19,23
2,6,7,8,10,11,13,14,15,16,17,18,19,22,23>2,6,12,13,15,7,8,11,14,16,19,23
2,6,7,8,10,11,13,14,15,16,17,18,19,22,23>6,10,12,17,7,8,11,14,16,19,23
1,3,4,5,7,9,12,13,14,17,19,20,21,22>1,5,7,16,19,20,4,13,14,17,21,22
1,3,4,5,7,9,12,13,14,17,19,20,21,22>12,1,19,7,4,13,14,17,21,22
1,3,4,5,7,9,12,13,14,17,19,20,21,22>1,2,5,9,12,15,18,19,20,4,13,14,17,21,22
1,3,4,5,7,9,12,13,14,17,19,20,21,22>1,3,19,7,4,13,14,17,21,22
2,4,5,6,7,8,9,10,11,12,14,15,16,18,20,23>5,11,12,15,19,21,23,6,7,8,10,16
2,4,5,6,7,8,9,10,11,12,14,15,16,18,20,23>5,14,15,19,20,21,23,6,7,8,10,16
2,4,5,6,7,8,9,10,11,12,14,15,16,18,20,23>5,9,11,14,15,18,19,21,23,6,7,8,10,16
2,4,5,6,7,8,9,10,11,12,14,15,16,18,20,23>2,4,5,12,14,20,6,7,8,10,16
1,3,4,10,11,13,14,15,16,19,22>20,22,8,19,4,11,13,14,15,16
1,3,4,10,11,13,14,15,16,19,22>1,23,8,10,4,11,13,14,15,16
1,3,4,10,11,13,14,15,16,19,22>2,10,12,19,22,4,11,13,14,15,16
1,3,4,10,11,13,14,15,16,19,22>1,3,10,19,4,11,13,14,15,16
1,2,3,6,7,9,10,11,13,14,15,20,23>13,16,17,21,23,2,7,10,14,15,20
1,2,3,6,7,9,10,11,13,14,15,20,23>16,1,9,2,7,10,14,15,20
1,2,3,6,7,9,10,11,13,14,15,20,23>1,4,11,16,21,2,7,10,14,15,20
1,2,3,6,7,9,10,11,13,14,15,20,23>1,3,4,13,2,7,10,14,15,20
1,2,3,4,6,7,8,10,11,12,13,14,15,17>15,16,17,2,4,7,8,11,12,13,14
1,2,3,4,6,7,8,10,11,12,13,14,15,17>3,16,17,2,4,7,8,11,12,13,14
1,2,3,4,6,7,8,10,11,12,13,14,15,17>1,3,15,17,2,4,7,8,11,12,13,14
1,2,3,4,6,7,8,10,11,12,13,14,15,17>1,6,16,2,4,7,8,11,12,13,14
1,2,3,5,6,10,11,14,15,18,23>1,3,7,16,18,19,2,11,6,15
1,2,3,5,6,10,11,14,15,18,23>1,3,5,2,11,6,15
1,2,3,5,6,10,11,14,15,18,23>4,5,7,14,16,23,2,11,6,15
1,2,3,5,6,10,11,14,15,18,23>18,19,4,5,2,11,6,15
4,8,13,15,20,22>4,8,15,16,17,22,20
4,8,13,15,20,22>8,14,16,21,22,20
4,8,13,15,20,22>4,8,15,16,23,20
4,8,13,15,20,22>4,13,14,17,22,23,20
4,5,8,10,15,17,18,22>8,10,11,15,17,19,23
4,5,8,10,15,17,18,22>4,8,10,16,17,18,22,23
4,5,8,10,15,17,18,22>6,8,11,19,22
4,5,8,10,15,17,18,22>4,8,11,15,16,18,22,23
3,4,5,6,7,8,9,10,11,12,13,14,16,18,19,20,23>13,18,21,4,7,8,14,16,19
3,4,5,6,7,8,9,10,11,12,13,14,16,18,19,20,23>3,21,11,12,4,7,8,14,16,19
3,4,5,6,7,8,9,10,11,12,13,14,16,18,19,20,23>5,10,11,12,20,21,4,7,8,14,16,19
3,4,5,6,7,8,9,10,11,12,13,14,16,18,19,20,23>18,20,6,4,7,8,14,16,19
2,3,6,7,9,11,13,14,17,19,21,23>13,15,17,18,20,21,22,14,7
2,3,6,7,9,11,13,14,17,19,21,23>3,13,15,19,23,14,7
2,3,6,7,9,11,13,14,17,19,21,23>3,6,9,13,17,19,20,21,23,14,7
2,3,6,7,9,11,13,14,17,19,21,23>4,6,9,11,13,17,20,14,7
1,2,3,5,9,13,14,15,16,18,19,22>1,5,8,9,18,20,2,13,14,15,16,19
1,2,3,5,9,13,14,15,16,18,19,22>1,3,8,9,12,18,20,22,23,2,13,14,15,16,19
1,2,3,5,9,13,14,15,16,18,19,22>1,5,8,9,12,18,22,23,2,13,14,15,16,19
1,2,3,5,9,13,14,15,16,18,19,22>1,3,4,5,9,12,18,23,2,13,14,15,16,19
2,10,11,12,14,15,18,20,22>2,11,12,14,18,19,22,23,15
2,10,11,12,14,15,18,20,22>2,11,12,14,16,17,18,20,21,22,15
2,10,11,12,14,15,18,20,22>2,8,11,12,17,20,21,22,15
2,10,11,12,14,15,18,20,22>2,8,10,20,21,15
2,5,7,8,9,10,18,19>2,20,9,10,19
2,5,7,8,9,10,18,19>5,9,10,11,19
2,5,7,8,9,10,18,19>7,8,9,18,20,19
2,5,7,8,9,10,18,19>2,5,7,9,13,20,19
3,4,5,6,7,9,16,18,21,22,23>19,21,10,18,4,6,7,16,22,23
3,4,5,6,7,9,16,18,21,22,23>3,9,18,19,21,4,6,7,16,22,23
3,4,5,6,7,9,16,18,21,22,23>3,5,10,12,4,6,7,16,22,23
3,4,5,6,7,9,16,18,21,22,23>8,9,10,19,21,4,6,7,16,22,23
1,2,4,6,7,8,11,12,15,16,23>1,11,23,2,7,8,12,16
1,2,4,6,7,8,11,12,15,16,23>1,4,15,23,2,7,8,12,16
1,2,4,6,7,8,11,12,15,16,23>6,11,15,2,7,8,12,16
1,2,4,6,7,8,11,12,15,16,23>1,4,6,15,2,7,8,12,16
1,3,5,6,7,8,9,10,11,13,15,19>4,6,8,11,13,7
1,3,5,6,7,8,9,10,11,13,15,19>1,4,9,15,19,20,11,13,7
1,3,5,6,7,8,9,10,11,13,15,19>1,3,5,8,19,11,13,7
1,3,5,6,7,8,9,10,11,13,15,19>1,3,5,6,9,10,14,15,16,19,20,11,13,7
1,2,5,7,8,9,10,12,13,15,16,17,20,21,22>7,12,14,15,23,2,8,10,13,16,21,22
1,2,5,7,8,9,10,12,13,15,16,17,20,21,22>5,7,9,15,17,2,8,10,13,16,21,22
1,2,5,7,8,9,10,12,13,15,16,17,20,21,22>1,5,14,15,17,20,2,8,10,13,16,21,22
1,2,5,7,8,9,10,12,13,15,16,17,20,21,22>7,9,14,15,20,23,2,8,10,13,16,21,22
1,3,7,9,10,11,13,14,15,17,18,19,22,23>2,7,9,16,17,11,14,15,18,19,23
1,3,7,9,10,11,13,14,15,17,18,19,22,23>3,4,7,10,17,20,11,14,15,18,19,23
1,3,7,9,10,11,13,14,15,17,18,19,22,23>2,3,7,17,20,22,11,14,15,18,19,23
1,3,7,9,10,11,13,14,15,17,18,19,22,23>16,2,3,11,14,15,18,19,23
1,2,3,4,10,13,14,15,18,19,20,21>1,3,18,2,4,13,14,15,19,20,21
1,2,3,4,10,13,14,15,18,19,20,21>1,10,16,17,22,2,4,13,14,15,19,20,21
1,2,3,4,10,13,14,15,18,19,20,21>3,10,18,2,4,13,14,15,19,20,21
1,2,3,4,10,13,14,15,18,19,20,21>1,3,10,16,2,4,13,14,15,19,20,21
1,2,3,4,5,6,9,11,13,14,15,16,18,22,23>8,9,11,12,22,2,4,6,14,15,16,23
1,2,3,4,5,6,9,11,13,14,15,16,18,22,23>1,8,9,11,13,18,19,22,2,4,6,14,15,16,23
1,2,3,4,5,6,9,11,13,14,15,16,18,22,23>5,8,9,11,13,19,2,4,6,14,15,16,23
1,2,3,4,5,6,9,11,13,14,15,16,18,22,23>1,5,11,13,22,2,4,6,14,15,16,23
2,3,4,5,8,11,12,18,20>2,6,11,18,19,8,4
2,3,4,5,8,11,12,18,20>5,6,11,12,16,17,18,19,21,8,4
2,3,4,5,8,11,12,18,20>5,12,13,18,20,8,4
2,3,4,5,8,11,12,18,20>2,3,5,8,4
1,2,5,6,8,9,14,15,17,18,19,22,23>15,16,6,20,2,19,23
1,2,5,6,8,9,14,15,17,18,19,22,23>6,8,9,16,17,18,20,2,19,23
1,2,5,6,8,9,14,15,17,18,19,22,23>1,6,7,14,15,18,20,2,19,23
1,2,5,6,8,9,14,15,17,18,19,22,23>5,6,7,8,16,17,20,2,19,23
1,2,3,4,6,11,12,15,16,18,20,22,23>1,3,12,18,20,21,22,16,2,4,23
1,2,3,4,6,11,12,15,16,18,20,22,23>6,12,20,21,22,16,2,4,23
1,2,3,4,6,11,12,15,16,18,20,22,23>1,6,8,18,20,22,16,2,4,23
1,2,3,4,6,11,12,15,16,18,20,22,23>1,3,6,12,15,18,20,22,16,2,4,23
1,3,5,6,7,8,9,11,13,15,16,20,22>1,4,5,10,15,22,23,6,7,8,13,16,20
1,3,5,6,7,8,9,11,13,15,16,20,22>1,2,5,10,21,23,6,7,8,13,16,20
1,3,5,6,7,8,9,11,13,15,16,20,22>3,4,5,10,21,6,7,8,13,16,20
1,3,5,6,7,8,9,11,13,15,16,20,22>2,3,5,9,14,21,6,7,8,13,16,20
1,4,5,6,8,10,11,13,18,19,22,23>1,4,6,7,8,10,14,16,18,19,11,23
1,4,5,6,8,10,11,13,18,19,22,23>1,2,5,6,8,10,16,20,22,19,11,23
1,4,5,6,8,10,11,13,18,19,22,23>1,4,5,7,8,13,16,20,22,19,11,23
1,4,5,6,8,10,11,13,18,19,22,23>1,2,4,5,7,10,13,14,18,19,11,23
2,4,6,8,9,12,15,17,22,23>16,4,7,15,8,12,23
2,4,6,8,9,12,15,17,22,23>4,7,10,15,8,12,23
2,4,6,8,9,12,15,17,22,23>2,4,22,17,8,12,23
2,4,6,8,9,12,15,17,22,23>4,6,7,10,16,22,8,12,23
4,5,6,7,10,12,13,14,15,20,22>23,10,12,17,6,7,13,14,15
4,5,6,7,10,12,13,14,15,20,22>5,10,16,21,23,6,7,13,14,15
4,5,6,7,10,12,13,14,15,20,22>5,8,10,20,22,23,6,7,13,14,15
4,5,6,7,10,12,13,14,15,20,22>5,8,12,16,20,21,22,23,6,7,13,14,15
1,5,10,12,13,15,18,20,21,22,23>1,5,6,8,12,13,14,15,17,19,20,21,22,23
1,5,10,12,13,15,18,20,21,22,23>5,6,8,10,12,13,14,16,17,21,22,23
1,5,10,12,13,15,18,20,21,22,23>1,5,10,13,15,16,17,21,22,23
1,5,10,12,13,15,18,20,21,22,23>2,5,6,10,12,13,19,21,22,23
2,7,9,10,11,12,14,19,20,21,22>11,12,13,14,15,17,23,21,22
2,7,9,10,11,12,14,19,20,21,22>7,12,15,20,23,21,22
2,7,9,10,11,12,14,19,20,21,22>2,7,9,13,15,17,23,21,22
2,7,9,10,11,12,14,19,20,21,22>7,8,10,15,20,21,22
3,4,5,8,9,10,12,14,15,16,17,18,22,23>17,18,19,9,4,8,10,12,16,23
3,4,5,8,9,10,12,14,15,16,17,18,22,23>3,5,6,9,14,19,22,4,8,10,12,16,23
3,4,5,8,9,10,12,14,15,16,17,18,22,23>5,6,9,11,17,18,22,4,8,10,12,16,23
3,4,5,8,9,10,12,14,15,16,17,18,22,23>3,5,6,15,17,4,8,10,12,16,23
1,2,5,7,10,11,13,14,15,16,18,19,21,23>8,10,20,21,23,2,11,14,15,16,19
1,2,5,7,10,11,13,14,15,16,18,19,21,23>1,8,10,12,22,23,2,11,14,15,16,19
1,2,5,7,10,11,13,14,15,16,18,19,21,23>20,8,12,2,11,14,15,16,19
1,2,5,7,10,11,13,14,15,16,18,19,21,23>7,12,18,21,23,2,11,14,15,16,19
2,3,5,7,8,11,13,14,15,17,18,22,23>8,11,16,17,22,14,23
2,3,5,7,8,11,13,14,15,17,18,22,23>2,5,11,13,16,19,22,14,23
2,3,5,7,8,11,13,14,15,17,18,22,23>3,4,5,6,7,13,16,18,19,14,23
2,3,5,7,8,11,13,14,15,17,18,22,23>2,3,4,5,7,17,14,23
2,3,4,5,6,7,8,10,11,12,13,17>3,14,4,6,7,8,11,12,13
2,3,4,5,6,7,8,10,11,12,13,17>2,5,10,14,16,4,6,7,8,11,12,13
2,3,4,5,6,7,8,10,11,12,13,17>3,16,17,4,6,7,8,11,12,13
2,3,4,5,6,7,8,10,11,12,13,17>2,3,5,4,6,7,8,11,12,13
1,5,6,7,8,10,13,15,16,18>15,18,10,14,6,7,8,13,16
1,5,6,7,8,10,13,15,16,18>15,2,11,6,7,8,13,16
1,5,6,7,8,10,13,15,16,18>15,19,5,12,6,7,8,13,16
1,5,6,7,8,10,13,15,16,18>1,5,12,18,6,7,8,13,16
2,3,4,5,8,9,11,13,20,21,22>11,14,3,6,4,13,20,21,22
2,3,4,5,8,9,11,13,20,21,22>2,3,8,10,16,17,23,4,13,20,21,22
2,3,4,5,8,9,11,13,20,21,22>14,5,8,9,4,13,20,21,22
2,3,4,5,8,9,11,13,20,21,22>2,3,5,8,9,10,16,17,4,13,20,21,22
2,3,4,7,11,14,15,20,23>23,11,16,17,4,20,15
2,3,4,7,11,14,15,20,23>2,11,14,16,4,20,15
2,3,4,7,11,14,15,20,23>21,23,3,16,4,20,15
2,3,4,7,11,14,15,20,23>2,23,4,20,15
2,7,9,10,11,12,13,14,17,18,19,20,21>2,7,9,11,12,20,22,13,14,17,18,19,21
2,7,9,10,11,12,13,14,17,18,19,20,21>22,8,9,10,13,14,17,18,19,21
2,7,9,10,11,12,13,14,17,18,19,20,21>2,8,9,11,20,13,14,17,18,19,21
2,7,9,10,11,12,13,14,17,18,19,20,21>2,7,9,10,11,12,15,22,13,14,17,18,19,21
2,3,4,9,19,21>2,3,9,13,16,21,4
2,3,4,9,19,21>2,3,9,16,20,21,22,4
2,3,4,9,19,21>22,9,13,4
2,3,4,9,19,21>2,3,9,16,19,20,22,4
2,5,8,11,13,15,16,22,23>2,5,11,8,16,23
2,5,8,11,13,15,16,22,23>15,6,12,8,16,23
2,5,8,11,13,15,16,22,23>2,6,22,8,16,23
2,5,8,11,13,15,16,22,23>2,5,6,14,15,8,16,23
1,3,6,9,13,18,19,20,21,22>14,23,19,20,21,22
1,3,6,9,13,18,19,20,21,22>2,17,23,9,19,20,21,22
1,3,6,9,13,18,19,20,21,22>1,2,7,13,14,17,18,19,20,21,22
1,3,6,9,13,18,19,20,21,22>13,23,6,19,20,21,22
2,6,9,11,13,20,23>14,17,23,11,20
2,6,9,11,13,20,23>6,21,11,20
2,6,9,11,13,20,23>17,21,11,20
2,6,9,11,13,20,23>2,6,7,10,11,14,23,20
3,4,5,7,10,11,14,15,17,19,20,21,22>18,5,10,13,4,15,17,20,21,22
3,4,5,7,10,11,14,15,17,19,20,21,22>23,5,19,4,15,17,20,21,22
3,4,5,7,10,11,14,15,17,19,20,21,22>5,7,10,13,16,19,4,15,17,20,21,22
3,4,5,7,10,11,14,15,17,19,20,21,22>5,7,11,16,23,4,15,17,20,21,22
4,10,11,13,17,20,21>4,14,22,17,21,20,13
4,10,11,13,17,20,21>4,16,18,17,21,20,13
4,10,11,13,17,20,21>11,22,17,21,20,13
4,10,11,13,17,20,21>4,10,11,14,16,17,21,20,13
3,5,6,11,12,15,17,18,20,21,23>3,4,7,15,19,23,17,18,21,6
3,5,6,11,12,15,17,18,20,21,23>3,5,11,15,16,22,17,18,21,6
3,5,6,11,12,15,17,18,20,21,23>4,5,7,8,19,20,23,17,18,21,6
3,5,6,11,12,15,17,18,20,21,23>3,4,7,11,12,15,19,22,17,18,21,6
4,5,11,12,14,18,20,21>5,17,8,12,21
4,5,11,12,14,18,20,21>4,5,8,16,17,18,20,21
4,5,11,12,14,18,20,21>5,8,12,15,19,20,21
4,5,11,12,14,18,20,21>4,6,8,11,13,14,15,17,20,21
1,8,9,10,11,13,16,20,21,22>11,16,8,10,13,20,21,22
1,8,9,10,11,13,16,20,21,22>1,2,14,16,8,10,13,20,21,22
1,8,9,10,11,13,16,20,21,22>1,2,16,23,8,10,13,20,21,22
1,8,9,10,11,13,16,20,21,22>1,2,9,11,23,8,10,13,20,21,22
1,3,4,5,6,8,12,13,14,16,17,18,19,20,21,22,23>3,5,6,12,17,18,20,4,8,14,16,19,21,22,23
1,3,4,5,6,8,12,13,14,16,17,18,19,20,21,22,23>1,3,5,6,12,18,4,8,14,16,19,21,22,23
1,3,4,5,6,8,12,13,14,16,17,18,19,20,21,22,23>2,3,5,7,12,4,8,14,16,19,21,22,23
1,3,4,5,6,8,12,13,14,16,17,18,19,20,21,22,23>2,3,6,17,18,20,4,8,14,16,19,21,22,23
1,2,3,6,8,10,13,14,15,16,18,19,21,22>1,6,12,15,18,21,23,2,8,13,14,16,19,22
1,2,3,6,8,10,13,14,15,16,18,19,21,22>1,3,7,11,12,15,18,21,2,8,13,14,16,19,22
1,2,3,6,8,10,13,14,15,16,18,19,21,22>3,4,6,7,11,12,20,23,2,8,13,14,16,19,22
1,2,3,6,8,10,13,14,15,16,18,19,21,22>1,3,4,6,7,11,2,8,13,14,16,19,22
3,4,5,7,10,11,12,14,16,17,18,19,20,21,22>3,7,12,13,15,17,4,16,18,19,21,22
3,4,5,7,10,11,12,14,16,17,18,19,20,21,22>3,12,13,15,20,23,4,16,18,19,21,22
3,4,5,7,10,11,12,14,16,17,18,19,20,21,22>5,8,10,11,13,14,15,20,23,4,16,18,19,21,22
3,4,5,7,10,11,12,14,16,17,18,19,20,21,22>3,7,10,11,13,15,17,20,4,16,18,19,21,22
5,7,10,11,12,15,16,20,23>5,6,21,12,16
5,7,10,11,12,15,16,20,23>5,6,8,10,11,20,21,16
5,7,10,11,12,15,16,20,23>20,7,12,16
5,7,10,11,12,15,16,20,23>5,6,7,8,15,21,16
1,2,5,7,8,10,12,14,16,18,19,20,21,22>1,5,10,12,18,23,2,8,19,21,22
1,2,5,7,8,10,12,14,16,18,19,20,21,22>1,5,12,14,23,2,8,19,21,22
1,2,5,7,8,10,12,14,16,18,19,20,21,22>1,5,12,16,18,20,2,8,19,21,22
1,2,5,7,8,10,12,14,16,18,19,20,21,22>1,5,12,13,16,18,2,8,19,21,22
1,3,4,5,7,8,13,16,21,22,23>14,21,6,7,4,8,16,22,23
1,3,4,5,7,8,13,16,21,22,23>1,21,3,12,4,8,16,22,23
1,3,4,5,7,8,13,16,21,22,23>13,21,5,6,4,8,16,22,23
1,3,4,5,7,8,13,16,21,22,23>1,2,3,7,13,21,4,8,16,22,23
2,5,8,13,15,16,17,19,20,23>17,19,8,16,20
2,5,8,13,15,16,17,19,20,23>2,14,19,8,16,20
2,5,8,13,15,16,17,19,20,23>13,14,15,19,8,16,20
2,5,8,13,15,16,17,19,20,23>5,13,15,21,23,8,16,20
2,4,10,12,16,17,18,21,22>4,23,10,16,18,12,22
2,4,10,12,16,17,18,21,22>2,4,11,13,19,16,18,12,22
2,4,10,12,16,17,18,21,22>2,8,10,11,13,19,16,18,12,22
2,4,10,12,16,17,18,21,22>4,8,13,17,16,18,12,22
1,2,6,8,9,14,15,16,17,22>9,10,15,22,23,8,16,2
1,2,6,8,9,14,15,16,17,22>1,17,9,15,8,16,2
1,2,6,8,9,14,15,16,17,22>1,10,14,17,23,8,16,2
1,2,6,8,9,14,15,16,17,22>1,6,9,10,13,14,22,23,8,16,2
5,7,8,13,15,17,19,20,22>5,16,19,17,20,13
5,7,8,13,15,17,19,20,22>7,15,19,21,23,17,20,13
5,7,8,13,15,17,19,20,22>5,8,15,19,21,22,23,17,20,13
5,7,8,13,15,17,19,20,22>5,7,8,14,16,22,23,17,20,13
1,3,4,5,6,7,8,9,11,12,18,19,21,22,23>1,5,11,18,21,4,7,8,12,19,22,23
1,3,4,5,6,7,8,9,11,12,18,19,21,22,23>2,5,6,9,18,21,4,7,8,12,19,22,23
1,3,4,5,6,7,8,9,11,12,18,19,21,22,23>16,2,3,11,4,7,8,12,19,22,23
1,3,4,5,6,7,8,9,11,12,18,19,21,22,23>1,2,3,9,16,18,4,7,8,12,19,22,23
1,2,4,5,6,8,9,12,16,19,20,21>4,6,9,12,13,19,20,8,16,2,21
1,2,4,5,6,8,9,12,16,19,20,21>5,6,7,9,13,8,16,2,21
1,2,4,5,6,8,9,12,16,19,20,21>1,5,19,20,22,8,16,2,21
1,2,4,5,6,8,9,12,16,19,20,21>1,4,5,6,7,9,12,19,8,16,2,21
1,3,4,9,10,11,18,20,21>9,11,13,16,19,22,10,21,4,20
1,3,4,9,10,11,18,20,21>2,9,11,16,17,18,22,10,21,4,20
1,3,4,9,10,11,18,20,21>1,2,11,13,17,18,19,22,10,21,4,20
1,3,4,9,10,11,18,20,21>22,2,3,9,10,21,4,20
2,6,7,8,13,15,16,18,20,21,22>2,15,18,19,23,7,8,13,16,20,21,22
2,6,7,8,13,15,16,18,20,21,22>2,6,15,18,23,7,8,13,16,20,21,22
2,6,7,8,13,15,16,18,20,21,22>2,14,7,8,13,16,20,21,22
2,6,7,8,13,15,16,18,20,21,22>2,6,18,19,7,8,13,16,20,21,22
1,2,3,9,10,11,13,15,16,22>23,9,12,14,2,10,11,13,16
1,2,3,9,10,11,13,15,16,22>1,3,8,9,15,23,2,10,11,13,16
1,2,3,9,10,11,13,15,16,22>15,1,4,8,2,10,11,13,16
1,2,3,9,10,11,13,15,16,22>15,23,3,4,2,10,11,13,16
2,5,7,8,9,10,11,13,14,15,16,17,18,19,21,22>2,5,7,10,12,17,18,21,23,8,11,13,14,16,19,22
2,5,7,8,9,10,11,13,14,15,16,17,18,19,21,22>7,10,12,15,17,18,20,23,8,11,13,14,16,19,22
2,5,7,8,9,10,11,13,14,15,16,17,18,19,21,22>5,7,9,10,17,18,21,8,11,13,14,16,19,22
2,5,7,8,9,10,11,13,14,15,16,17,18,19,21,22>2,5,7,10,15,23,8,11,13,14,16,19,22
2,3,4,5,8,9,14,16,17,18,19,20,23>2,3,9,14,4,8,16,19,20
2,3,4,5,8,9,14,16,17,18,19,20,23>3,17,18,21,23,4,8,16,19,20
2,3,4,5,8,9,14,16,17,18,19,20,23>21,3,5,4,8,16,19,20
2,3,4,5,8,9,14,16,17,18,19,20,23>3,9,14,17,18,23,4,8,16,19,20
5,6,7,8,9,12,14,17,19,20,21,22>23,6,14,19,7,8,17,21,22
5,6,7,8,9,12,14,17,19,20,21,22>5,9,12,14,19,20,7,8,17,21,22
5,6,7,8,9,12,14,17,19,20,21,22>23,6,9,12,7,8,17,21,22
5,6,7,8,9,12,14,17,19,20,21,22>5,6,9,13,19,23,7,8,17,21,22
1,2,3,4,5,9,11,14,17,18,19,21>3,9,11,13,15,20,21,22,19,2,18,4
1,2,3,4,5,9,11,14,17,18,19,21>1,3,15,16,21,22,19,2,18,4
1,2,3,4,5,9,11,14,17,18,19,21>1,5,9,11,16,20,19,2,18,4
1,2,3,4,5,9,11,14,17,18,19,21>3,13,14,17,20,21,22,19,2,18,4
2,4,5,6,9,11,17,20,22,23>4,5,7,16,22,17,20,6,23
2,4,5,6,9,11,17,20,22,23>4,10,11,21,22,17,20,6,23
2,4,5,6,9,11,17,20,22,23>2,4,9,10,11,16,18,22,17,20,6,23
2,4,5,6,9,11,17,20,22,23>4,5,7,10,17,20,6,23
5,7,11,14,15,16,22>14,23,11,13,16,15
5,7,11,14,15,16,22>8,11,12,13,14,22,16,15
5,7,11,14,15,16,22>6,23,12,16,15
5,7,11,14,15,16,22>22,23,8,12,16,15
2,4,5,7,9,10,14,15,16,17,19,21,23>8,9,11,12,18,20,22,23,16,15
2,4,5,7,9,10,14,15,16,17,19,21,23>8,9,10,11,12,17,18,19,21,16,15
2,4,5,7,9,10,14,15,16,17,19,21,23>5,7,10,11,17,18,21,22,16,15
2,4,5,7,9,10,14,15,16,17,19,21,23>2,7,12,14,17,19,20,21,22,16,15
3,7,9,12,13,14,20,23>4,21,10,12,14
3,7,9,12,13,14,20,23>3,4,7,17,20,23,14
3,7,9,12,13,14,20,23>4,7,10,13,15,14
3,7,9,12,13,14,20,23>3,4,7,9,10,12,14
2,5,6,7,8,9,10,12,13,16,17>5,14,16,6,7,8,10,12,13
2,5,6,7,8,9,10,12,13,16,17>2,5,17,6,7,8,10,12,13
2,5,6,7,8,9,10,12,13,16,17>9,11,14,16,6,7,8,10,12,13
2,5,6,7,8,9,10,12,13,16,17>2,9,11,16,17,6,7,8,10,12,13
2,3,5,6,8,10,11,12,19,20,22,23>12,17,5,22,8,23
2,3,5,6,8,10,11,12,19,20,22,23>2,5,11,12,20,21,22,8,23
2,3,5,6,8,10,11,12,19,20,22,23>2,3,5,6,10,12,21,22,8,23
2,3,5,6,8,10,11,12,19,20,22,23>3,4,6,19,20,8,23
3,4,8,10,12,13,18,20,22,23>3,13,18,19,20,21,8,4,23
3,4,8,10,12,13,18,20,22,23>12,13,14,16,22,8,4,23
3,4,8,10,12,13,18,20,22,23>3,12,13,17,20,21,8,4,23
3,4,8,10,12,13,18,20,22,23>10,12,13,16,18,19,20,8,4,23
2,5,6,7,9,11,14,15,19,22>9,11,13,14,19,20,23,15,7
2,5,6,7,9,11,14,15,19,22>2,9,13,15,7
2,5,6,7,9,11,14,15,19,22>19,6,23,14,15,7
2,5,6,7,9,11,14,15,19,22>16,13,15,7
5,7,9,11,12,13,14,17,20,21>5,15,18,20,22,17,21,13,14
5,7,9,11,12,13,14,17,20,21>15,6,8,9,17,21,13,14
5,7,9,11,12,13,14,17,20,21>6,8,9,11,18,22,17,21,13,14
5,7,9,11,12,13,14,17,20,21>5,7,9,15,18,20,17,21,13,14
1,2,3,4,6,8,9,10,11,16,17,21,22,23>21,7,9,2,4,8,10,11,16,22,23
1,2,3,4,6,8,9,10,11,16,17,21,22,23>1,6,9,12,17,2,4,8,10,11,16,22,23
1,2,3,4,6,8,9,10,11,16,17,21,22,23>1,6,12,17,21,2,4,8,10,11,16,22,23
1,2,3,4,6,8,9,10,11,16,17,21,22,23>1,3,6,12,21,2,4,8,10,11,16,22,23
1,2,9,10,12,15,19,21>10,13,19,21,22,2,12
1,2,9,10,12,15,19,21>1,10,11,13,16,21,22,2,12
1,2,9,10,12,15,19,21>9,13,16,19,22,2,12
1,2,9,10,12,15,19,21>9,11,13,15,2,12
1,4,5,6,8,10,13,14,15,16,17,18,21,22>1,7,11,13,18,6,8,14,16,22
1,4,5,6,8,10,13,14,15,16,17,18,21,22>1,5,10,11,12,13,17,23,6,8,14,16,22
1,4,5,6,8,10,13,14,15,16,17,18,21,22>1,5,7,12,21,23,6,8,14,16,22
1,4,5,6,8,10,13,14,15,16,17,18,21,22>2,7,11,15,19,6,8,14,16,22
1,2,3,5,6,8,10,11,12,13,15,17,18,19,20,21>11,12,15,16,18,2,8,13,17,19,21
1,2,3,5,6,8,10,11,12,13,15,17,18,19,20,21>3,5,6,14,18,20,22,2,8,13,17,19,21
1,2,3,5,6,8,10,11,12,13,15,17,18,19,20,21>1,4,7,10,12,20,2,8,13,17,19,21
1,2,3,5,6,8,10,11,12,13,15,17,18,19,20,21>5,6,7,11,12,16,20,2,8,13,17,19,21
2,4,10,16,18,20,22>23,13,19,16,20
2,4,10,16,18,20,22>2,4,10,18,19,22,16,20
2,4,10,16,18,20,22>8,13,18,22,23,16,20
2,4,10,16,18,20,22>21,22,10,16,20
4,5,6,8,9,12,17,18,20,21,22>4,5,12,13,18,20,23,6,8,17,21,22
4,5,6,8,9,12,17,18,20,21,22>18,7,9,23,6,8,17,21,22
4,5,6,8,9,12,17,18,20,21,22>4,7,9,10,12,20,23,6,8,17,21,22
4,5,6,8,9,12,17,18,20,21,22>4,5,9,13,16,18,19,20,23,6,8,17,21,22
1,4,7,9,11,12,13,15,16,18,20,23>7,9,11,14,20,16
1,4,7,9,11,12,13,15,16,18,20,23>1,8,9,10,11,13,18,16
1,4,7,9,11,12,13,15,16,18,20,23>7,8,9,10,11,18,20,21,23,16
1,4,7,9,11,12,13,15,16,18,20,23>2,4,10,15,20,23,16
1,2,3,4,5,6,8,9,16,17,18,19,20,22,23>1,5,6,9,2,4,8,16,19,20,23
1,2,3,4,5,6,8,9,16,17,18,19,20,22,23>1,5,7,21,2,4,8,16,19,20,23
1,2,3,4,5,6,8,9,16,17,18,19,20,22,23>1,3,6,7,9,18,21,2,4,8,16,19,20,23
1,2,3,4,5,6,8,9,16,17,18,19,20,22,23>1,5,9,17,18,22,2,4,8,16,19,20,23
2,3,4,6,10,15,17,20,22>2,13,16,18,21,23,17,4,20
2,3,4,6,10,15,17,20,22>3,7,10,15,16,18,23,17,4,20
2,3,4,6,10,15,17,20,22>2,6,7,13,18,21,22,17,4,20
2,3,4,6,10,15,17,20,22>2,3,6,7,10,16,21,22,23,17,4,20
1,4,5,6,7,11,13,16,17,21>1,8,11,12,14,17,18,21,22,16,13,6,7
1,4,5,6,7,11,13,16,17,21>2,8,12,14,21,16,13,6,7
1,4,5,6,7,11,13,16,17,21>1,2,5,8,11,14,17,18,22,16,13,6,7
1,4,5,6,7,11,13,16,17,21>4,5,11,12,14,18,21,22,16,13,6,7
2,7,9,15,16,20>21,2,9,16,20
2,7,9,15,16,20>21,7,9,15,16,20
2,7,9,15,16,20>2,7,13,15,21,16,20
2,7,9,15,16,20>8,9,10,15,16,20
2,3,5,10,14,15,19,20,22>16,17,19,21,20,15
2,3,5,10,14,15,19,20,22>16,2,5,10,20,15
2,3,5,10,14,15,19,20,22>2,5,13,14,16,17,23,20,15
2,3,5,10,14,15,19,20,22>3,4,5,13,14,19,21,22,20,15
1,6,7,9,15,16,17,21,22,23>1,2,9,10,12,17,16,23,22,7
1,6,7,9,15,16,17,21,22,23>1,6,8,10,12,17,18,21,16,23,22,7
1,6,7,9,15,16,17,21,22,23>6,8,9,10,15,17,21,16,23,22,7
1,6,7,9,15,16,17,21,22,23>1,6,8,9,17,16,23,22,7
1,4,5,6,7,8,9,14,16,17,22,23>17,2,22,5,6,7,8,16,23
1,4,5,6,7,8,9,14,16,17,22,23>1,2,9,10,14,17,6,7,8,16,23
1,4,5,6,7,8,9,14,16,17,22,23>1,4,9,12,14,17,22,6,7,8,16,23
1,4,5,6,7,8,9,14,16,17,22,23>2,4,5,6,7,8,16,23
1,6,7>1,6,7
1,6,7>2,6,7
1,6,7>1,2,7
1,6,7>13,6,7
1,3,4,9,10,11,12,13,15,17,18,20,21,22>8,16,19,20,23,4,10,13,17,18,21,22
1,3,4,9,10,11,12,13,15,17,18,20,21,22>1,9,15,19,23,4,10,13,17,18,21,22
1,3,4,9,10,11,12,13,15,17,18,20,21,22>1,2,9,12,16,19,20,4,10,13,17,18,21,22
1,3,4,9,10,11,12,13,15,17,18,20,21,22>1,3,16,19,20,4,10,13,17,18,21,22
1,2,5,6,8,9,10,11,12,14,16,18,19,20,22,23>1,6,10,11,12,18,8,2,19,23
1,2,5,6,8,9,10,11,12,14,16,18,19,20,22,23>1,6,7,9,11,14,16,18,20,22,8,2,19,23
1,2,5,6,8,9,10,11,12,14,16,18,19,20,22,23>1,6,7,10,12,14,16,18,8,2,19,23
1,2,5,6,8,9,10,11,12,14,16,18,19,20,22,23>1,7,10,11,16,18,8,2,19,23
2,3,4,5,6,7,10,11,12,13,14,15,17,22>18,2,16,22,4,6,7,11,12,13,14,15
2,3,4,5,6,7,10,11,12,13,14,15,17,22>3,23,8,16,4,6,7,11,12,13,14,15
2,3,4,5,6,7,10,11,12,13,14,15,17,22>18,2,3,22,4,6,7,11,12,13,14,15
2,3,4,5,6,7,10,11,12,13,14,15,17,22>3,5,16,17,18,4,6,7,11,12,13,14,15
1,7,8,14,15,16,17,19>20,13,14,8,16
1,7,8,14,15,16,17,19>1,2,12,13,20,8,16
1,7,8,14,15,16,17,19>1,7,12,14,15,17,8,16
1,7,8,14,15,16,17,19>2,7,12,19,20,8,16
1,4,5,6,8,9,12,13,14,16,17,18,20,21,22,23>5,7,10,17,18,19,6,8,14,16,21,22,23
1,4,5,6,8,9,12,13,14,16,17,18,20,21,22,23>1,5,9,10,6,8,14,16,21,22,23
1,4,5,6,8,9,12,13,14,16,17,18,20,21,22,23>5,9,17,18,20,6,8,14,16,21,22,23
1,4,5,6,8,9,12,13,14,16,17,18,20,21,22,23>1,2,9,10,12,13,17,18,20,6,8,14,16,21,22,23
3,4,5,8,9,10,11,12,13,16,17,18,22,23>5,6,14,17,18,19,4,8,10,11,12,16,23
3,4,5,8,9,10,11,12,13,16,17,18,22,23>3,6,9,13,14,18,4,8,10,11,12,16,23
3,4,5,8,9,10,11,12,13,16,17,18,22,23>5,6,13,14,22,4,8,10,11,12,16,23
3,4,5,8,9,10,11,12,13,16,17,18,22,23>3,5,6,9,14,17,18,22,4,8,10,11,12,16,23
1,2,3,4,7,8,10,11,13,14,17,19>10,16,17,19,20,2,4,11,13,14
1,2,3,4,7,8,10,11,13,14,17,19>1,3,10,16,17,2,4,11,13,14
1,2,3,4,7,8,10,11,13,14,17,19>19,7,10,16,2,4,11,13,14
1,2,3,4,7,8,10,11,13,14,17,19>19,8,10,16,2,4,11,13,14
4,5,6,8,12,13,17,18,20,21,22>5,14,16,18,19,20,6,8,13,17,21,22
4,5,6,8,12,13,17,18,20,21,22>7,12,19,20,23,6,8,13,17,21,22
4,5,6,8,12,13,17,18,20,21,22>4,7,14,16,18,19,23,6,8,13,17,21,22
4,5,6,8,12,13,17,18,20,21,22>4,5,7,12,14,18,6,8,13,17,21,22
1,2,3,7,8,10,12,13,14,16,17,20,21,22>3,12,16,2,8,13,14,21,22
1,2,3,7,8,10,12,13,14,16,17,20,21,22>4,7,10,17,20,2,8,13,14,21,22
1,2,3,7,8,10,12,13,14,16,17,20,21,22>17,23,3,4,2,8,13,14,21,22
1,2,3,7,8,10,12,13,14,16,17,20,21,22>4,10,16,20,23,2,8,13,14,21,22
1,2,3,4,6,7,9,11,13,16,17,19,21,22>1,19,8,2,4,7,13,16,22
1,2,3,4,6,7,9,11,13,16,17,19,21,22>3,6,8,12,17,18,23,2,4,7,13,16,22
1,2,3,4,6,7,9,11,13,16,17,19,21,22>3,8,9,11,14,19,20,23,2,4,7,13,16,22
1,2,3,4,6,7,9,11,13,16,17,19,21,22>3,6,9,11,12,14,20,23,2,4,7,13,16,22
1,5,6,9,10,12,14,16,18,20,22,23>8,9,15,16,19,21,10,6,23
1,5,6,9,10,12,14,16,18,20,22,23>2,7,8,9,12,16,19,20,22,10,6,23
1,5,6,9,10,12,14,16,18,20,22,23>1,2,7,12,15,16,20,21,22,10,6,23
1,5,6,9,10,12,14,16,18,20,22,23>9,12,16,18,19,21,22,10,6,23
1,2,4,5,6,8,10,13,17,19,20,21>7,8,16,19,22,2,13,17,20,21
1,2,4,5,6,8,10,13,17,19,20,21>1,4,22,7,2,13,17,20,21
1,2,4,5,6,8,10,13,17,19,20,21>1,4,10,19,22,2,13,17,20,21
1,2,4,5,6,8,10,13,17,19,20,21>4,5,6,7,8,14,2,13,17,20,21
1,2,6,7,8,9,11,14,19,20,22>19,22,9,2,20,7
1,2,6,7,8,9,11,14,19,20,22>6,9,11,14,19,21,2,20,7
1,2,6,7,8,9,11,14,19,20,22>6,11,14,22,23,2,20,7
1,2,6,7,8,9,11,14,19,20,22>6,9,11,13,14,22,2,20,7
1,2,5,7,8,10,12,14,16,19,20,21>20,10,14,8,2,21
1,2,5,7,8,10,12,14,16,19,20,21>1,13,16,20,22,8,2,21
1,2,5,7,8,10,12,14,16,19,20,21>5,13,16,19,20,8,2,21
1,2,5,7,8,10,12,14,16,19,20,21>5,7,13,14,16,22,8,2,21
2,3,4,6,7,9,10,12,13,14,15,18,20,21,22,23>8,12,16,17,18,19,20,4,7,10,14,15,21,22,23
2,3,4,6,7,9,10,12,13,14,15,18,20,21,22,23>3,8,9,13,17,19,4,7,10,14,15,21,22,23
2,3,4,6,7,9,10,12,13,14,15,18,20,21,22,23>2,6,13,16,19,20,4,7,10,14,15,21,22,23
2,3,4,6,7,9,10,12,13,14,15,18,20,21,22,23>2,3,6,8,9,12,17,18,19,4,7,10,14,15,21,22,23
2,5,7,8,9,13,14,15,17,18,19,21,22>8,9,15,16,20,19,13,14,22
2,5,7,8,9,13,14,15,17,18,19,21,22>7,8,15,17,18,20,23,19,13,14,22
2,5,7,8,9,13,14,15,17,18,19,21,22>5,7,8,15,17,19,13,14,22
2,5,7,8,9,13,14,15,17,18,19,21,22>2,5,7,8,9,16,17,18,21,23,19,13,14,22
1,2,6,7,8,9,12,13,14,16,18,21>1,16,18,21,22,2,7,8,12,13,14
1,2,6,7,8,9,12,13,14,16,18,21>1,6,18,19,2,7,8,12,13,14
1,2,6,7,8,9,12,13,14,16,18,21>1,9,16,19,21,2,7,8,12,13,14
1,2,6,7,8,9,12,13,14,16,18,21>1,6,9,21,22,2,7,8,12,13,14
1,2,4,6,8,10,14,17,18,19,21,23>16,17,21,8,2,19
1,2,4,6,8,10,14,17,18,19,21,23>1,4,7,11,14,16,18,20,23,2,19
1,2,4,6,8,10,14,17,18,19,21,23>6,16,17,20,21,22,2,19
1,2,4,6,8,10,14,17,18,19,21,23>4,6,7,14,16,17,18,20,22,2,19
1,4,5,6,7,9,10,11,13,14,15,17,20,21,22,23>1,2,6,7,10,14,15,17,20,21,22,23
1,4,5,6,7,9,10,11,13,14,15,17,20,21,22,23>1,11,18,6,7,10,14,15,17,20,21,22,23
1,4,5,6,7,9,10,11,13,14,15,17,20,21,22,23>2,11,13,6,7,10,14,15,17,20,21,22,23
1,4,5,6,7,9,10,11,13,14,15,17,20,21,22,23>16,1,5,11,6,7,10,14,15,17,20,21,22,23
2,4,7,9,11,13,14,15,17,18,19>4,9,11,16,20,13,14,15,18,19
2,4,7,9,11,13,14,15,17,18,19>2,4,16,13,14,15,18,19
2,4,7,9,11,13,14,15,17,18,19>7,9,11,16,17,20,13,14,15,18,19
2,4,7,9,11,13,14,15,17,18,19>2,4,7,9,11,13,14,15,18,19
2,3,5,6,8,9,10,11,13,20,21,23>3,7,9,11,17,23,10,20,21,6
2,3,5,6,8,9,10,11,13,20,21,23>2,3,5,7,8,9,13,14,23,10,20,21,6
2,3,5,6,8,9,10,11,13,20,21,23>2,3,5,7,11,10,20,21,6
2,3,5,6,8,9,10,11,13,20,21,23>3,8,9,11,23,10,20,21,6
1,3,5,7,9,10,12,13,16,18,20,22>2,5,6,7,8,12,16,18,20,23,10,13
1,3,5,7,9,10,12,13,16,18,20,22>3,4,9,12,18,10,13
1,3,5,7,9,10,12,13,16,18,20,22>2,3,5,8,12,18,21,22,23,10,13
1,3,5,7,9,10,12,13,16,18,20,22>1,2,3,4,5,6,7,9,14,16,18,20,21,22,23,10,13
1,3,8,10,11,12,14,16,18,19,22>2,4,13,14,18,22,23,8,19,11,12
1,3,8,10,11,12,14,16,18,19,22>2,10,13,14,18,23,8,19,11,12
1,3,8,10,11,12,14,16,18,19,22>3,4,10,13,16,22,23,8,19,11,12
1,3,8,10,11,12,14,16,18,19,22>16,2,3,4,8,19,11,12
4,5,8,10,13,16,17,20>21,10,13,8,16,20
4,5,8,10,13,16,17,20>21,4,13,14,8,16,20
4,5,8,10,13,16,17,20>21,4,6,8,16,20
4,5,8,10,13,16,17,20>5,6,13,14,21,8,16,20
2,3,5,6,7,9,10,13,14,15,17,18,19,21,22>9,10,11,20,21,23,7,13,14,15,18,19,22
2,3,5,6,7,9,10,13,14,15,17,18,19,21,22>2,3,5,6,9,10,11,16,21,7,13,14,15,18,19,22
2,3,5,6,7,9,10,13,14,15,17,18,19,21,22>4,6,10,20,23,7,13,14,15,18,19,22
2,3,5,6,7,9,10,13,14,15,17,18,19,21,22>2,3,5,6,10,11,16,17,21,7,13,14,15,18,19,22
3,4,7,8,10,11,13,14,15,16,18,20,22>3,11,18,19,21,22,23,4,8,13,14,16,20
3,4,7,8,10,11,13,14,15,16,18,20,22>10,11,18,19,21,22,4,8,13,14,16,20
3,4,7,8,10,11,13,14,15,16,18,20,22>3,10,11,21,22,23,4,8,13,14,16,20
3,4,7,8,10,11,13,14,15,16,18,20,22>7,10,11,15,21,23,4,8,13,14,16,20
1,2,3,6,10,11,15,18,19,20,21,22,23>4,7,11,15,18,2,19,20,21,22,23
1,2,3,6,10,11,15,18,19,20,21,22,23>4,6,10,11,15,17,18,2,19,20,21,22,23
1,2,3,6,10,11,15,18,19,20,21,22,23>3,4,11,15,16,18,2,19,20,21,22,23
1,2,3,6,10,11,15,18,19,20,21,22,23>1,3,4,6,10,16,17,2,19,20,21,22,23
3,4,5,6,9,10,14,17,18,19,23>6,7,10,14,15,16,18,19,4
3,4,5,6,9,10,14,17,18,19,23>3,5,7,10,14,15,16,17,23,18,19,4
3,4,5,6,9,10,14,17,18,19,23>6,7,10,15,20,23,18,19,4
3,4,5,6,9,10,14,17,18,19,23>3,6,7,9,16,17,20,18,19,4
3,4,6,9,12,13,15,18,19,22,23>16,9,14,19,4,12,23
3,4,6,9,12,13,15,18,19,22,23>3,6,8,9,13,15,18,22,19,4,12,23
3,4,6,9,12,13,15,18,19,22,23>3,7,9,14,15,18,19,4,12,23
3,4,6,9,12,13,15,18,19,22,23>18,3,6,7,19,4,12,23
1,4,5,8,9,11,15,17,18,21,23>4,6,9,11,15,19,21,22,23
1,4,5,8,9,11,15,17,18,21,23>1,4,8,11,15,17,21,23
1,4,5,8,9,11,15,17,18,21,23>1,4,5,10,11,17,18,19
1,4,5,8,9,11,15,17,18,21,23>1,2,4,6,8,10,11,15,18,21,22,23
3,4,6,7,8,10,11,12,13,16,17,18,20,23>3,11,12,14,19,20,21,8,16,4,7
3,4,6,7,8,10,11,12,13,16,17,18,20,23>3,11,18,14,8,16,4,7
3,4,6,7,8,10,11,12,13,16,17,18,20,23>3,12,13,14,17,19,21,8,16,4,7
3,4,6,7,8,10,11,12,13,16,17,18,20,23>3,6,10,11,12,13,17,18,19,8,16,4,7
2,4,5,7,8,10,11,15,16,17,18,19,23>2,7,12,17,20,8,16,11,19
2,4,5,7,8,10,11,15,16,17,18,19,23>2,4,15,17,18,8,16,11,19
2,4,5,7,8,10,11,15,16,17,18,19,23>20,4,5,8,16,11,19
2,4,5,7,8,10,11,15,16,17,18,19,23>2,4,7,12,15,18,20,23,8,16,11,19
2,4,9,10,11,13,14,15,20,21,23>4,13,16,17,10,14,15,20,21
2,4,9,10,11,13,14,15,20,21,23>9,16,17,10,14,15,20,21
2,4,9,10,11,13,14,15,20,21,23>23,4,11,17,10,14,15,20,21
2,4,9,10,11,13,14,15,20,21,23>4,9,13,16,23,10,14,15,20,21
2,3,4,5,10,13,15,17,18,19,20,22,23>2,10,14,15,16,22,4,17,18,19,20,23
2,3,4,5,10,13,15,17,18,19,20,22,23>2,3,13,14,15,21,4,17,18,19,20,23
2,3,4,5,10,13,15,17,18,19,20,22,23>2,5,13,14,15,21,4,17,18,19,20,23
2,3,4,5,10,13,15,17,18,19,20,22,23>2,3,5,14,21,4,17,18,19,20,23
4,5,6,8,9,10,11,12,14,16,22,23>7,9,14,22,6,8,10,11,12,16,23
4,5,6,8,9,10,11,12,14,16,22,23>4,7,14,22,6,8,10,11,12,16,23
4,5,6,8,9,10,11,12,14,16,22,23>5,7,22,6,8,10,11,12,16,23
4,5,6,8,9,10,11,12,14,16,22,23>5,7,9,14,6,8,10,11,12,16,23
1,2,3,6,9,10,12,15,16,19,20,22,23>1,10,15,19,21,22,16,2,23
1,2,3,6,9,10,12,15,16,19,20,22,23>1,4,6,12,19,16,2,23
1,2,3,6,9,10,12,15,16,19,20,22,23>1,4,7,10,12,19,22,16,2,23
1,2,3,6,9,10,12,15,16,19,20,22,23>1,3,4,6,7,19,21,16,2,23
1,2,3,5,7,10,12,15,17,18,19,20,21,23>5,8,10,15,16,20,2,17,18,19,21
1,2,3,5,7,10,12,15,17,18,19,20,21,23>1,7,8,16,20,23,2,17,18,19,21
1,2,3,5,7,10,12,15,17,18,19,20,21,23>4,5,10,12,16,20,22,2,17,18,19,21
1,2,3,5,7,10,12,15,17,18,19,20,21,23>5,7,12,20,23,2,17,18,19,21
1,5,6,7,9,11,13,15,19,22>2,6,9,14,15,16,19,20,13,7
1,5,6,7,9,11,13,15,19,22>1,2,6,9,11,14,16,20,13,7
1,5,6,7,9,11,13,15,19,22>2,5,19,20,22,13,7
1,5,6,7,9,11,13,15,19,22>1,2,5,9,11,16,20,13,7
1,2,5,8,10,12,13,16,17,18,19,20>12,16,17,8,2,19,13
1,2,5,8,10,12,13,16,17,18,19,20>18,1,5,10,8,2,19,13
1,2,5,8,10,12,13,16,17,18,19,20>1,5,12,16,20,8,2,19,13
1,2,5,8,10,12,13,16,17,18,19,20>21,1,5,10,8,2,19,13
6,7,8,9,11,12,17,22,23>6,9,11,8,12,23,7
6,7,8,9,11,12,17,22,23>6,10,11,17,22,8,12,23,7
6,7,8,9,11,12,17,22,23>9,10,11,22,8,12,23,7
6,7,8,9,11,12,17,22,23>6,9,10,17,8,12,23,7
2,3,5,10,12,14,15,17,18,19>4,5,10,11,14,17,18,19,12,15
2,3,5,10,12,14,15,17,18,19>2,4,10,11,13,16,17,18,19,12,15
2,3,5,10,12,14,15,17,18,19>3,4,10,13,17,18,19,12,15
2,3,5,10,12,14,15,17,18,19>2,4,5,10,13,16,18,19,12,15
1,2,4,5,6,7,8,15,16,17,21,22,23>15,17,21,2,6,7,8,16,22,23
1,2,4,5,6,7,8,15,16,17,21,22,23>5,12,17,2,6,7,8,16,22,23
1,2,4,5,6,7,8,15,16,17,21,22,23>4,5,15,21,2,6,7,8,16,22,23
1,2,4,5,6,7,8,15,16,17,21,22,23>1,4,5,21,2,6,7,8,16,22,23
1,3,4,6,9,10,12,13,14,19,20,22,23>1,6,8,13,15,20,21,4,14,23
1,3,4,6,9,10,12,13,14,19,20,22,23>1,7,10,12,19,20,21,4,14,23
1,3,4,6,9,10,12,13,14,19,20,22,23>3,6,8,12,17,21,22,4,14,23
1,3,4,6,9,10,12,13,14,19,20,22,23>1,3,9,13,15,17,19,4,14,23
2,3,4,6,8,15,17,21,22,23>17,21,7,4,22,23
2,3,4,6,8,15,17,21,22,23>2,3,8,15,16,4,22,23
2,3,4,6,8,15,17,21,22,23>2,3,7,8,15,17,4,22,23
2,3,4,6,8,15,17,21,22,23>21,3,6,15,4,22,23
1,2,4,6,8,10,11,12,13,18>18,19,7,14,2,8,11,12,13
1,2,4,6,8,10,11,12,13,18>4,7,16,18,19,2,8,11,12,13
1,2,4,6,8,10,11,12,13,18>4,7,10,14,16,19,2,8,11,12,13
1,2,4,6,8,10,11,12,13,18>18,1,4,14,2,8,11,12,13
2,4,5,8,14,15,17,18,20,21,22,23>2,4,6,8,14,15,17,20,21,22,23
2,4,5,8,14,15,17,18,20,21,22,23>2,4,6,8,16,18,17,20,21,22,23
2,4,5,8,14,15,17,18,20,21,22,23>2,5,6,17,20,21,22,23
2,4,5,8,14,15,17,18,20,21,22,23>4,5,6,8,15,19,17,20,21,22,23
2,3,6,10,13,15,17,19,21,22,23>2,3,6,15,20,21,22,23
2,3,6,10,13,15,17,19,21,22,23>3,6,7,10,17,18,19,20,21,22,23
2,3,6,10,13,15,17,19,21,22,23>2,3,6,7,13,15,18,19,21,22,23
2,3,6,10,13,15,17,19,21,22,23>4,6,7,11,13,15,17,20,21,22,23
1,2,3,4,5,7,9,10,12,13,14,15,16,18>1,6,7,9,11,2,4,10,12,13,14,15,16
1,2,3,4,5,7,9,10,12,13,14,15,16,18>1,6,7,8,11,18,2,4,10,12,13,14,15,16
1,2,3,4,5,7,9,10,12,13,14,15,16,18>3,5,9,11,18,2,4,10,12,13,14,15,16
1,2,3,4,5,7,9,10,12,13,14,15,16,18>1,3,5,7,8,11,2,4,10,12,13,14,15,16
1,3,5,7,8,12,13,16,18,20,23>4,6,13,14,16,20,8
1,3,5,7,8,12,13,16,18,20,23>1,4,14,16,19,8
1,3,5,7,8,12,13,16,18,20,23>4,6,16,18,19,21,23,8
1,3,5,7,8,12,13,16,18,20,23>4,7,18,19,20,21,23,8
3,4,6,10,12,13,15,16,17,18,21,22>11,14,17,19,21,4,12,13,16,18,22
3,4,6,10,12,13,15,16,17,18,21,22>6,7,8,10,11,14,17,21,4,12,13,16,18,22
3,4,6,10,12,13,15,16,17,18,21,22>6,7,8,10,14,15,23,4,12,13,16,18,22
3,4,6,10,12,13,15,16,17,18,21,22>3,6,7,8,11,19,23,4,12,13,16,18,22
2,3,10,13,14,18,21,23>2,3,10,13,19,22,23,14
2,3,10,13,14,18,21,23>3,4,13,18,21,22,14
2,3,10,13,14,18,21,23>2,4,11,18,22,14
2,3,10,13,14,18,21,23>3,4,13,19,21,23,14
1,2,3,5,6,10,11,13,15,17,18,19,23>1,4,5,6,7,13,14,23,18,19,2,11
1,2,3,5,6,10,11,13,15,17,18,19,23>4,6,7,10,14,15,17,20,18,19,2,11
1,2,3,5,6,10,11,13,15,17,18,19,23>1,4,5,7,10,13,14,17,18,19,2,11
1,2,3,5,6,10,11,13,15,17,18,19,23>1,3,4,5,15,23,18,19,2,11
1,7,8,9,13,14,19,23>1,8,19,14
1,7,8,9,13,14,19,23>1,2,9,13,19,23,14
1,7,8,9,13,14,19,23>2,7,8,9,14
1,7,8,9,13,14,19,23>1,2,7,8,13,20,23,14
3,6,8,12,16,17,18,19,20,21,23>3,12,16,18,22,8,19,21
3,6,8,12,16,17,18,19,20,21,23>3,4,12,22,23,8,19,21
3,6,8,12,16,17,18,19,20,21,23>3,6,7,18,22,8,19,21
3,6,8,12,16,17,18,19,20,21,23>3,4,12,17,18,20,23,8,19,21
1,2,4,5,7,9,16,17,18,19,20,22>4,5,7,13,2,16,18,19,20
1,2,4,5,7,9,16,17,18,19,20,22>1,4,13,17,21,22,23,2,16,18,19,20
1,2,4,5,7,9,16,17,18,19,20,22>5,8,9,13,21,2,16,18,19,20
1,2,4,5,7,9,16,17,18,19,20,22>4,5,9,17,21,23,2,16,18,19,20
1,4,5,6,7,8,11,13,14,15,16>11,15,6,7,8,13,14,16
1,4,5,6,7,8,11,13,14,15,16>2,5,15,6,7,8,13,14,16
1,4,5,6,7,8,11,13,14,15,16>1,4,5,12,15,6,7,8,13,14,16
1,4,5,6,7,8,11,13,14,15,16>1,2,4,15,6,7,8,13,14,16
2,3,5,10,19,21,22,23>21,10,11,22,23
2,3,5,10,19,21,22,23>3,5,10,11,22,23
2,3,5,10,19,21,22,23>21,3,5,10,22,23
2,3,5,10,19,21,22,23>2,3,4,5,11,19,20,21,22,23
2,6,8,9,10,12,14,17,18,19,20,22,23>2,9,10,14,20,22,8,17,19,23
2,6,8,9,10,12,14,17,18,19,20,22,23>2,6,9,10,14,21,22,8,17,19,23
2,6,8,9,10,12,14,17,18,19,20,22,23>18,7,9,8,17,19,23
2,6,8,9,10,12,14,17,18,19,20,22,23>2,7,10,12,18,8,17,19,23
1,2,4,9,10,11,14,15,16,18,21>4,12,18,21,22,2,10,11,15,16
1,2,4,9,10,11,14,15,16,18,21>1,4,13,14,18,21,2,10,11,15,16
1,2,4,9,10,11,14,15,16,18,21>4,8,9,14,22,2,10,11,15,16
1,2,4,9,10,11,14,15,16,18,21>18,4,22,9,2,10,11,15,16
3,4,5,7,8,10,11,15,16,19,20,21,22,23>10,11,15,19,4,8,16,20,21,22,23
3,4,5,7,8,10,11,15,16,19,20,21,22,23>3,10,15,19,4,8,16,20,21,22,23
3,4,5,7,8,10,11,15,16,19,20,21,22,23>5,19,4,8,16,20,21,22,23
3,4,5,7,8,10,11,15,16,19,20,21,22,23>7,11,4,8,16,20,21,22,23
1,4,5,6,9,10,13,15,16,17,23>1,7,12,15,17,18,23,16,10,6
1,4,5,6,9,10,13,15,16,17,23>2,5,8,9,11,12,15,17,23,16,10,6
1,4,5,6,9,10,13,15,16,17,23>1,4,8,11,13,15,17,18,23,16,10,6
1,4,5,6,9,10,13,15,16,17,23>1,4,7,11,14,17,18,23,16,10,6
3,6,7,9,12,13,14,20>10,12,17,20,21,13,14,7
3,6,7,9,12,13,14,20>20,8,13,14,7
3,6,7,9,12,13,14,20>4,10,15,20,21,13,14,7
3,6,7,9,12,13,14,20>3,6,9,20,21,13,14,7
1,4,5,9,10,11,13,14,15,17,18,21>1,5,9,16,17,19,22,10,11,13,14,15,18
1,4,5,9,10,11,13,14,15,17,18,21>1,16,17,19,21,22,10,11,13,14,15,18
1,4,5,9,10,11,13,14,15,17,18,21>2,4,9,19,21,10,11,13,14,15,18
1,4,5,9,10,11,13,14,15,17,18,21>1,2,4,17,21,22,10,11,13,14,15,18
1,2,5,7,10,11,15,16,23>15,23,7,8,16,2,11
1,2,5,7,10,11,15,16,23>5,7,8,12,15,16,2,11
1,2,5,7,10,11,15,16,23>15,5,6,8,16,2,11
1,2,5,7,10,11,15,16,23>23,5,6,7,16,2,11
1,3,5,6,7,9,10,14,15,16,17,19,23>1,5,8,17,18,19,20,16,15,7
1,3,5,6,7,9,10,14,15,16,17,19,23>3,9,10,11,12,14,18,20,16,15,7
1,3,5,6,7,9,10,14,15,16,17,19,23>1,3,5,9,10,14,18,19,16,15,7
1,3,5,6,7,9,10,14,15,16,17,19,23>2,3,5,9,12,14,17,20,16,15,7
1,3,5,6,7,12,13,17,19,21,22,23>2,5,8,12,23,22,7
1,3,5,6,7,12,13,17,19,21,22,23>1,2,4,5,13,14,21,12,23,22,7
1,3,5,6,7,12,13,17,19,21,22,23>3,4,5,6,13,17,18,19,21,12,23,22,7
1,3,5,6,7,12,13,17,19,21,22,23>1,2,3,4,8,14,18,21,12,23,22,7
1,2,3,7,11,12,14,15,17,22,23>16,18,22,8,2,12,23,15
1,2,3,7,11,12,14,15,17,22,23>1,3,4,7,8,11,14,16,17,22,2,12,23,15
1,2,3,7,11,12,14,15,17,22,23>3,4,7,8,16,17,18,2,12,23,15
1,2,3,7,11,12,14,15,17,22,23>1,3,4,14,17,18,2,12,23,15
2,3,6,8,11,12,14,15,16,19,22>2,6,7,13,14,19,22,8,16,12
2,3,6,8,11,12,14,15,16,19,22>3,6,7,11,13,8,16,12
2,3,6,8,11,12,14,15,16,19,22>3,4,6,7,11,15,19,23,8,16,12
2,3,6,8,11,12,14,15,16,19,22>2,19,23,15,8,16,12
1,4,5,7,11,15,17,20>5,6,7,11,13,21,17,20
1,4,5,7,11,15,17,20>4,5,11,13,18,17,20
1,4,5,7,11,15,17,20>1,4,5,7,11,15,16,17,20
1,4,5,7,11,15,17,20>1,2,4,5,6,13,21,17,20
1,2,3,5,6,10,12,13,15,16,17,18,20,21,22,23>14,17,2,6,16,18,21,22,23
1,2,3,5,6,10,12,13,15,16,17,18,20,21,22,23>5,7,13,15,19,20,2,6,16,18,21,22,23
1,2,3,5,6,10,12,13,15,16,17,18,20,21,22,23>1,3,5,8,10,12,13,19,20,2,6,16,18,21,22,23
1,2,3,5,6,10,12,13,15,16,17,18,20,21,22,23>3,4,7,8,10,20,2,6,16,18,21,22,23
1,2,4,6,7,8,9,13,17,20,21,22,23>1,8,9,13,16,2,7,17,20,21,22,23
1,2,4,6,7,8,9,13,17,20,21,22,23>14,16,4,13,2,7,17,20,21,22,23
1,2,4,6,7,8,9,13,17,20,21,22,23>1,8,10,13,2,7,17,20,21,22,23
1,2,4,6,7,8,9,13,17,20,21,22,23>1,4,6,14,16,2,7,17,20,21,22,23
1,4,10,12,13,17,18,22>17,4,10,11,18,12,13
1,4,10,12,13,17,18,22>1,4,10,14,19,22,18,12,13
1,4,10,12,13,17,18,22>4,8,10,11,22,23,18,12,13
1,4,10,12,13,17,18,22>1,2,4,8,10,17,19,23,18,12,13
1,5,6,8,9,11,12,15,16,19,21>7,11,13,15,21,8,16,12
1,5,6,8,9,11,12,15,16,19,21>2,6,11,15,19,22,8,16,12
1,5,6,8,9,11,12,15,16,19,21>1,2,6,11,13,8,16,12
1,5,6,8,9,11,12,15,16,19,21>5,7,11,19,22,8,16,12
2,3,6,9,12,13,14,15,16,17,19,22,23>2,9,13,18,22,12,14,15,16,23
2,3,6,9,12,13,14,15,16,17,19,22,23>2,3,9,12,14,15,16,23
2,3,6,9,12,13,14,15,16,17,19,22,23>2,4,7,17,22,12,14,15,16,23
2,3,6,9,12,13,14,15,16,17,19,22,23>3,4,6,7,17,22,12,14,15,16,23
2,3,4,5,7,8,9,10,12,13,17>16,17,7,4,8,10,12,13
2,3,4,5,7,8,9,10,12,13,17>6,7,11,4,8,10,12,13
2,3,4,5,7,8,9,10,12,13,17>14,16,3,6,4,8,10,12,13
2,3,4,5,7,8,9,10,12,13,17>2,3,6,7,9,4,8,10,12,13
1,3,4,6,7,8,9,14,17,20,21,23>1,22,6,8,4,7,17,20,21
1,3,4,6,7,8,9,14,17,20,21,23>14,16,2,3,4,7,17,20,21
1,3,4,6,7,8,9,14,17,20,21,23>1,3,6,9,10,16,22,4,7,17,20,21
1,3,4,6,7,8,9,14,17,20,21,23>2,3,6,10,4,7,17,20,21
1,3,4,5,6,7,9,14,17,20,22>3,9,10,13,22,4,6,7,17,20
1,3,4,5,6,7,9,14,17,20,22>3,5,10,13,14,4,6,7,17,20
1,3,4,5,6,7,9,14,17,20,22>3,5,10,13,15,16,21,23,4,6,7,17,20
1,3,4,5,6,7,9,14,17,20,22>1,3,5,13,14,16,21,23,4,6,7,17,20
2,7,8,10,12,15,16,18>7,11,15,18,19,8,16,12
2,7,8,10,12,15,16,18>2,7,11,15,18,8,16,12
2,7,8,10,12,15,16,18>2,7,10,11,15,8,16,12
2,7,8,10,12,15,16,18>2,7,10,18,19,8,16,12
1,2,3,4,8,11,12,13,16,17,19,20>1,3,12,17,2,4,8,13,16
1,2,3,4,8,11,12,13,16,17,19,20>20,1,3,12,2,4,8,13,16
1,2,3,4,8,11,12,13,16,17,19,20>20,21,11,2,4,8,13,16
1,2,3,4,8,11,12,13,16,17,19,20>21,11,14,17,2,4,8,13,16
3,6,7,9,13,19,20,21,22,23>3,4,9,14,17,19,7,20,21,22,23
3,6,7,9,13,19,20,21,22,23>19,6,17,7,20,21,22,23
3,6,7,9,13,19,20,21,22,23>3,4,6,13,17,7,20,21,22,23
3,6,7,9,13,19,20,21,22,23>19,3,4,6,7,20,21,22,23
1,3,5,8,9,14,17,18,19,20,21,22,23>1,2,5,9,18,17,19,20,21,22,23
1,3,5,8,9,14,17,18,19,20,21,22,23>1,3,4,8,17,19,20,21,22,23
1,3,5,8,9,14,17,18,19,20,21,22,23>2,3,4,5,9,14,17,19,20,21,22,23
1,3,5,8,9,14,17,18,19,20,21,22,23>1,2,3,4,9,14,18,17,19,20,21,22,23
3,5,7,8,10,11,12,15,19,20,22,23>3,4,12,15,17,22,8,23
3,5,7,8,10,11,12,15,19,20,22,23>5,11,12,15,19,20,8,23
3,5,7,8,10,11,12,15,19,20,22,23>5,11,19,20,22,8,23
3,5,7,8,10,11,12,15,19,20,22,23>3,4,5,7,10,11,12,8,23
1,3,4,7,10,11,13,16,17,19,20,21,23>1,3,7,11,13,14,18,19,22,16,21,4,20
1,3,4,7,10,11,13,16,17,19,20,21,23>1,8,10,11,13,19,16,21,4,20
1,3,4,7,10,11,13,16,17,19,20,21,23>1,3,8,13,17,23,16,21,4,20
1,3,4,7,10,11,13,16,17,19,20,21,23>2,3,7,10,17,18,19,22,23,16,21,4,20
1,3,4,11,12,15,16,19,20,21,22>8,11,15,19,20,16,4,21,22
1,3,4,11,12,15,16,19,20,21,22>1,8,11,12,16,4,21,22
1,3,4,11,12,15,16,19,20,21,22>2,8,12,13,15,19,20,16,4,21,22
1,3,4,11,12,15,16,19,20,21,22>1,3,8,13,15,23,16,4,21,22
1,3,4,6,10,11,12,13,16,20>1,20,6,8,16,4,13
1,3,4,6,10,11,12,13,16,20>1,2,6,7,16,4,13
1,3,4,6,10,11,12,13,16,20>2,3,6,7,11,12,14,20,16,4,13
1,3,4,6,10,11,12,13,16,20>1,2,3,10,11,14,16,4,13
1,2,9,11,12,13,14,15,16,17,19>1,11,17,18,19,2,12,13,14,15,16
1,2,9,11,12,13,14,15,16,17,19>1,8,18,2,12,13,14,15,16
1,2,9,11,12,13,14,15,16,17,19>9,11,18,2,12,13,14,15,16
1,2,9,11,12,13,14,15,16,17,19>1,8,9,2,12,13,14,15,16
2,3,4,6,8,11,12,13,14,15,17,18,21,23>3,7,11,16,17,18,19,23,8,4,12,14
2,3,4,6,8,11,12,13,14,15,17,18,21,23>6,11,13,15,16,17,22,23,8,4,12,14
2,3,4,6,8,11,12,13,14,15,17,18,21,23>19,6,7,22,8,4,12,14
2,3,4,6,8,11,12,13,14,15,17,18,21,23>3,6,11,13,15,18,19,21,23,8,4,12,14
1,5,7,9,11,12,13,14,16,20>7,9,10,11,15,20,13,14
1,5,7,9,11,12,13,14,16,20>6,7,9,10,12,21,13,14
1,5,7,9,11,12,13,14,16,20>1,5,7,11,15,16,20,13,14
1,5,7,9,11,12,13,14,16,20>1,2,5,16,20,21,13,14
4,5,6,8,11,12,13,15,16,18,19,20,21,22>5,11,15,18,20,23,8,13,16,19,21,22
4,5,6,8,11,12,13,15,16,18,19,20,21,22>5,12,14,15,18,20,23,8,13,16,19,21,22
4,5,6,8,11,12,13,15,16,18,19,20,21,22>4,6,11,12,14,18,8,13,16,19,21,22
4,5,6,8,11,12,13,15,16,18,19,20,21,22>5,6,12,15,18,23,8,13,16,19,21,22
2,5,9,10,16,18>2,6,11,12,13,16,10
2,5,9,10,16,18>13,16,5,8,10
2,5,9,10,16,18>2,6,8,9,13,16,10
2,5,9,10,16,18>5,6,9,11,13,18,10
1,2,6,7,8,9,10,12,13,14,19,23>23,11,19,2,7,8,12,14
1,2,6,7,8,9,10,12,13,14,19,23>23,1,10,13,2,7,8,12,14
1,2,6,7,8,9,10,12,13,14,19,23>23,6,10,2,7,8,12,14
1,2,6,7,8,9,10,12,13,14,19,23>1,6,9,13,2,7,8,12,14
3,5,6,7,8,9,11,14,17,18,22,23>18,10,11,23,6,7
3,5,6,7,8,9,11,14,17,18,22,23>3,9,10,17,19,22,23,6,7
3,5,6,7,8,9,11,14,17,18,22,23>3,5,9,14,17,18,23,6,7
3,5,6,7,8,9,11,14,17,18,22,23>4,5,8,9,10,11,14,17,19,23,6,7
2,3,4,5,6,7,15,17,18>2,13,15,17,19,18,4,6,7
2,3,4,5,6,7,15,17,18>2,3,13,15,19,18,4,6,7
2,3,4,5,6,7,15,17,18>5,13,16,17,19,18,4,6,7
2,3,4,5,6,7,15,17,18>2,3,5,13,15,16,17,18,4,6,7
1,2,3,5,6,7,9,11,13,19,20,21,22>1,19,11,2,7,13,20,21,22
1,2,3,5,6,7,9,11,13,19,20,21,22>23,17,4,5,2,7,13,20,21,22
1,2,3,5,6,7,9,11,13,19,20,21,22>3,4,6,11,14,19,2,7,13,20,21,22
1,2,3,5,6,7,9,11,13,19,20,21,22>1,3,4,5,6,14,23,2,7,13,20,21,22
1,3,4,6,11,17,18,19,22>16,1,6,18,19,4
1,3,4,6,11,17,18,19,22>3,6,11,16,17,23,18,19,4
1,3,4,6,11,17,18,19,22>3,6,7,16,23,18,19,4
1,3,4,6,11,17,18,19,22>1,2,3,7,13,16,17,20,18,19,4
2,6,7,8,10,12,13,14,15,17,19,21,23>2,13,15,16,19,21,22,23,8,12,14,7
2,6,7,8,10,12,13,14,15,17,19,21,23>6,13,16,17,22,8,12,14,7
2,6,7,8,10,12,13,14,15,17,19,21,23>2,6,21,16,8,12,14,7
2,6,7,8,10,12,13,14,15,17,19,21,23>10,11,13,17,19,22,23,8,12,14,7
1,3,4,7,8,11,12,13,14,16,17,19,20,22,23>1,12,13,19,21,4,8,14,16,23
1,3,4,7,8,11,12,13,14,16,17,19,20,22,23>19,2,11,12,4,8,14,16,23
1,3,4,7,8,11,12,13,14,16,17,19,20,22,23>1,3,7,12,13,19,4,8,14,16,23
1,3,4,7,8,11,12,13,14,16,17,19,20,22,23>1,3,7,11,17,21,4,8,14,16,23
2,4,9,10,12,14,16,17,18,19,21,22,23>17,21,10,14,12,16,18,19,22,23
2,4,9,10,12,14,16,17,18,19,21,22,23>2,4,9,10,15,17,21,12,16,18,19,22,23
2,4,9,10,12,14,16,17,18,19,21,22,23>21,8,9,12,16,18,19,22,23
2,4,9,10,12,14,16,17,18,19,21,22,23>2,8,10,11,15,21,12,16,18,19,22,23
5,8,9,11,12,15,18,19>5,15,18,8,19,12
5,8,9,11,12,15,18,19>9,13,16,8,19,12
5,8,9,11,12,15,18,19>5,9,13,18,8,19,12
5,8,9,11,12,15,18,19>9,11,13,18,8,19,12
2,4,6,7,8,9,10,11,12,13,14,15,16,18,19,21>21,22,7,8,11,12,13,14,16,19
2,4,6,7,8,9,10,11,12,13,14,15,16,18,19,21>4,9,10,18,22,7,8,11,12,13,14,16,19
2,4,6,7,8,9,10,11,12,13,14,15,16,18,19,21>2,4,10,15,18,7,8,11,12,13,14,16,19
2,4,6,7,8,9,10,11,12,13,14,15,16,18,19,21>4,6,9,10,18,21,7,8,11,12,13,14,16,19
1,4,5,6,7,10,11,12,13,17,19,20,21,23>8,10,11,14,16,18,20,22,17,21,7
1,4,5,6,7,10,11,12,13,17,19,20,21,23>4,5,6,11,12,14,19,20,22,17,21,7
1,4,5,6,7,10,11,12,13,17,19,20,21,23>2,4,8,10,11,12,18,19,22,23,17,21,7
1,4,5,6,7,10,11,12,13,17,19,20,21,23>1,2,4,11,12,13,14,18,22,23,17,21,7
2,3,5,6,8,9,10,17,18,19>2,5,6,7,8,10,11,17,19
2,3,5,6,8,9,10,17,18,19>2,6,8,13,18,19
2,3,5,6,8,9,10,17,18,19>2,3,7,10,13,18,20,19
2,3,5,6,8,9,10,17,18,19>4,5,6,13,17,18,19
2,4,6,7,10,11,12,13,15,17,18,19,20,21,22,23>13,20,11,7,17,18,19,21,22,23
2,4,6,7,10,11,12,13,15,17,18,19,20,21,22,23>2,4,11,14,16,7,17,18,19,21,22,23
2,4,6,7,10,11,12,13,15,17,18,19,20,21,22,23>6,10,11,12,15,7,17,18,19,21,22,23
2,4,6,7,10,11,12,13,15,17,18,19,20,21,22,23>2,6,10,11,13,15,7,17,18,19,21,22,23
1,3,5,7,8,11,12,13,14,15,16,17,18,19,21,23>5,7,11,18,21,22,8,12,14,16,19
1,3,5,7,8,11,12,13,14,15,16,17,18,19,21,23>22,3,4,21,8,12,14,16,19
1,3,5,7,8,11,12,13,14,15,16,17,18,19,21,23>2,3,13,15,18,21,22,23,8,12,14,16,19
1,3,5,7,8,11,12,13,14,15,16,17,18,19,21,23>1,2,3,7,13,15,17,21,22,8,12,14,16,19
2,8,10,13,16,17,18,20>21,16,18,8,20,13
2,8,10,13,16,17,18,20>21,10,16,17,8,20,13
2,8,10,13,16,17,18,20>2,10,16,17,18,8,20,13
2,8,10,13,16,17,18,20>2,14,16,17,8,20,13
1,3,5,7,11,12,17,18,20,21,23>1,6,7,19,20,22,17,18,21
1,3,5,7,11,12,17,18,20,21,23>3,5,6,8,20,22,17,18,21
1,3,5,7,11,12,17,18,20,21,23>3,4,5,8,12,19,23,17,18,21
1,3,5,7,11,12,17,18,20,21,23>2,3,7,8,19,17,18,21
1,2,3,5,7,10,16,17,18,22>1,6,8,10,11,16,17,22,2,18
1,2,3,5,7,10,16,17,18,22>3,5,6,7,10,13,22,2,18
1,2,3,5,7,10,16,17,18,22>1,3,5,6,8,11,17,23,2,18
1,2,3,5,7,10,16,17,18,22>1,11,12,13,16,19,2,18
1,3,6,7,8,10,11,13,21>4,8,11,13,7
1,3,6,7,8,10,11,13,21>1,2,6,10,14,21,22,11,13,7
1,3,6,7,8,10,11,13,21>22,3,6,11,13,7
1,3,6,7,8,10,11,13,21>14,4,6,10,11,13,7
1,2,4,5,6,9,10,12,13,14,17,18,20,21>1,8,9,16,22,2,6,10,13,14,17,18,21
1,2,4,5,6,9,10,12,13,14,17,18,20,21>5,8,9,15,16,19,20,22,2,6,10,13,14,17,18,21
1,2,4,5,6,9,10,12,13,14,17,18,20,21>1,5,9,15,19,22,2,6,10,13,14,17,18,21
1,2,4,5,6,9,10,12,13,14,17,18,20,21>1,4,5,7,9,22,2,6,10,13,14,17,18,21
3,4,8,10,15,19,20,21,22,23>8,15,17,4,20,21,22,23
3,4,8,10,15,19,20,21,22,23>10,15,19,4,20,21,22,23
3,4,8,10,15,19,20,21,22,23>8,10,15,16,4,20,21,22,23
3,4,8,10,15,19,20,21,22,23>3,8,10,16,17,4,20,21,22,23
4,5,7,8,9,12,13,15,21,22>7,9,10,14,15,16,21,23,8,12,13,22
4,5,7,8,9,12,13,15,21,22>4,7,15,21,23,8,12,13,22
4,5,7,8,9,12,13,15,21,22>4,5,7,14,16,21,8,12,13,22
4,5,7,8,9,12,13,15,21,22>4,6,15,16,21,8,12,13,22
1,3,4,5,8,14,17,18,22>1,18,8,14,4
1,3,4,5,8,14,17,18,22>2,5,6,17,22,4
1,3,4,5,8,14,17,18,22>1,2,6,8,14,17,4
1,3,4,5,8,14,17,18,22>1,3,6,16,17,18,19,23,4
1,2,3,5,8,11,13,14,16,18,20,21>3,6,18,19,22,2,8,13,14,20,21
1,2,3,5,8,11,13,14,16,18,20,21>18,1,3,19,2,8,13,14,20,21
1,2,3,5,8,11,13,14,16,18,20,21>3,4,6,11,18,22,2,8,13,14,20,21
1,2,3,5,8,11,13,14,16,18,20,21>1,3,4,5,6,11,16,22,2,8,13,14,20,21
1,2,6,11,14,15,19>20,11,13,2,15
1,2,6,11,14,15,19>1,7,13,16,19,20,2,15
1,2,6,11,14,15,19>6,7,13,16,19,2,15
1,2,6,11,14,15,19>19,20,13,14,2,15
1,6,7,12,13,15,21,22,23>1,8,13,15,12,23,22,7
1,6,7,12,13,15,21,22,23>16,6,8,12,23,22,7
1,6,7,12,13,15,21,22,23>1,6,13,15,12,23,22,7
1,6,7,12,13,15,21,22,23>1,2,6,14,15,21,12,23,22,7
1,2,3,4,10,12,13,14,15,18,20,22,23>1,3,8,10,12,16,20,21,2,4,14,15,23
1,2,3,4,10,12,13,14,15,18,20,22,23>8,13,19,20,22,2,4,14,15,23
1,2,3,4,10,12,13,14,15,18,20,22,23>3,8,10,12,13,16,18,19,20,21,2,4,14,15,23
1,2,3,4,10,12,13,14,15,18,20,22,23>1,3,8,10,12,18,20,2,4,14,15,23
2,5,8,9,14,15,18,21,23>5,8,9,10,15,16,18,21,23
2,5,8,9,14,15,18,21,23>5,8,15,16,18,22,23
2,5,8,9,14,15,18,21,23>5,8,14,19,22
2,5,8,9,14,15,18,21,23>2,5,6,9,15,16,18
3,4,8,9,10,14,16,17,18,20,22,23>3,17,4,8,10,16,20,23
3,4,8,9,10,14,16,17,18,20,22,23>22,9,17,4,8,10,16,20,23
3,4,8,9,10,14,16,17,18,20,22,23>9,14,19,4,8,10,16,20,23
3,4,8,9,10,14,16,17,18,20,22,23>3,9,14,18,21,4,8,10,16,20,23
1,2,3,4,6,8,9,16,19,22,23>9,12,19,2,4,8,16,23
1,2,3,4,6,8,9,16,19,22,23>1,9,19,2,4,8,16,23
1,2,3,4,6,8,9,16,19,22,23>20,3,7,2,4,8,16,23
1,2,3,4,6,8,9,16,19,22,23>3,6,9,19,2,4,8,16,23
3,4,7,11,12,14,16,18,21,22,23>11,14,15,19,21,4,12,16,22,23
3,4,7,11,12,14,16,18,21,22,23>3,11,14,4,12,16,22,23
3,4,7,11,12,14,16,18,21,22,23>7,11,14,4,12,16,22,23
3,4,7,11,12,14,16,18,21,22,23>3,7,14,15,4,12,16,22,23
1,3,6,8,13,15,19,20>2,7,8,13,16,19,21,20
1,3,6,8,13,15,19,20>1,2,8,14,17,20
1,3,6,8,13,15,19,20>3,4,6,15,17,19,20
1,3,6,8,13,15,19,20>1,3,7,8,13,14,16,17,21,20
1,2,3,7,11,12,14,16,19,21,23>1,3,11,14,21,22,2,12
1,2,3,7,11,12,14,16,19,21,23>4,14,15,16,21,23,2,12
1,2,3,7,11,12,14,16,19,21,23>1,4,16,21,22,2,12
1,2,3,7,11,12,14,16,19,21,23>1,3,4,7,8,15,16,21,23,2,12
1,2,3,8,9,12,13,14,15,16,17,18,19,22>1,4,9,17,18,22,2,8,12,13,14,16,19
1,2,3,8,9,12,13,14,15,16,17,18,19,22>1,3,18,22,23,2,8,12,13,14,16,19
1,2,3,8,9,12,13,14,15,16,17,18,19,22>22,1,4,15,2,8,12,13,14,16,19
1,2,3,8,9,12,13,14,15,16,17,18,19,22>3,4,17,18,23,2,8,12,13,14,16,19
1,2,4,6,7,8,9,10,12,15,19>15,16,9,8,2,12,7
1,2,4,6,7,8,9,10,12,15,19>1,9,10,13,16,8,2,12,7
1,2,4,6,7,8,9,10,12,15,19>4,10,13,8,2,12,7
1,2,4,6,7,8,9,10,12,15,19>1,6,9,10,11,15,19,8,2,12,7
1,2,3,5,6,7,10,11,12,14,17,18,22,23>15,19,8,14,2,6,7,11,12,18,23
1,2,3,5,6,7,10,11,12,14,17,18,22,23>1,5,14,15,19,2,6,7,11,12,18,23
1,2,3,5,6,7,10,11,12,14,17,18,22,23>3,10,15,17,19,2,6,7,11,12,18,23
1,2,3,5,6,7,10,11,12,14,17,18,22,23>3,4,5,8,10,14,22,2,6,7,11,12,18,23
1,4,5,6,8,9,13,17,18,20,23>4,5,10,13,14,19,21,23,17,20,6
1,4,5,6,8,9,13,17,18,20,23>1,4,10,13,14,16,17,20,6
1,4,5,6,8,9,13,17,18,20,23>2,4,5,7,18,19,17,20,6
1,4,5,6,8,9,13,17,18,20,23>1,2,4,8,9,10,16,18,19,21,23,17,20,6
4,5,8,9,10,13,14,15,18,19,20>4,10,13,16,18,21,19,20,14
4,5,8,9,10,13,14,15,18,19,20>4,5,9,13,16,17,18,21,19,20,14
4,5,8,9,10,13,14,15,18,19,20>8,9,10,13,15,21,19,20,14
4,5,8,9,10,13,14,15,18,19,20>4,5,8,15,16,18,19,20,14
2,5,6,8,11,12,13,14,15,16,17,18,20,22>5,21,22,6,8,13,14,16
2,5,6,8,11,12,13,14,15,16,17,18,20,22>2,7,11,19,22,23,6,8,13,14,16
2,5,6,8,11,12,13,14,15,16,17,18,20,22>5,7,12,19,22,23,6,8,13,14,16
2,5,6,8,11,12,13,14,15,16,17,18,20,22>18,2,7,15,6,8,13,14,16
3,4,5,7,8,12,13,15,16,22,23>7,13,14,15,22,4,8,12,16,23
3,4,5,7,8,12,13,15,16,22,23>5,7,13,14,15,4,8,12,16,23
3,4,5,7,8,12,13,15,16,22,23>6,13,14,15,22,4,8,12,16,23
3,4,5,7,8,12,13,15,16,22,23>5,6,7,13,15,22,4,8,12,16,23
4,9,10,12,15,16,17,21>8,9,15,16,10,12
4,9,10,12,15,16,17,21>8,11,13,15,17,18,21,16,10,12
4,9,10,12,15,16,17,21>4,22,9,17,16,10,12
4,9,10,12,15,16,17,21>22,8,9,11,16,10,12
3,5,7,9,10,11,13,16,17,19,20,23>4,7,9,11,14,17,19,21,20
3,5,7,9,10,11,13,16,17,19,20,23>3,4,7,8,13,17,18,19,21,20
3,5,7,9,10,11,13,16,17,19,20,23>5,8,9,13,17,21,20
3,5,7,9,10,11,13,16,17,19,20,23>3,4,5,7,8,10,13,14,16,17,18,21,20
2,3,7,8,12,22,23>2,7,22,8,12,23
2,3,7,8,12,22,23>2,3,8,12,23
2,3,7,8,12,22,23>4,22,8,12,23
2,3,7,8,12,22,23>3,4,8,12,23
1,3,4,9,11,13,14,15,16,18,19,21,22>11,18,20,21,23,4,13,14,15,16,19,22
1,3,4,9,11,13,14,15,16,18,19,21,22>1,21,23,20,4,13,14,15,16,19,22
1,3,4,9,11,13,14,15,16,18,19,21,22>2,8,11,12,18,23,4,13,14,15,16,19,22
1,3,4,9,11,13,14,15,16,18,19,21,22>1,21,9,20,4,13,14,15,16,19,22
1,3,6,8,11,12,15,17,19,22,23>1,2,7,11,17,19,8,12,23
1,3,6,8,11,12,15,17,19,22,23>3,4,7,11,16,17,19,22,8,12,23
1,3,6,8,11,12,15,17,19,22,23>19,2,3,8,12,23
1,3,6,8,11,12,15,17,19,22,23>3,7,11,15,17,22,8,12,23
5,6,7,14,15,17,18,19,20,23>5,16,21,23,7,15,17,18,19,20
5,6,7,14,15,17,18,19,20,23>5,6,7,15,17,18,19,20
5,6,7,14,15,17,18,19,20,23>5,14,16,7,15,17,18,19,20
5,6,7,14,15,17,18,19,20,23>6,14,16,7,15,17,18,19,20
3,4,8,9,12,13,16,18,19,20,21,23>23,13,20,4,8,16,19,21
3,4,8,9,12,13,16,18,19,20,21,23>3,13,14,18,20,4,8,16,19,21
3,4,8,9,12,13,16,18,19,20,21,23>23,9,13,14,4,8,16,19,21
3,4,8,9,12,13,16,18,19,20,21,23>22,3,9,13,4,8,16,19,21
1,2,3,4,5,6,7,9,15,16,18,19,22>8,12,2,4,7,16,19
1,2,3,4,5,6,7,9,15,16,18,19,22>1,20,9,2,4,7,16,19
1,2,3,4,5,6,7,9,15,16,18,19,22>20,18,5,2,4,7,16,19
1,2,3,4,5,6,7,9,15,16,18,19,22>8,13,15,18,20,2,4,7,16,19
1,2,5,6,7,10,13,14,16,17>18,11,12,15,2,6,7,13,14
1,2,5,6,7,10,13,14,16,17>1,12,16,17,18,2,6,7,13,14
1,2,5,6,7,10,13,14,16,17>1,5,8,11,15,17,18,2,6,7,13,14
1,2,5,6,7,10,13,14,16,17>1,5,8,11,12,2,6,7,13,14
2,5,6,7,8,10,11,16,20,22,23>2,21,22,6,7,8,20,23
2,5,6,7,8,10,11,16,20,22,23>2,10,16,21,6,7,8,20,23
2,5,6,7,8,10,11,16,20,22,23>10,21,22,6,7,8,20,23
2,5,6,7,8,10,11,16,20,22,23>2,10,11,6,7,8,20,23
1,7,8,9,13,15,16,18,21,22>21,18,7,10,8,16,13,22
1,7,8,9,13,15,16,18,21,22>1,2,10,14,18,21,23,8,16,13,22
1,7,8,9,13,15,16,18,21,22>7,9,10,12,14,18,23,8,16,13,22
1,7,8,9,13,15,16,18,21,22>1,7,9,14,18,21,8,16,13,22
2,3,5,6,9,10,11,12,15,17,18,21,22>5,7,8,17,19,21,6,10,11,12,18,22
2,3,5,6,9,10,11,12,15,17,18,21,22>4,9,13,15,16,17,6,10,11,12,18,22
2,3,5,6,9,10,11,12,15,17,18,21,22>2,4,5,7,13,15,16,17,19,23,6,10,11,12,18,22
2,3,5,6,9,10,11,12,15,17,18,21,22>3,4,5,7,17,21,23,6,10,11,12,18,22
2,4,5,6,7,8,11,14,15,17,21,22>2,8,13,16,17,21,23,22,6,7
2,4,5,6,7,8,11,14,15,17,21,22>4,11,13,14,15,17,21,23,22,6,7
2,4,5,6,7,8,11,14,15,17,21,22>5,13,15,17,23,22,6,7
2,4,5,6,7,8,11,14,15,17,21,22>2,4,5,8,14,23,22,6,7
2,3,5,8,9,10,11,13,14,15,16,17,18,20,21,23>5,6,9,13,17,18,19,8,10,14,16,20,21
2,3,5,8,9,10,11,13,14,15,16,17,18,20,21,23>3,5,6,9,11,13,23,8,10,14,16,20,21
2,3,5,8,9,10,11,13,14,15,16,17,18,20,21,23>2,3,4,5,6,9,11,13,15,17,8,10,14,16,20,21
2,3,5,8,9,10,11,13,14,15,16,17,18,20,21,23>2,3,4,6,13,15,17,19,8,10,14,16,20,21
1,4,9,11,14,16,18,19,20,21,23>8,9,11,18,22,23,16,19,20,21
1,4,9,11,14,16,18,19,20,21,23>2,4,14,16,19,20,21
1,4,9,11,14,16,18,19,20,21,23>15,2,23,14,16,19,20,21
1,4,9,11,14,16,18,19,20,21,23>2,4,8,9,15,18,23,16,19,20,21
5,6,8,9,12,13,14,15,16,18,19,20>5,12,18,8,13,14,16,19
5,6,8,9,12,13,14,15,16,18,19,20>21,7,9,18,8,13,14,16,19
5,6,8,9,12,13,14,15,16,18,19,20>5,7,9,12,15,8,13,14,16,19
5,6,8,9,12,13,14,15,16,18,19,20>6,7,12,18,8,13,14,16,19
1,2,3,5,7,8,12,15,16,17,18,19,22>5,15,17,22,23,2,8,12,16,19
1,2,3,5,7,8,12,15,16,17,18,19,22>3,4,7,15,18,23,2,8,12,16,19
1,2,3,5,7,8,12,15,16,17,18,19,22>3,4,7,13,15,22,2,8,12,16,19
1,2,3,5,7,8,12,15,16,17,18,19,22>3,4,7,13,17,22,23,2,8,12,16,19
1,3,5,8,10,11,12,16,20,21,22>1,2,4,5,6,10,12,13,16,8,21,22
1,3,5,8,10,11,12,16,20,21,22>2,6,10,11,20,8,21,22
1,3,5,8,10,11,12,16,20,21,22>1,2,11,12,16,20,23,8,21,22
1,3,5,8,10,11,12,16,20,21,22>2,3,4,5,6,20,8,21,22
2,4,5,8,12,13,14,15,18,21,22,23>19,13,16,8,12,14,22,23
2,4,5,8,12,13,14,15,18,21,22,23>4,6,15,16,18,8,12,14,22,23
2,4,5,8,12,13,14,15,18,21,22,23>2,5,6,15,16,18,19,8,12,14,22,23
2,4,5,8,12,13,14,15,18,21,22,23>2,4,5,13,15,19,21,8,12,14,22,23
2,3,5,8,9,11,12,13,15,16,17,19,21,22>15,17,19,9,8,12,13,16,22
2,3,5,8,9,11,12,13,15,16,17,19,21,22>2,5,9,19,21,23,8,12,13,16,22
2,3,5,8,9,11,12,13,15,16,17,19,21,22>4,15,17,19,21,23,8,12,13,16,22
2,3,5,8,9,11,12,13,15,16,17,19,21,22>2,3,4,5,17,21,8,12,13,16,22
1,2,3,5,6,8,9,10,14,16,17,18,20,23>3,16,18,19,21,23,2,6,8,10,20
1,2,3,5,6,8,9,10,14,16,17,18,20,23>1,3,5,7,9,14,16,23,2,6,8,10,20
1,2,3,5,6,8,9,10,14,16,17,18,20,23>1,4,5,7,14,16,17,18,19,23,2,6,8,10,20
1,2,3,5,6,8,9,10,14,16,17,18,20,23>3,4,5,7,14,17,19,2,6,8,10,20
1,2,4,5,7,8,9,10,12,13,15,20,21,23>7,9,12,13,22,8,2,10,21
1,2,4,5,7,8,9,10,12,13,15,20,21,23>1,4,9,12,14,15,16,17,20,22,8,2,10,21
1,2,4,5,7,8,9,10,12,13,15,20,21,23>5,9,12,13,15,23,8,2,10,21
1,2,4,5,7,8,9,10,12,13,15,20,21,23>4,5,6,7,13,8,2,10,21
1,3,4,7,9,10,11,12,14,15,17,18,19,20,21,22,23>1,7,10,12,14,16,20,4,15,17,18,19,21,22,23
1,3,4,7,9,10,11,12,14,15,17,18,19,20,21,22,23>1,2,9,10,12,14,16,20,4,15,17,18,19,21,22,23
1,3,4,7,9,10,11,12,14,15,17,18,19,20,21,22,23>16,14,3,8,4,15,17,18,19,21,22,23
1,3,4,7,9,10,11,12,14,15,17,18,19,20,21,22,23>1,2,10,11,16,20,4,15,17,18,19,21,22,23
2,7,8,9,12,15,16,17,18,20,21>9,12,15,17,18,8,16,21
2,7,8,9,12,15,16,17,18,20,21>9,10,13,15,20,22,8,16,21
2,7,8,9,12,15,16,17,18,20,21>2,9,12,13,17,22,8,16,21
2,7,8,9,12,15,16,17,18,20,21>7,9,10,12,15,19,20,8,16,21
3,4,6,7,8,9,10,11,12,13,14,16,17,18,19,20,21,22,23>11,12,13,4,7,8,14,16,19,21,22,23
3,4,6,7,8,9,10,11,12,13,14,16,17,18,19,20,21,22,23>9,10,11,13,17,4,7,8,14,16,19,21,22,23
3,4,6,7,8,9,10,11,12,13,14,16,17,18,19,20,21,22,23>9,10,11,12,17,20,4,7,8,14,16,19,21,22,23
3,4,6,7,8,9,10,11,12,13,14,16,17,18,19,20,21,22,23>3,9,11,13,18,4,7,8,14,16,19,21,22,23
2,3,6,9,10,11,16,17,22,23>2,6,7,9,16,18,22,10,11,23
2,3,6,9,10,11,16,17,22,23>2,3,6,16,10,11,23
2,3,6,9,10,11,16,17,22,23>3,4,6,7,8,12,16,22,10,11,23
2,3,6,9,10,11,16,17,22,23>3,4,7,16,17,18,22,10,11,23
5,8,9,10,11,12,14,15,20,23>5,6,11,12,17,23,8,10
5,8,9,10,11,12,14,15,20,23>5,6,11,12,14,15,8,10
5,8,9,10,11,12,14,15,20,23>9,11,14,16,21,23,8,10
5,8,9,10,11,12,14,15,20,23>5,6,9,11,15,16,17,20,8,10
3,9,15,16,19,21>3,12,15,16
3,9,15,16,19,21>3,8,9,15,19,22,16
3,9,15,16,19,21>4,8,12,21,22,16
3,9,15,16,19,21>4,8,9,15,19,20,21,22,16
1,3,4,5,10,13,15,16,17,20,21,22>15,17,18,10,4,16,20,21,22
1,3,4,5,10,13,15,16,17,20,21,22>1,2,6,8,10,14,4,16,20,21,22
1,3,4,5,10,13,15,16,17,20,21,22>3,5,13,14,15,18,23,4,16,20,21,22
1,3,4,5,10,13,15,16,17,20,21,22>1,3,5,6,8,10,13,18,4,16,20,21,22
6,7,10,13,14,15>10,6,15,13,14,7
6,7,10,13,14,15>11,6,15,13,14,7
6,7,10,13,14,15>16,11,15,13,14,7
6,7,10,13,14,15>10,11,15,13,14,7
1,2,4,7,8,13,14,16,23>4,12,23,8,16,2,14
1,2,4,7,8,13,14,16,23>1,4,12,8,16,2,14
1,2,4,7,8,13,14,16,23>7,12,13,23,8,16,2,14
1,2,4,7,8,13,14,16,23>1,7,13,23,8,16,2,14
3,5,6,7,8,9,10,11,12,16,18,19,20,21,23>10,12,16,18,22,8,19,21,7
3,5,6,7,8,9,10,11,12,16,18,19,20,21,23>3,6,9,11,16,18,23,8,19,21,7
3,5,6,7,8,9,10,11,12,16,18,19,20,21,23>3,4,22,11,8,19,21,7
3,5,6,7,8,9,10,11,12,16,18,19,20,21,23>3,4,5,10,20,22,8,19,21,7
1,2,4,6,8,9,10,11,15,21>1,22,8,11,2,10
1,2,4,6,8,9,10,11,15,21>4,7,15,16,21,11,2,10
1,2,4,6,8,9,10,11,15,21>15,1,11,2,10
1,2,4,6,8,9,10,11,15,21>6,7,8,13,21,22,11,2,10
3,4,8,10,15,19,23>11,15,19,20,23,4
3,4,8,10,15,19,23>3,8,15,23,4
3,4,8,10,15,19,23>3,8,10,15,4
3,4,8,10,15,19,23>3,8,10,16,23,4
10,12,14,15,16,17,19,21,22,23>14,17,19,12,15,16,22,23
10,12,14,15,16,17,19,21,22,23>21,10,17,12,15,16,22,23
10,12,14,15,16,17,19,21,22,23>10,14,18,12,15,16,22,23
10,12,14,15,16,17,19,21,22,23>21,14,17,12,15,16,22,23
3,4,7,9,10,12,13,14,22,23>3,8,11,13,15,16,4,10,12,14,23
3,4,7,9,10,12,13,14,22,23>3,7,15,16,22,4,10,12,14,23
3,4,7,9,10,12,13,14,22,23>3,8,9,11,15,16,22,4,10,12,14,23
3,4,7,9,10,12,13,14,22,23>7,8,11,15,22,4,10,12,14,23
5,6,7,9,14,19,20,21,23>5,6,9,15,19,22,20,21,7
5,6,7,9,14,19,20,21,23>23,6,15,17,20,21,7
5,6,7,9,14,19,20,21,23>5,6,14,19,20,21,7
5,6,7,9,14,19,20,21,23>5,6,9,17,19,22,20,21,7
2,3,4,5,8,9,10,11,12,13,14,17,19,21,23>3,9,10,13,17,19,22,4,8,11,12,14
2,3,4,5,8,9,10,11,12,13,14,17,19,21,23>5,9,10,16,19,4,8,11,12,14
2,3,4,5,8,9,10,11,12,13,14,17,19,21,23>3,5,16,19,21,4,8,11,12,14
2,3,4,5,8,9,10,11,12,13,14,17,19,21,23>2,3,5,13,16,23,4,8,11,12,14
4,5,8,9,10,11,21>4,5,6,8,16,21,10,11
4,5,8,9,10,11,21>6,8,9,21,22,10,11
4,5,8,9,10,11,21>22,5,6,16,10,11
4,5,8,9,10,11,21>4,5,6,8,13,16,10,11
3,5,8,9,10,12,14,18,19,22>3,23,10,13,8,19,12
3,5,8,9,10,12,14,18,19,22>14,3,22,10,8,19,12
3,5,8,9,10,12,14,18,19,22>3,4,9,13,14,22,8,19,12
3,5,8,9,10,12,14,18,19,22>4,5,9,22,23,8,19,12
1,2,3,4,5,7,8,9,10,11,12,13,17,18,20,21,23>1,5,7,11,12,14,16,18,20,2,4,8,10,17,21
1,2,3,4,5,7,8,9,10,11,12,13,17,18,20,21,23>1,6,9,11,12,16,18,19,22,23,2,4,8,10,17,21
1,2,3,4,5,7,8,9,10,11,12,13,17,18,20,21,23>5,11,14,16,18,20,22,2,4,8,10,17,21
1,2,3,4,5,7,8,9,10,11,12,13,17,18,20,21,23>5,7,9,11,12,22,2,4,8,10,17,21
3,5,6,9,10,11,12,14,16,17,18,20,23>4,12,14,17,23,10,18,6
3,5,6,9,10,11,12,14,16,17,18,20,23>5,7,9,11,14,23,10,18,6
3,5,6,9,10,11,12,14,16,17,18,20,23>3,5,7,8,12,16,17,10,18,6
3,5,6,9,10,11,12,14,16,17,18,20,23>4,7,8,12,15,17,19,21,10,18,6
2,8,9,11,13,14,15,16,17,23>2,9,12,8,16,14
2,8,9,11,13,14,15,16,17,23>9,10,12,8,16,14
2,8,9,11,13,14,15,16,17,23>9,10,13,15,23,8,16,14
2,8,9,11,13,14,15,16,17,23>2,9,10,11,15,23,8,16,14
1,3,6,9,12,21,23>1,4,6,7,8,9,22,12
1,3,6,9,12,21,23>2,4,6,8,9,22,23,12
1,3,6,9,12,21,23>3,6,7,9,10,22,12
1,3,6,9,12,21,23>2,3,4,7,8,10,22,12
3,4,8,9,10,11,12,17,18,19,21,22>21,23,13,4,8,11,12,19,22
3,4,8,9,10,11,12,17,18,19,21,22>3,9,16,17,21,4,8,11,12,19,22
3,4,8,9,10,11,12,17,18,19,21,22>3,9,10,16,4,8,11,12,19,22
3,4,8,9,10,11,12,17,18,19,21,22>3,9,10,13,4,8,11,12,19,22
2,7,8,9,12,14,15,17,19,20,23>2,9,15,20,21,8,17
2,7,8,9,12,14,15,17,19,20,23>2,23,14,20,8,17
2,7,8,9,12,14,15,17,19,20,23>2,7,12,14,15,16,19,8,17
2,7,8,9,12,14,15,17,19,20,23>2,9,14,15,16,20,8,17
2,3,4,12,13,20>2,14,21,17,4,13
2,3,4,12,13,20>2,3,14,16,4,13
2,3,4,12,13,20>20,8,16,4,13
2,3,4,12,13,20>2,3,8,12,14,20,21,4,13
4,5,13,15,16,18,19,21,22,23>20,21,12,13,16,19,22,23
4,5,13,15,16,18,19,21,22,23>4,8,12,20,21,16,19,22,23
4,5,13,15,16,18,19,21,22,23>5,8,13,14,15,21,16,19,22,23
4,5,13,15,16,18,19,21,22,23>4,5,8,12,15,18,16,19,22,23
4,5,6,8,12,15,16,17,18,20,22>12,15,17,20,23,8,16,6
4,5,6,8,12,15,16,17,18,20,22>4,12,17,18,20,22,8,16,6
4,5,6,8,12,15,16,17,18,20,22>4,5,13,17,18,23,8,16,6
4,5,6,8,12,15,16,17,18,20,22>7,12,13,15,17,18,19,20,21,22,8,16,6
2,7,8,13,14,16,17,18,21>2,17,18,19,22,8,13,14
2,7,8,13,14,16,17,18,21>2,7,18,21,22,8,13,14
2,7,8,13,14,16,17,18,21>12,17,18,21,22,8,13,14
2,7,8,13,14,16,17,18,21>7,12,16,18,19,21,8,13,14
1,3,6,8,11,12,17,18,19,20,23>1,2,4,18,20,8,17,19
1,3,6,8,11,12,17,18,19,20,23>1,7,12,20,23,8,17,19
1,3,6,8,11,12,17,18,19,20,23>1,2,4,11,12,21,8,17,19
1,3,6,8,11,12,17,18,19,20,23>1,2,3,11,21,23,8,17,19
2,4,7,11,12,13,14,15,16,19,20,21,22,23>8,11,12,13,19,14,15,16,21,22,23
2,4,7,11,12,13,14,15,16,19,20,21,22,23>2,4,7,8,11,13,19,14,15,16,21,22,23
2,4,7,11,12,13,14,15,16,19,20,21,22,23>4,7,8,12,14,15,16,21,22,23
2,4,7,11,12,13,14,15,16,19,20,21,22,23>2,4,7,8,19,20,14,15,16,21,22,23
