TCR,NFAT,IFN-\beta,IFN-\betaR,IL-18,IL-18R,IRAK,SOCS1,IL-12,IL-12R,STAT4,T-bet,IFN-\gamma,IFN-\gammaR,JAK1,STAT1,IL-4,IL-4R,STAT6,GATA3,IL-10,IL-10R,STAT3
1,3,4,7,9,11,13,16,17,18,20,23>2,8,9,13,14,23,16,18,4,20
1,3,4,7,9,11,13,16,17,18,20,23>3,7,8,10,13,19,23,16,18,4,20
1,2,3,4,5,6,12,15,17,19,20>3,7,12,16,18,19,21,17,2,4
1,2,3,4,5,6,12,15,17,19,20>3,5,6,8,12,13,15,19,17,2,4
1,4,6,8,10,12,15,16,17,19,21,23>2,10,11,15,17,8,16,12
1,4,6,8,10,12,15,16,17,19,21,23>1,2,4,6,7,10,11,15,21,8,16,12
3,6,8,11,14,15,22,23>3,4,7,11,14,16,23
3,6,8,11,14,15,22,23>15,4,6,11,23
1,2,3,4,8,12,13,14,15,16,19,20,21,22>1,3,15,19,20,23,2,4,8,13,14,16,21,22
1,2,3,4,8,12,13,14,15,16,19,20,21,22>3,12,15,19,23,2,4,8,13,14,16,21,22
1,2,4,5,11,15,16,17,18,20>1,4,11,13,16,2,18,20
1,2,4,5,11,15,16,17,18,20>4,5,6,8,11,13,15,17,21,16,2,18,20
2,3,7,9,10,13,15,16,18,23>3,4,8,9,11,13,15,19,16,10
2,3,7,9,10,13,15,16,18,23>3,4,7,9,12,14,15,18,19,23,16,10
1,4,5,7,10,11,13,15,17,18>4,5,6,10,15,16,17,18,11,13
1,4,5,7,10,11,13,15,17,18>1,2,4,5,6,7,14,16,18,11,13
1,3,7,8,11,12,17,22,23>1,3,4,7,11,22,8,12,23
1,3,7,8,11,12,17,22,23>22,2,3,7,8,12,23
4,5,7,8,9,12,13,15,17,20,21>5,6,7,9,12,22,8,17,21,13
4,5,7,8,9,12,13,15,17,20,21>4,5,6,7,15,8,17,21,13
1,2,3,4,6,7,9,10,12,13,14,15,16,18,20,22,23>3,9,12,19,21,2,4,7,10,14,15,16,23
1,2,3,4,6,7,9,10,12,13,14,15,16,18,20,22,23>3,6,8,18,19,20,2,4,7,10,14,15,16,23
1,2,3,4,5,7,11,13,14,15,19,20,21>22,5,16,2,4,13,14,15,20,21
1,2,3,4,5,7,11,13,14,15,19,20,21>1,3,5,7,11,17,22,2,4,13,14,15,20,21
4,7,11,13,14,18,19,20>21,4,15,16,19,20,13,14
4,7,11,13,14,18,19,20>7,11,16,17,21,19,20,13,14
2,7,9,10,11,14,16,18,19,20,21,23>2,7,10,11,14,16,22,19,20,21
2,7,9,10,11,14,16,18,19,20,21,23>2,8,23,14,19,20,21
1,2,5,7,8,9,11,14,17,20>5,6,8,10,11,13,17,2,20
1,2,5,7,8,9,11,14,17,20>11,1,5,6,17,2,20
4,6,7,8,9,13,14,15,18,19,20,21,22,23>17,18,13,7,14,19,20,21,22,23
4,6,7,8,9,13,14,15,18,19,20,21,22,23>4,8,13,18,7,14,19,20,21,22,23
2,3,7,9,11,12,13,16,18,21,22,23>4,7,11,13,14,19,21,12,22,23
2,3,7,9,11,12,13,16,18,21,22,23>2,4,7,8,9,11,16,18,12,22,23
1,4,5,7,10,13,15,16,17,18,19,20,21,22,23>1,2,15,10,16,18,19,20,21,22,23
1,4,5,7,10,13,15,16,17,18,19,20,21,22,23>1,2,7,8,15,17,16,18,19,20,21,22,23
1,2,3,4,5,7,9,10,14,15,17,18,20,23>1,6,7,16,21,23,2,4,10,15,17,18,20
1,2,3,4,5,7,9,10,14,15,17,18,20,23>1,3,6,7,14,16,19,2,4,10,15,17,18,20
2,3,4,6,7,9,13,15,17,18,20,21,23>3,9,10,15,19,22,4,7,17,18,20,21
2,3,4,6,7,9,13,15,17,18,20,21,23>6,13,14,16,22,23,4,7,17,18,20,21
1,2,3,4,5,8,12,13,18,22>1,6,14,16,22,2,4,8,12,13
1,2,3,4,5,8,12,13,18,22>3,5,6,16,18,19,22,2,4,8,12,13
2,5,8,12,15,16,19,20,21,22,23>2,15,20,8,16,21,22,23
2,5,8,12,15,16,19,20,21,22,23>5,15,20,8,16,21,22,23
1,2,3,5,6,8,9,10,13,19,20,22,23>5,6,8,9,17,19,2,20,23
1,2,3,5,6,8,9,10,13,19,20,22,23>3,5,6,7,14,17,21,22,2,20,23
1,2,6,9,13,15,16,18,20,23>1,10,13,14,15,21,23,16,2,20
1,2,6,9,13,15,16,18,20,23>1,7,8,9,10,13,14,18,21,16,2,20
2,4,5,6,7,10,12,14,15,16,17,18,23>2,4,8,14,17,19,23,6,7,12,15,16,18
2,4,5,6,7,10,12,14,15,16,17,18,23>2,4,5,8,11,19,23,6,7,12,15,16,18
1,2,3,5,7,8,10,11,19,20>1,19,21,2,20
1,2,3,5,7,8,10,11,19,20>3,19,21,8,2,20
3,4,7,8,10,12,13,14,15,16,17,19,23>3,10,13,17,19,4,8,12,14,16
3,4,7,8,10,12,13,14,15,16,17,19,23>3,7,10,11,15,19,23,4,8,12,14,16
1,4,6,10,11,13,18,20,22,23>4,11,17,18,19,21,22,20,23
1,4,6,10,11,13,18,20,22,23>1,2,4,7,11,13,16,19,22,20,23
1,3,5,7,8,10,11,12,15,16,17,20,22,23>3,5,6,10,17,20,21,22,8,16,23
1,3,5,7,8,10,11,12,15,16,17,20,22,23>1,3,4,15,21,22,8,16,23
1,3,7,10,14,17,19,20,22>3,4,21,13,17,20
1,3,7,10,14,17,19,20,22>2,3,18,19,21,23,17,20
1,4,6,7,9,10,12,13,15,18,19,20,22>1,12,14,17,20,21,22,23,19,13,7
1,4,6,7,9,10,12,13,15,18,19,20,22>4,8,9,10,15,18,21,19,13,7
1,2,3,4,5,8,11,15,16,19,21,22>1,11,19,20,23,2,4,8,16,22
1,2,3,4,5,8,11,15,16,19,21,22>1,3,5,13,15,19,23,2,4,8,16,22
1,2,4,5,8,13,14,17,18,19,20>1,4,8,2,13,14,17,19,20
1,2,4,5,8,13,14,17,18,19,20>5,8,21,2,13,14,17,19,20
1,5,6,7,8,9,11,13,14,15,16,18,19,21,23>1,2,6,9,11,13,20,23,7,8,14,16,19
1,5,6,7,8,9,11,13,14,15,16,18,19,21,23>1,5,6,11,12,13,7,8,14,16,19
1,7,9,10,11,12,16,17,18,21>2,7,9,16,21,22,18,10,11,12
1,7,9,10,11,12,16,17,18,21>1,2,7,8,19,22,18,10,11,12
4,9,10,11,12,20,21,22,23>20,12,16,17,10,21,22,23
4,9,10,11,12,20,21,22,23>11,12,10,21,22,23
1,3,4,6,7,9,10,11,12,13,14,18,20,21>1,3,6,8,9,12,4,7,10,13,14,21
1,3,4,6,7,9,10,11,12,13,14,18,20,21>1,2,3,8,9,16,18,4,7,10,13,14,21
1,2,3,4,5,7,9,11,12,13,14,15,17,18,23>3,7,9,11,16,17,2,4,12,14,15,18
1,2,3,4,5,7,9,11,12,13,14,15,17,18,23>1,5,6,7,8,10,17,23,2,4,12,14,15,18
2,3,4,7,8,10,11,13,16,18,19,22>20,23,7,12,4,8,11,13,16,19
2,3,4,7,8,10,11,13,16,18,19,22>2,7,22,18,4,8,11,13,16,19
2,3,8,13,14,17,18,19,20,22,23>22,13,21,14,17,19,20,23
2,3,8,13,14,17,18,19,20,22,23>3,4,18,14,17,19,20,23
1,2,3,4,5,8,10,19,22,23>1,22,10,16,2,4,23
1,2,3,4,5,8,10,19,22,23>3,8,10,16,20,22,2,4,23
2,3,5,7,8,15,19,20,22>7,8,15,16,17,21,22,20
2,3,5,7,8,15,19,20,22>3,4,13,16,19,21,22,20
1,4,5,14,16,18,19,20,23>21,5,8,14,16,19,20
1,4,5,14,16,18,19,20,23>2,4,15,18,23,16,19,20
3,4,5,6,8,9,10,13,15,16,19,20,21>3,5,10,13,14,22,4,8,16,20,21
3,4,5,6,8,9,10,13,15,16,19,20,21>6,7,9,10,14,22,4,8,16,20,21
2,7,9,11,13,14,15,18,20,21,23>10,16,17,19,23,20,21,14,15
2,7,9,11,13,14,15,18,20,21,23>9,10,11,18,19,23,20,21,14,15
1,2,3,6,7,9,11,12,14,15,16,17,18,20,21,22,23>3,4,8,9,10,12,17,20,2,7,15,16,18,21,22,23
1,2,3,6,7,9,11,12,14,15,16,17,18,20,21,22,23>1,3,4,9,10,11,17,19,20,2,7,15,16,18,21,22,23
1,4,5,8,9,11,12,14,16,17,20,21,23>5,6,9,10,14,17,22,23,8,16,21
1,4,5,8,9,11,12,14,16,17,20,21,23>1,2,5,10,20,23,8,16,21
1,2,3,4,5,10,11,13,16,18,19,23>1,8,14,18,23,2,4,11,16,19
1,2,3,4,5,10,11,13,16,18,19,23>5,8,12,14,18,20,2,4,11,16,19
2,5,6,9,10,13,16,17,18,19,21,23>5,9,12,13,14,17,21,22,18,19
2,5,6,9,10,13,16,17,18,19,21,23>2,5,9,11,16,20,18,19
1,3,7,8,13,14,15,18,19>1,20,7,19,13,14
1,3,7,8,13,14,15,18,19>16,1,4,18,19,13,14
2,6,8,9,11,12,14,19,22>2,9,13,14,22,23,8,12
2,6,8,9,11,12,14,19,22>2,7,13,14,19,8,12
1,3,4,5,6,7,10,16,17,18,19,20,21,23>17,23,3,10,4,7,16,18,19,20,21
1,3,4,5,6,7,10,16,17,18,19,20,21,23>1,3,6,8,4,7,16,18,19,20,21
3,4,7,8,11,13,14,15,16,18,20,22>7,11,18,19,23,4,8,13,14,16,20
3,4,7,8,11,13,14,15,16,18,20,22>3,7,11,15,19,22,23,4,8,13,14,16,20
1,4,6,7,11,12,13,17,20>14,20,21,17,13,7
1,4,6,7,11,12,13,17,20>1,2,4,11,16,20,21,17,13,7
1,2,4,6,7,8,9,11,12,13,14,15,16,17,19,22,23>17,4,6,15,2,7,8,12,14,16,23
1,2,4,6,7,8,9,11,12,13,14,15,16,17,19,22,23>22,19,4,6,2,7,8,12,14,16,23
2,3,5,7,8,11,13,19,20,21,22,23>19,5,20,21,22,23
2,3,5,7,8,11,13,19,20,21,22,23>2,7,11,13,17,20,21,22,23
1,2,3,5,7,9,10,11,13,14,15,19,23>16,3,5,23,2,11,14,15
1,2,3,5,7,9,10,11,13,14,15,19,23>3,4,5,7,10,16,19,20,2,11,14,15
1,3,11,15,16,18,19,22,23>1,4,11,12,18,16,19,23
1,3,11,15,16,18,19,22,23>2,4,15,18,20,22,16,19,23
1,4,6,8,14,15,19,22,23>1,2,6,8,19,20,23
1,4,6,8,14,15,19,22,23>1,2,4,6,7,14,16,19,20,22,23
1,3,5,8,10,11,15,17,19,23>2,4,8,15,17,11
1,3,5,8,10,11,15,17,19,23>2,4,5,10,17,19,11
1,2,5,6,7,11,13,18,19,21,22>5,11,20,21,23,2,7,13,19,22
1,2,5,6,7,11,13,18,19,21,22>5,11,14,18,2,7,13,19,22
1,4,7,9,10,12,14,15,16,17,19,20,21>10,12,17,19,20,16,21,15
1,4,7,9,10,12,14,15,16,17,19,20,21>2,9,14,17,18,19,20,16,21,15
1,3,5,8,10,13,14,15,16,23>3,5,11,13,15,23,8,16,14
1,3,5,8,10,13,14,15,16,23>2,3,4,5,6,10,13,15,23,8,16,14
7,8,17,18,19,20,21,22,23>8,17,19,20,21,22,23
7,8,17,18,19,20,21,22,23>18,17,19,20,21,22,23
2,4,6,7,8,9,10,11,12,15,16,17,19,23>4,15,17,7,8,11,12,16
2,4,6,7,8,9,10,11,12,15,16,17,19,23>6,10,17,7,8,11,12,16
1,2,3,7,8,9,14,15,18,19,23>7,8,14,16,20,2,19
1,2,3,7,8,9,14,15,18,19,23>3,4,7,8,15,20,2,19
1,2,4,5,9,10,11,14,15,16,17,18,21,22,23>4,6,12,14,19,2,10,11,15,16,18,22,23
1,2,4,5,9,10,11,14,15,16,17,18,21,22,23>1,4,5,8,9,21,2,10,11,15,16,18,22,23
1,4,6,11,12,14,16,18,20,21,22>12,1,18,11,16,21,22
1,4,6,11,12,14,16,18,20,21,22>1,6,7,14,15,20,16,21,22
4,5,6,9,11,12,13,16,17,18,19,22>5,8,9,11,14,23,12,13,16,18,19
4,5,6,9,11,12,13,16,17,18,19,22>4,5,7,14,17,12,13,16,18,19
3,4,5,7,8,11,12,14,16,17,19,20,21,22>5,11,13,14,17,20,4,8,16,21,22
3,4,5,7,8,11,12,14,16,17,19,20,21,22>5,7,12,14,20,4,8,16,21,22
4,5,11,13,14,16,17,20,21,22>5,15,17,13,14,16,20,21,22
4,5,11,13,14,16,17,20,21,22>4,5,11,15,13,14,16,20,21,22
3,8,9,10,15,17,20,21,22>3,8,9,15,16,23,10,17,20,21,22
3,8,9,10,15,17,20,21,22>4,8,16,10,17,20,21,22
2,4,6,8,9,10,11,13,15,16,18,19,21,22>4,7,9,12,15,20,21,23,8,11,13,16,19,22
2,4,6,8,9,10,11,13,15,16,18,19,21,22>2,4,9,10,12,15,18,20,8,11,13,16,19,22
2,3,4,10,11,15,17,18,19,21,23>2,3,16,17,20,22,23,19,18,11,4
2,3,4,10,11,15,17,18,19,21,23>3,10,15,20,21,19,18,11,4
1,2,3,5,6,10,11,13,15,17,19,20,21,22>1,15,16,19,2,13,17,20,21,22
1,2,3,5,6,10,11,13,15,17,19,20,21,22>3,4,5,6,11,14,16,19,23,2,13,17,20,21,22
2,5,6,7,9,12,13,15,18,21>2,14,15,21,22,12,13,6,7
2,5,6,7,9,12,13,15,18,21>16,8,10,12,13,6,7
2,7,9,10,13,14,17,18,22>2,7,23,10,18,13,14
2,7,9,10,13,14,17,18,22>23,9,11,19,10,18,13,14
2,3,4,11,12,17,18,19,20,22,23>21,4,17,18,19,23
2,3,4,11,12,17,18,19,20,22,23>2,8,22,20,4,17,18,19,23
2,3,6,7,8,11,15,18,19,21,23>4,6,8,11,16,18,21,22,23,19,7
2,3,6,7,8,11,15,18,19,21,23>2,3,4,11,15,18,22,19,7
1,2,5,6,7,10,11,15,18,21,22>5,13,18,21,23,2,6,7,11,22
1,2,5,6,7,10,11,15,18,21,22>1,5,10,13,21,23,2,6,7,11,22
5,7,12,15,16,17,18,22,23>5,6,17,19,16,18,12,23
5,7,12,15,16,17,18,22,23>5,6,8,15,22,16,18,12,23
2,3,4,6,7,9,10,11,13,14,15,16,19,23>3,8,9,10,12,19,20,4,7,11,14,15,16
2,3,4,6,7,9,10,11,13,14,15,16,19,23>3,6,9,13,20,4,7,11,14,15,16
4,7,8,12,13,14,15,16,20,22,23>22,4,8,16,14,23
4,7,8,12,13,14,15,16,20,22,23>4,20,8,16,14,23
1,3,4,6,10,13,15,18,19,20,22,23>1,3,13,15,16,17,18,22,19,4,20,23
1,3,4,6,10,13,15,18,19,20,22,23>1,2,3,7,13,15,16,17,21,22,19,4,20,23
2,3,5,6,8,9,10,11,13,14,15,16,21,22>7,9,12,15,23,6,8,10,11,13,14,16,22
2,3,5,6,8,9,10,11,13,14,15,16,21,22>21,7,12,6,8,10,11,13,14,16,22
1,2,3,4,5,6,8,12,16,17,18,19,20,21,22,23>7,17,2,4,8,16,19,21,22,23
1,2,3,4,5,6,8,12,16,17,18,19,20,21,22,23>1,5,17,18,20,2,4,8,16,19,21,22,23
1,8,9,10,11,12,14,15,20,23>11,12,16,17,21,8,10
1,8,9,10,11,12,14,15,20,23>1,9,12,15,16,20,21,23,8,10
4,7,8,9,11,12,14,18,19,21,22,23>14,16,18,8,12,19,22,23
4,7,8,9,11,12,14,18,19,21,22,23>7,14,8,12,19,22,23
1,2,3,6,8,13,15,17,20,21,22,23>1,3,13,14,16,2,17,20,21,22,23
1,2,3,6,8,13,15,17,20,21,22,23>1,3,6,8,13,14,2,17,20,21,22,23
2,7,8,11,13,15,16,18,19,22,23>7,12,14,18,20,22,8,16,19,23
2,7,8,11,13,15,16,18,19,22,23>11,14,15,18,22,8,16,19,23
1,3,7,10,12,17,21,23>3,10,17,22,23,12
1,3,7,10,12,17,21,23>2,3,4,18,21,23,12
2,8,9,13,14,17,19,21,22>23,20,21,13,14,22
2,8,9,13,14,17,19,21,22>8,9,17,13,14,22
3,10,11,12,14,15,17,18,19,20,21,22,23>16,3,20,15,17,18,19,21,22,23
3,10,11,12,14,15,17,18,19,20,21,22,23>16,4,10,12,15,17,18,19,21,22,23
1,3,4,6,7,8,10,11,14,15,16>15,6,12,13,4,7,8,11,16
1,3,4,6,7,8,10,11,14,15,16>1,3,12,15,4,7,8,11,16
1,6,7,8,9,10,11,12,13,14,16,18,19,20,21,22>2,9,10,11,18,23,7,8,13,14,19,21,22
1,6,7,8,9,10,11,12,13,14,16,18,19,20,21,22>6,9,10,11,16,18,20,23,7,8,13,14,19,21,22
2,3,5,6,7,8,10,11,13,14,16,17,18,19,20,21,22>2,3,5,6,11,18,7,8,13,14,19,20,21,22
2,3,5,6,7,8,10,11,13,14,16,17,18,19,20,21,22>2,4,5,10,16,17,18,7,8,13,14,19,20,21,22
1,2,3,4,5,6,8,12,14,15,16,18,19,20,21>1,6,13,15,18,20,2,4,8,16,19,21
1,2,3,4,5,6,8,12,14,15,16,18,19,20,21>1,5,7,12,14,15,18,20,2,4,8,16,19,21
1,2,3,5,8,11,16,17,18,20>3,5,6,11,19,21,8,2,20
1,2,3,5,8,11,16,17,18,20>1,3,4,11,17,19,8,2,20
1,5,8,9,16,17,18,20,21>2,6,9,18,19,22,8,20,21
1,5,8,9,16,17,18,20,21>1,2,9,10,16,17,18,19,8,20,21
2,5,7,10,12,13,14,16,17,18,19,20,21,22,23>16,5,12,14,18,19,21,22,23
2,5,7,10,12,13,14,16,17,18,19,20,21,22,23>2,5,7,8,15,20,14,18,19,21,22,23
1,3,5,9,10,14,17,18,22,23>1,3,4,11,17,19,22,10,18,23
1,3,5,9,10,14,17,18,22,23>1,2,3,11,19,22,10,18,23
4,7,10,11,12,13,15,16,19,20,22>12,14,15,21,23,16,13
4,7,10,11,12,13,15,16,19,20,22>7,14,19,20,22,16,13
2,4,5,6,7,8,9,12,13,16,17,19,20,21,22,23>2,4,6,9,12,13,17,19,7,8,16,21,22,23
2,4,5,6,7,8,9,12,13,16,17,19,20,21,22,23>5,9,12,14,19,7,8,16,21,22,23
2,3,7,8,10,12,14,15,17,19,20,21,22,23>2,14,8,17,21,22,23
2,3,7,8,10,12,14,15,17,19,20,21,22,23>2,12,15,16,19,20,8,17,21,22,23
1,5,8,11,13,14,15,22,23>1,6,11,13,15,22,14,23
1,5,8,11,13,14,15,22,23>15,22,5,8,14,23
2,3,6,7,10,13,16,18,19,21,23>8,14,18,20,21,22,23,19,7
2,3,6,7,10,13,16,18,19,21,23>4,10,11,13,16,18,20,21,22,23,19,7
1,2,6,7,9,11,12,13,14,18,20,23>1,8,9,15,17,21,23,2,14,7
1,2,6,7,9,11,12,13,14,18,20,23>6,8,9,12,19,2,14,7
1,3,4,5,8,10,11,12,13,14,16,18,21,23>2,5,10,13,22,4,8,11,12,14,16
1,3,4,5,8,10,11,12,13,14,16,18,21,23>1,2,3,10,18,19,4,8,11,12,14,16
2,3,4,6,7,10,11,12,13,15,17,19,22>8,10,14,15,16,18,19,23,4,7,11,12,13
2,3,4,6,7,10,11,12,13,15,17,19,22>6,8,10,4,7,11,12,13
1,2,3,5,8,12,17,18,20>3,4,5,12,13,19,20,8,17,2
1,2,3,5,8,12,17,18,20>3,4,5,6,18,19,8,17,2
2,3,6,7,10,12,14,15,22>3,4,6,10,11,14,16,22,12,15,7
2,3,6,7,10,12,14,15,22>2,3,4,6,8,11,13,14,16,22,12,15,7
3,4,5,6,8,9,11,16,18,22,23>3,9,10,11,18,19,22,4,6,8,16,23
3,4,5,6,8,9,11,16,18,22,23>3,7,19,12,4,6,8,16,23
2,3,8,10,12,13,14,17,19>3,11,19,8,12,13,14
2,3,8,10,12,13,14,17,19>4,10,11,8,12,13,14
2,4,6,8,9,12,13,14,15,19,20>16,2,6,21,8,13,14
2,4,6,8,9,12,13,14,15,19,20>4,6,12,16,20,8,13,14
2,3,7,8,12,15,17,21>17,15,16,8,12
2,3,7,8,12,15,17,21>2,7,13,16,17,8,12
3,5,7,8,9,11,13,15,20,21,22>3,6,7,8,10,11,14,15,21,20,13,22
3,5,7,8,9,11,13,15,20,21,22>5,6,7,8,10,15,17,23,21,20,13,22
2,5,6,7,8,9,11,12,14,15,16,20,21,23>10,11,12,14,15,20,22,23,6,7,8,16,21
2,5,6,7,8,9,11,12,14,15,16,20,21,23>5,9,10,12,14,15,22,23,6,7,8,16,21
1,2,7,8,11,12,14,15,16,17,20,21>1,22,13,15,8,16,2,21
1,2,7,8,11,12,14,15,16,17,20,21>1,7,12,20,8,16,2,21
1,4,6,8,9,11,12,13,17,18,19,20,21>1,2,7,11,14,18,20,8,13,17,19,21
1,4,6,8,9,11,12,13,17,18,19,20,21>2,4,6,9,11,12,14,8,13,17,19,21
6,9,18,22,23>7,10,23
6,9,18,22,23>9,10,22,23
2,4,5,9,10,13,17,18,20,22,23>21,6,13,10,17,18,20,23
2,4,5,9,10,13,17,18,20,22,23>22,5,6,10,17,18,20,23
1,5,8,9,11,12,14,15,16,18,20,21,22>2,9,10,11,14,15,20,8,16,21,22
1,5,8,9,11,12,14,15,16,18,20,21,22>1,2,5,6,15,19,23,8,16,21,22
1,3,8,9,10,12,13,15,19,20,21,23>1,9,12,14,15,16,17,20,22,23,8,21
1,3,8,9,10,12,13,15,19,20,21,23>1,3,13,14,15,22,8,21
3,5,6,7,8,9,10,12,15,19>5,6,9,15,16,19,8,12,7
3,5,6,7,8,9,10,12,15,19>3,4,5,6,11,13,15,8,12,7
1,2,3,5,9,10,11,13,16,17,19,20,22,23>3,5,14,16,21,2,20,23
1,2,3,5,9,10,11,13,16,17,19,20,22,23>4,9,10,13,17,19,22,2,20,23
7,10,11,13,17,21,22>7,18,21,11,13,22
7,10,11,13,17,21,22>10,14,21,23,11,13,22
1,2,7,8,10,13,14,15,18,21,22>18,1,19,16,2,13,14,22
1,2,7,8,10,13,14,15,18,21,22>1,8,10,16,19,2,13,14,22
1,3,5,6,9,11,13,17,18,19,21,22>1,4,7,14,17,18,19,13,22
1,3,5,6,9,11,13,17,18,19,21,22>1,5,9,11,14,18,19,13,22
1,2,6,11,12,14,15,16,18,21,22>19,8,13,14,2,12,15,16,22
1,2,6,11,12,14,15,16,18,21,22>6,11,13,14,18,19,23,2,12,15,16,22
7,8,9,10,11,12,14,15,16,17,21,22>23,14,15,17,8,10,11,12,16,22
7,8,9,10,11,12,14,15,16,17,21,22>23,9,13,14,8,10,11,12,16,22
3,8,10,12,13,14,20,22,23>12,17,8,14,23
3,8,10,12,13,14,20,22,23>3,10,13,17,20,8,14,23
2,3,4,5,6,9,10,14,16,18,19,22,23>3,7,8,9,10,11,14,18,20,22,16,19,4,23
2,3,4,5,6,9,10,14,16,18,19,22,23>2,3,5,6,8,9,11,12,14,18,22,16,19,4,23
4,5,6,9,11,12,14,15,21,23>4,5,9,10,11,16,21,23,12,6,15
4,5,6,9,11,12,14,15,21,23>4,7,14,16,22,23,12,6,15
2,3,4,6,9,10,12,17,18,20,22>3,8,20,21,22,17,10,18,4
2,3,4,6,9,10,12,17,18,20,22>3,6,7,9,13,16,20,22,23,17,10,18,4
1,7,8,9,13,14,15,17,20,23>2,9,13,15,21,17,20,14
1,7,8,9,13,14,15,17,20,23>1,2,7,9,10,15,16,21,17,20,14
3,7,9,10,13,18,20,22,23>3,9,13,14,17,18,21,10,20,23
3,7,9,10,13,18,20,22,23>4,7,9,13,17,18,10,20,23
1,3,5,8,10,14,18,21>1,2,5,6,11
1,3,5,8,10,14,18,21>3,5,10,11,14,19,22
1,2,4,5,7,8,9,14,16,19,20,22>7,9,13,14,21,22,8,16,2,20
1,2,4,5,7,8,9,14,16,19,20,22>4,5,7,9,8,16,2,20
2,3,4,6,7,11,12,13,14,16,22,23>22,8,11,15,4,7,12,14,16,23
2,3,4,6,7,11,12,13,14,16,22,23>3,6,8,11,13,4,7,12,14,16,23
1,3,4,6,11,12,14,18,23>2,6,7,11,15,18,23,4,12
1,3,4,6,11,12,14,18,23>1,3,6,7,15,19,4,12
2,6,8,9,10,11,12,14,16,19,20,21,22,23>9,10,11,8,21,22,23
2,6,8,9,10,11,12,14,16,19,20,21,22,23>2,9,11,14,16,19,8,21,22,23
1,5,7,8,10,11,13,14,19,23>1,2,7,8,10,23,11,14
1,5,7,8,10,11,13,14,19,23>1,2,5,10,13,19,11,14
5,7,8,11,12,14,15,16,22>14,15,8,16,12
5,7,8,11,12,14,15,16,22>5,6,11,14,23,8,16,12
1,5,6,7,12,16,17,18,19,21,22>17,1,23,16,7,12,18,19,22
1,5,6,7,12,16,17,18,19,21,22>21,5,13,7,12,18,19,22
1,3,6,7,8,10,11,14,15,18,19,20,21,22>1,4,8,11,14,23,7,19,20,21,22
1,3,6,7,8,10,11,14,15,18,19,20,21,22>3,6,8,10,13,14,15,17,7,19,20,21,22
2,3,7,8,9,10,11,12,14,15,16,17,18,19,21,23>2,3,9,15,17,18,22,8,11,12,16,19
2,3,7,8,9,10,11,12,14,15,16,17,18,19,21,23>4,10,14,15,18,21,22,23,8,11,12,16,19
3,4,6,9,11,12,13,16,21,23>3,7,9,10,14,23,16,4,12
3,4,6,9,11,12,13,16,21,23>3,7,8,9,10,13,14,21,22,16,4,12
3,11,14,16,17,19,22,23>3,8,11,16,17,18,19,23
3,11,14,16,17,19,22,23>3,8,11,16,17,19,20,23
1,4,5,8,9,12,13,17,18,19,21,23>4,16,17,21,23,8,19,12
1,4,5,8,9,12,13,17,18,19,21,23>4,5,9,13,17,21,22,8,19,12
1,2,3,6,7,8,10,11,16,17,23>3,6,16,8,2,11,7
1,2,3,6,7,8,10,11,16,17,23>1,3,12,8,2,11,7
1,3,7,8,10,11,14,15,16,17,18,20,22,23>21,7,10,22,8,16,20,23
1,3,7,8,10,11,14,15,16,17,18,20,22,23>1,3,7,10,14,17,18,19,8,16,20,23
6,7,9,11,13,15,16,19,20,21,22>9,14,7,13,16,20,21,22
6,7,9,11,13,15,16,19,20,21,22>6,9,15,19,23,7,13,16,20,21,22
1,5,7,8,11,13,16,18,19>1,7,11,18,8,19,13
1,5,7,8,11,13,16,18,19>5,7,12,14,8,19,13
4,5,9,10,11,12,16,21>8,9,16,10,11,12
4,5,9,10,11,12,16,21>4,5,6,9,16,10,11,12
1,5,13,14,15,19,21>5,13,16,20,21,14,15
1,5,13,14,15,19,21>1,5,13,16,19,21,14,15
1,2,4,9,12,13,14,16,19,21,22,23>4,9,15,19,2,12,14,16,22,23
1,2,4,9,12,13,14,16,19,21,22,23>8,13,15,2,12,14,16,22,23
1,2,4,8,9,10,11,14,18,19,21,22>4,8,9,18,20,19,2,11,22
1,2,4,8,9,10,11,14,18,19,21,22>4,8,10,18,20,21,23,19,2,11,22
1,4,5,6,7,11,13,16,17,19,23>6,8,11,12,13,14,18,19,16,7
1,4,5,6,7,11,13,16,17,19,23>1,2,4,5,12,14,19,20,16,7
1,5,6,10,12,14,18,19,21,23>2,7,10,11,15,22,19,12
1,5,6,10,12,14,18,19,21,23>5,7,8,15,18,21,22,23,19,12
3,4,9,11,12,14,15,18,19,21>9,11,16,18,22,19,4,12,15
3,4,9,11,12,14,15,18,19,21>3,9,11,13,16,19,4,12,15
1,5,6,10,15,16,19>5,8,12,19,20,16
1,5,6,10,15,16,19>1,5,6,8,11,15,20,16
1,3,4,7,10,13,14,16,17,19,22>1,2,7,8,10,11,12,17,22,16,4,13,14
1,3,4,7,10,13,14,16,17,19,22>3,10,12,20,23,16,4,13,14
4,5,10,11,13,21,22,23>21,10,16,11,22,23
4,5,10,11,13,21,22,23>6,10,13,14,16,11,22,23
1,5,7,9,11,15,16,17,19,20,23>19,23,9,11,16,20
1,5,7,9,11,15,16,17,19,20,23>17,7,8,11,16,20
3,4,5,6,8,9,14,15,16,17,19,20,21,22>3,7,9,4,8,16,20,21,22
3,4,5,6,8,9,14,15,16,17,19,20,21,22>5,6,7,15,17,19,4,8,16,20,21,22
1,3,5,7,8,9,12,14,16,17,18,20,21,22,23>5,9,12,19,20,8,21,22,23
1,3,5,7,8,9,12,14,16,17,18,20,21,22,23>2,5,9,16,17,19,20,8,21,22,23
6,8,11,13,17,18,20,22,23>8,11,14,18,22,17,20,23
6,8,11,13,17,18,20,22,23>6,7,8,11,18,17,20,23
1,3,4,5,7,8,11,12,13,15,16,18,23>13,14,3,11,8,16,4,12
1,3,4,5,7,8,11,12,13,15,16,18,23>1,2,3,5,6,11,13,19,23,8,16,4,12
1,2,5,8,9,11,13,14,17,18,20,22,23>5,10,13,18,22,2,14,17,20,23
1,2,5,8,9,11,13,14,17,18,20,22,23>6,9,11,13,19,21,2,14,17,20,23
3,4,6,9,10,14,15,16,17,18,23>19,23,9,11,4,10,15,16,18
3,4,6,9,10,14,15,16,17,18,23>3,6,7,8,12,23,4,10,15,16,18
2,3,5,6,8,9,10,12,18,23>18,2,4,19,8,10,12,6
2,3,5,6,8,9,10,12,18,23>2,3,4,5,7,9,11,23,8,10,12,6
2,6,8,10,12,13,18,19,21,23>2,13,14,21,23,8,19,12
2,6,8,10,12,13,18,19,21,23>23,7,14,8,19,12
1,2,5,6,7,11,14,15,16,17,18,19,21,22,23>1,8,11,14,17,21,2,7,15,16,18,19,22,23
1,2,5,6,7,11,14,15,16,17,18,19,21,22,23>1,5,6,11,14,17,20,21,2,7,15,16,18,19,22,23
2,4,5,6,7,8,10,11,12,13,14,15,19,21,23>4,5,10,13,16,22,23,7,8,11,12,14
2,4,5,6,7,8,10,11,12,13,14,15,19,21,23>4,5,6,13,19,21,22,23,7,8,11,12,14
1,3,6,8,14,15,16,17,18,21>6,12,14,17,18,19,22,8,16
1,3,6,8,14,15,16,17,18,21>4,6,12,14,17,18,21,22,8,16
1,2,3,6,7,9,11,12,14,16,17,18,21,22>6,9,11,13,15,16,17,19,21,2,7,12,18,22
1,2,3,6,7,9,11,12,14,16,17,18,21,22>1,3,4,9,11,13,15,19,21,2,7,12,18,22
2,5,8,10,11,13,14,16,17,18,20,21>2,11,16,19,22,8,13,14,20,21
2,5,8,10,11,13,14,16,17,18,20,21>2,5,6,11,17,18,22,8,13,14,20,21
1,2,3,6,8,11,12,14,16,17,18,21,22>3,6,11,14,16,18,19,21,23,8,2,12,22
1,2,3,6,8,11,12,14,16,17,18,21,22>3,6,7,11,13,18,19,23,8,2,12,22
4,6,7,9,10,11,13,16,17,18,19,22>20,22,23,10,7,11,13,16,18,19
4,6,7,9,10,11,13,16,17,18,19,22>4,8,9,10,14,20,7,11,13,16,18,19
1,2,3,5,6,8,9,10,11,13,16,17,18,21,22,23>1,5,9,12,13,18,19,2,6,8,10,11,22,23
1,2,3,5,6,8,9,10,11,13,16,17,18,21,22,23>1,4,9,12,13,14,16,18,2,6,8,10,11,22,23
1,4,8,10,12,13,16,21,22>23,10,21,8,12,13,16,22
1,4,8,10,12,13,16,21,22>11,14,21,8,12,13,16,22
3,4,5,6,14,15,16,17,18,20,21,22>3,8,14,19,23,4,6,15,16,18,20,21,22
3,4,5,6,14,15,16,17,18,20,21,22>23,3,7,8,4,6,15,16,18,20,21,22
2,5,6,8,9,12,15,17,20>2,5,9,10,12,15,16,20,8,17,6
2,5,6,8,9,12,15,17,20>5,7,9,10,12,15,16,8,17,6
2,5,7,8,9,11,12,13,18>2,5,7,9,11,14,18,19,8,12,13
2,5,7,8,9,11,12,13,18>2,6,10,14,18,19,8,12,13
1,2,3,4,5,9,10,11,12,13,14,15,20,22>3,8,17,20,21,22,23,2,4,10,13,14,15
1,2,3,4,5,9,10,11,12,13,14,15,20,22>1,3,5,8,11,17,20,21,22,2,4,10,13,14,15
3,4,6,8,9,12,14,15,16,17,18,19,20,22,23>6,9,15,17,22,4,8,16,19,23
3,4,6,8,9,12,14,15,16,17,18,19,20,22,23>17,3,6,21,4,8,16,19,23
2,3,5,6,13,14,21,23>21,2,7,22,6,14
2,3,5,6,13,14,21,23>3,4,5,21,22,6,14
3,5,6,8,9,11,13,17,18,20,23>3,4,9,10,21,23,17,20,6
3,5,6,8,9,11,13,17,18,20,23>4,5,7,11,14,19,21,17,20,6
1,3,5,10,13,16,17,18,19,21,23>2,5,13,14,16,21,22,23,18,19
1,3,5,10,13,16,17,18,19,21,23>1,3,4,5,8,11,13,14,20,22,23,18,19
1,4,5,8,10,11,14,16,18,19,22,23>20,22,4,5,8,11,16,19,23
1,4,5,8,10,11,14,16,18,19,22,23>1,4,5,10,14,18,20,8,11,16,19,23
1,2,4,7,10,12,13,15,23>4,10,11,13,14,16,2,12
1,2,4,7,10,12,13,15,23>1,4,7,10,15,2,12
2,4,9,11,13,14,15,17,21,22>4,10,11,18,23,22,13,14,15
2,4,9,11,13,14,15,17,21,22>2,4,9,10,18,21,22,13,14,15
3,5,6,7,8,10,11,12,15,16,17,19>3,5,13,15,19,7,8,11,12,16
3,5,6,7,8,10,11,12,15,16,17,19>3,5,6,10,15,17,19,7,8,11,12,16
1,4,9,11,12,15,16,17,18,21>2,17,21,16,18,12
1,4,9,11,12,15,16,17,18,21>4,21,10,11,16,18,12
1,4,5,6,7,10,11,13,19,23>1,2,5,10,14,11,7
1,4,5,6,7,10,11,13,19,23>2,4,5,10,13,14,20,23,11,7
2,3,4,6,14,15,16,20,21,23>23,7,14,22,4,15,16,20,21
2,3,4,6,14,15,16,20,21,23>2,6,7,8,14,23,4,15,16,20,21
2,4,5,7,8,14,15,19,20,22>7,14,15,19,21,20
2,4,5,7,8,14,15,19,20,22>2,7,17,21,22,20
2,4,5,6,7,10,11,12,13,15,17,18,21,22>2,4,8,10,14,15,21,23,6,7,11,12,13,18,22
2,4,5,6,7,10,11,12,13,15,17,18,21,22>4,5,10,14,15,19,6,7,11,12,13,18,22
9,10,11,12,16,17,18,19,21,23>23,16,21,22,19,18,11,12
9,10,11,12,16,17,18,19,21,23>8,9,16,22,23,19,18,11,12
1,2,3,5,6,10,18,20,21,23>5,7,10,18,22,2,20,21,6
1,2,3,5,6,10,18,20,21,23>1,3,4,7,10,17,18,19,22,23,2,20,21,6
2,5,7,8,9,12,13,16,20,21,22>7,10,14,16,20,8,21,13,22
2,5,7,8,9,12,13,16,20,21,22>5,10,12,14,23,8,21,13,22
3,7,11,17,22,23>7,11,17,18,23
3,7,11,17,22,23>3,4,7,17,18,23
2,4,10,12,17,18,21,22>4,10,13,16,17,21,23,18,12,22
2,4,10,12,17,18,21,22>2,4,10,11,16,19,21,18,12,22
2,3,4,5,9,15,17,18,23>3,5,15,16,17,19,23,18,4
2,3,4,5,9,15,17,18,23>2,3,5,9,10,15,16,19,23,18,4
1,6,7,8,10,12,13,14,15,16,18,20,21,22>1,10,12,19,23,7,8,13,14,16,21,22
1,6,7,8,10,12,13,14,15,16,18,20,21,22>2,6,10,15,19,20,7,8,13,14,16,21,22
1,5,6,8,9,10,11,12,13,15,16,18,19,20,21,22,23>1,6,10,11,13,14,15,18,20,8,16,19,21,22,23
1,5,6,8,9,10,11,12,13,15,16,18,19,20,21,22,23>5,6,9,11,13,14,15,8,16,19,21,22,23
5,6,7,8,9,10,11,14,20,21,22,23>5,8,11,17,6,7,10,20,21,22,23
5,6,7,8,9,10,11,14,20,21,22,23>5,9,11,14,6,7,10,20,21,22,23
3,7,9,11,13,14,15,21,22,23>4,7,10,11,22,23,14,15
3,7,9,11,13,14,15,21,22,23>3,4,7,9,10,13,21,22,23,14,15
1,2,3,5,6,7,16,20,21>3,5,2,6,7,20,21
1,2,3,5,6,7,16,20,21>1,3,4,8,16,22,2,6,7,20,21
3,4,6,10,11,14,18,19,21,23>22,23,19,11,4
3,4,6,10,11,14,18,19,21,23>3,16,18,20,23,19,11,4
1,2,3,7,8,15,16,18>1,3,7,15,18,8,16,2
1,2,3,7,8,15,16,18>3,4,7,12,13,15,8,16,2
1,3,4,8,12,13,16,18,19,21,22,23>2,13,14,4,8,12,16,19,22,23
1,3,4,8,12,13,16,18,19,21,22,23>1,3,13,14,18,4,8,12,16,19,22,23
1,4,5,6,8,12,13,14,15,16,18,19,20>15,20,5,6,8,13,14,16,19
1,4,5,6,8,12,13,14,15,16,18,19,20>2,5,6,12,21,8,13,14,16,19
3,4,6,7,9,13,15,16,17,18,23>3,6,9,10,13,15,17,23,16,18,4,7
3,4,6,7,9,13,15,16,17,18,23>14,17,8,12,16,18,4,7
4,8,9,10,11,12,13,17,18,19,22>4,9,14,18,22,23,8,11,12,13,19
4,8,9,10,11,12,13,17,18,19,22>22,23,10,16,8,11,12,13,19
4,5,7,13,17,18,23>19,23,7,18
4,5,7,13,17,18,23>7,13,14,16,17,23,18
1,4,6,11,13,14,17,18,19,21,22>2,7,11,15,16,21,23,13,14,18,19,22
1,4,6,11,13,14,17,18,19,21,22>4,6,11,17,21,13,14,18,19,22
2,3,7,8,10,11,14,15,16,17,18,19,21,22>10,12,14,15,17,20,21,8,11,16,19,22
2,3,7,8,10,11,14,15,16,17,18,19,21,22>4,7,12,15,17,20,21,8,11,16,19,22
1,4,5,6,8,11,12,13,16,17,19,20,21,22,23>2,5,6,12,13,17,19,20,8,16,21,22,23
1,4,5,6,8,11,12,13,16,17,19,20,21,22,23>1,2,5,7,11,12,14,8,16,21,22,23
1,2,3,4,5,6,8,10,11,16,17,19,21>13,3,19,21,2,4,8,11,16
1,2,3,4,5,6,8,10,11,16,17,19,21>1,3,5,6,10,12,19,2,4,8,11,16
1,2,4,7,10,12,14,16,17,18,22,23>4,8,10,17,19,22,2,12,16,18,23
1,2,4,7,10,12,14,16,17,18,22,23>7,11,14,15,22,2,12,16,18,23
1,3,7,11,13,17,23>4,13,14,17,23
1,3,7,11,13,17,23>2,3,11,13
2,4,5,8,10,11,15,16,18,19,22>2,12,20,22,23,8,16,11,19
2,4,5,8,10,11,15,16,18,19,22>20,22,5,13,8,16,11,19
1,3,5,6,7,8,11,16,20,21,22>1,4,5,11,13,16,6,7,8,20,21,22
1,3,5,6,7,8,11,16,20,21,22>1,3,4,5,11,13,6,7,8,20,21,22
1,2,3,6,9,13,20>1,4,7,9,10,14,21,2,20,13
1,2,3,6,9,13,20>1,3,4,7,10,14,2,20,13
1,2,5,7,8,9,12,13,16,18,19,20,23>16,21,12,8,2,19
1,2,5,7,8,9,12,13,16,18,19,20,23>1,9,12,13,14,20,21,23,8,2,19
1,2,3,4,5,6,7,8,11,13,14,15,21,22,23>1,11,21,15,2,4,6,7,14,22,23
1,2,3,4,5,6,7,8,11,13,14,15,21,22,23>1,3,5,8,11,16,2,4,6,7,14,22,23
2,3,5,6,7,8,11,12,13,16,19,20,21>2,11,16,20,22,8,21,13,7
2,3,5,6,7,8,11,12,13,16,19,20,21>2,4,6,12,16,20,22,8,21,13,7
1,4,5,7,9,10,12,13,15,23>2,5,7,8,9,11,14,15,16,10,12
1,4,5,7,9,10,12,13,15,23>1,4,5,6,7,8,13,14,15,10,12
2,4,6,7,8,9,11,13,15,17>2,9,10,11,14,15,13,7
2,4,6,7,8,9,11,13,15,17>6,10,15,16,17,13,7
4,5,7,11,15,16,18,19,23>4,7,8,15,18,23,16,19
4,5,7,11,15,16,18,19,23>5,7,8,11,20,23,16,19
1,3,9,11,13,15,16,17,18,21>8,9,14,17,21,22,16,18,13
1,3,9,11,13,15,16,17,18,21>1,3,9,14,17,21,22,16,18,13
2,3,5,6,8,9,11,13,15,17,18,19,20,21,22,23>2,4,5,6,7,11,13,14,17,19,20,21,22,23
2,3,5,6,8,9,11,13,15,17,18,19,20,21,22,23>2,3,4,5,6,9,11,15,16,17,19,20,21,22,23
1,2,3,9,10,12,18,20,21,22,23>3,8,12,17,2,10,21,22,23
1,2,3,9,10,12,18,20,21,22,23>1,4,8,17,19,20,2,10,21,22,23
3,4,6,7,8,9,10,11,15,16,18,19,22>3,12,13,20,23,4,7,8,11,16,19
3,4,6,7,8,9,10,11,15,16,18,19,22>6,10,12,13,15,18,4,7,8,11,16,19
4,5,6,7,8,9,10,11,13,14,15,16,20,21,22>4,5,15,23,6,7,8,10,13,14,16,20,21,22
4,5,6,7,8,9,10,11,13,14,15,16,20,21,22>5,9,11,15,23,6,7,8,10,13,14,16,20,21,22
3,8,11,13,14,15,18,20,21,23>17,18,23,15,20,21,14
3,8,11,13,14,15,18,20,21,23>11,13,15,16,20,21,14
1,3,4,6,7,9,12,14,17,18,20,21,22,23>2,3,8,9,10,12,15,16,19,4,7,17,18,21,22,23
1,3,4,6,7,9,12,14,17,18,20,21,22,23>1,2,3,6,9,10,14,15,4,7,17,18,21,22,23
2,3,4,7,8,12,13,15,16,17,19,20,22,23>20,22,8,16,4,23
2,3,4,7,8,12,13,15,16,17,19,20,22,23>21,3,20,13,8,16,4,23
4,5,6,7,8,10,11,12,13,14,17,18,19,20,23>6,12,18,20,23,7,8,14,17,19
4,5,6,7,8,10,11,12,13,14,17,18,19,20,23>6,10,11,12,13,16,20,21,7,8,14,17,19
3,6,7,8,9,10,11,21>3,4,8,10,11,7
3,6,7,8,9,10,11,21>6,8,9,13,21,22,10,11,7
3,4,13,14,16,17,19,21>3,8,13,15,17,22,16,4,14
3,4,13,14,16,17,19,21>3,8,12,13,18,19,21,22,16,4,14
1,2,6,7,8,9,11,12,13,16,18,19,20,22,23>20,9,22,13,2,7,8,19,23
1,2,6,7,8,9,11,12,13,16,18,19,20,22,23>1,6,9,11,13,14,20,21,2,7,8,19,23
1,2,3,5,7,8,13,16,19,22,23>3,4,5,13,14,16,19,8,2,23
1,2,3,5,7,8,13,16,19,22,23>1,3,4,7,13,16,19,20,8,2,23
1,3,7,12,14,15,16,18,21,23>19,23,16,12,15
1,3,7,12,14,15,16,18,21,23>2,3,8,18,19,21,16,12,15
1,3,4,6,8,10,11,12,13,14,15,17,18,20>1,3,6,7,16,18,21,4,8,13,14,17
1,3,4,6,8,10,11,12,13,14,15,17,18,20>1,2,3,6,12,19,20,4,8,13,14,17
4,5,6,7,9,10,11,13,15,16,17,20,22>8,9,15,17,21,6,7,10,13,16,20
4,5,6,7,9,10,11,13,15,16,17,20,22>8,9,11,14,15,17,18,23,6,7,10,13,16,20
1,2,3,4,6,8,10,11,13,16,17,20,22,23>3,10,13,14,17,21,22,2,4,8,16,20,23
1,2,3,4,6,8,10,11,13,16,17,20,22,23>1,3,7,10,17,21,22,2,4,8,16,20,23
2,4,6,7,9,10,12,15,16,20,22,23>20,2,8,15,16,10,23,7
2,4,6,7,9,10,12,15,16,20,22,23>2,4,8,9,12,15,16,10,23,7
1,6,8,10,11,12,17>6,10,13,8,11,12
1,6,8,10,11,12,17>2,6,8,11,12
3,6,7,8,9,12,13,14,17,18,20,21,22>3,4,9,10,20,23,7,8,13,14,17,21,22
3,6,7,8,9,12,13,14,17,18,20,21,22>4,6,7,8,13,14,17,21,22
1,3,5,6,7,8,11,12,13,14,15,16,18,19,20,21,22,23>4,5,6,12,13,7,8,14,16,19,21,22,23
1,3,5,6,7,8,11,12,13,14,15,16,18,19,20,21,22,23>3,4,5,11,18,20,7,8,14,16,19,21,22,23
3,5,7,8,9,10,14,16,20,21>5,7,9,16,22,8,10,20,21
3,5,7,8,9,10,14,16,20,21>4,5,6,7,9,13,14,16,8,10,20,21
1,3,4,8,9,10,11,12,13,15,18,20>1,3,11,17,18,8,10,4,13
1,3,4,8,9,10,11,12,13,15,18,20>2,3,9,11,14,15,20,21,8,10,4,13
1,2,6,7,10,11,15,16,17,23>1,10,12,15,18,16,2,11,7
1,2,6,7,10,11,15,16,17,23>6,10,12,17,16,2,11,7
2,6,7,11,12,13,14,15,16,19,20>2,7,13,14,15,16
2,6,7,11,12,13,14,15,16,19,20>6,19,7,13,14,15,16
1,3,4,5,6,9,10,13,14,15,16,20,21,22>3,7,8,9,4,6,10,14,15,16,20,21,22
1,3,4,5,6,9,10,13,14,15,16,20,21,22>23,3,5,7,4,6,10,14,15,16,20,21,22
1,3,4,5,8,11,16,17,18,20,21,22,23>1,2,5,6,18,19,4,8,16,20,21,22,23
1,3,4,5,8,11,16,17,18,20,21,22,23>1,3,5,6,19,4,8,16,20,21,22,23
2,4,6,7,9,10,14,15,18,20,21>4,6,9,16,17,18,19,22,7,10,15,20,21
2,4,6,7,9,10,14,15,18,20,21>2,4,6,13,14,16,17,18,7,10,15,20,21
1,4,8,13,14,19,23>8,13,16,19,23,14
1,4,8,13,14,19,23>1,4,16,23,14
1,5,11,12,14,16,17,18,19,21,23>2,14,15,16,21,22,23,18,19,12
1,5,11,12,14,16,17,18,19,21,23>22,2,5,14,18,19,12
2,3,5,7,8,10,11,12,14,16,18,19,20,21,22>3,5,10,11,12,13,18,20,23,8,19,21,22
2,3,5,7,8,10,11,12,14,16,18,19,20,21,22>3,4,5,7,10,11,16,18,23,8,19,21,22
1,3,6,9,11,13,15,16,19,21,22,23>7,8,11,12,13,19,20,16,22,23
1,3,6,9,11,13,15,16,19,21,22,23>1,2,4,6,7,9,12,13,15,19,20,21,16,22,23
1,3,6,7,11,14,15,16,17,18,19,20,21,23>2,4,6,8,14,17,22,23,7,15,16,18,19,20,21
1,3,6,7,11,14,15,16,17,18,19,20,21,23>1,3,8,17,7,15,16,18,19,20,21
1,2,4,11,13,15,18,19,20,21>4,11,17,2,13,19,20,21
1,2,4,11,13,15,18,19,20,21>22,4,11,14,2,13,19,20,21
2,3,4,5,9,10,17,18,20,23>21,23,3,4,10,17,18,20
2,3,4,5,9,10,17,18,20,23>2,5,16,19,21,4,10,17,18,20
2,4,6,7,12,13,17,21>2,8,14,21,12,13,7
2,4,6,7,12,13,17,21>4,6,8,16,17,21,12,13,7
4,5,6,8,12,13,16,18,20,22,23>7,12,13,18,22,8,16,6,23
4,5,6,8,12,13,16,18,20,22,23>5,7,13,18,20,22,8,16,6,23
1,2,3,4,5,8,9,11,12,17,18,20,21>5,6,10,12,19,2,4,8,17,21
1,2,3,4,5,8,9,11,12,17,18,20,21>3,5,6,11,16,18,19,20,22,2,4,8,17,21
1,3,4,5,6,7,8,10,11,13,16,17,18,19,20,22,23>18,5,11,4,7,8,16,19,20,23
1,3,4,5,6,7,8,10,11,13,16,17,18,19,20,22,23>1,2,3,14,18,21,22,4,7,8,16,19,20,23
1,5,6,8,13,14,16,17,18,20,21,23>1,13,16,17,18,19,22,23,6,8,14,20,21
1,5,6,8,13,14,16,17,18,20,21,23>2,7,16,18,19,22,6,8,14,20,21
3,6,7,8,12,14,19,21,22,23>6,14,19,21,7,8,12,22,23
3,6,7,8,12,14,19,21,22,23>3,6,14,7,8,12,22,23
2,5,6,10,14,17,20,21,23>7,10,14,15,18,22,23,17,20,21,6
2,5,6,10,14,17,20,21,23>2,5,7,15,23,17,20,21,6
1,2,3,5,8,10,11,12,13,14,16,18,19,20,21,22>1,5,10,11,16,20,2,8,13,14,19,21,22
1,2,3,5,8,10,11,12,13,14,16,18,19,20,21,22>1,3,5,11,16,23,2,8,13,14,19,21,22
1,3,4,5,6,8,10,13,16,17,18,21,22>1,5,11,13,18,23,4,6,8,16,22
1,3,4,5,6,8,10,13,16,17,18,21,22>1,2,7,10,18,21,4,6,8,16,22
5,6,7,9,12,16,17,20,22,23>5,21,22,23,6,7
5,6,7,9,12,16,17,20,22,23>18,5,16,17,23,6,7
1,3,6,7,8,10,11,12,14,16,18>14,19,3,10,8,11,12,7
1,3,6,7,8,10,11,12,14,16,18>14,2,3,6,8,11,12,7
1,2,4,6,9,13,15,16,17,18,19,23>7,9,12,20,23,16,19,2,18
1,2,4,6,9,13,15,16,17,18,19,23>1,7,9,14,17,20,23,16,19,2,18
1,2,6,7,11,13,14,15,16,18,19,20,22>23,1,11,22,2,7,13,14,15,16,19,20
1,2,6,7,11,13,14,15,16,18,19,20,22>1,6,8,22,23,2,7,13,14,15,16,19,20
1,2,6,7,10,11,14,17,18,20,21>19,22,6,14,2,7,17,18,20,21
1,2,6,7,10,11,14,17,18,20,21>6,14,15,2,7,17,18,20,21
1,2,3,4,6,8,9,10,11,14,17,20,21>3,6,8,9,11,2,4,10,17,20,21
1,2,3,4,6,8,9,10,11,14,17,20,21>22,3,6,2,4,10,17,20,21
2,4,7,8,9,10,11,12,14,18,20,21,22,23>2,7,9,11,16,20,8,10,21,22,23
2,4,7,8,9,10,11,12,14,18,20,21,22,23>2,4,7,11,12,14,18,8,10,21,22,23
1,2,4,6,7,9,13,14,23>4,9,10,13,16,2,14,7
1,2,4,6,7,9,13,14,23>1,4,9,10,16,23,2,14,7
1,2,4,5,6,7,9,11,12,15,17,18,20,21,23>4,8,10,11,12,15,19,2,6,7,17,18,21
1,2,4,5,6,7,9,11,12,15,17,18,20,21,23>1,4,5,8,9,16,19,22,2,6,7,17,18,21
1,3,4,5,10,12,13,18,20>5,10,12,14,17,20,4,13
1,3,4,5,10,12,13,18,20>2,8,10,14,16,17,18,19,4,13
1,2,3,4,8,10,14,16,18,21,22>10,13,14,21,23,2,4,8,16,22
1,2,3,4,8,10,14,16,18,21,22>19,21,10,2,4,8,16,22
2,7,10,12,16,17,18,19,20>2,7,10,17,21,18,19
2,7,10,12,16,17,18,19,20>7,8,12,17,21,18,19
1,2,3,5,7,8,10,12,13,14,18,22>3,7,10,18,19,2,8,12,13,14
1,2,3,5,7,8,10,12,13,14,18,22>1,3,4,5,6,18,19,2,8,12,13,14
5,11,14,19,22>5,13,19,22,23
5,11,14,19,22>5,11,13,15,19,22
4,5,8,10,11,13,14,15,18,19,20,21>18,10,16,13,14,19,20,21
4,5,8,10,11,13,14,15,18,19,20,21>5,11,15,16,18,13,14,19,20,21
1,3,4,5,8,10,13,14,15,16,17,19,23>1,3,8,16,4,14
1,3,4,5,8,10,13,14,15,16,17,19,23>2,3,10,17,19,20,23,8,16,4,14
1,2,4,5,7,9,10,15,16,18,21>1,5,9,12,15,19,21,16,2,10
1,2,4,5,7,9,10,15,16,18,21>4,5,6,9,11,15,18,21,16,2,10
1,4,5,7,8,12,13,14,16,19,20,22,23>7,12,8,16,14,23
1,4,5,7,8,12,13,14,16,19,20,22,23>1,5,12,13,22,8,16,14,23
1,5,6,7,9,12,16,22,23>22,5,8,16,12,23,6,7
1,5,6,7,9,12,16,22,23>5,9,10,16,22,12,23,6,7
1,3,7,8,10,11,13,14,18,19,20>11,2,21,19,20,13,14
1,3,7,8,10,11,13,14,18,19,20>3,4,7,11,21,19,20,13,14
1,2,6,8,10,12,13,14,15,16,19,20>10,12,15,19,21,2,8,13,14,16
1,2,6,8,10,12,13,14,15,16,19,20>1,7,10,15,19,20,2,8,13,14,16
4,7,8,9,10,11,12,13,16,17,18,20,21,22>4,7,14,19,20,23,8,10,13,16,21,22
4,7,8,9,10,11,12,13,16,17,18,20,21,22>4,9,12,17,18,20,23,8,10,13,16,21,22
4,5,11,12,13,14,18,19>5,15,19,12,13,14
4,5,11,12,13,14,18,19>8,15,16,18,19,12,13,14
1,5,8,9,11,12,13,16,18,21>1,6,10,11,14,22,8,12,13
1,5,8,9,11,12,13,16,18,21>2,9,10,18,22,8,12,13
2,3,4,5,6,7,8,10,14,15,16,17,20,21,22,23>3,15,17,4,6,7,8,16,20,21,22,23
2,3,4,5,6,7,8,10,14,15,16,17,20,21,22,23>2,5,10,14,4,6,7,8,16,20,21,22,23
2,8,10,11,12,13,15,16,17,19,20>19,10,21,8,16,13
2,8,10,11,12,13,15,16,17,19,20>10,11,17,8,16,13
1,4,5,10,11,13,14,16,17,19,22,23>1,2,8,12,17,18,19,20,22,16,11,14,23
1,4,5,10,11,13,14,16,17,19,22,23>4,5,8,10,13,18,22,16,11,14,23
1,5,6,7,13,14,15,16,17,20,22,23>5,8,17,18,22,6,7,14,15,16,20,23
1,5,6,7,13,14,15,16,17,20,22,23>1,5,8,13,22,6,7,14,15,16,20,23
2,5,9,10,14,17,18,19,21,22,23>2,5,20,15,18,19,22,23
2,5,9,10,14,17,18,19,21,22,23>2,9,14,15,18,19,22,23
1,2,3,4,7,8,9,11,12,13,14,19>1,7,9,11,19,2,4,8,12,13,14
1,2,3,4,7,8,9,11,12,13,14,19>1,3,7,16,19,2,4,8,12,13,14
1,2,3,4,7,8,9,11,12,13,14,15,16,18,20,21,22>3,7,9,11,15,20,23,2,4,8,13,14,16,21,22
1,2,3,4,7,8,9,11,12,13,14,15,16,18,20,21,22>1,3,7,10,11,15,18,20,2,4,8,13,14,16,21,22
1,2,3,4,5,6,8,9,15,16,19>1,6,12,13,15,19,20,8,16,2,4
1,2,3,4,5,6,8,9,15,16,19>3,5,6,7,9,12,8,16,2,4
1,3,4,10,11,12,15,20,22,23>1,2,8,11,16,20,21,22,4,23
1,3,4,10,11,12,15,20,22,23>1,3,8,10,11,15,16,17,21,4,23
2,5,6,7,11,14,16,19,21,22,23>15,19,11,14,23,22,7
2,5,6,7,11,14,16,19,21,22,23>15,2,5,16,23,22,7
1,2,3,4,5,7,9,10,13,18,20,21,23>1,5,7,13,19,22,2,4,10,20,21
1,2,3,4,5,7,9,10,13,18,20,21,23>3,5,9,14,16,17,19,2,4,10,20,21
4,6,11,12,15,16,17,20>8,13,16
4,6,11,12,15,16,17,20>7,12,15,17,18,21,16
2,5,6,8,9,11,12,13,20,21,22>5,10,11,14,17,23,6,8,13,21,22
2,5,6,8,9,11,12,13,20,21,22>2,7,11,12,14,20,6,8,13,21,22
1,5,6,7,8,10,11,12,13,15,20,21>1,11,12,14,15,17,20,6,7,8,13,21
1,5,6,7,8,10,11,12,13,15,20,21>1,10,11,14,15,22,6,7,8,13,21
2,6,8,10,11,15,16,17,21>17,12,8,16,11
2,6,8,10,11,15,16,17,21>2,6,10,13,15,17,22,8,16,11
1,3,4,5,8,11,12,13,14,18,20>6,11,16,18,19,8,4,13,14
1,3,4,5,8,11,12,13,14,18,20>3,5,11,19,20,21,8,4,13,14
2,3,4,6,8,11,12,15,18,22,23>2,6,7,15,18,22,8,4,12,23
2,3,4,6,8,11,12,15,18,22,23>2,3,6,15,16,18,19,8,4,12,23
3,6,7,8,10,14,15,16,17,20,21>17,3,15,7,8,16,20,21
3,6,7,8,10,14,15,16,17,20,21>4,6,10,13,14,17,7,8,16,20,21
1,2,4,5,6,7,10,12,13,18,20,21,22>4,12,14,16,20,23,2,6,7,13,21,22
1,2,4,5,6,7,10,12,13,18,20,21,22>4,5,8,10,18,19,23,2,6,7,13,21,22
2,3,5,6,10,14,16,21,23>2,4,5,7,8,10,12,14,21,23,6
2,3,5,6,10,14,16,21,23>2,3,4,7,8,10,11,15,23,6
4,6,10,11,13,14,16,17,19,21,22,23>4,6,8,10,13,15,18,19,11,14,16,22,23
4,6,10,11,13,14,16,17,19,21,22,23>6,7,13,18,19,20,21,11,14,16,22,23
