TCR,NFAT,IFN-\beta,IFN-\betaR,IL-18,IL-18R,IRAK,SOCS1,IL-12,IL-12R,STAT4,T-bet,IFN-\gamma,IFN-\gammaR,JAK1,STAT1,IL-4,IL-4R,STAT6,GATA3,IL-10,IL-10R,STAT3
2,4,7,8,11,13,15,17,18,21,23>8,13,14,15,16,18,19,23
2,4,7,8,11,13,15,17,18,21,23>2,11,14,16,19,21,23
2,4,7,8,11,13,15,17,18,21,23>4,8,13,14,15,16,17,19,21,22,23
2,4,7,8,11,13,15,17,18,21,23>7,11,14,21,23
1,2,3,4,6,7,15,16,18,20,21,22,23>15,18,2,4,7,16,20,21,22,23
1,2,3,4,6,7,15,16,18,20,21,22,23>1,15,19,2,4,7,16,20,21,22,23
1,2,3,4,6,7,15,16,18,20,21,22,23>1,3,8,15,2,4,7,16,20,21,22,23
1,2,3,4,6,7,15,16,18,20,21,22,23>1,6,15,2,4,7,16,20,21,22,23
4,9,10,11,12,14,15,16,18,19,21,22,23>10,18,11,12,15,16,19,22,23
4,9,10,11,12,14,15,16,18,19,21,22,23>4,9,14,11,12,15,16,19,22,23
4,9,10,11,12,14,15,16,18,19,21,22,23>4,9,21,11,12,15,16,19,22,23
4,9,10,11,12,14,15,16,18,19,21,22,23>8,9,14,18,11,12,15,16,19,22,23
1,2,3,5,6,7,8,10,13,14,15,16,17,21,22,23>1,3,5,10,11,15,21,2,6,7,8,14,16,22,23
1,2,3,5,6,7,8,10,13,14,15,16,17,21,22,23>1,3,10,17,21,2,6,7,8,14,16,22,23
1,2,3,5,6,7,8,10,13,14,15,16,17,21,22,23>4,5,10,11,15,17,21,2,6,7,8,14,16,22,23
1,2,3,5,6,7,8,10,13,14,15,16,17,21,22,23>3,4,5,11,12,15,2,6,7,8,14,16,22,23
2,3,5,8,9,10,11,13,14,15,16,17,21,23>3,5,6,9,17,22,23,8,10,11,14,16
2,3,5,8,9,10,11,13,14,15,16,17,21,23>4,5,12,13,17,21,8,10,11,14,16
2,3,5,8,9,10,11,13,14,15,16,17,21,23>4,13,15,17,21,22,23,8,10,11,14,16
2,3,5,8,9,10,11,13,14,15,16,17,21,23>3,4,5,15,21,22,23,8,10,11,14,16
1,3,4,5,6,7,9,10,11,12,16,20,21,22>1,2,5,11,12,13,4,6,7,10,16,21,22
1,3,4,5,6,7,9,10,11,12,16,20,21,22>1,3,5,9,11,20,23,4,6,7,10,16,21,22
1,3,4,5,6,7,9,10,11,12,16,20,21,22>2,3,11,13,23,4,6,7,10,16,21,22
1,3,4,5,6,7,9,10,11,12,16,20,21,22>1,2,3,8,9,12,23,4,6,7,10,16,21,22
1,2,9,10,13,14,15,16,18,19,22,23>1,11,12,18,22,2,14,15,16,19,23
1,2,9,10,13,14,15,16,18,19,22,23>20,8,10,13,2,14,15,16,19,23
1,2,9,10,13,14,15,16,18,19,22,23>20,22,9,10,2,14,15,16,19,23
1,2,9,10,13,14,15,16,18,19,22,23>1,10,12,20,22,2,14,15,16,19,23
1,4,7,11,12,14,15,17,18,19,22,23>17,7,11,14,12,15,18,19,23
1,4,7,11,12,14,15,17,18,19,22,23>17,4,8,12,15,18,19,23
1,4,7,11,12,14,15,17,18,19,22,23>2,4,7,11,14,22,12,15,18,19,23
1,4,7,11,12,14,15,17,18,19,22,23>22,17,2,4,12,15,18,19,23
1,3,5,6,9,10,11,13,16,17,19,22>6,7,8,9,10,12,18,22,23,11,13
1,3,5,6,9,10,11,13,16,17,19,22>1,2,5,8,9,12,14,17,18,19,22,11,13
1,3,5,6,9,10,11,13,16,17,19,22>3,4,5,6,7,8,9,10,12,14,17,18,19,11,13
1,3,5,6,9,10,11,13,16,17,19,22>1,2,3,4,6,7,8,12,16,19,22,23,11,13
1,3,4,6,12,13,16,18,22,23>8,13,16,4,12,23
1,3,4,6,12,13,16,18,22,23>1,2,6,7,13,14,18,16,4,12,23
1,3,4,6,12,13,16,18,22,23>7,8,14,18,19,16,4,12,23
1,3,4,6,12,13,16,18,22,23>1,2,3,6,7,13,14,19,16,4,12,23
2,3,5,6,10,12,15,16,17,19,20,22>4,5,6,7,8,13,20,21,16
2,3,5,6,10,12,15,16,17,19,20,22>2,3,6,12,13,17,18,20,16
2,3,5,6,10,12,15,16,17,19,20,22>4,6,7,8,10,12,18,19,21,23,16
2,3,5,6,10,12,15,16,17,19,20,22>2,4,5,7,8,10,12,13,15,17,18,19,16
2,3,4,8,9,11,12,16,18,19,20,21>20,12,13,18,4,8,16,19,21
2,3,4,8,9,11,12,16,18,19,20,21>3,11,12,13,18,22,4,8,16,19,21
2,3,4,8,9,11,12,16,18,19,20,21>2,9,12,4,8,16,19,21
2,3,4,8,9,11,12,16,18,19,20,21>2,3,9,11,13,20,4,8,16,19,21
2,4,6,10,16,17,18,19,21,23>2,7,8,17,21,22,23,16,18,19
2,4,6,10,16,17,18,19,21,23>6,8,10,12,17,23,16,18,19
2,4,6,10,16,17,18,19,21,23>6,7,10,12,17,21,16,18,19
2,4,6,10,16,17,18,19,21,23>2,7,20,21,22,16,18,19
1,2,7,8,11,13,14,19>1,11,19,20,2,13,14
1,2,7,8,11,13,14,19>7,11,19,2,13,14
1,2,7,8,11,13,14,19>1,7,8,20,2,13,14
1,2,7,8,11,13,14,19>1,7,8,19,2,13,14
2,3,4,6,7,8,10,13,15,16,17,18,19,23>14,15,12,13,4,7,8,16,19
2,3,4,6,7,8,10,13,15,16,17,18,19,23>6,10,13,14,17,18,23,4,7,8,16,19
2,3,4,6,7,8,10,13,15,16,17,18,19,23>2,6,10,12,13,15,18,23,4,7,8,16,19
2,3,4,6,7,8,10,13,15,16,17,18,19,23>3,6,10,14,15,18,4,7,8,16,19
2,3,4,10,11,12,14,20,22>2,3,10,13,17,20,21,4
2,3,4,10,11,12,14,20,22>2,8,11,12,15,16,20,23,4
2,3,4,10,11,12,14,20,22>8,10,11,12,14,16,17,21,4
2,3,4,10,11,12,14,20,22>2,8,12,13,14,15,16,17,21,22,4
5,7,8,9,11,12,13,16,17,20>6,9,11,16,17,20,21,8,13
5,7,8,9,11,12,13,16,17,20>5,6,7,10,20,8,13
5,7,8,9,11,12,13,16,17,20>5,7,9,12,14,17,20,21,8,13
5,7,8,9,11,12,13,16,17,20>5,6,7,9,12,17,8,13
5,6,7,10,12,13,16,17,20,21,23>5,13,16,18,20,22,21,6,7
5,6,7,10,12,13,16,17,20,21,23>10,12,17,22,23,21,6,7
5,6,7,10,12,13,16,17,20,21,23>20,18,8,10,21,6,7
5,6,7,10,12,13,16,17,20,21,23>8,10,12,18,23,21,6,7
4,7,10,11,12,15,21>4,7,10,16,11,12
4,7,10,11,12,15,21>8,10,13,15,16,21,22,11,12
4,7,10,11,12,15,21>4,8,13,15,16,22,11,12
4,7,10,11,12,15,21>4,7,8,13,16,21,22,11,12
2,4,8,9,11,16,18,20,22>19,22,8,16,20
2,4,8,9,11,16,18,20,22>2,13,18,22,23,8,16,20
2,4,8,9,11,16,18,20,22>2,4,9,10,13,18,8,16,20
2,4,8,9,11,16,18,20,22>2,4,9,11,13,18,8,16,20
1,2,4,9,10,11,12,13,15,17,20,22>1,11,14,18,23,17,2,10,13
1,2,4,9,10,11,12,13,15,17,20,22>4,9,11,14,15,20,21,23,17,2,10,13
1,2,4,9,10,11,12,13,15,17,20,22>1,4,9,12,14,15,20,22,23,17,2,10,13
1,2,4,9,10,11,12,13,15,17,20,22>4,9,12,18,22,23,17,2,10,13
2,3,4,5,8,11,12,13,14,16,17,18,22>23,6,11,18,4,8,12,13,14,16
2,3,4,5,8,11,12,13,14,16,17,18,22>19,18,4,8,12,13,14,16
2,3,4,5,8,11,12,13,14,16,17,18,22>3,5,11,18,22,4,8,12,13,14,16
2,3,4,5,8,11,12,13,14,16,17,18,22>2,3,5,19,22,23,4,8,12,13,14,16
1,3,4,7,9,11,12,13,14,15,17,18,19,21,23>2,7,11,21,23,4,12,14,15,18,19
1,3,4,7,9,11,12,13,14,15,17,18,19,21,23>1,2,17,21,22,4,12,14,15,18,19
1,3,4,7,9,11,12,13,14,15,17,18,19,21,23>3,8,9,11,13,17,22,23,4,12,14,15,18,19
1,3,4,7,9,11,12,13,14,15,17,18,19,21,23>2,9,11,17,22,23,4,12,14,15,18,19
2,5,7,9,11,12,13,14,15,17,18,21,22,23>2,9,11,13,16,19,21,12,14,15,18,22,23
2,5,7,9,11,12,13,14,15,17,18,21,22,23>5,8,9,10,11,16,19,21,12,14,15,18,22,23
2,5,7,9,11,12,13,14,15,17,18,21,22,23>6,7,11,13,17,19,21,12,14,15,18,22,23
2,5,7,9,11,12,13,14,15,17,18,21,22,23>2,5,6,7,8,9,11,21,12,14,15,18,22,23
4,7,9,11,19,20,21,22>4,11,13,17,19,20,21,22
4,7,9,11,19,20,21,22>23,7,17,20,21,22
4,7,9,11,19,20,21,22>9,13,17,19,23,20,21,22
4,7,9,11,19,20,21,22>4,7,9,13,16,17,20,21,22
1,2,3,7,11,13,16,17,18,21,22,23>13,17,21,12,2,18,22,23
1,2,3,7,11,13,16,17,18,21,22,23>1,7,8,11,12,14,19,2,18,22,23
1,2,3,7,11,13,16,17,18,21,22,23>1,3,8,17,19,21,2,18,22,23
1,2,3,7,11,13,16,17,18,21,22,23>1,3,4,11,17,19,2,18,22,23
1,4,5,7,8,10,12,13,14,15,16,17,20,21,22,23>15,20,6,7,8,14,16,21,22,23
1,4,5,7,8,10,12,13,14,15,16,17,20,21,22,23>1,6,7,13,17,20,8,14,16,21,22,23
1,4,5,7,8,10,12,13,14,15,16,17,20,21,22,23>1,2,5,6,10,15,17,20,8,14,16,21,22,23
1,4,5,7,8,10,12,13,14,15,16,17,20,21,22,23>1,2,4,7,10,15,20,8,14,16,21,22,23
1,4,7,8,9,10,12,14,15,16,17,18,19,20,21,22,23>1,18,7,12,8,16,19,21,22,23
1,4,7,8,9,10,12,14,15,16,17,18,19,20,21,22,23>1,20,10,12,8,16,19,21,22,23
1,4,7,8,9,10,12,14,15,16,17,18,19,20,21,22,23>1,7,9,10,15,18,20,8,16,19,21,22,23
1,4,7,8,9,10,12,14,15,16,17,18,19,20,21,22,23>1,2,4,7,9,18,8,16,19,21,22,23
1,2,3,4,8,10,11,13,18,19,20,21,22>11,16,17,18,23,2,4,13,19,20,21,22
1,2,3,4,8,10,11,13,18,19,20,21,22>3,10,14,17,18,2,4,13,19,20,21,22
1,2,3,4,8,10,11,13,18,19,20,21,22>11,14,16,2,4,13,19,20,21,22
1,2,3,4,8,10,11,13,18,19,20,21,22>3,8,10,17,18,2,4,13,19,20,21,22
1,2,5,6,7,8,9,10,11,12,13,16,19>19,9,10,14,2,7,8,11,12,13
1,2,5,6,7,8,9,10,11,12,13,16,19>1,2,7,8,11,12,13
1,2,5,6,7,8,9,10,11,12,13,16,19>19,6,9,2,7,8,11,12,13
1,2,5,6,7,8,9,10,11,12,13,16,19>5,6,14,16,19,2,7,8,11,12,13
2,3,4,5,7,8,9,10,12,15,16,17,21,23>6,7,11,17,21,22,23,4,8,10,12,16
2,3,4,5,7,8,9,10,12,15,16,17,21,23>15,3,22,23,4,8,10,12,16
2,3,4,5,7,8,9,10,12,15,16,17,21,23>3,5,6,9,17,21,4,8,10,12,16
2,3,4,5,7,8,9,10,12,15,16,17,21,23>2,3,5,6,17,21,23,4,8,10,12,16
4,5,9,10,11,12,16,17,22>23,6,9,13,16,10,11,12
4,5,9,10,11,12,16,17,22>4,6,8,13,17,22,16,10,11,12
4,5,9,10,11,12,16,17,22>4,6,8,18,22,23,16,10,11,12
4,5,9,10,11,12,16,17,22>4,5,6,13,17,18,23,16,10,11,12
1,5,8,11,13,14,16,17,18,20,21,22>19,23,16,8,13,14,20,21,22
1,5,8,11,13,14,16,17,18,20,21,22>2,6,11,16,18,23,8,13,14,20,21,22
1,5,8,11,13,14,16,17,18,20,21,22>2,6,11,16,17,23,8,13,14,20,21,22
1,5,8,11,13,14,16,17,18,20,21,22>5,6,16,8,13,14,20,21,22
1,3,7,8,12,15,17,18,21,23>17,3,4,16,8,12
1,3,7,8,12,15,17,18,21,23>1,2,4,15,8,12
1,3,7,8,12,15,17,18,21,23>3,4,7,16,19,21,23,8,12
1,3,7,8,12,15,17,18,21,23>2,3,4,15,17,18,21,23,8,12
1,5,8,12,13,14,15,16,18,21>22,5,6,15,8,12,13,14,16
1,5,8,12,13,14,15,16,18,21>2,5,15,18,19,21,8,12,13,14,16
1,5,8,12,13,14,15,16,18,21>2,5,6,15,18,21,8,12,13,14,16
1,5,8,12,13,14,15,16,18,21>1,2,5,15,18,19,8,12,13,14,16
1,2,3,4,5,9,10,14,15,20,21,23>17,22,9,16,2,4,10,15,20,21
1,2,3,4,5,9,10,14,15,20,21,23>3,6,9,16,22,2,4,10,15,20,21
1,2,3,4,5,9,10,14,15,20,21,23>1,5,9,14,16,17,23,2,4,10,15,20,21
1,2,3,4,5,9,10,14,15,20,21,23>3,5,6,16,17,22,23,2,4,10,15,20,21
4,5,6,7,8,10,11,12,13,14,21,23>23,5,13,22,6,7,8,11,12,14
4,5,6,7,8,10,11,12,13,14,21,23>23,10,16,6,7,8,11,12,14
4,5,6,7,8,10,11,12,13,14,21,23>23,5,16,6,7,8,11,12,14
4,5,6,7,8,10,11,12,13,14,21,23>4,5,10,21,22,23,6,7,8,11,12,14
1,2,3,5,7,8,9,14,15,17,20,23>1,5,6,10,14,16,17,2,20
1,2,3,5,7,8,9,14,15,17,20,23>1,7,8,14,15,21,17,2,20
1,2,3,5,7,8,9,14,15,17,20,23>4,7,9,16,23,17,2,20
1,2,3,5,7,8,9,14,15,17,20,23>1,3,4,6,7,8,10,21,17,2,20
7,8,11,13,19,21,22>23,7,14,19,13,22
7,8,11,13,19,21,22>23,11,19,21,13,22
7,8,11,13,19,21,22>7,11,14,20,21,13,22
7,8,11,13,19,21,22>7,14,19,20,21,13,22
4,14,15,16,17,19,20,23>23,8,17,19,16,20,15
4,14,15,16,17,19,20,23>8,17,18,21,16,20,15
4,14,15,16,17,19,20,23>4,14,18,21,23,16,20,15
4,14,15,16,17,19,20,23>8,14,17,18,19,16,20,15
5,9,10,11,14,15,21,22,23>14,10,11,15,22,23
5,9,10,11,14,15,21,22,23>5,16,21,10,11,15,22,23
5,9,10,11,14,15,21,22,23>5,6,10,11,15,22,23
5,9,10,11,14,15,21,22,23>6,9,16,10,11,15,22,23
1,2,4,7,14,15,17,18,19,20>14,2,15,17,18,19,20
1,2,4,7,14,15,17,18,19,20>1,4,13,21,2,15,17,18,19,20
1,2,4,7,14,15,17,18,19,20>1,7,13,21,2,15,17,18,19,20
1,2,4,7,14,15,17,18,19,20>4,7,2,15,17,18,19,20
1,2,4,5,9,10,13,14,15,20,21>22,9,17,2,10,13,14,15,20,21
1,2,4,5,9,10,13,14,15,20,21>22,4,16,2,10,13,14,15,20,21
1,2,4,5,9,10,13,14,15,20,21>1,5,6,9,16,2,10,13,14,15,20,21
1,2,4,5,9,10,13,14,15,20,21>1,4,5,6,17,22,2,10,13,14,15,20,21
1,2,3,6,8,9,12,16,18,19,21>1,7,9,8,2,19,12
1,2,3,6,8,9,12,16,18,19,21>1,3,7,13,16,21,8,2,19,12
1,2,3,6,8,9,12,16,18,19,21>16,22,4,8,2,19,12
1,2,3,6,8,9,12,16,18,19,21>3,4,6,13,18,8,2,19,12
5,6,10,11,12,14,15,19,20>8,10,13,14,17,20,15
5,6,10,11,12,14,15,19,20>7,10,13,14,16,17,19,21,15
5,6,10,11,12,14,15,19,20>5,7,8,10,13,17,19,15
5,6,10,11,12,14,15,19,20>6,7,11,12,14,19,21,15
1,2,6,9,10,11,13,14,15,16,18,20,22>1,9,11,19,21,22,2,10,13,14,15,16,20
1,2,6,9,10,11,13,14,15,16,18,20,22>1,9,19,22,23,2,10,13,14,15,16,20
1,2,6,9,10,11,13,14,15,16,18,20,22>6,9,18,19,21,23,2,10,13,14,15,16,20
1,2,6,9,10,11,13,14,15,16,18,20,22>1,6,7,8,9,11,18,22,23,2,10,13,14,15,16,20
1,2,3,4,6,12,13,14,16,20,22,23>22,3,21,13,2,4,14,16,23
1,2,3,4,6,12,13,14,16,20,22,23>6,7,8,12,20,22,2,4,14,16,23
1,2,3,4,6,12,13,14,16,20,22,23>3,12,13,20,21,2,4,14,16,23
1,2,3,4,6,12,13,14,16,20,22,23>1,3,6,7,8,12,20,21,2,4,14,16,23
2,3,4,5,6,7,11,14,15,16,17,18,19,20,22>6,8,11,13,14,17,21,23,4,7,15,16,18,19,20
2,3,4,5,6,7,11,14,15,16,17,18,19,20,22>5,6,4,7,15,16,18,19,20
2,3,4,5,6,7,11,14,15,16,17,18,19,20,22>2,5,13,17,23,4,7,15,16,18,19,20
2,3,4,5,6,7,11,14,15,16,17,18,19,20,22>3,5,11,13,17,21,4,7,15,16,18,19,20
3,4,6,7,10,13,14,16,17,21>10,11,12,15,21,22,4,7,13,14,16
3,4,6,7,10,13,14,16,17,21>3,6,10,12,17,4,7,13,14,16
3,4,6,7,10,13,14,16,17,21>8,15,17,18,21,4,7,13,14,16
3,4,6,7,10,13,14,16,17,21>3,6,8,10,15,18,21,4,7,13,14,16
1,3,6,8,9,12,17,22,23>1,4,7,10,22,8,12,23
1,3,6,8,9,12,17,22,23>1,6,7,17,22,8,12,23
1,3,6,8,9,12,17,22,23>1,2,4,6,9,10,22,8,12,23
1,3,6,8,9,12,17,22,23>10,3,6,7,8,12,23
1,3,4,6,7,9,15,18,21>1,9,13,18,21,22,4,7
1,3,4,6,7,9,15,18,21>2,6,10,13,16,18,19,4,7
1,3,4,6,7,9,15,18,21>1,2,9,13,15,18,21,4,7
1,3,4,6,7,9,15,18,21>1,2,3,6,9,18,19,22,4,7
3,4,5,6,7,8,16,22,23>3,22,4,6,7,8,16,23
3,4,5,6,7,8,16,22,23>12,22,4,6,7,8,16,23
3,4,5,6,7,8,16,22,23>5,22,4,6,7,8,16,23
3,4,5,6,7,8,16,22,23>3,12,5,4,6,7,8,16,23
2,3,5,7,8,13,14,16,19,23>2,5,7,13,19,8,14
2,3,5,7,8,13,14,16,19,23>2,5,7,16,19,20,23,8,14
2,3,5,7,8,13,14,16,19,23>3,4,5,7,19,23,8,14
2,3,5,7,8,13,14,16,19,23>2,3,4,5,7,13,16,20,8,14
1,4,5,8,9,10,11,12,17,18,21,22>2,5,9,16,17,18,19,21,23,8,10,11,12,22
1,4,5,8,9,10,11,12,17,18,21,22>1,2,5,13,17,23,8,10,11,12,22
1,4,5,8,9,10,11,12,17,18,21,22>1,4,5,6,13,17,18,19,21,8,10,11,12,22
1,4,5,8,9,10,11,12,17,18,21,22>2,4,6,13,16,17,19,23,8,10,11,12,22
2,3,5,7,9,14,15,17,19,20,21,22>14,2,19,16,15,17,20,21,22
2,3,5,7,9,14,15,17,19,20,21,22>3,5,7,18,19,23,15,17,20,21,22
2,3,5,7,9,14,15,17,19,20,21,22>2,4,5,16,18,19,15,17,20,21,22
2,3,5,7,9,14,15,17,19,20,21,22>2,4,9,14,23,15,17,20,21,22
2,3,4,6,8,9,15>7,8,9,10,13,16,4
2,3,4,6,8,9,15>2,6,9,13,15,4
2,3,4,6,8,9,15>2,6,7,8,13,15,16,4
2,3,4,6,8,9,15>2,3,6,13,15,16,4
3,4,9,10,11,13,14,15,16,17,18,19,21,22,23>3,8,13,17,21,4,11,14,15,16,18,19,22,23
3,4,9,10,11,13,14,15,16,17,18,19,21,22,23>3,8,10,12,17,21,4,11,14,15,16,18,19,22,23
3,4,9,10,11,13,14,15,16,17,18,19,21,22,23>3,9,12,20,21,4,11,14,15,16,18,19,22,23
3,4,9,10,11,13,14,15,16,17,18,19,21,22,23>3,8,9,10,17,4,11,14,15,16,18,19,22,23
3,5,7,8,10,11,13,14,15,17,18,19,21,23>3,7,10,13,15,21,23,19,11,14
3,5,7,8,10,11,13,14,15,17,18,19,21,23>3,13,15,16,17,20,23,19,11,14
3,5,7,8,10,11,13,14,15,17,18,19,21,23>3,5,7,10,13,16,17,20,21,22,23,19,11,14
3,5,7,8,10,11,13,14,15,17,18,19,21,23>4,5,7,8,16,18,21,19,11,14
2,4,5,9,10,11,15,16,18,21,23>2,6,9,12,18,19,21,23,16,10,11
2,4,5,9,10,11,15,16,18,21,23>5,6,9,21,22,16,10,11
2,4,5,9,10,11,15,16,18,21,23>2,5,6,8,15,16,10,11
2,4,5,9,10,11,15,16,18,21,23>2,4,5,12,18,21,16,10,11
3,4,6,9,10,13,14,15,16,17,19,20,21,23>3,6,10,17,19,23,4,14,15,16,20,21
3,4,6,9,10,13,14,15,16,17,19,20,21,23>7,8,13,19,22,4,14,15,16,20,21
3,4,6,9,10,13,14,15,16,17,19,20,21,23>6,7,9,13,17,18,4,14,15,16,20,21
3,4,6,9,10,13,14,15,16,17,19,20,21,23>6,7,8,9,19,22,23,4,14,15,16,20,21
1,3,4,5,6,8,9,10,16,17,19,22>6,7,9,10,19,23,8,16,4
1,3,4,5,6,8,9,10,16,17,19,22>2,6,10,12,20,23,8,16,4
1,3,4,5,6,8,9,10,16,17,19,22>3,5,10,11,12,19,22,8,16,4
1,3,4,5,6,8,9,10,16,17,19,22>3,7,12,17,19,22,23,8,16,4
1,2,4,5,6,7,10,11,12,13,14,19,20,22>1,5,8,10,11,15,19,20,22,23,2,13,14,7
1,2,4,5,6,7,10,11,12,13,14,19,20,22>1,6,8,12,15,16,20,21,23,2,13,14,7
1,2,4,5,6,7,10,11,12,13,14,19,20,22>1,5,10,11,16,17,23,2,13,14,7
1,2,4,5,6,7,10,11,12,13,14,19,20,22>4,5,6,12,17,19,20,21,23,2,13,14,7
1,3,5,6,7,8,9,10,13,17,23>1,4,8,9,11,14,23,10,6,7
1,3,5,6,7,8,9,10,13,17,23>2,4,8,9,13,14,17,10,6,7
1,3,5,6,7,8,9,10,13,17,23>2,17,5,10,6,7
1,3,5,6,7,8,9,10,13,17,23>3,4,5,9,13,23,10,6,7
3,4,6,9,10,11,12,13,16,17,19,20,21>14,17,8,10,16,21,4,13
3,4,6,9,10,11,12,13,16,17,19,20,21>6,7,9,10,11,14,16,21,4,13
3,4,6,9,10,11,12,13,16,17,19,20,21>3,6,9,10,11,17,18,19,20,22,16,21,4,13
3,4,6,9,10,11,12,13,16,17,19,20,21>8,9,10,12,17,18,19,20,22,16,21,4,13
1,2,4,8,9,12,13,16,17,22>9,17,22,2,8,12,13,16
1,2,4,8,9,12,13,16,17,22>23,4,10,22,2,8,12,13,16
1,2,4,8,9,12,13,16,17,22>9,10,14,22,2,8,12,13,16
1,2,4,8,9,12,13,16,17,22>23,4,9,22,2,8,12,13,16
2,8,11,15,16,22,23>22,8,16,23
2,8,11,15,16,22,23>11,15,8,16,23
2,8,11,15,16,22,23>2,11,8,16,23
2,8,11,15,16,22,23>2,12,15,8,16,23
1,2,3,5,7,9,10,11,13,14,15,16,20,22,23>3,4,5,6,7,8,11,13,21,2,10,14,15,16,20,23
1,2,3,5,7,9,10,11,13,14,15,16,20,22,23>4,5,6,8,9,11,22,2,10,14,15,16,20,23
1,2,3,5,7,9,10,11,13,14,15,16,20,22,23>3,4,6,9,11,22,2,10,14,15,16,20,23
1,2,3,5,7,9,10,11,13,14,15,16,20,22,23>1,3,4,8,9,13,21,2,10,14,15,16,20,23
1,2,4,9,12,13,14,15,16,17,18,19,22,23>9,13,17,22,2,12,14,15,16,18,19,23
1,2,4,9,12,13,14,15,16,17,18,19,22,23>1,4,9,17,2,12,14,15,16,18,19,23
1,2,4,9,12,13,14,15,16,17,18,19,22,23>1,4,17,22,2,12,14,15,16,18,19,23
1,2,4,9,12,13,14,15,16,17,18,19,22,23>8,22,2,12,14,15,16,18,19,23
2,3,7,8,9,10,11,13,14,16,17,18,19,21,23>2,4,9,10,12,13,16,18,22,23,8,19,11,14
2,3,7,8,9,10,11,13,14,16,17,18,19,21,23>4,7,9,16,20,21,23,8,19,11,14
2,3,7,8,9,10,11,13,14,16,17,18,19,21,23>2,4,7,9,10,12,16,17,22,8,19,11,14
2,3,7,8,9,10,11,13,14,16,17,18,19,21,23>2,3,4,7,10,12,17,18,23,8,19,11,14
1,3,6,8,10,12,13,14,15,18,20,21,23>4,6,12,15,17,18,8,21,14
1,3,6,8,10,12,13,14,15,18,20,21,23>1,4,6,13,16,18,8,21,14
1,3,6,8,10,12,13,14,15,18,20,21,23>2,7,10,12,15,16,18,20,22,8,21,14
1,3,6,8,10,12,13,14,15,18,20,21,23>2,3,4,13,16,18,19,22,8,21,14
1,2,4,9,10,11,13,14,17,19>4,15,16,19,20,2,11,13,14
1,2,4,9,10,11,13,14,17,19>1,9,10,15,16,18,2,11,13,14
1,2,4,9,10,11,13,14,17,19>4,15,16,17,2,11,13,14
1,2,4,9,10,11,13,14,17,19>1,4,9,10,16,17,18,2,11,13,14
1,4,6,8,11,18,19,20>6,7,11,13,16,17,19,20
1,4,6,8,11,18,19,20>1,2,6,8,11,16,17,18,21,19,20
1,4,6,8,11,18,19,20>1,4,8,11,17,18,19,20
1,4,6,8,11,18,19,20>1,4,8,13,17,19,20
2,3,5,8,10,11,13,15,16,17,22>2,4,5,6,15,22,8,16,11,13
2,3,5,8,10,11,13,15,16,17,22>2,4,5,12,8,16,11,13
2,3,5,8,10,11,13,15,16,17,22>3,4,6,12,15,8,16,11,13
2,3,5,8,10,11,13,15,16,17,22>2,3,4,10,12,14,17,23,8,16,11,13
1,4,5,7,8,14,15,16,19,20,21,22>1,2,4,13,15,19,8,16,20,21,22
1,4,5,7,8,14,15,16,19,20,21,22>1,2,5,7,19,8,16,20,21,22
1,4,5,7,8,14,15,16,19,20,21,22>4,5,7,13,15,23,8,16,20,21,22
1,4,5,7,8,14,15,16,19,20,21,22>1,2,4,13,14,19,23,8,16,20,21,22
2,6,9,11,13,14,16,19,20,23>6,8,11,21,23,20,14
2,6,9,11,13,14,16,19,20,23>7,8,16,19,21,20,14
2,6,9,11,13,14,16,19,20,23>2,7,11,21,23,20,14
2,6,9,11,13,14,16,19,20,23>6,7,11,19,21,20,14
4,7,10,11,14,15,16,18,21,23>19,22,10,18,16,11,15
4,7,10,11,14,15,16,18,21,23>4,10,18,21,22,16,11,15
4,7,10,11,14,15,16,18,21,23>4,8,10,14,19,23,16,11,15
4,7,10,11,14,15,16,18,21,23>4,8,14,19,21,22,23,16,11,15
3,5,6,7,9,10,14,15,17,18,19,20>3,9,10,16,7,15,17,18,19,20
3,5,6,7,9,10,14,15,17,18,19,20>3,4,14,16,21,7,15,17,18,19,20
3,5,6,7,9,10,14,15,17,18,19,20>21,4,5,10,7,15,17,18,19,20
3,5,6,7,9,10,14,15,17,18,19,20>4,5,9,16,21,7,15,17,18,19,20
3,8,10,11,12,14,18,19,20,21,22,23>18,20,12,8,19,21,22,23
3,8,10,11,12,14,18,19,20,21,22,23>10,11,14,8,19,21,22,23
3,8,10,11,12,14,18,19,20,21,22,23>3,4,10,11,20,8,19,21,22,23
3,8,10,11,12,14,18,19,20,21,22,23>3,4,10,11,12,17,18,8,19,21,22,23
2,3,4,5,6,7,8,9,11,12,13,14,16,18,19,20,22,23>2,5,6,9,22,4,7,8,14,16,19,23
2,3,4,5,6,7,8,9,11,12,13,14,16,18,19,20,22,23>2,3,22,12,4,7,8,14,16,19,23
2,3,4,5,6,7,8,9,11,12,13,14,16,18,19,20,22,23>2,3,6,12,20,4,7,8,14,16,19,23
2,3,4,5,6,7,8,9,11,12,13,14,16,18,19,20,22,23>3,6,11,12,13,18,22,4,7,8,14,16,19,23
4,5,8,9,13,14,16,17,19,20,22>4,5,13,19,21,8,16,20,14
4,5,8,9,13,14,16,17,19,20,22>4,13,17,19,8,16,20,14
4,5,8,9,13,14,16,17,19,20,22>4,5,23,21,8,16,20,14
4,5,8,9,13,14,16,17,19,20,22>4,9,13,17,21,22,23,8,16,20,14
4,6,13,14,16,18,21>22,13,15,16,14
4,6,13,14,16,18,21>4,8,12,15,18,21,22,16,14
4,6,13,14,16,18,21>6,8,12,15,21,22,16,14
4,6,13,14,16,18,21>4,6,8,18,22,16,14
1,3,4,5,7,9,11,13,14,19,20,21,22>7,9,11,15,19,4,13,14,20,21,22
1,3,4,5,7,9,11,13,14,19,20,21,22>2,5,7,11,15,16,17,19,23,4,13,14,20,21,22
1,3,4,5,7,9,11,13,14,19,20,21,22>2,3,7,11,15,16,17,23,4,13,14,20,21,22
1,3,4,5,7,9,11,13,14,19,20,21,22>1,2,3,7,9,23,4,13,14,20,21,22
1,3,4,5,7,8,10,11,12,18,20,21,22,23>6,7,11,12,16,17,18,19,4,8,21,22,23
1,3,4,5,7,8,10,11,12,18,20,21,22,23>2,6,12,16,17,18,19,4,8,21,22,23
1,3,4,5,7,8,10,11,12,18,20,21,22,23>7,12,17,18,20,4,8,21,22,23
1,3,4,5,7,8,10,11,12,18,20,21,22,23>1,2,3,5,6,7,10,11,12,17,19,20,4,8,21,22,23
1,2,4,10,14,15,16,19,20,21>22,4,19,2,15,16,20,21
1,2,4,10,14,15,16,19,20,21>4,10,13,19,2,15,16,20,21
1,2,4,10,14,15,16,19,20,21>22,8,10,13,2,15,16,20,21
1,2,4,10,14,15,16,19,20,21>22,1,8,19,2,15,16,20,21
2,3,5,6,7,9,11,14,17,20,21,22,23>5,9,10,11,14,15,6,7,17,20,21,22,23
2,3,5,6,7,9,11,14,17,20,21,22,23>2,15,10,11,6,7,17,20,21,22,23
2,3,5,6,7,9,11,14,17,20,21,22,23>3,9,10,11,14,15,6,7,17,20,21,22,23
2,3,5,6,7,9,11,14,17,20,21,22,23>2,4,5,10,18,6,7,17,20,21,22,23
1,2,3,6,8,10,13,14,15,16,17,19,21>1,19,10,11,2,8,13,14,16
1,2,3,6,8,10,13,14,15,16,17,19,21>3,19,21,2,8,13,14,16
1,2,3,6,8,10,13,14,15,16,17,19,21>1,3,10,12,17,19,22,2,8,13,14,16
1,2,3,6,8,10,13,14,15,16,17,19,21>4,6,15,17,20,2,8,13,14,16
5,6,7,8,10,14,16,17,22,23>22,10,16,17,8,23,6,7
5,6,7,8,10,14,16,17,22,23>22,5,10,17,8,23,6,7
5,6,7,8,10,14,16,17,22,23>10,11,12,14,16,22,8,23,6,7
5,6,7,8,10,14,16,17,22,23>10,12,14,16,17,8,23,6,7
1,2,4,8,10,12,16,18,19,21,23>23,11,21,22,2,8,12,16,19
1,2,4,8,10,12,16,18,19,21,23>1,4,11,21,22,2,8,12,16,19
1,2,4,8,10,12,16,18,19,21,23>4,10,2,8,12,16,19
1,2,4,8,10,12,16,18,19,21,23>1,4,11,18,22,23,2,8,12,16,19
1,4,7,10,11,12,13,14,15,17,18,20,21,22,23>1,7,8,10,11,13,16,20,14,15,17,18,21,22,23
1,4,7,10,11,12,13,14,15,17,18,20,21,22,23>4,12,13,16,19,20,14,15,17,18,21,22,23
1,4,7,10,11,12,13,14,15,17,18,20,21,22,23>1,2,4,7,8,10,16,14,15,17,18,21,22,23
1,4,7,10,11,12,13,14,15,17,18,20,21,22,23>1,19,7,10,14,15,17,18,21,22,23
4,6,8,11,12,13,15,16,18,20,22>4,12,14,19,20,21,23,8,16,13
4,6,8,11,12,13,15,16,18,20,22>4,6,7,12,19,21,22,23,8,16,13
4,6,8,11,12,13,15,16,18,20,22>6,7,12,15,19,23,8,16,13
4,6,8,11,12,13,15,16,18,20,22>4,6,7,12,15,20,23,8,16,13
5,6,7,8,9,10,11,12,14,16,17,18,19,21,22,23>5,14,16,21,7,8,11,12,19,22,23
5,6,7,8,9,10,11,12,14,16,17,18,19,21,22,23>18,6,10,17,7,8,11,12,19,22,23
5,6,7,8,9,10,11,12,14,16,17,18,19,21,22,23>18,21,9,14,7,8,11,12,19,22,23
5,6,7,8,9,10,11,12,14,16,17,18,19,21,22,23>5,14,16,17,18,7,8,11,12,19,22,23
1,2,8,12,13,15,16,20,21,22,23>1,20,2,8,16,21,22,23
1,2,8,12,13,15,16,20,21,22,23>1,12,2,8,16,21,22,23
1,2,8,12,13,15,16,20,21,22,23>13,14,15,2,8,16,21,22,23
1,2,8,12,13,15,16,20,21,22,23>12,13,14,20,2,8,16,21,22,23
2,3,6,8,11,12,17,18,19,20,22>2,6,13,18,20,21,22,23,8,17,19
2,3,6,8,11,12,17,18,19,20,22>4,6,7,18,22,8,17,19
2,3,6,8,11,12,17,18,19,20,22>3,4,7,11,12,13,18,20,21,22,23,8,17,19
2,3,6,8,11,12,17,18,19,20,22>2,3,4,7,12,13,20,21,22,8,17,19
1,4,5,7,8,10,11,13,14,15,18,20,22>5,6,10,11,15,19,20,13,14
1,4,5,7,8,10,11,13,14,15,18,20,22>1,5,6,10,15,16,17,19,22,20,13,14
1,4,5,7,8,10,11,13,14,15,18,20,22>1,2,5,6,10,11,21,20,13,14
1,4,5,7,8,10,11,13,14,15,18,20,22>2,4,5,7,8,15,17,18,23,20,13,14
1,9,10,11,12,14,15,17,18,19,20,22>9,10,14,21,22,17,18,19,15
1,9,10,11,12,14,15,17,18,19,20,22>2,10,12,20,22,17,18,19,15
1,9,10,11,12,14,15,17,18,19,20,22>2,8,9,14,20,17,18,19,15
1,9,10,11,12,14,15,17,18,19,20,22>2,11,12,13,14,20,21,23,17,18,19,15
1,3,4,5,6,7,9,10,11,14,16,17,19,21>6,8,9,13,14,18,19,16,11,4,7
1,3,4,5,6,7,9,10,11,14,16,17,19,21>2,6,12,13,14,17,18,19,20,21,16,11,4,7
1,3,4,5,6,7,9,10,11,14,16,17,19,21>1,2,5,8,9,10,14,17,16,11,4,7
1,3,4,5,6,7,9,10,11,14,16,17,19,21>3,5,8,10,12,13,18,19,20,21,16,11,4,7
4,7,8,10,12,13,16,20,23>21,12,13,14,8,16
4,7,8,10,12,13,16,20,23>4,12,13,21,23,8,16
4,7,8,10,12,13,16,20,23>7,20,8,16
4,7,8,10,12,13,16,20,23>10,12,14,20,21,8,16
2,5,8,16,17,18,20,23>21,5,18,8,20
2,5,8,16,17,18,20,23>2,5,17,19,8,20
2,5,8,16,17,18,20,23>6,17,8,20
2,5,8,16,17,18,20,23>2,6,18,19,23,8,20
1,6,9,10,11,12,14,18,22>9,13,15,18,19,22,10,11,12
1,6,9,10,11,12,14,18,22>1,2,8,9,10,11,12
1,6,9,10,11,12,14,18,22>1,6,8,14,22,10,11,12
1,6,9,10,11,12,14,18,22>1,2,6,14,19,23,10,11,12
1,2,3,4,6,7,8,10,11,12,14,15,16,19,23>1,10,14,15,2,4,7,8,11,12,16
1,2,3,4,6,7,8,10,11,12,14,15,16,19,23>3,10,14,15,19,23,2,4,7,8,11,12,16
1,2,3,4,6,7,8,10,11,12,14,15,16,19,23>1,3,10,14,23,2,4,7,8,11,12,16
1,2,3,4,6,7,8,10,11,12,14,15,16,19,23>6,10,14,15,19,2,4,7,8,11,12,16
1,5,6,8,10,11,13,14,17,18,20,21>1,22,10,11,6,13,14,17,20,21
1,5,6,8,10,11,13,14,17,18,20,21>1,2,8,10,18,19,22,6,13,14,17,20,21
1,5,6,8,10,11,13,14,17,18,20,21>5,10,18,19,22,6,13,14,17,20,21
1,5,6,8,10,11,13,14,17,18,20,21>1,5,7,8,11,18,22,6,13,14,17,20,21
1,2,5,7,9,10,12,14,15,21,22>1,23,8,11,2,10,12,15,22
1,2,5,7,9,10,12,14,15,21,22>1,5,9,13,14,2,10,12,15,22
1,2,5,7,9,10,12,14,15,21,22>1,6,7,9,16,21,2,10,12,15,22
1,2,5,7,9,10,12,14,15,21,22>5,6,7,8,11,16,21,2,10,12,15,22
2,7,8,10,12,15,17,18,19,22,23>2,7,11,15,17,8,19,12,23
2,7,8,10,12,15,17,18,19,22,23>2,10,11,15,16,18,8,19,12,23
2,7,8,10,12,15,17,18,19,22,23>7,10,17,8,19,12,23
2,7,8,10,12,15,17,18,19,22,23>2,7,10,11,16,18,22,8,19,12,23
3,5,6,12,14,17,18,20,23>15,19,12,17,18,6
3,5,6,12,14,17,18,20,23>5,8,14,20,23,17,18,6
3,5,6,12,14,17,18,20,23>4,5,12,14,20,21,23,17,18,6
3,5,6,12,14,17,18,20,23>3,4,5,7,8,14,15,19,17,18,6
1,2,3,6,8,9,14,15,16,21,22,23>14,15,21,7,2,8,16,22,23
1,2,3,6,8,9,14,15,16,21,22,23>1,6,12,14,15,2,8,16,22,23
1,2,3,6,8,9,14,15,16,21,22,23>14,15,6,7,2,8,16,22,23
1,2,3,6,8,9,14,15,16,21,22,23>14,3,4,10,2,8,16,22,23
1,3,4,5,6,8,9,10,13,16,17,23>5,23,9,11,4,6,8,10,16
1,3,4,5,6,8,9,10,13,16,17,23>1,2,7,13,14,23,4,6,8,10,16
1,3,4,5,6,8,9,10,13,16,17,23>3,7,9,12,13,17,4,6,8,10,16
1,3,4,5,6,8,9,10,13,16,17,23>1,3,5,7,11,12,23,4,6,8,10,16
1,2,3,4,6,7,8,9,11,13,14,15,16,19,21,22,23>19,12,13,2,4,7,8,14,16,22,23
1,2,3,4,6,7,8,9,11,13,14,15,16,19,21,22,23>6,9,13,15,19,2,4,7,8,14,16,22,23
1,2,3,4,6,7,8,9,11,13,14,15,16,19,21,22,23>19,20,6,11,2,4,7,8,14,16,22,23
1,2,3,4,6,7,8,9,11,13,14,15,16,19,21,22,23>19,3,6,2,4,7,8,14,16,22,23
1,2,3,7,8,9,10,11,12,13,14,15,16,17,19,20,22,23>9,10,11,12,15,17,19,20,21,22,2,8,14,16,23
1,2,3,7,8,9,10,11,12,13,14,15,16,17,19,20,22,23>3,7,13,15,19,20,22,2,8,14,16,23
1,2,3,7,8,9,10,11,12,13,14,15,16,17,19,20,22,23>4,7,9,10,12,13,19,20,22,2,8,14,16,23
1,2,3,7,8,9,10,11,12,13,14,15,16,17,19,20,22,23>4,7,11,15,17,20,2,8,14,16,23
1,2,3,6,7,10,15,16>1,4,6,11,12,13,15,16,2,7
1,2,3,6,7,10,15,16>4,8,10,12,13,16,2,7
1,2,3,6,7,10,15,16>1,4,6,8,16,2,7
1,2,3,6,7,10,15,16>3,4,6,8,11,16,2,7
4,5,9,10,13,16,18,20,21,22>18,23,13,14,10,16,20,21,22
4,5,9,10,13,16,18,20,21,22>4,8,9,13,14,23,10,16,20,21,22
4,5,9,10,13,16,18,20,21,22>18,5,23,14,10,16,20,21,22
4,5,9,10,13,16,18,20,21,22>4,6,14,19,23,10,16,20,21,22
1,2,3,4,6,9,10,12,13,14,15,18,23>7,8,9,13,19,2,4,10,12,14,15
1,2,3,4,6,9,10,12,13,14,15,18,23>16,19,7,8,2,4,10,12,14,15
1,2,3,4,6,9,10,12,13,14,15,18,23>13,16,3,2,4,10,12,14,15
1,2,3,4,6,9,10,12,13,14,15,18,23>3,6,9,11,18,19,2,4,10,12,14,15
3,4,5,6,7,9,11,14,17,18,19,23>3,11,15,17,20,18,19,4,7
3,4,5,6,7,9,11,14,17,18,19,23>5,6,9,11,14,15,20,18,19,4,7
3,4,5,6,7,9,11,14,17,18,19,23>5,6,15,16,17,20,23,18,19,4,7
3,4,5,6,7,9,11,14,17,18,19,23>5,6,11,17,20,23,18,19,4,7
2,3,4,5,8,9,10,12,14,15,18,20,21,22,23>9,12,15,16,18,4,8,10,21,22,23
2,3,4,5,8,9,10,12,14,15,18,20,21,22,23>3,6,9,14,15,18,20,4,8,10,21,22,23
2,3,4,5,8,9,10,12,14,15,18,20,21,22,23>2,5,12,14,18,20,4,8,10,21,22,23
2,3,4,5,8,9,10,12,14,15,18,20,21,22,23>17,3,5,19,4,8,10,21,22,23
1,3,6,8,9,10,11,12,13,14,15,17,18,20,21,22>1,2,4,6,9,12,19,20,23,8,10,13,14,17,21,22
1,3,6,8,9,10,11,12,13,14,15,17,18,20,21,22>19,3,18,6,8,10,13,14,17,21,22
1,3,6,8,9,10,11,12,13,14,15,17,18,20,21,22>1,2,4,6,9,11,16,19,20,8,10,13,14,17,21,22
1,3,6,8,9,10,11,12,13,14,15,17,18,20,21,22>2,3,15,16,18,19,20,23,8,10,13,14,17,21,22
2,6,8,9,10,11,12,13,14,19,20,21>2,9,11,12,17,22,8,21,13,14
2,6,8,9,10,11,12,13,14,19,20,21>6,11,17,19,22,8,21,13,14
2,6,8,9,10,11,12,13,14,19,20,21>7,9,10,17,19,8,21,13,14
2,6,8,9,10,11,12,13,14,19,20,21>2,6,7,9,10,20,8,21,13,14
1,4,5,6,7,13,16,18,19,22,23>6,8,12,14,18,16,19,23,7
1,4,5,6,7,13,16,18,19,22,23>1,4,5,8,12,13,22,16,19,23,7
1,4,5,6,7,13,16,18,19,22,23>1,2,4,5,8,12,14,22,16,19,23,7
1,4,5,6,7,13,16,18,19,22,23>1,2,4,8,13,14,20,22,16,19,23,7
3,4,5,14,16,18,21>5,12,14,15,21,22,16,4
3,4,5,14,16,18,21>21,6,16,4
3,4,5,14,16,18,21>3,6,8,12,14,15,19,22,16,4
3,4,5,14,16,18,21>18,5,6,12,16,4
2,6,9,12,14,18,19,21,22,23>8,14,15,19,12,22,23
2,6,9,12,14,18,19,21,22,23>8,9,14,19,12,22,23
2,6,9,12,14,18,19,21,22,23>21,7,9,19,12,22,23
2,6,9,12,14,18,19,21,22,23>2,6,7,8,21,19,12,22,23
3,5,7,10,11,14,16,17,18,19,20,22,23>8,10,11,15,17,22,18,19,20,23
3,5,7,10,11,14,16,17,18,19,20,22,23>3,7,8,14,15,16,18,19,20,23
3,5,7,10,11,14,16,17,18,19,20,22,23>3,4,10,11,14,15,17,18,19,20,23
3,5,7,10,11,14,16,17,18,19,20,22,23>3,4,5,7,8,16,17,18,19,20,23
2,4,9,10,18,20,22>13,16,18,19,21,23,10,20
2,4,9,10,18,20,22>2,4,13,16,19,10,20
2,4,9,10,18,20,22>2,9,13,16,17,19,22,23,10,20
2,4,9,10,18,20,22>4,9,17,19,21,22,10,20
2,3,5,6,8,12,14,15,16>2,5,7,13,15,8,16,12,6
2,3,5,6,8,12,14,15,16>2,3,5,14,8,16,12,6
2,3,5,6,8,12,14,15,16>4,5,7,8,16,12,6
2,3,5,6,8,12,14,15,16>15,2,4,8,16,12,6
2,3,4,6,7,8,10,12,14,17,19,23>10,11,14,17,23,8,4,12,7
2,3,4,6,7,8,10,12,14,17,19,23>2,3,11,14,23,8,4,12,7
2,3,4,6,7,8,10,12,14,17,19,23>17,3,10,11,8,4,12,7
2,3,4,6,7,8,10,12,14,17,19,23>17,2,3,23,8,4,12,7
1,2,6,11,13,14,16,18,21,23>6,12,18,21,22,2,14
1,2,6,11,13,14,16,18,21,23>1,6,12,13,16,18,22,23,2,14
1,2,6,11,13,14,16,18,21,23>7,8,11,13,15,23,2,14
1,2,6,11,13,14,16,18,21,23>1,6,11,12,13,18,22,23,2,14
1,2,5,6,8,14,17,18,19,20,21,23>8,14,18,2,17,19,20,21
1,2,5,6,8,14,17,18,19,20,21,23>1,5,7,22,23,2,17,19,20,21
1,2,5,6,8,14,17,18,19,20,21,23>6,8,2,17,19,20,21
1,2,5,6,8,14,17,18,19,20,21,23>22,18,2,17,19,20,21
2,5,9,11,12,13,14,20,22>2,8,10,12,15,22,13,14
2,5,9,11,12,13,14,20,22>2,6,9,10,11,12,15,22,23,13,14
2,5,9,11,12,13,14,20,22>2,6,9,10,11,15,17,13,14
2,5,9,11,12,13,14,20,22>2,10,17,20,21,22,13,14
2,3,4,6,9,13,15,16,17,18>2,7,8,9,12,15,17,16,18,4,13
2,3,4,6,9,13,15,16,17,18>2,6,9,14,15,17,16,18,4,13
2,3,4,6,9,13,15,16,17,18>2,6,7,8,12,17,16,18,4,13
2,3,4,6,9,13,15,16,17,18>2,3,6,7,8,14,19,16,18,4,13
4,8,9,13,14,17,18,21,22,23>4,9,13,17,18,19,21,23,14,22
4,8,9,13,14,17,18,21,22,23>4,8,23,14,22
4,8,9,13,14,17,18,21,22,23>8,9,10,13,17,18,23,14,22
4,8,9,13,14,17,18,21,22,23>8,9,13,16,17,23,14,22
1,2,3,5,13,14,15,17,19,20,22,23>19,1,16,21,2,14,15,17,20,23
1,2,3,5,13,14,15,17,19,20,22,23>1,4,18,19,21,2,14,15,17,20,23
1,2,3,5,13,14,15,17,19,20,22,23>3,4,5,13,16,19,21,22,2,14,15,17,20,23
1,2,3,5,13,14,15,17,19,20,22,23>1,3,4,16,19,22,2,14,15,17,20,23
1,2,3,4,5,7,9,14,18,21,22,23>19,6,7,9,2,4,22,23
1,2,3,4,5,7,9,14,18,21,22,23>14,1,19,9,2,4,22,23
1,2,3,4,5,7,9,14,18,21,22,23>6,10,15,16,19,2,4,22,23
1,2,3,4,5,7,9,14,18,21,22,23>3,5,14,18,19,21,2,4,22,23
1,2,3,5,6,9,10,18,19,20,22,23>1,3,7,17,18,2,19,20,23
1,2,3,5,6,9,10,18,19,20,22,23>4,6,7,9,10,21,22,2,19,20,23
1,2,3,5,6,9,10,18,19,20,22,23>3,4,7,9,10,22,2,19,20,23
1,2,3,5,6,9,10,18,19,20,22,23>3,4,6,7,10,17,18,22,2,19,20,23
2,6,10,12,16,17,18,21,22,23>2,10,11,16,18,12,22,23
2,6,10,12,16,17,18,21,22,23>19,6,21,11,18,12,22,23
2,6,10,12,16,17,18,21,22,23>2,6,8,10,19,18,12,22,23
2,6,10,12,16,17,18,21,22,23>17,21,7,18,12,22,23
4,5,8,9,10,14,15,17,20,23>4,5,8,9,15,17,10,20
4,5,8,9,10,14,15,17,20,23>4,5,9,14,16,21,17,10,20
4,5,8,9,10,14,15,17,20,23>21,6,9,15,17,10,20
4,5,8,9,10,14,15,17,20,23>5,6,15,17,10,20
2,3,5,6,8,10,11,13,15,16,20,23>11,13,14,21,23,8,16,20,6
2,3,5,6,8,10,11,13,15,16,20,23>3,10,13,14,15,23,8,16,20,6
2,3,5,6,8,10,11,13,15,16,20,23>4,5,7,10,11,13,8,16,20,6
2,3,5,6,8,10,11,13,15,16,20,23>3,4,11,15,23,8,16,20,6
1,3,4,6,7,10,11,12,13,15,16,17,19,22>2,6,8,15,22,23,4,7,11,12,13,16
1,3,4,6,7,10,11,12,13,15,16,17,19,22>2,8,17,18,19,22,23,4,7,11,12,13,16
1,3,4,6,7,10,11,12,13,15,16,17,19,22>1,3,8,10,14,17,4,7,11,12,13,16
1,3,4,6,7,10,11,12,13,15,16,17,19,22>2,6,8,15,17,18,23,4,7,11,12,13,16
3,5,6,14,15,17,18,19,20,21,22>23,4,6,14,15,17,18,19,20,21,22
3,5,6,14,15,17,18,19,20,21,22>3,4,6,7,14,16,15,17,18,19,20,21,22
3,5,6,14,15,17,18,19,20,21,22>4,5,7,14,23,15,17,18,19,20,21,22
3,5,6,14,15,17,18,19,20,21,22>3,4,5,16,23,15,17,18,19,20,21,22
3,4,5,6,7,9,10,14,15,16,18,19>5,10,12,14,20,4,7,15,16,19
3,4,5,6,7,9,10,14,15,16,18,19>12,6,20,11,4,7,15,16,19
3,4,5,6,7,9,10,14,15,16,18,19>3,5,6,8,11,18,20,4,7,15,16,19
3,4,5,6,7,9,10,14,15,16,18,19>3,5,6,14,18,4,7,15,16,19
1,2,3,4,6,8,9,10,17,18,20>16,18,21,9,2,4,10,17,20
1,2,3,4,6,8,9,10,17,18,20>3,7,8,9,19,2,4,10,17,20
1,2,3,4,6,8,9,10,17,18,20>1,3,6,8,13,16,19,2,4,10,17,20
1,2,3,4,6,8,9,10,17,18,20>1,3,6,7,8,13,19,21,2,4,10,17,20
1,3,4,5,7,8,9,10,13,15,16,18,21,22,23>13,5,21,9,4,8,10,16,22,23
1,3,4,5,7,8,9,10,13,15,16,18,21,22,23>2,6,7,9,11,13,14,15,18,19,21,4,8,10,16,22,23
1,3,4,5,7,8,9,10,13,15,16,18,21,22,23>1,2,6,7,9,11,13,15,4,8,10,16,22,23
1,3,4,5,7,8,9,10,13,15,16,18,21,22,23>2,3,6,7,9,12,18,19,21,4,8,10,16,22,23
1,2,8,9,10,12,13,15,18,22,23>1,13,14,15,16,19,22,2,8,10,12,23
1,2,8,9,10,12,13,15,18,22,23>18,9,14,15,2,8,10,12,23
1,2,8,9,10,12,13,15,18,22,23>1,9,13,14,15,19,22,2,8,10,12,23
1,2,8,9,10,12,13,15,18,22,23>1,11,13,15,18,19,22,2,8,10,12,23
1,2,3,4,6,10,11,12,13,20,21,23>7,8,10,11,13,16,20,22,23,2,4,21
1,2,3,4,6,10,11,12,13,20,21,23>1,8,12,17,20,22,2,4,21
1,2,3,4,6,10,11,12,13,20,21,23>3,7,8,10,12,14,17,20,2,4,21
1,2,3,4,6,10,11,12,13,20,21,23>6,12,14,16,22,23,2,4,21
1,2,4,5,7,10,13,14,17,21>1,4,5,10,15,17,18,21,2,13,14
1,2,4,5,7,10,13,14,17,21>4,6,7,11,15,17,2,13,14
1,2,4,5,7,10,13,14,17,21>1,5,7,16,21,2,13,14
1,2,4,5,7,10,13,14,17,21>1,4,5,7,18,22,2,13,14
2,4,6,8,9,10,14,15,20>15,21,8,13,10,20
2,4,6,8,9,10,14,15,20>4,6,7,13,15,17,10,20
2,4,6,8,9,10,14,15,20>2,4,16,21,10,20
2,4,6,8,9,10,14,15,20>4,6,7,8,9,16,10,20
2,4,8,10,13,16,17,20,21,23>4,10,14,17,8,16,20,21
2,4,8,10,13,16,17,20,21,23>2,10,13,17,8,16,20,21
2,4,8,10,13,16,17,20,21,23>4,10,13,14,23,8,16,20,21
2,4,8,10,13,16,17,20,21,23>23,13,14,17,8,16,20,21
1,3,6,8,9,11,14,20,23>1,2,4,10,11,17,20
1,3,6,8,9,11,14,20,23>2,7,9,14,17,23,20
1,3,6,8,9,11,14,20,23>1,2,6,7,9,10,23,20
1,3,6,8,9,11,14,20,23>3,4,7,9,10,11,14,23,20
3,9,10,11,12,13,18,19,21,22>3,4,10,14,11,12,13,19,22
3,9,10,11,12,13,18,19,21,22>8,10,11,12,13,19,22
3,9,10,11,12,13,18,19,21,22>23,8,11,12,13,19,22
3,9,10,11,12,13,18,19,21,22>4,8,9,18,21,11,12,13,19,22
4,5,6,7,8,9,10,12,20,21>4,5,13,16,17,22,6,7,8,10,21
4,5,6,7,8,9,10,12,20,21>22,9,17,6,7,8,10,21
4,5,6,7,8,9,10,12,20,21>5,9,12,13,16,22,6,7,8,10,21
4,5,6,7,8,9,10,12,20,21>4,5,9,13,16,17,6,7,8,10,21
2,4,5,6,8,9,11,14,16,18,20,23>19,7,23,10,8,16,20,6
2,4,5,6,8,9,11,14,16,18,20,23>4,5,7,9,10,18,19,8,16,20,6
2,4,5,6,8,9,11,14,16,18,20,23>2,4,10,11,19,21,8,16,20,6
2,4,5,6,8,9,11,14,16,18,20,23>4,5,9,10,11,18,23,8,16,20,6
2,4,6,8,9,13,14,15,16,20,22>2,7,10,22,8,13,14,16,20
2,4,6,8,9,13,14,15,16,20,22>4,7,9,22,23,8,13,14,16,20
2,4,6,8,9,13,14,15,16,20,22>2,4,9,10,21,23,8,13,14,16,20
2,4,6,8,9,13,14,15,16,20,22>4,6,7,9,10,8,13,14,16,20
4,5,6,8,10,11,13,14,15,16,19,20>19,21,11,8,13,14,16,20
4,5,6,8,10,11,13,14,15,16,19,20>4,7,10,11,15,21,8,13,14,16,20
4,5,6,8,10,11,13,14,15,16,19,20>21,6,7,8,13,14,16,20
4,5,6,8,10,11,13,14,15,16,19,20>4,6,11,15,21,8,13,14,16,20
2,5,6,7,9,10,11,14,15,18,22>2,5,13,14,22,23,6,7,10,11,15
2,5,6,7,9,10,11,14,15,18,22>2,9,14,16,22,6,7,10,11,15
2,5,6,7,9,10,11,14,15,18,22>5,9,14,16,18,19,22,6,7,10,11,15
2,5,6,7,9,10,11,14,15,18,22>2,5,9,6,7,10,11,15
2,4,8,9,11,12,13,14,16,17,20,21,23>2,9,13,17,20,23,8,16,21,14
2,4,8,9,11,12,13,14,16,17,20,21,23>2,4,10,12,17,20,22,8,16,21,14
2,4,8,9,11,12,13,14,16,17,20,21,23>2,9,10,11,13,8,16,21,14
2,4,8,9,11,12,13,14,16,17,20,21,23>2,4,9,13,17,22,8,16,21,14
2,7,8,14,15,17,18,19>17,18,14,19
2,7,8,14,15,17,18,19>17,2,13,15,19
2,7,8,14,15,17,18,19>7,8,15,16,20,19
2,7,8,14,15,17,18,19>17,2,7,8,19
1,8,9,14,17,19,20,21,23>2,9,14,22,17,20,21
1,8,9,14,17,19,20,21,23>2,9,19,17,20,21
1,8,9,14,17,19,20,21,23>23,2,8,17,20,21
1,8,9,14,17,19,20,21,23>1,2,8,9,14,17,20,21
1,2,3,4,6,9,13,15,17,19,20,21,23>13,16,18,19,22,23,2,4,17,20,21
1,2,3,4,6,9,13,15,17,19,20,21,23>1,7,13,14,15,18,19,22,2,4,17,20,21
1,2,3,4,6,9,13,15,17,19,20,21,23>1,3,7,13,22,23,2,4,17,20,21
1,2,3,4,6,9,13,15,17,19,20,21,23>15,6,13,2,4,17,20,21
1,2,4,6,7,8,9,12,13,14,16,21,22>1,9,10,23,2,7,8,12,13,14,16,22
1,2,4,6,7,8,9,12,13,14,16,21,22>4,21,2,7,8,12,13,14,16,22
1,2,4,6,7,8,9,12,13,14,16,21,22>1,4,10,23,2,7,8,12,13,14,16,22
1,2,4,6,7,8,9,12,13,14,16,21,22>1,6,10,21,2,7,8,12,13,14,16,22
1,3,7,10,11,12,13,16,18,20>1,10,14,16,19,20,21,13
1,3,7,10,11,12,13,16,18,20>1,2,4,8,10,11,14,16,21,13
1,3,7,10,11,12,13,16,18,20>3,8,14,16,21,13
1,3,7,10,11,12,13,16,18,20>1,2,3,12,18,13
3,5,7,15,17,19,21,23>3,7,15,16,18,20,22,23
3,5,7,15,17,19,21,23>3,7,15,16,18,21,22
3,5,7,15,17,19,21,23>3,4,7,15,16,18,19,22
3,5,7,15,17,19,21,23>3,4,7,15,16,17,18,19
2,4,6,8,10,12,13,14,16,19,22>23,4,7,19,8,12,13,14,16
2,4,6,8,10,12,13,14,16,19,22>6,10,11,19,8,12,13,14,16
2,4,6,8,10,12,13,14,16,19,22>2,6,7,22,23,8,12,13,14,16
2,4,6,8,10,12,13,14,16,19,22>23,4,11,19,8,12,13,14,16
1,2,3,6,10,13,14,15,17,18,19,20,21,22,23>16,7,10,2,14,15,17,18,19,20,21,22,23
1,2,3,6,10,13,14,15,17,18,19,20,21,22,23>1,6,10,2,14,15,17,18,19,20,21,22,23
1,2,3,6,10,13,14,15,17,18,19,20,21,22,23>16,3,6,13,2,14,15,17,18,19,20,21,22,23
1,2,3,6,10,13,14,15,17,18,19,20,21,22,23>4,6,13,2,14,15,17,18,19,20,21,22,23
2,3,4,5,6,12,14,16,18,19,20,21,22>3,5,6,7,8,14,18,4,16,19,21,22
2,3,4,5,6,12,14,16,18,19,20,21,22>2,5,6,8,12,13,15,23,4,16,19,21,22
2,3,4,5,6,12,14,16,18,19,20,21,22>2,5,8,12,13,14,15,20,23,4,16,19,21,22
2,3,4,5,6,12,14,16,18,19,20,21,22>3,5,8,12,13,14,18,20,4,16,19,21,22
2,4,5,7,9,11,13,15,17,18,19,20,21,22,23>2,4,9,11,13,17,18,19,20,21,22,23
2,4,5,7,9,11,13,15,17,18,19,20,21,22,23>2,4,7,14,15,16,17,18,19,20,21,22,23
2,4,5,7,9,11,13,15,17,18,19,20,21,22,23>2,4,7,13,14,15,17,18,19,20,21,22,23
2,4,5,7,9,11,13,15,17,18,19,20,21,22,23>15,5,7,13,17,18,19,20,21,22,23
1,2,3,4,5,6,8,12,13,16,17,18,20,21,23>7,12,14,19,20,22,2,4,6,8,16,21
1,2,3,4,5,6,8,12,13,16,17,18,20,21,23>3,5,7,14,17,19,20,2,4,6,8,16,21
1,2,3,4,5,6,8,12,13,16,17,18,20,21,23>7,12,17,22,23,2,4,6,8,16,21
1,2,3,4,5,6,8,12,13,16,17,18,20,21,23>3,5,13,14,18,19,20,2,4,6,8,16,21
3,4,7,8,9,10,11,13,15,16,17,18,20,22>3,11,19,21,22,4,8,10,13,16,20
3,4,7,8,9,10,11,13,15,16,17,18,20,22>9,14,15,17,18,19,23,4,8,10,13,16,20
3,4,7,8,9,10,11,13,15,16,17,18,20,22>3,9,14,15,17,19,21,4,8,10,13,16,20
3,4,7,8,9,10,11,13,15,16,17,18,20,22>3,7,9,11,14,15,17,18,21,22,4,8,10,13,16,20
2,4,6,7,11,12,13,14,16,18,22,23>18,19,8,13,7,12,14,16,23
2,4,6,7,11,12,13,14,16,18,22,23>2,11,18,19,22,7,12,14,16,23
2,4,6,7,11,12,13,14,16,18,22,23>19,4,22,11,7,12,14,16,23
2,4,6,7,11,12,13,14,16,18,22,23>6,11,13,15,18,22,7,12,14,16,23
2,3,5,7,11,16,18,19,21,22>5,7,12,13,16,20,21,19,22
2,3,5,7,11,16,18,19,21,22>2,5,7,8,11,13,20,19,22
2,3,5,7,11,16,18,19,21,22>2,3,7,8,16,21,19,22
2,3,5,7,11,16,18,19,21,22>3,4,7,12,13,20,21,19,22
1,2,3,4,5,6,9,13,14,15,16,17,18,20,21,23>1,3,5,7,13,2,4,6,14,15,16,18,20,21
1,2,3,4,5,6,9,13,14,15,16,17,18,20,21,23>8,9,10,13,19,23,2,4,6,14,15,16,18,20,21
1,2,3,4,5,6,9,13,14,15,16,17,18,20,21,23>1,3,17,19,22,23,2,4,6,14,15,16,18,20,21
1,2,3,4,5,6,9,13,14,15,16,17,18,20,21,23>1,3,5,8,10,17,2,4,6,14,15,16,18,20,21
1,3,5,8,13,17,18,20,21,22,23>2,18,4,8,17,20,21,22,23
1,3,5,8,13,17,18,20,21,22,23>2,4,6,8,13,17,20,21,22,23
1,3,5,8,13,17,18,20,21,22,23>1,3,4,8,13,14,19,17,20,21,22,23
1,3,5,8,13,17,18,20,21,22,23>1,2,3,14,18,19,17,20,21,22,23
1,3,4,5,10,11,12,13,17>14,16,17,10,13,11,4,12
1,3,4,5,10,11,12,13,17>1,5,6,8,14,13,11,4,12
1,3,4,5,10,11,12,13,17>2,3,6,8,10,14,17,13,11,4,12
1,3,4,5,10,11,12,13,17>1,2,3,5,6,10,16,18,13,11,4,12
6,9,10,11,16,17,18,19>6,10,17,13,19,18,11
6,9,10,11,16,17,18,19>17,7,9,19,18,11
6,9,10,11,16,17,18,19>7,20,9,13,19,18,11
6,9,10,11,16,17,18,19>16,7,8,19,18,11
1,2,3,6,7,8,9,14,16,17,18,21>3,10,16,17,19,8,2,7
1,2,3,6,7,8,9,14,16,17,18,21>1,3,6,12,16,18,21,8,2,7
1,2,3,6,7,8,9,14,16,17,18,21>4,6,9,10,13,14,17,18,19,22,8,2,7
1,2,3,6,7,8,9,14,16,17,18,21>3,4,9,10,16,22,8,2,7
2,7,11,13,15,18,20,21,22>14,17,18,19,23,21,20,13,22
2,7,11,13,15,18,20,21,22>7,14,16,18,19,21,20,13,22
2,7,11,13,15,18,20,21,22>19,15,17,21,20,13,22
2,7,11,13,15,18,20,21,22>18,15,17,21,20,13,22
1,2,3,5,7,9,10,11,12,14,15,18,20,21,22,23>3,6,8,9,12,14,16,18,2,10,15,21,22,23
1,2,3,5,7,9,10,11,12,14,15,18,20,21,22,23>3,5,6,7,8,9,17,19,2,10,15,21,22,23
1,2,3,5,7,9,10,11,12,14,15,18,20,21,22,23>4,8,9,11,14,16,17,19,20,2,10,15,21,22,23
1,2,3,5,7,9,10,11,12,14,15,18,20,21,22,23>20,3,16,8,2,10,15,21,22,23
10,11,14,17,18,21>19,21,18,11
10,11,14,17,18,21>22,10,15,17,18,11
10,11,14,17,18,21>13,14,15,21,22,18,11
10,11,14,17,18,21>13,14,15,17,21,18,11
1,3,4,5,6,7,9,12,17,19,20,21>5,6,8,9,13,18,17,4,21,7
1,3,4,5,6,7,9,12,17,19,20,21>5,8,9,12,13,16,22,17,4,21,7
1,3,4,5,6,7,9,12,17,19,20,21>3,5,8,9,16,18,22,17,4,21,7
1,3,4,5,6,7,9,12,17,19,20,21>13,16,5,19,17,4,21,7
1,2,3,4,6,7,8,10,12,13,14,15,16,19,22>1,15,2,4,7,8,12,13,14,16
1,2,3,4,6,7,8,10,12,13,14,15,16,19,22>3,10,11,15,23,2,4,7,8,12,13,14,16
1,2,3,4,6,7,8,10,12,13,14,15,16,19,22>1,10,19,22,23,2,4,7,8,12,13,14,16
1,2,3,4,6,7,8,10,12,13,14,15,16,19,22>3,6,11,15,22,2,4,7,8,12,13,14,16
8,10,12,14,16,17,20>12,17,20,8
8,10,12,14,16,17,20>21,13,16,20,8
8,10,12,14,16,17,20>13,14,16,17,21,8
8,10,12,14,16,17,20>10,12,13,8
2,3,4,7,8,10,11,12,14,15,17>7,14,15,8,11,4,12
2,3,4,7,8,10,11,12,14,15,17>2,10,17,15,8,11,4,12
2,3,4,7,8,10,11,12,14,15,17>7,10,13,14,17,8,11,4,12
2,3,4,7,8,10,11,12,14,15,17>16,10,14,8,11,4,12
5,6,7,9,11,16,18,19,20,22,23>22,9,11,18,19,20,23,7
5,6,7,9,11,16,18,19,20,22,23>5,6,11,18,21,19,20,23,7
5,6,7,9,11,16,18,19,20,22,23>8,9,16,21,22,19,20,23,7
5,6,7,9,11,16,18,19,20,22,23>22,8,18,19,20,23,7
3,6,8,9,10,13,17,20,21>4,8,13,17,10,20,21
3,6,8,9,10,13,17,20,21>3,4,7,9,13,22,17,10,20,21
3,6,8,9,10,13,17,20,21>3,6,7,8,9,13,14,17,10,20,21
3,6,8,9,10,13,17,20,21>4,6,9,13,17,10,20,21
5,6,7,10,12,15,16,17,18,21,23>5,8,15,17,19,22,23,6,7,12,16,18
5,6,7,10,12,15,16,17,18,21,23>22,10,15,6,7,12,16,18
5,6,7,10,12,15,16,17,18,21,23>5,8,11,21,22,6,7,12,16,18
5,6,7,10,12,15,16,17,18,21,23>21,8,10,6,7,12,16,18
2,3,4,5,7,8,9,10,12,13,15,16,20,21,22,23>2,5,7,12,13,15,4,8,10,16,21,22,23
2,3,4,5,7,8,9,10,12,13,15,16,20,21,22,23>2,5,9,12,14,15,20,4,8,10,16,21,22,23
2,3,4,5,7,8,9,10,12,13,15,16,20,21,22,23>5,6,7,9,13,14,15,4,8,10,16,21,22,23
2,3,4,5,7,8,9,10,12,13,15,16,20,21,22,23>2,5,6,9,12,13,14,4,8,10,16,21,22,23
2,3,5,7,8,9,10,11,12,14,15,17,19,20>7,9,11,13,15,19,21,8,17
2,3,5,7,8,9,10,11,12,14,15,17,19,20>4,5,7,10,11,12,13,14,19,8,17
2,3,5,7,8,9,10,11,12,14,15,17,19,20>2,4,7,9,10,12,19,21,8,17
2,3,5,7,8,9,10,11,12,14,15,17,19,20>3,4,5,11,15,16,19,20,21,8,17
1,2,3,4,6,7,9,10,13,15,18,19,20,21,22>16,1,15,2,4,7,13,19,20,21,22
1,2,3,4,6,7,9,10,13,15,18,19,20,21,22>1,9,10,14,15,23,2,4,7,13,19,20,21,22
1,2,3,4,6,7,9,10,13,15,18,19,20,21,22>1,6,9,10,14,17,2,4,7,13,19,20,21,22
1,2,3,4,6,7,9,10,13,15,18,19,20,21,22>1,3,6,10,17,2,4,7,13,19,20,21,22
1,3,11,12,13,14,17,18,21,23>4,11,21,22,23,18,12,14
1,3,11,12,13,14,17,18,21,23>1,2,3,13,15,19,18,12,14
1,3,11,12,13,14,17,18,21,23>1,2,13,15,17,21,22,18,12,14
1,3,11,12,13,14,17,18,21,23>1,2,3,4,8,11,17,18,12,14
1,5,7,8,9,11,12,13,16,18,19,21,22>1,7,9,11,14,21,23,8,12,13,19,22
1,5,7,8,9,11,12,13,16,18,19,21,22>2,7,11,8,12,13,19,22
1,5,7,8,9,11,12,13,16,18,19,21,22>1,5,7,16,21,23,8,12,13,19,22
1,5,7,8,9,11,12,13,16,18,19,21,22>2,5,9,11,23,8,12,13,19,22
3,7,8,11,12,15,20,21,22>3,4,13,16,17,8,21,22
3,7,8,11,12,15,20,21,22>17,20,7,13,8,21,22
3,7,8,11,12,15,20,21,22>4,7,11,15,16,8,21,22
3,7,8,11,12,15,20,21,22>4,7,13,16,17,23,8,21,22
4,6,12,14,15,17,22,23>4,8,22,17,12,23,15
4,6,12,14,15,17,22,23>6,8,14,17,18,12,23,15
4,6,12,14,15,17,22,23>7,8,14,12,23,15
4,6,12,14,15,17,22,23>22,6,7,14,12,23,15
3,4,6,7,8,10,11,13,15,16,17,18,21,22>3,14,17,18,19,21,23,4,7,8,11,13,16,22
3,4,6,7,8,10,11,13,15,16,17,18,21,22>10,12,14,15,17,18,19,21,23,4,7,8,11,13,16,22
3,4,6,7,8,10,11,13,15,16,17,18,21,22>3,10,12,14,15,17,19,4,7,8,11,13,16,22
3,4,6,7,8,10,11,13,15,16,17,18,21,22>3,12,15,17,19,21,23,4,7,8,11,13,16,22
2,3,4,6,7,8,10,12,13,14,16,17,18,19,20,21,22,23>18,20,6,13,4,7,8,14,16,19,21,22,23
2,3,4,6,7,8,10,12,13,14,16,17,18,19,20,21,22,23>3,10,12,13,18,4,7,8,14,16,19,21,22,23
2,3,4,6,7,8,10,12,13,14,16,17,18,19,20,21,22,23>2,3,17,4,7,8,14,16,19,21,22,23
2,3,4,6,7,8,10,12,13,14,16,17,18,19,20,21,22,23>20,6,13,17,4,7,8,14,16,19,21,22,23
5,6,15,17,18,22>15,19,22,18,6
5,6,15,17,18,22>23,5,22,18,6
5,6,15,17,18,22>23,15,16,22,18,6
5,6,15,17,18,22>5,7,15,17,23,18,6
3,5,6,7,8,11,12,13,14,18,21,22,23>21,11,18,19,6,7,8,12,14,22,23
3,5,6,7,8,11,12,13,14,18,21,22,23>3,4,13,19,21,6,7,8,12,14,22,23
3,5,6,7,8,11,12,13,14,18,21,22,23>5,13,18,19,21,6,7,8,12,14,22,23
3,5,6,7,8,11,12,13,14,18,21,22,23>4,5,11,19,21,6,7,8,12,14,22,23
2,3,4,7,12,14,15,16,21,22,23>8,14,21,4,12,15,16,22,23
2,3,4,7,12,14,15,16,21,22,23>3,14,4,12,15,16,22,23
2,3,4,7,12,14,15,16,21,22,23>2,7,8,21,4,12,15,16,22,23
2,3,4,7,12,14,15,16,21,22,23>2,7,8,14,4,12,15,16,22,23
3,9,10,11,15,16,17,19,21,22,23>3,8,10,12,15,17,20,21,16,11,22,23
3,9,10,11,15,16,17,19,21,22,23>4,9,10,19,21,16,11,22,23
3,9,10,11,15,16,17,19,21,22,23>3,8,9,10,17,18,19,20,21,16,11,22,23
3,9,10,11,15,16,17,19,21,22,23>4,8,10,12,17,18,19,21,16,11,22,23
2,3,7,10,14,15,17,18,20,21,23>2,7,19,22,23,15,17,18,20,21
2,3,7,10,14,15,17,18,20,21,23>22,3,23,16,15,17,18,20,21
2,3,7,10,14,15,17,18,20,21,23>19,22,4,14,15,17,18,20,21
2,3,7,10,14,15,17,18,20,21,23>4,7,10,19,22,15,17,18,20,21
4,6,8,9,10,11,18,21,22>19,8,13,10,11,22
4,6,8,9,10,11,18,21,22>21,23,9,13,10,11,22
4,6,8,9,10,11,18,21,22>4,6,8,21,23,10,11,22
4,6,8,9,10,11,18,21,22>4,6,7,16,19,23,10,11,22
1,3,4,5,6,8,9,10,14,16,17,18,20,23>1,7,14,18,21,23,4,6,8,10,16,20
1,3,4,5,6,8,9,10,14,16,17,18,20,23>1,2,7,9,23,4,6,8,10,16,20
1,3,4,5,6,8,9,10,14,16,17,18,20,23>1,3,5,7,9,14,18,21,4,6,8,10,16,20
1,3,4,5,6,8,9,10,14,16,17,18,20,23>1,2,3,9,14,18,4,6,8,10,16,20
2,3,5,8,9,10,11,12,14,15,18,20,21,23>3,5,6,11,12,14,15,16,17,20,23,8,10,21
2,3,5,8,9,10,11,12,14,15,18,20,21,23>2,4,11,16,17,20,22,8,10,21
2,3,5,8,9,10,11,12,14,15,18,20,21,23>2,4,6,15,17,20,8,10,21
2,3,5,8,9,10,11,12,14,15,18,20,21,23>3,5,9,11,15,16,18,19,8,10,21
3,6,7,8,10,13,14,15,17,19,21,22>10,15,20,21,23,22,13,14,7
3,6,7,8,10,13,14,15,17,19,21,22>6,8,15,16,19,21,23,22,13,14,7
3,6,7,8,10,13,14,15,17,19,21,22>3,6,8,15,16,22,13,14,7
3,6,7,8,10,13,14,15,17,19,21,22>4,6,8,10,11,19,22,13,14,7
1,3,4,5,7,8,9,11,12,13,14,21,22>1,3,5,6,7,23,4,8,12,13,14,22
1,3,4,5,7,8,9,11,12,13,14,21,22>3,10,16,21,23,4,8,12,13,14,22
1,3,4,5,7,8,9,11,12,13,14,21,22>1,3,6,11,21,23,4,8,12,13,14,22
1,3,4,5,7,8,9,11,12,13,14,21,22>1,3,10,16,23,4,8,12,13,14,22
1,3,4,10,13,14,15,16,17,18,23>1,19,8,11,4,14,15,16,18
1,3,4,10,13,14,15,16,17,18,23>1,2,8,11,17,4,14,15,16,18
1,3,4,10,13,14,15,16,17,18,23>2,3,10,11,12,23,4,14,15,16,18
1,3,4,10,13,14,15,16,17,18,23>2,3,11,12,13,17,4,14,15,16,18
2,4,6,9,11,12,17,18,19,20,23>2,8,9,12,16,23,17,18,19
2,4,6,9,11,12,17,18,19,20,23>2,4,9,12,16,20,23,17,18,19
2,4,6,9,11,12,17,18,19,20,23>4,6,7,8,11,12,16,23,17,18,19
2,4,6,9,11,12,17,18,19,20,23>4,6,7,8,12,21,23,17,18,19
3,5,6,12,13,14,17,19,20>4,7,8,12,18,19,20,21,17,13,14
3,5,6,12,13,14,17,19,20>5,6,7,15,20,17,13,14
3,5,6,12,13,14,17,19,20>4,5,7,18,20,21,17,13,14
3,5,6,12,13,14,17,19,20>15,4,20,7,17,13,14
2,3,4,5,6,11,13,17,18,20,22>21,7,11,4,6,13,17,18,20
2,3,4,5,6,11,13,17,18,20,22>3,11,16,22,23,4,6,13,17,18,20
2,3,4,5,6,11,13,17,18,20,22>5,14,16,21,23,4,6,13,17,18,20
2,3,4,5,6,11,13,17,18,20,22>19,23,7,4,6,13,17,18,20
3,5,7,8,9,11,12,13,16,17,19,20>16,19,7,20,8,13
3,5,7,8,9,11,12,13,16,17,19,20>3,7,9,11,14,16,17,19,8,13
3,5,7,8,9,11,12,13,16,17,19,20>4,7,9,11,14,19,20,8,13
3,5,7,8,9,11,12,13,16,17,19,20>3,4,5,7,12,14,17,20,8,13
4,8,9,12,13,15,16,17,18,19,22>23,4,22,8,12,13,16,19
4,8,9,12,13,15,16,17,18,19,22>9,15,18,22,23,8,12,13,16,19
4,8,9,12,13,15,16,17,18,19,22>9,15,17,8,12,13,16,19
4,8,9,12,13,15,16,17,18,19,22>9,14,17,8,12,13,16,19
4,6,10,12,15,16,19,20,22,23>8,10,12,15,19,21,16,23
4,6,10,12,15,16,19,20,22,23>4,22,8,20,16,23
4,6,10,12,15,16,19,20,22,23>7,10,19,20,21,22,16,23
4,6,10,12,15,16,19,20,22,23>6,7,12,15,19,21,16,23
1,3,4,8,9,10,13,16,19,20,22>1,9,10,21,23,8,16,4,20
1,3,4,8,9,10,13,16,19,20,22>1,2,9,14,22,23,8,16,4,20
1,3,4,8,9,10,13,16,19,20,22>1,2,9,13,21,8,16,4,20
1,3,4,8,9,10,13,16,19,20,22>2,3,13,14,19,22,8,16,4,20
3,5,7,11,13,14,17,18,19,20,22,23>3,5,7,13,15,14,17,18,19,20,23
3,5,7,11,13,14,17,18,19,20,22,23>3,4,11,13,21,22,14,17,18,19,20,23
3,5,7,11,13,14,17,18,19,20,22,23>5,11,13,15,22,14,17,18,19,20,23
3,5,7,11,13,14,17,18,19,20,22,23>3,5,7,11,21,22,14,17,18,19,20,23
2,8,10,11,13,14,15,17,18,19,20,21,22>23,10,15,18,13,14,17,19,20,21,22
2,8,10,11,13,14,15,17,18,19,20,21,22>2,15,16,18,23,13,14,17,19,20,21,22
2,8,10,11,13,14,15,17,18,19,20,21,22>23,2,8,18,13,14,17,19,20,21,22
2,8,10,11,13,14,15,17,18,19,20,21,22>23,10,11,13,14,17,19,20,21,22
1,2,4,9,10,13,16,22>22,4,11,14,16,2,10,13
1,2,4,9,10,13,16,22>22,8,12,14,16,2,10,13
1,2,4,9,10,13,16,22>1,8,11,12,22,16,2,10,13
1,2,4,9,10,13,16,22>23,4,8,11,16,2,10,13
3,4,5,9,12,14,16,17,18,19,20,23>3,21,20,16,18,19,4
3,4,5,9,12,14,16,17,18,19,20,23>3,5,9,14,15,17,21,23,16,18,19,4
3,4,5,9,12,14,16,17,18,19,20,23>3,5,8,9,12,14,15,20,16,18,19,4
3,4,5,9,12,14,16,17,18,19,20,23>3,5,8,12,14,17,21,23,16,18,19,4
5,6,7,8,9,10,11,12,15,16,21,23>15,21,23,6,7,8,10,11,12,16
5,6,7,8,9,10,11,12,15,16,21,23>5,15,22,6,7,8,10,11,12,16
5,6,7,8,9,10,11,12,15,16,21,23>9,15,22,23,6,7,8,10,11,12,16
5,6,7,8,9,10,11,12,15,16,21,23>9,15,21,22,6,7,8,10,11,12,16
4,5,9,16,18,19,20,21>5,22,16,19,20,21
4,5,9,16,18,19,20,21>4,5,9,16,19,20,21
4,5,9,16,18,19,20,21>4,8,18,22,16,19,20,21
4,5,9,16,18,19,20,21>5,8,16,19,20,21
5,6,8,11,12,13,14,17,18,21,22>23,18,21,6,8,12,13,14,22
5,6,8,11,12,13,14,17,18,21,22>7,11,17,19,23,6,8,12,13,14,22
5,6,8,11,12,13,14,17,18,21,22>5,11,17,19,21,23,6,8,12,13,14,22
5,6,8,11,12,13,14,17,18,21,22>7,11,17,19,21,6,8,12,13,14,22
2,3,4,5,7,8,10,12,13,15,16,17,18,21,23>6,7,11,15,17,21,22,23,8,16,4,12
2,3,4,5,7,8,10,12,13,15,16,17,18,21,23>3,6,10,11,13,15,17,18,21,8,16,4,12
2,3,4,5,7,8,10,12,13,15,16,17,18,21,23>5,6,7,11,17,18,19,21,8,16,4,12
2,3,4,5,7,8,10,12,13,15,16,17,18,21,23>2,5,6,7,10,11,14,15,21,8,16,4,12
1,2,3,5,6,7,8,11,12,14,16,18,19,23>1,6,14,18,23,2,7,8,12,19
1,2,3,5,6,7,8,11,12,14,16,18,19,23>1,3,5,14,18,23,2,7,8,12,19
1,2,3,5,6,7,8,11,12,14,16,18,19,23>3,4,5,6,16,18,2,7,8,12,19
1,2,3,5,6,7,8,11,12,14,16,18,19,23>1,3,4,5,11,18,23,2,7,8,12,19
1,2,4,8,12,13,14,16,18,21,23>4,19,21,22,2,8,12,14,16
1,2,4,8,12,13,14,16,18,21,23>4,13,21,22,2,8,12,14,16
1,2,4,8,12,13,14,16,18,21,23>1,13,18,2,8,12,14,16
1,2,4,8,12,13,14,16,18,21,23>4,13,18,19,22,2,8,12,14,16
1,7,8,9,11,12,13,14,15,16,17,18,20,22,23>9,12,13,15,18,20,8,16,14,23
1,7,8,9,11,12,13,14,15,16,17,18,20,22,23>1,13,15,17,18,20,22,8,16,14,23
1,7,8,9,11,12,13,14,15,16,17,18,20,22,23>1,2,9,12,18,19,8,16,14,23
1,7,8,9,11,12,13,14,15,16,17,18,20,22,23>1,2,12,13,21,8,16,14,23
1,3,5,10,12,13,18,21,22>1,4,8,11,23,12,13,22
1,3,5,10,12,13,18,21,22>2,4,6,8,11,14,19,21,23,12,13,22
1,3,5,10,12,13,18,21,22>2,5,8,10,14,18,19,23,12,13,22
1,3,5,10,12,13,18,21,22>1,2,3,6,8,10,11,14,18,12,13,22
2,3,4,5,6,7,9,10,11,12,13,16,18,19,21,22,23>8,10,4,7,11,12,16,19,22,23
2,3,4,5,6,7,9,10,11,12,13,16,18,19,21,22,23>2,3,18,10,4,7,11,12,16,19,22,23
2,3,4,5,6,7,9,10,11,12,13,16,18,19,21,22,23>2,3,6,8,9,14,18,21,4,7,11,12,16,19,22,23
2,3,4,5,6,7,9,10,11,12,13,16,18,19,21,22,23>2,5,8,9,14,4,7,11,12,16,19,22,23
2,3,4,5,6,7,11,13,15,16,18,19,22>2,3,5,11,12,14,18,20,22,4,7,13,16,19
2,3,4,5,6,7,11,13,15,16,18,19,22>2,18,22,23,4,7,13,16,19
2,3,4,5,6,7,11,13,15,16,18,19,22>2,3,6,8,12,14,18,23,4,7,13,16,19
2,3,4,5,6,7,11,13,15,16,18,19,22>2,3,5,8,11,12,15,18,23,4,7,13,16,19
2,4,5,7,8,9,12,14,15,17,19,21,22,23>2,19,7,17,8,12,22,23
2,4,5,7,8,9,12,14,15,17,19,21,22,23>5,9,14,17,19,21,8,12,22,23
2,4,5,7,8,9,12,14,15,17,19,21,22,23>2,5,16,17,21,8,12,22,23
2,4,5,7,8,9,12,14,15,17,19,21,22,23>2,7,14,17,21,8,12,22,23
2,3,5,7,8,9,10,11,15,16,19,20,21>3,4,5,7,9,10,11,15,19,8,16,20,21
2,3,5,7,8,9,10,11,15,16,19,20,21>3,7,11,13,22,8,16,20,21
2,3,5,7,8,9,10,11,15,16,19,20,21>2,4,7,9,10,8,16,20,21
2,3,5,7,8,9,10,11,15,16,19,20,21>3,4,11,13,15,22,8,16,20,21
1,6,7,8,9,10,12,14,18,21,22,23>1,2,9,14,7,8,10,12,22,23
1,6,7,8,9,10,12,14,18,21,22,23>1,2,9,11,21,7,8,10,12,22,23
1,6,7,8,9,10,12,14,18,21,22,23>2,6,18,19,21,7,8,10,12,22,23
1,6,7,8,9,10,12,14,18,21,22,23>2,6,11,19,21,7,8,10,12,22,23
1,3,6,9,11,14,20,22>1,4,9,11,15,17,21,22,20
1,3,6,9,11,14,20,22>2,4,6,13,14,15,17,22,20
1,3,6,9,11,14,20,22>3,4,6,10,22,23,20
1,3,6,9,11,14,20,22>2,3,6,7,9,11,13,15,22,20
1,2,6,7,8,11,13,15,17,19,23>13,15,16,17,19,20,2,7
1,2,6,7,8,11,13,15,17,19,23>1,6,11,14,15,16,17,20,23,2,7
1,2,6,7,8,11,13,15,17,19,23>1,8,13,15,16,19,20,2,7
1,2,6,7,8,11,13,15,17,19,23>1,6,8,16,19,20,23,2,7
1,2,6,7,9,19,22>19,20,2,7
1,2,6,7,9,19,22>1,13,2,7
1,2,6,7,9,19,22>1,6,19,22,2,7
1,2,6,7,9,19,22>23,1,6,2,7
9,13,16,18,19,21,22,23>20,21,9,16,19,22,23
9,13,16,18,19,21,22,23>20,12,13,18,19,22,23
9,13,16,18,19,21,22,23>9,12,14,16,18,19,22,23
9,13,16,18,19,21,22,23>20,9,13,19,22,23
2,4,5,6,7,8,12,13,14,15,16,18,22>19,6,7,8,12,13,14,16
2,4,5,6,7,8,12,13,14,15,16,18,22>2,4,15,18,23,6,7,8,12,13,14,16
2,4,5,6,7,8,12,13,14,15,16,18,22>5,15,18,22,6,7,8,12,13,14,16
2,4,5,6,7,8,12,13,14,15,16,18,22>2,4,5,15,22,23,6,7,8,12,13,14,16
2,3,5,9,10,12,13,16,17,19,21>8,10,16,17,18,21,12,13
2,3,5,9,10,12,13,16,17,19,21>3,5,11,16,17,12,13
2,3,5,9,10,12,13,16,17,19,21>4,5,8,10,11,14,16,17,18,22,12,13
2,3,5,9,10,12,13,16,17,19,21>3,4,10,14,19,21,22,12,13
1,2,3,5,7,8,9,11,12,13,14,15>11,15,16,5,2,8,12,13,14
1,2,3,5,7,8,9,11,12,13,14,15>1,5,6,11,2,8,12,13,14
1,2,3,5,7,8,9,11,12,13,14,15>1,3,16,7,2,8,12,13,14
1,2,3,5,7,8,9,11,12,13,14,15>1,4,7,10,11,15,16,2,8,12,13,14
1,2,3,10,12,13,15,17,18,22>3,11,14,17,19,2,18,12,13
1,2,3,10,12,13,15,17,18,22>1,3,8,10,11,15,16,2,18,12,13
1,2,3,10,12,13,15,17,18,22>4,11,14,19,22,2,18,12,13
1,2,3,10,12,13,15,17,18,22>1,4,14,15,16,2,18,12,13
2,3,6,7,9,12,15,16,18,20,21,22>6,8,9,12,20,16,21,22,7
2,3,6,7,9,12,15,16,18,20,21,22>2,3,6,8,9,13,15,18,19,23,16,21,22,7
2,3,6,7,9,12,15,16,18,20,21,22>2,3,6,8,10,15,20,23,16,21,22,7
2,3,6,7,9,12,15,16,18,20,21,22>2,3,4,10,12,15,23,16,21,22,7
1,3,4,7,10,11,12,13,14,16,17,19>18,7,8,4,11,12,13,14,16
1,3,4,7,10,11,12,13,14,16,17,19>18,2,19,15,4,11,12,13,14,16
1,3,4,7,10,11,12,13,14,16,17,19>3,8,10,17,19,4,11,12,13,14,16
1,3,4,7,10,11,12,13,14,16,17,19>2,3,7,8,19,4,11,12,13,14,16
2,3,5,6,7,9,10,11,12,15,18,19,20,22,23>2,3,5,6,8,12,17,21,19,23,7
2,3,5,6,7,9,10,11,12,15,18,19,20,22,23>4,8,9,12,18,21,22,19,23,7
2,3,5,6,7,9,10,11,12,15,18,19,20,22,23>2,4,5,6,8,11,12,16,18,20,21,22,19,23,7
2,3,5,6,7,9,10,11,12,15,18,19,20,22,23>2,3,4,11,12,17,21,22,19,23,7
1,2,4,6,12,13,14,15,19,21>22,7,8,2,12,13,14,15
1,2,4,6,12,13,14,15,19,21>4,19,2,12,13,14,15
1,2,4,6,12,13,14,15,19,21>21,22,6,16,2,12,13,14,15
1,2,4,6,12,13,14,15,19,21>1,6,16,19,22,2,12,13,14,15
4,6,8,10,14,16,17,19,20,21,22,23>6,14,8,16,20,21,22,23
4,6,8,10,14,16,17,19,20,21,22,23>4,6,10,17,8,16,20,21,22,23
4,6,8,10,14,16,17,19,20,21,22,23>7,10,14,8,16,20,21,22,23
4,6,8,10,14,16,17,19,20,21,22,23>4,7,14,19,8,16,20,21,22,23
3,4,5,6,9,11,14,15,20,21,23>17,10,4,6,15,20,21
3,4,5,6,9,11,14,15,20,21,23>5,23,11,14,4,6,15,20,21
3,4,5,6,9,11,14,15,20,21,23>3,5,11,16,22,4,6,15,20,21
3,4,5,6,9,11,14,15,20,21,23>3,7,9,14,16,23,4,6,15,20,21
3,7,9,10,12,13,16,17,18,19,20,23>7,8,9,10,14,16,17,18,19
3,7,9,10,12,13,16,17,18,19,20,23>7,8,10,13,17,21,18,19
3,7,9,10,12,13,16,17,18,19,20,23>4,7,10,14,21,23,18,19
3,7,9,10,12,13,16,17,18,19,20,23>4,7,9,10,12,13,16,17,20,21,23,18,19
2,3,4,6,9,11,12,14,17,18,19,20,21,22,23>14,3,15,8,4,17,18,19,21,22,23
2,3,4,6,9,11,12,14,17,18,19,20,21,22,23>2,3,7,11,14,15,16,4,17,18,19,21,22,23
2,3,4,6,9,11,12,14,17,18,19,20,21,22,23>2,6,7,8,9,15,20,4,17,18,19,21,22,23
2,3,4,6,9,11,12,14,17,18,19,20,21,22,23>3,6,8,12,15,16,4,17,18,19,21,22,23
7,10,12,16,18,20,21>7,12,13,20,21
7,10,12,16,18,20,21>8,13,16,18,19,20,21
7,10,12,16,18,20,21>8,10,12,13,18,19,20,22,21
7,10,12,16,18,20,21>8,10,13,16,18,19,21
1,2,4,6,8,12,15,16,21,22>1,13,15,21,2,8,12,16,22
1,2,4,6,8,12,15,16,21,22>4,21,2,8,12,16,22
1,2,4,6,8,12,15,16,21,22>1,6,7,15,2,8,12,16,22
1,2,4,6,8,12,15,16,21,22>1,4,6,7,2,8,12,16,22
1,2,3,6,7,8,10,11,12,16,18,22>23,3,22,2,7,8,11,12
1,2,3,6,7,8,10,11,12,16,18,22>1,3,6,10,16,18,22,2,7,8,11,12
1,2,3,6,7,8,10,11,12,16,18,22>1,22,4,2,7,8,11,12
1,2,3,6,7,8,10,11,12,16,18,22>3,4,6,10,13,16,18,19,2,7,8,11,12
1,2,3,5,6,8,13,15,16,17,19,20,21,23>5,6,13,15,17,23,2,8,16,20,21
1,2,3,5,6,8,13,15,16,17,19,20,21,23>1,7,17,22,23,2,8,16,20,21
1,2,3,5,6,8,13,15,16,17,19,20,21,23>1,3,6,13,14,15,17,2,8,16,20,21
1,2,3,5,6,8,13,15,16,17,19,20,21,23>5,7,13,14,15,17,19,22,23,2,8,16,20,21
1,3,4,6,9,10,12,15,16,19,21,22>1,6,7,8,9,11,23,16,4,12,22
1,3,4,6,9,10,12,15,16,19,21,22>1,2,6,19,21,16,4,12,22
1,3,4,6,9,10,12,15,16,19,21,22>1,2,8,10,11,15,21,16,4,12,22
1,3,4,6,9,10,12,15,16,19,21,22>2,3,7,15,23,16,4,12,22
2,3,4,6,10,12,14,15,17,20,23>2,3,6,7,8,14,18,23,17,4,15
2,3,4,6,10,12,14,15,17,20,23>2,7,8,12,14,20,21,17,4,15
2,3,4,6,10,12,14,15,17,20,23>3,6,8,14,16,18,17,4,15
2,3,4,6,10,12,14,15,17,20,23>2,3,6,8,10,14,20,23,17,4,15
1,2,3,5,7,9,17,18,20,21,23>23,3,4,7,2,17,18,20,21
1,2,3,5,7,9,17,18,20,21,23>22,9,2,17,18,20,21
1,2,3,5,7,9,17,18,20,21,23>3,4,5,9,10,2,17,18,20,21
1,2,3,5,7,9,17,18,20,21,23>3,4,7,10,19,22,2,17,18,20,21
3,4,8,9,10,11,13,15,16,18,19>20,9,12,18,4,8,11,13,16,19
3,4,8,9,10,11,13,15,16,18,19>3,10,14,15,18,4,8,11,13,16,19
3,4,8,9,10,11,13,15,16,18,19>9,14,15,18,4,8,11,13,16,19
3,4,8,9,10,11,13,15,16,18,19>20,3,9,10,4,8,11,13,16,19
5,6,8,9,11,12,13,18,20,21,22>20,10,23,14,6,8,13,21,22
5,6,8,9,11,12,13,18,20,21,22>5,20,10,12,6,8,13,21,22
5,6,8,9,11,12,13,18,20,21,22>9,12,17,18,19,6,8,13,21,22
5,6,8,9,11,12,13,18,20,21,22>5,9,11,12,17,19,20,23,6,8,13,21,22
1,2,3,5,6,7,9,11,15,16,17,18,19,20,22,23>6,9,15,17,21,22,2,7,16,18,19,20,23
1,2,3,5,6,7,9,11,15,16,17,18,19,20,22,23>1,3,5,8,9,21,22,2,7,16,18,19,20,23
1,2,3,5,6,7,9,11,15,16,17,18,19,20,22,23>1,3,6,8,9,11,15,2,7,16,18,19,20,23
1,2,3,5,6,7,9,11,15,16,17,18,19,20,22,23>3,4,5,9,11,17,2,7,16,18,19,20,23
4,5,9,10,11,16,18,21,22>18,19,6,8,16,10,11,22
4,5,9,10,11,16,18,21,22>4,6,9,13,19,23,16,10,11,22
4,5,9,10,11,16,18,21,22>5,6,13,18,19,21,23,16,10,11,22
4,5,9,10,11,16,18,21,22>23,5,6,9,16,10,11,22
3,4,7,8,10,14,15,18,21,22>3,15,16,21,23,4,22
3,4,7,8,10,14,15,18,21,22>8,10,11,14,15,16,18,21,4,22
3,4,7,8,10,14,15,18,21,22>7,8,11,13,15,18,19,23,4,22
3,4,7,8,10,14,15,18,21,22>3,7,8,16,18,23,4,22
1,3,7,8,9,10,13,16,18,20,21,22,23>4,7,9,14,18,8,10,20,21,22,23
1,3,7,8,9,10,13,16,18,20,21,22,23>1,3,4,7,9,13,14,8,10,20,21,22,23
1,3,7,8,9,10,13,16,18,20,21,22,23>16,2,18,13,8,10,20,21,22,23
1,3,7,8,9,10,13,16,18,20,21,22,23>1,3,4,7,14,19,8,10,20,21,22,23
4,7,12,13,14,18,20,21,22>7,20,12,15,21,13,14,22
4,7,12,13,14,18,20,21,22>7,8,15,17,18,19,21,13,14,22
4,7,12,13,14,18,20,21,22>4,8,15,16,17,20,21,13,14,22
4,7,12,13,14,18,20,21,22>7,8,12,16,17,19,23,21,13,14,22
1,2,6,8,9,10,12,13,14,15,16,17,18,20>19,6,20,2,8,10,13,14,16
1,2,6,8,9,10,12,13,14,15,16,17,18,20>1,6,7,9,15,20,2,8,10,13,14,16
1,2,6,8,9,10,12,13,14,15,16,17,18,20>6,7,12,15,18,2,8,10,13,14,16
1,2,6,8,9,10,12,13,14,15,16,17,18,20>1,6,7,9,20,21,2,8,10,13,14,16
2,3,8,11,13,16,17,19,20,22>22,23,11,16,8,20,13
2,3,8,11,13,16,17,19,20,22>19,2,16,17,8,20,13
2,3,8,11,13,16,17,19,20,22>19,3,22,17,8,20,13
2,3,8,11,13,16,17,19,20,22>2,3,4,14,16,17,21,22,23,8,20,13
1,4,10,11,14,15,17,18,19,21,22,23>20,21,10,11,15,18,19,22,23
1,4,10,11,14,15,17,18,19,21,22,23>20,16,17,11,15,18,19,22,23
1,4,10,11,14,15,17,18,19,21,22,23>20,21,4,16,11,15,18,19,22,23
1,4,10,11,14,15,17,18,19,21,22,23>2,4,17,11,15,18,19,22,23
1,3,4,6,7,9,15,16,18,20,21>1,9,13,18,19,4,7,16,20,21
1,3,4,6,7,9,15,16,18,20,21>1,3,22,4,7,16,20,21
1,3,4,6,7,9,15,16,18,20,21>3,6,8,10,13,15,18,19,22,4,7,16,20,21
1,3,4,6,7,9,15,16,18,20,21>1,3,8,10,18,4,7,16,20,21
5,7,8,9,12,14,16,19,22>5,13,14,16,19,22,8,12
5,7,8,9,12,14,16,19,22>22,7,13,8,12
5,7,8,9,12,14,16,19,22>7,9,14,16,19,23,8,12
5,7,8,9,12,14,16,19,22>5,7,9,13,16,8,12
1,2,3,4,7,8,12,14,16,17,18,19,21>22,13,14,2,4,8,12,16,19
1,2,3,4,7,8,12,14,16,17,18,19,21>1,14,17,18,21,2,4,8,12,16,19
1,2,3,4,7,8,12,14,16,17,18,19,21>3,7,13,17,18,21,22,2,4,8,12,16,19
1,2,3,4,7,8,12,14,16,17,18,19,21>1,3,7,14,18,22,2,4,8,12,16,19
1,3,4,5,6,7,8,16,17>5,12,17,4,6,7,8,16
1,3,4,5,6,7,8,16,17>1,5,17,4,6,7,8,16
1,3,4,5,6,7,8,16,17>1,3,4,6,7,8,16
1,3,4,5,6,7,8,16,17>2,3,5,4,6,7,8,16
1,2,3,5,6,9,10,11,15,16,18,19,21,23>6,7,9,20,21,16,19,2,11
1,2,3,5,6,9,10,11,15,16,18,19,21,23>1,8,9,10,12,18,21,23,16,19,2,11
1,2,3,5,6,9,10,11,15,16,18,19,21,23>3,5,9,10,12,15,21,22,23,16,19,2,11
1,2,3,5,6,9,10,11,15,16,18,19,21,23>3,4,5,6,9,12,18,16,19,2,11
1,3,4,6,8,10,11,13,15,18,19,20,21>7,10,15,18,22,4,13,19,20,21
1,3,4,6,8,10,11,13,15,18,19,20,21>1,2,6,7,8,14,15,18,22,4,13,19,20,21
1,3,4,6,8,10,11,13,15,18,19,20,21>3,6,7,8,10,11,15,16,17,4,13,19,20,21
1,3,4,6,8,10,11,13,15,18,19,20,21>1,2,3,8,10,11,14,18,4,13,19,20,21
1,4,8,11,12,13,16,17,18,20>1,2,4,11,12,14,17,18,8,16,13
1,4,8,11,12,13,16,17,18,20>1,21,11,17,8,16,13
1,4,8,11,12,13,16,17,18,20>1,2,11,19,20,8,16,13
1,4,8,11,12,13,16,17,18,20>1,2,4,12,14,17,19,20,21,8,16,13
1,2,6,7,8,10,12,15,17,18,19,21,22,23>21,15,17,2,7,8,12,19,22,23
1,2,6,7,8,10,12,15,17,18,19,21,22,23>1,6,16,17,21,2,7,8,12,19,22,23
1,2,6,7,8,10,12,15,17,18,19,21,22,23>1,6,16,18,21,2,7,8,12,19,22,23
1,2,6,7,8,10,12,15,17,18,19,21,22,23>1,6,10,16,2,7,8,12,19,22,23
1,4,6,8,10,11,12,13,14,15,17,18,20,21,23>1,6,7,12,13,18,20,8,17,21,14
1,4,6,8,10,11,12,13,14,15,17,18,20,21,23>2,11,13,22,23,8,17,21,14
1,4,6,8,10,11,12,13,14,15,17,18,20,21,23>4,6,7,11,13,15,18,19,23,8,17,21,14
1,4,6,8,10,11,12,13,14,15,17,18,20,21,23>1,10,11,12,13,15,19,20,22,8,17,21,14
1,2,3,5,6,7,9,10,12,16,18,19,20,21,23>1,5,8,9,10,18,22,2,19,21,7
1,2,3,5,6,7,9,10,12,16,18,19,20,21,23>4,9,12,16,18,22,23,2,19,21,7
1,2,3,5,6,7,9,10,12,16,18,19,20,21,23>1,4,5,6,10,16,18,20,22,2,19,21,7
1,2,3,5,6,7,9,10,12,16,18,19,20,21,23>1,3,4,5,8,16,18,2,19,21,7
7,9,11,13,14,17,18,19,20>7,15,21,13,14,17,18,19,20
7,9,11,13,14,17,18,19,20>7,9,15,13,14,17,18,19,20
7,9,11,13,14,17,18,19,20>9,11,15,13,14,17,18,19,20
7,9,11,13,14,17,18,19,20>7,9,11,21,13,14,17,18,19,20
1,4,5,6,9,10,11,12,14,15,18,21,22>2,4,7,8,14,16,19,21,6,10,11,12,15,22
1,4,5,6,9,10,11,12,14,15,18,21,22>2,8,13,16,18,19,21,6,10,11,12,15,22
1,4,5,6,9,10,11,12,14,15,18,21,22>2,4,5,8,13,16,19,21,6,10,11,12,15,22
1,4,5,6,9,10,11,12,14,15,18,21,22>1,2,4,5,13,16,21,23,6,10,11,12,15,22
1,4,5,7,9,11,13,14,15,19,20,22,23>16,2,21,11,20,23,14,15
1,4,5,7,9,11,13,14,15,19,20,22,23>1,4,7,16,21,22,20,23,14,15
1,4,5,7,9,11,13,14,15,19,20,22,23>2,4,5,7,9,11,13,20,23,14,15
1,4,5,7,9,11,13,14,15,19,20,22,23>1,2,4,5,7,13,16,17,22,20,23,14,15
2,3,5,7,9,11,12,15,17,18,19,20,21,22,23>3,4,5,8,16,17,18,19,21,22,23
2,3,5,7,9,11,12,15,17,18,19,20,21,22,23>2,5,7,9,11,15,20,17,18,19,21,22,23
2,3,5,7,9,11,12,15,17,18,19,20,21,22,23>3,4,5,7,9,11,12,16,20,17,18,19,21,22,23
2,3,5,7,9,11,12,15,17,18,19,20,21,22,23>3,4,5,7,8,15,20,17,18,19,21,22,23
1,3,4,5,11,13,15,16,18,20,21,22,23>14,19,6,4,16,20,21,22,23
1,3,4,5,11,13,15,16,18,20,21,22,23>2,6,8,15,19,4,16,20,21,22,23
1,3,4,5,11,13,15,16,18,20,21,22,23>14,3,6,8,4,16,20,21,22,23
1,3,4,5,11,13,15,16,18,20,21,22,23>2,3,13,15,18,19,4,16,20,21,22,23
1,2,3,4,6,7,13,14,16,22>3,8,12,2,4,7,13,14,16
1,2,3,4,6,7,13,14,16,22>1,3,8,22,2,4,7,13,14,16
1,2,3,4,6,7,13,14,16,22>23,6,8,15,2,4,7,13,14,16
1,2,3,4,6,7,13,14,16,22>3,15,22,2,4,7,13,14,16
2,3,4,5,7,8,9,11,15,16,17,19,21,22,23>2,5,9,11,12,15,17,19,21,4,8,16,22,23
2,3,4,5,7,8,9,11,15,16,17,19,21,22,23>2,7,9,12,17,19,21,4,8,16,22,23
2,3,4,5,7,8,9,11,15,16,17,19,21,22,23>3,7,9,11,12,17,19,20,21,4,8,16,22,23
2,3,4,5,7,8,9,11,15,16,17,19,21,22,23>2,5,7,9,12,17,19,20,4,8,16,22,23
1,3,5,12,13,16,23>4,8,13,14,16,23,12
1,3,5,12,13,16,23>1,3,5,8,13,16,12
1,3,5,12,13,16,23>1,3,4,5,8,14,16,23,12
1,3,5,12,13,16,23>1,2,3,5,13,16,12
5,6,9,11,12,14,15,17,18,19,20,22>5,8,11,13,14,16,21,23,17,18,19,15
5,6,9,11,12,14,15,17,18,19,20,22>6,20,12,17,18,19,15
5,6,9,11,12,14,15,17,18,19,20,22>5,6,8,11,14,16,21,22,23,17,18,19,15
5,6,9,11,12,14,15,17,18,19,20,22>5,9,12,13,16,20,21,23,17,18,19,15
2,3,6,7,9,12,14,15,16,17,18,20>2,3,9,10,12,13,14,17,19,16,18,15,7
2,3,6,7,9,12,14,15,16,17,18,20>4,9,13,14,21,16,18,15,7
2,3,6,7,9,12,14,15,16,17,18,20>2,4,8,10,14,16,18,15,7
2,3,6,7,9,12,14,15,16,17,18,20>2,3,4,6,8,10,13,16,18,15,7
2,4,5,6,7,8,9,12,14,15,16,18,19,21,22,23>2,4,6,9,21,7,8,12,16,19,22,23
2,4,5,6,7,8,9,12,14,15,16,18,19,21,22,23>5,9,14,15,18,7,8,12,16,19,22,23
2,4,5,6,7,8,9,12,14,15,16,18,19,21,22,23>2,5,6,7,8,12,16,19,22,23
2,4,5,6,7,8,9,12,14,15,16,18,19,21,22,23>4,5,9,14,7,8,12,16,19,22,23
1,2,4,5,7,8,10,13,15,16,18,20,23>19,7,10,13,8,16,2,20
1,2,4,5,7,8,10,13,15,16,18,20,23>1,6,7,10,14,19,8,16,2,20
1,2,4,5,7,8,10,13,15,16,18,20,23>1,4,10,13,14,15,18,21,23,8,16,2,20
1,2,4,5,7,8,10,13,15,16,18,20,23>4,5,13,14,15,18,21,23,8,16,2,20
1,2,4,6,8,9,10,11,13,15,17,22>15,17,7,14,11,2,10,13
1,2,4,6,8,9,10,11,13,15,17,22>1,7,8,14,11,2,10,13
1,2,4,6,8,9,10,11,13,15,17,22>1,6,14,15,16,17,22,11,2,10,13
1,2,4,6,8,9,10,11,13,15,17,22>1,4,6,8,15,17,11,2,10,13
1,3,4,6,8,11,14,16,18,20,23>1,6,7,19,21,23,8,16,4,20
1,3,4,6,8,11,14,16,18,20,23>2,14,18,19,21,23,8,16,4,20
1,3,4,6,8,11,14,16,18,20,23>1,2,19,14,8,16,4,20
1,3,4,6,8,11,14,16,18,20,23>2,3,11,14,18,21,23,8,16,4,20
1,2,5,6,8,10,11,12,16,18>5,10,16,18,2,6,8,11,12
1,2,5,6,8,10,11,12,16,18>19,7,10,16,2,6,8,11,12
1,2,5,6,8,10,11,12,16,18>5,13,16,18,2,6,8,11,12
1,2,5,6,8,10,11,12,16,18>7,10,18,2,6,8,11,12
1,2,4,7,10,11,14,16,18,19,22,23>15,18,12,14,2,11,16,19,23
1,2,4,7,10,11,14,16,18,19,22,23>8,10,2,11,16,19,23
1,2,4,7,10,11,14,16,18,19,22,23>15,1,20,7,2,11,16,19,23
1,2,4,7,10,11,14,16,18,19,22,23>1,4,7,8,14,20,2,11,16,19,23
1,3,7,10,11,15,16,19,20,22,23>1,4,8,19,21,16,20,23
1,3,7,10,11,15,16,19,20,22,23>2,4,7,15,21,22,16,20,23
1,3,7,10,11,15,16,19,20,22,23>1,3,7,8,15,19,21,22,16,20,23
1,3,7,10,11,15,16,19,20,22,23>2,3,4,7,8,10,11,15,22,16,20,23
1,2,3,4,6,11,12,13,15,16,18,19,21,22>15,3,7,14,2,4,12,13,16,19,22
1,2,3,4,6,11,12,13,15,16,18,19,21,22>1,3,7,11,14,18,2,4,12,13,16,19,22
1,2,3,4,6,11,12,13,15,16,18,19,21,22>6,8,11,15,18,21,23,2,4,12,13,16,19,22
1,2,3,4,6,11,12,13,15,16,18,19,21,22>23,3,6,11,2,4,12,13,16,19,22
1,5,6,7,8,10,12,13,14,15,16,19,21,22>1,5,6,10,11,15,19,7,8,12,13,14,16,22
1,5,6,7,8,10,12,13,14,15,16,19,21,22>1,2,5,6,10,15,19,21,7,8,12,13,14,16,22
1,5,6,7,8,10,12,13,14,15,16,19,21,22>1,5,6,10,11,21,7,8,12,13,14,16,22
1,5,6,7,8,10,12,13,14,15,16,19,21,22>1,2,5,6,10,19,21,23,7,8,12,13,14,16,22
3,4,5,7,9,10,13,15,16,17,18,19,20,22>3,7,9,10,14,15,23,4,13,16,18,19,20
3,4,5,7,9,10,13,15,16,17,18,19,20,22>5,8,10,14,17,22,23,4,13,16,18,19,20
3,4,5,7,9,10,13,15,16,17,18,19,20,22>7,9,10,14,17,21,22,23,4,13,16,18,19,20
3,4,5,7,9,10,13,15,16,17,18,19,20,22>5,8,14,17,21,22,4,13,16,18,19,20
1,3,4,7,8,9,10,13,14,15,16,17,20,21>22,1,15,17,4,8,10,13,14,16,20,21
1,3,4,7,8,9,10,13,14,15,16,17,20,21>2,7,4,8,10,13,14,16,20,21
1,3,4,7,8,9,10,13,14,15,16,17,20,21>1,7,9,4,8,10,13,14,16,20,21
1,3,4,7,8,9,10,13,14,15,16,17,20,21>1,2,3,9,17,4,8,10,13,14,16,20,21
2,3,6,13,14,16,17,19,20,23>3,6,8,15,19,23,20,14
2,3,6,13,14,16,17,19,20,23>4,7,13,15,17,18,19,20,14
2,3,6,13,14,16,17,19,20,23>2,4,6,8,18,21,20,14
2,3,6,13,14,16,17,19,20,23>2,3,4,6,15,17,19,20,14
1,2,5,6,7,8,9,11,13,15,21,22,23>5,9,11,15,16,21,2,6,7,22,23
1,2,5,6,7,8,9,11,13,15,21,22,23>1,5,8,10,21,2,6,7,22,23
1,2,5,6,7,8,9,11,13,15,21,22,23>1,8,9,11,13,16,2,6,7,22,23
1,2,5,6,7,8,9,11,13,15,21,22,23>1,5,8,10,16,2,6,7,22,23
4,6,8,9,11,12,20,21>4,9,12,16,17,22,8,21
4,6,8,9,11,12,20,21>4,6,9,12,13,20,8,21
4,6,8,9,11,12,20,21>7,9,10,11,12,13,20,8,21
4,6,8,9,11,12,20,21>6,7,9,10,13,16,17,8,21
3,4,5,7,8,9,11,12,15,18,20,22>3,5,9,10,15,17,18,20,8,4
3,4,5,7,8,9,11,12,15,18,20,22>6,11,15,16,18,21,23,8,4
3,4,5,7,8,9,11,12,15,18,20,22>3,6,7,9,10,13,15,18,19,20,21,23,8,4
3,4,5,7,8,9,11,12,15,18,20,22>3,6,7,10,11,18,20,22,8,4
7,11,13,14,15,16,17,18>7,8,17,13,14,15,16,18
7,11,13,14,15,16,17,18>8,12,17,19,13,14,15,16,18
7,11,13,14,15,16,17,18>7,8,19,13,14,15,16,18
7,11,13,14,15,16,17,18>11,12,17,13,14,15,16,18
3,4,7,8,10,11,13,14,17,18,19,22,23>7,10,16,18,20,22,4,11,14,19,23
3,4,7,8,10,11,13,14,17,18,19,22,23>22,8,16,4,11,14,19,23
3,4,7,8,10,11,13,14,17,18,19,22,23>7,8,10,13,16,17,20,4,11,14,19,23
3,4,7,8,10,11,13,14,17,18,19,22,23>3,7,8,17,20,4,11,14,19,23
3,6,7,9,11,14,20,21,22>11,13,14,15,17,20,21,22,7
3,6,7,9,11,14,20,21,22>3,9,10,13,14,17,20,21,22,7
3,6,7,9,11,14,20,21,22>14,6,9,10,20,21,22,7
3,6,7,9,11,14,20,21,22>17,6,11,13,20,21,22,7
1,3,4,5,6,7,9,10,13,14,17,20,21,23>16,2,23,5,4,6,7,10,14,17,20,21
1,3,4,5,6,7,9,10,13,14,17,20,21,23>3,5,9,16,22,4,6,7,10,14,17,20,21
1,3,4,5,6,7,9,10,13,14,17,20,21,23>2,3,13,16,18,23,4,6,7,10,14,17,20,21
1,3,4,5,6,7,9,10,13,14,17,20,21,23>2,5,9,16,18,4,6,7,10,14,17,20,21
3,4,7,10,12,13,15,17,19,22,23>17,22,11,13,4,12,23
3,4,7,10,12,13,15,17,19,22,23>3,8,14,15,19,22,4,12,23
3,4,7,10,12,13,15,17,19,22,23>7,8,11,15,16,17,18,4,12,23
3,4,7,10,12,13,15,17,19,22,23>3,7,8,10,13,14,16,17,19,4,12,23
1,2,3,5,7,8,10,13,22,23>4,8,10,11,13,2,23
1,2,3,5,7,8,10,13,22,23>1,3,7,11,14,2,23
1,2,3,5,7,8,10,13,22,23>4,7,8,10,13,22,2,23
1,2,3,5,7,8,10,13,22,23>1,3,4,5,6,7,8,13,22,2,23
2,3,4,7,12,15,16,18,19,22,23>3,18,22,4,12,16,19,23
2,3,4,7,12,15,16,18,19,22,23>7,8,15,4,12,16,19,23
2,3,4,7,12,15,16,18,19,22,23>2,7,18,4,12,16,19,23
2,3,4,7,12,15,16,18,19,22,23>7,8,22,4,12,16,19,23
1,2,10,11,12,15,16,18,20,22>10,11,13,19,23,16,2
1,2,10,11,12,15,16,18,20,22>10,11,19,20,23,16,2
1,2,10,11,12,15,16,18,20,22>8,10,11,18,21,22,23,16,2
1,2,10,11,12,15,16,18,20,22>1,8,10,11,13,15,18,19,16,2
1,2,4,6,7,9,11,12,15,16,17,20,23>1,8,9,18,20,23,16,2,7
1,2,4,6,7,9,11,12,15,16,17,20,23>4,9,10,12,15,20,21,23,16,2,7
1,2,4,6,7,9,11,12,15,16,17,20,23>4,6,8,10,12,17,18,20,23,16,2,7
1,2,4,6,7,9,11,12,15,16,17,20,23>4,6,11,18,21,23,16,2,7
2,3,7,9,11,13,15,21,22,23>7,9,11,15,16,22,23
2,3,7,9,11,13,15,21,22,23>2,7,9,13,14,22,23
2,3,7,9,11,13,15,21,22,23>2,3,7,10,11,13,14,15,16,22,23
2,3,7,9,11,13,15,21,22,23>2,4,7,10,13,14,15,16,21,22,23
3,5,7,8,9,12,14,17,18,21,22>7,9,10,14,17,21,8,12,22
3,5,7,8,9,12,14,17,18,21,22>4,6,9,14,17,18,23,8,12,22
3,5,7,8,9,12,14,17,18,21,22>3,4,6,7,9,10,13,21,23,8,12,22
3,5,7,8,9,12,14,17,18,21,22>3,4,5,9,10,14,18,19,23,8,12,22
2,3,5,6,8,11,12,13,14,15,16,19,20,21,22>2,5,6,7,11,12,19,20,8,13,14,16,21,22
2,3,5,6,8,11,12,13,14,15,16,19,20,21,22>2,3,7,12,15,19,20,8,13,14,16,21,22
2,3,5,6,8,11,12,13,14,15,16,19,20,21,22>4,5,7,15,20,23,8,13,14,16,21,22
2,3,5,6,8,11,12,13,14,15,16,19,20,21,22>2,3,4,5,6,7,12,8,13,14,16,21,22
1,2,5,7,13,15,17,20,21,22,23>5,7,14,15,16,18,2,17,20,21,22,23
1,2,5,7,13,15,17,20,21,22,23>6,7,13,15,16,18,2,17,20,21,22,23
1,2,5,7,13,15,17,20,21,22,23>1,6,13,15,2,17,20,21,22,23
1,2,5,7,13,15,17,20,21,22,23>1,6,15,16,18,2,17,20,21,22,23
1,2,4,8,9,16,18,19,22>1,4,13,8,16,2,19
1,2,4,8,9,16,18,19,22>22,23,4,18,8,16,2,19
1,2,4,8,9,16,18,19,22>22,4,18,20,8,16,2,19
1,2,4,8,9,16,18,19,22>4,13,18,8,16,2,19
1,2,4,7,8,9,10,11,15,16,18,19>18,10,12,2,8,11,16,19
1,2,4,7,8,9,10,11,15,16,18,19>1,10,12,2,8,11,16,19
1,2,4,7,8,9,10,11,15,16,18,19>15,1,12,2,8,11,16,19
1,2,4,7,8,9,10,11,15,16,18,19>15,7,10,13,2,8,11,16,19
3,6,8,9,10,11,13,14,15,16,17,18,20,23>4,6,7,13,18,8,10,14,16,20
3,6,8,9,10,11,13,14,15,16,17,18,20,23>3,6,13,17,18,21,8,10,14,16,20
3,6,8,9,10,11,13,14,15,16,17,18,20,23>4,6,9,15,17,8,10,14,16,20
3,6,8,9,10,11,13,14,15,16,17,18,20,23>3,4,6,7,9,13,17,21,8,10,14,16,20
1,2,4,5,7,8,9,11,14,16,17,19,20,21>7,13,17,19,22,2,8,16,20,21
1,2,4,5,7,8,9,11,14,16,17,19,20,21>4,7,13,14,22,2,8,16,20,21
1,2,4,5,7,8,9,11,14,16,17,19,20,21>1,4,11,13,2,8,16,20,21
1,2,4,5,7,8,9,11,14,16,17,19,20,21>14,4,5,7,2,8,16,20,21
4,5,9,12,13,14,15,18,19,22,23>4,5,9,13,18,22,12,14,15,19,23
4,5,9,12,13,14,15,18,19,22,23>4,8,9,13,16,22,12,14,15,19,23
4,5,9,12,13,14,15,18,19,22,23>5,8,16,18,22,12,14,15,19,23
4,5,9,12,13,14,15,18,19,22,23>4,5,8,9,16,22,12,14,15,19,23
2,3,5,6,7,10,13,14,15,16,17,18,19,20,21>2,8,10,17,22,7,13,14,15,16,18,19,20,21
2,3,5,6,7,10,13,14,15,16,17,18,19,20,21>3,6,8,10,17,7,13,14,15,16,18,19,20,21
2,3,5,6,7,10,13,14,15,16,17,18,19,20,21>2,3,4,5,8,22,7,13,14,15,16,18,19,20,21
2,3,5,6,7,10,13,14,15,16,17,18,19,20,21>2,3,4,6,22,7,13,14,15,16,18,19,20,21
1,2,4,6,7,8,9,10,12,13,15,18,20,22,23>1,4,13,14,15,18,20,21,22,2,7,8,10,23
1,2,4,6,7,8,9,10,12,13,15,18,20,22,23>1,6,14,15,17,19,21,2,7,8,10,23
1,2,4,6,7,8,9,10,12,13,15,18,20,22,23>1,6,9,12,15,16,22,2,7,8,10,23
1,2,4,6,7,8,9,10,12,13,15,18,20,22,23>1,4,6,12,13,15,19,22,2,7,8,10,23
1,3,5,7,11,12,13,17,18,20,22,23>2,3,4,6,7,11,12,13,14,19,17,18,23
1,3,5,7,11,12,13,17,18,20,22,23>1,2,7,8,12,13,17,18,23
1,3,5,7,11,12,13,17,18,20,22,23>3,5,8,11,14,21,17,18,23
1,3,5,7,11,12,13,17,18,20,22,23>2,3,5,13,14,19,20,21,17,18,23
1,5,6,8,9,11,13,15,16,18,22>1,10,12,14,15,18,22,23,8,16,13,6
1,5,6,8,9,11,13,15,16,18,22>2,10,11,14,19,8,16,13,6
1,5,6,8,9,11,13,15,16,18,22>1,5,7,11,12,18,19,22,23,8,16,13,6
1,5,6,8,9,11,13,15,16,18,22>1,5,7,10,11,14,15,18,19,22,8,16,13,6
1,4,5,8,11,12,14,17,19,20>1,5,13,19,21,8,17
1,4,5,8,11,12,14,17,19,20>14,2,5,21,8,17
1,4,5,8,11,12,14,17,19,20>1,2,5,11,13,21,8,17
1,4,5,8,11,12,14,17,19,20>1,4,11,14,20,8,17
4,5,6,7,8,9,10,11,12,14,15,16,23>5,14,23,6,7,8,10,11,12,16
4,5,6,7,8,9,10,11,12,14,15,16,23>4,5,6,7,8,10,11,12,16
4,5,6,7,8,9,10,11,12,14,15,16,23>4,9,14,15,23,6,7,8,10,11,12,16
4,5,6,7,8,9,10,11,12,14,15,16,23>5,9,23,6,7,8,10,11,12,16
2,3,4,6,7,11,12,15,16,17,18,20,21>15,20,12,13,4,7,16,18,21
2,3,4,6,7,11,12,15,16,17,18,20,21>3,8,11,12,15,4,7,16,18,21
2,3,4,6,7,11,12,15,16,17,18,20,21>2,6,13,17,19,22,4,7,16,18,21
2,3,4,6,7,11,12,15,16,17,18,20,21>2,3,6,8,19,20,22,4,7,16,18,21
2,4,5,6,8,9,10,11,12,14,16,17,18,20,22,23>2,4,5,11,14,19,20,21,22,6,8,10,16,23
2,4,5,6,8,9,10,11,12,14,16,17,18,20,22,23>5,11,14,17,18,19,22,6,8,10,16,23
2,4,5,6,8,9,10,11,12,14,16,17,18,20,22,23>4,5,9,12,14,18,20,21,6,8,10,16,23
2,4,5,6,8,9,10,11,12,14,16,17,18,20,22,23>2,4,5,7,9,12,17,19,20,21,22,6,8,10,16,23
2,4,5,6,7,8,9,10,12,15,16,18,19,20,21>13,2,6,10,7,8,16,19,21
2,4,5,6,7,8,9,10,12,15,16,18,19,20,21>4,10,12,15,18,20,7,8,16,19,21
2,4,5,6,7,8,9,10,12,15,16,18,19,20,21>2,4,9,12,13,20,22,7,8,16,19,21
2,4,5,6,7,8,9,10,12,15,16,18,19,20,21>2,4,5,6,15,7,8,16,19,21
3,4,5,8,10,11,13,14,15,17,20,22>3,5,8,15,16,22,23,4,13,14,17,20
3,4,5,8,10,11,13,14,15,17,20,22>3,6,11,16,21,22,4,13,14,17,20
3,4,5,8,10,11,13,14,15,17,20,22>5,6,8,15,16,22,4,13,14,17,20
3,4,5,8,10,11,13,14,15,17,20,22>3,5,6,8,15,22,23,4,13,14,17,20
