TCR,NFAT,IFN-\beta,IFN-\betaR,IL-18,IL-18R,IRAK,SOCS1,IL-12,IL-12R,STAT4,T-bet,IFN-\gamma,IFN-\gammaR,JAK1,STAT1,IL-4,IL-4R,STAT6,GATA3,IL-10,IL-10R,STAT3
3,5,9,11,12,14,15,17,18,20>4,8,9,12,13,20,17,18,15
3,5,9,11,12,14,15,17,18,20>5,9,12,13,16,17,18,15
1,2,4,5,7,8,12,15,16,17,19,21>1,5,13,15,17,19,21,8,16,2,12
1,2,4,5,7,8,12,15,16,17,19,21>1,4,5,7,13,17,21,22,8,16,2,12
1,2,6,7,11,13,16,18,19,20,23>18,8,13,14,2,19,20,7
1,2,6,7,11,13,16,18,19,20,23>8,11,13,14,21,2,19,20,7
2,3,4,5,6,7,10,11,13,14,15,16,17,22,23>2,3,17,18,22,4,6,7,11,14,15,16,23
2,3,4,5,6,7,10,11,13,14,15,16,17,22,23>2,3,5,8,10,13,17,4,6,7,11,14,15,16,23
2,3,6,9,13,17,18,20>2,3,6,9,14,19,21,17,18,20,13
2,3,6,9,13,17,18,20>3,4,9,10,21,17,18,20,13
2,3,4,5,6,7,14,16,18,22,23>8,12,15,18,22,4,6,7,16,23
2,3,4,5,6,7,14,16,18,22,23>5,12,14,15,18,19,22,4,6,7,16,23
2,3,6,7,10,17,18,19>2,6,10,11,17,18,19,7
2,3,6,7,10,17,18,19>2,3,6,20,18,19,7
1,4,7,8,9,14,15,17,18,19,22>1,7,13,14,17,18,23,19
1,4,7,8,9,14,15,17,18,19,22>1,2,7,8,13,14,18,22,23,19
1,4,5,6,7,9,11,12,15,17,18,19,20,22>1,8,9,11,12,15,16,20,23,17,18,19,7
1,4,5,6,7,9,11,12,15,17,18,19,20,22>2,4,8,9,15,20,17,18,19,7
1,3,6,9,13,14,15,17,19,20>2,18,21,17,20,14,15
1,3,6,9,13,14,15,17,19,20>1,3,6,7,13,18,19,17,20,14,15
1,2,3,4,6,9,12,15,16,18,23>6,7,8,15,18,19,16,2,4,12
1,2,3,4,6,9,12,15,16,18,23>3,6,7,9,18,23,16,2,4,12
1,2,4,6,7,8,9,12,13,14,17,20>4,9,10,16,20,2,7,8,13,14,17
1,2,4,6,7,8,9,12,13,14,17,20>1,4,6,12,20,2,7,8,13,14,17
7,15,16,17,21,23>12,15,17,18,21,23,16
7,15,16,17,21,23>7,12,15,17,21,22,23,16
1,2,3,9,11,13,14,16,17,19,20,21,22>4,11,15,16,18,23,2,13,14,20,21,22
1,2,3,9,11,13,14,16,17,19,20,21,22>17,18,4,15,2,13,14,20,21,22
3,4,5,6,7,11,12,15,17,18>19,5,11,13,4,6,7,12,18
3,4,5,6,7,11,12,15,17,18>3,8,11,13,15,17,4,6,7,12,18
2,4,5,7,9,11,12,13,14,15,16,19,20,21>4,11,12,19,20,22,13,14,15,16,21
2,4,5,7,9,11,12,13,14,15,16,19,20,21>4,7,9,12,22,13,14,15,16,21
3,4,5,6,9,10,11,12,13,14,15,17,22,23>17,3,5,9,4,6,10,11,12,14,15,23
3,4,5,6,9,10,11,12,13,14,15,17,22,23>3,7,9,13,18,4,6,10,11,12,14,15,23
1,2,3,4,5,10,12,13,16,18,21,22,23>14,18,19,10,2,4,12,16,22,23
1,2,3,4,5,10,12,13,16,18,21,22,23>1,3,6,11,13,18,2,4,12,16,22,23
2,3,4,5,6,7,8,11,15,17,18,19,21>3,6,8,13,15,16,20,22,19,4,7
2,3,4,5,6,7,8,11,15,17,18,19,21>3,8,11,13,15,16,17,18,22,19,4,7
1,2,4,5,8,9,10,12,14,20,21,22>1,4,12,14,16,23,2,8,10,21,22
1,2,4,5,8,9,10,12,14,20,21,22>1,5,6,9,14,17,23,2,8,10,21,22
1,2,7,8,9,11,15,17,18,19,21>1,7,8,9,15,16,18,20,21,2,19
1,2,7,8,9,11,15,17,18,19,21>1,7,8,9,17,18,20,21,2,19
2,3,9,11,12,15,16,18,19,20,21>18,8,16,19,21
2,3,9,11,12,15,16,18,19,20,21>13,3,4,16,19,21
4,7,8,10,11,14,17,19,21,23>4,7,10,17,20,22,23,11
4,7,8,10,11,14,17,19,21,23>7,8,10,16,19,20,21,22,11
1,2,5,6,9,12,13,14,16,17,18,19,22>7,9,17,22,23,2,12,13,14,18,19
1,2,5,6,9,12,13,14,16,17,18,19,22>23,1,5,6,2,12,13,14,18,19
1,2,3,6,10,12,13,14,15,17,18,19,20,23>1,10,12,16,21,2,14,15,17,18,19
1,2,3,6,10,12,13,14,15,17,18,19,20,23>4,6,10,20,21,23,2,14,15,17,18,19
6,7,8,12,13,14,18,19,22>18,7,8,12,13,14,19
6,7,8,12,13,14,18,19,22>6,7,8,12,13,14,19
1,3,4,6,7,9,11,14,17,20,21,23>2,3,9,15,16,18,4,7,17,20,21
1,3,4,6,7,9,11,14,17,20,21,23>1,2,3,6,10,11,15,16,22,4,7,17,20,21
3,4,5,6,9,12,13,16,17,18>3,5,8,9,14,17,4,6,12,13,16,18
3,4,5,6,9,12,13,16,17,18>3,7,10,14,19,4,6,12,13,16,18
1,2,3,4,5,6,7,8,12,14,18,20,23>5,12,14,18,20,21,2,4,6,7,8
1,2,3,4,5,6,7,8,12,14,18,20,23>1,5,14,16,17,20,21,2,4,6,7,8
2,3,4,5,6,9,10,12,15,17,23>3,8,9,11,10,4,12,6
2,3,4,5,6,9,10,12,15,17,23>2,5,23,8,10,4,12,6
2,3,4,6,8,10,11,12,20,21>13,7,8,4,21
2,3,4,6,8,10,11,12,20,21>2,17,8,4,21
2,5,8,9,10,12,15,17,18>18,19,9,8,10,12
2,5,8,9,10,12,15,17,18>2,5,6,13,15,17,18,19,8,10,12
1,2,3,6,7,11,13,14,15,16,17,18,19,20>21,8,11,17,2,7,13,14,15,16,18,19,20
1,2,3,6,7,11,13,14,15,16,17,18,19,20>21,1,11,17,2,7,13,14,15,16,18,19,20
2,3,4,5,7,8,10,12,16,17,18>6,7,10,11,13,18,8,16,4,12
2,3,4,5,7,8,10,12,16,17,18>2,5,13,17,18,8,16,4,12
1,2,3,4,11,12,13,15,16,17,20,21,23>17,18,11,22,16,2,4,21
1,2,3,4,11,12,13,15,16,17,20,21,23>1,3,8,14,20,22,16,2,4,21
1,3,6,7,9,10,12,13,14,15,17,18,19,21>1,2,6,7,12,13,14,15,18,19
1,3,6,7,9,10,12,13,14,15,17,18,19,21>1,2,4,8,9,10,16,17,22,7,12,13,14,15,18,19
1,5,6,9,13,17,18,19,21,22,23>2,9,13,17,20,18,19,22,23
1,5,6,9,13,17,18,19,21,22,23>5,7,9,13,14,17,18,19,22,23
2,5,7,8,9,10,11,12,16,17,18,20,22,23>5,7,17,19,22,8,10,23
2,5,7,8,9,10,11,12,16,17,18,20,22,23>2,6,9,17,18,20,22,8,10,23
3,5,7,9,11,13,14,17,18,20>3,5,9,11,21,13,14,17,18,20
3,5,7,9,11,13,14,17,18,20>4,5,7,10,15,19,13,14,17,18,20
1,2,3,6,7,8,9,10,11,12,13,14,16,21>3,4,16,21,22,2,7,8,10,11,12,13,14
1,2,3,6,7,8,9,10,11,12,13,14,16,21>1,3,4,6,22,2,7,8,10,11,12,13,14
1,2,6,9,10,11,12,13,14,15,17,21,22>1,6,8,17,21,2,10,11,12,13,14,15,22
1,2,6,9,10,11,12,13,14,15,17,21,22>1,6,9,16,17,21,23,2,10,11,12,13,14,15,22
2,3,5,6,7,10,14,15,18,19,21,23>2,6,11,21,22,23,19,15,7
2,3,5,6,7,10,14,15,18,19,21,23>2,3,5,6,10,11,18,22,23,19,15,7
2,6,8,9,11,13,14,18,20,22>6,8,11,21,22,23,20,13,14
2,6,8,9,11,13,14,18,20,22>2,6,7,9,10,17,23,20,13,14
5,6,7,8,12,13,14,18,19,20,21,23>5,13,18,20,22,7,8,14,19,21
5,6,7,8,12,13,14,18,19,20,21,23>22,23,12,17,7,8,14,19,21
1,2,6,8,11,12,13,15,16,17,18,19,20,21,22>1,12,15,18,23,2,8,13,16,19,21,22
1,2,6,8,11,12,13,15,16,17,18,19,20,21,22>1,6,7,12,14,17,23,2,8,13,16,19,21,22
2,3,4,5,7,8,10,11,12,13,16,18,19,21>21,2,14,22,4,8,11,12,13,16,19
2,3,4,5,7,8,10,11,12,13,16,18,19,21>5,7,10,14,4,8,11,12,13,16,19
1,7,9,12,13,14,16,18,19,20,21,23>1,2,8,13,16,19,21,14
1,7,9,12,13,14,16,18,19,20,21,23>7,8,9,16,18,22,23,19,21,14
3,5,6,7,9,10,16,17,19,21,22,23>21,19,9,10,23,22,7
3,5,6,7,9,10,16,17,19,21,22,23>6,9,10,11,12,21,23,22,7
1,4,5,6,8,11,15,18,19,20,21,23>1,2,11,15,16,19,20,21
1,4,5,6,8,11,15,18,19,20,21,23>2,4,6,18,22,23,19,20,21
2,3,7,9,11,16,17,19,20,23>2,7,8,11,16,17,23,20
2,3,7,9,11,16,17,19,20,23>3,7,23,11,20
1,2,3,12,13,15,16,18,19,22>14,2,12,13,16,19
1,2,3,12,13,15,16,18,19,22>3,4,8,2,12,13,16,19
1,2,6,8,10,12,15,16,17,19,20,21,23>12,15,19,20,22,8,16,2,21
1,2,6,8,10,12,15,16,17,19,20,21,23>1,6,10,15,19,20,22,23,8,16,2,21
2,5,6,7,8,10,12,13,17,18,19,20,21,23>2,22,13,14,7,8,17,19,21
2,5,6,7,8,10,12,13,17,18,19,20,21,23>5,12,14,18,20,7,8,17,19,21
2,3,7,8,9,10,13,17,19,21,22,23>3,11,17,19,20,22,23
2,3,7,8,9,10,13,17,19,21,22,23>2,3,4,7,9,10,13,19,22,23
1,2,4,5,9,11,14,15,17,18,19,20,21,22>1,4,9,11,14,2,15,17,18,19,20,21,22
1,2,4,5,9,11,14,15,17,18,19,20,21,22>4,5,13,14,2,15,17,18,19,20,21,22
1,2,4,9,10,14,15,17,18,19,22>10,16,17,22,23,19,2,18,15
1,2,4,9,10,14,15,17,18,19,22>17,4,22,19,2,18,15
2,3,5,6,7,8,10,13,14,15,16,17,18,19,21,22>2,5,10,11,12,15,17,18,20,23,7,8,13,14,16,19,22
2,3,5,6,7,8,10,13,14,15,16,17,18,19,21,22>2,4,6,10,20,7,8,13,14,16,19,22
1,2,6,8,13,14,16,18,19,22,23>22,6,13,16,2,8,14,19,23
1,2,6,8,13,14,16,18,19,22,23>1,6,12,18,20,2,8,14,19,23
1,3,4,5,6,9,10,11,12,14,15,16,20,21,22,23>1,2,5,7,8,9,4,6,10,15,16,21,22,23
1,3,4,5,6,9,10,11,12,14,15,16,20,21,22,23>20,3,4,6,10,15,16,21,22,23
1,5,6,7,8,10,13,14,18,20,22,23>18,22,6,7,14,20,23
1,5,6,7,8,10,13,14,18,20,22,23>22,1,5,17,6,7,14,20,23
6,7,10,11,12,13,15,16,17,19,21,22>14,17,18,21,23,7,11,12,13,16,22
6,7,10,11,12,13,15,16,17,19,21,22>19,6,8,15,7,11,12,13,16,22
1,2,3,6,8,13,15,16,23>1,3,12,13,15,23,8,16,2
1,2,3,6,8,13,15,16,23>4,7,13,15,23,8,16,2
1,3,9,10,15,16,18,19,20,22,23>1,9,10,15,18,21,22,16,19,20,23
1,3,9,10,15,16,18,19,20,22,23>3,8,9,18,21,22,16,19,20,23
2,7,8,10,13,14,15,19,20,21,22,23>2,13,15,19,14,20,21,22,23
2,7,8,10,13,14,15,19,20,21,22,23>2,7,10,16,17,14,20,21,22,23
2,3,6,7,9,10,11,12,14,15,16,17,18,21,22,23>3,6,8,9,14,19,21,7,10,11,12,15,16,18,22,23
2,3,6,7,9,10,11,12,14,15,16,17,18,21,22,23>3,4,8,9,14,17,7,10,11,12,15,16,18,22,23
1,3,4,8,9,10,11,13,14,16,18,21>1,3,22,4,8,10,11,13,14,16
1,3,4,8,9,10,11,13,14,16,18,21>2,3,9,12,19,21,22,4,8,10,11,13,14,16
1,4,5,6,8,13,17,22>1,5,7,14,16,17,22,23,6
1,4,5,6,8,13,17,22>1,4,5,8,13,14,17,23,6
4,6,9,10,11,13,15,16,17,19,20>4,6,8,10,11,15,19,16,20,13
4,6,9,10,11,13,15,16,17,19,20>4,6,8,9,10,14,15,18,19,16,20,13
7,15,17,18,19,21,23>7,17,21,22,23,18,19
7,15,17,18,19,21,23>7,15,16,17,23,18,19
1,2,3,6,7,9,10,13,15,17,20>1,4,9,14,15,18,2,7,10,13,17,20
1,2,3,6,7,9,10,13,15,17,20>1,3,4,9,2,7,10,13,17,20
2,3,5,7,9,12,13,15,19,20>14,16,5,21,13
2,3,5,7,9,12,13,15,19,20>2,7,9,14,15,19,20,13
5,6,9,10,14,15,16,19,20,21,22,23>5,6,8,9,14,15,16,20,21,22,23
5,6,9,10,14,15,16,19,20,21,22,23>19,7,10,14,15,16,20,21,22,23
1,3,4,6,7,9,10,13,21,23>1,3,11,13,21,22,23,10,4,7
1,3,4,6,7,9,10,13,21,23>1,2,3,6,9,14,16,22,10,4,7
1,2,3,6,7,8,11,12,13,14,22,23>4,6,11,22,2,7,8,12,14,23
1,2,3,6,7,8,11,12,13,14,22,23>1,4,6,11,13,2,7,8,12,14,23
1,2,6,9,10,12,17,18,20,21,23>1,6,8,9,12,19,20,22,23,2,10,17,18,21
1,2,6,9,10,12,17,18,20,21,23>20,7,9,2,10,17,18,21
2,4,6,7,8,9,11,14,17,18,19,22>8,9,13,14,17,19,7
2,4,6,7,8,9,11,14,17,18,19,22>2,8,11,16,17,20,22,19,7
5,6,7,8,9,10,12,13,16,17,20,21>14,16,17,20,6,7,8,10,13,21
5,6,7,8,9,10,12,13,16,17,20,21>22,9,14,16,6,7,8,10,13,21
2,4,5,8,9,12,13,16,17,19,20>9,14,17,20,21,8,16,13
2,4,5,8,9,12,13,16,17,19,20>19,5,14,17,8,16,13
2,4,5,6,7,8,9,20,22>2,4,9,10,13,17,22,23,20,6,7
2,4,5,6,7,8,9,20,22>2,4,5,8,10,13,16,17,21,23,20,6,7
2,10,11,12,13,14,15,16>8,11,12,13,14,15,16
2,10,11,12,13,14,15,16>10,11,12,13,14,15,16
1,3,4,6,9,11,13,18,21,22>1,6,7,9,10,16,18,23,4,13,22
1,3,4,6,9,11,13,18,21,22>2,7,9,11,14,16,21,4,13,22
6,7,8,14,18,23>6,18,7
6,7,8,14,18,23>14,19,7
2,5,6,7,8,10,12,13,14,16,17,22>23,5,11,16,6,7,8,12,13,14
2,5,6,7,8,10,12,13,14,16,17,22>5,10,16,17,23,6,7,8,12,13,14
2,5,6,9,10,12,13,14,15,17,18,19,20,21,22,23>2,7,9,10,12,16,20,14,15,17,18,19,21,22,23
2,5,6,9,10,12,13,14,15,17,18,19,20,21,22,23>5,6,8,9,12,16,20,14,15,17,18,19,21,22,23
1,3,5,6,7,8,9,10,12,13,14,16,21,22,23>13,1,21,5,6,7,8,10,12,14,22,23
1,3,5,6,7,8,9,10,12,13,14,16,21,22,23>3,9,11,16,21,6,7,8,10,12,14,22,23
1,4,5,6,9,11,12,14,15,16,17,21,22>5,7,10,11,17,18,6,12,15,16,22
1,4,5,6,9,11,12,14,15,16,17,21,22>1,2,11,17,18,6,12,15,16,22
2,4,7,9,10,11,13,15,16,17,19,21,22,23>4,15,8,19,16,11,22,23
2,4,7,9,10,11,13,15,16,17,19,21,22,23>2,4,7,10,13,14,18,20,16,11,22,23
1,2,4,5,12,13,14,15,17,19,22,23>8,13,16,18,19,22,2,12,14,15,23
1,2,4,5,12,13,14,15,17,19,22,23>1,4,8,13,16,17,18,2,12,14,15,23
1,6,11,18,22>1,7,11,18
1,6,11,18,22>1,2,11,13,18,19,22
1,6,8,10,11,13,14,15,16,19,22>2,12,19,20,22,23,8,11,13,14,16
1,6,8,10,11,13,14,15,16,19,22>1,2,6,10,8,11,13,14,16
2,3,8,9,10,11,12,13,17,19,20>19,3,21,11,8,17,13
2,3,8,9,10,11,12,13,17,19,20>2,3,9,11,14,19,20,8,17,13
4,5,6,7,10,11,14,19,21>4,10,13,14,15,16,21,11,7
4,5,6,7,10,11,14,19,21>4,5,10,13,14,19,21,11,7
2,5,6,11,15,16,18,19,20,22,23>21,22,8,16,19,20,23
2,5,6,11,15,16,18,19,20,22,23>2,5,11,15,21,16,19,20,23
1,4,5,8,10,11,12,15,16,17,19,20,21,23>1,2,5,10,12,22,23,8,16,21
1,4,5,8,10,11,12,15,16,17,19,20,21,23>1,2,10,11,17,8,16,21
1,2,3,4,5,6,8,10,11,14,15,16,17,21,22,23>3,12,15,17,21,2,4,6,8,11,16,22,23
1,2,3,4,5,6,8,10,11,14,15,16,17,21,22,23>5,7,12,2,4,6,8,11,16,22,23
4,6,7,9,12,17,18,19,21,23>4,6,17,21,23,18,19,12,7
4,6,7,9,12,17,18,19,21,23>8,9,16,22,23,18,19,12,7
1,2,3,4,5,6,7,9,10,13,16,18,19,21,22>3,6,8,9,10,14,21,2,4,7,13,16,19,22
1,2,3,4,5,6,7,9,10,13,16,18,19,21,22>18,14,5,9,2,4,7,13,16,19,22
1,2,3,4,6,8,9,10,12,13,14,15,16,20>20,12,2,4,8,10,13,14,16
1,2,3,4,6,8,9,10,12,13,14,15,16,20>3,6,9,15,2,4,8,10,13,14,16
4,5,6,7,8,9,10,11,13,14,17,18,19,20,22,23>5,6,8,11,13,18,21,7,14,17,19,20,23
4,5,6,7,8,9,10,11,13,14,17,18,19,20,22,23>4,5,6,8,10,11,16,7,14,17,19,20,23
2,3,7,11,12,13,14,15,16,19,20,21>20,7,13,14,15,16,21
2,3,7,11,12,13,14,15,16,19,20,21>22,3,4,12,13,14,15,16,21
1,2,3,7,12,14,15,20,21>1,7,8,12,14,20,2,21,15
1,2,3,7,12,14,15,20,21>1,3,7,8,14,17,20,22,2,21,15
3,8,13,14,17,18>3,4,13,18,19,14
3,8,13,14,17,18>8,13,18,14
1,4,7,8,10,11,12,13,14,15,16,17,20,21,23>1,2,10,13,15,17,20,22,23,8,16,21,14
1,4,7,8,10,11,12,13,14,15,16,17,20,21,23>1,4,7,10,11,12,13,17,20,22,8,16,21,14
7,11,14,20,21,22>11,17,23,20,21,22
7,11,14,20,21,22>13,15,20,21,22
1,2,3,4,5,6,7,13,16,17,20,22,23>3,5,13,17,2,4,6,7,16,20,23
1,2,3,4,5,6,7,13,16,17,20,22,23>1,3,5,8,14,22,2,4,6,7,16,20,23
1,4,8,9,11,13,15,18,19,20,23>1,16,17,19,20
1,4,8,9,11,13,15,18,19,20,23>1,2,8,11,13,16,23,19,20
4,5,7,10,11,12,13,14,22>4,8,10,16,23,11,12,13,14
4,5,7,10,11,12,13,14,22>4,5,7,10,15,16,11,12,13,14
2,3,4,5,11,12,15,20,21,23>6,8,11,15,17,23,4,21
2,3,4,5,11,12,15,20,21,23>2,3,5,6,8,11,12,16,20,22,4,21
3,4,8,11,20,22>22,13,16,4,20
3,4,8,11,20,22>8,11,13,17,4,20
2,4,9,10,13,17,20,21,22>4,14,16,23,10,13,17,20,21,22
2,4,9,10,13,17,20,21,22>9,14,16,18,23,10,13,17,20,21,22
2,5,6,10,11,15,18,19,23>5,7,15,20,23,19,11
2,5,6,10,11,15,18,19,23>2,5,6,10,15,18,20,23,19,11
1,2,5,7,8,9,11,12,13,15,16,18,19,20,22,23>5,12,13,18,20,22,2,8,16,19,23
1,2,5,7,8,9,11,12,13,15,16,18,19,20,22,23>1,5,7,12,14,18,21,2,8,16,19,23
1,2,3,4,5,7,8,9,10,11,12,13,15,16,17,21,23>3,5,6,13,14,15,22,23,2,4,8,10,11,12,16
1,2,3,4,5,7,8,9,10,11,12,13,15,16,17,21,23>1,3,5,15,17,21,23,2,4,8,10,11,12,16
1,2,5,6,7,8,9,11,15,16,17,18,19,20,23>6,9,15,18,21,2,7,8,16,19,20
1,2,5,6,7,8,9,11,15,16,17,18,19,20,23>1,6,11,21,23,2,7,8,16,19,20
3,4,5,6,10,12,13,15,17,19,21>7,8,11,16,17,13,4,12
3,4,5,6,10,12,13,15,17,19,21>3,5,6,8,10,11,14,15,17,18,22,13,4,12
1,4,5,7,10,13,18,19,23>16,5,20,11,19
1,4,5,7,10,13,18,19,23>1,2,4,5,7,11,13,14,19
1,4,7,9,12,13,14,15,18,23>1,9,13,16,23,12,14,15
1,4,7,9,12,13,14,15,18,23>16,2,18,7,12,14,15
1,2,3,4,5,8,9,10,12,13,14,16,18,19,21,23>21,3,22,2,4,8,12,14,16,19
1,2,3,4,5,8,9,10,12,13,14,16,18,19,21,23>1,5,9,10,11,13,21,2,4,8,12,14,16,19
2,4,5,6,7,10,12,15,17,18,20,21,22,23>4,10,12,15,19,6,7,17,18,21,22,23
2,4,5,6,7,10,12,15,17,18,20,21,22,23>2,4,5,10,15,19,20,6,7,17,18,21,22,23
1,5,6,9,13,16,18,21,22>1,5,8,9,13,18,19,23,6,22
1,5,6,9,13,16,18,21,22>1,5,9,12,13,14,18,21,6,22
1,2,4,5,8,11,14,15,16,17,23>5,6,11,14,15,17,8,16,2
1,2,4,5,8,11,14,15,16,17,23>1,5,12,14,15,8,16,2
1,2,6,7,9,10,11,12,13,14,17,18,20,21,22,23>6,9,11,12,13,19,2,7,10,14,17,18,21,22,23
1,2,6,7,9,10,11,12,13,14,17,18,20,21,22,23>6,8,9,11,12,2,7,10,14,17,18,21,22,23
2,4,8,10,12,18,19,22,23>2,10,11,16,8,19,12,23
2,4,8,10,12,18,19,22,23>2,4,10,16,18,22,8,19,12,23
1,2,4,6,7,9,11,12,15,17,20,22>8,9,11,13,15,20,22,23,17,2,7
1,2,4,6,7,9,11,12,15,17,20,22>1,4,13,15,21,22,17,2,7
1,4,8,12,16,17,22>1,13,22,8,16,12
1,4,8,12,16,17,22>2,13,17,22,8,16,12
1,2,5,8,9,11,12,16,20,23>5,9,10,12,16,23,8,2
1,2,5,8,9,11,12,16,20,23>1,6,10,20,21,8,2
2,3,4,5,6,7,8,9,11,14,16,17,19,21>2,6,9,11,14,19,20,21,8,16,4,7
2,3,4,5,6,7,8,9,11,14,16,17,19,21>2,6,13,17,19,20,22,8,16,4,7
1,2,4,8,13,16,21,23>14,22,8,16,2
1,2,4,8,13,16,21,23>12,13,14,21,8,16,2
3,4,6,7,9,11,13,16,19,21,22>19,3,21,11,4,7,13,16,22
3,4,6,7,9,11,13,16,19,21,22>21,8,4,7,13,16,22
1,4,6,8,9,10,11,12,13,17,18,20>1,2,9,11,12,19,20,21,8,17,10,13
1,4,6,8,9,10,11,12,13,17,18,20>1,2,4,6,9,11,14,20,21,8,17,10,13
6,8,10,11,12,13,15,18,19,23>18,6,15,23,8,19,11,12
6,8,10,11,12,13,15,18,19,23>18,10,8,19,11,12
2,3,8,10,11,12,14,15,17,21,22>2,3,10,13,16,21,23,8,11,12,22
2,3,8,10,11,12,14,15,17,21,22>3,4,13,14,15,17,23,8,11,12,22
2,4,5,6,8,9,11,12,15,16,18,19>2,6,7,9,18,8,16,19,12
2,4,5,6,8,9,11,12,15,16,18,19>2,4,6,9,15,8,16,19,12
1,3,7,8,12,15,17,18,21>2,7,16,18,21,22,8,12
1,3,7,8,12,15,17,18,21>3,4,7,13,15,16,17,19,8,12
2,4,7,11,15,18,19,20,23>18,11,15,17,19,20
2,4,7,11,15,18,19,20,23>2,15,16,17,21,23,19,20
1,3,5,9,11,12,16,20,21,23>1,3,4,5,6,8,9,10,11,16,20,22,21
1,3,5,9,11,12,16,20,21,23>1,2,3,4,8,9,10,11,12,23,21
5,7,8,9,11,15,18,19,20,22>5,7,13,15,16,17,18,21,22,23,19,20
5,7,8,9,11,15,18,19,20,22>5,8,9,22,19,20
2,4,8,9,10,11,13,14,15,16,18,20,22>21,4,19,8,10,13,14,16,20
2,4,8,9,10,11,13,14,15,16,18,20,22>2,4,9,15,23,8,10,13,14,16,20
1,2,5,7,8,9,11,14,17,19>5,11,14,17,20,2
1,2,5,7,8,9,11,14,17,19>14,20,7,8,2
2,7,8,9,10,12,14,15,22,23>22,2,9,14,8,10,12,23
2,7,8,9,10,12,14,15,22,23>7,9,8,10,12,23
6,7,10,11,12,15,17,18,19,21,22>15,16,17,7,11,12,18,19,22
6,7,10,11,12,15,17,18,19,21,22>8,10,13,15,16,21,23,7,11,12,18,19,22
1,5,6,9,10,12,14,15,16,18,21,23>2,8,9,11,19,21,22,6,10,12,15,16
1,5,6,9,10,12,14,15,16,18,21,23>2,7,19,22,23,6,10,12,15,16
5,7,10,11,12,13,16,19,20,21,23>5,7,10,11,12,13,19,20,22,23,21
5,7,10,11,12,13,16,19,20,21,23>7,8,13,14,19,22,21
1,2,4,6,7,8,9,10,13,15,17,19>1,8,9,14,17,2,13,7
1,2,4,6,7,8,9,10,13,15,17,19>4,6,9,11,15,16,2,13,7
1,2,3,7,8,9,11,12,15,16,17,19,21,22>4,7,9,15,19,21,23,2,8,12,16,22
1,2,3,7,8,9,11,12,15,16,17,19,21,22>1,3,4,7,13,17,21,2,8,12,16,22
1,2,3,5,6,8,9,15,19,20,21,22,23>1,3,5,7,9,15,16,17,2,20,21,22,23
1,2,3,5,6,8,9,15,19,20,21,22,23>1,4,15,17,19,2,20,21,22,23
1,2,6,8,11,12,14,15,19,20>12,14,17,19,21,8,2
1,2,6,8,11,12,14,15,19,20>1,6,7,12,13,15,16,17,19,21,8,2
3,4,8,9,13,14,15,18,20,23>16,17,18,19,21,23,4,20,14
3,4,8,9,13,14,15,18,20,23>9,10,13,15,16,4,20,14
1,4,5,6,8,9,11,12,14,15,16,18,22>1,5,7,10,11,13,23,8,16,12,6
1,4,5,6,8,9,11,12,14,15,16,18,22>4,5,9,10,18,22,8,16,12,6
5,8,9,13,14,17,19,22,23>22,17,19,20,14,23
5,8,9,13,14,17,19,22,23>22,13,19,20,14,23
1,2,3,6,8,10,14,16,19>20,3,4,7,8,2
1,2,3,6,8,10,14,16,19>1,3,4,6,7,12,8,2
1,3,4,6,8,10,11,16,19,23>19,20,23,10,8,16,11,4
1,3,4,6,8,10,11,16,19,23>3,10,8,16,11,4
3,4,5,8,11,12,14,17,18,19,21,23>3,14,16,21,22,23,8,19,4,12
3,4,5,8,11,12,14,17,18,19,21,23>5,11,14,16,21,22,23,8,19,4,12
2,6,11,15,16,21,23>7,11,12,15,22,16
2,6,11,15,16,21,23>6,7,8,11,12,22,16
1,2,3,13,14,16,21,22>3,8,12,15,16,21,23,2,13,14,22
1,2,3,13,14,16,21,22>1,3,12,15,16,21,2,13,14,22
2,4,5,8,10,11,14,15,17,18,21,22>2,4,5,6,8,10,13,14,17,18,21,11,22
2,4,5,8,10,11,14,15,17,18,21,22>2,4,5,8,15,18,19,23,11,22
2,6,9,10,12,15,16,20,23>20,23,8,12,16,10
2,6,9,10,12,15,16,20,23>20,21,6,15,16,10
2,4,6,10,12,13,14,15,17,18,19,20,23>10,12,13,16,21,14,15,17,18,19
2,4,6,10,12,13,14,15,17,18,19,20,23>2,8,10,20,21,23,14,15,17,18,19
1,3,4,7,10,12,13,17,18,19,22>2,7,8,10,16,17,23,4,12,13,18,19
1,3,4,7,10,12,13,17,18,19,22>1,2,8,10,22,4,12,13,18,19
2,3,5,8,10,12,15,18,20,21,22,23>2,4,12,15,16,17,19,8,21,22,23
2,3,5,8,10,12,15,18,20,21,22,23>3,4,10,12,18,19,20,8,21,22,23
1,2,7,8,10,11,12,13,15,16,18,19,20,21>1,7,11,14,15,18,20,2,8,13,16,19,21
1,2,7,8,10,11,12,13,15,16,18,19,20,21>1,10,11,12,18,20,22,2,8,13,16,19,21
1,2,3,5,6,7,8,10,11,13,16,17,19,22,23>1,3,4,10,12,13,14,17,19,20,22,2,7,8,11,23
1,2,3,5,6,7,8,10,11,13,16,17,19,22,23>1,3,4,6,12,13,20,2,7,8,11,23
3,4,5,7,8,9,10,12,14,16,17,19,21>17,19,9,13,8,16,4,12
3,4,5,7,8,9,10,12,14,16,17,19,21>19,7,10,11,8,16,4,12
3,4,6,8,9,10,12,13,14,16,17,18,19,22,23>9,10,4,8,12,14,16,19,23
3,4,6,8,9,10,12,13,14,16,17,18,19,22,23>17,3,10,13,4,8,12,14,16,19,23
1,3,7,10,11,15,16,17,18,20>1,2,4,15,19,16,18,20
1,3,7,10,11,15,16,17,18,20>1,2,3,4,10,13,19,16,18,20
1,2,3,4,5,6,7,8,9,10,11,12,14,17,18,19,22>14,16,9,2,4,7,8,11,12,19
1,2,3,4,5,6,7,8,9,10,11,12,14,17,18,19,22>1,3,9,13,14,18,2,4,7,8,11,12,19
6,7,8,9,11,12,13,14,16,17,20,21,22,23>17,6,9,11,7,8,14,21,22,23
6,7,8,9,11,12,13,14,16,17,20,21,22,23>10,12,7,8,14,21,22,23
1,2,3,4,7,8,10,14,16,19,23>7,10,11,12,14,8,16,2,4
1,2,3,4,7,8,10,14,16,19,23>1,3,7,12,19,20,23,8,16,2,4
5,6,9,10,14,18,20,21,23>19,22,10,20,21,6
5,6,9,10,14,18,20,21,23>22,15,17,10,20,21,6
1,2,3,4,6,7,9,10,12,13,17,18,19,20,22,23>1,6,8,9,12,20,2,4,7,17,18,19,23
1,2,3,4,6,7,9,10,12,13,17,18,19,20,22,23>3,6,8,9,12,14,16,21,22,2,4,7,17,18,19,23
1,2,3,5,8,11,13,14,15,16,18,20>3,5,6,18,21,2,8,13,14,16,20
1,2,3,5,8,11,13,14,15,16,18,20>4,6,15,18,21,2,8,13,14,16,20
1,3,5,6,7,8,9,15,18,20,21,22>2,5,9,10,15,18,19,23,6,7,20,21,22
1,3,5,6,7,8,9,15,18,20,21,22>2,8,9,15,16,23,6,7,20,21,22
6,9,10,11,12,13,14,16,18,20>6,12,15,10,13,14
6,9,10,11,12,13,14,16,18,20>6,7,11,16,18,19,20,21,10,13,14
4,5,7,10,11,12,13,14,17,18,19,20,23>5,12,16,20,23,17,18,19,14
4,5,7,10,11,12,13,14,17,18,19,20,23>5,7,10,11,15,20,23,17,18,19,14
2,3,5,6,8,9,14,17,18,19,20,21,22,23>2,18,14,8,17,19,20,21,22,23
2,3,5,6,8,9,14,17,18,19,20,21,22,23>2,3,5,6,14,17,19,20,21,22,23
1,2,4,5,10,12,15,17,18,19,21,23>16,4,10,19,2,18,12
1,2,4,5,10,12,15,17,18,19,21,23>1,5,10,15,17,21,22,23,19,2,18,12
1,2,4,6,11,14,16,17,18,19,20,23>1,4,7,8,14,17,21,2,16,18,19,20
1,2,4,6,11,14,16,17,18,19,20,23>1,4,6,8,14,15,21,2,16,18,19,20
1,6,8,9,12,14,16,18,19,21>16,1,22,7,8,19,12
1,6,8,9,12,14,16,18,19,21>1,13,14,16,18,21,8,19,12
1,2,6,9,11,13,15,18,19,21,22>6,9,11,16,18,21,23,2,19,13,22
1,2,6,9,11,13,15,18,19,21,22>1,7,9,11,18,23,2,19,13,22
1,2,3,4,5,6,8,10,11,13,14,16,17,19,20,21,22,23>3,19,10,11,2,4,8,14,16,20,21,22,23
1,2,3,4,5,6,8,10,11,13,14,16,17,19,20,21,22,23>13,1,5,7,2,4,8,14,16,20,21,22,23
2,5,6,10,12,13,14,15,17,18,19,21>2,5,10,11,21,22,12,13,14,15,18,19
2,5,6,10,12,13,14,15,17,18,19,21>16,2,6,22,12,13,14,15,18,19
3,4,7,9,12,16,18,19,20,22,23>21,22,7,20,16,19,4,23
3,4,7,9,12,16,18,19,20,22,23>22,8,12,20,16,19,4,23
2,4,5,6,7,9,11,13,15,16,17,18,23>2,4,9,10,11,12,13,14,17,23,16,18,6,7
2,4,5,6,7,9,11,13,15,16,17,18,23>2,4,5,11,12,14,16,18,6,7
2,4,6,8,11,12,13,14,17>4,11,8,12,13,14
2,4,6,8,11,12,13,14,17>6,11,17,8,12,13,14
1,3,4,6,7,8,9,10,12,14,16,18,21,22,23>18,3,11,4,7,8,10,12,16,22,23
1,3,4,6,7,8,9,10,12,14,16,18,21,22,23>2,3,6,14,21,4,7,8,10,12,16,22,23
1,4,5,6,7,8,9,10,14,16,18,19,20,21>1,2,6,9,13,14,7,8,16,19,20,21
1,4,5,6,7,8,9,10,14,16,18,19,20,21>1,4,5,6,9,10,14,7,8,16,19,20,21
2,3,5,6,10,11,12,13,14,17,18,20,21,23>4,5,8,13,19,20,23,6,14,17,18,21
2,3,5,6,10,11,12,13,14,17,18,20,21,23>3,4,10,12,20,23,6,14,17,18,21
3,4,5,8,11,14,15,16,17,19,20,21,22>11,13,14,15,23,4,8,16,20,21,22
3,4,5,8,11,14,15,16,17,19,20,21,22>3,11,13,23,4,8,16,20,21,22
1,2,3,5,6,7,13,14,15,16,20,21,22>3,5,2,6,7,13,14,15,16,20,21,22
1,2,3,5,6,7,13,14,15,16,20,21,22>4,5,8,2,6,7,13,14,15,16,20,21,22
1,2,3,4,6,7,9,13,15,16,17,20,21,22>1,3,10,15,18,23,2,4,7,13,16,20,21,22
1,2,3,4,6,7,9,13,15,16,17,20,21,22>1,3,6,9,10,15,17,23,2,4,7,13,16,20,21,22
1,2,4,5,7,10,14,15,17,18,21,23>1,4,6,11,14,16,17,19,22,23,2,18,15
1,2,4,5,7,10,14,15,17,18,21,23>1,5,11,16,19,2,18,15
2,4,7,9,10,16,17,19,20,21,22,23>2,7,9,10,19,16,20,21,22,23
2,4,7,9,10,16,17,19,20,21,22,23>2,7,17,18,19,16,20,21,22,23
2,3,6,7,8,9,10,12,14,15,16,17,19,21,23>2,10,11,15,22,23,8,16,12,7
2,3,6,7,8,9,10,12,14,15,16,17,19,21,23>2,4,6,9,14,15,17,22,8,16,12,7
1,2,3,4,5,6,8,10,11,12,17,18,19,21,22,23>1,10,16,17,18,2,4,8,11,12,19,22,23
1,2,3,4,5,6,8,10,11,12,17,18,19,21,22,23>18,5,16,2,4,8,11,12,19,22,23
2,3,6,7,9,11,12,14,15,17,18,20,21,22>8,9,12,16,19,7,15,17,18,21,22
2,3,6,7,9,11,12,14,15,17,18,20,21,22>2,6,12,16,19,20,23,7,15,17,18,21,22
3,7,8,12,13,16,18,19,20,21,23>3,13,20,16,8,19,21
3,7,8,12,13,16,18,19,20,21,23>4,7,12,14,23,8,19,21
2,3,4,5,6,7,8,9,10,22,23>3,8,11,4,6,7,10,23
2,3,4,5,6,7,8,9,10,22,23>22,3,8,4,6,7,10,23
1,2,4,5,6,13,15,16,19,21,23>5,13,14,15,21,22,23,16,2
1,2,4,5,6,13,15,16,19,21,23>1,4,5,8,12,15,16,2
2,3,4,8,9,14,15,17,19,20,21,22,23>3,15,16,4,17,20,21,22,23
2,3,4,8,9,14,15,17,19,20,21,22,23>2,3,8,15,19,4,17,20,21,22,23
2,3,7,9,10,13,17,18,20,21>2,3,10,13,17,18,20,21
2,3,7,9,10,13,17,18,20,21>3,4,10,13,17,18,20,21
1,2,3,5,7,10,13,14,16,19,20,22,23>1,5,8,13,15,16,22,2,20,14,23
1,2,3,5,7,10,13,14,16,19,20,22,23>1,5,7,13,16,19,22,2,20,14,23
1,2,5,9,10,11,14,17,18,19,20,21,23>5,11,14,15,22,23,2,17,18,19,20,21
1,2,5,9,10,11,14,17,18,19,20,21,23>1,9,11,23,2,17,18,19,20,21
2,3,4,6,7,9,11,12,14,17,18,21,22,23>8,9,10,11,14,4,7,12,18,22,23
2,3,4,6,7,9,11,12,14,17,18,21,22,23>2,3,8,14,16,17,4,7,12,18,22,23
1,4,5,6,7,8,14,15,16,18,21,23>1,2,18,19,22,8,16,6,7
1,4,5,6,7,8,14,15,16,18,21,23>4,5,12,14,8,16,6,7
1,2,3,6,7,8,10,12,14,19,23>19,10,11,8,2,12,7
1,2,3,6,7,8,10,12,14,19,23>1,3,4,6,11,8,2,12,7
3,4,7,9,10,11,14,16,19,20,23>3,8,9,11,21,23,16,4,20
3,4,7,9,10,11,14,16,19,20,23>3,7,8,10,11,14,15,19,21,23,16,4,20
1,3,4,7,12,13,16,17,18,19,22>1,14,4,12,13,16,18,19
1,3,4,7,12,13,16,17,18,19,22>1,3,8,17,4,12,13,16,18,19
2,3,5,6,7,8,9,11,14,15,18,22,23>2,5,9,10,11,15,16,19,22,23,6,7
2,3,5,6,7,8,9,11,14,15,18,22,23>2,3,8,9,10,11,15,16,18,19,23,6,7
1,2,4,5,6,7,10,11,12,15,16,17,18,19,20,22,23>1,6,8,12,15,2,7,16,18,19,23
1,2,4,5,6,7,10,11,12,15,16,17,18,19,20,22,23>4,5,6,8,10,11,12,15,17,21,2,7,16,18,19,23
1,4,5,9,10,12,14,15,18,22,23>4,6,11,16,18,19,22,10,12,23,15
1,4,5,9,10,12,14,15,18,22,23>2,4,5,6,8,11,14,16,10,12,23,15
2,7,9,10,12,13,15,16,19,20,21,22,23>2,9,12,14,15,19,16,21,22,23
2,7,9,10,12,13,15,16,19,20,21,22,23>2,7,12,13,14,16,21,22,23
2,5,8,9,10,13,14,16,17,18,21,22>9,11,16,18,19,8,10,13,14,22
2,5,8,9,10,13,14,16,17,18,21,22>2,5,11,16,18,21,8,10,13,14,22
1,3,6,7,8,9,12,15,16,18,21,22>13,2,3,9,7,8,12,16,22
1,3,6,7,8,9,12,15,16,18,21,22>1,2,3,9,10,19,21,7,8,12,16,22
1,2,3,4,5,6,7,8,9,11,13,16,17,19,20>17,21,6,14,2,4,7,8,13,16,20
1,2,3,4,5,6,7,8,9,11,13,16,17,19,20>1,3,5,14,2,4,7,8,13,16,20
1,2,4,8,9,13,14,15,16,17,23>17,8,16,2,14
1,2,4,8,9,13,14,15,16,17,23>9,10,13,8,16,2,14
1,4,6,10,12,15,16,18>2,4,6,7,10,11,13,19,16,12
1,4,6,10,12,15,16,18>1,2,4,6,7,8,11,13,19,16,12
1,3,6,7,8,9,13,15,16,18,20,21,22>1,3,9,14,23,7,8,13,16,20,21,22
1,3,6,7,8,9,13,15,16,18,20,21,22>2,3,14,19,23,7,8,13,16,20,21,22
1,2,3,4,5,6,7,8,9,10,11,15,16,17,19,20,21,22>6,10,11,13,15,19,23,2,4,7,8,16,20,21,22
1,2,3,4,5,6,7,8,9,10,11,15,16,17,19,20,21,22>5,9,10,11,19,2,4,7,8,16,20,21,22
1,3,8,9,10,11,12,13,16,17,18,19,21>1,4,9,17,21,22,8,11,12,13,19
1,3,8,9,10,11,12,13,16,17,18,19,21>1,3,4,9,10,14,18,21,8,11,12,13,19
1,2,5,6,7,8,9,10,13,18,19,20,23>5,8,10,13,2,19,20,7
1,2,5,6,7,8,9,10,13,18,19,20,23>1,6,9,10,14,17,18,21,2,19,20,7
3,4,5,6,7,10,11,12,16,19,22,23>5,6,22,4,7,11,12,16,23
3,4,5,6,7,10,11,12,16,19,22,23>3,5,6,8,19,4,7,11,12,16,23
3,6,7,11,13,14,20,23>3,11,13,15,21,23,20,14,7
3,6,7,11,13,14,20,23>6,11,13,15,20,14,7
7,9,10,11,12,17,19,22>8,10,17,19,23,11,12
7,9,10,11,12,17,19,22>7,8,10,13,19,22,11,12
1,2,5,9,11,12,14,17,20,21,22>9,10,11,13,20,23,17,2,21,22
1,2,5,9,11,12,14,17,20,21,22>6,10,11,12,15,18,20,23,17,2,21,22
2,3,7,9,10,12,13,17,18,19,20,22>7,9,12,14,21,22,17,18,19,13
2,3,7,9,10,12,13,17,18,19,20,22>2,3,4,7,12,23,17,18,19,13
2,5,6,7,9,10,12,13,16,18,19,20,21,22,23>2,6,9,12,13,14,16,7,19,21,22,23
2,5,6,7,9,10,12,13,16,18,19,20,21,22,23>5,6,20,7,19,21,22,23
4,5,9,10,16,17,20,21,22>5,6,8,9,18,10,16,20,21,22
4,5,9,10,16,17,20,21,22>4,5,6,9,17,10,16,20,21,22
7,8,11,13,14,15,19,20,21,22>23,8,16,13,14,20,21,22
7,8,11,13,14,15,19,20,21,22>7,8,15,16,19,13,14,20,21,22
1,3,4,5,7,14,15,18,23>16,1,6,14,4,15
1,3,4,5,7,14,15,18,23>1,3,14,16,18,4,15
1,3,7,9,11,12,13,19,23>2,4,8,11,14,19,23,12
1,3,7,9,11,12,13,19,23>1,2,4,7,13,19,12
2,3,5,6,9,10,12,13,14,15,20,22,23>3,5,9,12,13,16,17,21,22,6,10,14,15,23
2,3,5,6,9,10,12,13,14,15,20,22,23>4,9,13,16,21,22,6,10,14,15,23
1,2,5,6,8,9,11,12,13,14,15,17,18,22,23>1,9,11,13,17,18,19,22,2,6,8,12,14,23
1,2,5,6,8,9,11,12,13,14,15,17,18,22,23>1,5,11,16,17,2,6,8,12,14,23
4,8,9,10,12,13,14,16,17,18,23>17,18,19,8,10,12,14,16
4,8,9,10,12,13,14,16,17,18,23>4,9,19,8,10,12,14,16
2,3,5,6,8,9,10,11,14,18,19,20,21,23>2,3,5,6,7,8,10,14,18,23,19,20,21
2,3,5,6,8,9,10,11,14,18,19,20,21,23>2,3,4,6,7,9,11,14,18,19,20,21
1,4,5,10,15,18,19,20,22>18,10,15,16,19,20
1,4,5,10,15,18,19,20,22>1,5,16,17,21,19,20
1,4,5,6,7,8,9,10,13,16,21>1,4,12,14,22,6,7,8,10,13,16
1,4,5,6,7,8,9,10,13,16,21>2,4,9,12,21,6,7,8,10,13,16
3,7,8,9,10,11,12,14,15,16,18,19,22>4,9,13,15,18,22,8,11,12,16,19
3,7,8,9,10,11,12,14,15,16,18,19,22>3,7,10,13,18,8,11,12,16,19
1,2,8,9,11,16,17,19,20,21,23>1,11,17,19,22,8,2,20,21
1,2,8,9,11,16,17,19,20,21,23>1,11,16,17,23,8,2,20,21
1,2,6,7,8,9,11,12,14,16,17,19,22>9,11,14,16,19,22,23,8,2,12,7
1,2,6,7,8,9,11,12,14,16,17,19,22>1,9,11,13,17,23,8,2,12,7
2,4,6,7,12,14,16,18,19,20,22,23>2,4,6,8,12,15,18,20,22,16,19,23,7
2,4,6,7,12,14,16,18,19,20,22,23>2,4,6,14,18,16,19,23,7
2,5,6,7,11,12,14,16,19,20>2,11,13,19,20,21,7
2,5,6,7,11,12,14,16,19,20>5,6,8,12,13,19,21,7
3,4,9,11,13,17,23>3,10,11,14,17,23,4
3,4,9,11,13,17,23>9,10,11,17,23,4
1,2,3,4,5,6,8,11,13,14,15,18,22,23>7,8,11,18,22,2,4,6,14,23
1,2,3,4,5,6,8,11,13,14,15,18,22,23>1,5,7,11,22,2,4,6,14,23
1,2,4,5,6,7,8,12,13,14,18,19,20,21>4,6,12,16,18,22,2,7,8,13,14,19,21
1,2,4,5,6,7,8,12,13,14,18,19,20,21>1,4,6,12,16,18,2,7,8,13,14,19,21
1,2,4,5,6,7,10,11,12,13,14,18,19,20,21>5,11,12,16,17,18,20,22,2,7,13,14,19,21
1,2,4,5,6,7,10,11,12,13,14,18,19,20,21>4,5,10,11,12,18,22,2,7,13,14,19,21
1,3,5,7,10,12,15,16,18,20,21,23>5,6,7,15,18,20,22,23,16,21
1,3,5,7,10,12,15,16,18,20,21,23>1,3,6,10,12,15,18,20,22,23,16,21
1,4,10,12,14,17,19,20,21>2,10,12,14,15,18,19,20,17,21
1,4,10,12,14,17,19,20,21>2,4,8,10,13,17,21
2,3,6,7,9,14,15,16,17,18,22>2,6,8,9,12,14,17,19,22,23,16,18,15,7
2,3,6,7,9,14,15,16,17,18,22>4,9,10,12,23,16,18,15,7
1,3,7,10,11,12,13,14,18,19>15,2,7,8,11,12,13,14,19
1,3,7,10,11,12,13,14,18,19>1,2,3,8,10,11,12,13,14,19
3,4,5,6,8,9,10,11,13,14,15,16,17,20,22>3,5,15,17,4,6,8,10,13,14,16,20
3,4,5,6,8,9,10,11,13,14,15,16,17,20,22>5,7,15,17,21,23,4,6,8,10,13,14,16,20
1,3,4,5,6,7,11,12,14,15,17,18,19,21>21,6,8,11,4,7,12,15,18,19
1,3,4,5,6,7,11,12,14,15,17,18,19,21>2,3,5,8,13,22,4,7,12,15,18,19
5,7,11,13,14,15,16,19,20>7,19,13,14,15,16,20
5,7,11,13,14,15,16,19,20>7,8,13,14,15,16,20
4,5,7,8,12,13,14,15,17,18,19,22>4,5,17,18,22,8,12,13,14,19
4,5,7,8,12,13,14,15,17,18,19,22>4,7,15,16,17,18,8,12,13,14,19
5,7,9,10,13,14,15,17,21,22>5,9,16,17,21,10,13,14,15,22
5,7,9,10,13,14,15,17,21,22>5,7,16,17,18,23,10,13,14,15,22
5,12,14,15,16,23>5,16,12,15
5,12,14,15,16,23>6,23,16,12,15
3,4,7,8,10,11,12,17>7,16,17,8,11,4,12
3,4,7,8,10,11,12,17>3,7,13,17,8,11,4,12
3,8,10,12,14,15,16,20,21,23>22,10,15,8,16,21
3,8,10,12,14,15,16,20,21,23>23,10,14,20,8,16,21
3,8,9,10,11,12,13,14,16,18,20,21,22,23>19,11,13,8,10,14,21,22,23
3,8,9,10,11,12,13,14,16,18,20,21,22,23>9,13,16,19,20,8,10,14,21,22,23
2,4,6,7,12,16,17,18,19,20,21>4,8,12,17,7,16,18,19,21
2,4,6,7,12,16,17,18,19,20,21>2,6,12,17,7,16,18,19,21
1,2,3,6,7,8,9,10,11,12,13,14,17,19,22,23>6,13,2,7,8,11,12,14,23
1,2,3,6,7,8,9,10,11,12,13,14,17,19,22,23>22,4,2,7,8,11,12,14,23
5,12,13,14,18,19,20,22,23>5,8,17,18,20,21,22,19,14,23
5,12,13,14,18,19,20,22,23>5,12,13,15,17,18,22,19,14,23
3,6,9,10,11,12,13,14,15,16,18,19,20,23>7,8,10,13,20,16,19,14,15
3,6,9,10,11,12,13,14,15,16,18,19,20,23>3,8,10,13,20,16,19,14,15
1,2,4,6,7,8,9,11,12,13,14,16,18>19,4,10,18,2,7,8,12,13,14,16
1,2,4,6,7,8,9,11,12,13,14,16,18>1,4,11,18,19,2,7,8,12,13,14,16
1,2,4,6,9,10,13,14,15,17,20,22>7,9,18,22,23,2,10,13,14,15,17,20
1,2,4,6,9,10,13,14,15,17,20,22>4,6,16,21,23,2,10,13,14,15,17,20
2,5,7,8,10,12,13,15,17,19,20,22>2,5,7,10,12,15,16,19,23,8,17,13
2,5,7,8,10,12,13,15,17,19,20,22>2,5,7,12,14,15,19,8,17,13
1,2,3,4,5,7,8,9,13,14,15,16,19,20,22,23>5,7,9,13,15,19,21,22,2,4,8,14,16,20,23
1,2,3,4,5,7,8,9,13,14,15,16,19,20,22,23>1,5,7,9,13,19,21,22,2,4,8,14,16,20,23
1,5,8,13,15,17,18,19,22>2,20,22,14,19
1,5,8,13,15,17,18,19,22>1,2,5,8,16,17,22,23,19
3,5,7,9,10,12,14,15,17,20,21,22,23>3,6,7,9,12,14,16,18,10,15,17,21,22,23
3,5,7,9,10,12,14,15,17,20,21,22,23>4,5,7,14,16,20,10,15,17,21,22,23
1,5,12,15,17,18,19,20,21,22,23>1,16,17,18,19,21,22,23
1,5,12,15,17,18,19,20,21,22,23>20,1,12,17,18,19,21,22,23
1,3,4,5,6,7,9,11,12,13,18,19,22>2,6,9,11,14,18,22,23,4,7,12,13,19
1,3,4,5,6,7,9,11,12,13,18,19,22>2,3,6,8,9,16,23,4,7,12,13,19
1,3,6,7,11,12,13,15,16,17,20,22>23,4,8,21,16,13,7
1,3,6,7,11,12,13,15,16,17,20,22>1,3,4,6,8,11,12,14,18,16,13,7
2,4,5,6,7,12,13,16,21>4,14,21,22,6,7,12,13,16
2,4,5,6,7,12,13,16,21>2,5,8,21,6,7,12,13,16
1,3,7,11,12,15,18,19,20,21,22>1,2,11,12,13,16,18,20,23,19,21,22
1,3,7,11,12,15,18,19,20,21,22>2,3,4,7,8,11,17,18,20,23,19,21,22
2,7,11,12,13,14,18,19,22,23>2,8,13,15,18,22,19,12,14,23
2,7,11,12,13,14,18,19,22,23>2,8,11,15,19,12,14,23
1,4,9,11,13,14,19,22,23>16,1,20,4,14,23
1,4,9,11,13,14,19,22,23>1,2,4,11,13,16,19,14,23
3,7,11,12,17,18,21,23>3,4,8,11,19,21,18,12
3,7,11,12,17,18,21,23>3,4,7,8,18,12
4,5,6,10,11,13,14,17,18,19,21,23>4,5,10,15,16,21,22,19,18,11,14
4,5,6,10,11,13,14,17,18,19,21,23>5,6,10,15,17,20,22,19,18,11,14
1,2,4,7,12,13,14,15,18,19,20,21>12,16,17,18,20,2,13,14,15,19,21
1,2,4,7,12,13,14,15,18,19,20,21>1,4,12,16,20,2,13,14,15,19,21
1,3,4,5,7,9,14,15,16,17,18,20,22,23>2,7,8,9,10,14,19,21,22,4,15,16,18,20,23
1,3,4,5,7,9,14,15,16,17,18,20,22,23>1,2,3,9,14,17,21,22,4,15,16,18,20,23
1,2,6,8,12,14,15,18,20,21,22>1,6,13,14,16,17,18,19,23,8,2,21,22
1,2,6,8,12,14,15,18,20,21,22>1,6,7,12,14,15,16,19,20,8,2,21,22
2,6,8,10,12,14,16,17,20>2,12,13,14,16,20,21,8
2,6,8,10,12,14,16,17,20>2,6,10,12,13,17,20,8
2,5,6,12,13,15,18,19,21,23>2,7,13,15,23,19,12
2,5,6,12,13,15,18,19,21,23>2,5,21,23,19,12
2,3,4,5,9,12,14,16,20>13,20,9,16,4
2,3,4,5,9,12,14,16,20>3,5,8,10,12,15,20,16,4
3,4,7,9,16,18,21,22>10,12,13,18,23,16,4,22
3,4,7,9,16,18,21,22>3,8,9,19,16,4,22
2,4,5,6,10,12,14,15,16,18,19,21>8,10,11,13,14,22,16,19,12,15
2,4,5,6,10,12,14,15,16,18,19,21>2,5,7,8,14,21,16,19,12,15
5,7,8,10,11,13,14,15,16,19,22,23>7,12,13,15,8,11,14,16,23
5,7,8,10,11,13,14,15,16,19,22,23>10,13,15,19,22,8,11,14,16,23
1,2,3,4,5,6,8,10,11,12,15,23>10,15,16,2,4,6,8,11,12
1,2,3,4,5,6,8,10,11,12,15,23>1,5,7,15,2,4,6,8,11,12
1,2,4,5,7,8,9,11,12,16,20,21,23>6,7,9,20,22,23,8,16,2,21
1,2,4,5,7,8,9,11,12,16,20,21,23>1,5,9,10,11,12,20,23,8,16,2,21
2,4,6,9,17,19,20,21,23>4,23,17,20,21
2,4,6,9,17,19,20,21,23>6,7,9,18,19,22,17,20,21
3,4,16,21,22>3,8,12,23,16,4,22
3,4,16,21,22>3,8,12,21,16,4,22
1,2,4,6,7,9,11,12,13,14,17,19,20,21>1,4,9,11,2,7,13,14,17,21
1,2,4,6,7,9,11,12,13,14,17,19,20,21>1,4,6,8,9,16,18,19,20,2,7,13,14,17,21
1,3,4,8,10,11,12,14,16,17,18,21,22,23>1,3,17,18,19,21,4,8,11,12,16,22,23
1,3,4,8,10,11,12,14,16,17,18,21,22,23>1,3,10,19,21,4,8,11,12,16,22,23
1,2,3,5,8,9,14,15,17,19,20,21,22,23>16,19,5,9,2,17,20,21,22,23
1,2,3,5,8,9,14,15,17,19,20,21,22,23>1,3,4,8,9,14,15,19,2,17,20,21,22,23
2,3,10,11,16,17,19,21,22,23>2,10,12,17,19,20,21,11,22,23
2,3,10,11,16,17,19,21,22,23>4,8,10,12,16,17,11,22,23
1,3,4,6,8,9,11,18,21>6,7,8,9,16,19,21,22,4
1,3,4,6,8,9,11,18,21>1,7,8,9,13,16,18,21,22,4
1,3,6,7,8,9,10,13,16,17,20>1,2,6,9,14,16,17,21,7,8,10,13,20
1,3,6,7,8,9,10,13,16,17,20>1,2,3,9,17,7,8,10,13,20
1,2,4,5,6,7,11,12,13,14,15,19,21,23>21,23,13,2,7,12,14,15
1,2,4,5,6,7,11,12,13,14,15,19,21,23>4,8,11,13,22,23,2,7,12,14,15
5,7,8,9,10,11,15,16,17,18,19,20,22,23>11,15,17,18,22,8,16,19,20,23
5,7,8,9,10,11,15,16,17,18,19,20,22,23>22,9,11,17,8,16,19,20,23
1,3,4,5,9,10,13,14,16,19,23>1,20,9,23,16,4,14
1,3,4,5,9,10,13,14,16,19,23>1,3,5,8,9,10,11,20,16,4,14
2,4,6,7,8,9,12,13,15,20,21,22,23>17,20,12,13,7,8,21,22,23
2,4,6,7,8,9,12,13,15,20,21,22,23>2,4,6,9,10,12,16,20,7,8,21,22,23
4,8,9,10,14,18,20,21,22,23>9,14,17,10,20,21,22,23
4,8,9,10,14,18,20,21,22,23>4,9,17,10,20,21,22,23
1,2,4,5,6,7,11,12,13,15,16,18,20>8,11,14,19,20,2,6,7,13,16
1,2,4,5,6,7,11,12,13,15,16,18,20>5,11,12,15,18,19,2,6,7,13,16
2,5,6,7,11,15,18,20,21>18,2,13,17,20,21,6,7
2,5,6,7,11,15,18,20,21>5,22,15,16,20,21,6,7
1,3,6,7,9,11,13,14,15,17,19,20,22>1,3,4,6,9,11,16,18,19,23,7,13,14,15,17,20
1,3,6,7,9,11,13,14,15,17,19,20,22>1,2,3,4,9,16,18,19,22,23,7,13,14,15,17,20
2,4,5,7,8,9,19,20,21,22,23>2,5,7,16,19,20,21,22,23
2,4,5,7,8,9,19,20,21,22,23>4,5,9,17,19,20,21,22,23
4,7,8,12,13,16,18,19,21,22,23>7,8,12,16,19,22,23
4,7,8,12,13,16,18,19,21,22,23>13,14,18,8,12,16,19,22,23
2,6,7,11,13,15,16,17,19,21>17,6,11,22,16,13,7
2,6,7,11,13,15,16,17,19,21>6,11,12,14,18,19,21,16,13,7
2,6,7,10,11,12,15,18,21>2,6,10,16,18,22,11,12,7
2,6,7,10,11,12,15,18,21>18,2,8,11,12,7
2,3,5,6,8,10,11,12,13,14,16,18,20,21,23>2,5,7,16,18,19,20,22,8,21,6,14
2,3,5,6,8,10,11,12,13,14,16,18,20,21,23>3,7,16,19,20,23,8,21,6,14
3,4,6,9,10,11,12,13,14,18,21>19,9,16,4,10,11,12,13,14
3,4,6,9,10,11,12,13,14,18,21>3,7,8,9,22,4,10,11,12,13,14
1,2,6,7,9,10,14,16,21>14,11,2,10,7
1,2,6,7,9,10,14,16,21>1,8,9,12,14,15,21,22,2,10,7
1,2,3,7,9,10,13,16,17,19,20,21,22,23>1,3,7,8,14,18,19,2,20,21,22,23
1,2,3,7,9,10,13,16,17,19,20,21,22,23>1,4,7,10,14,19,2,20,21,22,23
1,3,4,8,12,14,15,21,22>1,2,13,14,21,8,4,12,22
1,3,4,8,12,14,15,21,22>21,1,2,15,8,4,12,22
1,3,4,6,7,9,10,16,17,18,19,20,21,22,23>8,9,10,4,7,16,18,19,20,21,22,23
1,3,4,6,7,9,10,16,17,18,19,20,21,22,23>2,3,6,8,9,4,7,16,18,19,20,21,22,23
1,3,4,5,6,7,10,11,16,17,19,22,23>5,6,17,18,19,20,4,7,11,16,23
1,3,4,5,6,7,10,11,16,17,19,22,23>3,6,8,12,18,19,20,22,4,7,11,16,23
1,2,3,4,6,7,8,9,10,11,13,15,16,18,20,22,23>3,9,11,14,18,19,22,2,4,7,8,10,16,20,23
1,2,3,4,6,7,8,9,10,11,13,15,16,18,20,22,23>6,9,13,15,22,2,4,7,8,10,16,20,23
1,4,5,7,8,13,14,15,17,18,19,20,21,23>16,23,7,8,14,17,19,20,21
1,4,5,7,8,13,14,15,17,18,19,20,21,23>15,16,2,18,14,17,19,20,21
3,6,7,8,9,10,11,12,18,20,21>3,6,9,17,20,8,10,21,7
3,6,7,8,9,10,11,12,18,20,21>3,4,6,11,17,18,19,20,22,8,10,21,7
4,5,8,10,13,14,15,17,20,22,23>4,6,15,16,21,22,17,20,14,23
4,5,8,10,13,14,15,17,20,22,23>4,6,8,10,16,21,17,20,14,23
2,6,7,8,9,11,14,15,16,18,19,20,22>2,6,11,15,21,7,8,16,19,20
2,6,7,8,9,11,14,15,16,18,19,20,22>2,6,9,14,15,18,21,22,7,8,16,19,20
