TCR,NFAT,IFN-\beta,IFN-\betaR,IL-18,IL-18R,IRAK,SOCS1,IL-12,IL-12R,STAT4,T-bet,IFN-\gamma,IFN-\gammaR,JAK1,STAT1,IL-4,IL-4R,STAT6,GATA3,IL-10,IL-10R,STAT3
1,3,5,6,9,10,11,12,13,14,15,16,17,19,20,22>3,4,9,10,17,18,19,21,22,16,13,14,15
1,3,5,6,9,10,11,12,13,14,15,16,17,19,20,22>1,3,6,7,11,12,17,21,16,13,14,15
2,4,6,8,10,12,14,15,16,19,21,22>2,4,6,7,11,14,15,21,23,8,16,12,22
2,4,6,8,10,12,14,15,16,19,21,22>2,4,6,7,10,11,13,14,19,8,16,12,22
4,5,6,7,8,9,12,13,16,18,19,21,22>9,18,21,7,8,12,13,16,19,22
4,5,6,7,8,9,12,13,16,18,19,21,22>4,5,6,14,21,23,7,8,12,13,16,19,22
1,2,4,5,6,10,14,15,16,17,20,21,22,23>17,8,10,2,6,15,16,20,21,22,23
1,2,4,5,6,10,14,15,16,17,20,21,22,23>4,5,7,8,14,2,6,15,16,20,21,22,23
2,3,4,6,14,16,17,19>3,8,14,15,17,18,19,20,16,4
2,3,4,6,14,16,17,19>2,3,6,7,8,12,17,18,19,16,4
2,3,4,5,7,10,11,12,13,17,19,20>5,19,20,21,17,4,13
2,3,4,5,7,10,11,12,13,17,19,20>3,5,21,11,17,4,13
1,3,5,9,10,11,13,15,17,18,22>3,4,5,6,14,15,17,22,23,18,10,11,13
1,3,5,9,10,11,13,15,17,18,22>1,2,3,5,14,19,18,10,11,13
5,6,8,9,10,11,12,14,15,19,20,22>5,9,12,15,19,20,21,22,23,8
5,6,8,9,10,11,12,14,15,19,20,22>5,6,11,14,15,16,20,8
5,8,9,11,12,14,16,17,23>17,5,10,8,12
5,8,9,11,12,14,16,17,23>6,10,11,14,8,12
5,7,9,11,13,18,19,23>23,13,14,18,19
5,7,9,11,13,18,19,23>20,5,11,19
2,3,4,5,9,10,11,12,14,15,17,21,22>2,5,8,16,17,18,4,10,11,12,15,22
2,3,4,5,9,10,11,12,14,15,17,21,22>3,5,6,13,16,23,4,10,11,12,15,22
4,7,8,10,12,13,14,17,19,20,23>4,13,16,19,21,23,8,17,14
4,7,8,10,12,13,14,17,19,20,23>4,7,12,16,21,8,17,14
2,7,8,10,12,16,17,18,19,21,22>2,23,8,19,12,22
2,7,8,10,12,16,17,18,19,21,22>10,11,13,16,17,21,8,19,12,22
2,5,8,9,10,12,16,19,23>10,11,16,8,12
2,5,8,9,10,12,16,19,23>2,5,9,11,16,8,12
1,2,3,5,6,8,10,11,13,17,18,19,23>1,3,6,13,17,20,19,2,11
1,2,3,5,6,8,10,11,13,17,18,19,23>1,4,5,6,7,13,17,20,19,2,11
1,2,3,4,5,7,9,11,13,14,19,20,21,22,23>9,11,13,15,17,2,4,14,20,21,22,23
1,2,3,4,5,7,9,11,13,14,19,20,21,22,23>1,3,7,9,19,2,4,14,20,21,22,23
1,2,3,4,6,12,13,15,18,19,20,22>1,8,15,16,17,20,22,23,2,19,4,13
1,2,3,4,6,12,13,15,18,19,20,22>3,6,7,12,14,15,18,22,23,2,19,4,13
1,2,4,5,6,8,9,10,12,14,15,17,19>1,5,7,11,13,16,8,2,12
1,2,4,5,6,8,9,10,12,14,15,17,19>1,4,5,9,10,14,15,16,17,19,8,2,12
1,4,5,7,8,10,11,13,14,15,17,18,19,21,22,23>4,7,8,10,13,17,11,14,19,22,23
1,4,5,7,8,10,11,13,14,15,17,18,19,21,22,23>2,4,7,8,15,18,21,11,14,19,22,23
2,5,7,9,10,12,13,20,21,22>5,6,7,8,14,23,10,21,13,22
2,5,7,9,10,12,13,20,21,22>2,5,6,12,17,10,21,13,22
1,2,4,7,11,13,14,15,18,22,23>1,7,13,18,2,23,14,15
1,2,4,7,11,13,14,15,18,22,23>1,7,13,16,19,22,2,23,14,15
3,9,10,11,13,14,15,17,18,20,21,22>3,4,11,19,10,13,14,15,17,18,20,21,22
3,9,10,11,13,14,15,17,18,20,21,22>4,9,10,13,14,15,17,18,20,21,22
2,3,5,6,8,9,10,11,12,14,16,17,18,19,20,22,23>3,4,5,11,12,14,16,17,20,21,22,8,19,23
2,3,5,6,8,9,10,11,12,14,16,17,18,19,20,22,23>2,3,4,10,17,22,8,19,23
2,3,4,6,11,15,16,17,19,21,22,23>3,8,11,12,17,18,20,21,16,4,22,23
2,3,4,6,11,15,16,17,19,21,22,23>3,6,11,12,15,19,16,4,22,23
2,3,6,8,9,11,12,13,17,19,21>2,9,11,14,17,19,22,8,12,13
2,3,6,8,9,11,12,13,17,19,21>2,3,11,14,19,21,22,8,12,13
3,5,7,8,9,10,11,12,13,14,15,19,21,22>16,21,23,8,11,12,13,14,22
3,5,7,8,9,10,11,12,13,14,15,19,21,22>3,7,9,10,23,8,11,12,13,14,22
1,2,6,8,9,11,17,18,20,21>18,22,8,17,2,20,21
1,2,6,8,9,11,17,18,20,21>6,19,8,17,2,20,21
2,3,4,6,7,11,14,15,16,17,22,23>2,3,8,11,17,18,4,7,15,16,23
2,3,4,6,7,11,14,15,16,17,22,23>2,6,11,4,7,15,16,23
2,3,5,6,7,8,12,19,20,23>2,3,6,12,17,23,8,7
2,3,5,6,7,8,12,19,20,23>2,4,5,6,17,19,21,23,8,7
1,2,3,4,5,7,8,9,10,11,12,15,16,18,21,23>18,3,7,2,4,8,10,11,12,16
1,2,3,4,5,7,8,9,10,11,12,15,16,18,21,23>1,3,5,6,19,22,2,4,8,10,11,12,16
3,5,6,7,9,10,11,13,16,17,18,19,20,23>6,9,11,13,14,17,21,18,19,20,7
3,5,6,7,9,10,11,13,16,17,18,19,20,23>4,5,6,8,10,11,13,14,18,19,20,7
1,2,6,9,17,18,19,20,23>7,9,21,2,17,18,19,20
1,2,6,9,17,18,19,20,23>7,9,23,2,17,18,19,20
1,3,5,6,7,11,12,13,17,18,19,21,22,23>1,5,8,17,21,7,12,18,19,22,23
1,3,5,6,7,11,12,13,17,18,19,21,22,23>1,3,6,11,13,17,7,12,18,19,22,23
1,3,5,6,7,14,15,16,17,18,19,22,23>1,2,3,4,5,12,14,17,7,15,16,18,19,23
1,3,5,6,7,14,15,16,17,18,19,22,23>1,2,3,5,12,17,20,7,15,16,18,19,23
2,4,5,6,8,10,11,12,13,14,15,16,17,20,22,23>15,4,20,6,8,14,16,23
2,4,5,6,8,10,11,12,13,14,15,16,17,20,22,23>13,5,21,10,6,8,14,16,23
1,2,3,9,14,16,18,19,20,21>1,3,8,9,14,15,2,19,20,21
1,2,3,9,14,16,18,19,20,21>1,4,13,15,18,2,19,20,21
8,9,10,11,12,13,15,16,17,19,20,21,22>9,12,17,19,23,8,13,16,21,22
8,9,10,11,12,13,15,16,17,19,20,21,22>9,10,11,12,17,19,8,13,16,21,22
1,2,4,6,8,11,13,14,15,16,17,18,20,22>1,4,7,11,15,22,2,8,13,14,16,20
1,2,4,6,8,11,13,14,15,16,17,18,20,22>4,6,7,17,18,19,21,23,2,8,13,14,16,20
1,2,3,7,9,16,18,19,20,21,23>23,2,19,20,21
1,2,3,7,9,16,18,19,20,21,23>3,9,16,18,22,2,19,20,21
4,8,10,12,13,14,17,18,20,21>10,12,16,20,22,8,13,14,17,21
4,8,10,12,13,14,17,18,20,21>4,10,12,18,22,8,13,14,17,21
2,3,6,7,10,13,15,18,19,20,21,23>2,6,10,15,17,23,19,20,21,7
2,3,6,7,10,13,15,18,19,20,21,23>3,6,10,13,16,18,19,20,21,7
1,3,5,10,13,14,16,20,21>2,3,6,13,15,20,21,14
1,3,5,10,13,14,16,20,21>1,2,3,4,5,8,13,15,20,21,14
1,2,4,5,12,13,17,18,20,21>16,20,6,2,13,17,18,21
1,2,4,5,12,13,17,18,20,21>1,4,5,6,8,12,19,22,2,13,17,18,21
5,6,7,9,15,16,22>22,15,16,6,7
5,6,7,9,15,16,22>9,10,12,13,22,23,16,6,7
1,2,3,4,9,16,20,23>23,16,2,4,20
1,2,3,4,9,16,20,23>1,3,8,10,21,16,2,4,20
2,4,6,8,12,14,15,18,19,23>2,4,16,18,23,8,19,12
2,4,6,8,12,14,15,18,19,23>6,7,15,16,18,8,19,12
2,3,7,10,15,16,18,20,21,22>4,7,13,15,19,16,20,21,22
2,3,7,10,15,16,18,20,21,22>3,4,8,19,23,16,20,21,22
1,2,4,8,10,11,12,13,14,17,23>1,10,13,16,2,8,11,12,14
1,2,4,8,10,11,12,13,14,17,23>1,4,10,23,2,8,11,12,14
1,6,9,10,12,13,16,17,18,21>2,6,14,16,19,10,18,12,13
1,6,9,10,12,13,16,17,18,21>2,6,8,16,17,21,10,18,12,13
2,4,9,11,12,13,15,16,18,19,22,23>18,14,16,19,12,23
2,4,9,11,12,13,15,16,18,19,22,23>15,4,11,13,16,19,12,23
4,7,8,9,10,11,12,13,17,20>4,7,11,14,20,21,8,17,10,13
4,7,8,9,10,11,12,13,17,20>7,9,12,14,16,20,21,8,17,10,13
1,4,8,11,14,15,16,17,18,20,21,23>4,11,15,18,19,8,16,20,21
1,4,8,11,14,15,16,17,18,20,21,23>1,4,11,14,15,18,22,23,8,16,20,21
1,2,3,4,6,7,8,9,13,15,18,19,20,21,22,23>8,14,15,16,18,2,4,7,19,20,21,22,23
1,2,3,4,6,7,8,9,13,15,18,19,20,21,22,23>15,16,3,2,4,7,19,20,21,22,23
1,4,6,7,8,9,10,12,13,17,18,20,22>4,12,14,16,18,19,20,22,23,7,8,10,13,17
1,4,6,7,8,9,10,12,13,17,18,20,22>2,4,14,16,18,19,20,21,22,23,7,8,10,13,17
1,3,6,7,8,11,12,13,14,16,17,19,21>1,4,11,19,21,22,7,8,12,13,14
1,3,6,7,8,11,12,13,14,16,17,19,21>2,3,4,6,11,17,21,7,8,12,13,14
2,3,5,6,9,10,13,16,17,18,20,22>2,7,8,19,21,22,6,10,13,18,20
2,3,5,6,9,10,13,16,17,18,20,22>2,3,8,9,14,16,19,22,6,10,13,18,20
1,3,4,6,8,11,13,15,16,17,19,21>1,3,6,7,11,12,14,19,21,8,16,4,13
1,3,4,6,8,11,13,15,16,17,19,21>1,2,3,7,12,14,19,22,8,16,4,13
3,5,6,7,10,12,15,16,19,20>3,5,10,15,16,7
3,5,6,7,10,12,15,16,19,20>4,5,6,8,12,21,16,7
1,2,5,8,9,11,13,14,15,17,19,20>19,1,8,16,2,13,14,17,20
1,2,5,8,9,11,13,14,15,17,19,20>5,8,9,11,15,16,19,21,2,13,14,17,20
1,2,3,8,9,10,12,13,15,17,20,21,22,23>1,20,9,2,8,10,17,21,22,23
1,2,3,8,9,10,12,13,15,17,20,21,22,23>15,1,13,16,2,8,10,17,21,22,23
2,6,10,12,15,16,17,19,21>6,8,10,15,17,22,16,12
2,6,10,12,15,16,17,19,21>2,7,15,18,21,16,12
4,9,11,12,13,14,19,21,22>23,8,15,16,12,13,14,22
4,9,11,12,13,14,19,21,22>8,9,16,19,21,12,13,14,22
1,10,14,15,18,20,22>21,16,18,20,15
1,10,14,15,18,20,22>2,18,19,21,22,23,20,15
1,4,7,8,10,12,15,19,21,22,23>16,2,10,15,8,12,22,23
1,4,7,8,10,12,15,19,21,22,23>16,2,4,15,8,12,22,23
1,4,7,9,16,18,23>4,7,8,10,12,18,23,16
1,4,7,9,16,18,23>1,4,7,16
3,4,6,7,8,10,14,15,20,21,23>3,10,14,17,22,21,4,20,7
3,4,6,7,8,10,14,15,20,21,23>3,6,14,15,16,17,21,4,20,7
1,3,4,6,7,9,10,12,13,15,17,20,22>14,16,21,23,4,7,10,13,17
1,3,4,6,7,9,10,12,13,15,17,20,22>1,2,6,8,12,16,18,20,21,4,7,10,13,17
1,2,5,6,7,12,15,17,18,19,20,21,22>1,5,23,12,2,7,17,18,19,21,22
1,2,5,6,7,12,15,17,18,19,20,21,22>5,6,12,15,16,20,2,7,17,18,19,21,22
1,3,4,5,6,7,8,10,11,13,15,18,20,21,22,23>13,15,10,11,4,6,7,20,21,22,23
1,3,4,5,6,7,8,10,11,13,15,18,20,21,22,23>1,2,5,8,10,15,16,17,18,19,4,6,7,20,21,22,23
1,4,8,9,11,12,15,17,20>1,9,11,13,16,20,8,17
1,4,8,9,11,12,15,17,20>2,16,9,12,8,17
1,3,4,5,10,12,15,18,19,20>1,2,5,16,21,19,4
1,3,4,5,10,12,15,18,19,20>1,2,3,12,13,15,18,21,19,4
2,3,4,5,6,7,12,13,14,15,17,19,21,22,23>17,3,6,4,7,12,14,15,22,23
2,3,4,5,6,7,12,13,14,15,17,19,21,22,23>5,6,13,16,17,19,4,7,12,14,15,22,23
2,3,4,6,7,9,10,11,12,13,15,16,17,20,21,22,23>13,14,18,9,4,7,10,16,21,22,23
2,3,4,6,7,9,10,11,12,13,15,16,17,20,21,22,23>3,8,13,14,15,17,4,7,10,16,21,22,23
1,3,4,5,7,8,9,10,13,16,17,19,22,23>1,3,7,12,13,14,19,20,8,16,4,23
1,3,4,5,7,8,9,10,13,16,17,19,22,23>2,3,5,7,9,12,13,19,20,22,8,16,4,23
1,2,3,5,6,8,9,10,13,14,15,17,18,21,22,23>1,3,5,7,11,15,16,18,19,21,2,6,10,14,22,23
1,2,3,5,6,8,9,10,13,14,15,17,18,21,22,23>1,3,4,7,8,11,16,18,19,2,6,10,14,22,23
2,4,5,7,8,11,12,13,14,15,17,22,23>2,4,6,7,11,13,15,8,12,14,23
2,4,5,7,8,11,12,13,14,15,17,22,23>2,5,7,13,15,22,8,12,14,23
4,6,7,8,10,12,13,15,17,18,21,22,23>4,18,11,17,7,8,12,22,23
4,6,7,8,10,12,13,15,17,18,21,22,23>6,11,16,17,18,19,21,7,8,12,22,23
2,5,6,7,11,13,18,19,20,23>2,11,17,18,21,23,19,20,7
2,5,6,7,11,13,18,19,20,23>2,5,14,19,20,7
1,2,4,8,9,10,13,14,15,16,18,19,20,21>4,9,10,15,22,2,8,13,14,16,19,20,21
1,2,4,8,9,10,13,14,15,16,18,19,20,21>1,4,9,18,22,2,8,13,14,16,19,20,21
1,4,5,6,7,8,9,11,12,14,15,16,19,20,21,23>1,2,6,11,14,15,20,23,8,16,21,7
1,4,5,6,7,8,9,11,12,14,15,16,19,20,21,23>4,11,12,19,22,8,16,21,7
3,7,11,12,13,18,19,20,22,23>3,4,11,12,20,19,23
3,7,11,12,13,18,19,20,22,23>7,11,14,20,21,19,23
1,4,5,7,10,14,16,17,19,20>13,1,2,15,16,20
1,4,5,7,10,14,16,17,19,20>4,7,8,17,18,21,16,20
2,5,6,22>2,5,13,22,6
2,5,6,22>2,7,22,6
3,4,5,6,8,10,13,14,15,16,18,19,20,21,22,23>3,5,7,10,15,4,8,14,16,19,20,21,22,23
3,4,5,6,8,10,13,14,15,16,18,19,20,21,22,23>5,6,13,15,4,8,14,16,19,20,21,22,23
1,2,3,4,5,7,9,10,13,15,16,19,22>12,10,16,2,4,13
1,2,3,4,5,7,9,10,13,15,16,19,22>1,3,5,7,8,9,15,20,16,2,4,13
1,2,5,8,11,12,18,19,20,21>1,13,18,20,22,8,2,19,21
1,2,5,8,11,12,18,19,20,21>20,5,12,18,8,2,19,21
1,2,7,8,9,10,11,15,16,22>1,9,12,15,23,2,8,10,11,16
1,2,7,8,9,10,11,15,16,22>7,9,12,22,2,8,10,11,16
1,3,5,12,13,15,16,22>14,1,23,6,16,12,13
1,3,5,12,13,15,16,22>2,3,5,6,8,14,22,23,16,12,13
1,3,4,5,7,8,9,16,19,20,21,23>22,2,7,9,4,8,16,20,21
1,3,4,5,7,8,9,16,19,20,21,23>22,2,3,7,4,8,16,20,21
3,5,6,8,9,11,12,14,19,20,21,23>4,6,7,11,20,22,8,21
3,5,6,8,9,11,12,14,19,20,21,23>5,6,7,9,11,12,14,17,19,20,23,8,21
1,3,7,8,11,12,15,16,21>1,2,4,11,22,8,16,12
1,3,7,8,11,12,15,16,21>3,4,13,15,21,8,16,12
4,9,11,14,16,17,19,20,21,22>8,14,15,19,23,16,20,21,22
4,9,11,14,16,17,19,20,21,22>4,8,13,18,23,16,20,21,22
2,4,6,10,11,14,15,16,18,23>2,23,8,10,16,11,15
2,4,6,10,11,14,15,16,18,23>2,4,10,12,19,23,16,11,15
2,4,5,6,7,8,14,15,16,17,18,19,21,22>2,12,13,14,17,18,7,8,16,19,22
2,4,5,6,7,8,14,15,16,17,18,19,21,22>20,4,18,23,7,8,16,19,22
3,5,6,8,12,13,14,21,22,23>3,4,7,6,8,12,14,22,23
3,5,6,8,12,13,14,21,22,23>4,5,7,13,6,8,12,14,22,23
2,3,4,5,8,9,10,12,15,17>2,5,9,16,8,10,4,12
2,3,4,5,8,9,10,12,15,17>2,3,5,6,9,11,13,17,8,10,4,12
1,4,5,7,8,9,10,12,15,16,19,20,21,23>5,7,9,15,20,23,8,16,21
1,4,5,7,8,9,10,12,15,16,19,20,21,23>2,5,7,9,12,20,23,8,16,21
3,4,5,8,9,12,16,17,18,19,21,22,23>17,18,4,8,12,16,19,22,23
3,4,5,8,9,12,16,17,18,19,21,22,23>3,9,17,4,8,12,16,19,22,23
4,5,8,9,11,12,13,14,15,16,20,22>6,10,12,21,22,23,8,16,13,14
4,5,8,9,11,12,13,14,15,16,20,22>5,6,10,12,20,22,23,8,16,13,14
1,3,4,6,8,10,11,14,16,17,19,23>1,2,7,12,8,16,11,4
1,3,4,6,8,10,11,14,16,17,19,23>2,3,6,7,12,14,17,20,8,16,11,4
2,3,8,9,10,13,15,20,21,22,23>15,16,4,8,10,20,21,22,23
2,3,8,9,10,13,15,20,21,22,23>3,4,9,13,15,16,17,10,20,21,22,23
2,3,5,6,8,9,14,15,17,18,23>2,5,7,9,10,16,17,23,6
2,3,5,6,8,9,14,15,17,18,23>3,4,5,7,14,17,18,19,23,6
1,2,3,4,5,6,8,9,12,13,15,16,18,19,22,23>3,6,7,9,13,15,22,2,4,8,12,16,19,23
1,2,3,4,5,6,8,9,12,13,15,16,18,19,22,23>1,3,5,9,18,22,2,4,8,12,16,19,23
1,2,4,5,11,12,13,14,15,17,18,21>17,4,8,2,12,13,14,15,18
1,2,4,5,11,12,13,14,15,17,18,21>1,4,5,16,17,2,12,13,14,15,18
1,3,5,6,7,12,13,15,17,20>1,2,16,20,17,13,6,7
1,3,5,6,7,12,13,15,17,20>1,3,4,8,14,15,18,20,21,17,13,6,7
4,6,9,10,12,15,16,17,19>4,6,8,9,19,16,12
4,6,9,10,12,15,16,17,19>4,7,10,13,19,16,12
4,7,8,10,12,13,14,17,19,21,22>4,11,17,21,23,8,12,13,14,22
4,7,8,10,12,13,14,17,19,21,22>21,7,19,8,12,13,14,22
1,2,3,4,5,6,7,10,11,12,14,15,17,19,20,21,23>1,8,10,11,20,23,2,4,7,15,17,21
1,2,3,4,5,6,7,10,11,12,14,15,17,19,20,21,23>1,3,5,6,11,12,16,18,19,20,22,23,2,4,7,15,17,21
2,3,5,7,10,11,12,13,18,21,23>3,4,8,13,14,18,19,11,12
2,3,5,7,10,11,12,13,18,21,23>3,4,5,6,7,8,13,18,19,11,12
1,2,3,7,13,15,16,18,23>4,7,12,14,18,19,16,2
1,2,3,7,13,15,16,18,23>19,4,8,12,16,2
1,3,4,7,8,10,12,13,15,16,18>11,14,15,18,19,4,8,12,13,16
1,3,4,7,8,10,12,13,15,16,18>1,2,10,11,14,15,19,4,8,12,13,16
1,5,6,12,17,18,20,21>1,7,8,12,20,17,18,21,6
1,5,6,12,17,18,20,21>2,22,12,17,18,21,6
2,3,5,8,9,10,12,15,17,18>2,3,5,6,11,15,16,8,10,12
2,3,5,8,9,10,12,15,17,18>2,3,4,11,16,17,18,19,8,10,12
1,3,4,5,6,7,13,15,16,17,18,21,23>8,12,13,14,19,21,22,23,4,6,7,16,18
1,3,4,5,6,7,13,15,16,17,18,21,23>1,2,5,8,17,19,22,23,4,6,7,16,18
1,2,8,16,17,19,20,23>1,21,23,8,2,20
1,2,8,16,17,19,20,23>1,16,19,8,2,20
1,3,4,6,7,8,11,12,13,14,20,21,23>1,2,11,13,16,17,22,23,4,7,8,14,21
1,3,4,6,7,8,11,12,13,14,20,21,23>1,3,6,11,12,13,17,20,23,4,7,8,14,21
1,2,5,8,9,10,13,18,19,21,22>9,10,14,2,19,13,22
1,2,5,8,9,10,13,18,19,21,22>1,10,11,18,20,21,23,2,19,13,22
1,8,10,12,15,16,17,19,20,22,23>1,2,12,17,20,21,8,16,23
1,8,10,12,15,16,17,19,20,22,23>1,10,15,17,20,21,8,16,23
4,5,6,8,9,10,11,14,16,22>4,7,9,14,23,6,8,10,11,16
4,5,6,8,9,10,11,14,16,22>5,7,9,13,14,6,8,10,11,16
2,4,5,9,10,11,12,13,16,17,18,20,23>2,6,11,12,14,17,19,20,16,10,18
2,4,5,9,10,11,12,13,16,17,18,20,23>4,5,9,11,13,14,19,20,21,23,16,10,18
1,2,3,6,7,8,9,11,12,15,17,19,21,22,23>3,6,9,17,21,2,7,8,12,22,23
1,2,3,6,7,8,9,11,12,15,17,19,21,22,23>1,4,9,11,15,17,19,21,2,7,8,12,22,23
2,8,11,12,13,15,16,17,18,19,21>14,17,21,8,12,13,16,19
2,8,11,12,13,15,16,17,18,19,21>2,11,14,15,17,8,12,13,16,19
2,3,5,6,7,8,10,11,12,13,14,15,16,17,19,20,21,22>17,23,10,11,7,8,13,14,16,21,22
2,3,5,6,7,8,10,11,12,13,14,15,16,17,19,20,21,22>3,4,6,12,23,7,8,13,14,16,21,22
2,3,4,6,7,9,12,13,14,17,18,21,23>3,13,15,16,23,4,7,12,14,18
2,3,4,6,7,9,12,13,14,17,18,21,23>3,6,8,9,10,13,15,19,21,22,4,7,12,14,18
1,2,3,5,8,9,11,12,13,14,15,19,22,23>1,9,13,16,19,2,8,12,14,23
1,2,3,5,8,9,11,12,13,14,15,19,22,23>1,3,4,11,13,15,19,2,8,12,14,23
1,3,7,8,9,12,15,17,22>15,4,9,10,8,12
1,3,7,8,9,12,15,17,22>1,7,10,13,15,16,17,23,8,12
1,3,5,6,7,8,9,11,12,15,18,19,22>4,9,11,16,18,23,8,19,12,7
1,3,5,6,7,8,9,11,12,15,18,19,22>3,4,9,16,18,8,19,12,7
1,2,5,6,8,9,13,16,17,19,20,21,22,23>5,7,9,13,14,17,19,2,8,20,21,22,23
1,2,5,6,8,9,13,16,17,19,20,21,22,23>1,5,6,7,14,16,2,8,20,21,22,23
2,4,5,9,10,11,12,13,14,15,16,17,19,20,21,22,23>8,11,12,18,19,14,15,16,21,22,23
2,4,5,9,10,11,12,13,14,15,16,17,19,20,21,22,23>13,8,10,11,14,15,16,21,22,23
3,5,6,8,9,11,13,14,15,16,17,18,19,20,21,22>3,4,6,7,9,11,15,17,18,8,13,14,16,19,20,21,22
3,5,6,8,9,11,13,14,15,16,17,18,19,20,21,22>3,5,6,11,17,23,8,13,14,16,19,20,21,22
1,3,7,10,11,12,13,16,20,21>3,7,10,12,22,21,13
1,3,7,10,11,12,13,16,20,21>2,3,4,8,16,20,22,21,13
5,8,12,13,15,18>6,18,19,8,12,13
5,8,12,13,15,18>6,14,19,8,12,13
1,3,4,8,14,15,16,19,21,22>1,12,14,15,19,20,21,23,8,16,4,22
1,3,4,8,14,15,16,19,21,22>20,1,23,3,8,16,4,22
3,4,5,9,11,12,15,19,23>19,8,15,4,12
3,4,5,9,11,12,15,19,23>5,8,9,16,4,12
3,4,6,8,9,11,12,14,16,18,19,21,23>21,3,23,11,4,8,12,16,19
3,4,6,8,9,11,12,14,16,18,19,21,23>21,23,6,7,4,8,12,16,19
1,3,4,7,9,12,13,15,16,19,21,23>3,7,9,13,23,16,4,12
1,3,4,7,9,12,13,15,16,19,21,23>21,15,3,16,4,12
1,2,3,9,10,12,16,17,20,21>3,8,17,20,22,2,10,21
1,2,3,9,10,12,16,17,20,21>3,4,12,18,22,2,10,21
1,3,8,9,11,14,15,16,17,19,20,21,23>1,11,14,15,17,19,22,8,16,20,21
1,3,8,9,11,14,15,16,17,19,20,21,23>1,2,9,17,22,23,8,16,20,21
2,3,6,13,14,15,16,17,22>17,18,8,16,13,14,15
2,3,6,13,14,15,16,17,22>2,12,18,22,23,16,13,14,15
2,3,4,8,11,12,13,14,15,17,18,19,21,22>21,17,18,4,8,12,13,14,19,22
2,3,4,8,11,12,13,14,15,17,18,19,21,22>2,11,17,18,4,8,12,13,14,19,22
1,2,5,6,10,11,13,14,15,16,17,21,23>5,8,10,13,17,22,23,2,6,11,14,15,16
1,2,5,6,10,11,13,14,15,16,17,21,23>5,12,13,17,18,22,2,6,11,14,15,16
3,4,6,7,10,14,17,19,20>6,13,15,17,4,20,7
3,4,6,7,10,14,17,19,20>6,10,14,15,16,18,17,4,20,7
1,2,3,4,7,8,10,13,14,19>3,10,16,19,20,2,4,13,14
1,2,3,4,7,8,10,13,14,19>1,3,10,11,16,19,2,4,13,14
2,10,13,14,15,16,18,19,21,23>20,18,16,19,14,15
2,10,13,14,15,16,18,19,21,23>20,8,23,13,16,19,14,15
1,2,3,4,5,6,8,14,15,16,19,20>15,5,13,2,4,8,16,20
1,2,3,4,5,6,8,14,15,16,19,20>1,5,6,7,14,15,19,21,2,4,8,16,20
2,3,5,6,7,8,9,13,14,18,19,20,22,23>2,6,9,17,18,21,7,14,19,20,23
2,3,5,6,7,8,9,13,14,18,19,20,22,23>13,2,21,6,7,14,19,20,23
3,6,8,10,12,13,14,16,19,20,23>19,20,6,8,14
3,6,8,10,12,13,14,16,19,20,23>3,4,6,10,12,13,23,8,14
1,3,4,5,6,7,10,13,15,16,17,18,22>1,3,5,10,11,14,15,19,22,4,6,7,13,16,18
1,3,4,5,6,7,10,13,15,16,17,18,22>2,3,5,8,10,11,12,17,23,4,6,7,13,16,18
3,4,5,6,7,11,13,14,15,17,18,19,20,21,22>6,16,23,4,7,13,14,15,17,18,19,20,21,22
3,4,5,6,7,11,13,14,15,17,18,19,20,21,22>5,6,11,16,4,7,13,14,15,17,18,19,20,21,22
1,5,6,7,8,9,14,16,17,18,19,21,23>1,12,16,17,21,8,19,7
1,5,6,7,8,9,14,16,17,18,19,21,23>2,12,14,18,21,8,19,7
1,2,4,7,9,17,18,19,22,23>4,9,17,20,19,2,18,23
1,2,4,7,9,17,18,19,22,23>1,4,7,17,20,19,2,18,23
5,6,9,11,12,13,14,21,22,23>5,8,10,13,6,12,14,22,23
5,6,9,11,12,13,14,21,22,23>7,8,10,11,13,15,6,12,14,22,23
2,4,5,6,8,9,12,13,14,15,17,18,19,23>16,5,7,9,8,19,12,14
2,4,5,6,8,9,12,13,14,15,17,18,19,23>2,4,5,6,7,9,15,23,8,19,12,14
1,2,6,13,15,16,20,22>1,7,8,15,21,16,2,20,13
1,2,6,13,15,16,20,22>1,6,7,8,21,16,2,20,13
3,4,7,9,10,11,13,14,16,21,22,23>3,12,15,4,10,11,14,16,22,23
3,4,7,9,10,11,13,14,16,21,22,23>3,8,15,4,10,11,14,16,22,23
2,3,4,6,7,9,11,12,14,15,16,21>22,10,11,4,7,12,15,16
2,3,4,6,7,9,11,12,14,15,16,21>2,3,9,10,21,22,4,7,12,15,16
1,2,3,4,6,7,9,11,12,13,14,16,17,20,21,23>11,13,15,17,18,23,2,4,7,14,16,21
1,2,3,4,6,7,9,11,12,13,14,16,17,20,21,23>1,3,8,10,13,15,18,22,23,2,4,7,14,16,21
2,3,4,7,9,10,11,12,13,15,16,18,22,23>2,3,8,18,22,4,10,11,12,16,23
2,3,4,7,9,10,11,12,13,15,16,18,22,23>2,3,7,13,15,18,19,4,10,11,12,16,23
4,5,6,9,15,22,23>22,4,16,6,23
4,5,6,9,15,22,23>4,5,7,9,10,16,6,23
3,4,5,6,7,8,9,14,18,20,22>17,9,14,4,20,6,7
3,4,5,6,7,8,9,14,18,20,22>5,8,10,13,17,19,22,4,20,6,7
1,6,7,8,9,10,11,12,13,14,15,16,17,19,21,22,23>2,15,17,19,21,7,8,11,12,14,16,22,23
1,6,7,8,9,10,11,12,13,14,15,16,17,19,21,22,23>1,6,9,10,15,21,7,8,11,12,14,16,22,23
1,2,8,9,10,15,16,18>19,1,15,18,8,16,2,10
1,2,8,9,10,15,16,18>1,9,11,12,13,15,18,8,16,2,10
3,4,5,6,8,11,12,13,16,17,18,19,21>5,11,14,17,18,22,4,8,12,13,16,19
3,4,5,6,8,11,12,13,16,17,18,19,21>3,5,11,17,21,22,4,8,12,13,16,19
4,5,6,8,10,14,17,18,21,22,23>18,21,14,23,6,22
4,5,6,8,10,14,17,18,21,22,23>4,8,10,11,16,21,23,6,22
2,3,7,11,16,19,21,22,23>3,7,22,23
2,3,7,11,16,19,21,22,23>2,3,11,12,16,20,22,23
1,2,3,4,6,7,8,10,11,14,15,16,18,22,23>18,3,12,15,2,4,7,8,11,16,23
1,2,3,4,6,7,8,10,11,14,15,16,18,22,23>1,3,6,14,15,19,2,4,7,8,11,16,23
1,3,7,8,9,12,13,15,16,18,19>1,2,14,15,18,8,12,13,16,19
1,3,7,8,9,12,13,15,16,18,19>3,4,7,15,18,8,12,13,16,19
1,5,7,9,11,14,15,16,21,23>1,6,7,12,14,21,22,23,16,15
1,5,7,9,11,14,15,16,21,23>5,7,12,14,21,23,16,15
2,3,4,5,6,7,10,11,13,14,16,22>2,8,10,12,15,22,23,4,6,7,11,13,14,16
2,3,4,5,6,7,10,11,13,14,16,22>22,23,5,12,4,6,7,11,13,14,16
1,5,6,8,11,12,15,18,19,22>16,18,23,11,8,19,12
1,5,6,8,11,12,15,18,19,22>1,6,11,13,15,18,8,19,12
3,5,8,9,14,16,23>3,4,5,6,10,14,16,23,8
3,5,8,9,14,16,23>3,4,5,6,9,10,16,23,8
1,2,4,7,9,13,14,15,16,19,22,23>8,13,19,20,22,2,14,15,16,23
1,2,4,7,9,13,14,15,16,19,22,23>19,4,7,9,2,14,15,16,23
2,4,8,10,11,14,16,17,20,21>2,4,11,13,17,22,8,16,20,21
2,4,8,10,11,14,16,17,20,21>22,10,11,17,8,16,20,21
1,2,9,10,11,12,14,15,16,21,22>1,9,14,21,2,10,11,12,15,16,22
1,2,9,10,11,12,14,15,16,21,22>1,8,9,21,23,2,10,11,12,15,16,22
2,4,5,7,9,13,14,16>2,7,8,9,10,16,13,14
2,4,5,7,9,13,14,16>2,5,7,8,10,15,16,13,14
1,4,5,12,13,15,19,21,22,23>2,5,8,13,14,16,21,12,22,23
1,4,5,12,13,15,19,21,22,23>2,4,13,15,19,21,12,22,23
2,3,5,6,7,9,11,15,17,19,20,22,23>2,6,9,11,15,16,18,22,17,20,23,7
2,3,5,6,7,9,11,15,17,19,20,22,23>3,4,6,9,16,19,21,17,20,23,7
2,6,7,8,9,10,12,13,14,15,18,23>6,11,16,18,19,7,8,10,12,14
2,6,7,8,9,10,12,13,14,15,18,23>6,15,16,18,19,23,7,8,10,12,14
4,7,9,13,15,16,21>22,10,14,16,13
4,7,9,13,15,16,21>4,22,14,16,13
2,3,4,5,7,8,10,11,12,17,18,19,20,21,22,23>7,11,12,16,20,4,8,17,19,21,22,23
2,3,4,5,7,8,10,11,12,17,18,19,20,21,22,23>5,7,10,12,16,20,4,8,17,19,21,22,23
3,5,6,7,8,9,10,11,12,19>4,6,9,10,19,8,11,12,7
3,5,6,7,8,9,10,11,12,19>19,4,13,8,11,12,7
1,3,4,6,9,11,14,17,20,22,23>2,3,6,7,10,11,16,18,21,22,17,4,20,23
1,3,4,6,9,11,14,17,20,22,23>2,3,7,9,15,21,22,17,4,20,23
2,4,9,11,15,16,19,22,23>19,22,12,15,16,23
2,4,9,11,15,16,19,22,23>2,4,8,9,19,16,23
1,2,4,5,6,7,8,9,12,13,15,17,20,23>9,10,12,14,16,21,23,2,6,7,8,17
1,2,4,5,6,7,8,9,12,13,15,17,20,23>1,9,16,20,23,2,6,7,8,17
2,4,5,6,7,8,10,12,14,16,17,20>10,14,17,20,21,8,16,6,7
2,4,5,6,7,8,10,12,14,16,17,20>5,12,13,14,17,21,8,16,6,7
3,5,6,8,9,10,11,12,13,14,17,23>3,4,9,17,23,6,8,10,11,12,14
3,5,6,8,9,10,11,12,13,14,17,23>3,4,5,7,13,6,8,10,11,12,14
1,2,4,5,10,13,14,19,20,21,23>1,4,10,13,23,2,20,21,14
1,2,4,5,10,13,14,19,20,21,23>1,4,5,17,19,22,2,20,21,14
1,2,5,7,9,10,13,14,19,22,23>5,9,13,20,22,2,14,23
1,2,5,7,9,10,13,14,19,22,23>5,7,10,15,19,22,2,14,23
1,3,7,8,10,13,18,20,21,22>1,7,8,14,17,21,20,13,22
1,3,7,8,10,13,18,20,21,22>1,7,10,14,19,21,20,13,22
1,2,8,11,12,14,16,18>1,14,16,18,8,2,12
1,2,8,11,12,14,16,18>11,13,16,18,19,8,2,12
2,5,6,7,11,12,14,16,18,19,21,23>5,8,14,18,22,23,19,12,7
2,5,6,7,11,12,14,16,18,19,21,23>2,5,6,11,16,23,19,12,7
4,5,6,8,10,14,17,21,23>5,11,14,16,17,21,22,23,6
4,5,6,8,10,14,17,21,23>4,7,10,11,16,17,23,6
2,3,4,5,6,8,9,10,12,13,20,21,22,23>14,5,9,12,4,6,8,10,21,22,23
2,3,4,5,6,8,9,10,12,13,20,21,22,23>2,5,12,13,14,16,17,4,6,8,10,21,22,23
2,3,7,8,9,11,16,19,20,21,23>19,2,7,16,8,20,21
2,3,7,8,9,11,16,19,20,21,23>2,23,4,16,8,20,21
2,3,4,7,9,10,12,13,14,15,16,17,18,19,20,21,23>3,8,9,10,12,20,22,23,4,14,15,16,18,19,21
2,3,4,7,9,10,12,13,14,15,16,17,18,19,20,21,23>2,3,12,13,17,4,14,15,16,18,19,21
1,2,3,4,6,8,10,13,14,15,16,17,21,22>1,3,7,10,11,17,2,4,8,13,14,16,22
1,2,3,4,6,8,10,13,14,15,16,17,21,22>1,3,7,10,11,15,2,4,8,13,14,16,22
2,3,5,8,10,11,12,13,17,18,19,20,22>2,3,5,14,18,22,8,17,19,13
2,3,5,8,10,11,12,13,17,18,19,20,22>2,3,4,5,10,11,18,21,22,23,8,17,19,13
1,3,8,9,13,17,19,20,21,22>19,4,9,13,17,20,21,22
1,3,8,9,13,17,19,20,21,22>2,3,8,17,20,21,22
1,5,8,9,12,13,14,17,18,19,21,22,23>1,2,13,8,12,14,19,22,23
1,5,8,9,12,13,14,17,18,19,21,22,23>21,1,2,18,8,12,14,19,22,23
1,2,4,6,10,11,12,13,16,17,18,20,21,22>1,4,7,8,11,12,14,17,20,2,13,16,18,21,22
1,2,4,6,10,11,12,13,16,17,18,20,21,22>4,6,7,11,17,20,2,13,16,18,21,22
1,2,5,6,7,8,10,11,12,15,16,19>1,10,19,2,7,8,11,12,16
1,2,5,6,7,8,10,11,12,15,16,19>1,6,10,13,15,2,7,8,11,12,16
1,5,6,7,8,9,13,14,18,20,23>1,8,9,10,19,23,14,20,6,7
1,5,6,7,8,9,13,14,18,20,23>2,5,10,19,21,14,20,6,7
1,2,3,4,5,7,9,11,13,14,19,21,22>19,20,21,11,2,4,13,14,22
1,2,3,4,5,7,9,11,13,14,19,21,22>1,5,7,11,15,19,21,23,2,4,13,14,22
2,3,5,7,8,11,14,18,21,22>2,3,5,13,14,22
2,3,5,7,8,11,14,18,21,22>4,19,21,8,22
1,2,3,8,9,10,12,13,14,21,22,23>1,2,8,10,12,14,22,23
1,2,3,8,9,10,12,13,14,21,22,23>3,4,9,11,13,21,2,8,10,12,14,22,23
1,2,3,4,6,7,8,9,10,11,12,15,17,19,21>1,3,9,10,13,19,2,4,7,8,11,12
1,2,3,4,6,7,8,9,10,11,12,15,17,19,21>1,3,9,10,17,21,22,2,4,7,8,11,12
1,2,5,8,9,10,12,15,16,21,22,23>1,2,8,10,12,16,22,23
1,2,5,8,9,10,12,15,16,21,22,23>5,21,2,8,10,12,16,22,23
1,2,4,6,9,10,12,15,18,22,23>4,7,15,16,19,22,2,10,12,23
1,2,4,6,9,10,12,15,18,22,23>1,6,7,9,11,15,19,2,10,12,23
1,2,3,5,6,7,14,15,17,18,20,23>1,3,5,2,6,7,15,17,18,20
1,2,3,5,6,7,14,15,17,18,20,23>1,4,5,16,23,2,6,7,15,17,18,20
2,3,5,6,7,8,10,11,13,14,16,20,22>2,4,11,16,6,7,8,13,14,20
2,3,5,6,7,8,10,11,13,14,16,20,22>3,4,11,16,6,7,8,13,14,20
2,3,4,5,8,9,11,12,18,20,22>6,9,10,11,12,16,18,20,21,23,8,4
2,3,4,5,8,9,11,12,18,20,22>3,5,6,9,10,13,19,20,23,8,4
1,3,4,6,7,8,9,10,12,13,16,19,22,23>2,3,6,9,10,14,19,22,4,7,8,12,16,23
1,3,4,6,7,8,9,10,12,13,16,19,22,23>1,2,3,6,9,10,11,14,19,4,7,8,12,16,23
2,5,6,7,9,14,15,16,17,18,21>2,10,12,14,21,6,7,15,16,18
2,5,6,7,9,14,15,16,17,18,21>5,8,9,12,14,22,6,7,15,16,18
1,2,3,4,5,7,9,10,12,13,14,16,20,21>1,5,7,8,9,12,15,20,22,2,4,10,13,14,16,21
1,2,3,4,5,7,9,10,12,13,14,16,20,21>1,3,5,7,9,12,15,20,22,2,4,10,13,14,16,21
1,2,5,6,7,9,10,11,14,15,16,22>5,9,13,14,22,23,2,6,7,10,11,15,16
1,2,5,6,7,9,10,11,14,15,16,22>1,5,9,12,13,22,2,6,7,10,11,15,16
1,3,5,7,11,14,16,17,18,19,21>1,2,4,8,12,13,14,16,17,18,19
1,3,5,7,11,14,16,17,18,19,21>1,2,3,8,11,12,13,21,22,18,19
3,4,7,8,9,12,14,17,19,21>7,17,8,4,12
3,4,7,8,9,12,14,17,19,21>7,9,14,16,21,22,8,4,12
1,2,3,5,8,9,10,13,17,18,20,21>4,8,9,18,19,22,2,10,13,17,20,21
1,2,3,5,8,9,10,13,17,18,20,21>3,4,5,6,8,9,14,18,19,2,10,13,17,20,21
2,5,6,7,8,10,11,12,13,14,15,17,19,20,21,22,23>5,12,13,16,19,7,8,14,17,21,22,23
2,5,6,7,8,10,11,12,13,14,15,17,19,20,21,22,23>2,6,10,12,13,15,16,20,7,8,14,17,21,22,23
4,5,6,8,9,10,14,15,17,18,19,20,21,23>5,7,15,22,23,17,19,20,21
4,5,6,8,9,10,14,15,17,18,19,20,21,23>4,6,8,9,10,14,16,22,23,17,19,20,21
3,4,5,9,12,14,15,18,19,20,21,22,23>3,5,9,12,14,18,4,15,19,21,22,23
3,4,5,9,12,14,15,18,19,20,21,22,23>5,8,9,12,14,16,17,20,4,15,19,21,22,23
1,6,13,16,22>7,13,14,16,23
1,6,13,16,22>6,13,14,22,23
5,6,8,9,11,12,16,18,19,20,21,23>5,6,11,18,20,22,23,8,19,21
5,6,8,9,11,12,16,18,19,20,21,23>7,9,12,18,22,8,19,21
1,3,11,15,17,20,21,23>18,1,11,15,17,20,21
1,3,11,15,17,20,21,23>2,3,4,15,16,17,20,21
2,3,7,8,9,12,13,14,15,17,18,23>3,4,10,15,23,8,12,14
2,3,7,8,9,12,13,14,15,17,18,23>3,4,7,9,13,16,18,23,8,12,14
1,2,4,5,6,9,12,13,18,19,21,22>1,8,14,16,18,21,23,2,12,13,19,22
1,2,4,5,6,9,12,13,18,19,21,22>4,8,9,14,16,18,23,2,12,13,19,22
1,2,4,11,12,21>22,8,13,16,2,12
1,2,4,11,12,21>4,8,16,21,22,2,12
2,6,8,10,12,14,16,18,19,21>7,11,14,18,21,22,8,19,12
2,6,8,10,12,14,16,18,19,21>2,6,7,11,14,21,8,19,12
1,2,4,5,6,8,9,11,12,15,18>5,7,11,13,15,18,19,8,2,12,6
1,2,4,5,6,8,9,11,12,15,18>1,5,9,10,11,13,15,16,18,19,8,2,12,6
1,6,7,8,9,11,12,13,14,15,16,20,21,22>1,6,15,20,23,7,8,13,14,16,21,22
1,6,7,8,9,11,12,13,14,15,16,20,21,22>23,2,6,9,7,8,13,14,16,21,22
3,4,5,6,11,13,16,17,18,19,21,22,23>3,17,14,4,16,18,19,22,23
3,4,5,6,11,13,16,17,18,19,21,22,23>3,5,6,8,11,13,20,4,16,18,19,22,23
3,4,6,8,9,14,15,17,19,20,21,22>3,19,4,17,20,21,22
3,4,6,8,9,14,15,17,19,20,21,22>3,7,9,16,23,4,17,20,21,22
3,4,5,6,7,9,11,12,14,15,17,21,22>5,8,9,11,13,14,16,17,18,21,23,4,6,7,12,15,22
3,4,5,6,7,9,11,12,14,15,17,21,22>3,5,8,9,11,14,16,17,21,23,4,6,7,12,15,22
1,2,3,5,8,10,12,13,14,15,16,19,20,22>1,5,12,19,20,21,22,2,8,13,14,16
1,2,3,5,8,10,12,13,14,15,16,19,20,22>1,12,15,19,21,2,8,13,14,16
3,5,7,8,12,13,23>3,7,8,12
3,5,7,8,12,13,23>5,6,7,13,14,23,8,12
4,7,8,9,10,17,19,20,22,23>4,9,10,16,19,22,17,20,23
4,7,8,9,10,17,19,20,22,23>21,22,7,17,20,23
3,4,7,11,12,14,15,16,17,18,23>23,8,17,4,12,15,16,18
3,4,7,11,12,14,15,16,17,18,23>3,8,14,19,4,12,15,16,18
1,2,9,12,14,15,18,19,20,21,22,23>14,16,2,15,19,21,22,23
1,2,9,12,14,15,18,19,20,21,22,23>1,8,16,17,18,20,2,15,19,21,22,23
3,5,6,8,9,10,17,18,20,21,22>19,3,4,7,6,10,17,20,21,22
3,5,6,8,9,10,17,18,20,21,22>3,5,8,18,6,10,17,20,21,22
2,3,5,8,9,11,15,16,18,20,22>2,5,6,11,13,18,21,22,8,16,20
2,3,5,8,9,11,15,16,18,20,22>2,3,4,5,6,9,15,19,22,8,16,20
1,2,6,8,9,10,13,14,15,22>1,8,9,11,22,23,2,10,13,14
1,2,6,8,9,10,13,14,15,22>6,8,11,15,2,10,13,14
2,7,10,12,13,15,16,18,22,23>15,10,11,14,16,12,23
2,7,10,12,13,15,16,18,22,23>7,8,10,13,19,22,16,12,23
2,3,7,8,12,14,16,17,19>2,3,13,8,12
2,3,7,8,12,14,16,17,19>17,3,4,14,8,12
7,8,10,12,14,21>21,8,12
7,8,10,12,14,21>7,10,11,22,8,12
2,3,6,7,8,11,12,15,17,21,23>17,3,6,15,8,12,7
2,3,6,7,8,11,12,15,17,21,23>2,4,6,16,21,22,8,12,7
1,3,4,6,8,14,17,20,23>1,2,7,8,17,4,20
1,3,4,6,8,14,17,20,23>2,3,14,16,23,17,4,20
6,8,9,12,15>6,7,13,16,8,12
6,8,9,12,15>9,13,16,8,12
2,3,8,10,12,13,14,17,19,20,22>2,10,12,21,23,8,17,13,14
2,3,8,10,12,13,14,17,19,20,22>3,4,20,22,23,8,17,13,14
1,3,6,8,10,19,20,23>6,7,10,19,21,23,20
1,3,6,8,10,19,20,23>7,8,10,21,23,20
1,2,4,6,7,10,15,21>16,21,22,6,2,7
1,2,4,6,7,10,15,21>1,6,10,11,13,22,2,7
1,2,3,6,8,11,16,17,19,20,22>7,11,16,19,23,8,2,20
1,2,3,6,8,11,16,17,19,20,22>3,17,21,22,23,8,2,20
1,4,5,8,9,12,13,16,18,19,21,22>2,5,14,21,23,8,12,13,16,19,22
1,4,5,8,9,12,13,16,18,19,21,22>2,4,5,9,14,21,8,12,13,16,19,22
1,2,4,5,6,7,8,9,11,12,13,17,19>1,4,6,9,17,2,7,8,12,13
1,2,4,5,6,7,8,9,11,12,13,17,19>1,4,5,11,2,7,8,12,13
9,11,13,14,15,16,19,21,22>8,19,20,21,23,13,14,15,16,22
9,11,13,14,15,16,19,21,22>9,19,20,13,14,15,16,22
1,4,5,7,9,10,11,13,15,16,17,19,20,21,23>4,10,11,13,17,23,16,20,21
1,4,5,7,9,10,11,13,15,16,17,19,20,21,23>4,7,11,14,15,17,19,16,20,21
1,3,4,5,6,9,12,14,15,16,18,19,20,21,22,23>5,9,12,14,18,4,15,16,19,21,22,23
1,3,4,5,6,9,12,14,15,16,18,19,20,21,22,23>2,3,5,7,8,9,12,18,20,4,15,16,19,21,22,23
1,2,6,7,8,9,14,15,20,22,23>1,6,15,17,21,2,20,23,7
1,2,6,7,8,9,14,15,20,22,23>1,8,9,15,17,2,20,23,7
3,7,8,9,10,14,15,17,19,23>7,9,14,15,17,20,23
3,7,8,9,10,14,15,17,19,23>3,7,11,14,15,16,19,23
2,3,4,7,8,10,12,14,16,17,19,21>2,21,22,10,8,16,4,12
2,3,4,7,8,10,12,14,16,17,19,21>7,13,8,16,4,12
1,5,7,9,11,14,15,18,19,20,21,22,23>1,2,9,11,14,16,15,19,20,21,22,23
1,5,7,9,11,14,15,18,19,20,21,22,23>1,2,5,14,15,19,20,21,22,23
1,2,4,5,8,9,11,15,16,19,21>4,9,12,13,19,22,8,16,2
1,2,4,5,8,9,11,15,16,19,21>5,9,15,19,21,22,8,16,2
3,4,5,6,7,9,10,11,12,14,15,18,19,20,21,22>5,8,13,17,18,23,4,7,15,19,21,22
3,4,5,6,7,9,10,11,12,14,15,18,19,20,21,22>3,5,6,8,11,13,14,20,4,7,15,19,21,22
1,4,5,7,9,10,12,13,19,20,21,22>4,8,9,10,12,14,17,20,23,21,13,22
1,4,5,7,9,10,12,13,19,20,21,22>1,4,9,10,12,17,20,23,21,13,22
3,5,9,14,16,18,20,21>8,9,10,14,16,22,20,21
3,5,9,14,16,18,20,21>4,5,6,10,15,20,21
1,3,4,7,10,11,12,14,16,20,21>3,8,12,13,14,16,4,21
1,3,4,7,10,11,12,14,16,20,21>3,7,8,11,14,16,4,21
1,3,5,6,8,11,13,17,22,23>1,4,7,8,11,13,14,6,23
1,3,5,6,8,11,13,17,22,23>2,3,4,7,8,11,14,22,6,23
1,3,5,6,7,8,14,15,18,21,22>1,19,23,13,22,6,7
1,3,5,6,7,8,14,15,18,21,22>1,2,3,5,8,15,22,6,7
1,2,5,8,9,11,15,18,22,23>5,8,9,10,11,16,22,2,23
1,2,5,8,9,11,15,18,22,23>5,6,8,9,11,15,19,2,23
1,2,4,5,6,9,10,11,13,15,16,22,23>22,5,7,8,2,6,10,11,16,23
1,2,4,5,6,9,10,11,13,15,16,22,23>1,4,5,7,8,9,13,14,15,2,6,10,11,16,23
2,5,6,9,12,14,17,18,19,20,21>14,20,9,12,17,18,19,21
2,5,6,9,12,14,17,18,19,20,21>13,7,22,12,17,18,19,21
2,3,6,8,13,15,20>3,17,7,8,20,13
2,3,6,8,13,15,20>16,3,4,7,20,13
1,2,7,10,12,14,18,19,20,21>1,7,12,13,14,15,18,20,22,2,19,21
1,2,7,10,12,14,18,19,20,21>1,8,17,18,22,2,19,21
1,2,9,10,11,12,15,16,17,23>1,15,17,18,23,2,10,11,12,16
1,2,9,10,11,12,15,16,17,23>9,18,2,10,11,12,16
2,3,6,8,9,11,12,13,14,19,22>6,7,11,19,22,8,12,13,14
2,3,6,8,9,11,12,13,14,19,22>3,4,7,11,23,8,12,13,14
1,3,4,5,7,8,9,10,11,13,14,16,17,18,19,20,22>1,10,17,21,22,23,4,8,13,14,16,19,20
1,3,4,5,7,8,9,10,11,13,14,16,17,18,19,20,22>2,7,9,10,11,17,18,21,4,8,13,14,16,19,20
1,3,4,5,6,8,9,10,11,12,14,15,16,17,20,21,22,23>12,14,5,9,4,6,8,10,16,21,22,23
1,3,4,5,6,8,9,10,11,12,14,15,16,17,20,21,22,23>1,3,5,7,15,4,6,8,10,16,21,22,23
3,6,8,10,11,12,13,14,15,18,19,21,22,23>3,15,16,18,21,8,11,12,14,19,22,23
3,6,8,10,11,12,13,14,15,18,19,21,22,23>4,13,8,11,12,14,19,22,23
2,3,4,7,8,9,10,11,15,17,18,22,23>7,8,16,17,18,22,10,11,4,23
2,3,4,7,8,9,10,11,15,17,18,22,23>2,3,7,9,15,22,10,11,4,23
3,4,7,8,10,11,15,16,17,19,20,22>3,23,11,21,8,16,4,20
3,4,7,8,10,11,15,16,17,19,20,22>3,13,15,17,19,22,23,8,16,4,20
1,5,7,11,12,14,16,17,19,20>2,8,11,12,13,16,17,18,20
1,5,7,11,12,14,16,17,19,20>5,7,8,12,13,14,16,18,19
1,2,3,5,6,8,9,12,13,14,15,18,20,21>1,7,10,15,17,18,19,2,6,8,13,14,21
1,2,3,5,6,8,9,12,13,14,15,18,20,21>1,5,7,9,12,16,18,20,22,2,6,8,13,14,21
1,3,7,8,9,10,12,13,15,17,21>1,11,14,16,17,21,22,8,10,12,13
1,3,7,8,9,10,12,13,15,17,21>1,2,4,7,9,14,16,17,21,8,10,12,13
1,2,3,4,5,8,13,14,20,21>22,1,5,17,2,4,13,14,20,21
1,2,3,4,5,8,13,14,20,21>1,3,5,6,8,22,2,4,13,14,20,21
1,3,4,7,8,9,10,11,12,13,14,16,17,18>1,3,4,8,10,11,12,13,14,16
1,3,4,7,8,9,10,11,12,13,14,16,17,18>2,3,7,9,18,19,4,8,10,11,12,13,14,16
6,8,9,14,16,17,19,21,22,23>7,9,17,19,20,21,8,22,23
6,8,9,14,16,17,19,21,22,23>6,7,9,17,19,20,8,22,23
1,2,3,4,6,8,9,13,15,16,18,19,20>1,6,7,9,14,15,18,21,2,4,8,13,16,19,20
1,2,3,4,6,8,9,13,15,16,18,19,20>21,3,6,14,2,4,8,13,16,19,20
1,3,4,5,8,11,12,18>16,1,19,8,4,12
1,3,4,5,8,11,12,18>1,6,11,13,18,19,8,4,12
2,4,9,10,12,13,16,19,23>2,4,23,13,16,12
2,4,9,10,12,13,16,19,23>2,4,8,9,10,19,23,16,12
6,7,9,10,11,12,14,15,16,19,23>6,8,10,14,7,11,12,15,16
6,7,9,10,11,12,14,15,16,19,23>6,9,10,14,19,23,7,11,12,15,16
1,3,4,5,9,10,11,12,15,17,18>1,3,8,16,17,19,4,10,11,12,18
1,3,4,5,9,10,11,12,15,17,18>2,3,5,8,13,15,17,19,4,10,11,12,18
5,8,9,12,14,15,17,21>5,9,14,16,17,21,8,12
5,8,9,12,14,15,17,21>5,6,9,10,14,16,17,22,8,12
2,3,4,5,6,7,11,14,15,20,21,22>2,5,14,4,6,7,15,20,21,22
2,3,4,5,6,7,11,14,15,20,21,22>2,3,5,11,17,4,6,7,15,20,21,22
2,9,11,15,19,21,23>2,20
2,9,11,15,19,21,23>21,2,9
2,4,5,6,7,8,9,10,12,13,14,15,16,18,19,21>2,6,11,15,21,22,7,8,12,13,14,16,19
2,4,5,6,7,8,9,10,12,13,14,15,16,18,19,21>2,6,11,15,18,21,7,8,12,13,14,16,19
3,6,7,8,10,12,13,14,16,18,21,23>18,21,10,11,8,12,14,7
3,6,7,8,10,12,13,14,16,18,21,23>6,13,16,21,22,8,12,14,7
1,3,4,5,6,9,11,13,15,17,18,19,22,23>1,11,13,14,17,18,19,4,23
1,3,4,5,6,9,11,13,15,17,18,19,22,23>2,3,5,6,7,13,14,15,20,18,19,4,23
3,14,16,19,20,21,23>8,14,15,19,22,23,20,21
3,14,16,19,20,21,23>23,4,8,14,20,21
4,6,9,10,11,12,14,17,18,19>6,8,10,15,16,17,19,18,11,12
4,6,9,10,11,12,14,17,18,19>6,16,8,9,19,18,11,12
3,4,7,10,11,12,15,17,18,21,23>3,15,16,19,21,22,18,11,4,12
3,4,7,10,11,12,15,17,18,21,23>3,7,8,16,17,22,23,18,11,4,12
1,2,4,6,9,10,11,14,17,18,21>1,13,14,15,16,19,21,11,18,2,10
1,2,4,6,9,10,11,14,17,18,21>4,6,7,16,17,21,22,11,18,2,10
5,7,8,10,11,13,15,17,19,21,23>7,8,10,17,20,22,23,11
5,7,8,10,11,13,15,17,19,21,23>5,7,8,10,16,17,19,20,23,11
1,2,3,5,10,15,17,18,19,21,22>3,20,21,19,2,18,22
1,2,3,5,10,15,17,18,19,21,22>1,4,5,15,16,17,21,23,19,2,18,22
3,4,5,7,9,10,12,20>6,7,8,13,16,20,10,4
3,4,5,7,9,10,12,20>5,6,7,8,9,12,16,20,21,10,4
9,11,12,15,17,18,19,20>20,21,13,15,17,18,19
9,11,12,15,17,18,19,20>8,9,12,13,16,20,17,18,19
1,2,10,13,14,20,21,22,23>1,2,14,20,21,22,23
1,2,10,13,14,20,21,22,23>10,15,17,2,14,20,21,22,23
4,5,6,8,9,11,12,15,16,17>4,9,10,13,8,16,12,6
4,5,6,8,9,11,12,15,16,17>7,10,11,13,15,17,8,16,12,6
1,6,7,8,10,13,14,17,18,21>18,19,6,8,13,14,7
1,6,7,8,10,13,14,17,18,21>1,6,8,10,18,21,13,14,7
3,7,8,11,12,14,15,16,17,23>4,7,11,14,17,23,8,16,12
3,7,8,11,12,14,15,16,17,23>3,4,7,11,15,17,23,8,16,12
1,6,7,9,10,11,12,13,17,18,21,22>1,8,14,17,19,21,7,10,11,12,13,18,22
1,6,7,9,10,11,12,13,17,18,21,22>2,6,8,9,14,17,21,7,10,11,12,13,18,22
1,3,6,7,8,9,12,14,15,16,20,21,22,23>14,4,6,9,7,8,16,21,22,23
1,3,6,7,8,9,12,14,15,16,20,21,22,23>12,1,6,10,7,8,16,21,22,23
2,3,4,6,7,10,11,12,14,17,18,20,21>3,8,10,11,14,15,16,19,20,22,4,7,17,18,21
2,3,4,6,7,10,11,12,14,17,18,20,21>3,6,10,11,13,14,19,4,7,17,18,21
4,7,8,9,10,16,20>13,21,8,16,10,20
4,7,8,9,10,16,20>4,8,16,10,20
1,2,4,9,10,14,15,17,19,20,21,22>19,4,14,2,15,17,20,21,22
1,2,4,9,10,14,15,17,19,20,21,22>19,9,10,16,2,15,17,20,21,22
3,5,6,8,11,12,14,16,17,19,21,23>17,4,19,11,8,12
3,5,6,8,11,12,14,16,17,19,21,23>3,5,6,7,11,14,16,22,8,12
1,2,3,4,6,7,8,11,12,15,16,17,19,21,23>21,23,19,2,4,7,8,12,16
1,2,3,4,6,7,8,11,12,15,16,17,19,21,23>11,15,17,21,22,23,2,4,7,8,12,16
4,7,8,9,10,12,15,16,17,19,21,23>21,22,11,15,8,16,12
4,7,8,9,10,12,15,16,17,19,21,23>4,11,17,19,22,8,16,12
2,4,5,8,11,13,19,21,23>5,11,13,14,16,19,20,21,23
2,4,5,8,11,13,19,21,23>2,4,5,13,20,23
1,2,3,5,6,7,8,10,12,16,20,21>3,10,12,13,16,20,22,2,6,7,8,21
1,2,3,5,6,7,8,10,12,16,20,21>3,5,10,2,6,7,8,21
4,6,7,8,10,11,12,13,14,16,17,19,20,21>20,22,6,7,8,13,14,16,21
4,6,7,8,10,11,12,13,14,16,17,19,20,21>4,6,10,12,7,8,13,14,16,21
2,6,7,8,12,16,17,19,20>2,12,13,16,19,20,21,8,7
2,6,7,8,12,16,17,19,20>2,6,12,13,16,19,20,8,7
