TCR,NFAT,IFN-\beta,IFN-\betaR,IL-18,IL-18R,IRAK,SOCS1,IL-12,IL-12R,STAT4,T-bet,IFN-\gamma,IFN-\gammaR,JAK1,STAT1,IL-4,IL-4R,STAT6,GATA3,IL-10,IL-10R,STAT3
3,6,8,10,11,12,13,14,15>4,10,15,8,11,12,13,14
3,6,8,10,11,12,13,14,15>6,7,10,8,11,12,13,14
1,3,4,5,7,11,12,13,14,17,18,19,20,21,23>1,5,8,11,13,16,20,4,14,17,18,19,21
1,3,4,5,7,11,12,13,14,17,18,19,20,21,23>3,7,16,20,22,23,4,14,17,18,19,21
1,7,9,11,12,13,16,17,20>2,9,10,11,12,17,20,13
1,7,9,11,12,13,16,17,20>1,7,9,10,14,17,20,21,13
2,4,5,6,9,14,15,21,22,23>2,5,7,21,22,23,6,15
2,4,5,6,9,14,15,21,22,23>4,5,14,22,23,6,15
2,3,4,6,8,11,14,16,17,18,19>17,20,12,8,16,19,4
2,3,4,6,8,11,14,16,17,18,19>20,11,8,16,19,4
1,6,7,10,11,12,14,15,16,17,20,21,22>1,2,8,10,11,12,18,23,7,15,16,21,22
1,6,7,10,11,12,14,15,16,17,20,21,22>1,2,10,13,14,23,7,15,16,21,22
1,3,4,10,12,16,17,22,23>1,10,17,16,4,12,23
1,3,4,10,12,16,17,22,23>1,8,22,16,4,12,23
2,6,7,8,9,10,13,14,16,17>6,12,7,8,10,13,14
2,6,7,8,9,10,13,14,16,17>9,12,16,17,7,8,10,13,14
1,2,3,6,8,9,10,12,14,17,18,20,21>6,7,12,18,19,20,22,2,8,10,17,21
1,2,3,6,8,9,10,12,14,17,18,20,21>3,6,7,9,18,20,22,2,8,10,17,21
2,4,5,6,7,8,9,10,11,12,13,14,16,19,20,21>2,5,6,10,11,12,19,20,7,8,13,14,16,21
2,4,5,6,7,8,9,10,11,12,13,14,16,19,20,21>4,5,6,10,22,7,8,13,14,16,21
1,2,8,9,10,11,12,19,21>1,8,2,11,12
1,2,8,9,10,11,12,19,21>9,10,22,8,2,11,12
3,4,10,11,12,14,20,22>15,17,21,12,4
3,4,10,11,12,14,20,22>3,13,14,16,17,21,4
2,3,4,8,10,13,18,19,23>10,13,14,16,18,19,4
2,3,4,8,10,13,18,19,23>2,3,11,14,20,23,19,4
1,3,8,10,12,16,21>22,10,13,8,12
1,3,8,10,12,16,21>1,2,8,12
1,2,3,4,5,7,8,10,11,15,18,21>3,6,7,10,13,15,16,19,21,22,2,11,4
1,2,3,4,5,7,8,10,11,15,18,21>3,5,7,10,16,22,2,11,4
1,2,3,5,7,9,11,12,13,14,15,18,19,21,22,23>3,5,8,9,16,21,2,12,14,15,19,22,23
1,2,3,5,7,9,11,12,13,14,15,18,19,21,22,23>4,7,8,2,12,14,15,19,22,23
1,2,5,6,10,11,12,14,15,16,18,23>23,7,8,14,2,6,11,12,15,16
1,2,5,6,10,11,12,14,15,16,18,23>1,7,8,14,18,2,6,11,12,15,16
2,4,6,7,8,10,11,12,13,17,21,22>2,6,10,17,7,8,11,12,13,22
2,4,6,7,8,10,11,12,13,17,21,22>2,6,14,17,7,8,11,12,13,22
1,2,3,10,13,16,18,20,21,22,23>1,3,13,16,18,2,20,21,22,23
1,2,3,10,13,16,18,20,21,22,23>4,8,10,13,14,19,2,20,21,22,23
1,3,4,8,9,14,15,16,17,20,22,23>1,9,10,14,15,17,22,4,8,16,20,23
1,3,4,8,9,14,15,16,17,20,22,23>17,1,3,15,4,8,16,20,23
1,2,3,6,14,16,17,19,21,22>7,8,12,13,15,17,23,2,22
1,2,3,6,14,16,17,19,21,22>7,12,13,15,16,19,20,21,2,22
1,2,3,5,6,7,10,11,12,13,14,15,20,21>3,5,8,11,17,22,2,6,7,13,14,15,21
1,2,3,5,6,7,10,11,12,13,14,15,20,21>1,4,10,16,17,20,2,6,7,13,14,15,21
1,2,6,11,12,16,17,19,22>7,11,13,17,18,19,23,2,12
1,2,6,11,12,16,17,19,22>6,7,11,19,23,2,12
2,7,8,15,16,17,22,23>12,15,22,8,16,23
2,7,8,15,16,17,22,23>2,7,12,22,8,16,23
2,5,9,10,11,17,20,23>11,18,17,10,20
2,5,9,10,11,17,20,23>23,6,21,17,10,20
2,3,4,5,7,8,9,11,12,16,18,20>2,3,6,9,10,11,18,8,16,4
2,3,4,5,7,8,9,11,12,16,18,20>2,3,5,10,18,19,20,8,16,4
1,3,6,9,10,11,14,15,16,18,19,20,21>1,2,8,10,14,18,15,16,19,20,21
1,3,6,9,10,11,14,15,16,18,19,20,21>1,3,9,11,13,14,18,15,16,19,20,21
2,3,5,6,8,12,15,17,21,22>3,5,13,15,21,23,8,12,6,22
2,3,5,6,8,12,15,17,21,22>2,3,4,5,7,15,16,17,21,23,8,12,6,22
1,4,5,6,11,13,14,15,17,19,21>1,5,6,7,11,16,17,19,20,21,13,14,15
1,4,5,6,11,13,14,15,17,19,21>1,2,5,11,18,21,13,14,15
1,3,4,5,8,10,14,15,19,20,23>5,10,14,15,16,17,21,23,4,20
1,3,4,5,8,10,14,15,19,20,23>1,2,3,8,14,17,21,23,4,20
1,3,6,10,12,13,14,15,21,23>2,4,7,8,10,21,23,12,14,15
1,3,6,10,12,13,14,15,21,23>1,3,4,7,10,16,21,22,12,14,15
1,2,6,8,9,12,13,16,21>22,6,8,2,12,13
1,2,6,8,9,12,13,16,21>6,7,9,10,14,16,21,8,2,12,13
1,3,4,5,6,7,8,11,14,17,19,21,22,23>8,11,4,23,22,7
1,3,4,5,6,7,8,11,14,17,19,21,22,23>1,3,6,16,19,20,4,23,22,7
1,3,4,5,10,11,12,13,18,19,20,22>1,2,8,10,12,14,16,18,20,23,19,4,13
1,3,4,5,10,11,12,13,18,19,20,22>1,3,8,14,16,17,20,21,22,23,19,4,13
1,3,5,6,7,11,12,18,20,21>12,18,5,22,21,6,7
1,3,5,6,7,11,12,18,20,21>1,12,13,19,20,22,21,6,7
1,4,5,9,10,12,15,16,17,18,19,21>17,2,15,8,16,18,19,12
1,4,5,9,10,12,15,16,17,18,19,21>2,4,9,11,13,15,17,16,18,19,12
1,2,3,6,13,14,16,17,18,20,22,23>4,6,7,13,19,22,2,14,18,20,23
1,2,3,6,13,14,16,17,18,20,22,23>1,3,4,8,15,16,17,19,2,14,18,20,23
1,2,3,9,11,12,15,17,23>4,9,10,11,15,16,18,23,2,12
1,2,3,9,11,12,15,17,23>3,4,9,11,15,16,18,2,12
1,2,4,5,6,8,10,12,13,15,19,20,21,23>6,7,10,12,13,15,17,19,20,22,23,8,2,21
1,2,4,5,6,8,10,12,13,15,19,20,21,23>1,7,10,12,13,15,20,22,23,8,2,21
1,2,4,5,10,11,14,15,19>19,20,4,10,2,11,15
1,2,4,5,10,11,14,15,19>20,5,13,14,2,11,15
1,2,3,7,11,12,13,14,17,22>3,7,15,22,23,2,12,13,14
1,2,3,7,11,12,13,14,17,22>23,1,4,18,2,12,13,14
2,3,4,5,12,13,16,17,18,21,23>8,19,21,22,23,16,18,4,12
2,3,4,5,12,13,16,17,18,21,23>3,6,8,14,17,21,16,18,4,12
1,2,4,5,7,10,11,14,15,16,17>1,6,7,8,12,13,17,18,16,2,11,15
1,2,4,5,7,10,11,14,15,16,17>1,4,5,12,14,18,16,2,11,15
2,4,5,7,8,9,10,13,14,16,18,20,21,22>2,4,18,8,10,13,14,16,20,21,22
2,4,5,7,8,9,10,13,14,16,18,20,21,22>4,5,6,9,18,23,8,10,13,14,16,20,21,22
2,4,5,9,11,12,14,15,16,18,19,20,21>2,5,9,18,20,22,16,19,21,15
2,4,5,9,11,12,14,15,16,18,19,20,21>2,4,5,18,20,22,16,19,21,15
1,2,3,4,6,8,10,11,12,13,17,18,21>6,7,14,16,17,22,2,4,8,11,12,13
1,2,3,4,6,8,10,11,12,13,17,18,21>3,6,7,16,17,22,2,4,8,11,12,13
1,4,6,8,10,12,14,17,19,21>1,4,6,11,16,17,22,8,12
1,4,6,8,10,12,14,17,19,21>1,2,4,7,17,21,22,8,12
1,5,6,7,9,10,12,13,19,20,23>2,6,9,17,21,7
1,5,6,7,9,10,12,13,19,20,23>5,12,17,19,23,7
1,3,4,5,7,8,11,15,16,22,23>5,6,7,11,15,22,8,16,4,23
1,3,4,5,7,8,11,15,16,22,23>1,3,5,7,11,15,22,8,16,4,23
1,2,3,4,5,8,10,13,14,20,22>1,23,6,21,2,4,13,14,20
1,2,3,4,5,8,10,13,14,20,22>1,3,5,6,8,10,22,23,2,4,13,14,20
3,5,7,10,12,15,16,17,23>3,5,6,7,10,11,15,23,16,12
3,5,7,10,12,15,16,17,23>3,4,5,6,7,11,15,17,23,16,12
2,4,5,11,15,16,18,19,21,22,23>18,8,12,16,19,22,23
2,4,5,11,15,16,18,19,21,22,23>18,2,5,15,16,19,22,23
3,4,5,8,9,11,12,15,16,18,19,22,23>3,11,15,18,4,8,12,16,19,23
3,4,5,8,9,11,12,15,16,18,19,22,23>3,9,11,18,22,4,8,12,16,19,23
2,3,4,7,8,9,11,12,15,17,18,19,21>2,18,13,15,8,19,4,12
2,3,4,7,8,9,11,12,15,17,18,19,21>3,9,11,16,18,21,22,8,19,4,12
1,3,4,5,6,7,8,9,12,13,14,15,16,18,21,22,23>18,21,9,10,4,6,7,8,12,14,16,22,23
1,3,4,5,6,7,8,9,12,13,14,15,16,18,21,22,23>2,3,9,4,6,7,8,12,14,16,22,23
6,9,11,12,13,16,17,20,23>16,8,9,23
6,9,11,12,13,16,17,20,23>6,7,8,11,12,13,14,16,18,20,23
1,2,4,5,6,7,9,10,11,12,14,15,16,18,20,23>1,9,12,14,21,2,6,7,10,15,16
1,2,4,5,6,7,9,10,11,12,14,15,16,18,20,23>1,4,9,14,19,20,21,23,2,6,7,10,15,16
1,2,4,7,10,12,13,15,16,18,20,21,23>1,4,13,14,18,20,22,23,16,2,21
1,2,4,7,10,12,13,15,16,18,20,21,23>4,7,14,19,22,23,16,2,21
3,4,5,6,8,9,10,12,13,17,18,22>18,22,11,14,4,6,8,10,12,13
3,4,5,6,8,9,10,12,13,17,18,22>5,7,9,17,19,22,4,6,8,10,12,13
2,3,5,6,7,11,12,14,15,17,19,20,21>5,6,8,11,19,20,17,15,21,7
2,3,5,6,7,11,12,14,15,17,19,20,21>4,5,8,11,16,18,17,15,21,7
1,3,7,10,11,12,14,17,21,23>1,4,7,10,14,15,18,23,11,12
1,3,7,10,11,12,14,17,21,23>18,2,3,21,11,12
2,3,4,11,12,14,16>13,14,15,16,4,12
2,3,4,11,12,14,16>2,3,8,13,14,16,4,12
2,3,7,8,9,13,15,16,17,19,22,23>2,4,7,12,13,14,15,17,20,22,8,16,23
2,3,7,8,9,13,15,16,17,19,22,23>2,4,9,14,15,20,22,8,16,23
2,4,5,7,10,11,12,15,17,18>5,7,10,13,15,17,18,11,12
2,4,5,7,10,11,12,15,17,18>2,4,5,8,10,16,17,19,18,11,12
1,2,4,5,7,8,9,11,16,17,19,21>5,7,17,19,20,8,16,2
1,2,4,5,7,8,9,11,16,17,19,21>1,5,7,11,13,8,16,2
3,6,7,8,9,14,17,19>4,13,14,17,19,20,7
3,6,7,8,9,14,17,19>3,4,6,8,9,17,7
2,4,5,6,7,8,9,10,11,13,14,15,18,22,23>2,8,9,15,18,19,6,7,10,11,14,23
2,4,5,6,7,8,9,10,11,13,14,15,18,22,23>2,9,13,16,18,19,22,6,7,10,11,14,23
1,2,5,6,8,9,10,11,13,15,19,21,22,23>6,8,10,13,14,15,16,19,20,21,2,11,22,23
1,2,5,6,8,9,10,11,13,15,19,21,22,23>1,6,8,10,13,19,20,2,11,22,23
3,4,5,6,7,9,11,16,17,22>5,9,10,11,12,17,18,22,16,4,6,7
3,4,5,6,7,9,11,16,17,22>5,8,9,10,11,12,17,22,23,16,4,6,7
1,5,7,13,18,20,21,23>2,5,7,13,14,19,22,23,20,21
1,5,7,13,18,20,21,23>2,5,7,13,14,17,18,19,23,20,21
3,4,5,6,10,12,14,15,17,18,19,20,22>3,7,10,12,20,21,22,23,4,15,17,18,19
3,4,5,6,10,12,14,15,17,18,19,20,22>3,5,6,10,12,13,16,20,21,22,23,4,15,17,18,19
1,2,5,8,9,11,12,13,14,15,16,17,19,20>5,12,15,17,20,2,8,13,14,16
1,2,5,8,9,11,12,13,14,15,16,17,19,20>9,11,19,20,21,2,8,13,14,16
2,3,5,8,10,11,12,13,15,16,18,20,21,23>3,5,6,10,12,13,18,8,16,21
2,3,5,8,10,11,12,13,15,16,18,20,21,23>3,6,11,13,14,18,20,23,8,16,21
1,3,4,8,9,10,12,16,18,19,20,21>9,10,13,18,20,22,4,8,16,19,21
1,3,4,8,9,10,12,16,18,19,20,21>2,3,9,10,12,20,22,4,8,16,19,21
1,3,4,5,6,8,9,10,11,13,15,21>1,2,5,7,9,22,4,6,10,11,13
1,3,4,5,6,8,9,10,11,13,15,21>2,3,7,8,9,15,16,21,22,4,6,10,11,13
2,8,10,11,12,16,19,21,22,23>2,10,19,8,11,12,22,23
2,8,10,11,12,16,19,21,22,23>16,19,8,11,12,22,23
3,5,8,11,12,13,14,16,17,18,20,22,23>4,11,12,13,16,20,21,22,8,14,23
3,5,8,11,12,13,14,16,17,18,20,22,23>3,5,6,11,12,16,20,21,8,14,23
4,6,8,10,12,16,17,19>10,11,13,17,8,16,12
4,6,8,10,12,16,17,19>19,7,13,8,16,12
1,2,3,4,7,8,9,10,12,16,17,19,21>17,3,22,9,2,4,8,12,16
1,2,3,4,7,8,9,10,12,16,17,19,21>1,3,7,10,11,17,21,22,2,4,8,12,16
1,3,5,6,8,9,14,17,19,20>2,4,8,9,14,19,21,17,20
1,3,5,6,8,9,14,17,19,20>3,4,5,17,20
1,2,3,4,6,7,9,11,12,14,15,17,19,20,23>1,3,11,12,14,16,18,19,23,2,4,7,15,17
1,2,3,4,6,7,9,11,12,14,15,17,19,20,23>3,6,11,12,18,19,21,23,2,4,7,15,17
7,8,11,13,16,17,19,22,23>13,14,16,17,19,8,23
7,8,11,13,16,17,19,22,23>20,11,12,13,8,23
1,2,3,5,7,8,9,11,12,14,18,19,21,22>1,21,23,2,8,12,19,22
1,2,3,5,7,8,9,11,12,14,18,19,21,22>3,4,9,13,21,23,2,8,12,19,22
1,4,7,10,11,14,17,18,20,22,23>7,10,14,15,16,19,17,18,20,23
1,4,7,10,11,14,17,18,20,22,23>2,4,10,14,19,17,18,20,23
2,4,6,9,13,14,17,23>4,9,10,13,15,16,18,23,14
2,4,6,9,13,14,17,23>4,6,16,17,23,14
1,2,6,8,10,12,13,14,16,19,20,21>20,22,16,2,8,13,14,21
1,2,6,8,10,12,13,14,16,19,20,21>6,7,12,19,22,2,8,13,14,21
1,3,6,8,9,10,13,17,19,20,21,22,23>1,2,4,7,8,9,10,19,17,20,21,22,23
1,3,6,8,9,10,13,17,19,20,21,22,23>2,3,8,9,13,14,17,20,21,22,23
2,4,5,6,9,14,16,18,19,21,23>2,4,9,14,18,20,21,22,23,16,19
2,4,5,6,9,14,16,18,19,21,23>4,5,6,7,12,14,18,22,23,16,19
1,4,6,7,8,11,12,13,14,17,21,23>6,11,13,17,21,8,12,14,7
1,4,6,7,8,11,12,13,14,17,21,23>2,4,6,16,8,12,14,7
1,4,6,10,11,12,17,19,21,22,23>4,7,8,16,21,11,12,22,23
1,4,6,10,11,12,17,19,21,22,23>2,4,6,7,8,10,17,18,19,11,12,22,23
1,3,4,6,10,11,15,16,19,20,21,22>1,10,11,13,15,4,16,20,21,22
1,3,4,6,10,11,15,16,19,20,21,22>1,3,7,11,13,15,19,23,4,16,20,21,22
1,3,4,5,11,12,13,18,19,20,23>5,8,14,16,18,20,21,19,4
1,3,4,5,11,12,13,18,19,20,23>2,11,12,16,18,23,19,4
1,2,3,4,8,10,13,14,21,22,23>21,1,13,2,4,14,22,23
1,2,3,4,8,10,13,14,21,22,23>1,3,11,13,16,2,4,14,22,23
3,4,5,9,12,13,14,15,16,17,18>19,3,8,4,12,13,14,15,16,18
3,4,5,9,12,13,14,15,16,17,18>5,9,10,17,4,12,13,14,15,16,18
3,9,11,12,14,16,18,23>15,3,14,12
3,9,11,12,14,16,18,23>4,9,10,14,16,23,12
2,3,5,9,11,13,14,15,17,20,22,23>3,4,5,6,10,11,13,18,21,14,15,17,20,23
2,3,5,9,11,13,14,15,17,20,22,23>2,3,4,5,9,10,11,13,18,22,14,15,17,20,23
1,2,5,6,9,12,14,15,17,20,21,23>5,9,10,16,20,2,6,15,17,21
1,2,5,6,9,12,14,15,17,20,21,23>1,7,8,9,10,12,18,2,6,15,17,21
1,2,7,11,12,15,16,17>1,11,15,17,18,16,2,12
1,2,7,11,12,15,16,17>1,7,8,17,16,2,12
1,3,4,5,7,8,17,18,20,23>1,18,17,4,20
1,3,4,5,7,8,17,18,20,23>3,6,7,16,18,21,17,4,20
1,3,4,5,7,8,10,11,14,16>1,2,6,7,13,8,16,11,4
1,3,4,5,7,8,10,11,14,16>1,2,5,6,7,14,8,16,11,4
2,3,6,8,9,11,12,13,14,17,19,20,22,23>7,9,11,12,13,19,21,22,8,17,14,23
2,3,6,8,9,11,12,13,14,17,19,20,22,23>4,6,22,9,8,17,14,23
2,5,6,7,9,11,12,15,16,17,19,20,22,23>5,6,8,11,12,17,21,22,16,23,7
2,5,6,7,9,11,12,15,16,17,19,20,22,23>2,5,6,8,17,18,19,20,21,16,23,7
1,3,4,5,6,9,12,13,14,19,21,22,23>2,5,6,9,13,4,12,14,22,23
1,3,4,5,6,9,12,13,14,19,21,22,23>2,3,5,6,9,21,4,12,14,22,23
1,2,4,6,8,12,13,14,15,16,17,22>23,4,7,2,8,12,13,14,16
1,2,4,6,8,12,13,14,15,16,17,22>1,6,7,15,17,22,2,8,12,13,14,16
1,4,6,12,15,17,18,20,23>2,6,8,16,19,17,18
1,4,6,12,15,17,18,20,23>1,4,6,8,15,19,21,23,17,18
2,4,7,13,14,23>4,13,15,14
2,4,7,13,14,23>7,15,16,23,14
1,3,4,5,7,9,10,11,12,13,16,17,19,21,23>1,3,5,7,8,9,13,14,17,21,22,23,16,11,4,12
1,3,4,5,7,9,10,11,12,13,16,17,19,21,23>1,2,3,5,7,9,10,17,21,23,16,11,4,12
2,3,4,7,8,9,11,12,16,17,18,20,21,23>2,3,9,19,20,23,8,16,4,21
2,3,4,7,8,9,11,12,16,17,18,20,21,23>2,3,12,17,18,19,23,8,16,4,21
1,5,7,9,11,17,20,21,22,23>11,1,6,7,17,20,21,22,23
1,5,7,9,11,17,20,21,22,23>1,2,9,17,20,21,22,23
1,4,7,8,9,10,13,14,15,18,19,21,23>2,4,7,9,11,15,16,21,22,23,19,14
1,4,7,8,9,10,13,14,15,18,19,21,23>1,2,4,7,8,9,10,13,21,22,19,14
1,3,5,6,8,9,13,14,16,17,20,22,23>13,4,21,7,6,8,14,20,23
1,3,5,6,8,9,13,14,16,17,20,22,23>1,2,3,4,9,10,21,6,8,14,20,23
1,3,4,6,9,10,14,17,22,23>15,2,18,10,4,23
1,3,4,6,9,10,14,17,22,23>1,2,3,6,7,9,11,14,15,16,17,22,10,4,23
2,4,6,8,9,11,12,13,17,18,20,23>4,9,10,12,14,16,20,23,8,17
2,4,6,8,9,11,12,13,17,18,20,23>4,7,10,14,20,8,17
1,3,6,7,9,12,13,15,17,19,22,23>2,4,6,8,13,18,19,22,12,23,7
1,3,6,7,9,12,13,15,17,19,22,23>1,2,4,14,15,22,12,23,7
2,4,5,9,11,12,13,16,19,20,21,22>23,8,9,16,21,13,22
2,4,5,9,11,12,13,16,19,20,21,22>14,8,12,16,21,13,22
1,3,5,10,11,16,19,20,21,22>1,2,4,5,8,11,13,16,23,20,21,22
1,3,5,10,11,16,19,20,21,22>1,2,3,4,5,10,13,23,20,21,22
2,4,6,7,8,10,11,18,21>2,4,13,16,19,22,11,7
2,4,6,7,8,10,11,18,21>4,6,8,10,13,18,19,11,7
1,3,4,9,11,13,14,15,18,19,21>1,3,11,16,18,4,13,14,15,19
1,3,4,9,11,13,14,15,18,19,21>1,2,3,11,18,20,21,4,13,14,15,19
3,6,7,10,11,12,13,15,16,18,20,21,23>4,8,11,12,13,15,18,19,20,22,23,16,21,7
3,6,7,10,11,12,13,15,16,18,20,21,23>6,10,11,12,14,15,20,23,16,21,7
1,2,3,5,6,7,9,11,16,18,19,20,22>3,5,6,9,11,18,22,23,2,19,20,7
1,2,3,5,6,7,9,11,16,18,19,20,22>3,6,13,16,18,23,2,19,20,7
1,2,3,7,8,10,12,13,16,17,18,19,20,22,23>3,7,14,16,17,18,20,21,22,8,2,19,23
1,2,3,7,8,10,12,13,16,17,18,19,20,22,23>3,4,12,13,17,21,8,2,19,23
3,4,5,7,10,11,19,20,23>3,7,16,21,4,20
3,4,5,7,10,11,19,20,23>3,5,7,10,11,19,21,4,20
1,2,3,4,5,7,9,10,11,12,14,20,22>1,3,5,8,13,14,15,22,2,10,4
1,2,3,4,5,7,9,10,11,12,14,20,22>1,3,5,8,9,12,14,15,21,2,10,4
4,5,7,8,9,10,12,15,17,18,19,20,21,23>4,5,18,20,22,23,8,17,19,21
4,5,7,8,9,10,12,15,17,18,19,20,21,23>4,5,7,12,15,18,8,17,19,21
3,4,5,7,9,10,15,19,21,22,23>5,9,11,16,19,20,4,22,23
3,4,5,7,9,10,15,19,21,22,23>5,7,11,19,20,4,22,23
5,6,8,10,11,14,20,22,23>7,11,14,17,22,20,6,23
5,6,8,10,11,14,20,22,23>8,10,14,20,6,23
2,4,5,6,7,8,9,11,14,16,18,19,20,22,23>4,5,6,14,21,22,7,8,16,19,20,23
2,4,5,6,7,8,9,11,14,16,18,19,20,22,23>2,4,5,6,14,18,22,7,8,16,19,20,23
1,2,5,10,12,13,19,21,23>5,10,11,19,23,2,12
1,2,5,10,12,13,19,21,23>1,5,13,14,22,23,2,12
4,5,13,19,20,21,22,23>4,13,16,19,20,21,22,23
4,5,13,19,20,21,22,23>4,13,14,16,17,20,21,22,23
1,3,4,5,6,7,9,11,12,13,14,15,17,21,22,23>1,3,8,10,4,6,7,12,14,15,22,23
1,3,4,5,6,7,9,11,12,13,14,15,17,21,22,23>1,2,3,5,8,11,21,4,6,7,12,14,15,22,23
1,2,3,5,7,9,10,11,12,13,14,18,20,21,22>3,5,6,11,12,15,23,2,10,13,14,21,22
1,2,3,5,7,9,10,11,12,13,14,18,20,21,22>3,4,5,6,8,9,12,15,17,19,20,2,10,13,14,21,22
3,4,7,9,12,16,18,19,20>3,7,9,13,18,16,19,4
3,4,7,9,12,16,18,19,20>20,8,12,18,16,19,4
1,2,3,6,7,9,14,15,16,18,20,21,23>1,6,8,9,10,14,19,22,23,2,7,15,16,20,21
1,2,3,6,7,9,14,15,16,18,20,21,23>1,3,4,8,10,14,19,22,23,2,7,15,16,20,21
2,4,5,6,9,10,11,12,16,17,18,22>19,4,22,6,10,11,12,16,18
2,4,5,6,9,10,11,12,16,17,18,22>22,5,7,13,6,10,11,12,16,18
1,3,5,6,9,10,12,13,17,18,19,21>3,8,9,10,21,22,18,19,12,13
1,3,5,6,9,10,12,13,17,18,19,21>10,3,14,22,18,19,12,13
2,4,7,11,14,18,20,23>2,7,11,14,18,19,20
2,4,7,11,14,18,20,23>2,4,7,18,19,20
1,4,7,9,10,13,14,15,16,20,22,23>2,7,9,21,22,10,14,15,16,20,23
1,4,7,9,10,13,14,15,16,20,22,23>1,2,8,13,10,14,15,16,20,23
1,2,3,5,6,7,8,16,18,20,21,22,23>3,5,16,2,6,7,8,20,21,22,23
1,2,3,5,6,7,8,16,18,20,21,22,23>1,3,5,2,6,7,8,20,21,22,23
7,8,9,10,11,12,14,16,20,21,22,23>7,12,14,16,20,8,10,21,22,23
7,8,9,10,11,12,14,16,20,21,22,23>11,12,16,20,8,10,21,22,23
3,4,5,8,9,12,14,15,16,17,18,20,22,23>3,14,20,21,22,8,16,4,23
3,4,5,8,9,12,14,15,16,17,18,20,22,23>5,10,14,15,17,18,19,21,22,8,16,4,23
1,2,4,8,9,10,13,14,15,18,19,23>1,9,10,18,20,23,2,19,14
1,2,4,8,9,10,13,14,15,18,19,23>4,10,11,13,15,18,2,19,14
2,4,5,7,9,10,11,12,13,14,16,17,18,20,22,23>2,4,8,9,12,15,21,22,10,14,16,18,23
2,4,5,7,9,10,11,12,13,14,16,17,18,20,22,23>2,5,7,13,15,19,20,21,10,14,16,18,23
3,6,8,9,11,13,14,15,17,19,20,21,22,23>9,11,13,16,19,14,17,20,21,22,23
3,6,8,9,11,13,14,15,17,19,20,21,22,23>19,7,8,11,14,17,20,21,22,23
1,4,6,7,13,18,19>4,6,14,19,13,7
1,4,6,7,13,18,19>2,4,18,19,13,7
1,2,3,6,10,12,13,16,18>11,14,10,2,12,13
1,2,3,6,10,12,13,16,18>1,6,11,14,19,2,12,13
2,3,6,7,9,11,14,15,16,19,20,22>2,11,13,14,21,22,16,15,20,7
2,3,6,7,9,11,14,15,16,19,20,22>2,3,4,6,8,9,21,22,16,15,20,7
1,2,3,4,6,7,9,10,14,18,19,20,21>3,6,9,10,13,22,2,4,7,19,20,21
1,2,3,4,6,7,9,10,14,18,19,20,21>3,6,16,17,18,22,2,4,7,19,20,21
5,11,12,13,15,18,22,23>5,11,13,14,15,16,18,19,22,12,23
5,11,12,13,15,18,22,23>8,11,14,16,18,22,12,23
2,6,7,9,10,12,13,14,17,18,20,21,23>2,12,13,20,7,10,14,17,18,21
2,6,7,9,10,12,13,14,17,18,20,21,23>2,8,9,15,23,7,10,14,17,18,21
4,8,10,16,17,18,19,22,23>12,17,18,8,16,19,23
4,8,10,16,17,18,19,22,23>4,12,17,20,8,16,19,23
1,2,3,4,10,11,12,13,14,17,19,20,21,22>3,8,11,15,18,2,4,13,14,17,21,22
1,2,3,4,10,11,12,13,14,17,19,20,21,22>1,3,8,10,12,15,18,20,23,2,4,13,14,17,21,22
1,2,3,5,6,7,8,10,12,13,14,15,17,18,20,21,22,23>1,3,5,10,12,19,2,6,7,8,14,17,21,22,23
1,2,3,5,6,7,8,10,12,13,14,15,17,18,20,21,22,23>3,4,5,13,16,19,2,6,7,8,14,17,21,22,23
1,2,3,5,7,11,13,14,16,22,23>1,5,7,11,12,13,15,16,22,2,14,23
1,2,3,5,7,11,13,14,16,22,23>1,5,6,7,12,13,15,2,14,23
1,4,7,16,19,20>2,7,13,19,21,16,20
1,4,7,16,19,20>4,13,19,16,20
1,2,5,6,7,8,9,11,12,13,15,16,18,19,21,22>1,9,11,15,21,2,7,8,12,13,16,19,22
1,2,5,6,7,8,9,11,12,13,15,16,18,19,21,22>21,6,15,2,7,8,12,13,16,19,22
2,4,5,6,7,8,10,11,12,14,16,17,19,21,22>23,2,4,21,7,8,11,12,16,22
2,4,5,6,7,8,10,11,12,14,16,17,19,21,22>4,5,6,14,7,8,11,12,16,22
1,4,5,8,9,10,11,12,13,14,15,17,20,22,23>5,6,13,15,16,20,21,22,8,10,14,17,23
1,4,5,8,9,10,11,12,13,14,15,17,20,22,23>2,5,6,11,13,16,8,10,14,17,23
1,7,8,10,11,12,13,15,17,18,20,22,23>1,10,12,14,15,16,18,19,8,17,23
1,7,8,10,11,12,13,15,17,18,20,22,23>2,7,10,12,15,19,22,8,17,23
2,5,6,7,10,11,12,15,18,21,22,23>2,5,10,18,6,7,11,12,22,23
2,5,6,7,10,11,12,15,18,21,22,23>5,8,15,16,18,19,21,6,7,11,12,22,23
1,3,6,8,9,10,16,17,18,23>18,19,4,6,8,10
1,3,6,8,9,10,16,17,18,23>2,6,9,11,16,19,8,10
3,6,7,9,10,11,12,13,15,16,17,18,21,23>3,4,8,9,15,17,21,7,10,11,12,16,18
3,6,7,9,10,11,12,13,15,16,17,18,21,23>4,6,14,15,21,7,10,11,12,16,18
3,5,7,9,12,14,15,20,22>4,7,9,12,16,17,20,22,15
3,5,7,9,12,14,15,20,22>3,5,6,8,10,20,15
3,4,5,7,8,9,10,14,15,17,19,20,23>3,9,10,15,16,21,17,4,20
3,4,5,7,8,9,10,14,15,17,19,20,23>5,9,10,14,15,16,19,21,17,4,20
1,2,3,4,6,7,8,9,11,12,14,15,17,18,19,23>1,11,15,2,4,7,8,12,19
1,2,3,4,6,7,8,9,11,12,14,15,17,18,19,23>1,3,9,14,17,18,23,2,4,7,8,12,19
1,2,5,7,9,13,14,15,16,18,21,23>1,7,8,9,13,18,19,22,16,2,14,15
1,2,5,7,9,13,14,15,16,18,21,23>1,5,6,7,8,9,10,12,13,21,23,16,2,14,15
1,3,5,6,7,10,13,14,18,19,20,23>1,5,10,13,23,19,20,14,7
1,3,5,6,7,10,13,14,18,19,20,23>1,2,6,10,13,21,23,19,20,14,7
1,2,3,4,5,6,7,8,9,12,13,14,15,16,19,20,23>3,5,12,19,23,2,4,7,8,14,16
1,2,3,4,5,6,7,8,9,12,13,14,15,16,19,20,23>3,5,6,9,12,20,2,4,7,8,14,16
3,4,9,10,11,16,17,19,21,23>3,8,18,19,20,22,16,11,4
3,4,9,10,11,16,17,19,21,23>8,9,17,18,20,21,23,16,11,4
2,3,6,7,9,10,12,14,15,16,19,20,21,23>4,6,9,10,12,19,23,16,15,21,7
2,3,6,7,9,10,12,14,15,16,19,20,21,23>3,4,8,9,19,20,23,16,15,21,7
1,2,7,8,10,12,13,15,16,20,22>1,12,15,20,8,16,2,13
1,2,7,8,10,12,13,15,16,20,22>7,10,8,16,2,13
2,3,4,6,7,8,10,11,14,15,19,20,21,23>3,6,8,10,15,16,17,19,23,21,4,20,7
2,3,4,6,7,8,10,11,14,15,19,20,21,23>2,3,6,10,14,19,22,21,4,20,7
1,2,5,7,8,9,13,16,17,20,21,23>6,7,9,10,13,16,17,23,8,2,20,21
1,2,5,7,8,9,13,16,17,20,21,23>5,6,7,16,23,8,2,20,21
5,7,8,10,14,15,18,20,21,22,23>5,10,14,15,16,18,19,20,21,22,23
5,7,8,10,14,15,18,20,21,22,23>19,6,7,10,20,21,22,23
2,4,6,8,9,10,13,20,21>2,17,9,14,10,21,20,13
2,4,6,8,9,10,13,20,21>4,6,7,14,16,17,10,21,20,13
3,4,5,7,9,11,13,15,16,20,22,23>15,14,6,16,4,20,23
3,4,5,7,9,11,13,15,16,20,22,23>3,6,8,9,13,22,16,4,20,23
1,2,4,5,7,8,10,14,15,17,19,23>1,4,11,14,19,20,23,2
1,2,4,5,7,8,10,14,15,17,19,23>5,10,11,15,17,20,2
1,5,9,10,13,15,19,20>5,9,13,19,21,20
1,5,9,10,13,15,19,20>1,5,9,10,13,14,15,17,21,20
2,4,5,6,9,10,11,18,20,21,23>22,4,19,23,10,20,21,6
2,4,5,6,9,10,11,18,20,21,23>2,4,7,11,16,23,10,20,21,6
1,3,6,7,9,10,11,12,13,15,17,18,19,21,22>10,14,15,16,17,21,7,11,12,13,18,19,22
1,3,6,7,9,10,11,12,13,15,17,18,19,21,22>1,8,9,10,17,21,7,11,12,13,18,19,22
2,3,4,5,6,10,12,15,19,20,21,23>6,7,10,12,16,19,22,4,21
2,3,4,5,6,10,12,15,19,20,21,23>2,3,5,6,12,15,16,20,23,4,21
3,4,6,7,9,11,14,15,19,20>3,6,13,14,19,20,4,15,7
3,4,6,7,9,11,14,15,19,20>3,9,11,13,16,17,19,21,20,4,15,7
3,4,5,6,7,9,10,11,13,14,15,19,20,21,23>3,5,16,19,22,4,7,14,15,20,21
3,4,5,6,7,9,10,11,13,14,15,19,20,21,23>5,6,9,10,22,23,4,7,14,15,20,21
2,3,4,6,9,11,13,16,18,19,20,21,22,23>2,3,8,9,11,13,4,16,19,20,21,22,23
2,3,4,6,9,11,13,16,18,19,20,21,22,23>2,6,7,8,9,13,18,4,16,19,20,21,22,23
1,2,3,4,6,8,9,11,12,14,16,17,18,22>6,10,13,14,17,23,2,4,8,12,16
1,2,3,4,6,8,9,11,12,14,16,17,18,22>3,6,7,17,23,2,4,8,12,16
1,4,5,7,8,10,12,15,18,22,23>2,6,10,11,22,8,12,23
1,4,5,7,8,10,12,15,18,22,23>2,5,6,7,16,18,8,12,23
2,5,7,11,12,14,15,20,22>2,17,20,14,15
2,5,7,11,12,14,15,20,22>2,5,6,8,12,13,16,21,22,23,15
2,3,5,6,8,12,13,14,15,16,18,19,22,23>4,6,8,12,14,16,19,23
2,3,5,6,8,12,13,14,15,16,18,19,22,23>2,4,5,7,13,15,8,12,14,16,19,23
1,2,4,6,8,9,10,19,21,22>1,4,7,8,9,10,13,20,21,2,22
1,2,4,6,8,9,10,19,21,22>6,9,11,13,19,20,21,2,22
1,2,5,8,9,10,12,13,16,17,18,20,21,22,23>9,13,14,18,20,2,8,10,21,22,23
1,2,5,8,9,10,12,13,16,17,18,20,21,22,23>5,6,9,12,14,16,17,20,2,8,10,21,22,23
1,2,3,4,5,6,8,12,14,16,17,19,20,23>3,20,6,12,8,16,2,4
1,2,3,4,5,6,8,12,14,16,17,19,20,23>21,1,5,7,8,16,2,4
1,2,7,11,12,13,15,16,17,19,20,21,22>1,11,12,14,15,17,18,2,13,16,21,22
1,2,7,11,12,13,15,16,17,19,20,21,22>8,11,12,15,19,23,2,13,16,21,22
4,8,11,12,13,14,15,16,18,19,20,21,22>4,18,20,23,8,13,14,16,19,21,22
4,8,11,12,13,14,15,16,18,19,20,21,22>11,12,18,23,8,13,14,16,19,21,22
2,4,5,6,9,10,13,14,15,16,17,18>12,2,7,11,6,10,13,14,15,16,18
2,4,5,6,9,10,13,14,15,16,17,18>2,4,5,7,8,12,17,19,6,10,13,14,15,16,18
1,2,3,4,6,7,8,12,14,16,19,22,23>3,22,2,4,7,8,12,16,23
1,2,3,4,6,7,8,12,14,16,19,22,23>1,3,19,2,4,7,8,12,16,23
1,2,3,5,10,11,12,14,15,16,17,18,22>1,3,5,6,8,10,19,2,11,12,15,16,18
1,2,3,5,10,11,12,14,15,16,17,18,22>1,3,4,5,13,17,2,11,12,15,16,18
4,5,6,7,9,11,12,13,15,16,17,19,21,22>15,18,8,21,7,12,13,16,22
4,5,6,7,9,11,12,13,15,16,17,19,21,22>4,5,6,8,14,17,21,7,12,13,16,22
3,6,8,11,12,13,15,17,18,20,21,22>3,4,15,16,20,8,13,17,21,22
3,6,8,11,12,13,15,17,18,20,21,22>6,11,18,19,20,23,8,13,17,21,22
1,2,3,4,6,13,14,22,23>3,7,13,15,22,2,4,14,23
1,2,3,4,6,13,14,22,23>1,3,7,13,2,4,14,23
2,3,4,5,6,8,9,11,13,14,16,17,18,21,23>2,19,11,4,6,8,14,16
2,3,4,5,6,8,9,11,13,14,16,17,18,21,23>2,3,22,11,4,6,8,14,16
1,2,3,5,7,8,9,10,11,14,15,16,20>6,7,9,2,8,10,16,20
1,2,3,5,7,8,9,10,11,14,15,16,20>3,6,7,11,15,21,2,8,10,16,20
1,2,6,8,18,20,21,23>23,6,17,19,2,20,21
1,2,6,8,18,20,21,23>6,7,8,18,22,2,20,21
3,5,6,9,10,15,18,20,21,22>7,15,16,18,19,23,6,10,20,21,22
3,5,6,9,10,15,18,20,21,22>4,5,7,9,15,23,6,10,20,21,22
2,3,4,7,8,12,15,16,17,18,20,21,23>7,18,19,20,22,23,8,16,4,21
2,3,4,7,8,12,15,16,17,18,20,21,23>3,7,15,17,19,8,16,4,21
1,2,3,4,5,7,11,14,15,17,18,19,20,22>5,7,11,13,2,4,15,17,18,19,20
1,2,3,4,5,7,11,14,15,17,18,19,20,22>1,3,5,11,14,16,21,2,4,15,17,18,19,20
1,4,8,9,12,14,15,16,18,19,20,23>2,12,15,18,20,8,16,19
1,4,8,9,12,14,15,16,18,19,20,23>2,4,12,20,23,8,16,19
2,4,6,7,9,12,14,15,16,17,18,19,21,22,23>14,7,12,15,16,18,19,22,23
2,4,6,7,9,12,14,15,16,17,18,19,21,22,23>21,2,4,8,7,12,15,16,18,19,22,23
2,4,11,12,14,16,17,18,22,23>19,16,18,12,23
2,4,11,12,14,16,17,18,22,23>2,4,14,15,17,22,16,18,12,23
2,3,4,6,9,14,15,16,17,19,20,22,23>3,7,8,14,18,21,4,15,16,20,23
2,3,4,6,9,14,15,16,17,19,20,22,23>2,3,6,8,14,21,4,15,16,20,23
2,3,5,11,12,23>23,3,5,12
2,3,5,11,12,23>2,4,5,6,8,12
2,4,5,6,8,9,12,14,16,20,21,22,23>2,4,7,10,12,20,6,8,16,21,22,23
2,4,5,6,8,9,12,14,16,20,21,22,23>5,10,6,8,16,21,22,23
1,8,10,11,15,16,19,21,22,23>2,10,12,19,20,8,11,16,22,23
1,8,10,11,15,16,19,21,22,23>1,2,10,8,11,16,22,23
1,3,6,7,8,10,11,13,14,15,17,18,19,20>1,2,10,16,18,7,13,14,17,19,20
1,3,6,7,8,10,11,13,14,15,17,18,19,20>2,3,4,6,11,15,16,21,7,13,14,17,19,20
1,3,4,6,11,13,14,15,16,18,20,21,23>1,2,3,7,11,13,19,4,14,15,16,20,21
1,3,4,6,11,13,14,15,16,18,20,21,23>1,2,3,7,8,11,13,22,4,14,15,16,20,21
1,7,8,9,10,11,12,13,15,17,22>1,9,15,16,17,23,8,10,11,12,13
1,7,8,9,10,11,12,13,15,17,22>1,2,9,15,17,8,10,11,12,13
2,3,7,8,11,12,13,15,17,18,19,20,21>2,4,7,14,18,22,8,13,17,19,21
2,3,7,8,11,12,13,15,17,18,19,20,21>3,4,11,15,16,18,20,8,13,17,19,21
1,5,6,7,8,9,10,14,17,18,19,20,21,23>6,8,9,18,23,7,17,19,20,21
1,5,6,7,8,9,10,14,17,18,19,20,21,23>1,2,6,9,14,22,7,17,19,20,21
1,4,10,12,13,14,15,16,20,21,22>1,8,20,13,14,15,16,21,22
1,4,10,12,13,14,15,16,20,21,22>1,4,10,12,20,23,13,14,15,16,21,22
1,9,10,12,14,15,16,17,19,20,21,22>13,17,18,19,20,23,16,21,22,15
1,9,10,12,14,15,16,17,19,20,21,22>1,2,8,17,23,16,21,22,15
1,2,3,5,8,11,12,13,14,16,18,19,20,21,22>1,4,5,11,12,16,23,2,8,13,14,19,21,22
1,2,3,5,8,11,12,13,14,16,18,19,20,21,22>1,4,11,12,20,23,2,8,13,14,19,21,22
1,2,4,5,6,10,13,14,15,16,17,19,20,22,23>4,7,13,17,21,22,2,14,15,16,20,23
1,2,4,5,6,10,13,14,15,16,17,19,20,22,23>5,6,7,10,13,18,21,22,2,14,15,16,20,23
2,3,4,5,6,7,13,17,19,21,22>6,16,19,20,21,23,4,13,22,7
2,3,4,5,6,7,13,17,19,21,22>2,3,5,14,17,20,23,4,13,22,7
3,9,13,19,20,21,23>23,19,20,21
3,9,13,19,20,21,23>3,4,13,19,22,20,21
1,2,5,6,7,8,9,10,12,13,14,17,18,20,22>1,5,18,22,2,6,7,8,10,13,14,17
1,2,5,6,7,8,9,10,12,13,14,17,18,20,22>9,19,21,22,23,2,6,7,8,10,13,14,17
1,3,6,7,9,10,15,17,18,20,22>16,4,22,13,7,10,17,18,20
1,3,6,7,9,10,15,17,18,20,22>1,2,6,15,21,23,7,10,17,18,20
2,4,7,9,10,12,13,15,20,21,23>4,12,13,14,16,17,20,22,23,10,21
2,4,7,9,10,12,13,15,20,21,23>2,4,12,13,15,16,17,20,10,21
1,3,4,5,6,8,10,11,12,13,14,15,16,18,20,21>5,10,12,15,19,4,6,8,13,14,16,21
1,3,4,5,6,8,10,11,12,13,14,15,16,18,20,21>1,7,11,12,15,18,19,4,6,8,13,14,16,21
1,2,3,5,7,11,12,15,17,22,23>1,4,7,11,15,17,18,22,2,12,23
1,2,3,5,7,11,12,15,17,22,23>3,4,5,7,8,15,16,17,18,22,2,12,23
2,5,7,8,11,15,16,17,18,20,21>2,19,7,8,16,20,21
2,5,7,8,11,15,16,17,18,20,21>2,5,6,7,11,15,8,16,20,21
1,2,4,6,12,13,14,17,18,19,21,22>21,4,16,2,12,13,14,18,19,22
1,2,4,6,12,13,14,17,18,19,21,22>4,6,7,8,16,17,23,2,12,13,14,18,19,22
1,2,3,5,8,9,10,13,14,15,17,19,23>1,4,5,8,9,17,2,14
1,2,3,5,8,9,10,13,14,15,17,19,23>1,4,5,8,10,17,19,2,14
4,5,7,8,9,10,11,12,14,20,21,23>5,7,11,14,20,22,8,10,21
4,5,7,8,9,10,11,12,14,20,21,23>5,6,7,9,11,12,14,20,23,8,10,21
1,3,5,6,7,12,14,17,19,21,22,23>14,15,18,19,21,12,23,22,7
1,3,5,6,7,12,14,17,19,21,22,23>2,4,5,6,8,14,17,19,12,23,22,7
1,2,4,6,7,8,9,10,12,13,15,16,20,22,23>1,4,12,13,14,20,2,7,8,10,16,23
1,2,4,6,7,8,9,10,12,13,15,16,20,22,23>6,9,13,14,20,21,22,2,7,8,10,16,23
3,4,6,8,10,12,15,17,18,20,22>6,13,15,18,20,23,8,17,4
3,4,6,8,10,12,15,17,18,20,22>7,16,19,20,21,22,23,8,17,4
1,3,5,6,7,10,11,14,19,20>1,3,4,5,11,13,14,15,20,7
1,3,5,6,7,10,11,14,19,20>2,3,6,14,15,19,20,7
1,2,4,6,10,13,14,16,17,21,22>4,7,15,17,18,2,13,14,16,22
1,2,4,6,10,13,14,16,17,21,22>1,4,6,11,12,15,18,2,13,14,16,22
3,8,18,22,23>3,4,22,23
3,8,18,22,23>8,18,22,23
2,3,6,7,8,9,10,13,16,17,20>2,3,4,6,14,17,7,8,10,13,20
2,3,6,7,8,9,10,13,16,17,20>2,3,4,9,16,17,7,8,10,13,20
4,5,10,11,15,16,17,19,20,23>18,4,21,23,16,20
4,5,10,11,15,16,17,19,20,23>8,10,17,19,21,16,20
2,3,4,5,7,8,9,11,12,13,15,17,18,19,20,21,23>2,3,7,9,11,12,13,15,20,4,8,17,19,21
2,3,4,5,7,8,9,11,12,13,15,17,18,19,20,21,23>2,3,5,7,9,12,13,16,20,23,4,8,17,19,21
1,2,5,7,8,9,12,15,16,18,21>7,13,15,19,21,22,8,16,2,12
1,2,5,7,8,9,12,15,16,18,21>1,6,9,10,15,22,8,16,2,12
1,2,3,4,6,7,8,10,11,12,13,14,15,16,21>1,10,15,21,22,2,4,7,8,11,12,13,14,16
1,2,3,4,6,7,8,10,11,12,13,14,15,16,21>1,3,10,22,2,4,7,8,11,12,13,14,16
4,6,8,9,12,14,15,17,18,19,21,22>6,13,14,15,18,21,8,19,12,22
4,6,8,9,12,14,15,17,18,19,21,22>6,7,14,16,21,8,19,12,22
1,2,4,5,6,9,10,12,16,17,21>13,18,5,22,2,6,10,12,16
1,2,4,5,6,9,10,12,16,17,21>1,4,5,7,8,18,22,2,6,10,12,16
1,2,5,6,7,9,12,14,16,17,18,19,22,23>1,5,8,15,22,2,7,12,18,19,23
1,2,5,6,7,9,12,14,16,17,18,19,22,23>5,6,8,15,16,2,7,12,18,19,23
2,3,5,6,7,10,11,13,14,16,17,20,22>5,10,11,15,18,21,23,6,7,13,14,20
2,3,5,6,7,10,11,13,14,16,17,20,22>5,8,11,15,17,18,21,23,6,7,13,14,20
4,5,7,8,11,12,13,15,16,22,23>5,7,11,13,22,8,16,12,23
4,5,7,8,11,12,13,15,16,22,23>5,6,11,14,15,22,8,16,12,23
1,2,3,6,10,13,14,15,16,18,21>1,3,4,22,2,13,14,15,16
1,2,3,6,10,13,14,15,16,18,21>1,3,4,6,7,8,18,21,2,13,14,15,16
2,3,5,6,7,8,9,13,14,15,16,18,19,20,22>4,5,9,7,8,13,14,16,19,20
2,3,5,6,7,8,9,13,14,15,16,18,19,20,22>3,4,15,21,22,23,7,8,13,14,16,19,20
2,3,4,5,8,9,13,16,17,19,21>19,2,3,14,8,16,4,13
2,3,4,5,8,9,13,16,17,19,21>22,5,9,17,8,16,4,13
1,2,4,5,7,9,11,12,13,15,19,20,21,22,23>1,4,9,11,12,15,16,19,20,2,21,22,23
1,2,4,5,7,9,11,12,13,15,19,20,21,22,23>4,5,7,11,12,13,15,16,19,20,2,21,22,23
1,3,5,6,8,9,10,13,14,15,20,21>4,7,8,9,13,16,17,6,10,14,20,21
1,3,5,6,8,9,10,13,14,15,20,21>2,3,7,9,13,15,16,6,10,14,20,21
4,5,6,7,8,9,10,11,14,15,16,17,19,20,21,23>4,10,14,17,22,23,7,8,16,20,21
4,5,6,7,8,9,10,11,14,15,16,17,19,20,21,23>4,6,9,11,15,22,23,7,8,16,20,21
1,3,4,6,7,11,12,14,16,17,19,20,21,22,23>1,2,3,8,11,12,14,17,18,20,4,7,16,21,22,23
1,3,4,6,7,11,12,14,16,17,19,20,21,22,23>1,2,3,6,11,14,15,17,18,19,20,4,7,16,21,22,23
1,4,6,8,9,10,11,12,14,15,16,17,19,21,22,23>14,2,7,9,8,11,12,16,22,23
1,4,6,8,9,10,11,12,14,15,16,17,19,21,22,23>1,4,6,9,15,17,8,11,12,16,22,23
2,4,5,8,9,12,17,18,20,22>6,9,13,18,19,20,8,17
2,4,5,8,9,12,17,18,20,22>2,4,6,10,19,21,22,23,8,17
2,3,4,5,7,10,11,12,13,14,17,20,21,22>3,7,8,15,18,20,4,13,14,17,21,22
2,3,4,5,7,10,11,12,13,14,17,20,21,22>2,3,5,8,12,16,18,23,4,13,14,17,21,22
2,3,5,7,11,13,14,20,22>6,7,15,21,23,20,13,14
2,3,5,7,11,13,14,20,22>2,21,22,6,20,13,14
1,4,5,6,7,10,12,18,19,21>1,2,5,6,8,10,18,21,22,19,12,7
1,4,5,6,7,10,12,18,19,21>4,5,6,13,21,19,12,7
1,2,5,7,10,12,18,19,21>1,5,22,8,2,19,12
1,2,5,7,10,12,18,19,21>22,5,7,2,19,12
2,4,6,7,8,10,13,15,16,18,19,21,22,23>4,10,21,13,7,8,16,19,22,23
2,4,6,7,8,10,13,15,16,18,19,21,22,23>2,4,21,12,7,8,16,19,22,23
3,5,10,11,14,15,16,20,21,22,23>14,15,16,20,21,22,23
3,5,10,11,14,15,16,20,21,22,23>5,8,10,15,16,20,21,22,23
2,5,6,7,9,11,15,16,17,18,19>13,2,5,16,18,19,7
2,5,6,7,9,11,15,16,17,18,19>5,6,8,9,12,13,20,16,18,19,7
1,4,6,9,11,12,17,18,19,22>1,6,7,8,9,11,23,18,19,12
1,4,6,9,11,12,17,18,19,22>1,2,4,7,8,11,13,17,22,23,18,19,12
2,3,4,6,7,8,10,12,17,18,19,20,22,23>2,16,18,4,7,8,17,19,23
2,3,4,6,7,8,10,12,17,18,19,20,22,23>3,6,12,16,21,4,7,8,17,19,23
1,2,8,9,12,17,19,21>9,21,8,2,12
1,2,8,9,12,17,19,21>13,17,21,8,2,12
1,5,7,10,13,17,19,23>5,10,14,17,18,20
1,5,7,10,13,17,19,23>5,7,10,11,13,14,18,19,20,23
1,2,5,6,7,8,9,10,11,12,13,17,18,19,20,21,22>1,9,10,11,18,2,7,8,13,17,19,21,22
1,2,5,6,7,8,9,10,11,12,13,17,18,19,20,21,22>1,5,9,10,18,2,7,8,13,17,19,21,22
1,2,3,4,8,10,14,21,22>1,3,10,14,16,2,4,22
1,2,3,4,8,10,14,21,22>3,8,10,11,16,2,4,22
1,6,7,8,9,11,14,15,18,19,22>14,15,8,19,7
1,6,7,8,9,11,14,15,18,19,22>2,6,11,13,16,20,19,7
2,3,4,13,17,18,21>2,17,19,21,22,18,4,13
2,3,4,13,17,18,21>3,17,18,4,13
1,3,4,9,10,12,13,14,15,17,18,19,20>1,8,9,16,20,4,13,14,15,17,18,19
1,3,4,9,10,12,13,14,15,17,18,19,20>16,2,3,9,4,13,14,15,17,18,19
4,9,10,14,15,18,19,20,21,23>22,14,16,17,19,20,21,15
4,9,10,14,15,18,19,20,21,23>4,9,14,17,19,20,21,15
1,3,4,5,6,12,17,18,19>1,7,13,16,17,18,19,4,12
1,3,4,5,6,12,17,18,19>1,6,7,8,17,18,19,4,12
4,7,8,9,10,11,13,16,18,19>12,18,8,11,13,16,19
4,7,8,9,10,11,13,16,18,19>20,9,10,8,11,13,16,19
2,3,4,5,7,8,10,13,15,17,18,19,20>2,3,7,14,4,13,17,19,20
2,3,4,5,7,8,10,13,15,17,18,19,20>5,8,14,15,16,21,4,13,17,19,20
1,2,3,4,5,7,8,11,12,13,16,17,21,22,23>1,3,21,13,2,4,8,12,16,22,23
1,2,3,4,5,7,8,11,12,13,16,17,21,22,23>14,21,5,7,2,4,8,12,16,22,23
4,6,8,12,15,18,19,20,21,23>20,7,12,8,19,21
4,6,8,12,15,18,19,20,21,23>4,6,7,17,18,20,8,19,21
1,3,4,7,9,13,14,15,19,22>1,2,7,19,20,22,23,4,13,14,15
1,3,4,7,9,13,14,15,19,22>2,3,7,20,22,23,4,13,14,15
2,6,8,10,14,16,17,20,22>2,13,14,22,23,8,20
2,6,8,10,14,16,17,20,22>6,8,20
1,2,6,7,8,9,10,13,18,23>19,9,13,14,2,10,7
1,2,6,7,8,9,10,13,18,23>1,11,19,2,10,7
1,3,5,6,8,10,11,12,15,18,22,23>2,3,5,7,10,18,22,6,8,11,12,23
1,3,5,6,8,10,11,12,15,18,22,23>19,16,2,3,6,8,11,12,23
3,4,5,6,8,10,11,12,13,14,15,16,17,20>3,5,10,11,12,20,4,6,8,13,14,16
3,4,5,6,8,10,11,12,13,14,15,16,17,20>7,10,11,15,17,20,21,4,6,8,13,14,16
1,2,6,9,12,13,14,15,18,19,20,21,22,23>6,8,13,16,17,18,20,2,14,15,19,21,22,23
1,2,6,9,12,13,14,15,18,19,20,21,22,23>6,7,9,13,16,2,14,15,19,21,22,23
2,3,8,9,10,13,14,15,19,23>4,15,16,19,20,14
2,3,8,9,10,13,14,15,19,23>2,3,4,15,16,20,14
1,2,3,6,8,11,12,13,15,20,21,22>3,4,12,14,20,23,2,8,13,21,22
1,2,3,6,8,11,12,13,15,20,21,22>3,4,6,11,15,16,17,23,2,8,13,21,22
3,5,6,8,9,11,13,14,16,17,18,22,23>3,4,9,10,11,13,16,17,22,8,23,6,14
3,5,6,8,9,11,13,14,16,17,18,22,23>4,5,9,11,12,13,17,8,23,6,14
2,3,6,8,9,16,19,21>2,6,9,13,20,21,8
2,3,6,8,9,16,19,21>4,6,13,16,19,22,8
5,6,9,10,11,12,14,17,18,19,20,22>5,7,10,11,14,21,22,17,18,19
5,6,9,10,11,12,14,17,18,19,20,22>5,6,7,8,10,14,20,22,23,17,18,19
2,3,4,7,8,9,11,12,14,15,18,19,20>3,9,11,14,15,16,18,8,19,4
2,3,4,7,8,9,11,12,14,15,18,19,20>7,9,16,18,20,21,8,19,4
1,6,8,9,10,11,12,13,17,18,22>6,7,9,17,22,8,10,11,12,13
1,6,8,9,10,11,12,13,17,18,22>2,6,17,18,22,8,10,11,12,13
4,5,6,7,8,9,17,20,21,23>4,5,9,10,16,22,23,6,7,17,20,21
4,5,6,7,8,9,17,20,21,23>5,8,10,22,6,7,17,20,21
1,3,5,8,9,11,12,14,15,18,19,20,23>1,2,9,11,12,17,18,20,21,23,8,19
1,3,5,8,9,11,12,14,15,18,19,20,23>2,3,9,12,15,16,20,21,23,8,19
2,3,4,5,8,10,11,14,16,17,21,22>6,10,12,13,14,17,21,23,4,8,11,16,22
2,3,4,5,8,10,11,14,16,17,21,22>5,6,10,14,21,4,8,11,16,22
2,5,6,10,11,13,14,16,18,19,21,23>5,12,13,16,18,21,22,23,19,11,14
2,5,6,10,11,13,14,16,18,19,21,23>6,8,13,15,16,20,19,11,14
1,5,11,12,18,20,21,23>2,6,8,17,19,20,21
1,5,11,12,18,20,21,23>5,8,18,19,20,21
1,2,3,6,7,8,11,12,14,15,18,19,21,22>4,6,15,16,21,2,7,8,12,19,22
1,2,3,6,7,8,11,12,14,15,18,19,21,22>1,18,4,23,2,7,8,12,19,22
1,2,3,4,5,6,7,8,9,11,14,15,16,17,19,21,22,23>14,21,19,9,2,4,7,8,16,22,23
1,2,3,4,5,6,7,8,9,11,14,15,16,17,19,21,22,23>3,5,6,11,12,15,19,2,4,7,8,16,22,23
1,4,5,7,9,11,12,13,18,19,20,21,22>1,5,7,8,12,14,16,18,21,19,13,22
1,4,5,7,9,11,12,13,18,19,20,21,22>2,14,5,18,21,19,13,22
3,5,6,11,13,16,17,21>14,16,17,18,22,13,6
3,5,6,11,13,16,17,21>4,8,11,12,14,21,22,13,6
1,3,5,6,9,15,17,18,19,21>1,2,4,6,15,20,18,19
1,3,5,6,9,15,17,18,19,21>1,2,4,7,9,15,17,20,18,19
2,6,8,11,12,13,14,15,18,19,20,23>11,12,13,16,23,8,19,14
2,6,8,11,12,13,14,15,18,19,20,23>2,12,13,15,17,20,21,8,19,14
4,5,6,7,9,11,13,20,21>10,11,14,6,7,13,20,21
4,5,6,7,9,11,13,20,21>5,9,10,17,22,6,7,13,20,21
1,2,3,4,5,6,7,8,13,16,19,20,21,22,23>6,13,14,19,2,4,7,8,16,20,21,22,23
1,2,3,4,5,6,7,8,13,16,19,20,21,22,23>3,6,14,2,4,7,8,16,20,21,22,23
1,3,4,5,8,9,10,11,13,14,19,23>1,8,10,16,19,11,4,14
1,3,4,5,8,9,10,11,13,14,19,23>1,2,3,16,11,4,14
2,4,6,7,8,10,11,12,13,14,16,17,19,20,21,22,23>2,11,13,17,20,7,8,14,16,21,22,23
2,4,6,7,8,10,11,12,13,14,16,17,19,20,21,22,23>2,6,10,11,12,13,17,19,7,8,14,16,21,22,23
3,4,8,10,11,14,15,16,19,21>20,3,14,15,8,16,11,4
3,4,8,10,11,14,15,16,19,21>3,10,12,14,19,20,21,22,8,16,11,4
2,5,7,8,10,11,12,13,16,20,21>20,22,10,12,8,21,13
2,5,7,8,10,11,12,13,16,20,21>22,16,6,11,8,21,13
1,2,4,5,6,7,12,13,14,15,16,17,18,19,22,23>5,6,8,13,17,22,2,7,12,14,15,16,18,19,23
1,2,4,5,6,7,12,13,14,15,16,17,18,19,22,23>4,5,2,7,12,14,15,16,18,19,23
1,3,4,6,7,8,11,13,14,15,16,17,18,21>1,15,17,18,19,21,22,4,7,8,13,14,16
1,3,4,6,7,8,11,13,14,15,16,17,18,21>1,3,6,11,12,15,18,19,21,4,7,8,13,14,16
1,4,8,11,14,16,19,23>2,11,19,8,16
1,4,8,11,14,16,19,23>1,2,12,14,20,23,8,16
1,2,3,6,7,12,13,14,16,19,20,22>6,16,20,21,22,23,2,13,14,7
1,2,3,6,7,12,13,14,16,19,20,22>4,6,8,15,21,22,2,13,14,7
3,4,5,7,9,11,12,13,18,23>11,3,14,7,4,12
3,4,5,7,9,11,12,13,18,23>5,6,7,11,13,14,18,23,4,12
1,3,4,6,9,11,13,16,17,21,22,23>1,2,7,12,14,17,18,21,16,4,22,23
1,3,4,6,9,11,13,16,17,21,22,23>1,2,8,9,11,13,16,4,22,23
3,4,7,8,10,14,15,18,20,21,22>3,7,16,17,18,21,4,20,22
3,4,7,8,10,14,15,18,20,21,22>8,13,18,19,23,21,4,20,22
1,9,10,11,12,13,17,18,21,22,23>19,1,8,9,10,11,12,18,22,23
1,9,10,11,12,13,17,18,21,22,23>1,2,8,9,14,10,11,12,18,22,23
2,3,6,7,10,13,14,15,16,20,23>2,6,8,13,7,14,15,16,20
2,3,6,7,10,13,14,15,16,20,23>21,4,6,8,7,14,15,16,20
4,8,10,12,13,15,16,19>4,8,16,12,13
4,8,10,12,13,15,16,19>10,11,15,19,8,16,12,13
1,3,6,8,9,10,11,12,13,14,16,17,19,20,22,23>7,9,13,17,20,21,8,14,23
1,3,6,8,9,10,11,12,13,14,16,17,19,20,22,23>1,2,4,6,9,10,11,12,19,20,21,22,8,14,23
3,4,5,7,9,10,11,14,17,19,20,23>18,19,9,14,17,4,20
3,4,5,7,9,10,11,14,17,19,20,23>3,7,10,16,23,17,4,20
