TCR,NFAT,IFN-\beta,IFN-\betaR,IL-18,IL-18R,IRAK,SOCS1,IL-12,IL-12R,STAT4,T-bet,IFN-\gamma,IFN-\gammaR,JAK1,STAT1,IL-4,IL-4R,STAT6,GATA3,IL-10,IL-10R,STAT3
2,4,5,6,8,9,10,11,12,14,17,18,19,20,21>2,10,11,13,16,18,22,8,17,19,21
2,4,5,6,8,9,10,11,12,14,17,18,19,20,21>2,13,14,16,18,8,17,19,21
2,4,5,6,8,9,10,11,12,14,17,18,19,20,21>5,13,14,18,20,22,8,17,19,21
2,4,5,6,8,9,10,11,12,14,17,18,19,20,21>5,10,11,13,14,22,8,17,19,21
2,4,5,6,8,9,10,11,12,14,17,18,19,20,21>4,6,9,10,11,20,8,17,19,21
2,4,5,6,8,9,10,11,12,14,17,18,19,20,21>7,10,12,14,18,20,22,8,17,19,21
2,4,5,6,8,9,10,11,12,14,17,18,19,20,21>7,9,10,12,13,16,18,8,17,19,21
2,4,5,6,8,9,10,11,12,14,17,18,19,20,21>4,5,7,9,10,12,16,20,22,8,17,19,21
2,4,5,6,8,9,10,11,12,14,17,18,19,20,21>4,6,7,11,18,22,8,17,19,21
2,4,5,6,8,9,10,11,12,14,17,18,19,20,21>4,5,6,7,9,10,11,13,22,8,17,19,21
2,6,8,9,12,13,14,16,17,19,20,22,23>2,13,16,19,20,21,22,8,14,23
2,6,8,9,12,13,14,16,17,19,20,22,23>2,7,13,20,21,8,14,23
2,6,8,9,12,13,14,16,17,19,20,22,23>20,6,7,16,8,14,23
2,6,8,9,12,13,14,16,17,19,20,22,23>9,13,16,17,19,20,22,8,14,23
2,6,8,9,12,13,14,16,17,19,20,22,23>19,6,9,13,8,14,23
2,6,8,9,12,13,14,16,17,19,20,22,23>2,7,9,19,21,22,8,14,23
2,6,8,9,12,13,14,16,17,19,20,22,23>2,12,16,17,19,21,22,8,14,23
2,6,8,9,12,13,14,16,17,19,20,22,23>2,9,12,13,17,19,20,8,14,23
2,6,8,9,12,13,14,16,17,19,20,22,23>7,9,12,13,16,17,20,8,14,23
2,6,8,9,12,13,14,16,17,19,20,22,23>6,7,9,12,13,17,21,22,8,14,23
2,4,5,8,10,11,12,14,19>19,4,14,16,8,11,12
2,4,5,8,10,11,12,14,19>2,4,16,8,11,12
2,4,5,8,10,11,12,14,19>19,2,5,16,8,11,12
2,4,5,8,10,11,12,14,19>19,4,5,14,8,11,12
2,4,5,8,10,11,12,14,19>19,2,10,16,8,11,12
2,4,5,8,10,11,12,14,19>19,5,10,8,11,12
2,4,5,8,10,11,12,14,19>19,4,13,8,11,12
2,4,5,8,10,11,12,14,19>4,13,14,16,8,11,12
2,4,5,8,10,11,12,14,19>19,5,13,16,8,11,12
2,4,5,8,10,11,12,14,19>19,10,13,16,8,11,12
1,3,5,6,8,12,15,19,20,21,22,23>3,4,5,6,7,16,19,8,21,22,23
1,3,5,6,8,12,15,19,20,21,22,23>3,6,7,17,20,8,21,22,23
1,3,5,6,8,12,15,19,20,21,22,23>1,3,6,12,16,8,21,22,23
1,3,5,6,8,12,15,19,20,21,22,23>2,4,6,7,12,15,19,20,8,21,22,23
1,3,5,6,8,12,15,19,20,21,22,23>2,5,7,15,16,19,20,8,21,22,23
1,3,5,6,8,12,15,19,20,21,22,23>1,2,5,6,7,15,17,19,20,8,21,22,23
1,3,5,6,8,12,15,19,20,21,22,23>4,5,6,12,15,17,8,21,22,23
1,3,5,6,8,12,15,19,20,21,22,23>1,4,5,6,7,15,19,20,8,21,22,23
1,3,5,6,8,12,15,19,20,21,22,23>3,4,5,6,12,17,20,8,21,22,23
1,3,5,6,8,12,15,19,20,21,22,23>2,3,4,5,6,17,19,8,21,22,23
3,5,6,12,14,16,17,18,20,21>3,17,19,20,22,18,21,6
3,5,6,12,14,16,17,18,20,21>5,12,13,14,15,16,17,20,22,18,21,6
3,5,6,12,14,16,17,18,20,21>17,3,5,20,18,21,6
3,5,6,12,14,16,17,18,20,21>3,4,5,13,14,19,20,22,18,21,6
3,5,6,12,14,16,17,18,20,21>3,4,7,16,17,19,18,21,6
3,5,6,12,14,16,17,18,20,21>5,7,13,15,16,19,20,18,21,6
3,5,6,12,14,16,17,18,20,21>4,5,7,12,16,19,18,21,6
3,5,6,12,14,16,17,18,20,21>3,4,5,7,12,19,18,21,6
3,5,6,12,14,16,17,18,20,21>3,5,8,12,14,20,22,18,21,6
3,5,6,12,14,16,17,18,20,21>7,8,12,13,14,15,17,19,18,21,6
3,4,6,7,12,13,15,16,20,21,22>23,6,4,7,13,16,21,22
3,4,6,7,12,13,15,16,20,21,22>3,6,20,4,7,13,16,21,22
3,4,6,7,12,13,15,16,20,21,22>6,12,15,20,4,7,13,16,21,22
3,4,6,7,12,13,15,16,20,21,22>8,12,15,20,4,7,13,16,21,22
3,4,6,7,12,13,15,16,20,21,22>23,3,8,12,4,7,13,16,21,22
3,4,6,7,12,13,15,16,20,21,22>3,8,12,15,4,7,13,16,21,22
3,4,6,7,12,13,15,16,20,21,22>6,14,15,20,4,7,13,16,21,22
3,4,6,7,12,13,15,16,20,21,22>3,8,14,15,4,7,13,16,21,22
3,4,6,7,12,13,15,16,20,21,22>3,12,14,15,20,23,4,7,13,16,21,22
3,4,6,7,12,13,15,16,20,21,22>6,8,12,14,4,7,13,16,21,22
4,5,6,8,9,12,13,14,15,17,20,21,22>5,9,12,16,20,6,8,13,14,17,21,22
4,5,6,8,9,12,13,14,15,17,20,21,22>4,5,9,12,15,20,23,6,8,13,14,17,21,22
4,5,6,8,9,12,13,14,15,17,20,21,22>5,7,9,16,23,6,8,13,14,17,21,22
4,5,6,8,9,12,13,14,15,17,20,21,22>5,7,9,12,16,6,8,13,14,17,21,22
4,5,6,8,9,12,13,14,15,17,20,21,22>4,5,7,9,16,6,8,13,14,17,21,22
4,5,6,8,9,12,13,14,15,17,20,21,22>16,5,23,10,6,8,13,14,17,21,22
4,5,6,8,9,12,13,14,15,17,20,21,22>4,5,7,10,12,16,6,8,13,14,17,21,22
4,5,6,8,9,12,13,14,15,17,20,21,22>5,9,10,12,15,23,6,8,13,14,17,21,22
4,5,6,8,9,12,13,14,15,17,20,21,22>4,7,9,10,15,16,23,6,8,13,14,17,21,22
4,5,6,8,9,12,13,14,15,17,20,21,22>5,7,9,10,12,15,6,8,13,14,17,21,22
1,2,3,6,10,11,12,14,15,16,17,19,20>1,10,11,14,17,18,19,20,21,16,2,15
1,2,3,6,10,11,12,14,15,16,17,19,20>3,10,12,18,20,16,2,15
1,2,3,6,10,11,12,14,15,16,17,19,20>1,3,6,11,13,19,20,21,16,2,15
1,2,3,6,10,11,12,14,15,16,17,19,20>3,7,8,10,11,13,17,18,19,20,21,16,2,15
1,2,3,6,10,11,12,14,15,16,17,19,20>3,7,11,14,17,18,21,16,2,15
1,2,3,6,10,11,12,14,15,16,17,19,20>4,7,8,10,11,13,14,18,19,16,2,15
1,2,3,6,10,11,12,14,15,16,17,19,20>1,4,7,8,10,11,20,16,2,15
1,2,3,6,10,11,12,14,15,16,17,19,20>3,4,7,8,10,11,13,18,19,16,2,15
1,2,3,6,10,11,12,14,15,16,17,19,20>4,6,7,12,21,16,2,15
1,2,3,6,10,11,12,14,15,16,17,19,20>1,4,6,7,10,13,18,19,21,16,2,15
2,5,6,7,10,14,17,18,19,20,22,23>22,2,10,21,7,17,18,19,20,23
2,5,6,7,10,14,17,18,19,20,22,23>2,5,10,15,22,7,17,18,19,20,23
2,5,6,7,10,14,17,18,19,20,22,23>22,6,10,15,7,17,18,19,20,23
2,5,6,7,10,14,17,18,19,20,22,23>2,5,10,15,21,7,17,18,19,20,23
2,5,6,7,10,14,17,18,19,20,22,23>5,6,10,15,7,17,18,19,20,23
2,5,6,7,10,14,17,18,19,20,22,23>22,2,14,21,7,17,18,19,20,23
2,5,6,7,10,14,17,18,19,20,22,23>22,2,6,14,7,17,18,19,20,23
2,5,6,7,10,14,17,18,19,20,22,23>22,2,10,14,7,17,18,19,20,23
2,5,6,7,10,14,17,18,19,20,22,23>2,5,10,14,7,17,18,19,20,23
2,5,6,7,10,14,17,18,19,20,22,23>6,10,14,15,7,17,18,19,20,23
1,2,4,6,7,8,9,10,11,15,16,17,20,21,23>23,15,17,2,7,8,10,16,20,21
1,2,4,6,7,8,9,10,11,15,16,17,20,21,23>22,1,23,17,2,7,8,10,16,20,21
1,2,4,6,7,8,9,10,11,15,16,17,20,21,23>22,1,6,15,2,7,8,10,16,20,21
1,2,4,6,7,8,9,10,11,15,16,17,20,21,23>4,9,17,2,7,8,10,16,20,21
1,2,4,6,7,8,9,10,11,15,16,17,20,21,23>23,6,9,2,7,8,10,16,20,21
1,2,4,6,7,8,9,10,11,15,16,17,20,21,23>6,9,15,17,2,7,8,10,16,20,21
1,2,4,6,7,8,9,10,11,15,16,17,20,21,23>1,6,9,17,22,2,7,8,10,16,20,21
1,2,4,6,7,8,9,10,11,15,16,17,20,21,23>22,4,11,17,2,7,8,10,16,20,21
1,2,4,6,7,8,9,10,11,15,16,17,20,21,23>1,6,11,23,2,7,8,10,16,20,21
1,2,4,6,7,8,9,10,11,15,16,17,20,21,23>22,6,9,11,2,7,8,10,16,20,21
1,3,7,8,10,12,14,17,20,22,23>14,1,20,12,8,17,23
1,3,7,8,10,12,14,17,20,22,23>1,2,10,12,14,21,22,8,17,23
1,3,7,8,10,12,14,17,20,22,23>14,20,21,3,8,17,23
1,3,7,8,10,12,14,17,20,22,23>1,3,4,12,20,8,17,23
1,3,7,8,10,12,14,17,20,22,23>2,3,4,12,20,22,8,17,23
1,3,7,8,10,12,14,17,20,22,23>1,7,12,20,21,22,8,17,23
1,3,7,8,10,12,14,17,20,22,23>1,2,7,14,21,22,8,17,23
1,3,7,8,10,12,14,17,20,22,23>1,3,7,10,12,14,8,17,23
1,3,7,8,10,12,14,17,20,22,23>2,3,7,10,20,8,17,23
1,3,7,8,10,12,14,17,20,22,23>4,7,10,12,21,8,17,23
1,3,5,7,10,11,13,16,17,18,19,21,22>3,10,12,16,20,21,11,13,18,19,22
1,3,5,7,10,11,13,16,17,18,19,21,22>1,3,10,14,16,21,23,11,13,18,19,22
1,3,5,7,10,11,13,16,17,18,19,21,22>2,3,8,10,14,16,21,11,13,18,19,22
1,3,5,7,10,11,13,16,17,18,19,21,22>1,2,3,7,10,14,16,21,11,13,18,19,22
1,3,5,7,10,11,13,16,17,18,19,21,22>2,3,4,5,8,14,17,20,23,11,13,18,19,22
1,3,5,7,10,11,13,16,17,18,19,21,22>2,5,7,14,17,23,11,13,18,19,22
1,3,5,7,10,11,13,16,17,18,19,21,22>2,5,10,12,14,16,17,21,23,11,13,18,19,22
1,3,5,7,10,11,13,16,17,18,19,21,22>2,3,5,10,16,20,21,11,13,18,19,22
1,3,5,7,10,11,13,16,17,18,19,21,22>2,3,4,5,10,17,21,11,13,18,19,22
1,3,5,7,10,11,13,16,17,18,19,21,22>2,3,4,5,10,12,20,21,23,11,13,18,19,22
2,3,6,9,12,13,15,18,19,22,23>4,9,14,15,16,18,19,12,23
2,3,6,9,12,13,15,18,19,22,23>3,4,8,13,14,15,16,19,12,23
2,3,6,9,12,13,15,18,19,22,23>3,6,9,16,22,19,12,23
2,3,6,9,12,13,15,18,19,22,23>2,3,6,15,16,18,19,12,23
2,3,6,9,12,13,15,18,19,22,23>7,9,13,14,15,18,19,12,23
2,3,6,9,12,13,15,18,19,22,23>2,4,7,9,14,18,22,19,12,23
2,3,6,9,12,13,15,18,19,22,23>3,4,7,8,9,18,22,19,12,23
2,3,6,9,12,13,15,18,19,22,23>6,7,8,9,14,15,18,19,12,23
2,3,6,9,12,13,15,18,19,22,23>4,6,7,9,15,16,18,19,12,23
2,3,6,9,12,13,15,18,19,22,23>3,4,6,7,9,14,15,18,22,19,12,23
1,2,3,4,8,9,10,15,16,17,19,21,22,23>1,12,15,17,19,20,21,2,4,8,16,22,23
1,2,3,4,8,9,10,15,16,17,19,21,22,23>3,12,15,19,20,2,4,8,16,22,23
1,2,3,4,8,9,10,15,16,17,19,21,22,23>1,9,12,15,20,21,2,4,8,16,22,23
1,2,3,4,8,9,10,15,16,17,19,21,22,23>3,9,15,17,21,2,4,8,16,22,23
1,2,3,4,8,9,10,15,16,17,19,21,22,23>3,9,10,15,19,20,2,4,8,16,22,23
1,2,3,4,8,9,10,15,16,17,19,21,22,23>1,3,9,10,17,19,21,2,4,8,16,22,23
1,2,3,4,8,9,10,15,16,17,19,21,22,23>1,9,11,12,15,17,21,2,4,8,16,22,23
1,2,3,4,8,9,10,15,16,17,19,21,22,23>10,11,12,19,20,2,4,8,16,22,23
1,2,3,4,8,9,10,15,16,17,19,21,22,23>9,10,11,15,17,21,2,4,8,16,22,23
1,2,3,4,8,9,10,15,16,17,19,21,22,23>1,9,10,11,15,21,2,4,8,16,22,23
1,3,4,6,7,9,12,14,17,20,21,23>9,10,16,18,20,22,17,4,21,7
1,3,4,6,7,9,12,14,17,20,21,23>1,2,9,12,14,15,16,22,23,17,4,21,7
1,3,4,6,7,9,12,14,17,20,21,23>1,6,8,10,12,18,22,17,4,21,7
1,3,4,6,7,9,12,14,17,20,21,23>1,2,3,15,18,17,4,21,7
1,3,4,6,7,9,12,14,17,20,21,23>2,3,6,14,15,16,23,17,4,21,7
1,3,4,6,7,9,12,14,17,20,21,23>1,2,8,12,16,18,23,17,4,21,7
1,3,4,6,7,9,12,14,17,20,21,23>3,8,10,15,16,23,17,4,21,7
1,3,4,6,7,9,12,14,17,20,21,23>1,3,8,9,10,12,14,15,20,22,17,4,21,7
1,3,4,6,7,9,12,14,17,20,21,23>2,3,8,10,12,14,15,16,20,22,17,4,21,7
1,3,4,6,7,9,12,14,17,20,21,23>1,6,8,10,14,16,20,17,4,21,7
1,7,8,9,11,13,14,15,18,19,23>1,11,13,15,16,18,20,19,14
1,7,8,9,11,13,14,15,18,19,23>8,13,15,16,20,19,14
1,7,8,9,11,13,14,15,18,19,23>2,8,11,15,23,19,14
1,7,8,9,11,13,14,15,18,19,23>1,7,8,11,13,19,14
1,7,8,9,11,13,14,15,18,19,23>1,2,7,8,11,16,19,14
1,7,8,9,11,13,14,15,18,19,23>1,9,13,15,20,23,19,14
1,7,8,9,11,13,14,15,18,19,23>2,9,11,15,18,20,19,14
1,7,8,9,11,13,14,15,18,19,23>1,2,9,11,15,16,20,23,19,14
1,7,8,9,11,13,14,15,18,19,23>1,8,9,13,18,19,14
1,7,8,9,11,13,14,15,18,19,23>7,8,9,15,16,18,20,19,14
1,4,6,7,9,10,11,12,15,16,20,22>9,11,12,13,20,21,22,23,16,10,7
1,4,6,7,9,10,11,12,15,16,20,22>2,9,11,12,13,15,20,22,23,16,10,7
1,4,6,7,9,10,11,12,15,16,20,22>4,21,23,11,16,10,7
1,4,6,7,9,10,11,12,15,16,20,22>1,2,4,9,12,13,15,20,21,22,23,16,10,7
1,4,6,7,9,10,11,12,15,16,20,22>2,6,9,13,15,22,16,10,7
1,4,6,7,9,10,11,12,15,16,20,22>1,2,4,6,11,15,21,22,16,10,7
1,4,6,7,9,10,11,12,15,16,20,22>1,8,11,20,21,16,10,7
1,4,6,7,9,10,11,12,15,16,20,22>1,4,8,9,13,20,22,16,10,7
1,4,6,7,9,10,11,12,15,16,20,22>1,2,4,8,9,13,15,21,23,16,10,7
1,4,6,7,9,10,11,12,15,16,20,22>4,6,8,13,15,21,22,16,10,7
4,5,8,10,14,15,16,18,22>5,6,14,18,19,22,8,16
4,5,8,10,14,15,16,18,22>5,6,12,14,15,18,22,8,16
4,5,8,10,14,15,16,18,22>4,5,6,15,23,8,16
4,5,8,10,14,15,16,18,22>4,10,12,15,18,8,16
4,5,8,10,14,15,16,18,22>5,10,12,15,18,19,22,23,8,16
4,5,8,10,14,15,16,18,22>5,11,15,18,22,8,16
4,5,8,10,14,15,16,18,22>6,11,12,18,19,22,23,8,16
4,5,8,10,14,15,16,18,22>4,5,6,11,14,22,8,16
4,5,8,10,14,15,16,18,22>6,10,11,15,18,19,22,23,8,16
4,5,8,10,14,15,16,18,22>4,6,10,11,14,8,16
1,5,6,7,8,11,13,17,18,20>21,14,6,7,13,17,20
1,5,6,7,8,11,13,17,18,20>19,1,21,18,6,7,13,17,20
1,5,6,7,8,11,13,17,18,20>19,14,18,6,7,13,17,20
1,5,6,7,8,11,13,17,18,20>1,2,21,18,6,7,13,17,20
1,5,6,7,8,11,13,17,18,20>19,21,8,6,7,13,17,20
1,5,6,7,8,11,13,17,18,20>1,5,8,18,21,6,7,13,17,20
1,5,6,7,8,11,13,17,18,20>1,11,14,18,6,7,13,17,20
1,5,6,7,8,11,13,17,18,20>2,5,11,18,21,6,7,13,17,20
1,5,6,7,8,11,13,17,18,20>1,8,11,6,7,13,17,20
1,5,6,7,8,11,13,17,18,20>19,5,8,11,6,7,13,17,20
1,2,3,6,7,8,12,14,15,23>23,3,15,16,8,2,12,7
1,2,3,6,7,8,12,14,15,23>23,1,4,16,8,2,12,7
1,2,3,6,7,8,12,14,15,23>23,4,6,8,2,12,7
1,2,3,6,7,8,12,14,15,23>23,1,14,8,2,12,7
1,2,3,6,7,8,12,14,15,23>23,3,14,16,8,2,12,7
1,2,3,6,7,8,12,14,15,23>1,3,14,16,8,2,12,7
1,2,3,6,7,8,12,14,15,23>3,4,14,15,23,8,2,12,7
1,2,3,6,7,8,12,14,15,23>23,6,14,15,8,2,12,7
1,2,3,6,7,8,12,14,15,23>23,3,6,14,8,2,12,7
1,2,3,6,7,8,12,14,15,23>1,4,6,14,15,16,8,2,12,7
4,5,7,8,11,12,13,18,19,20,21,23>13,14,16,17,20,22,8,19,21
4,5,7,8,11,12,13,18,19,20,21,23>4,14,16,17,18,22,8,19,21
4,5,7,8,11,12,13,18,19,20,21,23>4,16,17,18,20,22,8,19,21
4,5,7,8,11,12,13,18,19,20,21,23>4,5,7,13,20,22,8,19,21
4,5,7,8,11,12,13,18,19,20,21,23>4,5,7,14,16,17,18,20,23,8,19,21
4,5,7,8,11,12,13,18,19,20,21,23>7,11,13,14,16,18,20,8,19,21
4,5,7,8,11,12,13,18,19,20,21,23>7,11,14,17,22,23,8,19,21
4,5,7,8,11,12,13,18,19,20,21,23>4,12,13,16,18,22,23,8,19,21
4,5,7,8,11,12,13,18,19,20,21,23>5,11,12,20,22,23,8,19,21
4,5,7,8,11,12,13,18,19,20,21,23>5,7,11,12,13,14,16,18,8,19,21
1,3,9,11,12,14,15,16,17,18,19,20,21,22>1,2,11,12,13,14,17,15,16,18,19,21,22
1,3,9,11,12,14,15,16,17,18,19,20,21,22>3,9,11,14,17,20,15,16,18,19,21,22
1,3,9,11,12,14,15,16,17,18,19,20,21,22>2,3,11,13,17,20,23,15,16,18,19,21,22
1,3,9,11,12,14,15,16,17,18,19,20,21,22>1,2,4,13,14,17,20,23,15,16,18,19,21,22
1,3,9,11,12,14,15,16,17,18,19,20,21,22>1,2,3,4,11,17,23,15,16,18,19,21,22
1,3,9,11,12,14,15,16,17,18,19,20,21,22>8,9,12,13,14,17,23,15,16,18,19,21,22
1,3,9,11,12,14,15,16,17,18,19,20,21,22>1,3,8,9,11,12,13,17,20,15,16,18,19,21,22
1,3,9,11,12,14,15,16,17,18,19,20,21,22>1,3,8,9,12,13,14,17,20,15,16,18,19,21,22
1,3,9,11,12,14,15,16,17,18,19,20,21,22>1,2,3,8,11,12,17,20,23,15,16,18,19,21,22
1,3,9,11,12,14,15,16,17,18,19,20,21,22>2,4,8,9,14,20,23,15,16,18,19,21,22
2,3,8,9,10,11,12,14,18,23>23,2,3,18,8,10,11,12
2,3,8,9,10,11,12,14,18,23>23,2,4,18,8,10,11,12
2,3,8,9,10,11,12,14,18,23>2,3,4,19,8,10,11,12
2,3,8,9,10,11,12,14,18,23>2,3,9,18,19,8,10,11,12
2,3,8,9,10,11,12,14,18,23>2,4,9,18,8,10,11,12
2,3,8,9,10,11,12,14,18,23>3,4,9,19,8,10,11,12
2,3,8,9,10,11,12,14,18,23>23,2,14,19,8,10,11,12
2,3,8,9,10,11,12,14,18,23>2,3,14,18,19,8,10,11,12
2,3,8,9,10,11,12,14,18,23>9,14,18,8,10,11,12
2,3,8,9,10,11,12,14,18,23>23,4,9,14,8,10,11,12
1,2,3,4,5,6,8,10,12,13,16,17,18,19,20,22,23>1,18,14,12,2,4,8,16,19,23
1,2,3,4,5,6,8,10,12,13,16,17,18,19,20,22,23>1,3,10,13,14,18,21,2,4,8,16,19,23
1,2,3,4,5,6,8,10,12,13,16,17,18,19,20,22,23>3,6,10,12,2,4,8,16,19,23
1,2,3,4,5,6,8,10,12,13,16,17,18,19,20,22,23>1,3,6,14,20,2,4,8,16,19,23
1,2,3,4,5,6,8,10,12,13,16,17,18,19,20,22,23>1,5,6,14,17,22,2,4,8,16,19,23
1,2,3,4,5,6,8,10,12,13,16,17,18,19,20,22,23>3,5,6,12,13,14,17,22,2,4,8,16,19,23
1,2,3,4,5,6,8,10,12,13,16,17,18,19,20,22,23>3,6,7,10,13,14,20,21,22,2,4,8,16,19,23
1,2,3,4,5,6,8,10,12,13,16,17,18,19,20,22,23>1,3,5,7,10,12,13,14,17,2,4,8,16,19,23
1,2,3,4,5,6,8,10,12,13,16,17,18,19,20,22,23>3,6,7,17,20,22,2,4,8,16,19,23
1,2,3,4,5,6,8,10,12,13,16,17,18,19,20,22,23>3,5,6,7,13,17,2,4,8,16,19,23
2,5,7,9,11,14,15,16,17,18,19,22,23>14,17,7,11,15,16,18,19,23
2,5,7,9,11,14,15,16,17,18,19,22,23>5,7,8,9,12,14,17,22,15,16,18,19,23
2,5,7,9,11,14,15,16,17,18,19,22,23>5,7,12,17,20,22,15,16,18,19,23
2,5,7,9,11,14,15,16,17,18,19,22,23>2,8,11,17,20,22,15,16,18,19,23
2,5,7,9,11,14,15,16,17,18,19,22,23>5,22,8,11,15,16,18,19,23
2,5,7,9,11,14,15,16,17,18,19,22,23>2,5,8,14,20,22,15,16,18,19,23
2,5,7,9,11,14,15,16,17,18,19,22,23>7,9,12,14,17,20,22,15,16,18,19,23
2,5,7,9,11,14,15,16,17,18,19,22,23>2,5,7,9,11,15,16,18,19,23
2,5,7,9,11,14,15,16,17,18,19,22,23>8,9,12,14,20,15,16,18,19,23
2,5,7,9,11,14,15,16,17,18,19,22,23>5,7,8,9,11,12,14,15,16,18,19,23
1,2,5,7,8,9,10,11,12,13,19,20,21>1,5,11,17,8,2,21,13
1,2,5,7,8,9,10,11,12,13,19,20,21>1,7,11,14,20,22,8,2,21,13
1,2,5,7,8,9,10,11,12,13,19,20,21>5,7,11,12,17,19,20,8,2,21,13
1,2,5,7,8,9,10,11,12,13,19,20,21>5,9,10,11,12,14,20,22,8,2,21,13
1,2,5,7,8,9,10,11,12,13,19,20,21>1,7,9,11,19,20,8,2,21,13
1,2,5,7,8,9,10,11,12,13,19,20,21>1,7,10,12,14,8,2,21,13
1,2,5,7,8,9,10,11,12,13,19,20,21>9,10,11,12,17,19,20,22,8,2,21,13
1,2,5,7,8,9,10,11,12,13,19,20,21>5,9,10,11,12,14,19,20,8,2,21,13
1,2,5,7,8,9,10,11,12,13,19,20,21>17,7,9,10,8,2,21,13
1,2,5,7,8,9,10,11,12,13,19,20,21>5,7,9,10,12,19,22,8,2,21,13
1,2,5,6,12,14,17,20,22>7,14,15,20,21,22,17,2,6
1,2,5,6,12,14,17,20,22>1,7,13,14,15,21,23,17,2,6
1,2,5,6,12,14,17,20,22>8,12,15,18,21,22,23,17,2,6
1,2,5,6,12,14,17,20,22>8,13,15,18,20,22,23,17,2,6
1,2,5,6,12,14,17,20,22>5,8,13,14,15,20,21,22,23,17,2,6
1,2,5,6,12,14,17,20,22>1,5,8,13,14,18,20,22,17,2,6
1,2,5,6,12,14,17,20,22>1,5,7,8,15,18,21,23,17,2,6
1,2,5,6,12,14,17,20,22>8,12,13,14,15,20,22,23,17,2,6
1,2,5,6,12,14,17,20,22>7,8,12,14,21,22,23,17,2,6
1,2,5,6,12,14,17,20,22>1,7,8,12,20,23,17,2,6
1,2,3,4,7,9,11,12,14,16,17,19,20,22>11,12,13,15,18,20,16,2,4
1,2,3,4,7,9,11,12,14,16,17,19,20,22>7,12,15,18,21,23,16,2,4
1,2,3,4,7,9,11,12,14,16,17,19,20,22>1,3,8,11,12,13,14,19,20,21,22,16,2,4
1,2,3,4,7,9,11,12,14,16,17,19,20,22>1,3,7,8,13,15,17,18,20,21,22,23,16,2,4
1,2,3,4,7,9,11,12,14,16,17,19,20,22>9,12,13,15,17,18,19,20,21,22,16,2,4
1,2,3,4,7,9,11,12,14,16,17,19,20,22>1,9,12,15,18,20,22,16,2,4
1,2,3,4,7,9,11,12,14,16,17,19,20,22>1,3,9,12,18,20,21,22,16,2,4
1,2,3,4,7,9,11,12,14,16,17,19,20,22>7,9,13,14,15,20,22,16,2,4
1,2,3,4,7,9,11,12,14,16,17,19,20,22>1,7,9,12,14,17,20,22,23,16,2,4
1,2,3,4,7,9,11,12,14,16,17,19,20,22>1,3,7,8,9,15,17,21,23,16,2,4
1,2,3,4,6,7,10,16,17,21>3,8,11,17,18,21,22,16,2,4,7
1,2,3,4,6,7,10,16,17,21>1,3,8,12,13,18,21,16,2,4,7
1,2,3,4,6,7,10,16,17,21>6,8,11,13,17,21,22,16,2,4,7
1,2,3,4,6,7,10,16,17,21>1,6,8,11,12,17,18,21,22,16,2,4,7
1,2,3,4,6,7,10,16,17,21>10,12,13,17,18,16,2,4,7
1,2,3,4,6,7,10,16,17,21>6,10,11,13,22,16,2,4,7
1,2,3,4,6,7,10,16,17,21>1,6,10,11,17,18,22,16,2,4,7
1,2,3,4,6,7,10,16,17,21>1,3,6,10,11,12,17,22,16,2,4,7
1,2,3,4,6,7,10,16,17,21>3,8,10,21,22,16,2,4,7
1,2,3,4,6,7,10,16,17,21>3,6,8,10,11,17,18,16,2,4,7
2,5,7,8,13,15,16,17,22,23>5,6,13,15,17,22,8,16,23
2,5,7,8,13,15,16,17,22,23>7,13,14,8,16,23
2,5,7,8,13,15,16,17,22,23>2,6,7,15,22,8,16,23
2,5,7,8,13,15,16,17,22,23>2,5,6,7,13,15,8,16,23
2,5,7,8,13,15,16,17,22,23>12,13,14,17,22,8,16,23
2,5,7,8,13,15,16,17,22,23>15,5,12,13,8,16,23
2,5,7,8,13,15,16,17,22,23>5,12,14,17,22,8,16,23
2,5,7,8,13,15,16,17,22,23>2,6,12,13,14,17,8,16,23
2,5,7,8,13,15,16,17,22,23>17,7,12,13,8,16,23
2,5,7,8,13,15,16,17,22,23>2,7,12,14,15,22,8,16,23
1,2,7,8,9,11,17,18,23>1,17,18,19,23,2
1,2,7,8,9,11,17,18,23>1,8,11,17,2
1,2,7,8,9,11,17,18,23>18,1,8,11,2
1,2,7,8,9,11,17,18,23>18,19,9,2
1,2,7,8,9,11,17,18,23>7,9,11,19,23,2
1,2,7,8,9,11,17,18,23>8,10,11,17,18,19,2
1,2,7,8,9,11,17,18,23>1,8,10,17,18,23,2
1,2,7,8,9,11,17,18,23>1,7,9,10,17,2
1,2,7,8,9,11,17,18,23>1,8,9,10,11,19,2
1,2,7,8,9,11,17,18,23>7,8,9,10,11,17,2
2,4,7,9,12,13,14,15,16,22>2,4,10,22,12,13,14,15,16
2,4,7,9,12,13,14,15,16,22>23,4,8,10,12,13,14,15,16
2,4,7,9,12,13,14,15,16,22>23,2,4,8,12,13,14,15,16
2,4,7,9,12,13,14,15,16,22>7,8,10,22,23,12,13,14,15,16
2,4,7,9,12,13,14,15,16,22>2,7,8,22,23,12,13,14,15,16
2,4,7,9,12,13,14,15,16,22>4,7,8,22,12,13,14,15,16
2,4,7,9,12,13,14,15,16,22>2,4,7,9,10,23,12,13,14,15,16
2,4,7,9,12,13,14,15,16,22>2,4,7,9,22,23,12,13,14,15,16
2,4,7,9,12,13,14,15,16,22>2,4,8,9,12,13,14,15,16
2,4,7,9,12,13,14,15,16,22>2,7,8,9,10,22,12,13,14,15,16
4,7,8,12,13,16,18,22,23>7,19,22,8,16,12,23
4,7,8,12,13,16,18,22,23>4,7,13,19,8,16,12,23
4,7,8,12,13,16,18,22,23>4,14,22,8,16,12,23
4,7,8,12,13,16,18,22,23>7,13,14,22,8,16,12,23
4,7,8,12,13,16,18,22,23>4,18,19,22,8,16,12,23
4,7,8,12,13,16,18,22,23>4,7,18,22,8,16,12,23
4,7,8,12,13,16,18,22,23>13,18,22,8,16,12,23
4,7,8,12,13,16,18,22,23>14,18,19,22,8,16,12,23
4,7,8,12,13,16,18,22,23>4,7,14,18,8,16,12,23
4,7,8,12,13,16,18,22,23>4,13,14,18,8,16,12,23
4,5,6,8,11,13,14,16,17,18,20,21,23>4,11,13,18,6,8,14,16,20,21
4,5,6,8,11,13,14,16,17,18,20,21,23>22,23,7,18,6,8,14,16,20,21
4,5,6,8,11,13,14,16,17,18,20,21,23>4,11,17,18,19,22,6,8,14,16,20,21
4,5,6,8,11,13,14,16,17,18,20,21,23>5,7,11,17,19,22,6,8,14,16,20,21
4,5,6,8,11,13,14,16,17,18,20,21,23>4,5,7,11,19,22,23,6,8,14,16,20,21
4,5,6,8,11,13,14,16,17,18,20,21,23>4,5,7,11,18,6,8,14,16,20,21
4,5,6,8,11,13,14,16,17,18,20,21,23>4,7,13,17,18,19,6,8,14,16,20,21
4,5,6,8,11,13,14,16,17,18,20,21,23>5,7,13,17,6,8,14,16,20,21
4,5,6,8,11,13,14,16,17,18,20,21,23>4,11,13,22,6,8,14,16,20,21
4,5,6,8,11,13,14,16,17,18,20,21,23>5,7,11,13,18,19,23,6,8,14,16,20,21
2,3,4,5,9,10,11,13,14,17,18,20,22,23>13,15,16,19,22,4,10,14,17,18,20,23
2,3,4,5,9,10,11,13,14,17,18,20,22,23>3,11,15,16,19,22,4,10,14,17,18,20,23
2,3,4,5,9,10,11,13,14,17,18,20,22,23>21,5,11,13,4,10,14,17,18,20,23
2,3,4,5,9,10,11,13,14,17,18,20,22,23>2,3,6,13,15,16,19,4,10,14,17,18,20,23
2,3,4,5,9,10,11,13,14,17,18,20,22,23>2,5,6,13,15,21,22,4,10,14,17,18,20,23
2,3,4,5,9,10,11,13,14,17,18,20,22,23>3,5,6,11,22,4,10,14,17,18,20,23
2,3,4,5,9,10,11,13,14,17,18,20,22,23>5,9,15,16,19,21,22,4,10,14,17,18,20,23
2,3,4,5,9,10,11,13,14,17,18,20,22,23>2,3,5,9,11,16,22,4,10,14,17,18,20,23
2,3,4,5,9,10,11,13,14,17,18,20,22,23>3,6,9,15,16,19,4,10,14,17,18,20,23
2,3,4,5,9,10,11,13,14,17,18,20,22,23>3,5,6,9,15,19,21,22,4,10,14,17,18,20,23
9,11,12,13,16,18,19,22,23>22,9,16,18,19,12,23
9,11,12,13,16,18,19,22,23>8,11,18,19,12,23
9,11,12,13,16,18,19,22,23>8,13,16,18,22,19,12,23
9,11,12,13,16,18,19,22,23>11,13,16,18,19,12,23
9,11,12,13,16,18,19,22,23>8,11,13,16,19,12,23
9,11,12,13,16,18,19,22,23>22,9,11,13,19,12,23
9,11,12,13,16,18,19,22,23>9,11,13,18,19,12,23
9,11,12,13,16,18,19,22,23>13,14,16,18,19,12,23
9,11,12,13,16,18,19,22,23>9,13,14,19,12,23
9,11,12,13,16,18,19,22,23>11,13,14,18,22,19,12,23
1,5,7,8,9,13,14,15,17,18,19,22>2,5,16,17,18,20,22,19,13,14
1,5,7,8,9,13,14,15,17,18,19,22>1,2,5,9,15,22,23,19,13,14
1,5,7,8,9,13,14,15,17,18,19,22>1,5,7,9,20,22,23,19,13,14
1,5,7,8,9,13,14,15,17,18,19,22>2,5,7,9,15,16,18,23,19,13,14
1,5,7,8,9,13,14,15,17,18,19,22>2,8,15,17,18,20,19,13,14
1,5,7,8,9,13,14,15,17,18,19,22>2,8,9,15,16,20,22,19,13,14
1,5,7,8,9,13,14,15,17,18,19,22>5,8,16,17,20,22,19,13,14
1,5,7,8,9,13,14,15,17,18,19,22>1,2,5,8,17,18,20,22,19,13,14
1,5,7,8,9,13,14,15,17,18,19,22>7,8,15,17,23,19,13,14
1,5,7,8,9,13,14,15,17,18,19,22>2,7,8,9,17,18,20,19,13,14
2,3,4,7,11,12,13,14,16,18,19,23>18,2,3,15,4,12,14,16,19
2,3,4,7,11,12,13,14,16,18,19,23>2,7,15,4,12,14,16,19
2,3,4,7,11,12,13,14,16,18,19,23>18,23,3,7,4,12,14,16,19
2,3,4,7,11,12,13,14,16,18,19,23>23,3,8,13,4,12,14,16,19
2,3,4,7,11,12,13,14,16,18,19,23>18,3,8,15,4,12,14,16,19
2,3,4,7,11,12,13,14,16,18,19,23>18,11,13,15,4,12,14,16,19
2,3,4,7,11,12,13,14,16,18,19,23>18,3,11,4,12,14,16,19
2,3,4,7,11,12,13,14,16,18,19,23>2,3,7,11,23,4,12,14,16,19
2,3,4,7,11,12,13,14,16,18,19,23>2,8,11,18,23,4,12,14,16,19
2,3,4,7,11,12,13,14,16,18,19,23>7,8,11,13,15,23,4,12,14,16,19
1,3,5,6,7,8,10,13,14,16,20,21>22,1,16,6,7,8,13,14,20,21
1,3,5,6,7,8,10,13,14,16,20,21>22,3,16,6,7,8,13,14,20,21
1,3,5,6,7,8,10,13,14,16,20,21>1,3,6,7,8,13,14,20,21
1,3,5,6,7,8,10,13,14,16,20,21>22,2,3,10,6,7,8,13,14,20,21
1,3,5,6,7,8,10,13,14,16,20,21>22,1,4,10,6,7,8,13,14,20,21
1,3,5,6,7,8,10,13,14,16,20,21>22,3,4,10,6,7,8,13,14,20,21
1,3,5,6,7,8,10,13,14,16,20,21>22,5,10,16,6,7,8,13,14,20,21
1,3,5,6,7,8,10,13,14,16,20,21>22,1,5,6,7,8,13,14,20,21
1,3,5,6,7,8,10,13,14,16,20,21>4,5,10,6,7,8,13,14,20,21
1,3,5,6,7,8,10,13,14,16,20,21>4,5,16,6,7,8,13,14,20,21
1,2,4,6,7,8,13,18,21,22,23>1,4,14,16,19,21,2,23,22,7
1,2,4,6,7,8,13,18,21,22,23>19,21,6,14,2,23,22,7
1,2,4,6,7,8,13,18,21,22,23>4,8,14,2,23,22,7
1,2,4,6,7,8,13,18,21,22,23>1,4,8,18,19,2,23,22,7
1,2,4,6,7,8,13,18,21,22,23>1,13,16,18,19,2,23,22,7
1,2,4,6,7,8,13,18,21,22,23>1,6,13,16,19,2,23,22,7
1,2,4,6,7,8,13,18,21,22,23>4,6,13,18,19,21,2,23,22,7
1,2,4,6,7,8,13,18,21,22,23>4,8,13,19,21,2,23,22,7
1,2,4,6,7,8,13,18,21,22,23>6,8,13,16,18,19,21,2,23,22,7
1,2,4,6,7,8,13,18,21,22,23>4,6,8,13,21,2,23,22,7
