TCR,NFAT,IFN-\beta,IFN-\betaR,IL-18,IL-18R,IRAK,SOCS1,IL-12,IL-12R,STAT4,T-bet,IFN-\gamma,IFN-\gammaR,JAK1,STAT1,IL-4,IL-4R,STAT6,GATA3,IL-10,IL-10R,STAT3
1,2,8,13,15,16,21,23>23,13,21,22,8,16,2
1,2,8,13,15,16,21,23>1,13,21,22,8,16,2
1,2,8,13,15,16,21,23>23,1,13,22,8,16,2
1,2,8,13,15,16,21,23>23,12,13,21,8,16,2
1,2,8,13,15,16,21,23>14,21,22,8,16,2
1,2,8,13,15,16,21,23>1,13,14,21,8,16,2
1,2,8,13,15,16,21,23>1,15,21,8,16,2
1,2,8,13,15,16,21,23>13,15,8,16,2
1,2,8,13,15,16,21,23>23,14,15,21,8,16,2
1,2,8,13,15,16,21,23>1,12,14,15,22,23,8,16,2
1,3,4,7,9,10,12,13,16,18,19,22,23>1,10,11,13,14,4,12,16,19,23
1,3,4,7,9,10,12,13,16,18,19,22,23>2,9,11,13,14,4,12,16,19,23
1,3,4,7,9,10,12,13,16,18,19,22,23>2,18,9,10,4,12,16,19,23
1,3,4,7,9,10,12,13,16,18,19,22,23>2,3,9,13,14,22,4,12,16,19,23
1,3,4,7,9,10,12,13,16,18,19,22,23>2,7,10,11,13,18,4,12,16,19,23
1,3,4,7,9,10,12,13,16,18,19,22,23>3,8,9,11,18,4,12,16,19,23
1,3,4,7,9,10,12,13,16,18,19,22,23>3,8,10,14,22,4,12,16,19,23
1,3,4,7,9,10,12,13,16,18,19,22,23>1,2,7,8,13,18,4,12,16,19,23
1,3,4,7,9,10,12,13,16,18,19,22,23>1,3,7,8,13,14,4,12,16,19,23
1,3,4,7,9,10,12,13,16,18,19,22,23>2,3,7,8,9,10,11,22,4,12,16,19,23
3,4,5,6,16>3,5,7,16,4,6
3,4,5,6,16>3,5,8,16,4,6
3,4,5,6,16>3,7,8,16,4,6
3,4,5,6,16>5,7,8,16,4,6
3,4,5,6,16>3,5,12,16,4,6
3,4,5,6,16>3,7,12,16,4,6
3,4,5,6,16>5,7,12,16,4,6
3,4,5,6,16>3,8,12,16,4,6
3,4,5,6,16>5,8,12,16,4,6
3,4,5,6,16>7,8,12,16,4,6
1,4,5,6,8,10,12,13,14,16,17,18,19,21,22,23>11,13,2,18,8,12,14,16,19,22,23
1,4,5,6,8,10,12,13,14,16,17,18,19,21,22,23>4,10,11,17,18,21,8,12,14,16,19,22,23
1,4,5,6,8,10,12,13,14,16,17,18,19,21,22,23>1,4,10,11,13,17,21,8,12,14,16,19,22,23
1,4,5,6,8,10,12,13,14,16,17,18,19,21,22,23>4,5,10,11,13,21,8,12,14,16,19,22,23
1,4,5,6,8,10,12,13,14,16,17,18,19,21,22,23>2,6,7,10,11,18,21,8,12,14,16,19,22,23
1,4,5,6,8,10,12,13,14,16,17,18,19,21,22,23>1,2,6,7,11,18,8,12,14,16,19,22,23
1,4,5,6,8,10,12,13,14,16,17,18,19,21,22,23>2,4,6,7,13,21,8,12,14,16,19,22,23
1,4,5,6,8,10,12,13,14,16,17,18,19,21,22,23>1,5,6,7,10,11,13,18,21,8,12,14,16,19,22,23
1,4,5,6,8,10,12,13,14,16,17,18,19,21,22,23>2,5,6,7,10,13,18,8,12,14,16,19,22,23
1,4,5,6,8,10,12,13,14,16,17,18,19,21,22,23>1,4,5,6,11,13,8,12,14,16,19,22,23
1,2,4,6,8,14,17,19,22>6,16,17,19,20,23,2
1,2,4,6,8,14,17,19,22>19,4,6,14,2
1,2,4,6,8,14,17,19,22>1,4,7,13,16,20,22,2
1,2,4,6,8,14,17,19,22>1,4,7,14,20,22,23,2
1,2,4,6,8,14,17,19,22>1,6,7,16,23,2
1,2,4,6,8,14,17,19,22>4,6,7,13,17,22,23,2
1,2,4,6,8,14,17,19,22>1,4,8,13,14,17,2
1,2,4,6,8,14,17,19,22>6,8,13,16,19,22,23,2
1,2,4,6,8,14,17,19,22>22,23,7,8,2
1,2,4,6,8,14,17,19,22>1,4,7,8,13,14,19,22,2
3,5,9,10,11,12,14,15,16,17,18,20,23>3,9,11,17,20,21,16,10,18,15
3,5,9,10,11,12,14,15,16,17,18,20,23>6,9,11,14,20,21,23,16,10,18,15
3,5,9,10,11,12,14,15,16,17,18,20,23>6,12,14,21,23,16,10,18,15
3,5,9,10,11,12,14,15,16,17,18,20,23>6,9,11,12,21,16,10,18,15
3,5,9,10,11,12,14,15,16,17,18,20,23>3,4,6,12,19,20,23,16,10,18,15
3,5,9,10,11,12,14,15,16,17,18,20,23>3,5,6,11,12,21,16,10,18,15
3,5,9,10,11,12,14,15,16,17,18,20,23>4,5,6,9,14,17,16,10,18,15
3,5,9,10,11,12,14,15,16,17,18,20,23>3,4,5,6,14,19,20,21,23,16,10,18,15
3,5,9,10,11,12,14,15,16,17,18,20,23>3,4,8,9,11,12,19,16,10,18,15
3,5,9,10,11,12,14,15,16,17,18,20,23>4,5,8,9,11,12,14,20,23,16,10,18,15
1,2,5,6,9,10,12,14,15,16,17,18,22,23>17,1,7,19,2,6,10,12,15,16,18,23
1,2,5,6,9,10,12,14,15,16,17,18,22,23>5,7,11,14,19,22,2,6,10,12,15,16,18,23
1,2,5,6,9,10,12,14,15,16,17,18,22,23>17,22,8,11,2,6,10,12,15,16,18,23
1,2,5,6,9,10,12,14,15,16,17,18,22,23>1,22,7,8,2,6,10,12,15,16,18,23
1,2,5,6,9,10,12,14,15,16,17,18,22,23>1,5,9,17,19,2,6,10,12,15,16,18,23
1,2,5,6,9,10,12,14,15,16,17,18,22,23>7,9,11,17,22,2,6,10,12,15,16,18,23
1,2,5,6,9,10,12,14,15,16,17,18,22,23>1,7,9,14,19,2,6,10,12,15,16,18,23
1,2,5,6,9,10,12,14,15,16,17,18,22,23>1,5,7,9,14,22,2,6,10,12,15,16,18,23
1,2,5,6,9,10,12,14,15,16,17,18,22,23>5,8,9,11,2,6,10,12,15,16,18,23
1,2,5,6,9,10,12,14,15,16,17,18,22,23>1,7,8,9,14,17,2,6,10,12,15,16,18,23
4,5,6,8,11,14,15,16,17,18,19,22>4,12,13,14,15,17,18,22,8,16,19
4,5,6,8,11,14,15,16,17,18,19,22>14,5,17,22,8,16,19
4,5,6,8,11,14,15,16,17,18,19,22>6,12,13,15,18,20,22,8,16,19
4,5,6,8,11,14,15,16,17,18,19,22>7,12,14,17,22,23,8,16,19
4,5,6,8,11,14,15,16,17,18,19,22>7,13,14,15,18,22,23,8,16,19
4,5,6,8,11,14,15,16,17,18,19,22>4,6,7,12,14,15,22,8,16,19
4,5,6,8,11,14,15,16,17,18,19,22>4,5,11,12,13,14,18,22,23,8,16,19
4,5,6,8,11,14,15,16,17,18,19,22>6,11,12,14,15,17,22,23,8,16,19
4,5,6,8,11,14,15,16,17,18,19,22>4,6,11,12,13,14,15,20,22,23,8,16,19
4,5,6,8,11,14,15,16,17,18,19,22>4,6,7,11,12,14,22,8,16,19
1,2,5,7,9,10,12,13,15,18,19,21,22>1,10,11,14,15,16,2,12,13,19,22
1,2,5,7,9,10,12,13,15,18,19,21,22>14,1,7,10,2,12,13,19,22
1,2,5,7,9,10,12,13,15,18,19,21,22>1,8,10,11,14,15,21,2,12,13,19,22
1,2,5,7,9,10,12,13,15,18,19,21,22>5,8,9,11,14,18,23,2,12,13,19,22
1,2,5,7,9,10,12,13,15,18,19,21,22>7,8,11,14,15,16,18,23,2,12,13,19,22
1,2,5,7,9,10,12,13,15,18,19,21,22>1,5,7,8,11,14,15,16,23,2,12,13,19,22
1,2,5,7,9,10,12,13,15,18,19,21,22>1,7,9,11,14,16,18,2,12,13,19,22
1,2,5,7,9,10,12,13,15,18,19,21,22>1,8,9,10,14,18,2,12,13,19,22
1,2,5,7,9,10,12,13,15,18,19,21,22>5,8,9,10,11,23,2,12,13,19,22
1,2,5,7,9,10,12,13,15,18,19,21,22>1,5,8,9,10,15,21,2,12,13,19,22
2,4,7,8,10,12,13,14,16,17,19,20,21,23>2,4,17,20,22,23,8,16,21,14
2,4,7,8,10,12,13,14,16,17,19,20,21,23>7,13,19,20,22,23,8,16,21,14
2,4,7,8,10,12,13,14,16,17,19,20,21,23>2,4,10,13,19,20,8,16,21,14
2,4,7,8,10,12,13,14,16,17,19,20,21,23>2,4,7,10,19,20,23,8,16,21,14
2,4,7,8,10,12,13,14,16,17,19,20,21,23>4,12,19,22,23,8,16,21,14
2,4,7,8,10,12,13,14,16,17,19,20,21,23>22,7,12,17,8,16,21,14
2,4,7,8,10,12,13,14,16,17,19,20,21,23>2,7,12,13,17,19,23,8,16,21,14
2,4,7,8,10,12,13,14,16,17,19,20,21,23>19,4,7,12,8,16,21,14
2,4,7,8,10,12,13,14,16,17,19,20,21,23>2,10,12,19,20,22,8,16,21,14
2,4,7,8,10,12,13,14,16,17,19,20,21,23>2,4,7,10,12,13,17,23,8,16,21,14
1,3,6,7,8,11,12,13,14,16,17,20,22,23>1,20,21,11,8,23,14,7
1,3,6,7,8,11,12,13,14,16,17,20,22,23>2,11,16,17,20,21,8,23,14,7
1,3,6,7,8,11,12,13,14,16,17,20,22,23>1,2,12,13,16,17,21,8,23,14,7
1,3,6,7,8,11,12,13,14,16,17,20,22,23>3,11,16,20,21,8,23,14,7
1,3,6,7,8,11,12,13,14,16,17,20,22,23>1,2,3,13,17,20,21,8,23,14,7
1,3,6,7,8,11,12,13,14,16,17,20,22,23>1,2,3,11,12,16,8,23,14,7
1,3,6,7,8,11,12,13,14,16,17,20,22,23>2,3,4,13,16,17,8,23,14,7
1,3,6,7,8,11,12,13,14,16,17,20,22,23>1,2,3,4,17,8,23,14,7
1,3,6,7,8,11,12,13,14,16,17,20,22,23>1,6,12,13,16,17,21,8,23,14,7
1,3,6,7,8,11,12,13,14,16,17,20,22,23>2,6,11,16,17,21,22,8,23,14,7
1,4,7,8,11,12,13,15,16,17,18,20,21,23>2,12,15,18,19,20,23,8,16,21
1,4,7,8,11,12,13,15,16,17,18,20,21,23>1,2,4,12,14,15,17,18,19,20,22,8,16,21
1,4,7,8,11,12,13,15,16,17,18,20,21,23>7,12,13,18,19,23,8,16,21
1,4,7,8,11,12,13,15,16,17,18,20,21,23>1,7,14,15,20,22,8,16,21
1,4,7,8,11,12,13,15,16,17,18,20,21,23>2,7,13,14,15,17,18,20,22,8,16,21
1,4,7,8,11,12,13,15,16,17,18,20,21,23>2,7,12,17,18,20,8,16,21
1,4,7,8,11,12,13,15,16,17,18,20,21,23>1,4,7,12,17,18,22,23,8,16,21
1,4,7,8,11,12,13,15,16,17,18,20,21,23>1,2,11,13,15,17,20,22,8,16,21
1,4,7,8,11,12,13,15,16,17,18,20,21,23>4,11,12,14,20,22,8,16,21
1,4,7,8,11,12,13,15,16,17,18,20,21,23>1,2,4,11,12,18,23,8,16,21
1,3,9,14,20,21,23>1,2,4,9,17,22,20,21
1,3,9,14,20,21,23>1,22,10,20,21
1,3,9,14,20,21,23>17,4,10,14,20,21
1,3,9,14,20,21,23>1,4,14,15,22,20,21
1,3,9,14,20,21,23>1,2,3,4,14,15,17,20,21
1,3,9,14,20,21,23>9,14,15,17,22,23,20,21
1,3,9,14,20,21,23>1,4,9,14,15,20,21
1,3,9,14,20,21,23>2,4,9,14,15,17,23,20,21
1,3,9,14,20,21,23>1,2,4,9,14,23,20,21
1,3,9,14,20,21,23>1,3,4,9,10,23,20,21
5,9,10,11,13,14,20>5,9,11,21,10,20,13,14
5,9,10,11,13,14,20>5,6,9,11,10,20,13,14
5,9,10,11,13,14,20>5,6,15,17,10,20,13,14
5,9,10,11,13,14,20>5,6,15,21,10,20,13,14
5,9,10,11,13,14,20>5,9,15,17,10,20,13,14
5,9,10,11,13,14,20>9,15,21,10,20,13,14
5,9,10,11,13,14,20>11,15,17,10,20,13,14
5,9,10,11,13,14,20>5,11,15,21,10,20,13,14
5,9,10,11,13,14,20>6,11,15,21,10,20,13,14
5,9,10,11,13,14,20>9,11,15,10,20,13,14
3,5,7,9,10,12,13,16,17,20,22>4,8,9,12,14,16,18,20,22,10,13
3,5,7,9,10,12,13,16,17,20,22>4,14,16,17,20,22,23,10,13
3,5,7,9,10,12,13,16,17,20,22>4,6,14,20,21,22,23,10,13
3,5,7,9,10,12,13,16,17,20,22>3,4,6,8,17,18,20,21,22,10,13
3,5,7,9,10,12,13,16,17,20,22>3,5,6,9,12,14,16,17,21,22,23,10,13
3,5,7,9,10,12,13,16,17,20,22>7,9,12,14,17,20,23,10,13
3,5,7,9,10,12,13,16,17,20,22>3,5,7,9,12,16,17,18,20,23,10,13
3,5,7,9,10,12,13,16,17,20,22>3,4,5,7,14,16,18,22,10,13
3,5,7,9,10,12,13,16,17,20,22>6,7,8,12,17,18,20,23,10,13
3,5,7,9,10,12,13,16,17,20,22>5,6,7,8,12,14,20,23,10,13
4,13,17,19,20,22,23>22,4,14,21,17,20,23
4,13,17,19,20,22,23>13,14,19,21,17,20,23
4,13,17,19,20,22,23>4,13,16,19,17,20,23
4,13,17,19,20,22,23>22,13,14,16,17,20,23
4,13,17,19,20,22,23>22,18,19,21,17,20,23
4,13,17,19,20,22,23>13,18,19,21,17,20,23
4,13,17,19,20,22,23>4,13,18,19,17,20,23
4,13,17,19,20,22,23>4,14,18,19,21,17,20,23
4,13,17,19,20,22,23>22,13,14,18,17,20,23
4,13,17,19,20,22,23>13,16,18,17,20,23
4,5,6,8,9,12,13,15,16>4,5,15,6,8,12,13,16
4,5,6,8,9,12,13,15,16>5,9,15,6,8,12,13,16
4,5,6,8,9,12,13,15,16>4,7,9,14,15,6,8,12,13,16
4,5,6,8,9,12,13,15,16>4,5,7,9,6,8,12,13,16
4,5,6,8,9,12,13,15,16>4,7,10,6,8,12,13,16
4,5,6,8,9,12,13,15,16>5,7,10,6,8,12,13,16
4,5,6,8,9,12,13,15,16>9,10,14,15,6,8,12,13,16
4,5,6,8,9,12,13,15,16>4,9,10,15,6,8,12,13,16
4,5,6,8,9,12,13,15,16>5,9,10,6,8,12,13,16
4,5,6,8,9,12,13,15,16>4,9,10,14,6,8,12,13,16
1,7,8,9,10,12,16,18,19,21,23>2,7,11,21,23,8,19,12
1,7,8,9,10,12,16,18,19,21,23>1,22,23,9,8,19,12
1,7,8,9,10,12,16,18,19,21,23>1,2,9,18,21,23,8,19,12
1,7,8,9,10,12,16,18,19,21,23>2,7,9,11,21,22,8,19,12
1,7,8,9,10,12,16,18,19,21,23>1,2,7,9,11,21,8,19,12
1,7,8,9,10,12,16,18,19,21,23>2,7,10,11,16,22,23,8,19,12
1,7,8,9,10,12,16,18,19,21,23>1,2,7,10,21,23,8,19,12
1,7,8,9,10,12,16,18,19,21,23>9,10,11,21,23,8,19,12
1,7,8,9,10,12,16,18,19,21,23>1,2,7,10,11,18,23,8,19,12
1,7,8,9,10,12,16,18,19,21,23>2,9,10,11,16,21,22,8,19,12
2,6,7,9,10,11,12,15,18,19,20,21,22,23>6,11,12,15,16,17,18,20,7,19,21,22,23
2,6,7,9,10,11,12,15,18,19,20,21,22,23>15,16,8,18,7,19,21,22,23
2,6,7,9,10,11,12,15,18,19,20,21,22,23>6,9,12,16,20,7,19,21,22,23
2,6,7,9,10,11,12,15,18,19,20,21,22,23>6,9,11,15,16,17,18,7,19,21,22,23
2,6,7,9,10,11,12,15,18,19,20,21,22,23>2,6,10,11,12,15,20,7,19,21,22,23
2,6,7,9,10,11,12,15,18,19,20,21,22,23>2,8,10,12,16,20,7,19,21,22,23
2,6,7,9,10,11,12,15,18,19,20,21,22,23>2,6,8,10,15,18,7,19,21,22,23
2,6,7,9,10,11,12,15,18,19,20,21,22,23>15,9,10,12,7,19,21,22,23
2,6,7,9,10,11,12,15,18,19,20,21,22,23>2,9,10,15,20,7,19,21,22,23
2,6,7,9,10,11,12,15,18,19,20,21,22,23>8,9,10,17,18,7,19,21,22,23
1,2,4,5,7,9,10,11,13,15,16,19,20>11,1,4,16,2,20,13
1,2,4,5,7,9,10,11,13,15,16,19,20>1,4,5,14,15,21,16,2,20,13
1,2,4,5,7,9,10,11,13,15,16,19,20>4,7,9,11,14,15,21,16,2,20,13
1,2,4,5,7,9,10,11,13,15,16,19,20>5,7,9,10,15,19,16,2,20,13
1,2,4,5,7,9,10,11,13,15,16,19,20>8,9,10,11,14,19,21,16,2,20,13
1,2,4,5,7,9,10,11,13,15,16,19,20>1,8,9,10,14,21,16,2,20,13
1,2,4,5,7,9,10,11,13,15,16,19,20>5,8,9,10,14,16,2,20,13
1,2,4,5,7,9,10,11,13,15,16,19,20>4,5,8,11,14,15,16,2,20,13
1,2,4,5,7,9,10,11,13,15,16,19,20>5,7,8,9,11,21,16,2,20,13
1,2,4,5,7,9,10,11,13,15,16,19,20>4,5,7,8,15,21,16,2,20,13
1,2,4,5,7,8,11,13,14,15,16,17,21,22>1,6,12,15,17,21,2,8,13,14,16,22
1,2,4,5,7,8,11,13,14,15,16,17,21,22>4,6,11,12,15,2,8,13,14,16,22
1,2,4,5,7,8,11,13,14,15,16,17,21,22>1,4,6,12,17,23,2,8,13,14,16,22
1,2,4,5,7,8,11,13,14,15,16,17,21,22>15,5,6,11,2,8,13,14,16,22
1,2,4,5,7,8,11,13,14,15,16,17,21,22>15,7,11,12,2,8,13,14,16,22
1,2,4,5,7,8,11,13,14,15,16,17,21,22>1,4,7,15,23,2,8,13,14,16,22
1,2,4,5,7,8,11,13,14,15,16,17,21,22>1,4,7,11,2,8,13,14,16,22
1,2,4,5,7,8,11,13,14,15,16,17,21,22>1,5,7,17,21,23,2,8,13,14,16,22
1,2,4,5,7,8,11,13,14,15,16,17,21,22>1,6,7,12,2,8,13,14,16,22
1,2,4,5,7,8,11,13,14,15,16,17,21,22>4,6,7,11,12,21,2,8,13,14,16,22
2,4,5,6,8,9,10,14,16,17,20,22>4,13,14,21,23,6,8,10,16,20
2,4,5,6,8,9,10,14,16,17,20,22>23,4,5,14,6,8,10,16,20
2,4,5,6,8,9,10,14,16,17,20,22>2,4,5,13,17,21,22,23,6,8,10,16,20
2,4,5,6,8,9,10,14,16,17,20,22>2,5,7,22,23,6,8,10,16,20
2,4,5,6,8,9,10,14,16,17,20,22>2,5,7,17,22,6,8,10,16,20
2,4,5,6,8,9,10,14,16,17,20,22>5,9,13,14,21,22,6,8,10,16,20
2,4,5,6,8,9,10,14,16,17,20,22>2,5,9,13,14,23,6,8,10,16,20
2,4,5,6,8,9,10,14,16,17,20,22>2,4,5,9,14,21,22,6,8,10,16,20
2,4,5,6,8,9,10,14,16,17,20,22>4,5,7,9,13,23,6,8,10,16,20
2,4,5,6,8,9,10,14,16,17,20,22>2,4,5,7,9,13,14,17,6,8,10,16,20
1,2,3,5,6,7,9,12,17,18,23>17,1,9,2,6,7,12,18
1,2,3,5,6,7,9,12,17,18,23>3,4,10,17,19,23,2,6,7,12,18
1,2,3,5,6,7,9,12,17,18,23>17,1,5,2,6,7,12,18
1,2,3,5,6,7,9,12,17,18,23>19,3,23,5,2,6,7,12,18
1,2,3,5,6,7,9,12,17,18,23>4,5,10,17,23,2,6,7,12,18
1,2,3,5,6,7,9,12,17,18,23>1,3,4,5,9,19,2,6,7,12,18
1,2,3,5,6,7,9,12,17,18,23>1,3,4,5,9,10,23,2,6,7,12,18
1,2,3,5,6,7,9,12,17,18,23>17,4,8,9,2,6,7,12,18
1,2,3,5,6,7,9,12,17,18,23>23,5,8,9,2,6,7,12,18
1,2,3,5,6,7,9,12,17,18,23>1,23,5,8,2,6,7,12,18
1,2,3,7,10,13,17,20,23>18,21,23,14,17,2,20
1,2,3,7,10,13,17,20,23>1,3,14,18,21,17,2,20
1,2,3,7,10,13,17,20,23>18,23,4,13,17,2,20
1,2,3,7,10,13,17,20,23>4,13,14,17,2,20
1,2,3,7,10,13,17,20,23>1,3,7,13,14,23,17,2,20
1,2,3,7,10,13,17,20,23>1,4,7,13,21,23,17,2,20
1,2,3,7,10,13,17,20,23>3,4,7,14,18,21,17,2,20
1,2,3,7,10,13,17,20,23>1,4,10,14,21,23,17,2,20
1,2,3,7,10,13,17,20,23>1,4,10,18,23,17,2,20
1,2,3,7,10,13,17,20,23>3,4,10,14,21,17,2,20
2,3,4,5,8,9,10,11,12,14,17,18,19,20,21,22>2,3,9,10,12,14,16,23,4,8,17,19,21,22
2,3,4,5,8,9,10,11,12,14,17,18,19,20,21,22>2,5,11,13,14,16,20,23,4,8,17,19,21,22
2,3,4,5,8,9,10,11,12,14,17,18,19,20,21,22>2,3,9,11,12,14,18,20,4,8,17,19,21,22
2,3,4,5,8,9,10,11,12,14,17,18,19,20,21,22>2,3,9,11,12,13,14,23,4,8,17,19,21,22
2,3,4,5,8,9,10,11,12,14,17,18,19,20,21,22>2,5,9,12,18,23,4,8,17,19,21,22
2,3,4,5,8,9,10,11,12,14,17,18,19,20,21,22>3,5,9,11,16,18,23,4,8,17,19,21,22
2,3,4,5,8,9,10,11,12,14,17,18,19,20,21,22>2,3,5,9,11,12,14,20,4,8,17,19,21,22
2,3,4,5,8,9,10,11,12,14,17,18,19,20,21,22>2,10,13,16,18,23,4,8,17,19,21,22
2,3,4,5,8,9,10,11,12,14,17,18,19,20,21,22>3,10,11,13,14,16,18,23,4,8,17,19,21,22
2,3,4,5,8,9,10,11,12,14,17,18,19,20,21,22>2,3,9,10,14,18,20,23,4,8,17,19,21,22
1,2,3,4,5,7,11,12,13,16,17,19,20,22>3,5,7,8,12,17,21,23,16,2,4,13
1,2,3,4,5,7,11,12,13,16,17,19,20,22>3,12,14,18,19,20,21,23,16,2,4,13
1,2,3,4,5,7,11,12,13,16,17,19,20,22>1,5,19,21,23,16,2,4,13
1,2,3,4,5,7,11,12,13,16,17,19,20,22>1,7,19,20,22,23,16,2,4,13
1,2,3,4,5,7,11,12,13,16,17,19,20,22>1,5,7,17,19,23,16,2,4,13
1,2,3,4,5,7,11,12,13,16,17,19,20,22>1,8,11,14,19,21,16,2,4,13
1,2,3,4,5,7,11,12,13,16,17,19,20,22>3,8,18,19,20,22,16,2,4,13
1,2,3,4,5,7,11,12,13,16,17,19,20,22>3,8,14,20,21,22,23,16,2,4,13
1,2,3,4,5,7,11,12,13,16,17,19,20,22>1,3,7,8,11,12,18,19,21,22,23,16,2,4,13
1,2,3,4,5,7,11,12,13,16,17,19,20,22>3,5,7,8,11,12,17,19,16,2,4,13
1,2,3,4,6,7,12,13,15,17,21,22,23>1,15,16,17,18,2,4,7,12,22,23
1,2,3,4,6,7,12,13,15,17,21,22,23>16,17,6,15,2,4,7,12,22,23
1,2,3,4,6,7,12,13,15,17,21,22,23>6,14,16,18,21,2,4,7,12,22,23
1,2,3,4,6,7,12,13,15,17,21,22,23>1,6,16,17,18,2,4,7,12,22,23
1,2,3,4,6,7,12,13,15,17,21,22,23>1,3,6,17,18,2,4,7,12,22,23
1,2,3,4,6,7,12,13,15,17,21,22,23>1,3,6,8,16,18,2,4,7,12,22,23
1,2,3,4,6,7,12,13,15,17,21,22,23>6,13,14,15,21,2,4,7,12,22,23
1,2,3,4,6,7,12,13,15,17,21,22,23>3,6,13,16,21,2,4,7,12,22,23
1,2,3,4,6,7,12,13,15,17,21,22,23>6,8,13,15,18,21,2,4,7,12,22,23
1,2,3,4,6,7,12,13,15,17,21,22,23>3,6,8,13,16,17,2,4,7,12,22,23
1,3,5,6,9,14,17,19,23>1,14,15,17,18,19,23
1,3,5,6,9,14,17,19,23>1,2,9,15,17
1,3,5,6,9,14,17,19,23>2,3,9,14,15,17,18
1,3,5,6,9,14,17,19,23>4,6,7,14,18
1,3,5,6,9,14,17,19,23>1,4,6,9,14,15,17,18,23
1,3,5,6,9,14,17,19,23>2,4,7,17,19,20
1,3,5,6,9,14,17,19,23>1,2,3,4,6,15,19,20
1,3,5,6,9,14,17,19,23>1,3,5,15,17,20,23
1,3,5,6,9,14,17,19,23>2,4,5,7,15
1,3,5,6,9,14,17,19,23>1,3,4,5,18
1,3,4,5,6,8,9,10,12,13,15,17,18,19,20,22>1,7,9,14,16,21,4,8,13,17,19
1,3,4,5,6,8,9,10,12,13,15,17,18,19,20,22>1,2,3,5,10,12,15,23,4,8,13,17,19
1,3,4,5,6,8,9,10,12,13,15,17,18,19,20,22>1,2,3,5,9,10,12,14,16,20,22,23,4,8,13,17,19
1,3,4,5,6,8,9,10,12,13,15,17,18,19,20,22>2,6,15,21,22,23,4,8,13,17,19
1,3,4,5,6,8,9,10,12,13,15,17,18,19,20,22>3,6,12,14,15,18,21,22,4,8,13,17,19
1,3,4,5,6,8,9,10,12,13,15,17,18,19,20,22>1,3,6,10,14,16,18,4,8,13,17,19
1,3,4,5,6,8,9,10,12,13,15,17,18,19,20,22>1,5,6,9,12,15,16,21,22,4,8,13,17,19
1,3,4,5,6,8,9,10,12,13,15,17,18,19,20,22>2,5,6,7,9,10,12,18,21,22,4,8,13,17,19
1,3,4,5,6,8,9,10,12,13,15,17,18,19,20,22>1,2,5,6,7,9,10,14,15,21,4,8,13,17,19
1,3,4,5,6,8,9,10,12,13,15,17,18,19,20,22>1,3,5,6,12,14,15,16,18,20,22,23,4,8,13,17,19
2,9,10,13,17,20,23>2,9,21,17,10,20
2,9,10,13,17,20,23>2,13,21,23,17,10,20
2,9,10,13,17,20,23>9,14,21,23,17,10,20
2,9,10,13,17,20,23>9,13,14,21,17,10,20
2,9,10,13,17,20,23>2,18,21,23,17,10,20
2,9,10,13,17,20,23>9,18,23,17,10,20
2,9,10,13,17,20,23>13,18,23,17,10,20
2,9,10,13,17,20,23>2,13,18,17,10,20
2,9,10,13,17,20,23>14,18,21,17,10,20
2,9,10,13,17,20,23>14,18,23,17,10,20
1,4,8,14,15,18,19,20,21>1,2,15,16,17,18,19,20,21
1,4,8,14,15,18,19,20,21>17,1,22,4,19,20,21
1,4,8,14,15,18,19,20,21>2,8,15,16,17,22,19,20,21
1,4,8,14,15,18,19,20,21>1,2,8,15,16,18,22,19,20,21
1,4,8,14,15,18,19,20,21>4,8,15,16,22,19,20,21
1,4,8,14,15,18,19,20,21>1,2,4,8,19,20,21
1,4,8,14,15,18,19,20,21>14,15,17,18,22,19,20,21
1,4,8,14,15,18,19,20,21>1,22,4,14,19,20,21
1,4,8,14,15,18,19,20,21>2,4,14,19,20,21
1,4,8,14,15,18,19,20,21>8,14,15,17,22,19,20,21
5,6,7,9,10,11,16,17,18,19>16,5,20,12,19,18,11,7
5,6,7,9,10,11,16,17,18,19>5,20,8,13,19,18,11,7
5,6,7,9,10,11,16,17,18,19>6,8,9,13,17,20,19,18,11,7
5,6,7,9,10,11,16,17,18,19>5,6,8,9,16,17,20,19,18,11,7
5,6,7,9,10,11,16,17,18,19>5,10,13,16,20,19,18,11,7
5,6,7,9,10,11,16,17,18,19>6,8,10,12,13,17,19,18,11,7
5,6,7,9,10,11,16,17,18,19>9,10,12,16,20,19,18,11,7
5,6,7,9,10,11,16,17,18,19>5,9,10,13,16,17,19,18,11,7
5,6,7,9,10,11,16,17,18,19>6,9,10,13,16,20,19,18,11,7
5,6,7,9,10,11,16,17,18,19>5,6,9,10,13,17,20,19,18,11,7
3,6,7,9,10,11,12,15,16,19>3,4,10,13,16,11,12,7
3,6,7,9,10,11,12,15,16,19>3,4,6,13,16,11,12,7
3,6,7,9,10,11,12,15,16,19>3,4,6,15,19,16,11,12,7
3,6,7,9,10,11,12,15,16,19>6,8,10,13,15,19,16,11,12,7
3,6,7,9,10,11,12,15,16,19>3,9,10,13,15,19,16,11,12,7
3,6,7,9,10,11,12,15,16,19>3,4,6,9,10,19,16,11,12,7
3,6,7,9,10,11,12,15,16,19>4,8,9,10,16,11,12,7
3,6,7,9,10,11,12,15,16,19>3,4,8,9,13,15,19,16,11,12,7
3,6,7,9,10,11,12,15,16,19>6,8,9,15,19,16,11,12,7
3,6,7,9,10,11,12,15,16,19>3,6,8,9,16,11,12,7
1,2,3,5,6,7,8,11,12,13,14,16,20,22,23>1,4,12,16,22,2,6,7,8,14,23
1,2,3,5,6,7,8,11,12,13,14,16,20,22,23>3,4,13,20,21,22,2,6,7,8,14,23
1,2,3,5,6,7,8,11,12,13,14,16,20,22,23>1,4,5,12,20,21,22,2,6,7,8,14,23
1,2,3,5,6,7,8,11,12,13,14,16,20,22,23>1,4,5,12,13,22,2,6,7,8,14,23
1,2,3,5,6,7,8,11,12,13,14,16,20,22,23>1,3,4,5,12,13,16,21,2,6,7,8,14,23
1,2,3,5,6,7,8,11,12,13,14,16,20,22,23>21,22,11,2,6,7,8,14,23
1,2,3,5,6,7,8,11,12,13,14,16,20,22,23>16,3,11,12,2,6,7,8,14,23
1,2,3,5,6,7,8,11,12,13,14,16,20,22,23>1,4,11,12,13,2,6,7,8,14,23
1,2,3,5,6,7,8,11,12,13,14,16,20,22,23>21,5,11,12,2,6,7,8,14,23
1,2,3,5,6,7,8,11,12,13,14,16,20,22,23>4,5,11,13,20,22,2,6,7,8,14,23
4,6,7,11,13,14,16,17,18,19,20>4,17,21,7,13,14,16,18,19,20
4,6,7,11,13,14,16,17,18,19,20>8,17,21,7,13,14,16,18,19,20
4,6,7,11,13,14,16,17,18,19,20>4,8,17,7,13,14,16,18,19,20
4,6,7,11,13,14,16,17,18,19,20>6,8,17,7,13,14,16,18,19,20
4,6,7,11,13,14,16,17,18,19,20>11,17,21,7,13,14,16,18,19,20
4,6,7,11,13,14,16,17,18,19,20>4,11,7,13,14,16,18,19,20
4,6,7,11,13,14,16,17,18,19,20>8,11,17,7,13,14,16,18,19,20
4,6,7,11,13,14,16,17,18,19,20>8,11,21,7,13,14,16,18,19,20
4,6,7,11,13,14,16,17,18,19,20>4,15,17,7,13,14,16,18,19,20
4,6,7,11,13,14,16,17,18,19,20>6,8,11,15,7,13,14,16,18,19,20
1,2,3,5,8,9,13,14,17,19,20,22,23>19,13,2,14,17,20,23
1,2,3,5,8,9,13,14,17,19,20,22,23>3,4,5,8,9,19,21,2,14,17,20,23
1,2,3,5,8,9,13,14,17,19,20,22,23>1,4,21,13,2,14,17,20,23
1,2,3,5,8,9,13,14,17,19,20,22,23>22,4,5,9,2,14,17,20,23
1,2,3,5,8,9,13,14,17,19,20,22,23>21,22,4,8,2,14,17,20,23
1,2,3,5,8,9,13,14,17,19,20,22,23>1,4,8,13,2,14,17,20,23
1,2,3,5,8,9,13,14,17,19,20,22,23>1,3,4,8,21,2,14,17,20,23
1,2,3,5,8,9,13,14,17,19,20,22,23>5,8,9,13,21,22,2,14,17,20,23
1,2,3,5,8,9,13,14,17,19,20,22,23>3,5,8,9,13,22,2,14,17,20,23
1,2,3,5,8,9,13,14,17,19,20,22,23>3,4,5,8,9,13,21,2,14,17,20,23
1,8,10,11,12,13,16,17,19,20,21>1,2,10,16,17,20,22,8,21,13
1,8,10,11,12,13,16,17,19,20,21>1,11,16,17,19,20,8,21,13
1,8,10,11,12,13,16,17,19,20,21>10,11,14,16,19,20,8,21,13
1,8,10,11,12,13,16,17,19,20,21>2,10,11,14,16,20,22,8,21,13
1,8,10,11,12,13,16,17,19,20,21>2,10,11,14,16,17,19,8,21,13
1,8,10,11,12,13,16,17,19,20,21>2,12,14,8,21,13
1,8,10,11,12,13,16,17,19,20,21>1,2,12,16,19,20,8,21,13
1,8,10,11,12,13,16,17,19,20,21>2,10,12,16,20,22,8,21,13
1,8,10,11,12,13,16,17,19,20,21>1,2,10,12,8,21,13
1,8,10,11,12,13,16,17,19,20,21>1,2,11,12,8,21,13
1,4,5,6,7,8,10,12,13,15,16,19,20,21,22>1,4,12,14,19,20,23,7,8,13,16,21,22
1,4,5,6,7,8,10,12,13,15,16,19,20,21,22>1,4,5,10,14,15,20,7,8,13,16,21,22
1,4,5,6,7,8,10,12,13,15,16,19,20,21,22>15,20,6,7,8,13,16,21,22
1,4,5,6,7,8,10,12,13,15,16,19,20,21,22>1,6,12,14,19,23,7,8,13,16,21,22
1,4,5,6,7,8,10,12,13,15,16,19,20,21,22>1,2,6,14,20,7,8,13,16,21,22
1,4,5,6,7,8,10,12,13,15,16,19,20,21,22>1,5,6,10,15,19,7,8,13,16,21,22
1,4,5,6,7,8,10,12,13,15,16,19,20,21,22>5,6,12,14,19,20,7,8,13,16,21,22
1,4,5,6,7,8,10,12,13,15,16,19,20,21,22>1,5,6,12,15,7,8,13,16,21,22
1,4,5,6,7,8,10,12,13,15,16,19,20,21,22>2,5,6,10,14,7,8,13,16,21,22
1,4,5,6,7,8,10,12,13,15,16,19,20,21,22>4,5,6,10,14,20,7,8,13,16,21,22
2,3,5,7,8,11,13,17,19,21,22>2,3,8,14,23,13,22
2,3,5,7,8,11,13,17,19,21,22>2,4,8,11,20,21,13,22
2,3,5,7,8,11,13,17,19,21,22>2,3,4,11,23,13,22
2,3,5,7,8,11,13,17,19,21,22>5,8,19,20,21,13,22
2,3,5,7,8,11,13,17,19,21,22>2,3,4,8,11,14,20,13,22
2,3,5,7,8,11,13,17,19,21,22>2,4,5,8,11,14,17,21,13,22
2,3,5,7,8,11,13,17,19,21,22>2,7,8,19,20,23,13,22
2,3,5,7,8,11,13,17,19,21,22>4,7,11,19,23,13,22
2,3,5,7,8,11,13,17,19,21,22>2,3,5,7,17,19,20,23,13,22
2,3,5,7,8,11,13,17,19,21,22>3,4,5,7,19,21,13,22
2,3,5,7,8,9,11,12,13,14,17,18,19,22,23>3,9,11,18,22,8,12,14,19,23
2,3,5,7,8,9,11,12,13,14,17,18,19,22,23>3,9,11,17,22,8,12,14,19,23
2,3,5,7,8,9,11,12,13,14,17,18,19,22,23>5,13,17,18,22,8,12,14,19,23
2,3,5,7,8,9,11,12,13,14,17,18,19,22,23>2,18,4,5,8,12,14,19,23
2,3,5,7,8,9,11,12,13,14,17,18,19,22,23>2,4,5,9,13,17,8,12,14,19,23
2,3,5,7,8,9,11,12,13,14,17,18,19,22,23>13,7,9,11,8,12,14,19,23
2,3,5,7,8,9,11,12,13,14,17,18,19,22,23>2,3,7,9,13,17,18,22,8,12,14,19,23
2,3,5,7,8,9,11,12,13,14,17,18,19,22,23>13,3,4,7,8,12,14,19,23
2,3,5,7,8,9,11,12,13,14,17,18,19,22,23>2,3,4,7,9,17,18,8,12,14,19,23
2,3,5,7,8,9,11,12,13,14,17,18,19,22,23>5,7,13,18,22,8,12,14,19,23
