TCR,NFAT,IFN-\beta,IFN-\betaR,IL-18,IL-18R,IRAK,SOCS1,IL-12,IL-12R,STAT4,T-bet,IFN-\gamma,IFN-\gammaR,JAK1,STAT1,IL-4,IL-4R,STAT6,GATA3,IL-10,IL-10R,STAT3
3,4,5,6,7,8,11,18,19,23>5,16,18,19,4,7
3,4,5,6,7,8,11,18,19,23>3,5,16,20,23,19,4,7
3,4,5,6,7,8,11,18,19,23>3,6,16,23,19,4,7
3,4,5,6,7,8,11,18,19,23>3,8,23,18,19,4,7
3,4,5,6,7,8,11,18,19,23>5,8,16,20,23,19,4,7
3,4,5,6,7,8,11,18,19,23>20,3,8,23,19,4,7
3,4,5,6,7,8,11,18,19,23>3,5,11,16,23,19,4,7
3,4,5,6,7,8,11,18,19,23>20,8,11,18,19,4,7
3,4,5,6,7,8,11,18,19,23>5,8,11,16,23,19,4,7
3,4,5,6,7,8,11,18,19,23>3,5,6,8,11,23,19,4,7
1,2,3,4,5,6,7,11,12,14,16,20,21,22,23>3,5,8,11,14,20,2,4,6,7,16,21,22,23
1,2,3,4,5,6,7,11,12,14,16,20,21,22,23>15,3,12,14,2,4,6,7,16,21,22,23
1,2,3,4,5,6,7,11,12,14,16,20,21,22,23>1,3,5,14,15,20,2,4,6,7,16,21,22,23
1,2,3,4,5,6,7,11,12,14,16,20,21,22,23>20,3,8,12,2,4,6,7,16,21,22,23
1,2,3,4,5,6,7,11,12,14,16,20,21,22,23>1,5,8,12,2,4,6,7,16,21,22,23
1,2,3,4,5,6,7,11,12,14,16,20,21,22,23>1,3,5,8,14,15,2,4,6,7,16,21,22,23
1,2,3,4,5,6,7,11,12,14,16,20,21,22,23>15,5,11,14,2,4,6,7,16,21,22,23
1,2,3,4,5,6,7,11,12,14,16,20,21,22,23>8,11,12,15,20,2,4,6,7,16,21,22,23
1,2,3,4,5,6,7,11,12,14,16,20,21,22,23>1,3,8,11,14,15,2,4,6,7,16,21,22,23
1,2,3,4,5,6,7,11,12,14,16,20,21,22,23>3,5,8,11,15,20,2,4,6,7,16,21,22,23
3,6,10,14,15,16,19,21,22>3,10,19,20,23,16,22,15
3,6,10,14,15,16,19,21,22>3,4,20,10,16,22,15
3,6,10,14,15,16,19,21,22>3,7,11,12,14,20,21,16,22,15
3,6,10,14,15,16,19,21,22>4,8,10,12,20,16,22,15
3,6,10,14,15,16,19,21,22>4,8,11,12,20,16,22,15
3,6,10,14,15,16,19,21,22>6,8,10,11,20,23,16,22,15
3,6,10,14,15,16,19,21,22>6,8,10,12,19,20,16,22,15
3,6,10,14,15,16,19,21,22>4,6,8,11,19,20,21,23,16,22,15
3,6,10,14,15,16,19,21,22>4,6,8,12,19,20,21,23,16,22,15
3,6,10,14,15,16,19,21,22>6,7,8,14,19,21,16,22,15
5,6,9,10,11,12,17,18,20,21,23>7,8,12,20,22,6,10,17,18,21
5,6,9,10,11,12,17,18,20,21,23>5,23,8,9,6,10,17,18,21
5,6,9,10,11,12,17,18,20,21,23>11,12,19,20,22,23,6,10,17,18,21
5,6,9,10,11,12,17,18,20,21,23>8,9,11,12,19,6,10,17,18,21
5,6,9,10,11,12,17,18,20,21,23>5,7,11,12,19,22,6,10,17,18,21
5,6,9,10,11,12,17,18,20,21,23>7,8,11,19,20,22,6,10,17,18,21
5,6,9,10,11,12,17,18,20,21,23>5,7,8,11,12,19,20,23,6,10,17,18,21
5,6,9,10,11,12,17,18,20,21,23>20,23,9,11,6,10,17,18,21
5,6,9,10,11,12,17,18,20,21,23>7,9,11,19,22,6,10,17,18,21
5,6,9,10,11,12,17,18,20,21,23>8,9,11,19,20,22,6,10,17,18,21
1,2,5,6,7,8,9,10,12,17,20>1,5,9,21,2,6,7,8,10,17
1,2,5,6,7,8,9,10,12,17,20>1,5,12,21,2,6,7,8,10,17
1,2,5,6,7,8,9,10,12,17,20>9,12,21,2,6,7,8,10,17
1,2,5,6,7,8,9,10,12,17,20>1,9,12,20,2,6,7,8,10,17
1,2,5,6,7,8,9,10,12,17,20>1,5,9,12,2,6,7,8,10,17
1,2,5,6,7,8,9,10,12,17,20>5,13,20,2,6,7,8,10,17
1,2,5,6,7,8,9,10,12,17,20>1,9,13,20,2,6,7,8,10,17
1,2,5,6,7,8,9,10,12,17,20>5,9,13,2,6,7,8,10,17
1,2,5,6,7,8,9,10,12,17,20>1,12,13,20,21,2,6,7,8,10,17
1,2,5,6,7,8,9,10,12,17,20>9,12,13,2,6,7,8,10,17
1,4,5,6,7,9,12,13,14,15,16,17,18,20,21,22>5,9,10,17,20,6,7,13,14,15,16,18,21,22
1,4,5,6,7,9,12,13,14,15,16,17,18,20,21,22>1,5,9,10,6,7,13,14,15,16,18,21,22
1,4,5,6,7,9,12,13,14,15,16,17,18,20,21,22>2,5,10,12,19,23,6,7,13,14,15,16,18,21,22
1,4,5,6,7,9,12,13,14,15,16,17,18,20,21,22>1,4,5,12,17,20,6,7,13,14,15,16,18,21,22
1,4,5,6,7,9,12,13,14,15,16,17,18,20,21,22>2,8,9,10,17,20,23,6,7,13,14,15,16,18,21,22
1,4,5,6,7,9,12,13,14,15,16,17,18,20,21,22>1,4,8,10,12,6,7,13,14,15,16,18,21,22
1,4,5,6,7,9,12,13,14,15,16,17,18,20,21,22>2,4,8,9,10,19,23,6,7,13,14,15,16,18,21,22
1,4,5,6,7,9,12,13,14,15,16,17,18,20,21,22>1,4,8,17,19,23,6,7,13,14,15,16,18,21,22
1,4,5,6,7,9,12,13,14,15,16,17,18,20,21,22>2,4,8,17,23,6,7,13,14,15,16,18,21,22
1,4,5,6,7,9,12,13,14,15,16,17,18,20,21,22>2,5,8,10,17,20,6,7,13,14,15,16,18,21,22
1,2,6,7,8,9,11,13,14,16,17,19,21,23>19,21,23,13,8,2,14,7
1,2,6,7,8,9,11,13,14,16,17,19,21,23>1,6,21,16,8,2,14,7
1,2,6,7,8,9,11,13,14,16,17,19,21,23>1,9,17,19,22,8,2,14,7
1,2,6,7,8,9,11,13,14,16,17,19,21,23>6,9,19,20,22,23,8,2,14,7
1,2,6,7,8,9,11,13,14,16,17,19,21,23>6,9,13,19,21,22,8,2,14,7
1,2,6,7,8,9,11,13,14,16,17,19,21,23>1,9,11,13,16,19,21,8,2,14,7
1,2,6,7,8,9,11,13,14,16,17,19,21,23>6,12,13,17,21,8,2,14,7
1,2,6,7,8,9,11,13,14,16,17,19,21,23>9,12,16,17,19,20,22,8,2,14,7
1,2,6,7,8,9,11,13,14,16,17,19,21,23>6,9,12,16,17,19,23,8,2,14,7
1,2,6,7,8,9,11,13,14,16,17,19,21,23>1,9,11,12,13,17,21,8,2,14,7
2,4,5,6,8,9,18,21,22,23>9,10,16,18,19,23,6,22
2,4,5,6,8,9,18,21,22,23>4,7,9,10,18,19,23,6,22
2,4,5,6,8,9,18,21,22,23>2,4,7,9,23,6,22
2,4,5,6,8,9,18,21,22,23>2,4,7,10,16,19,23,6,22
2,4,5,6,8,9,18,21,22,23>16,4,5,7,23,6,22
2,4,5,6,8,9,18,21,22,23>2,4,5,7,10,19,23,6,22
2,4,5,6,8,9,18,21,22,23>2,21,8,18,23,6,22
2,4,5,6,8,9,18,21,22,23>2,4,8,10,19,21,23,6,22
2,4,5,6,8,9,18,21,22,23>5,7,8,10,19,21,23,6,22
2,4,5,6,8,9,18,21,22,23>2,5,7,8,9,16,18,23,6,22
6,7,8,9,10,11,12,13,14,15,16,18,19>6,9,10,7,8,11,12,13,14,16,19
6,7,8,9,10,11,12,13,14,15,16,18,19>6,9,15,7,8,11,12,13,14,16,19
6,7,8,9,10,11,12,13,14,15,16,18,19>6,10,15,7,8,11,12,13,14,16,19
6,7,8,9,10,11,12,13,14,15,16,18,19>9,10,15,7,8,11,12,13,14,16,19
6,7,8,9,10,11,12,13,14,15,16,18,19>6,9,18,7,8,11,12,13,14,16,19
6,7,8,9,10,11,12,13,14,15,16,18,19>6,10,18,7,8,11,12,13,14,16,19
6,7,8,9,10,11,12,13,14,15,16,18,19>9,10,18,7,8,11,12,13,14,16,19
6,7,8,9,10,11,12,13,14,15,16,18,19>6,15,18,7,8,11,12,13,14,16,19
6,7,8,9,10,11,12,13,14,15,16,18,19>9,15,18,7,8,11,12,13,14,16,19
6,7,8,9,10,11,12,13,14,15,16,18,19>10,15,18,7,8,11,12,13,14,16,19
3,5,6,8,11,13,15,16,17,19,23>4,5,11,13,14,15,23,8,16
3,5,6,8,11,13,15,16,17,19,23>3,4,5,11,13,14,15,19,20,8,16
3,5,6,8,11,13,15,16,17,19,23>4,5,12,13,19,23,8,16
3,5,6,8,11,13,15,16,17,19,23>4,5,14,15,20,23,8,16
3,5,6,8,11,13,15,16,17,19,23>5,6,12,13,14,8,16
3,5,6,8,11,13,15,16,17,19,23>4,5,6,12,13,19,20,8,16
3,5,6,8,11,13,15,16,17,19,23>4,5,6,13,14,23,8,16
3,5,6,8,11,13,15,16,17,19,23>3,5,7,11,13,14,15,17,19,8,16
3,5,6,8,11,13,15,16,17,19,23>3,6,7,13,14,8,16
3,5,6,8,11,13,15,16,17,19,23>4,5,6,7,12,17,8,16
4,5,8,11,13,14,19,21>22,8,19,13,14
4,5,8,11,13,14,19,21>22,11,19,20,13,14
4,5,8,11,13,14,19,21>21,11,19,13,14
4,5,8,11,13,14,19,21>21,5,11,20,13,14
4,5,8,11,13,14,19,21>4,8,11,20,13,14
4,5,8,11,13,14,19,21>4,5,8,11,21,22,13,14
4,5,8,11,13,14,19,21>16,20,13,14
4,5,8,11,13,14,19,21>4,5,8,16,13,14
4,5,8,11,13,14,19,21>5,11,16,19,13,14
4,5,8,11,13,14,19,21>4,5,11,16,21,13,14
1,3,4,9,10,12,13,15,17,18,21,22>11,14,16,19,21,23,4,10,12,13,18,22
1,3,4,9,10,12,13,15,17,18,21,22>1,2,11,14,15,4,10,12,13,18,22
1,3,4,9,10,12,13,15,17,18,21,22>1,3,11,14,17,19,23,4,10,12,13,18,22
1,3,4,9,10,12,13,15,17,18,21,22>1,8,11,15,16,17,23,4,10,12,13,18,22
1,3,4,9,10,12,13,15,17,18,21,22>9,11,15,16,21,4,10,12,13,18,22
1,3,4,9,10,12,13,15,17,18,21,22>9,11,14,19,21,23,4,10,12,13,18,22
1,3,4,9,10,12,13,15,17,18,21,22>2,9,11,15,16,19,23,4,10,12,13,18,22
1,3,4,9,10,12,13,15,17,18,21,22>1,2,3,9,11,15,16,17,23,4,10,12,13,18,22
1,3,4,9,10,12,13,15,17,18,21,22>1,3,8,9,16,23,4,10,12,13,18,22
1,3,4,9,10,12,13,15,17,18,21,22>1,2,3,8,9,11,15,19,21,23,4,10,12,13,18,22
1,2,6,9,11,12,14,15,17,19,21>1,8,13,14,18,19,2,12,15
1,2,6,9,11,12,14,15,17,19,21>8,9,13,17,18,2,12,15
1,2,6,9,11,12,14,15,17,19,21>1,7,8,11,14,16,17,18,19,22,2,12,15
1,2,6,9,11,12,14,15,17,19,21>1,6,7,8,13,16,18,21,2,12,15
1,2,6,9,11,12,14,15,17,19,21>1,9,11,13,14,17,18,19,22,2,12,15
1,2,6,9,11,12,14,15,17,19,21>1,6,9,16,22,2,12,15
1,2,6,9,11,12,14,15,17,19,21>1,6,7,9,11,13,16,18,2,12,15
1,2,6,9,11,12,14,15,17,19,21>8,9,11,18,21,2,12,15
1,2,6,9,11,12,14,15,17,19,21>1,7,8,9,16,17,18,19,22,2,12,15
1,2,6,9,11,12,14,15,17,19,21>6,7,8,9,11,13,16,19,22,2,12,15
1,2,3,6,7,9,11,12,14,16,17,18,22,23>1,16,17,10,2,7,12,18,23
1,2,3,6,7,9,11,12,14,16,17,18,22,23>1,3,9,14,15,19,2,7,12,18,23
1,2,3,6,7,9,11,12,14,16,17,18,22,23>1,3,4,14,16,2,7,12,18,23
1,2,3,6,7,9,11,12,14,16,17,18,22,23>15,6,22,10,2,7,12,18,23
1,2,3,6,7,9,11,12,14,16,17,18,22,23>1,3,6,11,14,15,17,22,2,7,12,18,23
1,2,3,6,7,9,11,12,14,16,17,18,22,23>4,6,9,14,16,17,22,2,7,12,18,23
1,2,3,6,7,9,11,12,14,16,17,18,22,23>3,4,8,10,11,14,16,2,7,12,18,23
1,2,3,6,7,9,11,12,14,16,17,18,22,23>1,3,4,8,9,10,11,14,17,19,2,7,12,18,23
1,2,3,6,7,9,11,12,14,16,17,18,22,23>6,8,9,10,16,2,7,12,18,23
1,2,3,6,7,9,11,12,14,16,17,18,22,23>4,6,8,9,17,2,7,12,18,23
2,6,8,9,10,14,17,19,23>2,10,14,17,19,20
2,6,8,9,10,14,17,19,23>2,6,10,17,20
2,6,8,9,10,14,17,19,23>6,7,10,20,23
2,6,8,9,10,14,17,19,23>2,6,8,17,23
2,6,8,9,10,14,17,19,23>2,7,8,10,11,23
2,6,8,9,10,14,17,19,23>2,6,7,9,10,17
2,6,8,9,10,14,17,19,23>2,6,7,9,11,17,20
2,6,8,9,10,14,17,19,23>2,6,8,9,10,11,14,19,23
2,6,8,9,10,14,17,19,23>6,7,8,9,11,14
2,6,8,9,10,14,17,19,23>6,7,8,9,11,17
1,4,5,6,7,11,17,18,21,22,23>1,16,17,19,21,6,7,18,22,23
1,4,5,6,7,11,17,18,21,22,23>1,5,16,17,6,7,18,22,23
1,4,5,6,7,11,17,18,21,22,23>1,5,16,19,21,6,7,18,22,23
1,4,5,6,7,11,17,18,21,22,23>1,2,11,17,21,6,7,18,22,23
1,4,5,6,7,11,17,18,21,22,23>19,21,4,11,6,7,18,22,23
1,4,5,6,7,11,17,18,21,22,23>4,5,11,16,17,19,6,7,18,22,23
1,4,5,6,7,11,17,18,21,22,23>1,2,4,11,16,17,19,6,7,18,22,23
1,4,5,6,7,11,17,18,21,22,23>1,5,11,17,19,6,7,18,22,23
1,4,5,6,7,11,17,18,21,22,23>21,2,5,11,6,7,18,22,23
1,4,5,6,7,11,17,18,21,22,23>4,5,11,17,21,6,7,18,22,23
2,3,5,6,9,11,12,14,15,16,18,19,20>2,7,8,9,13,18,20,21,16,19,15
2,3,5,6,9,11,12,14,15,16,18,19,20>2,7,9,12,13,14,20,21,16,19,15
2,3,5,6,9,11,12,14,15,16,18,19,20>2,3,4,6,7,8,9,12,13,14,20,16,19,15
2,3,5,6,9,11,12,14,15,16,18,19,20>2,4,5,13,14,18,20,21,16,19,15
2,3,5,6,9,11,12,14,15,16,18,19,20>6,7,9,11,20,21,16,19,15
2,3,5,6,9,11,12,14,15,16,18,19,20>6,7,11,12,13,14,18,20,16,19,15
2,3,5,6,9,11,12,14,15,16,18,19,20>2,4,6,9,12,20,21,16,19,15
2,3,5,6,9,11,12,14,15,16,18,19,20>2,3,4,6,8,12,13,18,20,16,19,15
2,3,5,6,9,11,12,14,15,16,18,19,20>3,4,5,6,7,8,11,12,14,18,21,16,19,15
2,3,5,6,9,11,12,14,15,16,18,19,20>2,3,4,5,6,8,11,14,18,20,16,19,15
5,8,10,11,12,14,15,17,18,19,21,23>10,17,18,22,23,8,19,11,12
5,8,10,11,12,14,15,17,18,19,21,23>21,5,14,22,8,19,11,12
5,8,10,11,12,14,15,17,18,19,21,23>23,22,10,14,8,19,11,12
5,8,10,11,12,14,15,17,18,19,21,23>5,10,14,18,21,8,19,11,12
5,8,10,11,12,14,15,17,18,19,21,23>5,14,17,22,23,8,19,11,12
5,8,10,11,12,14,15,17,18,19,21,23>5,15,17,22,23,8,19,11,12
5,8,10,11,12,14,15,17,18,19,21,23>5,10,15,17,18,22,8,19,11,12
5,8,10,11,12,14,15,17,18,19,21,23>5,14,15,18,21,23,8,19,11,12
5,8,10,11,12,14,15,17,18,19,21,23>5,10,16,17,22,8,19,11,12
5,8,10,11,12,14,15,17,18,19,21,23>5,15,16,18,8,19,11,12
1,4,5,6,8,11,12,14,15,18>4,11,13,14,16,19,8,12,6
1,4,5,6,8,11,12,14,15,18>4,5,14,15,18,8,12,6
1,4,5,6,8,11,12,14,15,18>1,4,5,13,15,8,12,6
1,4,5,6,8,11,12,14,15,18>1,2,4,5,11,15,16,18,8,12,6
1,4,5,6,8,11,12,14,15,18>2,7,11,13,14,15,18,8,12,6
1,4,5,6,8,11,12,14,15,18>1,2,7,11,15,8,12,6
1,4,5,6,8,11,12,14,15,18>4,7,11,14,16,18,19,8,12,6
1,4,5,6,8,11,12,14,15,18>2,7,13,14,16,19,8,12,6
1,4,5,6,8,11,12,14,15,18>1,2,4,7,13,14,16,18,8,12,6
1,4,5,6,8,11,12,14,15,18>5,7,13,15,16,18,8,12,6
6,9,14,15,16,20>7,8,21,16,20,15
6,9,14,15,16,20>6,7,8,14,16,20,15
6,9,14,15,16,20>6,9,14,21,16,20,15
6,9,14,15,16,20>7,9,21,16,20,15
6,9,14,15,16,20>8,9,14,16,20,15
6,9,14,15,16,20>6,7,8,9,16,20,15
6,9,14,15,16,20>10,14,16,20,15
6,9,14,15,16,20>6,7,10,16,20,15
6,9,14,15,16,20>7,8,10,16,20,15
6,9,14,15,16,20>9,10,16,20,15
1,2,3,5,6,7,8,9,12,13,14,15,16,17,18,20,23>3,10,12,15,19,20,21,23,2,6,7,8,14,16
1,2,3,5,6,7,8,9,12,13,14,15,16,17,18,20,23>1,3,4,10,15,19,20,21,2,6,7,8,14,16
1,2,3,5,6,7,8,9,12,13,14,15,16,17,18,20,23>1,3,5,13,15,19,20,21,23,2,6,7,8,14,16
1,2,3,5,6,7,8,9,12,13,14,15,16,17,18,20,23>1,3,4,5,9,12,17,18,19,20,2,6,7,8,14,16
1,2,3,5,6,7,8,9,12,13,14,15,16,17,18,20,23>1,3,4,5,9,10,12,17,21,2,6,7,8,14,16
1,2,3,5,6,7,8,9,12,13,14,15,16,17,18,20,23>4,9,10,13,18,19,20,21,2,6,7,8,14,16
1,2,3,5,6,7,8,9,12,13,14,15,16,17,18,20,23>1,4,9,13,17,18,19,20,23,2,6,7,8,14,16
1,2,3,5,6,7,8,9,12,13,14,15,16,17,18,20,23>3,4,9,13,17,20,21,23,2,6,7,8,14,16
1,2,3,5,6,7,8,9,12,13,14,15,16,17,18,20,23>1,3,5,9,10,12,13,15,18,19,21,2,6,7,8,14,16
1,2,3,5,6,7,8,9,12,13,14,15,16,17,18,20,23>1,3,4,5,9,12,13,18,19,21,2,6,7,8,14,16
2,5,7,9,11,18,19,21,22>21,23,13,18,19,22
2,5,7,9,11,18,19,21,22>5,7,13,20,21,19,22
2,5,7,9,11,18,19,21,22>5,7,18,19,22
2,5,7,9,11,18,19,21,22>20,21,23,9,19,22
2,5,7,9,11,18,19,21,22>5,9,13,19,22
2,5,7,9,11,18,19,21,22>2,5,9,18,21,23,19,22
2,5,7,9,11,18,19,21,22>2,7,9,18,20,19,22
2,5,7,9,11,18,19,21,22>2,7,9,13,20,21,19,22
2,5,7,9,11,18,19,21,22>5,11,13,18,20,23,19,22
2,5,7,9,11,18,19,21,22>2,7,11,13,18,21,19,22
1,3,5,7,9,12,13,14,16,18,23>1,2,6,7,9,10,13,15,16,18,12,14
1,3,5,7,9,12,13,14,16,18,23>2,3,6,7,9,18,19,12,14
1,3,5,7,9,12,13,14,16,18,23>1,2,3,6,7,9,19,12,14
1,3,5,7,9,12,13,14,16,18,23>16,13,5,18,12,14
1,3,5,7,9,12,13,14,16,18,23>1,5,9,15,16,19,12,14
1,3,5,7,9,12,13,14,16,18,23>5,7,8,13,15,19,23,12,14
1,3,5,7,9,12,13,14,16,18,23>5,6,9,18,23,12,14
1,3,5,7,9,12,13,14,16,18,23>1,2,3,5,6,7,8,15,19,12,14
1,3,5,7,9,12,13,14,16,18,23>1,4,5,6,7,8,9,10,13,15,18,19,12,14
1,3,5,7,9,12,13,14,16,18,23>3,4,5,6,7,8,15,12,14
3,4,5,6,7,8,10,11,13,14,17,19,21,22,23>19,20,13,4,7,11,14,22,23
3,4,5,6,7,8,10,11,13,14,17,19,21,22,23>17,6,16,4,7,11,14,22,23
3,4,5,6,7,8,10,11,13,14,17,19,21,22,23>8,13,16,17,20,4,7,11,14,22,23
3,4,5,6,7,8,10,11,13,14,17,19,21,22,23>8,17,19,20,21,4,7,11,14,22,23
3,4,5,6,7,8,10,11,13,14,17,19,21,22,23>6,8,16,19,20,4,7,11,14,22,23
3,4,5,6,7,8,10,11,13,14,17,19,21,22,23>5,20,10,13,4,7,11,14,22,23
3,4,5,6,7,8,10,11,13,14,17,19,21,22,23>3,6,10,13,20,21,4,7,11,14,22,23
3,4,5,6,7,8,10,11,13,14,17,19,21,22,23>3,6,10,13,17,21,4,7,11,14,22,23
3,4,5,6,7,8,10,11,13,14,17,19,21,22,23>3,6,10,16,21,4,7,11,14,22,23
3,4,5,6,7,8,10,11,13,14,17,19,21,22,23>5,8,10,16,17,20,21,4,7,11,14,22,23
1,3,4,6,7,8,9,10,12,14,15,18,19,21,22>1,10,11,14,23,4,7,8,12,19,22
1,3,4,6,7,8,9,10,12,14,15,18,19,21,22>1,3,6,13,15,16,21,4,7,8,12,19,22
1,3,4,6,7,8,9,10,12,14,15,18,19,21,22>1,9,11,13,14,15,4,7,8,12,19,22
1,3,4,6,7,8,9,10,12,14,15,18,19,21,22>2,9,10,13,15,16,18,21,23,4,7,8,12,19,22
1,3,4,6,7,8,9,10,12,14,15,18,19,21,22>1,2,9,13,14,18,23,4,7,8,12,19,22
1,3,4,6,7,8,9,10,12,14,15,18,19,21,22>1,2,9,11,13,4,7,8,12,19,22
1,3,4,6,7,8,9,10,12,14,15,18,19,21,22>1,9,10,13,23,4,7,8,12,19,22
1,3,4,6,7,8,9,10,12,14,15,18,19,21,22>1,21,6,9,4,7,8,12,19,22
1,3,4,6,7,8,9,10,12,14,15,18,19,21,22>3,6,9,11,13,15,18,4,7,8,12,19,22
1,3,4,6,7,8,9,10,12,14,15,18,19,21,22>1,2,3,6,9,10,18,23,4,7,8,12,19,22
4,10,11,12,17,19,20>18,4,8,21,17
4,10,11,12,17,19,20>11,13,18,19,20,17
4,10,11,12,17,19,20>4,8,11,16,18,20,17
4,10,11,12,17,19,20>8,10,11,13,18,20,21,17
4,10,11,12,17,19,20>4,20,12,13,17
4,10,11,12,17,19,20>8,10,12,16,19,20,21,17
4,10,11,12,17,19,20>4,8,10,12,16,19,20,17
4,10,11,12,17,19,20>11,12,16,18,19,20,21,17
4,10,11,12,17,19,20>4,8,11,12,13,19,17
4,10,11,12,17,19,20>8,10,11,12,16,18,19,17
1,2,4,5,7,12,13,16,18,20,21,22>14,19,20,2,13,16,21,22
1,2,4,5,7,12,13,16,18,20,21,22>1,5,8,12,14,19,2,13,16,21,22
1,2,4,5,7,12,13,16,18,20,21,22>1,5,8,18,23,2,13,16,21,22
1,2,4,5,7,12,13,16,18,20,21,22>1,6,7,8,14,18,23,2,13,16,21,22
1,2,4,5,7,12,13,16,18,20,21,22>1,4,5,6,8,2,13,16,21,22
1,2,4,5,7,12,13,16,18,20,21,22>20,19,5,7,2,13,16,21,22
1,2,4,5,7,12,13,16,18,20,21,22>5,7,8,12,14,18,20,23,2,13,16,21,22
1,2,4,5,7,12,13,16,18,20,21,22>1,6,7,8,12,19,2,13,16,21,22
1,2,4,5,7,12,13,16,18,20,21,22>4,6,7,8,12,14,18,19,23,2,13,16,21,22
1,2,4,5,7,12,13,16,18,20,21,22>5,6,7,18,20,2,13,16,21,22
1,2,3,6,7,10,14,16,19>3,4,10,13,20,2,7
1,2,3,6,7,10,14,16,19>6,12,13,14,15,20,2,7
1,2,3,6,7,10,14,16,19>3,4,6,12,13,19,2,7
1,2,3,6,7,10,14,16,19>3,8,10,11,13,16,19,2,7
1,2,3,6,7,10,14,16,19>1,3,8,11,13,14,15,16,20,2,7
1,2,3,6,7,10,14,16,19>1,3,8,11,12,20,2,7
1,2,3,6,7,10,14,16,19>4,8,10,11,14,15,19,20,2,7
1,2,3,6,7,10,14,16,19>4,8,10,11,14,15,16,2,7
1,2,3,6,7,10,14,16,19>1,4,8,11,12,14,2,7
1,2,3,6,7,10,14,16,19>1,3,6,8,11,14,19,2,7
5,6,7,11,13,15,17,18,20,21,22,23>13,16,19,6,7,17,18,20,21,22,23
5,6,7,11,13,15,17,18,20,21,22,23>5,11,13,19,6,7,17,18,20,21,22,23
5,6,7,11,13,15,17,18,20,21,22,23>5,11,14,16,19,6,7,17,18,20,21,22,23
5,6,7,11,13,15,17,18,20,21,22,23>13,14,16,6,7,17,18,20,21,22,23
5,6,7,11,13,15,17,18,20,21,22,23>5,13,14,6,7,17,18,20,21,22,23
5,6,7,11,13,15,17,18,20,21,22,23>13,15,19,6,7,17,18,20,21,22,23
5,6,7,11,13,15,17,18,20,21,22,23>5,14,15,19,6,7,17,18,20,21,22,23
5,6,7,11,13,15,17,18,20,21,22,23>11,14,15,19,6,7,17,18,20,21,22,23
5,6,7,11,13,15,17,18,20,21,22,23>5,11,14,15,6,7,17,18,20,21,22,23
5,6,7,11,13,15,17,18,20,21,22,23>11,13,14,15,6,7,17,18,20,21,22,23
3,7,10,11,14,16,17,20,22,23>3,8,10,11,15,18,21,20,23
3,7,10,11,14,16,17,20,22,23>3,4,7,11,17,18,21,22,20,23
3,7,10,11,14,16,17,20,22,23>3,4,7,15,17,21,22,20,23
3,7,10,11,14,16,17,20,22,23>3,8,15,17,18,20,23
3,7,10,11,14,16,17,20,22,23>4,8,11,15,16,17,18,22,20,23
3,7,10,11,14,16,17,20,22,23>3,4,7,8,11,14,17,18,20,23
3,7,10,11,14,16,17,20,22,23>10,11,16,17,18,22,20,23
3,7,10,11,14,16,17,20,22,23>7,10,14,17,22,20,23
3,7,10,11,14,16,17,20,22,23>4,7,10,15,17,18,21,20,23
3,7,10,11,14,16,17,20,22,23>3,8,10,11,14,16,18,22,20,23
3,4,6,7,13,15,16,18,19,20,21,22>3,6,8,18,4,7,13,16,19,20,21,22
3,4,6,7,13,15,16,18,19,20,21,22>6,14,18,23,4,7,13,16,19,20,21,22
3,4,6,7,13,15,16,18,19,20,21,22>3,6,14,23,4,7,13,16,19,20,21,22
3,4,6,7,13,15,16,18,19,20,21,22>8,14,23,4,7,13,16,19,20,21,22
3,4,6,7,13,15,16,18,19,20,21,22>3,8,14,18,4,7,13,16,19,20,21,22
3,4,6,7,13,15,16,18,19,20,21,22>6,8,14,4,7,13,16,19,20,21,22
3,4,6,7,13,15,16,18,19,20,21,22>15,18,23,4,7,13,16,19,20,21,22
3,4,6,7,13,15,16,18,19,20,21,22>3,15,18,4,7,13,16,19,20,21,22
3,4,6,7,13,15,16,18,19,20,21,22>3,6,15,4,7,13,16,19,20,21,22
3,4,6,7,13,15,16,18,19,20,21,22>8,14,15,4,7,13,16,19,20,21,22
1,5,8,9,13,14,15,17,19,21>16,2,21,15,14
1,5,8,9,13,14,15,17,19,21>2,16,17,20,21,14
1,5,8,9,13,14,15,17,19,21>1,2,5,15,20,21,22,14
1,5,8,9,13,14,15,17,19,21>2,8,15,16,17,14
1,5,8,9,13,14,15,17,19,21>1,2,8,13,21,14
1,5,8,9,13,14,15,17,19,21>1,2,8,15,19,20,14
1,5,8,9,13,14,15,17,19,21>1,5,8,13,19,21,14
1,5,8,9,13,14,15,17,19,21>2,5,9,13,16,17,14
1,5,8,9,13,14,15,17,19,21>1,2,5,9,13,15,17,19,14
1,5,8,9,13,14,15,17,19,21>5,8,9,13,19,20,21,14
3,4,5,6,8,10,11,13,15,18,21,22>14,15,19,21,23,4,6,11,13,22
3,4,5,6,8,10,11,13,15,18,21,22>7,14,16,18,19,23,4,6,11,13,22
3,4,5,6,8,10,11,13,15,18,21,22>5,7,14,18,19,21,4,6,11,13,22
3,4,5,6,8,10,11,13,15,18,21,22>8,14,15,18,21,23,4,6,11,13,22
3,4,5,6,8,10,11,13,15,18,21,22>8,14,16,18,23,4,6,11,13,22
3,4,5,6,8,10,11,13,15,18,21,22>5,7,8,14,15,19,23,4,6,11,13,22
3,4,5,6,8,10,11,13,15,18,21,22>5,10,15,18,21,23,4,6,11,13,22
3,4,5,6,8,10,11,13,15,18,21,22>3,5,10,14,16,19,4,6,11,13,22
3,4,5,6,8,10,11,13,15,18,21,22>3,7,10,15,18,19,21,23,4,6,11,13,22
3,4,5,6,8,10,11,13,15,18,21,22>5,7,10,14,19,23,4,6,11,13,22
5,6,10,11,14,15,16,20,21>5,7,8,6,15,16,20,21
5,6,10,11,14,15,16,20,21>10,13,14,6,15,16,20,21
5,6,10,11,14,15,16,20,21>22,5,10,14,6,15,16,20,21
5,6,10,11,14,15,16,20,21>5,7,10,13,6,15,16,20,21
5,6,10,11,14,15,16,20,21>7,8,10,13,22,6,15,16,20,21
5,6,10,11,14,15,16,20,21>22,11,13,14,6,15,16,20,21
5,6,10,11,14,15,16,20,21>5,11,13,14,6,15,16,20,21
5,6,10,11,14,15,16,20,21>22,5,8,11,6,15,16,20,21
5,6,10,11,14,15,16,20,21>10,11,14,6,15,16,20,21
5,6,10,11,14,15,16,20,21>5,7,10,11,6,15,16,20,21
1,2,8,11,13,14,15,17,18,19,20>1,18,21,2,13,14,17,19,20
1,2,8,11,13,14,15,17,18,19,20>11,15,18,21,2,13,14,17,19,20
1,2,8,11,13,14,15,17,18,19,20>11,15,16,18,2,13,14,17,19,20
1,2,8,11,13,14,15,17,18,19,20>1,8,11,15,18,2,13,14,17,19,20
1,2,8,11,13,14,15,17,18,19,20>16,18,21,2,13,14,17,19,20
1,2,8,11,13,14,15,17,18,19,20>8,16,18,2,13,14,17,19,20
1,2,8,11,13,14,15,17,18,19,20>1,11,16,18,2,13,14,17,19,20
1,2,8,11,13,14,15,17,18,19,20>8,11,16,21,2,13,14,17,19,20
1,2,8,11,13,14,15,17,18,19,20>11,15,16,21,2,13,14,17,19,20
1,2,8,11,13,14,15,17,18,19,20>1,8,11,15,16,2,13,14,17,19,20
2,7,8,13,15,16,19>7,19,20,8,16,13
2,7,8,13,15,16,19>2,7,20,8,16,13
2,7,8,13,15,16,19>2,12,20,8,16,13
2,7,8,13,15,16,19>7,12,14,20,8,16,13
2,7,8,13,15,16,19>2,7,12,14,8,16,13
2,7,8,13,15,16,19>15,19,20,8,16,13
2,7,8,13,15,16,19>2,12,15,19,8,16,13
2,7,8,13,15,16,19>7,12,15,19,8,16,13
2,7,8,13,15,16,19>7,12,15,20,8,16,13
2,7,8,13,15,16,19>14,15,20,8,16,13
1,2,7,8,11,12,16,17,18,19,20,21>18,1,22,8,2,19,21
1,2,7,8,11,12,16,17,18,19,20,21>7,12,18,20,22,8,2,19,21
1,2,7,8,11,12,16,17,18,19,20,21>7,12,16,17,20,8,2,19,21
1,2,7,8,11,12,16,17,18,19,20,21>1,7,11,12,17,18,20,8,2,19,21
1,2,7,8,11,12,16,17,18,19,20,21>13,16,17,18,20,8,2,19,21
1,2,7,8,11,12,16,17,18,19,20,21>1,11,13,16,17,22,8,2,19,21
1,2,7,8,11,12,16,17,18,19,20,21>1,7,11,13,16,20,8,2,19,21
1,2,7,8,11,12,16,17,18,19,20,21>7,12,13,17,18,20,8,2,19,21
1,2,7,8,11,12,16,17,18,19,20,21>1,7,12,13,16,20,8,2,19,21
1,2,7,8,11,12,16,17,18,19,20,21>11,12,13,16,18,20,8,2,19,21
2,3,5,8,10,12,13,16,19,20,23>14,2,23,12,8
2,3,5,8,10,12,13,16,19,20,23>2,5,10,13,14,21,23,8
2,3,5,8,10,12,13,16,19,20,23>2,5,13,14,16,19,20,23,8
2,3,5,8,10,12,13,16,19,20,23>2,3,5,12,16,23,8
2,3,5,8,10,12,13,16,19,20,23>4,10,13,20,23,8
2,3,5,8,10,12,13,16,19,20,23>3,4,10,13,14,21,23,8
2,3,5,8,10,12,13,16,19,20,23>3,4,10,12,14,16,19,8
2,3,5,8,10,12,13,16,19,20,23>5,10,12,13,14,19,20,23,8
2,3,5,8,10,12,13,16,19,20,23>2,5,10,14,19,8
2,3,5,8,10,12,13,16,19,20,23>2,3,4,10,16,21,8
1,2,3,4,6,9,11,17,18,20,22,23>3,6,11,19,21,2,4,17,18,20,23
1,2,3,4,6,9,11,17,18,20,22,23>1,7,10,21,22,2,4,17,18,20,23
1,2,3,4,6,9,11,17,18,20,22,23>6,7,10,11,16,19,21,22,2,4,17,18,20,23
1,2,3,4,6,9,11,17,18,20,22,23>1,3,9,11,16,19,21,2,4,17,18,20,23
1,2,3,4,6,9,11,17,18,20,22,23>3,7,9,11,21,2,4,17,18,20,23
1,2,3,4,6,9,11,17,18,20,22,23>3,6,9,10,16,19,2,4,17,18,20,23
1,2,3,4,6,9,11,17,18,20,22,23>1,6,9,10,11,16,22,2,4,17,18,20,23
1,2,3,4,6,9,11,17,18,20,22,23>1,7,9,10,16,22,2,4,17,18,20,23
1,2,3,4,6,9,11,17,18,20,22,23>3,7,9,16,22,2,4,17,18,20,23
1,2,3,4,6,9,11,17,18,20,22,23>1,3,7,9,2,4,17,18,20,23
2,5,7,8,11,12,13,17,18,20,21>2,7,11,12,14,8,17,21,13
2,5,7,8,11,12,13,17,18,20,21>2,5,14,18,22,8,17,21,13
2,5,7,8,11,12,13,17,18,20,21>18,2,6,12,8,17,21,13
2,5,7,8,11,12,13,17,18,20,21>6,7,11,12,18,19,20,22,8,17,21,13
2,5,7,8,11,12,13,17,18,20,21>2,5,7,14,20,8,17,21,13
2,5,7,8,11,12,13,17,18,20,21>2,11,14,19,20,8,17,21,13
2,5,7,8,11,12,13,17,18,20,21>2,6,11,12,14,22,8,17,21,13
2,5,7,8,11,12,13,17,18,20,21>2,7,11,14,18,20,8,17,21,13
2,5,7,8,11,12,13,17,18,20,21>5,7,11,18,19,8,17,21,13
2,5,7,8,11,12,13,17,18,20,21>6,7,11,14,19,20,22,8,17,21,13
