TCR,NFAT,IFN-\beta,IFN-\betaR,IL-18,IL-18R,IRAK,SOCS1,IL-12,IL-12R,STAT4,T-bet,IFN-\gamma,IFN-\gammaR,JAK1,STAT1,IL-4,IL-4R,STAT6,GATA3,IL-10,IL-10R,STAT3
2,5,7,8,9,10,12,13,14,15,18,19,21,23>2,7,10,11,15,16,18,21,8,19,12,14
2,5,7,8,9,10,12,13,14,15,18,19,21,23>5,7,10,16,21,22,23,8,19,12,14
1,2,3,5,7,13,15,18,21,22,23>6,7,13,16,18,21,2,22,23
1,2,3,5,7,13,15,18,21,22,23>1,3,6,13,14,15,18,19,21,2,22,23
2,3,4,5,6,8,9,11,12,14,15,16,19,20,21>3,6,7,11,13,15,22,8,16,4,21
2,3,4,5,6,8,9,11,12,14,15,16,19,20,21>2,3,6,9,11,13,15,19,8,16,4,21
1,2,3,7,10,11,14,16,18,21,22>8,10,12,13,16,18,19,2,11,22
1,2,3,7,10,11,14,16,18,21,22>1,3,4,13,15,16,21,2,11,22
1,2,6,7,8,10,11,12,16,18,23>1,18,23,2,7,8,11,12
1,2,6,7,8,10,11,12,16,18,23>10,19,23,2,7,8,11,12
1,3,5,6,8,17,19,22,23>1,3,4,7,19,20,22,23
1,3,5,6,8,17,19,22,23>2,3,4,5,6,7,19,22,23
2,3,5,7,9,10,11,18,19,20,22,23>2,3,5,7,9,11,17,18,21,22,19,20,23
2,3,5,7,9,10,11,18,19,20,22,23>4,5,7,10,22,19,20,23
1,2,3,4,5,6,9,10,13,14,15,17,19,21,22>1,9,16,19,20,21,23,2,4,13,14,15,22
1,2,3,4,5,6,9,10,13,14,15,17,19,21,22>3,6,10,16,18,19,20,2,4,13,14,15,22
2,3,4,5,9,10,11,12,14,15,16,17,18,19,20,21>12,2,14,9,4,15,16,18,19,21
2,3,4,5,9,10,11,12,14,15,16,17,18,19,20,21>3,5,10,11,12,13,20,4,15,16,18,19,21
1,4,5,8,9,11,14,17,19,20,22,23>1,5,9,19,21,17,20,23
1,4,5,8,9,11,14,17,19,20,22,23>2,5,8,19,21,22,17,20,23
3,5,6,10,11,13,18,23>18,3,14,11,6
3,5,6,10,11,13,18,23>4,23,11,6
1,3,4,6,7,9,10,11,12,14,20,23>6,9,16,17,23,10,4,7
1,3,4,6,7,9,10,11,12,14,20,23>1,9,16,20,21,10,4,7
1,3,6,11,14,15,16,18,20,21,22>1,4,7,11,13,18,19,23,15,16,20,21,22
1,3,6,11,14,15,16,18,20,21,22>1,14,3,15,16,20,21,22
1,4,5,7,8,10,11,12,15,16,17,20,21,22>2,11,12,13,17,20,23,8,16,21,22
1,4,5,7,8,10,11,12,15,16,17,20,21,22>4,5,20,8,16,21,22
3,4,5,10,11,12,14,16,17,18,19,21,22,23>21,10,17,4,11,12,16,18,19,22,23
3,4,5,10,11,12,14,16,17,18,19,21,22,23>21,8,14,15,4,11,12,16,18,19,22,23
1,2,4,5,10,11,13,15,17,19,21,22>14,16,17,20,21,23,2,11,13,22
1,2,4,5,10,11,13,15,17,19,21,22>1,4,14,17,18,19,20,23,2,11,13,22
2,3,4,5,6,7,8,9,10,17,18,22>3,8,13,16,18,22,23,10,4,6,7
2,3,4,5,6,7,8,9,10,17,18,22>3,5,8,9,11,18,22,23,10,4,6,7
2,3,4,5,6,15,16,18,19,21,22,23>15,3,6,12,4,16,19,22,23
2,3,4,5,6,15,16,18,19,21,22,23>2,5,6,15,21,4,16,19,22,23
1,8,14,17,20,22,23>14,21,17,20,23
1,8,14,17,20,22,23>8,22,17,20,23
1,2,6,8,11,15,16,18,21>11,12,15,19,21,8,16,2
1,2,6,8,11,15,16,18,21>1,7,11,15,18,19,22,8,16,2
1,2,6,7,10,12,14,16,17,19,21>1,6,19,2,12,7
1,2,6,7,10,12,14,16,17,19,21>1,6,8,16,22,2,12,7
1,6,12,13,15,16,17,18,23>2,6,7,14,19,23,16,18,12
1,6,12,13,15,16,17,18,23>1,2,6,7,14,15,16,18,12
1,5,6,8,9,10,11,12,13,14,21>2,5,9,22,6,8,10,11,12,13,14
1,5,6,8,9,10,11,12,13,14,21>1,2,5,7,6,8,10,11,12,13,14
4,6,7,8,9,11,12,14,16,20,22,23>4,10,12,14,21,8,16,23,7
4,6,7,8,9,11,12,14,16,20,22,23>4,11,12,14,20,22,8,16,23,7
1,2,5,6,10,11,12,14,15,16,20,21,23>7,10,11,14,20,23,2,6,15,16,21
1,2,5,6,10,11,12,14,15,16,20,21,23>1,7,8,10,11,20,2,6,15,16,21
2,4,5,7,8,10,12,17,18,20,22>2,5,10,13,16,18,20,8,17
2,4,5,7,8,10,12,17,18,20,22>2,4,5,6,7,12,13,16,19,21,22,23,8,17
1,2,5,7,11,12,16,18,20,21,22,23>7,8,11,12,16,19,2,21,22,23
1,2,5,7,11,12,16,18,20,21,22,23>5,7,11,12,18,19,2,21,22,23
3,8,14,15,17,18,19,20,21,23>3,4,15,16,18,22,17,19,20,21
3,8,14,15,17,18,19,20,21,23>4,8,14,16,18,23,17,19,20,21
1,3,4,7,9,15,16,20>1,2,9,13,21,16,4,20
1,3,4,7,9,15,16,20>2,3,7,8,9,15,21,16,4,20
4,5,6,7,8,9,17,20>4,9,13,17,20,6,7
4,5,6,7,8,9,17,20>21,5,8,9,17,20,6,7
1,2,3,5,7,8,11,13,14,15,16,18,19,20,21,22,23>1,3,5,11,13,18,2,8,14,16,19,20,21,22,23
1,2,3,5,7,8,11,13,14,15,16,18,19,20,21,22,23>18,4,5,11,2,8,14,16,19,20,21,22,23
1,2,4,7,8,9,10,13,17,18,19,20,21>4,8,9,14,16,18,2,13,17,19,20,21
1,2,4,7,8,9,10,13,17,18,19,20,21>4,9,10,18,22,2,13,17,19,20,21
3,4,8,9,11,15,16,19,21,22,23>21,11,4,8,16,22,23
3,4,8,9,11,15,16,19,21,22,23>3,11,15,19,4,8,16,22,23
1,2,3,6,8,9,12,13,15,17,20,23>4,7,10,12,13,15,16,21,8,17,2
1,2,3,6,8,9,12,13,15,17,20,23>1,4,7,9,13,16,8,17,2
1,3,4,5,6,7,9,10,15,17,20,21,22>1,2,23,15,4,6,7,10,17,20,21,22
1,3,4,5,6,7,9,10,15,17,20,21,22>1,3,5,9,18,4,6,7,10,17,20,21,22
1,4,5,7,10,11,13,14,18,20,21,23>1,2,11,13,16,17,20,21,14
1,4,5,7,10,11,13,14,18,20,21,23>4,6,10,13,15,18,22,23,20,21,14
1,5,6,8,10,11,12,13,14,16,18,19,20,21,23>7,11,12,13,16,23,8,19,21,14
1,5,6,8,10,11,12,13,14,16,18,19,20,21,23>1,7,10,11,18,8,19,21,14
4,6,7,10,12,14,15,16,17,23>23,6,16,12,15,7
4,6,7,10,12,14,15,16,17,23>4,8,23,16,12,15,7
1,3,4,5,6,7,8,12,13,16,19,21,22>3,6,19,21,23,4,7,8,12,13,16,22
1,3,4,5,6,7,8,12,13,16,19,21,22>2,3,14,19,4,7,8,12,13,16,22
1,4,6,9,11,12,15,17,18,19,22,23>4,7,8,11,16,17,18,19,12,23
1,4,6,9,11,12,15,17,18,19,22,23>1,4,6,9,11,22,18,19,12,23
