TCR,NFAT,IFN-\beta,IFN-\betaR,IL-18,IL-18R,IRAK,SOCS1,IL-12,IL-12R,STAT4,T-bet,IFN-\gamma,IFN-\gammaR,JAK1,STAT1,IL-4,IL-4R,STAT6,GATA3,IL-10,IL-10R,STAT3
1,5,6,10,11,14,16,17,20,23>2,10,11,15,17,18,21,23,20,6
1,5,6,10,11,14,16,17,20,23>1,2,5,8,14,15,17,18,23,20,6
1,2,4,7,8,9,11,15,18,23>4,11,15,18,19,23,2
1,2,4,7,8,9,11,15,18,23>1,7,9,15,16,23,2
1,5,6,12,13,16,17,18,20,23>1,7,8,12,13,14,17,19,20,21,23,18,6
1,5,6,12,13,16,17,18,20,23>5,7,12,17,19,20,21,23,18,6
1,2,3,5,7,8,9,11,16,17,20,21,23>3,4,6,10,17,22,23,8,2,20,21
1,2,3,5,7,8,9,11,16,17,20,21,23>1,3,4,10,11,8,2,20,21
2,3,4,5,6,7,8,9,12,13,15,17,21,22>3,5,9,14,15,16,21,23,4,6,7,8,12,13,22
2,3,4,5,6,7,8,9,12,13,15,17,21,22>2,3,5,10,16,17,23,4,6,7,8,12,13,22
1,2,4,6,7,9,10,11,13,14,17,18,19,23>16,17,10,15,2,7,11,14,18,19
1,2,4,6,7,9,10,11,13,14,17,18,19,23>1,6,10,15,17,20,23,2,7,11,14,18,19
4,5,7,13,14,16,19,20,21>5,15,22,13,14,16,20,21
4,5,7,13,14,16,19,20,21>5,8,15,19,13,14,16,20,21
1,4,8,11,13,14,17,18,19,20,22>2,8,16,18,21,22,23,13,14,17,19,20
1,4,8,11,13,14,17,18,19,20,22>4,16,18,22,23,13,14,17,19,20
1,5,6,9,10,12,13,14,16,19,20,21,23>2,7,8,9,10,13,20,22,21,14
1,5,6,9,10,12,13,14,16,19,20,21,23>1,5,6,7,8,10,15,22,23,21,14
1,3,4,5,6,10,12,14,15,17>1,2,3,11,14,17,18,4,12,6,15
1,3,4,5,6,10,12,14,15,17>1,2,3,5,11,13,14,16,4,12,6,15
2,3,4,5,8,12,14,16,17,20,21,22,23>5,6,4,8,16,21,22,23
2,3,4,5,8,12,14,16,17,20,21,22,23>3,5,14,17,20,4,8,16,21,22,23
3,4,5,6,7,10,11,17,23>3,5,17,18,23,11,4,6,7
3,4,5,6,7,10,11,17,23>3,5,10,17,18,11,4,6,7
1,4,5,6,7,8,9,10,12,17,18,19,20,21,23>1,5,6,9,20,23,7,8,17,19,21
1,4,5,6,7,8,9,10,12,17,18,19,20,21,23>1,4,6,10,16,20,23,7,8,17,19,21
4,5,8,12,14,20,21,22,23>4,5,12,14,16,17,20,8,21,22,23
4,5,8,12,14,20,21,22,23>20,4,6,14,8,21,22,23
2,6,7,8,12,13,14,15,18,21>2,6,16,19,7,8,12,13,14
2,6,7,8,12,13,14,15,18,21>15,16,21,7,8,12,13,14
2,3,4,5,8,11,12,13,17,18,19,20,22>2,16,18,20,21,4,8,13,17,19
2,3,4,5,8,11,12,13,17,18,19,20,22>2,3,5,12,16,21,23,4,8,13,17,19
1,2,6,8,9,11,12,15,17,18,19,21,22,23>7,9,11,17,18,2,8,12,19,22,23
1,2,6,8,9,11,12,15,17,18,19,21,22,23>6,7,11,15,16,17,18,2,8,12,19,22,23
1,2,3,6,7,10,17,20,21,22>1,6,13,18,2,7,17,20,21,22
1,2,3,6,7,10,17,20,21,22>3,4,6,10,23,2,7,17,20,21,22
1,2,3,5,7,9,10,11,12,15,16,17,19,21,22,23>4,5,7,10,18,21,2,11,12,16,22,23
1,2,3,5,7,9,10,11,12,15,16,17,19,21,22,23>1,4,5,7,15,18,21,2,11,12,16,22,23
2,4,6,7,8,9,10,11,12,15,17,18>2,9,15,16,18,19,7,8,10,11,12
2,4,6,7,8,9,10,11,12,15,17,18>4,13,15,16,18,19,7,8,10,11,12
2,3,7,8,9,10,11,12,13,14,15,17,19,20>9,11,12,15,21,8,17,13,14
2,3,7,8,9,10,11,12,13,14,15,17,19,20>2,11,12,16,20,21,8,17,13,14
3,4,5,8,10,12,15,16,18,20,21,22>3,5,10,15,4,8,16,21,22
3,4,5,8,10,12,15,16,18,20,21,22>6,13,15,20,23,4,8,16,21,22
1,2,4,7,9,10,11,12,13,15,16,17,19,20,23>4,8,10,15,20,16,2
1,2,4,7,9,10,11,12,13,15,16,17,19,20,23>4,7,8,9,10,12,18,20,23,16,2
1,3,4,6,7,9,12,14,16,22,23>1,2,6,8,10,14,15,4,7,12,16,23
1,3,4,6,7,9,12,14,16,22,23>1,3,8,9,14,22,4,7,12,16,23
3,4,5,7,8,11,12,13,15,16,17,18,19,20,21,22>3,11,15,18,23,4,8,13,16,19,21,22
3,4,5,7,8,11,12,13,15,16,17,18,19,20,21,22>17,5,12,15,4,8,13,16,19,21,22
1,2,3,4,5,6,7,8,10,13,14,17,19,20,23>1,8,10,13,19,21,2,4,7,14,17,20
1,2,3,4,5,6,7,8,10,13,14,17,19,20,23>23,5,2,4,7,14,17,20
3,16,17,18,19,20,22,23>21,18,19,20,23
3,16,17,18,19,20,22,23>3,4,16,17,22,18,19,20,23
1,2,5,6,9,14,15,16,19>1,6,9,12,16,2,15
1,2,5,6,9,14,15,16,19>1,5,6,7,8,12,13,16,2,15
1,2,3,5,6,7,10,11,13,14,19,20>1,4,5,10,11,21,2,7,13,14,20
1,2,3,5,6,7,10,11,13,14,19,20>3,4,5,6,10,2,7,13,14,20
3,5,7,8,12,14,15,19>13,14,15,8,12
3,5,7,8,12,14,15,19>19,5,7,14,8,12
4,5,6,8,10,12,17,18,19,20>4,5,16,18,20,8,17,19
4,5,6,8,10,12,17,18,19,20>6,12,13,16,18,21,8,17,19
1,2,5,7,8,9,12,13,14,16,17,18,19,20,21,23>7,12,13,16,17,23,2,8,14,19,21
1,2,5,7,8,9,12,13,14,16,17,18,19,20,21,23>5,7,9,12,16,17,18,22,23,2,8,14,19,21
4,9,10,11,12,14,15,19,21,22>8,14,16,19,21,23,11,12,22,15
4,9,10,11,12,14,15,19,21,22>8,10,14,16,19,21,11,12,22,15
1,2,3,6,7,10,12,14,15,16,17,19,20,21,22>8,12,13,17,18,19,2,7,15,16,21,22
1,2,3,6,7,10,12,14,15,16,17,19,20,21,22>1,3,12,13,19,2,7,15,16,21,22
3,6,7,10,12,13,16,20>3,4,8,10,14,20,13,7
3,6,7,10,12,13,16,20>3,4,6,8,10,13,7
1,2,3,5,9,11,12,13,14,15,16,17,19,20,21>3,4,5,9,17,2,13,14,15,16,21
1,2,3,5,9,11,12,13,14,15,16,17,19,20,21>1,3,4,5,12,17,20,22,2,13,14,15,16,21
2,3,5,6,8,9,10,13,15,16,19,20,21>4,6,7,14,15,22,8,13,16,20,21
2,3,5,6,8,9,10,13,15,16,19,20,21>3,4,5,6,9,10,15,8,13,16,20,21
2,8,9,10,12,13,14,17,19,20,21,22>2,10,19,23,8,13,14,17,21,22
2,8,9,10,12,13,14,17,19,20,21,22>9,10,12,20,8,13,14,17,21,22
6,7,8,12,13,15,16,19,20,22>23,14,20,21,8,16,13,7
6,7,8,12,13,15,16,19,20,22>6,12,14,15,19,21,23,8,16,13,7
3,12,13,14,20>3,4,12,17,21,13,14
3,12,13,14,20>3,4,8,12,20,21,13,14
