TCR,NFAT,IFN-\beta,IFN-\betaR,IL-18,IL-18R,IRAK,SOCS1,IL-12,IL-12R,STAT4,T-bet,IFN-\gamma,IFN-\gammaR,JAK1,STAT1,IL-4,IL-4R,STAT6,GATA3,IL-10,IL-10R,STAT3
1,2,4,7,9,12,14,15,16,17,22,23>18,8,9,10,2,12,15,16,23
1,2,4,7,9,12,14,15,16,17,22,23>1,8,9,14,17,22,2,12,15,16,23
2,3,4,6,8,10,11,12,15,18,20,21>10,12,13,17,18,20,8,4,21
2,3,4,6,8,10,11,12,15,18,20,21>2,6,7,11,12,15,16,20,22,8,4,21
1,3,5,9,12,15,16,17,18,21>2,6,8,10,13,15,21,16,18,12
1,3,5,9,12,15,16,17,18,21>1,3,6,8,9,10,15,19,22,16,18,12
1,2,4,5,6,9,15,16,19,20,23>1,6,9,19,21,23,16,2,20
1,2,4,5,6,9,15,16,19,20,23>4,5,8,19,21,23,16,2,20
1,3,4,5,7,8,10,11,14,16,18>1,2,6,10,13,18,19,8,16,11,4
1,3,4,5,7,8,10,11,14,16,18>1,2,5,10,13,14,18,19,8,16,11,4
1,3,6,7,8,11,12,13,14,17,18,20,21>4,11,18,20,22,7,8,13,14,17,21
1,3,6,7,8,11,12,13,14,17,18,20,21>2,3,11,18,19,20,7,8,13,14,17,21
2,4,7,10,11,12,14,15,17,18>17,8,10,13,18,11,12,15
2,4,7,10,11,12,14,15,17,18>7,10,13,16,19,18,11,12,15
2,4,5,9,12,16,18,19,20,22,23>20,21,8,18,16,19,23
2,4,5,9,12,16,18,19,20,22,23>2,4,8,9,12,16,19,23
2,3,8,9,11,13,14,17,20,21,22>2,8,9,10,11,13,14,17,20,21,22
2,3,8,9,11,13,14,17,20,21,22>2,3,10,11,13,14,17,20,21,22
1,2,4,5,10,12,16,18,19,20,22,23>1,4,10,18,20,21,16,2,19,23
1,2,4,5,10,12,16,18,19,20,22,23>4,5,20,21,22,16,2,19,23
3,8,9,10,12,13,14,15,19,20,21,23>3,4,10,12,16,17,19,20,23,8,21,14
3,8,9,10,12,13,14,15,19,20,21,23>9,12,15,16,17,19,22,8,21,14
1,5,7,9,12,14,15,16,19,20,21,22,23>7,8,12,15,16,21,22,23
1,5,7,9,12,14,15,16,19,20,21,22,23>1,2,5,9,14,15,16,21,22,23
1,2,3,4,5,7,8,10,12,15,16,18,19,22>5,7,10,11,15,2,4,8,12,16,19
1,2,3,4,5,7,8,10,12,15,16,18,19,22>1,3,5,7,10,13,15,18,2,4,8,12,16,19
6,13,17,19,20,21>13,14,18,19,17,20,21
6,13,17,19,20,21>6,13,18,19,22,17,20,21
1,2,3,6,7,8,9,11,12,13,15,17,19,21,22,23>1,3,9,13,14,17,19,2,7,8,12,22,23
1,2,3,6,7,8,9,11,12,13,15,17,19,21,22,23>1,4,6,13,17,2,7,8,12,22,23
1,2,5,6,7,8,10,13,15,16,18,19,20,21>10,14,15,2,7,8,13,16,19,20,21
1,2,5,6,7,8,10,13,15,16,18,19,20,21>22,1,10,2,7,8,13,16,19,20,21
2,4,6,8,10,13,15,18,22,23>2,4,7,8,15,18,19,22,23
2,4,6,8,10,13,15,18,22,23>2,4,6,7,10,11,14,16,23
7,9,12,15,16,20,22,23>8,10,12,20,16,23
7,9,12,15,16,20,22,23>7,8,10,16,23
2,3,8,9,10,12,13,15,16,17,18,19,20,22>2,18,9,14,8,16,19,13
2,3,8,9,10,12,13,15,16,17,18,19,20,22>4,9,10,12,14,15,20,21,22,23,8,16,19,13
2,4,8,10,13,14,15,18,20,21,23>4,16,17,19,22,23,20,21,14
2,4,8,10,13,14,15,18,20,21,23>4,8,13,17,22,20,21,14
1,3,7,8,9,10,11,12,13,16,17,18,19,20>1,2,4,7,10,11,14,16,17,18,8,19,13
1,3,7,8,9,10,11,12,13,16,17,18,19,20>3,4,7,14,18,21,8,19,13
1,6,8,12,13,15,16,17,18,19,23>1,15,17,18,23,8,16,19,12
1,6,8,12,13,15,16,17,18,19,23>1,7,14,17,18,23,8,16,19,12
1,2,8,9,13,17,18,19,20,21,22,23>1,8,13,14,18,2,17,19,20,21,22,23
1,2,8,9,13,17,18,19,20,21,22,23>9,14,2,17,19,20,21,22,23
2,9,14,15,18,20,21>18,19,13,14,20,21,15
2,9,14,15,18,20,21>2,9,13,18,22,20,21,15
1,3,4,14,15,16,18,22>1,2,8,14,18,16,4,15
1,3,4,14,15,16,18,22>1,2,18,19,23,16,4,15
1,2,3,4,12,14,18,19,20,21>16,1,22,15,2,19,4,21
1,2,3,4,12,14,18,19,20,21>8,22,15,2,19,4,21
5,8,10,12,13,14,15,17,18,19,20,22,23>5,12,15,16,18,21,8,14,17,19,23
5,8,10,12,13,14,15,17,18,19,20,22,23>10,12,16,18,22,8,14,17,19,23
2,3,5,6,9,10,13,14,15,17,19,20,21,22>5,7,10,18,19,13,14,15,17,20,21,22
2,3,5,6,9,10,13,14,15,17,19,20,21,22>4,6,7,19,23,13,14,15,17,20,21,22
5,6,7,10,18,21,23>23,18,6,7
5,6,7,10,18,21,23>23,5,10,22,6,7
1,2,3,4,6,7,8,10,11,12,13,14,15,16,21>1,3,10,15,22,2,4,7,8,11,12,13,14,16
1,2,3,4,6,7,8,10,11,12,13,14,15,16,21>6,10,15,21,2,4,7,8,11,12,13,14,16
4,6,8,9,11,17,19,21>4,6,9,17,19,21
4,6,8,9,11,17,19,21>4,7,11,19,20
1,6,9,13,16,17,18,19,20,23>7,23,9,13,18,19,20
1,6,9,13,16,17,18,19,20,23>1,7,13,14,16,23,18,19,20
3,4,9,10,11,13,14,16,17,19,20>8,10,15,18,19,4,13,14,16,20
3,4,9,10,11,13,14,16,17,19,20>3,9,10,11,18,21,4,13,14,16,20
1,2,4,5,6,8,12,15,16,18,21,22>23,7,13,18,2,6,8,12,16,22
1,2,4,5,6,8,12,15,16,18,21,22>1,4,5,15,19,2,6,8,12,16,22
3,5,10,13,14,15,17,20,21,23>22,6,13,14,15,17,20,21
3,5,10,13,14,15,17,20,21,23>5,6,10,18,23,14,15,17,20,21
2,3,4,6,8,10,16,19,20,22>22,13,19,8,16,4,20
2,3,4,6,8,10,16,19,20,22>21,22,3,23,8,16,4,20
2,3,6,7,9,10,11,15,16,18,19>6,8,9,10,12,20,16,19,11,7
2,3,6,7,9,10,11,15,16,18,19>3,10,12,15,18,20,16,19,11,7
2,3,5,6,8,11,13,16,17,20>4,5,7,14,17,21,8,20,13,6
2,3,5,6,8,11,13,16,17,20>2,4,5,11,8,20,13,6
2,3,6,9,10,11,14,16,17,18,23>2,6,7,17,19,23,18,10,11
2,3,6,9,10,11,14,16,17,18,23>2,4,6,7,8,9,12,16,23,18,10,11
2,5,7,8,9,10,11,14,17,18,21,23>2,7,8,9,17,18,23,10,11
2,5,7,8,9,10,11,14,17,18,21,23>2,6,7,9,17,18,21,22,10,11
