TCR,NFAT,IFN-\beta,IFN-\betaR,IL-18,IL-18R,IRAK,SOCS1,IL-12,IL-12R,STAT4,T-bet,IFN-\gamma,IFN-\gammaR,JAK1,STAT1,IL-4,IL-4R,STAT6,GATA3,IL-10,IL-10R,STAT3
1,6,7,10,12,14,18,21,22>8,13,14,19,21,23,12,22,7
1,6,7,10,12,14,18,21,22>1,6,14,18,19,21,23,12,22,7
2,4,9,10,14,15,16,18,19,20,21>2,9,10,15,16,19,20,21
2,4,9,10,14,15,16,18,19,20,21>8,9,10,15,16,19,20,21
3,5,8,10,11,17,19,21,22,23>20,3,19,11,22,23
3,5,8,10,11,17,19,21,22,23>3,5,10,17,19,11,22,23
2,3,5,7,8,9,10,12,13,16,17,18,19,20,22>2,3,5,7,12,14,16,18,20,8,19,13
2,3,5,7,8,9,10,12,13,16,17,18,19,20,22>3,4,7,10,16,18,21,22,23,8,19,13
7,8,9,13,14,15,16,17,18,19,22,23>9,13,15,20,22,8,14,16,19,23
7,8,9,13,14,15,16,17,18,19,22,23>12,13,15,17,20,8,14,16,19,23
1,4,5,7,8,14,16,17,18,19,23>2,4,7,12,14,17,23,8,16,19
1,4,5,7,8,14,16,17,18,19,23>2,4,12,17,18,23,8,16,19
3,4,5,6,7,12,16,17,19,20,22>3,8,13,17,20,21,22,16,4,7
3,4,5,6,7,12,16,17,19,20,22>6,8,13,18,19,20,21,22,23,16,4,7
2,5,9,10,11,12,13,17,18,19,22>2,9,14,17,23,11,12,13,18,19
2,5,9,10,11,12,13,17,18,19,22>5,10,14,17,23,11,12,13,18,19
2,9,10,13,14,15,16,18,19,22,23>2,8,10,12,13,22,14,15,16,19,23
2,9,10,13,14,15,16,18,19,22,23>2,8,10,11,13,18,22,14,15,16,19,23
1,4,7,9,14,15,17,20,22>4,9,13,14,16,17,20,15
1,4,7,9,14,15,17,20,22>16,4,22,13,17,20,15
1,2,3,7,8,9,12,13,14,18,20,22>1,7,9,10,18,19,21,22,23,8,2,13,14
1,2,3,7,8,9,12,13,14,18,20,22>1,4,7,9,12,18,20,21,8,2,13,14
1,2,3,4,5,6,7,8,9,10,11,12,13,14,16,18,19>1,6,18,2,4,7,8,11,12,13,14,16,19
1,2,3,4,5,6,7,8,9,10,11,12,13,14,16,18,19>3,5,6,9,10,18,2,4,7,8,11,12,13,14,16,19
2,5,11,15,16,18>19,8,11,13,16
2,5,11,15,16,18>15,5,11,16
2,3,4,6,9,13,14,15,17,18,19,20,21,23>22,3,7,4,14,15,17,18,19,20,21
2,3,4,6,9,13,14,15,17,18,19,20,21,23>22,6,16,4,14,15,17,18,19,20,21
1,2,3,5,8,9,12,15,17,18,19>16,3,4,5,8,2,19,12
1,2,3,5,8,9,12,15,17,18,19>3,4,9,8,2,19,12
1,5,6,7,10,11,12,13,14,16,17,18,22,23>1,2,8,16,17,6,7,11,12,14,18,23
1,5,6,7,10,11,12,13,14,16,17,18,22,23>1,5,8,16,17,19,6,7,11,12,14,18,23
1,3,4,5,6,8,12,13,14,15,17,18>1,5,7,15,16,17,4,6,8,12,13,14
1,3,4,5,6,8,12,13,14,15,17,18>2,15,16,4,6,8,12,13,14
1,2,3,6,7,9,10,12,14,15,17,18,20,21>6,8,12,13,20,22,2,7,10,15,17,18,21
1,2,3,6,7,9,10,12,14,15,17,18,20,21>1,4,6,8,12,13,14,16,22,2,7,10,15,17,18,21
2,3,4,7,8,9,10,11,13,17,18,20,22,23>3,8,9,13,14,18,19,22,4,10,17,20,23
2,3,4,7,8,9,10,11,13,17,18,20,22,23>2,7,8,11,13,14,18,19,21,22,4,10,17,20,23
1,2,7,9,11,12,15,16,17,19,20,22,23>1,9,11,15,18,22,16,2,23
1,2,7,9,11,12,15,16,17,19,20,22,23>7,8,9,11,17,18,19,20,16,2,23
1,3,5,6,7,8,11,12,13,14,15,16,17,19,20,21>17,3,11,7,8,13,14,16,21
1,3,5,6,7,8,11,12,13,14,15,16,17,19,20,21>3,4,6,15,17,20,22,7,8,13,14,16,21
1,2,5,7,8,11,14,18>14,1,19,18,2
1,2,5,7,8,11,14,18>5,7,8,11,13,14,18,2
2,4,5,6,10,11,12,14,16,20,21,22,23>2,5,8,11,15,20,6,16,21,22,23
2,4,5,6,10,11,12,14,16,20,21,22,23>15,4,5,7,6,16,21,22,23
1,3,4,7,8,10,11,12,15,18,19,20>3,10,11,12,13,8,19,4
1,3,4,7,8,10,11,12,15,18,19,20>2,3,10,15,16,17,21,8,19,4
1,6,8,11,13,17,18>1,7,11,14,18,19,13
1,6,8,11,13,17,18>2,6,7,18,19,13
2,3,5,6,7,8,9,10,12,13,15,16,17,18,21,22,23>3,5,9,11,15,19,6,7,8,10,12,16,22,23
2,3,5,6,7,8,9,10,12,13,15,16,17,18,21,22,23>14,17,3,4,6,7,8,10,12,16,22,23
2,3,4,8,10,12,13,15,21,23>11,13,14,15,22,23,8,4,12
2,3,4,8,10,12,13,15,21,23>3,10,14,16,22,8,4,12
2,4,6,8,9,12,13,14,16,17,18,19,23>7,9,13,18,23,8,12,14,16,19
2,4,6,8,9,12,13,14,16,17,18,19,23>2,7,9,23,8,12,14,16,19
2,4,5,6,7,10,13,19,21,22>2,4,6,11,14,21,23,13,22,7
2,4,5,6,7,10,13,19,21,22>2,4,5,6,14,16,19,20,21,23,13,22,7
4,6,8,10,11,12,13,15,16,17,18,20,22,23>17,10,21,13,8,16,23
4,6,8,10,11,12,13,15,16,17,18,20,22,23>6,10,11,15,17,18,21,8,16,23
1,4,7,8,12,13,14,22>1,7,16,22,23,8,12,13,14
1,4,7,8,12,13,14,22>1,2,4,7,22,23,8,12,13,14
1,2,5,7,9,10,13,14,16,17,22>8,11,15,16,17,22,2,10,13,14
1,2,5,7,9,10,13,14,16,17,22>1,6,8,11,12,22,2,10,13,14
1,2,3,4,5,6,7,8,9,11,19,22,23>1,9,11,16,19,20,22,2,4,23,7
1,2,3,4,5,6,7,8,9,11,19,22,23>19,3,11,2,4,23,7
2,5,6,8,10,11,14,17,21,22>5,7,8,10,13,14,17,21,23,11,6,22
2,5,6,8,10,11,14,17,21,22>2,5,7,8,14,17,11,6,22
2,3,4,5,6,7,13,16,17,18,21,23>17,3,21,12,4,6,7,16,18
2,3,4,5,6,7,13,16,17,18,21,23>3,5,8,17,21,23,4,6,7,16,18
1,2,3,4,6,7,16,17,20>18,2,4,7,16,20
1,2,3,4,6,7,16,17,20>1,3,13,17,21,2,4,7,16,20
1,3,4,8,9,11,14,17,18,21,23>2,3,8,9,16,17,22,4
1,3,4,8,9,11,14,17,18,21,23>2,3,8,19,22,4
1,3,4,5,8,9,11,15,17,18>2,3,6,11,13,15,16,19,4
1,3,4,5,8,9,11,15,17,18>1,2,3,6,8,9,11,17,19,4
7,8,10,13,15,19,20>7,8,10,15,16,19,20,13
7,8,10,13,15,19,20>7,8,10,14,16,17,20,13
1,2,3,7,9,11,12,14,16,19,21,23>16,21,22,9,2,12
1,2,3,7,9,11,12,14,16,19,21,23>1,8,11,14,15,16,19,21,22,23,2,12
