TCR,NFAT,IFN-\beta,IFN-\betaR,IL-18,IL-18R,IRAK,SOCS1,IL-12,IL-12R,STAT4,T-bet,IFN-\gamma,IFN-\gammaR,JAK1,STAT1,IL-4,IL-4R,STAT6,GATA3,IL-10,IL-10R,STAT3
2,3,4,5,10,11,13,15,16,22>2,3,6,8,14,23,16,11,4,13
2,3,4,5,10,11,13,15,16,22>2,3,5,10,12,15,23,16,11,4,13
5,6,11,13,14,16,19,20,21,22>11,15,16,13,14,20,21,22
5,6,11,13,14,16,19,20,21,22>19,23,6,11,13,14,20,21,22
3,4,5,6,7,8,9,10,11,12,13,17,19,21,22>3,6,14,16,17,19,4,7,8,11,12,13,22
3,4,5,6,7,8,9,10,11,12,13,17,19,21,22>3,5,6,14,16,19,21,4,7,8,11,12,13,22
2,6,7,8,9,11,12,13,14,16,17,18,20,22>6,16,17,19,20,22,23,8,13,14,7
2,6,7,8,9,11,12,13,14,16,17,18,20,22>9,12,16,19,20,21,8,13,14,7
7,9,10,12,13,14,15,16,17,18,19,20,23>7,12,13,17,20,21,14,15,16,18,19
7,9,10,12,13,14,15,16,17,18,19,20,23>7,9,10,12,20,23,14,15,16,18,19
3,5,7,8,10,11,12,14,16,19,21,22>19,23,10,14,8,11,12,22
3,5,7,8,10,11,12,14,16,19,21,22>3,4,5,7,10,13,16,21,23,8,11,12,22
1,2,4,6,7,9,13,15,17,22>1,4,9,14,15,16,17,18,22,23,2,13,7
1,2,4,6,7,9,13,15,17,22>6,10,14,16,17,23,2,13,7
1,3,6,8,9,11,13,15,18,21,22,23>1,2,4,6,8,10,11,14,18,19,21,22,23
1,3,6,8,9,11,13,15,18,21,22,23>1,3,6,7,8,10,11,13,14,15,18,21,22,23
3,4,7,10,11,15,16,18,23>19,3,7,16,11,4
3,4,7,10,11,15,16,18,23>7,8,10,15,18,23,16,11,4
3,6,7,9,10,11,12,13,14,16,18,21,23>3,8,16,18,21,22,23,7,10,11,12,14
3,6,7,9,10,11,12,13,14,16,18,21,23>3,4,9,13,18,22,23,7,10,11,12,14
3,4,5,7,9,10,12,13,15,18,19,21,23>7,8,9,11,13,14,16,21,22,19,4,12
3,4,5,7,9,10,12,13,15,18,19,21,23>5,7,9,10,15,16,21,22,23,19,4,12
1,2,3,4,6,9,13,15,17,18,19,21,22,23>1,6,14,15,17,20,2,4,18,19,22,23
1,2,3,4,6,9,13,15,17,18,19,21,22,23>3,6,7,9,14,20,2,4,18,19,22,23
1,4,5,6,7,9,10,13,14,16,22>1,5,9,11,15,22,23,6,7,10,13,14,16
1,4,5,6,7,9,10,13,14,16,22>12,1,2,11,6,7,10,13,14,16
2,3,5,8,10,12,13,14,15,17,18,23>5,6,10,15,17,18,19,8,12,14
2,3,5,8,10,12,13,14,15,17,18,23>3,4,5,10,11,15,8,12,14
1,3,7,8,10,12,14,15,19,21>2,11,14,15,16,21,8,12
1,3,7,8,10,12,14,15,19,21>1,3,4,7,10,11,13,21,8,12
2,3,4,8,9,11,12,15,16,17,18,19,21,22,23>2,15,17,18,4,8,12,16,19,22,23
2,3,4,8,9,11,12,15,16,17,18,19,21,22,23>21,2,15,4,8,12,16,19,22,23
1,4,5,8,9,10,11,13,15,17,23>5,9,13,16,17,23,10,11
1,4,5,8,9,10,11,13,15,17,23>1,6,8,9,13,14,16,17,10,11
1,2,3,4,5,7,9,12,13,14,15,17,18,23>5,9,10,13,16,17,2,4,12,14,15,18
1,2,3,4,5,7,9,12,13,14,15,17,18,23>1,3,5,8,23,2,4,12,14,15,18
1,2,3,4,7,8,10,13,18,19,22>1,3,10,11,14,16,18,2,19,4,13
1,2,3,4,7,8,10,13,18,19,22>1,7,8,18,20,22,2,19,4,13
1,3,4,5,6,7,8,12,15,16,17,19,20,21,22>6,12,13,15,19,20,4,7,8,16,21,22
1,3,4,5,6,7,8,12,15,16,17,19,20,21,22>15,1,3,5,4,7,8,16,21,22
1,2,7,9,11,12,16,22>7,9,11,13,23,2,12
1,2,7,9,11,12,16,22>1,7,8,9,10,11,13,16,2,12
1,4,5,8,9,11,13,15>11,5,8,13
1,4,5,8,9,11,13,15>1,2,5,6,13
2,3,5,8,10,11,12,13,15,16,19,20,21>5,10,11,12,14,22,8,16,21,13
2,3,5,8,10,11,12,13,15,16,19,20,21>3,4,10,12,14,19,20,22,8,16,21,13
2,4,5,6,8,12,14,20,21>2,12,14,8,21,6
2,4,5,6,8,12,14,20,21>2,4,5,17,8,21,6
2,5,9,15,16,18,19,20,21>22,8,13,18,16,19,20,21
2,5,9,15,16,18,19,20,21>2,8,9,18,16,19,20,21
2,3,5,7,11,12,13,17,20,21>2,18,22,7,17,21,13
2,3,5,7,11,12,13,17,20,21>2,3,7,8,11,14,17,21,13
1,2,4,5,6,7,8,9,13,15,16,17,20,21,22,23>4,9,10,14,15,17,2,6,7,8,16,20,21,22,23
1,2,4,5,6,7,8,9,13,15,16,17,20,21,22,23>15,1,4,17,2,6,7,8,16,20,21,22,23
3,4,8,9,10,12,16,19,22,23>3,11,19,4,8,12,16,23
3,4,8,9,10,12,16,19,22,23>9,22,4,8,12,16,23
1,4,6,9,11,12,14,18,19,20,21,23>1,4,7,9,14,15,20,23,19,21
1,4,6,9,11,12,14,18,19,20,21,23>2,4,7,9,15,16,17,20,23,19,21
1,2,3,5,7,9,11,12,14,15,19,21,22,23>1,3,7,9,16,21,2,12,15,22,23
1,2,3,5,7,9,11,12,14,15,19,21,22,23>4,7,8,14,19,2,12,15,22,23
1,4,5,6,7,10,11,12,13,16,17,18,20>1,8,10,14,6,7,13,16,18
1,4,5,6,7,10,11,12,13,16,17,18,20>1,20,10,6,7,13,16,18
1,2,3,8,9,10,11,12,13,15,16,17,18,19,20,22>12,14,15,17,18,20,23,2,8,13,16,19
1,2,3,8,9,10,11,12,13,15,16,17,18,19,20,22>3,9,12,14,15,18,21,23,2,8,13,16,19
4,5,7,8,15,16,19,20,21,22>4,5,13,15,8,16,20,21,22
4,5,7,8,15,16,19,20,21,22>7,19,23,8,16,20,21,22
1,4,8,9,13,15,16,17,19,20>1,2,15,19,21,8,16,20
1,4,8,9,13,15,16,17,19,20>2,4,14,15,17,19,8,16,20
1,2,4,5,6,7,8,9,10,11,12,13,14,15,16,17,20,21>20,9,12,2,6,7,8,10,13,14,16,21
1,2,4,5,6,7,8,9,10,11,12,13,14,15,16,17,20,21>17,4,22,9,2,6,7,8,10,13,14,16,21
1,3,5,6,7,9,12,13,16,18,19,22>1,2,4,5,8,9,14,16,22,23,19,12,13,7
1,3,5,6,7,9,12,13,16,18,19,22>3,6,16,18,22,19,12,13,7
4,5,6,7,10,13,19,20,21,22,23>4,5,10,14,19,7,20,21,22,23
4,5,6,7,10,13,19,20,21,22,23>4,6,10,13,17,19,7,20,21,22,23
2,3,5,8,9,12,15,17,18,20,21,22,23>2,4,5,10,12,15,16,8,17,21,22,23
2,3,5,8,9,12,15,17,18,20,21,22,23>2,3,4,5,9,12,15,8,17,21,22,23
3,6,8,9,11,12,14,16,21,22>3,4,9,14,16,21,23,8,12,22
3,6,8,9,11,12,14,16,21,22>3,6,7,16,21,23,8,12,22
1,5,6,7,8,10,11,13,15,22>1,5,10,14,15,22,11,13,6,7
1,5,6,7,8,10,11,13,15,22>1,5,10,14,15,16,23,11,13,6,7
