TCR,NFAT,IFN-\beta,IFN-\betaR,IL-18,IL-18R,IRAK,SOCS1,IL-12,IL-12R,STAT4,T-bet,IFN-\gamma,IFN-\gammaR,JAK1,STAT1,IL-4,IL-4R,STAT6,GATA3,IL-10,IL-10R,STAT3
3,4,7,8,10,11,13,15,16,18,22>14,15,18,22,23,4,8,11,13,16
3,4,7,8,10,11,13,15,16,18,22>3,7,12,15,22,4,8,11,13,16
3,4,7,8,10,11,13,15,16,18,22>19,3,12,4,8,11,13,16
3,4,7,8,10,11,13,15,16,18,22>3,7,14,18,19,22,23,4,8,11,13,16
1,5,8,9,12,13,15,17,20,21,22>15,16,6,23,8,13,17,21,22
1,5,8,9,12,13,15,17,20,21,22>2,6,10,15,20,23,8,13,17,21,22
1,5,8,9,12,13,15,17,20,21,22>1,2,6,9,12,14,20,23,8,13,17,21,22
1,5,8,9,12,13,15,17,20,21,22>1,2,9,10,14,15,16,20,23,8,13,17,21,22
1,2,3,4,6,7,8,11,13,14,15,16,17,20,21>1,17,22,2,4,7,8,13,14,16,20,21
1,2,3,4,6,7,8,11,13,14,15,16,17,20,21>6,11,17,2,4,7,8,13,14,16,20,21
1,2,3,4,6,7,8,11,13,14,15,16,17,20,21>3,6,11,15,22,2,4,7,8,13,14,16,20,21
1,2,3,4,6,7,8,11,13,14,15,16,17,20,21>1,3,6,15,22,2,4,7,8,13,14,16,20,21
1,2,5,6,7,9,10,13,14,15,18>5,11,16,19,2,6,7,10,13,14,15
1,2,5,6,7,9,10,13,14,15,18>9,11,18,2,6,7,10,13,14,15
1,2,5,6,7,9,10,13,14,15,18>5,9,11,19,2,6,7,10,13,14,15
1,2,5,6,7,9,10,13,14,15,18>5,9,11,16,2,6,7,10,13,14,15
1,3,4,5,7,8,9,10,11,12,13,14,17,20,21,23>5,7,11,13,16,20,22,4,8,10,14,17,21
1,3,4,5,7,8,9,10,11,12,13,14,17,20,21,23>2,3,5,7,9,13,16,20,22,4,8,10,14,17,21
1,3,4,5,7,8,9,10,11,12,13,14,17,20,21,23>12,13,3,9,4,8,10,14,17,21
1,3,4,5,7,8,9,10,11,12,13,14,17,20,21,23>2,3,5,6,11,16,22,4,8,10,14,17,21
3,5,8,9,13,15,17,18,19,20,21>8,9,14,16,22,17,19,20,21
3,5,8,9,13,15,17,18,19,20,21>5,8,9,13,14,16,18,17,19,20,21
3,5,8,9,13,15,17,18,19,20,21>22,5,9,17,19,20,21
3,5,8,9,13,15,17,18,19,20,21>4,5,13,15,16,18,17,19,20,21
2,4,7,8,10,11,12,14,15,17,20,21,22>2,10,12,13,14,15,16,20,8,17,21,22
2,4,7,8,10,11,12,14,15,17,20,21,22>4,11,14,15,20,23,8,17,21,22
2,4,7,8,10,11,12,14,15,17,20,21,22>2,4,12,14,16,20,8,17,21,22
2,4,7,8,10,11,12,14,15,17,20,21,22>2,7,10,11,12,14,20,23,8,17,21,22
1,2,3,5,6,7,10,11,17,19,20,21,22>3,4,5,6,11,13,18,19,2,7,17,20,21,22
1,2,3,5,6,7,10,11,17,19,20,21,22>1,3,11,13,18,23,2,7,17,20,21,22
1,2,3,5,6,7,10,11,17,19,20,21,22>1,4,10,13,18,2,7,17,20,21,22
1,2,3,5,6,7,10,11,17,19,20,21,22>3,4,5,6,10,13,2,7,17,20,21,22
2,4,6,8,11,12,15,16,20,21,22>2,7,11,12,20,23,8,16,21,22
2,4,6,8,11,12,15,16,20,21,22>15,6,8,16,21,22
2,4,6,8,11,12,15,16,20,21,22>4,6,12,13,23,8,16,21,22
2,4,6,8,11,12,15,16,20,21,22>20,4,6,11,8,16,21,22
2,6,7,8,9,11,13,15,17,19,21>9,11,14,15,17,19,21,22,13,7
2,6,7,8,9,11,13,15,17,19,21>6,8,11,16,19,20,13,7
2,6,7,8,9,11,13,15,17,19,21>6,8,9,15,16,17,13,7
2,6,7,8,9,11,13,15,17,19,21>2,6,8,9,15,17,20,21,13,7
2,3,4,5,9,13,15,18,19>18,14,19,4,13
2,3,4,5,9,13,15,18,19>3,9,15,16,19,4,13
2,3,4,5,9,13,15,18,19>18,2,3,15,19,4,13
2,3,4,5,9,13,15,18,19>5,9,15,16,19,4,13
4,8,10,11,13,14,15,17,18,20,23>4,15,18,19,21,23,17,20,14
4,8,10,11,13,14,15,17,18,20,23>8,11,18,19,23,17,20,14
4,8,10,11,13,14,15,17,18,20,23>4,8,16,18,19,17,20,14
4,8,10,11,13,14,15,17,18,20,23>4,8,10,18,19,21,17,20,14
1,3,7,10,12,14,15,17,19,23>4,10,11,16,19,12,15
1,3,7,10,12,14,15,17,19,23>1,2,7,8,10,16,17,18,23,12,15
1,3,7,10,12,14,15,17,19,23>1,3,4,10,18,23,12,15
1,3,7,10,12,14,15,17,19,23>17,2,3,19,12,15
1,2,3,4,5,7,8,10,12,13,14,15,16,17,18,19,20,21,23>7,13,15,17,22,23,2,4,8,14,16,19,21
1,2,3,4,5,7,8,10,12,13,14,15,16,17,18,19,20,21,23>1,22,23,13,2,4,8,14,16,19,21
1,2,3,4,5,7,8,10,12,13,14,15,16,17,18,19,20,21,23>3,5,10,12,13,15,17,20,23,2,4,8,14,16,19,21
1,2,3,4,5,7,8,10,12,13,14,15,16,17,18,19,20,21,23>7,10,13,15,17,22,2,4,8,14,16,19,21
1,2,3,4,5,6,8,11,12,14,17,18,20>1,19,16,13,2,4,6,8,17
1,2,3,4,5,6,8,11,12,14,17,18,20>1,3,11,12,18,21,2,4,6,8,17
1,2,3,4,5,6,8,11,12,14,17,18,20>3,5,11,13,16,18,19,21,2,4,6,8,17
1,2,3,4,5,6,8,11,12,14,17,18,20>1,3,5,12,16,2,4,6,8,17
2,7,8,9,10,11,12,15,20,21>17,22,12,13,8,10,21
2,7,8,9,10,11,12,15,20,21>2,7,11,12,17,22,8,10,21
2,7,8,9,10,11,12,15,20,21>9,12,13,15,16,17,8,10,21
2,7,8,9,10,11,12,15,20,21>7,9,11,15,16,17,20,8,10,21
4,6,9,11,13,14,15,16,19,20>4,6,8,9,11,19,13,14,15,16,20
4,6,9,11,13,14,15,16,19,20>21,7,8,11,13,14,15,16,20
4,6,9,11,13,14,15,16,19,20>21,6,7,13,14,15,16,20
4,6,9,11,13,14,15,16,19,20>4,6,9,11,19,21,13,14,15,16,20
2,3,5,8,9,10,16,20,21,22>2,5,6,13,16,23,8,10,20,21,22
2,3,5,8,9,10,16,20,21,22>3,5,6,13,23,8,10,20,21,22
2,3,5,8,9,10,16,20,21,22>2,3,5,6,9,16,23,8,10,20,21,22
2,3,5,8,9,10,16,20,21,22>3,4,5,6,13,16,8,10,20,21,22
1,3,4,5,13,15,16,18,19,20,21>2,8,14,18,22,4,16,19,20,21
1,3,4,5,13,15,16,18,19,20,21>1,2,22,5,4,16,19,20,21
1,3,4,5,13,15,16,18,19,20,21>15,3,13,4,16,19,20,21
1,3,4,5,13,15,16,18,19,20,21>1,2,14,15,18,22,4,16,19,20,21
2,3,5,7,8,9,10,16,18,21,23>2,4,6,7,12,16,18,19,22,23,8,10
2,3,5,7,8,9,10,16,18,21,23>2,3,5,7,9,11,12,16,21,22,8,10
2,3,5,7,8,9,10,16,18,21,23>4,5,7,11,18,19,22,8,10
2,3,5,7,8,9,10,16,18,21,23>2,4,5,6,7,9,11,19,21,22,23,8,10
1,2,3,4,6,7,8,10,11,12,13,17,18,20,22>10,11,12,16,18,20,21,22,2,4,7,8,13,17
1,2,3,4,6,7,8,10,11,12,13,17,18,20,22>3,10,11,14,19,22,23,2,4,7,8,13,17
1,2,3,4,6,7,8,10,11,12,13,17,18,20,22>1,6,10,11,12,14,19,20,21,22,23,2,4,7,8,13,17
1,2,3,4,6,7,8,10,11,12,13,17,18,20,22>1,3,6,12,16,21,22,23,2,4,7,8,13,17
2,3,4,6,8,9,10,11,13,15,16,17,21,22>15,17,23,12,4,8,10,11,13,16,22
2,3,4,6,8,9,10,11,13,15,16,17,21,22>3,6,12,17,21,4,8,10,11,13,16,22
2,3,4,6,8,9,10,11,13,15,16,17,21,22>6,12,14,15,21,23,4,8,10,11,13,16,22
2,3,4,6,8,9,10,11,13,15,16,17,21,22>3,6,7,12,14,15,4,8,10,11,13,16,22
1,3,7,10,12,13,14,15,16,17,18,19,22,23>1,2,3,8,11,13,22,12,14,15,16,18,19,23
1,3,7,10,12,13,14,15,16,17,18,19,22,23>1,2,4,8,11,13,17,12,14,15,16,18,19,23
1,3,7,10,12,13,14,15,16,17,18,19,22,23>2,3,4,10,13,17,12,14,15,16,18,19,23
1,3,7,10,12,13,14,15,16,17,18,19,22,23>1,2,3,10,11,17,22,12,14,15,16,18,19,23
1,4,5,6,8,9,11,12,18,20,22>7,11,12,13,17,18,21,8,6
1,4,5,6,8,9,11,12,18,20,22>1,5,7,9,10,12,17,18,19,20,21,22,8,6
1,4,5,6,8,9,11,12,18,20,22>7,9,10,11,12,17,20,21,23,8,6
1,4,5,6,8,9,11,12,18,20,22>2,4,7,9,11,12,13,16,21,22,23,8,6
2,3,6,9,10,11,12,13,14,16,17,18,19,20,23>2,3,6,8,9,10,11,13,21,18,19,14
2,3,6,9,10,11,12,13,14,16,17,18,19,20,23>2,4,7,8,9,12,13,15,16,17,23,18,19,14
2,3,6,9,10,11,12,13,14,16,17,18,19,20,23>3,4,6,7,9,13,15,16,17,21,23,18,19,14
2,3,6,9,10,11,12,13,14,16,17,18,19,20,23>2,3,4,7,8,9,11,16,21,23,18,19,14
4,5,6,7,8,12,14,15,17,21,22,23>5,17,21,6,7,8,12,22,23
4,5,6,7,8,12,14,15,17,21,22,23>5,16,21,6,7,8,12,22,23
4,5,6,7,8,12,14,15,17,21,22,23>4,14,15,16,6,7,8,12,22,23
4,5,6,7,8,12,14,15,17,21,22,23>5,14,15,21,6,7,8,12,22,23
2,3,5,6,7,9,10,11,13,16,17,18,19,22,23>2,5,9,12,14,17,22,7,11,18,19,23
2,3,5,6,7,9,10,11,13,16,17,18,19,22,23>2,5,6,8,9,13,7,11,18,19,23
2,3,5,6,7,9,10,11,13,16,17,18,19,22,23>3,5,6,10,13,17,7,11,18,19,23
2,3,5,6,7,9,10,11,13,16,17,18,19,22,23>2,3,4,9,10,12,13,17,7,11,18,19,23
3,5,9,11,13,14,17,18,19>3,17,18,19,13,14
3,5,9,11,13,14,17,18,19>20,3,9,11,18,19,13,14
3,5,9,11,13,14,17,18,19>3,4,11,18,19,13,14
3,5,9,11,13,14,17,18,19>5,11,15,17,20,18,19,13,14
1,2,10,12,18,19,20>20,8,12,18,2,19
1,2,10,12,18,19,20>8,12,13,17,21,2,19
1,2,10,12,18,19,20>10,12,13,18,2,19
1,2,10,12,18,19,20>20,8,13,18,2,19
4,5,9,10,12,18,22>9,11,13,16,22,10,12
4,5,9,10,12,18,22>16,4,23,18,10,12
4,5,9,10,12,18,22>4,5,19,18,10,12
4,5,9,10,12,18,22>5,6,9,11,13,18,22,23,10,12
1,3,4,12,13,14,17,19,20,21,22>18,19,23,16,4,13,14,17,21,22
1,3,4,12,13,14,17,19,20,21,22>23,3,4,13,14,17,21,22
1,3,4,12,13,14,17,19,20,21,22>1,3,12,15,16,19,20,4,13,14,17,21,22
1,3,4,12,13,14,17,19,20,21,22>2,3,15,18,19,20,4,13,14,17,21,22
1,3,6,7,9,10,12,14,16,17,20,23>4,6,14,17,18,20,10,7
1,3,6,7,9,10,12,14,16,17,20,23>1,4,12,15,18,23,10,7
1,3,6,7,9,10,12,14,16,17,20,23>1,2,6,8,9,14,15,21,10,7
1,3,6,7,9,10,12,14,16,17,20,23>3,4,9,14,17,21,23,10,7
1,2,5,6,8,9,11,12,13,15,16,19,20,21,23>1,11,19,20,23,8,16,2,21
1,2,5,6,8,9,11,12,13,15,16,19,20,21,23>1,7,9,11,12,14,15,19,8,16,2,21
1,2,5,6,8,9,11,12,13,15,16,19,20,21,23>5,6,7,9,13,15,19,8,16,2,21
1,2,5,6,8,9,11,12,13,15,16,19,20,21,23>1,5,6,7,12,15,19,22,23,8,16,2,21
4,5,6,7,8,9,11,13,14,15,16,19,20,21,22>4,9,11,15,7,8,13,14,16,20,21,22
4,5,6,7,8,9,11,13,14,15,16,19,20,21,22>5,9,15,19,7,8,13,14,16,20,21,22
4,5,6,7,8,9,11,13,14,15,16,19,20,21,22>23,6,11,7,8,13,14,16,20,21,22
4,5,6,7,8,9,11,13,14,15,16,19,20,21,22>4,6,9,7,8,13,14,16,20,21,22
2,5,7,8,9,11,12,13,14,15,20,21,22>7,9,12,16,23,8,13,14,21,22
2,5,7,8,9,11,12,13,14,15,20,21,22>2,6,7,11,23,8,13,14,21,22
2,5,7,8,9,11,12,13,14,15,20,21,22>2,6,9,10,11,15,17,8,13,14,21,22
2,5,7,8,9,11,12,13,14,15,20,21,22>5,6,11,15,17,20,23,8,13,14,21,22
5,9,10,12,16,21,23>6,16,21,22,23,10,12
5,9,10,12,16,21,23>5,6,9,16,22,10,12
5,9,10,12,16,21,23>5,8,9,21,22,10,12
5,9,10,12,16,21,23>5,6,8,21,23,10,12
1,3,4,6,8,11,15,16,17,18,20,22,23>1,11,18,19,21,4,8,16,20,23
1,3,4,6,8,11,15,16,17,18,20,22,23>21,18,2,19,4,8,16,20,23
1,3,4,6,8,11,15,16,17,18,20,22,23>3,6,11,17,18,4,8,16,20,23
1,3,4,6,8,11,15,16,17,18,20,22,23>2,3,6,18,21,22,4,8,16,20,23
1,2,4,5,7,9,10,23>1,6,7,23,2,10
1,2,4,5,7,9,10,23>1,4,6,7,9,11,2,10
1,2,4,5,7,9,10,23>1,4,7,9,16,2,10
1,2,4,5,7,9,10,23>16,4,5,9,2,10
4,5,6,8,11,13,14,16,17,21>11,17,6,8,13,14,16
4,5,6,8,11,13,14,16,17,21>22,7,12,17,6,8,13,14,16
4,5,6,8,11,13,14,16,17,21>22,4,7,11,6,8,13,14,16
4,5,6,8,11,13,14,16,17,21>4,5,7,12,17,6,8,13,14,16
1,2,4,7,8,10,14,19,20,21,22,23>17,8,10,2,20,21,22,23
1,2,4,7,8,10,14,19,20,21,22,23>19,4,10,14,2,20,21,22,23
1,2,4,7,8,10,14,19,20,21,22,23>7,8,14,16,17,2,20,21,22,23
1,2,4,7,8,10,14,19,20,21,22,23>1,4,7,8,19,2,20,21,22,23
