TCR,NFAT,IFN-\beta,IFN-\betaR,IL-18,IL-18R,IRAK,SOCS1,IL-12,IL-12R,STAT4,T-bet,IFN-\gamma,IFN-\gammaR,JAK1,STAT1,IL-4,IL-4R,STAT6,GATA3,IL-10,IL-10R,STAT3
1,2,5,7,11,13,15,16,17,18,22,23>1,5,7,15,17,19,22,16,2,18,23
1,2,5,7,11,13,15,16,17,18,22,23>1,15,8,16,2,18,23
1,2,5,7,11,13,15,16,17,18,22,23>1,5,14,17,19,22,16,2,18,23
1,2,5,7,11,13,15,16,17,18,22,23>1,6,7,12,13,14,22,16,2,18,23
4,5,6,7,9,10,11,12,13,15,18,19,21,22,23>4,8,9,10,14,16,18,21,7,11,12,19,22,23
4,5,6,7,9,10,11,12,13,15,18,19,21,22,23>5,8,9,10,13,14,15,16,18,21,7,11,12,19,22,23
4,5,6,7,9,10,11,12,13,15,18,19,21,22,23>4,5,13,14,15,18,7,11,12,19,22,23
4,5,6,7,9,10,11,12,13,15,18,19,21,22,23>4,6,9,10,13,14,7,11,12,19,22,23
2,3,7,8,10,12,15,16,17,19,20,21>17,7,10,12,8,16,21
2,3,7,8,10,12,15,16,17,19,20,21>2,12,13,17,22,8,16,21
2,3,7,8,10,12,15,16,17,19,20,21>3,7,12,13,15,17,20,22,8,16,21
2,3,7,8,10,12,15,16,17,19,20,21>7,10,12,20,22,8,16,21
1,3,4,6,8,9,10,11,14,17,19,20>2,6,7,8,11,13,17,4,20
1,3,4,6,8,9,10,11,14,17,19,20>1,2,6,7,8,10,11,14,16,19,17,4,20
1,3,4,6,8,9,10,11,14,17,19,20>2,6,8,11,13,21,17,4,20
1,3,4,6,8,9,10,11,14,17,19,20>11,2,3,6,17,4,20
1,2,3,4,7,9,12,13,14,15,16,18,19,20,22>1,8,12,18,2,4,13,14,15,16,19
1,2,3,4,7,9,12,13,14,15,16,18,19,20,22>3,22,18,2,4,13,14,15,16,19
1,2,3,4,7,9,12,13,14,15,16,18,19,20,22>20,1,8,2,4,13,14,15,16,19
1,2,3,4,7,9,12,13,14,15,16,18,19,20,22>1,7,9,20,21,2,4,13,14,15,16,19
1,2,3,9,11,15,16,18,19,20,22>8,9,13,15,18,16,2,19,20
1,2,3,9,11,15,16,18,19,20,22>4,9,11,13,23,16,2,19,20
1,2,3,9,11,15,16,18,19,20,22>4,8,9,13,18,22,16,2,19,20
1,2,3,9,11,15,16,18,19,20,22>1,3,4,8,11,13,15,21,22,16,2,19,20
1,5,9,10,12,13,16,19,20,21>2,8,9,10,19,20,22,21,13
1,5,9,10,12,13,16,19,20,21>1,8,9,21,13
1,5,9,10,12,13,16,19,20,21>14,1,20,9,21,13
1,5,9,10,12,13,16,19,20,21>14,5,8,21,13
3,5,6,7,13,14,15,18,19,22>6,16,20,22,23,7,13,14,15,19
3,5,6,7,13,14,15,18,19,22>3,5,18,20,23,7,13,14,15,19
3,5,6,7,13,14,15,18,19,22>3,5,6,16,20,23,7,13,14,15,19
3,5,6,7,13,14,15,18,19,22>4,5,6,18,20,22,23,7,13,14,15,19
2,3,4,7,8,10,11,13,14,15,16,17,18,20,21>3,10,11,15,22,4,8,13,14,16,20,21
2,3,4,7,8,10,11,13,14,15,16,17,18,20,21>18,2,3,19,4,8,13,14,16,20,21
2,3,4,7,8,10,11,13,14,15,16,17,18,20,21>7,10,15,17,4,8,13,14,16,20,21
2,3,4,7,8,10,11,13,14,15,16,17,18,20,21>19,3,15,17,4,8,13,14,16,20,21
4,6,7,8,11,13,15,17,18,20,22>6,8,11,15,21,22,17,20,13,7
4,6,7,8,11,13,15,17,18,20,22>19,6,21,16,17,20,13,7
4,6,7,8,11,13,15,17,18,20,22>6,11,16,21,22,23,17,20,13,7
4,6,7,8,11,13,15,17,18,20,22>6,8,11,14,16,18,19,23,17,20,13,7
1,2,5,7,9,12,13,14,16,18,19,21,22>1,8,18,21,23,2,12,13,14,19,22
1,2,5,7,9,12,13,14,16,18,19,21,22>1,5,8,9,21,23,2,12,13,14,19,22
1,2,5,7,9,12,13,14,16,18,19,21,22>1,5,7,9,15,21,2,12,13,14,19,22
1,2,5,7,9,12,13,14,16,18,19,21,22>1,5,7,9,16,18,21,23,2,12,13,14,19,22
3,7,8,10,12,17,18,21,22>19,21,23,13,8,12,22
3,7,8,10,12,17,18,21,22>18,3,4,17,8,12,22
3,7,8,10,12,17,18,21,22>3,7,13,18,19,21,8,12,22
3,7,8,10,12,17,18,21,22>21,19,4,7,8,12,22
1,3,6,7,10,13,16,18>4,6,10,11,18,13,7
1,3,6,7,10,13,16,18>11,1,16,10,13,7
1,3,6,7,10,13,16,18>14,4,18,10,13,7
1,3,6,7,10,13,16,18>1,2,4,12,14,16,13,7
2,5,9,13,15,17,20,22,23>10,14,16,18,21,17,20,23
2,5,9,13,15,17,20,22,23>6,13,14,15,21,17,20,23
2,5,9,13,15,17,20,22,23>9,14,15,18,21,17,20,23
2,5,9,13,15,17,20,22,23>2,5,6,9,10,14,15,16,21,22,17,20,23
1,2,10,11,12,14,17,19,21,22>8,13,15,18,19,23,2,11,12,22
1,2,10,11,12,14,17,19,21,22>1,8,13,14,15,17,18,19,2,11,12,22
1,2,10,11,12,14,17,19,21,22>10,14,15,19,21,23,2,11,12,22
1,2,10,11,12,14,17,19,21,22>8,10,13,14,15,18,19,2,11,12,22
5,9,10,17,18,19,20,21,23>5,23,17,18,19,20,21
5,9,10,17,18,19,20,21,23>5,9,17,18,19,20,21
5,9,10,17,18,19,20,21,23>10,23,17,18,19,20,21
5,9,10,17,18,19,20,21,23>5,10,17,18,19,20,21
2,5,7,10,14>15,7,10
2,5,7,10,14>2,6,13
2,5,7,10,14>14,2,6,15
2,5,7,10,14>14,15,11
3,4,5,6,8,10,11,13,14,18,19,20,21,22>7,8,10,16,18,4,13,14,19,20,21,22
3,4,5,6,8,10,11,13,14,18,19,20,21,22>3,5,8,11,4,13,14,19,20,21,22
3,4,5,6,8,10,11,13,14,18,19,20,21,22>3,6,17,11,4,13,14,19,20,21,22
3,4,5,6,8,10,11,13,14,18,19,20,21,22>5,6,10,16,17,18,23,4,13,14,19,20,21,22
2,3,7,9,10,13,16,18,20>2,9,14,19,21,10,20,13
2,3,7,9,10,13,16,18,20>16,3,19,14,10,20,13
2,3,7,9,10,13,16,18,20>4,8,16,18,21,10,20,13
2,3,7,9,10,13,16,18,20>2,4,7,8,9,14,21,10,20,13
2,3,8,9,13,14,15,21,22>16,8,9,15,13,14,22
2,3,8,9,13,14,15,21,22>2,8,9,10,15,21,13,14,22
2,3,8,9,13,14,15,21,22>3,4,8,9,10,16,21,13,14,22
2,3,8,9,13,14,15,21,22>2,3,4,8,10,15,21,23,13,14,22
1,3,4,5,6,8,10,11,12,16,19,20,21,23>20,22,6,8,16,4,21
1,3,4,5,6,8,10,11,12,16,19,20,21,23>11,1,20,22,8,16,4,21
1,3,4,5,6,8,10,11,12,16,19,20,21,23>3,5,6,7,22,8,16,4,21
1,3,4,5,6,8,10,11,12,16,19,20,21,23>3,5,10,12,19,22,23,8,16,4,21
1,4,7,8,9,11,13,15,16,17,19,20,22>19,21,7,8,16,20,13
1,4,7,8,9,11,13,15,16,17,19,20,22>2,14,15,22,23,8,16,20,13
1,4,7,8,9,11,13,15,16,17,19,20,22>2,11,14,17,19,8,16,20,13
1,4,7,8,9,11,13,15,16,17,19,20,22>1,2,4,9,11,15,17,21,8,16,20,13
3,5,10,12,13,14,16,18,21,22>6,8,11,15,19,12,13,14,22
3,5,10,12,13,14,16,18,21,22>4,6,11,16,19,21,23,12,13,14,22
3,5,10,12,13,14,16,18,21,22>3,4,10,11,19,12,13,14,22
3,5,10,12,13,14,16,18,21,22>4,5,10,11,19,21,23,12,13,14,22
1,3,4,5,6,7,11,12,13,17,18,22,23>2,5,8,16,17,22,4,6,7,12,18,23
1,3,4,5,6,7,11,12,13,17,18,22,23>1,2,11,14,16,17,22,4,6,7,12,18,23
1,3,4,5,6,7,11,12,13,17,18,22,23>3,5,8,14,16,22,4,6,7,12,18,23
1,3,4,5,6,7,11,12,13,17,18,22,23>2,3,11,14,19,22,4,6,7,12,18,23
2,3,4,5,6,7,9,10,13,14,15,16,17,20,21,23>2,23,13,22,4,6,7,10,14,15,16,20,21
2,3,4,5,6,7,9,10,13,14,15,16,17,20,21,23>3,9,13,18,22,4,6,7,10,14,15,16,20,21
2,3,4,5,6,7,9,10,13,14,15,16,17,20,21,23>5,8,13,17,18,23,4,6,7,10,14,15,16,20,21
2,3,4,5,6,7,9,10,13,14,15,16,17,20,21,23>22,5,8,9,4,6,7,10,14,15,16,20,21
2,3,7,8,9,11,12,13,14,15,16,17,18,20,22,23>4,7,12,15,22,8,16,14,23
2,3,7,8,9,11,12,13,14,15,16,17,18,20,22,23>2,4,7,9,10,12,13,15,18,20,8,16,14,23
2,3,7,8,9,11,12,13,14,15,16,17,18,20,22,23>3,4,7,12,17,18,20,8,16,14,23
2,3,7,8,9,11,12,13,14,15,16,17,18,20,22,23>2,4,7,10,11,17,19,20,21,22,8,16,14,23
1,2,4,5,7,9,10,11,14,16,18,20,21,22,23>1,6,7,9,11,18,19,2,10,16,20,21,22,23
1,2,4,5,7,9,10,11,14,16,18,20,21,22,23>5,6,7,11,15,2,10,16,20,21,22,23
1,2,4,5,7,9,10,11,14,16,18,20,21,22,23>14,4,15,19,2,10,16,20,21,22,23
1,2,4,5,7,9,10,11,14,16,18,20,21,22,23>5,6,11,15,18,19,2,10,16,20,21,22,23
3,4,5,6,7,9,10,11,14,15,16,17,18,20,22>17,3,19,4,6,7,10,15,16,18,20
3,4,5,6,7,9,10,11,14,15,16,17,18,20,22>3,9,11,17,23,4,6,7,10,15,16,18,20
3,4,5,6,7,9,10,11,14,15,16,17,18,20,22>22,3,8,14,4,6,7,10,15,16,18,20
3,4,5,6,7,9,10,11,14,15,16,17,18,20,22>3,5,8,14,19,4,6,7,10,15,16,18,20
3,5,6,7,8,9,10,11,13,14,16,18,19,20,21,22,23>3,9,10,11,13,7,8,14,19,20,21,22,23
3,5,6,7,8,9,10,11,13,14,16,18,19,20,21,22,23>3,6,9,13,16,18,7,8,14,19,20,21,22,23
3,5,6,7,8,9,10,11,13,14,16,18,19,20,21,22,23>5,7,8,14,19,20,21,22,23
3,5,6,7,8,9,10,11,13,14,16,18,19,20,21,22,23>3,6,9,10,11,7,8,14,19,20,21,22,23
3,5,7,10,13,14,15,16,19,20,22>3,7,19,21,22,13,14,15,16,20
3,5,7,10,13,14,15,16,19,20,22>4,7,8,19,23,13,14,15,16,20
3,5,7,10,13,14,15,16,19,20,22>3,4,23,22,13,14,15,16,20
3,5,7,10,13,14,15,16,19,20,22>4,5,13,14,15,16,20
1,2,3,4,5,6,9,12,16,18,21,23>7,8,9,10,21,22,2,4,6,12,16
1,2,3,4,5,6,9,12,16,18,21,23>3,19,21,22,23,2,4,6,12,16
1,2,3,4,5,6,9,12,16,18,21,23>5,10,18,19,21,23,2,4,6,12,16
1,2,3,4,5,6,9,12,16,18,21,23>5,8,9,10,18,21,22,23,2,4,6,12,16
2,3,4,7,8,11,15,17,21,22>2,15,16,21,23,4,22
2,3,4,7,8,11,15,17,21,22>3,8,11,13,15,17,4,22
2,3,4,7,8,11,15,17,21,22>7,11,15,16,17,23,4,22
2,3,4,7,8,11,15,17,21,22>16,3,8,15,4,22
2,4,7,8,10,13,14,15,17,18,20,21,22>2,23,15,19,13,14,17,20,21,22
2,4,7,8,10,13,14,15,17,18,20,21,22>19,4,10,13,14,17,20,21,22
2,4,7,8,10,13,14,15,17,18,20,21,22>18,23,7,8,13,14,17,20,21,22
2,4,7,8,10,13,14,15,17,18,20,21,22>2,7,8,15,13,14,17,20,21,22
1,6,8,11,12,14,16,17,18,19,20,21,22,23>20,7,11,14,8,19,21,22,23
1,6,8,11,12,14,16,17,18,19,20,21,22,23>1,7,11,16,18,8,19,21,22,23
1,6,8,11,12,14,16,17,18,19,20,21,22,23>1,2,7,12,16,17,20,8,19,21,22,23
1,6,8,11,12,14,16,17,18,19,20,21,22,23>2,6,12,14,17,18,8,19,21,22,23
3,4,5,6,7,13,14,15,17,18,20,21,22,23>3,16,19,4,6,7,14,15,17,18,20,21,22,23
3,4,5,6,7,13,14,15,17,18,20,21,22,23>5,16,4,6,7,14,15,17,18,20,21,22,23
3,4,5,6,7,13,14,15,17,18,20,21,22,23>13,16,19,4,6,7,14,15,17,18,20,21,22,23
3,4,5,6,7,13,14,15,17,18,20,21,22,23>5,13,19,4,6,7,14,15,17,18,20,21,22,23
3,4,6,7,8,9,10,12,13,15,18,19,21,22>16,3,23,10,4,7,8,12,13,19,22
3,4,6,7,8,9,10,12,13,15,18,19,21,22>23,6,21,4,7,8,12,13,19,22
3,4,6,7,8,9,10,12,13,15,18,19,21,22>3,9,14,15,4,7,8,12,13,19,22
3,4,6,7,8,9,10,12,13,15,18,19,21,22>3,9,16,21,23,4,7,8,12,13,19,22
3,4,5,6,8,9,10,11,12,14,17,18,19,23>3,9,10,14,16,17,23,4,8,11,12,19
3,4,5,6,8,9,10,11,12,14,17,18,19,23>6,7,14,16,17,23,4,8,11,12,19
3,4,5,6,8,9,10,11,12,14,17,18,19,23>3,6,7,14,4,8,11,12,19
3,4,5,6,8,9,10,11,12,14,17,18,19,23>5,6,10,16,18,4,8,11,12,19
2,4,7,8,9,10,11,12,17,18,21,22>13,16,18,19,23,8,10,11,12,22
2,4,7,8,9,10,11,12,17,18,21,22>2,4,13,18,19,21,8,10,11,12,22
2,4,7,8,9,10,11,12,17,18,21,22>4,7,9,13,16,17,21,8,10,11,12,22
2,4,7,8,9,10,11,12,17,18,21,22>2,4,9,16,17,18,19,8,10,11,12,22
1,3,4,9,10,13,14,17,18,19,21,23>9,11,13,16,17,21,22,23,18,19,4,14
1,3,4,9,10,13,14,17,18,19,21,23>1,10,15,17,20,21,22,23,18,19,4,14
1,3,4,9,10,13,14,17,18,19,21,23>2,10,13,15,16,17,21,22,18,19,4,14
1,3,4,9,10,13,14,17,18,19,21,23>3,9,13,18,19,4,14
2,4,5,8,9,11,12,13,19,20,21,22,23>2,12,13,17,19,20,8,21,22,23
2,4,5,8,9,11,12,13,19,20,21,22,23>4,9,13,14,16,17,20,8,21,22,23
2,4,5,8,9,11,12,13,19,20,21,22,23>2,4,19,13,8,21,22,23
2,4,5,8,9,11,12,13,19,20,21,22,23>14,5,11,8,21,22,23
