TCR,NFAT,IFN-\beta,IFN-\betaR,IL-18,IL-18R,IRAK,SOCS1,IL-12,IL-12R,STAT4,T-bet,IFN-\gamma,IFN-\gammaR,JAK1,STAT1,IL-4,IL-4R,STAT6,GATA3,IL-10,IL-10R,STAT3
2,5,7,13,14,15,19,23>2,13,16,19,20,14,15
2,5,7,13,14,15,19,23>2,7,19,20,14,15
2,5,7,13,14,15,19,23>5,7,20,14,15
2,5,7,13,14,15,19,23>2,5,7,13,16,23,14,15
1,2,3,4,6,7,8,11,15,16,21,23>22,23,11,2,4,7,8,16
1,2,3,4,6,7,8,11,15,16,21,23>1,11,12,23,2,4,7,8,16
1,2,3,4,6,7,8,11,15,16,21,23>1,3,6,11,12,21,22,2,4,7,8,16
1,2,3,4,6,7,8,11,15,16,21,23>1,3,6,11,15,21,2,4,7,8,16
1,3,4,5,6,10,11,12,13,14,15,16,17,19,22,23>5,6,10,13,17,18,4,11,12,14,15,16,23
1,3,4,5,6,10,11,12,13,14,15,16,17,19,22,23>2,5,6,8,10,17,18,22,4,11,12,14,15,16,23
1,3,4,5,6,10,11,12,13,14,15,16,17,19,22,23>1,3,6,7,13,4,11,12,14,15,16,23
1,3,4,5,6,10,11,12,13,14,15,16,17,19,22,23>1,3,10,13,22,4,11,12,14,15,16,23
1,2,3,4,6,9,11,12,14,15,18,19,20,22>13,7,8,2,19,4,15
1,2,3,4,6,9,11,12,14,15,18,19,20,22>1,9,13,14,16,20,2,19,4,15
1,2,3,4,6,9,11,12,14,15,18,19,20,22>1,7,8,11,17,20,21,23,2,19,4,15
1,2,3,4,6,9,11,12,14,15,18,19,20,22>1,3,7,8,12,14,18,2,19,4,15
1,4,6,8,10,11,12,14,15,16,18,20,21,23>2,6,11,14,19,20,8,16,21
1,4,6,8,10,11,12,14,15,16,18,20,21,23>1,2,6,12,15,19,23,8,16,21
1,4,6,8,10,11,12,14,15,16,18,20,21,23>4,6,14,15,20,8,16,21
1,4,6,8,10,11,12,14,15,16,18,20,21,23>2,4,6,14,18,19,20,8,16,21
1,2,3,4,6,7,11,12,15,16,19,21>1,3,8,11,15,22,2,4,7,12,16
1,2,3,4,6,7,11,12,15,16,19,21>1,6,11,13,2,4,7,12,16
1,2,3,4,6,7,11,12,15,16,19,21>3,6,8,11,19,21,22,2,4,7,12,16
1,2,3,4,6,7,11,12,15,16,19,21>22,1,3,6,2,4,7,12,16
2,4,5,7,9,10,11,12,15,17,18,20,23>2,4,6,9,12,19,20,17,10,18
2,4,5,7,9,10,11,12,15,17,18,20,23>4,6,8,9,11,12,23,17,10,18
2,4,5,7,9,10,11,12,15,17,18,20,23>4,6,12,15,16,20,21,17,10,18
2,4,5,7,9,10,11,12,15,17,18,20,23>5,8,9,11,12,19,21,23,17,10,18
2,3,6,8,9,15,17,18,19,22>3,7,8,9,16,17,22,19
2,3,6,8,9,15,17,18,19,22>4,15,16,17,18,19
2,3,6,8,9,15,17,18,19,22>2,4,7,9,16,18,23,19
2,3,6,8,9,15,17,18,19,22>4,8,15,18,20,22,19
1,2,5,7,11,13,14,16,17,20,21>1,22,11,2,13,14,20,21
1,2,5,7,11,13,14,16,17,20,21>5,8,11,15,17,18,22,2,13,14,20,21
1,2,5,7,11,13,14,16,17,20,21>1,6,7,8,2,13,14,20,21
1,2,5,7,11,13,14,16,17,20,21>5,7,11,15,2,13,14,20,21
1,3,4,6,9,10,11,12,14,16,17,18,19,20>1,2,3,6,7,10,12,15,21,16,18,19,4
1,3,4,6,9,10,11,12,14,16,17,18,19,20>1,3,6,8,11,13,15,17,20,16,18,19,4
1,3,4,6,9,10,11,12,14,16,17,18,19,20>2,3,7,11,12,13,16,18,19,4
1,3,4,6,9,10,11,12,14,16,17,18,19,20>1,2,3,6,7,10,11,13,14,15,17,16,18,19,4
2,3,5,8,10,18,19,21,22>8,10,11,13,18,20,19,22
2,3,5,8,10,18,19,21,22>4,5,8,11,13,20,21,19,22
2,3,5,8,10,18,19,21,22>2,4,8,13,18,19,22
2,3,5,8,10,18,19,21,22>5,8,10,11,18,23,19,22
1,4,5,8,9,10,12,15,16,18,19,20,21,22,23>18,20,5,10,8,16,19,21,22,23
1,4,5,8,9,10,12,15,16,18,19,20,21,22,23>15,1,20,12,8,16,19,21,22,23
1,4,5,8,9,10,12,15,16,18,19,20,21,22,23>2,4,9,10,12,20,8,16,19,21,22,23
1,4,5,8,9,10,12,15,16,18,19,20,21,22,23>1,2,4,9,10,15,20,8,16,19,21,22,23
2,3,5,6,7,8,10,12,13,15,16,17,22,23>5,10,11,15,17,6,7,8,12,16,23
2,3,5,6,7,8,10,12,13,15,16,17,22,23>4,10,11,13,15,17,6,7,8,12,16,23
2,3,5,6,7,8,10,12,13,15,16,17,22,23>2,4,5,11,14,17,22,6,7,8,12,16,23
2,3,5,6,7,8,10,12,13,15,16,17,22,23>2,3,4,5,13,17,6,7,8,12,16,23
1,3,5,7,10,13,18,19,21,22>4,10,14,18,20,23,19,13,22
1,3,5,7,10,13,18,19,21,22>1,2,4,7,14,18,20,23,19,13,22
1,3,5,7,10,13,18,19,21,22>3,7,10,18,20,21,19,13,22
1,3,5,7,10,13,18,19,21,22>1,2,3,4,7,14,18,21,19,13,22
1,5,6,7,8,9,10,11,13,14,15,16,17,19,22>6,10,12,15,20,22,23,7,8,11,13,14,16
1,5,6,7,8,9,10,11,13,14,15,16,17,19,22>1,6,9,15,17,20,22,23,7,8,11,13,14,16
1,5,6,7,8,9,10,11,13,14,15,16,17,19,22>1,2,12,15,17,23,7,8,11,13,14,16
1,5,6,7,8,9,10,11,13,14,15,16,17,19,22>1,2,12,15,22,23,7,8,11,13,14,16
1,2,3,6,7,10,11,12,14,15,17,18,21,22>1,13,17,21,23,2,7,11,12,15,18,22
1,2,3,6,7,10,11,12,14,15,17,18,21,22>1,4,10,14,16,19,21,23,2,7,11,12,15,18,22
1,2,3,6,7,10,11,12,14,15,17,18,21,22>3,4,6,14,16,19,21,2,7,11,12,15,18,22
1,2,3,6,7,10,11,12,14,15,17,18,21,22>1,3,4,13,14,19,2,7,11,12,15,18,22
2,8,10,11,16,18,19,21,22,23>16,21,8,11,19,22,23
2,8,10,11,16,18,19,21,22,23>2,18,21,8,11,19,22,23
2,8,10,11,16,18,19,21,22,23>2,12,16,8,11,19,22,23
2,8,10,11,16,18,19,21,22,23>2,10,12,20,21,8,11,19,22,23
4,9,10,12,13,14,16,18,19,20,21,23>4,10,12,13,15,20,22,23,16,19,21,14
4,9,10,12,13,14,16,18,19,20,21,23>8,10,12,20,22,16,19,21,14
4,9,10,12,13,14,16,18,19,20,21,23>9,13,15,20,22,23,16,19,21,14
4,9,10,12,13,14,16,18,19,20,21,23>9,12,15,20,22,16,19,21,14
4,6,10,11,14,16,17,18,20,21>4,6,10,11,13,15,22,16,18,20,21
4,6,10,11,14,16,17,18,20,21>19,17,7,11,16,18,20,21
4,6,10,11,14,16,17,18,20,21>4,7,13,14,19,16,18,20,21
4,6,10,11,14,16,17,18,20,21>6,7,10,13,17,22,16,18,20,21
1,2,3,5,6,8,10,11,12,13,20,21,22>5,7,11,12,14,17,2,6,8,13,21,22
1,2,3,5,6,8,10,11,12,13,20,21,22>3,7,10,11,14,23,2,6,8,13,21,22
1,2,3,5,6,8,10,11,12,13,20,21,22>1,3,7,14,17,23,2,6,8,13,21,22
1,2,3,5,6,8,10,11,12,13,20,21,22>5,7,10,11,14,2,6,8,13,21,22
2,6,8,9,12,16,18,19,22>6,9,13,18,23,8,19,12
2,6,8,9,12,16,18,19,22>7,9,13,16,22,8,19,12
2,6,8,9,12,16,18,19,22>6,7,16,18,22,8,19,12
2,6,8,9,12,16,18,19,22>2,6,7,9,13,8,19,12
5,9,10,11,13,14,18,19,22,23>22,5,13,15,19,11,14,23
5,9,10,11,13,14,18,19,22,23>22,5,18,19,11,14,23
5,9,10,11,13,14,18,19,22,23>5,10,13,18,20,19,11,14,23
5,9,10,11,13,14,18,19,22,23>9,10,15,18,20,22,19,11,14,23
3,6,7,8,10,11,13,14,15,16,18,20,22,23>3,4,10,21,22,7,8,14,16,20,23
3,6,7,8,10,11,13,14,15,16,18,20,22,23>6,11,13,19,21,7,8,14,16,20,23
3,6,7,8,10,11,13,14,15,16,18,20,22,23>3,6,13,18,19,21,22,7,8,14,16,20,23
3,6,7,8,10,11,13,14,15,16,18,20,22,23>4,6,10,11,15,19,22,7,8,14,16,20,23
2,3,5,6,10,14,15,16,18,21>2,3,5,8,10,12,13,14,19,16,6,15
2,3,5,6,10,14,15,16,18,21>2,3,5,7,8,10,11,12,19,16,6,15
2,3,5,6,10,14,15,16,18,21>4,8,10,18,19,21,16,6,15
2,3,5,6,10,14,15,16,18,21>2,4,5,10,13,18,21,22,16,6,15
3,4,5,8,9,10,12,13,14,17,21,22>9,11,16,17,23,4,8,10,12,13,14,22
3,4,5,8,9,10,12,13,14,17,21,22>3,6,9,11,16,4,8,10,12,13,14,22
3,4,5,8,9,10,12,13,14,17,21,22>5,6,9,17,23,4,8,10,12,13,14,22
3,4,5,8,9,10,12,13,14,17,21,22>5,6,9,11,4,8,10,12,13,14,22
4,6,8,9,11,15,17>4,9,10,11,13,15
4,6,8,9,11,15,17>6,17,10,11
4,6,8,9,11,15,17>4,6,8,9,13,15,16
4,6,8,9,11,15,17>6,7,9,10,11,15
1,4,6,7,8,9,11,12,13,14,16,19,21>1,4,6,9,19,7,8,12,13,14,16
1,4,6,7,8,9,11,12,13,14,16,19,21>22,4,6,19,7,8,12,13,14,16
1,4,6,7,8,9,11,12,13,14,16,19,21>1,4,11,19,21,7,8,12,13,14,16
1,4,6,7,8,9,11,12,13,14,16,19,21>4,6,11,7,8,12,13,14,16
1,3,6,7,8,12,15,18,19,21>1,4,13,16,18,22,8,19,12,7
1,3,6,7,8,12,15,18,19,21>1,2,13,15,16,8,19,12,7
1,3,6,7,8,12,15,18,19,21>3,4,15,16,18,21,22,8,19,12,7
1,3,6,7,8,12,15,18,19,21>2,3,6,15,16,21,22,8,19,12,7
1,2,3,4,6,8,10,15,16,17,18,19,20,21,22>17,1,7,2,4,8,16,19,20,21,22
1,2,3,4,6,8,10,15,16,17,18,19,20,21,22>3,7,13,15,2,4,8,16,19,20,21,22
1,2,3,4,6,8,10,15,16,17,18,19,20,21,22>1,6,7,18,23,2,4,8,16,19,20,21,22
1,2,3,4,6,8,10,15,16,17,18,19,20,21,22>3,6,13,18,23,2,4,8,16,19,20,21,22
1,4,11,13,14,21>22,1,11,13,14
1,4,11,13,14,21>2,16,21,13,14
1,4,11,13,14,21>1,4,16,13,14
1,4,11,13,14,21>2,4,11,15,16,22,13,14
3,4,5,8,9,11,12,14,15,17,20,22>3,9,16,20,21,22,23,8,17,4
3,4,5,8,9,11,12,14,15,17,20,22>3,9,11,13,14,15,20,8,17,4
3,4,5,8,9,11,12,14,15,17,20,22>3,5,9,14,15,16,20,21,22,8,17,4
3,4,5,8,9,11,12,14,15,17,20,22>6,10,11,12,13,14,16,21,8,17,4
2,5,6,7,8,10,13,14,16,21,23>21,22,12,8,14,6,7
2,5,6,7,8,10,13,14,16,21,23>22,5,23,11,8,14,6,7
2,5,6,7,8,10,13,14,16,21,23>2,5,11,12,22,8,14,6,7
2,5,6,7,8,10,13,14,16,21,23>22,5,13,16,8,14,6,7
3,7,9,10,11,12,13,14,16,19,20,23>15,16,20,11,14
3,7,9,10,11,12,13,14,16,19,20,23>3,8,9,10,13,15,16,19,21,14
3,7,9,10,11,12,13,14,16,19,20,23>3,7,10,13,15,16,19,20,14
3,7,9,10,11,12,13,14,16,19,20,23>3,7,8,11,13,16,19,21,23,14
1,5,7,8,10,11,13,15,17,18,19,23>2,7,13,15,17,18,19,11
1,5,7,8,10,11,13,15,17,18,19,23>1,2,7,8,10,13,18,20,19,11
1,5,7,8,10,11,13,15,17,18,19,23>1,5,8,15,17,18,23,19,11
1,5,7,8,10,11,13,15,17,18,19,23>2,5,10,13,17,18,19,11
3,4,8,9,10,12,14,15,18,20,22>3,13,14,15,16,17,18,8,10,4
3,4,8,9,10,12,14,15,18,20,22>9,13,15,16,17,20,22,23,8,10,4
3,4,8,9,10,12,14,15,18,20,22>3,9,15,17,21,22,8,10,4
3,4,8,9,10,12,14,15,18,20,22>3,12,13,18,19,20,21,22,23,8,10,4
1,2,4,5,6,8,9,10,11,14,15,18,20,21,22>1,9,11,13,15,16,17,19,2,6,10,20,21,22
1,2,4,5,6,8,9,10,11,14,15,18,20,21,22>4,17,2,6,10,20,21,22
1,2,4,5,6,8,9,10,11,14,15,18,20,21,22>4,7,8,15,16,23,2,6,10,20,21,22
1,2,4,5,6,8,9,10,11,14,15,18,20,21,22>5,8,9,13,14,15,16,19,2,6,10,20,21,22
1,4,11,12,16,20>11,13,16
1,4,11,12,16,20>8,12,13,20,21,16
1,4,11,12,16,20>1,4,8,11,12,20,16
1,4,11,12,16,20>2,4,8,11,20,21,16
2,4,7,9,11,12,14,17,18,19>2,16,9,18,19,12
2,4,7,9,11,12,14,17,18,19>17,15,4,16,18,19,12
2,4,7,9,11,12,14,17,18,19>2,4,11,13,14,16,17,18,19,12
2,4,7,9,11,12,14,17,18,19>7,8,9,11,13,15,18,19,12
2,7,8,9,11,17,18,23>7,10,11,17
2,7,8,9,11,17,18,23>7,9,10,11,23
2,7,8,9,11,17,18,23>2,7,8,11,19,23
2,7,8,9,11,17,18,23>2,7,8,9,18,23
3,4,5,6,8,9,12,16,18,19,20,21,22,23>3,5,6,9,20,4,8,16,19,21,22,23
3,4,5,6,8,9,12,16,18,19,20,21,22,23>3,6,9,18,20,4,8,16,19,21,22,23
3,4,5,6,8,9,12,16,18,19,20,21,22,23>20,5,6,18,4,8,16,19,21,22,23
3,4,5,6,8,9,12,16,18,19,20,21,22,23>3,5,6,7,12,18,4,8,16,19,21,22,23
