TCR,NFAT,IFN-\beta,IFN-\betaR,IL-18,IL-18R,IRAK,SOCS1,IL-12,IL-12R,STAT4,T-bet,IFN-\gamma,IFN-\gammaR,JAK1,STAT1,IL-4,IL-4R,STAT6,GATA3,IL-10,IL-10R,STAT3
4,6,7,8,12,13,14,16,18,20,21,23>22,13,18,7,8,14,16,21
4,6,7,8,12,13,14,16,18,20,21,23>4,18,19,20,22,7,8,14,16,21
4,6,7,8,12,13,14,16,18,20,21,23>22,6,19,20,7,8,14,16,21
4,6,7,8,12,13,14,16,18,20,21,23>4,12,19,20,22,7,8,14,16,21
1,4,5,8,14,16,17,20,21,23>5,6,14,22,23,8,16,20,21
1,4,5,8,14,16,17,20,21,23>22,1,14,23,8,16,20,21
1,4,5,8,14,16,17,20,21,23>1,2,5,6,14,8,16,20,21
1,4,5,8,14,16,17,20,21,23>2,4,14,17,22,23,8,16,20,21
1,3,5,8,9,10,16,21,22,23>1,16,9,8,10,22,23
1,3,5,8,9,10,16,21,22,23>2,6,9,11,12,21,8,10,22,23
1,3,5,8,9,10,16,21,22,23>2,3,5,6,9,12,16,21,8,10,22,23
1,3,5,8,9,10,16,21,22,23>1,2,3,5,6,12,21,8,10,22,23
1,2,5,6,7,10,11,13,14,17,23>13,15,17,18,2,6,7,11,14
1,2,5,6,7,10,11,13,14,17,23>23,5,13,18,2,6,7,11,14
1,2,5,6,7,10,11,13,14,17,23>1,5,13,15,18,2,6,7,11,14
1,2,5,6,7,10,11,13,14,17,23>1,10,13,15,17,23,2,6,7,11,14
1,2,5,8,9,10,11,12,13,14,15,17,18,19,20,21,22>10,11,16,18,23,2,8,13,14,17,19,21,22
1,2,5,8,9,10,11,12,13,14,15,17,18,19,20,21,22>1,18,15,2,8,13,14,17,19,21,22
1,2,5,8,9,10,11,12,13,14,15,17,18,19,20,21,22>9,10,16,18,20,23,2,8,13,14,17,19,21,22
1,2,5,8,9,10,11,12,13,14,15,17,18,19,20,21,22>18,9,15,2,8,13,14,17,19,21,22
2,3,4,5,8,9,11,14,16,20,22>2,3,5,9,10,13,8,16,4,20
2,3,4,5,8,9,11,14,16,20,22>3,6,11,13,14,23,8,16,4,20
2,3,4,5,8,9,11,14,16,20,22>2,3,6,11,14,21,8,16,4,20
2,3,4,5,8,9,11,14,16,20,22>2,3,5,9,10,14,23,8,16,4,20
1,2,5,7,10,16,20>1,6,7,13,21,2,20
1,2,5,7,10,16,20>6,7,10,13,16,2,20
1,2,5,7,10,16,20>1,6,8,10,13,2,20
1,2,5,7,10,16,20>1,5,6,7,13,16,2,20
2,5,6,7,11,15,16,19,20,22>19,2,22,8,16,20,7
2,5,6,7,11,15,16,19,20,22>5,8,11,13,15,19,21,23,16,20,7
2,5,6,7,11,15,16,19,20,22>2,5,8,13,22,23,16,20,7
2,5,6,7,11,15,16,19,20,22>19,6,13,15,16,20,7
1,5,6,7,11,12,13,17,18,19>2,6,11,14,17,7,12,13,18,19
1,5,6,7,11,12,13,17,18,19>1,2,6,8,14,17,7,12,13,18,19
1,5,6,7,11,12,13,17,18,19>17,5,11,14,7,12,13,18,19
1,5,6,7,11,12,13,17,18,19>1,5,6,8,14,7,12,13,18,19
2,5,6,9,11,15,18,20,21,22,23>7,9,10,15,16,18,19,6,20,21,22,23
2,5,6,9,11,15,18,20,21,22,23>7,15,17,18,19,6,20,21,22,23
2,5,6,9,11,15,18,20,21,22,23>16,17,5,7,6,20,21,22,23
2,5,6,9,11,15,18,20,21,22,23>2,5,7,9,10,11,16,18,6,20,21,22,23
1,2,3,5,6,8,9,10,11,12,14,16,19,21>5,6,7,9,10,14,19,22,8,2,11,12
1,2,3,5,6,8,9,10,11,12,14,16,19,21>1,3,19,7,8,2,11,12
1,2,3,5,6,8,9,10,11,12,14,16,19,21>4,5,10,21,22,8,2,11,12
1,2,3,5,6,8,9,10,11,12,14,16,19,21>3,4,5,6,9,16,19,8,2,11,12
2,4,6,8,10,13,14,15,17,18,19>2,6,8,10,11,17,19,13,14
2,4,6,8,10,13,14,15,17,18,19>6,7,10,15,17,20,19,13,14
2,4,6,8,10,13,14,15,17,18,19>18,2,6,19,13,14
2,4,6,8,10,13,14,15,17,18,19>4,6,8,11,15,18,19,13,14
2,8,12,13,15,16,17,19,20,23>14,15,20,21,23,8,16
2,8,12,13,15,16,17,19,20,23>2,15,21,8,16
2,8,12,13,15,16,17,19,20,23>12,15,19,20,23,8,16
2,8,12,13,15,16,17,19,20,23>2,13,21,8,16
3,6,8,9,13,14,17,18,22,23>13,8,10,14,23
3,6,8,9,13,14,17,18,22,23>4,6,7,10,17,14,23
3,6,8,9,13,14,17,18,22,23>3,4,19,14,23
3,6,8,9,13,14,17,18,22,23>4,6,7,9,10,18,19,14,23
1,4,7,8,12,13,16,17,19,20,22>7,12,14,17,21,23,8,16,13
1,4,7,8,12,13,16,17,19,20,22>2,12,14,17,19,20,22,8,16,13
1,4,7,8,12,13,16,17,19,20,22>2,4,7,12,14,19,20,22,8,16,13
1,4,7,8,12,13,16,17,19,20,22>2,7,19,20,22,23,8,16,13
2,3,9,12,14,16,18,20,21,23>14,2,15,23,21
2,3,9,12,14,16,18,20,21,23>3,14,15,18,19,23,21
2,3,9,12,14,16,18,20,21,23>3,4,10,12,15,16,18,19,20,22,21
2,3,9,12,14,16,18,20,21,23>2,3,4,8,9,10,12,16,23,21
3,4,6,7,8,9,14,16,17,18,19,20,21,23>17,18,22,4,7,8,16,19,20,21
3,4,6,7,8,9,14,16,17,18,19,20,21,23>23,3,6,14,4,7,8,16,19,20,21
3,4,6,7,8,9,14,16,17,18,19,20,21,23>9,14,18,22,4,7,8,16,19,20,21
3,4,6,7,8,9,14,16,17,18,19,20,21,23>6,9,14,17,18,4,7,8,16,19,20,21
2,5,6,7,8,10,14,16,17,22>12,13,14,16,17,22,8,6,7
2,5,6,7,8,10,14,16,17,22>5,11,12,14,22,8,6,7
2,5,6,7,8,10,14,16,17,22>5,10,12,13,14,22,23,8,6,7
2,5,6,7,8,10,14,16,17,22>5,10,11,17,23,8,6,7
2,3,4,6,7,11,13,15,16,19,20,21,23>8,11,13,14,22,23,4,7,16,20,21
2,3,4,6,7,11,13,15,16,19,20,21,23>2,13,14,15,19,23,4,7,16,20,21
2,3,4,6,7,11,13,15,16,19,20,21,23>23,3,22,11,4,7,16,20,21
2,3,4,6,7,11,13,15,16,19,20,21,23>6,8,11,15,19,22,23,4,7,16,20,21
1,3,5,7,8,12,15,17,20,21,22,23>12,20,4,7,8,17,21,22,23
1,3,5,7,8,12,15,17,20,21,22,23>1,4,5,6,16,8,17,21,22,23
1,3,5,7,8,12,15,17,20,21,22,23>3,6,8,17,21,22,23
1,3,5,7,8,12,15,17,20,21,22,23>1,3,5,7,15,20,8,17,21,22,23
1,2,3,4,13,14,19,21,23>1,15,16,19,20,21,22,23,2,4,14
1,2,3,4,13,14,19,21,23>3,15,2,4,14
1,2,3,4,13,14,19,21,23>21,1,3,23,2,4,14
1,2,3,4,13,14,19,21,23>1,3,19,20,21,22,2,4,14
2,6,8,9,10,16,19,20,21>19,22,6,8,20,21
2,6,8,9,10,16,19,20,21>2,7,10,16,22,8,20,21
2,6,8,9,10,16,19,20,21>2,7,9,16,22,8,20,21
2,6,8,9,10,16,19,20,21>6,7,9,10,8,20,21
2,3,4,7,9,13,15,19,21,23>16,21,23,4
2,3,4,7,9,13,15,19,21,23>2,3,9,14,15,16,20,22,23,4
2,3,4,7,9,13,15,19,21,23>2,7,14,15,23,4
2,3,4,7,9,13,15,19,21,23>2,3,13,14,15,19,21,22,23,4
1,3,6,7,9,12,17,20,21,22>1,8,9,12,13,18,17,21,22,7
1,3,6,7,9,12,17,20,21,22>2,4,12,13,20,23,17,21,22,7
1,3,6,7,9,12,17,20,21,22>1,2,6,10,12,20,17,21,22,7
1,3,6,7,9,12,17,20,21,22>2,3,8,9,12,18,17,21,22,7
1,3,6,8,10,11,15,18,21,22>1,7,10,13,16,19,23,11,22
1,3,6,8,10,11,15,18,21,22>1,3,4,6,7,8,13,15,11,22
1,3,6,8,10,11,15,18,21,22>1,4,13,15,23,11,22
1,3,6,8,10,11,15,18,21,22>1,2,3,6,10,13,18,11,22
1,2,5,6,13,16,17,18,20,23>17,8,13,16,2,18,20,6
1,2,5,6,13,16,17,18,20,23>1,8,16,17,19,2,18,20,6
1,2,5,6,13,16,17,18,20,23>7,14,16,17,19,21,23,2,18,20,6
1,2,5,6,13,16,17,18,20,23>1,7,8,13,14,16,19,2,18,20,6
5,9,11,12,13,15,17,18,19,21,23>8,11,13,14,16,21,22,18,19,12
5,9,11,12,13,15,17,18,19,21,23>5,9,13,15,17,21,23,18,19,12
5,9,11,12,13,15,17,18,19,21,23>8,9,11,13,16,21,23,18,19,12
5,9,11,12,13,15,17,18,19,21,23>5,8,9,13,14,15,22,18,19,12
3,8,10,11,13,14,18,20,21,22,23>18,19,10,11,14,20,21,22,23
3,8,10,11,13,14,18,20,21,22,23>3,4,17,14,20,21,22,23
3,8,10,11,13,14,18,20,21,22,23>19,10,13,17,14,20,21,22,23
3,8,10,11,13,14,18,20,21,22,23>4,8,13,17,18,19,14,20,21,22,23
1,2,4,5,8,9,12,13,15,16,17,19,20,21,23>9,12,13,14,19,20,8,16,2,21
1,2,4,5,8,9,12,13,15,16,17,19,20,21,23>1,4,9,13,14,15,17,19,20,22,23,8,16,2,21
1,2,4,5,8,9,12,13,15,16,17,19,20,21,23>5,13,15,17,20,22,8,16,2,21
1,2,4,5,8,9,12,13,15,16,17,19,20,21,23>1,4,5,19,20,22,23,8,16,2,21
1,4,5,6,9,12,13,14,16,17,18,19,20,21,23>2,6,8,9,12,15,17,20,22,14,16,18,19,21
1,4,5,6,9,12,13,14,16,17,18,19,20,21,23>1,2,5,6,8,22,23,14,16,18,19,21
1,4,5,6,9,12,13,14,16,17,18,19,20,21,23>4,6,7,17,20,22,23,14,16,18,19,21
1,4,5,6,9,12,13,14,16,17,18,19,20,21,23>2,4,5,6,7,8,9,22,14,16,18,19,21
2,4,8,9,10,13,18,20,21,23>2,16,17,19,22,10,20,21
2,4,8,9,10,13,18,20,21,23>2,8,9,16,17,18,10,20,21
2,4,8,9,10,13,18,20,21,23>4,8,13,16,18,23,10,20,21
2,4,8,9,10,13,18,20,21,23>2,4,8,9,13,14,17,18,19,10,20,21
2,3,6,8,9,10,14,15,16,18,20,23>19,21,7,14,8,16,10,20
2,3,6,8,9,10,14,15,16,18,20,23>2,7,9,15,21,23,8,16,10,20
2,3,6,8,9,10,14,15,16,18,20,23>3,6,15,18,19,21,8,16,10,20
2,3,6,8,9,10,14,15,16,18,20,23>2,3,4,6,14,15,23,8,16,10,20
1,9,10,11,16,18>1,9,12,13,16,10,11
1,9,10,11,16,18>2,16,10,11
1,9,10,11,16,18>1,8,9,16,18,19,10,11
1,9,10,11,16,18>19,2,8,13,10,11
3,4,5,7,14,16,17,23>5,6,8,14,16,4
3,4,5,7,14,16,17,23>3,5,7,8,15,16,4
3,4,5,7,14,16,17,23>6,7,8,12,17,18,16,4
3,4,5,7,14,16,17,23>5,6,7,15,18,16,4
1,4,8,9,10,11,13,14,17,18,19,21,22>1,2,18,20,21,11,13,14,19,22
1,4,8,9,10,11,13,14,17,18,19,21,22>1,4,8,9,10,16,20,21,11,13,14,19,22
1,4,8,9,10,11,13,14,17,18,19,21,22>20,2,4,11,13,14,19,22
1,4,8,9,10,11,13,14,17,18,19,21,22>1,4,8,17,18,11,13,14,19,22
1,3,7,10,12,15,16,18,19,23>1,4,7,8,11,15,16,19,12
1,3,7,10,12,15,16,18,19,23>1,2,4,8,10,18,16,19,12
1,3,7,10,12,15,16,18,19,23>2,3,4,8,11,18,23,16,19,12
1,3,7,10,12,15,16,18,19,23>1,2,7,8,18,23,16,19,12
1,2,3,6,9,10,11,12,14,16,22,23>6,9,14,16,22,2,10,11,12,23
1,2,3,6,9,10,11,12,14,16,22,23>1,3,6,15,22,2,10,11,12,23
1,2,3,6,9,10,11,12,14,16,22,23>3,4,6,14,16,22,2,10,11,12,23
1,2,3,6,9,10,11,12,14,16,22,23>1,3,4,7,8,14,15,2,10,11,12,23
4,5,6,10,13,17,21,22>7,13,14,16,23,6,22
4,5,6,10,13,17,21,22>4,7,10,11,13,17,21,6,22
4,5,6,10,13,17,21,22>5,7,14,16,21,6,22
4,5,6,10,13,17,21,22>17,7,10,14,6,22
1,2,4,6,7,12,14,16,17,20,21,23>1,4,14,15,20,16,2,21,7
1,2,4,6,7,12,14,16,17,20,21,23>22,20,6,16,2,21,7
1,2,4,6,7,12,14,16,17,20,21,23>1,6,8,14,18,20,23,16,2,21,7
1,2,4,6,7,12,14,16,17,20,21,23>1,4,6,8,14,15,17,23,16,2,21,7
2,4,5,7,11,12,14,15,17,18,19,20,21,22>4,5,11,13,14,16,20,23,15,17,18,19,21,22
2,4,5,7,11,12,14,15,17,18,19,20,21,22>2,7,14,16,20,23,15,17,18,19,21,22
2,4,5,7,11,12,14,15,17,18,19,20,21,22>5,7,11,12,13,20,15,17,18,19,21,22
2,4,5,7,11,12,14,15,17,18,19,20,21,22>4,5,8,11,12,13,14,20,23,15,17,18,19,21,22
