TCR,NFAT,IFN-\beta,IFN-\betaR,IL-18,IL-18R,IRAK,SOCS1,IL-12,IL-12R,STAT4,T-bet,IFN-\gamma,IFN-\gammaR,JAK1,STAT1,IL-4,IL-4R,STAT6,GATA3,IL-10,IL-10R,STAT3
4,5,6,8,10,11,12,15,16,19,20,22>4,7,11,12,13,15,21,22,23,8,16
4,5,6,8,10,11,12,15,16,19,20,22>5,7,11,15,21,8,16
4,5,6,8,10,11,12,15,16,19,20,22>4,6,10,11,15,19,22,23,8,16
4,5,6,8,10,11,12,15,16,19,20,22>4,6,7,10,15,21,22,23,8,16
1,2,6,9,10,11,12,13,23>23,13,11,2,10,12
1,2,6,9,10,11,12,13,23>23,7,9,11,2,10,12
1,2,6,9,10,11,12,13,23>1,7,9,11,2,10,12
1,2,6,9,10,11,12,13,23>1,6,7,11,2,10,12
2,3,5,6,9,10,13,15,16,18,20,21>2,3,14,15,22,6,10,13,16,20,21
2,3,5,6,9,10,13,15,16,18,20,21>4,5,7,8,9,15,19,22,6,10,13,16,20,21
2,3,5,6,9,10,13,15,16,18,20,21>3,4,5,7,8,14,6,10,13,16,20,21
2,3,5,6,9,10,13,15,16,18,20,21>3,4,5,8,9,14,15,19,6,10,13,16,20,21
2,10,13,14,17,19,21>2,15,18,21,22,13,14
2,10,13,14,17,19,21>10,11,17,18,19,21,22,13,14
2,10,13,14,17,19,21>21,11,15,17,13,14
2,10,13,14,17,19,21>10,11,17,18,20,21,13,14
1,4,6,8,9,10,11,12,13,17,19,23>2,7,9,10,23,8,11,12
1,4,6,8,9,10,11,12,13,17,19,23>2,17,19,9,8,11,12
1,4,6,8,9,10,11,12,13,17,19,23>1,4,7,9,19,8,11,12
1,4,6,8,9,10,11,12,13,17,19,23>2,4,6,7,10,14,17,19,23,8,11,12
3,7,8,11,12,13,14,16,19,21,22>4,16,21,8,12,13,14,22
3,7,8,11,12,13,14,16,19,21,22>4,11,8,12,13,14,22
3,7,8,11,12,13,14,16,19,21,22>3,7,11,19,23,8,12,13,14,22
3,7,8,11,12,13,14,16,19,21,22>23,4,7,16,8,12,13,14,22
1,3,6,14,16,17,18>1,2,4,7,8,17,19,18
1,3,6,14,16,17,18>1,3,6,7,8,12,18
1,3,6,14,16,17,18>1,3,6,12,15,17,19,18
1,3,6,14,16,17,18>2,3,17,18
1,4,5,6,7,8,11,14,17,18,19,20,21,23>5,6,11,14,16,18,22,23,7,17,19,20,21
1,4,5,6,7,8,11,14,17,18,19,20,21,23>1,4,5,6,11,16,18,7,17,19,20,21
1,4,5,6,7,8,11,14,17,18,19,20,21,23>1,4,8,11,14,16,18,23,7,17,19,20,21
1,4,5,6,7,8,11,14,17,18,19,20,21,23>2,4,5,6,8,11,18,22,23,7,17,19,20,21
4,10,11,12,17,22,23>4,8,17,11,12,23
4,10,11,12,17,22,23>4,10,16,17,18,11,12,23
4,10,11,12,17,22,23>4,8,22,11,12,23
4,10,11,12,17,22,23>4,10,16,17,22,11,12,23
4,5,7,8,9,11,13,19,21,22>4,8,11,16,19,20,13,22
4,5,7,8,9,11,13,19,21,22>5,8,11,14,16,13,22
4,5,7,8,9,11,13,19,21,22>4,5,8,9,11,20,23,13,22
4,5,7,8,9,11,13,19,21,22>7,8,9,14,16,19,21,23,13,22
1,3,5,7,9,10,11,12,16,20,22>4,5,7,8,11,20,22,10
1,3,5,7,9,10,11,12,16,20,22>1,2,5,6,7,11,12,21,10
1,3,5,7,9,10,11,12,16,20,22>1,2,4,5,6,12,13,21,10
1,3,5,7,9,10,11,12,16,20,22>1,2,3,7,9,11,13,16,21,22,10
3,4,5,6,8,15,17,21>21,3,15,4,6
3,4,5,6,8,15,17,21>3,5,8,16,17,21,4,6
3,4,5,6,8,15,17,21>22,7,8,15,4,6
3,4,5,6,8,15,17,21>3,8,15,4,6
5,8,15,17,19,22>8,17,19,20,23
5,8,15,17,19,22>23,15,19,20
5,8,15,17,19,22>5,15,16,17,20,23
5,8,15,17,19,22>8,15,19,20
1,4,7,8,9,13,15,16,18,20,22>1,2,9,18,21,22,8,16,20,13
1,4,7,8,9,13,15,16,18,20,22>1,2,7,9,14,19,21,23,8,16,20,13
1,4,7,8,9,13,15,16,18,20,22>18,4,22,9,8,16,20,13
1,4,7,8,9,13,15,16,18,20,22>2,4,14,18,22,8,16,20,13
7,9,11,12,13,14,15,18,21,22,23>7,13,18,19,21,12,14,15,22,23
7,9,11,12,13,14,15,18,21,22,23>7,8,16,18,19,12,14,15,22,23
7,9,11,12,13,14,15,18,21,22,23>9,11,13,16,19,21,12,14,15,22,23
7,9,11,12,13,14,15,18,21,22,23>7,8,9,10,18,12,14,15,22,23
3,6,7,8,9,11,12,13,14,15,16,17,18,19,22,23>3,9,11,17,22,7,8,12,14,16,19,23
3,6,7,8,9,11,12,13,14,15,16,17,18,19,22,23>4,9,13,15,22,7,8,12,14,16,19,23
3,6,7,8,9,11,12,13,14,15,16,17,18,19,22,23>4,9,11,15,22,7,8,12,14,16,19,23
3,6,7,8,9,11,12,13,14,15,16,17,18,19,22,23>3,6,9,17,22,7,8,12,14,16,19,23
2,5,13,14,16,22>23,8,12,13,14
2,5,13,14,16,22>5,8,12,15,22,13,14
2,5,13,14,16,22>22,23,5,13,14
2,5,13,14,16,22>2,8,23,13,14
1,2,3,4,6,7,9,11,14,19>3,11,13,14,16,20,2,4,7
1,2,3,4,6,7,9,11,14,19>6,9,11,13,15,16,19,2,4,7
1,2,3,4,6,7,9,11,14,19>1,6,11,14,16,19,2,4,7
1,2,3,4,6,7,9,11,14,19>1,3,6,13,16,20,2,4,7
7,8,9,10,16,17,20,22,23>21,8,10,20,23
7,8,9,10,16,17,20,22,23>7,17,8,10,20,23
7,8,9,10,16,17,20,22,23>7,9,8,10,20,23
7,8,9,10,16,17,20,22,23>16,22,8,10,20,23
2,4,5,6,7,10,11,12,13,14,16,17,18,19,22>4,6,8,10,17,7,11,12,13,14,16,18,19
2,4,5,6,7,10,11,12,13,14,16,17,18,19,22>5,10,15,17,22,7,11,12,13,14,16,18,19
2,4,5,6,7,10,11,12,13,14,16,17,18,19,22>4,5,10,15,17,7,11,12,13,14,16,18,19
2,4,5,6,7,10,11,12,13,14,16,17,18,19,22>4,5,8,22,23,7,11,12,13,14,16,18,19
3,8,9,15,17,20,21,22>23,10,16,17,20,21,22
3,8,9,15,17,20,21,22>3,4,9,10,17,20,21,22
3,8,9,15,17,20,21,22>3,4,9,16,23,17,20,21,22
3,8,9,15,17,20,21,22>23,8,9,10,17,20,21,22
1,5,6,8,9,11,15,19,20,23>1,6,11,15,17,19,21,23,20
1,5,6,8,9,11,15,19,20,23>1,2,7,8,9,15,19,20
1,5,6,8,9,11,15,19,20,23>2,5,11,15,17,19,21,20
1,5,6,8,9,11,15,19,20,23>1,2,5,6,8,9,11,15,19,21,20
2,3,6,8,11,12,15,16,19,20,21,22>2,3,7,11,12,13,19,8,16,21,22
2,3,6,8,11,12,15,16,19,20,21,22>2,4,7,13,15,19,20,23,8,16,21,22
2,3,6,8,11,12,15,16,19,20,21,22>3,4,6,7,12,13,23,8,16,21,22
2,3,6,8,11,12,15,16,19,20,21,22>2,3,4,7,12,13,19,20,8,16,21,22
5,6,7,8,9,11,12,13,18,19,21,23>21,22,23,14,8,19,12,7
5,6,7,8,9,11,12,13,18,19,21,23>21,5,23,22,8,19,12,7
5,6,7,8,9,11,12,13,18,19,21,23>22,6,23,11,8,19,12,7
5,6,7,8,9,11,12,13,18,19,21,23>11,14,18,21,23,8,19,12,7
2,4,5,8,12,13,14,16,19,22>4,22,8,12,13,14,16
2,4,5,8,12,13,14,16,19,22>2,5,23,8,12,13,14,16
2,4,5,8,12,13,14,16,19,22>2,5,19,22,8,12,13,14,16
2,4,5,8,12,13,14,16,19,22>4,5,23,8,12,13,14,16
2,3,6,7,8,9,12,14,15,21>2,10,14,15,16,22,8,12,7
2,3,6,7,8,9,12,14,15,21>2,4,6,9,13,15,16,22,8,12,7
2,3,6,7,8,9,12,14,15,21>2,4,6,9,14,15,8,12,7
2,3,6,7,8,9,12,14,15,21>3,4,13,15,21,8,12,7
1,3,5,9,10,11,13,14,16,19,20,21>1,5,8,9,10,15,22,21,20,13,14
1,3,5,9,10,11,13,14,16,19,20,21>3,5,8,9,10,11,19,22,21,20,13,14
1,3,5,9,10,11,13,14,16,19,20,21>2,3,4,5,11,22,21,20,13,14
1,3,5,9,10,11,13,14,16,19,20,21>1,2,3,4,5,15,16,21,20,13,14
1,2,4,5,6,9,10,13,20,21,22,23>16,4,9,13,2,6,10,20,21,22,23
1,2,4,5,6,9,10,13,20,21,22,23>5,9,13,2,6,10,20,21,22,23
1,2,4,5,6,9,10,13,20,21,22,23>1,5,13,16,17,2,6,10,20,21,22,23
1,2,4,5,6,9,10,13,20,21,22,23>1,4,5,14,2,6,10,20,21,22,23
1,7,11,12,17,18,23>2,11,17,18,12
1,7,11,12,17,18,23>23,1,2,8,18,12
1,7,11,12,17,18,23>1,7,17,19,18,12
1,7,11,12,17,18,23>1,2,7,19,18,12
2,3,4,6,8,9,10,12,13,15,18,19,23>3,9,11,13,14,16,18,8,19,4,12
2,3,4,6,8,9,10,12,13,15,18,19,23>3,15,7,11,8,19,4,12
2,3,4,6,8,9,10,12,13,15,18,19,23>6,7,10,11,13,14,16,18,8,19,4,12
2,3,4,6,8,9,10,12,13,15,18,19,23>15,6,7,23,8,19,4,12
1,3,4,5,10,12,18,22>2,3,5,11,13,16,23,4,12
1,3,4,5,10,12,18,22>1,2,5,8,11,18,19,22,4,12
1,3,4,5,10,12,18,22>2,3,8,10,11,13,16,18,19,4,12
1,3,4,5,10,12,18,22>1,2,3,5,8,11,13,22,4,12
3,6,7,9,13,14,21,23>3,22,13,15,14,7
3,6,7,9,13,14,21,23>6,10,15,21,22,23,14,7
3,6,7,9,13,14,21,23>21,6,10,13,14,7
3,6,7,9,13,14,21,23>3,6,9,13,23,14,7
2,3,4,7,8,9,12,13,15,17,18,19,23>16,23,14,15,8,19,4,12
2,3,4,7,8,9,12,13,15,17,18,19,23>2,3,9,13,15,16,18,8,19,4,12
2,3,4,7,8,9,12,13,15,17,18,19,23>7,13,15,16,17,23,8,19,4,12
2,3,4,7,8,9,12,13,15,17,18,19,23>2,3,7,9,13,14,18,8,19,4,12
1,2,4,8,10,12,13,14,15,20,21,23>15,8,2,21,14
1,2,4,8,10,12,13,14,15,20,21,23>1,10,12,16,17,22,23,8,2,21,14
1,2,4,8,10,12,13,14,15,20,21,23>1,10,12,13,16,17,20,8,2,21,14
1,2,4,8,10,12,13,14,15,20,21,23>1,4,10,12,13,16,20,22,8,2,21,14
1,6,8,9,12,13,14,15,16,19,22>1,15,19,22,23,8,12,13,14,16
1,6,8,9,12,13,14,15,16,19,22>1,2,9,19,23,8,12,13,14,16
1,6,8,9,12,13,14,15,16,19,22>2,6,7,19,22,23,8,12,13,14,16
1,6,8,9,12,13,14,15,16,19,22>1,2,6,7,19,8,12,13,14,16
1,2,4,6,8,10,14,15,16,17,18,20,22>6,7,10,13,14,15,21,22,23,8,16,2,20
1,2,4,6,8,10,14,15,16,17,18,20,22>1,6,7,10,14,17,18,19,23,8,16,2,20
1,2,4,6,8,10,14,15,16,17,18,20,22>4,6,7,10,15,17,21,23,8,16,2,20
1,2,4,6,8,10,14,15,16,17,18,20,22>1,4,6,15,18,19,22,23,8,16,2,20
5,7,8,9,11,12,13,17,20>5,6,7,9,10,14,20,8,17,13
5,7,8,9,11,12,13,17,20>14,5,10,11,8,17,13
5,7,8,9,11,12,13,17,20>6,7,9,11,12,14,20,8,17,13
5,7,8,9,11,12,13,17,20>5,6,7,9,11,12,14,8,17,13
1,4,6,7,8,9,11,13,14,15,16,17,20,22>2,9,10,11,17,21,23,7,8,13,14,16,20
1,4,6,7,8,9,11,13,14,15,16,17,20,22>1,2,9,7,8,13,14,16,20
1,4,6,7,8,9,11,13,14,15,16,17,20,22>4,6,17,21,22,7,8,13,14,16,20
1,4,6,7,8,9,11,13,14,15,16,17,20,22>1,4,17,11,7,8,13,14,16,20
3,5,7,8,9,11,13,16,17,18,21>9,10,11,12,16,17,22,8,13
3,5,7,8,9,11,13,16,17,18,21>3,4,9,11,18,19,22,8,13
3,5,7,8,9,11,13,16,17,18,21>5,7,9,10,11,12,14,16,17,19,8,13
3,5,7,8,9,11,13,16,17,18,21>3,4,5,6,7,10,12,14,16,18,19,21,8,13
1,2,3,4,5,6,7,10,11,12,13,16,17,19,21>1,3,6,10,14,21,2,4,7,11,12,13,16
1,2,3,4,5,6,7,10,11,12,13,16,17,19,21>5,6,8,10,14,2,4,7,11,12,13,16
1,2,3,4,5,6,7,10,11,12,13,16,17,19,21>1,5,6,14,18,2,4,7,11,12,13,16
1,2,3,4,5,6,7,10,11,12,13,16,17,19,21>3,5,6,14,18,2,4,7,11,12,13,16
