TCR,NFAT,IFN-\beta,IFN-\betaR,IL-18,IL-18R,IRAK,SOCS1,IL-12,IL-12R,STAT4,T-bet,IFN-\gamma,IFN-\gammaR,JAK1,STAT1,IL-4,IL-4R,STAT6,GATA3,IL-10,IL-10R,STAT3
2,3,4,5,6,7,8,13,14,16,21,22,23>2,3,21,4,6,7,8,14,16,22,23
2,3,4,5,6,7,8,13,14,16,21,22,23>2,3,13,4,6,7,8,14,16,22,23
2,3,4,5,6,7,8,13,14,16,21,22,23>5,13,21,4,6,7,8,14,16,22,23
2,3,4,5,6,7,8,13,14,16,21,22,23>3,5,21,4,6,7,8,14,16,22,23
1,2,4,5,7,8,9,10,15,22>6,7,8,13,15,22,23,2,10
1,2,4,5,7,8,9,10,15,22>6,7,13,16,22,23,2,10
1,2,4,5,7,8,9,10,15,22>4,6,7,9,11,15,16,22,2,10
1,2,4,5,7,8,9,10,15,22>1,4,5,7,9,15,2,10
1,3,5,7,8,10,12,13,14,15,17,19,22,23>1,2,3,11,16,17,19,22,8,12,14,23
1,3,5,7,8,10,12,13,14,15,17,19,22,23>1,3,4,7,16,8,12,14,23
1,3,5,7,8,10,12,13,14,15,17,19,22,23>2,3,7,16,17,22,8,12,14,23
1,3,5,7,8,10,12,13,14,15,17,19,22,23>1,2,3,5,7,10,11,15,16,19,22,8,12,14,23
1,3,7,8,11,12,14,17,20,22,23>1,21,22,4,8,17,23
1,3,7,8,11,12,14,17,20,22,23>1,2,3,4,7,11,12,14,20,21,8,17,23
1,3,7,8,11,12,14,17,20,22,23>1,3,7,11,20,22,8,17,23
1,3,7,8,11,12,14,17,20,22,23>1,2,3,7,14,22,8,17,23
2,4,6,11,12,13,21,22,23>2,21,11,12,22,23
2,4,6,11,12,13,21,22,23>2,4,7,16,21,12,22,23
2,4,6,11,12,13,21,22,23>14,2,13,12,22,23
2,4,6,11,12,13,21,22,23>4,6,7,11,14,12,22,23
1,2,3,9,10,12,14,16,21,22>16,23,2,10,12,22
1,2,3,9,10,12,14,16,21,22>1,8,13,14,16,21,2,10,12,22
1,2,3,9,10,12,14,16,21,22>1,3,8,9,11,21,2,10,12,22
1,2,3,9,10,12,14,16,21,22>21,3,4,9,2,10,12,22
2,3,5,8,9,11,12,14,15,18,19,20,22>2,5,11,15,17,18,20,22,8,19
2,3,5,8,9,11,12,14,15,18,19,20,22>2,3,5,12,14,16,20,21,8,19
2,3,5,8,9,11,12,14,15,18,19,20,22>4,5,9,12,15,17,18,20,22,23,8,19
2,3,5,8,9,11,12,14,15,18,19,20,22>2,3,4,5,9,11,14,15,20,22,8,19
1,2,3,4,6,7,8,9,11,13,14,16,18,19,21,23>1,9,11,12,2,4,7,8,14,16,19
1,2,3,4,6,7,8,9,11,13,14,16,18,19,21,23>1,3,22,9,2,4,7,8,14,16,19
1,2,3,4,6,7,8,9,11,13,14,16,18,19,21,23>6,11,13,18,20,2,4,7,8,14,16,19
1,2,3,4,6,7,8,9,11,13,14,16,18,19,21,23>1,3,6,9,12,18,2,4,7,8,14,16,19
2,3,4,5,6,9,10,11,12,14,16,17,20,22>9,12,14,18,20,22,23,16,10,4,6
2,3,4,5,6,9,10,11,12,14,16,17,20,22>3,8,13,15,20,16,10,4,6
2,3,4,5,6,9,10,11,12,14,16,17,20,22>5,7,9,12,13,14,21,16,10,4,6
2,3,4,5,6,9,10,11,12,14,16,17,20,22>3,5,9,11,14,15,20,21,22,23,16,10,4,6
1,2,4,5,8,9,10,12,13,17,18,19,20,22>10,16,20,21,22,23,2,8,13,17,19
1,2,4,5,8,9,10,12,13,17,18,19,20,22>1,21,9,18,2,8,13,17,19
1,2,4,5,8,9,10,12,13,17,18,19,20,22>1,4,9,20,22,2,8,13,17,19
1,2,4,5,8,9,10,12,13,17,18,19,20,22>1,4,5,9,14,16,18,20,23,2,8,13,17,19
1,2,3,6,7,11,12,13,14,18,21>19,4,6,8,2,7,12,13,14
1,2,3,6,7,11,12,13,14,18,21>1,4,6,15,19,22,2,7,12,13,14
1,2,3,6,7,11,12,13,14,18,21>3,4,8,11,18,21,2,7,12,13,14
1,2,3,6,7,11,12,13,14,18,21>4,11,15,18,19,22,2,7,12,13,14
1,7,11,13,16,17,19,20,22>16,19,21,22,23,20,13
1,7,11,13,16,17,19,20,22>2,7,11,14,16,21,20,13
1,7,11,13,16,17,19,20,22>1,2,8,16,17,18,21,23,20,13
1,7,11,13,16,17,19,20,22>2,7,11,14,16,22,20,13
3,5,7,8,10,11,14,16,17,18,19>3,12,13,16,20,8,19,11
3,5,7,8,10,11,14,16,17,18,19>3,10,12,14,17,20,8,19,11
3,5,7,8,10,11,14,16,17,18,19>4,12,14,17,20,8,19,11
3,5,7,8,10,11,14,16,17,18,19>4,5,12,13,16,17,18,8,19,11
1,3,4,5,6,7,8,9,12,14,15,16,20,22>1,5,9,21,22,23,4,6,7,8,16
1,3,4,5,6,7,8,9,12,14,15,16,20,22>1,2,5,9,13,15,20,21,22,4,6,7,8,16
1,3,4,5,6,7,8,9,12,14,15,16,20,22>1,2,9,12,13,15,20,22,23,4,6,7,8,16
1,3,4,5,6,7,8,9,12,14,15,16,20,22>20,2,3,4,6,7,8,16
2,3,6,8,9,11,13,14,16,18,20,22>3,6,10,11,21,23,8,20,13,14
2,3,6,8,9,11,13,14,16,18,20,22>11,2,18,10,8,20,13,14
2,3,6,8,9,11,13,14,16,18,20,22>16,3,6,21,8,20,13,14
2,3,6,8,9,11,13,14,16,18,20,22>16,3,7,10,8,20,13,14
2,5,6,7,8,10,11,15,16,17,22>22,6,7,8,11,16
2,5,6,7,8,10,11,15,16,17,22>2,10,13,23,6,7,8,11,16
2,5,6,7,8,10,11,15,16,17,22>2,5,12,13,15,23,6,7,8,11,16
2,5,6,7,8,10,11,15,16,17,22>2,10,15,6,7,8,11,16
1,3,5,7,9,11,12,13,15,18,19>1,4,7,15,18,19,12,13
1,3,5,7,9,11,12,13,15,18,19>3,4,9,11,14,15,18,19,12,13
1,3,5,7,9,11,12,13,15,18,19>1,3,4,5,7,8,9,14,15,16,19,12,13
1,3,5,7,9,11,12,13,15,18,19>1,3,5,8,11,14,16,19,12,13
2,5,6,8,9,10,11,15,21,23>2,15,16,21,22,23,10,11,6
2,5,6,8,9,10,11,15,21,23>5,8,9,15,16,21,22,10,11,6
2,5,6,8,9,10,11,15,21,23>2,5,8,9,15,16,22,23,10,11,6
2,5,6,8,9,10,11,15,21,23>2,5,7,15,21,10,11,6
1,5,6,7,10,12,14,16,17,22>1,2,8,10,14,15,17,18,22,12,6,7
1,5,6,7,10,12,14,16,17,22>5,8,10,17,18,22,23,12,6,7
1,5,6,7,10,12,14,16,17,22>1,5,14,15,16,17,18,23,12,6,7
1,5,6,7,10,12,14,16,17,22>2,5,10,11,17,18,22,12,6,7
2,3,4,6,8,13,14,15,17,18,21,22>2,7,8,16,21,23,4,13,14,22
2,3,4,6,8,13,14,15,17,18,21,22>6,8,16,17,21,23,4,13,14,22
2,3,4,6,8,13,14,15,17,18,21,22>3,6,15,17,19,21,23,4,13,14,22
2,3,4,6,8,13,14,15,17,18,21,22>2,3,6,8,16,18,21,4,13,14,22
1,4,5,6,11,12,13,15,19,22>6,8,15,19,22,23,12,13
1,4,5,6,11,12,13,15,19,22>1,2,5,8,15,23,12,13
1,4,5,6,11,12,13,15,19,22>4,8,14,15,16,22,12,13
1,4,5,6,11,12,13,15,19,22>2,4,7,14,16,19,22,23,12,13
2,3,5,10,13,14,15,17,22,23>2,4,5,11,13,17,23,14,15
2,3,5,10,13,14,15,17,22,23>2,3,6,10,16,23,14,15
2,3,5,10,13,14,15,17,22,23>2,4,10,11,17,23,14,15
2,3,5,10,13,14,15,17,22,23>3,4,6,11,13,18,22,23,14,15
2,3,6,7,11,12,18,21>2,6,11,13,19,12,7
2,3,6,7,11,12,18,21>22,4,6,13,12,7
2,3,6,7,11,12,18,21>2,4,12,7
2,3,6,7,11,12,18,21>2,8,19,12,7
1,4,8,9,11,12,13,16,17,18,19,23>9,14,17,18,23,8,16,19,12
1,4,8,9,11,12,13,16,17,18,19,23>2,9,13,17,18,8,16,19,12
1,4,8,9,11,12,13,16,17,18,19,23>2,9,11,13,8,16,19,12
1,4,8,9,11,12,13,16,17,18,19,23>1,2,9,13,14,17,8,16,19,12
1,2,3,7,8,10,12,13,20>1,4,7,10,21,8,2,13
1,2,3,7,8,10,12,13,20>1,3,7,14,17,20,21,8,2,13
1,2,3,7,8,10,12,13,20>17,4,7,8,2,13
1,2,3,7,8,10,12,13,20>20,4,7,8,2,13
1,2,5,6,7,9,10,11,12,13,14,15,16,17,18,19,20,23>6,9,12,13,23,2,7,14,15,16,18,19
1,2,5,6,7,9,10,11,12,13,14,15,16,17,18,19,20,23>5,8,9,13,17,21,23,2,7,14,15,16,18,19
1,2,5,6,7,9,10,11,12,13,14,15,16,17,18,19,20,23>6,8,12,21,23,2,7,14,15,16,18,19
1,2,5,6,7,9,10,11,12,13,14,15,16,17,18,19,20,23>1,6,8,10,11,20,2,7,14,15,16,18,19
3,4,5,7,10,12,18,19,20,21,22,23>10,12,16,17,18,20,4,19,21,22,23
3,4,5,7,10,12,18,19,20,21,22,23>5,12,16,17,18,20,4,19,21,22,23
3,4,5,7,10,12,18,19,20,21,22,23>7,8,10,12,16,17,20,4,19,21,22,23
3,4,5,7,10,12,18,19,20,21,22,23>3,5,7,8,16,17,18,4,19,21,22,23
2,6,7,8,10,11,12,15,18,19,20,21,22>17,18,20,12,7,8,19,21,22
2,6,7,8,10,11,12,15,18,19,20,21,22>2,11,12,15,23,7,8,19,21,22
2,6,7,8,10,11,12,15,18,19,20,21,22>20,11,13,15,7,8,19,21,22
2,6,7,8,10,11,12,15,18,19,20,21,22>2,6,10,11,13,16,18,7,8,19,21,22
1,3,5,6,8,10,11,12,13,14,16,17,18,23>4,13,16,19,23,6,8,11,12,14
1,3,5,6,8,10,11,12,13,14,16,17,18,23>17,23,19,5,6,8,11,12,14
1,3,5,6,8,10,11,12,13,14,16,17,18,23>3,4,18,19,23,6,8,11,12,14
1,3,5,6,8,10,11,12,13,14,16,17,18,23>1,2,3,4,7,16,6,8,11,12,14
2,3,4,5,9,11,12,15,17,23>6,10,15,17,23,4,12
2,3,4,5,9,11,12,15,17,23>3,6,9,10,15,4,12
2,3,4,5,9,11,12,15,17,23>3,5,9,10,18,4,12
2,3,4,5,9,11,12,15,17,23>2,3,5,8,10,15,16,4,12
2,6,8,10,11,13,16,19,20,22>23,6,22,11,8,20,13
2,6,8,10,11,13,16,19,20,22>7,16,19,21,22,8,20,13
2,6,8,10,11,13,16,19,20,22>6,14,16,19,22,23,8,20,13
2,6,8,10,11,13,16,19,20,22>2,6,7,10,11,16,21,22,8,20,13
2,3,4,5,7,8,12,13,14,15,18,20,21,22>7,12,15,16,20,4,8,13,14,21,22
2,3,4,5,7,8,12,13,14,15,18,20,21,22>2,3,7,12,15,4,8,13,14,21,22
2,3,4,5,7,8,12,13,14,15,18,20,21,22>2,3,5,6,12,15,16,18,23,4,8,13,14,21,22
2,3,4,5,7,8,12,13,14,15,18,20,21,22>2,3,5,7,15,16,19,20,4,8,13,14,21,22
2,4,6,7,12,16,18,19,21,23>23,4,21,22,16,19,12,7
2,4,6,7,12,16,18,19,21,23>2,4,8,22,16,19,12,7
2,4,6,7,12,16,18,19,21,23>23,6,8,22,16,19,12,7
2,4,6,7,12,16,18,19,21,23>23,4,6,8,16,19,12,7
2,3,4,5,6,8,10,12,13,14,15,16,17,21,22>2,7,17,21,23,4,6,8,12,13,14,16,22
2,3,4,5,6,8,10,12,13,14,15,16,17,21,22>2,3,7,4,6,8,12,13,14,16,22
2,3,4,5,6,8,10,12,13,14,15,16,17,21,22>5,7,10,15,17,21,4,6,8,12,13,14,16,22
2,3,4,5,6,8,10,12,13,14,15,16,17,21,22>2,7,11,15,21,4,6,8,12,13,14,16,22
2,3,4,8,9,14,15,17,21,22>9,10,14,16,21,4,22
2,3,4,8,9,14,15,17,21,22>2,15,16,17,23,4,22
2,3,4,8,9,14,15,17,21,22>2,13,14,16,23,4,22
2,3,4,8,9,14,15,17,21,22>2,3,8,9,10,14,15,16,23,4,22
2,6,10,16,17,18,20,21>19,10,13,18,20,21
2,6,10,16,17,18,20,21>7,10,13,17,22,18,20,21
2,6,10,16,17,18,20,21>7,8,10,16,22,18,20,21
2,6,10,16,17,18,20,21>2,6,7,16,18,20,21
1,2,6,7,8,9,10,12,16,17,18,19,20,22>1,6,9,12,16,23,8,2,19,7
1,2,6,7,8,9,10,12,16,17,18,19,20,22>1,6,10,13,16,18,20,21,22,23,8,2,19,7
1,2,6,7,8,9,10,12,16,17,18,19,20,22>6,9,12,17,18,20,8,2,19,7
1,2,6,7,8,9,10,12,16,17,18,19,20,22>1,6,9,12,13,21,8,2,19,7
2,3,6,9,12,13,15,17,19,20,23>6,7,8,12,13,14,15,16,18,19,20,21,23,17
2,3,6,9,12,13,15,17,19,20,23>2,6,7,9,13,15,16,18,17
2,3,6,9,12,13,15,17,19,20,23>3,4,7,8,13,18,19,21,23,17
2,3,6,9,12,13,15,17,19,20,23>2,3,4,6,7,13,15,19,21,23,17
2,4,5,7,8,10,12,14,16,17,18,19,20,22,23>18,20,22,8,16,19,23
2,4,5,7,8,10,12,14,16,17,18,19,20,22,23>2,7,12,17,21,22,8,16,19,23
2,4,5,7,8,10,12,14,16,17,18,19,20,22,23>2,4,7,14,18,22,8,16,19,23
2,4,5,7,8,10,12,14,16,17,18,19,20,22,23>2,4,10,14,17,20,21,8,16,19,23
2,7,9,11,13,15,16,18,23>9,10,14,15,19,23,16
2,7,9,11,13,15,16,18,23>2,7,9,10,11,12,13,15,23,16
2,7,9,11,13,15,16,18,23>8,9,13,15,19,23,16
2,7,9,11,13,15,16,18,23>2,7,8,9,15,16
