TCR,NFAT,IFN-\beta,IFN-\betaR,IL-18,IL-18R,IRAK,SOCS1,IL-12,IL-12R,STAT4,T-bet,IFN-\gamma,IFN-\gammaR,JAK1,STAT1,IL-4,IL-4R,STAT6,GATA3,IL-10,IL-10R,STAT3
3,4,6,7,8,9,10,12,15,19,20,22,23>3,6,20,19,8,4,23,7
3,4,6,7,8,9,10,12,15,19,20,22,23>6,9,22,16,8,4,23,7
3,4,6,7,8,9,10,12,15,19,20,22,23>6,10,16,17,21,8,4,23,7
3,4,6,7,8,9,10,12,15,19,20,22,23>3,6,9,10,16,19,8,4,23,7
3,4,6,7,8,9,10,12,15,19,20,22,23>3,6,9,12,15,19,21,8,4,23,7
3,4,6,7,8,9,10,12,15,19,20,22,23>10,12,15,17,20,8,4,23,7
3,5,6,7,11,14,16,18,19,22,23>18,3,5,20,19,23,7
3,5,6,7,11,14,16,18,19,22,23>3,4,5,12,15,16,18,19,23,7
3,5,6,7,11,14,16,18,19,22,23>4,8,11,20,22,19,23,7
3,5,6,7,11,14,16,18,19,22,23>3,4,8,12,15,18,20,22,19,23,7
3,5,6,7,11,14,16,18,19,22,23>5,8,11,14,15,18,20,19,23,7
3,5,6,7,11,14,16,18,19,22,23>3,4,5,6,8,11,12,14,15,18,19,23,7
1,4,7,8,9,12,14,17,20>2,12,13,14,16,21,8,17
1,4,7,8,9,12,14,17,20>14,4,21,10,8,17
1,4,7,8,9,12,14,17,20>2,4,7,12,20,8,17
1,4,7,8,9,12,14,17,20>7,9,12,13,14,16,8,17
1,4,7,8,9,12,14,17,20>1,7,9,10,20,8,17
1,4,7,8,9,12,14,17,20>2,4,7,9,10,12,14,8,17
5,8,11,13,16,19,20,21,22,23>5,13,8,20,21,22,23
5,8,11,13,16,19,20,21,22,23>11,13,19,8,20,21,22,23
5,8,11,13,16,19,20,21,22,23>5,11,14,19,8,20,21,22,23
5,8,11,13,16,19,20,21,22,23>11,16,19,8,20,21,22,23
5,8,11,13,16,19,20,21,22,23>13,16,8,20,21,22,23
5,8,11,13,16,19,20,21,22,23>5,14,16,19,8,20,21,22,23
1,2,4,5,7,8,10,12,14,16,17,18,19,20,21,23>18,4,23,12,2,8,16,19,21
1,2,4,5,7,8,10,12,14,16,17,18,19,20,21,23>1,5,12,14,20,22,2,8,16,19,21
1,2,4,5,7,8,10,12,14,16,17,18,19,20,21,23>7,14,17,18,23,2,8,16,19,21
1,2,4,5,7,8,10,12,14,16,17,18,19,20,21,23>23,10,12,2,8,16,19,21
1,2,4,5,7,8,10,12,14,16,17,18,19,20,21,23>4,5,10,14,20,23,2,8,16,19,21
1,2,4,5,7,8,10,12,14,16,17,18,19,20,21,23>1,4,7,10,12,17,18,22,2,8,16,19,21
3,5,6,7,8,9,10,13,18,21,22>3,4,14,18,23,6,7,10,13,22
3,5,6,7,8,9,10,13,18,21,22>3,4,11,18,19,23,6,7,10,13,22
3,5,6,7,8,9,10,13,18,21,22>8,11,14,18,19,21,6,7,10,13,22
3,5,6,7,8,9,10,13,18,21,22>18,3,8,11,6,7,10,13,22
3,5,6,7,8,9,10,13,18,21,22>3,4,5,8,19,21,23,6,7,10,13,22
3,5,6,7,8,9,10,13,18,21,22>23,4,21,9,6,7,10,13,22
5,6,7,9,12,14,16,18,22>8,9,14,18,19,23,12,6,7
5,6,7,9,12,14,16,18,22>5,9,10,12,6,7
5,6,7,9,12,14,16,18,22>8,9,10,15,16,19,23,12,6,7
5,6,7,9,12,14,16,18,22>13,14,18,19,23,12,6,7
5,6,7,9,12,14,16,18,22>5,13,16,19,22,23,12,6,7
5,6,7,9,12,14,16,18,22>5,10,13,14,15,18,22,23,12,6,7
1,4,6,9,13,14,16,18,20,22>4,6,8,9,10,19,21,16,20,14
1,4,6,9,13,14,16,18,20,22>4,6,15,19,21,23,16,20,14
1,4,6,9,13,14,16,18,20,22>1,7,9,10,15,18,16,20,14
1,4,6,9,13,14,16,18,20,22>1,4,7,10,19,21,22,16,20,14
1,4,6,9,13,14,16,18,20,22>1,2,4,7,8,13,18,19,22,23,16,20,14
1,4,6,9,13,14,16,18,20,22>1,6,7,9,18,21,16,20,14
1,3,4,6,8,9,10,11,12,21,22,23>21,1,3,9,4,8,10,11,12,22,23
1,3,4,6,8,9,10,11,12,21,22,23>2,3,9,16,21,4,8,10,11,12,22,23
1,3,4,6,8,9,10,11,12,21,22,23>1,2,6,9,16,4,8,10,11,12,22,23
1,3,4,6,8,9,10,11,12,21,22,23>2,3,6,16,4,8,10,11,12,22,23
1,3,4,6,8,9,10,11,12,21,22,23>1,7,16,4,8,10,11,12,22,23
1,3,4,6,8,9,10,11,12,21,22,23>1,6,7,9,21,4,8,10,11,12,22,23
2,3,5,6,12,13,14,15,18,20,21,22,23>5,8,13,16,18,6,14,15,21,22,23
2,3,5,6,12,13,14,15,18,20,21,22,23>18,7,8,6,14,15,21,22,23
2,3,5,6,12,13,14,15,18,20,21,22,23>3,7,12,18,19,20,6,14,15,21,22,23
2,3,5,6,12,13,14,15,18,20,21,22,23>2,3,5,7,12,13,16,18,6,14,15,21,22,23
2,3,5,6,12,13,14,15,18,20,21,22,23>4,5,7,8,13,16,17,19,6,14,15,21,22,23
2,3,5,6,12,13,14,15,18,20,21,22,23>2,3,4,5,7,16,17,6,14,15,21,22,23
2,3,4,8,9,10,11,12,13,14,15,19,20,21>3,12,15,16,17,20,4,8,13,14,21
2,3,4,8,9,10,11,12,13,14,15,19,20,21>2,10,12,17,19,20,4,8,13,14,21
2,3,4,8,9,10,11,12,13,14,15,19,20,21>3,10,12,16,20,4,8,13,14,21
2,3,4,8,9,10,11,12,13,14,15,19,20,21>22,11,12,15,4,8,13,14,21
2,3,4,8,9,10,11,12,13,14,15,19,20,21>3,11,15,16,17,19,4,8,13,14,21
2,3,4,8,9,10,11,12,13,14,15,19,20,21>2,3,9,10,11,15,17,19,20,22,4,8,13,14,21
3,5,6,7,10,11,12,13,14,15,17,20,21,22>4,11,16,20,23,6,7,13,14,15,17,21,22
3,5,6,7,10,11,12,13,14,15,17,20,21,22>5,11,16,20,23,6,7,13,14,15,17,21,22
3,5,6,7,10,11,12,13,14,15,17,20,21,22>3,4,5,11,23,6,7,13,14,15,17,21,22
3,5,6,7,10,11,12,13,14,15,17,20,21,22>23,5,8,12,6,7,13,14,15,17,21,22
3,5,6,7,10,11,12,13,14,15,17,20,21,22>3,8,10,11,20,6,7,13,14,15,17,21,22
3,5,6,7,10,11,12,13,14,15,17,20,21,22>4,8,10,11,16,18,6,7,13,14,15,17,21,22
2,3,9,10,14,15,17>17,3,10,15
2,3,9,10,14,15,17>2,3,18,13,10,15
2,3,9,10,14,15,17>2,9,13,14,16,17,10,15
2,3,9,10,14,15,17>16,17,18,11,10,15
2,3,9,10,14,15,17>4,11,13,14,10,15
2,3,9,10,14,15,17>4,11,14,16,18,10,15
3,4,6,7,8,9,10,11,13,14,15,18,19,20,21,22,23>3,6,8,11,15,4,7,14,19,20,21,22,23
3,4,6,7,8,9,10,11,13,14,15,18,19,20,21,22,23>6,9,11,16,18,4,7,14,19,20,21,22,23
3,4,6,7,8,9,10,11,13,14,15,18,19,20,21,22,23>8,9,11,13,15,16,17,4,7,14,19,20,21,22,23
3,4,6,7,8,9,10,11,13,14,15,18,19,20,21,22,23>10,13,15,16,17,4,7,14,19,20,21,22,23
3,4,6,7,8,9,10,11,13,14,15,18,19,20,21,22,23>3,6,9,10,11,13,15,18,4,7,14,19,20,21,22,23
3,4,6,7,8,9,10,11,13,14,15,18,19,20,21,22,23>3,6,8,9,10,11,17,4,7,14,19,20,21,22,23
2,5,6,10,12,15,16,21,22,23>21,11,15,6,12,16,22,23
2,5,6,10,12,15,16,21,22,23>5,11,6,12,16,22,23
2,5,6,10,12,15,16,21,22,23>21,5,8,6,12,16,22,23
2,5,6,10,12,15,16,21,22,23>21,10,6,12,16,22,23
2,5,6,10,12,15,16,21,22,23>7,10,11,6,12,16,22,23
2,5,6,10,12,15,16,21,22,23>2,8,10,11,15,6,12,16,22,23
2,5,7,14,17,18,19,20>2,5,21,17,18,19,20
2,5,7,14,17,18,19,20>2,7,15,21,17,18,19,20
2,5,7,14,17,18,19,20>5,7,21,17,18,19,20
2,5,7,14,17,18,19,20>2,7,14,15,17,18,19,20
2,5,7,14,17,18,19,20>13,14,15,17,18,19,20
2,5,7,14,17,18,19,20>2,5,7,13,14,17,18,19,20
1,4,5,8,12,13,14,15,16,17,18,21,22,23>1,2,4,13,15,19,8,12,14,16,22,23
1,4,5,8,12,13,14,15,16,17,18,21,22,23>1,2,4,13,17,18,8,12,14,16,22,23
1,4,5,8,12,13,14,15,16,17,18,21,22,23>6,13,15,18,19,21,8,12,14,16,22,23
1,4,5,8,12,13,14,15,16,17,18,21,22,23>1,4,6,13,15,17,19,8,12,14,16,22,23
1,4,5,8,12,13,14,15,16,17,18,21,22,23>2,4,6,13,8,12,14,16,22,23
1,4,5,8,12,13,14,15,16,17,18,21,22,23>1,2,4,6,15,17,18,21,8,12,14,16,22,23
1,4,6,9,12,13,16,17,18,19,20,22>2,9,12,17,23,16,18,19,13
1,4,6,9,12,13,16,17,18,19,20,22>1,4,6,12,17,20,16,18,19,13
1,4,6,9,12,13,16,17,18,19,20,22>1,2,4,6,8,14,17,23,16,18,19,13
1,4,6,9,12,13,16,17,18,19,20,22>6,7,12,17,20,16,18,19,13
1,4,6,9,12,13,16,17,18,19,20,22>1,6,7,8,9,22,23,16,18,19,13
1,4,6,9,12,13,16,17,18,19,20,22>1,4,6,7,9,12,14,20,22,23,16,18,19,13
1,5,6,8,11,13,15,16,19,20>1,2,14,15,19,8,16,20,13
1,5,6,8,11,13,15,16,19,20>1,6,11,19,21,8,16,20,13
1,5,6,8,11,13,15,16,19,20>5,6,11,15,19,21,8,16,20,13
1,5,6,8,11,13,15,16,19,20>1,7,14,15,19,21,8,16,20,13
1,5,6,8,11,13,15,16,19,20>1,5,7,14,15,19,8,16,20,13
1,5,6,8,11,13,15,16,19,20>2,5,6,7,19,21,8,16,20,13
2,5,6,7,17,18,22,23>2,5,18,23,6,7
2,5,6,7,17,18,22,23>2,19,18,23,6,7
2,5,6,7,17,18,22,23>5,19,18,23,6,7
2,5,6,7,17,18,22,23>2,22,18,23,6,7
2,5,6,7,17,18,22,23>5,17,22,18,23,6,7
2,5,6,7,17,18,22,23>17,19,22,18,23,6,7
1,6,8,14,16,17,18,19>17,18,20,7,8,19
1,6,8,14,16,17,18,19>1,6,7,14,18,8,19
1,6,8,14,16,17,18,19>2,6,7,16,20,8,19
1,6,8,14,16,17,18,19>17,2,6,7,8,19
1,6,8,14,16,17,18,19>1,2,6,12,14,16,17,20,8,19
1,6,8,14,16,17,18,19>1,2,7,12,14,16,18,8,19
2,3,5,6,7,8,9,10,12,13>2,3,11,6,7,8,10,12,13
2,3,5,6,7,8,9,10,12,13>2,5,11,14,6,7,8,10,12,13
2,3,5,6,7,8,9,10,12,13>3,4,5,11,14,6,7,8,10,12,13
2,3,5,6,7,8,9,10,12,13>9,11,14,6,7,8,10,12,13
2,3,5,6,7,8,9,10,12,13>2,3,9,14,6,7,8,10,12,13
2,3,5,6,7,8,9,10,12,13>2,3,4,5,9,6,7,8,10,12,13
1,2,4,5,6,7,10,14,16,17,22>1,12,14,17,18,22,16,2,6,7
1,2,4,5,6,7,10,14,16,17,22>1,5,11,13,14,17,23,16,2,6,7
1,2,4,5,6,7,10,14,16,17,22>1,4,8,12,13,14,15,22,16,2,6,7
1,2,4,5,6,7,10,14,16,17,22>1,5,8,14,15,18,23,16,2,6,7
1,2,4,5,6,7,10,14,16,17,22>1,5,8,11,13,14,18,22,16,2,6,7
1,2,4,5,6,7,10,14,16,17,22>1,4,5,10,11,15,17,23,16,2,6,7
3,5,8,9,10,11,13,15,16,18,21>5,6,9,14,15,19,8,10,11,13,16
3,5,8,9,10,11,13,15,16,18,21>4,5,14,18,19,22,8,10,11,13,16
3,5,8,9,10,11,13,15,16,18,21>3,4,5,6,14,8,10,11,13,16
3,5,8,9,10,11,13,15,16,18,21>3,5,9,15,18,8,10,11,13,16
3,5,8,9,10,11,13,15,16,18,21>4,6,9,14,18,8,10,11,13,16
3,5,8,9,10,11,13,15,16,18,21>5,6,9,14,22,8,10,11,13,16
1,2,3,5,6,8,9,10,11,12,17,18,21>1,3,13,17,18,19,2,6,8,10,11,12
1,2,3,5,6,8,9,10,11,12,17,18,21>1,4,5,21,22,2,6,8,10,11,12
1,2,3,5,6,8,9,10,11,12,17,18,21>1,7,9,18,19,21,2,6,8,10,11,12
1,2,3,5,6,8,9,10,11,12,17,18,21>3,22,7,9,2,6,8,10,11,12
1,2,3,5,6,8,9,10,11,12,17,18,21>4,7,9,17,18,19,21,2,6,8,10,11,12
1,2,3,5,6,8,9,10,11,12,17,18,21>1,3,4,7,17,19,22,2,6,8,10,11,12
2,5,9,12,13,14,21,23>15,10,12,14
2,5,9,12,13,14,21,23>10,13,12,14
2,5,9,12,13,14,21,23>15,2,5,21,12,14
2,5,9,12,13,14,21,23>23,2,6,21,12,14
2,5,9,12,13,14,21,23>21,23,8,13,12,14
2,5,9,12,13,14,21,23>5,9,10,12,14
2,3,4,5,6,8,9,10,14,15,17,20,22,23>15,16,21,7,4,6,10,17,20,23
2,3,4,5,6,8,9,10,14,15,17,20,22,23>5,7,9,14,16,21,22,4,6,10,17,20,23
2,3,4,5,6,8,9,10,14,15,17,20,22,23>21,8,9,4,6,10,17,20,23
2,3,4,5,6,8,9,10,14,15,17,20,22,23>2,3,8,15,16,4,6,10,17,20,23
2,3,4,5,6,8,9,10,14,15,17,20,22,23>2,3,22,8,4,6,10,17,20,23
2,3,4,5,6,8,9,10,14,15,17,20,22,23>2,7,8,15,16,4,6,10,17,20,23
2,3,4,7,8,10,12,13,14,15,16,18,19,22,23>2,7,13,15,18,22,4,8,12,14,16,19,23
2,3,4,7,8,10,12,13,14,15,16,18,19,22,23>18,3,7,15,4,8,12,14,16,19,23
2,3,4,7,8,10,12,13,14,15,16,18,19,22,23>2,7,10,13,22,4,8,12,14,16,19,23
2,3,4,7,8,10,12,13,14,15,16,18,19,22,23>7,11,13,18,22,4,8,12,14,16,19,23
2,3,4,7,8,10,12,13,14,15,16,18,19,22,23>2,7,11,13,15,22,4,8,12,14,16,19,23
2,3,4,7,8,10,12,13,14,15,16,18,19,22,23>2,3,10,11,18,22,4,8,12,14,16,19,23
2,5,6,9,11,12,18,20>5,20,11,6
2,5,6,9,11,12,18,20>9,10,11,12,19,20,6
2,5,6,9,11,12,18,20>2,9,10,11,12,17,6
2,5,6,9,11,12,18,20>8,9,10,13,18,19,6
2,5,6,9,11,12,18,20>2,7,8,9,12,13,18,19,20,6
2,5,6,9,11,12,18,20>2,5,7,8,9,10,12,13,17,19,6
2,3,5,6,10,11,13,16,19,20,23>2,8,10,11,13,16,19,23,20
2,3,5,6,10,11,13,16,19,20,23>3,7,8,10,11,13,16,19,20
2,3,5,6,10,11,13,16,19,20,23>4,7,8,13,19,21,23,20
2,3,5,6,10,11,13,16,19,20,23>2,3,4,8,11,13,14,16,21,20
2,3,5,6,10,11,13,16,19,20,23>2,5,7,10,19,21,23,20
2,3,5,6,10,11,13,16,19,20,23>2,6,11,20
1,7,8,9,15,20,23>16,1,2,23,20
1,7,8,9,15,20,23>1,2,8,15,17,21,23,20
1,7,8,9,15,20,23>16,23,7,8,20
1,7,8,9,15,20,23>1,2,7,8,10,23,20
1,7,8,9,15,20,23>1,9,15,16,21,20
1,7,8,9,15,20,23>1,7,9,10,17,21,20
1,2,3,6,9,11,12,14,22,23>11,14,8,9,2,12,23
1,2,3,6,9,11,12,14,22,23>1,6,8,11,15,2,12,23
1,2,3,6,9,11,12,14,22,23>1,4,6,8,10,22,2,12,23
1,2,3,6,9,11,12,14,22,23>3,4,6,8,9,14,15,2,12,23
1,2,3,6,9,11,12,14,22,23>3,4,7,9,14,15,2,12,23
1,2,3,6,9,11,12,14,22,23>1,3,6,7,8,9,10,15,2,12,23
3,4,10,14,15,16,19,20,21,23>3,10,14,23,4,15,16,20,21
3,4,10,14,15,16,19,20,21,23>8,10,14,23,4,15,16,20,21
3,4,10,14,15,16,19,20,21,23>3,10,19,22,4,15,16,20,21
3,4,10,14,15,16,19,20,21,23>3,8,10,19,23,4,15,16,20,21
3,4,10,14,15,16,19,20,21,23>8,14,19,22,4,15,16,20,21
3,4,10,14,15,16,19,20,21,23>10,14,19,23,4,15,16,20,21
1,2,3,10,13,14,15,16,17,18,22>3,4,8,11,17,19,22,23,2,13,14,15,16,18
1,2,3,10,13,14,15,16,17,18,22>1,3,4,8,12,17,22,2,13,14,15,16,18
1,2,3,10,13,14,15,16,17,18,22>3,10,11,17,19,22,2,13,14,15,16,18
1,2,3,10,13,14,15,16,17,18,22>3,4,10,11,2,13,14,15,16,18
1,2,3,10,13,14,15,16,17,18,22>3,8,10,17,19,23,2,13,14,15,16,18
1,2,3,10,13,14,15,16,17,18,22>3,4,8,10,12,17,2,13,14,15,16,18
1,2,7,10,11,12,13,15,16,17,19,21,22,23>7,8,15,17,18,2,11,12,16,22,23
1,2,7,10,11,12,13,15,16,17,19,21,22,23>8,10,15,17,18,19,2,11,12,16,22,23
1,2,7,10,11,12,13,15,16,17,19,21,22,23>1,7,13,14,21,2,11,12,16,22,23
1,2,7,10,11,12,13,15,16,17,19,21,22,23>7,10,13,14,19,2,11,12,16,22,23
1,2,7,10,11,12,13,15,16,17,19,21,22,23>1,7,10,13,14,15,17,2,11,12,16,22,23
1,2,7,10,11,12,13,15,16,17,19,21,22,23>1,8,10,13,17,2,11,12,16,22,23
1,3,6,8,10,11,13,14,16,18,21>1,7,12,16,21,8,11,13,14
1,3,6,8,10,11,13,14,16,18,21>1,3,7,10,19,8,11,13,14
1,3,6,8,10,11,13,14,16,18,21>12,3,4,8,11,13,14
1,3,6,8,10,11,13,14,16,18,21>3,4,21,10,8,11,13,14
1,3,6,8,10,11,13,14,16,18,21>1,2,6,7,12,19,22,8,11,13,14
1,3,6,8,10,11,13,14,16,18,21>1,2,3,6,7,10,18,8,11,13,14
1,2,8,9,10,11,14,15,18,23>19,23,8,18,11,2,10
1,2,8,9,10,11,14,15,18,23>19,8,9,16,11,2,10
1,2,8,9,10,11,14,15,18,23>1,8,9,16,11,2,10
1,2,8,9,10,11,14,15,18,23>8,14,18,11,2,10
1,2,8,9,10,11,14,15,18,23>1,9,14,16,18,19,11,2,10
1,2,8,9,10,11,14,15,18,23>14,15,11,2,10
2,3,5,6,7,9,10,12,13,14,17,22>15,17,9,11,6,7,10,12,13,14
2,3,5,6,7,9,10,12,13,14,17,22>17,18,22,11,6,7,10,12,13,14
2,3,5,6,7,9,10,12,13,14,17,22>3,8,9,11,17,18,23,6,7,10,12,13,14
2,3,5,6,7,9,10,12,13,14,17,22>3,5,8,9,11,17,23,6,7,10,12,13,14
2,3,5,6,7,9,10,12,13,14,17,22>2,4,5,8,9,11,18,6,7,10,12,13,14
2,3,5,6,7,9,10,12,13,14,17,22>3,4,5,8,11,6,7,10,12,13,14
1,4,8,9,10,11,12,14,16,18,23>1,9,18,19,23,8,10,11,12,16
1,4,8,9,10,11,12,14,16,18,23>1,4,9,18,8,10,11,12,16
1,4,8,9,10,11,12,14,16,18,23>1,2,14,19,23,8,10,11,12,16
1,4,8,9,10,11,12,14,16,18,23>1,2,14,18,23,8,10,11,12,16
1,4,8,9,10,11,12,14,16,18,23>2,4,14,8,10,11,12,16
1,4,8,9,10,11,12,14,16,18,23>23,9,14,18,8,10,11,12,16
1,3,4,8,9,10,11,13,15,19,22>3,10,14,15,19,22,23,11,4,13
1,3,4,8,9,10,11,13,15,19,22>1,2,3,10,20,11,4,13
1,3,4,8,9,10,11,13,15,19,22>1,2,8,15,22,23,11,4,13
1,3,4,8,9,10,11,13,15,19,22>1,2,3,9,10,19,23,11,4,13
1,3,4,8,9,10,11,13,15,19,22>2,8,9,14,15,20,11,4,13
1,3,4,8,9,10,11,13,15,19,22>3,8,9,10,16,19,22,23,11,4,13
