TCR,NFAT,IFN-\beta,IFN-\betaR,IL-18,IL-18R,IRAK,SOCS1,IL-12,IL-12R,STAT4,T-bet,IFN-\gamma,IFN-\gammaR,JAK1,STAT1,IL-4,IL-4R,STAT6,GATA3,IL-10,IL-10R,STAT3
2,3,6,7,10,11,19,20,22>17,19,21,22,23,20,7
2,3,6,7,10,11,19,20,22>4,11,13,17,21,22,23,20,7
2,3,6,7,10,11,19,20,22>17,21,6,23,20,7
2,3,6,7,10,11,19,20,22>19,4,23,10,20,7
2,3,6,7,10,11,19,20,22>3,4,10,13,20,7
2,3,6,7,10,11,19,20,22>4,6,10,13,19,22,20,7
3,4,6,15,20,22>23,6,7,17,4,20
3,4,6,15,20,22>3,6,7,21,22,4,20
3,4,6,15,20,22>3,15,23,4,20
3,4,6,15,20,22>3,6,16,22,23,4,20
3,4,6,15,20,22>3,6,7,16,21,4,20
3,4,6,15,20,22>6,7,15,16,21,23,4,20
12,15,18,19,20,22,23>8,12,18,20,22,19,23
12,15,18,19,20,22,23>12,16,20,19,23
12,15,18,19,20,22,23>8,12,16,19,23
12,15,18,19,20,22,23>22,12,16,19,23
12,15,18,19,20,22,23>8,12,17,18,19,23
12,15,18,19,20,22,23>12,15,17,20,19,23
2,3,4,7,8,9,11,13,14,16,17,18,19,23>2,3,13,18,20,23,4,8,14,16,19
2,3,4,7,8,9,11,13,14,16,17,18,19,23>7,13,17,18,20,23,4,8,14,16,19
2,3,4,7,8,9,11,13,14,16,17,18,19,23>7,12,13,17,18,23,4,8,14,16,19
2,3,4,7,8,9,11,13,14,16,17,18,19,23>9,11,12,13,17,18,23,4,8,14,16,19
2,3,4,7,8,9,11,13,14,16,17,18,19,23>2,9,11,13,18,20,4,8,14,16,19
2,3,4,7,8,9,11,13,14,16,17,18,19,23>3,9,11,17,18,20,4,8,14,16,19
2,3,4,6,8,9,10,11,13,15,17>16,3,9,10,11,4,13
2,3,4,6,8,9,10,11,13,15,17>15,17,6,14,10,11,4,13
2,3,4,6,8,9,10,11,13,15,17>2,6,9,16,10,11,4,13
2,3,4,6,8,9,10,11,13,15,17>2,7,9,14,15,10,11,4,13
2,3,4,6,8,9,10,11,13,15,17>3,8,9,10,11,4,13
2,3,4,6,8,9,10,11,13,15,17>2,6,7,8,17,10,11,4,13
2,3,4,5,9,10,12,13,15,16,18,22,23>2,15,18,9,4,10,12,16,23
2,3,4,5,9,10,12,13,15,16,18,22,23>2,5,9,13,15,4,10,12,16,23
2,3,4,5,9,10,12,13,15,16,18,22,23>2,5,9,11,13,18,4,10,12,16,23
2,3,4,5,9,10,12,13,15,16,18,22,23>3,6,9,4,10,12,16,23
2,3,4,5,9,10,12,13,15,16,18,22,23>2,3,8,9,13,15,22,4,10,12,16,23
2,3,4,5,9,10,12,13,15,16,18,22,23>5,8,11,15,18,22,4,10,12,16,23
4,6,8,12,13,16,18,19,20>21,6,18,20,8,16,19,13
4,6,8,12,13,16,18,19,20>4,6,8,16,19,13
4,6,8,12,13,16,18,19,20>6,7,12,8,16,19,13
4,6,8,12,13,16,18,19,20>6,14,20,8,16,19,13
4,6,8,12,13,16,18,19,20>21,7,14,8,16,19,13
4,6,8,12,13,16,18,19,20>4,7,12,14,18,8,16,19,13
1,2,3,4,5,7,8,11,13,14,15,16,17,18,20,21,22>17,23,11,2,4,8,13,14,16,20,21,22
1,2,3,4,5,7,8,11,13,14,15,16,17,18,20,21,22>1,5,6,15,2,4,8,13,14,16,20,21,22
1,2,3,4,5,7,8,11,13,14,15,16,17,18,20,21,22>1,3,5,7,15,17,18,19,2,4,8,13,14,16,20,21,22
1,2,3,4,5,7,8,11,13,14,15,16,17,18,20,21,22>1,6,7,15,18,2,4,8,13,14,16,20,21,22
1,2,3,4,5,7,8,11,13,14,15,16,17,18,20,21,22>1,3,6,7,17,19,2,4,8,13,14,16,20,21,22
1,2,3,4,5,7,8,11,13,14,15,16,17,18,20,21,22>3,5,6,7,15,17,2,4,8,13,14,16,20,21,22
3,7,9,10,13,15,16,19,21>3,4,10,11,12,14,16,13
3,7,9,10,13,15,16,19,21>4,7,14,15,19,21,22,16,13
3,7,9,10,13,15,16,19,21>3,4,7,10,11,12,19,20,21,22,16,13
3,7,9,10,13,15,16,19,21>4,9,10,11,12,22,16,13
3,7,9,10,13,15,16,19,21>7,9,12,14,15,22,16,13
3,7,9,10,13,15,16,19,21>4,7,8,9,10,11,19,22,16,13
1,3,5,9,11,12,13,14,16,17,22,23>1,8,9,11,13,22,12,14,23
1,3,5,9,11,12,13,14,16,17,22,23>2,8,10,13,16,17,18,12,14,23
1,3,5,9,11,12,13,14,16,17,22,23>2,5,10,16,18,22,12,14,23
1,3,5,9,11,12,13,14,16,17,22,23>1,3,5,9,10,11,15,16,17,12,14,23
1,3,5,9,11,12,13,14,16,17,22,23>1,3,5,11,15,16,18,22,12,14,23
1,3,5,9,11,12,13,14,16,17,22,23>2,3,4,5,13,15,16,17,12,14,23
2,3,4,5,8,9,11,12,13,15,18,19,20,21>12,14,15,18,20,4,8,13,19,21
2,3,4,5,8,9,11,12,13,15,18,19,20,21>2,3,5,14,15,18,22,4,8,13,19,21
2,3,4,5,8,9,11,12,13,15,18,19,20,21>2,9,12,16,17,18,20,4,8,13,19,21
2,3,4,5,8,9,11,12,13,15,18,19,20,21>2,5,9,12,14,16,4,8,13,19,21
2,3,4,5,8,9,11,12,13,15,18,19,20,21>2,3,5,9,16,17,18,22,4,8,13,19,21
2,3,4,5,8,9,11,12,13,15,18,19,20,21>5,9,11,14,17,20,22,4,8,13,19,21
1,3,6,8,9,10,11,15,22,23>15,3,7,8,10,11,23
1,3,6,8,9,10,11,15,22,23>9,15,2,3,10,11,23
1,3,6,8,9,10,11,15,22,23>1,2,3,4,8,15,22,10,11,23
1,3,6,8,9,10,11,15,22,23>2,6,8,9,15,16,22,10,11,23
1,3,6,8,9,10,11,15,22,23>1,2,3,6,15,22,10,11,23
1,3,6,8,9,10,11,15,22,23>1,4,6,8,15,22,10,11,23
2,3,4,5,6,10,12,15,19>2,16,19,13,4,12
2,3,4,5,6,10,12,15,19>3,5,11,15,16,4,12
2,3,4,5,6,10,12,15,19>3,5,8,10,11,13,15,4,12
2,3,4,5,6,10,12,15,19>13,15,7,8,4,12
2,3,4,5,6,10,12,15,19>2,3,6,7,8,10,15,16,19,4,12
2,3,4,5,6,10,12,15,19>5,6,7,8,10,15,16,19,4,12
5,8,10,11,12,13,15,17,18,19,21,22,23>21,10,16,17,8,11,12,19,22,23
5,8,10,11,12,13,15,17,18,19,21,22,23>15,16,17,18,21,8,11,12,19,22,23
5,8,10,11,12,13,15,17,18,19,21,22,23>5,15,17,8,11,12,19,22,23
5,8,10,11,12,13,15,17,18,19,21,22,23>10,13,15,16,17,8,11,12,19,22,23
5,8,10,11,12,13,15,17,18,19,21,22,23>5,10,13,15,16,18,8,11,12,19,22,23
5,8,10,11,12,13,15,17,18,19,21,22,23>10,14,15,17,8,11,12,19,22,23
7,9,12,15,18,19,20,21>17,9,16,19,21
7,9,12,15,18,19,20,21>17,7,9,22,19,21
7,9,12,15,18,19,20,21>8,9,15,20,22,19,21
7,9,12,15,18,19,20,21>9,12,15,16,22,19,21
7,9,12,15,18,19,20,21>7,9,12,16,20,19,21
7,9,12,15,18,19,20,21>7,12,13,15,16,17,19,21
1,3,8,9,10,12,15,19,21,22>2,3,10,11,15,21,23,8,12,22
1,3,8,9,10,12,15,19,21,22>1,3,4,10,15,16,19,21,23,8,12,22
1,3,8,9,10,12,15,19,21,22>3,9,10,13,15,16,21,8,12,22
1,3,8,9,10,12,15,19,21,22>1,3,9,10,11,13,19,8,12,22
1,3,8,9,10,12,15,19,21,22>1,3,9,11,13,19,21,23,8,12,22
1,3,8,9,10,12,15,19,21,22>13,21,4,9,8,12,22
2,4,6,7,8,11,12,13,15,16,19,21,22,23>19,21,4,14,7,8,12,16,22,23
2,4,6,7,8,11,12,13,15,16,19,21,22,23>2,4,6,19,21,7,8,12,16,22,23
2,4,6,7,8,11,12,13,15,16,19,21,22,23>2,4,6,14,15,7,8,12,16,22,23
2,4,6,7,8,11,12,13,15,16,19,21,22,23>2,11,21,7,8,12,16,22,23
2,4,6,7,8,11,12,13,15,16,19,21,22,23>4,11,13,19,21,7,8,12,16,22,23
2,4,6,7,8,11,12,13,15,16,19,21,22,23>4,6,11,13,14,7,8,12,16,22,23
1,3,5,8,12,13,14,20,22>17,1,21,4,8,13,14
1,3,5,8,12,13,14,20,22>1,2,5,12,20,21,22,23,8,13,14
1,3,5,8,12,13,14,20,22>1,2,5,6,17,20,21,8,13,14
1,3,5,8,12,13,14,20,22>2,3,5,6,12,17,20,22,23,8,13,14
1,3,5,8,12,13,14,20,22>1,2,3,5,17,21,22,23,8,13,14
1,3,5,8,12,13,14,20,22>2,3,4,5,6,17,20,21,23,8,13,14
4,5,8,9,10,11,15,16,17,20,21,22>17,4,5,23,8,10,16,20,21,22
4,5,8,9,10,11,15,16,17,20,21,22>17,23,9,8,10,16,20,21,22
4,5,8,9,10,11,15,16,17,20,21,22>4,9,23,8,10,16,20,21,22
4,5,8,9,10,11,15,16,17,20,21,22>4,11,13,15,8,10,16,20,21,22
4,5,8,9,10,11,15,16,17,20,21,22>5,11,13,15,8,10,16,20,21,22
4,5,8,9,10,11,15,16,17,20,21,22>6,11,13,15,17,23,8,10,16,20,21,22
1,2,5,7,8,12,13,14,15,16,17,19,20,22>22,7,17,19,2,8,13,14,16
1,2,5,7,8,12,13,14,15,16,17,19,20,22>7,17,19,21,23,2,8,13,14,16
1,2,5,7,8,12,13,14,15,16,17,19,20,22>20,1,7,12,2,8,13,14,16
1,2,5,7,8,12,13,14,15,16,17,19,20,22>1,5,15,19,22,2,8,13,14,16
1,2,5,7,8,12,13,14,15,16,17,19,20,22>1,5,7,15,20,23,2,8,13,14,16
1,2,5,7,8,12,13,14,15,16,17,19,20,22>1,5,7,15,17,21,23,2,8,13,14,16
1,2,3,4,7,8,17,20,21>1,3,16,22,2,4,17,20,21
1,2,3,4,7,8,17,20,21>1,3,7,8,22,2,4,17,20,21
1,2,3,4,7,8,17,20,21>13,16,22,2,4,17,20,21
1,2,3,4,7,8,17,20,21>3,7,13,2,4,17,20,21
1,2,3,4,7,8,17,20,21>1,8,13,16,2,4,17,20,21
1,2,3,4,7,8,17,20,21>7,8,13,22,2,4,17,20,21
1,5,6,8,10,11,12,13,15,16,17,18,19,20,22>2,10,12,14,18,20,21,22,23,8,16,19,13
1,5,6,8,10,11,12,13,15,16,17,18,19,20,22>1,2,5,10,12,14,15,17,22,8,16,19,13
1,5,6,8,10,11,12,13,15,16,17,18,19,20,22>5,6,10,17,20,21,22,23,8,16,19,13
1,5,6,8,10,11,12,13,15,16,17,18,19,20,22>1,2,7,11,12,14,15,18,20,21,23,8,16,19,13
1,5,6,8,10,11,12,13,15,16,17,18,19,20,22>2,5,6,7,10,14,15,18,20,22,8,16,19,13
1,5,6,8,10,11,12,13,15,16,17,18,19,20,22>1,2,5,6,7,12,14,22,23,8,16,19,13
2,4,6,7,8,9,14,17,18,19,21,23>2,4,16,17,18,20,22,19,7
2,4,6,7,8,9,14,17,18,19,21,23>2,8,14,16,17,18,20,21,23,19,7
2,4,6,7,8,9,14,17,18,19,21,23>6,8,14,17,18,22,23,19,7
2,4,6,7,8,9,14,17,18,19,21,23>2,6,9,16,18,23,19,7
2,4,6,7,8,9,14,17,18,19,21,23>4,8,9,16,20,22,19,7
2,4,6,7,8,9,14,17,18,19,21,23>2,4,6,8,9,14,18,20,21,22,23,19,7
1,2,3,4,5,7,8,9,11,14,20,22>9,13,14,17,21,23,2,4,20
1,2,3,4,5,7,8,9,11,14,20,22>1,3,8,10,13,17,21,22,2,4,20
1,2,3,4,5,7,8,9,11,14,20,22>6,11,13,14,16,17,21,23,2,4,20
1,2,3,4,5,7,8,9,11,14,20,22>3,5,7,8,10,14,16,17,22,23,2,4,20
1,2,3,4,5,7,8,9,11,14,20,22>1,3,6,7,9,11,13,14,16,17,2,4,20
1,2,3,4,5,7,8,9,11,14,20,22>3,5,6,7,8,10,13,14,21,2,4,20
1,2,5,12,14,15,17,22,23>1,5,8,16,18,2,12,23,15
1,2,5,12,14,15,17,22,23>1,6,8,17,22,2,12,23,15
1,2,5,12,14,15,17,22,23>6,14,16,17,18,22,2,12,23,15
1,2,5,12,14,15,17,22,23>5,8,14,16,22,2,12,23,15
1,2,5,12,14,15,17,22,23>1,6,8,14,16,17,18,2,12,23,15
1,2,5,12,14,15,17,22,23>5,6,8,14,16,18,2,12,23,15
1,2,5,7,8,9,13,14,15,16,17,18,19,21>5,18,20,21,22,2,8,13,14,16,19
1,2,5,7,8,9,13,14,15,16,17,18,19,21>1,5,15,17,18,21,22,2,8,13,14,16,19
1,2,5,7,8,9,13,14,15,16,17,18,19,21>1,7,17,20,21,22,2,8,13,14,16,19
1,2,5,7,8,9,13,14,15,16,17,18,19,21>5,22,9,17,2,8,13,14,16,19
1,2,5,7,8,9,13,14,15,16,17,18,19,21>1,7,9,12,18,20,21,22,2,8,13,14,16,19
1,2,5,7,8,9,13,14,15,16,17,18,19,21>1,5,7,9,12,18,20,22,2,8,13,14,16,19
2,3,5,7,8,9,11,12,14,15,16,17,19>13,3,11,8,16,12
2,3,5,7,8,9,11,12,14,15,16,17,19>15,4,11,8,16,12
2,3,5,7,8,9,11,12,14,15,16,17,19>2,4,9,11,13,19,8,16,12
2,3,5,7,8,9,11,12,14,15,16,17,19>2,5,9,11,13,14,15,8,16,12
2,3,5,7,8,9,11,12,14,15,16,17,19>2,4,5,9,13,17,19,8,16,12
2,3,5,7,8,9,11,12,14,15,16,17,19>2,3,5,7,13,14,15,17,8,16,12
2,6,7,10,12,14,15,16,17,18,19,20,21,22,23>14,17,7,15,16,18,19,21,22,23
2,6,7,10,12,14,15,16,17,18,19,20,21,22,23>2,17,7,15,16,18,19,21,22,23
2,6,7,10,12,14,15,16,17,18,19,20,21,22,23>20,6,12,14,7,15,16,18,19,21,22,23
2,6,7,10,12,14,15,16,17,18,19,20,21,22,23>20,8,12,14,7,15,16,18,19,21,22,23
2,6,7,10,12,14,15,16,17,18,19,20,21,22,23>6,8,12,17,7,15,16,18,19,21,22,23
2,6,7,10,12,14,15,16,17,18,19,20,21,22,23>20,10,12,17,7,15,16,18,19,21,22,23
1,2,3,4,6,8,10,11,14,15,16,17,18,20,21,22>1,7,13,14,18,2,4,8,16,20,21,22
1,2,3,4,6,8,10,11,14,15,16,17,18,20,21,22>1,3,7,14,15,17,18,2,4,8,16,20,21,22
1,2,3,4,6,8,10,11,14,15,16,17,18,20,21,22>3,10,11,13,15,17,18,19,23,2,4,8,16,20,21,22
1,2,3,4,6,8,10,11,14,15,16,17,18,20,21,22>1,6,10,11,15,19,2,4,8,16,20,21,22
1,2,3,4,6,8,10,11,14,15,16,17,18,20,21,22>1,7,10,17,18,19,2,4,8,16,20,21,22
1,2,3,4,6,8,10,11,14,15,16,17,18,20,21,22>3,7,10,13,14,23,2,4,8,16,20,21,22
5,7,8,9,12,13,14,15,20,21,22>16,17,6,20,8,13,14,21,22
5,7,8,9,12,13,14,15,20,21,22>5,6,7,12,15,16,17,8,13,14,21,22
5,7,8,9,12,13,14,15,20,21,22>23,7,9,8,13,14,21,22
5,7,8,9,12,13,14,15,20,21,22>5,7,9,12,16,17,8,13,14,21,22
5,7,8,9,12,13,14,15,20,21,22>9,10,12,16,17,23,8,13,14,21,22
5,7,8,9,12,13,14,15,20,21,22>5,6,7,9,10,12,15,8,13,14,21,22
1,5,9,11,12,13,14,15,16,17,18,20>1,5,11,12,20,13,14,15,16,18
1,5,9,11,12,13,14,15,16,17,18,20>8,10,11,17,19,20,13,14,15,16,18
1,5,9,11,12,13,14,15,16,17,18,20>2,8,9,12,20,21,13,14,15,16,18
1,5,9,11,12,13,14,15,16,17,18,20>1,2,8,9,10,21,13,14,15,16,18
1,5,9,11,12,13,14,15,16,17,18,20>2,5,8,9,20,13,14,15,16,18
1,5,9,11,12,13,14,15,16,17,18,20>1,6,8,9,10,11,21,13,14,15,16,18
1,3,6,10,11,13,15,16,17,21>2,3,7,8,12,14,17,18,16,11,13
1,3,6,10,11,13,15,16,17,21>1,2,4,7,8,10,12,14,17,18,21,22,16,11,13
1,3,6,10,11,13,15,16,17,21>6,7,10,12,15,16,11,13
1,3,6,10,11,13,15,16,17,21>4,6,10,14,15,22,16,11,13
1,3,6,10,11,13,15,16,17,21>1,2,4,6,12,14,17,16,11,13
1,3,6,10,11,13,15,16,17,21>2,3,4,6,7,18,22,16,11,13
1,2,3,4,5,6,8,11,12,13,14,15,16,19,21,22,23>1,5,13,15,19,2,4,8,12,14,16,22,23
1,2,3,4,5,6,8,11,12,13,14,15,16,19,21,22,23>15,6,13,2,4,8,12,14,16,22,23
1,2,3,4,5,6,8,11,12,13,14,15,16,19,21,22,23>1,6,11,13,19,21,2,4,8,12,14,16,22,23
1,2,3,4,5,6,8,11,12,13,14,15,16,19,21,22,23>3,6,11,19,21,2,4,8,12,14,16,22,23
1,2,3,4,5,6,8,11,12,13,14,15,16,19,21,22,23>1,3,7,11,19,21,2,4,8,12,14,16,22,23
1,2,3,4,5,6,8,11,12,13,14,15,16,19,21,22,23>1,6,7,11,13,19,2,4,8,12,14,16,22,23
1,3,5,7,8,9,11,12,13,14,16,17,18,19,20>1,12,16,17,20,8,19,13,14
1,3,5,7,8,9,11,12,13,14,16,17,18,19,20>1,4,9,11,12,17,20,21,8,19,13,14
1,3,5,7,8,9,11,12,13,14,16,17,18,19,20>3,4,7,11,16,18,21,8,19,13,14
1,3,5,7,8,9,11,12,13,14,16,17,18,19,20>3,5,7,11,16,18,21,8,19,13,14
1,3,5,7,8,9,11,12,13,14,16,17,18,19,20>2,3,5,9,16,17,18,21,8,19,13,14
1,3,5,7,8,9,11,12,13,14,16,17,18,19,20>3,4,5,9,12,17,18,20,8,19,13,14
1,2,4,5,9,10,11,12,15,16,17,18,19,20,21,22>1,5,10,11,13,20,23,2,16,18,19,21,22
1,2,4,5,9,10,11,12,15,16,17,18,19,20,21,22>8,10,11,17,20,2,16,18,19,21,22
1,2,4,5,9,10,11,12,15,16,17,18,19,20,21,22>1,4,8,11,23,2,16,18,19,21,22
1,2,4,5,9,10,11,12,15,16,17,18,19,20,21,22>9,10,12,13,17,2,16,18,19,21,22
1,2,4,5,9,10,11,12,15,16,17,18,19,20,21,22>4,8,9,10,12,13,23,2,16,18,19,21,22
1,2,4,5,9,10,11,12,15,16,17,18,19,20,21,22>5,8,9,15,17,20,2,16,18,19,21,22
2,3,6,8,9,11,12,13,16,18,19,22>2,9,14,16,18,23,8,19,12,13
2,3,6,8,9,11,12,13,16,18,19,22>3,4,11,18,22,23,8,19,12,13
2,3,6,8,9,11,12,13,16,18,19,22>3,22,6,8,19,12,13
2,3,6,8,9,11,12,13,16,18,19,22>3,7,11,14,16,18,22,23,8,19,12,13
2,3,6,8,9,11,12,13,16,18,19,22>2,4,7,9,18,22,23,8,19,12,13
2,3,6,8,9,11,12,13,16,18,19,22>3,6,7,9,11,14,16,8,19,12,13
1,2,6,9,17,18,19,20,21>1,7,22,2,17,18,19,20,21
1,2,6,9,17,18,19,20,21>6,7,22,2,17,18,19,20,21
1,2,6,9,17,18,19,20,21>1,6,13,22,2,17,18,19,20,21
1,2,6,9,17,18,19,20,21>1,6,7,13,2,17,18,19,20,21
1,2,6,9,17,18,19,20,21>1,7,9,13,2,17,18,19,20,21
1,2,6,9,17,18,19,20,21>6,7,9,13,2,17,18,19,20,21
2,3,6,9,10,16,17,18,19,23>2,8,12,17,23,18,19
2,3,6,9,10,16,17,18,19,23>2,7,10,11,12,17,23,18,19
2,3,6,9,10,16,17,18,19,23>3,7,8,23,18,19
2,3,6,9,10,16,17,18,19,23>3,4,7,8,10,17,20,18,19
2,3,6,9,10,16,17,18,19,23>6,7,9,11,12,16,18,19
2,3,6,9,10,16,17,18,19,23>2,4,6,7,8,9,11,18,19
3,4,8,11,12,15,16,17,22,23>3,15,17,4,8,12,16,23
3,4,8,11,12,15,16,17,22,23>11,15,17,4,8,12,16,23
3,4,8,11,12,15,16,17,22,23>3,11,22,4,8,12,16,23
3,4,8,11,12,15,16,17,22,23>11,15,22,4,8,12,16,23
3,4,8,11,12,15,16,17,22,23>11,17,22,4,8,12,16,23
3,4,8,11,12,15,16,17,22,23>15,17,22,4,8,12,16,23
2,3,4,8,10,12,14,15,19,20,21>2,12,14,16,20,8,4,21
2,3,4,8,10,12,14,15,19,20,21>2,10,12,15,16,17,20,8,4,21
2,3,4,8,10,12,14,15,19,20,21>3,10,12,16,17,20,22,8,4,21
2,3,4,8,10,12,14,15,19,20,21>3,13,14,16,17,20,8,4,21
2,3,4,8,10,12,14,15,19,20,21>10,13,14,15,16,17,20,22,8,4,21
2,3,4,8,10,12,14,15,19,20,21>2,3,10,13,15,17,19,20,8,4,21
