TCR,NFAT,IFN-\beta,IFN-\betaR,IL-18,IL-18R,IRAK,SOCS1,IL-12,IL-12R,STAT4,T-bet,IFN-\gamma,IFN-\gammaR,JAK1,STAT1,IL-4,IL-4R,STAT6,GATA3,IL-10,IL-10R,STAT3
3,4,8,9,11,13,14,15,18,21,23>21,8,9,13,4,14
3,4,8,9,11,13,14,15,18,21,23>3,8,9,13,22,23,4,14
3,4,8,9,11,13,14,15,18,21,23>3,10,15,16,18,19,21,23,4,14
3,4,8,9,11,13,14,15,18,21,23>9,10,16,18,19,21,22,4,14
3,4,8,9,11,13,14,15,18,21,23>8,9,11,15,16,18,21,23,4,14
3,4,8,9,11,13,14,15,18,21,23>8,10,11,15,19,21,4,14
4,8,9,10,12,13,18,19,20,21,22>4,9,16,20,8,13,19,21,22
4,8,9,10,12,13,18,19,20,21,22>20,10,8,13,19,21,22
4,8,9,10,12,13,18,19,20,21,22>9,12,14,16,17,20,8,13,19,21,22
4,8,9,10,12,13,18,19,20,21,22>4,9,14,16,18,8,13,19,21,22
4,8,9,10,12,13,18,19,20,21,22>23,12,14,16,8,13,19,21,22
4,8,9,10,12,13,18,19,20,21,22>9,12,14,17,18,20,23,8,13,19,21,22
4,7,8,9,10,13,14,18,19,20,22,23>17,22,8,16,19,20,14,23
4,7,8,9,10,13,14,18,19,20,22,23>4,9,13,18,21,19,20,14,23
4,7,8,9,10,13,14,18,19,20,22,23>4,7,8,9,13,16,21,22,19,20,14,23
4,7,8,9,10,13,14,18,19,20,22,23>4,9,10,13,16,22,19,20,14,23
4,7,8,9,10,13,14,18,19,20,22,23>4,7,9,10,21,22,19,20,14,23
4,7,8,9,10,13,14,18,19,20,22,23>7,8,9,10,13,17,21,22,19,20,14,23
2,3,5,8,11,12,14,15,16,17,20,23>2,12,14,15,21,23,8,16
2,3,5,8,11,12,14,15,16,17,20,23>2,4,12,15,17,20,8,16
2,3,5,8,11,12,14,15,16,17,20,23>2,3,4,11,17,21,23,8,16
2,3,5,8,11,12,14,15,16,17,20,23>2,4,5,11,15,17,8,16
2,3,5,8,11,12,14,15,16,17,20,23>3,6,15,20,21,8,16
2,3,5,8,11,12,14,15,16,17,20,23>3,4,5,6,11,12,15,21,23,8,16
2,3,6,8,10,11,12,13,14,16,17,19,20,23>2,10,11,12,13,16,17,19,21,23,8,14
2,3,6,8,10,11,12,13,14,16,17,19,20,23>12,4,10,23,8,14
2,3,6,8,10,11,12,13,14,16,17,19,20,23>2,3,4,11,13,16,8,14
2,3,6,8,10,11,12,13,14,16,17,19,20,23>6,11,12,13,16,17,19,8,14
2,3,6,8,10,11,12,13,14,16,17,19,20,23>2,3,6,7,16,19,23,8,14
2,3,6,8,10,11,12,13,14,16,17,19,20,23>2,3,6,7,10,12,13,17,19,20,23,8,14
3,4,5,9,12,14,15,16,17,20,21>3,14,10,12,16,4,21,15
3,4,5,9,12,14,15,16,17,20,21>5,6,9,12,13,14,18,20,16,4,21,15
3,4,5,9,12,14,15,16,17,20,21>8,9,10,12,17,20,16,4,21,15
3,4,5,9,12,14,15,16,17,20,21>3,8,9,12,14,17,18,22,16,4,21,15
3,4,5,9,12,14,15,16,17,20,21>5,8,9,10,12,13,18,22,16,4,21,15
3,4,5,9,12,14,15,16,17,20,21>5,6,8,9,10,17,18,22,16,4,21,15
1,3,4,5,6,7,8,9,10,18,21,23>1,3,5,11,16,18,19,23,10,4,6,7
1,3,4,5,6,7,8,9,10,18,21,23>2,8,18,19,21,22,10,4,6,7
1,3,4,5,6,7,8,9,10,18,21,23>3,8,16,18,21,22,10,4,6,7
1,3,4,5,6,7,8,9,10,18,21,23>2,3,8,16,19,23,10,4,6,7
1,3,4,5,6,7,8,9,10,18,21,23>1,2,3,8,9,11,21,23,10,4,6,7
1,3,4,5,6,7,8,9,10,18,21,23>1,2,5,8,11,18,19,22,23,10,4,6,7
1,2,6,7,8,10,11,12,14,16,17,18,20,23>1,6,14,16,21,8,2,7
1,2,6,7,8,10,11,12,14,16,17,18,20,23>18,6,10,21,8,2,7
1,2,6,7,8,10,11,12,14,16,17,18,20,23>1,6,12,16,18,20,8,2,7
1,2,6,7,8,10,11,12,14,16,17,18,20,23>10,12,14,16,17,19,21,23,8,2,7
1,2,6,7,8,10,11,12,14,16,17,18,20,23>1,10,12,14,19,20,23,8,2,7
1,2,6,7,8,10,11,12,14,16,17,18,20,23>1,10,12,18,20,21,23,8,2,7
1,3,5,7,8,10,11,14,17,22>1,2,4,6,7,8,10,17,22,23,11
1,3,5,7,8,10,11,14,17,22>1,3,4,6,10,22,23,11
1,3,5,7,8,10,11,14,17,22>1,5,7,8,14,11
1,3,5,7,8,10,11,14,17,22>1,2,5,6,7,8,10,17,23,11
1,3,5,7,8,10,11,14,17,22>3,5,8,10,14,17,22,23,11
1,3,5,7,8,10,11,14,17,22>1,2,3,5,7,14,17,22,11
1,5,7,8,11,13,15,16,18,19,20,22,23>1,2,13,14,15,21,22,8,16,19,20,23
1,5,7,8,11,13,15,16,18,19,20,22,23>1,2,13,15,18,21,22,8,16,19,20,23
1,5,7,8,11,13,15,16,18,19,20,22,23>1,5,7,14,15,22,8,16,19,20,23
1,5,7,8,11,13,15,16,18,19,20,22,23>1,2,11,14,18,21,22,8,16,19,20,23
1,5,7,8,11,13,15,16,18,19,20,22,23>1,2,5,11,21,22,8,16,19,20,23
1,5,7,8,11,13,15,16,18,19,20,22,23>5,7,11,13,14,8,16,19,20,23
1,2,6,11,12,16,17,20>1,12,13,17,18,21,2
1,2,6,11,12,16,17,20>6,8,12,17,18,21,2
1,2,6,11,12,16,17,20>1,6,11,12,13,16,17,2
1,2,6,11,12,16,17,20>1,8,11,12,13,18,21,2
1,2,6,11,12,16,17,20>6,8,11,12,16,18,21,2
1,2,6,11,12,16,17,20>1,7,8,11,17,20,2
4,6,7,9,11,12,14,15,19,23>4,6,8,14,19,12,15,7
4,6,7,9,11,12,14,15,19,23>4,6,8,9,16,19,12,15,7
4,6,7,9,11,12,14,15,19,23>19,11,14,12,15,7
4,6,7,9,11,12,14,15,19,23>8,11,16,12,15,7
4,6,7,9,11,12,14,15,19,23>4,6,9,11,16,12,15,7
4,6,7,9,11,12,14,15,19,23>6,8,9,11,12,15,7
3,5,7,8,12,13,15,19,22,23>7,14,15,16,19,22,8,12,23
3,5,7,8,12,13,15,19,22,23>3,7,14,15,19,8,12,23
3,5,7,8,12,13,15,19,22,23>3,7,14,16,19,8,12,23
3,5,7,8,12,13,15,19,22,23>4,5,7,14,16,19,8,12,23
3,5,7,8,12,13,15,19,22,23>19,22,13,14,8,12,23
3,5,7,8,12,13,15,19,22,23>7,13,14,16,22,8,12,23
3,4,9,10,12,13,14,15,18>3,9,19,4,10,12,13,14,15
3,4,9,10,12,13,14,15,18>8,9,18,19,4,10,12,13,14,15
3,4,9,10,12,13,14,15,18>3,11,19,4,10,12,13,14,15
3,4,9,10,12,13,14,15,18>3,9,11,4,10,12,13,14,15
3,4,9,10,12,13,14,15,18>8,11,16,18,19,4,10,12,13,14,15
3,4,9,10,12,13,14,15,18>9,11,16,18,4,10,12,13,14,15
3,4,6,7,9,10,12,13,14,15,16,18,20>20,3,21,19,4,7,10,13,14,15,16
3,4,6,7,9,10,12,13,14,15,16,18,20>3,6,8,19,20,4,7,10,13,14,15,16
3,4,6,7,9,10,12,13,14,15,16,18,20>20,9,4,7,10,13,14,15,16
3,4,6,7,9,10,12,13,14,15,16,18,20>3,6,8,9,19,4,7,10,13,14,15,16
3,4,6,7,9,10,12,13,14,15,16,18,20>3,8,12,18,19,21,4,7,10,13,14,15,16
3,4,6,7,9,10,12,13,14,15,16,18,20>6,8,12,19,20,4,7,10,13,14,15,16
4,7,8,12,14,17,18,19,22,23>4,7,16,22,8,19,12,23
4,7,8,12,14,17,18,19,22,23>4,14,16,8,19,12,23
4,7,8,12,14,17,18,19,22,23>7,17,18,22,8,19,12,23
4,7,8,12,14,17,18,19,22,23>4,7,17,18,8,19,12,23
4,7,8,12,14,17,18,19,22,23>7,14,17,18,8,19,12,23
4,7,8,12,14,17,18,19,22,23>7,14,16,17,8,19,12,23
3,10,11,12,14,17,20,21,23>4,8,15,18,20,22,17,21
3,10,11,12,14,17,20,21,23>15,10,12,14,17,21
3,10,11,12,14,17,20,21,23>4,10,18,20,23,17,21
3,10,11,12,14,17,20,21,23>3,8,10,14,18,20,23,17,21
3,10,11,12,14,17,20,21,23>3,4,8,10,14,18,23,17,21
3,10,11,12,14,17,20,21,23>3,23,11,12,17,21
1,4,5,6,7,8,9,10,13,14,15,16,17,18,23>13,15,17,23,6,7,8,10,14,16
1,4,5,6,7,8,9,10,13,14,15,16,17,18,23>1,2,11,13,17,18,19,23,6,7,8,10,14,16
1,4,5,6,7,8,9,10,13,14,15,16,17,18,23>1,2,5,23,6,7,8,10,14,16
1,4,5,6,7,8,9,10,13,14,15,16,17,18,23>2,5,9,11,18,23,6,7,8,10,14,16
1,4,5,6,7,8,9,10,13,14,15,16,17,18,23>1,4,5,9,12,18,19,23,6,7,8,10,14,16
1,4,5,6,7,8,9,10,13,14,15,16,17,18,23>2,4,5,9,12,13,17,6,7,8,10,14,16
4,5,10,11,13,15,16,17,21,22>4,5,6,12,15,17,21,16,11,13,22
4,5,10,11,13,15,16,17,21,22>5,6,8,12,14,17,21,16,11,13,22
4,5,10,11,13,15,16,17,21,22>4,5,6,8,12,15,17,16,11,13,22
4,5,10,11,13,15,16,17,21,22>4,5,10,12,14,15,18,16,11,13,22
4,5,10,11,13,15,16,17,21,22>4,5,6,10,12,17,16,11,13,22
4,5,10,11,13,15,16,17,21,22>17,23,8,10,16,11,13,22
5,6,7,8,11,14,16,17,19,22,23>5,6,16,17,19,20,22,8,23,7
5,6,7,8,11,14,16,17,19,22,23>5,6,12,16,17,20,22,8,23,7
5,6,7,8,11,14,16,17,19,22,23>5,6,11,12,16,19,20,22,8,23,7
5,6,7,8,11,14,16,17,19,22,23>19,5,14,16,8,23,7
5,6,7,8,11,14,16,17,19,22,23>12,14,16,17,19,20,22,8,23,7
5,6,7,8,11,14,16,17,19,22,23>11,12,14,8,23,7
1,2,3,5,6,7,10,11,12,14,15,17,18,21,23>1,5,10,14,16,17,19,22,2,6,7,11,12,15,18
1,2,3,5,6,7,10,11,12,14,15,17,18,21,23>3,4,5,10,16,17,22,23,2,6,7,11,12,15,18
1,2,3,5,6,7,10,11,12,14,15,17,18,21,23>3,4,5,17,19,2,6,7,11,12,15,18
1,2,3,5,6,7,10,11,12,14,15,17,18,21,23>4,8,14,16,19,21,22,2,6,7,11,12,15,18
1,2,3,5,6,7,10,11,12,14,15,17,18,21,23>1,4,8,14,16,2,6,7,11,12,15,18
1,2,3,5,6,7,10,11,12,14,15,17,18,21,23>1,3,4,5,8,19,23,2,6,7,11,12,15,18
1,4,6,8,9,10,12,13,14,15,16,18,19,20,21>2,10,15,18,20,22,8,13,14,16,19,21
1,4,6,8,9,10,12,13,14,15,16,18,19,20,21>4,9,10,15,18,22,8,13,14,16,19,21
1,4,6,8,9,10,12,13,14,15,16,18,19,20,21>15,20,6,22,8,13,14,16,19,21
1,4,6,8,9,10,12,13,14,15,16,18,19,20,21>1,2,6,10,15,20,8,13,14,16,19,21
1,4,6,8,9,10,12,13,14,15,16,18,19,20,21>2,4,7,10,22,8,13,14,16,19,21
1,4,6,8,9,10,12,13,14,15,16,18,19,20,21>4,6,7,12,15,18,8,13,14,16,19,21
3,7,8,12,19,20,21,23>22,23,4,19,8,21
3,7,8,12,19,20,21,23>3,4,20,8,21
3,7,8,12,19,20,21,23>23,12,19,20,8,21
3,7,8,12,19,20,21,23>3,4,12,19,23,8,21
3,7,8,12,19,20,21,23>3,7,12,20,23,8,21
3,7,8,12,19,20,21,23>22,3,17,23,8,21
2,3,4,5,6,7,8,9,11,12,13,16,17,21,22,23>2,3,11,13,4,6,7,8,12,16,22,23
2,3,4,5,6,7,8,9,11,12,13,16,17,21,22,23>3,5,9,14,21,4,6,7,8,12,16,22,23
2,3,4,5,6,7,8,9,11,12,13,16,17,21,22,23>14,2,10,17,4,6,7,8,12,16,22,23
2,3,4,5,6,7,8,9,11,12,13,16,17,21,22,23>9,10,11,13,21,4,6,7,8,12,16,22,23
2,3,4,5,6,7,8,9,11,12,13,16,17,21,22,23>2,3,9,10,14,21,4,6,7,8,12,16,22,23
2,3,4,5,6,7,8,9,11,12,13,16,17,21,22,23>5,9,10,13,14,21,4,6,7,8,12,16,22,23
4,5,6,10,11,14,15,17,18,21,22>5,21,16,6,11,15,18,22
4,5,6,10,11,14,15,17,18,21,22>4,5,10,17,23,6,11,15,18,22
4,5,6,10,11,14,15,17,18,21,22>4,13,14,16,21,23,6,11,15,18,22
4,5,6,10,11,14,15,17,18,21,22>5,7,13,14,16,6,11,15,18,22
4,5,6,10,11,14,15,17,18,21,22>5,10,13,14,17,6,11,15,18,22
4,5,6,10,11,14,15,17,18,21,22>5,7,10,13,17,19,6,11,15,18,22
1,2,4,5,7,12,13,14,16,17,18,20,21,22>8,12,17,19,20,2,13,14,16,18,21,22
1,2,4,5,7,12,13,14,16,17,18,20,21,22>15,4,5,12,2,13,14,16,18,21,22
1,2,4,5,7,12,13,14,16,17,18,20,21,22>1,4,6,8,12,15,20,2,13,14,16,18,21,22
1,2,4,5,7,12,13,14,16,17,18,20,21,22>19,5,6,8,2,13,14,16,18,21,22
1,2,4,5,7,12,13,14,16,17,18,20,21,22>1,5,7,12,15,17,19,20,2,13,14,16,18,21,22
1,2,4,5,7,12,13,14,16,17,18,20,21,22>4,5,6,7,12,17,19,2,13,14,16,18,21,22
2,3,4,5,7,8,9,11,12,13,15,18,21,22,23>9,11,13,16,18,21,4,8,12,22,23
2,3,4,5,7,8,9,11,12,13,15,18,21,22,23>13,3,18,21,4,8,12,22,23
2,3,4,5,7,8,9,11,12,13,15,18,21,22,23>6,9,14,16,18,4,8,12,22,23
2,3,4,5,7,8,9,11,12,13,15,18,21,22,23>2,3,7,10,11,15,18,4,8,12,22,23
2,3,4,5,7,8,9,11,12,13,15,18,21,22,23>2,3,5,7,10,11,13,15,16,19,4,8,12,22,23
2,3,4,5,7,8,9,11,12,13,15,18,21,22,23>6,7,9,10,11,14,16,19,21,4,8,12,22,23
1,2,3,6,7,8,10,11,12,13,14,15,17,20,22>1,16,20,21,22,23,2,7,8,13,14,17
1,2,3,6,7,8,10,11,12,13,14,15,17,20,22>3,6,10,12,15,22,2,7,8,13,14,17
1,2,3,6,7,8,10,11,12,13,14,15,17,20,22>1,4,6,21,23,2,7,8,13,14,17
1,2,3,6,7,8,10,11,12,13,14,15,17,20,22>1,3,10,12,21,22,2,7,8,13,14,17
1,2,3,6,7,8,10,11,12,13,14,15,17,20,22>3,6,10,20,21,22,2,7,8,13,14,17
1,2,3,6,7,8,10,11,12,13,14,15,17,20,22>4,6,10,15,16,20,21,2,7,8,13,14,17
2,3,6,7,10,11,12,14,15,18,19,23>2,10,14,7,11,12,15,19
2,3,6,7,10,11,12,14,15,18,19,23>16,3,4,7,11,12,15,19
2,3,6,7,10,11,12,14,15,18,19,23>16,3,8,10,7,11,12,15,19
2,3,6,7,10,11,12,14,15,18,19,23>16,18,4,8,7,11,12,15,19
2,3,6,7,10,11,12,14,15,18,19,23>3,4,8,10,14,7,11,12,15,19
2,3,6,7,10,11,12,14,15,18,19,23>2,4,6,8,7,11,12,15,19
2,5,8,9,10,14,15,17,18,21,22,23>2,11,15,16,18,19,21,10,22,23
2,5,8,9,10,14,15,17,18,21,22,23>15,6,10,22,23
2,5,8,9,10,14,15,17,18,21,22,23>5,8,14,16,18,10,22,23
2,5,8,9,10,14,15,17,18,21,22,23>5,8,11,15,16,19,21,10,22,23
2,5,8,9,10,14,15,17,18,21,22,23>15,5,8,9,10,22,23
2,5,8,9,10,14,15,17,18,21,22,23>2,5,8,9,11,16,17,18,10,22,23
1,5,6,9,10,12,13,16,17,23>13,1,17,18,10,12,6
1,5,6,9,10,12,13,16,17,23>5,9,13,17,18,23,10,12,6
1,5,6,9,10,12,13,16,17,23>1,5,7,9,11,16,18,10,12,6
1,5,6,9,10,12,13,16,17,23>1,2,5,7,13,14,17,10,12,6
1,5,6,9,10,12,13,16,17,23>1,5,8,16,23,10,12,6
1,5,6,9,10,12,13,16,17,23>2,7,8,13,16,18,23,10,12,6
5,6,9,10,11,13,17,20,23>5,14,18,21,23,17,10,20,6
5,6,9,10,11,13,17,20,23>7,14,18,21,23,17,10,20,6
5,6,9,10,11,13,17,20,23>21,23,13,18,17,10,20,6
5,6,9,10,11,13,17,20,23>7,13,14,18,17,10,20,6
5,6,9,10,11,13,17,20,23>5,7,13,18,23,17,10,20,6
5,6,9,10,11,13,17,20,23>5,7,9,11,13,14,17,10,20,6
1,3,4,5,6,11,14,15,18,19,20,23>14,1,3,21,19,4,20,15
1,3,4,5,6,11,14,15,18,19,20,23>1,2,3,7,11,14,17,23,19,4,20,15
1,3,4,5,6,11,14,15,18,19,20,23>1,3,5,7,11,16,17,21,23,19,4,20,15
1,3,4,5,6,11,14,15,18,19,20,23>1,2,6,16,19,4,20,15
1,3,4,5,6,11,14,15,18,19,20,23>1,3,6,16,21,23,19,4,20,15
1,3,4,5,6,11,14,15,18,19,20,23>1,5,6,7,11,14,17,18,23,19,4,20,15
1,2,5,7,10,14,15,16,20,22,23>1,5,7,22,2,15,16,20,23
1,2,5,7,10,14,15,16,20,22,23>22,6,7,10,2,15,16,20,23
1,2,5,7,10,14,15,16,20,22,23>1,6,7,10,21,2,15,16,20,23
1,2,5,7,10,14,15,16,20,22,23>1,5,6,8,10,14,2,15,16,20,23
1,2,5,7,10,14,15,16,20,22,23>1,6,7,8,10,2,15,16,20,23
1,2,5,7,10,14,15,16,20,22,23>5,6,7,8,22,2,15,16,20,23
3,4,7,12,13,14,20>20,21,8,17,4,13,14
3,4,7,12,13,14,20>20,21,12,16,4,13,14
3,4,7,12,13,14,20>15,16,4,13,14
3,4,7,12,13,14,20>3,8,15,17,20,4,13,14
3,4,7,12,13,14,20>3,12,15,17,20,4,13,14
3,4,7,12,13,14,20>3,7,12,15,20,21,4,13,14
1,2,3,5,6,8,9,10,11,12,14,15,16,18,22>4,9,14,18,22,23,2,6,8,10,11,12,16
1,2,3,5,6,8,9,10,11,12,14,15,16,18,22>1,4,14,15,19,22,2,6,8,10,11,12,16
1,2,3,5,6,8,9,10,11,12,14,15,16,18,22>3,4,14,15,18,22,23,2,6,8,10,11,12,16
1,2,3,5,6,8,9,10,11,12,14,15,16,18,22>19,4,22,23,2,6,8,10,11,12,16
1,2,3,5,6,8,9,10,11,12,14,15,16,18,22>3,4,7,13,15,22,23,2,6,8,10,11,12,16
1,2,3,5,6,8,9,10,11,12,14,15,16,18,22>1,5,7,19,23,2,6,8,10,11,12,16
1,3,4,6,7,9,12,14,16,19,20,22,23>2,9,12,14,20,22,16,4,23,7
1,3,4,6,7,9,12,14,16,19,20,22,23>1,2,9,14,15,19,20,22,16,4,23,7
1,3,4,6,7,9,12,14,16,19,20,22,23>6,9,12,14,19,22,16,4,23,7
1,3,4,6,7,9,12,14,16,19,20,22,23>1,3,6,14,15,19,20,21,16,4,23,7
1,3,4,6,7,9,12,14,16,19,20,22,23>1,2,3,8,12,19,20,21,16,4,23,7
1,3,4,6,7,9,12,14,16,19,20,22,23>3,6,8,9,14,19,20,22,16,4,23,7
3,4,5,6,7,8,9,11,15,16,23>23,10,12,15,4,6,7,8,16
3,4,5,6,7,8,9,11,15,16,23>3,5,10,11,15,4,6,7,8,16
3,4,5,6,7,8,9,11,15,16,23>5,9,10,15,23,4,6,7,8,16
3,4,5,6,7,8,9,11,15,16,23>5,11,12,15,23,4,6,7,8,16
3,4,5,6,7,8,9,11,15,16,23>3,5,10,11,12,23,4,6,7,8,16
3,4,5,6,7,8,9,11,15,16,23>3,9,10,11,4,6,7,8,16
2,3,4,6,7,8,9,14,16,18,20,21,23>19,22,3,6,4,7,8,16,20,21
2,3,4,6,7,8,9,14,16,18,20,21,23>19,9,14,18,4,7,8,16,20,21
2,3,4,6,7,8,9,14,16,18,20,21,23>6,9,14,4,7,8,16,20,21
2,3,4,6,7,8,9,14,16,18,20,21,23>2,6,9,18,19,4,7,8,16,20,21
2,3,4,6,7,8,9,14,16,18,20,21,23>2,6,10,14,23,4,7,8,16,20,21
2,3,4,6,7,8,9,14,16,18,20,21,23>2,9,10,14,18,23,4,7,8,16,20,21
1,2,6,7,9,10,13,14,16,19,23>1,6,23,2,14,7
1,2,6,7,9,10,13,14,16,19,23>1,8,11,12,13,16,19,23,2,14,7
1,2,6,7,9,10,13,14,16,19,23>8,9,12,13,15,23,2,14,7
1,2,6,7,9,10,13,14,16,19,23>1,8,9,16,19,23,2,14,7
1,2,6,7,9,10,13,14,16,19,23>8,9,10,11,15,16,19,2,14,7
1,2,6,7,9,10,13,14,16,19,23>1,6,8,9,10,11,16,20,2,14,7
