TCR,NFAT,IFN-\beta,IFN-\betaR,IL-18,IL-18R,IRAK,SOCS1,IL-12,IL-12R,STAT4,T-bet,IFN-\gamma,IFN-\gammaR,JAK1,STAT1,IL-4,IL-4R,STAT6,GATA3,IL-10,IL-10R,STAT3
2,5,6,11,13,14,17,18,19>20,6,15,18,19,13,14
2,5,6,11,13,14,17,18,19>5,6,18,19,13,14
2,5,6,11,13,14,17,18,19>2,5,7,15,20,18,19,13,14
2,5,6,11,13,14,17,18,19>5,7,11,15,20,18,19,13,14
2,5,6,11,13,14,17,18,19>2,5,7,11,15,17,18,19,13,14
2,5,6,11,13,14,17,18,19>6,7,11,15,17,18,19,13,14
1,4,10,11,14,15,16,19,21>4,12,13,19,22,16,11,15
1,4,10,11,14,15,16,19,21>2,8,13,14,19,16,11,15
1,4,10,11,14,15,16,19,21>1,2,8,13,14,20,22,16,11,15
1,4,10,11,14,15,16,19,21>1,4,8,12,19,20,21,22,16,11,15
1,4,10,11,14,15,16,19,21>4,8,10,12,19,22,16,11,15
1,4,10,11,14,15,16,19,21>2,4,8,10,14,20,16,11,15
1,2,4,6,7,9,12,13,14,15,19,21,22>6,16,19,21,23,2,7,12,13,14,15,22
1,2,4,6,7,9,12,13,14,15,19,21,22>4,6,16,19,21,2,7,12,13,14,15,22
1,2,4,6,7,9,12,13,14,15,19,21,22>23,6,9,2,7,12,13,14,15,22
1,2,4,6,7,9,12,13,14,15,19,21,22>1,8,9,16,19,21,23,2,7,12,13,14,15,22
1,2,4,6,7,9,12,13,14,15,19,21,22>4,8,9,16,19,21,2,7,12,13,14,15,22
1,2,4,6,7,9,12,13,14,15,19,21,22>1,6,8,9,16,19,21,2,7,12,13,14,15,22
1,4,5,8,9,12,13,17,18,19,21>18,2,21,14,8,19,12,13
1,4,5,8,9,12,13,17,18,19,21>22,18,2,4,8,19,12,13
1,4,5,8,9,12,13,17,18,19,21>1,2,4,5,14,16,17,22,8,19,12,13
1,4,5,8,9,12,13,17,18,19,21>2,9,14,17,22,8,19,12,13
1,4,5,8,9,12,13,17,18,19,21>2,9,16,17,18,8,19,12,13
1,4,5,8,9,12,13,17,18,19,21>1,4,9,16,17,21,8,19,12,13
3,4,6,13,15,16,17,19,20,22,23>3,6,7,14,15,17,19,22,16,4,20,23
3,4,6,13,15,16,17,19,20,22,23>18,8,14,16,4,20,23
3,4,6,13,15,16,17,19,20,22,23>6,7,8,14,19,21,16,4,20,23
3,4,6,13,15,16,17,19,20,22,23>3,6,7,8,17,18,16,4,20,23
3,4,6,13,15,16,17,19,20,22,23>3,6,13,14,18,16,4,20,23
3,4,6,13,15,16,17,19,20,22,23>3,7,13,14,17,18,22,16,4,20,23
1,7,8,11,14,17,19,23>2,8,14,17,19
1,7,8,11,14,17,19,23>1,2,8,14,19,20
1,7,8,11,14,17,19,23>1,11,14,17,19,23
1,7,8,11,14,17,19,23>1,8,11,17,19,23
1,7,8,11,14,17,19,23>2,8,11,14,19,20
1,7,8,11,14,17,19,23>1,2,7,8,11,19,20,23
1,3,4,6,7,8,9,11,16,17,19,23>17,23,20,3,8,16,4,7
1,3,4,6,7,8,9,11,16,17,19,23>1,3,11,12,17,8,16,4,7
1,3,4,6,7,8,9,11,16,17,19,23>23,2,3,12,8,16,4,7
1,3,4,6,7,8,9,11,16,17,19,23>2,3,11,19,20,8,16,4,7
1,3,4,6,7,8,9,11,16,17,19,23>1,9,8,16,4,7
1,3,4,6,7,8,9,11,16,17,19,23>2,6,9,20,23,8,16,4,7
2,3,8,9,12,13,16,17,18,19,20,22,23>20,4,22,13,8,19,23
2,3,8,9,12,13,16,17,18,19,20,22,23>3,9,14,17,18,21,8,19,23
2,3,8,9,12,13,16,17,18,19,20,22,23>3,12,16,18,22,8,19,23
2,3,8,9,12,13,16,17,18,19,20,22,23>3,4,12,14,16,17,20,21,8,19,23
2,3,8,9,12,13,16,17,18,19,20,22,23>4,9,12,14,20,8,19,23
2,3,8,9,12,13,16,17,18,19,20,22,23>2,4,9,12,16,20,22,8,19,23
2,5,6,7,10,11,12,14,16,18,19,20,21,22,23>2,6,15,16,20,7,19,21,22,23
2,5,6,7,10,11,12,14,16,18,19,20,21,22,23>2,5,6,11,14,20,7,19,21,22,23
2,5,6,7,10,11,12,14,16,18,19,20,21,22,23>8,12,14,16,20,7,19,21,22,23
2,5,6,7,10,11,12,14,16,18,19,20,21,22,23>2,6,8,11,14,15,18,7,19,21,22,23
2,5,6,7,10,11,12,14,16,18,19,20,21,22,23>2,6,10,12,14,15,16,7,19,21,22,23
2,5,6,7,10,11,12,14,16,18,19,20,21,22,23>8,10,11,16,18,20,7,19,21,22,23
2,3,4,5,6,7,11,14,15,16,17,18,19,22,23>17,22,4,7,15,16,18,19,23
2,3,4,5,6,7,11,14,15,16,17,18,19,22,23>2,17,11,12,4,7,15,16,18,19,23
2,3,4,5,6,7,11,14,15,16,17,18,19,22,23>14,17,20,12,4,7,15,16,18,19,23
2,3,4,5,6,7,11,14,15,16,17,18,19,22,23>14,2,20,5,4,7,15,16,18,19,23
2,3,4,5,6,7,11,14,15,16,17,18,19,22,23>3,6,8,4,7,15,16,18,19,23
2,3,4,5,6,7,11,14,15,16,17,18,19,22,23>5,6,8,14,20,22,4,7,15,16,18,19,23
7,16,17,20,21,22>8,13,18,23,20,21,22
7,16,17,20,21,22>8,13,16,18,20,21,22
7,16,17,20,21,22>7,8,13,16,23,20,21,22
7,16,17,20,21,22>8,17,18,23,20,21,22
7,16,17,20,21,22>16,17,23,20,21,22
7,16,17,20,21,22>7,8,13,16,17,20,21,22
4,6,7,11,12,15,17,18,21,22,23>4,8,21,7,12,18,22,23
4,6,7,11,12,15,17,18,21,22,23>4,6,11,16,17,19,21,7,12,18,22,23
4,6,7,11,12,15,17,18,21,22,23>8,11,16,17,19,21,7,12,18,22,23
4,6,7,11,12,15,17,18,21,22,23>4,6,15,16,17,19,21,7,12,18,22,23
4,6,7,11,12,15,17,18,21,22,23>8,11,15,17,21,7,12,18,22,23
4,6,7,11,12,15,17,18,21,22,23>6,8,11,15,19,7,12,18,22,23
2,3,5,7,9,10,11,15,16,18,21,22,23>4,7,8,9,21,10,11,16,22,23
2,3,5,7,9,10,11,15,16,18,21,22,23>4,5,7,8,15,18,10,11,16,22,23
2,3,5,7,9,10,11,15,16,18,21,22,23>3,4,5,7,8,9,18,10,11,16,22,23
2,3,5,7,9,10,11,15,16,18,21,22,23>3,4,5,9,15,18,10,11,16,22,23
2,3,5,7,9,10,11,15,16,18,21,22,23>4,6,8,9,15,18,10,11,16,22,23
2,3,5,7,9,10,11,15,16,18,21,22,23>3,5,6,7,8,9,10,11,16,22,23
1,3,5,7,10,13,17,19,20,21,22,23>2,3,7,13,18,17,20,21,22,23
1,3,5,7,10,13,17,19,20,21,22,23>1,3,4,7,13,19,17,20,21,22,23
1,3,5,7,10,13,17,19,20,21,22,23>13,14,5,17,20,21,22,23
1,3,5,7,10,13,17,19,20,21,22,23>2,3,5,14,18,19,17,20,21,22,23
1,3,5,7,10,13,17,19,20,21,22,23>2,4,5,7,10,14,18,19,17,20,21,22,23
1,3,5,7,10,13,17,19,20,21,22,23>1,3,4,5,7,13,17,20,21,22,23
1,2,4,5,7,8,12,14,15,16,17,18,19,22>17,1,5,23,2,8,12,16,19
1,2,4,5,7,8,12,14,15,16,17,18,19,22>7,15,18,22,23,2,8,12,16,19
1,2,4,5,7,8,12,14,15,16,17,18,19,22>5,7,15,17,22,2,8,12,16,19
1,2,4,5,7,8,12,14,15,16,17,18,19,22>5,7,14,17,18,2,8,12,16,19
1,2,4,5,7,8,12,14,15,16,17,18,19,22>1,13,17,22,23,2,8,12,16,19
1,2,4,5,7,8,12,14,15,16,17,18,19,22>1,4,13,18,22,23,2,8,12,16,19
2,3,4,5,6,8,9,10,11,12,14,15,16,17,18,20>2,12,15,17,19,21,4,6,8,10,16
2,3,4,5,6,8,9,10,11,12,14,15,16,17,18,20>2,3,11,12,14,17,19,4,6,8,10,16
2,3,4,5,6,8,9,10,11,12,14,15,16,17,18,20>2,7,11,15,17,21,4,6,8,10,16
2,3,4,5,6,8,9,10,11,12,14,15,16,17,18,20>2,7,19,11,4,6,8,10,16
2,3,4,5,6,8,9,10,11,12,14,15,16,17,18,20>2,3,7,9,12,14,17,19,20,4,6,8,10,16
2,3,4,5,6,8,9,10,11,12,14,15,16,17,18,20>5,7,9,11,12,13,17,19,20,21,4,6,8,10,16
1,3,8,11,14,15,16,19,20,21>15,2,14,8,16,20,21
1,3,8,11,14,15,16,19,20,21>2,3,4,13,8,16,20,21
1,3,8,11,14,15,16,19,20,21>11,14,15,19,22,8,16,20,21
1,3,8,11,14,15,16,19,20,21>19,2,4,11,8,16,20,21
1,3,8,11,14,15,16,19,20,21>1,3,4,11,15,22,8,16,20,21
1,3,8,11,14,15,16,19,20,21>2,3,4,11,8,16,20,21
1,2,3,4,5,9,10,11,12,13,14,15,16,17,18,19,21,22,23>17,5,10,2,4,11,12,14,15,16,18,19,22,23
1,2,3,4,5,9,10,11,12,13,14,15,16,17,18,19,21,22,23>21,5,10,2,4,11,12,14,15,16,18,19,22,23
1,2,3,4,5,9,10,11,12,13,14,15,16,17,18,19,21,22,23>1,3,5,13,2,4,11,12,14,15,16,18,19,22,23
1,2,3,4,5,9,10,11,12,13,14,15,16,17,18,19,21,22,23>1,3,5,21,2,4,11,12,14,15,16,18,19,22,23
1,2,3,4,5,9,10,11,12,13,14,15,16,17,18,19,21,22,23>3,9,13,17,21,2,4,11,12,14,15,16,18,19,22,23
1,2,3,4,5,9,10,11,12,13,14,15,16,17,18,19,21,22,23>1,3,9,21,2,4,11,12,14,15,16,18,19,22,23
2,3,6,10,11,13,14,16,17>3,4,8,15,16,17,11,13,14
2,3,6,10,11,13,14,16,17>2,3,6,8,15,16,11,13,14
2,3,6,10,11,13,14,16,17>3,4,6,8,15,16,11,13,14
2,3,6,10,11,13,14,16,17>4,7,10,12,17,18,11,13,14
2,3,6,10,11,13,14,16,17>6,7,10,15,16,17,11,13,14
2,3,6,10,11,13,14,16,17>2,4,6,7,8,12,16,18,11,13,14
5,6,7,8,9,11,12,15,17,22,23>5,10,11,16,22,6,7,8,12,23
5,6,7,8,9,11,12,15,17,22,23>22,9,10,11,6,7,8,12,23
5,6,7,8,9,11,12,15,17,22,23>22,15,16,17,6,7,8,12,23
5,6,7,8,9,11,12,15,17,22,23>22,9,15,16,6,7,8,12,23
5,6,7,8,9,11,12,15,17,22,23>22,10,15,17,6,7,8,12,23
5,6,7,8,9,11,12,15,17,22,23>9,11,15,16,6,7,8,12,23
1,2,3,4,5,6,8,10,12,14,15,16,18,19,20,23>3,5,6,12,18,21,2,4,8,16,19
1,2,3,4,5,6,8,10,12,14,15,16,18,19,20,23>1,3,5,6,10,12,14,15,18,23,2,4,8,16,19
1,2,3,4,5,6,8,10,12,14,15,16,18,19,20,23>1,3,7,10,14,15,23,2,4,8,16,19
1,2,3,4,5,6,8,10,12,14,15,16,18,19,20,23>3,6,7,10,12,14,18,23,2,4,8,16,19
1,2,3,4,5,6,8,10,12,14,15,16,18,19,20,23>1,3,6,7,10,20,23,2,4,8,16,19
1,2,3,4,5,6,8,10,12,14,15,16,18,19,20,23>5,6,7,14,15,18,21,2,4,8,16,19
2,10,11,14,17,18,22>22,23,10,13,18,11
2,10,11,14,17,18,22>23,10,14,19,18,11
2,10,11,14,17,18,22>2,10,14,17,19,18,11
2,10,11,14,17,18,22>2,14,15,17,19,22,23,18,11
2,10,11,14,17,18,22>10,14,15,19,22,18,11
2,10,11,14,17,18,22>10,13,14,15,23,18,11
2,4,7,9,10,11,12,13,15,17,19,21,23>2,4,7,10,13,14,17,18,22,11,12
2,4,7,9,10,11,12,13,15,17,19,21,23>7,8,13,14,15,16,19,22,23,11,12
2,4,7,9,10,11,12,13,15,17,19,21,23>2,4,9,10,13,14,15,17,19,21,22,23,11,12
2,4,7,9,10,11,12,13,15,17,19,21,23>2,8,9,10,13,14,15,21,22,11,12
2,4,7,9,10,11,12,13,15,17,19,21,23>7,8,9,10,13,15,16,17,19,22,23,11,12
2,4,7,9,10,11,12,13,15,17,19,21,23>2,4,7,8,9,10,13,14,15,16,17,19,22,11,12
1,3,4,6,8,9,10,11,16,17,19,21,22>1,2,17,20,21,23,4,8,11,16,22
1,3,4,6,8,9,10,11,16,17,19,21,22>1,3,9,10,20,23,4,8,11,16,22
1,3,4,6,8,9,10,11,16,17,19,21,22>1,2,3,10,12,19,4,8,11,16,22
1,3,4,6,8,9,10,11,16,17,19,21,22>1,7,9,10,12,17,19,21,4,8,11,16,22
1,3,4,6,8,9,10,11,16,17,19,21,22>2,3,7,9,13,17,4,8,11,16,22
1,3,4,6,8,9,10,11,16,17,19,21,22>1,3,6,7,10,12,13,19,21,23,4,8,11,16,22
4,5,6,7,9,12,13,16,17,18,22,23>4,22,8,19,6,7,12,16,18,23
4,5,6,7,9,12,13,16,17,18,22,23>17,19,9,6,7,12,16,18,23
4,5,6,7,9,12,13,16,17,18,22,23>8,9,13,14,6,7,12,16,18,23
4,5,6,7,9,12,13,16,17,18,22,23>4,8,9,13,6,7,12,16,18,23
4,5,6,7,9,12,13,16,17,18,22,23>5,8,9,13,19,22,6,7,12,16,18,23
4,5,6,7,9,12,13,16,17,18,22,23>4,5,8,9,14,17,6,7,12,16,18,23
2,6,7,8,11,12,13,14,16,22>2,11,7,8,12,13,14
2,6,7,8,11,12,13,14,16,22>2,16,23,7,8,12,13,14
2,6,7,8,11,12,13,14,16,22>2,6,22,23,7,8,12,13,14
2,6,7,8,11,12,13,14,16,22>16,22,23,7,8,12,13,14
2,6,7,8,11,12,13,14,16,22>2,16,22,7,8,12,13,14
2,6,7,8,11,12,13,14,16,22>6,16,22,7,8,12,13,14
3,4,6,7,8,11,12,13,14,16,20,22>6,11,21,22,4,7,8,13,14,16
3,4,6,7,8,11,12,13,14,16,20,22>3,6,11,22,23,4,7,8,13,14,16
3,4,6,7,8,11,12,13,14,16,20,22>23,6,12,22,4,7,8,13,14,16
3,4,6,7,8,11,12,13,14,16,20,22>3,20,21,22,23,4,7,8,13,14,16
3,4,6,7,8,11,12,13,14,16,20,22>6,20,21,22,4,7,8,13,14,16
3,4,6,7,8,11,12,13,14,16,20,22>6,12,20,4,7,8,13,14,16
1,4,6,9,11,17,18>2,6,9,10,11,13,16,17,18
1,4,6,9,11,17,18>1,2,6,10,11,13,16,17,18
1,4,6,9,11,17,18>11,16,7,9,18
1,4,6,9,11,17,18>1,7,9,10,16,19,18
1,4,6,9,11,17,18>4,7,9,10,17,18
1,4,6,9,11,17,18>1,2,4,7,9,13,16,17,18
3,4,7,8,9,11,12,14,19,21,22>11,14,16,19,21,8,4,12,22
3,4,7,8,9,11,12,14,19,21,22>19,3,11,21,8,4,12,22
3,4,7,8,9,11,12,14,19,21,22>9,11,19,21,23,8,4,12,22
3,4,7,8,9,11,12,14,19,21,22>7,13,19,21,23,8,4,12,22
3,4,7,8,9,11,12,14,19,21,22>7,9,13,16,8,4,12,22
3,4,7,8,9,11,12,14,19,21,22>19,21,11,13,8,4,12,22
2,9,10,11,12,13,16,18,19,20,21>2,12,14,18,22,21,19,13
2,9,10,11,12,13,16,18,19,20,21>16,2,8,9,21,19,13
2,9,10,11,12,13,16,18,19,20,21>2,11,12,16,20,22,21,19,13
2,9,10,11,12,13,16,18,19,20,21>2,8,11,14,18,22,21,19,13
2,9,10,11,12,13,16,18,19,20,21>2,8,11,16,18,20,21,19,13
2,9,10,11,12,13,16,18,19,20,21>10,11,12,14,16,20,21,19,13
4,7,8,9,13,15,16,17,18,21,23>10,13,14,18,21,22,8,16
4,7,8,9,13,15,16,17,18,21,23>10,14,15,19,21,23,8,16
4,7,8,9,13,15,16,17,18,21,23>7,10,14,17,18,19,22,8,16
4,7,8,9,13,15,16,17,18,21,23>9,10,15,18,19,8,16
4,7,8,9,13,15,16,17,18,21,23>4,9,12,13,14,22,8,16
4,7,8,9,13,15,16,17,18,21,23>7,9,12,14,18,19,21,8,16
1,2,3,5,7,8,13,15,16,17,19,20>4,5,14,19,21,2,8,13,16,20
1,2,3,5,7,8,13,15,16,17,19,20>17,19,4,5,2,8,13,16,20
1,2,3,5,7,8,13,15,16,17,19,20>1,3,7,14,15,17,19,21,2,8,13,16,20
1,2,3,5,7,8,13,15,16,17,19,20>5,7,15,17,19,2,8,13,16,20
1,2,3,5,7,8,13,15,16,17,19,20>1,4,5,7,14,19,2,8,13,16,20
1,2,3,5,7,8,13,15,16,17,19,20>1,4,5,7,15,2,8,13,16,20
1,5,10,11,12,14,15,18,19,21,23>1,14,18,21,22,23,19,11,12,15
1,5,10,11,12,14,15,18,19,21,23>18,1,5,19,11,12,15
1,5,10,11,12,14,15,18,19,21,23>22,8,14,16,19,11,12,15
1,5,10,11,12,14,15,18,19,21,23>1,8,16,18,22,23,19,11,12,15
1,5,10,11,12,14,15,18,19,21,23>1,2,10,18,22,23,19,11,12,15
1,5,10,11,12,14,15,18,19,21,23>5,8,10,14,18,22,23,19,11,12,15
1,3,7,8,10,11,14,16,17,18,19,20>2,10,11,14,18,8,19,20
1,3,7,8,10,11,14,16,17,18,19,20>2,3,11,14,18,8,19,20
1,3,7,8,10,11,14,16,17,18,19,20>4,10,14,16,18,21,8,19,20
1,3,7,8,10,11,14,16,17,18,19,20>2,3,4,10,17,21,8,19,20
1,3,7,8,10,11,14,16,17,18,19,20>3,7,13,18,21,8,19,20
1,3,7,8,10,11,14,16,17,18,19,20>3,4,7,10,11,14,8,19,20
1,2,4,5,7,8,10,17,18,19>1,5,7,10,11,16,17,18,2,19
1,2,4,5,7,8,10,17,18,19>4,5,7,10,20,2,19
1,2,4,5,7,8,10,17,18,19>1,5,7,11,18,20,2,19
1,2,4,5,7,8,10,17,18,19>1,4,8,11,13,17,18,2,19
1,2,4,5,7,8,10,17,18,19>1,4,7,8,10,11,16,17,2,19
1,2,4,5,7,8,10,17,18,19>5,7,8,16,17,20,2,19
1,4,7,8,9,10,11,15,16,17,19,20,23>1,21,23,17,8,16,20
1,4,7,8,9,10,11,15,16,17,19,20,23>2,21,23,8,16,20
1,4,7,8,9,10,11,15,16,17,19,20,23>1,2,21,17,8,16,20
1,4,7,8,9,10,11,15,16,17,19,20,23>1,4,15,17,19,8,16,20
1,4,7,8,9,10,11,15,16,17,19,20,23>2,7,10,8,16,20
1,4,7,8,9,10,11,15,16,17,19,20,23>1,2,7,9,15,19,8,16,20
5,6,7,17,18,19,20>13,21,7,17,18,19,20
5,6,7,17,18,19,20>13,5,7,17,18,19,20
5,6,7,17,18,19,20>21,5,7,17,18,19,20
5,6,7,17,18,19,20>13,6,7,17,18,19,20
5,6,7,17,18,19,20>21,6,7,17,18,19,20
5,6,7,17,18,19,20>5,6,7,17,18,19,20
3,4,5,11,12,14,18,19,21,22>23,14,15,19,4,12,22
3,4,5,11,12,14,18,19,21,22>8,15,16,18,21,19,4,12,22
3,4,5,11,12,14,18,19,21,22>5,11,14,16,21,19,4,12,22
3,4,5,11,12,14,18,19,21,22>3,13,15,18,23,19,4,12,22
3,4,5,11,12,14,18,19,21,22>3,5,8,13,16,18,23,19,4,12,22
3,4,5,11,12,14,18,19,21,22>8,11,13,14,16,18,21,23,19,4,12,22
2,4,7,9,11,12,16,18,19,20,22>11,12,13,18,20,23,16,19
2,4,7,9,11,12,16,18,19,20,22>4,12,18,20,23,16,19
2,4,7,9,11,12,16,18,19,20,22>2,7,13,22,23,16,19
2,4,7,9,11,12,16,18,19,20,22>2,8,11,13,18,20,22,16,19
2,4,7,9,11,12,16,18,19,20,22>8,9,13,21,22,23,16,19
2,4,7,9,11,12,16,18,19,20,22>2,4,8,9,11,21,16,19
6,8,11,16,19,21>20,21,7,22,8
6,8,11,16,19,21>21,11,8
6,8,11,16,19,21>7,12,8
6,8,11,16,19,21>6,13,20,21,22,8
6,8,11,16,19,21>11,13,16,20,22,8
6,8,11,16,19,21>6,7,11,13,16,19,8
