TCR,NFAT,IFN-\beta,IFN-\betaR,IL-18,IL-18R,IRAK,SOCS1,IL-12,IL-12R,STAT4,T-bet,IFN-\gamma,IFN-\gammaR,JAK1,STAT1,IL-4,IL-4R,STAT6,GATA3,IL-10,IL-10R,STAT3
2,3,5,8,9,12,13,14,15,17,18,21,23>2,13,16,21,22,23,8,12,14
2,3,5,8,9,12,13,14,15,17,18,21,23>3,4,10,13,16,18,19,22,23,8,12,14
2,3,5,8,9,12,13,14,15,17,18,21,23>2,5,9,13,17,18,21,22,8,12,14
2,3,5,8,9,12,13,14,15,17,18,21,23>3,5,9,13,15,19,8,12,14
2,3,5,8,9,12,13,14,15,17,18,21,23>3,4,5,10,16,18,21,22,23,8,12,14
2,3,5,8,9,12,13,14,15,17,18,21,23>2,6,9,16,17,18,19,8,12,14
2,3,5,8,9,12,13,14,15,17,18,21,23>5,6,13,16,21,22,23,8,12,14
2,3,5,8,9,12,13,14,15,17,18,21,23>3,5,6,10,17,18,21,22,23,8,12,14
2,4,5,6,7,8,9,11,12,16,18,21>22,4,21,11,6,7,8,12,16
2,4,5,6,7,8,9,11,12,16,18,21>2,4,13,18,22,6,7,8,12,16
2,4,5,6,7,8,9,11,12,16,18,21>5,11,13,18,19,22,6,7,8,12,16
2,4,5,6,7,8,9,11,12,16,18,21>2,5,11,18,21,22,6,7,8,12,16
2,4,5,6,7,8,9,11,12,16,18,21>4,5,11,13,18,19,6,7,8,12,16
2,4,5,6,7,8,9,11,12,16,18,21>2,4,21,9,6,7,8,12,16
2,4,5,6,7,8,9,11,12,16,18,21>2,9,10,11,18,21,22,6,7,8,12,16
2,4,5,6,7,8,9,11,12,16,18,21>4,9,10,18,21,22,6,7,8,12,16
1,2,5,6,7,8,12,14,16,19,22>22,1,8,2,12,7
1,2,5,6,7,8,12,14,16,19,22>6,19,8,2,12,7
1,2,5,6,7,8,12,14,16,19,22>5,6,16,22,23,8,2,12,7
1,2,5,6,7,8,12,14,16,19,22>1,6,13,8,2,12,7
1,2,5,6,7,8,12,14,16,19,22>5,6,14,16,22,8,2,12,7
1,2,5,6,7,8,12,14,16,19,22>13,14,19,8,2,12,7
1,2,5,6,7,8,12,14,16,19,22>1,5,13,14,23,8,2,12,7
1,2,5,6,7,8,12,14,16,19,22>6,13,14,22,23,8,2,12,7
1,2,4,6,8,10,11,13,15>1,4,10,14,16,2,11,13
1,2,4,6,8,10,11,13,15>15,6,10,2,11,13
1,2,4,6,8,10,11,13,15>1,4,6,10,2,11,13
1,2,4,6,8,10,11,13,15>16,4,7,10,2,11,13
1,2,4,6,8,10,11,13,15>4,6,7,14,2,11,13
1,2,4,6,8,10,11,13,15>15,1,8,14,2,11,13
1,2,4,6,8,10,11,13,15>4,6,8,14,15,2,11,13
1,2,4,6,8,10,11,13,15>7,8,10,2,11,13
3,5,7,9,11,13,16,17,18,21,22,23>4,8,14,19,21,18,22,23
3,5,7,9,11,13,16,17,18,21,22,23>4,5,8,9,10,11,12,13,17,19,21,18,22,23
3,5,7,9,11,13,16,17,18,21,22,23>3,4,7,8,10,11,13,18,22,23
3,5,7,9,11,13,16,17,18,21,22,23>6,7,8,9,10,13,14,16,17,18,22,23
3,5,7,9,11,13,16,17,18,21,22,23>3,6,7,8,9,12,19,21,18,22,23
3,5,7,9,11,13,16,17,18,21,22,23>4,6,7,9,10,11,12,13,14,17,19,21,18,22,23
3,5,7,9,11,13,16,17,18,21,22,23>5,6,7,10,11,13,14,16,21,18,22,23
3,5,7,9,11,13,16,17,18,21,22,23>4,5,6,7,11,13,18,22,23
4,6,9,10,11,13,15,18,20,22,23>15,17,21,13,10,20,23
4,6,9,10,11,13,15,18,20,22,23>6,13,14,15,17,18,19,22,10,20,23
4,6,9,10,11,13,15,18,20,22,23>4,6,13,16,17,18,19,21,22,10,20,23
4,6,9,10,11,13,15,18,20,22,23>4,7,9,13,14,15,21,22,10,20,23
4,6,9,10,11,13,15,18,20,22,23>6,7,9,13,14,15,18,19,10,20,23
4,6,9,10,11,13,15,18,20,22,23>4,6,7,9,13,16,22,10,20,23
4,6,9,10,11,13,15,18,20,22,23>6,11,14,15,16,17,18,22,10,20,23
4,6,9,10,11,13,15,18,20,22,23>4,7,9,11,13,15,16,22,10,20,23
3,6,7,8,11,12,13,17,18,20,22>19,21,6,18,8,17,13,7
3,6,7,8,11,12,13,17,18,20,22>3,11,19,21,23,8,17,13,7
3,6,7,8,11,12,13,17,18,20,22>3,4,11,18,19,21,22,8,17,13,7
3,6,7,8,11,12,13,17,18,20,22>6,11,19,20,21,22,23,8,17,13,7
3,6,7,8,11,12,13,17,18,20,22>4,6,12,14,19,20,22,8,17,13,7
3,6,7,8,11,12,13,17,18,20,22>3,4,11,12,18,19,23,8,17,13,7
3,6,7,8,11,12,13,17,18,20,22>3,6,11,12,14,20,22,8,17,13,7
3,6,7,8,11,12,13,17,18,20,22>3,4,6,11,12,21,22,8,17,13,7
2,4,5,8,9,10,12,13,19,21,22,23>2,11,13,14,16,19,8,12,22,23
2,4,5,8,9,10,12,13,19,21,22,23>14,19,5,11,8,12,22,23
2,4,5,8,9,10,12,13,19,21,22,23>14,16,21,9,8,12,22,23
2,4,5,8,9,10,12,13,19,21,22,23>10,14,16,19,21,8,12,22,23
2,4,5,8,9,10,12,13,19,21,22,23>2,4,10,11,16,8,12,22,23
2,4,5,8,9,10,12,13,19,21,22,23>14,21,9,10,8,12,22,23
2,4,5,8,9,10,12,13,19,21,22,23>2,4,9,10,11,13,19,21,8,12,22,23
2,4,5,8,9,10,12,13,19,21,22,23>2,5,9,10,13,14,16,8,12,22,23
2,4,9,10,11,12,13,15,18,19,20,22>2,4,8,12,15,21,19,13
2,4,9,10,11,12,13,15,18,19,20,22>2,9,14,15,17,18,20,21,23,19,13
2,4,9,10,11,12,13,15,18,19,20,22>2,4,9,11,12,14,16,18,20,23,19,13
2,4,9,10,11,12,13,15,18,19,20,22>2,4,9,11,15,16,18,20,21,19,13
2,4,9,10,11,12,13,15,18,19,20,22>2,10,12,14,18,23,19,13
2,4,9,10,11,12,13,15,18,19,20,22>4,10,11,12,15,22,19,13
2,4,9,10,11,12,13,15,18,19,20,22>8,10,11,12,14,16,17,18,20,21,22,23,19,13
2,4,9,10,11,12,13,15,18,19,20,22>4,8,10,15,17,20,23,19,13
1,2,6,7,8,9,11,12,13,14,15,19,20,22,23>6,13,16,17,21,2,7,8,14,23
1,2,6,7,8,9,11,12,13,14,15,19,20,22,23>1,6,15,16,17,19,21,2,7,8,14,23
1,2,6,7,8,9,11,12,13,14,15,19,20,22,23>1,12,20,21,22,2,7,8,14,23
1,2,6,7,8,9,11,12,13,14,15,19,20,22,23>17,6,12,2,7,8,14,23
1,2,6,7,8,9,11,12,13,14,15,19,20,22,23>9,12,15,16,17,19,2,7,8,14,23
1,2,6,7,8,9,11,12,13,14,15,19,20,22,23>11,12,16,17,19,20,2,7,8,14,23
1,2,6,7,8,9,11,12,13,14,15,19,20,22,23>11,12,13,17,22,2,7,8,14,23
1,2,6,7,8,9,11,12,13,14,15,19,20,22,23>1,11,12,13,19,20,21,2,7,8,14,23
3,6,8,9,10,13,14,16,17,20,22,23>22,16,8,10,14,20,23
3,6,8,9,10,13,14,16,17,20,22,23>17,4,22,13,8,10,14,20,23
3,6,8,9,10,13,14,16,17,20,22,23>3,4,21,16,8,10,14,20,23
3,6,8,9,10,13,14,16,17,20,22,23>3,4,6,13,8,10,14,20,23
3,6,8,9,10,13,14,16,17,20,22,23>21,7,13,16,8,10,14,20,23
3,6,8,9,10,13,14,16,17,20,22,23>3,6,9,13,17,22,8,10,14,20,23
3,6,8,9,10,13,14,16,17,20,22,23>3,4,6,9,17,21,8,10,14,20,23
3,6,8,9,10,13,14,16,17,20,22,23>4,22,7,9,8,10,14,20,23
2,3,4,5,7,8,10,11,13,14,18,19,20,22>2,3,7,8,10,17,18,21,23,4,13,14,19,20
2,3,4,5,7,8,10,11,13,14,18,19,20,22>16,21,5,23,4,13,14,19,20
2,3,4,5,7,8,10,11,13,14,18,19,20,22>2,3,7,8,10,16,17,18,21,4,13,14,19,20
2,3,4,5,7,8,10,11,13,14,18,19,20,22>5,16,17,18,23,4,13,14,19,20
2,3,4,5,7,8,10,11,13,14,18,19,20,22>7,10,11,16,17,18,21,4,13,14,19,20
2,3,4,5,7,8,10,11,13,14,18,19,20,22>2,7,10,11,16,17,22,23,4,13,14,19,20
2,3,4,5,7,8,10,11,13,14,18,19,20,22>3,5,8,10,11,17,18,21,22,23,4,13,14,19,20
2,3,4,5,7,8,10,11,13,14,18,19,20,22>2,3,7,8,16,18,22,23,4,13,14,19,20
2,3,4,5,8,10,12,14,15,16,18,19,20,21,23>2,5,18,20,23,4,8,16,19,21
2,3,4,5,8,10,12,14,15,16,18,19,20,21,23>3,5,14,15,20,23,4,8,16,19,21
2,3,4,5,8,10,12,14,15,16,18,19,20,21,23>2,3,10,18,22,4,8,16,19,21
2,3,4,5,8,10,12,14,15,16,18,19,20,21,23>2,3,5,10,14,22,4,8,16,19,21
2,3,4,5,8,10,12,14,15,16,18,19,20,21,23>2,12,15,18,23,4,8,16,19,21
2,3,4,5,8,10,12,14,15,16,18,19,20,21,23>2,3,12,18,20,4,8,16,19,21
2,3,4,5,8,10,12,14,15,16,18,19,20,21,23>3,10,12,14,15,4,8,16,19,21
2,3,4,5,8,10,12,14,15,16,18,19,20,21,23>2,3,10,12,15,20,4,8,16,19,21
4,10,11,12,17,20,21,22>4,23,11,20,17,21,22
4,10,11,12,17,20,21,22>4,8,10,11,13,18,17,21,22
4,10,11,12,17,20,21,22>18,20,12,17,21,22
4,10,11,12,17,20,21,22>18,4,8,12,17,21,22
4,10,11,12,17,20,21,22>4,8,12,13,17,21,22
4,10,11,12,17,20,21,22>4,10,12,13,17,21,22
4,10,11,12,17,20,21,22>8,10,12,13,18,23,17,21,22
4,10,11,12,17,20,21,22>8,10,12,16,23,17,21,22
1,2,4,5,9,11,12,14,15,16,17,18,20,21>1,4,5,11,13,14,17,20,22,2,15,16,18,21
1,2,4,5,9,11,12,14,15,16,17,18,20,21>1,6,9,10,11,12,13,14,17,19,2,15,16,18,21
1,2,4,5,9,11,12,14,15,16,17,18,20,21>1,4,6,12,14,19,22,2,15,16,18,21
1,2,4,5,9,11,12,14,15,16,17,18,20,21>5,6,10,11,12,13,19,2,15,16,18,21
1,2,4,5,9,11,12,14,15,16,17,18,20,21>4,5,6,10,12,13,17,19,22,2,15,16,18,21
1,2,4,5,9,11,12,14,15,16,17,18,20,21>8,10,11,13,17,22,2,15,16,18,21
1,2,4,5,9,11,12,14,15,16,17,18,20,21>5,8,9,10,11,13,20,22,2,15,16,18,21
1,2,4,5,9,11,12,14,15,16,17,18,20,21>1,4,6,8,11,13,17,19,20,22,2,15,16,18,21
2,3,7,9,10,11,12,13,15,17,20,22>4,9,15,21,22,23,17,10,13
2,3,7,9,10,11,12,13,15,17,20,22>3,4,15,18,20,21,23,17,10,13
2,3,7,9,10,11,12,13,15,17,20,22>2,7,12,15,18,21,22,17,10,13
2,3,7,9,10,11,12,13,15,17,20,22>8,9,11,12,20,17,10,13
2,3,7,9,10,11,12,13,15,17,20,22>3,4,8,12,14,16,18,20,21,22,17,10,13
2,3,7,9,10,11,12,13,15,17,20,22>7,8,11,12,14,15,18,21,17,10,13
2,3,7,9,10,11,12,13,15,17,20,22>4,7,8,9,12,14,16,20,23,17,10,13
2,3,7,9,10,11,12,13,15,17,20,22>2,4,7,8,16,18,21,17,10,13
3,5,6,7,9,12,22,23>10,22,12,23,6,7
3,5,6,7,9,12,22,23>3,4,10,12,23,6,7
3,5,6,7,9,12,22,23>3,5,8,10,12,23,6,7
3,5,6,7,9,12,22,23>4,5,8,10,12,23,6,7
3,5,6,7,9,12,22,23>3,4,5,8,12,23,6,7
3,5,6,7,9,12,22,23>3,9,22,12,23,6,7
3,5,6,7,9,12,22,23>8,9,22,12,23,6,7
3,5,6,7,9,12,22,23>3,8,9,12,23,6,7
1,2,4,5,7,9,10,11,12,16,19,20>1,5,10,13,19,20,16,2
1,2,4,5,7,9,10,11,12,16,19,20>1,4,5,7,11,12,19,20,16,2
1,2,4,5,7,9,10,11,12,16,19,20>8,10,12,13,19,20,16,2
1,2,4,5,7,9,10,11,12,16,19,20>1,5,8,11,12,13,19,16,2
1,2,4,5,7,9,10,11,12,16,19,20>1,7,8,9,10,11,13,20,21,16,2
1,2,4,5,7,9,10,11,12,16,19,20>1,7,8,9,12,13,20,16,2
1,2,4,5,7,9,10,11,12,16,19,20>5,7,8,9,12,13,16,2
1,2,4,5,7,9,10,11,12,16,19,20>4,5,7,8,9,10,11,12,21,16,2
2,6,8,9,11,12,13,14,16,17,18,20,22>6,7,16,17,18,20,8,13,14
2,6,8,9,11,12,13,14,16,17,18,20,22>2,6,9,12,16,18,19,21,8,13,14
2,6,8,9,11,12,13,14,16,17,18,20,22>7,9,11,12,16,18,19,20,8,13,14
2,6,8,9,11,12,13,14,16,17,18,20,22>2,6,7,9,11,18,21,23,8,13,14
2,6,8,9,11,12,13,14,16,17,18,20,22>10,11,12,16,18,22,8,13,14
2,6,8,9,11,12,13,14,16,17,18,20,22>10,12,16,17,21,23,8,13,14
2,6,8,9,11,12,13,14,16,17,18,20,22>7,9,10,11,12,18,19,20,22,23,8,13,14
2,6,8,9,11,12,13,14,16,17,18,20,22>6,7,9,10,17,19,21,22,23,8,13,14
2,5,9,11,14,16,18,19,20,21,22>2,15,16,18,23,19,20,21,22
2,5,9,11,14,16,18,19,20,21,22>23,5,18,14,19,20,21,22
2,5,9,11,14,16,18,19,20,21,22>15,2,5,9,19,20,21,22
2,5,9,11,14,16,18,19,20,21,22>8,9,14,15,18,23,19,20,21,22
2,5,9,11,14,16,18,19,20,21,22>8,9,15,16,23,19,20,21,22
2,5,9,11,14,16,18,19,20,21,22>18,23,11,14,19,20,21,22
2,5,9,11,14,16,18,19,20,21,22>5,11,14,15,18,19,20,21,22
2,5,9,11,14,16,18,19,20,21,22>5,8,9,11,13,14,18,19,20,21,22
1,2,3,4,8,11,12,13,14,16,18,19,21,23>23,3,11,21,2,4,8,12,14,16,19
1,2,3,4,8,11,12,13,14,16,18,19,21,23>1,11,13,22,23,2,4,8,12,14,16,19
1,2,3,4,8,11,12,13,14,16,18,19,21,23>23,3,11,13,2,4,8,12,14,16,19
1,2,3,4,8,11,12,13,14,16,18,19,21,23>1,3,11,13,22,2,4,8,12,14,16,19
1,2,3,4,8,11,12,13,14,16,18,19,21,23>1,18,22,2,4,8,12,14,16,19
1,2,3,4,8,11,12,13,14,16,18,19,21,23>1,3,11,18,23,2,4,8,12,14,16,19
1,2,3,4,8,11,12,13,14,16,18,19,21,23>13,18,21,22,23,2,4,8,12,14,16,19
1,2,3,4,8,11,12,13,14,16,18,19,21,23>1,11,13,18,23,2,4,8,12,14,16,19
2,5,10,13,16,17,18>16,5,17,12,18,13
2,5,10,13,16,17,18>8,11,12,16,17,19,18,13
2,5,10,13,16,17,18>6,8,11,12,14,16,18,13
2,5,10,13,16,17,18>8,10,11,12,14,16,19,18,13
2,5,10,13,16,17,18>5,8,10,12,14,19,18,13
2,5,10,13,16,17,18>6,8,10,14,16,18,13
2,5,10,13,16,17,18>2,6,8,10,11,12,16,17,18,13
2,5,10,13,16,17,18>2,5,6,8,10,11,16,17,18,13
1,3,4,10,11,13,14,17,19,20>18,3,16,4,13,14,17,20
1,3,4,10,11,13,14,17,19,20>1,2,10,16,18,4,13,14,17,20
1,3,4,10,11,13,14,17,19,20>21,3,10,4,13,14,17,20
1,3,4,10,11,13,14,17,19,20>1,3,10,4,13,14,17,20
1,3,4,10,11,13,14,17,19,20>1,11,15,16,18,19,21,4,13,14,17,20
1,3,4,10,11,13,14,17,19,20>1,2,11,15,21,4,13,14,17,20
1,3,4,10,11,13,14,17,19,20>19,3,11,16,4,13,14,17,20
1,3,4,10,11,13,14,17,19,20>1,10,11,15,18,19,4,13,14,17,20
2,3,5,7,8,13,17,18,19,21>2,3,4,14,17,20,21,22,19,13
2,3,5,7,8,13,17,18,19,21>2,3,5,8,20,21,22,19,13
2,3,5,7,8,13,17,18,19,21>2,7,8,17,21,22,19,13
2,3,5,7,8,13,17,18,19,21>3,4,7,8,14,17,18,20,21,19,13
2,3,5,7,8,13,17,18,19,21>2,3,4,7,14,17,18,21,22,19,13
2,3,5,7,8,13,17,18,19,21>3,4,7,20,21,22,19,13
2,3,5,7,8,13,17,18,19,21>2,5,7,17,18,20,21,19,13
2,3,5,7,8,13,17,18,19,21>3,5,7,8,17,18,20,21,22,19,13
1,3,10,11,12,13,16,17,18,19,21,22>16,21,10,11,12,13,18,19,22
1,3,10,11,12,13,16,17,18,19,21,22>2,3,14,16,17,21,23,11,12,13,18,19,22
1,3,10,11,12,13,16,17,18,19,21,22>1,2,3,4,10,14,11,12,13,18,19,22
1,3,10,11,12,13,16,17,18,19,21,22>1,2,8,16,17,21,11,12,13,18,19,22
1,3,10,11,12,13,16,17,18,19,21,22>3,8,14,16,17,11,12,13,18,19,22
1,3,10,11,12,13,16,17,18,19,21,22>21,4,8,10,11,12,13,18,19,22
1,3,10,11,12,13,16,17,18,19,21,22>3,4,8,10,23,11,12,13,18,19,22
1,3,10,11,12,13,16,17,18,19,21,22>1,3,4,8,10,17,11,12,13,18,19,22
1,5,7,9,11,14,16,17,18,20,21,22,23>1,6,9,10,11,16,18,20,21,22,23
1,5,7,9,11,14,16,17,18,20,21,22,23>2,6,11,15,16,17,19,18,20,21,22,23
1,5,7,9,11,14,16,17,18,20,21,22,23>1,5,6,8,9,14,15,17,18,20,21,22,23
1,5,7,9,11,14,16,17,18,20,21,22,23>7,8,10,11,14,16,17,19,18,20,21,22,23
1,5,7,9,11,14,16,17,18,20,21,22,23>1,2,7,8,15,16,18,20,21,22,23
1,5,7,9,11,14,16,17,18,20,21,22,23>5,7,9,11,19,18,20,21,22,23
1,5,7,9,11,14,16,17,18,20,21,22,23>2,5,7,9,10,15,17,19,18,20,21,22,23
1,5,7,9,11,14,16,17,18,20,21,22,23>1,2,5,7,10,16,18,20,21,22,23
1,3,6,7,8,11,12,13,14,15,16,18,20,23>4,11,12,13,15,21,8,16,14,7
1,3,6,7,8,11,12,13,14,15,16,18,20,23>2,4,11,12,13,18,21,8,16,14,7
1,3,6,7,8,11,12,13,14,15,16,18,20,23>2,3,4,11,13,18,8,16,14,7
1,3,6,7,8,11,12,13,14,15,16,18,20,23>1,6,11,13,15,19,20,8,16,14,7
1,3,6,7,8,11,12,13,14,15,16,18,20,23>1,6,12,13,20,21,8,16,14,7
1,3,6,7,8,11,12,13,14,15,16,18,20,23>1,2,6,12,15,21,23,8,16,14,7
1,3,6,7,8,11,12,13,14,15,16,18,20,23>1,2,4,6,13,15,19,20,21,8,16,14,7
1,3,6,7,8,11,12,13,14,15,16,18,20,23>1,3,4,6,11,13,15,19,23,8,16,14,7
2,3,6,7,11,12,14,17,19,20,21>3,12,13,18,19,17,21,7
2,3,6,7,11,12,14,17,19,20,21>2,3,12,14,19,20,22,17,21,7
2,3,6,7,11,12,14,17,19,20,21>3,4,12,14,19,22,17,21,7
2,3,6,7,11,12,14,17,19,20,21>6,11,12,13,14,15,19,17,21,7
2,3,6,7,11,12,14,17,19,20,21>2,4,6,11,13,14,15,18,19,20,22,17,21,7
2,3,6,7,11,12,14,17,19,20,21>8,11,13,14,15,18,19,17,21,7
2,3,6,7,11,12,14,17,19,20,21>6,8,11,13,14,19,20,22,17,21,7
2,3,6,7,11,12,14,17,19,20,21>2,6,8,12,13,15,20,17,21,7
3,4,6,8,13,14,15,16,19,22,23>3,6,7,19,20,4,8,14,16,23
3,4,6,8,13,14,15,16,19,22,23>20,3,12,19,4,8,14,16,23
3,4,6,8,13,14,15,16,19,22,23>20,6,12,15,4,8,14,16,23
3,4,6,8,13,14,15,16,19,22,23>3,12,15,4,8,14,16,23
3,4,6,8,13,14,15,16,19,22,23>3,6,7,12,19,22,4,8,14,16,23
3,4,6,8,13,14,15,16,19,22,23>6,7,13,19,20,4,8,14,16,23
3,4,6,8,13,14,15,16,19,22,23>22,7,12,13,4,8,14,16,23
3,4,6,8,13,14,15,16,19,22,23>3,7,12,13,20,4,8,14,16,23
4,6,9,10,11,12,13,14,16,17,18,19,21,22,23>4,6,10,13,15,21,11,12,14,16,18,19,22,23
4,6,9,10,11,12,13,14,16,17,18,19,21,22,23>4,8,13,11,12,14,16,18,19,22,23
4,6,9,10,11,12,13,14,16,17,18,19,21,22,23>4,6,21,8,11,12,14,16,18,19,22,23
4,6,9,10,11,12,13,14,16,17,18,19,21,22,23>6,7,8,13,17,21,11,12,14,16,18,19,22,23
4,6,9,10,11,12,13,14,16,17,18,19,21,22,23>6,7,8,10,13,11,12,14,16,18,19,22,23
4,6,9,10,11,12,13,14,16,17,18,19,21,22,23>4,6,9,13,15,17,11,12,14,16,18,19,22,23
4,6,9,10,11,12,13,14,16,17,18,19,21,22,23>7,9,13,15,17,11,12,14,16,18,19,22,23
4,6,9,10,11,12,13,14,16,17,18,19,21,22,23>15,4,8,9,11,12,14,16,18,19,22,23
2,3,4,5,6,7,10,11,14,15,17,18,19,20,21,22,23>5,11,14,4,7,15,17,18,19,20,21,22,23
2,3,4,5,6,7,10,11,14,15,17,18,19,20,21,22,23>2,3,5,11,4,7,15,17,18,19,20,21,22,23
2,3,4,5,6,7,10,11,14,15,17,18,19,20,21,22,23>2,3,6,14,16,4,7,15,17,18,19,20,21,22,23
2,3,4,5,6,7,10,11,14,15,17,18,19,20,21,22,23>16,5,6,4,7,15,17,18,19,20,21,22,23
2,3,4,5,6,7,10,11,14,15,17,18,19,20,21,22,23>16,2,10,14,4,7,15,17,18,19,20,21,22,23
2,3,4,5,6,7,10,11,14,15,17,18,19,20,21,22,23>16,5,10,14,4,7,15,17,18,19,20,21,22,23
2,3,4,5,6,7,10,11,14,15,17,18,19,20,21,22,23>2,6,10,14,4,7,15,17,18,19,20,21,22,23
2,3,4,5,6,7,10,11,14,15,17,18,19,20,21,22,23>5,6,10,11,4,7,15,17,18,19,20,21,22,23
1,3,4,7,8,9,11,12,13,20,22>1,12,14,17,22,23,8,4,13
1,3,4,7,8,9,11,12,13,20,22>2,3,10,11,14,20,21,8,4,13
1,3,4,7,8,9,11,12,13,20,22>1,7,11,12,16,22,23,8,4,13
1,3,4,7,8,9,11,12,13,20,22>3,7,14,20,21,22,8,4,13
1,3,4,7,8,9,11,12,13,20,22>1,2,3,7,11,12,16,17,20,23,8,4,13
1,3,4,7,8,9,11,12,13,20,22>1,3,9,10,14,17,8,4,13
1,3,4,7,8,9,11,12,13,20,22>1,3,7,9,12,16,17,23,8,4,13
1,3,4,7,8,9,11,12,13,20,22>2,3,7,9,16,17,21,22,23,8,4,13
3,6,8,9,10,12,16,17,18,20,21,22,23>3,12,18,19,20,8,10,21,22,23
3,6,8,9,10,12,16,17,18,20,21,22,23>18,4,20,16,8,10,21,22,23
3,6,8,9,10,12,16,17,18,20,21,22,23>3,4,12,18,8,10,21,22,23
3,6,8,9,10,12,16,17,18,20,21,22,23>3,6,12,17,20,8,10,21,22,23
3,6,8,9,10,12,16,17,18,20,21,22,23>3,4,7,16,17,20,8,10,21,22,23
3,6,8,9,10,12,16,17,18,20,21,22,23>3,6,9,12,16,8,10,21,22,23
3,6,8,9,10,12,16,17,18,20,21,22,23>4,6,9,16,17,19,20,8,10,21,22,23
3,6,8,9,10,12,16,17,18,20,21,22,23>3,7,9,17,19,8,10,21,22,23
1,2,3,5,10,18,19>20,3,11,13,2,19
1,2,3,5,10,18,19>1,4,11,20,2,19
1,2,3,5,10,18,19>1,3,4,11,18,2,19
1,2,3,5,10,18,19>3,4,5,11,18,2,19
1,2,3,5,10,18,19>1,3,4,5,13,20,2,19
1,2,3,5,10,18,19>1,10,11,20,2,19
1,2,3,5,10,18,19>18,1,10,11,2,19
1,2,3,5,10,18,19>20,5,10,11,2,19
2,3,7,9,10,11,14,20,23>15,21,14,10,20
2,3,7,9,10,11,14,20,23>2,3,4,11,15,23,10,20
2,3,7,9,10,11,14,20,23>2,3,9,11,17,21,23,10,20
2,3,7,9,10,11,14,20,23>2,4,9,11,14,15,10,20
2,3,7,9,10,11,14,20,23>2,4,9,11,14,17,10,20
2,3,7,9,10,11,14,20,23>2,7,9,11,15,23,10,20
2,3,7,9,10,11,14,20,23>4,7,9,11,14,15,23,10,20
2,3,7,9,10,11,14,20,23>2,4,7,9,11,10,20
2,3,4,5,8,10,11,12,14,15,16,22,23>22,5,14,15,4,8,11,12,16,23
2,3,4,5,8,10,11,12,14,15,16,22,23>22,2,5,15,4,8,11,12,16,23
2,3,4,5,8,10,11,12,14,15,16,22,23>2,10,14,15,4,8,11,12,16,23
2,3,4,5,8,10,11,12,14,15,16,22,23>3,10,14,15,22,4,8,11,12,16,23
2,3,4,5,8,10,11,12,14,15,16,22,23>2,6,10,15,22,4,8,11,12,16,23
2,3,4,5,8,10,11,12,14,15,16,22,23>3,6,10,14,22,4,8,11,12,16,23
2,3,4,5,8,10,11,12,14,15,16,22,23>5,6,10,14,22,4,8,11,12,16,23
2,3,4,5,8,10,11,12,14,15,16,22,23>2,5,6,10,4,8,11,12,16,23
5,7,8,12,18,21>22,6,7,19,8,12
5,7,8,12,18,21>6,13,19,21,8,12
5,7,8,12,18,21>5,6,13,8,12
5,7,8,12,18,21>5,7,13,19,22,8,12
5,7,8,12,18,21>5,6,18,19,22,8,12
5,7,8,12,18,21>6,7,18,19,21,8,12
5,7,8,12,18,21>5,6,7,18,21,8,12
5,7,8,12,18,21>5,13,18,19,22,8,12
1,2,4,5,6,7,8,9,11,13,18,19,20,21,22,23>14,16,5,2,7,19,20,21,22,23
1,2,4,5,6,7,8,9,11,13,18,19,20,21,22,23>4,5,13,16,17,2,7,19,20,21,22,23
1,2,4,5,6,7,8,9,11,13,18,19,20,21,22,23>13,17,6,2,7,19,20,21,22,23
1,2,4,5,6,7,8,9,11,13,18,19,20,21,22,23>1,4,6,11,16,2,7,19,20,21,22,23
1,2,4,5,6,7,8,9,11,13,18,19,20,21,22,23>4,8,11,13,17,2,7,19,20,21,22,23
1,2,4,5,6,7,8,9,11,13,18,19,20,21,22,23>1,5,8,13,14,2,7,19,20,21,22,23
1,2,4,5,6,7,8,9,11,13,18,19,20,21,22,23>16,18,6,8,2,7,19,20,21,22,23
1,2,4,5,6,7,8,9,11,13,18,19,20,21,22,23>4,6,8,9,11,13,14,2,7,19,20,21,22,23
1,4,6,7,11,12,13,16,17,20>11,12,14,17,20,21,16,13,7
1,4,6,7,11,12,13,16,17,20>1,6,11,17,21,16,13,7
1,4,6,7,11,12,13,16,17,20>2,6,11,14,18,20,16,13,7
1,4,6,7,11,12,13,16,17,20>1,18,8,11,16,13,7
1,4,6,7,11,12,13,16,17,20>2,6,8,12,18,20,21,16,13,7
1,4,6,7,11,12,13,16,17,20>2,4,8,11,12,14,21,16,13,7
1,4,6,7,11,12,13,16,17,20>2,6,8,12,17,16,13,7
1,4,6,7,11,12,13,16,17,20>1,2,4,6,8,14,17,21,16,13,7
3,4,5,7,8,9,12,14,15,16,18,19,20,21,23>5,9,14,20,22,4,8,16,19,21
3,4,5,7,8,9,12,14,15,16,18,19,20,21,23>20,22,7,9,4,8,16,19,21
3,4,5,7,8,9,12,14,15,16,18,19,20,21,23>3,7,9,15,18,23,4,8,16,19,21
3,4,5,7,8,9,12,14,15,16,18,19,20,21,23>3,12,14,18,20,22,4,8,16,19,21
3,4,5,7,8,9,12,14,15,16,18,19,20,21,23>5,12,14,15,20,22,23,4,8,16,19,21
3,4,5,7,8,9,12,14,15,16,18,19,20,21,23>3,9,12,14,15,22,4,8,16,19,21
3,4,5,7,8,9,12,14,15,16,18,19,20,21,23>5,9,12,15,18,4,8,16,19,21
3,4,5,7,8,9,12,14,15,16,18,19,20,21,23>3,5,9,12,18,20,22,23,4,8,16,19,21
