TCR,NFAT,IFN-\beta,IFN-\betaR,IL-18,IL-18R,IRAK,SOCS1,IL-12,IL-12R,STAT4,T-bet,IFN-\gamma,IFN-\gammaR,JAK1,STAT1,IL-4,IL-4R,STAT6,GATA3,IL-10,IL-10R,STAT3
5,6,7,9,10,11,13,15,16,19,20,21>15,5,6,11,7,13,16,20,21
5,6,7,9,10,11,13,15,16,19,20,21>22,19,6,8,7,13,16,20,21
5,6,7,9,10,11,13,15,16,19,20,21>5,6,9,11,14,19,22,7,13,16,20,21
5,6,7,9,10,11,13,15,16,19,20,21>22,10,14,7,13,16,20,21
5,6,7,9,10,11,13,15,16,19,20,21>5,6,10,14,15,7,13,16,20,21
5,6,7,9,10,11,13,15,16,19,20,21>5,6,8,10,15,19,7,13,16,20,21
5,6,7,9,10,11,13,15,16,19,20,21>9,10,11,15,22,7,13,16,20,21
5,6,7,9,10,11,13,15,16,19,20,21>5,9,10,14,15,19,7,13,16,20,21
2,7,11,13,14,16,17,19,20,21>7,8,16,18,19,22,21,20,13,14
2,7,11,13,14,16,17,19,20,21>2,7,8,15,16,17,22,21,20,13,14
2,7,11,13,14,16,17,19,20,21>18,2,7,11,21,20,13,14
2,7,11,13,14,16,17,19,20,21>7,8,11,16,17,18,21,20,13,14
2,7,11,13,14,16,17,19,20,21>2,15,18,19,22,21,20,13,14
2,7,11,13,14,16,17,19,20,21>2,7,8,15,18,19,21,20,13,14
2,7,11,13,14,16,17,19,20,21>7,11,15,21,20,13,14
2,7,11,13,14,16,17,19,20,21>8,11,15,17,19,22,21,20,13,14
1,3,5,6,8,9,10,18,21,22>1,2,7,8,9,18,21,10,6,22
1,3,5,6,8,9,10,18,21,22>2,3,7,8,11,19,21,23,10,6,22
1,3,5,6,8,9,10,18,21,22>2,4,11,18,19,10,6,22
1,3,5,6,8,9,10,18,21,22>1,2,4,8,21,23,10,6,22
1,3,5,6,8,9,10,18,21,22>1,2,3,5,7,8,9,11,19,23,10,6,22
1,3,5,6,8,9,10,18,21,22>1,4,5,11,21,10,6,22
1,3,5,6,8,9,10,18,21,22>2,4,5,18,21,10,6,22
1,3,5,6,8,9,10,18,21,22>3,4,5,8,9,21,10,6,22
1,3,5,8,9,12,13,17,18,19>17,18,9,8,19,12,13
1,3,5,8,9,12,13,17,18,19>1,2,9,18,8,19,12,13
1,3,5,8,9,12,13,17,18,19>1,2,18,14,8,19,12,13
1,3,5,8,9,12,13,17,18,19>17,18,3,4,8,19,12,13
1,3,5,8,9,12,13,17,18,19>1,3,4,18,8,19,12,13
1,3,5,8,9,12,13,17,18,19>1,2,5,9,14,17,8,19,12,13
1,3,5,8,9,12,13,17,18,19>18,3,5,9,8,19,12,13
1,3,5,8,9,12,13,17,18,19>2,3,5,14,17,18,8,19,12,13
3,4,5,9,11,13,14,15,17,21>3,11,17,21,22,4,13,14,15
3,4,5,9,11,13,14,15,17,21>3,5,16,17,22,4,13,14,15
3,4,5,9,11,13,14,15,17,21>3,10,17,18,22,4,13,14,15
3,4,5,9,11,13,14,15,17,21>5,10,11,16,17,18,21,4,13,14,15
3,4,5,9,11,13,14,15,17,21>3,5,6,10,16,17,21,4,13,14,15
3,4,5,9,11,13,14,15,17,21>3,9,10,18,22,4,13,14,15
3,4,5,9,11,13,14,15,17,21>5,9,10,11,17,18,22,4,13,14,15
3,4,5,9,11,13,14,15,17,21>3,6,9,10,11,17,4,13,14,15
1,2,6,8,12,13,15,16,17,21,22>1,6,14,17,2,8,12,13,16,22
1,2,6,8,12,13,15,16,17,21,22>23,1,15,17,2,8,12,13,16,22
1,2,6,8,12,13,15,16,17,21,22>6,15,17,21,2,8,12,13,16,22
1,2,6,8,12,13,15,16,17,21,22>1,7,15,17,2,8,12,13,16,22
1,2,6,8,12,13,15,16,17,21,22>1,6,7,15,23,2,8,12,13,16,22
1,2,6,8,12,13,15,16,17,21,22>23,14,15,2,8,12,13,16,22
1,2,6,8,12,13,15,16,17,21,22>1,14,15,17,2,8,12,13,16,22
1,2,6,8,12,13,15,16,17,21,22>6,7,14,15,17,2,8,12,13,16,22
1,3,4,6,7,9,10,14,16,17,18,20,23>3,9,14,15,17,21,23,4,7,10,16,18,20
1,3,4,6,7,9,10,14,16,17,18,20,23>1,3,9,14,4,7,10,16,18,20
1,3,4,6,7,9,10,14,16,17,18,20,23>2,6,9,14,15,21,4,7,10,16,18,20
1,3,4,6,7,9,10,14,16,17,18,20,23>3,6,9,15,23,4,7,10,16,18,20
1,3,4,6,7,9,10,14,16,17,18,20,23>1,3,6,9,4,7,10,16,18,20
1,3,4,6,7,9,10,14,16,17,18,20,23>2,3,6,14,21,23,4,7,10,16,18,20
1,3,4,6,7,9,10,14,16,17,18,20,23>1,2,8,9,14,17,21,23,4,7,10,16,18,20
1,3,4,6,7,9,10,14,16,17,18,20,23>6,8,17,19,23,4,7,10,16,18,20
1,2,4,5,6,8,9,10,12,14,15,16,17,18,19,20,22>1,4,9,12,13,18,20,22,8,16,2,19
1,2,4,5,6,8,9,10,12,14,15,16,17,18,19,20,22>1,5,12,13,21,22,8,16,2,19
1,2,4,5,6,8,9,10,12,14,15,16,17,18,19,20,22>1,6,9,10,12,13,18,20,21,23,8,16,2,19
1,2,4,5,6,8,9,10,12,14,15,16,17,18,19,20,22>4,6,9,10,13,14,15,17,18,21,23,8,16,2,19
1,2,4,5,6,8,9,10,12,14,15,16,17,18,19,20,22>5,6,9,10,13,14,17,21,22,23,8,16,2,19
1,2,4,5,6,8,9,10,12,14,15,16,17,18,19,20,22>6,7,9,10,12,13,15,18,20,21,23,8,16,2,19
1,2,4,5,6,8,9,10,12,14,15,16,17,18,19,20,22>1,4,6,7,9,12,14,17,23,8,16,2,19
1,2,4,5,6,8,9,10,12,14,15,16,17,18,19,20,22>4,5,6,7,14,15,17,18,20,21,8,16,2,19
3,9,10,11,15,16,19,20,21,22>3,11,13,15,23,16,20,21,22
3,9,10,11,15,16,19,20,21,22>4,8,11,15,19,16,20,21,22
3,9,10,11,15,16,19,20,21,22>8,9,11,13,19,23,16,20,21,22
3,9,10,11,15,16,19,20,21,22>3,8,9,13,23,16,20,21,22
3,9,10,11,15,16,19,20,21,22>8,10,11,13,16,20,21,22
3,9,10,11,15,16,19,20,21,22>3,8,10,13,19,16,20,21,22
3,9,10,11,15,16,19,20,21,22>4,8,10,15,19,16,20,21,22
3,9,10,11,15,16,19,20,21,22>3,4,9,10,11,13,16,20,21,22
2,3,5,6,12,13,21,22,23>2,3,8,13,12,23,6,22
2,3,5,6,12,13,21,22,23>4,8,12,23,6,22
2,3,5,6,12,13,21,22,23>21,3,4,12,23,6,22
2,3,5,6,12,13,21,22,23>14,5,8,13,12,23,6,22
2,3,5,6,12,13,21,22,23>21,3,5,13,12,23,6,22
2,3,5,6,12,13,21,22,23>2,3,5,8,14,21,12,23,6,22
2,3,5,6,12,13,21,22,23>7,8,13,12,23,6,22
2,3,5,6,12,13,21,22,23>2,3,7,12,23,6,22
1,2,5,6,7,8,9,11,12,14,17,18,19,21,22,23>21,6,14,2,7,8,12,19,22,23
1,2,5,6,7,8,9,11,12,14,17,18,19,21,22,23>18,21,6,9,2,7,8,12,19,22,23
1,2,5,6,7,8,9,11,12,14,17,18,19,21,22,23>1,6,9,14,17,2,7,8,12,19,22,23
1,2,5,6,7,8,9,11,12,14,17,18,19,21,22,23>1,6,11,17,18,2,7,8,12,19,22,23
1,2,5,6,7,8,9,11,12,14,17,18,19,21,22,23>1,5,6,11,14,17,2,7,8,12,19,22,23
1,2,5,6,7,8,9,11,12,14,17,18,19,21,22,23>9,11,14,17,21,2,7,8,12,19,22,23
1,2,5,6,7,8,9,11,12,14,17,18,19,21,22,23>1,5,6,11,21,2,7,8,12,19,22,23
1,2,5,6,7,8,9,11,12,14,17,18,19,21,22,23>1,5,6,9,11,14,18,2,7,8,12,19,22,23
1,4,5,6,8,11,13,14,17>16,1,4,11,13,6,14
1,4,5,6,8,11,13,14,17>1,4,8,11,17,13,6,14
1,4,5,6,8,11,13,14,17>1,5,17,11,13,6,14
1,4,5,6,8,11,13,14,17>1,2,7,16,17,13,6,14
1,4,5,6,8,11,13,14,17>1,4,7,16,17,13,6,14
1,4,5,6,8,11,13,14,17>1,2,5,7,13,6,14
1,4,5,6,8,11,13,14,17>4,5,7,11,13,6,14
1,4,5,6,8,11,13,14,17>1,4,5,7,8,16,13,6,14
3,5,6,9,12,13,16,17,19,21>14,16,17,19,22,12,13
3,5,6,9,12,13,16,17,19,21>4,5,8,14,17,18,19,21,12,13
3,5,6,9,12,13,16,17,19,21>3,6,8,9,14,18,19,21,22,12,13
3,5,6,9,12,13,16,17,19,21>7,16,17,19,22,12,13
3,5,6,9,12,13,16,17,19,21>5,7,8,14,17,18,19,21,12,13
3,5,6,9,12,13,16,17,19,21>5,6,7,9,14,19,22,12,13
3,5,6,9,12,13,16,17,19,21>3,5,6,7,9,14,18,19,21,12,13
3,5,6,9,12,13,16,17,19,21>3,4,5,6,7,8,9,16,17,22,12,13
3,4,6,9,10,12,13,15,16,18,19,20,21,22,23>14,18,10,4,16,19,21,22,23
3,4,6,9,10,12,13,15,16,18,19,20,21,22,23>6,10,13,14,20,4,16,19,21,22,23
3,4,6,9,10,12,13,15,16,18,19,20,21,22,23>3,6,7,8,12,13,15,4,16,19,21,22,23
3,4,6,9,10,12,13,15,16,18,19,20,21,22,23>13,6,18,9,4,16,19,21,22,23
3,4,6,9,10,12,13,15,16,18,19,20,21,22,23>6,7,9,12,15,18,4,16,19,21,22,23
3,4,6,9,10,12,13,15,16,18,19,20,21,22,23>3,6,7,9,13,14,4,16,19,21,22,23
3,4,6,9,10,12,13,15,16,18,19,20,21,22,23>6,7,9,10,12,14,20,4,16,19,21,22,23
3,4,6,9,10,12,13,15,16,18,19,20,21,22,23>8,9,12,13,18,20,4,16,19,21,22,23
1,4,5,7,8,13,15,18,21,22>1,15,16,18,23,13,22
1,4,5,7,8,13,15,18,21,22>2,5,14,18,19,21,23,13,22
1,4,5,7,8,13,15,18,21,22>4,5,8,14,15,16,19,13,22
1,4,5,7,8,13,15,18,21,22>1,6,7,15,16,18,13,22
1,4,5,7,8,13,15,18,21,22>2,6,15,16,18,13,22
1,4,5,7,8,13,15,18,21,22>1,2,4,6,8,14,15,16,23,13,22
1,4,5,7,8,13,15,18,21,22>5,6,7,8,16,18,21,13,22
1,4,5,7,8,13,15,18,21,22>1,2,5,6,7,8,14,21,13,22
6,9,10,11,12,16,19,22,23>7,16,19,11,12,23
6,9,10,11,12,16,19,22,23>6,7,8,19,22,11,12,23
6,9,10,11,12,16,19,22,23>6,8,9,19,22,11,12,23
6,9,10,11,12,16,19,22,23>7,8,9,19,11,12,23
6,9,10,11,12,16,19,22,23>6,7,10,16,22,11,12,23
6,9,10,11,12,16,19,22,23>7,8,10,16,22,11,12,23
6,9,10,11,12,16,19,22,23>8,9,10,19,22,11,12,23
6,9,10,11,12,16,19,22,23>6,8,9,10,16,11,12,23
5,6,9,10,11,12,14,15,17,18,19,20,23>6,7,20,21,23,17,18,19,15
5,6,9,10,11,12,14,15,17,18,19,20,23>5,6,7,10,11,12,14,16,17,18,19,15
5,6,9,10,11,12,14,15,17,18,19,20,23>5,9,11,14,21,23,17,18,19,15
5,6,9,10,11,12,14,15,17,18,19,20,23>6,9,10,11,16,23,17,18,19,15
5,6,9,10,11,12,14,15,17,18,19,20,23>6,7,9,16,21,23,17,18,19,15
5,6,9,10,11,12,14,15,17,18,19,20,23>16,20,8,9,17,18,19,15
5,6,9,10,11,12,14,15,17,18,19,20,23>5,8,9,10,12,14,21,17,18,19,15
5,6,9,10,11,12,14,15,17,18,19,20,23>7,8,9,11,14,20,17,18,19,15
3,7,8,10,16,17,18,19,21>4,7,13,16,17,20,21,22,8,19
3,7,8,10,16,17,18,19,21>3,10,17,18,20,21,22,8,19
3,7,8,10,16,17,18,19,21>3,7,10,13,17,20,21,22,8,19
3,7,8,10,16,17,18,19,21>3,4,7,11,12,13,17,18,21,8,19
3,7,8,10,16,17,18,19,21>4,11,12,13,16,17,20,22,8,19
3,7,8,10,16,17,18,19,21>3,4,11,13,16,21,8,19
3,7,8,10,16,17,18,19,21>3,4,7,11,13,18,22,8,19
3,7,8,10,16,17,18,19,21>7,10,11,13,20,8,19
1,4,5,6,7,8,9,10,11,16,19,21,22>12,1,9,7,8,11,16,22
1,4,5,6,7,8,9,10,11,16,19,21,22>1,2,5,13,21,23,7,8,11,16,22
1,4,5,6,7,8,9,10,11,16,19,21,22>4,5,9,10,12,19,7,8,11,16,22
1,4,5,6,7,8,9,10,11,16,19,21,22>1,6,10,12,13,21,7,8,11,16,22
1,4,5,6,7,8,9,10,11,16,19,21,22>2,4,6,9,10,19,20,21,7,8,11,16,22
1,4,5,6,7,8,9,10,11,16,19,21,22>1,5,6,13,19,20,23,7,8,11,16,22
1,4,5,6,7,8,9,10,11,16,19,21,22>2,5,6,12,13,7,8,11,16,22
1,4,5,6,7,8,9,10,11,16,19,21,22>1,4,5,6,13,19,20,7,8,11,16,22
1,2,4,8,13,14,19,22,23>1,4,8,2,14,23
1,2,4,8,13,14,19,22,23>22,13,19,20,2,14,23
1,2,4,8,13,14,19,22,23>22,8,13,19,2,14,23
1,2,4,8,13,14,19,22,23>1,8,13,19,2,14,23
1,2,4,8,13,14,19,22,23>22,1,16,19,2,14,23
1,2,4,8,13,14,19,22,23>1,4,16,20,2,14,23
1,2,4,8,13,14,19,22,23>13,16,20,2,14,23
1,2,4,8,13,14,19,22,23>1,4,13,16,19,2,14,23
2,6,8,10,12,13,18,23>2,7,10,11,14,23,8,12
2,6,8,10,12,13,18,23>19,6,7,14,8,12
2,6,8,10,12,13,18,23>6,7,14,18,23,8,12
2,6,8,10,12,13,18,23>6,10,14,8,12
2,6,8,10,12,13,18,23>2,6,7,10,8,12
2,6,8,10,12,13,18,23>2,10,11,13,14,18,19,23,8,12
2,6,8,10,12,13,18,23>2,7,10,11,13,14,19,8,12
2,6,8,10,12,13,18,23>6,7,10,11,8,12
1,2,3,5,6,7,8,10,11,13,15,16,17,19,21,22>15,4,20,21,2,7,8,11,13,16,22
1,2,3,5,6,7,8,10,11,13,15,16,17,19,21,22>1,4,10,12,15,21,23,2,7,8,11,13,16,22
1,2,3,5,6,7,8,10,11,13,15,16,17,19,21,22>1,5,10,14,19,20,21,2,7,8,11,13,16,22
1,2,3,5,6,7,8,10,11,13,15,16,17,19,21,22>1,5,10,15,19,20,21,2,7,8,11,13,16,22
1,2,3,5,6,7,8,10,11,13,15,16,17,19,21,22>3,4,5,12,14,15,19,23,2,7,8,11,13,16,22
1,2,3,5,6,7,8,10,11,13,15,16,17,19,21,22>1,3,6,10,14,15,19,20,23,2,7,8,11,13,16,22
1,2,3,5,6,7,8,10,11,13,15,16,17,19,21,22>3,4,6,10,12,14,23,2,7,8,11,13,16,22
1,2,3,5,6,7,8,10,11,13,15,16,17,19,21,22>5,6,10,12,15,21,23,2,7,8,11,13,16,22
3,5,7,9,12,13,14,15,16,19,20,23>19,5,12,16,14,15
3,5,7,9,12,13,14,15,16,19,20,23>4,5,19,20,21,23,16,14,15
3,5,7,9,12,13,14,15,16,19,20,23>3,4,5,12,13,16,14,15
3,5,7,9,12,13,14,15,16,19,20,23>23,8,9,12,16,14,15
3,5,7,9,12,13,14,15,16,19,20,23>5,8,13,19,21,23,16,14,15
3,5,7,9,12,13,14,15,16,19,20,23>4,5,8,9,12,20,21,16,14,15
3,5,7,9,12,13,14,15,16,19,20,23>4,5,8,9,19,20,21,16,14,15
3,5,7,9,12,13,14,15,16,19,20,23>5,7,8,9,12,16,14,15
2,3,8,9,19,22,23>22,2,3,19,23
2,3,8,9,19,22,23>22,4,19,20,23
2,3,8,9,19,22,23>2,4,19,20,23
2,3,8,9,19,22,23>22,3,4,19,23
2,3,8,9,19,22,23>2,8,19,20,23
2,3,8,9,19,22,23>22,3,4,8,23
2,3,8,9,19,22,23>2,3,8,9,20,23
2,3,8,9,19,22,23>3,4,8,9,20,23
2,6,7,8,10,12,14,15,19,20,22>16,2,21,14,8,7
2,6,7,8,10,12,14,15,19,20,22>6,10,15,17,20,21,22,8,7
2,6,7,8,10,12,14,15,19,20,22>2,6,12,14,17,19,20,8,7
2,6,7,8,10,12,14,15,19,20,22>12,13,14,20,21,22,23,8,7
2,6,7,8,10,12,14,15,19,20,22>6,10,12,13,14,15,21,8,7
2,6,7,8,10,12,14,15,19,20,22>2,10,12,13,15,16,17,19,22,23,8,7
2,6,7,8,10,12,14,15,19,20,22>6,10,12,13,14,16,19,20,23,8,7
2,6,7,8,10,12,14,15,19,20,22>2,6,10,12,13,14,19,20,23,8,7
2,3,10,11,13,15,17,19,22,23>4,10,15,18,19,20,11,23
2,3,10,11,13,15,17,19,22,23>2,3,4,10,14,16,19,22,11,23
2,3,10,11,13,15,17,19,22,23>13,14,15,16,18,19,22,11,23
2,3,10,11,13,15,17,19,22,23>16,2,18,13,11,23
2,3,10,11,13,15,17,19,22,23>3,13,16,18,20,11,23
2,3,10,11,13,15,17,19,22,23>2,3,20,13,11,23
2,3,10,11,13,15,17,19,22,23>22,10,13,15,11,23
2,3,10,11,13,15,17,19,22,23>4,10,13,14,16,18,20,11,23
1,2,3,9,12,13,14,18,19,20,21>17,3,22,15,2,13,14,19,21
1,2,3,9,12,13,14,18,19,20,21>3,4,15,18,20,22,2,13,14,19,21
1,2,3,9,12,13,14,18,19,20,21>3,8,12,2,13,14,19,21
1,2,3,9,12,13,14,18,19,20,21>17,1,3,8,2,13,14,19,21
1,2,3,9,12,13,14,18,19,20,21>1,3,9,18,2,13,14,19,21
1,2,3,9,12,13,14,18,19,20,21>1,8,9,15,18,2,13,14,19,21
1,2,3,9,12,13,14,18,19,20,21>1,4,8,9,15,17,20,2,13,14,19,21
1,2,3,9,12,13,14,18,19,20,21>1,4,8,9,12,15,17,2,13,14,19,21
1,2,5,6,8,9,10,11,14,18,23>1,7,14,19,23,11,2,10,6
1,2,5,6,8,9,10,11,14,18,23>7,8,14,11,2,10,6
1,2,5,6,8,9,10,11,14,18,23>7,9,14,18,19,23,11,2,10,6
1,2,5,6,8,9,10,11,14,18,23>1,7,9,14,19,11,2,10,6
1,2,5,6,8,9,10,11,14,18,23>8,9,14,18,23,11,2,10,6
1,2,5,6,8,9,10,11,14,18,23>5,8,9,14,19,11,2,10,6
1,2,5,6,8,9,10,11,14,18,23>1,5,8,9,19,11,2,10,6
1,2,5,6,8,9,10,11,14,18,23>1,7,8,9,18,19,11,2,10,6
2,4,6,10,11,12,15,17,19,21,22,23>2,19,21,17,11,12,22,23
2,4,6,10,11,12,15,17,19,21,22,23>2,4,10,19,21,11,12,22,23
2,4,6,10,11,12,15,17,19,21,22,23>6,15,17,18,19,21,11,12,22,23
2,4,6,10,11,12,15,17,19,21,22,23>2,6,7,10,18,21,11,12,22,23
2,4,6,10,11,12,15,17,19,21,22,23>2,4,8,15,17,21,11,12,22,23
2,4,6,10,11,12,15,17,19,21,22,23>2,6,8,10,16,17,11,12,22,23
2,4,6,10,11,12,15,17,19,21,22,23>19,7,8,11,12,22,23
2,4,6,10,11,12,15,17,19,21,22,23>6,7,8,15,16,11,12,22,23
1,4,6,10,11,12,13,14,15,18,21,22,23>1,4,8,10,11,12,14,15,22,23
1,4,6,10,11,12,13,14,15,18,21,22,23>1,2,4,8,13,19,11,12,14,15,22,23
1,4,6,10,11,12,13,14,15,18,21,22,23>4,6,8,10,16,19,21,11,12,14,15,22,23
1,4,6,10,11,12,13,14,15,18,21,22,23>4,6,8,13,16,11,12,14,15,22,23
1,4,6,10,11,12,13,14,15,18,21,22,23>2,4,6,13,16,18,11,12,14,15,22,23
1,4,6,10,11,12,13,14,15,18,21,22,23>1,2,4,7,13,19,21,11,12,14,15,22,23
1,4,6,10,11,12,13,14,15,18,21,22,23>2,21,6,7,11,12,14,15,22,23
1,4,6,10,11,12,13,14,15,18,21,22,23>1,2,6,7,10,13,18,19,11,12,14,15,22,23
4,6,7,11,12,13,14,15,18,19,23>23,4,8,7,12,14,15,19
4,6,7,11,12,13,14,15,18,19,23>4,6,11,13,18,7,12,14,15,19
4,6,7,11,12,13,14,15,18,19,23>4,6,11,16,18,7,12,14,15,19
4,6,7,11,12,13,14,15,18,19,23>8,11,16,7,12,14,15,19
4,6,7,11,12,13,14,15,18,19,23>23,11,13,16,7,12,14,15,19
4,6,7,11,12,13,14,15,18,19,23>4,6,11,13,23,7,12,14,15,19
4,6,7,11,12,13,14,15,18,19,23>11,13,16,18,7,12,14,15,19
4,6,7,11,12,13,14,15,18,19,23>4,8,11,13,7,12,14,15,19
1,3,4,7,8,9,11,12,13,15,19,22,23>2,3,14,16,19,8,4,12,23
1,3,4,7,8,9,11,12,13,15,19,22,23>1,2,3,14,15,16,8,4,12,23
1,3,4,7,8,9,11,12,13,15,19,22,23>1,2,7,13,14,15,8,4,12,23
1,3,4,7,8,9,11,12,13,15,19,22,23>3,7,13,15,19,8,4,12,23
1,3,4,7,8,9,11,12,13,15,19,22,23>1,3,7,11,14,19,8,4,12,23
1,3,4,7,8,9,11,12,13,15,19,22,23>3,9,11,13,14,16,8,4,12,23
1,3,4,7,8,9,11,12,13,15,19,22,23>1,2,3,9,14,19,22,8,4,12,23
1,3,4,7,8,9,11,12,13,15,19,22,23>1,7,9,15,8,4,12,23
2,4,7,19,23>2,7,20,23
2,4,7,19,23>2,4,7,23
2,4,7,19,23>4,7,16,23
2,4,7,19,23>2,19,20
2,4,7,19,23>4,7,19
2,4,7,19,23>16,19,20,23
2,4,7,19,23>7,16,19,23
2,4,7,19,23>2,7,16,19
1,3,5,6,8,11,13,15,22>1,22,8,13,6
1,3,5,6,8,11,13,15,22>2,7,8,14,22,23,13,6
1,3,5,6,8,11,13,15,22>1,3,14,15,16,22,23,13,6
1,3,5,6,8,11,13,15,22>15,2,3,7,13,6
1,3,5,6,8,11,13,15,22>3,4,8,14,15,13,6
1,3,5,6,8,11,13,15,22>2,5,7,14,23,13,6
1,3,5,6,8,11,13,15,22>1,3,5,11,14,22,23,13,6
1,3,5,6,8,11,13,15,22>2,3,4,5,15,16,13,6
1,4,6,7,8,9,10,14,16,17,18,19,20,21,22>14,17,23,13,7,8,16,19,20,21,22
1,4,6,7,8,9,10,14,16,17,18,19,20,21,22>1,2,18,10,7,8,16,19,20,21,22
1,4,6,7,8,9,10,14,16,17,18,19,20,21,22>1,2,13,18,23,7,8,16,19,20,21,22
1,4,6,7,8,9,10,14,16,17,18,19,20,21,22>2,4,10,14,18,7,8,16,19,20,21,22
1,4,6,7,8,9,10,14,16,17,18,19,20,21,22>14,1,9,13,7,8,16,19,20,21,22
1,4,6,7,8,9,10,14,16,17,18,19,20,21,22>1,2,18,9,7,8,16,19,20,21,22
1,4,6,7,8,9,10,14,16,17,18,19,20,21,22>1,6,9,13,23,7,8,16,19,20,21,22
1,4,6,7,8,9,10,14,16,17,18,19,20,21,22>4,6,9,13,14,17,7,8,16,19,20,21,22
2,6,7,10,12,13,14,19,23>2,23,15,12,14,7
2,6,7,10,12,13,14,19,23>2,6,15,12,14,7
2,6,7,10,12,13,14,19,23>8,13,15,12,14,7
2,6,7,10,12,13,14,19,23>8,10,15,12,14,7
2,6,7,10,12,13,14,19,23>19,6,8,10,12,14,7
2,6,7,10,12,13,14,19,23>2,8,11,13,19,12,14,7
2,6,7,10,12,13,14,19,23>2,10,11,13,19,23,12,14,7
2,6,7,10,12,13,14,19,23>6,10,11,15,19,12,14,7
1,7,9,10,11,12,18,21,22,23>1,18,19,10,11,12,22,23
1,7,9,10,11,12,18,21,22,23>21,1,2,10,11,12,22,23
1,7,9,10,11,12,18,21,22,23>7,18,19,10,11,12,22,23
1,7,9,10,11,12,18,21,22,23>2,7,19,10,11,12,22,23
1,7,9,10,11,12,18,21,22,23>1,2,9,10,11,12,22,23
1,7,9,10,11,12,18,21,22,23>2,8,9,19,10,11,12,22,23
1,7,9,10,11,12,18,21,22,23>7,8,9,19,10,11,12,22,23
1,7,9,10,11,12,18,21,22,23>2,7,8,9,18,21,10,11,12,22,23
1,2,4,7,8,9,10,13,14,16,17,23>17,1,12,23,2,8,10,14,16
1,2,4,7,8,9,10,13,14,16,17,23>1,4,12,2,8,10,14,16
1,2,4,7,8,9,10,13,14,16,17,23>4,7,12,17,23,2,8,10,14,16
1,2,4,7,8,9,10,13,14,16,17,23>4,9,12,13,2,8,10,14,16
1,2,4,7,8,9,10,13,14,16,17,23>1,7,11,23,2,8,10,14,16
1,2,4,7,8,9,10,13,14,16,17,23>1,4,7,11,13,2,8,10,14,16
1,2,4,7,8,9,10,13,14,16,17,23>1,9,11,13,17,23,2,8,10,14,16
1,2,4,7,8,9,10,13,14,16,17,23>1,4,9,11,2,8,10,14,16
1,5,7,9,10,11,13,14,18,19,20,21,22,23>2,5,10,11,17,18,14,19,20,21,22,23
1,5,7,9,10,11,13,14,18,19,20,21,22,23>1,2,5,15,14,19,20,21,22,23
1,5,7,9,10,11,13,14,18,19,20,21,22,23>18,15,5,7,14,19,20,21,22,23
1,5,7,9,10,11,13,14,18,19,20,21,22,23>1,5,7,10,11,17,18,14,19,20,21,22,23
1,5,7,9,10,11,13,14,18,19,20,21,22,23>2,9,11,15,18,14,19,20,21,22,23
1,5,7,9,10,11,13,14,18,19,20,21,22,23>1,2,5,9,17,18,14,19,20,21,22,23
1,5,7,9,10,11,13,14,18,19,20,21,22,23>1,7,9,10,13,17,14,19,20,21,22,23
1,5,7,9,10,11,13,14,18,19,20,21,22,23>2,5,7,9,11,13,17,18,14,19,20,21,22,23
6,9,10,11,13,14,18,19,20,21,22>18,23,9,17,13,14,19,20,21,22
6,9,10,11,13,14,18,19,20,21,22>18,7,9,13,14,19,20,21,22
6,9,10,11,13,14,18,19,20,21,22>18,6,10,13,14,19,20,21,22
6,9,10,11,13,14,18,19,20,21,22>6,11,17,13,14,19,20,21,22
6,9,10,11,13,14,18,19,20,21,22>6,9,11,15,23,13,14,19,20,21,22
6,9,10,11,13,14,18,19,20,21,22>7,9,11,17,13,14,19,20,21,22
6,9,10,11,13,14,18,19,20,21,22>9,10,11,18,23,13,14,19,20,21,22
6,9,10,11,13,14,18,19,20,21,22>7,9,10,11,15,23,13,14,19,20,21,22
