TCR,NFAT,IFN-\beta,IFN-\betaR,IL-18,IL-18R,IRAK,SOCS1,IL-12,IL-12R,STAT4,T-bet,IFN-\gamma,IFN-\gammaR,JAK1,STAT1,IL-4,IL-4R,STAT6,GATA3,IL-10,IL-10R,STAT3
2,4,5,7,10,13,15,17,18,19,20,22>2,4,14,15,21,13,17,18,19,20
2,4,5,7,10,13,15,17,18,19,20,22>2,7,15,21,23,13,17,18,19,20
2,4,5,7,10,13,15,17,18,19,20,22>16,2,7,14,13,17,18,19,20
2,4,5,7,10,13,15,17,18,19,20,22>2,4,7,15,16,21,13,17,18,19,20
2,4,5,7,10,13,15,17,18,19,20,22>4,5,7,14,15,22,13,17,18,19,20
2,4,5,7,10,13,15,17,18,19,20,22>21,4,5,10,13,17,18,19,20
2,4,5,7,10,13,15,17,18,19,20,22>16,7,10,13,17,18,19,20
2,4,5,7,10,13,15,17,18,19,20,22>2,5,7,10,14,15,21,22,13,17,18,19,20
5,7,11,12,13,17,18,19,22,23>22,5,14,18,19,12,23
5,7,11,12,13,17,18,19,22,23>22,5,11,13,18,19,12,23
5,7,11,12,13,17,18,19,22,23>5,11,14,17,18,19,12,23
5,7,11,12,13,17,18,19,22,23>22,7,11,18,19,12,23
5,7,11,12,13,17,18,19,22,23>5,8,11,18,19,12,23
5,7,11,12,13,17,18,19,22,23>5,7,8,13,17,18,19,12,23
5,7,11,12,13,17,18,19,22,23>7,8,11,13,17,18,19,12,23
5,7,11,12,13,17,18,19,22,23>7,8,11,13,14,18,19,12,23
2,4,11,12,15,16,18,19,20,21,22>20,4,15,16,19,21,22
2,4,11,12,15,16,18,19,20,21,22>18,2,23,8,16,19,21,22
2,4,11,12,15,16,18,19,20,21,22>20,23,11,13,16,19,21,22
2,4,11,12,15,16,18,19,20,21,22>18,2,23,12,16,19,21,22
2,4,11,12,15,16,18,19,20,21,22>2,8,12,18,20,16,19,21,22
2,4,11,12,15,16,18,19,20,21,22>2,4,11,12,13,23,16,19,21,22
2,4,11,12,15,16,18,19,20,21,22>4,8,11,12,18,23,16,19,21,22
2,4,11,12,15,16,18,19,20,21,22>2,4,8,11,12,23,16,19,21,22
2,3,4,5,11,13,15,16,17,18,19,22,23>2,20,15,13,4,16,18,19,23
2,3,4,5,11,13,15,16,17,18,19,22,23>2,3,14,15,20,4,16,18,19,23
2,3,4,5,11,13,15,16,17,18,19,22,23>5,12,14,20,22,4,16,18,19,23
2,3,4,5,11,13,15,16,17,18,19,22,23>2,8,14,15,17,22,4,16,18,19,23
2,3,4,5,11,13,15,16,17,18,19,22,23>15,17,5,8,4,16,18,19,23
2,3,4,5,11,13,15,16,17,18,19,22,23>3,5,8,14,22,4,16,18,19,23
2,3,4,5,11,13,15,16,17,18,19,22,23>2,3,5,8,12,15,20,4,16,18,19,23
2,3,4,5,11,13,15,16,17,18,19,22,23>3,8,11,12,15,20,22,4,16,18,19,23
1,2,5,6,10,11,15,18,20,22>5,13,17,18,19,23,2,20,6
1,2,5,6,10,11,15,18,20,22>1,7,13,17,18,21,22,2,20,6
1,2,5,6,10,11,15,18,20,22>5,7,13,16,17,19,2,20,6
1,2,5,6,10,11,15,18,20,22>10,15,16,21,22,23,2,20,6
1,2,5,6,10,11,15,18,20,22>1,10,13,15,17,18,19,23,2,20,6
1,2,5,6,10,11,15,18,20,22>1,7,10,13,17,18,19,22,2,20,6
1,2,5,6,10,11,15,18,20,22>1,5,11,15,2,20,6
1,2,5,6,10,11,15,18,20,22>5,7,11,16,19,23,2,20,6
1,5,9,11,12,13,16,17,18,19,20,22,23>1,5,13,16,17,21,18,19,23
1,5,9,11,12,13,16,17,18,19,20,22,23>1,2,8,12,13,16,17,21,18,19,23
1,5,9,11,12,13,16,17,18,19,20,22,23>1,2,8,11,13,16,17,21,22,18,19,23
1,5,9,11,12,13,16,17,18,19,20,22,23>5,9,13,14,17,20,18,19,23
1,5,9,11,12,13,16,17,18,19,20,22,23>1,5,9,11,12,16,20,22,18,19,23
1,5,9,11,12,13,16,17,18,19,20,22,23>2,5,9,11,12,13,16,20,21,18,19,23
1,5,9,11,12,13,16,17,18,19,20,22,23>1,5,9,11,14,16,21,22,18,19,23
1,5,9,11,12,13,16,17,18,19,20,22,23>2,8,9,12,13,16,18,19,23
3,4,5,6,9,12,13,14,16,17,21,22>17,18,8,10,4,6,12,13,14,16,22
3,4,5,6,9,12,13,14,16,17,21,22>17,3,8,10,4,6,12,13,14,16,22
3,4,5,6,9,12,13,14,16,17,21,22>3,5,8,17,21,4,6,12,13,14,16,22
3,4,5,6,9,12,13,14,16,17,21,22>3,7,8,15,18,21,4,6,12,13,14,16,22
3,4,5,6,9,12,13,14,16,17,21,22>5,7,8,17,21,23,4,6,12,13,14,16,22
3,4,5,6,9,12,13,14,16,17,21,22>7,9,15,17,21,4,6,12,13,14,16,22
3,4,5,6,9,12,13,14,16,17,21,22>5,8,9,18,21,23,4,6,12,13,14,16,22
3,4,5,6,9,12,13,14,16,17,21,22>7,8,9,10,18,21,23,4,6,12,13,14,16,22
5,6,7,8,10,11,12,14,15,16,17,19>5,10,15,7,8,11,12,16
5,6,7,8,10,11,12,14,15,16,17,19>19,6,13,14,7,8,11,12,16
5,6,7,8,10,11,12,14,15,16,17,19>5,6,10,13,17,7,8,11,12,16
5,6,7,8,10,11,12,14,15,16,17,19>19,14,17,7,8,11,12,16
5,6,7,8,10,11,12,14,15,16,17,19>5,6,14,15,7,8,11,12,16
5,6,7,8,10,11,12,14,15,16,17,19>19,10,14,15,7,8,11,12,16
5,6,7,8,10,11,12,14,15,16,17,19>6,13,14,15,17,7,8,11,12,16
5,6,7,8,10,11,12,14,15,16,17,19>5,6,13,14,7,8,11,12,16
1,2,3,4,5,11,15,19,21,22>1,3,5,16,19,23,2,4,22
1,2,3,4,5,11,15,19,21,22>1,11,20,16,2,4,22
1,2,3,4,5,11,15,19,21,22>3,5,11,16,20,2,4,22
1,2,3,4,5,11,15,19,21,22>1,13,15,16,19,23,2,4,22
1,2,3,4,5,11,15,19,21,22>3,5,13,15,19,21,2,4,22
1,2,3,4,5,11,15,19,21,22>3,11,13,15,16,21,2,4,22
1,2,3,4,5,11,15,19,21,22>5,11,13,21,23,2,4,22
1,2,3,4,5,11,15,19,21,22>3,5,11,13,15,16,2,4,22
1,2,3,4,7,9,12,18,21,22>1,7,10,16,18,19,23,2,4,12,22
1,2,3,4,7,9,12,18,21,22>3,7,10,13,18,2,4,12,22
1,2,3,4,7,9,12,18,21,22>21,7,8,23,2,4,12,22
1,2,3,4,7,9,12,18,21,22>3,7,8,10,18,21,2,4,12,22
1,2,3,4,7,9,12,18,21,22>1,3,9,10,21,23,2,4,12,22
1,2,3,4,7,9,12,18,21,22>7,9,10,16,18,19,21,2,4,12,22
1,2,3,4,7,9,12,18,21,22>3,7,9,13,19,21,2,4,12,22
1,2,3,4,7,9,12,18,21,22>7,8,9,16,18,2,4,12,22
1,5,6,7,11,12,13,14,16,19,20,23>1,6,8,13,23,14,7
1,5,6,7,11,12,13,14,16,19,20,23>1,2,5,6,8,11,15,19,20,23,14,7
1,5,6,7,11,12,13,14,16,19,20,23>1,6,8,11,15,21,23,14,7
1,5,6,7,11,12,13,14,16,19,20,23>1,5,6,11,12,16,20,21,23,14,7
1,5,6,7,11,12,13,14,16,19,20,23>5,8,11,12,13,19,20,23,14,7
1,5,6,7,11,12,13,14,16,19,20,23>1,6,8,12,19,20,23,14,7
1,5,6,7,11,12,13,14,16,19,20,23>2,6,8,11,15,16,19,14,7
1,5,6,7,11,12,13,14,16,19,20,23>1,2,5,6,8,11,12,19,23,14,7
1,2,3,6,7,8,9,13,14,15,19,20,21,22,23>1,6,13,15,16,17,2,7,14,20,21,22,23
1,2,3,6,7,8,9,13,14,15,19,20,21,22,23>3,4,6,9,13,15,16,2,7,14,20,21,22,23
1,2,3,6,7,8,9,13,14,15,19,20,21,22,23>1,3,4,6,13,15,17,2,7,14,20,21,22,23
1,2,3,6,7,8,9,13,14,15,19,20,21,22,23>3,8,9,13,16,17,2,7,14,20,21,22,23
1,2,3,6,7,8,9,13,14,15,19,20,21,22,23>1,3,4,8,9,15,19,2,7,14,20,21,22,23
1,2,3,6,7,8,9,13,14,15,19,20,21,22,23>6,8,13,15,16,17,2,7,14,20,21,22,23
1,2,3,6,7,8,9,13,14,15,19,20,21,22,23>1,17,6,8,2,7,14,20,21,22,23
1,2,3,6,7,8,9,13,14,15,19,20,21,22,23>1,3,6,8,9,13,16,2,7,14,20,21,22,23
1,2,4,5,6,9,10,11,12,13,15,16,17,18,19,20,22>8,14,17,20,21,22,23,2,13,16,18,19
1,2,4,5,6,9,10,11,12,13,15,16,17,18,19,20,22>4,6,10,14,21,2,13,16,18,19
1,2,4,5,6,9,10,11,12,13,15,16,17,18,19,20,22>1,4,6,8,12,15,20,22,23,2,13,16,18,19
1,2,4,5,6,9,10,11,12,13,15,16,17,18,19,20,22>1,5,6,9,10,15,2,13,16,18,19
1,2,4,5,6,9,10,11,12,13,15,16,17,18,19,20,22>1,5,7,9,10,11,15,20,21,22,2,13,16,18,19
1,2,4,5,6,9,10,11,12,13,15,16,17,18,19,20,22>1,4,6,7,12,14,22,2,13,16,18,19
1,2,4,5,6,9,10,11,12,13,15,16,17,18,19,20,22>4,5,6,7,8,9,11,14,15,17,20,22,23,2,13,16,18,19
1,2,4,5,6,9,10,11,12,13,15,16,17,18,19,20,22>1,4,5,6,7,8,9,11,22,2,13,16,18,19
3,4,5,6,7,11,13,18,21>3,22,18,19,4,13,6,7
3,4,5,6,7,11,13,18,21>3,5,22,19,4,13,6,7
3,4,5,6,7,11,13,18,21>11,19,4,13,6,7
3,4,5,6,7,11,13,18,21>21,22,11,4,13,6,7
3,4,5,6,7,11,13,18,21>3,14,18,19,21,4,13,6,7
3,4,5,6,7,11,13,18,21>3,11,14,18,4,13,6,7
3,4,5,6,7,11,13,18,21>3,16,19,4,13,6,7
3,4,5,6,7,11,13,18,21>5,14,16,19,22,4,13,6,7
1,7,8,9,11,12,13,22>22,1,9,11,8,12,13
1,7,8,9,11,12,13,22>23,7,9,14,8,12,13
1,7,8,9,11,12,13,22>1,2,7,9,11,8,12,13
1,7,8,9,11,12,13,22>1,2,10,11,22,23,8,12,13
1,7,8,9,11,12,13,22>2,7,10,11,22,23,8,12,13
1,7,8,9,11,12,13,22>9,10,11,8,12,13
1,7,8,9,11,12,13,22>2,9,10,14,22,8,12,13
1,7,8,9,11,12,13,22>2,7,9,10,23,8,12,13
4,10,11,12,16,18,19,20,21,23>4,8,18,16,19,21
4,10,11,12,16,18,19,20,21,23>23,11,18,16,19,21
4,10,11,12,16,18,19,20,21,23>22,23,8,11,16,19,21
4,10,11,12,16,18,19,20,21,23>22,10,11,20,16,19,21
4,10,11,12,16,18,19,20,21,23>10,11,18,16,19,21
4,10,11,12,16,18,19,20,21,23>4,8,12,22,23,16,19,21
4,10,11,12,16,18,19,20,21,23>8,10,12,18,20,22,23,16,19,21
4,10,11,12,16,18,19,20,21,23>8,11,12,20,23,16,19,21
2,3,5,6,7,9,10,11,13,17,18,19,20,21>2,3,4,14,7,13,17,18,19,20,21
2,3,5,6,7,9,10,11,13,17,18,19,20,21>5,9,10,7,13,17,18,19,20,21
2,3,5,6,7,9,10,11,13,17,18,19,20,21>2,5,14,10,7,13,17,18,19,20,21
2,3,5,6,7,9,10,11,13,17,18,19,20,21>2,3,5,10,11,22,7,13,17,18,19,20,21
2,3,5,6,7,9,10,11,13,17,18,19,20,21>2,3,6,10,11,22,7,13,17,18,19,20,21
2,3,5,6,7,9,10,11,13,17,18,19,20,21>4,6,10,7,13,17,18,19,20,21
2,3,5,6,7,9,10,11,13,17,18,19,20,21>11,14,5,6,7,13,17,18,19,20,21
2,3,5,6,7,9,10,11,13,17,18,19,20,21>2,4,5,6,14,7,13,17,18,19,20,21
2,5,7,8,16,18,20,21,23>2,6,23,19,8,20,21
2,5,7,8,16,18,20,21,23>6,16,19,22,23,8,20,21
2,5,7,8,16,18,20,21,23>22,5,6,16,8,20,21
2,5,7,8,16,18,20,21,23>22,7,16,18,8,20,21
2,5,7,8,16,18,20,21,23>5,7,16,19,22,23,8,20,21
2,5,7,8,16,18,20,21,23>2,5,7,16,19,22,8,20,21
2,5,7,8,16,18,20,21,23>22,6,7,16,8,20,21
2,5,7,8,16,18,20,21,23>5,6,7,16,19,8,20,21
8,9,15,17,18,21,22>19,8,21,22
8,9,15,17,18,21,22>19,9,23,18,22
8,9,15,17,18,21,22>19,21,23,10,22
8,9,15,17,18,21,22>8,15,17,19,23,22
8,9,15,17,18,21,22>8,10,15,17,23,22
8,9,15,17,18,21,22>19,21,23,16,22
8,9,15,17,18,21,22>10,15,16,17,18,19,21,22
8,9,15,17,18,21,22>8,10,15,16,17,22
4,6,7,9,11,14,15,16,18,19,20,22>4,6,13,14,18,21,22,7,15,16,19,20
4,6,7,9,11,14,15,16,18,19,20,22>4,8,13,14,18,21,7,15,16,19,20
4,6,7,9,11,14,15,16,18,19,20,22>8,9,14,22,23,7,15,16,19,20
4,6,7,9,11,14,15,16,18,19,20,22>4,6,8,9,11,13,14,22,7,15,16,19,20
4,6,7,9,11,14,15,16,18,19,20,22>4,6,11,13,14,18,21,7,15,16,19,20
4,6,7,9,11,14,15,16,18,19,20,22>4,8,11,18,21,22,23,7,15,16,19,20
4,6,7,9,11,14,15,16,18,19,20,22>4,8,9,11,13,18,22,7,15,16,19,20
4,6,7,9,11,14,15,16,18,19,20,22>4,6,8,9,11,14,23,7,15,16,19,20
1,5,8,9,12,14,15,18,19,20,21,23>1,14,16,17,18,20,22,23,8,19,21
1,5,8,9,12,14,15,18,19,20,21,23>16,2,23,15,8,19,21
1,5,8,9,12,14,15,18,19,20,21,23>5,15,16,17,18,20,22,23,8,19,21
1,5,8,9,12,14,15,18,19,20,21,23>5,9,14,15,16,17,23,8,19,21
1,5,8,9,12,14,15,18,19,20,21,23>5,12,14,15,16,17,8,19,21
1,5,8,9,12,14,15,18,19,20,21,23>1,5,12,14,16,18,8,19,21
1,5,8,9,12,14,15,18,19,20,21,23>1,5,12,14,17,18,22,8,19,21
1,5,8,9,12,14,15,18,19,20,21,23>1,2,5,12,22,8,19,21
1,2,4,8,9,10,14,15,16,18,20>19,21,4,13,2,8,10,16,20
1,2,4,8,9,10,14,15,16,18,20>9,13,15,18,21,2,8,10,16,20
1,2,4,8,9,10,14,15,16,18,20>1,14,15,18,19,21,2,8,10,16,20
1,2,4,8,9,10,14,15,16,18,20>1,9,14,15,2,8,10,16,20
1,2,4,8,9,10,14,15,16,18,20>21,13,14,18,2,8,10,16,20
1,2,4,8,9,10,14,15,16,18,20>1,4,13,14,21,2,8,10,16,20
1,2,4,8,9,10,14,15,16,18,20>4,9,13,14,15,19,2,8,10,16,20
1,2,4,8,9,10,14,15,16,18,20>1,4,9,13,14,18,19,2,8,10,16,20
2,3,5,6,7,10,12,13,14,17,18,21>2,3,22,17,6,7,12,13,14,18
2,3,5,6,7,10,12,13,14,17,18,21>2,3,11,15,21,22,6,7,12,13,14,18
2,3,5,6,7,10,12,13,14,17,18,21>2,4,17,19,21,6,7,12,13,14,18
2,3,5,6,7,10,12,13,14,17,18,21>2,5,15,19,22,6,7,12,13,14,18
2,3,5,6,7,10,12,13,14,17,18,21>2,19,4,5,6,7,12,13,14,18
2,3,5,6,7,10,12,13,14,17,18,21>2,4,5,11,15,6,7,12,13,14,18
2,3,5,6,7,10,12,13,14,17,18,21>17,19,22,8,6,7,12,13,14,18
2,3,5,6,7,10,12,13,14,17,18,21>2,3,4,8,11,15,17,21,6,7,12,13,14,18
5,7,8,11,13,18,19,22,23>20,7,8,14,19,23
5,7,8,11,13,18,19,22,23>5,7,8,18,20,22,19,23
5,7,8,11,13,18,19,22,23>5,11,14,18,20,19,23
5,7,8,11,13,18,19,22,23>20,22,8,11,19,23
5,7,8,11,13,18,19,22,23>5,7,8,11,19,23
5,7,8,11,13,18,19,22,23>20,11,13,14,19,23
5,7,8,11,13,18,19,22,23>7,11,13,14,22,19,23
5,7,8,11,13,18,19,22,23>11,13,14,18,19,23
1,2,4,5,7,9,13,16,17,20,21,22>1,4,8,9,23,2,13,16,20,21,22
1,2,4,5,7,9,13,16,17,20,21,22>5,9,10,14,17,18,23,2,13,16,20,21,22
1,2,4,5,7,9,13,16,17,20,21,22>5,8,10,14,17,2,13,16,20,21,22
1,2,4,5,7,9,13,16,17,20,21,22>1,4,5,9,10,17,2,13,16,20,21,22
1,2,4,5,7,9,13,16,17,20,21,22>1,4,6,9,10,17,18,2,13,16,20,21,22
1,2,4,5,7,9,13,16,17,20,21,22>1,7,8,10,14,17,18,23,2,13,16,20,21,22
1,2,4,5,7,9,13,16,17,20,21,22>17,5,7,2,13,16,20,21,22
1,2,4,5,7,9,13,16,17,20,21,22>4,6,7,8,9,10,14,2,13,16,20,21,22
1,4,7,8,9,10,11,12,17,19,22>2,10,13,16,19,23,8,11,12
1,4,7,8,9,10,11,12,17,19,22>1,4,13,16,17,22,23,8,11,12
1,4,7,8,9,10,11,12,17,19,22>1,2,7,13,17,19,22,23,8,11,12
1,4,7,8,9,10,11,12,17,19,22>1,2,4,7,13,16,17,19,8,11,12
1,4,7,8,9,10,11,12,17,19,22>4,9,10,17,19,22,23,8,11,12
1,4,7,8,9,10,11,12,17,19,22>1,2,4,9,10,13,16,17,19,8,11,12
1,4,7,8,9,10,11,12,17,19,22>1,7,9,10,17,22,23,8,11,12
1,4,7,8,9,10,11,12,17,19,22>1,2,7,9,10,13,19,23,8,11,12
1,2,4,5,6,7,8,10,12,13,14,19,21>1,22,11,2,7,8,12,13,14
1,2,4,5,6,7,8,10,12,13,14,19,21>1,4,6,16,19,21,2,7,8,12,13,14
1,2,4,5,6,7,8,10,12,13,14,19,21>1,4,10,16,22,2,7,8,12,13,14
1,2,4,5,6,7,8,10,12,13,14,19,21>1,5,10,11,21,2,7,8,12,13,14
1,2,4,5,6,7,8,10,12,13,14,19,21>1,5,10,19,22,2,7,8,12,13,14
1,2,4,5,6,7,8,10,12,13,14,19,21>1,4,5,10,16,19,21,2,7,8,12,13,14
1,2,4,5,6,7,8,10,12,13,14,19,21>6,10,11,16,19,2,7,8,12,13,14
1,2,4,5,6,7,8,10,12,13,14,19,21>5,6,10,16,19,22,2,7,8,12,13,14
3,6,7,8,10,12,13,15,16,21>21,4,10,7,8,12,13,16
3,6,7,8,10,12,13,15,16,21>22,4,10,7,8,12,13,16
3,6,7,8,10,12,13,15,16,21>3,6,10,14,15,21,22,7,8,12,13,16
3,6,7,8,10,12,13,15,16,21>4,6,10,15,7,8,12,13,16
3,6,7,8,10,12,13,15,16,21>21,3,4,11,7,8,12,13,16
3,6,7,8,10,12,13,15,16,21>6,11,14,7,8,12,13,16
3,6,7,8,10,12,13,15,16,21>3,10,11,14,15,7,8,12,13,16
3,6,7,8,10,12,13,15,16,21>3,6,10,11,15,21,22,7,8,12,13,16
7,8,9,10,11,15,16,17,23>7,12,23,8,16,10,11
7,8,9,10,11,15,16,17,23>7,9,12,8,16,10,11
7,8,9,10,11,15,16,17,23>9,15,23,8,16,10,11
7,8,9,10,11,15,16,17,23>7,9,15,8,16,10,11
7,8,9,10,11,15,16,17,23>9,12,15,8,16,10,11
7,8,9,10,11,15,16,17,23>9,17,8,16,10,11
7,8,9,10,11,15,16,17,23>7,15,17,23,8,16,10,11
7,8,9,10,11,15,16,17,23>12,15,17,8,16,10,11
3,6,7,10,12,14,18,19,23>3,4,23,19,12,7
3,6,7,10,12,14,18,19,23>3,4,6,11,15,19,12,7
3,6,7,10,12,14,18,19,23>4,8,11,15,18,23,19,12,7
3,6,7,10,12,14,18,19,23>3,6,10,11,15,18,19,12,7
3,6,7,10,12,14,18,19,23>4,6,10,14,15,18,23,19,12,7
3,6,7,10,12,14,18,19,23>4,6,10,11,15,19,12,7
3,6,7,10,12,14,18,19,23>4,8,10,14,15,18,23,19,12,7
3,6,7,10,12,14,18,19,23>6,8,10,11,14,23,19,12,7
5,7,12,13,14,17,19,20,22,23>21,15,18,17,14,23
5,7,12,13,14,17,19,20,22,23>7,8,15,18,19,22,17,14,23
5,7,12,13,14,17,19,20,22,23>7,22,12,17,14,23
5,7,12,13,14,17,19,20,22,23>5,8,12,15,18,19,20,22,17,14,23
5,7,12,13,14,17,19,20,22,23>5,7,8,12,15,21,17,14,23
5,7,12,13,14,17,19,20,22,23>7,13,15,20,21,22,17,14,23
5,7,12,13,14,17,19,20,22,23>8,13,18,20,22,17,14,23
5,7,12,13,14,17,19,20,22,23>7,8,13,15,22,17,14,23
1,2,3,4,7,10,15,19,23>1,16,19,20,23,2,4
1,2,3,4,7,10,15,19,23>19,10,15,2,4
1,2,3,4,7,10,15,19,23>19,1,10,20,2,4
1,2,3,4,7,10,15,19,23>19,23,10,2,4
1,2,3,4,7,10,15,19,23>1,3,7,11,16,2,4
1,2,3,4,7,10,15,19,23>1,3,7,11,15,23,2,4
1,2,3,4,7,10,15,19,23>3,7,10,11,15,2,4
1,2,3,4,7,10,15,19,23>3,7,10,11,23,2,4
2,3,4,6,11,14,18,19,20,21,22,23>2,6,14,15,17,4,19,20,21,22,23
2,3,4,6,11,14,18,19,20,21,22,23>3,6,14,15,16,17,4,19,20,21,22,23
2,3,4,6,11,14,18,19,20,21,22,23>2,3,6,14,15,4,19,20,21,22,23
2,3,4,6,11,14,18,19,20,21,22,23>6,7,14,15,18,4,19,20,21,22,23
2,3,4,6,11,14,18,19,20,21,22,23>3,6,7,14,17,18,4,19,20,21,22,23
2,3,4,6,11,14,18,19,20,21,22,23>6,11,15,17,18,4,19,20,21,22,23
2,3,4,6,11,14,18,19,20,21,22,23>3,18,7,11,4,19,20,21,22,23
2,3,4,6,11,14,18,19,20,21,22,23>17,6,7,11,4,19,20,21,22,23
1,2,4,5,6,7,8,11,12,13,15,17,19,20,22,23>1,12,14,20,21,22,2,7,8,17,23
1,2,4,5,6,7,8,11,12,13,15,17,19,20,22,23>1,4,5,12,13,14,15,21,2,7,8,17,23
1,2,4,5,6,7,8,11,12,13,15,17,19,20,22,23>1,4,5,13,15,16,19,20,21,2,7,8,17,23
1,2,4,5,6,7,8,11,12,13,15,17,19,20,22,23>1,6,16,19,20,21,2,7,8,17,23
1,2,4,5,6,7,8,11,12,13,15,17,19,20,22,23>4,6,12,13,15,16,19,20,21,2,7,8,17,23
1,2,4,5,6,7,8,11,12,13,15,17,19,20,22,23>5,6,12,13,19,20,22,2,7,8,17,23
1,2,4,5,6,7,8,11,12,13,15,17,19,20,22,23>5,6,11,12,19,21,2,7,8,17,23
1,2,4,5,6,7,8,11,12,13,15,17,19,20,22,23>1,5,6,11,12,13,14,19,22,2,7,8,17,23
1,2,3,5,7,8,9,10,11,14,15,16,17,19,22>3,4,5,9,10,12,15,19,20,8,16,2,11
1,2,3,5,7,8,9,10,11,14,15,16,17,19,22>7,10,13,14,17,19,20,8,16,2,11
1,2,3,5,7,8,9,10,11,14,15,16,17,19,22>7,10,13,17,19,20,22,8,16,2,11
1,2,3,5,7,8,9,10,11,14,15,16,17,19,22>3,7,9,10,13,14,15,19,23,8,16,2,11
1,2,3,5,7,8,9,10,11,14,15,16,17,19,22>4,7,9,12,14,15,17,19,20,22,8,16,2,11
1,2,3,5,7,8,9,10,11,14,15,16,17,19,22>4,7,10,12,13,14,15,17,20,8,16,2,11
1,2,3,5,7,8,9,10,11,14,15,16,17,19,22>5,7,9,10,17,19,8,16,2,11
1,2,3,5,7,8,9,10,11,14,15,16,17,19,22>3,5,7,10,13,15,17,22,23,8,16,2,11
1,5,6,7,9,10,12,13,14,16,17>2,5,11,16,17,18,6,7,10,12,13,14
1,5,6,7,9,10,12,13,14,16,17>1,2,8,15,17,6,7,10,12,13,14
1,5,6,7,9,10,12,13,14,16,17>16,1,18,9,6,7,10,12,13,14
1,5,6,7,9,10,12,13,14,16,17>2,9,11,16,18,6,7,10,12,13,14
1,5,6,7,9,10,12,13,14,16,17>1,2,9,17,18,6,7,10,12,13,14
1,5,6,7,9,10,12,13,14,16,17>5,9,11,15,6,7,10,12,13,14
1,5,6,7,9,10,12,13,14,16,17>1,5,9,17,18,6,7,10,12,13,14
1,5,6,7,9,10,12,13,14,16,17>1,2,5,9,6,7,10,12,13,14
1,2,5,8,9,11,13,14,19,20,22>5,23,19,2,20,13,14
1,2,5,8,9,11,13,14,19,20,22>1,8,9,19,2,20,13,14
1,2,5,8,9,11,13,14,19,20,22>5,8,9,17,19,21,22,2,20,13,14
1,2,5,8,9,11,13,14,19,20,22>1,5,8,9,21,22,2,20,13,14
1,2,5,8,9,11,13,14,19,20,22>23,5,8,11,2,20,13,14
1,2,5,8,9,11,13,14,19,20,22>1,5,8,11,19,22,2,20,13,14
1,2,5,8,9,11,13,14,19,20,22>5,9,11,21,22,2,20,13,14
1,2,5,8,9,11,13,14,19,20,22>8,9,11,19,21,2,20,13,14
1,2,4,8,10,11,13,15,16,17,18,19,20,21,22,23>1,4,18,2,8,16,19,20,21,22,23
1,2,4,8,10,11,13,15,16,17,18,19,20,21,22,23>17,18,4,10,2,8,16,19,20,21,22,23
1,2,4,8,10,11,13,15,16,17,18,19,20,21,22,23>17,18,4,11,2,8,16,19,20,21,22,23
1,2,4,8,10,11,13,15,16,17,18,19,20,21,22,23>17,4,13,14,2,8,16,19,20,21,22,23
1,2,4,8,10,11,13,15,16,17,18,19,20,21,22,23>18,4,13,14,2,8,16,19,20,21,22,23
1,2,4,8,10,11,13,15,16,17,18,19,20,21,22,23>1,10,13,15,17,18,2,8,16,19,20,21,22,23
1,2,4,8,10,11,13,15,16,17,18,19,20,21,22,23>10,11,13,14,17,18,2,8,16,19,20,21,22,23
1,2,4,8,10,11,13,15,16,17,18,19,20,21,22,23>1,4,10,11,13,15,2,8,16,19,20,21,22,23
2,3,6,7,8,12,14,15,17,18,19,20,21>2,3,4,18,20,22,7,8,17,19,21
2,3,6,7,8,12,14,15,17,18,19,20,21>3,6,13,15,18,22,7,8,17,19,21
2,3,6,7,8,12,14,15,17,18,19,20,21>2,3,6,14,16,20,7,8,17,19,21
2,3,6,7,8,12,14,15,17,18,19,20,21>3,18,12,14,7,8,17,19,21
2,3,6,7,8,12,14,15,17,18,19,20,21>2,4,12,14,22,7,8,17,19,21
2,3,6,7,8,12,14,15,17,18,19,20,21>2,4,12,13,16,18,7,8,17,19,21
2,3,6,7,8,12,14,15,17,18,19,20,21>6,12,13,15,16,18,22,7,8,17,19,21
2,3,6,7,8,12,14,15,17,18,19,20,21>4,6,12,15,18,22,7,8,17,19,21
2,3,4,5,6,9,16,18,20,21,22,23>3,9,10,4,6,16,20,21,22,23
2,3,4,5,6,9,16,18,20,21,22,23>18,19,5,9,4,6,16,20,21,22,23
2,3,4,5,6,9,16,18,20,21,22,23>2,7,9,10,18,4,6,16,20,21,22,23
2,3,4,5,6,9,16,18,20,21,22,23>2,3,7,10,18,19,4,6,16,20,21,22,23
2,3,4,5,6,9,16,18,20,21,22,23>18,3,5,7,4,6,16,20,21,22,23
2,3,4,5,6,9,16,18,20,21,22,23>18,8,9,10,4,6,16,20,21,22,23
2,3,4,5,6,9,16,18,20,21,22,23>2,8,9,10,19,4,6,16,20,21,22,23
2,3,4,5,6,9,16,18,20,21,22,23>3,5,8,9,4,6,16,20,21,22,23
