TCR,NFAT,IFN-\beta,IFN-\betaR,IL-18,IL-18R,IRAK,SOCS1,IL-12,IL-12R,STAT4,T-bet,IFN-\gamma,IFN-\gammaR,JAK1,STAT1,IL-4,IL-4R,STAT6,GATA3,IL-10,IL-10R,STAT3
1,2,4,7,8,9,14,17,19,20,22>4,8,9,13,14,17,2,20
1,2,4,7,8,9,14,17,19,20,22>1,7,8,9,13,16,19,21,22,17,2,20
1,3,4,5,9,11,13,14,20,21,23>2,9,11,13,15,17,22,21,4,20,14
1,3,4,5,9,11,13,14,20,21,23>1,2,3,5,9,13,16,22,21,4,20,14
1,2,3,4,9,10,12,14,15,17,19,20,21,22>8,10,13,18,20,2,4,15,17,21,22
1,2,3,4,9,10,12,14,15,17,19,20,21,22>1,8,9,12,13,19,20,2,4,15,17,21,22
1,3,5,8,9,12,23>10,23,4,8,12
1,3,5,8,9,12,23>1,2,3,4,5,8,12
2,4,7,8,11,12,14,16,19,21,22>21,4,13,8,16,12,22
2,4,7,8,11,12,14,16,19,21,22>21,2,7,23,8,16,12,22
1,6,7,8,14,16,18,20,21,23>14,16,18,19,22,23,8,20,21,7
1,6,7,8,14,16,18,20,21,23>6,14,16,18,19,23,8,20,21,7
2,4,5,6,9,10,15,19,20>7,9,13,15,19,20
2,4,5,6,9,10,15,19,20>4,5,7,13,16,17,20
10,11,12,14,16,17,18,20,23>8,20,14,18
10,11,12,14,16,17,18,20,23>8,10,19,20,21,18
2,3,6,11,12,13,20,23>6,7,8,20,21,23
2,3,6,11,12,13,20,23>3,17,20
1,3,7,10,11,12,14,15,19,20,23>2,8,10,11,12,14,16,20,23,15
1,3,7,10,11,12,14,15,19,20,23>1,2,4,7,10,11,12,17,20,15
2,5,10,11,13,18,19,21,22,23>5,14,18,20,21,19,11,22,23
2,5,10,11,13,18,19,21,22,23>2,5,10,13,18,20,19,11,22,23
1,5,6,7,8,10,14,15,17,18,19,21,22>11,14,15,17,20,21,23,19,22,7
1,5,6,7,8,10,14,15,17,18,19,21,22>1,5,6,8,11,14,15,16,17,23,19,22,7
1,3,5,6,8,13,15,16,17,18,19,20,21>5,6,7,13,14,18,8,16,19,20,21
1,3,5,6,8,13,15,16,17,18,19,20,21>2,4,7,13,14,15,18,8,16,19,20,21
2,4,6,8,10,13,15,16,17,18,19,20>2,4,10,15,17,8,13,16,19,20
2,4,6,8,10,13,15,16,17,18,19,20>17,2,21,6,8,13,16,19,20
1,3,5,6,7,8,10,13,14,16,17,23>2,5,10,11,12,16,17,8,14,6,7
1,3,5,6,7,8,10,13,14,16,17,23>2,3,4,10,13,17,23,8,14,6,7
6,8,9,10,13,16,17,18,23>6,9,11,17,19,8,10
6,8,9,10,13,16,17,18,23>7,9,14,16,17,18,23,8,10
1,2,3,4,5,7,9,12,15,16,17,20,22>5,7,8,12,13,15,21,22,16,2,4
1,2,3,4,5,7,9,12,15,16,17,20,22>1,5,6,10,17,18,20,21,23,16,2,4
1,3,4,5,9,10,12,13,14,15,16,20,21,23>2,3,5,6,8,9,13,20,23,4,10,14,15,16,21
1,3,4,5,9,10,12,13,14,15,16,20,21,23>1,2,3,12,13,22,4,10,14,15,16,21
1,3,5,6,8,9,10,11,12,14,15,16,20>3,4,12,14,15,8,16,10,6
1,3,5,6,8,9,10,11,12,14,15,16,20>1,2,3,4,5,9,12,13,14,21,8,16,10,6
2,4,8,10,11,12,14,15>14,16,8,11,12
2,4,8,10,11,12,14,15>2,10,13,14,15,8,11,12
2,4,6,7,8,9,10,11,18,19,20,22>4,10,11,16,21,22,23,19,20,7
2,4,6,7,8,9,10,11,18,19,20,22>2,4,11,13,16,21,23,19,20,7
2,4,7,10,11,12,14,15,16,20,23>2,4,8,10,14,20,23,16,15
2,4,7,10,11,12,14,15,16,20,23>2,4,7,8,11,16,15
6,8,11,12,13,15,16,19,20,23>7,12,14,15,19,21,23,8,16
6,8,11,12,13,15,16,19,20,23>6,7,11,13,15,19,23,8,16
1,9,10,13,16,17,21,22,23>1,2,9,11,13,21,10,22,23
1,9,10,13,16,17,21,22,23>1,2,8,13,14,16,10,22,23
5,6,7,8,9,10,11,13,14,15,19,20,21,22>5,23,9,10,7,13,14,20,21,22
5,6,7,8,9,10,11,13,14,15,19,20,21,22>6,9,10,11,23,7,13,14,20,21,22
1,2,3,5,7,9,10,16,17,18,19,20,21,23>16,4,5,7,2,18,19,20,21
1,2,3,5,7,9,10,16,17,18,19,20,21,23>1,4,5,8,16,22,23,2,18,19,20,21
4,5,6,7,9,11,12,13,14,15,18,19,20,21,22>18,20,9,7,13,14,15,19,21,22
4,5,6,7,9,11,12,13,14,15,18,19,20,21,22>6,8,11,12,16,18,7,13,14,15,19,21,22
1,4,5,6,7,11,13,18,19,21,22,23>1,2,11,13,14,18,20,19,23,22,7
1,4,5,6,7,11,13,18,19,21,22,23>1,4,6,13,18,19,23,22,7
5,6,8,9,10,12,15>7,9,11,15,16,8,10,12,6
5,6,8,9,10,12,15>5,7,9,11,15,8,10,12,6
1,2,4,5,7,8,11,14,15,16,22>4,7,11,12,13,14,22,23,8,16,2
1,2,4,5,7,8,11,14,15,16,22>5,6,7,11,12,22,23,8,16,2
1,2,4,6,8,9,10,11,14,16,18,19,20,23>1,4,9,10,11,14,18,21,23,2,8,16,19,20
1,2,4,6,8,9,10,11,14,16,18,19,20,23>6,9,10,11,18,23,2,8,16,19,20
2,3,5,8,9,10,12,13,14,17,18,20,22,23>2,3,5,12,13,18,20,8,10,14,17,23
2,3,5,8,9,10,12,13,14,17,18,20,22,23>3,4,5,6,12,13,20,8,10,14,17,23
2,4,5,6,9,13,15,18,19,20,22>2,4,7,9,14,15,18,21,22,23,19,20,13
2,4,5,6,9,13,15,18,19,20,22>17,5,21,23,19,20,13
1,2,4,6,9,12,14,15,16,17,18,19,20,22>4,7,9,13,14,20,22,23,2,15,16,18,19
1,2,4,6,9,12,14,15,16,17,18,19,20,22>1,4,7,14,17,22,23,2,15,16,18,19
1,4,7,8,9,10,11,13,14,15,16,19,21>1,2,22,12,8,11,13,14,16
1,4,7,8,9,10,11,13,14,15,16,19,21>1,4,7,9,10,12,20,21,22,8,11,13,14,16
3,8,9,10,11,12,13,14,17,20,21>11,12,22,8,10,13,14,17,21
3,8,9,10,11,12,13,14,17,20,21>3,4,20,22,8,10,13,14,17,21
2,5,8,9,11,12,14,15,17,18,19,20,23>9,12,14,16,21,8,17,19
2,5,8,9,11,12,14,15,17,18,19,20,23>5,9,11,14,16,18,23,8,17,19
1,6,8,9,10,11,12,13,14,15,18,20,22>1,7,11,12,21,22,23,8,10,13,14
1,6,8,9,10,11,12,13,14,15,18,20,22>6,7,11,15,16,17,18,20,22,8,10,13,14
6,7,9,13,14,15,17,19,20,21,22,23>16,19,7,14,15,17,20,21,22,23
6,7,9,13,14,15,17,19,20,21,22,23>9,18,19,7,14,15,17,20,21,22,23
1,5,7,8,9,10,12,15,18,20,23>6,12,17,18,19,20,23,8,10
1,5,7,8,9,10,12,15,18,20,23>2,5,7,9,15,16,17,18,23,8,10
1,3,5,6,7,9,10,11,12,13,14,17,20,22>1,5,8,9,11,18,20,23,6,7,10,13,14,17
1,3,5,6,7,9,10,11,12,13,14,17,20,22>1,2,3,5,8,9,11,12,15,20,6,7,10,13,14,17
2,3,4,7,8,10,14,15,19,21,23>2,8,11,15,19,21,23,4
2,3,4,7,8,10,14,15,19,21,23>3,7,10,14,16,20,4
2,3,5,7,8,10,13,14,15,16,17,18,19,23>2,4,10,12,15,18,23,8,16,19,14
2,3,5,7,8,10,13,14,15,16,17,18,19,23>3,4,7,10,12,13,15,17,18,23,8,16,19,14
2,5,10,11,12,13,14,15,16,19,20,23>2,10,11,12,13,20,16,14,15
2,5,10,11,12,13,14,15,16,19,20,23>2,5,8,10,11,13,20,23,16,14,15
2,4,9,11,13,17,20,22>2,4,18,21,22,17,20,13
2,4,9,11,13,17,20,22>9,11,16,18,21,17,20,13
2,5,6,8,11,13,14,15,16,17>11,15,6,8,13,14,16
2,5,6,8,11,13,14,15,16,17>2,5,11,6,8,13,14,16
1,2,3,4,5,6,7,10,11,14,15,16,17,18,19,21,22>1,3,10,12,17,2,4,7,11,15,16,18,19,22
1,2,3,4,5,6,7,10,11,14,15,16,17,18,19,21,22>1,3,6,10,17,21,2,4,7,11,15,16,18,19,22
1,2,3,5,9,12,15,17,18,20,23>4,5,6,12,15,20,21,17,2,18
1,2,3,5,9,12,15,17,18,20,23>1,3,4,5,6,9,12,19,17,2,18
3,4,9,10,11,12,14,15,16,17,21,22,23>8,17,21,4,10,11,12,15,16,22,23
3,4,9,10,11,12,14,15,16,17,21,22,23>9,14,4,10,11,12,15,16,22,23
1,4,9,11,15,16,17,18,21,23>1,10,11,15,19,21,22,23,16,18
1,4,9,11,15,16,17,18,21,23>1,4,8,9,12,17,19,22,23,16,18
1,2,8,9,10,11,15,16,21,23>22,23,2,8,10,11,16
1,2,8,9,10,11,15,16,21,23>1,9,22,2,8,10,11,16
4,8,11,14,15,17,18,20,22,23>8,14,15,18,19,17,20,23
4,8,11,14,15,17,18,20,22,23>8,22,14,17,20,23
2,3,4,7,12,14,15,16,19,20,21>2,8,13,14,22,16,4,21,15
2,3,4,7,12,14,15,16,19,20,21>2,7,13,14,19,16,4,21,15
1,4,10,12,13,16,18,23>1,4,13,14,18,19,23,16,12
1,4,10,12,13,16,18,23>2,4,8,11,13,14,16,12
3,4,9,11,12,13,15,17,18,22>3,10,11,16,19,13,18,4,12
3,4,9,11,12,13,15,17,18,22>3,9,14,15,19,22,23,13,18,4,12
2,5,8,9,10,12,17,18,20,21,22,23>5,9,12,8,10,17,21,22,23
2,5,8,9,10,12,17,18,20,21,22,23>2,5,8,10,17,21,22,23
1,7,8,10,12,13,15,16,18,19,22>7,10,14,18,22,23,8,12,13,16,19
1,7,8,10,12,13,15,16,18,19,22>18,2,7,8,12,13,16,19
2,5,6,7,16,17,18,20,23>2,5,16,19,21,18,20,6,7
2,5,6,7,16,17,18,20,23>2,5,8,19,21,18,20,6,7
2,5,6,8,9,11,12,13,14,17,18,19,20,21,22,23>5,6,7,9,12,18,20,8,14,17,19,21,22,23
2,5,6,8,9,11,12,13,14,17,18,19,20,21,22,23>2,5,6,9,11,18,8,14,17,19,21,22,23
3,4,5,7,9,10,15,16,17,18,19>5,7,8,9,11,12,13,15,16,18,19,4
3,4,5,7,9,10,15,16,17,18,19>3,5,7,8,9,10,13,16,18,19,4
1,2,3,7,8,11,15,18,19,20,21,22,23>1,18,8,2,19,20,21,22,23
1,2,3,7,8,11,15,18,19,20,21,22,23>1,18,11,2,19,20,21,22,23
3,4,5,8,10,12,13,14,15,16,17,18,23>3,10,13,15,18,4,8,12,14,16
3,4,5,8,10,12,13,14,15,16,17,18,23>3,5,11,15,4,8,12,14,16
1,2,5,7,8,10,14,15,19,20,22,23>1,5,7,10,15,17,19,21,22,2,20,23
1,2,5,7,8,10,14,15,19,20,22,23>1,5,7,8,10,14,15,22,2,20,23
2,3,5,9,10,12,13,15,16,23>5,6,9,13,15,23,16,10,12
2,3,5,9,10,12,13,15,16,23>2,4,5,8,11,14,23,16,10,12
10,22,6,14>23,11,14,15
10,22,6,14>7,10
1,3,4,5,6,7,12,16,17,20,22>1,13,18,20,21,16,4,6,7
1,3,4,5,6,7,12,16,17,20,22>1,2,3,8,18,23,16,4,6,7
1,2,3,4,6,7,8,9,10,11,12,13,18,19,21,22,23>3,6,9,10,13,14,21,2,4,7,8,11,12,19,22,23
1,2,3,4,6,7,8,9,10,11,12,13,18,19,21,22,23>1,3,6,10,13,18,2,4,7,8,11,12,19,22,23
6,7,10,14,15,16,18,20,21,22>6,8,14,18,23,7,15,16,20,21,22
6,7,10,14,15,16,18,20,21,22>8,10,13,14,18,19,7,15,16,20,21,22
1,3,6,7,8,10,11,13,16,18,21>10,14,18,19,22,8,11,13,7
1,3,6,7,8,10,11,13,16,18,21>1,3,6,10,12,14,16,18,21,22,8,11,13,7
1,2,3,8,10,12,14,15,18,19,20,21,22>14,15,16,17,20,2,8,19,21,22
1,2,3,8,10,12,14,15,18,19,20,21,22>3,4,13,14,15,20,23,2,8,19,21,22
2,3,4,5,6,7,8,9,13,18,21,22>8,16,18,19,21,4,6,7,13,22
2,3,4,5,6,7,8,9,13,18,21,22>2,3,10,14,16,21,4,6,7,13,22
6,8,12,13,14,16,21>21,8,12,13,14
6,8,12,13,14,16,21>7,8,12,13,14
1,4,5,6,9,11,14,17,22,23>11,14,18,9,6,23
1,4,5,6,9,11,14,17,22,23>1,4,10,17,22,6,23
4,5,6,8,10,11,12,20,21,23>5,10,11,16,17,22,8,21,6
4,5,6,8,10,11,12,20,21,23>4,7,11,12,17,22,23,8,21,6
1,5,6,7,11,16,17,20,21,22>1,8,13,16,23,6,7,20,21,22
1,5,6,7,11,16,17,20,21,22>2,5,8,11,13,18,23,6,7,20,21,22
3,5,6,8,9,12,14,17,18,19,22>6,13,17,18,22,23,8,19,12
3,5,6,8,9,12,14,17,18,19,22>3,4,5,6,9,13,14,17,8,19,12
2,4,7,8,11,13,14,15,16,17,18,19,20,21>4,7,15,17,8,13,14,16,19,20,21
2,4,7,8,11,13,14,15,16,17,18,19,20,21>4,7,15,18,8,13,14,16,19,20,21
1,2,4,5,6,9,12,13,15,16,17,19,20,23>1,4,6,7,8,12,13,14,15,17,18,19,23,16,2
1,2,4,5,6,9,12,13,15,16,17,19,20,23>1,5,6,8,9,12,13,15,23,16,2
1,6,9,12,13,14,17,20,21>12,18,9,10,17,21,13,14
1,6,9,12,13,14,17,20,21>1,8,9,15,18,20,17,21,13,14
1,3,5,6,9,10,11,12,14,16,17,18,19,20,22>4,5,7,8,9,11,12,14,15,20,21,23,18,19
1,3,5,6,9,10,11,12,14,16,17,18,19,20,22>1,6,7,8,9,10,13,14,15,23,18,19
11,14,15,16,17,21>21,16,15
11,14,15,16,17,21>8,13,14,18,16,15
2,3,4,5,6,7,8,10,12,13,14,17,20,23>5,10,13,21,23,4,6,7,8,14,17
2,3,4,5,6,7,8,10,12,13,14,17,20,23>3,5,12,13,16,20,4,6,7,8,14,17
3,4,5,8,9,11,17,18,20,23>19,21,10,11,17,4,20
3,4,5,8,9,11,17,18,20,23>3,5,6,10,17,4,20
1,2,3,4,6,8,10,12,13,14,19,20,21>3,7,12,16,17,19,20,22,2,4,8,13,14,21
1,2,3,4,6,8,10,12,13,14,19,20,21>1,6,12,16,17,20,2,4,8,13,14,21
3,4,5,7,11,12,13,18,19,21,22,23>18,21,8,4,12,19,22,23
3,4,5,7,11,12,13,18,19,21,22,23>3,5,7,11,14,18,21,4,12,19,22,23
2,4,6,7,10,11,12,13,14,16,18,19,21,23>2,10,13,21,22,23,7,11,12,14,16,19
2,4,6,7,10,11,12,13,14,16,18,19,21,23>2,6,8,10,13,15,22,7,11,12,14,16,19
1,3,9,10,14,15,17,18,19,22>1,3,9,10,17,20,23,18,19,15
1,3,9,10,14,15,17,18,19,22>1,3,9,10,11,14,16,17,23,18,19,15
2,4,8,9,10,12,13,14,16,17,22,23>2,4,13,17,22,8,10,12,14,16,23
2,4,8,9,10,12,13,14,16,17,22,23>2,4,11,13,8,10,12,14,16,23
1,6,7,11,12,13,16,20,21>1,2,11,12,14,20,22,21,13,7
1,6,7,11,12,13,16,20,21>1,6,8,12,14,22,21,13,7
3,4,8,10,13,15,16,17,18,19,20,21>3,10,14,15,4,8,16,19,20,21
3,4,8,10,13,15,16,17,18,19,20,21>10,13,18,4,8,16,19,20,21
1,2,4,5,7,9,10,12,15,16,19,20,21,23>15,23,8,9,16,2,21
1,2,4,5,7,9,10,12,15,16,19,20,21,23>1,5,10,12,19,20,23,16,2,21
4,5,8,14,20,21,23>23,5,16,17,20,21
4,5,8,14,20,21,23>4,5,6,8,14,16,22,20,21
2,3,4,7,8,9,10,13,15,18,19,22>8,9,10,19,4,13
2,3,4,7,8,9,10,13,15,18,19,22>2,3,7,8,11,14,18,22,19,4,13
2,5,6,7,12,13,14,16,17,19,20,21>6,8,15,16,20,22,21,13,14,7
2,5,6,7,12,13,14,16,17,19,20,21>5,6,12,17,18,19,20,22,21,13,14,7
2,3,4,6,8,9,10,11,12,14,17,18,19,21>2,6,9,10,14,16,17,21,22,4,8,11,12,19
2,3,4,6,8,9,10,11,12,14,17,18,19,21>3,6,9,13,14,21,4,8,11,12,19
1,2,3,6,12,13,17,18,19,20>3,4,6,7,12,21,2,13,17,18,19
1,2,3,6,12,13,17,18,19,20>1,3,4,2,13,17,18,19
1,2,3,4,5,6,8,11,13,16,17,19,20,23>1,3,5,6,11,17,19,23,2,4,8,16,20
1,2,3,4,5,6,8,11,13,16,17,19,20,23>1,3,5,11,19,21,23,2,4,8,16,20
4,7,10,13,15,19,20,21,22,23>10,15,16,20,21,22,23
4,7,10,13,15,19,20,21,22,23>4,7,10,14,17,19,20,21,22,23
1,4,7,8,10,11,12,14,17,20>1,7,12,14,16,8,17
1,4,7,8,10,11,12,14,17,20>2,4,7,10,12,13,14,20,21,8,17
1,3,4,6,7,8,9,10,11,13,14,15,17,18,20,21,23>22,6,8,11,4,7,10,14,17,20,21
1,3,4,6,7,8,9,10,11,13,14,15,17,18,20,21,23>1,6,9,11,15,18,22,23,4,7,10,14,17,20,21
1,2,3,5,7,9,10,11,12,13,14,15,18,19,20,23>1,3,5,16,17,20,23,2,19,14,15
1,2,3,5,7,9,10,11,12,13,14,15,18,19,20,23>1,3,5,9,10,11,17,18,23,2,19,14,15
1,2,3,4,5,7,8,9,10,12,13,15,16,20,21,23>3,6,13,14,15,23,2,4,8,10,16,21
1,2,3,4,5,7,8,9,10,12,13,15,16,20,21,23>1,5,6,14,15,22,23,2,4,8,10,16,21
4,8,9,10,13,14,19,20,21,23>4,16,22,20,21,14
4,8,9,10,13,14,19,20,21,23>8,9,10,13,16,23,20,21,14
5,6,8,11,12,14,15,19,23>5,11,14,16,19,23,8,12
5,6,8,11,12,14,15,19,23>23,7,11,16,8,12
3,9,11,14,16,17,18,21,23>3,10,14,15,16,22,18
3,9,11,14,16,17,18,21,23>4,8,11,15,16,19,22,18
4,5,8,10,11,12,13,19,21,22>4,14,21,8,11,12,13,22
4,5,8,10,11,12,13,19,21,22>23,4,16,21,8,11,12,13,22
1,3,6,7,9,10,11,12,17,18,19,20,21,22>1,2,6,8,10,11,20,23,7,17,18,19,21,22
1,3,6,7,9,10,11,12,17,18,19,20,21,22>1,2,3,6,9,10,12,20,23,7,17,18,19,21,22
3,5,7,8,9,10,11,13,14,17,19,20,21,23>3,4,22,23,17,20,21,14
3,5,7,8,9,10,11,13,14,17,19,20,21,23>22,4,5,23,17,20,21,14
1,6,9,11,15,18,21,23>19,7,23,11
1,6,9,11,15,18,21,23>2,6,9,11,21,22,23
2,5,6,7,8,9,11,14,16,17,18,19,20,22,23>6,11,14,16,18,22,7,8,19,20,23
2,5,6,7,8,9,11,14,16,17,18,19,20,22,23>2,5,6,14,16,17,21,22,7,8,19,20,23
2,3,5,6,7,9,13,15,16,18,19,20,21,22>6,8,9,18,23,7,13,16,19,20,21,22
2,3,5,6,7,9,13,15,16,18,19,20,21,22>2,3,4,5,9,14,18,23,7,13,16,19,20,21,22
1,4,5,8,11,12,13,14,15,16,18,21,22,23>2,6,13,15,19,21,8,12,14,16,22,23
1,4,5,8,11,12,13,14,15,16,18,21,22,23>1,4,6,11,18,19,8,12,14,16,22,23
1,6,7,8,9,12,19,20,21>1,2,9,13,17,19,8,21,7
1,6,7,8,9,12,19,20,21>19,1,6,8,21,7
1,2,5,9,10,12,15,16,18,19,21>1,10,11,13,15,22,16,2,19,12
1,2,5,9,10,12,15,16,18,19,21>8,9,10,11,13,21,16,2,19,12
2,5,6,7,8,11,12,15,16,17,19,20,21>2,12,13,15,17,19,22,8,16,21,7
2,5,6,7,8,11,12,15,16,17,19,20,21>17,2,6,13,8,16,21,7
1,2,3,4,5,6,7,12,13,14,15,17,18,19,21,22,23>3,5,6,13,17,2,4,7,12,14,15,18,19,22,23
1,2,3,4,5,6,7,12,13,14,15,17,18,19,21,22,23>1,3,5,6,13,21,2,4,7,12,14,15,18,19,22,23
1,2,3,4,5,7,8,10,12,13,16,17,18,20,21,22>1,3,7,12,14,17,18,20,23,2,4,8,13,16,21,22
1,2,3,4,5,7,8,10,12,13,16,17,18,20,21,22>1,3,5,6,12,14,20,23,2,4,8,13,16,21,22
2,5,7,8,12,14,15,17,20,22,23>16,5,12,15,8,17,23
2,5,7,8,12,14,15,17,20,22,23>2,6,7,16,20,22,8,17,23
1,2,3,5,6,10,15,17,18,19,20,22>1,5,6,10,13,15,16,21,23,2,17,18,19,20
1,2,3,5,6,10,15,17,18,19,20,22>1,4,5,13,21,22,2,17,18,19,20
1,2,5,7,9,10,18,20,21,23>19,1,23,17,2,10,20,21
1,2,5,7,9,10,18,20,21,23>1,5,23,2,10,20,21
1,2,3,4,5,9,11,12,13,15,17,19,20,21>11,12,15,16,18,19,2,4,13,17,21
1,2,3,4,5,9,11,12,13,15,17,19,20,21>1,8,12,16,20,2,4,13,17,21
3,4,5,7,9,11,12,13,15,16,18,19,20,21,22,23>13,8,11,12,4,16,19,21,22,23
3,4,5,7,9,11,12,13,15,16,18,19,20,21,22,23>3,5,7,8,9,12,13,14,18,4,16,19,21,22,23
1,4,7,10,13,16,18,19,21>2,4,7,12,18,20,21,16,19,13
1,4,7,10,13,16,18,19,21>1,2,4,7,14,21,22,16,19,13
1,2,3,6,8,12,14,16,20,21,22>3,12,13,14,20,23,8,2,21,22
1,2,3,6,8,12,14,16,20,21,22>1,3,4,13,20,23,8,2,21,22
2,3,4,6,10,11,12,17,18,20,23>3,11,12,19,20,21,23,17,18,4
2,3,4,6,10,11,12,17,18,20,23>2,3,10,11,19,20,17,18,4
2,3,4,8,10,11,15,16,19,21,22>13,19,4,8,11,16,22
2,3,4,8,10,11,15,16,19,21,22>2,3,12,15,21,4,8,11,16,22
1,2,4,6,8,10,12,15,16,20,21,23>12,15,20,22,23,8,16,2,21
1,2,4,6,8,10,12,15,16,20,21,23>4,10,12,20,23,8,16,2,21
5,6,10,11,12,16,17,19,20,21,22,23>7,8,12,16,17,18,20,21,22,23
5,6,10,11,12,16,17,19,20,21,22,23>6,7,8,10,16,17,20,21,22,23
3,4,5,8,9,10,13,15,17,18,19>3,9,10,14,15,18,20,19,4
3,4,5,8,9,10,13,15,17,18,19>5,10,11,13,14,16,18,19,4
1,5,6,8,10,11,15,18,19,20,22,23>1,2,8,10,18,21,19,20,23
1,5,6,8,10,11,15,18,19,20,22,23>11,1,5,15,19,20,23
2,3,4,9,10,11,13,14,16,18,19,21,22,23>3,9,10,12,15,20,21,4,11,14,16,19,22,23
2,3,4,9,10,11,13,14,16,18,19,21,22,23>2,8,10,12,15,18,20,21,4,11,14,16,19,22,23
1,5,6,7,8,11,12,13,14,16,17,19,20,21,23>17,20,22,8,21,14,7
1,5,6,7,8,11,12,13,14,16,17,19,20,21,23>16,1,19,8,21,14,7
1,2,3,4,6,7,9,14,15,16,18,21,22,23>3,8,9,10,12,14,19,21,2,4,7,15,16,22,23
1,2,3,4,6,7,9,14,15,16,18,21,22,23>1,3,6,10,12,14,18,2,4,7,15,16,22,23
1,3,4,6,7,8,9,10,12,13,17,19,20,23>9,10,13,16,19,20,23,8,17,4,7
1,3,4,6,7,8,9,10,12,13,17,19,20,23>2,9,10,12,13,14,8,17,4,7
6,7,12,17,18,20,22,23>8,22,17,18,23,7
6,7,12,17,18,20,22,23>12,19,17,18,23,7
1,3,6,8,9,10,12,17,19,20,21,23>3,6,7,9,10,19,20,8,17,21
1,3,6,8,9,10,12,17,19,20,21,23>3,6,7,9,10,20,22,23,8,17,21
2,5,6,8,10,12,14,18,19,20,23>2,7,14,17,18,20,8,19
2,5,6,8,10,12,14,18,19,20,23>2,5,6,12,14,17,18,21,23,8,19
1,2,4,6,8,9,10,11,12,13,14,19>1,6,9,10,16,19,2,8,11,12,13,14
1,2,4,6,8,9,10,11,12,13,14,19>1,4,6,10,16,2,8,11,12,13,14
2,4,5,8,9,12,17,19,20,21,22,23>2,5,16,8,17,21,22,23
2,4,5,8,9,12,17,19,20,21,22,23>2,4,5,19,20,8,17,21,22,23
3,8,11,12,14,16,17,18,20,23>3,4,12,14,16,19,20,23,8
3,8,11,12,14,16,17,18,20,23>18,11,16,8
2,5,7,9,11,13,15,17,18,19,20,23>5,11,13,14,15,16,21,17,18,19,20
2,5,7,9,11,13,15,17,18,19,20,23>23,16,7,17,18,19,20
2,3,5,10,11,12,16,17,18,20,21,22>2,10,13,16,19,20,23,18,21,22
2,3,5,10,11,12,16,17,18,20,21,22>2,3,4,5,6,13,16,18,21,22
1,2,5,7,10,11,12,13,14,15,22,23>1,6,2,11,12,14,15,23
1,2,5,7,10,11,12,13,14,15,22,23>5,6,8,13,16,2,11,12,14,15,23
2,3,6,7,9,10,11,13,14,16,17,19,21,22>3,6,9,15,19,7,11,13,14,22
2,3,6,7,9,10,11,13,14,16,17,19,21,22>2,3,9,20,21,7,11,13,14,22
2,3,4,11,13,14,15,18,19,21,22>2,11,18,20,21,4,13,14,15,19,22
2,3,4,11,13,14,15,18,19,21,22>23,2,3,11,4,13,14,15,19,22
1,2,8,9,10,15,18,19,20,21,22,23>18,9,15,16,2,19,20,21,22,23
1,2,8,9,10,15,18,19,20,21,22,23>18,1,9,17,2,19,20,21,22,23
1,2,3,4,5,6,7,10,13,15,19,20,21,22,23>17,6,10,2,4,7,20,21,22,23
1,2,3,4,5,6,7,10,13,15,19,20,21,22,23>1,6,10,14,15,2,4,7,20,21,22,23
1,2,4,6,8,9,10,12,17,18,19,21,23>4,18,8,2,19,12
1,2,4,6,8,9,10,12,17,18,19,21,23>17,4,7,8,2,19,12
3,5,6,7,8,9,10,13,18,19,20,21>3,4,8,17,22,7,13,19,20,21
3,5,6,7,8,9,10,13,18,19,20,21>3,5,9,10,14,18,22,7,13,19,20,21
1,2,3,6,7,8,11,14,15,16,18,19,20,21>15,1,6,18,2,7,8,16,19,20,21
1,2,3,6,7,8,11,14,15,16,18,19,20,21>4,6,13,15,18,2,7,8,16,19,20,21
2,5,7,8,10,13,15,16,17,22,23>6,10,12,13,15,17,8,16,23
2,5,7,8,10,13,15,16,17,22,23>2,6,7,11,12,13,14,15,22,8,16,23
3,4,5,7,8,9,11,14,18,19>3,5,9,11,13,14,16,18,20,19,4
3,4,5,7,8,9,11,14,18,19>5,7,8,14,20,19,4
2,7,8,9,11,12,16,17,19>11,16,8,12
2,7,8,9,11,12,16,17,19>7,9,13,16,17,8,12
2,8,9,10,15,16,18,19,21,22>2,9,12,15,18,23,8,16,19,22
2,8,9,10,15,16,18,19,21,22>18,20,10,23,8,16,19,22
3,4,5,8,9,10,13,14,15,16,21,22>15,21,23,6,4,8,10,14,16,22
3,4,5,8,9,10,13,14,15,16,21,22>3,5,6,9,11,12,21,4,8,10,14,16,22
4,7,9,10,12,17,18,19,20,21,23>4,7,23,17,18,19,21
4,7,9,10,12,17,18,19,20,21,23>4,8,12,17,18,19,21
3,4,6,8,9,10,22,23>22,7,9,10,4,23
3,4,6,8,9,10,22,23>3,6,7,8,10,4,23
3,4,8,11,12,13,15,16,17,18,19,20,22,23>12,15,18,20,21,22,4,8,16,19,23
3,4,8,11,12,13,15,16,17,18,19,20,22,23>11,12,17,20,22,4,8,16,19,23
1,3,4,5,6,11,12,14,15,17,20,21,22>1,2,5,7,8,11,16,20,23,4,6,15,17,21,22
1,3,4,5,6,11,12,14,15,17,20,21,22>1,2,3,5,8,11,12,13,16,18,4,6,15,17,21,22
3,4,5,6,7,8,11,15,17,18,20,23>5,11,15,16,18,4,6,7,17,20
3,4,5,6,7,8,11,15,17,18,20,23>21,8,11,4,6,7,17,20
1,4,6,7,10,15,17,19,22>1,6,11,15,16,17,19,20,22,7
1,4,6,7,10,15,17,19,22>2,10,16,17,18,19,22,7
1,6,7,8,9,12,14,15,17,18,19>16,9,14,15,8,19,12,7
1,6,7,8,9,12,14,15,17,18,19>2,18,9,13,8,19,12,7
2,4,5,7,8,9,10,11,14,16,17,21>7,9,12,14,22,8,16,10,11
2,4,5,7,8,9,10,11,14,16,17,21>2,5,12,13,14,17,8,16,10,11
1,2,4,9,10,14,16,22,23>15,1,9,16,2,10,23
1,2,4,9,10,14,16,22,23>22,8,9,16,2,10,23
1,2,3,4,5,6,7,8,11,13,14,15,17,21>1,3,15,16,17,21,2,4,6,7,13,14
1,2,3,4,5,6,7,8,11,13,14,15,17,21>21,22,5,2,4,6,7,13,14
1,2,4,7,11,13,14,16,19,21,22>4,8,11,12,19,20,2,13,14,16,22
1,2,4,7,11,13,14,16,19,21,22>4,7,12,15,19,20,21,23,2,13,14,16,22
1,2,3,6,7,8,9,12,13,15,16,18,23>15,23,9,13,2,7,8,12,16
1,2,3,6,7,8,9,12,13,15,16,18,23>3,4,6,9,10,13,14,2,7,8,12,16
2,4,6,7,10,12,13,14,20,22,23>4,8,12,13,17,21,22,23,14,7
2,4,6,7,10,12,13,14,20,22,23>2,4,6,8,10,12,15,16,17,20,21,23,14,7
3,4,10,11,13,14,15,18,20>3,11,16,17,18,4,13,14,15,20
3,4,10,11,13,14,15,18,20>10,11,16,18,4,13,14,15,20
4,6,8,9,10,18,20,22>8,9,17,18,19,21,23,10,20
4,6,8,9,10,18,20,22>7,9,16,17,18,10,20
1,6,8,9,11,16,22>16,7,23,8
1,6,8,9,11,16,22>1,2,10,12,13,16,8
1,3,4,5,7,10,13,14,16,18,20>10,2,3,6,4,13,14,16,20
1,3,4,5,7,10,13,14,16,18,20>2,3,7,8,10,15,19,4,13,14,16,20
1,3,4,5,7,8,11,14,17,23>5,8,11,14,17,4
1,3,4,5,7,8,11,14,17,23>3,6,7,8,23,4
1,3,7,13,14,17,22,23>1,3,4,15,17,18,14,23
1,3,7,13,14,17,22,23>1,3,7,17,18,14,23
1,3,5,6,8,9,15,17,18,22>4,5,7,9,16,18,22,6
1,3,5,6,8,9,15,17,18,22>9,1,2,15,6
2,3,4,5,6,9,11,12,15,17,18,19>6,8,9,11,15,17,18,19,4,12
2,3,4,5,6,9,11,12,15,17,18,19>3,5,6,7,8,15,18,19,4,12
5,6,7,8,9,11,13,14,19,21>22,9,19,20,13,14,7
5,6,7,8,9,11,13,14,19,21>6,8,9,20,22,13,14,7
3,4,5,7,8,11,12,13,17,19,21,22,23>19,5,16,4,8,12,22,23
3,4,5,7,8,11,12,13,17,19,21,22,23>3,5,7,11,13,19,4,8,12,22,23
3,4,5,7,8,10,11,12,13,16,17,18,22>18,3,7,10,4,8,11,12,13,16
3,4,5,7,8,10,11,12,13,16,17,18,22>3,5,6,7,10,14,17,4,8,11,12,13,16
2,3,4,5,6,10,11,12,13,14,15,20,21,22>2,3,11,4,6,13,14,15,21,22
2,3,4,5,6,10,11,12,13,14,15,20,21,22>5,7,8,4,6,13,14,15,21,22
4,5,6,7,18,22,23>18,19,22,23,6,7
4,5,6,7,18,22,23>16,19,22,23,6,7
1,2,4,5,6,7,10,12,14,15,16,17,18,19,20,21,23>14,1,17,12,2,7,15,16,18,19,21
1,2,4,5,6,7,10,12,14,15,16,17,18,19,20,21,23>5,10,12,17,20,22,2,7,15,16,18,19,21
1,5,7,8,12,13,14,15,18,19,20,23>1,2,7,16,17,21,8,19,14
1,5,7,8,12,13,14,15,18,19,20,23>1,5,12,13,16,17,18,20,8,19,14
1,2,3,5,6,7,8,11,12,13,14,15,19,21,23>1,3,6,11,16,22,2,7,8,12,14
1,2,3,5,6,7,8,11,12,13,14,15,19,21,23>4,5,6,13,16,21,2,7,8,12,14
1,4,6,8,9,11,12,13,14,15,17,18,21,23>1,7,9,11,13,15,16,18,19,22,8,12,14
1,4,6,8,9,11,12,13,14,15,17,18,21,23>1,2,4,7,9,10,11,15,16,18,21,8,12,14
3,9,10,11,14,15,17,19,22>10,13,14,16,11,15
3,9,10,11,14,15,17,19,22>3,9,10,13,14,17,18,19,23,11,15
5,6,8,16,18,21,22,23>5,12,16,18,8,23,6,22
5,6,8,16,18,21,22,23>7,12,8,23,6,22
3,4,5,9,10,12,15,16,17,18,19,20,21>3,5,9,12,13,15,17,22,4,16,18,19,21
3,4,5,9,10,12,15,16,17,18,19,20,21>8,10,12,15,20,22,4,16,18,19,21
3,7,11,15,21,23>22,15,21
3,7,11,15,21,23>23,15
1,2,5,6,7,8,10,14,17,20,22,23>1,14,2,6,7,17,20,23
1,2,5,6,7,8,10,14,17,20,22,23>5,8,14,21,2,6,7,17,20,23
3,5,7,8,9,11,14,15,17,19,20,23>3,11,14,16,21,23,17,20
3,5,7,8,9,11,14,15,17,19,20,23>3,5,8,9,11,16,19,21,17,20
2,8,9,12,14,16,17,18,19,20,21,22,23>20,14,17,8,19,21,22,23
2,8,9,12,14,16,17,18,19,20,21,22,23>2,14,18,8,19,21,22,23
2,7,8,11,13,14,15,17,18,20,21,22>11,16,18,19,23,13,14,17,20,21,22
2,7,8,11,13,14,15,17,18,20,21,22>23,7,8,15,13,14,17,20,21,22
2,3,5,10,14,19,20,22>2,3,5,10,13,14,19,21,22,20
2,3,5,10,14,19,20,22>2,3,13,15,17,19,21,22,20
1,3,5,8,11,12,13,14,16,17,18,20,22,23>1,3,4,6,11,17,18,21,8,14,23
1,3,5,8,11,12,13,14,16,17,18,20,22,23>1,3,16,17,18,19,20,21,8,14,23
1,4,5,6,9,13,15,16,18,19,21,23>2,5,7,8,14,15,18,22,16,19
1,4,5,6,9,13,15,16,18,19,21,23>1,2,8,12,13,14,23,16,19
1,2,4,6,7,14,17,18,22,23>1,15,16,22,2,18,23,7
1,2,4,6,7,14,17,18,22,23>6,14,2,18,23,7
4,5,6,7,10,16,18,19,20,21,23>23,5,8,10,7,16,19,20,21
4,5,6,7,10,16,18,19,20,21,23>4,5,6,8,22,7,16,19,20,21
1,3,4,6,9,10,11,12,14,16,19,22,23>2,3,6,8,9,10,15,22,4,11,12,16,23
1,3,4,6,9,10,11,12,14,16,19,22,23>2,3,8,9,15,19,4,11,12,16,23
3,4,5,6,8,11,12,13,14,20>3,5,11,17,21,4,6,8,13,14
3,4,5,6,8,11,12,13,14,20>20,3,5,4,6,8,13,14
2,5,6,8,12,13,15,16,17,18,20,22,23>12,13,15,17,21,8,16,6,23
2,5,6,8,12,13,15,16,17,18,20,22,23>2,7,14,15,17,18,19,20,21,22,8,16,6,23
1,3,7,12,13,16,17,19,20>7,12,14,16,17,20,13
1,3,7,12,13,16,17,19,20>1,2,7,12,18,19,20,13
2,3,5,6,9,10,13,15,17,18,19,22,23>3,5,7,11,14,16,18,19,23
2,3,5,6,9,10,13,15,17,18,19,22,23>4,6,7,10,16,20,22,18,19,23
1,3,7,13,15,17,20,21,22,23>1,4,13,14,17,20,21,22,23
1,3,7,13,15,17,20,21,22,23>3,4,7,17,20,21,22,23
2,3,4,5,6,7,9,10,11,12,15,17,19,20>2,3,8,10,11,13,16,18,17,4,7
2,3,4,5,6,7,9,10,11,12,15,17,19,20>3,5,6,9,10,11,13,16,18,19,20,17,4,7
2,3,11,13,17,20,22,23>2,18,17,20,23
2,3,11,13,17,20,22,23>2,3,22,17,20,23
1,3,4,5,6,9,12,13,14,17,18,21,23>2,7,9,13,17,19,4,6,12,14,18
1,3,4,5,6,9,12,13,14,17,18,21,23>1,2,5,7,16,17,4,6,12,14,18
1,7,13,14,17,22,23>22,14,23
1,7,13,14,17,22,23>7,13,15,17,14,23
1,2,5,11,16,18,22>1,23,12,13,2
1,2,5,11,16,18,22>1,5,6,16,22,2
3,4,6,7,8,9,10,11,14,16,20,21,23>9,11,14,4,7,8,10,16,20,21
3,4,6,7,8,9,10,11,14,16,20,21,23>9,23,4,7,8,10,16,20,21
1,6,7,9,12,14,15,16,17,18,19,20,21,22>20,13,7,15,16,18,19,21,22
1,6,7,9,12,14,15,16,17,18,19,20,21,22>14,1,23,9,7,15,16,18,19,21,22
1,5,6,8,10,14,16,17,19,20,22>7,14,16,19,21,23,8,20
1,5,6,8,10,14,16,17,19,20,22>2,7,10,16,21,8,20
1,3,5,6,7,8,9,10,12,13,14,18,22>2,4,5,6,7,8,10,12,13,14
1,3,5,6,7,8,9,10,12,13,14,18,22>1,3,11,18,23,6,7,8,10,12,13,14
1,2,3,6,10,11,21,22>21,6,7,10,2,11,22
1,2,3,6,10,11,21,22>1,3,6,13,2,11,22
1,2,6,7,11,13,15,16,19>20,12,14,16,2,13,7
1,2,6,7,11,13,15,16,19>1,6,11,12,16,2,13,7
1,2,4,6,9,11,14,15,19,20>9,11,16,17,19,21,2,20,15
1,2,4,6,9,11,14,15,19,20>1,6,7,13,14,17,21,2,20,15
1,5,10,15,17,20,21>2,5,6,10,17,20,21
1,5,10,15,17,20,21>1,2,5,10,15,16,18,22,17,20,21
3,5,6,10,15,16,17,18,20>19,21,10,15,16,18,20,6
3,5,6,10,15,16,17,18,20>3,4,5,8,10,15,17,19,16,18,20,6
3,4,5,8,10,13,14,15,16,17,19,22,23>10,12,13,15,19,20,22,4,8,14,16,23
3,4,5,8,10,13,14,15,16,17,19,22,23>3,10,12,15,17,19,20,22,4,8,14,16,23
2,3,5,8,11,13,15,17>3,4,6,11,16,13
2,3,5,8,11,13,15,17>2,3,4,6,8,14,16,17,13
2,4,6,8,9,11,13,16,17,20,23>7,9,10,11,13,23,8,16,20
2,4,6,8,9,11,13,16,17,20,23>2,4,9,10,11,13,21,8,16,20
1,3,14,15,16,18,19,20,22,23>21,22,4,15,16,19,20,23
1,3,14,15,16,18,19,20,22,23>21,22,3,15,16,19,20,23
2,6,7,9,10,11,12,13,15,18,19,21>9,10,14,21,22,7,11,12,13,19
2,6,7,9,10,11,12,13,15,18,19,21>2,6,9,15,16,18,22,7,11,12,13,19
1,4,6,8,10,11,12,13,14,15,18,19,21,23>2,6,7,13,15,22,23,8,11,12,14,19
1,4,6,8,10,11,12,13,14,15,18,19,21,23>1,2,6,7,10,16,18,23,8,11,12,14,19
1,4,9,10,12,13,14,15,16,18,22>2,9,11,18,19,23,10,12,13,14,15,16
1,4,9,10,12,13,14,15,16,18,22>1,4,8,11,18,19,22,23,10,12,13,14,15,16
1,6,9,10,12,14,15,16,17,18,19,20,23>1,2,12,21,23,16,18,19,15
1,6,9,10,12,14,15,16,17,18,19,20,23>17,6,23,10,16,18,19,15
1,3,4,5,6,7,9,11,18,22,23>2,22,5,10,4,23,6,7
1,3,4,5,6,7,9,11,18,22,23>1,2,3,5,11,16,18,19,4,23,6,7
1,3,6,7,10,12,17,18,21,22>1,6,10,13,17,21,18,12,22,7
1,3,6,7,10,12,17,18,21,22>2,8,13,17,21,18,12,22,7
2,3,4,6,7,8,9,13,14,16,21,23>2,6,9,10,12,13,4,7,8,14,16
2,3,4,6,7,8,9,13,14,16,21,23>2,3,6,9,21,4,7,8,14,16
2,3,6,9,11,14,17,18,19,20,22,23>4,7,11,14,15,21,22,17,18,19,20,23
2,3,6,9,11,14,17,18,19,20,22,23>2,3,4,7,9,11,14,15,21,17,18,19,20,23
1,2,4,6,7,8,12,13,15,16,18,22,23>19,1,4,14,2,7,8,12,16,23
1,2,4,6,7,8,12,13,15,16,18,22,23>4,6,13,15,19,22,2,7,8,12,16,23
1,4,6,7,9,10,11,13,14,16,18,19,20,21,23>6,8,9,11,22,23,7,14,16,19,20,21
1,4,6,7,9,10,11,13,14,16,18,19,20,21,23>4,8,10,11,15,18,7,14,16,19,20,21
1,7,8,15,17,19,20,22>2,7,8,13,21,23,17,20
1,7,8,15,17,19,20,22>1,2,7,8,13,19,17,20
1,2,8,11,12,13,15,16,17,18,19,20,21,23>18,1,12,17,2,8,16,19,21
1,2,8,11,12,13,15,16,17,18,19,20,21,23>1,11,12,13,14,18,20,22,2,8,16,19,21
1,2,3,6,7,9,10,14,15,16,17,19,21,22>6,9,10,11,18,19,20,21,2,7,15,16,22
1,2,3,6,7,9,10,14,15,16,17,19,21,22>1,6,8,10,11,12,13,18,20,2,7,15,16,22
1,2,3,7,10,11,14,15,18,19,20,21>1,10,13,14,16,17,18,2,15,19,20,21
1,2,3,7,10,11,14,15,18,19,20,21>1,3,10,16,2,15,19,20,21
1,4,5,8,13,15,19,20,21,22>1,19,16,20,21,22
1,4,5,8,13,15,19,20,21,22>15,2,19,23,20,21,22
2,3,5,6,8,9,11,12,13,15,18,20,23>3,4,5,10,11,12,13,14,15,20,23,8,6
2,3,5,6,8,9,11,12,13,15,18,20,23>2,3,4,5,10,12,14,18,19,20,21,8,6
1,7,8,9,12,14,15,20>1,2,7,14,16,17,20,8
1,7,8,9,12,14,15,20>1,2,7,9,15,20,8
3,4,6,8,9,11,14,16,17,19,20,21,22,23>19,7,11,17,4,8,16,20,21,22,23
3,4,6,8,9,11,14,16,17,19,20,21,22,23>3,6,7,14,17,4,8,16,20,21,22,23
1,2,3,4,6,9,10,11,14,15,16,17,18,23>3,8,12,14,19,23,2,4,10,11,15,16,18
1,2,3,4,6,9,10,11,14,15,16,17,18,23>1,3,7,8,9,17,2,4,10,11,15,16,18
1,3,5,9,10,13,15,23>2,5,13,15,16,23,10
1,3,5,9,10,13,15,23>1,2,4,5,9,13,14,15,23,10
1,3,5,6,7,9,11,12,13,14,15,17,21,22>2,4,5,9,10,11,17,18,21,6,7,12,13,14,15,22
1,3,5,6,7,9,11,12,13,14,15,17,21,22>1,2,3,5,11,16,18,23,6,7,12,13,14,15,22
1,5,6,7,8,9,10,11,16,17,20,21,22>1,2,11,16,6,7,8,10,20,21,22
1,5,6,7,8,9,10,11,16,17,20,21,22>2,5,11,17,23,6,7,8,10,20,21,22
1,2,3,4,6,7,10,11,15,17,21>1,3,17,18,21,22,2,11,4,7
1,2,3,4,6,7,10,11,15,17,21>1,3,6,13,15,16,18,21,2,11,4,7
2,5,6,9,10,11,12,13,14,17,18,21>2,5,8,9,15,17,19,21,22,6,10,11,12,13,14,18
2,5,6,9,10,11,12,13,14,17,18,21>2,7,8,19,21,22,6,10,11,12,13,14,18
3,4,7,9,10,11,12,14,18,20,21>3,15,16,18,19,10,4,21
3,4,7,9,10,11,12,14,18,20,21>7,13,14,15,16,17,22,10,4,21
1,2,6,7,8,9,13,18,19,21>1,22,20,2,19,13,7
1,2,6,7,8,9,13,18,19,21>6,8,14,2,19,13,7
3,4,5,7,10,13,14,17,18,19,20,21,22,23>10,13,15,16,4,14,17,18,19,20,21,22,23
3,4,5,7,10,13,14,17,18,19,20,21,22,23>3,7,10,13,15,4,14,17,18,19,20,21,22,23
2,3,4,5,8,11,12,13,15,19,23>2,3,11,14,16,19,23,8,4,12
2,3,4,5,8,11,12,13,15,19,23>2,5,13,16,19,23,8,4,12
2,3,4,5,7,10,12,13,15,19,20,23>5,7,8,10,12,13,17,19,20,23,4
2,3,4,5,7,10,12,13,15,19,20,23>3,5,7,8,10,12,14,16,17,19,20,4
1,2,3,7,8,10,11,14,15,16,17,19,22,23>15,1,3,10,2,8,11,16,23
1,2,3,7,8,10,11,14,15,16,17,19,22,23>4,7,14,19,20,2,8,11,16,23
1,6,11,13,16,18,20>2,6,7,11,14,19,21,20,13
1,6,11,13,16,18,20>1,2,6,14,16,18,20,13
2,3,6,7,8,10,11,12,16,18,20,22>3,10,11,12,19,21,8,7
2,3,6,7,8,10,11,12,16,18,20,22>2,4,11,12,13,16,19,22,8,7
1,4,5,6,7,8,10,14,18,19,21,22>5,6,10,11,18,19,22,7
1,4,5,6,7,8,10,14,18,19,21,22>1,2,10,13,16,18,19,22,7
1,3,4,5,6,7,8,9,11,15,16,17,19,21>1,11,13,15,19,21,8,16,4,7
1,3,4,5,6,7,8,9,11,15,16,17,19,21>1,6,11,17,19,20,21,8,16,4,7
1,4,6,7,9,12,13,16,18,19,21,22>18,21,23,6,7,12,13,16,19,22
1,4,6,7,9,12,13,16,18,19,21,22>1,2,9,14,18,7,12,13,16,19,22
1,2,4,6,7,9,10,11,14,15,16,20>4,8,9,11,13,14,21,2,7,10,15,16,20
1,2,4,6,7,9,10,11,14,15,16,20>1,4,9,11,13,14,21,2,7,10,15,16,20
1,3,4,5,8,10,12,14,15,19,20>19,20,13,8,4
1,3,4,5,8,10,12,14,15,19,20>1,2,10,14,15,16,20,21,8,4
1,3,5,7,11,15,17,19,21,23>2,4,5,11,15,17,19,23
1,3,5,7,11,15,17,19,21,23>1,3,5,11,17,18,19
2,3,5,6,8,10,13,17,20,22,23>3,22,5,7,17,20,6,23
2,3,5,6,8,10,13,17,20,22,23>2,3,8,10,17,20,6,23
2,3,4,6,8,9,10,14,17,18,21>2,8,9,11,14,16,17,10,4
2,3,4,6,8,9,10,14,17,18,21>3,7,8,9,11,13,17,19,21,10,4
2,3,6,8,17,19,22,23>20,4,7,17,23
2,3,6,8,17,19,22,23>2,3,4,6,8,17,19,20,23
1,3,4,6,7,12,13,14,16,21,22>23,3,8,21,4,7,12,13,14,16,22
1,3,4,6,7,12,13,14,16,21,22>1,3,6,15,4,7,12,13,14,16,22
1,2,3,8,9,10,11,12,14,23>9,2,8,10,11,12
1,2,3,8,9,10,11,12,14,23>4,14,23,2,8,10,11,12
9,10,11,14,16,17,18,19,22,23>9,10,14,16,20,22,19,18,11,23
9,10,11,14,16,17,18,19,22,23>8,9,10,16,19,18,11,23
4,6,9,10,11,13,14,16,17,20,21,22>4,6,23,10,13,14,16,20,21,22
4,6,9,10,11,13,14,16,17,20,21,22>4,6,7,9,17,10,13,14,16,20,21,22
2,7,8,10,13,15,16,17,19,20,21>2,14,15,8,13,16,20,21
2,7,8,10,13,15,16,17,19,20,21>7,10,14,17,19,8,13,16,20,21
1,7,8,9,13,15,16,17,18,19,20,21,22>18,8,13,16,19,20,21,22
1,7,8,9,13,15,16,17,18,19,20,21,22>2,9,14,15,17,23,8,13,16,19,20,21,22
1,6,9,11,12,13,14,15,16,20,22>21,7,23,9,16,13,14,15
1,6,9,11,12,13,14,15,16,20,22>11,12,7,8,16,13,14,15
2,5,7,10,11,16,18,19,20,21>16,18,8,10,19,20,21
2,5,7,10,11,16,18,19,20,21>16,2,8,10,19,20,21
1,5,7,8,9,11,12,15,16,17,18,20,21,22,23>1,2,6,10,12,15,19,20,8,16,21,22,23
1,5,7,8,9,11,12,15,16,17,18,20,21,22,23>1,2,11,17,19,20,8,16,21,22,23
2,4,5,9,11,12,14,16,18,19,20,23>2,4,23,16,19
2,4,5,9,11,12,14,16,18,19,20,23>4,5,8,9,12,18,20,16,19
3,5,6,7,9,10,11,12,13,16,18,19,22>3,4,10,16,18,22,23,7,11,12,13,19
3,5,6,7,9,10,11,12,13,16,18,19,22>18,5,9,7,11,12,13,19
2,3,4,5,6,8,11,13,14,16,17,18,20,22,23>7,11,13,17,4,6,8,14,16,20,23
2,3,4,5,6,8,11,13,14,16,17,18,20,22,23>2,3,11,18,19,4,6,8,14,16,20,23
1,3,4,5,6,8,9,10,12,13,14,17,19,21,22,23>3,6,7,9,17,19,21,4,8,12,14,22,23
1,3,4,5,6,8,9,10,12,13,14,17,19,21,22,23>1,2,3,6,7,10,11,17,19,4,8,12,14,22,23
2,3,6,11,13,14,15,18,19,21,23>2,3,7,11,16,22,19,14,15
2,3,6,11,13,14,15,18,19,21,23>2,3,4,6,16,18,20,19,14,15
4,5,10,11,12,13,14,16,18,23>4,6,13,18,19,23,16,11,12,14
4,5,10,11,12,13,14,16,18,23>4,5,6,10,19,23,16,11,12,14
1,2,4,5,6,8,11,13,15,16,17,19,20,21>6,11,14,15,22,2,8,13,16,20,21
1,2,4,5,6,8,11,13,15,16,17,19,20,21>1,4,5,6,15,2,8,13,16,20,21
2,3,4,7,8,9,10,11,12,13,14,16,17,19,20,22,23>2,3,13,19,20,22,4,8,14,16,23
2,3,4,7,8,9,10,11,12,13,14,16,17,19,20,22,23>2,3,7,9,10,13,19,20,4,8,14,16,23
1,2,4,6,9,11,12,13,15,16,17,20>6,8,9,15,18,20,21,16,2,13
1,2,4,6,9,11,12,13,15,16,17,20>4,6,7,11,14,15,16,2,13
3,4,12,16,18,22,23>3,8,19,16,4,12,23
3,4,12,16,18,22,23>18,19,22,16,4,12,23
1,2,3,4,5,6,7,8,15,18,19,21,22,23>20,3,6,16,2,4,7,19,22,23
1,2,3,4,5,6,7,8,15,18,19,21,22,23>1,3,15,18,20,21,2,4,7,19,22,23
2,9,10,11,14,19,20,22,23>22,11,17,20,23
2,9,10,11,14,19,20,22,23>2,9,15,19,21,20,23
2,3,4,8,13,14,17,18,20,22,23>2,13,18,19,22,4,14,17,20,23
2,3,4,8,13,14,17,18,20,22,23>21,3,8,16,4,14,17,20,23
3,4,5,8,12,14,15,16,18,19,20>3,14,18,20,21,8,16,19,4
3,4,5,8,12,14,15,16,18,19,20>5,12,13,15,21,8,16,19,4
3,5,8,10,12,20,21>3,5,6,13,8,21
3,5,8,10,12,20,21>3,5,12,17,22,8,21
2,3,10,12,15,16,17,18,19,20,22,23>20,4,12,16,18,19,23
2,3,10,12,15,16,17,18,19,20,22,23>2,3,4,12,21,16,18,19,23
4,5,6,7,8,9,11,12,13,15,16,17,21,23>4,10,14,15,17,21,22,6,7,8,12,16
4,5,6,7,8,9,11,12,13,15,16,17,21,23>5,13,14,17,21,22,6,7,8,12,16
1,3,4,5,6,8,9,11,12,13,14,17,18,20,21>3,5,9,11,12,16,19,22,4,6,8,13,14,17,21
1,3,4,5,6,8,9,11,12,13,14,17,18,20,21>1,3,5,9,18,20,4,6,8,13,14,17,21
2,3,4,5,8,13,14,15,17,18,19,23>3,8,13,15,20,23,19,4,14
2,3,4,5,8,13,14,15,17,18,19,23>3,5,8,13,16,17,19,4,14
1,4,6,7,9,14,16,20,21>14,15,22,6,16,20,21,7
1,4,6,7,9,14,16,20,21>1,2,4,15,22,16,20,21,7
1,2,5,8,9,10,12,14,15,16,17,20,21,23>1,5,12,14,15,17,20,23,2,8,10,16,21
1,2,5,8,9,10,12,14,15,16,17,20,21,23>1,5,9,14,15,17,20,22,2,8,10,16,21
3,6,7,10,12,18,19,20,21>3,4,6,8,18,22,19,21,7
3,6,7,10,12,18,19,20,21>3,4,6,10,12,18,20,22,19,21,7
3,6,7,8,11,15,17,18,19,20,21,23>18,4,8,15,7,17,19,20,21
3,6,7,8,11,15,17,18,19,20,21,23>4,6,11,7,17,19,20,21
2,6,7,10,12,13,19,22,23>8,11,13,14,22,12,23,7
2,6,7,10,12,13,19,22,23>6,8,10,11,13,14,12,23,7
1,3,4,5,6,9,13,14,15,16,17,18,20,23>1,2,5,10,13,19,4,6,14,15,16,18,20
1,3,4,5,6,9,13,14,15,16,17,18,20,23>2,3,5,7,17,4,6,14,15,16,18,20
3,4,8,9,11,12,13,15,21,23>3,10,15,21,22,8,4,12
3,4,8,9,11,12,13,15,21,23>3,9,10,14,15,22,23,8,4,12
1,5,9,12,13,16,17,18,20,22>9,12,16,19,20,21,22,23,18,13
1,5,9,12,13,16,17,18,20,22>1,5,8,9,10,17,20,18,13
1,2,3,4,8,9,10,13,14,16,17,18,19,20,23>9,13,18,2,4,8,14,16,19,20
1,2,3,4,8,9,10,13,14,16,17,18,19,20,23>1,9,10,17,18,2,4,8,14,16,19,20
2,6,10,14,15,16,18,21>2,19,10,14,16,15
2,6,10,14,15,16,18,21>7,8,11,18,19,21,16,15
2,4,8,9,10,11,13,15,16,18,19,20,22>21,22,9,8,13,16,19,20
2,4,8,9,10,11,13,15,16,18,19,20,22>2,4,9,10,11,18,8,13,16,19,20
2,5,6,7,10,11,12,14,17,21,22>2,8,13,14,15,17,21,23,6,7,11,12,22
2,5,6,7,10,11,12,14,17,21,22>5,8,10,13,17,18,23,6,7,11,12,22
3,5,6,13,15,19,20,21,22>5,6,7,13,15,19,20,21,22
3,5,6,13,15,19,20,21,22>3,5,6,7,15,20,21,22
1,3,7,8,9,12,13,14,18>1,7,10,8,12,13,14
1,3,7,8,9,12,13,14,18>1,2,9,10,18,8,12,13,14
3,5,6,7,8,9,10,13,14,16,18,19,20>18,6,9,16,7,8,13,14,19,20
3,5,6,7,8,9,10,13,14,16,18,19,20>3,4,5,16,7,8,13,14,19,20
1,2,3,5,6,9,13,15,18,22>16,4,5,2,13,6
1,2,3,5,6,9,13,15,18,22>3,4,10,14,19,23,2,13,6
2,3,7,12,13,14,15,17,22>18,8,17,12,13,14,15
2,3,7,12,13,14,15,17,22>2,4,8,16,18,23,12,13,14,15
1,3,4,5,7,11,13,14,15,17,18,19,20,21,22,23>2,5,7,4,14,15,17,18,19,20,21,22,23
1,3,4,5,7,11,13,14,15,17,18,19,20,21,22,23>3,5,11,13,4,14,15,17,18,19,20,21,22,23
3,6,7,9,10,12,13,14,16,17,19,20,21>10,16,18,20,22,21,13,14,7
3,6,7,9,10,12,13,14,16,17,19,20,21>4,6,9,15,16,17,18,20,21,13,14,7
3,4,7,10,13,18,20,21>3,14,16,17,18,20,21,4,13
3,4,7,10,13,18,20,21>3,14,17,18,19,22,20,21,4,13
6,8,10,13,16,17,19,20,21>22,13,16,8,20,21
6,8,10,13,16,17,19,20,21>6,7,10,13,16,17,19,8,20,21
1,4,9,10,12,13,16,20,21>1,4,8,9,12,20,22,16,10,21,13
1,4,9,10,12,13,16,20,21>2,4,8,9,14,22,16,10,21,13
1,4,5,6,9,10,12,13,14,19,21>9,11,5,12,13,14
1,4,5,6,9,10,12,13,14,19,21>2,8,11,16,21,12,13,14
2,3,4,5,6,12,15,16,19,21>2,5,7,8,15,21,22,16,4,12
2,3,4,5,6,12,15,16,19,21>2,3,5,6,7,15,19,21,22,16,4,12
1,2,3,5,6,8,10,11,13,15,16,17,20,21>14,15,10,2,6,8,13,16,20,21
1,2,3,5,6,8,10,11,13,15,16,17,20,21>3,4,5,7,10,11,14,2,6,8,13,16,20,21
2,4,6,8,11,12,14,16,17,23>4,7,11,17,23,8,16,12
2,4,6,8,11,12,14,16,17,23>2,6,11,17,8,16,12
1,2,3,5,8,14,17,21>4,8,14,21,22,2
1,2,3,5,8,14,17,21>14,17,21,4,2
2,6,7,8,11,13,14,15,17,18,19>18,20,16,19,13,14,7
2,6,7,8,11,13,14,15,17,18,19>6,8,11,16,17,19,13,14,7
3,4,5,8,9,11,12,16,17,22>9,10,13,8,16,4,12
3,4,5,8,9,11,12,16,17,22>3,5,6,10,13,8,16,4,12
3,4,5,6,7,8,12,14,17,19,20,23>3,6,16,19,20,8,17,4,7
3,4,5,6,7,8,12,14,17,19,20,23>20,5,6,8,17,4,7
1,2,4,6,7,10,12,18,20,21,22,23>1,6,8,10,12,16,19,20,2,7,21,22,23
1,2,4,6,7,10,12,18,20,21,22,23>4,6,12,17,18,19,20,2,7,21,22,23
1,2,3,5,7,9,11,12,13,17,18,19,20,21,22>1,7,11,14,20,2,13,17,18,19,21,22
1,2,3,5,7,9,11,12,13,17,18,19,20,21,22>3,5,9,11,14,20,2,13,17,18,19,21,22
1,3,4,5,6,7,10,14,16,17,18,19,20,22,23>5,6,10,14,15,17,21,4,7,16,18,19,20,23
1,3,4,5,6,7,10,14,16,17,18,19,20,22,23>3,5,8,10,17,21,22,4,7,16,18,19,20,23
2,4,6,7,10,11,13,14,18,19,20,22>2,10,11,17,23,7,13,14,19,20
2,4,6,7,10,11,13,14,18,19,20,22>2,6,10,15,16,17,18,21,23,7,13,14,19,20
2,3,4,6,7,12,16,18,21,22>21,2,8,4,7,12,16,22
2,3,4,6,7,12,16,18,21,22>3,6,13,18,19,4,7,12,16,22
1,2,4,7,8,9,11,12,13,14,15,16,19,20,21,22>19,12,15,2,8,13,14,16,21,22
1,2,4,7,8,9,11,12,13,14,15,16,19,20,21,22>1,9,11,12,19,20,23,2,8,13,14,16,21,22
1,2,4,5,6,7,10,11,12,15,17,19,21>5,6,8,15,17,22,2,11,12,7
1,2,4,5,6,7,10,11,12,15,17,19,21>1,4,5,10,13,17,2,11,12,7
1,2,5,8,9,10,11,13,14,15,19,22>23,10,15,16,2,11,13,14
1,2,5,8,9,10,11,13,14,15,19,22>1,16,19,20,22,2,11,13,14
1,4,5,6,8,11,13,15,17,21,23>1,14,16,17,21,23,6
1,4,5,6,8,11,13,15,17,21,23>1,4,5,7,17,22,23,6
2,4,13,16,17,20,21,23>2,8,14,17,18,23,16,20,21
2,4,13,16,17,20,21,23>2,4,8,23,16,20,21
1,2,3,4,5,6,7,9,10,11,13,14,15,17,23>1,5,9,13,23,2,4,6,7,10,11,14,15
1,2,3,4,5,6,7,9,10,11,13,14,15,17,23>1,3,5,9,16,17,18,23,2,4,6,7,10,11,14,15
1,2,5,6,8,10,13,16,17,18,20,21,22,23>17,5,10,13,2,6,8,20,21,22,23
1,2,5,6,8,10,13,16,17,18,20,21,22,23>1,5,7,10,14,16,17,18,2,6,8,20,21,22,23
1,4,5,9,10,13,14,16,18,19,20,21>2,5,8,13,15,18,14,16,19,20,21
1,4,5,9,10,13,14,16,18,19,20,21>1,2,8,13,15,22,14,16,19,20,21
4,8,9,11,14,16,18>9,11,12,13,18,19,8,16
4,8,9,11,14,16,18>9,12,13,14,18,19,8,16
2,8,10,11,12,13,14,16,18,20>2,11,12,16,8,13,14
2,8,10,11,12,13,14,16,18,20>2,10,11,12,18,20,21,8,13,14
1,4,6,8,12,15,16,18,19,20>1,2,7,13,18,20,8,16,19
1,4,6,8,12,15,16,18,19,20>1,4,12,13,21,8,16,19
1,2,5,7,8,9,12,15,17,18,19,22,23>18,1,9,2,8,12,19,23
1,2,5,7,8,9,12,15,17,18,19,22,23>1,5,16,17,2,8,12,19,23
1,3,4,5,7,8,9,16,18,20,21>1,2,9,19,22,4,8,16,20,21
1,3,4,5,7,8,9,16,18,20,21>18,1,2,3,4,8,16,20,21
1,3,4,8,10,12,15,16,17,18,20,22>10,12,15,20,22,23,8,16,4
1,3,4,8,10,12,15,16,17,18,20,22>2,3,19,20,22,23,8,16,4
1,2,6,7,9,10,15,18,23>11,15,16,18,2,10,7
1,2,6,7,9,10,15,18,23>1,6,11,18,2,10,7
6,8,9,12,13,14,16,17,18,21,22>19,6,7,23,8,12,13,14,22
6,8,9,12,13,14,16,17,18,21,22>6,7,9,10,17,19,8,12,13,14,22
1,3,4,6,7,10,11,12,15,17,18>1,6,8,10,15,17,19,4,7,11,12,18
1,3,4,6,7,10,11,12,15,17,18>2,3,10,13,15,16,19,4,7,11,12,18
1,7,10,12,14,16,18,19,21>8,10,11,13,15,16,21,22,19,12
1,7,10,12,14,16,18,19,21>7,8,10,15,16,18,22,19,12
1,2,9,15,19,21>13,15,16,20,21,2
1,2,9,15,19,21>1,13,20,21,22,2
6,7,8,9,13,14,15,19,20,23>6,8,13,16,17,19,23,20,14,7
6,7,8,9,13,14,15,19,20,23>9,16,17,19,23,20,14,7
3,6,9,10,11,12,14,18,19>3,7,9,13,14,15,19,11,12
3,6,9,10,11,12,14,18,19>3,4,6,10,13,14,15,19,11,12
1,2,3,4,5,6,8,11,16,18,19,20,22,23>21,1,6,22,2,4,8,16,19,20,23
1,2,3,4,5,6,8,11,16,18,19,20,22,23>1,11,18,21,22,2,4,8,16,19,20,23
1,3,4,5,6,7,9,12,13,15,16,19,20>2,3,21,8,16,4,13,7
1,3,4,5,6,7,9,12,13,15,16,19,20>1,2,3,12,21,16,4,13,7
3,4,7,8,11,12,13,14,18,20,22>7,21,23,17,8,4,13,14
3,4,7,8,11,12,13,14,18,20,22>7,12,16,18,21,23,8,4,13,14
5,6,7,8,9,12,13,18,19,20,23>6,12,18,20,23,8,19,7
5,6,7,8,9,12,13,18,19,20,23>5,9,12,13,14,17,18,20,21,23,8,19,7
3,4,5,8,14,18,19,23>23,3,8,19,4
3,4,5,8,14,18,19,23>3,5,8,14,19,4
2,4,6,8,9,10,11,13,15,16,17,19,23>4,9,10,12,13,15,8,16,11
2,4,6,8,9,10,11,13,15,16,17,19,23>2,6,7,12,14,15,19,20,8,16,11
1,2,3,4,8,11,12,13,16,18,19,21,23>22,14,2,4,8,12,16,19
1,2,3,4,8,11,12,13,16,18,19,21,23>22,3,18,21,2,4,8,12,16,19
2,3,4,5,6,9,11,13,14,15,16,17,18,21,23>2,8,10,12,13,4,6,14,15,16,18
2,3,4,5,6,9,11,13,14,15,16,17,18,21,23>3,7,11,12,21,22,23,4,6,14,15,16,18
2,3,5,9,10,11,17,18,20,22>4,5,6,11,13,21,23,17,10,18,20
2,3,5,9,10,11,17,18,20,22>3,4,5,17,10,18,20
1,2,3,4,7,9,10,11,12,14,15,17,20,21>3,8,12,16,18,20,2,4,10,15,17,21
1,2,3,4,7,9,10,11,12,14,15,17,20,21>1,3,7,9,12,16,18,20,2,4,10,15,17,21
5,6,7,9,12,17,19,20,22>5,6,13,20,21,22,23,17,7
5,6,7,9,12,17,19,20,22>8,9,13,20,22,17,7
1,2,4,6,7,8,9,12,14,16,17,18,19,22,23>22,4,14,18,2,7,8,12,16,19,23
1,2,4,6,7,8,9,12,14,16,17,18,19,22,23>1,6,14,17,22,2,7,8,12,16,19,23
1,3,9,11,12,13,15,17,21,22>1,2,8,10,11,18,21,12,13,22
1,3,9,11,12,13,15,17,21,22>2,3,4,9,10,11,15,17,18,21,23,12,13,22
3,5,8,10,12,17,18,21,22,23>3,10,11,17,18,8,12,22,23
3,5,8,10,12,17,18,21,22,23>3,4,5,10,11,18,21,8,12,22,23
1,3,5,10,11,12,13,14,15,16,17,18,19,21,22>1,2,4,5,10,17,21,23,11,12,13,14,15,16,18,19,22
1,3,5,10,11,12,13,14,15,16,17,18,19,21,22>17,1,3,5,11,12,13,14,15,16,18,19,22
2,3,5,6,7,10,12,23>3,5,8,10,23,12,6,7
2,3,5,6,7,10,12,23>23,4,8,10,12,6,7
5,9,16,18,19,20,22>22,19,20
5,9,16,18,19,20,22>8,9,19,20
3,5,6,7,8,12,14,18,19,22>3,4,6,13,14,8,19,12,7
3,5,6,7,8,12,14,18,19,22>5,6,13,18,22,23,8,19,12,7
1,4,5,7,8,10,11,12,14,17,22>1,2,5,7,14,16,17,23,8,11,12
1,4,5,7,8,10,11,12,14,17,22>1,2,7,13,14,16,17,22,23,8,11,12
4,5,7,10,14,15,16,18,19,20,23>4,5,14,23,16,19,20,15
4,5,7,10,14,15,16,18,19,20,23>4,7,8,18,16,19,20,15
2,3,4,5,6,7,9,10,12,13,14,17,20,21,23>16,18,20,22,4,6,7,10,14,17,21
2,3,4,5,6,7,9,10,12,13,14,17,20,21,23>3,9,12,16,18,22,23,4,6,7,10,14,17,21
2,4,11,12,14,18,20,21,22,23>2,4,8,11,12,14,16,19,21,22,23
2,4,11,12,14,18,20,21,22,23>2,4,8,11,14,15,17,19,20,21,22,23
3,4,5,6,9,11,12,13,14,15,16,18,19,22>18,6,11,4,12,13,14,15,16,19
3,4,5,6,9,11,12,13,14,15,16,18,19,22>5,6,8,9,22,4,12,13,14,15,16,19
1,4,6,10,12,14,15,16,17,20,22>2,6,7,10,17,21,22,16,15
1,4,6,10,12,14,15,16,17,20,22>1,4,7,10,14,17,18,20,16,15
2,3,4,6,8,9,10,13,14,17,18,21,23>2,3,6,7,8,17,18,21,22,23,10,4,14
2,3,4,6,8,9,10,13,14,17,18,21,23>2,3,6,11,19,21,10,4,14
1,4,6,11,15,16,18,19,22>1,6,7,12,13,15,16,19
1,4,6,11,15,16,18,19,22>2,4,6,8,13,18,20,23,16,19
1,2,3,9,10,11,14,16,17,20,22>1,8,9,14,15,17,18,21,22,23,2,10,20
1,2,3,9,10,11,14,16,17,20,22>3,8,13,15,16,23,2,10,20
2,3,4,5,8,9,13,15,16,17,18,19,20,21,22>2,3,9,14,18,4,8,13,16,19,20,21,22
2,3,4,5,8,9,13,15,16,17,18,19,20,21,22>18,23,5,9,4,8,13,16,19,20,21,22
1,2,3,4,5,9,14,16,17,19,20,21>5,15,18,19,22,2,4,16,20,21
1,2,3,4,5,9,14,16,17,19,20,21>3,5,8,9,13,14,15,17,19,2,4,16,20,21
2,3,4,8,14,17,18,19,20,21,22>2,8,13,16,23,4,17,19,20,21,22
2,3,4,8,14,17,18,19,20,21,22>2,3,8,14,23,4,17,19,20,21,22
2,3,4,5,6,7,8,10,11,12,13,14,16,18,20,21,23>2,3,12,4,6,7,8,14,16,21
2,3,4,5,6,7,8,10,11,12,13,14,16,18,20,21,23>18,19,5,11,4,6,7,8,14,16,21
3,5,6,7,8,10,13,15,22>4,8,11,15,16,22,13,6,7
3,5,6,7,8,10,13,15,22>3,5,10,11,14,16,13,6,7
1,6,9,11,12,15,17,18,19,20,22,23>6,9,15,16,20,17,18,19,23
1,6,9,11,12,15,17,18,19,20,22,23>1,6,7,8,9,11,12,15,22,17,18,19,23
1,2,4,5,8,10,11,13,15,17,19,20,23>1,5,10,11,13,15,17,2,20
1,2,4,5,8,10,11,13,15,17,19,20,23>4,5,10,13,14,15,19,23,17,2,20
1,2,3,4,5,7,9,10,14,17,19,21,22>13,16,9,2,4,22
1,2,3,4,5,7,9,10,14,17,19,21,22>3,5,7,11,14,15,17,18,19,20,23,2,4,22
2,4,10,12,14,15,16,18,19,20,23>4,8,10,18,21,23,16,19,15
2,4,10,12,14,15,16,18,19,20,23>4,8,10,12,21,16,19,15
1,2,4,9,10,16,17,18,19,20,21,22>1,9,10,13,23,2,16,18,19,20,21,22
1,2,4,9,10,16,17,18,19,20,21,22>1,4,13,2,16,18,19,20,21,22
3,6,7,13,15,17,20,21,22,23>6,13,15,7,17,20,21,22,23
3,6,7,13,15,17,20,21,22,23>3,6,14,16,18,7,17,20,21,22,23
1,4,5,6,11,13,14,15,19,23>13,1,19,11,14,15
1,4,5,6,11,13,14,15,19,23>2,6,13,16,23,14,15
1,4,6,7,9,10,13,16,17,18,20,22>19,22,8,7,10,13,16,18,20
1,4,6,7,9,10,13,16,17,18,20,22>4,6,9,14,19,21,23,7,10,13,16,18,20
1,3,4,10,11,13,14,15,17,20,21,23>22,3,10,16,4,14,15,17,20,21
1,3,4,10,11,13,14,15,17,20,21,23>1,3,10,22,4,14,15,17,20,21
4,5,7,8,9,11,13,15,16,21,22,23>4,7,10,11,12,13,15,8,16,22,23
4,5,7,8,9,11,13,15,16,21,22,23>4,5,6,9,11,12,15,21,8,16,22,23
1,2,7,9,11,12,15,16,19,20,21>1,7,9,11,19,20,16,2,21
1,2,7,9,11,12,15,16,19,20,21>1,7,11,12,13,20,22,16,2,21
2,6,7,11,15,23>15,16,23,7
2,6,7,11,15,23>11,7
1,2,4,5,6,7,8,9,10,15,16,18,19,21,22,23>5,6,9,11,15,2,7,8,16,19,22,23
1,2,4,5,6,7,8,9,10,15,16,18,19,21,22,23>1,5,6,10,15,20,21,2,7,8,16,19,22,23
2,3,4,5,11,12,13,15,16,19,20,21,23>8,11,12,13,14,15,22,23,16,4,21
2,3,4,5,11,12,13,15,16,19,20,21,23>2,5,8,12,14,15,19,22,16,4,21
1,3,4,6,7,10,11,12,14,15,17,21,23>1,3,6,16,23,4,7,11,12,15
1,3,4,6,7,10,11,12,14,15,17,21,23>2,3,8,10,16,21,23,4,7,11,12,15
3,4,5,6,7,8,9,10,14,15,17,20,21,23>22,8,14,16,4,6,7,10,17,20,21
3,4,5,6,7,8,9,10,14,15,17,20,21,23>3,5,8,14,15,4,6,7,10,17,20,21
3,5,7,11,12,13,14,15,16,18,19,22,23>4,8,11,13,18,12,14,15,16,19,23
3,5,7,11,12,13,14,15,16,18,19,22,23>3,5,7,8,18,22,12,14,15,16,19,23
1,2,3,4,5,12,16,17,23>23,1,8,16,2,4,12
1,2,3,4,5,12,16,17,23>23,3,17,16,2,4,12
1,4,5,6,9,13,19,22,23>1,2,7,9,16,19,23
1,4,5,6,9,13,19,22,23>2,4,5,6,9,13,16,20,23
1,3,4,5,7,11,12,17,20,22,23>2,3,7,8,11,12,18,17,4,23
1,3,4,5,7,11,12,17,20,22,23>1,2,3,5,16,18,20,21,17,4,23
1,5,8,9,10,12,17,19,22,23>19,22,9,10,8,12,23
1,5,8,9,10,12,17,19,22,23>2,5,9,10,17,8,12,23
5,6,7,9,10,13,14,16,17,18,20,21,22>23,5,16,19,6,7,10,13,14,18,20,21,22
5,6,7,9,10,13,14,16,17,18,20,21,22>5,15,17,6,7,10,13,14,18,20,21,22
1,2,6,7,9,10,11,14,21,23>23,1,11,2,10,7
1,2,6,7,9,10,11,14,21,23>6,9,15,11,2,10,7
1,3,7,8,12,13,14,15,16,20,22>1,3,4,7,12,23,8,16,13,14
1,3,7,8,12,13,14,15,16,20,22>1,2,3,4,12,21,23,8,16,13,14
1,3,6,7,8,10,11,13,14,17,23>2,4,6,8,11,14,7
1,3,6,7,8,10,11,13,14,17,23>1,2,3,4,10,13,17,11,14,7
1,2,4,7,8,9,12,16,21,22>9,10,13,21,23,2,8,12,16,22
1,2,4,7,8,9,12,16,21,22>4,10,13,21,2,8,12,16,22
2,3,4,5,7,8,15,18,19,21,22,23>2,7,15,16,18,21,19,4,22,23
2,3,4,5,7,8,15,18,19,21,22,23>18,3,8,19,4,22,23
3,6,9,11,12,13,15,17,20,21,22,23>4,8,10,11,14,17,21,22,23
3,6,9,11,12,13,15,17,20,21,22,23>6,7,8,11,12,18,20,17,21,22,23
2,4,5,7,8,9,11,12,16,17,20,21,22,23>2,5,7,11,12,20,8,16,21,22,23
2,4,5,7,8,9,11,12,16,17,20,21,22,23>2,4,5,6,20,8,16,21,22,23
4,6,8,9,13,19>6,20,13
4,6,8,9,13,19>4,6,8,14,16,20
1,2,11,13,14,15,16,19,21,23>23,12,13,16,2,14,15
1,2,11,13,14,15,16,19,21,23>1,8,11,13,20,21,22,16,2,14,15
4,8,9,12,14,20,21,22,23>4,9,16,8,21,22,23
4,8,9,12,14,20,21,22,23>20,10,17,8,21,22,23
1,2,3,5,6,7,9,15,18,19,21,22,23>1,4,15,16,18,20,2,7,19,22,23
1,2,3,5,6,7,9,15,18,19,21,22,23>1,4,9,16,20,2,7,19,22,23
1,4,6,9,10,16,17,18,22>6,8,11,12,22,23,16,10,18
1,4,6,9,10,16,17,18,22>1,2,4,7,17,19,22,16,10,18
2,6,7,8,11,12,13,15,17,21,22>21,11,14,7,8,12,13,22
2,6,7,8,11,12,13,15,17,21,22>2,6,11,16,17,7,8,12,13,22
2,5,10,11,13,16,18,21,22>5,12,14,19,21,23,11,13,22
2,5,10,11,13,16,18,21,22>5,6,16,18,19,11,13,22
1,3,7,8,9,10,11,12,16,19,21>19,21,22,8,11,12
1,3,7,8,9,10,11,12,16,19,21>1,2,3,7,9,16,19,8,11,12
3,4,7,8,9,10,12,13,14,15,16,17,19,20>3,7,19,20,21,4,8,13,14,16
3,4,7,8,9,10,12,13,14,15,16,17,19,20>7,9,12,17,21,4,8,13,14,16
2,3,6,8,10,11,12,13,18,19,20,22,23>6,7,11,12,14,20,21,8,19,23
2,3,6,8,10,11,12,13,18,19,20,22,23>4,7,10,14,17,20,22,8,19,23
1,2,3,4,6,7,8,9,13,16,17,19,20,22,23>19,22,13,17,2,4,7,8,16,20,23
1,2,3,4,6,7,8,9,13,16,17,19,20,22,23>21,3,2,4,7,8,16,20,23
2,8,9,14,15,18,20,21>2,8,10,13,14,19,20,21
2,8,9,14,15,18,20,21>9,14,15,18,19,22,20,21
1,6,7,10,11,13,14,17,20,21,23>10,11,13,15,18,22,7,14,17,20,21
1,6,7,10,11,13,14,17,20,21,23>1,2,6,11,18,7,14,17,20,21
3,4,5,6,9,12,14,17>3,5,8,9,15,18,4,12,6
3,4,5,6,9,12,14,17>7,8,13,14,15,18,4,12,6
2,4,5,6,7,9,10,11,13,15,16,17,18,19,20,21>11,4,17,8,7,13,16,18,19,20,21
2,4,5,6,7,9,10,11,13,15,16,17,18,19,20,21>4,6,10,14,15,22,7,13,16,18,19,20,21
1,4,6,8,9,10,11,14,15,16,18,22>1,2,6,7,9,13,19,22,23,8,16,10,11
1,4,6,8,9,10,11,14,15,16,18,22>4,6,7,9,12,14,15,19,22,8,16,10,11
8,19,13>8,13
8,19,13>13,14,20
1,3,4,10,11,12,13,14,16,17,20,22,23>1,2,11,13,15,17,18,22,16,4,14,23
1,3,4,10,11,12,13,14,16,17,20,22,23>3,8,10,11,12,15,20,21,16,4,14,23
1,3,4,7,8,9,13,16,17,18,19,21,22>1,14,4,8,13,16,19,22
1,3,4,7,8,9,13,16,17,18,19,21,22>2,3,12,17,21,23,4,8,13,16,19,22
2,5,6,8,12,13,14,20,21>7,12,17,6,8,13,14,21
2,5,6,8,12,13,14,20,21>2,7,20,22,6,8,13,14,21
1,3,5,6,9,10,11,12,14,15,16,20,22,23>9,12,5,7,6,10,15,16,23
1,3,5,6,9,10,11,12,14,15,16,20,22,23>1,3,11,12,14,21,22,6,10,15,16,23
8,10,11,12,16,17,18,19,20,21,22,23>17,18,20,8,19,21,22,23
8,10,11,12,16,17,18,19,20,21,22,23>10,11,16,20,8,19,21,22,23
1,3,5,7,8,10,11,14,15,17,22>1,4,5,6,13,15,16,17,23,11
1,3,5,7,8,10,11,14,15,17,22>1,2,3,7,10,13,14,15,16,17,22,11
3,4,6,7,8,9,11,15,17,20,22>10,11,15,16,21,22,23,17,4,20,7
3,4,6,7,8,9,11,15,17,20,22>6,9,10,11,16,22,23,17,4,20,7
2,3,6,8,11,13,16,18,19,20,21,23>4,7,11,13,22,8,19,20,21
2,3,6,8,11,13,16,18,19,20,21,23>3,4,6,11,18,22,23,8,19,20,21
2,3,10,11,12,14,16,18,19,22>4,8,13,15,23,19,11,12
2,3,10,11,12,14,16,18,19,22>2,3,4,13,14,22,23,19,11,12
4,5,6,7,9,13,15,16,17,18,22>9,12,14,15,17,6,7,13,16,18
4,5,6,7,9,13,15,16,17,18,22>5,14,15,17,19,23,6,7,13,16,18
1,5,6,7,8,11,12,19,20,21,23>6,12,17,19,20,8,21,7
1,5,6,7,8,11,12,19,20,21,23>1,2,6,11,19,23,8,21,7
1,3,5,6,8,10,11,12,13,18,19,21,23>1,13,14,18,23,8,19,11,12
1,3,5,6,8,10,11,12,13,18,19,21,23>1,3,5,6,7,14,21,8,19,11,12
3,5,7,9,10,11,14,18,19,23>3,4,7,14,18,20,23,19,11
3,5,7,9,10,11,14,18,19,23>3,4,5,7,9,10,15,20,23,19,11
1,2,3,4,6,7,10,11,12,13,15,16,17,20,23>3,6,8,11,12,15,21,16,2,4,7
1,2,3,4,6,7,10,11,12,13,15,16,17,20,23>1,3,6,8,10,11,15,18,20,21,16,2,4,7
3,5,6,7,8,10,11,12,15,18,20,21,22>5,10,11,12,15,16,18,19,20,23,6,7,8,21,22
3,5,6,7,8,10,11,12,15,18,20,21,22>3,4,5,11,13,15,17,18,19,20,23,6,7,8,21,22
2,7,8,11,12,13,16,20,21,22>2,11,14,16,8,21,13,22
2,7,8,11,12,13,16,20,21,22>2,7,11,12,23,8,21,13,22
2,3,4,5,6,7,9,11,15,16,18,21>2,8,9,12,15,18,19,22,16,4,6,7
2,3,4,5,6,7,9,11,15,16,18,21>2,3,5,8,9,10,13,15,16,4,6,7
1,2,3,5,7,13,14,18,19,20,21>5,7,17,2,13,14,19,20,21
1,2,3,5,7,13,14,18,19,20,21>3,4,7,18,22,2,13,14,19,20,21
1,6,7,9,10,13,14,16,17,18,19,21,23>2,8,9,12,15,16,17,20,21,22,18,19,14,7
1,6,7,9,10,13,14,16,17,18,19,21,23>2,6,12,13,15,17,20,21,22,23,18,19,14,7
1,2,4,5,6,7,8,9,11,14,16,18,20,21,22,23>5,10,11,18,19,2,6,7,8,16,20,21,22,23
1,2,4,5,6,7,8,9,11,14,16,18,20,21,22,23>1,4,5,9,19,2,6,7,8,16,20,21,22,23
2,3,6,7,8,10,11,12,14,15,17,19,23>3,6,10,14,17,8,11,12,7
2,3,6,7,8,10,11,12,14,15,17,19,23>2,3,4,10,15,16,17,19,23,8,11,12,7
2,6,8,10,11,12,14,17,18,19,22,23>22,2,10,14,8,11,12,19,23
2,6,8,10,11,12,14,17,18,19,22,23>7,14,17,8,11,12,19,23
5,12,13,18,19,20,22,23>20,8,22,17,19,23
5,12,13,18,19,20,22,23>5,12,13,18,20,21,22,19,23
1,7,8,10,12,13,14,16,18,22,23>10,11,13,18,19,22,8,12,14,23
1,7,8,10,12,13,14,16,18,22,23>2,22,10,11,8,12,14,23
3,5,7,8,11,12,13,17,18,20>3,6,7,12,18,19,21,8,17,13
3,5,7,8,11,12,13,17,18,20>3,4,5,6,7,12,14,20,21,8,17,13
1,5,6,8,9,11,12,13,14,15,18,22>7,9,16,18,23,6,8,12,13,14
1,5,6,8,9,11,12,13,14,15,18,22>2,10,15,16,18,22,23,6,8,12,13,14
2,7,9,10,12,13,19,22,23>14,7,9,13,12,23
2,7,9,10,12,13,19,22,23>7,8,9,10,22,12,23
1,2,4,6,7,9,11,12,13,18,19,20,22,23>1,9,11,12,16,2,19,23,7
1,2,4,6,7,9,11,12,13,18,19,20,22,23>4,9,14,16,17,18,21,2,19,23,7
2,3,6,8,11,12,14,15,16,19,20,21,22,23>2,19,20,6,8,16,21,22,23
2,3,6,8,11,12,14,15,16,19,20,21,22,23>2,3,14,15,20,8,16,21,22,23
2,3,4,10,12,13,14,16,18,19,20,23>21,23,12,16,19,4,14
2,3,4,10,12,13,14,16,18,19,20,23>2,12,13,16,19,4,14
5,6,9,10,11,14,15,16,21,22,23>7,9,14,6,10,11,15,16,22,23
5,6,9,10,11,14,15,16,21,22,23>5,7,12,14,21,6,10,11,15,16,22,23
1,2,3,4,5,6,7,9,10,11,15,16,18,19,22>5,8,9,10,18,2,4,7,11,16,19
1,2,3,4,5,6,7,9,10,11,15,16,18,19,22>5,8,9,13,18,20,23,2,4,7,11,16,19
1,2,4,5,6,7,9,12,14,16,17,22>4,5,8,9,13,14,17,18,22,23,2,6,7,12,16
1,2,4,5,6,7,9,12,14,16,17,22>1,4,5,10,13,18,22,23,2,6,7,12,16
3,4,7,10,13,14,16>3,7,8,12,15,16,4,13,14
3,4,7,10,13,14,16>3,7,8,10,11,15,16,4,13,14
4,5,10,11,16,17>5,10,12,16,11
4,5,10,11,16,17>4,5,10,13,17,18,16,11
3,4,5,6,7,8,10,14,15,16,17,19,20,22>3,22,10,19,4,7,8,16,20
3,4,5,6,7,8,10,14,15,16,17,19,20,22>3,5,10,13,4,7,8,16,20
1,3,4,5,7,9,10,11,12,13,15,20>1,2,5,6,9,11,12,21,10,4,13
1,3,4,5,7,9,10,11,12,13,15,20>1,3,5,6,7,8,12,16,17,21,10,4,13
1,4,7,8,9,11,12,13,14,21,22>1,7,21,8,12,13,14,22
1,4,7,8,9,11,12,13,14,21,22>1,2,7,9,10,11,16,23,8,12,13,14,22
3,5,6,7,10,12,15,16,19,20,21,23>4,6,8,12,15,19,20,23,16,21,7
3,5,6,7,10,12,15,16,19,20,21,23>3,5,6,8,10,12,15,19,23,16,21,7
8,9,10,11,13,14,16,18,19,20,21,22,23>10,13,16,18,8,14,19,20,21,22,23
8,9,10,11,13,14,16,18,19,20,21,22,23>9,10,11,18,8,14,19,20,21,22,23
2,4,5,6,8,12,13,14,15,17,18,20,22>4,5,12,16,20,21,23,6,8,13,14,17
2,4,5,6,8,12,13,14,15,17,18,20,22>2,4,5,7,12,16,18,22,23,6,8,13,14,17
1,2,3,4,9,10,11,13,14,15,17,19,22>1,3,10,16,18,19,23,2,4,11,13,14,15
1,2,3,4,9,10,11,13,14,15,17,19,22>1,3,9,17,19,20,23,2,4,11,13,14,15
1,2,3,4,8,9,12,13,14,18,20>9,16,17,18,20,21,2,4,8,13,14
1,2,3,4,8,9,12,13,14,18,20>3,9,10,17,20,2,4,8,13,14
6,7,9,15,16,17,18,22>12,15,17,19,22,23,16,18,7
6,7,9,15,16,17,18,22>9,12,17,19,22,16,18,7
4,7,8,9,16,17,18,22,23>19,22,10,12,8,16,23
4,7,8,9,16,17,18,22,23>19,4,12,18,8,16,23
8,9,11,14,15,16,17,21,22>10,23,13,15,8,16,22
8,9,11,14,15,16,17,21,22>17,9,11,8,16,22
1,2,4,7,10,11,12,14,15,17,20,22>1,10,11,13,18,20,21,23,17,2,15
1,2,4,7,10,11,12,14,15,17,20,22>1,4,7,11,12,14,16,18,20,22,23,17,2,15
1,2,3,11,12,16,17,20,21,22>1,12,13,18,20,2,21,22
1,2,3,11,12,16,17,20,21,22>1,3,4,11,12,13,16,2,21,22
1,2,4,5,6,7,11,12,13,15,18,20,23>11,12,15,18,20,21,2,6,7
1,2,4,5,6,7,11,12,13,15,18,20,23>4,5,11,12,13,14,15,16,18,21,23,2,6,7
4,5,6,9,12,13,14,15,16,18,19,21,22,23>7,8,12,14,15,16,19,22,23
4,5,6,9,12,13,14,15,16,18,19,21,22,23>4,6,8,21,12,14,15,16,19,22,23
2,4,7,8,9,10,13,14,16,19,20,23>2,9,10,19,8,16,20,14
2,4,7,8,9,10,13,14,16,19,20,23>4,7,13,19,8,16,20,14
2,3,7,9,12,14,15,17,19,23>16,2,9,14,12,15
2,3,7,9,12,14,15,17,19,23>2,3,8,9,17,19,12,15
1,2,4,5,6,7,8,9,13,15,19,20,21>4,8,14,16,17,19,2,7,13,20,21
1,2,4,5,6,7,8,9,13,15,19,20,21>1,5,9,14,16,19,2,7,13,20,21
3,4,5,7,8,11,12,13,18,19,23>18,23,13,14,8,19,4,12
3,4,5,7,8,11,12,13,18,19,23>5,7,14,16,8,19,4,12
1,6,8,9,10,12,13,17,21,23>1,9,11,13,21,8,10,12
1,6,8,9,10,12,13,17,21,23>17,6,7,9,8,10,12
3,4,6,7,8,9,10,11,12,16,17,18,22,23>3,19,22,4,7,8,10,11,12,16,23
3,4,6,7,8,9,10,11,12,16,17,18,22,23>6,9,17,19,4,7,8,10,11,12,16,23
5,7,8,11,12,22>11,13,22,8,12
5,7,8,11,12,22>7,13,8,12
4,7,8,14,20,23>4,14,16,17,20
4,7,8,14,20,23>4,8,14,16,20
1,3,5,6,8,11,12,13,14,15,16,18>2,4,7,11,15,18,19,6,8,12,13,14,16
1,3,5,6,8,11,12,13,14,15,16,18>1,3,5,11,18,19,6,8,12,13,14,16
1,10,11,15,16,20,23>2,10,11,15,21,16,20
1,10,11,15,16,20,23>23,2,8,11,16,20
1,3,4,7,10,11,13,15,19,21>1,2,7,10,14,15,16,11,4,13
1,3,4,7,10,11,13,15,19,21>19,3,10,11,4,13
5,6,8,9,11,12,13,16,17,18,19,20,21,22>17,18,7,9,8,13,19,21,22
5,6,8,9,11,12,13,16,17,18,19,20,21,22>5,6,7,12,14,8,13,19,21,22
1,8,9,12,18,19,22,23>1,2,18,8,19,12,23
1,8,9,12,18,19,22,23>2,9,22,8,19,12,23
3,5,6,11,12,13,15,17,20,21,22>5,8,11,12,14,15,16,20,23,6,13,17,21,22
3,5,6,11,12,13,15,17,20,21,22>3,4,5,7,8,11,14,18,23,6,13,17,21,22
2,3,5,6,7,8,12,14,15,16,17,21,22>5,13,14,21,23,6,7,8,12,16,22
2,3,5,6,7,8,12,14,15,16,17,21,22>2,4,5,13,21,6,7,8,12,16,22
4,5,8,9,11,15,16,17,19,21,22>9,12,15,8,16,22
4,5,8,9,11,15,16,17,19,21,22>4,9,11,12,13,17,20,21,23,8,16,22
2,3,4,6,7,9,12,14,15,16,18,22>22,6,9,10,4,7,12,15,16
2,3,4,6,7,9,12,14,15,16,18,22>2,6,8,10,13,19,22,23,4,7,12,15,16
2,3,4,5,7,10,12,13,14,16,18,19,20,21,22,23>13,18,8,4,14,16,19,21,22,23
2,3,4,5,7,10,12,13,14,16,18,19,20,21,22,23>2,8,10,12,15,4,14,16,19,21,22,23
2,7,8,9,12,16,17,23>2,7,16,17,8,12
2,7,8,9,12,16,17,23>9,17,8,12
1,3,5,7,10,11,12,16,19,20,23>1,2,5,10,11,12,23
1,3,5,7,10,11,12,16,19,20,23>2,3,8,12,20,23
3,4,6,7,8,14,15,16,17,19,23>3,6,17,19,20,8,16,4,7
3,4,6,7,8,14,15,16,17,19,23>6,12,15,8,16,4,7
4,5,8,9,10,11,12,17,18,19>4,10,13,16,17,8,19,11,12
4,5,8,9,10,11,12,17,18,19>4,5,10,8,19,11,12
2,4,6,9,10,12,16,17,18,21,22,23>7,8,9,11,10,12,16,18,22,23
2,4,6,9,10,12,16,17,18,21,22,23>17,6,9,10,12,16,18,22,23
1,3,5,9,10,13,16,22,23>5,11,12,14,16,10,23
1,3,5,9,10,13,16,22,23>1,8,11,16,22,10,23
2,3,5,9,11,12,17,18,19,22,23>17,22,3,11,18,19,12,23
2,3,5,9,11,12,17,18,19,22,23>3,4,5,17,22,18,19,12,23
2,3,4,6,7,8,9,10,14,15,17,18,21,22>2,3,8,13,14,19,10,4,22,7
2,3,4,6,7,8,9,10,14,15,17,18,21,22>2,3,6,8,9,14,16,18,23,10,4,22,7
3,5,6,7,10,13,14,15,18,19,20,21>4,16,17,18,22,7,13,14,15,19,20,21
3,5,6,7,10,13,14,15,18,19,20,21>5,6,16,18,22,7,13,14,15,19,20,21
1,3,4,5,9,10,11,12,14,20,22,23>3,5,16,20,21,10,4,23
1,3,4,5,9,10,11,12,14,20,22,23>1,3,8,15,20,22,10,4,23
6,7,9,13,15,17,18,19,20,21,23>23,14,15,22,7,17,18,19,20,21
6,7,9,13,15,17,18,19,20,21,23>9,13,22,7,17,18,19,20,21
1,5,7,9,11,12,14,15,16,20,21,22,23>1,2,5,6,7,8,11,15,16,21,22,23
1,5,7,9,11,12,14,15,16,20,21,22,23>1,2,5,7,9,15,16,21,22,23
4,7,8,9,10,11,12,13,14,15,17,18,21,22,23>4,15,16,17,18,19,8,10,11,12,14,22,23
4,7,8,9,10,11,12,13,14,15,17,18,21,22,23>4,7,13,15,8,10,11,12,14,22,23
1,2,5,6,8,12,13,14,16,17,20,22,23>1,12,13,16,20,21,2,6,8,14,23
1,2,5,6,8,12,13,14,16,17,20,22,23>1,7,12,16,17,21,22,2,6,8,14,23
4,5,6,7,8,9,11,18,22>22,19,8,9,6,7
4,5,6,7,8,9,11,18,22>4,8,9,11,13,16,18,22,6,7
3,4,5,9,10,11,12,17,18,20,21,22,23>3,6,8,9,12,20,4,10,17,18,21,22,23
3,4,5,9,10,11,12,17,18,20,21,22,23>3,6,9,11,12,4,10,17,18,21,22,23
3,5,10,12,13,16,18,20,22,23>3,6,8,13,16,20,23
3,5,10,12,13,16,18,20,22,23>4,10,13,14,16,19,21,22,23
6,7,9,10,11,15,16,18,19,20,21,23>6,8,11,15,18,23,7,16,19,20,21
6,7,9,10,11,15,16,18,19,20,21,23>22,6,9,10,7,16,19,20,21
1,4,6,8,9,12,13,15,17,20>1,2,16,10,8,17,13
1,4,6,8,9,12,13,15,17,20>2,4,6,9,10,16,8,17,13
1,2,3,4,9,13,20,21,22,23>3,10,13,2,4,20,21,22,23
1,2,3,4,9,13,20,21,22,23>1,9,13,16,17,2,4,20,21,22,23
3,5,6,8,9,10,14,16,17,21,22>3,4,9,12,14,21,8,10,6,22
3,5,6,8,9,10,14,16,17,21,22>3,5,7,12,14,17,8,10,6,22
2,3,5,8,11,13,18,20,21>3,6,8,19,22,21,20,13
2,3,5,8,11,13,18,20,21>2,3,4,6,18,19,21,20,13
1,3,5,6,7,8,9,13,17,18,21>1,8,9,10,18,19,21,13,6,7
1,3,5,6,7,8,9,13,17,18,21>1,2,5,8,14,17,19,22,13,6,7
1,5,9,10,11,12,15,17,21,22>2,6,8,15,16,17,10,11,12,22
1,5,9,10,11,12,15,17,21,22>2,5,17,18,23,10,11,12,22
3,4,5,7,9,10,16,19,20,22,23>3,9,10,19,21,22,16,4,20,23
3,4,5,7,9,10,16,19,20,22,23>3,5,8,19,16,4,20,23
1,6,7,8,10,11,14,19,22>8,10,14,19,20,22,23,11,7
1,6,7,8,10,11,14,19,22>1,2,6,8,10,14,19,20,23,11,7
2,3,5,6,7,10,12,13,14,19,20,23>2,5,6,8,13,17,21,23,14,7
2,3,5,6,7,10,12,13,14,19,20,23>4,5,8,10,12,13,17,19,20,21,14,7
3,5,8,9,10,12,13,15,17,19,20,21>15,22,10,8,17,21,13
3,5,8,9,10,12,13,15,17,19,20,21>5,9,10,14,15,16,8,17,21,13
2,3,5,6,7,8,10,11,14,15,16,17,18,22,23>4,10,15,17,18,22,6,7,8,11,16,23
2,3,5,6,7,8,10,11,14,15,16,17,18,22,23>3,4,5,14,18,22,6,7,8,11,16,23
2,4,5,7,8,9,12,13,15,16,17,19,21,22,23>5,9,13,17,19,8,12,16,22,23
2,4,5,7,8,9,12,13,15,16,17,19,21,22,23>4,5,7,14,15,19,8,12,16,22,23
3,8,11,16,17,18,22,23>4,11,16,17,18,19,8,23
3,8,11,16,17,18,22,23>3,4,11,16,19,22,8,23
2,3,4,5,6,7,8,9,10,12,13,20,21,22>17,23,9,4,6,7,8,10,13,21,22
2,3,4,5,6,7,8,9,10,12,13,20,21,22>2,3,9,12,16,23,4,6,7,8,10,13,21,22
1,6,11,15,21,23>23,7,16
1,6,11,15,21,23>2,7,11,15,23
3,6,7,9,10,12,13,14,15,23>8,9,11,13,7,10,12,14,15
3,6,7,9,10,12,13,14,15,23>3,9,13,16,23,7,10,12,14,15
1,2,4,5,10,11,12,14,16,21,23>21,4,22,8,16,2,11,12
1,2,4,5,10,11,12,14,16,21,23>1,4,14,21,22,23,16,2,11,12
7,8,11,12,19,20,22>21,22,17,19,8
7,8,11,12,19,20,22>21,20,8
5,10,11,14,15,19,20>19,21,13,17,20,15
5,10,11,14,15,19,20>10,11,13,14,17,19,20,15
1,2,3,7,8,9,11,13,14,15,19,20,21,22>15,17,23,9,2,13,14,20,21,22
1,2,3,7,8,9,11,13,14,15,19,20,21,22>1,3,4,7,9,15,16,2,13,14,20,21,22
8,9,15,17,18,19,21,23>8,19
8,9,15,17,18,19,21,23>9,16,17,20,22,23,19
1,6,7,8,10,11,12,15,16,18,19,20,21>6,12,13,15,18,22,7,8,16,19,21
1,6,7,8,10,11,12,15,16,18,19,20,21>22,2,6,11,7,8,16,19,21
1,4,5,8,10,13,15,19,21>1,5,10,14,19,22
1,4,5,8,10,13,15,19,21>1,2,4,5,8,10,11,20,21
1,2,4,5,7,9,12,13,17,18,19,20,23>1,4,7,8,9,13,19,17,2,18
1,2,4,5,7,9,12,13,17,18,19,20,23>5,13,14,16,20,19,17,2,18
2,3,6,7,9,10,11,13,14,16,18,21,23>6,13,18,19,23,10,11,14,7
2,3,6,7,9,10,11,13,14,16,18,21,23>4,6,9,16,18,21,10,11,14,7
2,4,5,7,13,14,17>4,6,7,17,18,13,14
2,4,5,7,13,14,17>2,5,6,7,15,17,18,13,14
1,2,3,4,5,6,7,8,10,12,13,16,19,22,23>1,5,11,2,4,7,8,12,16,23
1,2,3,4,5,6,7,8,10,12,13,16,19,22,23>3,5,6,11,13,2,4,7,8,12,16,23
2,3,4,5,6,7,9,10,11,14,17,19>6,9,10,13,15,17,18,11,4,7
2,3,4,5,6,7,9,10,11,14,17,19>2,3,5,19,11,4,7
3,7,8,11,12,13,17,18,21,22>19,21,23,11,8,12,13,22
3,7,8,11,12,13,17,18,21,22>3,23,7,21,8,12,13,22
2,4,6,8,9,14,15,17,18,20,21,22>14,4,16,23,17,20,21,22
2,4,6,8,9,14,15,17,18,20,21,22>6,8,9,10,15,16,19,23,17,20,21,22
1,4,5,7,8,9,10,11,12,13,14,17,20,21>2,5,6,11,16,8,10,13,14,17,21
1,4,5,7,8,9,10,11,12,13,14,17,20,21>2,4,6,9,12,20,22,8,10,13,14,17,21
1,3,4,5,6,8,9,12,13,14,16,19,21,22,23>1,19,7,9,4,8,12,14,16,22,23
1,3,4,5,6,8,9,12,13,14,16,19,21,22,23>2,3,7,9,13,4,8,12,14,16,22,23
1,2,7,9,10,12,14,19,20,21,22,23>1,7,9,12,14,17,19,2,21,22,23
1,2,7,9,10,12,14,19,20,21,22,23>1,7,10,12,14,17,2,21,22,23
1,2,3,4,5,6,7,9,12,18,19,22>1,3,6,8,13,16,22,23,2,4,7,12,19
1,2,3,4,5,6,7,9,12,18,19,22>1,3,5,9,13,18,23,2,4,7,12,19
1,3,4,5,6,10,11,13,16,18,20,22,23>2,7,11,13,14,18,21,4,6,16,20,23
1,3,4,5,6,10,11,13,16,18,20,22,23>1,2,3,5,7,10,11,21,4,6,16,20,23
3,4,6,8,13,14,15,19,20,21>3,8,15,16,17,19,21,4,20,14
3,4,6,8,13,14,15,19,20,21>6,7,8,13,15,22,21,4,20,14
2,4,5,7,9,12,14,16,19,20,21,22,23>4,5,7,9,14,16,21,22,23
2,4,5,7,9,12,14,16,19,20,21,22,23>4,5,7,15,19,16,21,22,23
1,2,3,6,8,9,10,12,14,18,20,22,23>17,21,7,22,8,2,10,23
1,2,3,6,8,9,10,12,14,18,20,22,23>3,9,12,14,17,20,8,2,10,23
4,5,6,7,16,17,18,19,20>17,21,7,16,18,19,20
4,5,6,7,16,17,18,19,20>6,8,17,7,16,18,19,20
1,3,6,10,11,15,16,17,19,22,23>17,20,16,11,23
1,3,6,10,11,15,16,17,19,22,23>2,3,4,6,7,8,10,12,15,17,18,19,16,11,23
3,5,6,7,10,13,18,20,21,22>19,3,23,18,6,7,13,20,21,22
3,5,6,7,10,13,18,20,21,22>3,4,10,14,6,7,13,20,21,22
1,2,3,4,5,7,8,9,10,12,15,16,19,20,21,22,23>5,7,9,15,19,2,4,8,16,21,22,23
1,2,3,4,5,7,8,9,10,12,15,16,19,20,21,22,23>1,5,7,9,15,20,2,4,8,16,21,22,23
4,5,6,10,12,13,14,15,16,17,18,19,22,23>4,5,8,11,17,12,14,15,16,18,19,23
4,5,6,10,12,13,14,15,16,17,18,19,22,23>6,7,11,13,17,22,12,14,15,16,18,19,23
1,2,3,9,10,11,12,13,14,15,16,18,21,22,23>3,8,13,18,2,10,11,12,14,15,16,22,23
1,2,3,9,10,11,12,13,14,15,16,18,21,22,23>4,8,18,2,10,11,12,14,15,16,22,23
1,2,6,9,12,17,18,20,22>1,9,12,19,21,23,17,2,18
1,2,6,9,12,17,18,20,22>1,6,7,9,21,22,17,2,18
6,9,10,11,12,13,14,15,16,18,19,20>7,9,12,18,21,13,14,15,16,19
6,9,10,11,12,13,14,15,16,18,19,20>6,8,10,11,13,14,15,16,19
3,6,9,11,12,13,16,17,22,23>4,8,11,13,17,18,12,23
3,6,9,11,12,13,16,17,22,23>3,4,8,9,10,13,14,18,22,12,23
1,2,3,5,10,11,13,21,23>1,3,6,13,14,2,11
1,2,3,5,10,11,13,21,23>1,3,4,5,6,10,14,21,22,2,11
1,4,7,8,9,10,13,14,17,20,21,22,23>16,1,8,13,10,14,17,20,21,22,23
1,4,7,8,9,10,13,14,17,20,21,22,23>2,4,7,9,10,14,17,20,21,22,23
2,4,6,8,12,14,16,17,19,20>19,4,13,8,16
2,4,6,8,12,14,16,17,19,20>2,4,7,12,14,17,21,8,16
2,5,6,9,10,12,13,15,16,18,20,23>8,15,18,19,20,21,16,10,6
2,5,6,9,10,12,13,15,16,18,20,23>2,5,12,14,20,23,16,10,6
1,2,3,5,7,10,12,16,17,18,20,23>1,3,5,7,8,12,19,21,23,2,18
1,2,3,5,7,10,12,16,17,18,20,23>1,3,4,5,6,12,16,20,21,2,18
1,3,4,9,10,13,14,15,19,20,23>10,13,16,17,21,4,20,14,15
1,3,4,9,10,13,14,15,19,20,23>2,3,9,13,17,4,20,14,15
1,2,3,4,5,6,12,14,16,17,18,20,22,23>5,7,14,17,20,21,2,4,6,16,18,23
1,2,3,4,5,6,12,14,16,17,18,20,22,23>3,5,8,14,20,21,2,4,6,16,18,23
2,4,6,11,12,15,16,18>4,6,11,13,16,12
2,4,6,11,12,15,16,18>4,6,8,13,15,19,16,12
2,8,10,11,14,15,16,19,20,21>10,13,14,15,8,16,20,21
2,8,10,11,14,15,16,19,20,21>2,11,8,16,20,21
3,10,11,13,15,17,21,23>10,13,14,17,21,22,23,11
3,10,11,13,15,17,21,23>3,4,10,13,14,17,18,22,11
1,3,5,8,10,14,15,20,23>1,2,3,4,6,8,10,16,23,20
1,3,5,8,10,14,15,20,23>1,2,3,6,17,20
1,2,3,4,5,6,8,9,10,13,14,15,18,19,23>1,3,6,10,13,16,18,20,2,19,4,14
1,2,3,4,5,6,8,9,10,13,14,15,18,19,23>1,3,5,6,7,11,13,15,16,20,23,2,19,4,14
2,3,4,9,12,17,18,19,20,21,22,23>3,9,16,20,4,17,18,19,21,22,23
2,3,4,9,12,17,18,19,20,21,22,23>2,8,9,16,4,17,18,19,21,22,23
4,5,6,9,10,12,15,16,17,18,21,22,23>4,15,17,19,21,6,10,12,16,18,22,23
4,5,6,9,10,12,15,16,17,18,21,22,23>5,9,15,19,21,6,10,12,16,18,22,23
1,5,6,7,8,11,13,16,19,20,22>1,22,23,14,8,20,13,7
1,5,6,7,8,11,13,16,19,20,22>5,11,14,16,19,22,8,20,13,7
2,3,4,5,7,9,10,11,14,15,16,20,21,22,23>11,2,3,6,4,10,15,16,20,21,22,23
2,3,4,5,7,9,10,11,14,15,16,20,21,22,23>5,6,8,9,4,10,15,16,20,21,22,23
1,2,4,5,6,7,11,14,16,21,22,23>1,5,11,12,14,21,2,6,7,16,22,23
1,2,4,5,6,7,11,14,16,21,22,23>1,4,5,11,12,2,6,7,16,22,23
1,2,3,4,8,10,11,12,13,14,16,18,21,22,23>1,3,13,21,2,4,8,11,12,14,16,22,23
1,2,3,4,8,10,11,12,13,14,16,18,21,22,23>3,10,13,2,4,8,11,12,14,16,22,23
3,4,6,8,9,10,17,18,20,22,23>19,6,9,16,4,10,17,20,23
3,4,6,8,9,10,17,18,20,22,23>6,8,9,18,19,22,4,10,17,20,23
1,2,3,4,6,7,8,9,13,15,17,18,19,20,23>3,9,15,16,18,21,2,4,7,17,19,20
1,2,3,4,6,7,8,9,13,15,17,18,19,20,23>6,8,9,15,23,2,4,7,17,19,20
1,3,8,9,11,13,14,15,19,22>1,2,4,8,11,15,13,14
1,3,8,9,11,13,14,15,19,22>1,2,3,4,8,16,20,23,13,14
1,6,8,12,14,16,17,20,21,23>17,20,22,16,8,21
1,6,8,12,14,16,17,20,21,23>2,7,12,14,16,17,20,23,8,21
1,2,3,4,5,6,9,10,14,15,16,21,23>7,23,11,2,4,6,10,15,16
1,2,3,4,5,6,9,10,14,15,16,21,23>1,5,7,8,9,12,23,2,4,6,10,15,16
2,3,4,5,6,8,9,10,11,13,19,22>3,6,9,19,20,22,11,4,13
2,3,4,5,6,8,9,10,11,13,19,22>3,5,6,9,10,19,20,11,4,13
1,2,3,4,10,11,15,16,20,21,22>1,3,10,15,2,4,16,20,21,22
1,2,3,4,10,11,15,16,20,21,22>1,8,10,11,2,4,16,20,21,22
3,7,8,9,16,17,21,22,23>4,9,10,12,21,8,22,23
3,7,8,9,16,17,21,22,23>3,4,7,16,17,8,22,23
4,8,14,15,16,17,18,19,21,22,23>12,15,18,8,16,19,22,23
4,8,14,15,16,17,18,19,21,22,23>12,14,15,8,16,19,22,23
2,5,11,12,14,15,17,21,23>5,8,16,18,22,23,12,15
2,5,11,12,14,15,17,21,23>6,11,14,16,17,18,12,15
2,3,4,6,12,13,14,15,17,18,19,20,21,23>2,3,6,8,12,13,22,4,14,15,17,18,19,21
2,3,4,6,12,13,14,15,17,18,19,20,21,23>2,3,6,7,8,13,4,14,15,17,18,19,21
2,4,5,6,7,9,14,15,17,20,22,23>2,9,10,14,16,18,22,6,7,15,17,20,23
2,4,5,6,7,9,14,15,17,20,22,23>2,4,9,10,18,22,6,7,15,17,20,23
2,4,5,8,10,12,14,15,16,18,19,22,23>2,4,10,14,8,12,16,19,23
2,4,5,8,10,12,14,15,16,18,19,22,23>2,4,5,11,15,18,8,12,16,19,23
1,3,4,7,11,12,13,14,17,19,20,21,22,23>7,12,15,16,19,4,14,17,21,22,23
1,3,4,7,11,12,13,14,17,19,20,21,22,23>3,7,8,12,15,18,19,4,14,17,21,22,23
1,4,6,12,14,16,20,23>2,4,7,12,14,15,16
1,4,6,12,14,16,20,23>2,4,7,12,21,16
6,10,13,14,15,16,18,22>7,10,12,13,19,22,23,16,14,15
6,10,13,14,15,16,18,22>22,8,13,16,14,15
1,3,5,7,8,12,13,14,15,16,17,18,22>2,6,15,17,18,8,12,13,14,16
1,3,5,7,8,12,13,14,15,16,17,18,22>1,2,4,5,6,7,17,19,22,8,12,13,14,16
2,3,4,5,7,8,9,10,12,13,18,22>6,9,14,18,22,4,8,10,12,13
2,3,4,5,7,8,9,10,12,13,18,22>5,9,11,18,22,4,8,10,12,13
1,3,4,6,9,11,12,14,15,22,23>2,6,7,8,9,10,11,14,16,23,4,12,15
1,3,4,6,9,11,12,14,15,22,23>1,2,3,6,7,9,10,16,23,4,12,15
1,2,3,4,5,6,7,8,9,11,12,14,15,17,18,19,21,22>1,9,14,15,16,21,2,4,7,8,12,19,22
1,2,3,4,5,6,7,8,9,11,12,14,15,17,18,19,21,22>1,5,6,9,11,15,16,23,2,4,7,8,12,19,22
2,7,9,14,15,17,18,22,23>22,7,9,18,23,15
2,7,9,14,15,17,18,22,23>2,7,9,18,23,15
2,3,6,7,10,15,16,17,19,20>3,6,15,18,19,16,20,7
2,3,6,7,10,15,16,17,19,20>4,8,15,18,19,16,20,7
1,2,3,5,8,9,14,17,18,22,23>1,4,5,6,9,10,14,17,19,22,2,23
1,2,3,5,8,9,14,17,18,22,23>1,3,4,6,8,9,14,18,22,2,23
2,6,7,9,12,16,18,20>16,8,21,7
2,6,7,9,12,16,18,20>2,8,13,20,21,7
2,5,6,8,10,14,15,17,18,20,22>19,2,7,23,17,20,6
2,5,6,8,10,14,15,17,18,20,22>2,5,7,13,15,16,21,23,17,20,6
1,10,11,12,17,20,21,22>10,11,12,13,20,17,21,22
1,10,11,12,17,20,21,22>2,8,12,18,20,17,21,22
2,5,7,10,11,12,13,14,15,16,18,19,20>2,5,10,12,21,13,14,15,16,19
2,5,7,10,11,12,13,14,15,16,18,19,20>2,5,7,8,12,18,20,13,14,15,16,19
2,3,4,6,7,9,10,16,17,20,21>2,8,9,4,7,10,16,20,21
2,3,4,6,7,9,10,16,17,20,21>18,2,6,13,4,7,10,16,20,21
5,11,17,18,23>17,18
5,11,17,18,23>19,18
1,2,3,4,8,11,13,14,15,16,18,21,22>3,11,12,15,18,21,2,4,8,13,14,16,22
1,2,3,4,8,11,13,14,15,16,18,21,22>1,3,11,12,18,23,2,4,8,13,14,16,22
4,7,10,12,13,14,15,17,21,22,23>4,8,11,17,18,21,12,14,15,22,23
4,7,10,12,13,14,15,17,21,22,23>4,7,8,13,16,17,18,21,12,14,15,22,23
2,3,6,8,12,14,15,16,20,22,23>6,7,12,14,22,8,16,23
2,3,6,8,12,14,15,16,20,22,23>2,3,4,14,20,8,16,23
1,2,3,4,8,9,10,14,18,20,21,23>18,8,9,14,2,4,10,20,21
1,2,3,4,8,9,10,14,18,20,21,23>23,3,8,17,2,4,10,20,21
4,5,7,10,11,14,16,17,18,19,23>5,23,14,16,19,18,11
4,5,7,10,11,14,16,17,18,19,23>20,7,10,14,16,19,18,11
3,4,6,7,8,9,11,15,16,18>15,6,9,13,8,16,4,7
3,4,6,7,8,9,11,15,16,18>6,9,10,11,12,15,19,8,16,4,7
1,2,3,4,5,8,11,12,13,15,16,19,21,23>19,1,3,22,2,4,8,12,16
1,2,3,4,5,8,11,12,13,15,16,19,21,23>1,5,13,19,21,22,23,2,4,8,12,16
2,5,6,8,14,15,19,21,22,23>2,6,7,8,14,15,16,22,23
2,5,6,8,14,15,19,21,22,23>2,5,6,7,8,15,16,19,20,21,22,23
2,4,5,8,9,10,11,16,17,21,22,23>2,5,9,12,8,10,11,16,22,23
2,4,5,8,9,10,11,16,17,21,22,23>4,5,6,9,12,17,8,10,11,16,22,23
3,4,5,7,9,10,12,14,16,17,18,20,22>5,7,8,14,17,19,23,16,10,18,4
3,4,5,7,9,10,12,14,16,17,18,20,22>3,6,9,14,15,17,19,21,22,23,16,10,18,4
2,3,4,6,7,8,10,11,14,15,16,17,20,22,23>3,14,15,21,22,4,7,8,16,20,23
2,3,4,6,7,8,10,11,14,15,16,17,20,22,23>2,6,10,14,15,17,21,22,4,7,8,16,20,23
1,2,3,4,5,13,16,18,20,22>6,18,19,21,22,2,4,13,16,20
1,2,3,4,5,13,16,18,20,22>1,5,14,18,19,21,2,4,13,16,20
1,2,4,7,8,15,16,17,18,19,21,22>1,4,12,17,20,21,23,2,8,16,19,22
1,2,4,7,8,15,16,17,18,19,21,22>7,12,13,17,18,20,21,23,2,8,16,19,22
4,9,12,14,15,16,18,20,21,22>8,12,13,14,20,16,21,22,15
4,9,12,14,15,16,18,20,21,22>9,12,13,19,23,16,21,22,15
1,3,4,8,9,11,12,13,15,18,20,21,22>9,10,11,12,14,19,20,23,4,8,13,21,22
1,3,4,8,9,11,12,13,15,18,20,21,22>1,2,3,9,10,12,14,15,17,18,20,4,8,13,21,22
2,5,6,8,9,10,11,12,16,19,20>5,6,10,11,12,20,21,8
2,5,6,8,9,10,11,12,16,19,20>2,5,6,12,13,16,19,21,8
1,5,7,9,10,12,13,14,15,17,18,19,21,23>1,8,9,10,11,16,17,21,22,12,14,15,18,19
1,5,7,9,10,12,13,14,15,17,18,19,21,23>2,7,9,17,23,12,14,15,18,19
2,8,9,10,11,12,15,17,18,19,21,22>2,10,13,16,17,18,23,8,11,12,19,22
2,8,9,10,11,12,15,17,18,19,21,22>9,10,13,15,21,23,8,11,12,19,22
3,5,8,15,16,21,23>23,12,15,8,16
3,5,8,15,16,21,23>3,4,15,21,23,8,16
1,2,4,10,11,14,16,17,18,19,20,21,23>1,11,14,2,16,18,19,20,21
1,2,4,10,11,14,16,17,18,19,20,21,23>22,4,15,2,16,18,19,20,21
4,5,7,9,12,13,16,17,18,19,23>5,14,16,18,19,12
4,5,7,9,12,13,16,17,18,19,23>4,7,9,23,16,18,19,12
1,4,5,9,13,18,19,20>16,17,13,14,19,20
1,4,5,9,13,18,19,20>1,2,4,14,19,20
2,7,10,11,14,16,20,23>7,10,14,15,21,23,20
2,7,10,11,14,16,20,23>16,8,10,20
2,3,6,8,9,12,14,15,22>2,6,7,13,14,16,8,12
2,3,6,8,9,12,14,15,22>4,9,13,14,15,16,22,8,12
5,6,8,9,10,11,12,17,19,21,23>21,6,23,9,8,11,12
5,6,8,9,10,11,12,17,19,21,23>6,7,9,19,23,8,11,12
2,3,5,6,8,9,10,11,12,13,14,15,16,17,19,20,21,23>2,12,15,17,20,8,16,21,14
2,3,5,6,8,9,10,11,12,13,14,15,16,17,19,20,21,23>4,6,9,10,12,13,17,19,8,16,21,14
5,6,7,8,9,10,14,18,19,20,22>5,8,9,10,13,17,18,21,22,23,19,20,7
5,6,7,8,9,10,14,18,19,20,22>5,6,8,10,13,18,23,19,20,7
1,7,8,10,12,13,16,20>1,2,10,16,8,13
1,7,8,10,12,13,16,20>1,7,10,12,14,16,20,8,13
3,4,6,8,9,10,11,12,14,16,18,19,22,23>3,6,10,18,4,8,11,12,16,19,23
3,4,6,8,9,10,11,12,14,16,18,19,22,23>22,3,6,7,4,8,11,12,16,19,23
1,2,3,4,7,8,12,13,17,18,19,20,21>1,12,16,18,20,2,4,8,13,17,19,21
1,2,3,4,7,8,12,13,17,18,19,20,21>1,3,12,14,18,22,2,4,8,13,17,19,21
1,2,3,6,7,9,11,12,14,18,23>19,23,9,2,12,7
1,2,3,6,7,9,11,12,14,18,23>3,8,11,15,23,2,12,7
1,4,10,11,14,15,16,19,20,23>1,2,11,14,21,23,16,20,15
1,4,10,11,14,15,16,19,20,23>1,2,4,8,10,14,19,21,23,16,20,15
2,3,5,6,10,11,12,13,14,15,16,17,18,20,21,22,23>11,13,17,6,14,15,16,18,21,22,23
2,3,5,6,10,11,12,13,14,15,16,17,18,20,21,22,23>3,5,10,11,13,6,14,15,16,18,21,22,23
4,9,10,11,13,14,15,16,18,19,20,22>10,11,18,21,23,13,14,15,16,19,20
4,9,10,11,13,14,15,16,18,19,20,22>4,8,9,18,21,22,23,13,14,15,16,19,20
1,2,4,6,7,16,17,19,22,23>19,1,8,12,16,2,23,7
1,2,4,6,7,16,17,19,22,23>1,4,6,8,17,18,19,22,16,2,23,7
