TCR,NFAT,IFN-\beta,IFN-\betaR,IL-18,IL-18R,IRAK,SOCS1,IL-12,IL-12R,STAT4,T-bet,IFN-\gamma,IFN-\gammaR,JAK1,STAT1,IL-4,IL-4R,STAT6,GATA3,IL-10,IL-10R,STAT3
1,3,4,5,6,7,13,14,15,18,23>1,3,16,18,19,23,4,6,7,14,15
1,3,4,5,6,7,13,14,15,18,23>1,5,16,18,23,4,6,7,14,15
1,3,4,5,6,7,13,14,15,18,23>2,3,5,18,4,6,7,14,15
1,3,4,5,6,7,13,14,15,18,23>1,2,3,5,16,23,4,6,7,14,15
1,3,4,5,6,7,13,14,15,18,23>23,13,16,4,6,7,14,15
1,3,4,5,6,7,13,14,15,18,23>1,13,23,18,4,6,7,14,15
1,3,4,5,6,7,13,14,15,18,23>23,3,13,18,4,6,7,14,15
1,3,4,5,6,7,13,14,15,18,23>1,3,5,13,23,4,6,7,14,15
1,3,4,5,6,7,13,14,15,18,23>2,3,5,13,19,4,6,7,14,15
1,3,4,5,6,7,13,14,15,18,23>1,2,3,5,13,4,6,7,14,15
1,2,3,5,6,9,11,13,15,16,17,20,21,23>1,14,11,18,2,6,16,20,21
1,2,3,5,6,9,11,13,15,16,17,20,21,23>3,4,5,7,8,9,11,14,18,22,23,2,6,16,20,21
1,2,3,5,6,9,11,13,15,16,17,20,21,23>3,4,8,9,10,11,13,14,18,22,2,6,16,20,21
1,2,3,5,6,9,11,13,15,16,17,20,21,23>1,5,8,9,14,17,18,23,2,6,16,20,21
1,2,3,5,6,9,11,13,15,16,17,20,21,23>3,5,17,22,23,2,6,16,20,21
1,2,3,5,6,9,11,13,15,16,17,20,21,23>1,3,5,10,11,14,22,23,2,6,16,20,21
1,2,3,5,6,9,11,13,15,16,17,20,21,23>4,7,11,15,18,22,2,6,16,20,21
1,2,3,5,6,9,11,13,15,16,17,20,21,23>4,7,8,11,13,14,17,22,23,2,6,16,20,21
1,2,3,5,6,9,11,13,15,16,17,20,21,23>5,7,9,10,13,14,17,23,2,6,16,20,21
1,2,3,5,6,9,11,13,15,16,17,20,21,23>3,4,5,7,9,11,13,14,22,23,2,6,16,20,21
4,5,7,8,10,12,13,16,21>22,5,14,8,16,12,13
4,5,7,8,10,12,13,16,21>4,5,11,22,8,16,12,13
4,5,7,8,10,12,13,16,21>21,4,6,14,8,16,12,13
4,5,7,8,10,12,13,16,21>21,22,7,14,8,16,12,13
4,5,7,8,10,12,13,16,21>5,7,14,8,16,12,13
4,5,7,8,10,12,13,16,21>21,4,6,7,8,16,12,13
4,5,7,8,10,12,13,16,21>4,10,11,14,21,22,8,16,12,13
4,5,7,8,10,12,13,16,21>6,10,11,14,21,22,8,16,12,13
4,5,7,8,10,12,13,16,21>4,6,10,11,21,22,8,16,12,13
4,5,7,8,10,12,13,16,21>4,6,7,10,11,8,16,12,13
1,2,8,9,11,12,13,14,17,18,20,22>20,21,10,19,2,8,13,14,17
1,2,8,9,11,12,13,14,17,18,20,22>1,10,11,18,20,21,23,2,8,13,14,17
1,2,8,9,11,12,13,14,17,18,20,22>1,12,18,22,23,2,8,13,14,17
1,2,8,9,11,12,13,14,17,18,20,22>9,12,18,19,20,21,2,8,13,14,17
1,2,8,9,11,12,13,14,17,18,20,22>1,12,18,19,21,23,2,8,13,14,17
1,2,8,9,11,12,13,14,17,18,20,22>9,12,19,21,22,2,8,13,14,17
1,2,8,9,11,12,13,14,17,18,20,22>10,12,18,19,20,2,8,13,14,17
1,2,8,9,11,12,13,14,17,18,20,22>9,10,12,18,21,22,2,8,13,14,17
1,2,8,9,11,12,13,14,17,18,20,22>1,9,10,12,18,22,2,8,13,14,17
1,2,8,9,11,12,13,14,17,18,20,22>11,12,18,20,23,2,8,13,14,17
1,4,8,11,12,13,14,15,18,20,21,22,23>1,4,15,16,17,19,20,8,14,21,22,23
1,4,8,11,12,13,14,15,18,20,21,22,23>1,2,4,13,17,19,8,14,21,22,23
1,4,8,11,12,13,14,15,18,20,21,22,23>11,13,15,17,20,8,14,21,22,23
1,4,8,11,12,13,14,15,18,20,21,22,23>1,11,15,16,17,20,8,14,21,22,23
1,4,8,11,12,13,14,15,18,20,21,22,23>2,11,15,16,17,18,19,20,8,14,21,22,23
1,4,8,11,12,13,14,15,18,20,21,22,23>1,2,11,16,19,20,8,14,21,22,23
1,4,8,11,12,13,14,15,18,20,21,22,23>1,4,11,19,20,8,14,21,22,23
1,4,8,11,12,13,14,15,18,20,21,22,23>1,2,12,13,17,8,14,21,22,23
1,4,8,11,12,13,14,15,18,20,21,22,23>1,2,4,12,13,15,16,8,14,21,22,23
1,4,8,11,12,13,14,15,18,20,21,22,23>4,11,12,16,20,8,14,21,22,23
1,7,8,9,10,13,14,16,20,21,22>1,7,23,8,10,13,14,20,21,22
1,7,8,9,10,13,14,16,20,21,22>1,9,8,10,13,14,20,21,22
1,7,8,9,10,13,14,16,20,21,22>2,9,23,8,10,13,14,20,21,22
1,7,8,9,10,13,14,16,20,21,22>7,9,23,8,10,13,14,20,21,22
1,7,8,9,10,13,14,16,20,21,22>2,7,9,8,10,13,14,20,21,22
1,7,8,9,10,13,14,16,20,21,22>1,16,23,8,10,13,14,20,21,22
1,7,8,9,10,13,14,16,20,21,22>1,2,16,8,10,13,14,20,21,22
1,7,8,9,10,13,14,16,20,21,22>7,16,23,8,10,13,14,20,21,22
1,7,8,9,10,13,14,16,20,21,22>2,7,16,8,10,13,14,20,21,22
1,7,8,9,10,13,14,16,20,21,22>9,16,23,8,10,13,14,20,21,22
1,4,5,6,7,10,11,12,19,21,23>2,8,10,16,19,22,11,12,7
1,4,5,6,7,10,11,12,19,21,23>5,8,10,16,19,22,23,11,12,7
1,4,5,6,7,10,11,12,19,21,23>1,5,10,19,21,23,11,12,7
1,4,5,6,7,10,11,12,19,21,23>1,4,5,16,21,22,23,11,12,7
1,4,5,6,7,10,11,12,19,21,23>2,4,5,8,10,16,19,23,11,12,7
1,4,5,6,7,10,11,12,19,21,23>1,2,6,8,19,23,11,12,7
1,4,5,6,7,10,11,12,19,21,23>2,4,6,8,16,22,11,12,7
1,4,5,6,7,10,11,12,19,21,23>4,5,6,16,19,21,22,23,11,12,7
1,4,5,6,7,10,11,12,19,21,23>2,4,5,6,8,16,23,11,12,7
1,4,5,6,7,10,11,12,19,21,23>1,2,4,5,6,10,16,19,11,12,7
2,5,6,8,9,11,14,15,18,23>10,11,15,16,18,19,23,6
2,5,6,8,9,11,14,15,18,23>7,11,14,16,19,23,6
2,5,6,8,9,11,14,15,18,23>8,10,11,14,15,16,18,6
2,5,6,8,9,11,14,15,18,23>2,8,19,6
2,5,6,8,9,11,14,15,18,23>2,5,8,10,15,6
2,5,6,8,9,11,14,15,18,23>7,8,10,11,18,19,23,6
2,5,6,8,9,11,14,15,18,23>16,7,8,19,6
2,5,6,8,9,11,14,15,18,23>5,8,9,11,15,18,6
2,5,6,8,9,11,14,15,18,23>5,9,15,16,19,6
2,5,6,8,9,11,14,15,18,23>5,8,9,10,11,14,16,23,6
3,5,6,9,10,12,13,16,18,19,20,23>3,4,6,10,12,14,16,21,19
3,5,6,9,10,12,13,16,18,19,20,23>5,6,9,10,12,13,14,23,19
3,5,6,9,10,12,13,16,18,19,20,23>3,5,6,9,12,18,20,21,23,19
3,5,6,9,10,12,13,16,18,19,20,23>4,5,6,12,13,14,19
3,5,6,9,10,12,13,16,18,19,20,23>3,4,5,6,10,12,13,19
3,5,6,9,10,12,13,16,18,19,20,23>3,4,7,10,12,13,16,18,19
3,5,6,9,10,12,13,16,18,19,20,23>5,7,8,12,20,23,19
3,5,6,9,10,12,13,16,18,19,20,23>3,4,7,8,9,10,12,16,18,20,21,23,19
3,5,6,9,10,12,13,16,18,19,20,23>4,5,7,8,9,10,12,14,16,20,19
3,5,6,9,10,12,13,16,18,19,20,23>6,7,8,9,10,12,14,20,23,19
3,5,8,10,14,15,16,19,20,22>5,15,21,22,23,8,16,20
3,5,8,10,14,15,16,19,20,22>23,5,15,19,8,16,20
3,5,8,10,14,15,16,19,20,22>21,23,5,19,8,16,20
3,5,8,10,14,15,16,19,20,22>3,10,15,19,21,23,8,16,20
3,5,8,10,14,15,16,19,20,22>3,4,5,10,15,22,8,16,20
3,5,8,10,14,15,16,19,20,22>21,3,14,15,8,16,20
3,5,8,10,14,15,16,19,20,22>4,5,14,22,23,8,16,20
3,5,8,10,14,15,16,19,20,22>4,10,14,19,23,8,16,20
3,5,8,10,14,15,16,19,20,22>23,5,10,14,8,16,20
3,5,8,10,14,15,16,19,20,22>4,5,10,14,15,8,16,20
3,4,5,7,8,10,16,17,19,20,22,23>22,5,19,4,8,16,20,23
3,4,5,7,8,10,16,17,19,20,22,23>22,5,21,4,8,16,20,23
3,4,5,7,8,10,16,17,19,20,22,23>3,10,19,4,8,16,20,23
3,4,5,7,8,10,16,17,19,20,22,23>7,10,19,21,4,8,16,20,23
3,4,5,7,8,10,16,17,19,20,22,23>3,17,19,21,22,4,8,16,20,23
3,4,5,7,8,10,16,17,19,20,22,23>3,5,17,19,4,8,16,20,23
3,4,5,7,8,10,16,17,19,20,22,23>5,7,17,19,21,4,8,16,20,23
3,4,5,7,8,10,16,17,19,20,22,23>3,5,7,17,21,4,8,16,20,23
3,4,5,7,8,10,16,17,19,20,22,23>7,10,17,21,4,8,16,20,23
3,4,5,7,8,10,16,17,19,20,22,23>3,5,7,10,17,22,4,8,16,20,23
3,5,10,18,19,21>21,3,5,19
3,5,10,18,19,21>3,4,5,18,20,22,19
3,5,10,18,19,21>3,10,18,20,19
3,5,10,18,19,21>4,10,18,20,21,22,19
3,5,10,18,19,21>3,4,10,20,19
3,5,10,18,19,21>3,4,10,18,22,19
3,5,10,18,19,21>21,22,11,19
3,5,10,18,19,21>3,5,11,18,22,19
3,5,10,18,19,21>3,4,5,11,19
3,5,10,18,19,21>21,3,10,11,19
1,5,8,9,12,14,15,18,19,20>1,2,14,16,17,8,19
1,5,8,9,12,14,15,18,19,20>15,18,5,21,8,19
1,5,8,9,12,14,15,18,19,20>1,2,13,15,16,18,20,8,19
1,5,8,9,12,14,15,18,19,20>2,5,16,20,21,8,19
1,5,8,9,12,14,15,18,19,20>1,5,9,15,20,21,8,19
1,5,8,9,12,14,15,18,19,20>12,13,14,15,17,18,21,8,19
1,5,8,9,12,14,15,18,19,20>1,12,15,17,20,8,19
1,5,8,9,12,14,15,18,19,20>2,12,13,16,17,18,20,21,8,19
1,5,8,9,12,14,15,18,19,20>2,9,12,17,18,8,19
1,5,8,9,12,14,15,18,19,20>1,5,9,12,13,14,16,18,8,19
1,3,5,6,8,11,13,14,17,20,22,23>13,2,21,7,6,14,17,20,23
1,3,5,6,8,11,13,14,17,20,22,23>1,2,8,11,13,22,6,14,17,20,23
1,3,5,6,8,11,13,14,17,20,22,23>1,3,7,21,22,6,14,17,20,23
1,3,5,6,8,11,13,14,17,20,22,23>2,3,8,13,21,22,6,14,17,20,23
1,3,5,6,8,11,13,14,17,20,22,23>2,3,8,11,22,6,14,17,20,23
1,3,5,6,8,11,13,14,17,20,22,23>1,4,7,8,11,6,14,17,20,23
1,3,5,6,8,11,13,14,17,20,22,23>2,4,7,8,11,22,6,14,17,20,23
1,3,5,6,8,11,13,14,17,20,22,23>3,4,7,11,13,21,6,14,17,20,23
1,3,5,6,8,11,13,14,17,20,22,23>4,5,8,11,13,6,14,17,20,23
1,3,5,6,8,11,13,14,17,20,22,23>3,4,5,7,8,11,6,14,17,20,23
1,2,5,6,8,9,12,15,16,18,20,21,22,23>18,1,19,2,6,8,16,21,22,23
1,2,5,6,8,9,12,15,16,18,20,21,22,23>18,5,7,12,2,6,8,16,21,22,23
1,2,5,6,8,9,12,15,16,18,20,21,22,23>1,5,7,15,19,2,6,8,16,21,22,23
1,2,5,6,8,9,12,15,16,18,20,21,22,23>18,5,20,9,2,6,8,16,21,22,23
1,2,5,6,8,9,12,15,16,18,20,21,22,23>7,9,10,12,15,18,2,6,8,16,21,22,23
1,2,5,6,8,9,12,15,16,18,20,21,22,23>1,7,10,12,15,20,2,6,8,16,21,22,23
1,2,5,6,8,9,12,15,16,18,20,21,22,23>1,5,9,10,19,20,2,6,8,16,21,22,23
1,2,5,6,8,9,12,15,16,18,20,21,22,23>7,9,10,15,18,20,2,6,8,16,21,22,23
1,2,5,6,8,9,12,15,16,18,20,21,22,23>1,7,9,10,12,2,6,8,16,21,22,23
1,2,5,6,8,9,12,15,16,18,20,21,22,23>1,5,7,9,10,18,2,6,8,16,21,22,23
3,4,5,8,13,16,17,18,19,21>20,17,18,8,16,19,4
3,4,5,8,13,16,17,18,19,21>5,12,18,20,21,22,8,16,19,4
3,4,5,8,13,16,17,18,19,21>3,13,17,18,22,8,16,19,4
3,4,5,8,13,16,17,18,19,21>5,13,18,20,22,8,16,19,4
3,4,5,8,13,16,17,18,19,21>5,13,18,20,21,8,16,19,4
3,4,5,8,13,16,17,18,19,21>3,14,17,21,22,8,16,19,4
3,4,5,8,13,16,17,18,19,21>3,5,14,18,8,16,19,4
3,4,5,8,13,16,17,18,19,21>13,14,17,20,21,8,16,19,4
3,4,5,8,13,16,17,18,19,21>12,13,14,17,22,8,16,19,4
3,4,5,8,13,16,17,18,19,21>5,12,13,14,18,20,8,16,19,4
3,4,5,6,7,9,10,16,17,20,22,23>3,18,21,4,6,7,10,16,20,23
3,4,5,6,7,9,10,16,17,20,22,23>22,3,8,21,4,6,7,10,16,20,23
3,4,5,6,7,9,10,16,17,20,22,23>5,8,18,21,22,4,6,7,10,16,20,23
3,4,5,6,7,9,10,16,17,20,22,23>3,5,9,18,4,6,7,10,16,20,23
3,4,5,6,7,9,10,16,17,20,22,23>3,17,18,4,6,7,10,16,20,23
3,4,5,6,7,9,10,16,17,20,22,23>22,9,17,18,4,6,7,10,16,20,23
3,4,5,6,7,9,10,16,17,20,22,23>3,5,9,17,21,4,6,7,10,16,20,23
3,4,5,6,7,9,10,16,17,20,22,23>8,9,17,18,21,4,6,7,10,16,20,23
3,4,5,6,7,9,10,16,17,20,22,23>5,8,9,17,21,4,6,7,10,16,20,23
3,4,5,6,7,9,10,16,17,20,22,23>3,5,8,9,17,4,6,7,10,16,20,23
4,6,14,15,16,19,20,21,22>4,6,7,15,16,20,21,22
4,6,14,15,16,19,20,21,22>4,6,8,14,19,15,16,20,21,22
4,6,14,15,16,19,20,21,22>4,6,8,19,23,15,16,20,21,22
4,6,14,15,16,19,20,21,22>4,7,8,19,15,16,20,21,22
4,6,14,15,16,19,20,21,22>4,7,8,23,15,16,20,21,22
4,6,14,15,16,19,20,21,22>6,7,8,23,15,16,20,21,22
4,6,14,15,16,19,20,21,22>4,6,14,19,23,15,16,20,21,22
4,6,14,15,16,19,20,21,22>7,14,19,15,16,20,21,22
4,6,14,15,16,19,20,21,22>4,6,8,14,23,15,16,20,21,22
4,6,14,15,16,19,20,21,22>7,8,14,23,15,16,20,21,22
2,3,4,5,6,8,10,11,13,14,16,17,18,19,22>2,10,12,17,18,20,22,23,4,8,11,13,14,16,19
2,3,4,5,6,8,10,11,13,14,16,17,18,19,22>2,3,5,6,10,17,20,23,4,8,11,13,14,16,19
2,3,4,5,6,8,10,11,13,14,16,17,18,19,22>7,12,17,18,20,23,4,8,11,13,14,16,19
2,3,4,5,6,8,10,11,13,14,16,17,18,19,22>6,7,10,12,18,20,23,4,8,11,13,14,16,19
2,3,4,5,6,8,10,11,13,14,16,17,18,19,22>3,5,7,10,17,18,23,4,8,11,13,14,16,19
2,3,4,5,6,8,10,11,13,14,16,17,18,19,22>3,5,7,10,12,18,20,22,23,4,8,11,13,14,16,19
2,3,4,5,6,8,10,11,13,14,16,17,18,19,22>6,7,10,17,22,4,8,11,13,14,16,19
2,3,4,5,6,8,10,11,13,14,16,17,18,19,22>2,3,5,7,10,17,4,8,11,13,14,16,19
2,3,4,5,6,8,10,11,13,14,16,17,18,19,22>3,6,7,12,17,18,23,4,8,11,13,14,16,19
2,3,4,5,6,8,10,11,13,14,16,17,18,19,22>3,5,6,7,18,22,23,4,8,11,13,14,16,19
1,3,4,5,6,8,9,12,13,14,17,18,21,22>10,16,19,21,23,4,6,8,12,13,14,22
1,3,4,5,6,8,9,12,13,14,17,18,21,22>2,9,18,19,21,4,6,8,12,13,14,22
1,3,4,5,6,8,9,12,13,14,17,18,21,22>16,1,5,17,4,6,8,12,13,14,22
1,3,4,5,6,8,9,12,13,14,17,18,21,22>23,18,19,7,4,6,8,12,13,14,22
1,3,4,5,6,8,9,12,13,14,17,18,21,22>2,7,10,18,19,4,6,8,12,13,14,22
1,3,4,5,6,8,9,12,13,14,17,18,21,22>1,3,7,9,10,16,17,18,19,21,4,6,8,12,13,14,22
1,3,4,5,6,8,9,12,13,14,17,18,21,22>1,5,7,9,16,18,23,4,6,8,12,13,14,22
1,3,4,5,6,8,9,12,13,14,17,18,21,22>3,5,7,16,17,18,19,21,4,6,8,12,13,14,22
1,3,4,5,6,8,9,12,13,14,17,18,21,22>1,3,5,7,21,4,6,8,12,13,14,22
1,3,4,5,6,8,9,12,13,14,17,18,21,22>2,3,5,7,10,16,19,23,4,6,8,12,13,14,22
4,8,11,12,18,19,20,22>11,17,18,22,23,8,19
4,8,11,12,18,19,20,22>4,12,17,18,20,8,19
4,8,11,12,18,19,20,22>4,11,13,17,8,19
4,8,11,12,18,19,20,22>12,13,18,20,23,8,19
4,8,11,12,18,19,20,22>4,16,18,20,21,22,8,19
4,8,11,12,18,19,20,22>12,16,17,20,21,22,8,19
4,8,11,12,18,19,20,22>4,12,13,16,17,20,23,8,19
4,8,11,12,18,19,20,22>4,13,16,18,20,22,8,19
4,8,11,12,18,19,20,22>12,13,16,17,18,20,22,8,19
4,8,11,12,18,19,20,22>4,12,13,16,20,22,23,8,19
2,3,5,6,11,12,14,15,17,19,20,22,23>2,11,12,14,16,18,19,20,22,17,23,15
2,3,5,6,11,12,14,15,17,19,20,22,23>2,4,5,7,8,11,12,14,16,20,17,23,15
2,3,5,6,11,12,14,15,17,19,20,22,23>2,4,5,11,12,14,16,22,17,23,15
2,3,5,6,11,12,14,15,17,19,20,22,23>2,3,4,5,7,8,12,20,21,22,17,23,15
2,3,5,6,11,12,14,15,17,19,20,22,23>6,7,8,11,12,14,19,21,17,23,15
2,3,5,6,11,12,14,15,17,19,20,22,23>2,6,11,12,16,19,20,17,23,15
2,3,5,6,11,12,14,15,17,19,20,22,23>3,6,16,19,20,22,17,23,15
2,3,5,6,11,12,14,15,17,19,20,22,23>4,6,7,12,16,18,19,20,21,17,23,15
2,3,5,6,11,12,14,15,17,19,20,22,23>2,4,6,7,8,12,19,20,21,22,17,23,15
2,3,5,6,11,12,14,15,17,19,20,22,23>3,4,6,7,12,18,19,21,22,17,23,15
2,3,7,8,12,14,17,20,22>20,22,13,8,17
2,3,7,8,12,14,17,20,22>2,22,23,21,8,17
2,3,7,8,12,14,17,20,22>20,23,3,22,8,17
2,3,7,8,12,14,17,20,22>20,23,4,13,8,17
2,3,7,8,12,14,17,20,22>20,21,22,4,8,17
2,3,7,8,12,14,17,20,22>20,21,3,7,8,17
2,3,7,8,12,14,17,20,22>3,7,13,14,21,22,23,8,17
2,3,7,8,12,14,17,20,22>2,4,7,13,20,8,17
2,3,7,8,12,14,17,20,22>2,22,12,13,8,17
2,3,7,8,12,14,17,20,22>22,7,12,8,17
3,4,5,7,10,11,13,15,17,18,19,20>16,21,15,4,13,17,18,19,20
3,4,5,7,10,11,13,15,17,18,19,20>16,21,7,14,4,13,17,18,19,20
3,4,5,7,10,11,13,15,17,18,19,20>21,5,7,4,13,17,18,19,20
3,4,5,7,10,11,13,15,17,18,19,20>3,5,10,15,21,4,13,17,18,19,20
3,4,5,7,10,11,13,15,17,18,19,20>3,5,10,14,4,13,17,18,19,20
3,4,5,7,10,11,13,15,17,18,19,20>3,7,10,14,15,21,4,13,17,18,19,20
3,4,5,7,10,11,13,15,17,18,19,20>5,7,10,14,4,13,17,18,19,20
3,4,5,7,10,11,13,15,17,18,19,20>16,21,7,10,4,13,17,18,19,20
3,4,5,7,10,11,13,15,17,18,19,20>5,7,10,15,4,13,17,18,19,20
3,4,5,7,10,11,13,15,17,18,19,20>3,10,11,15,21,4,13,17,18,19,20
2,3,5,7,9,10,11,12,15,16,19,20,21>9,11,12,19,20,22,16,21
2,3,5,7,9,10,11,12,15,16,19,20,21>2,8,11,12,13,15,19,20,16,21
2,3,5,7,9,10,11,12,15,16,19,20,21>4,11,12,13,20,22,16,21
2,3,5,7,9,10,11,12,15,16,19,20,21>2,4,10,11,12,13,16,21
2,3,5,7,9,10,11,12,15,16,19,20,21>2,3,5,9,10,11,15,19,20,16,21
2,3,5,7,9,10,11,12,15,16,19,20,21>4,5,15,20,22,16,21
2,3,5,7,9,10,11,12,15,16,19,20,21>7,8,10,12,15,19,22,16,21
2,3,5,7,9,10,11,12,15,16,19,20,21>3,7,9,11,20,22,16,21
2,3,5,7,9,10,11,12,15,16,19,20,21>4,7,9,11,12,13,15,19,20,16,21
2,3,5,7,9,10,11,12,15,16,19,20,21>2,5,7,8,9,10,12,13,22,16,21
3,5,8,9,10,12,13,14,17,19,20>21,4,12,8,17,13,14
3,5,8,9,10,12,13,14,17,19,20>4,12,19,8,17,13,14
3,5,8,9,10,12,13,14,17,19,20>3,4,12,8,17,13,14
3,5,8,9,10,12,13,14,17,19,20>3,4,5,19,21,8,17,13,14
3,5,8,9,10,12,13,14,17,19,20>3,9,10,19,21,8,17,13,14
3,5,8,9,10,12,13,14,17,19,20>20,21,4,9,8,17,13,14
3,5,8,9,10,12,13,14,17,19,20>21,5,10,12,8,17,13,14
3,5,8,9,10,12,13,14,17,19,20>4,5,10,19,20,8,17,13,14
3,5,8,9,10,12,13,14,17,19,20>20,9,10,19,8,17,13,14
3,5,8,9,10,12,13,14,17,19,20>3,9,10,12,19,8,17,13,14
6,7,8,9,11,12,13,15,20,21>6,14,15,17,22,8,21,13,7
6,7,8,9,11,12,13,15,20,21>6,10,15,17,22,8,21,13,7
6,7,8,9,11,12,13,15,20,21>11,14,16,17,20,8,21,13,7
6,7,8,9,11,12,13,15,20,21>9,11,14,15,20,22,8,21,13,7
6,7,8,9,11,12,13,15,20,21>9,11,14,15,16,22,8,21,13,7
6,7,8,9,11,12,13,15,20,21>6,12,14,15,20,22,8,21,13,7
6,7,8,9,11,12,13,15,20,21>6,9,12,16,22,8,21,13,7
6,7,8,9,11,12,13,15,20,21>6,10,12,15,16,17,20,8,21,13,7
6,7,8,9,11,12,13,15,20,21>9,10,12,17,20,8,21,13,7
6,7,8,9,11,12,13,15,20,21>6,9,10,12,20,22,8,21,13,7
2,3,4,5,6,12,14,15,16,19,20,21,23>2,8,12,19,23,16,4,21,15
2,3,4,5,6,12,14,15,16,19,20,21,23>3,8,14,19,22,16,4,21,15
2,3,4,5,6,12,14,15,16,19,20,21,23>2,8,12,20,22,23,16,4,21,15
2,3,4,5,6,12,14,15,16,19,20,21,23>3,19,20,22,23,16,4,21,15
2,3,4,5,6,12,14,15,16,19,20,21,23>6,14,20,22,23,16,4,21,15
2,3,4,5,6,12,14,15,16,19,20,21,23>2,3,6,8,19,23,16,4,21,15
2,3,4,5,6,12,14,15,16,19,20,21,23>2,3,6,8,14,22,16,4,21,15
2,3,4,5,6,12,14,15,16,19,20,21,23>2,3,6,8,20,23,16,4,21,15
2,3,4,5,6,12,14,15,16,19,20,21,23>2,3,7,12,14,20,23,16,4,21,15
2,3,4,5,6,12,14,15,16,19,20,21,23>6,7,12,20,23,16,4,21,15
2,4,10,11,12,13,14,15,22,23>2,4,8,22,11,12,14,15,23
2,4,10,11,12,13,14,15,22,23>4,10,16,22,11,12,14,15,23
2,4,10,11,12,13,14,15,22,23>2,4,10,22,11,12,14,15,23
2,4,10,11,12,13,14,15,22,23>2,8,10,16,22,11,12,14,15,23
2,4,10,11,12,13,14,15,22,23>4,8,10,16,11,12,14,15,23
2,4,10,11,12,13,14,15,22,23>2,4,13,16,22,11,12,14,15,23
2,4,10,11,12,13,14,15,22,23>2,4,8,13,16,11,12,14,15,23
2,4,10,11,12,13,14,15,22,23>2,10,13,16,11,12,14,15,23
2,4,10,11,12,13,14,15,22,23>8,10,13,22,11,12,14,15,23
2,4,10,11,12,13,14,15,22,23>2,8,10,13,11,12,14,15,23
2,7,9,10,11,12,14,16,18,21,22>15,16,19,21,23,10,11,12,22
2,7,9,10,11,12,14,16,18,21,22>2,23,18,10,11,12,22
2,7,9,10,11,12,14,16,18,21,22>2,19,14,10,11,12,22
2,7,9,10,11,12,14,16,18,21,22>8,14,15,18,19,21,10,11,12,22
2,7,9,10,11,12,14,16,18,21,22>16,18,8,10,11,12,22
2,7,9,10,11,12,14,16,18,21,22>16,21,19,8,10,11,12,22
2,7,9,10,11,12,14,16,18,21,22>7,9,14,16,18,19,23,10,11,12,22
2,7,9,10,11,12,14,16,18,21,22>7,9,19,21,23,10,11,12,22
2,7,9,10,11,12,14,16,18,21,22>13,14,18,19,21,10,11,12,22
2,7,9,10,11,12,14,16,18,21,22>2,8,9,13,16,19,10,11,12,22
1,2,3,4,7,8,9,11,12,15,18,19,21,22>16,1,18,15,2,4,8,12,19,22
1,2,3,4,7,8,9,11,12,15,18,19,21,22>18,3,13,15,2,4,8,12,19,22
1,2,3,4,7,8,9,11,12,15,18,19,21,22>1,3,18,15,2,4,8,12,19,22
1,2,3,4,7,8,9,11,12,15,18,19,21,22>3,13,15,21,23,2,4,8,12,19,22
1,2,3,4,7,8,9,11,12,15,18,19,21,22>1,21,23,18,2,4,8,12,19,22
1,2,3,4,7,8,9,11,12,15,18,19,21,22>3,7,13,21,23,2,4,8,12,19,22
1,2,3,4,7,8,9,11,12,15,18,19,21,22>1,3,9,13,21,2,4,8,12,19,22
1,2,3,4,7,8,9,11,12,15,18,19,21,22>11,13,16,18,21,2,4,8,12,19,22
1,2,3,4,7,8,9,11,12,15,18,19,21,22>1,11,13,15,21,2,4,8,12,19,22
1,2,3,4,7,8,9,11,12,15,18,19,21,22>3,9,11,16,23,2,4,8,12,19,22
1,2,3,4,5,6,8,9,10,11,12,14,15,16,23>23,15,2,4,6,8,10,11,12,16
1,2,3,4,5,6,8,9,10,11,12,14,15,16,23>1,14,15,2,4,6,8,10,11,12,16
1,2,3,4,5,6,8,9,10,11,12,14,15,16,23>1,5,15,2,4,6,8,10,11,12,16
1,2,3,4,5,6,8,9,10,11,12,14,15,16,23>3,5,7,14,15,2,4,6,8,10,11,12,16
1,2,3,4,5,6,8,9,10,11,12,14,15,16,23>1,3,5,7,23,2,4,6,8,10,11,12,16
1,2,3,4,5,6,8,9,10,11,12,14,15,16,23>23,9,14,2,4,6,8,10,11,12,16
1,2,3,4,5,6,8,9,10,11,12,14,15,16,23>3,5,9,15,2,4,6,8,10,11,12,16
1,2,3,4,5,6,8,9,10,11,12,14,15,16,23>1,7,9,15,2,4,6,8,10,11,12,16
1,2,3,4,5,6,8,9,10,11,12,14,15,16,23>23,3,7,9,2,4,6,8,10,11,12,16
1,2,3,4,5,6,8,9,10,11,12,14,15,16,23>1,5,7,9,14,2,4,6,8,10,11,12,16
2,3,4,7,8,15,17,18,19,20,23>21,2,23,18,17,19,4,20
2,3,4,7,8,15,17,18,19,20,23>2,7,23,18,17,19,4,20
2,3,4,7,8,15,17,18,19,20,23>2,7,16,23,17,19,4,20
2,3,4,7,8,15,17,18,19,20,23>21,2,8,18,17,19,4,20
2,3,4,7,8,15,17,18,19,20,23>21,3,7,8,17,19,4,20
2,3,4,7,8,15,17,18,19,20,23>21,15,16,17,19,4,20
2,3,4,7,8,15,17,18,19,20,23>3,7,15,21,23,17,19,4,20
2,3,4,7,8,15,17,18,19,20,23>23,8,15,16,17,19,4,20
2,3,4,7,8,15,17,18,19,20,23>21,2,8,15,17,19,4,20
2,3,4,7,8,15,17,18,19,20,23>7,8,15,18,17,19,4,20
2,3,5,9,10,11,12,13,14,17,19,20,21,22>2,3,9,10,11,12,15,18,19,13,14,17,21,22
2,3,5,9,10,11,12,13,14,17,19,20,21,22>2,4,12,15,18,19,23,13,14,17,21,22
2,3,5,9,10,11,12,13,14,17,19,20,21,22>2,3,5,9,15,18,20,13,14,17,21,22
2,3,5,9,10,11,12,13,14,17,19,20,21,22>2,4,5,10,19,20,13,14,17,21,22
2,3,5,9,10,11,12,13,14,17,19,20,21,22>2,4,5,9,10,12,15,18,23,13,14,17,21,22
2,3,5,9,10,11,12,13,14,17,19,20,21,22>2,4,5,10,11,15,19,23,13,14,17,21,22
2,3,5,9,10,11,12,13,14,17,19,20,21,22>3,4,5,9,18,23,13,14,17,21,22
2,3,5,9,10,11,12,13,14,17,19,20,21,22>2,3,8,12,20,23,13,14,17,21,22
2,3,5,9,10,11,12,13,14,17,19,20,21,22>3,4,8,9,10,15,18,13,14,17,21,22
2,3,5,9,10,11,12,13,14,17,19,20,21,22>3,5,8,9,10,11,18,19,20,13,14,17,21,22
1,2,6,8,9,13,14,16,20,21,23>22,23,9,13,2,8,14,20,21
1,2,6,8,9,13,14,16,20,21,23>1,9,16,2,8,14,20,21
1,2,6,8,9,13,14,16,20,21,23>23,6,9,16,2,8,14,20,21
1,2,6,8,9,13,14,16,20,21,23>6,9,13,2,8,14,20,21
1,2,6,8,9,13,14,16,20,21,23>7,9,13,2,8,14,20,21
1,2,6,8,9,13,14,16,20,21,23>6,7,9,16,2,8,14,20,21
1,2,6,8,9,13,14,16,20,21,23>6,10,13,16,23,2,8,14,20,21
1,2,6,8,9,13,14,16,20,21,23>1,6,10,13,23,2,8,14,20,21
1,2,6,8,9,13,14,16,20,21,23>22,9,10,16,2,8,14,20,21
1,2,6,8,9,13,14,16,20,21,23>22,6,9,10,2,8,14,20,21
1,4,6,12,16,17,18,21>1,2,8,13,17,22,16,18,12
1,4,6,12,16,17,18,21>21,2,4,13,16,18,12
1,4,6,12,16,17,18,21>1,2,4,17,22,16,18,12
1,4,6,12,16,17,18,21>17,21,6,16,18,12
1,4,6,12,16,17,18,21>1,6,13,16,18,12
1,4,6,12,16,17,18,21>1,2,4,6,17,19,16,18,12
1,4,6,12,16,17,18,21>2,7,13,17,21,22,16,18,12
1,4,6,12,16,17,18,21>1,4,7,8,17,19,22,16,18,12
1,4,6,12,16,17,18,21>17,2,4,7,16,18,12
1,4,6,12,16,17,18,21>2,4,6,7,19,16,18,12
1,2,4,6,7,9,11,12,16,19,20,23>1,4,6,11,19,23,16,2,7
1,2,4,6,7,9,11,12,16,19,20,23>8,11,12,19,23,16,2,7
1,2,4,6,7,9,11,12,16,19,20,23>1,8,12,19,23,16,2,7
1,2,4,6,7,9,11,12,16,19,20,23>6,8,12,19,20,23,16,2,7
1,2,4,6,7,9,11,12,16,19,20,23>4,6,8,19,20,16,2,7
1,2,4,6,7,9,11,12,16,19,20,23>4,9,12,20,21,23,16,2,7
1,2,4,6,7,9,11,12,16,19,20,23>1,6,9,11,19,21,23,16,2,7
1,2,4,6,7,9,11,12,16,19,20,23>4,8,9,11,19,21,16,2,7
1,2,4,6,7,9,11,12,16,19,20,23>4,8,9,11,12,21,23,16,2,7
1,2,4,6,7,9,11,12,16,19,20,23>4,6,8,9,12,19,21,23,16,2,7
1,2,4,5,6,9,11,14,15,16,18,22>1,9,13,18,19,16,2,6,15
1,2,4,5,6,9,11,14,15,16,18,22>7,13,14,22,23,16,2,6,15
1,2,4,5,6,9,11,14,15,16,18,22>4,7,9,11,13,19,16,2,6,15
1,2,4,5,6,9,11,14,15,16,18,22>1,4,7,9,18,19,16,2,6,15
1,2,4,5,6,9,11,14,15,16,18,22>4,7,13,18,19,22,23,16,2,6,15
1,2,4,5,6,9,11,14,15,16,18,22>5,7,10,11,12,13,14,22,16,2,6,15
1,2,4,5,6,9,11,14,15,16,18,22>8,10,11,12,13,14,23,16,2,6,15
1,2,4,5,6,9,11,14,15,16,18,22>8,9,10,11,12,19,22,16,2,6,15
1,2,4,5,6,9,11,14,15,16,18,22>5,8,9,10,14,23,16,2,6,15
1,2,4,5,6,9,11,14,15,16,18,22>5,7,8,11,13,18,22,16,2,6,15
1,2,8,14,16,17,18,20,22>21,1,23,22,8,2,20
1,2,8,14,16,17,18,20,22>21,22,13,16,8,2,20
1,2,8,14,16,17,18,20,22>1,13,16,18,19,22,8,2,20
1,2,8,14,16,17,18,20,22>22,13,14,16,8,2,20
1,2,8,14,16,17,18,20,22>1,13,17,19,22,8,2,20
1,2,8,14,16,17,18,20,22>14,17,19,21,22,23,8,2,20
1,2,8,14,16,17,18,20,22>22,16,17,18,8,2,20
1,2,8,14,16,17,18,20,22>21,1,16,17,8,2,20
1,2,8,14,16,17,18,20,22>1,13,16,17,18,19,8,2,20
1,2,8,14,16,17,18,20,22>13,14,16,17,21,23,8,2,20
3,4,5,6,9,10,14,16,19,20,23>5,9,10,14,19,23,16,4,20
3,4,5,6,9,10,14,16,19,20,23>3,5,6,9,10,14,23,16,4,20
3,4,5,6,9,10,14,16,19,20,23>3,7,10,14,19,21,23,16,4,20
3,4,5,6,9,10,14,16,19,20,23>6,7,9,14,19,21,23,16,4,20
3,4,5,6,9,10,14,16,19,20,23>5,6,7,19,23,16,4,20
3,4,5,6,9,10,14,16,19,20,23>5,6,7,9,10,15,19,16,4,20
3,4,5,6,9,10,14,16,19,20,23>14,21,8,10,16,4,20
3,4,5,6,9,10,14,16,19,20,23>14,19,6,8,16,4,20
3,4,5,6,9,10,14,16,19,20,23>5,6,8,9,14,15,23,16,4,20
3,4,5,6,9,10,14,16,19,20,23>15,7,8,9,16,4,20
1,4,5,6,8,9,10,14,17,19,20,21,23>1,7,8,9,16,23,17,20,21
1,4,5,6,8,9,10,14,17,19,20,21,23>2,7,8,9,22,23,17,20,21
1,4,5,6,8,9,10,14,17,19,20,21,23>5,6,8,9,10,19,22,17,20,21
1,4,5,6,8,9,10,14,17,19,20,21,23>2,4,5,7,8,9,10,14,19,22,17,20,21
1,4,5,6,8,9,10,14,17,19,20,21,23>6,10,14,16,19,22,23,17,20,21
1,4,5,6,8,9,10,14,17,19,20,21,23>1,4,6,19,22,23,17,20,21
1,4,5,6,8,9,10,14,17,19,20,21,23>2,4,6,7,14,22,17,20,21
1,4,5,6,8,9,10,14,17,19,20,21,23>5,6,7,8,10,14,16,19,22,17,20,21
1,4,5,6,8,9,10,14,17,19,20,21,23>1,5,6,7,8,14,23,17,20,21
1,4,5,6,8,9,10,14,17,19,20,21,23>1,2,5,6,8,10,14,16,17,20,21
6,8,12,13,14,15,18,20>6,7,19,20,21,8,13,14
6,8,12,13,14,15,18,20>6,7,12,18,19,20,8,13,14
6,8,12,13,14,15,18,20>19,20,15,18,8,13,14
6,8,12,13,14,15,18,20>6,21,15,18,8,13,14
6,8,12,13,14,15,18,20>20,12,15,18,8,13,14
6,8,12,13,14,15,18,20>19,20,12,15,8,13,14
6,8,12,13,14,15,18,20>6,16,18,19,21,8,13,14
6,8,12,13,14,15,18,20>21,12,16,18,8,13,14
6,8,12,13,14,15,18,20>6,12,16,17,18,8,13,14
6,8,12,13,14,15,18,20>7,15,16,17,20,21,8,13,14
3,4,6,8,9,10,11,12,17,21,23>3,6,17,21,22,23,4,8,10,11,12
3,4,6,8,9,10,11,12,17,21,23>3,7,17,23,4,8,10,11,12
3,4,6,8,9,10,11,12,17,21,23>23,6,9,4,8,10,11,12
3,4,6,8,9,10,11,12,17,21,23>3,6,9,17,21,22,4,8,10,11,12
3,4,6,8,9,10,11,12,17,21,23>23,7,9,4,8,10,11,12
3,4,6,8,9,10,11,12,17,21,23>6,7,9,21,4,8,10,11,12
3,4,6,8,9,10,11,12,17,21,23>3,16,23,4,8,10,11,12
3,4,6,8,9,10,11,12,17,21,23>23,6,16,17,4,8,10,11,12
3,4,6,8,9,10,11,12,17,21,23>3,6,16,17,21,22,4,8,10,11,12
3,4,6,8,9,10,11,12,17,21,23>22,7,16,21,4,8,10,11,12
1,2,4,5,6,7,9,10,13,15,18,20,21,23>5,15,18,19,22,2,6,7,10,20,21
1,2,4,5,6,7,9,10,13,15,18,20,21,23>5,14,16,19,22,2,6,7,10,20,21
1,2,4,5,6,7,9,10,13,15,18,20,21,23>4,9,14,15,19,22,23,2,6,7,10,20,21
1,2,4,5,6,7,9,10,13,15,18,20,21,23>1,4,9,17,19,23,2,6,7,10,20,21
1,2,4,5,6,7,9,10,13,15,18,20,21,23>1,4,9,14,15,16,17,18,19,22,2,6,7,10,20,21
1,2,4,5,6,7,9,10,13,15,18,20,21,23>1,5,9,14,19,22,2,6,7,10,20,21
1,2,4,5,6,7,9,10,13,15,18,20,21,23>1,5,9,15,19,22,2,6,7,10,20,21
1,2,4,5,6,7,9,10,13,15,18,20,21,23>1,13,14,15,17,19,22,23,2,6,7,10,20,21
1,2,4,5,6,7,9,10,13,15,18,20,21,23>4,13,18,19,23,2,6,7,10,20,21
1,2,4,5,6,7,9,10,13,15,18,20,21,23>1,5,13,15,16,18,22,23,2,6,7,10,20,21
1,2,3,5,7,10,13,15,16,17,18,19,22>1,10,12,14,15,20,22,23,2,13,16,18,19
1,2,3,5,7,10,13,15,16,17,18,19,22>3,4,8,10,11,12,14,15,20,2,13,16,18,19
1,2,3,5,7,10,13,15,16,17,18,19,22>3,5,8,10,11,12,14,17,23,2,13,16,18,19
1,2,3,5,7,10,13,15,16,17,18,19,22>1,3,5,10,12,20,22,23,2,13,16,18,19
1,2,3,5,7,10,13,15,16,17,18,19,22>1,4,5,8,11,12,15,20,2,13,16,18,19
1,2,3,5,7,10,13,15,16,17,18,19,22>3,4,5,8,11,12,14,15,17,22,2,13,16,18,19
1,2,3,5,7,10,13,15,16,17,18,19,22>1,3,7,8,10,11,14,17,20,2,13,16,18,19
1,2,3,5,7,10,13,15,16,17,18,19,22>1,4,7,14,17,2,13,16,18,19
1,2,3,5,7,10,13,15,16,17,18,19,22>1,3,5,7,8,11,12,15,20,22,23,2,13,16,18,19
1,2,3,5,7,10,13,15,16,17,18,19,22>1,4,5,7,10,11,12,2,13,16,18,19
5,9,10,11,12,13,14,18,19,23>23,5,15,18,19,11,12,14
5,9,10,11,12,13,14,18,19,23>8,18,19,11,12,14
5,9,10,11,12,13,14,18,19,23>23,5,8,9,19,11,12,14
5,9,10,11,12,13,14,18,19,23>5,10,15,19,11,12,14
5,9,10,11,12,13,14,18,19,23>5,9,10,18,19,11,12,14
5,9,10,11,12,13,14,18,19,23>8,9,10,15,19,11,12,14
5,9,10,11,12,13,14,18,19,23>5,13,18,19,11,12,14
5,9,10,11,12,13,14,18,19,23>5,8,13,19,11,12,14
5,9,10,11,12,13,14,18,19,23>23,9,13,18,19,11,12,14
5,9,10,11,12,13,14,18,19,23>8,9,13,19,11,12,14
1,2,4,6,10,11,12,13,16,17,18,20,21>11,17,19,20,22,2,13,16,18,21
1,2,4,6,10,11,12,13,16,17,18,20,21>6,7,10,12,14,17,20,2,13,16,18,21
1,2,4,6,10,11,12,13,16,17,18,20,21>1,6,7,10,12,17,19,20,22,2,13,16,18,21
1,2,4,6,10,11,12,13,16,17,18,20,21>4,6,7,11,17,19,20,2,13,16,18,21
1,2,4,6,10,11,12,13,16,17,18,20,21>6,7,10,11,19,20,22,2,13,16,18,21
1,2,4,6,10,11,12,13,16,17,18,20,21>7,8,10,12,14,17,19,20,2,13,16,18,21
1,2,4,6,10,11,12,13,16,17,18,20,21>1,7,8,10,11,12,19,20,2,13,16,18,21
1,2,4,6,10,11,12,13,16,17,18,20,21>7,8,10,20,22,2,13,16,18,21
1,2,4,6,10,11,12,13,16,17,18,20,21>4,6,7,8,11,17,22,2,13,16,18,21
1,2,4,6,10,11,12,13,16,17,18,20,21>1,4,6,7,8,12,14,20,2,13,16,18,21
5,9,11,12,14,15,16,18,20,21,22,23>5,6,8,19,20,15,16,21,22,23
5,9,11,12,14,15,16,18,20,21,22,23>8,9,12,14,18,19,20,15,16,21,22,23
5,9,11,12,14,15,16,18,20,21,22,23>5,8,9,14,19,20,15,16,21,22,23
5,9,11,12,14,15,16,18,20,21,22,23>6,8,9,11,18,15,16,21,22,23
5,9,11,12,14,15,16,18,20,21,22,23>5,6,8,9,15,16,21,22,23
5,9,11,12,14,15,16,18,20,21,22,23>10,11,12,15,16,21,22,23
5,9,11,12,14,15,16,18,20,21,22,23>5,10,18,19,20,15,16,21,22,23
5,9,11,12,14,15,16,18,20,21,22,23>5,8,10,12,18,15,16,21,22,23
5,9,11,12,14,15,16,18,20,21,22,23>5,6,8,10,14,19,15,16,21,22,23
5,9,11,12,14,15,16,18,20,21,22,23>6,9,10,11,14,18,19,20,15,16,21,22,23
1,3,4,6,8,11,13,15,17,20,21,22,23>1,2,8,14,16,4,17,20,21,22,23
1,3,4,6,8,11,13,15,17,20,21,22,23>1,2,11,13,14,16,4,17,20,21,22,23
1,3,4,6,8,11,13,15,17,20,21,22,23>1,3,11,14,16,4,17,20,21,22,23
1,3,4,6,8,11,13,15,17,20,21,22,23>15,2,3,4,17,20,21,22,23
1,3,4,6,8,11,13,15,17,20,21,22,23>1,6,8,13,14,16,4,17,20,21,22,23
1,3,4,6,8,11,13,15,17,20,21,22,23>1,3,6,8,16,4,17,20,21,22,23
1,3,4,6,8,11,13,15,17,20,21,22,23>1,2,7,8,15,4,17,20,21,22,23
1,3,4,6,8,11,13,15,17,20,21,22,23>13,1,3,7,4,17,20,21,22,23
1,3,4,6,8,11,13,15,17,20,21,22,23>2,6,7,8,4,17,20,21,22,23
1,3,4,6,8,11,13,15,17,20,21,22,23>3,6,7,11,15,4,17,20,21,22,23
1,2,5,7,8,9,11,13,14,15,16,22,23>13,15,22,2,8,14,16,23
1,2,5,7,8,9,11,13,14,15,16,22,23>5,10,11,12,13,15,2,8,14,16,23
1,2,5,7,8,9,11,13,14,15,16,22,23>1,6,10,12,15,22,2,8,14,16,23
1,2,5,7,8,9,11,13,14,15,16,22,23>5,7,12,13,15,2,8,14,16,23
1,2,5,7,8,9,11,13,14,15,16,22,23>5,9,10,11,13,2,8,14,16,23
1,2,5,7,8,9,11,13,14,15,16,22,23>1,5,9,10,12,13,15,2,8,14,16,23
1,2,5,7,8,9,11,13,14,15,16,22,23>1,6,9,10,12,13,15,2,8,14,16,23
1,2,5,7,8,9,11,13,14,15,16,22,23>1,5,6,9,10,12,22,2,8,14,16,23
1,2,5,7,8,9,11,13,14,15,16,22,23>1,7,9,12,15,22,2,8,14,16,23
1,2,5,7,8,9,11,13,14,15,16,22,23>6,7,9,10,11,13,2,8,14,16,23
4,6,8,13,15,16,17,18,19,20,23>4,6,15,18,23,8,16,19,20
4,6,8,13,15,16,17,18,19,20,23>4,6,7,17,21,23,8,16,19,20
4,6,8,13,15,16,17,18,19,20,23>4,13,15,18,21,23,8,16,19,20
4,6,8,13,15,16,17,18,19,20,23>6,13,17,18,21,8,16,19,20
4,6,8,13,15,16,17,18,19,20,23>4,7,13,15,17,21,8,16,19,20
4,6,8,13,15,16,17,18,19,20,23>23,6,7,13,8,16,19,20
4,6,8,13,15,16,17,18,19,20,23>4,7,14,15,17,8,16,19,20
4,6,8,13,15,16,17,18,19,20,23>23,13,14,15,8,16,19,20
4,6,8,13,15,16,17,18,19,20,23>6,13,14,18,21,8,16,19,20
4,6,8,13,15,16,17,18,19,20,23>4,6,7,13,14,15,8,16,19,20
1,5,6,7,14,15,17,19,21,23>1,2,16,17,18,19,20,23,15,7
1,5,6,7,14,15,17,19,21,23>1,5,16,17,18,19,20,22,23,15,7
1,5,6,7,14,15,17,19,21,23>18,19,6,16,15,7
1,5,6,7,14,15,17,19,21,23>1,2,5,14,18,20,22,23,15,7
1,5,6,7,14,15,17,19,21,23>2,5,6,16,17,19,20,15,7
1,5,6,7,14,15,17,19,21,23>14,18,20,21,22,15,7
1,5,6,7,14,15,17,19,21,23>1,5,14,17,18,19,21,22,23,15,7
1,5,6,7,14,15,17,19,21,23>1,2,5,14,16,17,20,22,23,15,7
1,5,6,7,14,15,17,19,21,23>1,6,14,20,21,23,15,7
1,5,6,7,14,15,17,19,21,23>2,6,14,16,17,19,20,22,15,7
2,6,8,10,11,12,15,18,19,20,22,23>2,12,18,20,21,8,19,23
2,6,8,10,11,12,15,18,19,20,22,23>17,7,21,15,8,19,23
2,6,8,10,11,12,15,18,19,20,22,23>2,7,12,15,22,8,19,23
2,6,8,10,11,12,15,18,19,20,22,23>2,10,12,15,16,20,21,22,8,19,23
2,6,8,10,11,12,15,18,19,20,22,23>2,10,12,15,16,17,8,19,23
2,6,8,10,11,12,15,18,19,20,22,23>2,10,15,16,17,18,21,8,19,23
2,6,8,10,11,12,15,18,19,20,22,23>7,10,12,15,17,18,8,19,23
2,6,8,10,11,12,15,18,19,20,22,23>6,7,10,12,15,16,18,20,22,8,19,23
2,6,8,10,11,12,15,18,19,20,22,23>7,11,12,15,16,17,20,8,19,23
2,6,8,10,11,12,15,18,19,20,22,23>2,6,10,11,18,20,22,8,19,23
1,2,4,5,6,7,8,12,14,15,16>4,5,15,2,6,7,8,12,16
1,2,4,5,6,7,8,12,14,15,16>1,13,15,2,6,7,8,12,16
1,2,4,5,6,7,8,12,14,15,16>1,4,13,2,6,7,8,12,16
1,2,4,5,6,7,8,12,14,15,16>1,5,13,2,6,7,8,12,16
1,2,4,5,6,7,8,12,14,15,16>4,14,15,2,6,7,8,12,16
1,2,4,5,6,7,8,12,14,15,16>5,14,15,2,6,7,8,12,16
1,2,4,5,6,7,8,12,14,15,16>1,5,14,2,6,7,8,12,16
1,2,4,5,6,7,8,12,14,15,16>13,14,15,2,6,7,8,12,16
1,2,4,5,6,7,8,12,14,15,16>4,13,14,2,6,7,8,12,16
1,2,4,5,6,7,8,12,14,15,16>5,13,14,2,6,7,8,12,16
2,3,7,9,13,14,16,17,21,23>12,3,16,21,14
2,3,7,9,13,14,16,17,21,23>4,9,10,12,13,17,22,14
2,3,7,9,13,14,16,17,21,23>2,7,9,13,15,16,18,22,23,14
2,3,7,9,13,14,16,17,21,23>3,7,12,13,15,17,21,22,14
2,3,7,9,13,14,16,17,21,23>2,7,8,15,18,14
2,3,7,9,13,14,16,17,21,23>8,15,18,21,23,14
2,3,7,9,13,14,16,17,21,23>2,3,8,9,16,21,22,14
2,3,7,9,13,14,16,17,21,23>2,4,8,9,10,12,13,21,22,23,14
2,3,7,9,13,14,16,17,21,23>2,7,8,9,10,12,13,16,17,23,14
2,3,7,9,13,14,16,17,21,23>2,4,7,8,10,12,21,23,14
1,2,4,6,7,11,13,15,17,18,19,21>1,16,17,20,21,22,2,7,13,18,19
1,2,4,6,7,11,13,15,17,18,19,21>6,15,17,20,21,2,7,13,18,19
1,2,4,6,7,11,13,15,17,18,19,21>1,6,15,20,2,7,13,18,19
1,2,4,6,7,11,13,15,17,18,19,21>4,11,16,20,21,2,7,13,18,19
1,2,4,6,7,11,13,15,17,18,19,21>14,15,16,17,22,2,7,13,18,19
1,2,4,6,7,11,13,15,17,18,19,21>1,4,14,15,17,22,2,7,13,18,19
1,2,4,6,7,11,13,15,17,18,19,21>1,4,11,14,15,20,22,2,7,13,18,19
1,2,4,6,7,11,13,15,17,18,19,21>1,6,11,14,16,20,2,7,13,18,19
1,2,4,6,7,11,13,15,17,18,19,21>1,6,11,14,21,2,7,13,18,19
1,2,4,6,7,11,13,15,17,18,19,21>4,6,11,14,16,17,21,2,7,13,18,19
1,3,7,8,10,11,12,13,15,16,17,20,23>1,11,12,15,17,21,23,8,16
1,3,7,8,10,11,12,13,15,16,17,20,23>1,3,11,13,15,17,20,21,8,16
1,3,7,8,10,11,12,13,15,16,17,20,23>1,2,3,10,11,13,14,20,8,16
1,3,7,8,10,11,12,13,15,16,17,20,23>1,2,4,10,12,15,17,20,21,8,16
1,3,7,8,10,11,12,13,15,16,17,20,23>3,4,11,12,13,15,17,20,8,16
1,3,7,8,10,11,12,13,15,16,17,20,23>1,2,3,4,10,12,14,20,21,23,8,16
1,3,7,8,10,11,12,13,15,16,17,20,23>2,7,11,12,13,15,17,21,23,8,16
1,3,7,8,10,11,12,13,15,16,17,20,23>2,7,10,14,20,23,8,16
1,3,7,8,10,11,12,13,15,16,17,20,23>4,7,10,14,15,21,23,8,16
1,3,7,8,10,11,12,13,15,16,17,20,23>1,4,7,10,12,14,20,23,8,16
1,2,3,5,6,9,11,12,15,16,17,18,19,21>1,4,7,11,15,17,21,22,2,12,16,18,19
1,2,3,5,6,9,11,12,15,16,17,18,19,21>3,4,7,8,11,13,17,22,2,12,16,18,19
1,2,3,5,6,9,11,12,15,16,17,18,19,21>4,5,7,9,11,15,22,2,12,16,18,19
1,2,3,5,6,9,11,12,15,16,17,18,19,21>1,5,6,7,13,15,21,2,12,16,18,19
1,2,3,5,6,9,11,12,15,16,17,18,19,21>3,4,6,9,17,21,2,12,16,18,19
1,2,3,5,6,9,11,12,15,16,17,18,19,21>3,4,6,9,13,15,21,2,12,16,18,19
1,2,3,5,6,9,11,12,15,16,17,18,19,21>1,3,4,6,11,21,22,2,12,16,18,19
1,2,3,5,6,9,11,12,15,16,17,18,19,21>1,3,5,6,9,21,22,2,12,16,18,19
1,2,3,5,6,9,11,12,15,16,17,18,19,21>4,5,6,7,8,9,15,17,21,2,12,16,18,19
1,2,3,5,6,9,11,12,15,16,17,18,19,21>1,4,5,6,7,8,9,11,15,2,12,16,18,19
1,2,9,13,16,17,19,21,22,23>1,19,21,14,2,22,23
1,2,9,13,16,17,19,21,22,23>8,14,16,17,19,2,22,23
1,2,9,13,16,17,19,21,22,23>12,17,18,19,20,2,22,23
1,2,9,13,16,17,19,21,22,23>17,1,12,14,2,22,23
1,2,9,13,16,17,19,21,22,23>8,9,12,17,18,19,2,22,23
1,2,9,13,16,17,19,21,22,23>1,13,14,16,17,19,20,2,22,23
1,2,9,13,16,17,19,21,22,23>1,13,16,17,18,19,20,2,22,23
1,2,9,13,16,17,19,21,22,23>9,13,14,19,20,2,22,23
1,2,9,13,16,17,19,21,22,23>8,9,13,18,19,20,21,2,22,23
1,2,9,13,16,17,19,21,22,23>1,8,9,13,14,16,17,20,21,2,22,23
1,2,8,9,10,11,19,22,23>1,8,20,22,2,11,23
1,2,8,9,10,11,19,22,23>8,9,20,2,11,23
1,2,8,9,10,11,19,22,23>8,10,20,22,2,11,23
1,2,8,9,10,11,19,22,23>1,8,9,10,22,2,11,23
1,2,8,9,10,11,19,22,23>19,20,22,2,11,23
1,2,8,9,10,11,19,22,23>1,8,19,22,2,11,23
1,2,8,9,10,11,19,22,23>1,9,19,20,2,11,23
1,2,8,9,10,11,19,22,23>8,9,19,22,2,11,23
1,2,8,9,10,11,19,22,23>10,19,22,2,11,23
1,2,8,9,10,11,19,22,23>1,9,10,19,2,11,23
1,2,6,7,8,10,11,13,14,15,16,17,18,20,21,22,23>18,1,6,17,2,7,8,14,16,20,21,22,23
1,2,6,7,8,10,11,13,14,15,16,17,18,20,21,22,23>6,10,15,17,18,19,2,7,8,14,16,20,21,22,23
1,2,6,7,8,10,11,13,14,15,16,17,18,20,21,22,23>1,11,15,19,2,7,8,14,16,20,21,22,23
1,2,6,7,8,10,11,13,14,15,16,17,18,20,21,22,23>6,11,15,2,7,8,14,16,20,21,22,23
1,2,6,7,8,10,11,13,14,15,16,17,18,20,21,22,23>18,10,11,17,2,7,8,14,16,20,21,22,23
1,2,6,7,8,10,11,13,14,15,16,17,18,20,21,22,23>6,10,11,17,2,7,8,14,16,20,21,22,23
1,2,6,7,8,10,11,13,14,15,16,17,18,20,21,22,23>1,6,10,11,18,2,7,8,14,16,20,21,22,23
1,2,6,7,8,10,11,13,14,15,16,17,18,20,21,22,23>18,1,6,13,2,7,8,14,16,20,21,22,23
1,2,6,7,8,10,11,13,14,15,16,17,18,20,21,22,23>19,10,13,2,7,8,14,16,20,21,22,23
1,2,6,7,8,10,11,13,14,15,16,17,18,20,21,22,23>1,11,13,15,17,18,2,7,8,14,16,20,21,22,23
3,4,5,6,7,12,13,14,16,17,18,19,21,22,23>21,5,15,4,7,12,14,16,18,19,22,23
3,4,5,6,7,12,13,14,16,17,18,19,21,22,23>3,5,17,4,7,12,14,16,18,19,22,23
3,4,5,6,7,12,13,14,16,17,18,19,21,22,23>21,3,6,17,4,7,12,14,16,18,19,22,23
3,4,5,6,7,12,13,14,16,17,18,19,21,22,23>6,8,17,4,7,12,14,16,18,19,22,23
3,4,5,6,7,12,13,14,16,17,18,19,21,22,23>3,6,8,4,7,12,14,16,18,19,22,23
3,4,5,6,7,12,13,14,16,17,18,19,21,22,23>21,13,15,17,4,7,12,14,16,18,19,22,23
3,4,5,6,7,12,13,14,16,17,18,19,21,22,23>5,13,15,4,7,12,14,16,18,19,22,23
3,4,5,6,7,12,13,14,16,17,18,19,21,22,23>21,3,5,13,4,7,12,14,16,18,19,22,23
3,4,5,6,7,12,13,14,16,17,18,19,21,22,23>21,6,13,15,4,7,12,14,16,18,19,22,23
3,4,5,6,7,12,13,14,16,17,18,19,21,22,23>6,8,13,15,4,7,12,14,16,18,19,22,23
2,3,4,7,10,11,12,13,16,19,20,21,22>23,2,20,7,4,13,16,21,22
2,3,4,7,10,11,12,13,16,19,20,21,22>2,3,7,11,19,4,13,16,21,22
2,3,4,7,10,11,12,13,16,19,20,21,22>2,3,7,10,19,20,4,13,16,21,22
2,3,4,7,10,11,12,13,16,19,20,21,22>2,7,8,14,20,4,13,16,21,22
2,3,4,7,10,11,12,13,16,19,20,21,22>20,3,7,8,4,13,16,21,22
2,3,4,7,10,11,12,13,16,19,20,21,22>2,3,7,8,11,12,14,4,13,16,21,22
2,3,4,7,10,11,12,13,16,19,20,21,22>3,7,10,11,19,4,13,16,21,22
2,3,4,7,10,11,12,13,16,19,20,21,22>3,7,10,11,14,23,4,13,16,21,22
2,3,4,7,10,11,12,13,16,19,20,21,22>7,8,10,12,14,19,4,13,16,21,22
2,3,4,7,10,11,12,13,16,19,20,21,22>2,7,8,10,11,19,23,4,13,16,21,22
1,4,5,6,7,8,10,11,12,13,18,22>23,2,22,14,6,7,8,11,12,13
1,4,5,6,7,8,10,11,12,13,18,22>1,2,14,16,18,6,7,8,11,12,13
1,4,5,6,7,8,10,11,12,13,18,22>1,2,4,22,23,6,7,8,11,12,13
1,4,5,6,7,8,10,11,12,13,18,22>1,2,5,10,14,23,6,7,8,11,12,13
1,4,5,6,7,8,10,11,12,13,18,22>1,4,5,16,22,6,7,8,11,12,13
1,4,5,6,7,8,10,11,12,13,18,22>2,4,10,14,16,18,19,23,6,7,8,11,12,13
1,4,5,6,7,8,10,11,12,13,18,22>2,4,10,16,22,6,7,8,11,12,13
1,4,5,6,7,8,10,11,12,13,18,22>1,2,5,10,19,22,23,6,7,8,11,12,13
1,4,5,6,7,8,10,11,12,13,18,22>4,5,10,16,18,22,6,7,8,11,12,13
1,4,5,6,7,8,10,11,12,13,18,22>1,2,5,10,16,18,22,23,6,7,8,11,12,13
1,2,3,5,6,7,9,11,12,13,14,15,16,17,18,19,20>8,9,11,20,21,2,7,13,14,15,16,18,19
1,2,3,5,6,7,9,11,12,13,14,15,16,17,18,19,20>4,5,9,12,17,20,21,2,7,13,14,15,16,18,19
1,2,3,5,6,7,9,11,12,13,14,15,16,17,18,19,20>1,4,5,12,17,2,7,13,14,15,16,18,19
1,2,3,5,6,7,9,11,12,13,14,15,16,17,18,19,20>1,5,6,9,11,12,20,21,2,7,13,14,15,16,18,19
1,2,3,5,6,7,9,11,12,13,14,15,16,17,18,19,20>1,3,4,5,8,11,17,21,2,7,13,14,15,16,18,19
1,2,3,5,6,7,9,11,12,13,14,15,16,17,18,19,20>1,3,4,5,8,9,20,2,7,13,14,15,16,18,19
1,2,3,5,6,7,9,11,12,13,14,15,16,17,18,19,20>1,4,6,12,17,20,2,7,13,14,15,16,18,19
1,2,3,5,6,7,9,11,12,13,14,15,16,17,18,19,20>1,3,4,6,8,9,17,21,2,7,13,14,15,16,18,19
1,2,3,5,6,7,9,11,12,13,14,15,16,17,18,19,20>1,5,6,9,17,20,21,2,7,13,14,15,16,18,19
1,2,3,5,6,7,9,11,12,13,14,15,16,17,18,19,20>3,5,6,9,17,21,2,7,13,14,15,16,18,19
1,4,5,6,7,12,13,16,20,21>1,4,12,14,20,6,7,13,16,21
1,4,5,6,7,12,13,16,20,21>20,22,2,4,6,7,13,16,21
1,4,5,6,7,12,13,16,20,21>1,2,4,14,22,6,7,13,16,21
1,4,5,6,7,12,13,16,20,21>2,5,12,14,20,22,6,7,13,16,21
1,4,5,6,7,12,13,16,20,21>2,4,5,12,20,6,7,13,16,21
1,4,5,6,7,12,13,16,20,21>2,4,5,12,22,6,7,13,16,21
1,4,5,6,7,12,13,16,20,21>4,8,14,20,22,6,7,13,16,21
1,4,5,6,7,12,13,16,20,21>1,5,8,6,7,13,16,21
1,4,5,6,7,12,13,16,20,21>2,5,8,6,7,13,16,21
1,4,5,6,7,12,13,16,20,21>4,5,8,12,14,6,7,13,16,21
1,2,4,5,8,9,13,14,17,22>1,6,8,10,16,2,13,14
1,2,4,5,8,9,13,14,17,22>1,5,9,16,17,2,13,14
1,2,4,5,8,9,13,14,17,22>4,5,9,10,16,17,22,23,2,13,14
1,2,4,5,8,9,13,14,17,22>1,4,6,22,23,2,13,14
1,2,4,5,8,9,13,14,17,22>8,9,10,16,22,23,2,13,14
1,2,4,5,8,9,13,14,17,22>4,8,9,16,22,23,2,13,14
1,2,4,5,8,9,13,14,17,22>17,4,5,8,2,13,14
1,2,4,5,8,9,13,14,17,22>6,8,9,16,22,23,2,13,14
1,2,4,5,8,9,13,14,17,22>1,6,8,17,2,13,14
1,2,4,5,8,9,13,14,17,22>5,6,8,10,22,2,13,14
1,3,5,7,8,9,11,12,14,15,18,19,22,23>7,9,11,14,15,18,22,8,19,12,23
1,3,5,7,8,9,11,12,14,15,18,19,22,23>2,3,9,14,15,16,18,22,8,19,12,23
1,3,5,7,8,9,11,12,14,15,18,19,22,23>1,2,3,15,16,8,19,12,23
1,3,5,7,8,9,11,12,14,15,18,19,22,23>1,4,5,9,11,14,22,8,19,12,23
1,3,5,7,8,9,11,12,14,15,18,19,22,23>2,3,4,7,11,22,8,19,12,23
1,3,5,7,8,9,11,12,14,15,18,19,22,23>2,3,4,9,11,14,8,19,12,23
1,3,5,7,8,9,11,12,14,15,18,19,22,23>2,3,5,11,15,18,22,8,19,12,23
1,3,5,7,8,9,11,12,14,15,18,19,22,23>1,2,3,5,7,9,15,18,8,19,12,23
1,3,5,7,8,9,11,12,14,15,18,19,22,23>1,4,5,14,18,22,8,19,12,23
1,3,5,7,8,9,11,12,14,15,18,19,22,23>1,3,4,5,18,8,19,12,23
2,3,7,9,11,12,13,17,19,20,22>3,11,19,20,23,17,13
2,3,7,9,11,12,13,17,19,20,22>3,4,9,12,18,19,20,21,22,17,13
2,3,7,9,11,12,13,17,19,20,22>7,12,14,19,20,21,22,17,13
2,3,7,9,11,12,13,17,19,20,22>2,4,7,9,12,14,18,21,17,13
2,3,7,9,11,12,13,17,19,20,22>3,4,7,9,12,18,20,21,23,17,13
2,3,7,9,11,12,13,17,19,20,22>2,4,7,11,14,19,20,21,22,23,17,13
2,3,7,9,11,12,13,17,19,20,22>2,4,8,9,11,12,18,20,21,22,23,17,13
2,3,7,9,11,12,13,17,19,20,22>4,7,8,9,14,20,22,17,13
2,3,7,9,11,12,13,17,19,20,22>2,7,8,14,18,19,17,13
2,3,7,9,11,12,13,17,19,20,22>4,7,8,12,14,20,23,17,13
2,5,6,7,8,10,11,13,14,15,19>19,2,5,15,11,13,14,7
2,5,6,7,8,10,11,13,14,15,19>2,6,16,19,20,11,13,14,7
2,5,6,7,8,10,11,13,14,15,19>19,20,8,11,13,14,7
2,5,6,7,8,10,11,13,14,15,19>20,5,8,16,11,13,14,7
2,5,6,7,8,10,11,13,14,15,19>19,6,8,11,13,14,7
2,5,6,7,8,10,11,13,14,15,19>5,6,8,15,20,11,13,14,7
2,5,6,7,8,10,11,13,14,15,19>19,2,10,16,11,13,14,7
2,5,6,7,8,10,11,13,14,15,19>19,6,10,15,11,13,14,7
2,5,6,7,8,10,11,13,14,15,19>2,6,8,10,20,11,13,14,7
2,5,6,7,8,10,11,13,14,15,19>2,6,8,10,15,16,11,13,14,7
3,5,6,9,11,15,17,18,21,22,23>4,11,15,16,17,19,21,18,23,6,22
3,5,6,9,11,15,17,18,21,22,23>3,4,10,15,17,18,23,6,22
3,5,6,9,11,15,17,18,21,22,23>3,4,16,17,19,18,23,6,22
3,5,6,9,11,15,17,18,21,22,23>4,5,10,11,15,18,23,6,22
3,5,6,9,11,15,17,18,21,22,23>7,15,16,17,19,21,18,23,6,22
3,5,6,9,11,15,17,18,21,22,23>3,7,21,18,23,6,22
3,5,6,9,11,15,17,18,21,22,23>3,7,10,11,15,17,19,18,23,6,22
3,5,6,9,11,15,17,18,21,22,23>3,9,10,11,15,16,21,18,23,6,22
3,5,6,9,11,15,17,18,21,22,23>3,5,9,11,16,17,18,23,6,22
3,5,6,9,11,15,17,18,21,22,23>4,5,9,10,11,18,23,6,22
1,2,4,5,8,9,10,12,14,15,18,21,22>1,13,15,16,18,23,2,8,10,12,22
1,2,4,5,8,9,10,12,14,15,18,21,22>4,11,13,15,21,23,2,8,10,12,22
1,2,4,5,8,9,10,12,14,15,18,21,22>1,6,11,14,16,21,23,2,8,10,12,22
1,2,4,5,8,9,10,12,14,15,18,21,22>5,6,11,15,16,18,19,23,2,8,10,12,22
1,2,4,5,8,9,10,12,14,15,18,21,22>1,5,6,11,14,21,2,8,10,12,22
1,2,4,5,8,9,10,12,14,15,18,21,22>1,4,5,6,14,16,18,19,2,8,10,12,22
1,2,4,5,8,9,10,12,14,15,18,21,22>14,1,21,9,2,8,10,12,22
1,2,4,5,8,9,10,12,14,15,18,21,22>4,9,11,15,18,21,23,2,8,10,12,22
1,2,4,5,8,9,10,12,14,15,18,21,22>4,5,9,13,14,2,8,10,12,22
1,2,4,5,8,9,10,12,14,15,18,21,22>4,5,6,9,14,21,2,8,10,12,22
3,4,7,8,12,14,15,16,17,20,21,22>3,7,12,15,17,4,8,16,21,22
3,4,7,8,12,14,15,16,17,20,21,22>3,7,12,15,20,23,4,8,16,21,22
3,4,7,8,12,14,15,16,17,20,21,22>3,13,15,23,4,8,16,21,22
3,4,7,8,12,14,15,16,17,20,21,22>7,12,13,15,20,4,8,16,21,22
3,4,7,8,12,14,15,16,17,20,21,22>3,7,12,13,17,20,4,8,16,21,22
3,4,7,8,12,14,15,16,17,20,21,22>3,14,15,17,23,4,8,16,21,22
3,4,7,8,12,14,15,16,17,20,21,22>3,12,14,15,4,8,16,21,22
3,4,7,8,12,14,15,16,17,20,21,22>7,12,14,17,20,23,4,8,16,21,22
3,4,7,8,12,14,15,16,17,20,21,22>3,13,14,17,20,23,4,8,16,21,22
3,4,7,8,12,14,15,16,17,20,21,22>12,13,14,15,17,23,4,8,16,21,22
6,15,16,18,20>7,19,21,16,20
6,15,16,18,20>6,8,19,21,16,20
6,15,16,18,20>6,7,8,16,20
6,15,16,18,20>6,15,21,16,20
6,15,16,18,20>6,7,15,19,16,20
6,15,16,18,20>6,18,19,16,20
6,15,16,18,20>8,18,19,21,16,20
6,15,16,18,20>6,8,18,21,16,20
6,15,16,18,20>15,18,19,16,20
6,15,16,18,20>15,18,21,16,20
1,3,8,9,10,15,16,17,18,19,22>11,12,15,18,20,22,23,8,16,19
1,3,8,9,10,15,16,17,18,19,22>2,3,10,17,20,23,8,16,19
1,3,8,9,10,15,16,17,18,19,22>2,3,10,11,17,22,8,16,19
1,3,8,9,10,15,16,17,18,19,22>2,3,10,12,22,23,8,16,19
1,3,8,9,10,15,16,17,18,19,22>1,22,9,15,8,16,19
1,3,8,9,10,15,16,17,18,19,22>2,9,11,12,17,23,8,16,19
1,3,8,9,10,15,16,17,18,19,22>1,2,9,10,12,17,18,23,8,16,19
1,3,8,9,10,15,16,17,18,19,22>4,9,10,11,17,20,22,23,8,16,19
1,3,8,9,10,15,16,17,18,19,22>2,20,4,9,8,16,19
1,3,8,9,10,15,16,17,18,19,22>1,2,3,4,9,11,17,18,22,8,16,19
1,7,10,11,14,19,20,21,23>2,7,15,17,19,22,20,21
1,7,10,11,14,19,20,21,23>1,2,7,15,22,20,21
1,7,10,11,14,19,20,21,23>1,10,14,17,22,23,20,21
1,7,10,11,14,19,20,21,23>7,10,14,19,23,20,21
1,7,10,11,14,19,20,21,23>7,10,14,15,17,22,23,20,21
1,7,10,11,14,19,20,21,23>1,2,11,14,15,17,19,20,21
1,7,10,11,14,19,20,21,23>1,2,11,14,17,22,23,20,21
1,7,10,11,14,19,20,21,23>1,7,11,14,15,17,19,20,21
1,7,10,11,14,19,20,21,23>7,10,11,14,17,19,22,20,21
1,7,10,11,14,19,20,21,23>1,2,7,10,11,14,17,20,21
8,10,11,16,21>10,12,8,11
8,10,11,16,21>10,13,22,8,11
8,10,11,16,21>12,13,22,8,11
8,10,11,16,21>10,16,22,8,11
8,10,11,16,21>12,16,22,8,11
8,10,11,16,21>13,21,22,8,11
8,10,11,16,21>12,13,21,8,11
8,10,11,16,21>16,21,22,8,11
8,10,11,16,21>12,16,21,8,11
8,10,11,16,21>13,16,21,8,11
1,3,4,7,9,11,13,15,16,21>14,2,3,22,16,4,13
1,3,4,7,9,11,13,15,16,21>1,2,3,7,11,12,14,16,4,13
1,3,4,7,9,11,13,15,16,21>8,9,11,12,14,15,21,22,16,4,13
1,3,4,7,9,11,13,15,16,21>1,7,8,10,14,21,16,4,13
1,3,4,7,9,11,13,15,16,21>1,2,3,7,22,16,4,13
1,3,4,7,9,11,13,15,16,21>1,2,8,10,11,14,21,22,16,4,13
1,3,4,7,9,11,13,15,16,21>1,7,8,11,12,14,22,16,4,13
1,3,4,7,9,11,13,15,16,21>2,7,8,9,11,14,22,16,4,13
1,3,4,7,9,11,13,15,16,21>3,7,8,11,14,21,22,16,4,13
1,3,4,7,9,11,13,15,16,21>1,3,7,8,10,11,16,4,13
2,3,4,5,8,9,11,13,17,21,22>2,3,9,14,16,21,4,13,22
2,3,4,5,8,9,11,13,17,21,22>2,6,8,10,14,21,4,13,22
2,3,4,5,8,9,11,13,17,21,22>17,6,9,4,13,22
2,3,4,5,8,9,11,13,17,21,22>3,6,23,9,4,13,22
2,3,4,5,8,9,11,13,17,21,22>2,3,6,11,14,23,4,13,22
2,3,4,5,8,9,11,13,17,21,22>5,6,9,10,21,4,13,22
2,3,4,5,8,9,11,13,17,21,22>14,16,5,6,4,13,22
2,3,4,5,8,9,11,13,17,21,22>5,21,8,10,4,13,22
2,3,4,5,8,9,11,13,17,21,22>2,6,8,11,16,17,23,4,13,22
2,3,4,5,8,9,11,13,17,21,22>5,6,8,11,16,17,4,13,22
1,3,4,5,6,7,8,9,10,11,12,14,15,17,18,19,20,23>1,10,11,16,20,23,4,7,8,17,19
1,3,4,5,6,7,8,9,10,11,12,14,15,17,18,19,20,23>1,2,11,16,18,23,4,7,8,17,19
1,3,4,5,6,7,8,9,10,11,12,14,15,17,18,19,20,23>2,3,16,18,20,21,23,4,7,8,17,19
1,3,4,5,6,7,8,9,10,11,12,14,15,17,18,19,20,23>1,2,3,10,14,16,23,4,7,8,17,19
1,3,4,5,6,7,8,9,10,11,12,14,15,17,18,19,20,23>2,3,5,9,10,14,20,21,4,7,8,17,19
1,3,4,5,6,7,8,9,10,11,12,14,15,17,18,19,20,23>2,6,9,10,11,14,15,20,21,4,7,8,17,19
1,3,4,5,6,7,8,9,10,11,12,14,15,17,18,19,20,23>3,6,9,11,15,18,20,21,23,4,7,8,17,19
1,3,4,5,6,7,8,9,10,11,12,14,15,17,18,19,20,23>1,3,6,10,11,12,14,15,16,18,4,7,8,17,19
1,3,4,5,6,7,8,9,10,11,12,14,15,17,18,19,20,23>1,3,5,6,9,10,14,15,21,4,7,8,17,19
1,3,4,5,6,7,8,9,10,11,12,14,15,17,18,19,20,23>2,3,5,6,9,10,11,16,20,21,23,4,7,8,17,19
