TCR,NFAT,IFN-\beta,IFN-\betaR,IL-18,IL-18R,IRAK,SOCS1,IL-12,IL-12R,STAT4,T-bet,IFN-\gamma,IFN-\gammaR,JAK1,STAT1,IL-4,IL-4R,STAT6,GATA3,IL-10,IL-10R,STAT3
3,4,7,9,10,11,12,13,15,18,19,21,22,23>3,7,14,15,18,21,4,11,12,19,22,23
3,4,7,9,10,11,12,13,15,18,19,21,22,23>3,7,8,4,11,12,19,22,23
3,4,7,9,10,11,12,13,15,18,19,21,22,23>9,15,16,18,21,4,11,12,19,22,23
3,4,7,9,10,11,12,13,15,18,19,21,22,23>3,9,13,14,15,21,4,11,12,19,22,23
3,4,7,9,10,11,12,13,15,18,19,21,22,23>16,21,9,14,4,11,12,19,22,23
3,4,7,9,10,11,12,13,15,18,19,21,22,23>3,8,10,13,21,4,11,12,19,22,23
3,4,7,9,10,11,12,13,15,18,19,21,22,23>9,10,13,14,18,21,4,11,12,19,22,23
3,4,7,9,10,11,12,13,15,18,19,21,22,23>7,9,10,14,15,16,18,4,11,12,19,22,23
3,4,7,9,10,11,12,13,15,18,19,21,22,23>3,7,9,10,13,15,4,11,12,19,22,23
3,4,7,9,10,11,12,13,15,18,19,21,22,23>7,8,9,10,13,15,16,4,11,12,19,22,23
3,4,5,7,8,9,10,11,17,18,20,21>3,9,11,18,19,4,10,17,20,21
3,4,5,7,8,9,10,11,17,18,20,21>3,6,9,13,16,18,4,10,17,20,21
3,4,5,7,8,9,10,11,17,18,20,21>5,7,9,13,19,22,4,10,17,20,21
3,4,5,7,8,9,10,11,17,18,20,21>3,5,7,11,13,16,22,4,10,17,20,21
3,4,5,7,8,9,10,11,17,18,20,21>3,5,6,7,9,16,18,19,22,4,10,17,20,21
3,4,5,7,8,9,10,11,17,18,20,21>16,8,9,4,10,17,20,21
3,4,5,7,8,9,10,11,17,18,20,21>6,8,9,11,22,4,10,17,20,21
3,4,5,7,8,9,10,11,17,18,20,21>3,6,8,11,18,19,22,4,10,17,20,21
3,4,5,7,8,9,10,11,17,18,20,21>3,6,7,8,11,18,22,4,10,17,20,21
3,4,5,7,8,9,10,11,17,18,20,21>5,6,7,8,11,13,16,18,19,4,10,17,20,21
1,2,5,7,9,12,13,16,17,18,20,23>5,9,10,12,13,14,16,17,19,20,2,18
1,2,5,7,9,12,13,16,17,18,20,23>5,9,13,16,17,19,21,23,2,18
1,2,5,7,9,12,13,16,17,18,20,23>1,5,6,12,13,14,16,20,21,2,18
1,2,5,7,9,12,13,16,17,18,20,23>1,5,7,13,14,16,19,2,18
1,2,5,7,9,12,13,16,17,18,20,23>6,7,9,10,14,20,2,18
1,2,5,7,9,12,13,16,17,18,20,23>1,5,6,7,17,19,21,2,18
1,2,5,7,9,12,13,16,17,18,20,23>1,5,6,7,10,13,16,20,23,2,18
1,2,5,7,9,12,13,16,17,18,20,23>5,8,17,19,20,23,2,18
1,2,5,7,9,12,13,16,17,18,20,23>5,6,8,9,14,16,19,20,23,2,18
1,2,5,7,9,12,13,16,17,18,20,23>5,6,7,8,9,13,19,23,2,18
4,8,9,10,12,14,15,18,21,22>4,9,15,18,19,21,23,8,10,12,22
4,8,9,10,12,14,15,18,21,22>23,11,15,16,8,10,12,22
4,8,9,10,12,14,15,18,21,22>4,11,16,18,19,21,23,8,10,12,22
4,8,9,10,12,14,15,18,21,22>4,11,13,15,19,21,23,8,10,12,22
4,8,9,10,12,14,15,18,21,22>9,11,13,16,18,19,23,8,10,12,22
4,8,9,10,12,14,15,18,21,22>18,21,23,14,8,10,12,22
4,8,9,10,12,14,15,18,21,22>4,14,16,19,23,8,10,12,22
4,8,9,10,12,14,15,18,21,22>4,9,14,18,19,8,10,12,22
4,8,9,10,12,14,15,18,21,22>4,9,13,14,15,19,8,10,12,22
4,8,9,10,12,14,15,18,21,22>9,11,13,14,16,19,8,10,12,22
3,11,14,16,17,18,19,21,23>3,8,14,15,16,17,20,22,18,19
3,11,14,16,17,18,19,21,23>4,8,14,16,17,20,22,18,19
3,11,14,16,17,18,19,21,23>3,4,8,14,20,21,22,18,19
3,11,14,16,17,18,19,21,23>11,15,16,17,22,18,19
3,11,14,16,17,18,19,21,23>3,11,15,17,23,18,19
3,11,14,16,17,18,19,21,23>4,11,15,17,21,18,19
3,11,14,16,17,18,19,21,23>3,4,11,14,20,23,18,19
3,11,14,16,17,18,19,21,23>3,12,14,20,21,18,19
3,11,14,16,17,18,19,21,23>8,12,14,15,16,17,21,23,18,19
3,11,14,16,17,18,19,21,23>3,8,12,14,16,22,18,19
5,6,9,10,13,15,19,22>6,11,15,16,22
5,6,9,10,13,15,19,22>9,11,13,14,19,23
5,6,9,10,13,15,19,22>5,9,11,14,19,20,23
5,6,9,10,13,15,19,22>5,6,9,14,15,19,20,23
5,6,9,10,13,15,19,22>5,7,9,11,14,15,19
5,6,9,10,13,15,19,22>6,10,11,13,14,15,23
5,6,9,10,13,15,19,22>5,7,10,13,14,15,16,19,20,23
5,6,9,10,13,15,19,22>6,7,10,11,14,20,22
5,6,9,10,13,15,19,22>5,6,7,10,11,19,22,23
5,6,9,10,13,15,19,22>5,6,7,9,10,11,15,16,19,23
1,2,6,8,12,13,14,15,16,17,19,20,22>1,22,23,17,2,8,13,14,16
1,2,6,8,12,13,14,15,16,17,19,20,22>6,17,20,21,22,23,2,8,13,14,16
1,2,6,8,12,13,14,15,16,17,19,20,22>20,6,22,12,2,8,13,14,16
1,2,6,8,12,13,14,15,16,17,19,20,22>20,15,19,2,8,13,14,16
1,2,6,8,12,13,14,15,16,17,19,20,22>15,17,19,21,22,23,2,8,13,14,16
1,2,6,8,12,13,14,15,16,17,19,20,22>6,15,17,21,22,23,2,8,13,14,16
1,2,6,8,12,13,14,15,16,17,19,20,22>1,6,15,20,23,2,8,13,14,16
1,2,6,8,12,13,14,15,16,17,19,20,22>1,6,15,17,19,21,2,8,13,14,16
1,2,6,8,12,13,14,15,16,17,19,20,22>23,12,15,17,2,8,13,14,16
1,2,6,8,12,13,14,15,16,17,19,20,22>1,12,15,17,20,22,2,8,13,14,16
3,4,5,6,7,8,9,11,14,15,17,20,22,23>15,5,11,14,4,6,7,17,20,23
3,4,5,6,7,8,9,11,14,15,17,20,22,23>3,5,8,11,14,4,6,7,17,20,23
3,4,5,6,7,8,9,11,14,15,17,20,22,23>15,3,9,14,4,6,7,17,20,23
3,4,5,6,7,8,9,11,14,15,17,20,22,23>3,5,9,11,14,16,21,4,6,7,17,20,23
3,4,5,6,7,8,9,11,14,15,17,20,22,23>3,5,8,9,14,16,4,6,7,17,20,23
3,4,5,6,7,8,9,11,14,15,17,20,22,23>3,5,8,9,15,16,21,4,6,7,17,20,23
3,4,5,6,7,8,9,11,14,15,17,20,22,23>3,10,11,16,21,22,4,6,7,17,20,23
3,4,5,6,7,8,9,11,14,15,17,20,22,23>8,10,11,15,16,21,22,4,6,7,17,20,23
3,4,5,6,7,8,9,11,14,15,17,20,22,23>3,5,8,10,14,15,21,4,6,7,17,20,23
3,4,5,6,7,8,9,11,14,15,17,20,22,23>9,10,11,15,22,4,6,7,17,20,23
4,8,11,12,14,15,16,17,21,22>23,4,17,21,8,16,12,22
4,8,11,12,14,15,16,17,21,22>11,13,17,8,16,12,22
4,8,11,12,14,15,16,17,21,22>23,4,14,21,8,16,12,22
4,8,11,12,14,15,16,17,21,22>11,14,17,21,8,16,12,22
4,8,11,12,14,15,16,17,21,22>4,13,14,21,8,16,12,22
4,8,11,12,14,15,16,17,21,22>15,17,21,8,16,12,22
4,8,11,12,14,15,16,17,21,22>23,11,13,15,8,16,12,22
4,8,11,12,14,15,16,17,21,22>23,14,15,17,8,16,12,22
4,8,11,12,14,15,16,17,21,22>4,13,14,15,17,8,16,12,22
4,8,11,12,14,15,16,17,21,22>4,11,13,14,15,8,16,12,22
7,8,10,12,14,18,19,20>21,10,18,8,19
7,8,10,12,14,18,19,20>20,7,10,18,8,19
7,8,10,12,14,18,19,20>10,12,17,20,21,8,19
7,8,10,12,14,18,19,20>20,7,10,13,8,19
7,8,10,12,14,18,19,20>7,12,13,17,18,20,8,19
7,8,10,12,14,18,19,20>7,14,17,18,20,8,19
7,8,10,12,14,18,19,20>10,14,17,18,20,8,19
7,8,10,12,14,18,19,20>7,10,14,17,20,8,19
7,8,10,12,14,18,19,20>7,12,14,18,20,8,19
7,8,10,12,14,18,19,20>7,10,12,14,17,8,19
1,6,7,9,11,12,13,15,16,17,18,19,21,22,23>15,21,7,12,16,18,19,22,23
1,6,7,9,11,12,13,15,16,17,18,19,21,22,23>14,2,21,11,7,12,16,18,19,22,23
1,6,7,9,11,12,13,15,16,17,18,19,21,22,23>1,2,11,13,14,15,7,12,16,18,19,22,23
1,6,7,9,11,12,13,15,16,17,18,19,21,22,23>21,1,6,11,7,12,16,18,19,22,23
1,6,7,9,11,12,13,15,16,17,18,19,21,22,23>1,2,6,13,17,21,7,12,16,18,19,22,23
1,6,7,9,11,12,13,15,16,17,18,19,21,22,23>2,6,8,11,21,7,12,16,18,19,22,23
1,6,7,9,11,12,13,15,16,17,18,19,21,22,23>17,21,9,11,7,12,16,18,19,22,23
1,6,7,9,11,12,13,15,16,17,18,19,21,22,23>2,9,13,14,17,21,7,12,16,18,19,22,23
1,6,7,9,11,12,13,15,16,17,18,19,21,22,23>1,8,9,13,17,7,12,16,18,19,22,23
1,6,7,9,11,12,13,15,16,17,18,19,21,22,23>6,8,9,11,14,15,17,7,12,16,18,19,22,23
7,8,13,16,17,19,20,21>7,16,22,8,21,20,13
7,8,13,16,17,19,20,21>14,16,22,8,21,20,13
7,8,13,16,17,19,20,21>7,14,16,8,21,20,13
7,8,13,16,17,19,20,21>7,17,22,8,21,20,13
7,8,13,16,17,19,20,21>14,17,22,8,21,20,13
7,8,13,16,17,19,20,21>7,16,17,8,21,20,13
7,8,13,16,17,19,20,21>14,16,17,8,21,20,13
7,8,13,16,17,19,20,21>17,19,22,8,21,20,13
7,8,13,16,17,19,20,21>7,17,19,8,21,20,13
7,8,13,16,17,19,20,21>16,17,19,8,21,20,13
2,3,5,6,9,14,16,17,19,20,21>7,14,16,17,19,20,21
2,3,5,6,9,14,16,17,19,20,21>7,9,13,14,17,18,20,21
2,3,5,6,9,14,16,17,19,20,21>3,9,18,19,22,20,21
2,3,5,6,9,14,16,17,19,20,21>2,8,9,14,15,17,22,20,21
2,3,5,6,9,14,16,17,19,20,21>2,5,13,14,15,16,17,18,22,20,21
2,3,5,6,9,14,16,17,19,20,21>2,3,5,13,14,15,17,18,22,20,21
2,3,5,6,9,14,16,17,19,20,21>3,6,8,9,14,16,19,20,21
2,3,5,6,9,14,16,17,19,20,21>2,5,6,7,9,13,16,17,22,20,21
2,3,5,6,9,14,16,17,19,20,21>2,3,4,5,6,8,15,18,20,21
2,3,5,6,9,14,16,17,19,20,21>2,3,4,5,6,17,18,20,21
1,5,6,7,9,13,14,15,22>1,5,16,6,7,13,14,15
1,5,6,7,9,13,14,15,22>23,2,5,6,7,13,14,15
1,5,6,7,9,13,14,15,22>23,1,5,22,6,7,13,14,15
1,5,6,7,9,13,14,15,22>2,9,16,22,23,6,7,13,14,15
1,5,6,7,9,13,14,15,22>1,2,9,22,6,7,13,14,15
1,5,6,7,9,13,14,15,22>5,9,16,22,23,6,7,13,14,15
1,5,6,7,9,13,14,15,22>23,1,10,6,7,13,14,15
1,5,6,7,9,13,14,15,22>2,10,16,22,6,7,13,14,15
1,5,6,7,9,13,14,15,22>1,2,10,6,7,13,14,15
1,5,6,7,9,13,14,15,22>5,10,16,22,23,6,7,13,14,15
2,3,10,11,13,19,20,21,22,23>3,10,13,17,19,20,21,22,23
2,3,10,11,13,19,20,21,22,23>2,3,10,13,17,20,21,22,23
2,3,10,11,13,19,20,21,22,23>4,10,14,20,21,22,23
2,3,10,11,13,19,20,21,22,23>3,4,10,13,17,20,21,22,23
2,3,10,11,13,19,20,21,22,23>2,3,4,10,17,19,20,21,22,23
2,3,10,11,13,19,20,21,22,23>2,11,13,17,19,20,21,22,23
2,3,10,11,13,19,20,21,22,23>3,4,11,13,17,19,20,21,22,23
2,3,10,11,13,19,20,21,22,23>2,3,4,11,14,17,19,20,21,22,23
2,3,10,11,13,19,20,21,22,23>2,10,11,14,17,20,21,22,23
2,3,10,11,13,19,20,21,22,23>4,10,11,13,17,19,20,21,22,23
5,6,7,12,14,16,19,20,21,23>8,12,14,15,19,22,23,21,7
5,6,7,12,14,16,19,20,21,23>5,6,8,15,19,21,7
5,6,7,12,14,16,19,20,21,23>6,8,12,14,19,22,21,7
5,6,7,12,14,16,19,20,21,23>6,8,12,16,20,22,23,21,7
5,6,7,12,14,16,19,20,21,23>19,22,14,16,21,7
5,6,7,12,14,16,19,20,21,23>5,14,15,16,19,20,21,7
5,6,7,12,14,16,19,20,21,23>8,12,14,16,19,21,7
5,6,7,12,14,16,19,20,21,23>5,8,12,14,19,22,21,7
5,6,7,12,14,16,19,20,21,23>6,8,12,14,15,19,23,21,7
5,6,7,12,14,16,19,20,21,23>5,6,8,12,14,15,16,23,21,7
1,3,4,5,7,8,11,14,15,16,18,19>3,5,7,13,15,20,8,16,19,4
1,3,4,5,7,8,11,14,15,16,18,19>2,3,11,12,14,15,18,20,8,16,19,4
1,3,4,5,7,8,11,14,15,16,18,19>1,3,5,11,14,15,8,16,19,4
1,3,4,5,7,8,11,14,15,16,18,19>1,3,7,12,13,14,18,8,16,19,4
1,3,4,5,7,8,11,14,15,16,18,19>2,3,7,11,14,8,16,19,4
1,3,4,5,7,8,11,14,15,16,18,19>1,2,3,7,11,12,15,18,20,8,16,19,4
1,3,4,5,7,8,11,14,15,16,18,19>2,5,7,11,12,13,14,18,8,16,19,4
1,3,4,5,7,8,11,14,15,16,18,19>1,2,5,7,11,13,14,18,8,16,19,4
1,3,4,5,7,8,11,14,15,16,18,19>3,5,7,11,14,8,16,19,4
1,3,4,5,7,8,11,14,15,16,18,19>2,3,5,7,11,12,15,20,8,16,19,4
2,4,5,6,7,12,13,20,21>2,22,20,16,21,13,6,7
2,4,5,6,7,12,13,20,21>2,4,14,16,22,21,13,6,7
2,4,5,6,7,12,13,20,21>2,4,5,16,22,21,13,6,7
2,4,5,6,7,12,13,20,21>2,4,8,16,17,22,21,13,6,7
2,4,5,6,7,12,13,20,21>17,12,16,21,13,6,7
2,4,5,6,7,12,13,20,21>12,14,16,21,13,6,7
2,4,5,6,7,12,13,20,21>20,5,12,16,21,13,6,7
2,4,5,6,7,12,13,20,21>5,12,14,17,20,22,21,13,6,7
2,4,5,6,7,12,13,20,21>8,12,16,20,22,21,13,6,7
2,4,5,6,7,12,13,20,21>4,8,12,14,20,22,21,13,6,7
1,3,4,6,10,14,16,17,18,20,22>1,10,14,17,21,22,23,16,18,4,20
1,3,4,6,10,14,16,17,18,20,22>1,3,10,14,17,23,16,18,4,20
1,3,4,6,10,14,16,17,18,20,22>1,3,8,10,14,15,17,21,22,16,18,4,20
1,3,4,6,10,14,16,17,18,20,22>1,2,3,8,10,15,17,16,18,4,20
1,3,4,6,10,14,16,17,18,20,22>1,6,7,15,19,21,23,16,18,4,20
1,3,4,6,10,14,16,17,18,20,22>2,3,6,8,10,15,17,19,21,16,18,4,20
1,3,4,6,10,14,16,17,18,20,22>22,21,7,16,18,4,20
1,3,4,6,10,14,16,17,18,20,22>1,6,7,8,10,17,19,22,16,18,4,20
1,3,4,6,10,14,16,17,18,20,22>2,6,7,14,15,17,16,18,4,20
1,3,4,6,10,14,16,17,18,20,22>1,2,6,7,14,17,21,16,18,4,20
1,6,8,9,10,13,20>1,9,13,14,17,21,10,20
1,6,8,9,10,13,20>14,2,9,10,20
1,6,8,9,10,13,20>6,9,13,17,21,10,20
1,6,8,9,10,13,20>1,21,6,13,10,20
1,6,8,9,10,13,20>1,2,7,13,14,10,20
1,6,8,9,10,13,20>6,7,9,13,21,10,20
1,6,8,9,10,13,20>1,6,7,9,14,17,10,20
1,6,8,9,10,13,20>1,2,6,7,13,17,10,20
1,6,8,9,10,13,20>1,2,7,8,17,10,20
1,6,8,9,10,13,20>6,7,8,9,14,17,21,10,20
2,3,8,9,13,17,18,19,20>3,4,14,18,17,19,20,13
2,3,8,9,13,17,18,19,20>21,3,8,14,17,19,20,13
2,3,8,9,13,17,18,19,20>2,3,8,14,18,17,19,20,13
2,3,8,9,13,17,18,19,20>4,8,18,17,19,20,13
2,3,8,9,13,17,18,19,20>3,4,8,17,19,20,13
2,3,8,9,13,17,18,19,20>21,3,9,14,17,19,20,13
2,3,8,9,13,17,18,19,20>2,4,9,18,21,17,19,20,13
2,3,8,9,13,17,18,19,20>3,4,9,18,21,17,19,20,13
2,3,8,9,13,17,18,19,20>2,8,9,18,17,19,20,13
2,3,8,9,13,17,18,19,20>2,4,8,9,14,17,19,20,13
2,4,6,9,10,12,18,19,20,21>2,9,10,13,16,17,18,19,21
2,4,6,9,10,12,18,19,20,21>4,9,10,13,17,19,21
2,4,6,9,10,12,18,19,20,21>4,9,10,13,20,19,21
2,4,6,9,10,12,18,19,20,21>6,10,13,16,18,20,22,19,21
2,4,6,9,10,12,18,19,20,21>2,6,12,16,17,22,19,21
2,4,6,9,10,12,18,19,20,21>4,6,9,16,17,18,20,22,19,21
2,4,6,9,10,12,18,19,20,21>2,4,13,16,18,19,21
2,4,6,9,10,12,18,19,20,21>2,4,6,7,10,13,16,17,19,21
2,4,6,9,10,12,18,19,20,21>6,8,10,13,16,17,18,19,21
2,4,6,9,10,12,18,19,20,21>4,6,7,8,9,16,18,19,21
1,3,4,8,9,10,11,12,13,16,20,21,22>20,1,23,14,4,8,10,13,16,21,22
1,3,4,8,9,10,11,12,13,16,20,21,22>2,3,12,14,20,23,4,8,10,13,16,21,22
1,3,4,8,9,10,11,12,13,16,20,21,22>1,9,23,4,8,10,13,16,21,22
1,3,4,8,9,10,11,12,13,16,20,21,22>1,2,3,9,12,4,8,10,13,16,21,22
1,3,4,8,9,10,11,12,13,16,20,21,22>20,1,11,4,8,10,13,16,21,22
1,3,4,8,9,10,11,12,13,16,20,21,22>1,2,11,12,14,23,4,8,10,13,16,21,22
1,3,4,8,9,10,11,12,13,16,20,21,22>20,2,3,11,4,8,10,13,16,21,22
1,3,4,8,9,10,11,12,13,16,20,21,22>2,9,11,14,20,23,4,8,10,13,16,21,22
1,3,4,8,9,10,11,12,13,16,20,21,22>1,2,9,11,12,14,4,8,10,13,16,21,22
1,3,4,8,9,10,11,12,13,16,20,21,22>20,3,9,11,4,8,10,13,16,21,22
3,4,6,9,10,11,12,17,20,22,23>6,7,8,9,12,18,21,22,17,10,4,23
3,4,6,9,10,11,12,17,20,22,23>3,6,21,22,17,10,4,23
3,4,6,9,10,11,12,17,20,22,23>6,7,8,11,12,20,22,17,10,4,23
3,4,6,9,10,11,12,17,20,22,23>6,7,8,11,16,21,17,10,4,23
3,4,6,9,10,11,12,17,20,22,23>9,16,18,20,22,17,10,4,23
3,4,6,9,10,11,12,17,20,22,23>3,21,9,18,17,10,4,23
3,4,6,9,10,11,12,17,20,22,23>3,6,9,11,20,17,10,4,23
3,4,6,9,10,11,12,17,20,22,23>6,8,9,16,22,17,10,4,23
3,4,6,9,10,11,12,17,20,22,23>3,6,8,9,16,17,10,4,23
3,4,6,9,10,11,12,17,20,22,23>6,7,8,9,11,21,22,17,10,4,23
1,3,4,7,13,16,19,21,23>12,13,14,19,20,21,23,16,4
1,3,4,7,13,16,19,21,23>1,12,13,14,20,21,22,16,4
1,3,4,7,13,16,19,21,23>2,7,13,14,21,16,4
1,3,4,7,13,16,19,21,23>1,2,7,12,13,20,23,16,4
1,3,4,7,13,16,19,21,23>1,3,7,14,19,23,16,4
1,3,4,7,13,16,19,21,23>2,8,12,13,14,16,4
1,3,4,7,13,16,19,21,23>1,2,8,12,14,20,21,22,23,16,4
1,3,4,7,13,16,19,21,23>2,7,8,12,19,22,23,16,4
1,3,4,7,13,16,19,21,23>3,7,8,13,14,20,22,23,16,4
1,3,4,7,13,16,19,21,23>1,3,7,8,19,20,23,16,4
1,4,5,7,8,9,13,14,15,17,18,21,23>7,8,9,13,15,19,21,23,14
1,4,5,7,8,9,13,14,15,17,18,21,23>2,8,9,10,18,19,22,14
1,4,5,7,8,9,13,14,15,17,18,21,23>2,15,16,18,22,14
1,4,5,7,8,9,13,14,15,17,18,21,23>4,7,8,9,10,15,17,22,14
1,4,5,7,8,9,13,14,15,17,18,21,23>5,7,9,10,13,16,17,18,19,21,14
1,4,5,7,8,9,13,14,15,17,18,21,23>1,5,8,9,18,19,21,23,14
1,4,5,7,8,9,13,14,15,17,18,21,23>5,8,10,13,16,17,18,22,23,14
1,4,5,7,8,9,13,14,15,17,18,21,23>5,7,8,9,15,17,18,14
1,4,5,7,8,9,13,14,15,17,18,21,23>1,4,5,7,10,13,16,18,19,22,23,14
1,4,5,7,8,9,13,14,15,17,18,21,23>1,2,5,6,7,8,19,22,14
1,3,6,7,11,12,14,17,19,22,23>1,2,11,18,19,12,23,7
1,3,6,7,11,12,14,17,19,22,23>4,15,17,18,22,12,23,7
1,3,6,7,11,12,14,17,19,22,23>4,14,15,17,22,12,23,7
1,3,6,7,11,12,14,17,19,22,23>2,4,15,17,19,22,12,23,7
1,3,6,7,11,12,14,17,19,22,23>2,4,8,17,18,19,22,12,23,7
1,3,6,7,11,12,14,17,19,22,23>3,6,14,15,18,12,23,7
1,3,6,7,11,12,14,17,19,22,23>1,3,6,8,14,17,19,12,23,7
1,3,6,7,11,12,14,17,19,22,23>1,2,3,6,8,14,22,12,23,7
1,3,6,7,11,12,14,17,19,22,23>1,4,6,8,15,19,12,23,7
1,3,6,7,11,12,14,17,19,22,23>1,3,4,6,11,14,17,19,22,12,23,7
1,2,3,7,9,11,13,15,16,17,18,20,23>3,4,10,15,17,19,16,2,18,20
1,2,3,7,9,11,13,15,16,17,18,20,23>7,9,10,13,15,17,19,21,16,2,18,20
1,2,3,7,9,11,13,15,16,17,18,20,23>1,7,9,11,19,21,16,2,18,20
1,2,3,7,9,11,13,15,16,17,18,20,23>1,7,9,10,13,15,17,21,16,2,18,20
1,2,3,7,9,11,13,15,16,17,18,20,23>7,11,13,14,15,17,19,21,16,2,18,20
1,2,3,7,9,11,13,15,16,17,18,20,23>4,7,14,15,17,21,16,2,18,20
1,2,3,7,9,11,13,15,16,17,18,20,23>1,8,9,11,13,15,21,23,16,2,18,20
1,2,3,7,9,11,13,15,16,17,18,20,23>1,4,8,9,10,11,13,14,19,16,2,18,20
1,2,3,7,9,11,13,15,16,17,18,20,23>7,8,9,17,21,23,16,2,18,20
1,2,3,7,9,11,13,15,16,17,18,20,23>1,3,4,7,8,10,21,16,2,18,20
1,2,3,5,6,9,11,13,15,16,17,18,20,23>8,11,13,14,21,23,2,6,16,18,20
1,2,3,5,6,9,11,13,15,16,17,18,20,23>1,3,4,5,8,9,13,15,21,2,6,16,18,20
1,2,3,5,6,9,11,13,15,16,17,18,20,23>1,7,11,13,14,15,17,19,21,23,2,6,16,18,20
1,2,3,5,6,9,11,13,15,16,17,18,20,23>4,7,10,11,13,14,15,2,6,16,18,20
1,2,3,5,6,9,11,13,15,16,17,18,20,23>1,4,7,8,9,13,14,17,19,23,2,6,16,18,20
1,2,3,5,6,9,11,13,15,16,17,18,20,23>3,4,7,9,14,15,21,23,2,6,16,18,20
1,2,3,5,6,9,11,13,15,16,17,18,20,23>5,7,10,11,13,14,15,17,19,21,2,6,16,18,20
1,2,3,5,6,9,11,13,15,16,17,18,20,23>1,5,7,9,10,14,19,2,6,16,18,20
1,2,3,5,6,9,11,13,15,16,17,18,20,23>3,5,7,8,9,11,15,19,23,2,6,16,18,20
1,2,3,5,6,9,11,13,15,16,17,18,20,23>3,4,5,7,10,15,23,2,6,16,18,20
2,4,6,7,12,15,22>2,6,15,22,23,12,7
2,4,6,7,12,15,22>2,6,23,16,12,7
2,4,6,7,12,15,22>2,4,6,16,22,12,7
2,4,6,7,12,15,22>2,4,8,12,7
2,4,6,7,12,15,22>4,6,8,16,22,12,7
2,4,6,7,12,15,22>22,23,13,15,12,7
2,4,6,7,12,15,22>2,4,13,15,16,23,12,7
2,4,6,7,12,15,22>6,13,15,16,22,12,7
2,4,6,7,12,15,22>6,8,13,15,23,12,7
2,4,6,7,12,15,22>4,6,8,13,22,12,7
1,2,3,4,7,8,14,17,19,23>19,20,3,16,2,4
1,2,3,4,7,8,14,17,19,23>19,1,3,23,2,4
1,2,3,4,7,8,14,17,19,23>1,7,19,20,23,2,4
1,2,3,4,7,8,14,17,19,23>1,23,8,20,2,4
1,2,3,4,7,8,14,17,19,23>20,3,8,17,2,4
1,2,3,4,7,8,14,17,19,23>1,3,8,2,4
1,2,3,4,7,8,14,17,19,23>3,7,8,19,20,23,2,4
1,2,3,4,7,8,14,17,19,23>3,14,16,17,20,23,2,4
1,2,3,4,7,8,14,17,19,23>7,14,16,17,19,20,2,4
1,2,3,4,7,8,14,17,19,23>8,14,2,4
2,3,4,8,9,13,18,19,21>20,8,16,18,19,4,13
2,3,4,8,9,13,18,19,21>2,8,21,19,4,13
2,3,4,8,9,13,18,19,21>2,3,8,18,19,4,13
2,3,4,8,9,13,18,19,21>2,9,21,18,19,4,13
2,3,4,8,9,13,18,19,21>8,9,16,20,22,19,4,13
2,3,4,8,9,13,18,19,21>2,14,16,20,22,19,4,13
2,3,4,8,9,13,18,19,21>2,14,16,18,21,22,19,4,13
2,3,4,8,9,13,18,19,21>21,8,14,18,19,4,13
2,3,4,8,9,13,18,19,21>2,9,14,16,18,20,19,4,13
2,3,4,8,9,13,18,19,21>2,3,9,14,18,20,19,4,13
1,3,5,6,7,8,9,14,15,17,18,19,20>1,2,13,14,15,17,19,20,7
1,3,5,6,7,8,9,14,15,17,18,19,20>1,4,8,13,16,18,17,19,20,7
1,3,5,6,7,8,9,14,15,17,18,19,20>2,4,6,8,13,14,15,18,21,17,19,20,7
1,3,5,6,7,8,9,14,15,17,18,19,20>2,4,6,8,9,13,14,16,18,21,17,19,20,7
1,3,5,6,7,8,9,14,15,17,18,19,20>1,3,4,9,13,14,18,17,19,20,7
1,3,5,6,7,8,9,14,15,17,18,19,20>5,8,9,13,14,15,16,17,19,20,7
1,3,5,6,7,8,9,14,15,17,18,19,20>1,2,5,6,16,21,17,19,20,7
1,3,5,6,7,8,9,14,15,17,18,19,20>2,3,5,6,9,16,18,21,17,19,20,7
1,3,5,6,7,8,9,14,15,17,18,19,20>2,4,5,8,9,13,14,17,19,20,7
1,3,5,6,7,8,9,14,15,17,18,19,20>2,3,4,5,6,8,13,14,17,19,20,7
1,2,6,9,11,17,18,19,20,22>22,6,13,21,2,17,18,19,20
1,2,6,9,11,17,18,19,20,22>22,23,7,2,17,18,19,20
1,2,6,9,11,17,18,19,20,22>1,7,13,23,2,17,18,19,20
1,2,6,9,11,17,18,19,20,22>22,6,7,21,2,17,18,19,20
1,2,6,9,11,17,18,19,20,22>23,9,13,2,17,18,19,20
1,2,6,9,11,17,18,19,20,22>1,6,11,21,2,17,18,19,20
1,2,6,9,11,17,18,19,20,22>22,7,11,2,17,18,19,20
1,2,6,9,11,17,18,19,20,22>1,7,11,23,2,17,18,19,20
1,2,6,9,11,17,18,19,20,22>6,7,11,21,2,17,18,19,20
1,2,6,9,11,17,18,19,20,22>7,9,11,21,2,17,18,19,20
3,5,9,12,14,18>3,4,5,6,8,9,10,13,18,12
3,5,9,12,14,18>4,5,9,13,14,15,18,19,12
3,5,9,12,14,18>6,9,13,14,19,12
3,5,9,12,14,18>4,6,9,14,15,18,12
3,5,9,12,14,18>5,6,9,15,18,19,12
3,5,9,12,14,18>5,6,10,13,15,18,19,12
3,5,9,12,14,18>3,4,5,6,9,10,14,18,19,12
3,5,9,12,14,18>8,9,10,13,14,19,12
3,5,9,12,14,18>4,8,10,13,14,19,12
3,5,9,12,14,18>3,4,5,6,8,13,14,15,19,12
1,2,4,12,13,15,17,21,23>1,8,15,17,21,2,12
1,2,4,12,13,15,17,21,23>8,13,15,16,18,23,2,12
1,2,4,12,13,15,17,21,23>8,13,15,16,21,22,23,2,12
1,2,4,12,13,15,17,21,23>14,15,21,22,23,2,12
1,2,4,12,13,15,17,21,23>17,4,23,14,2,12
1,2,4,12,13,15,17,21,23>1,4,14,15,18,21,22,2,12
1,2,4,12,13,15,17,21,23>1,4,14,15,16,17,21,22,2,12
1,2,4,12,13,15,17,21,23>1,4,14,15,16,18,21,23,2,12
1,2,4,12,13,15,17,21,23>1,4,8,14,15,16,18,21,2,12
1,2,4,12,13,15,17,21,23>1,13,14,15,16,17,2,12
1,2,4,5,7,8,10,11,13,16,17,20,23>13,4,17,11,8,16,2,20
1,2,4,5,7,8,10,11,13,16,17,20,23>1,5,11,14,17,23,8,16,2,20
1,2,4,5,7,8,10,11,13,16,17,20,23>1,4,5,14,23,8,16,2,20
1,2,4,5,7,8,10,11,13,16,17,20,23>1,6,11,13,14,21,8,16,2,20
1,2,4,5,7,8,10,11,13,16,17,20,23>4,6,13,14,17,23,8,16,2,20
1,2,4,5,7,8,10,11,13,16,17,20,23>1,4,6,11,14,17,8,16,2,20
1,2,4,5,7,8,10,11,13,16,17,20,23>1,5,6,14,8,16,2,20
1,2,4,5,7,8,10,11,13,16,17,20,23>4,7,10,11,17,23,8,16,2,20
1,2,4,5,7,8,10,11,13,16,17,20,23>5,6,7,10,11,13,21,8,16,2,20
1,2,4,5,7,8,10,11,13,16,17,20,23>4,5,6,7,10,14,8,16,2,20
1,2,3,4,5,7,8,9,12,13,14,19,20,21,22,23>1,5,17,13,2,4,8,14,21,22,23
1,2,3,4,5,7,8,9,12,13,14,19,20,21,22,23>1,5,12,19,20,2,4,8,14,21,22,23
1,2,3,4,5,7,8,9,12,13,14,19,20,21,22,23>1,3,7,13,16,17,20,2,4,8,14,21,22,23
1,2,3,4,5,7,8,9,12,13,14,19,20,21,22,23>1,3,9,16,17,20,2,4,8,14,21,22,23
1,2,3,4,5,7,8,9,12,13,14,19,20,21,22,23>1,5,9,16,17,19,20,2,4,8,14,21,22,23
1,2,3,4,5,7,8,9,12,13,14,19,20,21,22,23>3,5,9,17,20,2,4,8,14,21,22,23
1,2,3,4,5,7,8,9,12,13,14,19,20,21,22,23>7,9,12,13,16,17,19,2,4,8,14,21,22,23
1,2,3,4,5,7,8,9,12,13,14,19,20,21,22,23>1,3,7,9,12,16,20,2,4,8,14,21,22,23
1,2,3,4,5,7,8,9,12,13,14,19,20,21,22,23>5,7,9,12,16,17,20,2,4,8,14,21,22,23
1,2,3,4,5,7,8,9,12,13,14,19,20,21,22,23>3,5,7,9,13,16,17,19,2,4,8,14,21,22,23
2,3,4,7,8,11,12,13,15,18,21,22,23>14,15,16,18,19,4,8,12,22,23
2,3,4,7,8,11,12,13,15,18,21,22,23>2,14,18,19,21,4,8,12,22,23
2,3,4,7,8,11,12,13,15,18,21,22,23>2,3,14,18,4,8,12,22,23
2,3,4,7,8,11,12,13,15,18,21,22,23>16,18,7,14,4,8,12,22,23
2,3,4,7,8,11,12,13,15,18,21,22,23>2,3,11,16,18,21,4,8,12,22,23
2,3,4,7,8,11,12,13,15,18,21,22,23>16,2,13,15,4,8,12,22,23
2,3,4,7,8,11,12,13,15,18,21,22,23>3,7,11,13,16,18,19,4,8,12,22,23
2,3,4,7,8,11,12,13,15,18,21,22,23>3,7,13,14,18,19,21,4,8,12,22,23
2,3,4,7,8,11,12,13,15,18,21,22,23>3,11,13,14,18,19,4,8,12,22,23
2,3,4,7,8,11,12,13,15,18,21,22,23>3,7,11,13,14,15,18,4,8,12,22,23
1,2,4,5,7,8,9,11,12,14,17,18,19,20,21,22>4,11,13,14,20,2,8,17,19,21,22
1,2,4,5,7,8,9,11,12,14,17,18,19,20,21,22>7,11,12,14,16,18,20,2,8,17,19,21,22
1,2,4,5,7,8,9,11,12,14,17,18,19,20,21,22>1,7,12,13,23,2,8,17,19,21,22
1,2,4,5,7,8,9,11,12,14,17,18,19,20,21,22>4,7,12,13,14,20,2,8,17,19,21,22
1,2,4,5,7,8,9,11,12,14,17,18,19,20,21,22>9,12,13,14,16,18,20,23,2,8,17,19,21,22
1,2,4,5,7,8,9,11,12,14,17,18,19,20,21,22>1,9,13,18,20,23,2,8,17,19,21,22
1,2,4,5,7,8,9,11,12,14,17,18,19,20,21,22>1,4,9,11,12,14,18,20,23,2,8,17,19,21,22
1,2,4,5,7,8,9,11,12,14,17,18,19,20,21,22>1,4,5,9,11,14,16,18,2,8,17,19,21,22
1,2,4,5,7,8,9,11,12,14,17,18,19,20,21,22>1,4,7,9,11,12,16,20,23,2,8,17,19,21,22
1,2,4,5,7,8,9,11,12,14,17,18,19,20,21,22>1,4,5,7,9,11,12,14,18,20,2,8,17,19,21,22
2,7,10,11,13,14,16,17,18,21,22,23>2,13,16,19,21,11,14,18,22,23
2,7,10,11,13,14,16,17,18,21,22,23>8,13,16,17,19,21,11,14,18,22,23
2,7,10,11,13,14,16,17,18,21,22,23>8,10,12,17,19,21,11,14,18,22,23
2,7,10,11,13,14,16,17,18,21,22,23>2,7,8,16,17,21,11,14,18,22,23
2,7,10,11,13,14,16,17,18,21,22,23>2,7,8,13,15,16,11,14,18,22,23
2,7,10,11,13,14,16,17,18,21,22,23>16,17,7,10,11,14,18,22,23
2,7,10,11,13,14,16,17,18,21,22,23>8,10,13,16,19,11,14,18,22,23
2,7,10,11,13,14,16,17,18,21,22,23>2,12,16,17,19,11,14,18,22,23
2,7,10,11,13,14,16,17,18,21,22,23>7,10,12,13,15,17,21,11,14,18,22,23
2,7,10,11,13,14,16,17,18,21,22,23>8,10,12,13,15,19,21,11,14,18,22,23
5,6,7,8,9,10,13,16,17,20,21,22,23>5,9,13,17,6,7,8,10,20,21,22,23
5,6,7,8,9,10,13,16,17,20,21,22,23>5,9,14,17,6,7,8,10,20,21,22,23
5,6,7,8,9,10,13,16,17,20,21,22,23>13,14,17,6,7,8,10,20,21,22,23
5,6,7,8,9,10,13,16,17,20,21,22,23>9,13,14,6,7,8,10,20,21,22,23
5,6,7,8,9,10,13,16,17,20,21,22,23>5,16,17,6,7,8,10,20,21,22,23
5,6,7,8,9,10,13,16,17,20,21,22,23>9,16,17,6,7,8,10,20,21,22,23
5,6,7,8,9,10,13,16,17,20,21,22,23>13,16,17,6,7,8,10,20,21,22,23
5,6,7,8,9,10,13,16,17,20,21,22,23>5,14,16,6,7,8,10,20,21,22,23
5,6,7,8,9,10,13,16,17,20,21,22,23>9,14,16,6,7,8,10,20,21,22,23
5,6,7,8,9,10,13,16,17,20,21,22,23>13,14,16,6,7,8,10,20,21,22,23
4,5,6,8,10,11,12,14,15,16,19,20,22>4,5,6,14,19,20,21,23,8,16
4,5,6,8,10,11,12,14,15,16,19,20,22>4,7,13,14,15,21,22,8,16
4,5,6,8,10,11,12,14,15,16,19,20,22>6,7,11,12,13,14,15,22,23,8,16
4,5,6,8,10,11,12,14,15,16,19,20,22>5,6,7,12,19,20,22,8,16
4,5,6,8,10,11,12,14,15,16,19,20,22>5,10,12,15,21,22,8,16
4,5,6,8,10,11,12,14,15,16,19,20,22>4,6,10,11,12,13,15,19,21,22,8,16
4,5,6,8,10,11,12,14,15,16,19,20,22>4,5,6,10,12,13,14,15,19,20,21,8,16
4,5,6,8,10,11,12,14,15,16,19,20,22>4,7,10,15,19,8,16
4,5,6,8,10,11,12,14,15,16,19,20,22>5,7,10,11,12,13,14,20,21,22,8,16
4,5,6,8,10,11,12,14,15,16,19,20,22>5,6,7,10,12,14,20,23,8,16
2,5,6,7,8,9,10,11,13,14,16,17,18,22,23>5,12,13,16,17,18,22,6,7,8,10,11,14,23
2,5,6,7,8,9,10,11,13,14,16,17,18,22,23>9,16,17,18,19,22,6,7,8,10,11,14,23
2,5,6,7,8,9,10,11,13,14,16,17,18,22,23>5,9,16,18,19,22,6,7,8,10,11,14,23
2,5,6,7,8,9,10,11,13,14,16,17,18,22,23>2,5,9,19,6,7,8,10,11,14,23
2,5,6,7,8,9,10,11,13,14,16,17,18,22,23>5,9,12,18,22,6,7,8,10,11,14,23
2,5,6,7,8,9,10,11,13,14,16,17,18,22,23>2,13,16,17,6,7,8,10,11,14,23
2,5,6,7,8,9,10,11,13,14,16,17,18,22,23>5,12,13,17,18,19,22,6,7,8,10,11,14,23
2,5,6,7,8,9,10,11,13,14,16,17,18,22,23>9,12,13,16,18,19,22,6,7,8,10,11,14,23
2,5,6,7,8,9,10,11,13,14,16,17,18,22,23>2,9,12,13,19,6,7,8,10,11,14,23
2,5,6,7,8,9,10,11,13,14,16,17,18,22,23>5,9,12,13,22,6,7,8,10,11,14,23
7,11,15,17,19,20>13,18,19,17,20
7,11,15,17,19,20>21,7,15,19,17,20
7,11,15,17,19,20>7,11,15,18,21,17,20
7,11,15,17,19,20>7,13,15,19,17,20
7,11,15,17,19,20>7,13,15,18,21,17,20
7,11,15,17,19,20>11,13,15,19,17,20
7,11,15,17,19,20>7,11,13,16,18,17,20
7,11,15,17,19,20>7,11,13,16,19,17,20
7,11,15,17,19,20>11,15,16,19,21,17,20
7,11,15,17,19,20>7,13,15,16,17,20
2,4,5,6,7,10,11,18,19,20,21,23>2,5,17,18,22,23,19,20,21,7
2,4,5,6,7,10,11,18,19,20,21,23>17,4,6,16,19,20,21,7
2,4,5,6,7,10,11,18,19,20,21,23>2,5,6,11,16,22,23,19,20,21,7
2,4,5,6,7,10,11,18,19,20,21,23>4,5,6,11,17,22,23,19,20,21,7
2,4,5,6,7,10,11,18,19,20,21,23>4,5,6,11,16,18,19,20,21,7
2,4,5,6,7,10,11,18,19,20,21,23>10,11,16,17,18,22,23,19,20,21,7
2,4,5,6,7,10,11,18,19,20,21,23>4,5,6,16,18,22,23,19,20,21,7
2,4,5,6,7,10,11,18,19,20,21,23>2,4,10,11,16,18,22,19,20,21,7
2,4,5,6,7,10,11,18,19,20,21,23>2,4,10,17,22,23,19,20,21,7
2,4,5,6,7,10,11,18,19,20,21,23>2,4,6,10,16,18,22,23,19,20,21,7
8,9,10,11,13,14,15,17,18,19,21>22,10,17,19,11,13,14
8,9,10,11,13,14,15,17,18,19,21>10,15,16,20,21,22,19,11,13,14
8,9,10,11,13,14,15,17,18,19,21>8,9,15,20,21,22,19,11,13,14
8,9,10,11,13,14,15,17,18,19,21>8,10,15,18,20,21,19,11,13,14
8,9,10,11,13,14,15,17,18,19,21>8,22,16,17,19,11,13,14
8,9,10,11,13,14,15,17,18,19,21>20,10,16,18,19,11,13,14
8,9,10,11,13,14,15,17,18,19,21>8,10,16,20,21,22,19,11,13,14
8,9,10,11,13,14,15,17,18,19,21>8,15,16,21,22,19,11,13,14
8,9,10,11,13,14,15,17,18,19,21>9,15,16,20,21,22,19,11,13,14
8,9,10,11,13,14,15,17,18,19,21>10,15,16,17,20,19,11,13,14
3,4,5,6,7,11,16,19,20,21>22,3,5,13,4,7,16,20,21
3,4,5,6,7,11,16,19,20,21>5,6,13,19,22,4,7,16,20,21
3,4,5,6,7,11,16,19,20,21>22,8,13,19,4,7,16,20,21
3,4,5,6,7,11,16,19,20,21>22,6,8,4,7,16,20,21
3,4,5,6,7,11,16,19,20,21>3,11,19,4,7,16,20,21
3,4,5,6,7,11,16,19,20,21>22,5,11,13,4,7,16,20,21
3,4,5,6,7,11,16,19,20,21>5,11,13,19,4,7,16,20,21
3,4,5,6,7,11,16,19,20,21>22,6,11,4,7,16,20,21
3,4,5,6,7,11,16,19,20,21>22,8,11,4,7,16,20,21
3,4,5,6,7,11,16,19,20,21>3,5,6,8,11,13,4,7,16,20,21
6,9,10,11,12,14,15,17,18,19,20>7,8,11,12,13,14,16,20,21,17,18,19,15
6,9,10,11,12,14,15,17,18,19,20>6,7,8,11,14,16,17,18,19,15
6,9,10,11,12,14,15,17,18,19,20>6,7,8,11,13,14,20,21,17,18,19,15
6,9,10,11,12,14,15,17,18,19,20>14,16,9,11,17,18,19,15
6,9,10,11,12,14,15,17,18,19,20>13,7,21,10,17,18,19,15
6,9,10,11,12,14,15,17,18,19,20>6,7,10,12,14,16,20,17,18,19,15
6,9,10,11,12,14,15,17,18,19,20>8,10,11,12,14,16,20,21,17,18,19,15
6,9,10,11,12,14,15,17,18,19,20>9,10,11,12,16,21,17,18,19,15
6,9,10,11,12,14,15,17,18,19,20>6,9,10,12,13,14,17,18,19,15
6,9,10,11,12,14,15,17,18,19,20>6,7,9,10,20,17,18,19,15
1,3,6,7,8,12,13,15,16,19,23>1,2,13,14,15,23,8,16,12,7
1,3,6,7,8,12,13,15,16,19,23>1,2,13,15,19,8,16,12,7
1,3,6,7,8,12,13,15,16,19,23>3,4,13,14,15,8,16,12,7
1,3,6,7,8,12,13,15,16,19,23>3,4,14,15,19,8,16,12,7
1,3,6,7,8,12,13,15,16,19,23>1,3,4,13,14,8,16,12,7
1,3,6,7,8,12,13,15,16,19,23>2,3,4,14,15,23,8,16,12,7
1,3,6,7,8,12,13,15,16,19,23>2,6,13,15,23,8,16,12,7
1,3,6,7,8,12,13,15,16,19,23>15,19,2,6,8,16,12,7
1,3,6,7,8,12,13,15,16,19,23>2,3,4,6,14,15,8,16,12,7
1,3,6,7,8,12,13,15,16,19,23>1,2,3,4,6,15,23,8,16,12,7
1,4,5,7,9,14,19,21,22>2,4,9,13,15,16,21,22
1,4,5,7,9,14,19,21,22>2,4,13,14,15,16,23,22
1,4,5,7,9,14,19,21,22>2,4,9,13,15,16,19,20,23,22
1,4,5,7,9,14,19,21,22>2,5,9,13,14,16,22
1,4,5,7,9,14,19,21,22>1,4,5,13,14,15,20,23,22
1,4,5,7,9,14,19,21,22>1,2,4,5,9,13,14,22
1,4,5,7,9,14,19,21,22>21,19,7,23,22
1,4,5,7,9,14,19,21,22>1,7,13,14,15,16,19,22
1,4,5,7,9,14,19,21,22>1,2,4,7,9,13,16,19,23,22
1,4,5,7,9,14,19,21,22>1,5,7,14,19,20,23,22
1,2,4,5,6,8,9,10,11,13,14,15,16,18,20,22>4,22,23,15,2,6,8,10,13,14,16,20
1,2,4,5,6,8,9,10,11,13,14,15,16,18,20,22>19,21,7,2,6,8,10,13,14,16,20
1,2,4,5,6,8,9,10,11,13,14,15,16,18,20,22>1,7,23,15,2,6,8,10,13,14,16,20
1,2,4,5,6,8,9,10,11,13,14,15,16,18,20,22>18,19,21,9,2,6,8,10,13,14,16,20
1,2,4,5,6,8,9,10,11,13,14,15,16,18,20,22>1,4,9,11,15,19,23,2,6,8,10,13,14,16,20
1,2,4,5,6,8,9,10,11,13,14,15,16,18,20,22>5,9,15,19,22,23,2,6,8,10,13,14,16,20
1,2,4,5,6,8,9,10,11,13,14,15,16,18,20,22>5,9,11,15,21,22,2,6,8,10,13,14,16,20
1,2,4,5,6,8,9,10,11,13,14,15,16,18,20,22>1,4,9,11,15,18,21,23,2,6,8,10,13,14,16,20
1,2,4,5,6,8,9,10,11,13,14,15,16,18,20,22>4,5,7,9,11,21,22,23,2,6,8,10,13,14,16,20
1,2,4,5,6,8,9,10,11,13,14,15,16,18,20,22>1,4,5,7,9,11,15,19,2,6,8,10,13,14,16,20
1,3,5,13,19,20,21,22,23>1,19,13,14,20,21,22,23
1,3,5,13,19,20,21,22,23>1,3,19,14,20,21,22,23
1,3,5,13,19,20,21,22,23>2,3,13,14,17,20,21,22,23
1,3,5,13,19,20,21,22,23>1,4,13,14,17,20,21,22,23
1,3,5,13,19,20,21,22,23>2,5,13,14,17,20,21,22,23
1,3,5,13,19,20,21,22,23>17,3,5,13,20,21,22,23
1,3,5,13,19,20,21,22,23>1,3,5,13,19,20,21,22,23
1,3,5,13,19,20,21,22,23>2,3,5,13,14,19,20,21,22,23
1,3,5,13,19,20,21,22,23>1,4,5,13,14,20,21,22,23
1,3,5,13,19,20,21,22,23>1,2,3,4,5,14,20,21,22,23
1,2,4,6,7,8,12,14,16,17,18,19,21,22,23>1,18,21,2,7,8,12,16,19,22,23
1,2,4,6,7,8,12,14,16,17,18,19,21,22,23>4,6,18,21,2,7,8,12,16,19,22,23
1,2,4,6,7,8,12,14,16,17,18,19,21,22,23>4,14,18,2,7,8,12,16,19,22,23
1,2,4,6,7,8,12,14,16,17,18,19,21,22,23>6,14,18,21,2,7,8,12,16,19,22,23
1,2,4,6,7,8,12,14,16,17,18,19,21,22,23>1,6,14,21,2,7,8,12,16,19,22,23
1,2,4,6,7,8,12,14,16,17,18,19,21,22,23>4,6,14,21,2,7,8,12,16,19,22,23
1,2,4,6,7,8,12,14,16,17,18,19,21,22,23>1,4,6,14,2,7,8,12,16,19,22,23
1,2,4,6,7,8,12,14,16,17,18,19,21,22,23>1,6,17,21,2,7,8,12,16,19,22,23
1,2,4,6,7,8,12,14,16,17,18,19,21,22,23>1,6,17,18,2,7,8,12,16,19,22,23
1,2,4,6,7,8,12,14,16,17,18,19,21,22,23>4,14,17,21,2,7,8,12,16,19,22,23
1,2,3,4,5,6,7,8,9,11,12,17,19,20,21>1,3,11,12,19,22,2,4,7,8,17,21
1,2,3,4,5,6,7,8,9,11,12,17,19,20,21>1,5,12,16,22,2,4,7,8,17,21
1,2,3,4,5,6,7,8,9,11,12,17,19,20,21>3,5,11,13,16,22,2,4,7,8,17,21
1,2,3,4,5,6,7,8,9,11,12,17,19,20,21>3,5,11,16,20,22,2,4,7,8,17,21
1,2,3,4,5,6,7,8,9,11,12,17,19,20,21>6,13,16,20,22,2,4,7,8,17,21
1,2,3,4,5,6,7,8,9,11,12,17,19,20,21>1,6,11,12,13,19,22,2,4,7,8,17,21
1,2,3,4,5,6,7,8,9,11,12,17,19,20,21>1,3,5,6,12,19,20,22,2,4,7,8,17,21
1,2,3,4,5,6,7,8,9,11,12,17,19,20,21>3,9,12,16,22,2,4,7,8,17,21
1,2,3,4,5,6,7,8,9,11,12,17,19,20,21>5,9,11,13,19,20,2,4,7,8,17,21
1,2,3,4,5,6,7,8,9,11,12,17,19,20,21>1,3,6,9,11,13,19,20,22,2,4,7,8,17,21
1,2,4,6,8,15,17,20>21,4,13,15,17,2,20
1,2,4,6,8,15,17,20>1,4,15,16,21,17,2,20
1,2,4,6,8,15,17,20>6,13,15,16,21,17,2,20
1,2,4,6,8,15,17,20>1,6,13,15,17,2,20
1,2,4,6,8,15,17,20>4,6,13,15,16,17,2,20
1,2,4,6,8,15,17,20>16,8,13,15,17,2,20
1,2,4,6,8,15,17,20>4,8,15,16,21,17,2,20
1,2,4,6,8,15,17,20>21,6,8,13,17,2,20
1,2,4,6,8,15,17,20>16,4,7,8,17,2,20
1,2,4,6,8,15,17,20>4,6,7,8,13,17,2,20
3,4,5,6,8,9,10,11,12,17,19,20,21,22,23>5,11,12,16,20,4,8,17,21,22,23
3,4,5,6,8,9,10,11,12,17,19,20,21,22,23>5,10,16,19,20,4,8,17,21,22,23
3,4,5,6,8,9,10,11,12,17,19,20,21,22,23>16,5,19,11,4,8,17,21,22,23
3,4,5,6,8,9,10,11,12,17,19,20,21,22,23>7,10,11,12,20,4,8,17,21,22,23
3,4,5,6,8,9,10,11,12,17,19,20,21,22,23>3,5,7,12,19,20,4,8,17,21,22,23
3,4,5,6,8,9,10,11,12,17,19,20,21,22,23>6,7,11,16,20,4,8,17,21,22,23
3,4,5,6,8,9,10,11,12,17,19,20,21,22,23>3,6,7,10,16,20,4,8,17,21,22,23
3,4,5,6,8,9,10,11,12,17,19,20,21,22,23>5,9,12,16,20,4,8,17,21,22,23
3,4,5,6,8,9,10,11,12,17,19,20,21,22,23>3,5,9,19,20,4,8,17,21,22,23
3,4,5,6,8,9,10,11,12,17,19,20,21,22,23>3,6,7,9,10,11,16,4,8,17,21,22,23
1,6,9,11,12,13,14,16,17,18,19,20,22,23>1,2,9,11,12,18,19,14,23
1,6,9,11,12,13,14,16,17,18,19,20,22,23>6,9,11,13,17,20,21,22,18,19,14,23
1,6,9,11,12,13,14,16,17,18,19,20,22,23>7,16,17,20,21,22,18,19,14,23
1,6,9,11,12,13,14,16,17,18,19,20,22,23>2,7,9,13,17,20,22,18,19,14,23
1,6,9,11,12,13,14,16,17,18,19,20,22,23>6,7,11,12,13,20,21,22,18,19,14,23
1,6,9,11,12,13,14,16,17,18,19,20,22,23>1,6,7,9,11,12,13,15,16,17,21,18,19,14,23
1,6,9,11,12,13,14,16,17,18,19,20,22,23>2,8,11,12,13,15,16,17,20,21,18,19,14,23
1,6,9,11,12,13,14,16,17,18,19,20,22,23>1,2,6,8,11,12,15,16,18,19,14,23
1,6,9,11,12,13,14,16,17,18,19,20,22,23>1,2,7,8,15,16,17,21,18,19,14,23
1,6,9,11,12,13,14,16,17,18,19,20,22,23>1,6,7,8,12,13,16,17,20,18,19,14,23
1,4,7,8,9,10,13,14,17,18,20,22,23>18,19,21,13,10,14,17,20,23
1,4,7,8,9,10,13,14,17,18,20,22,23>1,4,9,13,22,10,14,17,20,23
1,4,7,8,9,10,13,14,17,18,20,22,23>1,7,9,16,18,19,21,10,14,17,20,23
1,4,7,8,9,10,13,14,17,18,20,22,23>1,2,7,9,13,16,18,21,22,10,14,17,20,23
1,4,7,8,9,10,13,14,17,18,20,22,23>1,2,8,9,13,22,10,14,17,20,23
1,4,7,8,9,10,13,14,17,18,20,22,23>4,8,9,16,21,22,10,14,17,20,23
1,4,7,8,9,10,13,14,17,18,20,22,23>1,2,8,9,16,21,10,14,17,20,23
1,4,7,8,9,10,13,14,17,18,20,22,23>1,2,4,8,9,19,21,10,14,17,20,23
1,4,7,8,9,10,13,14,17,18,20,22,23>1,2,7,8,16,18,21,22,10,14,17,20,23
1,4,7,8,9,10,13,14,17,18,20,22,23>2,4,7,8,9,13,18,19,10,14,17,20,23
1,2,7,8,9,10,11,12,13,14,15,16,17,18,19,22,23>1,9,17,2,8,11,12,14,16,19,23
1,2,7,8,9,10,11,12,13,14,15,16,17,18,19,22,23>7,9,17,2,8,11,12,14,16,19,23
1,2,7,8,9,10,11,12,13,14,15,16,17,18,19,22,23>7,10,15,17,18,22,2,8,11,12,14,16,19,23
1,2,7,8,9,10,11,12,13,14,15,16,17,18,19,22,23>1,7,10,22,2,8,11,12,14,16,19,23
1,2,7,8,9,10,11,12,13,14,15,16,17,18,19,22,23>9,10,15,17,2,8,11,12,14,16,19,23
1,2,7,8,9,10,11,12,13,14,15,16,17,18,19,22,23>18,22,13,17,2,8,11,12,14,16,19,23
1,2,7,8,9,10,11,12,13,14,15,16,17,18,19,22,23>1,13,15,18,22,2,8,11,12,14,16,19,23
1,2,7,8,9,10,11,12,13,14,15,16,17,18,19,22,23>18,22,10,13,2,8,11,12,14,16,19,23
1,2,7,8,9,10,11,12,13,14,15,16,17,18,19,22,23>1,10,13,17,18,2,8,11,12,14,16,19,23
1,2,7,8,9,10,11,12,13,14,15,16,17,18,19,22,23>7,10,13,15,22,2,8,11,12,14,16,19,23
3,4,7,8,10,16,17,21>7,10,11,13,17,22,8,16,4
3,4,7,8,10,16,17,21>3,7,10,11,17,21,22,8,16,4
3,4,7,8,10,16,17,21>3,12,13,17,22,8,16,4
3,4,7,8,10,16,17,21>21,7,12,17,8,16,4
3,4,7,8,10,16,17,21>3,7,10,12,21,22,8,16,4
3,4,7,8,10,16,17,21>11,12,17,8,16,4
3,4,7,8,10,16,17,21>3,11,12,13,21,22,8,16,4
3,4,7,8,10,16,17,21>7,11,12,13,8,16,4
3,4,7,8,10,16,17,21>3,7,11,12,21,22,8,16,4
3,4,7,8,10,16,17,21>7,10,11,12,21,8,16,4
1,4,5,6,7,8,10,11,12,13,16,22>23,2,4,14,6,7,8,11,12,13,16
1,4,5,6,7,8,10,11,12,13,16,22>5,14,22,6,7,8,11,12,13,16
1,4,5,6,7,8,10,11,12,13,16,22>23,2,5,22,6,7,8,11,12,13,16
1,4,5,6,7,8,10,11,12,13,16,22>1,2,5,14,23,6,7,8,11,12,13,16
1,4,5,6,7,8,10,11,12,13,16,22>4,5,22,6,7,8,11,12,13,16
1,4,5,6,7,8,10,11,12,13,16,22>23,1,4,5,6,7,8,11,12,13,16
1,4,5,6,7,8,10,11,12,13,16,22>23,1,10,6,7,8,11,12,13,16
1,4,5,6,7,8,10,11,12,13,16,22>4,10,14,22,23,6,7,8,11,12,13,16
1,4,5,6,7,8,10,11,12,13,16,22>2,4,10,14,22,6,7,8,11,12,13,16
1,4,5,6,7,8,10,11,12,13,16,22>1,5,10,22,6,7,8,11,12,13,16
1,2,3,5,6,10,12,13,15,16,18,20,22>3,8,15,21,22,23,16,2,13,6
1,2,3,5,6,10,12,13,15,16,18,20,22>3,14,15,18,19,20,21,23,16,2,13,6
1,2,3,5,6,10,12,13,15,16,18,20,22>1,5,8,15,20,22,23,16,2,13,6
1,2,3,5,6,10,12,13,15,16,18,20,22>3,5,8,10,15,18,19,21,16,2,13,6
1,2,3,5,6,10,12,13,15,16,18,20,22>1,3,5,10,14,15,18,21,23,16,2,13,6
1,2,3,5,6,10,12,13,15,16,18,20,22>7,8,14,15,18,16,2,13,6
1,2,3,5,6,10,12,13,15,16,18,20,22>3,7,8,14,18,19,20,23,16,2,13,6
1,2,3,5,6,10,12,13,15,16,18,20,22>3,5,7,21,22,16,2,13,6
1,2,3,5,6,10,12,13,15,16,18,20,22>3,4,5,7,8,14,15,20,21,23,16,2,13,6
1,2,3,5,6,10,12,13,15,16,18,20,22>1,3,4,5,7,10,12,14,15,18,20,22,16,2,13,6
1,3,4,8,10,13,15,16,18,20>1,14,15,19,21,8,16,4,20
1,3,4,8,10,13,15,16,18,20>1,3,14,15,21,8,16,4,20
1,3,4,8,10,13,15,16,18,20>2,3,10,14,15,18,19,8,16,4,20
1,3,4,8,10,13,15,16,18,20>1,2,3,10,14,19,8,16,4,20
1,3,4,8,10,13,15,16,18,20>18,19,21,13,8,16,4,20
1,3,4,8,10,13,15,16,18,20>1,13,19,15,8,16,4,20
1,3,4,8,10,13,15,16,18,20>1,13,14,15,18,21,8,16,4,20
1,3,4,8,10,13,15,16,18,20>1,2,3,10,18,8,16,4,20
1,3,4,8,10,13,15,16,18,20>2,3,13,14,15,18,19,8,16,4,20
1,3,4,8,10,13,15,16,18,20>1,10,13,14,15,8,16,4,20
5,6,7,10,11,12,13,14,15,16,18,19,20,22,23>6,8,10,13,21,7,14,15,16,19,23
5,6,7,10,11,12,13,14,15,16,18,19,20,22,23>11,13,18,20,21,22,7,14,15,16,19,23
5,6,7,10,11,12,13,14,15,16,18,19,20,22,23>5,11,18,20,21,7,14,15,16,19,23
5,6,7,10,11,12,13,14,15,16,18,19,20,22,23>6,11,12,18,21,22,7,14,15,16,19,23
5,6,7,10,11,12,13,14,15,16,18,19,20,22,23>18,5,6,11,7,14,15,16,19,23
5,6,7,10,11,12,13,14,15,16,18,19,20,22,23>8,11,12,13,18,20,21,7,14,15,16,19,23
5,6,7,10,11,12,13,14,15,16,18,19,20,22,23>5,8,11,20,21,7,14,15,16,19,23
5,6,7,10,11,12,13,14,15,16,18,19,20,22,23>6,11,12,13,18,20,7,14,15,16,19,23
5,6,7,10,11,12,13,14,15,16,18,19,20,22,23>5,10,11,13,18,22,7,14,15,16,19,23
5,6,7,10,11,12,13,14,15,16,18,19,20,22,23>5,8,10,11,18,7,14,15,16,19,23
3,6,7,8,10,12,15,20,21,23>17,3,6,20,8,21,7
3,6,7,8,10,12,15,20,21,23>17,4,6,16,8,21,7
3,6,7,8,10,12,15,20,21,23>3,10,15,20,22,23,8,21,7
3,6,7,8,10,12,15,20,21,23>3,4,23,10,8,21,7
3,6,7,8,10,12,15,20,21,23>4,6,10,15,17,20,8,21,7
3,6,7,8,10,12,15,20,21,23>3,12,15,16,17,20,22,23,8,21,7
3,6,7,8,10,12,15,20,21,23>17,3,6,12,8,21,7
3,6,7,8,10,12,15,20,21,23>10,12,15,16,17,23,8,21,7
3,6,7,8,10,12,15,20,21,23>4,6,10,12,17,20,23,8,21,7
3,6,7,8,10,12,15,20,21,23>3,4,6,10,12,15,16,20,22,8,21,7
3,5,7,9,11,12,13,14,15,17,18,21>4,8,11,16,17,19,21,22,12,13,14,15,18
3,5,7,9,11,12,13,14,15,17,18,21>4,9,16,17,21,22,12,13,14,15,18
3,5,7,9,11,12,13,14,15,17,18,21>4,5,6,7,8,9,11,19,21,12,13,14,15,18
3,5,7,9,11,12,13,14,15,17,18,21>3,5,10,16,19,21,22,12,13,14,15,18
3,5,7,9,11,12,13,14,15,17,18,21>4,5,11,17,19,21,12,13,14,15,18
3,5,7,9,11,12,13,14,15,17,18,21>5,9,10,16,19,12,13,14,15,18
3,5,7,9,11,12,13,14,15,17,18,21>3,4,7,9,11,19,21,12,13,14,15,18
3,5,7,9,11,12,13,14,15,17,18,21>4,6,7,8,9,17,19,21,12,13,14,15,18
3,5,7,9,11,12,13,14,15,17,18,21>3,5,6,7,8,10,16,17,12,13,14,15,18
3,5,7,9,11,12,13,14,15,17,18,21>4,5,6,7,8,9,11,16,17,22,12,13,14,15,18
1,2,4,6,11,12,13,14,15,16,17,18,22>22,23,11,2,12,13,14,15,16,18
1,2,4,6,11,12,13,14,15,16,17,18,22>1,6,11,22,2,12,13,14,15,16,18
1,2,4,6,11,12,13,14,15,16,17,18,22>4,7,17,19,22,2,12,13,14,15,16,18
1,2,4,6,11,12,13,14,15,16,17,18,22>4,6,7,17,22,2,12,13,14,15,16,18
1,2,4,6,11,12,13,14,15,16,17,18,22>1,8,11,17,19,2,12,13,14,15,16,18
1,2,4,6,11,12,13,14,15,16,17,18,22>1,8,17,19,23,2,12,13,14,15,16,18
1,2,4,6,11,12,13,14,15,16,17,18,22>19,4,8,17,2,12,13,14,15,16,18
1,2,4,6,11,12,13,14,15,16,17,18,22>4,7,8,19,23,2,12,13,14,15,16,18
1,2,4,6,11,12,13,14,15,16,17,18,22>6,7,8,17,2,12,13,14,15,16,18
1,2,4,6,11,12,13,14,15,16,17,18,22>1,6,7,8,19,23,2,12,13,14,15,16,18
1,5,6,8,9,10,12,13,14,16,17,19,23>9,10,13,16,17,8,12,14
1,5,6,8,9,10,12,13,14,16,17,19,23>11,6,23,10,8,12,14
1,5,6,8,9,10,12,13,14,16,17,19,23>1,5,6,9,19,23,8,12,14
1,5,6,8,9,10,12,13,14,16,17,19,23>1,5,6,11,17,8,12,14
1,5,6,8,9,10,12,13,14,16,17,19,23>2,7,10,16,19,23,8,12,14
1,5,6,8,9,10,12,13,14,16,17,19,23>1,5,7,9,11,13,17,19,23,8,12,14
1,5,6,8,9,10,12,13,14,16,17,19,23>2,5,7,10,23,8,12,14
1,5,6,8,9,10,12,13,14,16,17,19,23>1,2,5,7,9,11,16,17,19,8,12,14
1,5,6,8,9,10,12,13,14,16,17,19,23>6,7,9,10,11,13,16,19,8,12,14
1,5,6,8,9,10,12,13,14,16,17,19,23>1,2,5,6,7,16,17,8,12,14
3,5,6,8,13,16,17,18,19,21>12,14,18,20,21,22,8,19
3,5,6,8,13,16,17,18,19,21>5,13,14,17,18,20,21,8,19
3,5,6,8,13,16,17,18,19,21>3,4,5,13,16,20,22,8,19
3,5,6,8,13,16,17,18,19,21>4,5,6,14,17,18,20,21,22,8,19
3,5,6,8,13,16,17,18,19,21>3,4,5,6,16,17,21,22,8,19
3,5,6,8,13,16,17,18,19,21>3,7,12,13,14,16,18,21,22,8,19
3,5,6,8,13,16,17,18,19,21>5,7,13,17,21,22,8,19
3,5,6,8,13,16,17,18,19,21>3,6,7,12,13,14,17,20,21,22,8,19
3,5,6,8,13,16,17,18,19,21>3,6,7,14,16,17,18,20,22,8,19
3,5,6,8,13,16,17,18,19,21>5,6,7,12,14,16,17,20,8,19
1,5,6,9,10,12,13,14,15,16,18,20,23>1,2,9,20,21,23,6,10,14,15,16
1,5,6,9,10,12,13,14,15,16,18,20,23>2,7,18,19,20,23,6,10,14,15,16
1,5,6,9,10,12,13,14,15,16,18,20,23>1,2,7,19,20,23,6,10,14,15,16
1,5,6,9,10,12,13,14,15,16,18,20,23>2,7,12,13,18,20,21,6,10,14,15,16
1,5,6,9,10,12,13,14,15,16,18,20,23>2,5,7,9,20,21,23,6,10,14,15,16
1,5,6,9,10,12,13,14,15,16,18,20,23>1,2,8,9,12,18,19,21,6,10,14,15,16
1,5,6,9,10,12,13,14,15,16,18,20,23>1,5,8,9,12,13,20,21,6,10,14,15,16
1,5,6,9,10,12,13,14,15,16,18,20,23>1,5,8,12,13,18,6,10,14,15,16
1,5,6,9,10,12,13,14,15,16,18,20,23>1,7,8,9,20,21,6,10,14,15,16
1,5,6,9,10,12,13,14,15,16,18,20,23>1,2,5,7,8,13,21,23,6,10,14,15,16
2,6,7,11,12,13,14,16,17,19,20,21>18,19,8,22,21,13,14,7
2,6,7,11,12,13,14,16,17,19,20,21>2,8,15,18,19,20,21,13,14,7
2,6,7,11,12,13,14,16,17,19,20,21>2,11,15,16,19,22,21,13,14,7
2,6,7,11,12,13,14,16,17,19,20,21>6,11,17,18,19,20,22,21,13,14,7
2,6,7,11,12,13,14,16,17,19,20,21>12,15,16,17,18,22,21,13,14,7
2,6,7,11,12,13,14,16,17,19,20,21>8,12,15,16,19,21,13,14,7
2,6,7,11,12,13,14,16,17,19,20,21>2,8,12,16,18,21,13,14,7
2,6,7,11,12,13,14,16,17,19,20,21>6,11,12,15,19,20,21,13,14,7
2,6,7,11,12,13,14,16,17,19,20,21>2,6,11,12,17,19,20,22,21,13,14,7
2,6,7,11,12,13,14,16,17,19,20,21>2,6,8,11,12,17,18,19,20,21,13,14,7
1,2,3,5,8,9,10,11,12,14,15,19,20,21>22,20,10,11,8,2,21
1,2,3,5,8,9,10,11,12,14,15,19,20,21>1,3,11,12,13,14,15,17,22,8,2,21
1,2,3,5,8,9,10,11,12,14,15,19,20,21>1,3,10,11,13,17,19,8,2,21
1,2,3,5,8,9,10,11,12,14,15,19,20,21>1,5,10,11,17,22,8,2,21
1,2,3,5,8,9,10,11,12,14,15,19,20,21>1,3,5,10,12,13,15,20,8,2,21
1,2,3,5,8,9,10,11,12,14,15,19,20,21>3,4,5,10,15,17,20,22,8,2,21
1,2,3,5,8,9,10,11,12,14,15,19,20,21>1,3,4,5,10,11,12,16,17,19,20,8,2,21
1,2,3,5,8,9,10,11,12,14,15,19,20,21>1,3,9,10,11,12,14,15,16,22,8,2,21
1,2,3,5,8,9,10,11,12,14,15,19,20,21>3,4,9,11,14,16,17,19,8,2,21
1,2,3,5,8,9,10,11,12,14,15,19,20,21>3,4,5,9,14,15,8,2,21
1,2,3,9,11,13,15,16,17,18,22>17,1,4,22,16,2,18,13
1,2,3,9,11,13,15,16,17,18,22>3,4,10,12,14,19,22,16,2,18,13
1,2,3,9,11,13,15,16,17,18,22>1,15,17,8,16,2,18,13
1,2,3,9,11,13,15,16,17,18,22>1,4,8,11,12,19,16,2,18,13
1,2,3,9,11,13,15,16,17,18,22>3,4,8,11,15,17,19,16,2,18,13
1,2,3,9,11,13,15,16,17,18,22>3,4,8,11,12,15,17,16,2,18,13
1,2,3,9,11,13,15,16,17,18,22>3,9,10,12,15,19,22,16,2,18,13
1,2,3,9,11,13,15,16,17,18,22>1,3,8,9,10,11,14,17,16,2,18,13
1,2,3,9,11,13,15,16,17,18,22>4,8,9,11,19,16,2,18,13
1,2,3,9,11,13,15,16,17,18,22>1,3,4,8,9,14,15,19,16,2,18,13
1,2,4,6,7,8,11,12,13,16,22>1,4,6,23,2,7,8,12,13,16
1,2,4,6,7,8,11,12,13,16,22>1,4,6,22,2,7,8,12,13,16
1,2,4,6,7,8,11,12,13,16,22>1,11,22,23,2,7,8,12,13,16
1,2,4,6,7,8,11,12,13,16,22>4,6,11,23,2,7,8,12,13,16
1,2,4,6,7,8,11,12,13,16,22>4,14,22,23,2,7,8,12,13,16
1,2,4,6,7,8,11,12,13,16,22>1,6,14,22,23,2,7,8,12,13,16
1,2,4,6,7,8,11,12,13,16,22>1,4,6,14,2,7,8,12,13,16
1,2,4,6,7,8,11,12,13,16,22>4,11,14,23,2,7,8,12,13,16
1,2,4,6,7,8,11,12,13,16,22>1,4,11,14,2,7,8,12,13,16
1,2,4,6,7,8,11,12,13,16,22>6,11,14,23,2,7,8,12,13,16
2,3,4,5,6,9,16,18,19,20,21>2,9,13,18,22,4,16,19,20,21
2,3,4,5,6,9,16,18,19,20,21>13,2,8,9,4,16,19,20,21
2,3,4,5,6,9,16,18,19,20,21>2,3,9,4,16,19,20,21
2,3,4,5,6,9,16,18,19,20,21>13,3,22,8,4,16,19,20,21
2,3,4,5,6,9,16,18,19,20,21>22,6,8,9,4,16,19,20,21
2,3,4,5,6,9,16,18,19,20,21>2,6,9,4,16,19,20,21
2,3,4,5,6,9,16,18,19,20,21>2,3,5,6,8,18,4,16,19,20,21
2,3,4,5,6,9,16,18,19,20,21>2,7,18,4,16,19,20,21
2,3,4,5,6,9,16,18,19,20,21>2,22,6,7,4,16,19,20,21
2,3,4,5,6,9,16,18,19,20,21>3,6,7,8,4,16,19,20,21
2,3,4,5,6,10,12,14,18,20,21,22,23>2,5,20,12,4,6,21,22,23
2,3,4,5,6,10,12,14,18,20,21,22,23>3,5,14,16,17,18,20,4,6,21,22,23
2,3,4,5,6,10,12,14,18,20,21,22,23>2,7,15,16,17,19,4,6,21,22,23
2,3,4,5,6,10,12,14,18,20,21,22,23>2,3,5,7,17,18,19,20,4,6,21,22,23
2,3,4,5,6,10,12,14,18,20,21,22,23>2,8,10,16,18,19,4,6,21,22,23
2,3,4,5,6,10,12,14,18,20,21,22,23>2,3,8,10,15,16,18,20,4,6,21,22,23
2,3,4,5,6,10,12,14,18,20,21,22,23>2,5,8,12,15,16,17,19,4,6,21,22,23
2,3,4,5,6,10,12,14,18,20,21,22,23>2,5,8,10,16,18,20,4,6,21,22,23
2,3,4,5,6,10,12,14,18,20,21,22,23>2,7,8,12,15,18,19,20,4,6,21,22,23
2,3,4,5,6,10,12,14,18,20,21,22,23>5,7,8,10,14,15,16,17,20,4,6,21,22,23
4,6,8,9,10,13,14,18,19,21,23>7,10,13,16,18,20,19,14
4,6,8,9,10,13,14,18,19,21,23>4,6,7,10,16,18,20,21,23,19,14
4,6,8,9,10,13,14,18,19,21,23>8,11,13,18,20,21,23,19,14
4,6,8,9,10,13,14,18,19,21,23>4,8,10,13,23,19,14
4,6,8,9,10,13,14,18,19,21,23>4,6,7,11,20,21,22,23,19,14
4,6,8,9,10,13,14,18,19,21,23>7,8,16,22,23,19,14
4,6,8,9,10,13,14,18,19,21,23>4,6,7,8,11,13,16,18,19,14
4,6,8,9,10,13,14,18,19,21,23>4,6,7,8,13,18,21,22,23,19,14
4,6,8,9,10,13,14,18,19,21,23>6,7,9,10,13,16,18,23,19,14
4,6,8,9,10,13,14,18,19,21,23>4,6,7,9,21,22,19,14
1,2,3,5,6,8,12,13,14,15,17,19,20>1,4,7,12,15,2,8,13,14,17
1,2,3,5,6,8,12,13,14,15,17,19,20>3,4,5,7,12,15,19,2,8,13,14,17
1,2,3,5,6,8,12,13,14,15,17,19,20>1,3,4,5,12,15,19,20,2,8,13,14,17
1,2,3,5,6,8,12,13,14,15,17,19,20>15,16,21,6,2,8,13,14,17
1,2,3,5,6,8,12,13,14,15,17,19,20>3,4,5,15,19,21,2,8,13,14,17
1,2,3,5,6,8,12,13,14,15,17,19,20>1,6,7,12,15,16,20,2,8,13,14,17
1,2,3,5,6,8,12,13,14,15,17,19,20>1,6,7,12,15,19,2,8,13,14,17
1,2,3,5,6,8,12,13,14,15,17,19,20>3,4,6,16,19,20,21,2,8,13,14,17
1,2,3,5,6,8,12,13,14,15,17,19,20>1,3,5,6,12,15,20,21,2,8,13,14,17
1,2,3,5,6,8,12,13,14,15,17,19,20>4,5,6,15,16,19,2,8,13,14,17
4,5,7,8,13,20>17,14,16,20,13
4,5,7,8,13,20>17,21,16,20,13
4,5,7,8,13,20>5,7,14,16,20,13
4,5,7,8,13,20>4,5,6,7,16,17,20,13
4,5,7,8,13,20>17,4,8,14,20,13
4,5,7,8,13,20>7,8,14,20,13
4,5,7,8,13,20>4,7,8,16,20,13
4,5,7,8,13,20>4,5,7,8,21,20,13
4,5,7,8,13,20>4,6,7,8,21,20,13
4,5,7,8,13,20>4,5,6,7,8,17,20,13
