TCR,NFAT,IFN-\beta,IFN-\betaR,IL-18,IL-18R,IRAK,SOCS1,IL-12,IL-12R,STAT4,T-bet,IFN-\gamma,IFN-\gammaR,JAK1,STAT1,IL-4,IL-4R,STAT6,GATA3,IL-10,IL-10R,STAT3
3,4,5,7,10,13,14,15,20>21,3,6,16,4,13,14,15,20
3,4,5,7,10,13,14,15,20>3,5,6,17,4,13,14,15,20
1,2,3,8,9,14,16,23>4,9,10,12,16,23,8,2
1,2,3,8,9,14,16,23>1,3,4,14,16,8,2
2,3,4,5,7,10,12,13,19,20,21>8,12,17,19,22,21,4,13
2,3,4,5,7,10,12,13,19,20,21>2,5,12,14,16,22,21,4,13
2,3,4,5,7,10,11,17,19,20,21,23>18,3,11,16,17,21,4,20
2,3,4,5,7,10,11,17,19,20,21,23>22,2,3,5,17,21,4,20
1,6,10,12,15,16,19,20,21>2,8,12,13,15,19,20,22,16,21
1,6,10,12,15,16,19,20,21>1,2,6,8,10,15,19,20,16,21
4,5,11,13,14,15,17,18,22>4,11,16,23,18,13,14,15
4,5,11,13,14,15,17,18,22>5,11,16,17,22,23,18,13,14,15
5,7,9,10,12,13,14,15,16,17,18,19,20,21,22>12,17,13,14,15,16,18,19,21,22
5,7,9,10,12,13,14,15,16,17,18,19,20,21,22>5,7,8,9,10,12,13,14,15,16,18,19,21,22
1,5,6,8,9,12,17,23>1,2,9,17,23,8,12,6
1,5,6,8,9,12,17,23>5,7,9,10,17,23,8,12,6
1,2,3,6,8,10,12,14,18,20,22,23>6,7,10,12,14,19,8,2,23
1,2,3,6,8,10,12,14,18,20,22,23>3,7,10,12,19,20,21,8,2,23
4,6,9,13,15,16,19,20,23>4,7,8,13,14,21,23,16,20
4,6,9,13,15,16,19,20,23>6,7,13,15,19,21,16,20
2,8,10,12,13,14,16,18,22,23>22,13,18,8,12,14,23
2,8,10,12,13,14,16,18,22,23>2,13,18,8,12,14,23
1,2,3,5,10,11,12,16,19,21,22>4,8,13,16,23,2,11,12,22
1,2,3,5,10,11,12,16,19,21,22>3,4,5,10,13,16,21,23,2,11,12,22
1,2,6,7,8,9,12,16,17,18,21,22>1,6,10,16,17,19,23,2,7,8,12,22
1,2,6,7,8,9,12,16,17,18,21,22>1,9,10,17,21,23,2,7,8,12,22
4,5,6,9,10,11,12,16,17,19>13,18,10,16,11,12
4,5,6,9,10,11,12,16,17,19>19,18,6,16,11,12
2,5,7,10,11,12,14,16,17,18,23>15,5,17,18,11,12
2,5,7,10,11,12,14,16,17,18,23>19,5,6,10,18,11,12
1,4,6,7,8,9,10,11,13,14,15,17,18,21,22,23>1,2,9,13,19,7,10,11,14,22,23
1,4,6,7,8,9,10,11,13,14,15,17,18,21,22,23>4,8,9,15,16,17,19,21,7,10,11,14,22,23
2,4,6,8,9,14,15,17,18,19,22>2,7,9,13,17,18,22,19
2,4,6,8,9,14,15,17,18,19,22>2,7,14,15,16,23,19
6,9,12,13,19,21>8,9,14,19,12,13
6,9,12,13,19,21>6,7,8,19,21,22,12,13
1,2,5,6,9,10,14,15,16,17,18,19,22,23>7,8,9,17,20,22,2,15,16,18,19,23
1,2,5,6,9,10,14,15,16,17,18,19,22,23>1,5,7,9,10,14,20,22,2,15,16,18,19,23
2,6,8,9,10,11,12,15,18,19,21,22,23>18,9,15,16,8,11,12,19,22,23
2,6,8,9,10,11,12,15,18,19,21,22,23>6,7,8,11,12,19,22,23
1,5,8,11,13,16,17,18,20>17,1,5,16,8,20,13
1,5,8,11,13,16,17,18,20>1,2,5,6,11,19,21,8,20,13
1,2,3,5,6,7,8,12,14,15,19,22>1,14,16,19,22,8,2,12,7
1,2,3,5,6,7,8,12,14,15,19,22>1,3,15,16,23,8,2,12,7
5,7,8,10,12,13,15,16,17,18,19,22>18,22,15,17,8,12,13,16,19
5,7,8,10,12,13,15,16,17,18,19,22>18,22,23,10,8,12,13,16,19
2,3,4,5,6,9,10,11,12,13,14,15,20>2,17,11,4,6,10,13,14,15
2,3,4,5,6,9,10,11,12,13,14,15,20>2,3,5,7,9,4,6,10,13,14,15
5,8,9,10,12,14,16,19,21>21,13,8,12
5,8,9,10,12,14,16,19,21>5,9,10,11,19,21,8,12
2,4,5,6,7,8,9,10,12,13,15,16,17,19,20,21,23>4,10,12,13,15,19,8,16,21,7
2,4,5,6,7,8,9,10,12,13,15,16,17,19,20,21,23>5,6,9,17,20,22,8,16,21,7
1,2,6,9,13,14,15,19,20,21,22>1,6,9,19,2,13,14,15,20,21,22
1,2,6,9,13,14,15,19,20,21,22>1,7,9,16,2,13,14,15,20,21,22
2,3,4,5,12,14,17,18,21,22>2,17,21,13,18,4,12,22
2,3,4,5,12,14,17,18,21,22>5,6,8,13,17,23,18,4,12,22
1,5,9,11,15,16,17,19,20>8,9,11,17,18,21,16,20
1,5,9,11,15,16,17,19,20>1,2,8,13,15,17,16,20
1,2,4,5,9,11,13,14,15,16,18,20,21,22,23>1,8,9,11,18,2,14,15,16,20,21,22,23
1,2,4,5,9,11,13,14,15,16,18,20,21,22,23>18,5,6,9,2,14,15,16,20,21,22,23
1,4,5,8,9,10,11,15,16,18,22,23>1,2,5,12,18,19,8,10,11,16,23
1,4,5,8,9,10,11,15,16,18,22,23>2,4,5,6,8,10,11,16,23
1,3,4,5,7,9,10,11,12,13,14,16,17,18,19,20>2,12,17,20,21,4,13,14,16,18,19
1,3,4,5,7,9,10,11,12,13,14,16,17,18,19,20>2,3,5,7,9,10,12,15,21,4,13,14,16,18,19
2,5,6,8,9,10,13,14,16,20>2,9,16,6,8,10,13,14,20
2,5,6,8,9,10,13,14,16,20>2,5,7,16,6,8,10,13,14,20
2,3,4,6,8,15,16,19,20,23>23,7,19,8,16,4,20
2,3,4,6,8,15,16,19,20,23>2,3,6,21,8,16,4,20
2,10,13,15,17,19,21,22>10,15,16,18,20,21,23,13,22
2,10,13,15,17,19,21,22>2,11,14,15,18,20,23,13,22
7,8,9,10,13,14,15,18,19,20,22,23>7,10,15,16,18,21,22,19,20,14,23
7,8,9,10,13,14,15,18,19,20,22,23>7,8,9,15,17,22,19,20,14,23
2,3,4,5,6,8,9,12,15,17,21,22,23>16,17,7,4,6,8,12,22,23
2,3,4,5,6,8,9,12,15,17,21,22,23>2,21,9,4,6,8,12,22,23
2,3,4,6,9,11,15,16,19,21,22,23>2,3,8,9,11,20,21,16,4,22,23
2,3,4,6,9,11,15,16,19,21,22,23>2,3,7,8,9,11,12,15,19,16,4,22,23
1,2,5,6,8,9,10,12,13,14,15,17,18,22,23>1,5,9,15,16,17,18,2,6,8,10,12,14,23
1,2,5,6,8,9,10,12,13,14,15,17,18,22,23>5,7,11,13,16,17,22,2,6,8,10,12,14,23
5,10,11,12,17,18,19,21,22,23>10,17,21,11,12,18,19,22,23
5,10,11,12,17,18,19,21,22,23>8,10,21,11,12,18,19,22,23
1,3,4,5,6,7,11,12,13,16,17,18,23>1,5,8,11,13,14,17,4,6,7,12,16,18
1,3,4,5,6,7,11,12,13,16,17,18,23>3,5,8,13,14,17,4,6,7,12,16,18
2,4,6,7,9,11,15,17,18,19,22>4,9,11,13,15,16,20,22,18,19,7
2,4,6,7,9,11,15,17,18,19,22>6,9,11,13,23,18,19,7
1,4,6,7,11,12,17,18,19,21>2,4,6,8,21,22,18,19,12,7
1,4,6,7,11,12,17,18,19,21>1,2,4,13,17,21,18,19,12,7
2,5,8,9,11,12,15,18,19>18,9,11,8,19,12
2,5,8,9,11,12,15,18,19>5,9,11,16,8,19,12
2,4,5,6,11,13,14,15,16,17,19,20,22,23>6,8,11,17,18,19,21,22,14,15,16,20,23
2,4,5,6,11,13,14,15,16,17,19,20,22,23>2,5,6,7,11,13,18,19,21,22,14,15,16,20,23
2,6,10,11,13,15,16,23>14,10,12,13,16,11
2,6,10,11,13,15,16,23>2,6,7,8,10,12,14,15,16,11
1,2,3,4,7,11,15,16,19,20>7,8,13,15,19,21,16,2,4,20
1,2,3,4,7,11,15,16,19,20>1,7,8,11,13,15,16,2,4,20
1,2,4,6,8,9,11,14,16,17,18,20,21,22,23>1,4,11,18,19,2,8,16,20,21,22,23
1,2,4,6,8,9,11,14,16,17,18,20,21,22,23>6,7,10,11,14,17,2,8,16,20,21,22,23
2,3,5,6,9,10,16,17,18,20,22>3,4,5,8,17,19,21,23,10,18,20,6
2,3,5,6,9,10,16,17,18,20,22>2,3,4,7,9,13,22,10,18,20,6
1,2,3,5,6,7,9,10,11,15,18,22>1,4,5,9,15,16,19,23,2,6,7,10,11
1,2,3,5,6,7,9,10,11,15,18,22>1,3,4,23,2,6,7,10,11
2,3,9,11,12,13,15,18,19,21>2,9,14,18,21,19,12,13
2,3,9,11,12,13,15,18,19,21>2,3,14,16,21,22,19,12,13
1,3,4,7,9,14,15,16,21,23>1,7,8,9,14,21,23,16,4,15
1,3,4,7,9,14,15,16,21,23>1,2,3,7,8,10,12,21,23,16,4,15
1,2,4,7,8,9,10,12,13,15,16,17,20,21,23>1,4,9,12,13,14,15,20,2,8,10,16,21
1,2,4,7,8,9,10,12,13,15,16,17,20,21,23>7,12,20,22,23,2,8,10,16,21
7,8,14,17,20,23>8,14,23,17,20
7,8,14,17,20,23>7,8,14,17,20
3,4,6,8,10,12,14,21>16,10,8,4,12
3,4,6,8,10,12,14,21>3,11,21,8,4,12
1,3,4,8,9,12,14,17,19,21,23>21,2,23,9,8,4,12
1,3,4,8,9,12,14,17,19,21,23>2,9,16,17,21,8,4,12
2,6,7,8,9,11,12,13,16,17,19,20,21>9,11,12,16,17,20,8,21,13,7
2,6,7,8,9,11,12,13,16,17,19,20,21>20,6,9,11,8,21,13,7
2,4,6,7,9,10,13,17,19,20,22>9,10,14,16,18,19,22,17,20,13,7
2,4,6,7,9,10,13,17,19,20,22>4,10,17,20,13,7
3,7,8,11,12,13,14,21,22,23>4,8,12,14,22,23
3,7,8,11,12,13,14,21,22,23>7,21,8,12,14,22,23
6,7,8,10,11,12,15,17,19,20>19,20,10,21,8,17,7
6,7,8,10,11,12,15,17,19,20>10,11,12,13,15,16,20,21,8,17,7
1,5,7,8,12,17,19,22,23>2,7,8,12,23
1,5,7,8,12,17,19,22,23>1,2,17,22,8,12,23
1,4,7,8,9,10,13,20,21,22>1,4,7,17,10,13,20,21,22
1,4,7,8,9,10,13,20,21,22>23,2,4,7,10,13,20,21,22
1,3,4,5,8,9,13,14,15,16,18,20,23>1,2,6,9,10,13,15,18,23,4,8,14,16,20
1,3,4,5,8,9,13,14,15,16,18,20,23>1,3,6,18,19,23,4,8,14,16,20
1,2,3,6,8,10,12,18,19>3,6,7,10,18,8,2,19,12
1,2,3,6,8,10,12,18,19>4,7,10,11,13,8,2,19,12
4,6,8,9,11,19,20>16,17,21,11,20
4,6,8,9,11,19,20>21,4,19,7,20
1,3,4,6,9,13,15,17,18,22>3,7,13,14,19,22,18,4
1,3,4,6,9,13,15,17,18,22>1,3,6,9,16,17,19,22,18,4
2,4,6,8,9,10,11,12,13,14,18,21>2,7,9,16,8,10,11,12,13,14
2,4,6,8,9,10,11,12,13,14,18,21>2,22,16,21,8,10,11,12,13,14
1,2,4,5,6,8,20,21>1,7,13,2,20,21,6
1,2,4,5,6,8,20,21>1,4,7,17,22,2,20,21,6
2,3,9,12,13,18>2,4,9,14,19,12,13
2,3,9,12,13,18>3,4,8,14,18,12,13
1,2,4,6,7,9,10,15,16,20,21,23>23,15,22,2,7,10,16,20,21
1,2,4,6,7,9,10,15,16,20,21,23>23,4,22,2,7,10,16,20,21
2,3,5,7,8,9,12,15,17,20>2,3,9,12,13,20,21,8,17
2,3,5,7,8,9,12,15,17,20>2,3,4,6,10,12,15,16,21,8,17
2,3,11,12,15,17,18,19,20>4,8,13,15,20,17,18,19
2,3,11,12,15,17,18,19,20>2,4,11,13,15,16,20,17,18,19
3,4,5,7,8,16,19,21,22,23>19,21,4,8,16,22,23
3,4,5,7,8,16,19,21,22,23>5,21,4,8,16,22,23
6,9,13,14,15,16,17,18,20,21,22,23>19,13,14,15,16,18,20,21,22,23
6,9,13,14,15,16,17,18,20,21,22,23>6,7,8,13,14,15,16,18,20,21,22,23
3,4,5,9,10,11,14,16,17,20,21,22,23>3,8,9,11,14,4,10,16,20,21,22,23
3,4,5,9,10,11,14,16,17,20,21,22,23>3,5,9,11,14,15,4,10,16,20,21,22,23
1,2,3,4,7,8,10,11,12,14,15,17,18,20,22>1,7,10,11,12,13,18,19,20,22,8,17,2,4
1,2,3,4,7,8,10,11,12,14,15,17,18,20,22>1,7,10,11,12,14,15,16,20,22,8,17,2,4
1,2,5,6,7,8,9,11,12,13,15,16,17,18,19,23>5,9,13,14,18,2,7,8,12,16,19
1,2,5,6,7,8,9,11,12,13,15,16,17,18,19,23>1,5,6,11,13,14,15,18,2,7,8,12,16,19
1,2,3,4,7,8,9,10,12,13,17,18,19>9,2,4,8,12,13,19
1,2,3,4,7,8,9,10,12,13,17,18,19>17,3,18,11,2,4,8,12,13,19
1,2,5,7,8,12,13,15,16,19,20,21>5,12,14,15,19,2,8,13,16,21
1,2,5,7,8,12,13,15,16,19,20,21>5,7,12,14,19,20,2,8,13,16,21
1,3,5,8,9,12,14,17,18,20,21,22,23>1,2,4,5,12,14,19,8,17,21,22,23
1,3,5,8,9,12,14,17,18,20,21,22,23>3,5,6,12,20,8,17,21,22,23
