TCR,NFAT,IFN-\beta,IFN-\betaR,IL-18,IL-18R,IRAK,SOCS1,IL-12,IL-12R,STAT4,T-bet,IFN-\gamma,IFN-\gammaR,JAK1,STAT1,IL-4,IL-4R,STAT6,GATA3,IL-10,IL-10R,STAT3
4,6,7,9,10,12,19,21,22>6,9,10,13,16,21,23,12,22,7
4,6,7,9,10,12,19,21,22>6,8,9,13,16,19,12,22,7
2,4,6,7,8,9,10,11,12,13,17,18,21,23>4,13,17,18,22,23,7,8,10,11,12
2,4,6,7,8,9,10,11,12,13,17,18,21,23>18,6,13,7,8,10,11,12
1,5,10,12,14,15,21,22>5,6,10,14,16,12,22,15
1,5,10,12,14,15,21,22>1,5,6,8,11,13,16,12,22,15
3,5,7,9,10,12,13,14,16,18,20,22>7,9,15,18,19,20,22,23,10,13,14
3,5,7,9,10,12,13,14,16,18,20,22>3,5,9,12,15,16,18,19,20,10,13,14
1,5,6,7,8,9,13,14,15,17,18,20,21,23>1,8,16,18,22,23,6,7,14,17,20,21
1,5,6,7,8,9,13,14,15,17,18,20,21,23>1,2,9,10,13,16,19,23,6,7,14,17,20,21
2,7,9,12,13,14,15,16,17,19,22>22,23,9,18,12,13,14,15,16
2,7,9,12,13,14,15,16,17,19,22>22,2,7,18,12,13,14,15,16
1,10,11,12,13,16,17,18,21>1,2,14,16,17,22,18,11,12,13
1,10,11,12,13,16,17,18,21>2,8,17,18,11,12,13
2,3,5,7,12,15,18,21,22>16,18,12,22
2,3,5,7,12,15,18,21,22>3,4,6,8,13,16,19,21,23,12,22
2,3,4,6,7,12,15,17,18,21,23>2,8,15,16,21,22,23,18,4,12,7
2,3,4,6,7,12,15,17,18,21,23>2,3,6,8,15,19,23,18,4,12,7
1,2,5,6,11,13,19,20,21,22,23>1,5,7,13,17,19,2,20,21,22,23
1,2,5,6,11,13,19,20,21,22,23>17,5,6,11,2,20,21,22,23
5,7,8,11,13,14,15,16,17,21>21,5,12,8,16,13,14
5,7,8,11,13,14,15,16,17,21>5,7,11,17,8,16,13,14
1,2,3,4,5,8,10,11,12,14,17,19,20,22,23>3,22,14,2,4,8,17,23
1,2,3,4,5,8,10,11,12,14,17,19,20,22,23>1,5,11,12,20,22,2,4,8,17,23
7,11,12,14,15,16,23>7,14,23,16,12,15
7,11,12,14,15,16,23>7,8,16,12,15
1,2,4,5,6,9,10,13,15,16,17,18,19,20,23>5,6,14,15,21,23,2,16,18,19,20
1,2,4,5,6,9,10,13,15,16,17,18,19,20,23>1,5,6,13,14,21,2,16,18,19,20
1,2,5,7,9,13,15,16,19>1,7,9,12,14,19,20,16,2,13
1,2,5,7,9,13,15,16,19>1,5,7,8,14,16,2,13
5,8,9,10,13,16,20,21>6,13,14,8,10,20,21
5,8,9,10,13,16,20,21>5,6,9,8,10,20,21
2,3,6,9,11,12,13,14,17,18,20,21>4,8,9,10,11,12,19,13,14,17,18,21
2,3,6,9,11,12,13,14,17,18,20,21>2,3,4,9,10,11,15,20,22,13,14,17,18,21
1,2,3,7,9,11,14,15,18,21,22>1,9,10,16,19,23,2,22,15
1,2,3,7,9,11,14,15,18,21,22>4,10,11,14,18,19,23,2,22,15
2,5,9,10,11,13,14,16,19,20,21,22>5,8,10,15,19,13,14,20,21,22
2,5,9,10,11,13,14,16,19,20,21,22>2,5,8,9,11,19,13,14,20,21,22
4,5,6,7,8,10,12,13,14,15,16,18,19,22,23>5,10,11,13,18,7,8,12,14,16,19,23
4,5,6,7,8,10,12,13,14,15,16,18,19,22,23>5,6,10,11,13,22,7,8,12,14,16,19,23
1,2,4,7,8,12,13,14,19,20,22,23>21,12,16,8,2,14,23
1,2,4,7,8,12,13,14,19,20,22,23>4,12,13,16,17,20,8,2,14,23
4,5,7,9,11,13,14,19,20,23>16,13,15,20,14
4,5,7,9,11,13,14,19,20,23>7,11,13,16,17,21,23,20,14
3,4,5,8,10,11,12,13,16,17,18,19,20,21,23>11,12,13,14,17,20,22,4,8,16,19,21
3,4,5,8,10,11,12,13,16,17,18,19,20,21,23>3,5,10,13,14,18,20,4,8,16,19,21
2,4,8,10,12,14,17,20,21,23>2,12,16,23,8,17,21
2,4,8,10,12,14,17,20,21,23>4,10,14,22,23,8,17,21
4,5,9,14,16,17,22,23>4,12,15,17,18,22,16,23
4,5,9,14,16,17,22,23>4,5,8,12,16,23
1,2,4,5,7,10,15,17,19>1,13,15,16,17,20,2
1,2,4,5,7,10,15,17,19>1,10,11,13,15,18,2
1,2,3,5,9,10,11,15,16,18,19,20,22,23>1,8,9,11,15,21,22,2,16,19,20,23
1,2,3,5,9,10,11,15,16,18,19,20,22,23>1,3,4,5,8,11,15,21,2,16,19,20,23
1,2,3,6,13,14,16,19,22,23>1,8,12,16,22,2,14,23
1,2,3,6,13,14,16,19,22,23>3,6,8,12,13,16,22,2,14,23
4,5,7,9,11,15,16,17,18,21,22>5,7,8,11,12,13,21,23,16,18,22
4,5,7,9,11,15,16,17,18,21,22>4,6,7,10,13,17,16,18,22
1,3,4,5,8,9,11,13,14,15,17,18>11,16,19,9,4,13,14
1,3,4,5,8,9,11,13,14,15,17,18>2,3,6,11,15,17,19,4,13,14
3,10,12,13,18,19,20,21>18,20,22,17,21,19,13
3,10,12,13,18,19,20,21>4,8,10,17,20,22,21,19,13
1,4,15,16,20,21>15,22,16,20,21
1,4,15,16,20,21>1,2,8,22,16,20,21
1,2,3,4,6,7,8,14,15,17,22>16,17,3,6,2,4,7
1,2,3,4,6,7,8,14,15,17,22>3,6,13,17,22,2,4,7
1,4,9,14,15,19,21,22,23>2,9,14,19,20,23,22,15
1,4,9,14,15,19,21,22,23>2,4,9,14,19,21,23,22,15
3,4,7,8,9,10,13,15,17,18,19,21,22,23>7,11,13,14,15,16,18,19,4,22,23
3,4,7,8,9,10,13,15,17,18,19,21,22,23>3,8,11,14,15,16,20,21,19,4,22,23
1,3,4,5,6,7,10,17,21,22>3,5,11,16,17,18,21,4,22,6,7
1,3,4,5,6,7,10,17,21,22>1,2,3,11,13,16,4,22,6,7
1,2,3,5,6,7,9,10,11,12,13,15,17,18,19,21,23>5,9,10,13,14,21,22,23,2,7,11,12,18,19
1,2,3,5,6,7,9,10,11,12,13,15,17,18,19,21,23>1,3,4,5,8,10,13,14,15,2,7,11,12,18,19
1,2,3,4,11,13,14,15,18,19,22>11,18,2,4,13,14,15,19
1,2,3,4,11,13,14,15,18,19,22>1,3,11,16,22,23,2,4,13,14,15,19
2,5,9,13,16,19,22>8,9,14,19,20,22,13
2,5,9,13,16,19,22>2,8,9,14,13
1,2,4,11,12,13,14,15,17,21,22,23>1,8,16,17,18,2,12,14,15,22,23
1,2,4,11,12,13,14,15,17,21,22,23>4,8,11,17,18,2,12,14,15,22,23
1,3,4,5,6,16,17,22,23>18,3,12,16,4,6,23
1,3,4,5,6,16,17,22,23>1,2,3,5,7,16,4,6,23
4,9,12,14,17,18>4,9,10,13,14,17,18,12
4,9,12,14,17,18>4,9,14,15,19,18,12
1,3,6,7,8,9,11,15,18,19,20,22>1,2,4,8,9,15,16,17,19,20,7
1,3,6,7,8,9,11,15,18,19,20,22>1,3,6,9,17,18,22,23,19,20,7
2,4,8,9,10,14,17,19,20,22>2,4,9,13,16,19,21,23,17,20
2,4,8,9,10,14,17,19,20,22>8,10,13,19,21,17,20
1,3,4,7,10,11,15,20>1,17,7,16,4,20
1,3,4,7,10,11,15,20>1,2,7,10,11,21,4,20
1,3,4,8,11,12,15,18,19,20,23>1,11,16,18,23,8,19,4
1,3,4,8,11,12,15,18,19,20,23>1,3,11,12,17,20,21,8,19,4
2,3,4,5,6,7,13,16,17,21,22,23>2,8,12,17,18,4,6,7,16,22,23
2,3,4,5,6,7,13,16,17,21,22,23>2,3,8,12,13,14,18,21,4,6,7,16,22,23
1,2,3,6,7,8,9,10,12,13,17,19,20,21,23>1,6,9,20,22,23,2,7,8,17,21
1,2,3,6,7,8,9,10,12,13,17,19,20,21,23>1,4,6,9,13,23,2,7,8,17,21
2,6,11,12,13,14,16,17,18,19,20,22>6,8,11,12,15,21,18,19,13,14
2,6,11,12,13,14,16,17,18,19,20,22>2,6,8,11,15,16,20,18,19,13,14
1,2,3,4,7,8,12,13,14,15,16,19,20,22>3,12,15,21,22,2,4,8,13,14,16
1,2,3,4,7,8,12,13,14,15,16,19,20,22>1,3,12,20,21,22,23,2,4,8,13,14,16
2,3,4,6,7,8,9,11,12,13,14,15,18,19,21>2,3,9,11,15,16,18,21,22,4,7,8,12,13,14,19
2,3,4,6,7,8,9,11,12,13,14,15,18,19,21>2,6,11,16,18,21,4,7,8,12,13,14,19
3,5,6,8,10,12,13,15,16,17,18,21,23>4,7,10,13,15,21,23,8,16,12,6
3,5,6,8,10,12,13,15,16,17,18,21,23>4,5,14,15,19,22,8,16,12,6
3,5,7,10,11,20,22,23>21,5,7,10,20,23
3,5,7,10,11,20,22,23>5,6,7,11,21,22,20,23
1,3,7,9,10,15,22,23>4,9,11,16,22,10,23
1,3,7,9,10,15,22,23>4,9,11,15,22,10,23
1,2,6,7,8,10,12,14,15,18,22,23>22,11,14,15,2,7,8,12,23
1,2,6,7,8,10,12,14,15,18,22,23>10,11,15,16,19,2,7,8,12,23
3,4,5,6,7,9,11,17,18,20,21,22,23>16,4,6,7,17,18,20,21,22,23
3,4,5,6,7,9,11,17,18,20,21,22,23>3,5,10,19,4,6,7,17,18,20,21,22,23
2,5,7,8,13,14,15,16,18,20,21>5,7,8,13,14,16,20,21
2,5,7,8,13,14,15,16,18,20,21>6,15,18,19,22,8,13,14,16,20,21
1,2,3,5,7,8,9,10,11,12,13,15,16,17,18,19,22>1,3,5,7,14,15,18,22,23,2,8,11,12,13,16,19
1,2,3,5,7,8,9,10,11,12,13,15,16,17,18,19,22>1,4,5,7,17,18,2,8,11,12,13,16,19
1,2,6,15,16,17,18,19,20,21>7,8,13,15,2,16,18,19,20,21
1,2,6,15,16,17,18,19,20,21>1,6,7,2,16,18,19,20,21
1,2,3,8,10,17,18,21,22>8,13,17,19,21,2,22
1,2,3,8,10,17,18,21,22>1,8,18,2,22
1,2,3,4,5,6,9,10,11,15,16,17,18,20,21,22>15,3,11,2,4,6,10,16,18,20,21,22
1,2,3,4,5,6,9,10,11,15,16,17,18,20,21,22>1,3,5,9,13,19,23,2,4,6,10,16,18,20,21,22
2,4,5,7,8,11,12,13,14,16,17,19,20,21>19,17,8,13,14,16,21
2,4,5,7,8,11,12,13,14,16,17,19,20,21>4,7,12,19,20,8,13,14,16,21
1,3,4,7,8,9,10,11,18,19,20>2,7,10,11,13,21,19,4,20
1,3,4,7,8,9,10,11,18,19,20>2,3,7,9,10,13,17,19,4,20
1,3,6,7,12,13,17,20,21>22,3,4,12,17,21,13,7
1,3,6,7,12,13,17,20,21>2,3,8,12,18,22,17,21,13,7
1,2,4,5,9,10,11,14,15,17,18,21,22,23>1,4,14,19,2,10,11,15,18,22,23
1,2,4,5,9,10,11,14,15,17,18,21,22,23>1,4,5,6,9,16,17,2,10,11,15,18,22,23
4,6,7,9,12,15,16,18,19,20,21,22>6,13,18,20,23,7,16,19,21,22
4,6,7,9,12,15,16,18,19,20,21,22>8,12,15,18,20,23,7,16,19,21,22
2,4,8,9,12,13,15,16,21,22>9,14,15,8,12,13,16,22
2,4,8,9,12,13,15,16,21,22>2,4,9,15,8,12,13,16,22
1,2,3,4,7,11,13,23>1,3,11,13,14,16,2,4
1,2,3,4,7,11,13,23>1,7,14,2,4
2,4,6,8,9,11,15,16,18,20,22,23>10,18,19,21,22,8,16,20,23
2,4,6,8,9,11,15,16,18,20,22,23>4,19,8,16,20,23
1,3,5,8,10,11,12,18,21,22,23>2,4,10,19,21,8,11,12,22,23
1,3,5,8,10,11,12,18,21,22,23>1,3,4,5,6,10,8,11,12,22,23
1,4,6,7,8,10,11,14,15,20,22>1,2,6,10,11,13,22,23,20,7
1,4,6,7,8,10,11,14,15,20,22>1,4,6,11,13,14,16,17,21,22,20,7
1,2,4,8,9,10,13,17,18,20,22>9,18,19,22,23,2,10,13,17,20
1,2,4,8,9,10,13,17,18,20,22>19,4,14,2,10,13,17,20
5,7,10,15,17,20,21>5,16,17,20,21
5,7,10,15,17,20,21>18,5,6,7,17,20,21
1,4,6,7,8,9,11,12,13,14,15,16,17,18,20,21>4,11,12,15,20,7,8,13,14,16,21
1,4,6,7,8,9,11,12,13,14,15,16,17,18,20,21>15,4,6,20,7,8,13,14,16,21
1,4,5,6,7,8,9,10,13,14,15,16,17,18,21,22>1,2,5,11,12,15,18,21,6,7,8,10,13,14,16,22
1,4,5,6,7,8,9,10,13,14,15,16,17,18,21,22>1,4,9,12,15,17,21,6,7,8,10,13,14,16,22
1,2,4,7,11,13,16,17,20,23>4,11,14,17,21,23,16,2,20
1,2,4,7,11,13,16,17,20,23>17,4,23,13,16,2,20
1,3,6,7,8,9,10,12,14,15,16,17,18,19>11,17,18,7,8,12,16,19
1,3,6,7,8,9,10,12,14,15,16,17,18,19>1,9,11,13,17,7,8,12,16,19
2,4,9,10,11,13,14,15,17,18,19,21,22>23,4,11,13,14,15,18,19,22
2,4,9,10,11,13,14,15,17,18,19,21,22>2,9,10,16,17,20,23,11,13,14,15,18,19,22
1,2,3,4,5,6,7,8,9,10,11,12,14,15,16,17,19,20,21,22>5,6,10,12,14,19,2,4,7,8,16,21,22
1,2,3,4,5,6,7,8,9,10,11,12,14,15,16,17,19,20,21,22>3,5,9,11,12,13,15,17,2,4,7,8,16,21,22
4,5,6,11,12,13,16,20,21>5,8,11,14,16,21,13,6
4,5,6,11,12,13,16,20,21>7,8,12,16,21,13,6
