TCR,NFAT,IFN-\beta,IFN-\betaR,IL-18,IL-18R,IRAK,SOCS1,IL-12,IL-12R,STAT4,T-bet,IFN-\gamma,IFN-\gammaR,JAK1,STAT1,IL-4,IL-4R,STAT6,GATA3,IL-10,IL-10R,STAT3
6,7,8,9,11,13,14,15,16,17,18,19>20,6,9,12,7,8,13,14,16,19
6,7,8,9,11,13,14,15,16,17,18,19>6,9,11,7,8,13,14,16,19
3,4,5,7,8,11,15,17,18,19,23>3,8,11,15,17,18,20,19,4
3,4,5,7,8,11,15,17,18,19,23>7,8,11,16,17,20,19,4
4,5,10,11,18,19,21,22,23>5,19,11,22,23
4,5,10,11,18,19,21,22,23>10,18,20,21,19,11,22,23
2,4,5,7,8,9,13,16,17,19,20,21,22>19,7,9,17,8,13,16,20,21,22
2,4,5,7,8,9,13,16,17,19,20,21,22>2,4,5,9,23,8,13,16,20,21,22
4,5,9,13,14,15,19,21>4,16,20,21,22,14,15
4,5,9,13,14,15,19,21>21,9,19,20,14,15
1,4,6,10,11,13,14,16,19,21,23>12,19,20,10,16,11,14
1,4,6,10,11,13,14,16,19,21,23>1,4,8,15,19,21,22,16,11,14
2,6,8,9,10,17,20,21,22,23>7,9,10,17,20,21,22,23
2,6,8,9,10,17,20,21,22,23>2,6,7,10,17,20,21,22,23
1,2,4,7,9,10,14,16,18,19,20,23>23,18,7,8,16,2,19,20
1,2,4,7,9,10,14,16,18,19,20,23>1,4,7,8,15,16,2,19,20
2,4,6,7,8,9,13,15,16,20,21>4,9,10,14,15,7,8,13,16,20,21
2,4,6,7,8,9,13,15,16,20,21>4,6,9,7,8,13,16,20,21
1,2,4,8,9,13,17,18,19,23>8,9,16,17,18,23,2,19
1,2,4,8,9,13,17,18,19,23>1,4,8,13,14,23,2,19
4,6,8,9,11,17,19,20,22,23>19,4,9,16,17,20,23
4,6,8,9,11,17,19,20,22,23>22,4,6,7,17,20,23
2,4,5,6,7,10,14,15,21>2,4,10,11,16,21,22,15,6,7
2,4,5,6,7,10,14,15,21>4,5,13,14,16,21,22,15,6,7
4,5,10,12,18,19,20,22>4,8,10,13,17,20,21,19
4,5,10,12,18,19,20,22>4,5,8,13,18,22,19
4,5,6,7,9,10,12,13,17,18,19>4,16,10,11,7,12,13,18,19
4,5,6,7,9,10,12,13,17,18,19>4,6,8,9,14,17,7,12,13,18,19
1,2,3,4,7,11,15,17,18,21>1,7,11,16,17,21,22,2,18,4
1,2,3,4,7,11,15,17,18,21>3,7,13,15,16,21,2,18,4
2,6,8,9,10,12,13,14,15,19,20,22>10,12,16,19,20,21,22,8,13,14
2,6,8,9,10,12,13,14,15,19,20,22>19,20,22,15,8,13,14
4,5,7,9,14,16,17,18,20,21>4,5,8,13,15,17,19,22,16,18,20,21
4,5,7,9,14,16,17,18,20,21>5,6,7,8,9,10,14,22,16,18,20,21
1,2,3,4,5,6,7,10,13,15,17,20,22>5,10,14,15,18,22,2,4,6,7,13,17,20
1,2,3,4,5,6,7,10,13,15,17,20,22>3,5,10,14,15,16,18,23,2,4,6,7,13,17,20
6,7,8,9,11,12,15,17,19,20,21>6,15,19,20,22,8,17,21,7
6,7,8,9,11,12,15,17,19,20,21>6,9,11,13,15,19,8,17,21,7
2,9,10,12,16,17,20>20,21,16,17,10
2,9,10,12,16,17,20>2,8,13,16,17,18,21,10
2,3,5,7,14,15,16,17,18,19,21,23>17,5,23,8,16,18,19,15
2,3,5,7,14,15,16,17,18,19,21,23>2,5,12,14,20,16,18,19,15
3,5,6,11,12,16,17,20,21,22>4,7,12,17,18,20,21,6,22
3,5,6,11,12,16,17,20,21,22>4,5,7,11,17,18,20,21,6,22
2,3,4,7,8,10,11,16,17,18,20,22,23>2,3,10,17,4,8,16,20,23
2,3,4,7,8,10,11,16,17,18,20,22,23>2,7,10,17,18,19,22,4,8,16,20,23
2,3,4,5,8,9,10,12,13,14,16,19,20,21,22>2,3,9,10,20,4,8,13,14,16,21,22
2,3,4,5,8,9,10,12,13,14,16,19,20,21,22>2,3,5,10,19,20,4,8,13,14,16,21,22
2,3,4,5,7,8,11,15,16,17,18,19,21>3,7,12,18,20,21,22,8,16,19,4
2,3,4,5,7,8,11,15,16,17,18,19,21>5,7,12,15,20,21,8,16,19,4
1,6,9,10,12,13,14,17,18,21>2,6,7,9,17,19,21,22,10,12,13,14,18
1,6,9,10,12,13,14,17,18,21>2,6,7,8,11,15,19,22,10,12,13,14,18
2,5,6,7,8,11,13,14,15,16,19,20,21,23>13,15,19,22,23,7,8,14,16,20,21
2,5,6,7,8,11,13,14,15,16,19,20,21,23>2,6,11,15,23,7,8,14,16,20,21
1,4,7,8,11,15,17,20,21,22,23>2,8,11,15,17,20,21,22,23
1,4,7,8,11,15,17,20,21,22,23>16,4,7,11,17,20,21,22,23
1,2,5,8,13,14,17,21>5,8,21,22,2,13,14
1,2,5,8,13,14,17,21>1,5,6,21,2,13,14
1,2,5,8,10,11,12,18,20,22>6,10,11,13,18,21,22,8,2
1,2,5,8,10,11,12,18,20,22>5,6,10,11,12,17,18,19,20,22,8,2
1,3,4,7,9,11,12,16,19,22>23,7,8,16,4,12
1,3,4,7,9,11,12,16,19,22>3,8,9,11,13,19,22,23,16,4,12
1,3,4,6,8,9,10,16,17,19,20>1,3,7,10,17,8,16,4,20
1,3,4,6,8,9,10,16,17,19,20>17,1,3,9,8,16,4,20
1,7,9,15,16,17,18,20,21,22>1,2,8,17,19,23,16,18,20,21,22
1,7,9,15,16,17,18,20,21,22>2,7,8,9,13,19,16,18,20,21,22
1,3,5,6,8,9,10,12,13,15,16,17,18,19,20,21,23>4,5,7,9,14,17,18,20,23,8,16,19,21
1,3,5,6,8,9,10,12,13,15,16,17,18,19,20,21,23>2,3,5,6,7,10,15,17,18,22,8,16,19,21
2,3,5,9,10,11,13,15,16,19,20,21,22,23>2,8,9,10,13,16,20,21,22,23
2,3,5,9,10,11,13,15,16,19,20,21,22,23>11,2,3,10,16,20,21,22,23
3,4,5,6,7,8,10,11,14,15,16,17,19,20,21,22>10,13,15,19,23,4,7,8,16,20,21,22
3,4,5,6,7,8,10,11,14,15,16,17,19,20,21,22>3,6,10,15,17,23,4,7,8,16,20,21,22
2,3,5,8,9,11,13,14,16,20,21,22,23>2,4,9,10,13,16,8,14,20,21,22,23
2,3,5,8,9,11,13,14,16,20,21,22,23>3,4,5,6,10,11,8,14,20,21,22,23
2,3,5,6,7,12,14,15,21,22>16,5,13,6,7,12,15,22
2,3,5,6,7,12,14,15,21,22>2,23,13,6,7,12,15,22
2,3,4,5,7,10,13,14,16,19,20,21>8,4,13,14,16,20,21
2,3,4,5,7,10,13,14,16,19,20,21>2,3,22,4,13,14,16,20,21
3,5,7,8,10,13,14,17,19,20,21>22,3,8,10,13,14,17,20,21
3,5,7,8,10,13,14,17,19,20,21>5,7,8,10,13,14,17,20,21
1,2,3,4,7,9,10,11,13,14,18,19,21,22,23>3,10,13,15,18,2,4,11,14,19,22,23
1,2,3,4,7,9,10,11,13,14,18,19,21,22,23>7,10,15,16,18,20,2,4,11,14,19,22,23
1,6,7,11,12,13,17,18,20>19,2,21,17,18,13,7
1,6,7,11,12,13,17,18,20>1,2,6,8,12,19,17,18,13,7
1,2,4,8,9,10,16,21>1,12,13,21,22,8,16,2,10
1,2,4,8,9,10,16,21>1,4,9,12,13,21,8,16,2,10
1,5,7,8,10,14,17,18,22>1,2,6,10,13,19,22,23
1,5,7,8,10,14,17,18,22>1,5,6,10,11,13,18,22
3,4,5,6,10,11,12,14,15,18,20,21>5,10,13,16,18,19,4,21,6,15
3,4,5,6,10,11,12,14,15,18,20,21>3,5,8,10,13,16,17,19,4,21,6,15
1,5,6,9,11,12,14,15,18,19,20,21,22>2,6,8,11,12,13,17,18,19,21,22,15
1,5,6,9,11,12,14,15,18,19,20,21,22>2,6,7,8,9,12,13,14,16,17,19,21,22,15
1,2,3,4,5,6,7,8,10,12,20>10,13,16,17,20,2,4,6,7,8
1,2,3,4,5,6,7,8,10,12,20>17,12,13,2,4,6,7,8
2,6,8,10,15,16,17,18,20>10,17,18,19,21,8,16,20
2,6,8,10,15,16,17,18,20>2,13,15,18,19,8,16,20
1,2,3,4,7,10,12,14,15,16,17,18,20>1,7,10,14,19,20,2,4,15,16,18
1,2,3,4,7,10,12,14,15,16,17,18,20>3,7,12,13,14,17,2,4,15,16,18
1,3,4,7,8,9,10,11,15,17,19,20,21>7,8,9,10,13,16,22,17,21,4,20
1,3,4,7,8,9,10,11,15,17,19,20,21>2,7,8,10,11,19,22,17,21,4,20
1,4,5,9,10,11,12,15,16,17,19,21,22,23>1,5,9,17,19,11,12,16,22,23
1,4,5,9,10,11,12,15,16,17,19,21,22,23>1,4,5,8,9,10,15,18,19,11,12,16,22,23
1,6,10,13,14,16,17,18>1,19,8,13,18,14
1,6,10,13,14,16,17,18>2,6,7,8,10,11,12,13,18,14
2,4,5,9,13,14,16,17,18,19,22>2,4,8,20,13,14,16,18,19
2,4,5,9,13,14,16,17,18,19,22>2,5,8,9,17,20,23,13,14,16,18,19
1,2,3,4,9,11,12,16,17,18,23>19,1,10,2,4,12,16,18
1,2,3,4,9,11,12,16,17,18,23>1,8,9,10,17,23,2,4,12,16,18
4,7,8,9,11,13,15,16,18,22>10,23,8,16,13
4,7,8,9,11,13,15,16,18,22>4,7,9,10,12,15,18,19,8,16,13
1,8,10,11,13,16,17,18,19,21,22,23>2,12,13,14,18,21,8,11,19,22,23
1,8,10,11,13,16,17,18,19,21,22,23>1,2,10,12,13,16,17,21,8,11,19,22,23
1,2,3,4,5,6,7,8,11,12,15,17,22,23>22,1,5,17,2,4,6,7,8,12,23
1,2,3,4,5,6,7,8,11,12,15,17,22,23>1,3,5,11,17,2,4,6,7,8,12,23
2,3,4,5,6,12,13,15,16,18,20,23>3,5,13,14,15,20,21,23,16,4,6
2,3,4,5,6,12,13,15,16,18,20,23>2,3,5,7,8,12,13,14,15,19,20,16,4,6
3,4,5,9,11,12,13,15,16,17,18,19,20,23>12,13,14,15,20,16,18,19,4
3,4,5,9,11,12,13,15,16,17,18,19,20,23>9,11,13,14,15,21,23,16,18,19,4
6,10,11,12,15,17,18,19,22,23>6,10,17,11,12,18,19,23
6,10,11,12,15,17,18,19,22,23>8,16,11,12,18,19,23
2,3,4,6,7,11,13,15,16,17,18,20,22,23>15,3,14,4,7,16,18,20,23
2,3,4,6,7,11,13,15,16,17,18,20,22,23>6,8,11,13,14,17,21,4,7,16,18,20,23
1,2,3,5,6,7,9,10,11,13,14,15,16,17,18,19,21,22,23>17,20,21,8,2,7,11,14,15,16,18,19,22,23
1,2,3,5,6,7,9,10,11,13,14,15,16,17,18,19,21,22,23>1,3,6,8,10,12,17,20,2,7,11,14,15,16,18,19,22,23
1,2,3,4,7,8,10,11,13,19,22,23>16,22,13,2,11,4,23
1,2,3,4,7,8,10,11,13,19,22,23>16,3,10,14,2,11,4,23
1,2,7,10,11,12,13,14,15,20,21,23>1,11,12,13,16,17,22,2,21,14,15
1,2,7,10,11,12,13,14,15,20,21,23>8,11,12,13,22,23,2,21,14,15
1,3,4,8,9,10,13,14,16,18,20,21>1,2,13,4,8,10,14,16,20,21
1,3,4,8,9,10,13,14,16,18,20,21>1,3,13,18,22,4,8,10,14,16,20,21
2,3,4,5,6,7,8,12,14,15,19,20,21,22,23>20,17,5,6,4,7,8,21,22,23
2,3,4,5,6,7,8,12,14,15,19,20,21,22,23>2,3,5,6,14,17,4,7,8,21,22,23
4,5,6,7,8,10,12,13,16,17,18,20,23>12,13,14,17,18,19,20,23,8,16,6,7
4,5,6,7,8,10,12,13,16,17,18,20,23>4,5,10,14,17,18,19,21,8,16,6,7
2,3,6,8,15,19,20,21,22,23>3,7,8,15,16,19,20,21,22,23
2,3,6,8,15,19,20,21,22,23>2,4,6,15,16,20,21,22,23
4,5,6,7,8,9,10,11,12,13,15,20,21>5,20,15,6,7,8,10,13,21
4,5,6,7,8,9,10,11,12,13,15,20,21>5,9,11,14,6,7,8,10,13,21
1,3,4,5,6,7,13,16,17,19,22,23>1,5,14,18,19,22,16,4,23,7
1,3,4,5,6,7,13,16,17,19,22,23>1,2,3,5,13,16,4,23,7
2,3,5,9,11,13,15,19>2,9,11,16,19,20,13
2,3,5,9,11,13,15,19>20,2,4,9,13
2,9,14,16,23>8,10,12,15
2,9,14,16,23>2,9,10,14,23
1,2,4,6,8,11,12,14,17,21>7,13,17,21,22,8,2,12
1,2,4,6,8,11,12,14,17,21>1,6,7,11,17,22,8,2,12
1,2,4,6,7,9,10,11,12,13,14,16,20,21,23>1,8,11,12,15,22,2,7,10,14,16,21
1,2,4,6,7,9,10,11,12,13,14,16,20,21,23>1,4,9,11,12,13,15,20,2,7,10,14,16,21
6,7,8,11,17,18,20,21,23>6,18,19,23,17,20,21,7
6,7,8,11,17,18,20,21,23>11,18,17,20,21,7
4,6,9,10,13,15,18,20,21,23>4,6,9,13,14,15,17,22,10,20,21
4,6,9,10,13,15,18,20,21,23>4,6,7,13,14,18,19,22,23,10,20,21
3,5,6,7,8,14,15,16,18,19,22>18,20,22,13,8,16,19,7
3,5,6,7,8,14,15,16,18,19,22>22,20,5,8,16,19,7
3,5,11,12,14,15,16,17,20,21>3,6,13,14,18,20,22,16,21,15
3,5,11,12,14,15,16,17,20,21>3,6,11,12,13,14,22,16,21,15
1,3,5,7,11,13,15,16,17,18,19>2,15,4,20,16,18,19,13
1,3,5,7,11,13,15,16,17,18,19>2,3,4,8,11,12,17,20,16,18,19,13
2,3,4,5,7,8,9,14,18,19,20,21>18,17,5,22,21,19,4,20
2,3,4,5,7,8,9,14,18,19,20,21>3,5,7,8,9,18,22,21,19,4,20
