TCR,NFAT,IFN-\beta,IFN-\betaR,IL-18,IL-18R,IRAK,SOCS1,IL-12,IL-12R,STAT4,T-bet,IFN-\gamma,IFN-\gammaR,JAK1,STAT1,IL-4,IL-4R,STAT6,GATA3,IL-10,IL-10R,STAT3
2,3,5,7,8,13,15,20,23>2,5,6,14,15,21,20
2,3,5,7,8,13,15,20,23>3,5,8,13,17,20
2,3,5,7,8,13,15,20,23>2,3,6,15,21,20
2,3,5,7,8,13,15,20,23>3,4,8,13,14,16,17,21,20
5,6,7,9,10,11,13,14,15,16,19>20,10,12,19,7,11,13,14,15,16
5,6,7,9,10,11,13,14,15,16,19>20,5,10,7,11,13,14,15,16
5,6,7,9,10,11,13,14,15,16,19>5,8,7,11,13,14,15,16
5,6,7,9,10,11,13,14,15,16,19>6,8,9,12,7,11,13,14,15,16
2,6,7,10,11,14,15,17,18,21,22,23>2,16,17,19,21,7,11,15,18,22,23
2,6,7,10,11,14,15,17,18,21,22,23>6,16,17,19,7,11,15,18,22,23
2,6,7,10,11,14,15,17,18,21,22,23>2,6,10,14,16,19,7,11,15,18,22,23
2,6,7,10,11,14,15,17,18,21,22,23>2,6,10,19,21,7,11,15,18,22,23
1,2,4,5,6,7,12,13,14,17,19,23>1,6,15,16,18,19,2,12,14,7
1,2,4,5,6,7,12,13,14,17,19,23>5,6,8,13,15,17,19,2,12,14,7
1,2,4,5,6,7,12,13,14,17,19,23>4,5,6,13,15,16,17,19,2,12,14,7
1,2,4,5,6,7,12,13,14,17,19,23>1,6,8,13,17,18,23,2,12,14,7
1,4,5,9,11,13,15,16,17,19,21,23>5,8,9,11,14,19,21,22,16
1,4,5,9,11,13,15,16,17,19,21,23>1,5,8,11,12,13,14,18,20,21,22,16
1,4,5,9,11,13,15,16,17,19,21,23>4,8,9,11,17,18,19,20,21,23,16
1,4,5,9,11,13,15,16,17,19,21,23>1,4,8,9,11,12,13,14,17,19,20,21,22,16
1,2,3,4,9,10,13,16,19,20,21,22>1,9,10,19,2,4,13,16,20,21,22
1,2,3,4,9,10,13,16,19,20,21,22>3,10,14,19,2,4,13,16,20,21,22
1,2,3,4,9,10,13,16,19,20,21,22>3,8,14,19,23,2,4,13,16,20,21,22
1,2,3,4,9,10,13,16,19,20,21,22>3,8,10,2,4,13,16,20,21,22
2,3,4,8,9,14,15,16,17,19,21,22,23>2,14,15,4,8,16,22,23
2,3,4,8,9,14,15,16,17,19,21,22,23>3,14,15,19,21,4,8,16,22,23
2,3,4,8,9,14,15,16,17,19,21,22,23>2,9,12,15,20,4,8,16,22,23
2,3,4,8,9,14,15,16,17,19,21,22,23>2,3,9,19,20,4,8,16,22,23
1,3,4,5,8,9,13,14>10,16,3,9,4,14
1,3,4,5,8,9,13,14>13,6,9,4,14
1,3,4,5,8,9,13,14>1,2,5,8,9,13,4,14
1,3,4,5,8,9,13,14>3,6,8,4,14
2,3,4,5,6,7,8,9,17,18,19,21,22>8,13,17,18,21,19,4,22,7
2,3,4,5,6,7,8,9,17,18,19,21,22>3,5,6,8,16,21,23,19,4,22,7
2,3,4,5,6,7,8,9,17,18,19,21,22>3,5,6,17,23,19,4,22,7
2,3,4,5,6,7,8,9,17,18,19,21,22>3,5,8,18,20,19,4,22,7
1,2,5,7,16,17,18,21,22,23>5,16,17,19,21,2,18,22,23
1,2,5,7,16,17,18,21,22,23>17,5,12,16,2,18,22,23
1,2,5,7,16,17,18,21,22,23>17,21,6,2,18,22,23
1,2,5,7,16,17,18,21,22,23>1,5,6,7,8,16,17,19,2,18,22,23
1,4,6,10,11,15,16,17,18,21,22>1,7,13,15,17,19,21,16,18,11,22
1,4,6,10,11,15,16,17,18,21,22>1,2,10,13,15,17,16,18,11,22
1,4,6,10,11,15,16,17,18,21,22>2,4,6,7,8,12,13,15,21,23,16,18,11,22
1,4,6,10,11,15,16,17,18,21,22>1,6,7,8,12,19,21,23,16,18,11,22
1,3,8,10,12,18,20,21,23>3,4,10,12,17,22,8,21
1,3,8,10,12,18,20,21,23>1,22,4,17,8,21
1,3,8,10,12,18,20,21,23>3,10,12,17,18,19,20,22,8,21
1,3,8,10,12,18,20,21,23>1,2,3,10,22,23,8,21
1,2,6,11,18,20,21,23>6,7,17,18,19,23,2,20,21
1,2,6,11,18,20,21,23>1,6,23,19,2,20,21
1,2,6,11,18,20,21,23>22,23,7,18,2,20,21
1,2,6,11,18,20,21,23>6,7,17,19,22,23,2,20,21
1,2,8,12,13,14,16,17,18,19,23>13,17,18,2,8,12,14,19
1,2,8,12,13,14,16,17,18,19,23>1,13,2,8,12,14,19
1,2,8,12,13,14,16,17,18,19,23>1,16,17,23,2,8,12,14,19
1,2,8,12,13,14,16,17,18,19,23>13,16,2,8,12,14,19
4,7,8,9,10,13,14,21,22>23,4,21,10,13,14,22
4,7,8,9,10,13,14,21,22>4,7,9,16,21,10,13,14,22
4,7,8,9,10,13,14,21,22>8,9,21,10,13,14,22
4,7,8,9,10,13,14,21,22>4,7,9,11,16,23,10,13,14,22
3,5,6,9,10,15,16,17,18,20,22>4,8,9,17,19,21,22,23,6,10,16,18,20
3,5,6,9,10,15,16,17,18,20,22>3,4,7,9,15,17,19,21,6,10,16,18,20
3,5,6,9,10,15,16,17,18,20,22>5,7,8,9,15,19,21,6,10,16,18,20
3,5,6,9,10,15,16,17,18,20,22>3,4,5,7,8,15,21,6,10,16,18,20
3,5,6,7,8,11,12,14,15,16,22>22,23,13,15,6,7,8,12,16
3,5,6,7,8,11,12,14,15,16,22>3,11,23,15,6,7,8,12,16
3,5,6,7,8,11,12,14,15,16,22>3,4,11,13,14,15,6,7,8,12,16
3,5,6,7,8,11,12,14,15,16,22>3,5,13,15,22,6,7,8,12,16
1,4,5,8,9,10,12,14,16,20,21,22>13,5,6,12,8,10,16,21,22
1,4,5,8,9,10,12,14,16,20,21,22>1,2,9,14,20,23,8,10,16,21,22
1,4,5,8,9,10,12,14,16,20,21,22>13,20,23,5,8,10,16,21,22
1,4,5,8,9,10,12,14,16,20,21,22>2,4,6,9,14,20,8,10,16,21,22
1,4,6,8,13,18,21,22>2,6,7,13,14,16,23,22
1,4,6,8,13,18,21,22>1,2,6,13,16,19,23,22
1,4,6,8,13,18,21,22>1,4,6,13,16,21,23,22
1,4,6,8,13,18,21,22>1,2,7,8,13,16,18,21,23,22
1,3,8,13,17,18,20,23>19,4,8,13,17,20
1,3,8,13,17,18,20,23>2,3,4,14,19,21,23,17,20
1,3,8,13,17,18,20,23>2,4,8,14,18,19,23,17,20
1,3,8,13,17,18,20,23>8,13,18,19,23,17,20
1,3,4,5,6,9,10,11,15,16,17,19,20,23>1,5,15,19,21,23,16,4,20
1,3,4,5,6,9,10,11,15,16,17,19,20,23>2,8,9,18,19,21,16,4,20
1,3,4,5,6,9,10,11,15,16,17,19,20,23>1,2,3,5,6,18,21,23,16,4,20
1,3,4,5,6,9,10,11,15,16,17,19,20,23>1,2,3,5,19,21,23,16,4,20
2,3,4,5,6,9,14,17,23>10,14,15,17,18,23,4,6
2,3,4,5,6,9,14,17,23>2,9,10,15,16,17,23,4,6
2,3,4,5,6,9,14,17,23>2,3,9,15,16,4,6
2,3,4,5,6,9,14,17,23>5,9,10,14,4,6
1,6,8,10,11,15,16,20>21,7,10,8,16,20
1,6,8,10,11,15,16,20>1,11,13,8,16,20
1,6,8,10,11,15,16,20>15,1,6,13,8,16,20
1,6,8,10,11,15,16,20>15,10,11,13,8,16,20
3,4,5,6,8,9,11,12,14,15,16,17,19,20>3,5,7,9,13,15,19,20,8,16,4
3,4,5,6,8,9,11,12,14,15,16,17,19,20>6,9,12,15,17,21,8,16,4
3,4,5,6,8,9,11,12,14,15,16,17,19,20>3,6,9,12,13,14,20,8,16,4
3,4,5,6,8,9,11,12,14,15,16,17,19,20>3,5,6,7,9,12,14,15,17,19,20,8,16,4
1,2,3,4,5,8,10,11,12,17,20,21,22,23>1,11,2,4,8,17,21,22,23
1,2,3,4,5,8,10,11,12,17,20,21,22,23>5,11,12,16,20,2,4,8,17,21,22,23
1,2,3,4,5,8,10,11,12,17,20,21,22,23>1,5,6,12,16,2,4,8,17,21,22,23
1,2,3,4,5,8,10,11,12,17,20,21,22,23>3,5,6,10,12,20,2,4,8,17,21,22,23
1,4,5,8,10,13,16,18,19,20,22>21,10,8,16,19,20
1,4,5,8,10,13,16,18,19,20,22>1,2,4,18,21,22,8,16,19,20
1,4,5,8,10,13,16,18,19,20,22>1,22,5,8,16,19,20
1,4,5,8,10,13,16,18,19,20,22>1,2,4,14,18,21,8,16,19,20
1,2,3,4,7,9,11,12,15,16,18,19,22,23>22,7,11,15,2,4,12,16,19,23
1,2,3,4,7,9,11,12,15,16,18,19,22,23>18,1,2,4,12,16,19,23
1,2,3,4,7,9,11,12,15,16,18,19,22,23>9,15,2,4,12,16,19,23
1,2,3,4,7,9,11,12,15,16,18,19,22,23>22,7,8,2,4,12,16,19,23
1,5,6,7,11,12,13,14,15,19,20,23>6,8,16,19,23,15,14,7
1,5,6,7,11,12,13,14,15,19,20,23>1,6,8,11,12,17,15,14,7
1,5,6,7,11,12,13,14,15,19,20,23>5,6,12,13,16,17,19,15,14,7
1,5,6,7,11,12,13,14,15,19,20,23>2,5,8,16,19,20,21,15,14,7
3,4,5,6,7,9,10,11,12,14,15,17,18,19,20,23>9,10,16,20,21,4,7,15,17,18,19
3,4,5,6,7,9,10,11,12,14,15,17,18,19,20,23>3,5,8,9,10,12,20,21,23,4,7,15,17,18,19
3,4,5,6,7,9,10,11,12,14,15,17,18,19,20,23>16,6,21,4,7,15,17,18,19
3,4,5,6,7,9,10,11,12,14,15,17,18,19,20,23>3,6,8,11,14,20,4,7,15,17,18,19
2,3,4,5,6,9,12,15,17,22,23>7,8,15,17,18,4,12,6,23
2,3,4,5,6,9,12,15,17,22,23>2,3,10,18,22,4,12,6,23
2,3,4,5,6,9,12,15,17,22,23>5,7,9,16,17,22,4,12,6,23
2,3,4,5,6,9,12,15,17,22,23>3,5,7,8,15,17,22,4,12,6,23
2,3,4,5,8,9,10,11,12,14,16,19,20>2,9,11,12,13,20,21,8,16,4
2,3,4,5,8,9,10,11,12,14,16,19,20>5,10,12,13,21,8,16,4
2,3,4,5,8,9,10,11,12,14,16,19,20>2,5,9,11,8,16,4
2,3,4,5,8,9,10,11,12,14,16,19,20>3,5,9,10,12,14,19,8,16,4
1,2,4,10,13,14,17,19,22>19,20,11,17,2,13,14
1,2,4,10,13,14,17,19,22>1,10,11,17,18,22,2,13,14
1,2,4,10,13,14,17,19,22>4,10,16,20,23,2,13,14
1,2,4,10,13,14,17,19,22>1,4,10,11,15,16,17,19,22,23,2,13,14
3,9,10,13,14,15,17,19,20,21,22,23>3,10,16,18,14,15,17,20,21,22,23
3,9,10,13,14,15,17,19,20,21,22,23>9,10,13,16,14,15,17,20,21,22,23
3,9,10,13,14,15,17,19,20,21,22,23>9,13,18,14,15,17,20,21,22,23
3,9,10,13,14,15,17,19,20,21,22,23>3,4,9,16,18,14,15,17,20,21,22,23
6,8,9,10,13,18,19,21>6,9,13,14,18,20,21,22,19
6,8,9,10,13,18,19,21>6,10,14,18,21,19
6,8,9,10,13,18,19,21>8,10,11,13,18,20,19
6,8,9,10,13,18,19,21>6,8,9,10,18,20,19
1,3,4,7,8,9,10,11,12,13,15,17,20,21,22>7,9,12,14,16,23,4,8,10,13,17,21,22
1,3,4,7,8,9,10,11,12,13,15,17,20,21,22>1,7,15,16,23,4,8,10,13,17,21,22
1,3,4,7,8,9,10,11,12,13,15,17,20,21,22>2,7,9,11,12,15,20,4,8,10,13,17,21,22
1,3,4,7,8,9,10,11,12,13,15,17,20,21,22>1,3,7,9,14,20,23,4,8,10,13,17,21,22
1,2,5,6,7,8,10,12,13,14,18,22>1,19,22,2,6,7,8,12,13,14
1,2,5,6,7,8,10,12,13,14,18,22>5,18,2,6,7,8,12,13,14
1,2,5,6,7,8,10,12,13,14,18,22>5,19,2,6,7,8,12,13,14
1,2,5,6,7,8,10,12,13,14,18,22>1,10,11,18,2,6,7,8,12,13,14
1,2,4,9,12,13,14,15,16,18,21,22,23>4,9,10,18,2,12,14,15,16,22,23
1,2,4,9,12,13,14,15,16,18,21,22,23>1,4,10,2,12,14,15,16,22,23
1,2,4,9,12,13,14,15,16,18,21,22,23>1,8,9,13,18,19,2,12,14,15,16,22,23
1,2,4,9,12,13,14,15,16,18,21,22,23>4,8,10,13,19,2,12,14,15,16,22,23
1,7,9,11,12,15,16,18,20,21,22>8,9,12,13,18,20,16,21,22
1,7,9,11,12,15,16,18,20,21,22>2,8,11,12,19,23,16,21,22
1,7,9,11,12,15,16,18,20,21,22>7,9,10,11,15,19,20,16,21,22
1,7,9,11,12,15,16,18,20,21,22>2,7,8,9,11,13,19,16,21,22
2,3,4,5,8,10,11,13,14,16,19,21,22>2,5,19,20,21,23,4,8,11,13,14,16,22
2,3,4,5,8,10,11,13,14,16,19,21,22>21,3,10,4,8,11,13,14,16,22
2,3,4,5,8,10,11,13,14,16,19,21,22>2,3,12,19,4,8,11,13,14,16,22
2,3,4,5,8,10,11,13,14,16,19,21,22>2,5,10,20,21,4,8,11,13,14,16,22
3,7,9,11,12,13,14,18,19,20>9,12,15,17,20,19,13,14
3,7,9,11,12,13,14,18,19,20>3,9,11,12,15,20,21,19,13,14
3,7,9,11,12,13,14,18,19,20>20,3,7,21,19,13,14
3,7,9,11,12,13,14,18,19,20>4,7,9,11,12,20,19,13,14
3,4,6,7,10,11,12,13,17,19,21,22>6,10,17,19,21,23,4,7,11,12,13,22
3,4,6,7,10,11,12,13,17,19,21,22>6,10,16,17,18,19,21,4,7,11,12,13,22
3,4,6,7,10,11,12,13,17,19,21,22>3,8,10,14,18,4,7,11,12,13,22
3,4,6,7,10,11,12,13,17,19,21,22>6,14,18,19,23,4,7,11,12,13,22
1,2,3,5,11,13,15,17,19,22,23>1,11,14,17,18,20,2,23
1,2,3,5,11,13,15,17,19,22,23>1,5,11,14,16,17,18,19,2,23
1,2,3,5,11,13,15,17,19,22,23>3,5,13,15,19,20,22,2,23
1,2,3,5,11,13,15,17,19,22,23>15,4,22,14,2,23
1,3,4,5,6,8,11,13,18,19,21,22,23>5,21,7,8,19,4,22,23
1,3,4,5,6,8,11,13,18,19,21,22,23>1,6,8,11,13,14,18,20,21,19,4,22,23
1,3,4,5,6,8,11,13,18,19,21,22,23>1,2,6,8,11,14,20,19,4,22,23
1,3,4,5,6,8,11,13,18,19,21,22,23>2,3,5,8,14,21,19,4,22,23
4,7,8,10,11,13,15,17,18,20,21,22>4,10,14,18,13,17,20,21,22
4,7,8,10,11,13,15,17,18,20,21,22>7,11,14,16,18,13,17,20,21,22
4,7,8,10,11,13,15,17,18,20,21,22>4,14,16,19,23,13,17,20,21,22
4,7,8,10,11,13,15,17,18,20,21,22>16,4,8,15,13,17,20,21,22
2,3,4,5,6,7,8,9,10,11,12,13,14,15,16,17,19,20,21,23>6,9,10,12,19,20,4,7,8,14,16,21
2,3,4,5,6,7,8,9,10,11,12,13,14,15,16,17,19,20,21,23>9,10,13,15,17,22,23,4,7,8,14,16,21
2,3,4,5,6,7,8,9,10,11,12,13,14,15,16,17,19,20,21,23>3,5,6,9,11,15,20,23,4,7,8,14,16,21
2,3,4,5,6,7,8,9,10,11,12,13,14,15,16,17,19,20,21,23>6,9,11,12,13,19,23,4,7,8,14,16,21
1,6,10,11,12,17,18,19>1,8,10,19,18,11,12
1,6,10,11,12,17,18,19>2,13,19,18,11,12
1,6,10,11,12,17,18,19>17,1,2,8,19,18,11,12
1,6,10,11,12,17,18,19>17,6,7,13,19,18,11,12
2,3,4,11,12,14,16,17,18,19,20>2,13,14,15,17,20,21,16,18,19,4
2,3,4,11,12,14,16,17,18,19,20>2,11,12,15,21,16,18,19,4
2,3,4,11,12,14,16,17,18,19,20>8,11,12,14,15,16,18,19,4
2,3,4,11,12,14,16,17,18,19,20>3,8,11,14,15,17,20,16,18,19,4
1,4,7,9,11,12,16,17,19,23>7,11,17,19,23,16,12
1,4,7,9,11,12,16,17,19,23>1,2,9,11,18,19,16,12
1,4,7,9,11,12,16,17,19,23>1,2,7,11,17,19,16,12
1,4,7,9,11,12,16,17,19,23>1,2,4,7,8,11,19,23,16,12
1,2,3,6,7,8,11,14,16,17,20,21,23>1,11,14,17,23,2,7,8,20,21
1,2,3,6,7,8,11,14,16,17,20,21,23>3,14,16,2,7,8,20,21
1,2,3,6,7,8,11,14,16,17,20,21,23>4,6,16,17,22,23,2,7,8,20,21
1,2,3,6,7,8,11,14,16,17,20,21,23>1,4,14,16,22,23,2,7,8,20,21
9,10,12,15,16,18,20,21>22,13,18,19,16,10,21
9,10,12,15,16,18,20,21>20,12,13,19,16,10,21
9,10,12,15,16,18,20,21>8,12,15,19,20,22,16,10,21
9,10,12,15,16,18,20,21>8,9,12,13,15,18,16,10,21
1,2,5,7,8,9,10,11,12,14,16,17,18,19,23>1,7,10,14,23,2,8,11,12,19
1,2,5,7,8,9,10,11,12,14,16,17,18,19,23>1,7,10,16,2,8,11,12,19
1,2,5,7,8,9,10,11,12,14,16,17,18,19,23>5,7,9,10,14,18,2,8,11,12,19
1,2,5,7,8,9,10,11,12,14,16,17,18,19,23>1,5,7,9,14,18,23,2,8,11,12,19
2,3,4,8,10,11,12,15,17,23>2,10,15,17,23,8,11,4,12
2,3,4,8,10,11,12,15,17,23>2,10,15,16,8,11,4,12
2,3,4,8,10,11,12,15,17,23>3,10,15,17,23,8,11,4,12
2,3,4,8,10,11,12,15,17,23>2,3,10,16,23,8,11,4,12
1,2,3,5,7,8,11,14,15,17,18,21,23>3,6,7,16,18,19,22,23,2
1,2,3,5,7,8,11,14,15,17,18,21,23>1,3,5,6,7,8,11,15,17,18,19,21,23,2
1,2,3,5,7,8,11,14,15,17,18,21,23>1,4,6,7,14,15,18,19,21,23,2
1,2,3,5,7,8,11,14,15,17,18,21,23>1,3,4,6,7,8,11,14,17,21,23,2
4,6,9,12,13,15,17,18,19,21,22,23>17,21,8,14,12,18,19,22,23
4,6,9,12,13,15,17,18,19,21,22,23>4,13,14,15,17,12,18,19,22,23
4,6,9,12,13,15,17,18,19,21,22,23>4,6,8,13,16,17,21,12,18,19,22,23
4,6,9,12,13,15,17,18,19,21,22,23>4,6,7,8,9,13,14,16,17,12,18,19,22,23
1,9,10,11,13,14,18,21>22,18,19,21,10,11,13,14
1,9,10,11,13,14,18,21>22,2,18,19,10,11,13,14
1,9,10,11,13,14,18,21>1,2,18,21,10,11,13,14
1,9,10,11,13,14,18,21>1,9,15,19,22,10,11,13,14
1,2,3,6,8,9,12,14,17,18,19,20,21,22>6,7,9,13,20,23,2,8,17,19,21,22
1,2,3,6,8,9,12,14,17,18,19,20,21,22>1,6,7,13,14,2,8,17,19,21,22
1,2,3,6,8,9,12,14,17,18,19,20,21,22>1,3,7,9,14,18,20,2,8,17,19,21,22
1,2,3,6,8,9,12,14,17,18,19,20,21,22>1,4,6,7,9,12,18,23,2,8,17,19,21,22
1,3,5,6,8,9,11,13,14,15,16,18,23>1,4,5,7,10,11,12,13,15,18,23,8,16,6,14
1,3,5,6,8,9,11,13,14,15,16,18,23>1,2,3,7,13,18,23,8,16,6,14
1,3,5,6,8,9,11,13,14,15,16,18,23>1,3,4,5,7,10,12,13,15,19,8,16,6,14
1,3,5,6,8,9,11,13,14,15,16,18,23>1,2,3,7,10,11,18,23,8,16,6,14
4,7,8,9,10,13,15,16,18,19,20,23>18,10,14,8,16,19,20
4,7,8,9,10,13,15,16,18,19,20,23>18,4,14,21,8,16,19,20
4,7,8,9,10,13,15,16,18,19,20,23>4,9,15,21,23,8,16,19,20
4,7,8,9,10,13,15,16,18,19,20,23>7,9,14,15,21,23,8,16,19,20
2,3,4,5,7,11,13,18,20,21,23>11,13,14,16,17,22,21,4,20
2,3,4,5,7,11,13,18,20,21,23>2,3,11,13,16,22,21,4,20
2,3,4,5,7,11,13,18,20,21,23>5,7,13,17,18,22,23,21,4,20
2,3,4,5,7,11,13,18,20,21,23>2,5,7,14,16,23,21,4,20
1,2,5,6,9,10,13,14,15,16,17,18,19,20,21,22,23>13,5,9,2,14,15,16,18,19,20,21,22,23
1,2,5,6,9,10,13,14,15,16,17,18,19,20,21,22,23>5,7,8,9,10,17,2,14,15,16,18,19,20,21,22,23
1,2,5,6,9,10,13,14,15,16,17,18,19,20,21,22,23>13,17,6,10,2,14,15,16,18,19,20,21,22,23
1,2,5,6,9,10,13,14,15,16,17,18,19,20,21,22,23>6,7,9,10,13,2,14,15,16,18,19,20,21,22,23
2,4,8,9,10,14,17,19,20>2,4,9,10,17,20
2,4,8,9,10,14,17,19,20>2,9,13,16,21,17,20
2,4,8,9,10,14,17,19,20>2,4,9,16,19,17,20
2,4,8,9,10,14,17,19,20>2,8,13,16,19,21,17,20
4,10,11,12,22,23>16,22,11,12,23
4,10,11,12,22,23>4,11,12,23
4,10,11,12,22,23>8,22,11,12,23
4,10,11,12,22,23>10,11,12,23
1,2,3,6,10,15,16,18,19,20,23>15,23,6,7,16,2,19,20
1,2,3,6,10,15,16,18,19,20,23>3,7,10,16,2,19,20
1,2,3,6,10,15,16,18,19,20,23>1,3,7,15,23,16,2,19,20
1,2,3,6,10,15,16,18,19,20,23>4,8,15,21,23,16,2,19,20
2,6,7,8,9,10,11,12,15,16,17,20,21,23>2,11,12,15,17,7,8,10,16,21
2,6,7,8,9,10,11,12,15,16,17,20,21,23>6,15,17,20,23,7,8,10,16,21
2,6,7,8,9,10,11,12,15,16,17,20,21,23>2,6,11,15,23,7,8,10,16,21
2,6,7,8,9,10,11,12,15,16,17,20,21,23>6,9,12,15,22,7,8,10,16,21
1,4,5,6,9,13,14,15,17,21,23>7,9,16,21,23,15,6,14
1,4,5,6,9,13,14,15,17,21,23>2,7,16,17,18,21,15,6,14
1,4,5,6,9,13,14,15,17,21,23>1,4,7,9,16,18,23,15,6,14
1,4,5,6,9,13,14,15,17,21,23>2,4,7,10,16,23,15,6,14
2,6,9,11,12,13,15,16,17,20,21,22>8,9,14,15,17,18,20,16,21,13,22
2,6,9,11,12,13,15,16,17,20,21,22>2,10,23,16,21,13,22
2,6,9,11,12,13,15,16,17,20,21,22>7,8,9,12,15,20,16,21,13,22
2,6,9,11,12,13,15,16,17,20,21,22>2,8,9,11,12,15,17,18,20,23,16,21,13,22
3,5,6,7,8,10,11,12,17,19,21,22>6,10,13,17,19,23,7,8,11,12,22
3,5,6,7,8,10,11,12,17,19,21,22>19,3,21,17,7,8,11,12,22
3,5,6,7,8,10,11,12,17,19,21,22>4,5,10,17,19,21,7,8,11,12,22
3,5,6,7,8,10,11,12,17,19,21,22>4,5,6,17,19,7,8,11,12,22
3,5,6,12,14,17,18,19,21,22>14,15,4,21,18,19,12,22
3,5,6,12,14,17,18,19,21,22>3,4,5,6,15,18,19,12,22
3,5,6,12,14,17,18,19,21,22>4,6,8,13,14,17,23,18,19,12,22
3,5,6,12,14,17,18,19,21,22>3,4,5,7,14,15,17,18,19,12,22
5,6,7,8,9,10,11,12,20,23>12,17,8,10,6,7
5,6,7,8,9,10,11,12,20,23>23,9,12,8,10,6,7
5,6,7,8,9,10,11,12,20,23>5,9,17,20,21,8,10,6,7
5,6,7,8,9,10,11,12,20,23>5,11,20,21,23,8,10,6,7
2,5,8,14,15,17,18,20,21,23>2,15,16,18,22,17,20,21
2,5,8,14,15,17,18,20,21,23>6,14,15,16,19,22,23,17,20,21
2,5,8,14,15,17,18,20,21,23>5,6,8,15,19,17,20,21
2,5,8,14,15,17,18,20,21,23>2,5,6,16,23,17,20,21
2,5,7,8,10,11,12,15,16,17,19,23>23,15,8,16,11,12
2,5,7,8,10,11,12,15,16,17,19,23>2,15,19,8,16,11,12
2,5,7,8,10,11,12,15,16,17,19,23>23,2,8,16,11,12
2,5,7,8,10,11,12,15,16,17,19,23>5,10,15,17,19,8,16,11,12
1,6,9,11,14,15,16,17,18,19,20,21,22>13,1,7,8,15,16,18,19,20,21,22
1,6,9,11,14,15,16,17,18,19,20,21,22>2,17,7,8,15,16,18,19,20,21,22
1,6,9,11,14,15,16,17,18,19,20,21,22>6,8,9,11,13,14,17,23,15,16,18,19,20,21,22
1,6,9,11,14,15,16,17,18,19,20,21,22>1,6,7,9,13,23,15,16,18,19,20,21,22
3,6,7,9,10,11,16,17,18,22>3,4,8,13,16,22,18,10,11,7
3,6,7,9,10,11,16,17,18,22>3,6,8,17,22,18,10,11,7
3,6,7,9,10,11,16,17,18,22>4,6,13,19,23,18,10,11,7
3,6,7,9,10,11,16,17,18,22>3,4,6,12,17,19,23,18,10,11,7
4,8,9,11,12,15,16,18,20,23>11,15,18,19,20,21,8,16
4,8,9,11,12,15,16,18,20,23>10,11,18,19,21,8,16
4,8,9,11,12,15,16,18,20,23>4,10,11,12,15,21,23,8,16
4,8,9,11,12,15,16,18,20,23>23,15,18,8,16
1,2,3,4,8,10,12,15,18,19,20,21,22>1,13,15,16,17,18,2,4,8,19,21,22
1,2,3,4,8,10,12,15,18,19,20,21,22>3,15,16,17,20,2,4,8,19,21,22
1,2,3,4,8,10,12,15,18,19,20,21,22>17,1,23,13,2,4,8,19,21,22
1,2,3,4,8,10,12,15,18,19,20,21,22>3,10,13,15,16,17,18,2,4,8,19,21,22
1,2,4,5,7,9,11,13,14,15,16,17,18,19,20,21,22>23,4,9,11,2,13,14,15,16,18,19,20,21,22
1,2,4,5,7,9,11,13,14,15,16,17,18,19,20,21,22>1,5,9,23,2,13,14,15,16,18,19,20,21,22
1,2,4,5,7,9,11,13,14,15,16,17,18,19,20,21,22>4,5,7,8,9,17,23,2,13,14,15,16,18,19,20,21,22
1,2,4,5,7,9,11,13,14,15,16,17,18,19,20,21,22>1,4,5,7,8,11,23,2,13,14,15,16,18,19,20,21,22
1,2,3,4,6,7,8,12,13,15,17,19,20,22>1,12,15,20,23,2,4,7,8,13,17
1,2,3,4,6,7,8,12,13,15,17,19,20,22>6,12,14,15,19,21,22,23,2,4,7,8,13,17
1,2,3,4,6,7,8,12,13,15,17,19,20,22>1,6,12,15,21,22,23,2,4,7,8,13,17
1,2,3,4,6,7,8,12,13,15,17,19,20,22>3,6,19,22,23,2,4,7,8,13,17
4,5,7,8,10,11,14,16,17,18,19,21>4,5,10,12,13,14,8,16,11,19
4,5,7,8,10,11,14,16,17,18,19,21>7,10,12,13,14,20,21,8,16,11,19
4,5,7,8,10,11,14,16,17,18,19,21>4,7,10,12,14,20,8,16,11,19
4,5,7,8,10,11,14,16,17,18,19,21>4,5,10,12,14,17,21,8,16,11,19
4,5,6,7,10,11,12,14,16,19,22>23,4,6,10,16,11,12,7
4,5,6,7,10,11,12,14,16,19,22>5,6,8,14,15,19,16,11,12,7
4,5,6,7,10,11,12,14,16,19,22>5,6,8,13,19,23,16,11,12,7
4,5,6,7,10,11,12,14,16,19,22>22,19,5,6,16,11,12,7
1,2,4,6,9,10,11,12,14,15,18,19,20,23>4,10,11,12,16,21,2,19,15
1,2,4,6,9,10,11,12,14,15,18,19,20,23>1,6,9,10,11,12,21,2,19,15
1,2,4,6,9,10,11,12,14,15,18,19,20,23>1,4,6,7,8,10,20,21,2,19,15
1,2,4,6,9,10,11,12,14,15,18,19,20,23>1,4,6,8,16,18,20,21,23,2,19,15
