TCR,NFAT,IFN-\beta,IFN-\betaR,IL-18,IL-18R,IRAK,SOCS1,IL-12,IL-12R,STAT4,T-bet,IFN-\gamma,IFN-\gammaR,JAK1,STAT1,IL-4,IL-4R,STAT6,GATA3,IL-10,IL-10R,STAT3
2,5,6,8,9,11,14,18,19,21,22>2,6,7,8,11,13,21,23,19,22
2,5,6,8,9,11,14,18,19,21,22>2,5,9,14,23,19,22
2,5,6,8,9,11,14,18,19,21,22>2,6,7,14,19,22
2,5,6,8,9,11,14,18,19,21,22>2,5,6,8,11,13,18,20,19,22
2,3,4,7,9,11,12,13,14,16,21,22,23>13,21,10,4,12,14,16,22,23
2,3,4,7,9,11,12,13,14,16,21,22,23>15,10,11,4,12,14,16,22,23
2,3,4,7,9,11,12,13,14,16,21,22,23>2,7,9,10,13,15,4,12,14,16,22,23
2,3,4,7,9,11,12,13,14,16,21,22,23>2,3,7,9,11,21,4,12,14,16,22,23
2,3,6,8,10,15,18,19,21,22>3,6,7,13,15,21,19,22
2,3,6,8,10,15,18,19,21,22>3,6,7,8,10,11,15,18,21,23,19,22
2,3,6,8,10,15,18,19,21,22>2,3,8,10,11,13,15,16,20,19,22
2,3,6,8,10,15,18,19,21,22>2,3,4,6,8,10,13,18,21,19,22
1,2,3,4,7,8,11,12,13,14,17,18,19,20,23>1,11,12,20,23,2,4,8,14,17,19
1,2,3,4,7,8,11,12,13,14,17,18,19,20,23>3,11,16,18,21,2,4,8,14,17,19
1,2,3,4,7,8,11,12,13,14,17,18,19,20,23>20,21,7,12,2,4,8,14,17,19
1,2,3,4,7,8,11,12,13,14,17,18,19,20,23>1,3,7,13,16,20,21,2,4,8,14,17,19
2,4,6,7,10,11,12,15,16,17>2,8,10,15,18,16,11,12,7
2,4,6,7,10,11,12,15,16,17>17,18,4,15,16,11,12,7
2,4,6,7,10,11,12,15,16,17>6,8,13,15,17,18,16,11,12,7
2,4,6,7,10,11,12,15,16,17>2,6,10,15,18,16,11,12,7
7,9,13,16,20>10,14,21,20,13
7,9,13,16,20>14,16,20,13
7,9,13,16,20>7,9,20,13
7,9,13,16,20>8,9,14,20,13
1,3,7,8,9,10,12,16,17,21,22>2,4,7,13,21,8,10,12,22
1,3,7,8,9,10,12,16,17,21,22>1,2,4,11,17,23,8,10,12,22
1,3,7,8,9,10,12,16,17,21,22>3,7,9,11,16,8,10,12,22
1,3,7,8,9,10,12,16,17,21,22>3,4,7,11,17,21,8,10,12,22
2,5,6,11,14,16,17,19,20>8,14,16,17,19,21,20
2,5,6,11,14,16,17,19,20>2,8,15,17,19,20
2,5,6,11,14,16,17,19,20>2,8,11,14,15,19,20
2,5,6,11,14,16,17,19,20>2,5,6,7,16,18,21,20
1,3,5,6,9,11,13,17,18,22>1,4,5,7,10,11,14,18,13,6
1,3,5,6,9,11,13,17,18,22>1,4,5,10,11,14,17,22,23,18,13,6
1,3,5,6,9,11,13,17,18,22>3,9,14,19,23,18,13,6
1,3,5,6,9,11,13,17,18,22>10,1,3,18,13,6
2,4,5,7,8,12,15,18>5,6,7,13,15,16,19,8,12
2,4,5,7,8,12,15,18>2,5,15,18,19,8,12
2,4,5,7,8,12,15,18>2,5,7,16,18,8,12
2,4,5,7,8,12,15,18>2,4,5,6,13,18,8,12
2,4,6,7,9,10,12,13,20,22,23>9,12,16,20,21,10,23,7
2,4,6,7,9,10,12,13,20,22,23>2,12,16,20,22,10,23,7
2,4,6,7,9,10,12,13,20,22,23>6,8,9,12,14,16,17,21,10,23,7
2,4,6,7,9,10,12,13,20,22,23>2,4,6,12,13,14,17,20,10,23,7
2,3,6,8,9,10,11,12,14,15,16,17,21,22,23>2,3,21,7,8,10,11,12,16,22,23
2,3,6,8,9,10,11,12,14,15,16,17,21,22,23>2,3,6,9,17,8,10,11,12,16,22,23
2,3,6,8,9,10,11,12,14,15,16,17,21,22,23>2,3,6,7,17,8,10,11,12,16,22,23
2,3,6,8,9,10,11,12,14,15,16,17,21,22,23>4,6,7,9,21,8,10,11,12,16,22,23
1,3,4,6,12,13,19,20,23>2,6,7,12,19,20,4
1,3,4,6,12,13,19,20,23>1,2,6,7,12,13,16,19,21,4
1,3,4,6,12,13,19,20,23>3,8,12,16,17,23,4
1,3,4,6,12,13,19,20,23>2,3,6,8,13,19,20,23,4
3,4,7,8,9,10,13,14,15,17,19,21,23>7,9,11,16,17,19,23,4,14
3,4,7,8,9,10,13,14,15,17,19,21,23>3,7,9,11,15,17,19,20,21,22,23,4,14
3,4,7,8,9,10,13,14,15,17,19,21,23>8,11,17,19,20,21,22,23,4,14
3,4,7,8,9,10,13,14,15,17,19,21,23>3,8,10,11,15,21,4,14
2,3,4,5,7,8,9,13,15,17,20,21>5,8,9,14,16,22,4,13,17,20,21
2,3,4,5,7,8,9,13,15,17,20,21>2,16,8,4,13,17,20,21
2,3,4,5,7,8,9,13,15,17,20,21>2,3,6,8,9,14,4,13,17,20,21
2,3,4,5,7,8,9,13,15,17,20,21>5,9,10,14,22,4,13,17,20,21
2,3,7,9,10,14,16,18,22,23>2,3,7,8,12,18,10,23
2,3,7,9,10,14,16,18,22,23>4,7,12,14,15,22,10,23
2,3,7,9,10,14,16,18,22,23>2,4,8,14,15,16,19,10,23
2,3,7,9,10,14,16,18,22,23>2,3,4,9,11,12,16,18,10,23
3,4,6,7,9,10,11,13,15,17,18,20,23>3,13,14,15,16,23,4,7,10,17,18,20
3,4,6,7,9,10,11,13,15,17,18,20,23>9,11,14,15,19,21,4,7,10,17,18,20
3,4,6,7,9,10,11,13,15,17,18,20,23>3,9,13,14,15,21,4,7,10,17,18,20
3,4,6,7,9,10,11,13,15,17,18,20,23>6,9,11,13,15,16,21,23,4,7,10,17,18,20
1,2,4,8,9,10,13,14,19,22>11,16,2,13,14
1,2,4,8,9,10,13,14,19,22>1,4,16,20,22,2,13,14
1,2,4,8,9,10,13,14,19,22>4,8,10,22,23,2,13,14
1,2,4,8,9,10,13,14,19,22>1,4,8,10,11,20,23,2,13,14
2,5,6,10,11,13,16,17,19,21,23>6,13,14,19,20,22,11
2,5,6,10,11,13,16,17,19,21,23>2,6,7,10,12,13,17,18,21,22,11
2,5,6,10,11,13,16,17,19,21,23>5,6,10,16,18,19,20,21,22,11
2,5,6,10,11,13,16,17,19,21,23>2,6,7,8,10,13,14,17,19,20,23,11
6,7,9,13,14,16,18,20,21>19,22,15,16,7,13,14,20,21
6,7,9,13,14,16,18,20,21>8,10,15,18,19,7,13,14,20,21
6,7,9,13,14,16,18,20,21>6,8,15,16,19,7,13,14,20,21
6,7,9,13,14,16,18,20,21>8,9,15,16,18,7,13,14,20,21
2,14,20,21,22,23>17,15,20,21,22,23
2,14,20,21,22,23>2,15,20,21,22,23
2,14,20,21,22,23>17,2,20,21,22,23
2,14,20,21,22,23>2,14,20,21,22,23
1,2,4,5,7,8,10,15,16>6,7,10,11,13,8,16,2
1,2,4,5,7,8,10,15,16>12,1,8,16,2
1,2,4,5,7,8,10,15,16>4,6,10,11,12,13,15,8,16,2
1,2,4,5,7,8,10,15,16>4,5,8,16,2
1,2,5,6,7,10,11,14,17,22>1,14,15,22,2,11,6,7
1,2,5,6,7,10,11,14,17,22>5,10,13,14,15,18,23,2,11,6,7
1,2,5,6,7,10,11,14,17,22>22,5,10,13,2,11,6,7
1,2,5,6,7,10,11,14,17,22>1,5,10,13,23,2,11,6,7
2,4,5,7,10,14,18,20,21>6,7,13,14,16,17,18,20,21
2,4,5,7,10,14,18,20,21>14,4,16,18,20,21
2,4,5,7,10,14,18,20,21>2,4,7,10,16,17,19,22,20,21
2,4,5,7,10,14,18,20,21>4,5,6,7,14,20,21
1,2,3,4,5,8,10,13,15,17,19,21,22,23>1,20,10,2,4,22,23
1,2,3,4,5,8,10,13,15,17,19,21,22,23>1,3,10,15,16,17,2,4,22,23
1,2,3,4,5,8,10,13,15,17,19,21,22,23>1,5,10,15,16,21,2,4,22,23
1,2,3,4,5,8,10,13,15,17,19,21,22,23>3,5,8,14,15,16,20,21,2,4,22,23
1,6,7,8,10,13,14,15,17,18,20,22>2,10,15,16,18,22,23,7,13,14,17,20
1,6,7,8,10,13,14,15,17,18,20,22>2,8,10,15,19,21,23,7,13,14,17,20
1,6,7,8,10,13,14,15,17,18,20,22>1,6,10,16,21,7,13,14,17,20
1,6,7,8,10,13,14,15,17,18,20,22>2,6,8,15,18,19,23,7,13,14,17,20
1,6,7,9,13,15,16,18,21,23>1,8,10,12,13,21,16,7
1,6,7,9,13,15,16,18,21,23>2,8,14,18,19,22,23,16,7
1,6,7,9,13,15,16,18,21,23>1,2,10,14,19,21,23,16,7
1,6,7,9,13,15,16,18,21,23>1,6,10,12,14,15,18,19,22,23,16,7
2,5,6,9,12,14,15,17,20,22,23>8,12,14,16,18,20,21,17,23,6,15
2,5,6,9,12,14,15,17,20,22,23>5,8,9,12,20,22,17,23,6,15
2,5,6,9,12,14,15,17,20,22,23>5,7,9,12,14,21,22,17,23,6,15
2,5,6,9,12,14,15,17,20,22,23>2,5,7,9,10,16,18,20,17,23,6,15
1,2,7,8,10,12,13,14,15,21,22>7,15,2,8,12,13,14,22
1,2,7,8,10,12,13,14,15,21,22>23,1,7,2,8,12,13,14,22
1,2,7,8,10,12,13,14,15,21,22>23,1,10,15,2,8,12,13,14,22
1,2,7,8,10,12,13,14,15,21,22>1,7,10,2,8,12,13,14,22
3,5,9,10,11,12,13,14,15,17,18,19,20,21,23>8,9,12,20,22,23,14,15,17,18,19,21
3,5,9,10,11,12,13,14,15,17,18,19,20,21,23>12,3,9,14,15,17,18,19,21
3,5,9,10,11,12,13,14,15,17,18,19,20,21,23>4,8,9,12,13,22,23,14,15,17,18,19,21
3,5,9,10,11,12,13,14,15,17,18,19,20,21,23>3,4,9,11,16,20,23,14,15,17,18,19,21
2,3,5,6,7,8,9,11,13,17,18,19,20>2,18,5,7,13,17,19,20
2,3,5,6,7,8,9,11,13,17,18,19,20>3,18,6,8,7,13,17,19,20
2,3,5,6,7,8,9,11,13,17,18,19,20>4,9,11,14,18,21,7,13,17,19,20
2,3,5,6,7,8,9,11,13,17,18,19,20>2,4,5,8,9,14,7,13,17,19,20
1,2,3,5,8,12,13,15,16,19,20,21,23>5,12,13,19,20,23,8,16,2,21
1,2,3,5,8,12,13,15,16,19,20,21,23>1,15,20,22,23,8,16,2,21
1,2,3,5,8,12,13,15,16,19,20,21,23>3,12,14,20,22,8,16,2,21
1,2,3,5,8,12,13,15,16,19,20,21,23>1,3,5,13,14,15,19,8,16,2,21
2,3,5,6,7,10,12,16,17,21,22>2,8,10,16,21,23,12,22,6,7
2,3,5,6,7,10,12,16,17,21,22>3,5,13,16,21,23,12,22,6,7
2,3,5,6,7,10,12,16,17,21,22>4,10,11,13,16,21,23,12,22,6,7
2,3,5,6,7,10,12,16,17,21,22>2,4,10,11,13,18,12,22,6,7
1,2,3,4,6,7,8,9,11,12,14,15,17,19,20,23>9,11,14,15,16,20,23,2,4,7,8,17
1,2,3,4,6,7,8,9,11,12,14,15,17,19,20,23>1,11,12,16,23,2,4,7,8,17
1,2,3,4,6,7,8,9,11,12,14,15,17,19,20,23>1,12,15,16,19,20,23,2,4,7,8,17
1,2,3,4,6,7,8,9,11,12,14,15,17,19,20,23>3,6,9,11,15,23,2,4,7,8,17
1,3,4,6,9,12,13,14,15,16,22,23>1,2,7,8,9,13,4,12,14,15,16,23
1,3,4,6,9,12,13,14,15,16,22,23>1,7,9,10,13,4,12,14,15,16,23
1,3,4,6,9,12,13,14,15,16,22,23>1,2,6,8,10,13,4,12,14,15,16,23
1,3,4,6,9,12,13,14,15,16,22,23>1,2,3,6,8,9,22,4,12,14,15,16,23
2,3,4,5,7,10,12,14,16,21,22>11,13,14,21,23,16,4,12,22
2,3,4,5,7,10,12,14,16,21,22>2,3,21,13,16,4,12,22
2,3,4,5,7,10,12,14,16,21,22>2,5,8,13,16,4,12,22
2,3,4,5,7,10,12,14,16,21,22>3,5,8,13,15,21,16,4,12,22
1,3,5,6,7,9,10,12,14,20>2,4,8,14,20,10,6,7
1,3,5,6,7,9,10,12,14,20>1,2,5,8,9,14,15,17,10,6,7
1,3,5,6,7,9,10,12,14,20>1,3,4,9,10,6,7
1,3,5,6,7,9,10,12,14,20>1,2,3,5,8,9,13,20,21,10,6,7
1,2,3,6,10,14,15,16,20,21>14,6,10,2,15,16,20,21
1,2,3,6,10,14,15,16,20,21>1,22,7,2,15,16,20,21
1,2,3,6,10,14,15,16,20,21>1,3,6,8,10,22,2,15,16,20,21
1,2,3,6,10,14,15,16,20,21>3,4,7,13,14,2,15,16,20,21
3,4,6,7,8,10,13,14,15,16,19,21,22,23>19,3,12,15,4,7,8,14,16,22,23
3,4,6,7,8,10,13,14,15,16,19,21,22,23>3,6,10,15,19,20,21,4,7,8,14,16,22,23
3,4,6,7,8,10,13,14,15,16,19,21,22,23>10,12,13,20,21,4,7,8,14,16,22,23
3,4,6,7,8,10,13,14,15,16,19,21,22,23>3,6,10,12,15,21,4,7,8,14,16,22,23
3,4,5,8,9,11,19,20>5,13,16,17,19,21,4,20
3,4,5,8,9,11,19,20>19,21,8,13,4,20
3,4,5,8,9,11,19,20>3,8,9,11,17,19,21,4,20
3,4,5,8,9,11,19,20>5,8,11,17,19,21,4,20
1,3,4,8,10,14,16,19,23>1,23,10,11,8,16,4
1,3,4,8,10,14,16,19,23>20,2,11,14,8,16,4
1,3,4,8,10,14,16,19,23>2,10,12,14,19,20,23,8,16,4
1,3,4,8,10,14,16,19,23>1,3,11,12,19,23,8,16,4
2,3,6,8,9,12,16,17,20,21,22>6,7,10,12,13,20,23,8,21,22
2,3,6,8,9,12,16,17,20,21,22>7,16,17,20,23,8,21,22
2,3,6,8,9,12,16,17,20,21,22>2,6,7,10,12,13,17,23,8,21,22
2,3,6,8,9,12,16,17,20,21,22>2,4,9,13,16,8,21,22
3,5,6,10,12,14,19,21,22>6,7,11,13,15,23,12,22
3,5,6,10,12,14,19,21,22>4,8,10,13,14,23,12,22
3,5,6,10,12,14,19,21,22>3,4,7,8,11,14,15,19,21,23,12,22
3,5,6,10,12,14,19,21,22>4,5,6,8,11,13,15,19,23,12,22
2,5,7,10,11,12,13,15,17,20,21,23>7,13,16,20,22,23,17,21
2,5,7,10,11,12,13,15,17,20,21,23>5,7,8,10,12,15,18,22,17,21
2,5,7,10,11,12,13,15,17,20,21,23>2,6,7,8,11,12,13,14,22,17,21
2,5,7,10,11,12,13,15,17,20,21,23>2,5,6,7,10,11,13,16,18,17,21
3,4,5,6,8,10,14,15,16,17,21>12,14,15,17,22,8,16,4,6
3,4,5,6,8,10,14,15,16,17,21>3,5,21,11,8,16,4,6
3,4,5,6,8,10,14,15,16,17,21>5,7,11,12,8,16,4,6
3,4,5,6,8,10,14,15,16,17,21>3,5,7,11,15,22,8,16,4,6
1,2,3,7,9,10,11,12,13,14,16,18,19,20,22,23>1,3,4,9,11,12,15,2,19,14,23
1,2,3,7,9,10,11,12,13,14,16,18,19,20,22,23>3,8,10,12,13,16,21,22,2,19,14,23
1,2,3,7,9,10,11,12,13,14,16,18,19,20,22,23>3,4,9,10,16,18,21,22,2,19,14,23
1,2,3,7,9,10,11,12,13,14,16,18,19,20,22,23>1,3,4,8,9,12,15,20,21,22,2,19,14,23
2,3,4,5,6,7,8,10,11,12,14,15,17,20,21,22,23>3,10,14,15,16,20,4,6,7,8,17,21,22,23
2,3,4,5,6,7,8,10,11,12,14,15,17,20,21,22,23>5,10,12,15,20,4,6,7,8,17,21,22,23
2,3,4,5,6,7,8,10,11,12,14,15,17,20,21,22,23>5,12,14,15,16,4,6,7,8,17,21,22,23
2,3,4,5,6,7,8,10,11,12,14,15,17,20,21,22,23>2,3,5,10,11,12,16,4,6,7,8,17,21,22,23
2,4,8,11,13,14,15,17,20,22>15,16,21,17,20,13,14
2,4,8,11,13,14,15,17,20,22>4,11,16,22,23,17,20,13,14
2,4,8,11,13,14,15,17,20,22>2,8,15,16,17,20,13,14
2,4,8,11,13,14,15,17,20,22>2,8,11,15,22,23,17,20,13,14
1,4,5,6,10,11,12,14,16,17,19,20,21,23>1,2,5,8,12,14,20,23,16,21
1,4,5,6,10,11,12,14,16,17,19,20,21,23>1,4,5,7,10,12,15,17,18,22,16,21
1,4,5,6,10,11,12,14,16,17,19,20,21,23>2,4,7,14,18,20,23,16,21
1,4,5,6,10,11,12,14,16,17,19,20,21,23>1,2,4,5,6,11,12,15,20,16,21
2,4,9,16,17,18,20,21,22>2,4,9,10,23,16,18,20,21,22
2,4,9,16,17,18,20,21,22>2,4,9,13,19,16,18,20,21,22
2,4,9,16,17,18,20,21,22>2,8,9,17,23,16,18,20,21,22
2,4,9,16,17,18,20,21,22>4,8,9,10,23,16,18,20,21,22
2,4,5,6,7,9,10,17,18,19,21,22,23>16,6,9,10,7,18,19,22,23
2,4,5,6,7,9,10,17,18,19,21,22,23>5,6,9,16,21,7,18,19,22,23
2,4,5,6,7,9,10,17,18,19,21,22,23>2,5,9,11,16,21,7,18,19,22,23
2,4,5,6,7,9,10,17,18,19,21,22,23>2,4,5,6,17,20,7,18,19,22,23
2,3,4,5,7,8,10,11,12,13,15,20,21,22,23>12,2,16,20,4,8,21,22,23
2,3,4,5,7,8,10,11,12,13,15,20,21,22,23>3,17,10,20,4,8,21,22,23
2,3,4,5,7,8,10,11,12,13,15,20,21,22,23>5,10,11,12,15,16,20,4,8,21,22,23
2,3,4,5,7,8,10,11,12,13,15,20,21,22,23>2,5,10,11,12,13,16,4,8,21,22,23
2,5,7,10,12,13,14,16,17,18,21,22,23>7,8,10,11,13,16,17,12,14,18,22,23
2,5,7,10,12,13,14,16,17,18,21,22,23>13,5,21,10,12,14,18,22,23
2,5,7,10,12,13,14,16,17,18,21,22,23>5,6,7,8,10,13,15,17,12,14,18,22,23
2,5,7,10,12,13,14,16,17,18,21,22,23>5,8,13,15,16,17,19,21,12,14,18,22,23
2,3,8,10,11,13,14,17,18,20,21,23>18,8,17,20,21,14
2,3,8,10,11,13,14,17,18,20,21,23>2,10,11,19,22,23,17,20,21,14
2,3,8,10,11,13,14,17,18,20,21,23>19,4,10,11,17,20,21,14
2,3,8,10,11,13,14,17,18,20,21,23>3,4,10,13,22,23,17,20,21,14
3,7,10,12,17,18,23>19,23,10,11,18,12
3,7,10,12,17,18,23>3,7,8,11,23,18,12
3,7,10,12,17,18,23>4,7,8,10,17,19,18,12
3,7,10,12,17,18,23>3,4,7,8,10,19,18,12
1,2,3,5,8,9,13,22,23>10,13,3,5,2,23
1,2,3,5,8,9,13,22,23>10,4,5,8,2,23
1,2,3,5,8,9,13,22,23>14,4,2,23
1,2,3,5,8,9,13,22,23>1,3,4,5,6,9,10,22,2,23
3,4,6,10,11,12,13,15,22>3,14,15,16,22,23,13,11,4,12
3,4,6,10,11,12,13,15,22>6,14,15,13,11,4,12
3,4,6,10,11,12,13,15,22>16,22,6,7,13,11,4,12
3,4,6,10,11,12,13,15,22>3,6,7,8,10,16,23,13,11,4,12
2,3,5,6,8,15,16,17,18>3,5,7,15,18,8,16,6
2,3,5,6,8,15,16,17,18>2,3,7,13,15,19,8,16,6
2,3,5,6,8,15,16,17,18>3,5,7,13,17,18,8,16,6
2,3,5,6,8,15,16,17,18>2,3,4,5,7,17,19,8,16,6
1,2,6,7,10,11,15,18,22,23>16,18,19,2,11,23,7
1,2,6,7,10,11,15,18,22,23>6,15,16,19,2,11,23,7
1,2,6,7,10,11,15,18,22,23>22,10,15,19,2,11,23,7
1,2,6,7,10,11,15,18,22,23>6,10,15,18,2,11,23,7
1,4,5,6,7,10,13,14>1,4,5,11,15,14,13,6,7
1,4,5,6,7,10,13,14>16,4,5,15,14,13,6,7
1,4,5,6,7,10,13,14>4,10,11,14,13,6,7
1,4,5,6,7,10,13,14>1,4,10,15,16,14,13,6,7
1,2,5,7,8,10,12,16,21,23>5,7,11,21,22,8,2,12
1,2,5,7,8,10,12,16,21,23>1,5,11,22,23,8,2,12
1,2,5,7,8,10,12,16,21,23>6,7,21,22,23,8,2,12
1,2,5,7,8,10,12,16,21,23>1,5,6,10,11,16,21,8,2,12
3,6,9,14,15,16,17,18,19,20,21,23>6,7,8,17,23,15,16,18,19,20,21
3,6,9,14,15,16,17,18,19,20,21,23>22,4,23,8,15,16,18,19,20,21
3,6,9,14,15,16,17,18,19,20,21,23>4,6,7,9,17,15,16,18,19,20,21
3,6,9,14,15,16,17,18,19,20,21,23>17,4,6,8,15,16,18,19,20,21
4,6,10,13,14,18,20,22,23>6,13,16,21,22,20,14,23
4,6,10,13,14,18,20,22,23>6,7,15,17,21,20,14,23
4,6,10,13,14,18,20,22,23>4,6,7,10,16,18,19,22,20,14,23
4,6,10,13,14,18,20,22,23>4,6,7,15,18,21,20,14,23
1,2,3,5,9,10,11,12,15,16,23>15,1,8,9,2,10,11,12,16
1,2,3,5,9,10,11,12,15,16,23>1,3,5,6,2,10,11,12,16
1,2,3,5,9,10,11,12,15,16,23>15,1,3,6,2,10,11,12,16
1,2,3,5,9,10,11,12,15,16,23>3,4,6,15,23,2,10,11,12,16
1,6,15,17,21,22>21,7,16,17,22
1,6,15,17,21,22>1,2,17,22
1,6,15,17,21,22>6,7,15,16,22
1,6,15,17,21,22>1,6,15,22
3,4,5,8,11,12,15,16,18,19,20,23>3,11,12,18,8,16,19,4
3,4,5,8,11,12,15,16,18,19,20,23>5,15,18,20,21,23,8,16,19,4
3,4,5,8,11,12,15,16,18,19,20,23>5,12,18,20,21,8,16,19,4
3,4,5,8,11,12,15,16,18,19,20,23>3,5,18,21,23,8,16,19,4
1,3,4,5,6,10,11,13,14,16,22>5,7,8,15,22,4,6,11,13,14,16
1,3,4,5,6,10,11,13,14,16,22>1,8,10,12,22,23,4,6,11,13,14,16
1,3,4,5,6,10,11,13,14,16,22>1,2,5,7,22,4,6,11,13,14,16
1,3,4,5,6,10,11,13,14,16,22>2,3,5,7,8,22,4,6,11,13,14,16
4,12,14,15,16,21,22>4,14,16,12,22,15
4,12,14,15,16,21,22>8,14,23,16,12,22,15
4,12,14,15,16,21,22>8,14,21,16,12,22,15
4,12,14,15,16,21,22>8,13,23,16,12,22,15
1,2,5,6,10,12,13,18,19,20>1,10,14,18,20,2,19,13
1,2,5,6,10,12,13,18,19,20>1,6,7,12,17,18,21,2,19,13
1,2,5,6,10,12,13,18,19,20>5,6,14,18,20,2,19,13
1,2,5,6,10,12,13,18,19,20>18,1,5,6,2,19,13
1,2,4,6,7,8,10,12,13,15,16,17,20,21,23>15,17,10,14,2,7,8,16,21
1,2,4,6,7,8,10,12,13,15,16,17,20,21,23>1,4,10,13,14,17,20,22,2,7,8,16,21
1,2,4,6,7,8,10,12,13,15,16,17,20,21,23>1,6,13,14,17,20,23,2,7,8,16,21
1,2,4,6,7,8,10,12,13,15,16,17,20,21,23>12,14,15,17,20,23,2,7,8,16,21
1,3,4,6,7,9,14,17,18,19,21,22,23>20,21,9,14,4,7,18,19,22,23
1,3,4,6,7,9,14,17,18,19,21,22,23>1,2,3,6,15,20,4,7,18,19,22,23
1,3,4,6,7,9,14,17,18,19,21,22,23>2,3,6,9,21,4,7,18,19,22,23
1,3,4,6,7,9,14,17,18,19,21,22,23>1,2,3,6,17,21,4,7,18,19,22,23
1,4,6,7,9,12,17,23>1,6,8,10,16,17,18,12,7
1,4,6,7,9,12,17,23>16,17,2,10,12,7
1,4,6,7,9,12,17,23>1,2,6,17,18,23,12,7
1,4,6,7,9,12,17,23>1,4,8,9,12,7
1,5,7,10,12,14,15,21,23>1,6,7,8,21,22,12,15
1,5,7,10,12,14,15,21,23>2,6,8,11,14,16,22,23,12,15
1,5,7,10,12,14,15,21,23>1,2,11,16,23,12,15
1,5,7,10,12,14,15,21,23>5,7,8,14,16,23,12,15
1,4,6,7,9,10,11,12,17,18,21,22,23>1,2,6,8,9,19,7,10,11,12,18,22,23
1,4,6,7,9,10,11,12,17,18,21,22,23>1,2,6,8,17,19,21,7,10,11,12,18,22,23
1,4,6,7,9,10,11,12,17,18,21,22,23>1,4,6,16,17,19,21,7,10,11,12,18,22,23
1,4,6,7,9,10,11,12,17,18,21,22,23>1,2,4,8,16,17,19,7,10,11,12,18,22,23
2,7,8,10,11,14,15,18,20,22,23>10,11,16,18,19,21,20,23
2,7,8,10,11,14,15,18,20,22,23>7,14,15,17,21,22,20,23
2,7,8,10,11,14,15,18,20,22,23>2,8,10,11,14,18,20,23
2,7,8,10,11,14,15,18,20,22,23>2,8,10,15,17,19,21,20,23
1,3,5,6,8,9,10,11,13,15,16,17,18,20,22,23>2,5,7,9,11,13,14,17,19,6,8,10,16,20,23
1,3,5,6,8,9,10,11,13,15,16,17,18,20,22,23>3,5,15,17,21,22,6,8,10,16,20,23
1,3,5,6,8,9,10,11,13,15,16,17,18,20,22,23>1,3,4,7,11,15,18,19,21,6,8,10,16,20,23
1,3,5,6,8,9,10,11,13,15,16,17,18,20,22,23>2,3,4,5,7,9,11,14,17,21,6,8,10,16,20,23
2,3,4,5,8,9,10,11,13,14,15,17,19,20,21,22>2,10,11,19,23,4,13,14,17,20,21,22
2,3,4,5,8,9,10,11,13,14,15,17,19,20,21,22>5,9,11,15,19,4,13,14,17,20,21,22
2,3,4,5,8,9,10,11,13,14,15,17,19,20,21,22>3,5,8,11,23,4,13,14,17,20,21,22
2,3,4,5,8,9,10,11,13,14,15,17,19,20,21,22>2,3,5,8,10,11,16,19,4,13,14,17,20,21,22
1,3,5,8,10,11,16,18,20,23>4,6,11,16,23,8,20
1,3,5,8,10,11,16,18,20,23>1,3,5,16,18,21,23,8,20
1,3,5,8,10,11,16,18,20,23>5,6,10,11,18,19,23,8,20
1,3,5,8,10,11,16,18,20,23>1,2,3,4,6,10,8,20
2,6,7,10,12,15,19,22,23>11,15,12,23,7
2,6,7,10,12,15,19,22,23>6,15,16,19,22,12,23,7
2,6,7,10,12,15,19,22,23>19,8,15,12,23,7
2,6,7,10,12,15,19,22,23>6,8,11,16,19,22,12,23,7
3,4,6,7,8,9,10,11,12,14,16,21,22>9,14,21,23,4,7,8,10,11,12,16,22
3,4,6,7,8,9,10,11,12,14,16,21,22>3,9,13,14,21,4,7,8,10,11,12,16,22
3,4,6,7,8,9,10,11,12,14,16,21,22>6,9,21,4,7,8,10,11,12,16,22
3,4,6,7,8,9,10,11,12,14,16,21,22>3,6,9,14,4,7,8,10,11,12,16,22
