TCR,NFAT,IFN-\beta,IFN-\betaR,IL-18,IL-18R,IRAK,SOCS1,IL-12,IL-12R,STAT4,T-bet,IFN-\gamma,IFN-\gammaR,JAK1,STAT1,IL-4,IL-4R,STAT6,GATA3,IL-10,IL-10R,STAT3
1,2,3,8,10,12,13,14,16,17,19,20>1,10,12,17,20,8,2,13,14
1,2,3,8,10,12,13,14,16,17,19,20>19,1,3,10,8,2,13,14
1,2,3,8,10,12,13,14,16,17,19,20>1,4,10,12,17,8,2,13,14
1,2,3,8,10,12,13,14,16,17,19,20>1,4,10,12,19,8,2,13,14
3,4,7,8,9,12,14,15,16,17,18,20,22,23>3,7,19,15,8,16,4,23
3,4,7,8,9,12,14,15,16,17,18,20,22,23>3,7,10,19,20,21,8,16,4,23
3,4,7,8,9,12,14,15,16,17,18,20,22,23>3,9,10,12,14,15,18,21,22,8,16,4,23
3,4,7,8,9,12,14,15,16,17,18,20,22,23>7,9,14,19,20,8,16,4,23
3,4,7,9,11,14,15,17,19,20,21,22>18,16,4,15,17,20,21,22
3,4,7,9,11,14,15,17,19,20,21,22>3,14,4,15,17,20,21,22
3,4,7,9,11,14,15,17,19,20,21,22>3,9,11,18,23,4,15,17,20,21,22
3,4,7,9,11,14,15,17,19,20,21,22>7,9,14,16,19,23,4,15,17,20,21,22
2,4,6,10,11,16,20>7,8,10,11,16,20
2,4,6,10,11,16,20>4,7,10,11,13,16,20
2,4,6,10,11,16,20>13,21,6,7,16,20
2,4,6,10,11,16,20>2,6,8,11,21,16,20
1,3,4,5,6,8,9,10,11,13,16,17,19,21,22>1,2,9,10,12,14,17,19,21,4,8,11,13,16,22
1,3,4,5,6,8,9,10,11,13,16,17,19,21,22>1,2,5,9,10,14,19,21,23,4,8,11,13,16,22
1,3,4,5,6,8,9,10,11,13,16,17,19,21,22>1,3,5,7,14,19,21,23,4,8,11,13,16,22
1,3,4,5,6,8,9,10,11,13,16,17,19,21,22>2,3,10,14,17,19,20,21,23,4,8,11,13,16,22
1,2,6,8,12,14,17,18,19,23>6,7,14,23,8,2,19,12
1,2,6,8,12,14,17,18,19,23>1,7,18,23,8,2,19,12
1,2,6,8,12,14,17,18,19,23>1,7,17,8,2,19,12
1,2,6,8,12,14,17,18,19,23>6,7,18,8,2,19,12
1,2,3,7,10,13,15,17,20,21,22>1,4,7,15,16,18,23,2,13,17,20,21,22
1,2,3,7,10,13,15,17,20,21,22>1,23,7,10,2,13,17,20,21,22
1,2,3,7,10,13,15,17,20,21,22>3,7,10,14,16,18,23,2,13,17,20,21,22
1,2,3,7,10,13,15,17,20,21,22>3,7,10,15,2,13,17,20,21,22
1,3,7,9,11,12,21>3,8,9,21,22,12
1,3,7,9,11,12,21>1,8,11,13,22,12
1,3,7,9,11,12,21>3,4,8,9,10,13,12
1,3,7,9,11,12,21>3,4,10,13,21,22,12
1,2,5,11,12,13,15,17,19>1,11,14,16,17,18,2,12,13
1,2,5,11,12,13,15,17,19>8,11,15,16,19,2,12,13
1,2,5,11,12,13,15,17,19>1,5,8,11,15,17,19,2,12,13
1,2,5,11,12,13,15,17,19>1,5,8,11,15,16,2,12,13
1,2,3,4,9,11,12,13,16,19,23>1,8,13,23,16,2,4,12
1,2,3,4,9,11,12,13,16,19,23>1,8,11,23,16,2,4,12
1,2,3,4,9,11,12,13,16,19,23>1,3,11,13,14,19,16,2,4,12
1,2,3,4,9,11,12,13,16,19,23>1,8,9,11,14,19,16,2,4,12
1,2,3,7,8,10,11,13,14,15,16,18,19,20,21,22>23,15,2,8,13,14,16,19,20,21,22
1,2,3,7,8,10,11,13,14,15,16,18,19,20,21,22>18,1,7,23,2,8,13,14,16,19,20,21,22
1,2,3,7,8,10,11,13,14,15,16,18,19,20,21,22>1,3,10,23,2,8,13,14,16,19,20,21,22
1,2,3,7,8,10,11,13,14,15,16,18,19,20,21,22>4,10,15,2,8,13,14,16,19,20,21,22
2,3,4,7,8,12,13,15,16,17,18,20,21,22>18,20,4,8,13,16,21,22
2,3,4,7,8,12,13,15,16,17,18,20,21,22>2,14,15,19,4,8,13,16,21,22
2,3,4,7,8,12,13,15,16,17,18,20,21,22>18,2,23,17,4,8,13,16,21,22
2,3,4,7,8,12,13,15,16,17,18,20,21,22>2,20,12,14,4,8,13,16,21,22
1,2,3,4,7,9,10,11,14,15,17,19,21,22,23>3,10,16,17,19,2,4,11,15,22,23
1,2,3,4,7,9,10,11,14,15,17,19,21,22,23>1,3,9,16,17,18,19,21,2,4,11,15,22,23
1,2,3,4,7,9,10,11,14,15,17,19,21,22,23>1,3,9,17,18,19,20,21,2,4,11,15,22,23
1,2,3,4,7,9,10,11,14,15,17,19,21,22,23>20,7,14,2,4,11,15,22,23
3,5,6,7,8,9,11,12,14,19,22,23>4,6,11,19,22,8,12,23,7
3,5,6,7,8,9,11,12,14,19,22,23>3,6,11,8,12,23,7
3,5,6,7,8,9,11,12,14,19,22,23>19,4,9,11,8,12,23,7
3,5,6,7,8,9,11,12,14,19,22,23>3,5,9,19,22,8,12,23,7
2,3,6,10,12,13,14,15,16,17,19,21,22>2,7,8,11,17,19,21,12,13,14,15,16,22
2,3,6,10,12,13,14,15,16,17,19,21,22>2,7,8,10,11,21,23,12,13,14,15,16,22
2,3,6,10,12,13,14,15,16,17,19,21,22>2,3,17,19,21,23,12,13,14,15,16,22
2,3,6,10,12,13,14,15,16,17,19,21,22>2,3,6,10,11,18,21,23,12,13,14,15,16,22
2,3,5,6,7,15,16,18,19>3,5,8,13,18,16,19,7
2,3,5,6,7,15,16,18,19>2,3,5,15,18,16,19,7
2,3,5,6,7,15,16,18,19>4,5,12,13,20,16,19,7
2,3,5,6,7,15,16,18,19>2,3,5,6,13,15,16,19,7
1,2,3,7,8,10,13,15,16,17,19>3,11,14,15,17,20,8,16,2,13
1,2,3,7,8,10,13,15,16,17,19>3,4,7,10,11,14,19,8,16,2,13
1,2,3,7,8,10,13,15,16,17,19>3,4,10,11,12,14,17,8,16,2,13
1,2,3,7,8,10,13,15,16,17,19>1,3,4,14,15,17,8,16,2,13
2,4,7,15,16,17,18,20,21,22>19,2,8,16,18,20,21,22
2,4,7,15,16,17,18,20,21,22>23,4,8,16,18,20,21,22
2,4,7,15,16,17,18,20,21,22>2,7,17,19,23,16,18,20,21,22
2,4,7,15,16,17,18,20,21,22>4,7,13,15,17,23,16,18,20,21,22
1,2,4,5,6,8,9,10,11,12,14,20>1,16,7,21,8,2,10,6
1,2,4,5,6,8,9,10,11,12,14,20>4,12,13,14,16,17,20,8,2,10,6
1,2,4,5,6,8,9,10,11,12,14,20>4,7,9,11,12,14,17,21,8,2,10,6
1,2,4,5,6,8,9,10,11,12,14,20>1,4,5,9,12,16,17,8,2,10,6
1,3,4,7,8,9,14,15,19,20,21,23>15,17,22,8,21,4,20
1,3,4,7,8,9,14,15,19,20,21,23>2,7,8,9,23,21,4,20
1,3,4,7,8,9,14,15,19,20,21,23>1,2,7,8,19,23,21,4,20
1,3,4,7,8,9,14,15,19,20,21,23>3,9,21,4,20
1,4,5,6,8,9,13,17,19,20,21>13,2,16,7,17,20,21
1,4,5,6,8,9,13,17,19,20,21>1,2,5,7,8,9,13,19,22,17,20,21
1,4,5,6,8,9,13,17,19,20,21>2,4,5,8,9,17,20,21
1,4,5,6,8,9,13,17,19,20,21>1,2,4,16,19,17,20,21
1,5,7,8,11,12,14,15,16,20,21,22,23>2,11,12,14,15,20,8,16,21,22,23
1,5,7,8,11,12,14,15,16,20,21,22,23>5,6,11,12,15,8,16,21,22,23
1,5,7,8,11,12,14,15,16,20,21,22,23>2,5,6,12,15,20,8,16,21,22,23
1,5,7,8,11,12,14,15,16,20,21,22,23>1,2,5,6,14,20,8,16,21,22,23
2,3,4,5,7,13,16,19,20,21,22,23>19,3,13,4,16,20,21,22,23
2,3,4,5,7,13,16,19,20,21,22,23>19,5,7,13,4,16,20,21,22,23
2,3,4,5,7,13,16,19,20,21,22,23>19,2,5,13,4,16,20,21,22,23
2,3,4,5,7,13,16,19,20,21,22,23>2,3,5,7,8,14,4,16,20,21,22,23
3,10,12,13,14,16,18,19>18,10,16,19,12,13,14
3,10,12,13,14,16,18,19>3,4,10,19,12,13,14
3,10,12,13,14,16,18,19>18,8,10,11,19,12,13,14
3,10,12,13,14,16,18,19>3,4,8,16,18,19,12,13,14
5,6,7,12,13,18,20,21,22>8,17,18,6,7,13,21,22
5,6,7,12,13,18,20,21,22>20,5,8,19,6,7,13,21,22
5,6,7,12,13,18,20,21,22>5,12,14,19,23,6,7,13,21,22
5,6,7,12,13,18,20,21,22>8,12,17,6,7,13,21,22
4,7,8,9,11,12,13,15,16,17,18>4,19,15,8,16,12,13
4,7,8,9,11,12,13,15,16,17,18>9,10,11,14,19,8,16,12,13
4,7,8,9,11,12,13,15,16,17,18>4,9,11,14,19,8,16,12,13
4,7,8,9,11,12,13,15,16,17,18>7,9,11,14,15,8,16,12,13
2,3,4,5,8,12,16,17,19>3,13,19,8,16,4,12
2,3,4,5,8,12,16,17,19>5,17,19,8,16,4,12
2,3,4,5,8,12,16,17,19>5,13,19,8,16,4,12
2,3,4,5,8,12,16,17,19>2,3,5,13,17,8,16,4,12
3,6,7,9,10,11,12,17,19,20,21,22>8,12,18,20,23,17,21,22,7
3,6,7,9,10,11,12,17,19,20,21,22>3,4,11,13,18,20,17,21,22,7
3,6,7,9,10,11,12,17,19,20,21,22>18,6,8,9,17,21,22,7
3,6,7,9,10,11,12,17,19,20,21,22>6,11,12,13,19,23,17,21,22,7
5,6,8,9,10,12,16,17,18,19,21,22,23>17,6,10,11,8,12,19,22,23
5,6,8,9,10,12,16,17,18,19,21,22,23>5,6,10,17,21,8,12,19,22,23
5,6,8,9,10,12,16,17,18,19,21,22,23>17,6,7,11,8,12,19,22,23
5,6,8,9,10,12,16,17,18,19,21,22,23>6,7,10,16,17,8,12,19,22,23
4,6,9,13,15,21,23>21,9,14
4,6,9,13,15,21,23>4,6,10,14,16,21
4,6,9,13,15,21,23>7,9,10,14,16,22
4,6,9,13,15,21,23>4,6,7,13,14,21,23
4,6,8,9,10,14,15,17,18,19,20>15,8,14,17,19,20
4,6,8,9,10,14,15,17,18,19,20>4,8,9,10,15,17,19,20
4,6,8,9,10,14,15,17,18,19,20>6,8,10,18,21,17,19,20
4,6,8,9,10,14,15,17,18,19,20>6,8,9,15,16,17,19,20
1,2,3,4,6,9,10,11,13,14,15,16,17,18,19,21,22,23>3,7,9,12,21,2,4,11,14,15,16,18,19,22,23
1,2,3,4,6,9,10,11,13,14,15,16,17,18,19,21,22,23>6,7,8,12,13,21,2,4,11,14,15,16,18,19,22,23
1,2,3,4,6,9,10,11,13,14,15,16,17,18,19,21,22,23>1,6,7,8,9,13,2,4,11,14,15,16,18,19,22,23
1,2,3,4,6,9,10,11,13,14,15,16,17,18,19,21,22,23>3,6,7,8,9,20,21,2,4,11,14,15,16,18,19,22,23
2,7,9,10,13,14,15,17,21,22,23>18,21,11,10,14,15,22,23
2,7,9,10,13,14,15,17,21,22,23>2,7,13,17,21,10,14,15,22,23
2,7,9,10,13,14,15,17,21,22,23>9,11,10,14,15,22,23
2,7,9,10,13,14,15,17,21,22,23>2,7,9,13,16,10,14,15,22,23
2,8,10,18,19,20,22>13,17,18,21,22,19,20
2,8,10,18,19,20,22>2,8,13,17,22,23,19,20
2,8,10,18,19,20,22>2,10,18,21,23,19,20
2,8,10,18,19,20,22>2,8,10,21,19,20
2,3,6,7,14,17,19,22>2,3,6,13,14,15,17,18,20,23,7
2,3,6,7,14,17,19,22>4,14,17,19,23,7
2,3,6,7,14,17,19,22>3,4,13,14,15,17,18,20,22,7
2,3,6,7,14,17,19,22>3,4,6,14,15,17,18,19,7
1,3,4,8,10,11,12,13,18,22,23>18,19,10,13,4,8,11,12,23
1,3,4,8,10,11,12,13,18,22,23>18,13,14,16,4,8,11,12,23
1,3,4,8,10,11,12,13,18,22,23>3,10,16,18,19,22,4,8,11,12,23
1,3,4,8,10,11,12,13,18,22,23>3,13,16,19,22,4,8,11,12,23
1,5,6,7,12,13,14,15,17,18,19,20,22,23>20,6,7,14,15,17,18,19,23
1,5,6,7,12,13,14,15,17,18,19,20,22,23>16,20,21,12,7,14,15,17,18,19,23
1,5,6,7,12,13,14,15,17,18,19,20,22,23>2,5,12,13,20,21,22,7,14,15,17,18,19,23
1,5,6,7,12,13,14,15,17,18,19,20,22,23>16,22,6,13,7,14,15,17,18,19,23
1,2,3,4,7,8,9,10,12,14,18,21,23>23,11,14,2,4,8,10,12
1,2,3,4,7,8,9,10,12,14,18,21,23>3,9,16,18,22,2,4,8,10,12
1,2,3,4,7,8,9,10,12,14,18,21,23>7,11,14,16,18,2,4,8,10,12
1,2,3,4,7,8,9,10,12,14,18,21,23>7,11,16,21,23,2,4,8,10,12
1,2,3,4,6,8,9,11,14,19,21,22>1,8,11,14,21,23,2,4,22
1,2,3,4,6,8,9,11,14,19,21,22>3,7,9,11,16,20,21,23,2,4,22
1,2,3,4,6,8,9,11,14,19,21,22>6,8,9,14,19,20,21,23,2,4,22
1,2,3,4,6,8,9,11,14,19,21,22>1,6,7,8,11,13,20,23,2,4,22
1,2,7,8,9,10,16,17,18,19,20,21,23>1,9,16,17,2,8,19,20,21
1,2,7,8,9,10,16,17,18,19,20,21,23>1,7,10,18,23,2,8,19,20,21
1,2,7,8,9,10,16,17,18,19,20,21,23>1,9,16,18,22,23,2,8,19,20,21
1,2,7,8,9,10,16,17,18,19,20,21,23>1,7,9,10,17,22,23,2,8,19,20,21
1,2,3,4,6,7,8,9,11,15,16,17,20,23>3,11,15,2,4,7,8,16,20
1,2,3,4,6,7,8,9,11,15,16,17,20,23>1,3,9,10,17,2,4,7,8,16,20
1,2,3,4,6,7,8,9,11,15,16,17,20,23>3,10,11,2,4,7,8,16,20
1,2,3,4,6,7,8,9,11,15,16,17,20,23>3,6,10,15,17,21,2,4,7,8,16,20
2,3,4,6,7,8,9,10,11,13,15,16,17,18,19,21,23>10,12,14,15,17,18,20,4,7,8,11,16,19
2,3,4,6,7,8,9,10,11,13,15,16,17,18,19,21,23>3,17,12,22,4,7,8,11,16,19
2,3,4,6,7,8,9,10,11,13,15,16,17,18,19,21,23>2,3,9,10,14,15,22,4,7,8,11,16,19
2,3,4,6,7,8,9,10,11,13,15,16,17,18,19,21,23>2,3,6,10,13,14,15,17,20,21,23,4,7,8,11,16,19
2,3,6,7,8,10,11,12,13,14,15,19,20,21>15,3,17,6,7,8,13,14,21
2,3,6,7,8,10,11,12,13,14,15,19,20,21>2,3,12,16,17,20,7,8,13,14,21
2,3,6,7,8,10,11,12,13,14,15,19,20,21>4,10,12,16,17,19,22,7,8,13,14,21
2,3,6,7,8,10,11,12,13,14,15,19,20,21>2,3,4,10,11,16,19,20,7,8,13,14,21
1,2,3,6,10,12,14,17,18,20,21,23>1,6,8,10,14,15,20,22,23,17,2,18,21
1,2,3,6,10,12,14,17,18,20,21,23>3,10,14,20,22,23,17,2,18,21
1,2,3,6,10,12,14,17,18,20,21,23>3,4,7,8,10,12,14,19,20,23,17,2,18,21
1,2,3,6,10,12,14,17,18,20,21,23>3,6,8,10,14,17,2,18,21
2,5,6,9,10,11,12,13,17,20,23>14,18,20,21,23,17,10,6
2,5,6,9,10,11,12,13,17,20,23>9,11,12,14,18,21,17,10,6
2,5,6,9,10,11,12,13,17,20,23>2,7,8,9,11,13,14,20,17,10,6
2,5,6,9,10,11,12,13,17,20,23>2,5,7,11,12,13,23,17,10,6
1,4,5,6,7,9,17,22>2,13,16,17,18,23,6,7
1,4,5,6,7,9,17,22>1,2,10,13,16,18,23,6,7
1,4,5,6,7,9,17,22>16,1,4,6,7
1,4,5,6,7,9,17,22>1,2,4,10,17,18,6,7
1,2,3,5,8,9,11,12,15,18,19,21,23>5,15,21,22,23,8,2,19,12
1,2,3,5,8,9,11,12,15,18,19,21,23>1,3,9,11,15,18,22,23,8,2,19,12
1,2,3,5,8,9,11,12,15,18,19,21,23>1,3,5,16,18,21,22,8,2,19,12
1,2,3,5,8,9,11,12,15,18,19,21,23>1,3,4,15,18,21,8,2,19,12
4,7,10,13,19,23>23,13,16
4,7,10,13,19,23>4,23,20
4,7,10,13,19,23>4,7,11,16,20
4,7,10,13,19,23>19,20,23,11
1,3,4,5,7,10,16,18,19,21>12,7,8,22,16,19,4
1,3,4,5,7,10,16,18,19,21>2,5,7,10,11,12,13,18,22,16,19,4
1,3,4,5,7,10,16,18,19,21>1,2,8,10,12,20,22,16,19,4
1,3,4,5,7,10,16,18,19,21>1,2,3,5,8,18,20,16,19,4
1,2,5,7,13,15,20,21,23>23,7,13,2,20,21
1,2,5,7,13,15,20,21,23>17,15,2,20,21
1,2,5,7,13,15,20,21,23>1,5,6,7,14,17,22,2,20,21
1,2,5,7,13,15,20,21,23>1,5,6,13,17,23,2,20,21
3,5,6,7,10,11,14,15,16,17,18,19,23>14,20,8,7,11,15,16,18,19
3,5,6,7,10,11,14,15,16,17,18,19,23>6,10,12,14,17,20,7,11,15,16,18,19
3,5,6,7,10,11,14,15,16,17,18,19,23>3,4,23,8,7,11,15,16,18,19
3,5,6,7,10,11,14,15,16,17,18,19,23>3,5,8,10,12,14,7,11,15,16,18,19
1,4,7,8,9,10,11,13,14,18,19,20,21,22>7,10,11,16,17,13,14,19,20,21,22
1,4,7,8,9,10,11,13,14,18,19,20,21,22>1,8,9,11,16,13,14,19,20,21,22
1,4,7,8,9,10,11,13,14,18,19,20,21,22>2,7,11,18,23,13,14,19,20,21,22
1,4,7,8,9,10,11,13,14,18,19,20,21,22>1,2,9,10,11,18,23,13,14,19,20,21,22
1,3,4,7,9,10,16,17,18,19,21,22>1,7,10,11,12,20,4,16,18,19,22
1,3,4,7,9,10,16,17,18,19,21,22>2,3,7,9,11,13,17,23,4,16,18,19,22
1,3,4,7,9,10,16,17,18,19,21,22>2,3,9,10,12,13,21,23,4,16,18,19,22
1,3,4,7,9,10,16,17,18,19,21,22>1,2,3,9,13,20,4,16,18,19,22
1,3,5,6,10,14,15,16,21,22,23>2,4,5,7,8,14,21,6,15,16,22,23
1,3,5,6,10,14,15,16,21,22,23>1,2,5,7,10,11,14,21,6,15,16,22,23
1,3,5,6,10,14,15,16,21,22,23>3,4,7,8,6,15,16,22,23
1,3,5,6,10,14,15,16,21,22,23>1,2,3,4,7,10,6,15,16,22,23
1,4,12,14,15,16,21,22>23,8,13,16,12,22,15
1,4,12,14,15,16,21,22>1,8,21,16,12,22,15
1,4,12,14,15,16,21,22>23,1,16,12,22,15
1,4,12,14,15,16,21,22>4,13,16,12,22,15
1,2,3,4,8,9,10,11,12,14,15,17,20,21,22>1,12,15,20,23,2,4,8,10,17,21,22
1,2,3,4,8,9,10,11,12,14,15,17,20,21,22>15,20,9,13,2,4,8,10,17,21,22
1,2,3,4,8,9,10,11,12,14,15,17,20,21,22>23,16,9,12,2,4,8,10,17,21,22
1,2,3,4,8,9,10,11,12,14,15,17,20,21,22>1,16,2,4,8,10,17,21,22
1,2,3,6,10,11,12,13,14,15,17,18,19,21>17,22,7,8,2,11,12,13,14,15,18,19
1,2,3,6,10,11,12,13,14,15,17,18,19,21>16,4,6,8,2,11,12,13,14,15,18,19
1,2,3,6,10,11,12,13,14,15,17,18,19,21>17,21,4,8,2,11,12,13,14,15,18,19
1,2,3,6,10,11,12,13,14,15,17,18,19,21>1,3,4,7,16,17,21,22,2,11,12,13,14,15,18,19
3,5,6,8,9,11,13,17,20>7,8,9,10,14,17,20,13,6
3,5,6,8,9,11,13,17,20>3,8,9,10,11,21,17,20,13,6
3,5,6,8,9,11,13,17,20>3,5,9,14,17,20,13,6
3,5,6,8,9,11,13,17,20>3,21,5,7,17,20,13,6
6,9,10,11,12,13,14,15,17,18,19,22,23>6,9,22,16,11,12,14,15,18,19,23
6,9,10,11,12,13,14,15,17,18,19,22,23>6,7,10,16,17,11,12,14,15,18,19,23
6,9,10,11,12,13,14,15,17,18,19,22,23>8,9,10,13,11,12,14,15,18,19,23
6,9,10,11,12,13,14,15,17,18,19,22,23>17,7,8,11,12,14,15,18,19,23
2,3,5,6,8,10,13,14,16,17,19,20,21,22>2,5,7,17,23,8,13,14,20,21,22
2,3,5,6,8,10,13,14,16,17,19,20,21,22>2,4,6,7,17,8,13,14,20,21,22
2,3,5,6,8,10,13,14,16,17,19,20,21,22>3,4,10,17,19,23,8,13,14,20,21,22
2,3,5,6,8,10,13,14,16,17,19,20,21,22>2,4,5,6,16,17,8,13,14,20,21,22
1,4,7,9,13,14,15,16,18,19,22>1,8,20,12,13,14,15,16,19
1,4,7,9,13,14,15,16,18,19,22>2,7,8,12,23,13,14,15,16,19
1,4,7,9,13,14,15,16,18,19,22>1,2,7,9,12,22,23,13,14,15,16,19
1,4,7,9,13,14,15,16,18,19,22>1,4,7,9,12,13,14,15,16,19
3,5,6,7,9,10,19,22,23>22,6,23,7
3,5,6,7,9,10,19,22,23>19,9,10,11,23,7
3,5,6,7,9,10,19,22,23>19,22,5,10,23,7
3,5,6,7,9,10,19,22,23>3,4,5,6,10,11,19,23,7
1,2,5,7,11,12,15,16,17,18,19,23>23,5,11,15,2,12,16,18,19
1,2,5,7,11,12,15,16,17,18,19,23>1,5,17,2,12,16,18,19
1,2,5,7,11,12,15,16,17,18,19,23>7,8,17,2,12,16,18,19
1,2,5,7,11,12,15,16,17,18,19,23>7,11,15,17,23,2,12,16,18,19
2,9,10,11,13,15,16,18>19,2,12,16,10,11,13
2,9,10,11,13,15,16,18>2,8,12,18,16,10,11,13
2,9,10,11,13,15,16,18>19,2,8,18,16,10,11,13
2,9,10,11,13,15,16,18>9,16,10,11,13
1,7,8,9,11,12,14,15,16,17,20,22,23>15,17,20,9,8,16,23
1,7,8,9,11,12,14,15,16,17,20,22,23>1,2,12,14,20,21,22,8,16,23
1,7,8,9,11,12,14,15,16,17,20,22,23>7,15,17,20,21,8,16,23
1,7,8,9,11,12,14,15,16,17,20,22,23>1,7,12,14,21,8,16,23
2,3,4,5,6,7,8,9,10,12,16,18,22,23>22,3,9,19,4,6,7,8,10,12,16,23
2,3,4,5,6,7,8,9,10,12,16,18,22,23>22,5,11,19,4,6,7,8,10,12,16,23
2,3,4,5,6,7,8,9,10,12,16,18,22,23>5,9,11,18,19,4,6,7,8,10,12,16,23
2,3,4,5,6,7,8,9,10,12,16,18,22,23>22,3,11,4,6,7,8,10,12,16,23
2,5,6,7,10,11,12,14,16,17,19,20,22>6,10,18,21,22,7
2,5,6,7,10,11,12,14,16,17,19,20,22>2,6,8,12,16,17,19,7
2,5,6,7,10,11,12,14,16,17,19,20,22>2,5,6,8,10,11,14,15,16,18,20,22,7
2,5,6,7,10,11,12,14,16,17,19,20,22>2,5,6,8,17,18,20,22,23,7
2,4,10,11,15,17,18,19,22,23>22,15,16,17,19,18,11,23
2,4,10,11,15,17,18,19,22,23>22,10,15,17,19,18,11,23
2,4,10,11,15,17,18,19,22,23>4,10,15,17,19,18,11,23
2,4,10,11,15,17,18,19,22,23>2,4,10,16,17,20,19,18,11,23
2,4,7,8,9,10,11,14,16,18,23>2,4,12,18,8,16,10,11
2,4,7,8,9,10,11,14,16,18,23>2,4,12,19,23,8,16,10,11
2,4,7,8,9,10,11,14,16,18,23>19,2,7,8,16,10,11
2,4,7,8,9,10,11,14,16,18,23>4,7,14,18,19,23,8,16,10,11
2,4,6,8,9,11,12,13,14,15,16,17,22>17,22,7,11,8,12,13,14,16
2,4,6,8,9,11,12,13,14,15,16,17,22>17,4,22,9,8,12,13,14,16
2,4,6,8,9,11,12,13,14,15,16,17,22>2,4,23,7,8,12,13,14,16
2,4,6,8,9,11,12,13,14,15,16,17,22>2,4,6,9,10,11,15,17,8,12,13,14,16
1,3,4,5,7,11,12,15,18,22,23>1,6,7,15,16,18,22,4,12,23
1,3,4,5,7,11,12,15,18,22,23>3,8,11,15,19,4,12,23
1,3,4,5,7,11,12,15,18,22,23>11,3,7,8,4,12,23
1,3,4,5,7,11,12,15,18,22,23>2,3,8,15,16,22,4,12,23
2,3,6,7,8,9,11,12,14,15,18,19,20,21>2,16,6,9,8,19,21,7
2,3,6,7,8,9,11,12,14,15,18,19,20,21>2,6,13,14,15,20,8,19,21,7
2,3,6,7,8,9,11,12,14,15,18,19,20,21>3,4,17,20,8,19,21,7
2,3,6,7,8,9,11,12,14,15,18,19,20,21>2,3,4,6,11,12,14,18,22,8,19,21,7
2,4,7,11,16,22,23>2,8,22,16,23
2,4,7,11,16,22,23>2,11,12,22,16,23
2,4,7,11,16,22,23>2,4,8,16,23
2,4,7,11,16,22,23>7,11,16,23
1,4,6,9,11,13,14,15,17,21,22,23>1,6,7,10,13,16,18,22,23,14,15
1,4,6,9,11,13,14,15,17,21,22,23>11,1,16,7,22,23,14,15
1,4,6,9,11,13,14,15,17,21,22,23>1,2,6,7,10,11,17,18,22,23,14,15
1,4,6,9,11,13,14,15,17,21,22,23>2,4,6,7,10,11,18,21,22,23,14,15
1,2,5,9,10,13,15,16,17,23>12,13,14,17,18,16,2,10
1,2,5,9,10,13,15,16,17,23>6,9,13,15,18,23,16,2,10
1,2,5,9,10,13,15,16,17,23>1,5,8,9,13,18,16,2,10
1,2,5,9,10,13,15,16,17,23>6,8,9,11,12,14,16,2,10
1,2,4,6,7,8,10,11,12,14,15,16,17,18,19,21,22>23,15,2,7,8,11,12,16,19,22
1,2,4,6,7,8,10,11,12,14,15,16,17,18,19,21,22>1,10,14,17,18,2,7,8,11,12,16,19,22
1,2,4,6,7,8,10,11,12,14,15,16,17,18,19,21,22>4,10,14,21,23,2,7,8,11,12,16,19,22
1,2,4,6,7,8,10,11,12,14,15,16,17,18,19,21,22>4,13,14,17,18,23,2,7,8,11,12,16,19,22
2,3,5,6,7,12,14,18,21,22,23>5,8,6,7,12,22,23
2,3,5,6,7,12,14,18,21,22,23>2,8,14,15,18,21,6,7,12,22,23
2,3,5,6,7,12,14,18,21,22,23>3,5,14,15,18,6,7,12,22,23
2,3,5,6,7,12,14,18,21,22,23>2,4,8,14,15,6,7,12,22,23
2,4,5,8,10,11,12,13,14,16,22,23>6,13,8,11,12,14,16,23
2,4,5,8,10,11,12,13,14,16,22,23>5,6,10,8,11,12,14,16,23
2,4,5,8,10,11,12,13,14,16,22,23>2,4,5,10,22,8,11,12,14,16,23
2,4,5,8,10,11,12,13,14,16,22,23>2,4,5,6,22,8,11,12,14,16,23
2,3,4,7,8,10,11,12,15,17,18,19,20,21,23>2,11,12,16,20,22,4,8,17,19,21
2,3,4,7,8,10,11,12,15,17,18,19,20,21,23>3,12,15,18,22,4,8,17,19,21
2,3,4,7,8,10,11,12,15,17,18,19,20,21,23>3,7,10,12,16,20,23,4,8,17,19,21
2,3,4,7,8,10,11,12,15,17,18,19,20,21,23>2,3,7,10,15,16,18,22,4,8,17,19,21
2,3,4,5,9,10,13,15,19,22>2,3,5,9,10,14,15,20,23,4,13
2,3,4,5,9,10,13,15,19,22>2,11,15,16,19,20,22,4,13
2,3,4,5,9,10,13,15,19,22>3,14,15,16,19,20,4,13
2,3,4,5,9,10,13,15,19,22>2,3,5,9,15,16,22,23,4,13
