TCR,NFAT,IFN-\beta,IFN-\betaR,IL-18,IL-18R,IRAK,SOCS1,IL-12,IL-12R,STAT4,T-bet,IFN-\gamma,IFN-\gammaR,JAK1,STAT1,IL-4,IL-4R,STAT6,GATA3,IL-10,IL-10R,STAT3
2,4,5,7,8,10,12,13,16,17,20,21>17,20,22,10,8,16,21,13
2,4,5,7,8,10,12,13,16,17,20,21>2,4,5,10,12,22,8,16,21,13
2,4,5,7,8,10,12,13,16,17,20,21>4,6,12,14,20,8,16,21,13
2,4,5,7,8,10,12,13,16,17,20,21>5,6,12,14,22,8,16,21,13
2,4,5,7,8,10,12,13,16,17,20,21>2,7,12,17,20,22,8,16,21,13
2,4,5,7,8,10,12,13,16,17,20,21>2,4,7,10,20,22,8,16,21,13
1,2,3,5,13,14,15,16,17,18,20,21,22>19,1,4,8,2,13,14,15,16,18,20,21,22
1,2,3,5,13,14,15,16,17,18,20,21,22>1,4,5,17,19,2,13,14,15,16,18,20,21,22
1,2,3,5,13,14,15,16,17,18,20,21,22>1,6,8,17,23,2,13,14,15,16,18,20,21,22
1,2,3,5,13,14,15,16,17,18,20,21,22>4,6,8,17,2,13,14,15,16,18,20,21,22
1,2,3,5,13,14,15,16,17,18,20,21,22>1,3,4,6,8,2,13,14,15,16,18,20,21,22
1,2,3,5,13,14,15,16,17,18,20,21,22>1,3,5,6,17,2,13,14,15,16,18,20,21,22
2,5,7,12,17,18,19,20,22>22,23,13,20,17,18,19
2,5,7,12,17,18,19,20,22>21,2,5,20,17,18,19
2,5,7,12,17,18,19,20,22>2,12,13,20,21,17,18,19
2,5,7,12,17,18,19,20,22>7,8,12,20,22,23,17,18,19
2,5,7,12,17,18,19,20,22>5,7,8,12,13,22,17,18,19
2,5,7,12,17,18,19,20,22>2,5,7,8,12,21,23,17,18,19
1,2,8,10,12,13,15,16,17,18,20>19,10,8,16,2,13
1,2,8,10,12,13,15,16,17,18,20>19,20,12,18,8,16,2,13
1,2,8,10,12,13,15,16,17,18,20>10,12,14,17,18,20,21,8,16,2,13
1,2,8,10,12,13,15,16,17,18,20>1,15,20,18,8,16,2,13
1,2,8,10,12,13,15,16,17,18,20>1,12,15,17,8,16,2,13
1,2,8,10,12,13,15,16,17,18,20>1,14,15,17,18,19,8,16,2,13
1,2,3,5,6,7,8,9,11,12,14,15,16,19,23>1,3,9,14,19,23,2,7,8,12,16
1,2,3,5,6,7,8,9,11,12,14,15,16,19,23>1,5,6,9,11,15,23,2,7,8,12,16
1,2,3,5,6,7,8,9,11,12,14,15,16,19,23>1,4,5,9,14,19,2,7,8,12,16
1,2,3,5,6,7,8,9,11,12,14,15,16,19,23>14,19,4,6,2,7,8,12,16
1,2,3,5,6,7,8,9,11,12,14,15,16,19,23>1,5,6,9,11,14,19,23,2,7,8,12,16
1,2,3,5,6,7,8,9,11,12,14,15,16,19,23>3,5,6,9,14,23,2,7,8,12,16
3,6,7,8,9,10,12,13,15,16,19,21,22,23>3,4,6,11,14,21,7,8,12,16,22,23
3,6,7,8,9,10,12,13,15,16,19,21,22,23>4,9,11,14,19,7,8,12,16,22,23
3,6,7,8,9,10,12,13,15,16,19,21,22,23>3,4,6,9,13,15,21,7,8,12,16,22,23
3,6,7,8,9,10,12,13,15,16,19,21,22,23>9,10,11,14,15,19,7,8,12,16,22,23
3,6,7,8,9,10,12,13,15,16,19,21,22,23>3,6,9,10,11,13,19,21,7,8,12,16,22,23
3,6,7,8,9,10,12,13,15,16,19,21,22,23>3,4,6,9,10,11,19,7,8,12,16,22,23
1,2,3,4,5,7,9,10,13,16,17,19,21,23>3,5,9,11,12,13,14,17,22,23,16,2,4
1,2,3,4,5,7,9,10,13,16,17,19,21,23>3,5,13,19,22,23,16,2,4
1,2,3,4,5,7,9,10,13,16,17,19,21,23>1,3,5,14,17,18,21,22,16,2,4
1,2,3,4,5,7,9,10,13,16,17,19,21,23>3,8,9,18,21,22,23,16,2,4
1,2,3,4,5,7,9,10,13,16,17,19,21,23>5,8,11,12,14,17,18,21,22,16,2,4
1,2,3,4,5,7,9,10,13,16,17,19,21,23>1,3,5,7,8,9,11,12,13,17,18,20,21,16,2,4
4,7,10,11,12,13,14,16,21,23>7,8,21,16,11,12,14
4,7,10,11,12,13,14,16,21,23>4,10,15,21,16,11,12,14
4,7,10,11,12,13,14,16,21,23>22,4,10,21,16,11,12,14
4,7,10,11,12,13,14,16,21,23>7,10,15,21,23,16,11,12,14
4,7,10,11,12,13,14,16,21,23>4,8,13,15,16,11,12,14
4,7,10,11,12,13,14,16,21,23>4,7,8,10,13,22,23,16,11,12,14
1,5,8,9,10,14,16,17,18,19,20,21,23>1,5,14,16,22,23,8,19,20,21
1,5,8,9,10,14,16,17,18,19,20,21,23>2,5,14,16,18,22,23,8,19,20,21
1,5,8,9,10,14,16,17,18,19,20,21,23>9,16,18,22,23,8,19,20,21
1,5,8,9,10,14,16,17,18,19,20,21,23>1,2,10,18,22,23,8,19,20,21
1,5,8,9,10,14,16,17,18,19,20,21,23>2,5,10,14,16,18,23,8,19,20,21
1,5,8,9,10,14,16,17,18,19,20,21,23>1,2,5,9,10,16,17,18,23,8,19,20,21
3,4,6,7,11,12,13,16,19,20,21,22>3,6,8,14,19,20,4,7,13,16,21,22
3,4,6,7,11,12,13,16,19,20,21,22>3,11,14,19,4,7,13,16,21,22
3,4,6,7,11,12,13,16,19,20,21,22>6,11,14,19,20,23,4,7,13,16,21,22
3,4,6,7,11,12,13,16,19,20,21,22>6,12,14,19,20,23,4,7,13,16,21,22
3,4,6,7,11,12,13,16,19,20,21,22>3,6,8,12,19,20,4,7,13,16,21,22
3,4,6,7,11,12,13,16,19,20,21,22>20,8,11,12,4,7,13,16,21,22
4,8,9,11,18,19,21,22>20,21,23,16,19,22
4,8,9,11,18,19,21,22>4,9,11,19,22
4,8,9,11,18,19,21,22>4,13,16,19,22
4,8,9,11,18,19,21,22>20,4,8,13,19,22
4,8,9,11,18,19,21,22>8,9,13,18,20,21,23,19,22
4,8,9,11,18,19,21,22>8,9,11,13,18,20,23,19,22
3,4,8,9,10,12,16,17,20,21,22,23>9,12,4,8,10,16,21,22,23
3,4,8,9,10,12,16,17,20,21,22,23>3,9,17,4,8,10,16,21,22,23
3,4,8,9,10,12,16,17,20,21,22,23>12,17,4,8,10,16,21,22,23
3,4,8,9,10,12,16,17,20,21,22,23>3,9,20,4,8,10,16,21,22,23
3,4,8,9,10,12,16,17,20,21,22,23>3,12,20,4,8,10,16,21,22,23
3,4,8,9,10,12,16,17,20,21,22,23>9,17,20,4,8,10,16,21,22,23
1,3,5,6,7,10,13,17,18,20,22>21,23,14,6,7,13,17,18,20
1,3,5,6,7,10,13,17,18,20,22>2,10,19,22,23,6,7,13,17,18,20
1,3,5,6,7,10,13,17,18,20,22>1,2,5,10,6,7,13,17,18,20
1,3,5,6,7,10,13,17,18,20,22>1,4,5,10,21,22,6,7,13,17,18,20
1,3,5,6,7,10,13,17,18,20,22>1,4,5,10,14,19,22,6,7,13,17,18,20
1,3,5,6,7,10,13,17,18,20,22>2,4,5,10,14,19,22,6,7,13,17,18,20
1,3,5,6,7,8,9,10,11,16,18,19,21,22,23>1,2,3,6,12,18,21,7,8,11,19,22,23
1,3,5,6,7,8,9,10,11,16,18,19,21,22,23>2,3,4,9,12,20,21,7,8,11,19,22,23
1,3,5,6,7,8,9,10,11,16,18,19,21,22,23>1,2,5,6,9,10,12,16,18,20,21,7,8,11,19,22,23
1,3,5,6,7,8,9,10,11,16,18,19,21,22,23>4,5,10,12,16,21,7,8,11,19,22,23
1,3,5,6,7,8,9,10,11,16,18,19,21,22,23>1,4,5,9,10,16,20,21,7,8,11,19,22,23
1,3,5,6,7,8,9,10,11,16,18,19,21,22,23>1,2,4,5,6,20,7,8,11,19,22,23
1,6,7,8,11,12,13,14,16,17,22>6,17,22,7,8,12,13,14
1,6,7,8,11,12,13,14,16,17,22>2,6,17,7,8,12,13,14
1,6,7,8,11,12,13,14,16,17,22>23,2,11,22,7,8,12,13,14
1,6,7,8,11,12,13,14,16,17,22>23,1,16,22,7,8,12,13,14
1,6,7,8,11,12,13,14,16,17,22>23,2,16,22,7,8,12,13,14
1,6,7,8,11,12,13,14,16,17,22>2,11,16,22,7,8,12,13,14
1,2,3,4,9,10,12,13,16,19,21>22,11,14,2,4,12,13,16
1,2,3,4,9,10,12,13,16,19,21>1,8,19,21,22,2,4,12,13,16
1,2,3,4,9,10,12,13,16,19,21>3,8,11,14,21,2,4,12,13,16
1,2,3,4,9,10,12,13,16,19,21>19,3,8,11,2,4,12,13,16
1,2,3,4,9,10,12,13,16,19,21>1,3,10,14,21,22,2,4,12,13,16
1,2,3,4,9,10,12,13,16,19,21>1,3,8,10,19,2,4,12,13,16
2,3,5,9,11,12,14,17,19,22,23>2,9,11,14,17,19,22,12,23
2,3,5,9,11,12,14,17,19,22,23>2,3,4,9,11,15,22,12,23
2,3,5,9,11,12,14,17,19,22,23>2,3,5,9,14,15,17,18,19,22,12,23
2,3,5,9,11,12,14,17,19,22,23>3,4,5,9,11,14,17,18,19,12,23
2,3,5,9,11,12,14,17,19,22,23>14,18,8,12,23
2,3,5,9,11,12,14,17,19,22,23>2,3,22,8,12,23
2,3,6,7,9,12,13,15,16,17,20,21>2,3,10,12,15,20,22,16,21,13,7
2,3,6,7,9,12,13,15,16,17,20,21>3,6,9,10,20,16,21,13,7
2,3,6,7,9,12,13,15,16,17,20,21>3,8,9,10,15,18,20,16,21,13,7
2,3,6,7,9,12,13,15,16,17,20,21>2,4,8,9,10,14,15,18,16,21,13,7
2,3,6,7,9,12,13,15,16,17,20,21>2,3,6,8,9,12,17,16,21,13,7
2,3,6,7,9,12,13,15,16,17,20,21>2,3,4,6,8,12,14,15,17,20,22,16,21,13,7
1,2,3,4,5,6,7,8,10,13,14,15,16,17,18,19,21,23>11,15,17,18,21,2,4,7,8,14,16,19
1,2,3,4,5,6,7,8,10,13,14,15,16,17,18,19,21,23>3,12,13,15,21,22,23,2,4,7,8,14,16,19
1,2,3,4,5,6,7,8,10,13,14,15,16,17,18,19,21,23>3,5,17,20,23,2,4,7,8,14,16,19
1,2,3,4,5,6,7,8,10,13,14,15,16,17,18,19,21,23>1,3,5,11,15,17,18,20,22,2,4,7,8,14,16,19
1,2,3,4,5,6,7,8,10,13,14,15,16,17,18,19,21,23>1,5,6,13,15,18,20,22,2,4,7,8,14,16,19
1,2,3,4,5,6,7,8,10,13,14,15,16,17,18,19,21,23>17,18,20,10,2,4,7,8,14,16,19
2,3,4,5,6,9,11,13,14,15,16,17,18,20,21,23>2,10,11,17,19,4,6,14,15,16,18,20,21
2,3,4,5,6,9,11,13,14,15,16,17,18,20,21,23>2,3,9,11,13,17,22,23,4,6,14,15,16,18,20,21
2,3,4,5,6,9,11,13,14,15,16,17,18,20,21,23>3,5,10,11,13,17,22,23,4,6,14,15,16,18,20,21
2,3,4,5,6,9,11,13,14,15,16,17,18,20,21,23>2,3,5,8,22,23,4,6,14,15,16,18,20,21
2,3,4,5,6,9,11,13,14,15,16,17,18,20,21,23>3,7,8,9,17,19,23,4,6,14,15,16,18,20,21
2,3,4,5,6,9,11,13,14,15,16,17,18,20,21,23>5,7,8,10,19,23,4,6,14,15,16,18,20,21
2,10,11,13,16,18,22,23>18,2,8,22,11,23
2,10,11,13,16,18,22,23>8,12,14,18,22,11,23
2,10,11,13,16,18,22,23>19,13,16,11,23
2,10,11,13,16,18,22,23>22,12,13,14,11,23
2,10,11,13,16,18,22,23>8,22,12,13,11,23
2,10,11,13,16,18,22,23>2,8,10,12,13,11,23
1,5,6,8,12,13,14,15,16,19,20,22>1,2,5,6,12,15,23,8,16,13,14
1,5,6,8,12,13,14,15,16,19,20,22>5,7,12,15,20,22,23,8,16,13,14
1,5,6,8,12,13,14,15,16,19,20,22>1,5,7,15,20,22,8,16,13,14
1,5,6,8,12,13,14,15,16,19,20,22>6,7,12,20,21,8,16,13,14
1,5,6,8,12,13,14,15,16,19,20,22>1,5,6,7,12,19,20,22,8,16,13,14
1,5,6,8,12,13,14,15,16,19,20,22>2,5,6,7,21,23,8,16,13,14
3,5,6,7,8,10,12,13,14,17,18,19,20>3,5,12,7,8,13,14,17,19
3,5,6,7,8,10,12,13,14,17,18,19,20>3,4,5,18,7,8,13,14,17,19
3,5,6,7,8,10,12,13,14,17,18,19,20>3,4,6,12,21,7,8,13,14,17,19
3,5,6,7,8,10,12,13,14,17,18,19,20>3,4,10,18,21,7,8,13,14,17,19
3,5,6,7,8,10,12,13,14,17,18,19,20>20,3,4,10,7,8,13,14,17,19
3,5,6,7,8,10,12,13,14,17,18,19,20>3,5,6,10,20,21,7,8,13,14,17,19
1,4,10,11,12,14,15,16,19,20,21,22>13,1,19,20,16,21,22,15
1,4,10,11,12,14,15,16,19,20,21,22>19,4,16,21,22,15
1,4,10,11,12,14,15,16,19,20,21,22>1,2,8,14,20,23,16,21,22,15
1,4,10,11,12,14,15,16,19,20,21,22>1,2,4,8,11,12,20,16,21,22,15
1,4,10,11,12,14,15,16,19,20,21,22>2,10,14,19,23,16,21,22,15
1,4,10,11,12,14,15,16,19,20,21,22>4,10,11,12,20,23,16,21,22,15
2,3,7,8,12,14,15,16,17,19,21,22,23>2,4,17,19,21,8,12,16,22,23
2,3,7,8,12,14,15,16,17,19,21,22,23>2,7,15,21,8,12,16,22,23
2,3,7,8,12,14,15,16,17,19,21,22,23>3,7,15,17,21,8,12,16,22,23
2,3,7,8,12,14,15,16,17,19,21,22,23>7,14,15,17,19,21,8,12,16,22,23
2,3,7,8,12,14,15,16,17,19,21,22,23>19,3,7,14,8,12,16,22,23
2,3,7,8,12,14,15,16,17,19,21,22,23>2,4,7,14,15,17,8,12,16,22,23
2,3,5,13,17,18,22,23>2,3,5,19,18,23
2,3,5,13,17,18,22,23>22,4,5,13,18,23
2,3,5,13,17,18,22,23>2,3,5,14,17,22,18,23
2,3,5,13,17,18,22,23>2,4,6,13,19,22,18,23
2,3,5,13,17,18,22,23>2,3,4,6,13,22,18,23
2,3,5,13,17,18,22,23>2,4,5,6,17,19,18,23
2,3,6,8,10,13,15,21,23>3,11,14,15,16,23
2,3,6,8,10,13,15,21,23>3,4,10,13,14,22,23
2,3,6,8,10,13,15,21,23>2,3,4,8,11,15,16,21,23
2,3,6,8,10,13,15,21,23>2,3,7,11,13,15,16
2,3,6,8,10,13,15,21,23>3,4,7,10,11,13,14,15,16,21,22
2,3,6,8,10,13,15,21,23>2,3,4,7,10,11,15,16,21,22,23
3,4,5,11,12,15,18,20,21,23>5,16,17,20,22,23,4,21
3,4,5,11,12,15,18,20,21,23>5,8,15,16,17,19,23,4,21
3,4,5,11,12,15,18,20,21,23>3,6,11,12,17,19,22,4,21
3,4,5,11,12,15,18,20,21,23>3,8,11,18,19,22,23,4,21
3,4,5,11,12,15,18,20,21,23>5,8,11,15,16,17,19,20,4,21
3,4,5,11,12,15,18,20,21,23>3,6,8,11,12,15,17,20,22,4,21
3,4,5,8,10,12,13,14,16,19,21,22,23>3,5,10,19,21,4,8,12,14,16,22,23
3,4,5,8,10,12,13,14,16,19,21,22,23>5,11,19,4,8,12,14,16,22,23
3,4,5,8,10,12,13,14,16,19,21,22,23>5,10,11,21,4,8,12,14,16,22,23
3,4,5,8,10,12,13,14,16,19,21,22,23>13,19,4,8,12,14,16,22,23
3,4,5,8,10,12,13,14,16,19,21,22,23>3,10,13,4,8,12,14,16,22,23
3,4,5,8,10,12,13,14,16,19,21,22,23>3,5,11,13,4,8,12,14,16,22,23
1,3,4,5,6,7,8,9,10,11,13,15,16,17,21,22>15,1,3,4,6,7,8,10,11,13,16,22
1,3,4,5,6,7,8,9,10,11,13,15,16,17,21,22>2,5,14,15,17,21,4,6,7,8,10,11,13,16,22
1,3,4,5,6,7,8,9,10,11,13,15,16,17,21,22>1,2,5,4,6,7,8,10,11,13,16,22
1,3,4,5,6,7,8,9,10,11,13,15,16,17,21,22>23,9,14,4,6,7,8,10,11,13,16,22
1,3,4,5,6,7,8,9,10,11,13,15,16,17,21,22>1,9,14,15,21,4,6,7,8,10,11,13,16,22
1,3,4,5,6,7,8,9,10,11,13,15,16,17,21,22>3,5,9,12,4,6,7,8,10,11,13,16,22
1,2,4,6,8,9,10,11,13,14,15,18,19,21,22>4,6,9,15,16,18,21,23,2,11,13,14,19,22
1,2,4,6,8,9,10,11,13,14,15,18,19,21,22>7,10,15,18,20,21,2,11,13,14,19,22
1,2,4,6,8,9,10,11,13,14,15,18,19,21,22>4,7,9,21,23,2,11,13,14,19,22
1,2,4,6,8,9,10,11,13,14,15,18,19,21,22>6,7,10,15,16,18,2,11,13,14,19,22
1,2,4,6,8,9,10,11,13,14,15,18,19,21,22>6,7,9,15,20,21,2,11,13,14,19,22
1,2,4,6,8,9,10,11,13,14,15,18,19,21,22>6,8,9,10,18,20,23,2,11,13,14,19,22
1,6,7,13,14,15,17,18,19,20,22,23>1,21,22,7,14,15,17,18,19,20,23
1,6,7,13,14,15,17,18,19,20,22,23>2,16,21,22,7,14,15,17,18,19,20,23
1,6,7,13,14,15,17,18,19,20,22,23>1,2,16,22,7,14,15,17,18,19,20,23
1,6,7,13,14,15,17,18,19,20,22,23>1,13,16,21,7,14,15,17,18,19,20,23
1,6,7,13,14,15,17,18,19,20,22,23>2,13,16,22,7,14,15,17,18,19,20,23
1,6,7,13,14,15,17,18,19,20,22,23>2,6,13,16,21,7,14,15,17,18,19,20,23
1,2,3,4,5,6,9,11,17,19,20,21,22>13,18,5,2,4,17,20,21,22
1,2,3,4,5,6,9,11,17,19,20,21,22>1,6,9,16,18,23,2,4,17,20,21,22
1,2,3,4,5,6,9,11,17,19,20,21,22>1,3,5,6,16,19,2,4,17,20,21,22
1,2,3,4,5,6,9,11,17,19,20,21,22>1,5,7,16,18,23,2,4,17,20,21,22
1,2,3,4,5,6,9,11,17,19,20,21,22>19,6,7,9,2,4,17,20,21,22
1,2,3,4,5,6,9,11,17,19,20,21,22>1,3,6,7,13,16,23,2,4,17,20,21,22
2,4,5,6,10,13,15,17,22,23>4,17,18,22,6,23
2,4,5,6,10,13,15,17,22,23>7,11,15,17,18,6,23
2,4,5,6,10,13,15,17,22,23>5,7,11,13,15,16,18,22,6,23
2,4,5,6,10,13,15,17,22,23>4,5,7,6,23
2,4,5,6,10,13,15,17,22,23>4,5,10,11,14,15,16,17,22,6,23
2,4,5,6,10,13,15,17,22,23>2,4,5,10,13,18,22,6,23
2,3,4,8,11,14,16,17,20>2,11,17,21,8,16,4,20
2,3,4,8,11,14,16,17,20>2,3,11,8,16,4,20
2,3,4,8,11,14,16,17,20>2,11,13,21,8,16,4,20
2,3,4,8,11,14,16,17,20>3,11,13,17,21,8,16,4,20
2,3,4,8,11,14,16,17,20>3,14,21,8,16,4,20
2,3,4,8,11,14,16,17,20>2,13,14,8,16,4,20
1,4,5,6,9,12,13,15,17,18,19,21,22,23>1,5,7,8,14,15,16,17,21,12,18,19,22,23
1,4,5,6,9,12,13,15,17,18,19,21,22,23>1,2,4,5,7,15,16,17,21,12,18,19,22,23
1,4,5,6,9,12,13,15,17,18,19,21,22,23>6,7,8,9,13,15,16,21,12,18,19,22,23
1,4,5,6,9,12,13,15,17,18,19,21,22,23>1,2,4,6,8,9,21,12,18,19,22,23
1,4,5,6,9,12,13,15,17,18,19,21,22,23>5,6,9,15,16,17,12,18,19,22,23
1,4,5,6,9,12,13,15,17,18,19,21,22,23>1,2,4,5,6,7,8,9,16,12,18,19,22,23
1,6,8,13,16,18,19,21,22,23>1,6,14,16,20,21,8,19,22,23
1,6,8,13,16,18,19,21,22,23>1,2,7,13,20,21,8,19,22,23
1,6,8,13,16,18,19,21,22,23>1,6,7,14,18,21,8,19,22,23
1,6,8,13,16,18,19,21,22,23>1,6,12,18,21,8,19,22,23
1,6,8,13,16,18,19,21,22,23>1,7,12,13,20,21,8,19,22,23
1,6,8,13,16,18,19,21,22,23>1,2,7,12,16,18,8,19,22,23
1,3,4,8,9,10,11,12,16,18,19,20,23>1,11,18,21,23,8,16,19,4
1,3,4,8,9,10,11,12,16,18,19,20,23>2,3,11,12,20,21,8,16,19,4
1,3,4,8,9,10,11,12,16,18,19,20,23>1,9,20,21,23,8,16,19,4
1,3,4,8,9,10,11,12,16,18,19,20,23>1,2,9,18,20,8,16,19,4
1,3,4,8,9,10,11,12,16,18,19,20,23>1,3,9,12,20,8,16,19,4
1,3,4,8,9,10,11,12,16,18,19,20,23>1,3,9,10,11,12,21,23,8,16,19,4
1,3,5,9,10,13,14,15,17,22>1,3,13,16,18,23,10,14,15
1,3,5,9,10,13,14,15,17,22>2,4,9,13,17,18,22,10,14,15
1,3,5,9,10,13,14,15,17,22>1,3,4,6,16,17,23,10,14,15
1,3,5,9,10,13,14,15,17,22>1,5,9,13,18,22,23,10,14,15
1,3,5,9,10,13,14,15,17,22>1,2,5,6,9,13,16,18,22,10,14,15
1,3,5,9,10,13,14,15,17,22>4,5,9,16,17,18,22,10,14,15
5,6,11,17,21>22,5,18,21,6
5,6,11,17,21>5,13,21,6
5,6,11,17,21>22,7,13,18,6
5,6,11,17,21>11,13,18,6
5,6,11,17,21>22,11,17,6
5,6,11,17,21>5,11,17,6
2,3,6,7,9,10,12,13,15,19,20,22>3,4,9,12,16,19,22,23,13,7
2,3,6,7,9,10,12,13,15,19,20,22>3,6,9,12,14,20,13,7
2,3,6,7,9,10,12,13,15,19,20,22>3,4,6,9,10,12,15,16,20,22,23,13,7
2,3,6,7,9,10,12,13,15,19,20,22>3,4,8,12,16,17,19,22,23,13,7
2,3,6,7,9,10,12,13,15,19,20,22>6,8,12,14,17,20,22,13,7
2,3,6,7,9,10,12,13,15,19,20,22>16,6,8,20,13,7
1,3,6,7,8,9,11,14,15,18,19,22>4,11,13,14,15,19,7
1,3,6,7,8,9,11,14,15,18,19,22>1,4,8,11,13,15,16,20,19,7
1,3,6,7,8,9,11,14,15,18,19,22>2,4,8,11,14,15,16,19,7
1,3,6,7,8,9,11,14,15,18,19,22>1,2,4,9,11,13,18,20,19,7
1,3,6,7,8,9,11,14,15,18,19,22>1,2,6,9,15,16,18,20,22,23,19,7
1,3,6,7,8,9,11,14,15,18,19,22>3,6,9,11,13,14,18,22,19,7
2,4,5,6,7,10,11,17,18,22>19,22,4,16,18,11,6,7
2,4,5,6,7,10,11,17,18,22>2,5,10,17,22,23,18,11,6,7
2,4,5,6,7,10,11,17,18,22>4,5,10,17,18,11,6,7
2,4,5,6,7,10,11,17,18,22>19,22,23,13,18,11,6,7
2,4,5,6,7,10,11,17,18,22>2,4,13,19,22,18,11,6,7
2,4,5,6,7,10,11,17,18,22>4,10,13,16,18,11,6,7
2,5,7,9,10,11,14,15,16,17,18,21,23>6,12,17,21,22,23,10,11,15,16,18
2,5,7,9,10,11,14,15,16,17,18,21,23>2,6,9,14,17,21,22,23,10,11,15,16,18
2,5,7,9,10,11,14,15,16,17,18,21,23>2,5,6,9,14,21,22,10,11,15,16,18
2,5,7,9,10,11,14,15,16,17,18,21,23>2,7,9,12,14,23,10,11,15,16,18
2,5,7,9,10,11,14,15,16,17,18,21,23>7,8,9,14,21,23,10,11,15,16,18
2,5,7,9,10,11,14,15,16,17,18,21,23>2,5,6,7,8,12,19,21,23,10,11,15,16,18
1,2,3,5,10,13,16,19>3,5,10,11,16,20,2,13
1,2,3,5,10,13,16,19>4,5,20,11,2,13
1,2,3,5,10,13,16,19>1,3,8,10,14,2,13
1,2,3,5,10,13,16,19>1,3,4,8,11,12,2,13
1,2,3,5,10,13,16,19>1,5,8,14,19,2,13
1,2,3,5,10,13,16,19>3,4,5,8,20,2,13
1,2,3,5,8,9,15,18,20,23>5,9,10,16,23,2,20
1,2,3,5,8,9,15,18,20,23>15,3,5,8,2,20
1,2,3,5,8,9,15,18,20,23>1,3,4,5,10,15,16,17,2,20
1,2,3,5,8,9,15,18,20,23>3,4,6,8,9,10,16,17,19,21,2,20
1,2,3,5,8,9,15,18,20,23>1,3,5,6,15,16,17,21,23,2,20
1,2,3,5,8,9,15,18,20,23>1,4,5,6,8,15,18,21,23,2,20
1,3,5,7,10,12,13,14,17,18,19,22,23>10,15,4,17,12,14,18,19,23
1,3,5,7,10,12,13,14,17,18,19,22,23>1,4,7,8,15,17,12,14,18,19,23
1,3,5,7,10,12,13,14,17,18,19,22,23>2,4,7,8,11,17,12,14,18,19,23
1,3,5,7,10,12,13,14,17,18,19,22,23>1,2,4,8,10,11,15,12,14,18,19,23
1,3,5,7,10,12,13,14,17,18,19,22,23>1,2,3,4,7,10,17,22,12,14,18,19,23
1,3,5,7,10,12,13,14,17,18,19,22,23>2,3,4,5,10,11,13,17,12,14,18,19,23
4,6,8,9,10,13,14,17,18,19,21,22>4,6,7,16,17,18,20,21,19,14,22
4,6,8,9,10,13,14,17,18,19,21,22>4,8,10,11,17,18,20,19,14,22
4,6,8,9,10,13,14,17,18,19,21,22>4,9,11,18,20,21,19,14,22
4,6,8,9,10,13,14,17,18,19,21,22>6,7,9,10,17,19,14,22
4,6,8,9,10,13,14,17,18,19,21,22>4,7,8,9,10,11,13,17,20,23,19,14,22
4,6,8,9,10,13,14,17,18,19,21,22>6,7,8,9,10,11,13,18,21,19,14,22
1,2,5,6,7,8,10,12,13,14,15,16,17,18,19,21,23>17,15,2,7,8,12,14,16,19
1,2,5,6,7,8,10,12,13,14,15,16,17,18,19,21,23>1,5,22,2,7,8,12,14,16,19
1,2,5,6,7,8,10,12,13,14,15,16,17,18,19,21,23>1,22,10,18,2,7,8,12,14,16,19
1,2,5,6,7,8,10,12,13,14,15,16,17,18,19,21,23>1,5,11,15,2,7,8,12,14,16,19
1,2,5,6,7,8,10,12,13,14,15,16,17,18,19,21,23>5,6,11,13,17,18,22,2,7,8,12,14,16,19
1,2,5,6,7,8,10,12,13,14,15,16,17,18,19,21,23>5,6,11,13,17,18,21,23,2,7,8,12,14,16,19
2,3,4,5,6,8,9,10,11,12,13,15,17,18,19,20,22,23>2,5,9,10,13,18,21,4,8,17,19,23
2,3,4,5,6,8,9,10,11,12,13,15,17,18,19,20,22,23>3,5,9,10,12,13,15,20,21,22,4,8,17,19,23
2,3,4,5,6,8,9,10,11,12,13,15,17,18,19,20,22,23>2,6,9,10,14,16,4,8,17,19,23
2,3,4,5,6,8,9,10,11,12,13,15,17,18,19,20,22,23>3,7,9,10,11,12,21,22,4,8,17,19,23
2,3,4,5,6,8,9,10,11,12,13,15,17,18,19,20,22,23>2,3,5,7,10,11,16,18,20,22,4,8,17,19,23
2,3,4,5,6,8,9,10,11,12,13,15,17,18,19,20,22,23>2,5,6,7,10,12,14,15,16,20,21,22,4,8,17,19,23
1,5,8,10,15,17,18,20,22>1,19,22,10,17,20
1,5,8,10,15,17,18,20,22>5,10,15,22,23,17,20
1,5,8,10,15,17,18,20,22>1,2,6,15,22,23,17,20
1,5,8,10,15,17,18,20,22>5,6,15,22,23,17,20
1,5,8,10,15,17,18,20,22>16,18,21,8,17,20
1,5,8,10,15,17,18,20,22>1,2,5,8,10,22,23,17,20
1,3,6,8,9,10,11,12,18,20,21>1,2,3,7,9,12,19,20,22,8,10,21
1,3,6,8,9,10,11,12,18,20,21>1,2,3,6,7,9,11,13,18,19,22,8,10,21
1,3,6,8,9,10,11,12,18,20,21>6,12,13,18,19,20,22,8,10,21
1,3,6,8,9,10,11,12,18,20,21>1,2,3,6,12,19,22,8,10,21
1,3,6,8,9,10,11,12,18,20,21>1,4,6,7,11,13,19,22,8,10,21
1,3,6,8,9,10,11,12,18,20,21>3,4,6,9,11,12,18,20,22,8,10,21
3,4,7,8,10,15,17,21,22,23>3,7,15,17,21,4,22,23
3,4,7,8,10,15,17,21,22,23>17,7,8,4,22,23
3,4,7,8,10,15,17,21,22,23>21,7,8,4,22,23
3,4,7,8,10,15,17,21,22,23>17,7,10,16,4,22,23
3,4,7,8,10,15,17,21,22,23>3,8,10,16,17,21,4,22,23
3,4,7,8,10,15,17,21,22,23>3,7,8,11,15,4,22,23
3,4,5,6,7,8,10,13,15,20,21>3,15,16,17,22,4,6,7,13,20,21
3,4,5,6,7,8,10,13,15,20,21>3,8,15,4,6,7,13,20,21
3,4,5,6,7,8,10,13,15,20,21>3,10,15,16,22,4,6,7,13,20,21
3,4,5,6,7,8,10,13,15,20,21>17,3,8,10,4,6,7,13,20,21
3,4,5,6,7,8,10,13,15,20,21>17,14,15,16,4,6,7,13,20,21
3,4,5,6,7,8,10,13,15,20,21>3,14,22,4,6,7,13,20,21
3,7,8,10,11,12,14,18,19,23>3,4,7,18,23,8,19,11,12
3,7,8,10,11,12,14,18,19,23>10,18,23,8,19,11,12
3,7,8,10,11,12,14,18,19,23>3,10,18,8,19,11,12
3,7,8,10,11,12,14,18,19,23>4,7,10,23,8,19,11,12
3,7,8,10,11,12,14,18,19,23>4,7,14,18,23,8,19,11,12
3,7,8,10,11,12,14,18,19,23>7,10,14,18,8,19,11,12
4,6,11,12,13,14,15,16,18,19,21>4,6,18,21,12,13,14,15,16,19
4,6,11,12,13,14,15,16,18,19,21>4,6,7,8,18,12,13,14,15,16,19
4,6,11,12,13,14,15,16,18,19,21>6,11,18,21,12,13,14,15,16,19
4,6,11,12,13,14,15,16,18,19,21>22,7,11,12,13,14,15,16,19
4,6,11,12,13,14,15,16,18,19,21>6,8,11,21,12,13,14,15,16,19
4,6,11,12,13,14,15,16,18,19,21>7,8,11,21,12,13,14,15,16,19
2,3,5,7,9,12,13,19,20,22,23>2,7,8,9,12,14,19,20,22,23
2,3,5,7,9,12,13,19,20,22,23>3,7,8,9,17,19,20,23
2,3,5,7,9,12,13,19,20,22,23>2,3,7,9,12,21,22,23
2,3,5,7,9,12,13,19,20,22,23>3,5,7,9,14,17,20,23
2,3,5,7,9,12,13,19,20,22,23>2,4,5,7,8,9,13,19,22,23
2,3,5,7,9,12,13,19,20,22,23>3,4,5,7,8,13,14,20,21,22,23
3,4,6,8,9,12,13,14,15,20,21,22,23>3,12,13,15,17,20,4,8,14,21,22,23
3,4,6,8,9,12,13,14,15,20,21,22,23>3,6,15,16,17,20,4,8,14,21,22,23
3,4,6,8,9,12,13,14,15,20,21,22,23>16,20,9,13,4,8,14,21,22,23
3,4,6,8,9,12,13,14,15,20,21,22,23>6,9,10,12,17,20,4,8,14,21,22,23
3,4,6,8,9,12,13,14,15,20,21,22,23>7,9,10,12,13,15,20,4,8,14,21,22,23
3,4,6,8,9,12,13,14,15,20,21,22,23>6,7,9,10,12,15,16,4,8,14,21,22,23
4,7,8,10,11,15,17,18,19>4,7,15,16,17,18,19,11
4,7,8,10,11,15,17,18,19>8,15,16,18,20,19,11
4,7,8,10,11,15,17,18,19>4,8,16,17,18,20,19,11
4,7,8,10,11,15,17,18,19>4,8,10,16,19,11
4,7,8,10,11,15,17,18,19>4,7,13,16,18,20,19,11
4,7,8,10,11,15,17,18,19>17,20,8,13,19,11
1,2,5,6,8,12,15,16,19,21,23>1,23,8,16,2,12
1,2,5,6,8,12,15,16,19,21,23>22,1,5,6,8,16,2,12
1,2,5,6,8,12,15,16,19,21,23>5,15,19,8,16,2,12
1,2,5,6,8,12,15,16,19,21,23>23,7,15,19,8,16,2,12
1,2,5,6,8,12,15,16,19,21,23>6,7,15,19,8,16,2,12
1,2,5,6,8,12,15,16,19,21,23>1,5,6,7,15,8,16,2,12
1,3,4,6,7,8,10,13,15,16,17,18,21>2,14,15,17,19,22,4,7,8,13,16
1,3,4,6,7,8,10,13,15,16,17,18,21>1,3,11,12,17,18,21,4,7,8,13,16
1,3,4,6,7,8,10,13,15,16,17,18,21>2,3,15,17,21,4,7,8,13,16
1,3,4,6,7,8,10,13,15,16,17,18,21>2,3,12,14,15,18,19,21,22,4,7,8,13,16
1,3,4,6,7,8,10,13,15,16,17,18,21>1,6,10,14,19,4,7,8,13,16
1,3,4,6,7,8,10,13,15,16,17,18,21>2,6,10,11,12,14,15,17,22,4,7,8,13,16
3,4,5,8,9,11,12,14,15,16,17,18,21>3,5,6,13,14,15,18,19,8,16,4,12
3,4,5,8,9,11,12,14,15,16,17,18,21>14,15,10,22,8,16,4,12
3,4,5,8,9,11,12,14,15,16,17,18,21>5,6,9,10,14,15,17,18,19,8,16,4,12
3,4,5,8,9,11,12,14,15,16,17,18,21>3,9,10,14,18,22,8,16,4,12
3,4,5,8,9,11,12,14,15,16,17,18,21>3,5,9,10,11,13,17,19,21,8,16,4,12
3,4,5,8,9,11,12,14,15,16,17,18,21>5,6,9,10,13,14,15,18,8,16,4,12
6,9,10,11,13,14,17,18,21>21,10,11,13,14,18
6,9,10,11,13,14,17,18,21>22,6,10,11,13,14,18
6,9,10,11,13,14,17,18,21>7,9,10,11,13,14,18
6,9,10,11,13,14,17,18,21>22,15,19,10,11,13,14,18
6,9,10,11,13,14,17,18,21>6,7,17,10,11,13,14,18
6,9,10,11,13,14,17,18,21>22,9,17,19,10,11,13,14,18
1,2,3,6,7,8,9,11,14,15,17,20,22,23>1,3,21,9,2,7,17,20,23
1,2,3,6,7,8,9,11,14,15,17,20,22,23>1,3,4,9,11,14,15,22,2,7,17,20,23
1,2,3,6,7,8,9,11,14,15,17,20,22,23>1,6,9,11,15,16,21,2,7,17,20,23
1,2,3,6,7,8,9,11,14,15,17,20,22,23>3,6,9,10,15,16,22,2,7,17,20,23
1,2,3,6,7,8,9,11,14,15,17,20,22,23>6,8,9,10,15,16,22,2,7,17,20,23
1,2,3,6,7,8,9,11,14,15,17,20,22,23>1,3,6,8,10,14,15,2,7,17,20,23
1,5,9,13,14,15,16,18,19,20,21>22,2,8,14,15,16,19,20,21
1,5,9,13,14,15,16,18,19,20,21>2,5,8,13,14,15,16,19,20,21
1,5,9,13,14,15,16,18,19,20,21>22,9,13,14,15,16,19,20,21
1,5,9,13,14,15,16,18,19,20,21>1,2,9,13,18,14,15,16,19,20,21
1,5,9,13,14,15,16,18,19,20,21>1,8,9,18,22,14,15,16,19,20,21
1,5,9,13,14,15,16,18,19,20,21>1,5,8,9,14,15,16,19,20,21
1,6,8,9,11,12,14,15,17,18,20,22,23>1,2,6,10,15,16,19,20,21,22,8,17,23
1,6,8,9,11,12,14,15,17,18,20,22,23>7,10,12,14,19,21,22,8,17,23
1,6,8,9,11,12,14,15,17,18,20,22,23>2,6,7,12,19,20,21,8,17,23
1,6,8,9,11,12,14,15,17,18,20,22,23>9,10,12,16,18,19,20,22,8,17,23
1,6,8,9,11,12,14,15,17,18,20,22,23>6,9,11,12,15,16,18,20,21,22,8,17,23
1,6,8,9,11,12,14,15,17,18,20,22,23>1,2,6,7,9,12,15,16,19,21,22,8,17,23
1,2,4,6,8,10,11,13,16,17,20,21,22>4,6,14,17,23,2,8,13,16,20,21,22
1,2,4,6,8,10,11,13,16,17,20,21,22>1,4,6,11,14,23,2,8,13,16,20,21,22
1,2,4,6,8,10,11,13,16,17,20,21,22>1,7,14,2,8,13,16,20,21,22
1,2,4,6,8,10,11,13,16,17,20,21,22>17,6,7,14,2,8,13,16,20,21,22
1,2,4,6,8,10,11,13,16,17,20,21,22>4,6,7,11,2,8,13,16,20,21,22
1,2,4,6,8,10,11,13,16,17,20,21,22>4,10,11,14,23,2,8,13,16,20,21,22
1,2,5,7,8,10,11,13,15,16,18,19,20,22,23>1,5,13,15,21,22,2,8,16,19,20,23
1,2,5,7,8,10,11,13,15,16,18,19,20,22,23>1,10,14,15,18,22,2,8,16,19,20,23
1,2,5,7,8,10,11,13,15,16,18,19,20,22,23>5,7,10,15,18,21,2,8,16,19,20,23
1,2,5,7,8,10,11,13,15,16,18,19,20,22,23>5,7,11,14,21,2,8,16,19,20,23
1,2,5,7,8,10,11,13,15,16,18,19,20,22,23>1,5,10,11,13,14,18,22,2,8,16,19,20,23
1,2,5,7,8,10,11,13,15,16,18,19,20,22,23>1,7,10,11,13,2,8,16,19,20,23
2,3,4,5,8,9,13,17,18,19,21,23>8,13,16,18,23,19,4
2,3,4,5,8,9,13,17,18,19,21,23>9,14,16,17,20,22,23,19,4
2,3,4,5,8,9,13,17,18,19,21,23>3,5,9,16,17,18,20,21,19,4
2,3,4,5,8,9,13,17,18,19,21,23>3,8,9,13,14,20,23,19,4
2,3,4,5,8,9,13,17,18,19,21,23>2,3,8,9,17,23,19,4
2,3,4,5,8,9,13,17,18,19,21,23>2,5,8,9,13,14,16,21,23,19,4
1,2,4,6,8,9,11,13,19,23>1,4,9,13,14,19,2
1,2,4,6,8,9,11,13,19,23>1,4,11,13,19,2
1,2,4,6,8,9,11,13,19,23>1,8,9,11,14,19,20,23,2
1,2,4,6,8,9,11,13,19,23>14,19,7,8,2
1,2,4,6,8,9,11,13,19,23>1,7,8,11,13,16,20,2
1,2,4,6,8,9,11,13,19,23>1,4,6,7,8,9,11,14,20,23,2
3,6,8,9,10,11,14,16,17,20,22>4,7,11,16,17,21,22,23,8,10,20
3,6,8,9,10,11,14,16,17,20,22>3,4,6,7,11,16,17,22,8,10,20
3,6,8,9,10,11,14,16,17,20,22>6,9,13,14,17,21,23,8,10,20
3,6,8,9,10,11,14,16,17,20,22>3,4,6,9,14,16,21,22,23,8,10,20
3,6,8,9,10,11,14,16,17,20,22>3,7,9,13,17,22,23,8,10,20
3,6,8,9,10,11,14,16,17,20,22>3,4,6,7,9,13,16,17,22,8,10,20
4,5,7,9,11,12,13,18,21,22>5,6,11,16,18,19,23,12,13,22
4,5,7,9,11,12,13,18,21,22>4,5,7,10,14,16,19,12,13,22
4,5,7,9,11,12,13,18,21,22>4,5,7,9,14,16,12,13,22
4,5,7,9,11,12,13,18,21,22>4,8,10,16,18,19,23,12,13,22
4,5,7,9,11,12,13,18,21,22>5,7,8,9,10,18,19,23,12,13,22
4,5,7,9,11,12,13,18,21,22>4,5,7,8,10,16,21,12,13,22
1,2,5,8,9,10,11,13,15,16,18,19,21,22,23>1,21,14,2,8,11,16,19,22,23
1,2,5,8,9,10,11,13,15,16,18,19,21,22,23>5,9,10,12,14,20,2,8,11,16,19,22,23
1,2,5,8,9,10,11,13,15,16,18,19,21,22,23>1,5,9,12,13,14,15,18,20,2,8,11,16,19,22,23
1,2,5,8,9,10,11,13,15,16,18,19,21,22,23>5,10,12,13,21,2,8,11,16,19,22,23
1,2,5,8,9,10,11,13,15,16,18,19,21,22,23>1,5,10,12,18,2,8,11,16,19,22,23
1,2,5,8,9,10,11,13,15,16,18,19,21,22,23>5,9,10,12,15,2,8,11,16,19,22,23
2,4,8,11,12,13,14,15,17,18,19,20,21,22>23,11,18,8,13,14,17,19,21,22
2,4,8,11,12,13,14,15,17,18,19,20,21,22>2,11,16,18,20,8,13,14,17,19,21,22
2,4,8,11,12,13,14,15,17,18,19,20,21,22>20,23,15,18,8,13,14,17,19,21,22
2,4,8,11,12,13,14,15,17,18,19,20,21,22>2,15,23,18,8,13,14,17,19,21,22
2,4,8,11,12,13,14,15,17,18,19,20,21,22>2,4,15,16,18,20,8,13,14,17,19,21,22
2,4,8,11,12,13,14,15,17,18,19,20,21,22>4,11,15,16,20,8,13,14,17,19,21,22
1,2,4,5,8,9,13,14,19,20,21,22>1,23,16,17,2,13,14,20,21,22
1,2,4,5,8,9,13,14,19,20,21,22>19,1,16,2,13,14,20,21,22
1,2,4,5,8,9,13,14,19,20,21,22>1,8,17,19,23,2,13,14,20,21,22
1,2,4,5,8,9,13,14,19,20,21,22>1,4,5,8,16,17,2,13,14,20,21,22
1,2,4,5,8,9,13,14,19,20,21,22>1,9,16,2,13,14,20,21,22
1,2,4,5,8,9,13,14,19,20,21,22>1,4,5,9,23,2,13,14,20,21,22
2,8,11,15,16,17,19,21,23>2,23,12,19,8,16
2,8,11,15,16,17,19,21,23>2,12,15,20,22,8,16
2,8,11,15,16,17,19,21,23>11,12,15,22,23,8,16
2,8,11,15,16,17,19,21,23>12,17,19,8,16
2,8,11,15,16,17,19,21,23>15,17,19,21,22,8,16
2,8,11,15,16,17,19,21,23>11,15,17,19,8,16
1,3,4,5,7,10,11,18,20,22>2,3,13,17,19,21,4,20
1,3,4,5,7,10,11,18,20,22>3,5,7,10,11,13,16,17,18,22,23,4,20
1,3,4,5,7,10,11,18,20,22>1,2,3,5,7,11,13,18,21,22,4,20
1,3,4,5,7,10,11,18,20,22>1,2,3,6,7,13,16,19,21,4,20
1,3,4,5,7,10,11,18,20,22>1,5,6,7,10,16,18,22,23,4,20
1,3,4,5,7,10,11,18,20,22>2,3,5,6,7,10,11,16,17,21,4,20
1,2,8,9,13,16,19,20,22>1,9,21,22,8,2,20,13
1,2,8,9,13,16,19,20,22>1,9,14,22,23,8,2,20,13
1,2,8,9,13,16,19,20,22>23,16,21,22,8,2,20,13
1,2,8,9,13,16,19,20,22>9,19,21,22,23,8,2,20,13
1,2,8,9,13,16,19,20,22>1,16,19,22,8,2,20,13
1,2,8,9,13,16,19,20,22>23,14,16,19,8,2,20,13
1,5,6,8,10,12,13,14,17,18,19,21,23>13,2,18,22,8,19,12,14
1,5,6,8,10,12,13,14,17,18,19,21,23>2,5,13,17,21,23,8,19,12,14
1,5,6,8,10,12,13,14,17,18,19,21,23>2,5,7,10,13,21,22,8,19,12,14
1,5,6,8,10,12,13,14,17,18,19,21,23>6,7,10,13,18,21,22,23,8,19,12,14
1,5,6,8,10,12,13,14,17,18,19,21,23>2,6,7,22,23,8,19,12,14
1,5,6,8,10,12,13,14,17,18,19,21,23>1,5,6,7,13,17,18,22,8,19,12,14
2,3,6,7,8,11,13,15,16,18,20,21,23>15,2,4,18,7,8,16,20,21
2,3,6,7,8,11,13,15,16,18,20,21,23>2,6,23,14,7,8,16,20,21
2,3,6,7,8,11,13,15,16,18,20,21,23>2,3,6,13,18,19,22,23,7,8,16,20,21
2,3,6,7,8,11,13,15,16,18,20,21,23>2,11,14,19,22,7,8,16,20,21
2,3,6,7,8,11,13,15,16,18,20,21,23>2,3,6,11,15,7,8,16,20,21
2,3,6,7,8,11,13,15,16,18,20,21,23>2,4,6,11,18,22,7,8,16,20,21
