TCR,NFAT,IFN-\beta,IFN-\betaR,IL-18,IL-18R,IRAK,SOCS1,IL-12,IL-12R,STAT4,T-bet,IFN-\gamma,IFN-\gammaR,JAK1,STAT1,IL-4,IL-4R,STAT6,GATA3,IL-10,IL-10R,STAT3
4,6,9,10,13,14,18,20>6,7,15,10,20,14
4,6,9,10,13,14,18,20>4,6,7,17,21,10,20,14
4,6,9,10,13,14,18,20>4,6,7,16,18,10,20,14
4,6,9,10,13,14,18,20>4,6,9,15,16,17,18,19,10,20,14
4,6,9,10,13,14,18,20>4,7,13,16,17,10,20,14
4,6,9,10,13,14,18,20>4,7,9,13,16,18,19,10,20,14
3,7,9,10,11,12,13,15,16,17,21,22,23>4,13,14,17,18,21,10,11,12,16,22,23
3,7,9,10,11,12,13,15,16,17,21,22,23>3,4,14,15,17,18,21,10,11,12,16,22,23
3,7,9,10,11,12,13,15,16,17,21,22,23>3,4,7,14,15,18,10,11,12,16,22,23
3,7,9,10,11,12,13,15,16,17,21,22,23>3,4,8,14,15,17,18,10,11,12,16,22,23
3,7,9,10,11,12,13,15,16,17,21,22,23>4,9,13,15,18,10,11,12,16,22,23
3,7,9,10,11,12,13,15,16,17,21,22,23>4,7,8,9,13,14,10,11,12,16,22,23
1,2,3,4,7,8,10,12,14,15,17,19,22,23>14,15,16,17,22,2,4,8,12,23
1,2,3,4,7,8,10,12,14,15,17,19,22,23>7,10,14,15,19,22,2,4,8,12,23
1,2,3,4,7,8,10,12,14,15,17,19,22,23>1,3,7,10,15,17,22,2,4,8,12,23
1,2,3,4,7,8,10,12,14,15,17,19,22,23>7,11,14,16,17,19,2,4,8,12,23
1,2,3,4,7,8,10,12,14,15,17,19,22,23>7,10,11,15,16,17,22,2,4,8,12,23
1,2,3,4,7,8,10,12,14,15,17,19,22,23>1,7,10,11,16,19,2,4,8,12,23
1,5,8,9,11,12,14,15,17,18,21,23>1,10,11,15,17,19,21,22,8,12
1,5,8,9,11,12,14,15,17,18,21,23>1,5,6,11,14,15,16,18,19,22,23,8,12
1,5,8,9,11,12,14,15,17,18,21,23>1,2,5,6,10,14,15,16,17,18,19,21,22,23,8,12
1,5,8,9,11,12,14,15,17,18,21,23>1,6,9,10,11,18,8,12
1,5,8,9,11,12,14,15,17,18,21,23>2,6,9,14,21,22,23,8,12
1,5,8,9,11,12,14,15,17,18,21,23>2,5,6,9,14,15,18,21,22,8,12
1,2,3,4,6,8,10,21,22,23>21,3,10,11,2,4,22,23
1,2,3,4,6,8,10,21,22,23>1,6,10,11,2,4,22,23
1,2,3,4,6,8,10,21,22,23>16,3,8,11,2,4,22,23
1,2,3,4,6,8,10,21,22,23>16,6,8,10,2,4,22,23
1,2,3,4,6,8,10,21,22,23>1,3,6,8,21,2,4,22,23
1,2,3,4,6,8,10,21,22,23>1,3,7,8,10,11,2,4,22,23
2,3,6,8,11,15,17,19,21,23>6,8,17,19,20,22,23
2,3,6,8,11,15,17,19,21,23>2,4,6,15,16,19,20,22
2,3,6,8,11,15,17,19,21,23>2,3,7,15,17,19,20,21,22
2,3,6,8,11,15,17,19,21,23>3,4,7,20,22
2,3,6,8,11,15,17,19,21,23>2,3,4,7,15,16,17,20
2,3,6,8,11,15,17,19,21,23>2,3,4,6,7,8,11,15,19,20,21,23
1,2,5,6,8,9,10,11,13,14,22>1,8,22,2,6,10,11,13,14
1,2,5,6,8,9,10,11,13,14,22>5,7,8,23,2,6,10,11,13,14
1,2,5,6,8,9,10,11,13,14,22>1,9,22,2,6,10,11,13,14
1,2,5,6,8,9,10,11,13,14,22>5,9,22,2,6,10,11,13,14
1,2,5,6,8,9,10,11,13,14,22>8,9,22,2,6,10,11,13,14
1,2,5,6,8,9,10,11,13,14,22>5,7,8,9,2,6,10,11,13,14
2,5,6,8,10,14,16,21,22>7,12,13,14,16,23,8,6,22
2,5,6,8,10,14,16,21,22>10,13,16,21,23,8,6,22
2,5,6,8,10,14,16,21,22>5,10,12,13,23,8,6,22
2,5,6,8,10,14,16,21,22>2,10,11,12,13,14,16,21,8,6,22
2,5,6,8,10,14,16,21,22>7,10,11,12,14,21,23,8,6,22
2,5,6,8,10,14,16,21,22>5,7,10,11,12,8,6,22
3,7,9,10,12,14,16,18,20,22,23>3,12,16,18,19,20,10,23
3,7,9,10,12,14,16,18,20,22,23>4,7,18,19,21,22,10,23
3,7,9,10,12,14,16,18,20,22,23>15,18,8,14,10,23
3,7,9,10,12,14,16,18,20,22,23>3,8,15,16,18,19,22,10,23
3,7,9,10,12,14,16,18,20,22,23>3,8,12,18,20,22,10,23
3,7,9,10,12,14,16,18,20,22,23>3,9,15,19,20,21,22,10,23
3,4,6,7,8,9,12,13,14,15,19,21,23>13,16,19,4,7,8,12,14
3,4,6,7,8,9,12,13,14,15,19,21,23>21,23,13,16,4,7,8,12,14
3,4,6,7,8,9,12,13,14,15,19,21,23>21,6,15,4,7,8,12,14
3,4,6,7,8,9,12,13,14,15,19,21,23>3,6,15,16,22,4,7,8,12,14
3,4,6,7,8,9,12,13,14,15,19,21,23>6,13,15,19,22,23,4,7,8,12,14
3,4,6,7,8,9,12,13,14,15,19,21,23>9,13,15,16,23,4,7,8,12,14
3,4,6,12,15,18>8,15,16,18,19,4,12
3,4,6,12,15,18>3,6,8,19,4,12
3,4,6,12,15,18>19,13,4,12
3,4,6,12,15,18>18,3,7,13,4,12
3,4,6,12,15,18>3,8,13,16,4,12
3,4,6,12,15,18>6,8,13,16,18,4,12
1,4,6,9,12,15,22,23>1,8,10,15,16,22,12,23
1,4,6,9,12,15,22,23>1,2,15,16,22,12,23
1,4,6,9,12,15,22,23>1,4,9,15,16,12,23
1,4,6,9,12,15,22,23>10,1,4,22,12,23
1,4,6,9,12,15,22,23>10,2,22,6,12,23
1,4,6,9,12,15,22,23>1,2,6,7,8,10,16,12,23
4,6,7,8,9,16,17,18,19,22,23>4,6,9,20,7,8,16,19,23
4,6,7,8,9,16,17,18,19,22,23>22,6,12,20,7,8,16,19,23
4,6,7,8,9,16,17,18,19,22,23>4,9,12,20,22,7,8,16,19,23
4,6,7,8,9,16,17,18,19,22,23>22,6,9,12,7,8,16,19,23
4,6,7,8,9,16,17,18,19,22,23>4,6,9,12,7,8,16,19,23
4,6,7,8,9,16,17,18,19,22,23>22,4,6,17,7,8,16,19,23
2,6,8,9,10,11,12,13,18,19,20,22>11,14,17,22,23,8,19,13
2,6,8,9,10,11,12,13,18,19,20,22>2,7,11,12,14,17,23,8,19,13
2,6,8,9,10,11,12,13,18,19,20,22>6,7,9,11,12,14,22,8,19,13
2,6,8,9,10,11,12,13,18,19,20,22>10,11,14,18,20,22,8,19,13
2,6,8,9,10,11,12,13,18,19,20,22>18,7,10,23,8,19,13
2,6,8,9,10,11,12,13,18,19,20,22>9,10,11,18,20,21,22,23,8,19,13
1,2,3,6,7,8,11,12,14,15,18,19,23>23,11,15,2,7,8,12,19
1,2,3,6,7,8,11,12,14,15,18,19,23>1,3,6,11,15,18,2,7,8,12,19
1,2,3,6,7,8,11,12,14,15,18,19,23>1,3,11,15,16,18,2,7,8,12,19
1,2,3,6,7,8,11,12,14,15,18,19,23>1,3,11,16,18,23,2,7,8,12,19
1,2,3,6,7,8,11,12,14,15,18,19,23>6,11,14,15,2,7,8,12,19
1,2,3,6,7,8,11,12,14,15,18,19,23>1,3,6,11,14,23,2,7,8,12,19
1,5,9,10,17,20,21,23>18,22,17,10,20,21
1,5,9,10,17,20,21,23>23,1,5,22,17,10,20,21
1,5,9,10,17,20,21,23>23,2,5,17,10,20,21
1,5,9,10,17,20,21,23>1,5,6,22,17,10,20,21
1,5,9,10,17,20,21,23>23,9,17,10,20,21
1,5,9,10,17,20,21,23>6,9,22,17,10,20,21
2,4,8,9,10,11,13,14,16,18,19,20,23>23,4,11,13,8,14,16,19,20
2,4,8,9,10,11,13,14,16,18,19,20,23>2,9,11,13,18,21,23,8,14,16,19,20
2,4,8,9,10,11,13,14,16,18,19,20,23>4,9,11,13,8,14,16,19,20
2,4,8,9,10,11,13,14,16,18,19,20,23>4,9,11,18,21,23,8,14,16,19,20
2,4,8,9,10,11,13,14,16,18,19,20,23>10,11,18,8,14,16,19,20
2,4,8,9,10,11,13,14,16,18,19,20,23>4,10,11,8,14,16,19,20
2,5,7,8,9,13,14,15,16,17,18,19,21,22,23>2,13,15,18,20,8,14,16,19,22,23
2,5,7,8,9,13,14,15,16,17,18,19,21,22,23>2,7,9,15,18,21,8,14,16,19,22,23
2,5,7,8,9,13,14,15,16,17,18,19,21,22,23>2,12,13,15,8,14,16,19,22,23
2,5,7,8,9,13,14,15,16,17,18,19,21,22,23>2,9,12,15,20,8,14,16,19,22,23
2,5,7,8,9,13,14,15,16,17,18,19,21,22,23>5,9,12,13,15,17,18,20,8,14,16,19,22,23
2,5,7,8,9,13,14,15,16,17,18,19,21,22,23>5,7,9,12,13,18,20,8,14,16,19,22,23
3,6,7,8,13,15,16,17,18,21>6,15,17,18,21,22,8,16,13,7
3,6,7,8,13,15,16,17,18,21>4,6,17,18,19,21,22,8,16,13,7
3,6,7,8,13,15,16,17,18,21>12,15,17,18,19,21,8,16,13,7
3,6,7,8,13,15,16,17,18,21>6,14,15,18,21,22,8,16,13,7
3,6,7,8,13,15,16,17,18,21>3,4,12,14,18,19,22,8,16,13,7
3,6,7,8,13,15,16,17,18,21>4,6,12,14,15,17,19,21,8,16,13,7
2,4,5,7,9,11,14,17,18,19,20,21,22,23>15,2,5,16,17,18,19,20,21,22,23
2,4,5,7,9,11,14,17,18,19,20,21,22,23>2,4,5,11,17,18,19,20,21,22,23
2,4,5,7,9,11,14,17,18,19,20,21,22,23>15,2,7,11,17,18,19,20,21,22,23
2,4,5,7,9,11,14,17,18,19,20,21,22,23>4,9,11,14,15,16,17,18,19,20,21,22,23
2,4,5,7,9,11,14,17,18,19,20,21,22,23>16,7,9,17,18,19,20,21,22,23
2,4,5,7,9,11,14,17,18,19,20,21,22,23>2,7,9,14,17,18,19,20,21,22,23
1,2,7,9,11,16,18,21,22>7,8,11,12,16,18,2,22
1,2,7,9,11,16,18,21,22>1,9,10,11,16,19,2,22
1,2,7,9,11,16,18,21,22>10,11,12,16,21,2,22
1,2,7,9,11,16,18,21,22>1,7,10,11,18,21,2,22
1,2,7,9,11,16,18,21,22>1,9,10,11,16,23,2,22
1,2,7,9,11,16,18,21,22>7,8,9,10,13,19,21,2,22
1,2,3,5,6,7,8,9,10,12,14,17,22,23>17,1,11,2,6,7,8,10,12,23
1,2,3,5,6,7,8,9,10,12,14,17,22,23>17,22,3,14,2,6,7,8,10,12,23
1,2,3,5,6,7,8,9,10,12,14,17,22,23>1,3,11,2,6,7,8,10,12,23
1,2,3,5,6,7,8,9,10,12,14,17,22,23>22,3,4,14,2,6,7,8,10,12,23
1,2,3,5,6,7,8,9,10,12,14,17,22,23>4,5,14,2,6,7,8,10,12,23
1,2,3,5,6,7,8,9,10,12,14,17,22,23>5,9,11,14,2,6,7,8,10,12,23
5,6,7,9,12,13,14,15,17,18,19,22>5,6,7,12,13,14,15,18,19
5,6,7,9,12,13,14,15,17,18,19,22>23,8,17,22,7,12,13,14,15,18,19
5,6,7,9,12,13,14,15,17,18,19,22>23,9,22,7,12,13,14,15,18,19
5,6,7,9,12,13,14,15,17,18,19,22>6,9,17,22,7,12,13,14,15,18,19
5,6,7,9,12,13,14,15,17,18,19,22>8,9,17,22,7,12,13,14,15,18,19
5,6,7,9,12,13,14,15,17,18,19,22>9,16,17,7,12,13,14,15,18,19
1,5,6,7,8,10,12,13,16,17,18,21,23>1,13,14,18,19,23,8,12,6,7
1,5,6,7,8,10,12,13,16,17,18,21,23>2,14,18,21,22,8,12,6,7
1,5,6,7,8,10,12,13,16,17,18,21,23>2,10,13,18,19,22,8,12,6,7
1,5,6,7,8,10,12,13,16,17,18,21,23>2,5,10,17,19,21,23,8,12,6,7
1,5,6,7,8,10,12,13,16,17,18,21,23>2,5,11,16,17,22,8,12,6,7
1,5,6,7,8,10,12,13,16,17,18,21,23>1,10,11,13,17,19,8,12,6,7
1,2,5,6,10,12,13,15,17,18,19,21,22,23>1,10,11,15,17,21,2,12,18,19,22,23
1,2,5,6,10,12,13,15,17,18,19,21,22,23>5,13,14,17,21,2,12,18,19,22,23
1,2,5,6,10,12,13,15,17,18,19,21,22,23>1,5,11,13,14,17,2,12,18,19,22,23
1,2,5,6,10,12,13,15,17,18,19,21,22,23>5,7,11,13,14,15,16,2,12,18,19,22,23
1,2,5,6,10,12,13,15,17,18,19,21,22,23>5,7,10,11,15,16,17,2,12,18,19,22,23
1,2,5,6,10,12,13,15,17,18,19,21,22,23>1,6,7,13,15,21,2,12,18,19,22,23
1,3,5,6,7,8,9,10,11,13,16,18,19>1,3,4,9,12,14,16,18,7,8,11,13,19
1,3,5,6,7,8,9,10,11,13,16,18,19>2,5,6,16,18,20,7,8,11,13,19
1,3,5,6,7,8,9,10,11,13,16,18,19>2,3,5,6,9,14,7,8,11,13,19
1,3,5,6,7,8,9,10,11,13,16,18,19>4,5,6,12,18,7,8,11,13,19
1,3,5,6,7,8,9,10,11,13,16,18,19>1,2,4,5,6,14,16,7,8,11,13,19
1,3,5,6,7,8,9,10,11,13,16,18,19>1,3,4,5,6,10,14,16,18,20,7,8,11,13,19
2,3,4,6,7,8,9,10,11,13,14,16,17,20>2,3,6,17,21,4,7,8,10,13,14,16,20
2,3,4,6,7,8,9,10,11,13,14,16,17,20>2,3,9,17,4,7,8,10,13,14,16,20
2,3,4,6,7,8,9,10,11,13,14,16,17,20>3,6,9,17,21,4,7,8,10,13,14,16,20
2,3,4,6,7,8,9,10,11,13,14,16,17,20>2,3,6,9,4,7,8,10,13,14,16,20
2,3,4,6,7,8,9,10,11,13,14,16,17,20>11,17,4,7,8,10,13,14,16,20
2,3,4,6,7,8,9,10,11,13,14,16,17,20>2,3,9,11,21,4,7,8,10,13,14,16,20
3,7,8,9,11,12,13,15,18,20,23>12,13,14,15,17,18,19,20,21,23,8
3,7,8,9,11,12,13,15,18,20,23>9,11,13,14,18,20,8
3,7,8,9,11,12,13,15,18,20,23>3,9,11,13,15,16,18,20,21,8
3,7,8,9,11,12,13,15,18,20,23>3,4,7,9,10,11,13,14,17,18,21,23,8
3,7,8,9,11,12,13,15,18,20,23>3,9,10,11,13,14,15,16,17,19,21,8
3,7,8,9,11,12,13,15,18,20,23>3,4,7,9,10,14,15,16,21,8
1,3,6,9,10,11,12,14,16,17,18>1,4,7,9,17,19,18,10,11,12
1,3,6,9,10,11,12,14,16,17,18>1,2,3,4,7,14,15,16,18,10,11,12
1,3,6,9,10,11,12,14,16,17,18>1,2,3,6,7,9,13,14,15,19,18,10,11,12
1,3,6,9,10,11,12,14,16,17,18>1,4,6,9,17,19,18,10,11,12
1,3,6,9,10,11,12,14,16,17,18>2,4,6,8,13,17,19,18,10,11,12
1,3,6,9,10,11,12,14,16,17,18>2,3,4,6,16,17,18,10,11,12
1,3,9,11,13,14,18,19,22>18,2,19,13,14
1,3,9,11,13,14,18,19,22>22,2,3,19,13,14
1,3,9,11,13,14,18,19,22>1,23,4,15,19,13,14
1,3,9,11,13,14,18,19,22>2,9,11,15,20,23,19,13,14
1,3,9,11,13,14,18,19,22>1,3,9,11,18,20,23,19,13,14
1,3,9,11,13,14,18,19,22>3,4,9,18,20,22,19,13,14
3,5,11,13,14,19,20,22>3,4,17,19,22,23,20,13,14
3,5,11,13,14,19,20,22>3,11,17,21,22,20,13,14
3,5,11,13,14,19,20,22>4,11,21,22,23,20,13,14
3,5,11,13,14,19,20,22>3,4,5,11,19,22,20,13,14
3,5,11,13,14,19,20,22>23,5,15,17,20,13,14
3,5,11,13,14,19,20,22>3,4,5,15,17,21,20,13,14
5,6,7,8,11,12,13,15,19,20,23>16,5,15,8,7
5,6,7,8,11,12,13,15,19,20,23>16,5,14,8,7
5,6,7,8,11,12,13,15,19,20,23>19,12,23,15,8,7
5,6,7,8,11,12,13,15,19,20,23>5,19,12,17,8,7
5,6,7,8,11,12,13,15,19,20,23>6,11,12,14,15,20,21,23,8,7
5,6,7,8,11,12,13,15,19,20,23>12,13,14,17,19,20,21,8,7
2,3,4,5,7,11,13,14,16,17,18,20,22,23>5,6,8,11,15,17,21,22,4,14,16,18,20,23
2,3,4,5,7,11,13,14,16,17,18,20,22,23>2,5,6,13,17,19,21,22,4,14,16,18,20,23
2,3,4,5,7,11,13,14,16,17,18,20,22,23>2,6,7,11,15,19,21,22,4,14,16,18,20,23
2,3,4,5,7,11,13,14,16,17,18,20,22,23>5,6,7,8,11,13,15,22,4,14,16,18,20,23
2,3,4,5,7,11,13,14,16,17,18,20,22,23>2,5,6,7,8,15,17,21,22,4,14,16,18,20,23
2,3,4,5,7,11,13,14,16,17,18,20,22,23>2,3,5,6,7,8,13,15,19,21,4,14,16,18,20,23
3,5,6,7,9,10,11,12,13,14,16,17,18,19,21,22>3,5,16,17,21,23,7,11,12,13,14,18,19,22
3,5,6,7,9,10,11,12,13,14,16,17,18,19,21,22>3,5,10,15,17,7,11,12,13,14,18,19,22
3,5,6,7,9,10,11,12,13,14,16,17,18,19,21,22>3,4,5,9,10,15,21,23,7,11,12,13,14,18,19,22
3,5,6,7,9,10,11,12,13,14,16,17,18,19,21,22>8,9,10,15,16,21,23,7,11,12,13,14,18,19,22
3,5,6,7,9,10,11,12,13,14,16,17,18,19,21,22>3,4,8,9,10,16,17,23,7,11,12,13,14,18,19,22
3,5,6,7,9,10,11,12,13,14,16,17,18,19,21,22>4,5,8,9,10,15,16,21,7,11,12,13,14,18,19,22
2,3,4,5,8,10,12,16,18,19,20,21,22>2,13,18,4,8,16,19,21,22
2,3,4,5,8,10,12,16,18,19,20,21,22>3,10,13,18,20,4,8,16,19,21,22
2,3,4,5,8,10,12,16,18,19,20,21,22>3,10,12,20,23,4,8,16,19,21,22
2,3,4,5,8,10,12,16,18,19,20,21,22>2,3,5,12,18,23,4,8,16,19,21,22
2,3,4,5,8,10,12,16,18,19,20,21,22>23,10,12,13,4,8,16,19,21,22
2,3,4,5,8,10,12,16,18,19,20,21,22>2,3,5,12,18,20,4,8,16,19,21,22
2,3,5,6,7,8,9,11,12,13,14,15,16,17,20,21,23>3,5,12,20,22,23,6,7,8,14,16,21
2,3,5,6,7,8,9,11,12,13,14,15,16,17,20,21,23>3,4,5,10,15,17,6,7,8,14,16,21
2,3,5,6,7,8,9,11,12,13,14,15,16,17,20,21,23>2,3,4,9,12,13,15,17,6,7,8,14,16,21
2,3,5,6,7,8,9,11,12,13,14,15,16,17,20,21,23>2,5,9,10,12,20,6,7,8,14,16,21
2,3,5,6,7,8,9,11,12,13,14,15,16,17,20,21,23>2,3,5,9,11,22,23,6,7,8,14,16,21
2,3,5,6,7,8,9,11,12,13,14,15,16,17,20,21,23>2,4,5,9,11,12,22,6,7,8,14,16,21
3,5,6,9,10,14,18,19,20,21,23>15,4,10,19,20,21
3,5,6,9,10,14,18,19,20,21,23>4,5,14,15,23,19,20,21
3,5,6,9,10,14,18,19,20,21,23>3,6,22,15,19,20,21
3,5,6,9,10,14,18,19,20,21,23>4,5,6,14,17,22,19,20,21
3,5,6,9,10,14,18,19,20,21,23>3,4,5,6,18,23,19,20,21
3,5,6,9,10,14,18,19,20,21,23>3,7,9,10,14,17,19,20,21
2,3,4,7,9,11,12,13,17,19,20,21,23>2,12,13,14,23,17,4,21
2,3,4,7,9,11,12,13,17,19,20,21,23>2,11,12,14,18,22,23,17,4,21
2,3,4,7,9,11,12,13,17,19,20,21,23>2,7,11,18,19,20,17,4,21
2,3,4,7,9,11,12,13,17,19,20,21,23>7,9,13,14,16,19,20,23,17,4,21
2,3,4,7,9,11,12,13,17,19,20,21,23>3,7,9,11,13,23,17,4,21
2,3,4,7,9,11,12,13,17,19,20,21,23>7,8,9,13,14,20,17,4,21
4,8,11,12,15,16,17,19>4,11,13,19,8,16,12
4,8,11,12,15,16,17,19>11,13,15,8,16,12
4,8,11,12,15,16,17,19>4,17,19,8,16,12
4,8,11,12,15,16,17,19>11,17,19,8,16,12
4,8,11,12,15,16,17,19>4,13,17,8,16,12
4,8,11,12,15,16,17,19>15,17,19,8,16,12
1,2,3,5,6,7,12,13,16,17,19,20>1,3,12,16,17,20,21,2,13,7
1,2,3,5,6,7,12,13,16,17,19,20>1,3,4,8,14,16,2,13,7
1,2,3,5,6,7,12,13,16,17,19,20>1,3,5,8,18,21,2,13,7
1,2,3,5,6,7,12,13,16,17,19,20>6,12,14,16,17,19,20,21,2,13,7
1,2,3,5,6,7,12,13,16,17,19,20>3,4,6,14,17,18,19,20,2,13,7
1,2,3,5,6,7,12,13,16,17,19,20>1,3,5,6,12,14,19,20,2,13,7
8,9,11,14,16,17,19,21,22,23>9,12,17,21,8,22,23
8,9,11,14,16,17,19,21,22,23>9,12,17,19,20,8,22,23
8,9,11,14,16,17,19,21,22,23>14,17,19,20,21,8,22,23
8,9,11,14,16,17,19,21,22,23>20,11,14,8,22,23
8,9,11,14,16,17,19,21,22,23>9,11,14,8,22,23
8,9,11,14,16,17,19,21,22,23>9,11,12,16,19,20,8,22,23
2,7,8,13,14,15,17,18,19,22,23>18,2,16,19,14,23
2,7,8,13,14,15,17,18,19,22,23>7,22,15,17,19,14,23
2,7,8,13,14,15,17,18,19,22,23>7,15,16,18,20,19,14,23
2,7,8,13,14,15,17,18,19,22,23>8,15,16,17,22,19,14,23
2,7,8,13,14,15,17,18,19,22,23>2,8,15,19,14,23
2,7,8,13,14,15,17,18,19,22,23>7,8,15,16,17,18,19,14,23
1,7,8,14,17,18,20,21,23>1,19,17,20,21
1,7,8,14,17,18,20,21,23>2,18,19,17,20,21
1,7,8,14,17,18,20,21,23>22,23,2,19,17,20,21
1,7,8,14,17,18,20,21,23>2,8,18,22,23,17,20,21
1,7,8,14,17,18,20,21,23>22,7,8,18,17,20,21
1,7,8,14,17,18,20,21,23>2,8,14,19,23,17,20,21
1,5,8,9,10,13,16,19,20,21,22>1,2,5,14,23,8,20,21,22
1,5,8,9,10,13,16,19,20,21,22>2,9,13,14,16,8,20,21,22
1,5,8,9,10,13,16,19,20,21,22>2,10,14,19,23,8,20,21,22
1,5,8,9,10,13,16,19,20,21,22>1,2,10,14,16,23,8,20,21,22
1,5,8,9,10,13,16,19,20,21,22>2,9,10,13,19,23,8,20,21,22
1,5,8,9,10,13,16,19,20,21,22>1,5,9,10,13,14,19,23,8,20,21,22
2,4,6,7,9,10,12,13,16,17,23>14,17,4,16,10,12,7
2,4,6,7,9,10,12,13,16,17,23>2,4,6,13,17,16,10,12,7
2,4,6,7,9,10,12,13,16,17,23>2,8,11,14,18,23,16,10,12,7
2,4,6,7,9,10,12,13,16,17,23>14,17,6,8,16,10,12,7
2,4,6,7,9,10,12,13,16,17,23>4,8,9,13,14,23,16,10,12,7
2,4,6,7,9,10,12,13,16,17,23>2,4,8,9,11,13,17,16,10,12,7
2,5,7,8,9,14,18,21,22,23>14,8,9,10,22,23
2,5,7,8,9,14,18,21,22,23>14,19,8,9,22,23
2,5,7,8,9,14,18,21,22,23>2,5,8,10,14,18,22,23
2,5,7,8,9,14,18,21,22,23>2,7,8,10,14,22,23
2,5,7,8,9,14,18,21,22,23>2,6,7,8,10,18,19,21,22,23
2,5,7,8,9,14,18,21,22,23>5,6,7,8,14,22,23
1,5,8,9,16,21,22>2,23,8,22
1,5,8,9,16,21,22>6,10,8,22
1,5,8,9,16,21,22>5,6,12,16,21,23,8,22
1,5,8,9,16,21,22>21,23,9,10,8,22
1,5,8,9,16,21,22>21,23,5,9,8,22
1,5,8,9,16,21,22>1,6,9,8,22
1,4,5,6,8,10,12,13,18,22>10,11,14,18,23,8,12,13,6
1,4,5,6,8,10,12,13,18,22>1,18,19,23,8,12,13,6
1,4,5,6,8,10,12,13,18,22>1,4,14,16,19,22,8,12,13,6
1,4,5,6,8,10,12,13,18,22>1,5,10,11,23,8,12,13,6
1,4,5,6,8,10,12,13,18,22>2,4,7,10,16,18,19,22,8,12,13,6
1,4,5,6,8,10,12,13,18,22>1,2,5,7,10,11,16,19,8,12,13,6
1,3,10,11,15,17,19>2,3,17,18,20,11
1,3,10,11,15,17,19>1,2,3,4,20,11
1,3,10,11,15,17,19>3,10,15,16,18,19,11
1,3,10,11,15,17,19>1,3,10,15,17,18,19,11
1,3,10,11,15,17,19>2,3,10,15,18,19,20,11
1,3,10,11,15,17,19>4,10,15,16,18,19,11
2,3,5,6,8,10,11,13,14,15,18,20,22,23>4,8,10,11,13,15,17,19,21,20,23,6,14
2,3,5,6,8,10,11,13,14,15,18,20,22,23>4,8,10,16,17,19,22,20,23,6,14
2,3,5,6,8,10,11,13,14,15,18,20,22,23>5,10,13,15,16,18,22,20,23,6,14
2,3,5,6,8,10,11,13,14,15,18,20,22,23>3,4,5,10,11,13,19,22,20,23,6,14
2,3,5,6,8,10,11,13,14,15,18,20,22,23>2,7,8,11,15,17,18,19,22,20,23,6,14
2,3,5,6,8,10,11,13,14,15,18,20,22,23>2,3,7,8,10,11,15,21,22,20,23,6,14
1,4,5,7,12,18,23>1,2,7,18,12
1,4,5,7,12,18,23>2,4,8,16,18,19,23,12
1,4,5,7,12,18,23>1,2,4,8,16,12
1,4,5,7,12,18,23>1,6,7,18,12
1,4,5,7,12,18,23>18,19,5,6,12
1,4,5,7,12,18,23>2,4,5,6,8,18,23,12
1,2,3,4,5,7,10,11,13,14,16,18,22>5,8,10,18,22,23,2,4,11,13,14,16
1,2,3,4,5,7,10,11,13,14,16,18,22>1,5,10,15,19,23,2,4,11,13,14,16
1,2,3,4,5,7,10,11,13,14,16,18,22>5,8,10,12,19,22,2,4,11,13,14,16
1,2,3,4,5,7,10,11,13,14,16,18,22>3,6,8,10,15,19,23,2,4,11,13,14,16
1,2,3,4,5,7,10,11,13,14,16,18,22>7,8,15,18,22,23,2,4,11,13,14,16
1,2,3,4,5,7,10,11,13,14,16,18,22>1,3,5,7,10,15,2,4,11,13,14,16
9,10,17,18,19,20,23>9,10,17,18,19,20
9,10,17,18,19,20,23>9,21,17,18,19,20
9,10,17,18,19,20,23>10,21,17,18,19,20
9,10,17,18,19,20,23>9,23,17,18,19,20
9,10,17,18,19,20,23>10,23,17,18,19,20
9,10,17,18,19,20,23>21,23,17,18,19,20
3,6,11,13,14,16,17,19,21,22>3,4,6,15,16,17,18,19,20,21,13,14,22
3,6,11,13,14,16,17,19,21,22>4,7,15,16,18,13,14,22
3,6,11,13,14,16,17,19,21,22>8,11,12,15,18,13,14,22
3,6,11,13,14,16,17,19,21,22>8,12,17,19,21,13,14,22
3,6,11,13,14,16,17,19,21,22>4,7,8,12,16,21,13,14,22
3,6,11,13,14,16,17,19,21,22>3,6,7,8,11,15,16,21,13,14,22
2,6,7,8,9,10,12,14,15,16,17,21,22,23>2,6,15,17,7,8,10,12,16,22,23
2,6,7,8,9,10,12,14,15,16,17,21,22,23>2,6,9,15,21,7,8,10,12,16,22,23
2,6,7,8,9,10,12,14,15,16,17,21,22,23>2,6,11,15,7,8,10,12,16,22,23
2,6,7,8,9,10,12,14,15,16,17,21,22,23>2,9,11,15,17,21,7,8,10,12,16,22,23
2,6,7,8,9,10,12,14,15,16,17,21,22,23>21,14,15,17,7,8,10,12,16,22,23
2,6,7,8,9,10,12,14,15,16,17,21,22,23>2,9,14,17,21,7,8,10,12,16,22,23
5,7,9,10,11,12,13,17,19,22>19,8,11,12,13
5,7,9,10,11,12,13,17,19,22>5,7,8,9,22,23,11,12,13
5,7,9,10,11,12,13,17,19,22>8,10,14,17,18,22,11,12,13
5,7,9,10,11,12,13,17,19,22>19,9,10,14,11,12,13
5,7,9,10,11,12,13,17,19,22>7,9,10,17,19,22,11,12,13
5,7,9,10,11,12,13,17,19,22>5,7,9,10,18,19,22,23,11,12,13
1,3,4,5,7,8,9,12,16,19,20,21,22,23>19,1,20,12,4,8,16,21,22,23
1,3,4,5,7,8,9,12,16,19,20,21,22,23>2,9,12,19,20,4,8,16,21,22,23
1,3,4,5,7,8,9,12,16,19,20,21,22,23>20,3,9,12,4,8,16,21,22,23
1,3,4,5,7,8,9,12,16,19,20,21,22,23>20,2,3,9,4,8,16,21,22,23
1,3,4,5,7,8,9,12,16,19,20,21,22,23>3,5,9,19,20,4,8,16,21,22,23
1,3,4,5,7,8,9,12,16,19,20,21,22,23>1,7,9,12,20,4,8,16,21,22,23
3,4,13,14,15,16,18,22>3,12,19,22,23,16,4,14,15
3,4,13,14,15,16,18,22>23,8,12,13,16,4,14,15
3,4,13,14,15,16,18,22>3,12,18,19,22,16,4,14,15
3,4,13,14,15,16,18,22>3,8,13,18,19,23,16,4,14,15
3,4,13,14,15,16,18,22>12,13,18,19,22,23,16,4,14,15
3,4,13,14,15,16,18,22>8,12,13,18,22,16,4,14,15
2,3,4,7,9,13,18,19,23>2,3,7,16,23,19,4
2,3,4,7,9,13,18,19,23>2,23,9,16,19,4
2,3,4,7,9,13,18,19,23>18,7,9,16,19,4
2,3,4,7,9,13,18,19,23>18,3,7,9,19,4
2,3,4,7,9,13,18,19,23>3,7,13,16,18,20,19,4
2,3,4,7,9,13,18,19,23>9,13,16,18,23,19,4
2,3,4,5,7,10,14,15,16,21,22>8,10,11,21,23,16,4,22,15
2,3,4,5,7,10,14,15,16,21,22>2,3,8,11,14,21,23,16,4,22,15
2,3,4,5,7,10,14,15,16,21,22>2,6,8,11,13,21,16,4,22,15
2,3,4,5,7,10,14,15,16,21,22>5,6,8,13,14,21,16,4,22,15
2,3,4,5,7,10,14,15,16,21,22>5,6,12,13,21,23,16,4,22,15
2,3,4,5,7,10,14,15,16,21,22>5,6,7,8,13,21,16,4,22,15
2,3,4,7,11,13,14,17,18,21,22>21,23,4,13,14,18,22
2,3,4,7,11,13,14,17,18,21,22>19,3,23,17,4,13,14,18,22
2,3,4,7,11,13,14,17,18,21,22>2,11,16,19,23,4,13,14,18,22
2,3,4,7,11,13,14,17,18,21,22>2,3,11,16,17,19,21,4,13,14,18,22
2,3,4,7,11,13,14,17,18,21,22>2,3,7,11,21,4,13,14,18,22
2,3,4,7,11,13,14,17,18,21,22>2,7,11,15,16,17,21,4,13,14,18,22
1,2,3,4,11,12,13,14,17,20,21,23>8,15,16,18,20,2,4,14,17,21
1,2,3,4,11,12,13,14,17,20,21,23>1,8,13,15,22,2,4,14,17,21
1,2,3,4,11,12,13,14,17,20,21,23>1,3,8,22,23,2,4,14,17,21
1,2,3,4,11,12,13,14,17,20,21,23>1,3,11,13,16,18,22,2,4,14,17,21
1,2,3,4,11,12,13,14,17,20,21,23>1,3,11,13,15,16,20,22,2,4,14,17,21
1,2,3,4,11,12,13,14,17,20,21,23>3,8,12,15,16,2,4,14,17,21
4,10,11,13,14,18,20,21,22>19,4,17,13,14,20,21,22
4,10,11,13,14,18,20,21,22>4,10,15,18,23,13,14,20,21,22
4,10,11,13,14,18,20,21,22>4,11,16,17,18,13,14,20,21,22
4,10,11,13,14,18,20,21,22>10,11,16,18,13,14,20,21,22
4,10,11,13,14,18,20,21,22>15,16,17,18,19,23,13,14,20,21,22
4,10,11,13,14,18,20,21,22>4,10,11,15,16,23,13,14,20,21,22
2,5,6,11,13,14>2,5,13,6,14
2,5,6,11,13,14>5,7,13,6,14
2,5,6,11,13,14>5,11,13,6,14
2,5,6,11,13,14>7,11,13,6,14
2,5,6,11,13,14>5,15,13,6,14
2,5,6,11,13,14>7,15,13,6,14
5,7,8,14,16,17,18,20,21,22>6,7,16,17,18,8,20,21,22
5,7,8,14,16,17,18,20,21,22>5,6,7,16,8,20,21,22
5,7,8,14,16,17,18,20,21,22>18,5,23,13,8,20,21,22
5,7,8,14,16,17,18,20,21,22>6,7,13,16,17,23,8,20,21,22
5,7,8,14,16,17,18,20,21,22>23,7,14,8,20,21,22
5,7,8,14,16,17,18,20,21,22>5,6,13,14,17,18,19,8,20,21,22
2,3,5,7,9,11,12,14,15,16,17,18,23>7,10,11,14,19,23,16,18,12,15
2,3,5,7,9,11,12,14,15,16,17,18,23>2,7,9,11,14,17,19,16,18,12,15
2,3,5,7,9,11,12,14,15,16,17,18,23>3,4,5,8,9,11,17,19,23,16,18,12,15
2,3,5,7,9,11,12,14,15,16,17,18,23>2,3,4,5,7,17,19,16,18,12,15
2,3,5,7,9,11,12,14,15,16,17,18,23>3,4,5,7,9,14,17,19,16,18,12,15
2,3,5,7,9,11,12,14,15,16,17,18,23>2,5,6,8,9,11,14,23,16,18,12,15
1,2,3,4,5,6,7,9,10,11,15,16,17,19,20>1,5,9,10,11,17,18,21,2,4,7,16,20
1,2,3,4,5,6,7,9,10,11,15,16,17,19,20>3,5,6,11,17,18,19,21,2,4,7,16,20
1,2,3,4,5,6,7,9,10,11,15,16,17,19,20>3,8,13,17,19,2,4,7,16,20
1,2,3,4,5,6,7,9,10,11,15,16,17,19,20>1,3,8,10,13,15,18,2,4,7,16,20
1,2,3,4,5,6,7,9,10,11,15,16,17,19,20>5,8,10,15,17,18,21,2,4,7,16,20
1,2,3,4,5,6,7,9,10,11,15,16,17,19,20>5,6,8,11,15,17,18,2,4,7,16,20
6,7,8,10,12,15,17,19,23>10,17,19,8,12,7
6,7,8,10,12,15,17,19,23>6,10,15,17,8,12,7
6,7,8,10,12,15,17,19,23>6,11,15,17,8,12,7
6,7,8,10,12,15,17,19,23>23,6,16,17,8,12,7
6,7,8,10,12,15,17,19,23>6,15,16,17,8,12,7
6,7,8,10,12,15,17,19,23>6,10,15,16,8,12,7
1,2,3,4,6,8,10,12,14,18,21,23>19,3,6,22,8,2,4,12
1,2,3,4,6,8,10,12,14,18,21,23>1,7,14,16,19,8,2,4,12
1,2,3,4,6,8,10,12,14,18,21,23>19,6,7,23,8,2,4,12
1,2,3,4,6,8,10,12,14,18,21,23>1,6,7,11,19,8,2,4,12
1,2,3,4,6,8,10,12,14,18,21,23>3,10,16,18,19,21,22,8,2,4,12
1,2,3,4,6,8,10,12,14,18,21,23>7,10,11,14,18,21,8,2,4,12
1,4,7,11,12,13,15,16,17,18,19,20>1,20,11,15,16,18,19,13
1,4,7,11,12,13,15,16,17,18,19,20>1,2,4,11,14,21,16,18,19,13
1,4,7,11,12,13,15,16,17,18,19,20>2,7,8,11,12,15,20,16,18,19,13
1,4,7,11,12,13,15,16,17,18,19,20>1,20,8,12,16,18,19,13
1,4,7,11,12,13,15,16,17,18,19,20>2,7,8,12,14,15,20,21,16,18,19,13
1,4,7,11,12,13,15,16,17,18,19,20>2,7,8,11,14,15,17,20,16,18,19,13
3,4,7,9,14,15,18,19,20,21>3,22,17,4,15,19,20,21
3,4,7,9,14,15,18,19,20,21>18,3,16,17,4,15,19,20,21
3,4,7,9,14,15,18,19,20,21>3,7,13,18,22,4,15,19,20,21
3,4,7,9,14,15,18,19,20,21>9,13,16,17,18,4,15,19,20,21
3,4,7,9,14,15,18,19,20,21>7,9,13,16,22,4,15,19,20,21
3,4,7,9,14,15,18,19,20,21>3,13,14,17,4,15,19,20,21
1,2,3,9,10,13,15,16,17,18,21,23>1,8,12,13,14,15,17,16,18,2,10
1,2,3,9,10,13,15,16,17,18,21,23>3,4,8,11,12,13,14,15,17,19,22,16,18,2,10
1,2,3,9,10,13,15,16,17,18,21,23>1,3,4,8,11,12,13,15,17,19,23,16,18,2,10
1,2,3,9,10,13,15,16,17,18,21,23>3,4,8,11,12,13,15,19,21,22,23,16,18,2,10
1,2,3,9,10,13,15,16,17,18,21,23>1,9,12,13,14,15,17,19,21,16,18,2,10
1,2,3,9,10,13,15,16,17,18,21,23>4,8,9,11,12,13,14,17,21,23,16,18,2,10
1,3,5,6,8,12,14,17,18,20,22,23>2,14,19,20,21,22,8,17,6,23
1,3,5,6,8,12,14,17,18,20,22,23>2,3,7,12,19,21,8,17,6,23
1,3,5,6,8,12,14,17,18,20,22,23>1,4,7,12,18,19,20,21,22,8,17,6,23
1,3,5,6,8,12,14,17,18,20,22,23>1,3,4,7,14,21,22,8,17,6,23
1,3,5,6,8,12,14,17,18,20,22,23>2,3,4,7,12,14,19,22,8,17,6,23
1,3,5,6,8,12,14,17,18,20,22,23>1,2,3,5,7,12,14,18,20,22,8,17,6,23
1,3,4,6,10,11,17,18,19,23>20,2,16,19,18,11,4
1,3,4,6,10,11,17,18,19,23>3,7,10,16,20,19,18,11,4
1,3,4,6,10,11,17,18,19,23>1,2,3,7,17,20,23,19,18,11,4
1,3,4,6,10,11,17,18,19,23>1,6,7,16,17,23,19,18,11,4
1,3,4,6,10,11,17,18,19,23>1,2,6,7,19,18,11,4
1,3,4,6,10,11,17,18,19,23>1,3,6,7,16,20,23,19,18,11,4
1,2,4,5,7,10,11,13,15,16,18,21>15,18,21,10,16,2,11,13
1,2,4,5,7,10,11,13,15,16,18,21>1,14,15,18,19,22,16,2,11,13
1,2,4,5,7,10,11,13,15,16,18,21>4,18,19,22,16,2,11,13
1,2,4,5,7,10,11,13,15,16,18,21>1,4,12,14,19,21,22,16,2,11,13
1,2,4,5,7,10,11,13,15,16,18,21>12,14,6,19,16,2,11,13
1,2,4,5,7,10,11,13,15,16,18,21>1,4,6,8,14,15,19,21,22,16,2,11,13
1,3,4,9,11,12,16,17,19>8,11,16,4,12
1,3,4,9,11,12,16,17,19>17,19,9,11,16,4,12
1,3,4,9,11,12,16,17,19>1,9,11,13,17,18,16,4,12
1,3,4,9,11,12,16,17,19>1,2,9,13,17,16,4,12
1,3,4,9,11,12,16,17,19>1,2,3,9,13,16,4,12
1,3,4,9,11,12,16,17,19>1,3,8,9,18,19,16,4,12
1,2,3,4,5,7,10,11,12,14,15,16,21,22>13,5,8,10,2,4,11,12,15,16,22
1,2,3,4,5,7,10,11,12,14,15,16,21,22>1,6,10,13,21,2,4,11,12,15,16,22
1,2,3,4,5,7,10,11,12,14,15,16,21,22>3,6,8,10,13,14,2,4,11,12,15,16,22
1,2,3,4,5,7,10,11,12,14,15,16,21,22>5,6,8,10,14,21,23,2,4,11,12,15,16,22
1,2,3,4,5,7,10,11,12,14,15,16,21,22>1,5,7,8,13,14,23,2,4,11,12,15,16,22
1,2,3,4,5,7,10,11,12,14,15,16,21,22>1,3,6,7,8,21,23,2,4,11,12,15,16,22
2,3,4,10,13,14,15,17,20,21,22>2,3,23,4,13,14,15,17,20,21,22
2,3,4,10,13,14,15,17,20,21,22>2,16,23,4,13,14,15,17,20,21,22
2,3,4,10,13,14,15,17,20,21,22>3,18,23,4,13,14,15,17,20,21,22
2,3,4,10,13,14,15,17,20,21,22>2,3,16,18,4,13,14,15,17,20,21,22
2,3,4,10,13,14,15,17,20,21,22>10,16,18,23,4,13,14,15,17,20,21,22
2,3,4,10,13,14,15,17,20,21,22>2,10,16,18,4,13,14,15,17,20,21,22
2,3,4,5,7,10,11,12,13,14,19,21,22>2,3,16,21,23,4,11,12,13,14,22
2,3,4,5,7,10,11,12,13,14,19,21,22>2,5,10,16,19,21,23,4,11,12,13,14,22
2,3,4,5,7,10,11,12,13,14,19,21,22>8,10,15,16,19,23,4,11,12,13,14,22
2,3,4,5,7,10,11,12,13,14,19,21,22>5,8,15,16,19,21,4,11,12,13,14,22
2,3,4,5,7,10,11,12,13,14,19,21,22>5,7,8,10,15,19,21,23,4,11,12,13,14,22
2,3,4,5,7,10,11,12,13,14,19,21,22>3,5,7,8,16,23,4,11,12,13,14,22
1,2,4,5,11,12,13,15,17,18,19,20,21,23>5,12,13,16,22,23,2,17,18,19,21
1,2,4,5,11,12,13,15,17,18,19,20,21,23>1,4,5,14,15,20,22,2,17,18,19,21
1,2,4,5,11,12,13,15,17,18,19,20,21,23>1,4,8,12,13,14,15,16,20,22,2,17,18,19,21
1,2,4,5,11,12,13,15,17,18,19,20,21,23>4,5,8,12,15,16,20,22,2,17,18,19,21
1,2,4,5,11,12,13,15,17,18,19,20,21,23>1,5,11,12,15,16,2,17,18,19,21
1,2,4,5,11,12,13,15,17,18,19,20,21,23>1,8,11,12,15,16,20,23,2,17,18,19,21
