TCR,NFAT,IFN-\beta,IFN-\betaR,IL-18,IL-18R,IRAK,SOCS1,IL-12,IL-12R,STAT4,T-bet,IFN-\gamma,IFN-\gammaR,JAK1,STAT1,IL-4,IL-4R,STAT6,GATA3,IL-10,IL-10R,STAT3
1,5,6,11,13,14,19>19,2,15,13,14
1,5,6,11,13,14,19>1,7,11,15,19,20,13,14
1,5,6,11,13,14,19>1,2,7,19,20,13,14
1,5,6,11,13,14,19>1,5,7,15,19,20,13,14
1,5,6,11,13,14,19>1,2,6,7,11,15,20,13,14
1,5,6,11,13,14,19>1,2,5,6,7,20,13,14
2,3,4,5,6,8,9,10,11,15,16,19,21,22>5,9,13,15,19,20,4,8,11,16,22
2,3,4,5,6,8,9,10,11,15,16,19,21,22>3,5,6,9,10,12,13,15,21,23,4,8,11,16,22
2,3,4,5,6,8,9,10,11,15,16,19,21,22>2,3,5,6,10,13,15,19,20,4,8,11,16,22
2,3,4,5,6,8,9,10,11,15,16,19,21,22>3,5,7,10,13,15,20,4,8,11,16,22
2,3,4,5,6,8,9,10,11,15,16,19,21,22>2,6,7,19,21,23,4,8,11,16,22
2,3,4,5,6,8,9,10,11,15,16,19,21,22>2,3,5,6,7,12,15,20,4,8,11,16,22
1,2,4,5,6,7,10,14,17,22,23>1,22,17,15,2,23,6,7
1,2,4,5,6,7,10,14,17,22,23>1,5,14,15,18,2,23,6,7
1,2,4,5,6,7,10,14,17,22,23>4,5,11,16,18,22,2,23,6,7
1,2,4,5,6,7,10,14,17,22,23>5,10,11,14,15,16,18,22,2,23,6,7
1,2,4,5,6,7,10,14,17,22,23>1,5,10,11,16,18,22,2,23,6,7
1,2,4,5,6,7,10,14,17,22,23>4,5,10,11,15,17,18,22,2,23,6,7
6,7,8,9,11,12,23>6,9,10,8,12,7
6,7,8,9,11,12,23>6,9,11,8,12,7
6,7,8,9,11,12,23>6,10,11,8,12,7
6,7,8,9,11,12,23>6,9,23,8,12,7
6,7,8,9,11,12,23>10,23,8,12,7
6,7,8,9,11,12,23>6,11,23,8,12,7
2,3,4,5,6,8,9,15,16,17,18,21>10,13,15,19,21,8,16,4,6
2,3,4,5,6,8,9,15,16,17,18,21>2,3,7,10,13,15,17,22,8,16,4,6
2,3,4,5,6,8,9,15,16,17,18,21>2,3,7,17,19,22,8,16,4,6
2,3,4,5,6,8,9,15,16,17,18,21>17,19,9,22,8,16,4,6
2,3,4,5,6,8,9,15,16,17,18,21>2,5,9,10,12,13,15,21,22,8,16,4,6
2,3,4,5,6,8,9,15,16,17,18,21>3,5,9,10,13,18,21,22,8,16,4,6
1,3,5,6,8,10,11,13,15,16,17,18,20,23>2,7,11,14,15,19,21,23,8,16,20,6
1,3,5,6,8,10,11,13,15,16,17,18,20,23>1,2,11,17,21,8,16,20,6
1,3,5,6,8,10,11,13,15,16,17,18,20,23>1,2,5,7,13,15,19,21,8,16,20,6
1,3,5,6,8,10,11,13,15,16,17,18,20,23>1,2,5,7,13,14,15,17,18,21,23,8,16,20,6
1,3,5,6,8,10,11,13,15,16,17,18,20,23>1,3,5,7,10,14,18,19,23,8,16,20,6
1,3,5,6,8,10,11,13,15,16,17,18,20,23>2,3,4,5,11,15,18,8,16,20,6
2,3,5,13,14,15,16,17,18,21,22>4,12,17,19,21,13,14,15,16,18,22
2,3,5,13,14,15,16,17,18,21,22>2,4,8,17,21,13,14,15,16,18,22
2,3,5,13,14,15,16,17,18,21,22>2,3,4,19,21,23,13,14,15,16,18,22
2,3,5,13,14,15,16,17,18,21,22>6,12,17,19,21,23,13,14,15,16,18,22
2,3,5,13,14,15,16,17,18,21,22>2,6,8,12,17,23,13,14,15,16,18,22
2,3,5,13,14,15,16,17,18,21,22>3,4,6,12,19,21,23,13,14,15,16,18,22
1,2,4,6,7,8,9,12,15,16,17,18,19,20,21,23>15,17,20,22,23,2,7,8,16,19,21
1,2,4,6,7,8,9,12,15,16,17,18,19,20,21,23>4,6,17,18,20,22,23,2,7,8,16,19,21
1,2,4,6,7,8,9,12,15,16,17,18,19,20,21,23>4,6,15,17,18,20,23,2,7,8,16,19,21
1,2,4,6,7,8,9,12,15,16,17,18,19,20,21,23>1,4,6,15,18,23,2,7,8,16,19,21
1,2,4,6,7,8,9,12,15,16,17,18,19,20,21,23>4,23,9,12,2,7,8,16,19,21
1,2,4,6,7,8,9,12,15,16,17,18,19,20,21,23>1,6,9,12,18,22,2,7,8,16,19,21
1,2,3,6,8,9,10,12,13,21,22,23>4,9,13,14,21,2,8,10,12,22,23
1,2,3,6,8,9,10,12,13,21,22,23>1,6,14,11,2,8,10,12,22,23
1,2,3,6,8,9,10,12,13,21,22,23>3,6,9,11,14,21,2,8,10,12,22,23
1,2,3,6,8,9,10,12,13,21,22,23>7,9,13,14,21,2,8,10,12,22,23
1,2,3,6,8,9,10,12,13,21,22,23>6,7,11,14,21,2,8,10,12,22,23
1,2,3,6,8,9,10,12,13,21,22,23>4,6,7,9,11,14,2,8,10,12,22,23
1,2,7,8,9,14,17,22>7,13,14,17,23,2
1,2,7,8,9,14,17,22>7,9,13,17,22,2
1,2,7,8,9,14,17,22>1,8,9,2
1,2,7,8,9,14,17,22>8,9,10,13,2
1,2,7,8,9,14,17,22>1,7,10,14,17,23,2
1,2,7,8,9,14,17,22>8,9,10,22,23,2
3,4,5,8,10,11,12,15,16,17,19,23>3,5,10,19,23,4,8,11,12,16
3,4,5,8,10,11,12,15,16,17,19,23>3,5,17,19,4,8,11,12,16
3,4,5,8,10,11,12,15,16,17,19,23>10,17,23,4,8,11,12,16
3,4,5,8,10,11,12,15,16,17,19,23>3,5,10,17,4,8,11,12,16
3,4,5,8,10,11,12,15,16,17,19,23>15,17,19,23,4,8,11,12,16
3,4,5,8,10,11,12,15,16,17,19,23>5,15,17,4,8,11,12,16
1,3,5,6,7,8,9,11,13,14,15,16,19,22>2,3,11,12,22,23,7,8,13,14,16
1,3,5,6,7,8,9,11,13,14,15,16,19,22>2,5,20,22,23,7,8,13,14,16
1,3,5,6,7,8,9,11,13,14,15,16,19,22>1,3,5,6,9,15,19,20,22,7,8,13,14,16
1,3,5,6,7,8,9,11,13,14,15,16,19,22>1,2,3,5,6,9,11,12,22,7,8,13,14,16
1,3,5,6,7,8,9,11,13,14,15,16,19,22>1,2,4,5,9,19,22,7,8,13,14,16
1,3,5,6,7,8,9,11,13,14,15,16,19,22>1,3,4,5,11,15,22,23,7,8,13,14,16
1,2,3,5,6,8,9,10,11,13,14,15,19,22>3,4,10,16,19,2,11,13,14
1,2,3,5,6,8,9,10,11,13,14,15,19,22>1,3,4,7,9,19,23,2,11,13,14
1,2,3,5,6,8,9,10,11,13,14,15,19,22>1,4,5,8,15,22,2,11,13,14
1,2,3,5,6,8,9,10,11,13,14,15,19,22>3,4,5,7,8,9,16,20,23,2,11,13,14
1,2,3,5,6,8,9,10,11,13,14,15,19,22>6,7,9,10,20,22,23,2,11,13,14
1,2,3,5,6,8,9,10,11,13,14,15,19,22>1,5,6,10,15,20,2,11,13,14
3,6,9,10,12,13,15,16,18,20,22,23>3,9,13,15,21,16,10,23
3,6,9,10,12,13,15,16,18,20,22,23>4,6,14,15,18,21,22,16,10,23
3,6,9,10,12,13,15,16,18,20,22,23>3,6,7,9,12,13,14,15,19,20,16,10,23
3,6,9,10,12,13,15,16,18,20,22,23>8,13,14,19,20,16,10,23
3,6,9,10,12,13,15,16,18,20,22,23>3,7,8,13,18,19,16,10,23
3,6,9,10,12,13,15,16,18,20,22,23>3,4,6,7,8,9,12,20,21,16,10,23
2,3,8,14,16,17,18,19,20,21>18,2,3,8,19,20,21
2,3,8,14,16,17,18,19,20,21>2,4,22,17,8,19,20,21
2,3,8,14,16,17,18,19,20,21>2,3,4,17,8,19,20,21
2,3,8,14,16,17,18,19,20,21>22,3,4,13,8,19,20,21
2,3,8,14,16,17,18,19,20,21>13,14,16,17,18,22,8,19,20,21
2,3,8,14,16,17,18,19,20,21>3,4,13,14,17,8,19,20,21
1,2,4,5,7,8,9,10,11,15,16,17,20,21,23>1,4,9,11,15,17,2,8,10,16,20,21
1,2,4,5,7,8,9,10,11,15,16,17,20,21,23>4,6,9,17,22,23,2,8,10,16,20,21
1,2,4,5,7,8,9,10,11,15,16,17,20,21,23>17,23,7,11,2,8,10,16,20,21
1,2,4,5,7,8,9,10,11,15,16,17,20,21,23>1,5,7,9,22,23,2,8,10,16,20,21
1,2,4,5,7,8,9,10,11,15,16,17,20,21,23>4,5,7,11,15,23,2,8,10,16,20,21
1,2,4,5,7,8,9,10,11,15,16,17,20,21,23>1,4,5,6,7,17,2,8,10,16,20,21
6,8,13,14,17,18,19,21,22,23>21,6,8,20,19,23,14,22
6,8,13,14,17,18,19,21,22,23>7,8,18,20,21,19,23,14,22
6,8,13,14,17,18,19,21,22,23>21,7,17,20,19,23,14,22
6,8,13,14,17,18,19,21,22,23>6,7,8,17,21,19,23,14,22
6,8,13,14,17,18,19,21,22,23>6,13,17,18,19,23,14,22
6,8,13,14,17,18,19,21,22,23>7,8,13,17,20,19,23,14,22
1,7,8,9,14,15,16,18,19,20,21>9,14,15,18,22,8,16,19,20,21
1,7,8,9,14,15,16,18,19,20,21>22,2,9,15,8,16,19,20,21
1,7,8,9,14,15,16,18,19,20,21>1,7,9,18,22,8,16,19,20,21
1,7,8,9,14,15,16,18,19,20,21>1,2,7,13,8,16,19,20,21
1,7,8,9,14,15,16,18,19,20,21>22,9,13,8,16,19,20,21
1,7,8,9,14,15,16,18,19,20,21>2,9,13,8,16,19,20,21
2,4,5,6,7,8,11,17,20,23>23,4,21,17,20,6,7
2,4,5,6,7,8,11,17,20,23>23,5,8,21,17,20,6,7
2,4,5,6,7,8,11,17,20,23>5,8,16,21,17,20,6,7
2,4,5,6,7,8,11,17,20,23>23,5,11,21,17,20,6,7
2,4,5,6,7,8,11,17,20,23>4,5,8,11,23,17,20,6,7
2,4,5,6,7,8,11,17,20,23>2,4,5,8,11,21,17,20,6,7
1,2,3,4,9,11,13,14,16,17,18,19,20,21>22,3,17,2,4,13,14,16,18,19,20,21
1,2,3,4,9,11,13,14,16,17,18,19,20,21>8,15,17,2,4,13,14,16,18,19,20,21
1,2,3,4,9,11,13,14,16,17,18,19,20,21>1,9,15,17,22,2,4,13,14,16,18,19,20,21
1,2,3,4,9,11,13,14,16,17,18,19,20,21>3,8,9,15,2,4,13,14,16,18,19,20,21
1,2,3,4,9,11,13,14,16,17,18,19,20,21>22,9,11,15,2,4,13,14,16,18,19,20,21
1,2,3,4,9,11,13,14,16,17,18,19,20,21>1,3,9,11,15,17,2,4,13,14,16,18,19,20,21
2,4,5,8,9,11,12,13,16,17,18,19>5,14,17,8,12,13,16,19
2,4,5,8,9,11,12,13,16,17,18,19>9,14,17,8,12,13,16,19
2,4,5,8,9,11,12,13,16,17,18,19>18,4,11,17,8,12,13,16,19
2,4,5,8,9,11,12,13,16,17,18,19>18,5,11,14,8,12,13,16,19
2,4,5,8,9,11,12,13,16,17,18,19>2,4,5,11,14,8,12,13,16,19
2,4,5,8,9,11,12,13,16,17,18,19>18,5,9,11,8,12,13,16,19
2,4,5,8,9,12,13,14,17,19,20,21,23>2,4,16,8,17,21,14
2,4,5,8,9,12,13,14,17,19,20,21,23>9,13,19,20,22,23,8,17,21,14
2,4,5,8,9,12,13,14,17,19,20,21,23>4,9,13,16,20,22,8,17,21,14
2,4,5,8,9,12,13,14,17,19,20,21,23>20,22,5,9,8,17,21,14
2,4,5,8,9,12,13,14,17,19,20,21,23>4,5,9,20,23,8,17,21,14
2,4,5,8,9,12,13,14,17,19,20,21,23>4,5,9,12,13,16,19,8,17,21,14
2,5,6,9,11,13,15,18,21,22>5,9,14,18,19,23,13,6,22
2,5,6,9,11,13,15,18,21,22>2,5,9,11,16,19,21,23,13,6,22
2,5,6,9,11,13,15,18,21,22>5,7,9,11,15,18,19,21,23,13,6,22
2,5,6,9,11,13,15,18,21,22>5,7,10,15,16,18,13,6,22
2,5,6,9,11,13,15,18,21,22>5,7,10,11,14,15,16,19,21,23,13,6,22
2,5,6,9,11,13,15,18,21,22>2,9,10,14,18,23,13,6,22
2,4,5,7,10,11,12,13,14,15,17,21,23>13,17,5,8,11,12,14,15
2,4,5,7,10,11,12,13,14,15,17,21,23>4,5,6,8,13,16,18,11,12,14,15
2,4,5,7,10,11,12,13,14,15,17,21,23>17,7,8,10,11,12,14,15
2,4,5,7,10,11,12,13,14,15,17,21,23>4,6,7,10,13,16,22,23,11,12,14,15
2,4,5,7,10,11,12,13,14,15,17,21,23>2,5,7,13,21,22,23,11,12,14,15
2,4,5,7,10,11,12,13,14,15,17,21,23>4,6,7,8,13,17,18,23,11,12,14,15
1,2,6,12,14,15,18>18,19,6,2,12,15
1,2,6,12,14,15,18>6,7,14,16,18,2,12,15
1,2,6,12,14,15,18>1,8,14,16,18,2,12,15
1,2,6,12,14,15,18>19,6,8,2,12,15
1,2,6,12,14,15,18>1,7,8,14,18,2,12,15
1,2,6,12,14,15,18>1,6,7,8,16,18,2,12,15
2,5,6,7,9,11,15,16,19,21>19,22,11,12,16,7
2,5,6,7,9,11,15,16,19,21>5,6,8,11,12,16,7
2,5,6,7,9,11,15,16,19,21>5,9,11,15,20,21,22,16,7
2,5,6,7,9,11,15,16,19,21>5,8,9,11,12,19,20,21,16,7
2,5,6,7,9,11,15,16,19,21>5,8,9,19,20,21,22,16,7
2,5,6,7,9,11,15,16,19,21>2,5,6,8,9,12,19,16,7
2,3,6,8,12,14,18,19,21>2,3,4,14,18,21,22,8,19,12
2,3,6,8,12,14,18,19,21>3,6,13,14,18,21,22,8,19,12
2,3,6,8,12,14,18,19,21>2,7,13,18,21,8,19,12
2,3,6,8,12,14,18,19,21>2,3,7,13,21,8,19,12
2,3,6,8,12,14,18,19,21>3,6,7,13,14,8,19,12
2,3,6,8,12,14,18,19,21>2,3,6,7,14,18,21,22,8,19,12
4,5,6,9,11,12,14,15,16,17,19,20,21,22>4,5,6,9,13,19,20,16,21,22,15
4,5,6,9,11,12,14,15,16,17,19,20,21,22>12,7,19,20,16,21,22,15
4,5,6,9,11,12,14,15,16,17,19,20,21,22>6,7,9,14,17,16,21,22,15
4,5,6,9,11,12,14,15,16,17,19,20,21,22>4,5,6,7,9,12,13,14,16,21,22,15
4,5,6,9,11,12,14,15,16,17,19,20,21,22>5,8,9,23,16,21,22,15
4,5,6,9,11,12,14,15,16,17,19,20,21,22>4,6,7,8,12,13,17,18,16,21,22,15
1,3,7,8,10,13,16,18,19,22,23>1,11,12,13,16,18,8,19,23
1,3,7,8,10,13,16,18,19,22,23>4,12,14,16,18,22,8,19,23
1,3,7,8,10,13,16,18,19,22,23>3,4,11,13,14,16,20,8,19,23
1,3,7,8,10,13,16,18,19,22,23>1,3,7,10,12,13,20,8,19,23
1,3,7,8,10,13,16,18,19,22,23>2,3,4,7,10,12,16,20,8,19,23
1,3,7,8,10,13,16,18,19,22,23>2,3,4,7,12,14,16,18,8,19,23
1,3,4,10,11,13,14,15,16,19,20,21>2,3,19,4,13,14,15,16,20,21
1,3,4,10,11,13,14,15,16,19,20,21>22,1,8,19,4,13,14,15,16,20,21
1,3,4,10,11,13,14,15,16,19,20,21>3,8,11,19,4,13,14,15,16,20,21
1,3,4,10,11,13,14,15,16,19,20,21>1,3,8,19,4,13,14,15,16,20,21
1,3,4,10,11,13,14,15,16,19,20,21>1,2,10,11,22,4,13,14,15,16,20,21
1,3,4,10,11,13,14,15,16,19,20,21>1,2,3,8,10,4,13,14,15,16,20,21
2,5,6,9,10,11,12,13,14,15,16,21,23>2,23,13,21,6,10,11,12,14,15,16
2,5,6,9,10,11,12,13,14,15,16,21,23>22,5,13,21,6,10,11,12,14,15,16
2,5,6,9,10,11,12,13,14,15,16,21,23>2,5,7,8,23,6,10,11,12,14,15,16
2,5,6,9,10,11,12,13,14,15,16,21,23>22,2,9,21,6,10,11,12,14,15,16
2,5,6,9,10,11,12,13,14,15,16,21,23>2,5,9,21,6,10,11,12,14,15,16
2,5,6,9,10,11,12,13,14,15,16,21,23>5,8,9,13,6,10,11,12,14,15,16
1,2,5,7,8,9,10,12,14,16,17,19,20,21,22,23>19,7,2,8,21,22,23
1,2,5,7,8,9,10,12,14,16,17,19,20,21,22,23>1,9,14,16,17,19,20,2,8,21,22,23
1,2,5,7,8,9,10,12,14,16,17,19,20,21,22,23>1,5,10,16,19,20,2,8,21,22,23
1,2,5,7,8,9,10,12,14,16,17,19,20,21,22,23>20,7,10,2,8,21,22,23
1,2,5,7,8,9,10,12,14,16,17,19,20,21,22,23>5,9,10,14,17,19,20,2,8,21,22,23
1,2,5,7,8,9,10,12,14,16,17,19,20,21,22,23>1,5,7,9,10,12,2,8,21,22,23
2,5,6,7,8,14,18,19,20,21,22>18,2,6,14,7,19,20,21,22
2,5,6,7,8,14,18,19,20,21,22>18,23,8,17,7,19,20,21,22
2,5,6,7,8,14,18,19,20,21,22>23,8,14,17,7,19,20,21,22
2,5,6,7,8,14,18,19,20,21,22>18,2,6,8,7,19,20,21,22
2,5,6,7,8,14,18,19,20,21,22>2,6,13,14,17,23,7,19,20,21,22
2,5,6,7,8,14,18,19,20,21,22>2,5,8,13,14,7,19,20,21,22
1,2,4,5,6,9,10,13,14,15,16,19,20,22,23>1,4,9,10,13,19,2,14,15,16,20,23
1,2,4,5,6,9,10,13,14,15,16,19,20,22,23>4,5,9,10,13,19,21,22,2,14,15,16,20,23
1,2,4,5,6,9,10,13,14,15,16,19,20,22,23>1,5,6,8,10,19,21,22,2,14,15,16,20,23
1,2,4,5,6,9,10,13,14,15,16,19,20,22,23>4,5,6,8,10,13,21,2,14,15,16,20,23
1,2,4,5,6,9,10,13,14,15,16,19,20,22,23>4,5,7,8,19,21,22,2,14,15,16,20,23
1,2,4,5,6,9,10,13,14,15,16,19,20,22,23>1,4,5,6,7,9,10,19,21,2,14,15,16,20,23
1,2,3,6,9,13,15,20>9,10,14,15,17,21,2,20,13
1,2,3,6,9,13,15,20>3,6,9,16,21,2,20,13
1,2,3,6,9,13,15,20>1,4,6,10,21,2,20,13
1,2,3,6,9,13,15,20>7,10,14,15,16,21,2,20,13
1,2,3,6,9,13,15,20>1,3,6,7,9,10,14,16,17,2,20,13
1,2,3,6,9,13,15,20>3,4,6,7,10,14,17,21,2,20,13
2,5,7,9,13,17,18,20,21>19,2,5,22,13,17,18,20,21
2,5,7,9,13,17,18,20,21>19,22,6,10,13,17,18,20,21
2,5,7,9,13,17,18,20,21>2,5,6,7,10,13,17,18,20,21
2,5,7,9,13,17,18,20,21>2,6,9,10,19,13,17,18,20,21
2,5,7,9,13,17,18,20,21>2,5,6,9,10,14,22,13,17,18,20,21
2,5,7,9,13,17,18,20,21>7,9,10,14,13,17,18,20,21
1,2,6,8,13,14,16,22,23>6,7,16,22,8,2,14,23
1,2,6,8,13,14,16,22,23>1,6,7,12,22,8,2,14,23
1,2,6,8,13,14,16,22,23>1,6,13,8,2,14,23
1,2,6,8,13,14,16,22,23>7,13,22,8,2,14,23
1,2,6,8,13,14,16,22,23>1,7,13,16,8,2,14,23
1,2,6,8,13,14,16,22,23>1,12,13,8,2,14,23
1,3,4,10,11,12,15,18,19,23>2,3,15,16,19,11,4,12
1,3,4,10,11,12,15,18,19,23>1,2,3,16,18,23,19,11,4,12
1,3,4,10,11,12,15,18,19,23>1,8,15,16,19,11,4,12
1,3,4,10,11,12,15,18,19,23>18,3,8,19,11,4,12
1,3,4,10,11,12,15,18,19,23>18,2,10,19,11,4,12
1,3,4,10,11,12,15,18,19,23>1,2,10,16,23,19,11,4,12
1,2,3,5,10,13,14,15,16,17,18,23>3,8,12,17,19,23,2,14,15,16,18
1,2,3,5,10,13,14,15,16,17,18,23>1,3,4,8,12,13,17,19,2,14,15,16,18
1,2,3,5,10,13,14,15,16,17,18,23>5,8,11,13,17,19,23,2,14,15,16,18
1,2,3,5,10,13,14,15,16,17,18,23>3,6,8,10,17,19,2,14,15,16,18
1,2,3,5,10,13,14,15,16,17,18,23>1,3,4,6,10,17,19,2,14,15,16,18
1,2,3,5,10,13,14,15,16,17,18,23>3,5,6,8,10,11,17,23,2,14,15,16,18
1,2,5,7,9,10,12,13,15,20>6,9,14,15,16,2,10,13
1,2,5,7,9,10,12,13,15,20>1,6,7,9,12,14,17,21,2,10,13
1,2,5,7,9,10,12,13,15,20>8,14,15,17,21,2,10,13
1,2,5,7,9,10,12,13,15,20>21,5,16,8,2,10,13
1,2,5,7,9,10,12,13,15,20>1,6,8,9,12,14,15,17,2,10,13
1,2,5,7,9,10,12,13,15,20>1,5,6,7,8,9,14,15,17,20,2,10,13
1,2,4,5,10,12,13,15,17,18,20,21>1,4,16,20,22,2,13,17,18,21
1,2,4,5,10,12,13,15,17,18,20,21>1,4,5,10,14,15,19,20,22,2,13,17,18,21
1,2,4,5,10,12,13,15,17,18,20,21>4,6,12,14,16,19,22,2,13,17,18,21
1,2,4,5,10,12,13,15,17,18,20,21>1,4,5,6,10,12,14,15,22,2,13,17,18,21
1,2,4,5,10,12,13,15,17,18,20,21>4,6,8,12,14,16,20,2,13,17,18,21
1,2,4,5,10,12,13,15,17,18,20,21>1,5,6,8,10,16,2,13,17,18,21
2,6,8,9,10,11,12,13,17,18,19,21>21,22,9,14,8,11,12,13,19
2,6,8,9,10,11,12,13,17,18,19,21>2,6,9,17,18,8,11,12,13,19
2,6,8,9,10,11,12,13,17,18,19,21>2,7,9,17,21,8,11,12,13,19
2,6,8,9,10,11,12,13,17,18,19,21>6,10,17,18,21,22,8,11,12,13,19
2,6,8,9,10,11,12,13,17,18,19,21>2,6,7,10,14,17,21,8,11,12,13,19
2,6,8,9,10,11,12,13,17,18,19,21>6,7,9,10,18,22,8,11,12,13,19
1,6,7,8,9,11,14,16,17,18,19,20>6,13,16,17,21,8,19,20,7
1,6,7,8,9,11,14,16,17,18,19,20>2,6,13,14,18,8,19,20,7
1,6,7,8,9,11,14,16,17,18,19,20>2,9,14,17,18,21,8,19,20,7
1,6,7,8,9,11,14,16,17,18,19,20>1,2,6,9,13,14,16,21,8,19,20,7
1,6,7,8,9,11,14,16,17,18,19,20>11,14,17,18,21,8,19,20,7
1,6,7,8,9,11,14,16,17,18,19,20>1,9,11,13,17,8,19,20,7
2,5,8,10,11,15,16,17,18,19,20,22,23>2,5,15,17,8,16,19,20,23
2,5,8,10,11,15,16,17,18,19,20,22,23>10,11,15,17,18,21,8,16,19,20,23
2,5,8,10,11,15,16,17,18,19,20,22,23>2,10,15,17,18,21,8,16,19,20,23
2,5,8,10,11,15,16,17,18,19,20,22,23>2,10,15,17,22,8,16,19,20,23
2,5,8,10,11,15,16,17,18,19,20,22,23>2,11,15,8,16,19,20,23
2,5,8,10,11,15,16,17,18,19,20,22,23>22,10,11,15,8,16,19,20,23
3,4,5,6,7,9,10,16,18,19,21,22>12,18,20,21,23,4,7,16,19,22
3,4,5,6,7,9,10,16,18,19,21,22>3,6,23,11,4,7,16,19,22
3,4,5,6,7,9,10,16,18,19,21,22>3,5,6,23,4,7,16,19,22
3,4,5,6,7,9,10,16,18,19,21,22>5,6,8,10,12,13,21,23,4,7,16,19,22
3,4,5,6,7,9,10,16,18,19,21,22>3,8,9,10,11,12,20,4,7,16,19,22
3,4,5,6,7,9,10,16,18,19,21,22>5,8,9,10,12,13,20,21,4,7,16,19,22
1,3,5,7,10,11,15,17,18,19,22,23>1,3,7,10,15,16,20,19,18,11,23
1,3,5,7,10,11,15,17,18,19,22,23>2,3,4,15,16,20,19,18,11,23
1,3,5,7,10,11,15,17,18,19,22,23>1,3,5,10,20,22,19,18,11,23
1,3,5,7,10,11,15,17,18,19,22,23>2,3,5,7,10,15,16,17,22,19,18,11,23
1,3,5,7,10,11,15,17,18,19,22,23>1,4,5,15,22,19,18,11,23
1,3,5,7,10,11,15,17,18,19,22,23>1,2,3,4,5,7,10,15,17,20,19,18,11,23
4,6,7,10,16,19,21,22,23>21,6,8,12,16,23,22,7
4,6,7,10,16,19,21,22,23>21,8,10,16,23,22,7
4,6,7,10,16,19,21,22,23>4,6,8,10,12,19,16,23,22,7
4,6,7,10,16,19,21,22,23>6,11,12,16,23,22,7
4,6,7,10,16,19,21,22,23>4,6,11,19,16,23,22,7
4,6,7,10,16,19,21,22,23>4,6,8,11,21,16,23,22,7
3,4,6,16,18,19,20>3,6,21,16,19,4,20
3,4,6,16,18,19,20>6,7,21,16,19,4,20
3,4,6,16,18,19,20>8,21,16,19,4,20
3,4,6,16,18,19,20>6,18,21,16,19,4,20
3,4,6,16,18,19,20>3,6,18,16,19,4,20
3,4,6,16,18,19,20>7,18,16,19,4,20
2,3,4,6,7,8,15,16,17,18,20>21,3,13,17,4,7,8,16,20
2,3,4,6,7,8,15,16,17,18,20>6,13,17,18,19,21,4,7,8,16,20
2,3,4,6,7,8,15,16,17,18,20>2,6,13,17,21,4,7,8,16,20
2,3,4,6,7,8,15,16,17,18,20>21,6,15,4,7,8,16,20
2,3,4,6,7,8,15,16,17,18,20>19,2,6,15,4,7,8,16,20
2,3,4,6,7,8,15,16,17,18,20>2,3,13,15,18,21,4,7,8,16,20
2,3,14,15,18,19,20>18,2,17,19,20,15
2,3,14,15,18,19,20>18,3,16,19,20,15
2,3,14,15,18,19,20>2,4,16,21,19,20,15
2,3,14,15,18,19,20>2,3,4,21,19,20,15
2,3,14,15,18,19,20>18,3,14,19,20,15
2,3,14,15,18,19,20>2,3,4,13,14,19,20,15
5,6,8,9,13,16,18,20,21,22,23>18,7,9,14,6,8,20,21,22,23
5,6,8,9,13,16,18,20,21,22,23>9,10,14,16,6,8,20,21,22,23
5,6,8,9,13,16,18,20,21,22,23>5,7,9,10,19,6,8,20,21,22,23
5,6,8,9,13,16,18,20,21,22,23>5,13,14,19,6,8,20,21,22,23
5,6,8,9,13,16,18,20,21,22,23>19,10,13,6,8,20,21,22,23
5,6,8,9,13,16,18,20,21,22,23>5,7,10,13,16,6,8,20,21,22,23
1,2,5,9,12,13,15,18,21,22>5,14,15,16,21,2,12,13,22
1,2,5,9,12,13,15,18,21,22>5,10,14,19,21,2,12,13,22
1,2,5,9,12,13,15,18,21,22>1,6,16,19,23,2,12,13,22
1,2,5,9,12,13,15,18,21,22>1,6,10,15,18,19,21,2,12,13,22
1,2,5,9,12,13,15,18,21,22>6,9,14,2,12,13,22
1,2,5,9,12,13,15,18,21,22>5,6,8,9,15,16,18,21,23,2,12,13,22
2,3,7,8,11,14,17,18,20,22,23>18,19,21,17,20,23
2,3,7,8,11,14,17,18,20,22,23>18,2,3,7,17,20,23
2,3,7,8,11,14,17,18,20,22,23>4,7,19,21,22,17,20,23
2,3,7,8,11,14,17,18,20,22,23>3,8,11,18,22,17,20,23
2,3,7,8,11,14,17,18,20,22,23>4,8,11,14,21,17,20,23
2,3,7,8,11,14,17,18,20,22,23>2,4,7,8,11,18,19,22,17,20,23
2,3,4,7,9,10,13,15,18,21,22>2,14,15,16,18,23,10,4,13,22
2,3,4,7,9,10,13,15,18,21,22>9,15,16,18,19,21,10,4,13,22
2,3,4,7,9,10,13,15,18,21,22>2,9,14,15,10,4,13,22
2,3,4,7,9,10,13,15,18,21,22>2,9,11,15,16,18,10,4,13,22
2,3,4,7,9,10,13,15,18,21,22>2,3,9,11,14,16,19,23,10,4,13,22
2,3,4,7,9,10,13,15,18,21,22>7,9,11,15,16,18,19,10,4,13,22
3,4,6,7,9,10,13,14,15,16,19>19,3,8,11,4,7,13,14,15,16
3,4,6,7,9,10,13,14,15,16,19>6,8,11,12,4,7,13,14,15,16
3,4,6,7,9,10,13,14,15,16,19>3,6,8,12,19,4,7,13,14,15,16
3,4,6,7,9,10,13,14,15,16,19>6,10,12,19,20,4,7,13,14,15,16
3,4,6,7,9,10,13,14,15,16,19>3,6,8,10,19,4,7,13,14,15,16
3,4,6,7,9,10,13,14,15,16,19>3,9,10,19,20,4,7,13,14,15,16
3,6,7,13,14,17,18>4,6,18,13,14,7
3,6,7,13,14,17,18>3,4,15,18,13,14,7
3,6,7,13,14,17,18>6,15,19,18,13,14,7
3,6,7,13,14,17,18>3,17,19,18,13,14,7
3,6,7,13,14,17,18>3,4,17,18,13,14,7
3,6,7,13,14,17,18>3,15,17,18,13,14,7
2,3,5,6,7,12,15,16,17,19>2,4,8,13,19,16,12,7
2,3,5,6,7,12,15,16,17,19>2,4,8,13,17,16,12,7
2,3,5,6,7,12,15,16,17,19>3,4,5,8,13,17,16,12,7
2,3,5,6,7,12,15,16,17,19>2,3,4,5,15,17,16,12,7
2,3,5,6,7,12,15,16,17,19>15,2,3,6,16,12,7
2,3,5,6,7,12,15,16,17,19>5,6,8,13,17,18,16,12,7
1,2,3,4,5,7,16,20,22,23>5,8,2,4,16,20,23
1,2,3,4,5,7,16,20,22,23>22,1,5,6,2,4,16,20,23
1,2,3,4,5,7,16,20,22,23>22,3,5,6,2,4,16,20,23
1,2,3,4,5,7,16,20,22,23>22,1,7,21,2,4,16,20,23
1,2,3,4,5,7,16,20,22,23>22,6,7,8,2,4,16,20,23
1,2,3,4,5,7,16,20,22,23>1,3,5,6,7,21,2,4,16,20,23
4,6,8,9,11,14,18,19>6,13,14,16,18,20,19
4,6,8,9,11,14,18,19>4,6,11,13,14,16,18,19
4,6,8,9,11,14,18,19>4,6,9,11,13,14,16,19
4,6,8,9,11,14,18,19>20,16,7,9,19
4,6,8,9,11,14,18,19>4,6,9,11,13,16,20,19
4,6,8,9,11,14,18,19>7,8,9,13,18,20,19
5,7,12,14,16,18,20>8,13,14,15,16,20,21
5,7,12,14,16,18,20>6,8,15,16,18,19,20,21
5,7,12,14,16,18,20>12,14,15,16,18,19,20,21
5,7,12,14,16,18,20>5,12,13,14,18,20,21
5,7,12,14,16,18,20>5,8,12,13,14,21
5,7,12,14,16,18,20>7,8,12,14,16,18,19,21
5,6,7,8,10,14,16,20,21,22>5,10,6,7,8,20,21,22
5,6,7,8,10,14,16,20,21,22>10,13,23,6,7,8,20,21,22
5,6,7,8,10,14,16,20,21,22>14,23,6,7,8,20,21,22
5,6,7,8,10,14,16,20,21,22>5,14,6,7,8,20,21,22
5,6,7,8,10,14,16,20,21,22>5,16,23,6,7,8,20,21,22
5,6,7,8,10,14,16,20,21,22>10,14,16,6,7,8,20,21,22
3,5,10,12,13,14,19,22,23>4,13,12,14,23
3,5,10,12,13,14,19,22,23>3,4,19,12,14,23
3,5,10,12,13,14,19,22,23>8,11,13,15,19,12,14,23
3,5,10,12,13,14,19,22,23>3,4,5,8,11,15,12,14,23
3,5,10,12,13,14,19,22,23>3,5,10,11,19,12,14,23
3,5,10,12,13,14,19,22,23>3,5,10,11,13,15,12,14,23
1,2,5,7,8,9,11,12,13,14,15,17,18,20>12,5,19,2,8,13,14,17
1,2,5,7,8,9,11,12,13,14,15,17,18,20>1,6,11,12,15,2,8,13,14,17
1,2,5,7,8,9,11,12,13,14,15,17,18,20>1,9,12,15,16,20,2,8,13,14,17
1,2,5,7,8,9,11,12,13,14,15,17,18,20>1,9,12,16,18,21,2,8,13,14,17
1,2,5,7,8,9,11,12,13,14,15,17,18,20>5,9,10,15,16,20,21,2,8,13,14,17
1,2,5,7,8,9,11,12,13,14,15,17,18,20>5,7,9,10,12,15,18,20,21,2,8,13,14,17
1,2,3,4,7,12,13,15,17,18,22,23>1,3,7,17,22,2,4,12,18,23
1,2,3,4,7,12,13,15,17,18,22,23>3,22,8,14,2,4,12,18,23
1,2,3,4,7,12,13,15,17,18,22,23>1,7,8,16,17,22,2,4,12,18,23
1,2,3,4,7,12,13,15,17,18,22,23>22,13,14,2,4,12,18,23
1,2,3,4,7,12,13,15,17,18,22,23>7,13,14,16,17,2,4,12,18,23
1,2,3,4,7,12,13,15,17,18,22,23>3,7,13,14,17,2,4,12,18,23
3,7,9,10,15,16,18,19,21>3,4,7,11,13,18,21,16,19
3,7,9,10,15,16,18,19,21>3,8,11,12,13,21,16,19
3,7,9,10,15,16,18,19,21>4,9,11,13,15,21,16,19
3,7,9,10,15,16,18,19,21>8,9,10,11,13,15,20,22,16,19
3,7,9,10,15,16,18,19,21>8,9,10,11,15,18,20,21,16,19
3,7,9,10,15,16,18,19,21>3,7,8,9,10,13,18,22,16,19
1,2,4,5,6,7,8,9,11,15,17,18,19,20,21>13,15,16,11,2,7,17,19,20,21
1,2,4,5,6,7,8,9,11,15,17,18,19,20,21>13,18,4,5,2,7,17,19,20,21
1,2,4,5,6,7,8,9,11,15,17,18,19,20,21>1,5,6,9,11,16,18,22,2,7,17,19,20,21
1,2,4,5,6,7,8,9,11,15,17,18,19,20,21>4,5,8,9,16,2,7,17,19,20,21
1,2,4,5,6,7,8,9,11,15,17,18,19,20,21>1,4,6,8,13,15,16,2,7,17,19,20,21
1,2,4,5,6,7,8,9,11,15,17,18,19,20,21>1,4,5,6,8,15,16,2,7,17,19,20,21
1,5,6,7,9,11,13,14,16,18,20,23>2,13,15,16,18,21,23,14,20,6,7
1,5,6,7,9,11,13,14,16,18,20,23>1,2,13,15,16,18,19,14,20,6,7
1,5,6,7,9,11,13,14,16,18,20,23>2,5,10,11,13,16,18,14,20,6,7
1,5,6,7,9,11,13,14,16,18,20,23>8,10,16,18,21,14,20,6,7
1,5,6,7,9,11,13,14,16,18,20,23>9,10,13,15,16,21,14,20,6,7
1,5,6,7,9,11,13,14,16,18,20,23>1,2,5,9,10,11,13,19,14,20,6,7
4,10,11,13,15,16,17,19,20,22,23>19,11,13,14,16,20,23
4,10,11,13,15,16,17,19,20,22,23>10,11,15,17,19,21,22,16,20,23
4,10,11,13,15,16,17,19,20,22,23>4,13,14,17,18,19,16,20,23
4,10,11,13,15,16,17,19,20,22,23>4,8,13,14,15,19,21,16,20,23
4,10,11,13,15,16,17,19,20,22,23>11,13,18,19,21,22,16,20,23
4,10,11,13,15,16,17,19,20,22,23>4,10,11,13,15,17,18,16,20,23
2,3,4,5,6,7,9,10,11,12,15,16,18,20,22,23>11,12,15,18,19,22,4,6,7,10,16,23
2,3,4,5,6,7,9,10,11,12,15,16,18,20,22,23>2,8,11,12,18,19,20,22,4,6,7,10,16,23
2,3,4,5,6,7,9,10,11,12,15,16,18,20,22,23>5,9,12,15,18,22,4,6,7,10,16,23
2,3,4,5,6,7,9,10,11,12,15,16,18,20,22,23>2,5,9,18,20,4,6,7,10,16,23
2,3,4,5,6,7,9,10,11,12,15,16,18,20,22,23>3,5,9,11,15,18,19,21,4,6,7,10,16,23
2,3,4,5,6,7,9,10,11,12,15,16,18,20,22,23>2,8,9,11,12,15,19,21,4,6,7,10,16,23
1,2,5,6,7,8,9,10,14,16,19,20,22,23>1,5,6,14,2,7,8,20,23
1,2,5,6,7,8,9,10,14,16,19,20,22,23>5,6,9,21,22,2,7,8,20,23
1,2,5,6,7,8,9,10,14,16,19,20,22,23>1,5,6,9,16,19,21,2,7,8,20,23
1,2,5,6,7,8,9,10,14,16,19,20,22,23>1,5,10,14,16,21,2,7,8,20,23
1,2,5,6,7,8,9,10,14,16,19,20,22,23>1,5,10,19,21,2,7,8,20,23
1,2,5,6,7,8,9,10,14,16,19,20,22,23>6,9,10,16,19,2,7,8,20,23
2,3,4,5,8,10,12,17,19,20,21,22,23>5,19,4,8,17,21,22,23
2,3,4,5,8,10,12,17,19,20,21,22,23>20,2,10,19,4,8,17,21,22,23
2,3,4,5,8,10,12,17,19,20,21,22,23>2,3,5,10,16,20,4,8,17,21,22,23
2,3,4,5,8,10,12,17,19,20,21,22,23>2,3,12,16,4,8,17,21,22,23
2,3,4,5,8,10,12,17,19,20,21,22,23>10,12,16,19,20,4,8,17,21,22,23
2,3,4,5,8,10,12,17,19,20,21,22,23>3,10,12,19,4,8,17,21,22,23
1,4,6,7,8,9,12,16,22,23>4,10,22,7,8,12,16,23
1,4,6,7,8,9,12,16,22,23>1,4,6,10,7,8,12,16,23
1,4,6,7,8,9,12,16,22,23>1,9,10,7,8,12,16,23
1,4,6,7,8,9,12,16,22,23>2,9,10,22,7,8,12,16,23
1,4,6,7,8,9,12,16,22,23>6,9,22,7,8,12,16,23
1,4,6,7,8,9,12,16,22,23>2,6,9,10,7,8,12,16,23
1,3,4,6,13,19,20,21,23>2,23,13,14,21,4,20
1,3,4,6,13,19,20,21,23>1,2,3,14,16,17,19,21,4,20
1,3,4,6,13,19,20,21,23>1,2,6,13,14,16,19,21,4,20
1,3,4,6,13,19,20,21,23>3,7,13,17,22,21,4,20
1,3,4,6,13,19,20,21,23>6,7,14,16,17,19,22,23,21,4,20
1,3,4,6,13,19,20,21,23>1,2,6,7,13,14,19,21,4,20
1,3,4,5,6,8,12,13,14,18,20,23>1,2,12,16,17,19,21,23,8,4,6,14
1,3,4,5,6,8,12,13,14,18,20,23>1,3,17,13,8,4,6,14
1,3,4,5,6,8,12,13,14,18,20,23>3,5,12,18,20,23,8,4,6,14
1,3,4,5,6,8,12,13,14,18,20,23>1,3,5,17,19,21,8,4,6,14
1,3,4,5,6,8,12,13,14,18,20,23>1,2,3,5,12,13,20,21,8,4,6,14
1,3,4,5,6,8,12,13,14,18,20,23>7,17,18,19,21,23,8,4,6,14
1,3,4,5,6,15,20,21,22,23>17,15,4,6,20,21,22,23
1,3,4,5,6,15,20,21,22,23>17,1,2,16,4,6,20,21,22,23
1,3,4,5,6,15,20,21,22,23>1,3,5,16,4,6,20,21,22,23
1,3,4,5,6,15,20,21,22,23>2,3,5,16,17,4,6,20,21,22,23
1,3,4,5,6,15,20,21,22,23>2,3,7,4,6,20,21,22,23
1,3,4,5,6,15,20,21,22,23>5,7,15,4,6,20,21,22,23
1,3,5,10,11,13,14,15,16,17,20,22>22,6,8,13,14,15,16,20
1,3,5,10,11,13,14,15,16,17,20,22>2,8,11,18,21,22,13,14,15,16,20
1,3,5,10,11,13,14,15,16,17,20,22>3,4,10,11,22,13,14,15,16,20
1,3,5,10,11,13,14,15,16,17,20,22>2,5,11,17,18,13,14,15,16,20
1,3,5,10,11,13,14,15,16,17,20,22>2,4,5,6,10,21,23,13,14,15,16,20
1,3,5,10,11,13,14,15,16,17,20,22>1,2,4,5,6,8,13,14,15,16,20
3,5,7,8,11,12,14,20,23>3,4,5,11,12,17,20,23,8
3,5,7,8,11,12,14,20,23>4,5,6,14,17,20,23,8
3,5,7,8,11,12,14,20,23>3,7,11,12,14,17,23,8
3,5,7,8,11,12,14,20,23>4,7,11,14,17,20,21,23,8
3,5,7,8,11,12,14,20,23>4,7,12,14,21,8
3,5,7,8,11,12,14,20,23>3,5,6,7,11,14,20,21,8
2,5,7,8,11,17,23>5,6,11,17,23
2,5,7,8,11,17,23>5,6,7,11,23
2,5,7,8,11,17,23>23,2,8,11
2,5,7,8,11,17,23>23,5,8,17
2,5,7,8,11,17,23>2,5,8,11,17
2,5,7,8,11,17,23>2,7,8,11
1,3,5,6,7,8,10,12,13,14,15,19,20,21,22,23>2,3,6,13,17,7,8,14,21,22,23
1,3,5,6,7,8,10,12,13,14,15,19,20,21,22,23>1,3,5,6,10,13,15,16,20,7,8,14,21,22,23
1,3,5,6,7,8,10,12,13,14,15,19,20,21,22,23>4,5,10,12,13,15,16,17,20,7,8,14,21,22,23
1,3,5,6,7,8,10,12,13,14,15,19,20,21,22,23>4,5,6,10,12,19,20,7,8,14,21,22,23
1,3,5,6,7,8,10,12,13,14,15,19,20,21,22,23>2,4,5,6,10,17,20,7,8,14,21,22,23
1,3,5,6,7,8,10,12,13,14,15,19,20,21,22,23>1,3,4,5,6,16,17,19,20,7,8,14,21,22,23
6,9,11,20,21,22,23>6,7,17,20,21,22,23
6,9,11,20,21,22,23>7,9,10,17,20,21,22,23
6,9,11,20,21,22,23>6,7,11,20,21,22,23
6,9,11,20,21,22,23>9,11,17,20,21,22,23
6,9,11,20,21,22,23>7,9,11,20,21,22,23
6,9,11,20,21,22,23>7,10,11,20,21,22,23
