TCR,NFAT,IFN-\beta,IFN-\betaR,IL-18,IL-18R,IRAK,SOCS1,IL-12,IL-12R,STAT4,T-bet,IFN-\gamma,IFN-\gammaR,JAK1,STAT1,IL-4,IL-4R,STAT6,GATA3,IL-10,IL-10R,STAT3
1,2,7,8,9,12,16,17,18,20,21,23>1,7,16,17,18,19,22,23,8,2,21
1,2,7,8,9,12,16,17,18,20,21,23>7,9,10,17,20,8,2,21
1,2,7,8,9,12,16,17,18,20,21,23>1,7,12,16,23,8,2,21
1,2,7,8,9,12,16,17,18,20,21,23>19,7,9,12,8,2,21
1,2,7,8,9,12,16,17,18,20,21,23>7,10,12,17,8,2,21
1,2,7,8,9,12,16,17,18,20,21,23>1,9,10,12,18,20,23,8,2,21
1,3,5,7,9,10,13,15,17,20,21,23>1,2,7,9,13,14,15,16,22,17,10,20,21
1,3,5,7,9,10,13,15,17,20,21,23>3,6,13,16,22,17,10,20,21
1,3,5,7,9,10,13,15,17,20,21,23>3,4,6,7,9,15,16,18,22,23,17,10,20,21
1,3,5,7,9,10,13,15,17,20,21,23>2,3,4,6,7,14,15,23,17,10,20,21
1,3,5,7,9,10,13,15,17,20,21,23>1,2,3,5,6,9,18,17,10,20,21
1,3,5,7,9,10,13,15,17,20,21,23>3,4,5,6,7,9,13,15,18,17,10,20,21
2,4,8,9,10,12,14,16,17,18,19>18,9,13,8,16,19,12
2,4,8,9,10,12,14,16,17,18,19>2,4,9,14,17,18,8,16,19,12
2,4,8,9,10,12,14,16,17,18,19>17,9,10,8,16,19,12
2,4,8,9,10,12,14,16,17,18,19>2,11,13,14,17,18,8,16,19,12
2,4,8,9,10,12,14,16,17,18,19>17,9,11,14,8,16,19,12
2,4,8,9,10,12,14,16,17,18,19>2,9,11,13,8,16,19,12
2,3,4,5,6,8,9,11,12,13,15,17,18,20,21>2,12,14,15,18,19,20,22,4,6,8,13,17,21
2,3,4,5,6,8,9,11,12,13,15,17,18,20,21>2,5,11,12,19,20,22,4,6,8,13,17,21
2,3,4,5,6,8,9,11,12,13,15,17,18,20,21>2,3,9,11,14,15,19,20,22,4,6,8,13,17,21
2,3,4,5,6,8,9,11,12,13,15,17,18,20,21>3,5,9,11,12,15,18,19,20,22,4,6,8,13,17,21
2,3,4,5,6,8,9,11,12,13,15,17,18,20,21>3,5,9,10,11,12,15,16,19,20,4,6,8,13,17,21
2,3,4,5,6,8,9,11,12,13,15,17,18,20,21>2,3,7,9,10,12,15,16,18,19,20,4,6,8,13,17,21
4,5,7,11,12,18,19,21,22,23>21,5,16,18,19,12,22,23
4,5,7,11,12,18,19,21,22,23>4,11,16,18,19,12,22,23
4,5,7,11,12,18,19,21,22,23>4,5,7,11,18,19,12,22,23
4,5,7,11,12,18,19,21,22,23>4,8,11,18,19,12,22,23
4,5,7,11,12,18,19,21,22,23>4,5,8,11,16,19,12,22,23
4,5,7,11,12,18,19,21,22,23>4,7,8,11,19,12,22,23
1,8,9,10,13,14,15,18,21>13,15,16,18,19,22,10,14
1,8,9,10,13,14,15,18,21>1,9,13,15,18,19,10,14
1,8,9,10,13,14,15,18,21>2,8,11,16,18,21,10,14
1,8,9,10,13,14,15,18,21>1,2,9,11,13,18,19,21,10,14
1,8,9,10,13,14,15,18,21>8,9,11,13,16,18,19,21,10,14
1,8,9,10,13,14,15,18,21>1,2,8,9,11,19,10,14
3,5,7,8,9,11,17,18>3,13,6,19
3,5,7,8,9,11,17,18>3,6,8,9,10,11,13,18
3,5,7,8,9,11,17,18>3,4,6,8,10,17
3,5,7,8,9,11,17,18>4,5,6,8,11,13,17,18,19
3,5,7,8,9,11,17,18>4,6,7,8,11,18,19
3,5,7,8,9,11,17,18>3,5,6,7,10,19
1,7,9,14,15,16,18,23>1,10,12,14,23,16,15
1,7,9,14,15,16,18,23>2,8,9,12,18,23,16,15
1,7,9,14,15,16,18,23>2,7,8,10,14,19,16,15
1,7,9,14,15,16,18,23>1,2,7,8,10,14,18,23,16,15
1,7,9,14,15,16,18,23>2,9,10,12,23,16,15
1,7,9,14,15,16,18,23>2,8,9,10,12,18,19,16,15
1,2,3,4,7,9,10,11,13,17,20,21>18,1,7,2,4,10,13,17,20,21
1,2,3,4,7,9,10,11,13,17,20,21>1,9,16,18,22,2,4,10,13,17,20,21
1,2,3,4,7,9,10,11,13,17,20,21>3,7,9,16,18,2,4,10,13,17,20,21
1,2,3,4,7,9,10,11,13,17,20,21>3,7,11,14,18,2,4,10,13,17,20,21
1,2,3,4,7,9,10,11,13,17,20,21>1,3,7,11,16,2,4,10,13,17,20,21
1,2,3,4,7,9,10,11,13,17,20,21>9,11,14,16,18,2,4,10,13,17,20,21
2,3,6,7,12,14,20>12,13,14,15,20,21,7
2,3,6,7,12,14,20>20,2,4,15,7
2,3,6,7,12,14,20>2,3,4,6,12,17,7
2,3,6,7,12,14,20>3,8,12,13,17,20,21,7
2,3,6,7,12,14,20>4,6,8,12,14,20,21,7
2,3,6,7,12,14,20>3,4,6,8,14,20,7
1,6,7,9,10,11,14,16,18,19,21>1,2,15,16,20,22,19,11,7
1,6,7,9,10,11,14,16,18,19,21>2,6,10,12,15,16,18,20,21,22,19,11,7
1,6,7,9,10,11,14,16,18,19,21>1,2,6,12,16,22,19,11,7
1,6,7,9,10,11,14,16,18,19,21>1,6,8,10,12,14,21,19,11,7
1,6,7,9,10,11,14,16,18,19,21>1,6,8,9,14,15,16,20,21,19,11,7
1,6,7,9,10,11,14,16,18,19,21>1,2,6,8,9,10,13,15,18,20,21,19,11,7
1,2,3,4,5,7,12,13,14,16,17,18,19,21,23>1,5,17,22,23,2,4,12,14,16,18,19
1,2,3,4,5,7,12,13,14,16,17,18,19,21,23>23,8,13,2,4,12,14,16,18,19
1,2,3,4,5,7,12,13,14,16,17,18,19,21,23>1,3,7,8,13,17,22,2,4,12,14,16,18,19
1,2,3,4,5,7,12,13,14,16,17,18,19,21,23>17,5,7,8,2,4,12,14,16,18,19
1,2,3,4,5,7,12,13,14,16,17,18,19,21,23>1,5,7,8,21,2,4,12,14,16,18,19
1,2,3,4,5,7,12,13,14,16,17,18,19,21,23>1,3,5,7,8,13,15,2,4,12,14,16,18,19
1,4,7,8,9,10,11,12,13,16,18,19,22>1,2,10,14,22,8,11,12,13,16,19
1,4,7,8,9,10,11,12,13,16,18,19,22>18,22,4,7,8,11,12,13,16,19
1,4,7,8,9,10,11,12,13,16,18,19,22>1,4,7,14,18,8,11,12,13,16,19
1,4,7,8,9,10,11,12,13,16,18,19,22>1,4,7,22,23,8,11,12,13,16,19
1,4,7,8,9,10,11,12,13,16,18,19,22>18,22,9,14,8,11,12,13,16,19
1,4,7,8,9,10,11,12,13,16,18,19,22>7,9,10,18,22,23,8,11,12,13,16,19
2,3,5,6,7,9,13,18,19,20,21>2,4,9,14,17,18,22,7,13,19,20,21
2,3,5,6,7,9,13,18,19,20,21>2,5,14,17,18,22,7,13,19,20,21
2,3,5,6,7,9,13,18,19,20,21>3,5,9,17,22,7,13,19,20,21
2,3,5,6,7,9,13,18,19,20,21>2,3,5,9,14,18,7,13,19,20,21
2,3,5,6,7,9,13,18,19,20,21>3,4,5,14,18,22,7,13,19,20,21
2,3,5,6,7,9,13,18,19,20,21>3,6,9,14,17,18,7,13,19,20,21
5,6,8,9,13,14,17,18,20,21,22>5,23,13,18,6,14,17,20,21,22
5,6,8,9,13,14,17,18,20,21,22>5,7,8,18,19,23,6,14,17,20,21,22
5,6,8,9,13,14,17,18,20,21,22>19,5,9,18,6,14,17,20,21,22
5,6,8,9,13,14,17,18,20,21,22>5,7,9,13,19,23,6,14,17,20,21,22
5,6,8,9,13,14,17,18,20,21,22>5,8,10,18,23,6,14,17,20,21,22
5,6,8,9,13,14,17,18,20,21,22>7,8,9,10,13,19,6,14,17,20,21,22
1,2,4,6,7,10,12,13,14,15,17,19,22>4,6,11,16,17,22,23,2,7,12,13,14,15
1,2,4,6,7,10,12,13,14,15,17,19,22>17,8,16,2,7,12,13,14,15
1,2,4,6,7,10,12,13,14,15,17,19,22>1,4,8,11,17,18,2,7,12,13,14,15
1,2,4,6,7,10,12,13,14,15,17,19,22>6,8,11,16,19,2,7,12,13,14,15
1,2,4,6,7,10,12,13,14,15,17,19,22>1,10,17,18,19,22,2,7,12,13,14,15
1,2,4,6,7,10,12,13,14,15,17,19,22>1,4,8,10,11,16,23,2,7,12,13,14,15
5,6,8,9,12,15,16,17,18>5,9,10,15,17,18,8,16,12,6
5,6,8,9,12,15,16,17,18>5,13,15,17,18,8,16,12,6
5,6,8,9,12,15,16,17,18>5,7,13,15,18,19,8,16,12,6
5,6,8,9,12,15,16,17,18>5,9,13,15,8,16,12,6
5,6,8,9,12,15,16,17,18>5,7,10,13,17,19,8,16,12,6
5,6,8,9,12,15,16,17,18>5,7,9,10,13,18,8,16,12,6
3,4,5,9,10,12,14,15,18,19,21,22>3,5,13,14,16,18,4,12,15,19,22
3,4,5,9,10,12,14,15,18,19,21,22>14,18,8,13,4,12,15,19,22
3,4,5,9,10,12,14,15,18,19,21,22>3,21,9,23,4,12,15,19,22
3,4,5,9,10,12,14,15,18,19,21,22>3,5,8,9,10,11,14,18,21,4,12,15,19,22
3,4,5,9,10,12,14,15,18,19,21,22>5,8,9,10,11,13,16,18,23,4,12,15,19,22
3,4,5,9,10,12,14,15,18,19,21,22>5,8,9,10,16,21,4,12,15,19,22
2,5,6,8,9,10,13,14,15,16,17,20,22,23>2,5,15,6,8,10,14,16,20,23
2,5,6,8,9,10,13,14,15,16,17,20,22,23>2,13,15,17,21,6,8,10,14,16,20,23
2,5,6,8,9,10,13,14,15,16,17,20,22,23>22,5,13,15,6,8,10,14,16,20,23
2,5,6,8,9,10,13,14,15,16,17,20,22,23>2,5,7,13,22,6,8,10,14,16,20,23
2,5,6,8,9,10,13,14,15,16,17,20,22,23>2,9,13,15,21,6,8,10,14,16,20,23
2,5,6,8,9,10,13,14,15,16,17,20,22,23>2,7,9,13,17,6,8,10,14,16,20,23
1,2,3,4,5,9,12,15,17,18,20,23>1,3,5,9,10,12,16,20,17,2,18,4
1,2,3,4,5,9,12,15,17,18,20,23>3,6,10,16,19,20,21,17,2,18,4
1,2,3,4,5,9,12,15,17,18,20,23>1,3,6,9,10,12,21,17,2,18,4
1,2,3,4,5,9,12,15,17,18,20,23>1,3,5,8,9,10,12,15,20,17,2,18,4
1,2,3,4,5,9,12,15,17,18,20,23>3,6,8,10,15,16,19,23,17,2,18,4
1,2,3,4,5,9,12,15,17,18,20,23>5,6,8,10,15,16,20,21,23,17,2,18,4
1,3,4,7,8,10,13,14,18,21,22,23>2,13,16,19,21,4,23,14,22
1,3,4,7,8,10,13,14,18,21,22,23>1,2,3,13,16,18,21,4,23,14,22
1,3,4,7,8,10,13,14,18,21,22,23>2,7,10,11,16,4,23,14,22
1,3,4,7,8,10,13,14,18,21,22,23>8,10,11,16,18,19,21,4,23,14,22
1,3,4,7,8,10,13,14,18,21,22,23>2,8,10,11,13,16,21,4,23,14,22
1,3,4,7,8,10,13,14,18,21,22,23>1,2,8,13,16,21,4,23,14,22
5,11,12,15,16,18,19>8,18,16,19,12
5,11,12,15,16,18,19>8,11,13,16,19,12
5,11,12,15,16,18,19>5,11,15,18,16,19,12
5,11,12,15,16,18,19>8,11,15,16,19,12
5,11,12,15,16,18,19>5,13,15,18,16,19,12
5,11,12,15,16,18,19>8,13,15,16,19,12
1,4,5,8,9,11,12,13,17,20>1,4,10,11,14,21,8,17,13
1,4,5,8,9,11,12,13,17,20>1,4,5,9,14,20,8,17,13
1,4,5,8,9,11,12,13,17,20>1,4,5,10,11,12,21,8,17,13
1,4,5,8,9,11,12,13,17,20>2,4,5,10,14,20,21,8,17,13
1,4,5,8,9,11,12,13,17,20>12,6,8,17,13
1,4,5,8,9,11,12,13,17,20>2,4,5,6,10,11,14,16,20,8,17,13
1,3,6,7,12,13,16,17,18,19,20,23>1,2,8,12,13,14,17,20,21,18,19,7
1,3,6,7,12,13,16,17,18,19,20,23>1,3,12,13,14,21,18,19,7
1,3,6,7,12,13,16,17,18,19,20,23>2,3,13,16,20,21,18,19,7
1,3,6,7,12,13,16,17,18,19,20,23>3,4,12,13,17,23,18,19,7
1,3,6,7,12,13,16,17,18,19,20,23>3,6,8,12,13,17,18,19,7
1,3,6,7,12,13,16,17,18,19,20,23>1,2,4,6,8,14,16,20,18,19,7
3,4,6,8,12,15,16,18,19,21>3,7,13,21,22,4,8,12,16,19
3,4,6,8,12,15,16,18,19,21>3,15,18,21,4,8,12,16,19
3,4,6,8,12,15,16,18,19,21>3,7,15,18,22,4,8,12,16,19
3,4,6,8,12,15,16,18,19,21>22,6,13,15,4,8,12,16,19
3,4,6,8,12,15,16,18,19,21>7,13,15,21,22,4,8,12,16,19
3,4,6,8,12,15,16,18,19,21>3,7,13,15,22,4,8,12,16,19
3,5,7,9,12,14,19>19,4,5,13,12
3,5,7,9,12,14,19>14,4,5,9,12
3,5,7,9,12,14,19>4,5,8,9,13,12
3,5,7,9,12,14,19>3,7,8,9,19,12
3,5,7,9,12,14,19>5,7,8,13,14,15,12
3,5,7,9,12,14,19>3,4,5,7,8,9,12
2,4,10,11,12,13,14,16,18,19,22,23>2,10,15,18,22,11,12,14,16,19,23
2,4,10,11,12,13,14,16,18,19,22,23>2,4,8,10,22,11,12,14,16,19,23
2,4,10,11,12,13,14,16,18,19,22,23>4,13,15,18,22,11,12,14,16,19,23
2,4,10,11,12,13,14,16,18,19,22,23>2,4,13,18,22,11,12,14,16,19,23
2,4,10,11,12,13,14,16,18,19,22,23>8,13,15,18,22,11,12,14,16,19,23
2,4,10,11,12,13,14,16,18,19,22,23>2,4,13,15,18,11,12,14,16,19,23
4,7,8,9,11,12,14,15,17,19,22>4,7,15,16,19,8,12
4,7,8,9,11,12,14,15,17,19,22>4,9,14,15,23,8,12
4,7,8,9,11,12,14,15,17,19,22>7,11,14,15,16,22,8,12
4,7,8,9,11,12,14,15,17,19,22>7,13,14,16,22,23,8,12
4,7,8,9,11,12,14,15,17,19,22>4,9,13,15,16,22,23,8,12
4,7,8,9,11,12,14,15,17,19,22>11,13,16,17,19,22,23,8,12
4,5,9,11,12,13,17,18,20,22,23>11,12,16,19,20,22,17,18,23
4,5,9,11,12,13,17,18,20,22,23>5,10,11,19,22,17,18,23
4,5,9,11,12,13,17,18,20,22,23>5,6,14,16,20,21,22,17,18,23
4,5,9,11,12,13,17,18,20,22,23>6,9,10,12,13,16,22,17,18,23
4,5,9,11,12,13,17,18,20,22,23>6,9,13,16,20,21,17,18,23
4,5,9,11,12,13,17,18,20,22,23>4,6,8,9,12,14,16,19,22,17,18,23
3,4,7,11,13,14,15,18,21,23>3,18,19,22,23,4,14,15
3,4,7,11,13,14,15,18,21,23>21,7,19,4,14,15
3,4,7,11,13,14,15,18,21,23>21,22,13,18,4,14,15
3,4,7,11,13,14,15,18,21,23>3,16,18,19,4,14,15
3,4,7,11,13,14,15,18,21,23>3,11,16,19,23,4,14,15
3,4,7,11,13,14,15,18,21,23>3,13,16,21,22,23,4,14,15
1,3,5,6,8,9,11,23>9,1,4,10,6
1,3,5,6,8,9,11,23>1,2,3,4,9,6
1,3,5,6,8,9,11,23>9,23,5,8,6
1,3,5,6,8,9,11,23>2,5,8,10,11,6
1,3,5,6,8,9,11,23>3,5,7,8,10,6
1,3,5,6,8,9,11,23>1,4,5,7,10,6
4,5,7,10,11,13,15,18,19,20,22,23>15,17,22,13,19,20,23
4,5,7,10,11,13,15,18,19,20,22,23>4,5,7,14,21,19,20,23
4,5,7,10,11,13,15,18,19,20,22,23>4,10,13,16,17,22,19,20,23
4,5,7,10,11,13,15,18,19,20,22,23>5,10,13,15,16,17,21,19,20,23
4,5,7,10,11,13,15,18,19,20,22,23>7,11,16,17,18,21,19,20,23
4,5,7,10,11,13,15,18,19,20,22,23>7,10,11,13,17,19,20,23
1,6,12,13,14,16,17,19,22>1,2,6,15,16,19,12,13,14
1,6,12,13,14,16,17,19,22>1,6,8,16,17,18,19,22,23,12,13,14
1,6,12,13,14,16,17,19,22>7,8,16,18,19,22,23,12,13,14
1,6,12,13,14,16,17,19,22>2,7,8,18,19,12,13,14
1,6,12,13,14,16,17,19,22>1,6,7,8,22,12,13,14
1,6,12,13,14,16,17,19,22>1,2,6,7,8,12,13,14
2,3,6,7,10,14,17,18,23>2,4,11,14,15,17,18,7
2,3,6,7,10,14,17,18,23>3,4,6,10,15,19,23,18,7
2,3,6,7,10,14,17,18,23>10,11,14,15,17,19,18,7
2,3,6,7,10,14,17,18,23>2,3,4,10,14,15,17,19,18,7
2,3,6,7,10,14,17,18,23>3,4,6,10,11,17,18,7
2,3,6,7,10,14,17,18,23>2,3,4,6,10,15,17,18,7
2,3,4,6,7,8,10,12,16,18,19,22,23>2,10,22,4,7,8,12,16,19,23
2,3,4,6,7,8,10,12,16,18,19,22,23>3,10,18,22,4,7,8,12,16,19,23
2,3,4,6,7,8,10,12,16,18,19,22,23>2,3,6,10,18,4,7,8,12,16,19,23
2,3,4,6,7,8,10,12,16,18,19,22,23>2,3,6,11,22,4,7,8,12,16,19,23
2,3,4,6,7,8,10,12,16,18,19,22,23>2,3,10,11,4,7,8,12,16,19,23
2,3,4,6,7,8,10,12,16,18,19,22,23>3,6,10,11,22,4,7,8,12,16,19,23
3,4,5,6,7,9,11,12,13,14,15,16,17,20,21>3,5,22,4,6,7,13,14,15,16,21
3,4,5,6,7,9,11,12,13,14,15,16,17,20,21>5,8,11,20,22,4,6,7,13,14,15,16,21
3,4,5,6,7,9,11,12,13,14,15,16,17,20,21>9,11,12,18,22,4,6,7,13,14,15,16,21
3,4,5,6,7,9,11,12,13,14,15,16,17,20,21>3,5,10,17,18,20,4,6,7,13,14,15,16,21
3,4,5,6,7,9,11,12,13,14,15,16,17,20,21>3,5,8,10,12,18,20,4,6,7,13,14,15,16,21
3,4,5,6,7,9,11,12,13,14,15,16,17,20,21>3,9,10,11,17,22,4,6,7,13,14,15,16,21
1,2,3,4,5,10,12,14,15,19,20,21>1,3,5,12,14,17,20,22,2,4,21,15
1,2,3,4,5,10,12,14,15,19,20,21>5,8,16,17,20,2,4,21,15
1,2,3,4,5,10,12,14,15,19,20,21>17,10,12,13,2,4,21,15
1,2,3,4,5,10,12,14,15,19,20,21>3,10,14,16,22,2,4,21,15
1,2,3,4,5,10,12,14,15,19,20,21>3,5,10,13,14,20,2,4,21,15
1,2,3,4,5,10,12,14,15,19,20,21>5,8,10,12,17,2,4,21,15
1,2,4,5,6,8,9,11,12,14,15,17,20,21,23>1,4,5,10,11,12,15,16,2,6,8,17,21
1,2,4,5,6,8,9,11,12,14,15,17,20,21,23>7,20,11,2,6,8,17,21
1,2,4,5,6,8,9,11,12,14,15,17,20,21,23>4,5,7,10,14,15,20,22,23,2,6,8,17,21
1,2,4,5,6,8,9,11,12,14,15,17,20,21,23>4,7,9,10,15,16,20,23,2,6,8,17,21
1,2,4,5,6,8,9,11,12,14,15,17,20,21,23>5,7,9,10,11,12,16,22,23,2,6,8,17,21
1,2,4,5,6,8,9,11,12,14,15,17,20,21,23>4,5,7,9,10,14,16,20,2,6,8,17,21
1,2,3,5,6,7,8,12,16,17,18,19,20,22>1,3,4,13,17,20,21,8,2,19,7
1,2,3,5,6,7,8,12,16,17,18,19,20,22>4,5,12,20,21,22,23,8,2,19,7
1,2,3,5,6,7,8,12,16,17,18,19,20,22>1,4,5,13,16,17,18,20,23,8,2,19,7
1,2,3,5,6,7,8,12,16,17,18,19,20,22>1,4,6,12,13,22,23,8,2,19,7
1,2,3,5,6,7,8,12,16,17,18,19,20,22>5,6,20,21,22,23,8,2,19,7
1,2,3,5,6,7,8,12,16,17,18,19,20,22>1,3,5,6,13,16,17,20,21,22,8,2,19,7
1,3,4,5,6,10,11,15,16,21,23>1,2,3,15,22,23,16,11,4,6
1,3,4,5,6,10,11,15,16,21,23>2,3,5,8,10,15,16,11,4,6
1,3,4,5,6,10,11,15,16,21,23>3,7,10,21,23,16,11,4,6
1,3,4,5,6,10,11,15,16,21,23>1,5,7,10,12,15,22,23,16,11,4,6
1,3,4,5,6,10,11,15,16,21,23>2,5,7,10,12,21,23,16,11,4,6
1,3,4,5,6,10,11,15,16,21,23>3,5,7,10,23,16,11,4,6
2,6,9,10,11,12,15,16,17,19,21,22,23>19,10,15,11,12,16,22,23
2,6,9,10,11,12,15,16,17,19,21,22,23>6,10,17,19,21,11,12,16,22,23
2,6,9,10,11,12,15,16,17,19,21,22,23>2,7,8,17,19,11,12,16,22,23
2,6,9,10,11,12,15,16,17,19,21,22,23>2,9,15,17,19,21,11,12,16,22,23
2,6,9,10,11,12,15,16,17,19,21,22,23>6,7,9,10,18,19,11,12,16,22,23
2,6,9,10,11,12,15,16,17,19,21,22,23>2,7,8,9,10,17,18,11,12,16,22,23
3,5,6,7,8,9,10,11,12,15,19,20,21,22,23>3,4,10,12,16,19,20,7,8,21,22,23
3,5,6,7,8,9,10,11,12,15,19,20,21,22,23>3,4,5,12,17,19,20,7,8,21,22,23
3,5,6,7,8,9,10,11,12,15,19,20,21,22,23>3,4,6,10,12,15,16,17,7,8,21,22,23
3,5,6,7,8,9,10,11,12,15,19,20,21,22,23>4,5,6,16,17,19,7,8,21,22,23
3,5,6,7,8,9,10,11,12,15,19,20,21,22,23>4,5,9,11,12,15,16,19,20,7,8,21,22,23
3,5,6,7,8,9,10,11,12,15,19,20,21,22,23>20,6,9,7,8,21,22,23
1,3,5,6,8,13,15,16,17,19>6,7,12,13,14,19,8,16
1,3,5,6,8,13,15,16,17,19>1,2,4,7,12,19,20,8,16
1,3,5,6,8,13,15,16,17,19>3,4,6,7,12,13,14,17,8,16
1,3,5,6,8,13,15,16,17,19>1,2,5,7,12,14,15,8,16
1,3,5,6,8,13,15,16,17,19>2,4,5,14,19,20,8,16
1,3,5,6,8,13,15,16,17,19>2,3,4,5,7,12,14,15,17,19,8,16
2,4,12,14,15,16,17,18,20,23>2,17,19,20,21,23,16,18,15
2,4,12,14,15,16,17,18,20,23>2,4,17,20,23,16,18,15
2,4,12,14,15,16,17,18,20,23>2,4,8,19,20,16,18,15
2,4,12,14,15,16,17,18,20,23>2,12,17,19,20,16,18,15
2,4,12,14,15,16,17,18,20,23>20,14,17,19,16,18,15
2,4,12,14,15,16,17,18,20,23>21,4,14,16,18,15
1,4,6,7,11,16,17,18,22,23>17,4,11,12,16,18,23,7
1,4,6,7,11,16,17,18,22,23>1,4,11,19,22,16,18,23,7
1,4,6,7,11,16,17,18,22,23>17,1,2,4,16,18,23,7
1,4,6,7,11,16,17,18,22,23>2,6,11,12,22,16,18,23,7
1,4,6,7,11,16,17,18,22,23>2,8,11,17,19,22,16,18,23,7
1,4,6,7,11,16,17,18,22,23>19,4,8,16,18,23,7
1,4,5,6,7,9,11,13,14,15,16,18,19,20,21,22,23>5,8,7,14,15,16,19,20,21,22,23
1,4,5,6,7,9,11,13,14,15,16,18,19,20,21,22,23>1,4,5,9,7,14,15,16,19,20,21,22,23
1,4,5,6,7,9,11,13,14,15,16,18,19,20,21,22,23>11,13,18,6,7,14,15,16,19,20,21,22,23
1,4,5,6,7,9,11,13,14,15,16,18,19,20,21,22,23>1,6,13,9,7,14,15,16,19,20,21,22,23
1,4,5,6,7,9,11,13,14,15,16,18,19,20,21,22,23>1,2,6,9,7,14,15,16,19,20,21,22,23
1,4,5,6,7,9,11,13,14,15,16,18,19,20,21,22,23>4,5,6,9,18,7,14,15,16,19,20,21,22,23
1,3,4,9,11,12,14,18,21,22>10,14,15,18,21,4,12,22
1,3,4,9,11,12,14,18,21,22>1,10,11,13,14,15,16,18,19,4,12,22
1,3,4,9,11,12,14,18,21,22>1,2,10,11,13,18,19,23,4,12,22
1,3,4,9,11,12,14,18,21,22>3,9,10,13,15,18,4,12,22
1,3,4,9,11,12,14,18,21,22>8,9,11,14,16,21,4,12,22
1,3,4,9,11,12,14,18,21,22>3,8,9,13,16,18,23,4,12,22
2,3,4,6,7,8,9,10,11,12,13,17,19,22>2,3,6,16,19,22,23,4,7,8,11,12,13
2,3,4,6,7,8,9,10,11,12,13,17,19,22>17,23,6,9,4,7,8,11,12,13
2,3,4,6,7,8,9,10,11,12,13,17,19,22>2,9,10,17,22,4,7,8,11,12,13
2,3,4,6,7,8,9,10,11,12,13,17,19,22>2,9,10,14,16,17,4,7,8,11,12,13
2,3,4,6,7,8,9,10,11,12,13,17,19,22>2,3,9,10,16,4,7,8,11,12,13
2,3,4,6,7,8,9,10,11,12,13,17,19,22>3,6,9,10,14,22,23,4,7,8,11,12,13
7,8,10,11,13,15,16,17,18,20,21,22,23>10,15,17,18,19,8,16,20,21,22,23
7,8,10,11,13,15,16,17,18,20,21,22,23>19,10,11,15,8,16,20,21,22,23
7,8,10,11,13,15,16,17,18,20,21,22,23>7,10,11,15,18,8,16,20,21,22,23
7,8,10,11,13,15,16,17,18,20,21,22,23>7,11,13,15,18,8,16,20,21,22,23
7,8,10,11,13,15,16,17,18,20,21,22,23>18,7,14,8,16,20,21,22,23
7,8,10,11,13,15,16,17,18,20,21,22,23>10,11,13,14,8,16,20,21,22,23
7,9,10,16,17,22>17,18,23,13,10
7,9,10,16,17,22>7,8,13,16,18,23,10
7,9,10,16,17,22>9,13,16,17,22,23,10
7,9,10,16,17,22>18,8,9,11,10
7,9,10,16,17,22>11,12,17,18,22,10
7,9,10,16,17,22>9,11,12,13,18,22,10
1,2,4,6,8,11,12,13,14,16,17,18,20>1,20,2,8,13,14,16
1,2,4,6,8,11,12,13,14,16,17,18,20>19,7,11,12,2,8,13,14,16
1,2,4,6,8,11,12,13,14,16,17,18,20>18,19,7,2,8,13,14,16
1,2,4,6,8,11,12,13,14,16,17,18,20>6,7,12,17,19,20,21,2,8,13,14,16
1,2,4,6,8,11,12,13,14,16,17,18,20>6,11,12,19,20,2,8,13,14,16
1,2,4,6,8,11,12,13,14,16,17,18,20>7,11,17,18,20,2,8,13,14,16
2,3,4,7,12,15,16,18,19,21,23>22,2,23,16,19,4,12
2,3,4,7,12,15,16,18,19,21,23>22,2,8,21,16,19,4,12
2,3,4,7,12,15,16,18,19,21,23>3,8,18,21,16,19,4,12
2,3,4,7,12,15,16,18,19,21,23>2,3,15,23,16,19,4,12
2,3,4,7,12,15,16,18,19,21,23>7,15,18,21,22,23,16,19,4,12
2,3,4,7,12,15,16,18,19,21,23>2,3,7,8,15,18,22,16,19,4,12
2,5,6,7,10,12,15,16,17,22>2,13,15,18,23,16,12,6,7
2,5,6,7,10,12,15,16,17,22>5,8,13,15,17,18,22,23,16,12,6,7
2,5,6,7,10,12,15,16,17,22>22,23,10,11,16,12,6,7
2,5,6,7,10,12,15,16,17,22>11,13,15,17,18,23,16,12,6,7
2,5,6,7,10,12,15,16,17,22>2,5,8,11,23,16,12,6,7
2,5,6,7,10,12,15,16,17,22>10,11,15,17,22,16,12,6,7
2,4,5,10,11,15,17,19,22>17,4,19,23,11
2,4,5,10,11,15,17,19,22>4,5,10,15,17,18,11
2,4,5,10,11,15,17,19,22>2,4,13,16,17,20,23,11
2,4,5,10,11,15,17,19,22>5,13,15,16,17,18,20,22,11
2,4,5,10,11,15,17,19,22>10,13,16,17,20,22,11
2,4,5,10,11,15,17,19,22>2,4,10,13,17,22,23,11
1,3,5,6,7,8,10,11,12,13,14,15,16,18,19,20,21,23>1,2,10,12,22,23,7,8,14,16,19,21
1,3,5,6,7,8,10,11,12,13,14,15,16,18,19,20,21,23>3,6,11,12,15,20,23,7,8,14,16,19,21
1,3,5,6,7,8,10,11,12,13,14,15,16,18,19,20,21,23>1,3,6,7,8,14,16,19,21
1,3,5,6,7,8,10,11,12,13,14,15,16,18,19,20,21,23>4,10,12,15,18,22,23,7,8,14,16,19,21
1,3,5,6,7,8,10,11,12,13,14,15,16,18,19,20,21,23>2,3,5,6,11,13,7,8,14,16,19,21
1,3,5,6,7,8,10,11,12,13,14,15,16,18,19,20,21,23>1,3,4,5,11,13,15,20,23,7,8,14,16,19,21
1,3,5,8,9,10,15,17,19,20,21,22>1,16,8,15,17,20,21,22
1,3,5,8,9,10,15,17,19,20,21,22>1,2,8,9,10,19,17,20,21,22
1,3,5,8,9,10,15,17,19,20,21,22>10,2,5,17,20,21,22
1,3,5,8,9,10,15,17,19,20,21,22>4,5,8,9,15,16,19,17,20,21,22
1,3,5,8,9,10,15,17,19,20,21,22>4,5,8,9,10,19,23,17,20,21,22
1,3,5,8,9,10,15,17,19,20,21,22>1,4,5,9,10,17,20,21,22
1,3,11,13,14,15,16,18,23>1,2,11,12,13,23,16,14,15
1,3,11,13,14,15,16,18,23>1,2,3,11,18,16,14,15
1,3,11,13,14,15,16,18,23>1,2,4,13,18,16,14,15
1,3,11,13,14,15,16,18,23>1,2,4,18,23,16,14,15
1,3,11,13,14,15,16,18,23>2,3,4,11,13,19,23,16,14,15
1,3,11,13,14,15,16,18,23>1,8,11,18,19,16,14,15
2,3,5,7,8,10,18,23>2,3,4,5,7,11,18
2,3,5,7,8,10,18,23>6,7,10,11,18,23
2,3,5,7,8,10,18,23>2,3,4,5,8,10,11,18,19
2,3,5,7,8,10,18,23>4,6,7,8,10,18
2,3,5,7,8,10,18,23>2,3,4,6,8,11,18,19,23
2,3,5,7,8,10,18,23>2,3,5,6,8,18,19,23
1,2,4,5,8,9,13,14,17,18,20,21,22,23>1,4,10,13,16,2,14,17,20,21,22,23
1,2,4,5,8,9,13,14,17,18,20,21,22,23>1,4,6,10,18,19,2,14,17,20,21,22,23
1,2,4,5,8,9,13,14,17,18,20,21,22,23>1,4,6,13,18,19,2,14,17,20,21,22,23
1,2,4,5,8,9,13,14,17,18,20,21,22,23>4,5,6,9,2,14,17,20,21,22,23
1,2,4,5,8,9,13,14,17,18,20,21,22,23>1,5,8,2,14,17,20,21,22,23
1,2,4,5,8,9,13,14,17,18,20,21,22,23>1,4,6,8,9,19,2,14,17,20,21,22,23
1,3,5,6,7,8,9,10,11,12,13,14,15,18,19,22>16,23,6,7,8,11,12,13,14,19
1,3,5,6,7,8,9,10,11,12,13,14,15,18,19,22>1,2,4,6,9,10,18,22,23,7,8,11,12,13,14,19
1,3,5,6,7,8,9,10,11,12,13,14,15,18,19,22>1,3,4,15,23,7,8,11,12,13,14,19
1,3,5,6,7,8,9,10,11,12,13,14,15,18,19,22>1,3,4,6,10,16,18,7,8,11,12,13,14,19
1,3,5,6,7,8,9,10,11,12,13,14,15,18,19,22>5,6,10,22,23,7,8,11,12,13,14,19
1,3,5,6,7,8,9,10,11,12,13,14,15,18,19,22>2,4,5,9,10,18,23,7,8,11,12,13,14,19
1,2,4,5,7,10,11,12,14,16,18,20,22,23>1,6,12,15,18,19,20,22,16,2,23
1,2,4,5,7,10,11,12,14,16,18,20,22,23>1,4,5,6,8,10,11,14,18,19,20,16,2,23
1,2,4,5,7,10,11,12,14,16,18,20,22,23>1,4,5,6,8,14,18,19,20,21,22,16,2,23
1,2,4,5,7,10,11,12,14,16,18,20,22,23>5,7,11,14,15,18,19,21,22,16,2,23
1,2,4,5,7,10,11,12,14,16,18,20,22,23>1,5,7,10,11,12,14,20,16,2,23
1,2,4,5,7,10,11,12,14,16,18,20,22,23>5,7,8,10,11,12,18,21,22,16,2,23
2,3,5,7,13,16,21>12,3,22,7,13
2,3,5,7,13,16,21>21,16,4,13
2,3,5,7,13,16,21>12,14,4,8,13
2,3,5,7,13,16,21>12,16,3,4,13
2,3,5,7,13,16,21>4,5,22,13
2,3,5,7,13,16,21>5,6,7,16,21,22,13
1,2,4,5,6,7,8,10,16,18,20,23>23,10,21,2,6,7,8,16,20
1,2,4,5,6,7,8,10,16,18,20,23>1,10,21,2,6,7,8,16,20
1,2,4,5,6,7,8,10,16,18,20,23>1,4,10,19,23,2,6,7,8,16,20
1,2,4,5,6,7,8,10,16,18,20,23>5,10,2,6,7,8,16,20
1,2,4,5,6,7,8,10,16,18,20,23>1,4,5,18,23,2,6,7,8,16,20
1,2,4,5,6,7,8,10,16,18,20,23>10,18,19,21,2,6,7,8,16,20
2,3,10,11,13,14,15,16,17,19,20,22>3,22,23,17,13,14,15,16,20
2,3,10,11,13,14,15,16,17,19,20,22>2,3,17,18,19,22,13,14,15,16,20
2,3,10,11,13,14,15,16,17,19,20,22>19,21,22,8,13,14,15,16,20
2,3,10,11,13,14,15,16,17,19,20,22>3,4,8,18,22,23,13,14,15,16,20
2,3,10,11,13,14,15,16,17,19,20,22>10,17,18,19,21,23,13,14,15,16,20
2,3,10,11,13,14,15,16,17,19,20,22>8,10,11,18,19,23,13,14,15,16,20
5,7,8,11,15,16,17,18,19,21>5,21,20,17,8,16,19
5,7,8,11,15,16,17,18,19,21>5,7,12,18,21,22,8,16,19
5,7,8,11,15,16,17,18,19,21>5,11,12,17,18,20,8,16,19
5,7,8,11,15,16,17,18,19,21>5,13,17,18,22,8,16,19
5,7,8,11,15,16,17,18,19,21>5,11,13,15,17,18,8,16,19
5,7,8,11,15,16,17,18,19,21>7,11,13,15,18,8,16,19
1,2,3,5,6,7,14,17,18,20,21,22,23>4,19,2,6,7,17,18,20,21,22,23
1,2,3,5,6,7,14,17,18,20,21,22,23>5,15,19,2,6,7,17,18,20,21,22,23
1,2,3,5,6,7,14,17,18,20,21,22,23>3,5,15,2,6,7,17,18,20,21,22,23
1,2,3,5,6,7,14,17,18,20,21,22,23>3,5,19,2,6,7,17,18,20,21,22,23
1,2,3,5,6,7,14,17,18,20,21,22,23>1,14,19,2,6,7,17,18,20,21,22,23
1,2,3,5,6,7,14,17,18,20,21,22,23>1,5,14,2,6,7,17,18,20,21,22,23
3,4,5,6,7,9,13,14,15,16,20,23>3,5,8,21,23,4,6,7,14,15,16,20
3,4,5,6,7,9,13,14,15,16,20,23>5,9,21,4,6,7,14,15,16,20
3,4,5,6,7,9,13,14,15,16,20,23>23,10,13,21,4,6,7,14,15,16,20
3,4,5,6,7,9,13,14,15,16,20,23>3,8,10,13,23,4,6,7,14,15,16,20
3,4,5,6,7,9,13,14,15,16,20,23>5,8,9,10,13,23,4,6,7,14,15,16,20
3,4,5,6,7,9,13,14,15,16,20,23>3,5,8,9,10,13,4,6,7,14,15,16,20
2,4,5,8,9,11,20,23>2,4,9,10,11,16,21,23,20
2,4,5,8,9,11,20,23>5,9,11,16,17,20
2,4,5,8,9,11,20,23>5,6,9,11,17,21,20
2,4,5,8,9,11,20,23>2,5,6,11,16,17,23,20
2,4,5,8,9,11,20,23>21,8,9,20
2,4,5,8,9,11,20,23>11,2,8,10,20
1,3,4,6,8,9,10,11,12,14,15,16,17,20,21,22,23>1,2,6,11,12,15,20,4,8,10,16,21,22,23
1,3,4,6,8,9,10,11,12,14,15,16,17,20,21,22,23>3,6,11,12,15,17,20,4,8,10,16,21,22,23
1,3,4,6,8,9,10,11,12,14,15,16,17,20,21,22,23>1,3,7,12,14,17,20,4,8,10,16,21,22,23
1,3,4,6,8,9,10,11,12,14,15,16,17,20,21,22,23>1,6,7,12,15,17,4,8,10,16,21,22,23
1,3,4,6,8,9,10,11,12,14,15,16,17,20,21,22,23>2,6,7,9,11,12,15,4,8,10,16,21,22,23
1,3,4,6,8,9,10,11,12,14,15,16,17,20,21,22,23>3,6,7,11,12,15,20,4,8,10,16,21,22,23
2,3,5,7,8,10,11,12,13,17,18,21,22,23>5,7,13,14,17,21,8,11,12,22,23
2,3,5,7,8,10,11,12,13,17,18,21,22,23>2,3,5,10,17,18,21,8,11,12,22,23
2,3,5,7,8,10,11,12,13,17,18,21,22,23>6,14,17,18,21,8,11,12,22,23
2,3,5,7,8,10,11,12,13,17,18,21,22,23>4,6,7,17,18,19,8,11,12,22,23
2,3,5,7,8,10,11,12,13,17,18,21,22,23>2,4,5,6,7,10,13,14,18,8,11,12,22,23
2,3,5,7,8,10,11,12,13,17,18,21,22,23>3,4,5,6,7,10,19,21,8,11,12,22,23
7,8,9,11,15,17,20,21,22,23>7,8,10,15,16,17,20,21,22,23
7,8,9,11,15,17,20,21,22,23>7,9,10,15,17,20,21,22,23
7,8,9,11,15,17,20,21,22,23>7,11,16,17,20,21,22,23
7,8,9,11,15,17,20,21,22,23>7,8,9,11,15,17,20,21,22,23
7,8,9,11,15,17,20,21,22,23>10,11,16,17,20,21,22,23
7,8,9,11,15,17,20,21,22,23>7,10,11,17,20,21,22,23
3,5,6,7,9,11,13,14,17,18,19,22>4,11,15,17,20,23,7,13,14,18,19
3,5,6,7,9,11,13,14,17,18,19,22>17,6,7,13,14,18,19
3,5,6,7,9,11,13,14,17,18,19,22>3,4,5,6,15,20,22,23,7,13,14,18,19
3,5,6,7,9,11,13,14,17,18,19,22>17,20,22,9,7,13,14,18,19
3,5,6,7,9,11,13,14,17,18,19,22>4,9,15,17,20,23,7,13,14,18,19
3,5,6,7,9,11,13,14,17,18,19,22>4,5,6,9,20,23,7,13,14,18,19
3,4,5,6,7,8,9,12,13,14,17,18,19,20,21,22>3,5,6,16,20,4,7,8,13,14,17,19,21,22
3,4,5,6,7,8,9,12,13,14,17,18,19,20,21,22>9,16,18,4,7,8,13,14,17,19,21,22
3,4,5,6,7,8,9,12,13,14,17,18,19,20,21,22>3,6,9,18,4,7,8,13,14,17,19,21,22
3,4,5,6,7,8,9,12,13,14,17,18,19,20,21,22>5,6,9,16,20,23,4,7,8,13,14,17,19,21,22
3,4,5,6,7,8,9,12,13,14,17,18,19,20,21,22>20,23,5,12,4,7,8,13,14,17,19,21,22
3,4,5,6,7,8,9,12,13,14,17,18,19,20,21,22>5,9,12,18,23,4,7,8,13,14,17,19,21,22
1,2,3,10,12,14,16,17,18,19,20,23>1,4,8,12,14,15,17,21,19,2,18
1,2,3,10,12,14,16,17,18,19,20,23>1,3,4,8,14,15,17,21,19,2,18
1,2,3,10,12,14,16,17,18,19,20,23>3,10,12,14,20,21,19,2,18
1,2,3,10,12,14,16,17,18,19,20,23>1,4,10,12,17,20,21,23,19,2,18
1,2,3,10,12,14,16,17,18,19,20,23>17,21,8,10,19,2,18
1,2,3,10,12,14,16,17,18,19,20,23>3,4,8,10,14,16,17,19,2,18
2,5,6,7,12,13,14,15,17,19,21,23>6,16,19,21,22,12,15,14,7
2,5,6,7,12,13,14,15,17,19,21,23>19,21,6,23,12,15,14,7
2,5,6,7,12,13,14,15,17,19,21,23>2,5,8,16,18,21,23,12,15,14,7
2,5,6,7,12,13,14,15,17,19,21,23>13,16,18,21,22,12,15,14,7
2,5,6,7,12,13,14,15,17,19,21,23>2,5,13,18,19,22,12,15,14,7
2,5,6,7,12,13,14,15,17,19,21,23>2,6,8,13,16,17,18,21,23,12,15,14,7
2,4,7,8,9,10,11,13,17,19,20,22>2,10,11,14,16,19,21,22,17,20,13
2,4,7,8,9,10,11,13,17,19,20,22>7,10,14,16,19,21,22,23,17,20,13
2,4,7,8,9,10,11,13,17,19,20,22>2,4,8,11,16,21,22,23,17,20,13
2,4,7,8,9,10,11,13,17,19,20,22>14,4,9,11,17,20,13
2,4,7,8,9,10,11,13,17,19,20,22>4,7,9,10,14,16,17,20,13
2,4,7,8,9,10,11,13,17,19,20,22>2,4,7,9,11,19,21,17,20,13
1,2,3,4,6,7,8,9,10,11,14,17,20,21>14,1,11,13,2,4,7,10,17,20,21
1,2,3,4,6,7,8,9,10,11,14,17,20,21>1,22,11,13,2,4,7,10,17,20,21
1,2,3,4,6,7,8,9,10,11,14,17,20,21>1,3,8,13,16,2,4,7,10,17,20,21
1,2,3,4,6,7,8,9,10,11,14,17,20,21>1,3,9,11,13,16,2,4,7,10,17,20,21
1,2,3,4,6,7,8,9,10,11,14,17,20,21>3,6,9,13,2,4,7,10,17,20,21
1,2,3,4,6,7,8,9,10,11,14,17,20,21>6,8,9,11,13,16,2,4,7,10,17,20,21
2,3,6,9,10,14,15,16,17,18,19,20,21>2,4,9,14,22,15,16,18,19,20,21
2,3,6,9,10,14,15,16,17,18,19,20,21>2,6,22,13,15,16,18,19,20,21
2,3,6,9,10,14,15,16,17,18,19,20,21>2,6,8,9,10,17,15,16,18,19,20,21
2,3,6,9,10,14,15,16,17,18,19,20,21>3,4,6,8,9,13,15,16,18,19,20,21
2,3,6,9,10,14,15,16,17,18,19,20,21>6,7,8,9,10,22,15,16,18,19,20,21
2,3,6,9,10,14,15,16,17,18,19,20,21>3,6,7,17,22,15,16,18,19,20,21
1,2,3,6,7,8,11,12,13,14,17,18,19,23>18,23,6,17,2,7,8,12,14,19
1,2,3,6,7,8,11,12,13,14,17,18,19,23>1,6,13,17,23,2,7,8,12,14,19
1,2,3,6,7,8,11,12,13,14,17,18,19,23>3,4,6,17,23,2,7,8,12,14,19
1,2,3,6,7,8,11,12,13,14,17,18,19,23>3,4,11,13,17,23,2,7,8,12,14,19
1,2,3,6,7,8,11,12,13,14,17,18,19,23>4,6,11,18,23,2,7,8,12,14,19
1,2,3,6,7,8,11,12,13,14,17,18,19,23>3,4,6,11,13,2,7,8,12,14,19
1,2,7,10,11,13,14,15,17,19,21,22>1,10,18,20,21,23,2,11,13,14,15,22
1,2,7,10,11,13,14,15,17,19,21,22>20,16,18,19,2,11,13,14,15,22
1,2,7,10,11,13,14,15,17,19,21,22>7,16,18,20,23,2,11,13,14,15,22
1,2,7,10,11,13,14,15,17,19,21,22>1,17,18,19,20,2,11,13,14,15,22
1,2,7,10,11,13,14,15,17,19,21,22>7,10,17,19,20,21,2,11,13,14,15,22
1,2,7,10,11,13,14,15,17,19,21,22>1,16,17,18,20,23,2,11,13,14,15,22
