TCR,NFAT,IFN-\beta,IFN-\betaR,IL-18,IL-18R,IRAK,SOCS1,IL-12,IL-12R,STAT4,T-bet,IFN-\gamma,IFN-\gammaR,JAK1,STAT1,IL-4,IL-4R,STAT6,GATA3,IL-10,IL-10R,STAT3
3,5,8,9,12,13,20,21,22>3,4,14,17,20,23,8,21,13,22
3,5,8,9,12,13,20,21,22>4,5,10,12,17,23,8,21,13,22
3,5,8,9,12,13,20,21,22>4,5,12,20,23,8,21,13,22
3,5,8,9,12,13,20,21,22>3,4,5,6,12,14,8,21,13,22
3,5,8,9,12,13,20,21,22>9,10,12,14,17,20,23,8,21,13,22
3,5,8,9,12,13,20,21,22>3,9,10,20,23,8,21,13,22
3,5,8,9,12,13,20,21,22>4,6,9,10,12,17,23,8,21,13,22
3,5,8,9,12,13,20,21,22>3,4,6,9,14,17,23,8,21,13,22
2,3,7,8,11,12,13,14,15,16,20,21,23>2,13,20,22,23,8,16,21,14
2,3,7,8,11,12,13,14,15,16,20,21,23>2,4,7,11,12,13,22,8,16,21,14
2,3,7,8,11,12,13,14,15,16,20,21,23>2,4,7,13,15,22,23,8,16,21,14
2,3,7,8,11,12,13,14,15,16,20,21,23>2,3,4,7,13,20,22,8,16,21,14
2,3,7,8,11,12,13,14,15,16,20,21,23>3,11,12,15,20,23,8,16,21,14
2,3,7,8,11,12,13,14,15,16,20,21,23>4,11,13,20,22,23,8,16,21,14
2,3,7,8,11,12,13,14,15,16,20,21,23>4,11,12,13,15,22,8,16,21,14
2,3,7,8,11,12,13,14,15,16,20,21,23>2,4,7,11,12,13,20,8,16,21,14
2,5,6,7,8,9,11,13,14,16,20,21,23>9,13,16,22,23,6,7,8,14,20,21
2,5,6,7,8,9,11,13,14,16,20,21,23>5,9,13,6,7,8,14,20,21
2,5,6,7,8,9,11,13,14,16,20,21,23>22,10,13,6,7,8,14,20,21
2,5,6,7,8,9,11,13,14,16,20,21,23>5,10,16,6,7,8,14,20,21
2,5,6,7,8,9,11,13,14,16,20,21,23>2,9,10,16,23,6,7,8,14,20,21
2,5,6,7,8,9,11,13,14,16,20,21,23>2,5,9,10,23,6,7,8,14,20,21
2,5,6,7,8,9,11,13,14,16,20,21,23>2,5,9,11,16,6,7,8,14,20,21
2,5,6,7,8,9,11,13,14,16,20,21,23>9,10,11,22,23,6,7,8,14,20,21
5,7,8,9,10,12,15,22>5,23,13,15,8,10,12
5,7,8,9,10,12,15,22>22,6,23,13,8,10,12
5,7,8,9,10,12,15,22>23,9,15,8,10,12
5,7,8,9,10,12,15,22>5,9,16,22,23,8,10,12
5,7,8,9,10,12,15,22>5,7,9,13,15,22,8,10,12
5,7,8,9,10,12,15,22>6,7,9,22,23,8,10,12
5,7,8,9,10,12,15,22>5,6,9,11,23,8,10,12
5,7,8,9,10,12,15,22>7,9,11,22,23,8,10,12
1,6,8,9,11,14,19,20,22>1,9,13,14,21,23,20
1,6,8,9,11,14,19,20,22>2,7,14,22,23,20
1,6,8,9,11,14,19,20,22>1,2,7,13,14,17,19,23,20
1,6,8,9,11,14,19,20,22>1,6,7,13,17,23,20
1,6,8,9,11,14,19,20,22>8,9,11,13,14,19,21,22,20
1,6,8,9,11,14,19,20,22>1,8,11,19,22,20
1,6,8,9,11,14,19,20,22>1,6,8,9,11,19,20
1,6,8,9,11,14,19,20,22>1,7,8,9,11,14,19,21,23,20
1,8,9,11,12,18,20,21,22,23>9,12,17,8,21,22,23
1,8,9,11,12,18,20,21,22,23>18,20,2,9,8,21,22,23
1,8,9,11,12,18,20,21,22,23>20,10,12,8,21,22,23
1,8,9,11,12,18,20,21,22,23>1,20,10,19,8,21,22,23
1,8,9,11,12,18,20,21,22,23>9,10,17,19,20,8,21,22,23
1,8,9,11,12,18,20,21,22,23>1,9,10,12,19,8,21,22,23
1,8,9,11,12,18,20,21,22,23>18,9,11,12,8,21,22,23
1,8,9,11,12,18,20,21,22,23>18,10,11,12,8,21,22,23
3,5,7,10,11,12,15,18,20,21,22,23>11,12,16,19,20,21,22,23
3,5,7,10,11,12,15,18,20,21,22,23>3,8,10,15,16,18,20,21,22,23
3,5,7,10,11,12,15,18,20,21,22,23>3,4,6,8,15,17,18,19,21,22,23
3,5,7,10,11,12,15,18,20,21,22,23>5,6,10,12,15,17,20,21,22,23
3,5,7,10,11,12,15,18,20,21,22,23>3,4,5,6,11,15,17,19,20,21,22,23
3,5,7,10,11,12,15,18,20,21,22,23>3,4,7,10,16,18,21,22,23
3,5,7,10,11,12,15,18,20,21,22,23>4,5,7,10,18,19,20,21,22,23
3,5,7,10,11,12,15,18,20,21,22,23>5,6,7,10,12,17,19,20,21,22,23
2,3,4,6,8,12,15,16,18,21,22,23>21,3,19,4,8,12,16,22,23
2,3,4,6,8,12,15,16,18,21,22,23>6,18,19,4,8,12,16,22,23
2,3,4,6,8,12,15,16,18,21,22,23>21,3,7,18,4,8,12,16,22,23
2,3,4,6,8,12,15,16,18,21,22,23>6,7,18,4,8,12,16,22,23
2,3,4,6,8,12,15,16,18,21,22,23>21,15,19,4,8,12,16,22,23
2,3,4,6,8,12,15,16,18,21,22,23>15,18,19,4,8,12,16,22,23
2,3,4,6,8,12,15,16,18,21,22,23>21,3,6,15,4,8,12,16,22,23
2,3,4,6,8,12,15,16,18,21,22,23>2,3,6,7,15,19,4,8,12,16,22,23
3,6,7,8,10,11,18,19,21,22,23>21,6,18,20,7,11,19,22,23
3,6,7,8,10,11,18,19,21,22,23>3,4,6,18,7,11,19,22,23
3,6,7,8,10,11,18,19,21,22,23>3,8,18,20,21,7,11,19,22,23
3,6,7,8,10,11,18,19,21,22,23>21,6,8,20,7,11,19,22,23
3,6,7,8,10,11,18,19,21,22,23>8,10,20,7,11,19,22,23
3,6,7,8,10,11,18,19,21,22,23>3,8,10,7,11,19,22,23
3,6,7,8,10,11,18,19,21,22,23>6,8,10,7,11,19,22,23
3,6,7,8,10,11,18,19,21,22,23>21,8,10,7,11,19,22,23
2,3,4,5,6,7,9,13,15,18,21,22,23>19,21,14,4,6,7,22,23
2,3,4,5,6,7,9,13,15,18,21,22,23>15,2,21,16,4,6,7,22,23
2,3,4,5,6,7,9,13,15,18,21,22,23>3,13,16,18,19,4,6,7,22,23
2,3,4,5,6,7,9,13,15,18,21,22,23>2,3,5,14,18,4,6,7,22,23
2,3,4,5,6,7,9,13,15,18,21,22,23>2,5,9,13,14,15,16,4,6,7,22,23
2,3,4,5,6,7,9,13,15,18,21,22,23>15,21,10,13,4,6,7,22,23
2,3,4,5,6,7,9,13,15,18,21,22,23>16,21,10,4,6,7,22,23
2,3,4,5,6,7,9,13,15,18,21,22,23>2,5,10,15,16,19,4,6,7,22,23
1,2,3,7,10,11,14,15,17,20,21,22>14,1,3,18,2,15,17,20,21,22
1,2,3,7,10,11,14,15,17,20,21,22>14,18,7,11,2,15,17,20,21,22
1,2,3,7,10,11,14,15,17,20,21,22>1,4,7,14,23,2,15,17,20,21,22
1,2,3,7,10,11,14,15,17,20,21,22>1,3,4,7,14,2,15,17,20,21,22
1,2,3,7,10,11,14,15,17,20,21,22>1,18,10,2,15,17,20,21,22
1,2,3,7,10,11,14,15,17,20,21,22>1,3,10,11,14,16,2,15,17,20,21,22
1,2,3,7,10,11,14,15,17,20,21,22>1,7,10,11,16,2,15,17,20,21,22
1,2,3,7,10,11,14,15,17,20,21,22>3,7,10,11,16,23,2,15,17,20,21,22
3,5,6,9,11,12,13,21>3,5,14,10,12,13,6
3,5,6,9,11,12,13,21>7,9,10,14,21,22,12,13,6
3,5,6,9,11,12,13,21>5,7,9,11,22,12,13,6
3,5,6,9,11,12,13,21>22,4,5,7,12,13,6
3,5,6,9,11,12,13,21>8,9,10,14,21,22,12,13,6
3,5,6,9,11,12,13,21>22,5,8,10,12,13,6
3,5,6,9,11,12,13,21>3,4,5,8,9,11,14,12,13,6
3,5,6,9,11,12,13,21>7,8,10,12,13,6
3,5,6,13,14,18,19,20,21,23>3,23,19,20,21,14
3,5,6,13,14,18,19,20,21,23>5,15,17,22,23,19,20,21,14
3,5,6,13,14,18,19,20,21,23>3,6,13,18,22,19,20,21,14
3,5,6,13,14,18,19,20,21,23>4,6,15,17,22,19,20,21,14
3,5,6,13,14,18,19,20,21,23>3,4,5,6,18,19,20,21,14
3,5,6,13,14,18,19,20,21,23>3,4,5,7,17,18,22,19,20,21,14
3,5,6,13,14,18,19,20,21,23>6,7,13,15,17,19,20,21,14
3,5,6,13,14,18,19,20,21,23>3,5,6,7,15,22,19,20,21,14
4,5,8,11,13,15,16,18,19,21,22>4,5,12,15,18,21,23,8,13,16,19,22
4,5,8,11,13,15,16,18,19,21,22>4,5,11,12,15,21,23,8,13,16,19,22
4,5,8,11,13,15,16,18,19,21,22>4,5,14,15,18,20,21,8,13,16,19,22
4,5,8,11,13,15,16,18,19,21,22>4,11,14,15,18,21,23,8,13,16,19,22
4,5,8,11,13,15,16,18,19,21,22>4,11,14,15,20,23,8,13,16,19,22
4,5,8,11,13,15,16,18,19,21,22>4,12,14,15,20,21,8,13,16,19,22
4,5,8,11,13,15,16,18,19,21,22>4,11,12,14,15,8,13,16,19,22
4,5,8,11,13,15,16,18,19,21,22>4,5,11,12,14,8,13,16,19,22
2,4,7,8,9,10,14,15,17,18,22,23>7,11,14,16,18,22,10,23
2,4,7,8,9,10,14,15,17,18,22,23>2,7,11,15,16,18,19,10,23
2,4,7,8,9,10,14,15,17,18,22,23>2,7,11,15,16,17,22,10,23
2,4,7,8,9,10,14,15,17,18,22,23>2,17,8,11,10,23
2,4,7,8,9,10,14,15,17,18,22,23>2,4,7,8,11,14,18,19,22,10,23
2,4,7,8,9,10,14,15,17,18,22,23>4,9,14,16,18,19,10,23
2,4,7,8,9,10,14,15,17,18,22,23>4,7,9,11,14,15,16,19,22,10,23
2,4,7,8,9,10,14,15,17,18,22,23>7,8,9,11,15,18,22,10,23
1,3,6,7,9,10,11,14,15,16,18,20,21,22,23>11,1,19,4,7,10,15,16,20,21,22,23
1,3,6,7,9,10,11,14,15,16,18,20,21,22,23>1,18,19,4,7,10,15,16,20,21,22,23
1,3,6,7,9,10,11,14,15,16,18,20,21,22,23>18,3,4,9,7,10,15,16,20,21,22,23
1,3,6,7,9,10,11,14,15,16,18,20,21,22,23>1,3,4,14,18,7,10,15,16,20,21,22,23
1,3,6,7,9,10,11,14,15,16,18,20,21,22,23>11,1,6,9,7,10,15,16,20,21,22,23
1,3,6,7,9,10,11,14,15,16,18,20,21,22,23>1,4,6,11,18,7,10,15,16,20,21,22,23
1,3,6,7,9,10,11,14,15,16,18,20,21,22,23>1,4,6,9,19,7,10,15,16,20,21,22,23
1,3,6,7,9,10,11,14,15,16,18,20,21,22,23>1,2,3,4,6,8,14,7,10,15,16,20,21,22,23
1,2,4,5,9,12,14,17,22>4,13,14,16,22,2,12
1,2,4,5,9,12,14,17,22>5,10,15,16,18,22,23,2,12
1,2,4,5,9,12,14,17,22>1,4,5,10,15,18,23,2,12
1,2,4,5,9,12,14,17,22>1,5,6,9,14,15,16,17,18,23,2,12
1,2,4,5,9,12,14,17,22>1,5,6,9,10,14,22,23,2,12
1,2,4,5,9,12,14,17,22>8,10,14,15,17,22,2,12
1,2,4,5,9,12,14,17,22>1,5,8,9,10,13,17,23,2,12
1,2,4,5,9,12,14,17,22>1,5,8,14,17,18,2,12
1,3,6,8,9,10,12,18,19,21,22,23>1,2,3,7,9,10,18,8,12,19,22,23
1,3,6,8,9,10,12,18,19,21,22,23>2,4,7,10,21,8,12,19,22,23
1,3,6,8,9,10,12,18,19,21,22,23>1,2,4,6,9,10,21,8,12,19,22,23
1,3,6,8,9,10,12,18,19,21,22,23>2,6,7,9,10,11,8,12,19,22,23
1,3,6,8,9,10,12,18,19,21,22,23>4,6,7,9,10,18,8,12,19,22,23
1,3,6,8,9,10,12,18,19,21,22,23>2,4,6,10,18,8,12,19,22,23
1,3,6,8,9,10,12,18,19,21,22,23>1,2,4,6,11,18,8,12,19,22,23
1,3,6,8,9,10,12,18,19,21,22,23>1,3,4,6,7,8,12,19,22,23
1,3,5,6,12,13,14,16,17,18,21,23>8,13,16,17,19,22,23,18,12,6,14
1,3,5,6,12,13,14,16,17,18,21,23>1,2,8,17,19,22,18,12,6,14
1,3,5,6,12,13,14,16,17,18,21,23>1,2,7,8,15,17,21,18,12,6,14
1,3,5,6,12,13,14,16,17,18,21,23>1,2,3,8,17,21,22,18,12,6,14
1,3,5,6,12,13,14,16,17,18,21,23>1,2,3,7,8,13,15,16,22,23,18,12,6,14
1,3,5,6,12,13,14,16,17,18,21,23>1,2,5,13,15,16,23,18,12,6,14
1,3,5,6,12,13,14,16,17,18,21,23>1,3,5,7,8,13,16,21,22,23,18,12,6,14
1,3,5,6,12,13,14,16,17,18,21,23>2,3,4,5,13,17,21,18,12,6,14
2,3,4,5,6,8,10,12,14,17,19,21,23>2,10,16,17,19,22,8,4,12
2,3,4,5,6,8,10,12,14,17,19,21,23>2,3,5,10,14,16,17,19,21,23,8,4,12
2,3,4,5,6,8,10,12,14,17,19,21,23>3,6,11,14,16,19,21,23,8,4,12
2,3,4,5,6,8,10,12,14,17,19,21,23>2,19,7,16,8,4,12
2,3,4,5,6,8,10,12,14,17,19,21,23>3,7,11,14,21,22,23,8,4,12
2,3,4,5,6,8,10,12,14,17,19,21,23>3,6,7,16,17,19,21,23,8,4,12
2,3,4,5,6,8,10,12,14,17,19,21,23>2,5,6,7,11,14,17,19,21,22,8,4,12
2,3,4,5,6,8,10,12,14,17,19,21,23>3,5,6,7,10,14,21,22,23,8,4,12
8,10,11,13,16,18,19,21,23>21,12,20,8,19,11
8,10,11,13,16,18,19,21,23>10,13,18,20,8,19,11
8,10,11,13,16,18,19,21,23>10,13,18,22,8,19,11
8,10,11,13,16,18,19,21,23>14,18,20,21,22,23,8,19,11
8,10,11,13,16,18,19,21,23>23,13,16,20,8,19,11
8,10,11,13,16,18,19,21,23>10,13,16,8,19,11
8,10,11,13,16,18,19,21,23>10,14,16,18,20,8,19,11
8,10,11,13,16,18,19,21,23>13,14,16,18,8,19,11
3,4,5,8,9,10,11,12,13,15,16,20,22,23>14,21,22,13,4,8,10,16,23
3,4,5,8,9,10,11,12,13,15,16,20,22,23>3,5,12,14,21,4,8,10,16,23
3,4,5,8,9,10,11,12,13,15,16,20,22,23>15,9,22,13,4,8,10,16,23
3,4,5,8,9,10,11,12,13,15,16,20,22,23>11,12,13,15,21,22,4,8,10,16,23
3,4,5,8,9,10,11,12,13,15,16,20,22,23>3,11,12,15,21,22,4,8,10,16,23
3,4,5,8,9,10,11,12,13,15,16,20,22,23>5,9,11,15,20,22,4,8,10,16,23
3,4,5,8,9,10,11,12,13,15,16,20,22,23>6,9,11,12,20,4,8,10,16,23
3,4,5,8,9,10,11,12,13,15,16,20,22,23>3,5,6,9,11,13,15,21,4,8,10,16,23
3,4,6,7,10,11,13,14,19,21,23>13,16,19,20,22,23,11,4,14,7
3,4,6,7,10,11,13,14,19,21,23>6,13,19,20,21,23,11,4,14,7
3,4,6,7,10,11,13,14,19,21,23>6,10,13,20,21,22,11,4,14,7
3,4,6,7,10,11,13,14,19,21,23>15,16,19,20,21,22,11,4,14,7
3,4,6,7,10,11,13,14,19,21,23>3,10,15,19,20,21,22,23,11,4,14,7
3,4,6,7,10,11,13,14,19,21,23>3,13,15,20,22,11,4,14,7
3,4,6,7,10,11,13,14,19,21,23>3,6,13,15,20,11,4,14,7
3,4,6,7,10,11,13,14,19,21,23>3,10,13,15,19,22,23,11,4,14,7
5,9,13,14,16,17,20,21,22>5,6,8,15,18,20,21,14,22
5,9,13,14,16,17,20,21,22>6,9,13,16,17,20,21,14,22
5,9,13,14,16,17,20,21,22>8,9,15,18,23,20,21,14,22
5,9,13,14,16,17,20,21,22>6,10,13,20,21,14,22
5,9,13,14,16,17,20,21,22>8,10,13,15,17,23,20,21,14,22
5,9,13,14,16,17,20,21,22>17,6,8,10,20,21,14,22
5,9,13,14,16,17,20,21,22>8,9,10,15,16,23,20,21,14,22
5,9,13,14,16,17,20,21,22>6,8,9,10,15,20,21,14,22
2,3,7,8,9,10,11,13,14,17,19,20,23>2,3,9,10,11,13,21,17,20,14
2,3,7,8,9,10,11,13,14,17,19,20,23>3,4,11,13,21,23,17,20,14
2,3,7,8,9,10,11,13,14,17,19,20,23>2,4,7,9,13,17,20,14
2,3,7,8,9,10,11,13,14,17,19,20,23>11,13,3,8,17,20,14
2,3,7,8,9,10,11,13,14,17,19,20,23>2,3,8,13,19,21,17,20,14
2,3,7,8,9,10,11,13,14,17,19,20,23>2,7,8,19,21,23,17,20,14
2,3,7,8,9,10,11,13,14,17,19,20,23>4,7,8,11,13,19,23,17,20,14
2,3,7,8,9,10,11,13,14,17,19,20,23>2,3,4,7,8,9,21,17,20,14
2,6,8,9,10,11,12,13,14,15,16,19,22>2,15,19,22,23,8,11,12,13,14,16
2,6,8,9,10,11,12,13,14,15,16,19,22>22,23,6,8,11,12,13,14,16
2,6,8,9,10,11,12,13,14,15,16,19,22>6,7,15,8,11,12,13,14,16
2,6,8,9,10,11,12,13,14,15,16,19,22>2,7,9,19,22,23,8,11,12,13,14,16
2,6,8,9,10,11,12,13,14,15,16,19,22>6,10,15,8,11,12,13,14,16
2,6,8,9,10,11,12,13,14,15,16,19,22>2,7,10,22,23,8,11,12,13,14,16
2,6,8,9,10,11,12,13,14,15,16,19,22>2,6,7,10,22,8,11,12,13,14,16
2,6,8,9,10,11,12,13,14,15,16,19,22>2,9,10,19,22,8,11,12,13,14,16
5,6,9,11,12,14,21,23>5,21,14,12,6
5,6,9,11,12,14,21,23>7,8,14,21,23,12,6
5,6,9,11,12,14,21,23>7,9,11,14,15,22,12,6
5,6,9,11,12,14,21,23>5,10,11,15,21,22,23,12,6
5,6,9,11,12,14,21,23>5,8,10,11,12,6
5,6,9,11,12,14,21,23>7,8,10,11,15,21,23,12,6
5,6,9,11,12,14,21,23>22,7,8,10,12,6
5,6,9,11,12,14,21,23>5,7,9,10,21,22,12,6
2,4,5,7,9,11,14,15,19,20>2,4,21,20,15
2,4,5,7,9,11,14,15,19,20>2,4,11,16,20,15
2,4,5,7,9,11,14,15,19,20>14,7,21,13,20,15
2,4,5,7,9,11,14,15,19,20>2,7,11,13,16,20,15
2,4,5,7,9,11,14,15,19,20>16,4,7,11,20,15
2,4,5,7,9,11,14,15,19,20>4,5,7,16,19,21,20,15
2,4,5,7,9,11,14,15,19,20>2,5,9,13,14,19,20,15
2,4,5,7,9,11,14,15,19,20>14,21,7,9,20,15
3,6,9,10,14,17,18,19,20,21,22>15,3,10,14,17,18,19,20,21,22
3,6,9,10,14,17,18,19,20,21,22>23,4,10,14,17,18,19,20,21,22
3,6,9,10,14,17,18,19,20,21,22>3,4,6,23,17,18,19,20,21,22
3,6,9,10,14,17,18,19,20,21,22>3,7,14,15,23,17,18,19,20,21,22
3,6,9,10,14,17,18,19,20,21,22>15,4,7,10,17,18,19,20,21,22
3,6,9,10,14,17,18,19,20,21,22>3,4,7,23,17,18,19,20,21,22
3,6,9,10,14,17,18,19,20,21,22>6,7,10,14,15,17,18,19,20,21,22
3,6,9,10,14,17,18,19,20,21,22>3,6,7,9,10,17,18,19,20,21,22
1,2,4,5,7,8,9,10,13,14,15,18,20,22,23>1,5,6,7,13,16,17,18,21,2,10,14,20,23
1,2,4,5,7,8,9,10,13,14,15,18,20,22,23>1,4,5,8,9,13,15,16,18,19,21,2,10,14,20,23
1,2,4,5,7,8,9,10,13,14,15,18,20,22,23>1,4,5,8,9,18,19,21,22,2,10,14,20,23
1,2,4,5,7,8,9,10,13,14,15,18,20,22,23>1,5,6,7,8,17,18,19,21,22,2,10,14,20,23
1,2,4,5,7,8,9,10,13,14,15,18,20,22,23>1,4,5,7,9,17,18,19,2,10,14,20,23
1,2,4,5,7,8,9,10,13,14,15,18,20,22,23>1,5,6,7,9,13,15,16,17,18,22,2,10,14,20,23
1,2,4,5,7,8,9,10,13,14,15,18,20,22,23>4,5,6,7,8,13,19,2,10,14,20,23
1,2,4,5,7,8,9,10,13,14,15,18,20,22,23>1,4,5,6,7,8,13,15,16,21,22,2,10,14,20,23
1,6,7,9,10,11,13,17,19,20,22,23>14,1,19,11,17,20,23,7
1,6,7,9,10,11,13,17,19,20,22,23>2,11,13,14,18,19,17,20,23,7
1,6,7,9,10,11,13,17,19,20,22,23>18,2,6,22,17,20,23,7
1,6,7,9,10,11,13,17,19,20,22,23>2,9,14,19,21,22,17,20,23,7
1,6,7,9,10,11,13,17,19,20,22,23>1,2,9,18,19,21,22,17,20,23,7
1,6,7,9,10,11,13,17,19,20,22,23>1,10,11,18,19,21,17,20,23,7
1,6,7,9,10,11,13,17,19,20,22,23>18,6,10,17,20,23,7
1,6,7,9,10,11,13,17,19,20,22,23>6,9,10,11,13,21,22,17,20,23,7
3,5,6,7,8,9,10,12,13,14,16,18,19,20,23>3,4,13,16,18,8,19,14,7
3,5,6,7,8,9,10,12,13,14,16,18,19,20,23>3,5,10,13,16,8,19,14,7
3,5,6,7,8,9,10,12,13,14,16,18,19,20,23>4,5,16,18,20,23,8,19,14,7
3,5,6,7,8,9,10,12,13,14,16,18,19,20,23>5,6,12,16,18,8,19,14,7
3,5,6,7,8,9,10,12,13,14,16,18,19,20,23>3,4,9,12,21,8,19,14,7
3,5,6,7,8,9,10,12,13,14,16,18,19,20,23>5,9,10,13,16,18,23,8,19,14,7
3,5,6,7,8,9,10,12,13,14,16,18,19,20,23>3,4,5,9,12,16,18,20,8,19,14,7
3,5,6,7,8,9,10,12,13,14,16,18,19,20,23>21,5,6,9,8,19,14,7
1,2,3,5,6,12,15,17,19,20,22,23>4,8,19,20,22,17,2,23
1,2,3,5,6,12,15,17,19,20,22,23>1,4,7,8,18,20,22,17,2,23
1,2,3,5,6,12,15,17,19,20,22,23>1,5,12,15,18,19,20,22,17,2,23
1,2,3,5,6,12,15,17,19,20,22,23>6,7,12,15,16,19,20,22,17,2,23
1,2,3,5,6,12,15,17,19,20,22,23>4,6,18,19,22,17,2,23
1,2,3,5,6,12,15,17,19,20,22,23>1,5,6,7,16,19,20,22,17,2,23
1,2,3,5,6,12,15,17,19,20,22,23>1,4,5,6,7,12,15,18,19,20,17,2,23
1,2,3,5,6,12,15,17,19,20,22,23>1,3,4,5,6,7,18,20,21,22,17,2,23
1,4,5,6,10,13,14,15,16,18,21,22>2,8,11,13,18,19,23,6,14,15,16,22
1,4,5,6,10,13,14,15,16,18,21,22>1,2,8,10,12,18,23,6,14,15,16,22
1,4,5,6,10,13,14,15,16,18,21,22>1,2,4,10,11,13,19,6,14,15,16,22
1,4,5,6,10,13,14,15,16,18,21,22>1,4,5,7,11,12,13,21,6,14,15,16,22
1,4,5,6,10,13,14,15,16,18,21,22>2,7,8,11,12,21,23,6,14,15,16,22
1,4,5,6,10,13,14,15,16,18,21,22>1,2,4,7,11,19,6,14,15,16,22
1,4,5,6,10,13,14,15,16,18,21,22>4,5,7,8,10,13,18,21,6,14,15,16,22
1,4,5,6,10,13,14,15,16,18,21,22>1,4,5,7,11,21,23,6,14,15,16,22
1,2,4,5,7,8,10,11,13,17,18,22,23>1,4,8,13,14,16,18,19,22,2,11,23
1,2,4,5,7,8,10,11,13,17,18,22,23>5,8,10,13,14,16,17,2,11,23
1,2,4,5,7,8,10,11,13,17,18,22,23>4,5,6,8,13,18,22,2,11,23
1,2,4,5,7,8,10,11,13,17,18,22,23>1,4,5,6,8,10,14,16,18,2,11,23
1,2,4,5,7,8,10,11,13,17,18,22,23>4,5,6,13,16,17,22,2,11,23
1,2,4,5,7,8,10,11,13,17,18,22,23>1,4,5,6,7,14,16,17,22,2,11,23
1,2,4,5,7,8,10,11,13,17,18,22,23>5,7,8,14,18,19,2,11,23
1,2,4,5,7,8,10,11,13,17,18,22,23>1,4,5,6,7,8,18,19,22,2,11,23
1,5,9,10,11,14,17,21,23>17,18,2,14,10,11
1,5,9,10,11,14,17,21,23>1,2,14,18,22,23,10,11
1,5,9,10,11,14,17,21,23>17,18,5,10,11
1,5,9,10,11,14,17,21,23>18,21,22,6,10,11
1,5,9,10,11,14,17,21,23>1,2,5,6,14,22,23,10,11
1,5,9,10,11,14,17,21,23>17,21,6,9,10,11
1,5,9,10,11,14,17,21,23>1,6,9,14,21,22,23,10,11
1,5,9,10,11,14,17,21,23>1,5,6,9,15,17,22,10,11
1,4,6,9,10,11,13,15,16,17,18,19,20>8,9,10,14,15,13,16,18,19,20
1,4,6,9,10,11,13,15,16,17,18,19,20>2,8,10,11,15,17,13,16,18,19,20
1,4,6,9,10,11,13,15,16,17,18,19,20>1,4,8,9,11,14,21,13,16,18,19,20
1,4,6,9,10,11,13,15,16,17,18,19,20>2,4,10,11,14,13,16,18,19,20
1,4,6,9,10,11,13,15,16,17,18,19,20>6,9,11,14,15,13,16,18,19,20
1,4,6,9,10,11,13,15,16,17,18,19,20>11,2,14,6,13,16,18,19,20
1,4,6,9,10,11,13,15,16,17,18,19,20>4,7,9,10,11,14,15,17,21,13,16,18,19,20
1,4,6,9,10,11,13,15,16,17,18,19,20>4,7,8,9,10,13,16,18,19,20
2,3,4,7,9,12,13,14,18,19,20,22>2,16,17,18,20,23,19,4,13,14
2,3,4,7,9,12,13,14,18,19,20,22>2,7,15,16,18,20,22,19,4,13,14
2,3,4,7,9,12,13,14,18,19,20,22>3,7,8,16,17,23,19,4,13,14
2,3,4,7,9,12,13,14,18,19,20,22>2,3,7,8,15,16,20,22,19,4,13,14
2,3,4,7,9,12,13,14,18,19,20,22>2,7,9,12,16,17,20,21,19,4,13,14
2,3,4,7,9,12,13,14,18,19,20,22>3,7,9,15,17,18,22,19,4,13,14
2,3,4,7,9,12,13,14,18,19,20,22>3,7,9,15,16,17,18,20,21,19,4,13,14
2,3,4,7,9,12,13,14,18,19,20,22>3,8,9,12,17,18,20,21,19,4,13,14
5,7,12,13,16,17,19,21>19,22,17,18,12,13
5,7,12,13,16,17,19,21>5,7,8,17,22,12,13
5,7,12,13,16,17,19,21>19,21,14,18,12,13
5,7,12,13,16,17,19,21>5,14,17,19,21,12,13
5,7,12,13,16,17,19,21>5,22,16,21,12,13
5,7,12,13,16,17,19,21>8,16,18,12,13
5,7,12,13,16,17,19,21>7,14,16,19,21,22,12,13
5,7,12,13,16,17,19,21>5,7,8,14,16,19,21,12,13
2,5,6,7,8,10,13,14,16,17,20,22,23>2,5,10,17,22,6,7,8,14,20,23
2,5,6,7,8,10,13,14,16,17,20,22,23>2,5,10,17,21,6,7,8,14,20,23
2,5,6,7,8,10,13,14,16,17,20,22,23>2,10,13,6,7,8,14,20,23
2,5,6,7,8,10,13,14,16,17,20,22,23>5,10,13,17,21,22,6,7,8,14,20,23
2,5,6,7,8,10,13,14,16,17,20,22,23>2,16,17,21,6,7,8,14,20,23
2,5,6,7,8,10,13,14,16,17,20,22,23>22,5,16,6,7,8,14,20,23
2,5,6,7,8,10,13,14,16,17,20,22,23>2,10,16,21,6,7,8,14,20,23
2,5,6,7,8,10,13,14,16,17,20,22,23>13,16,17,21,6,7,8,14,20,23
1,2,4,7,8,9,10,12,13,14,15,17,19,20,21>1,12,15,16,20,22,2,8,13,14,17,21
1,2,4,7,8,9,10,12,13,14,15,17,19,20,21>1,4,19,20,22,2,8,13,14,17,21
1,2,4,7,8,9,10,12,13,14,15,17,19,20,21>1,22,9,19,2,8,13,14,17,21
1,2,4,7,8,9,10,12,13,14,15,17,19,20,21>1,4,9,12,22,2,8,13,14,17,21
1,2,4,7,8,9,10,12,13,14,15,17,19,20,21>16,7,10,12,2,8,13,14,17,21
1,2,4,7,8,9,10,12,13,14,15,17,19,20,21>16,7,10,15,2,8,13,14,17,21
1,2,4,7,8,9,10,12,13,14,15,17,19,20,21>1,4,7,10,12,19,22,2,8,13,14,17,21
1,2,4,7,8,9,10,12,13,14,15,17,19,20,21>1,9,10,16,19,2,8,13,14,17,21
2,3,4,5,6,7,8,11,12,13,14,15,16,18,19,20,21,23>6,13,15,18,20,23,4,7,8,14,16,19,21
2,3,4,5,6,7,8,11,12,13,14,15,16,18,19,20,21,23>20,5,6,12,4,7,8,14,16,19,21
2,3,4,5,6,7,8,11,12,13,14,15,16,18,19,20,21,23>2,5,6,13,20,23,4,7,8,14,16,19,21
2,3,4,5,6,7,8,11,12,13,14,15,16,18,19,20,21,23>2,5,6,22,23,4,7,8,14,16,19,21
2,3,4,5,6,7,8,11,12,13,14,15,16,18,19,20,21,23>2,3,5,6,18,20,23,4,7,8,14,16,19,21
2,3,4,5,6,7,8,11,12,13,14,15,16,18,19,20,21,23>3,5,11,12,20,22,4,7,8,14,16,19,21
2,3,4,5,6,7,8,11,12,13,14,15,16,18,19,20,21,23>6,11,15,18,20,22,23,4,7,8,14,16,19,21
2,3,4,5,6,7,8,11,12,13,14,15,16,18,19,20,21,23>3,6,11,12,13,15,23,4,7,8,14,16,19,21
4,5,9,11,12,13,14,16,20,23>4,11,13,20,21,23,16,14
4,5,9,11,12,13,14,16,20,23>5,11,13,15,20,21,23,16,14
4,5,9,11,12,13,14,16,20,23>9,13,15,21,23,16,14
4,5,9,11,12,13,14,16,20,23>5,6,8,9,10,11,13,15,21,16,14
4,5,9,11,12,13,14,16,20,23>4,5,9,21,23,16,14
4,5,9,11,12,13,14,16,20,23>5,6,9,11,20,16,14
4,5,9,11,12,13,14,16,20,23>8,9,10,12,13,15,20,23,16,14
4,5,9,11,12,13,14,16,20,23>5,6,8,9,10,12,15,20,21,16,14
1,4,5,6,7,10,11,15,20,22>15,17,22,20,6,7
1,4,5,6,7,10,11,15,20,22>1,11,15,16,22,23,20,6,7
1,4,5,6,7,10,11,15,20,22>2,4,15,16,17,21,23,20,6,7
1,4,5,6,7,10,11,15,20,22>2,5,11,15,16,21,23,20,6,7
1,4,5,6,7,10,11,15,20,22>2,10,13,16,17,21,23,20,6,7
1,4,5,6,7,10,11,15,20,22>2,10,15,21,22,20,6,7
1,4,5,6,7,10,11,15,20,22>1,2,4,10,11,13,17,20,6,7
1,4,5,6,7,10,11,15,20,22>2,4,5,10,13,15,17,20,6,7
1,4,8,11,12,13,15,19,21,22,23>16,1,11,14,8,12,22,23
1,4,8,11,12,13,15,19,21,22,23>2,11,8,12,22,23
1,4,8,11,12,13,15,19,21,22,23>1,11,14,15,8,12,22,23
1,4,8,11,12,13,15,19,21,22,23>1,4,11,15,16,8,12,22,23
1,4,8,11,12,13,15,19,21,22,23>1,4,11,16,19,8,12,22,23
1,4,8,11,12,13,15,19,21,22,23>1,2,13,15,21,8,12,22,23
1,4,8,11,12,13,15,19,21,22,23>1,2,13,19,8,12,22,23
1,4,8,11,12,13,15,19,21,22,23>21,2,4,13,8,12,22,23
2,3,7,8,11,13,19,20>19,3,11,20,13
2,3,7,8,11,13,19,20>2,3,4,17,19,21,20,13
2,3,7,8,11,13,19,20>4,7,11,17,21,20,13
2,3,7,8,11,13,19,20>4,7,14,20,13
2,3,7,8,11,13,19,20>4,8,11,17,21,20,13
2,3,7,8,11,13,19,20>4,8,14,17,21,20,13
2,3,7,8,11,13,19,20>19,7,8,20,13
2,3,7,8,11,13,19,20>3,7,8,11,14,17,21,20,13
11,14,15,17,18,21>22,11,16,19,18,15
11,14,15,17,18,21>11,13,14,16,22,18,15
11,14,15,17,18,21>11,13,14,16,19,21,18,15
11,14,15,17,18,21>13,14,17,19,21,18,15
11,14,15,17,18,21>16,17,19,21,22,18,15
11,14,15,17,18,21>11,16,17,19,21,18,15
11,14,15,17,18,21>11,13,16,17,22,18,15
11,14,15,17,18,21>11,13,14,16,17,18,15
1,2,3,4,6,8,9,13,14,16,17,18,21>1,3,12,19,21,2,4,8,13,14,16
1,2,3,4,6,8,9,13,14,16,17,18,21>1,6,12,18,21,22,2,4,8,13,14,16
1,2,3,4,6,8,9,13,14,16,17,18,21>6,7,17,18,19,21,22,2,4,8,13,14,16
1,2,3,4,6,8,9,13,14,16,17,18,21>9,10,12,17,18,21,2,4,8,13,14,16
1,2,3,4,6,8,9,13,14,16,17,18,21>3,6,9,10,17,19,2,4,8,13,14,16
1,2,3,4,6,8,9,13,14,16,17,18,21>7,9,10,12,18,19,22,2,4,8,13,14,16
1,2,3,4,6,8,9,13,14,16,17,18,21>3,7,9,17,19,2,4,8,13,14,16
1,2,3,4,6,8,9,13,14,16,17,18,21>1,3,7,9,10,17,21,2,4,8,13,14,16
1,2,3,4,5,6,8,9,10,13,14,17,19,22>1,9,11,16,19,20,22,2,4,13,14
1,2,3,4,5,6,8,9,10,13,14,17,19,22>3,8,9,17,22,2,4,13,14
1,2,3,4,5,6,8,9,10,13,14,17,19,22>5,11,17,19,22,23,2,4,13,14
1,2,3,4,5,6,8,9,10,13,14,17,19,22>1,3,6,8,10,11,19,20,2,4,13,14
1,2,3,4,5,6,8,9,10,13,14,17,19,22>1,7,9,11,16,2,4,13,14
1,2,3,4,5,6,8,9,10,13,14,17,19,22>6,7,10,16,23,2,4,13,14
1,2,3,4,5,6,8,9,10,13,14,17,19,22>1,5,6,7,10,17,20,2,4,13,14
1,2,3,4,5,6,8,9,10,13,14,17,19,22>3,5,6,7,9,10,11,17,19,20,23,2,4,13,14
2,5,8,10,12,14,15,19,22>5,22,11,14,8,12
2,5,8,10,12,14,15,19,22>2,10,11,14,19,8,12
2,5,8,10,12,14,15,19,22>5,10,11,15,22,23,8,12
2,5,8,10,12,14,15,19,22>2,5,10,11,16,22,23,8,12
2,5,8,10,12,14,15,19,22>2,10,13,15,16,22,23,8,12
2,5,8,10,12,14,15,19,22>11,13,15,22,23,8,12
2,5,8,10,12,14,15,19,22>10,11,13,19,22,23,8,12
2,5,8,10,12,14,15,19,22>2,10,11,13,14,15,8,12
2,4,5,6,8,11,14,15,16,18,20,21>2,4,19,18,6,8,16,20,21
2,4,5,6,8,11,14,15,16,18,20,21>22,2,4,5,6,8,16,20,21
2,4,5,6,8,11,14,15,16,18,20,21>7,13,14,15,22,6,8,16,20,21
2,4,5,6,8,11,14,15,16,18,20,21>5,7,13,18,22,6,8,16,20,21
2,4,5,6,8,11,14,15,16,18,20,21>4,5,7,14,15,18,19,6,8,16,20,21
2,4,5,6,8,11,14,15,16,18,20,21>11,14,15,18,22,6,8,16,20,21
2,4,5,6,8,11,14,15,16,18,20,21>2,5,11,14,18,19,22,6,8,16,20,21
2,4,5,6,8,11,14,15,16,18,20,21>2,5,7,11,13,14,18,19,6,8,16,20,21
1,2,3,4,7,8,11,12,13,15,22,23>16,7,14,15,2,4,8,12,23
1,2,3,4,7,8,11,12,13,15,22,23>1,3,11,15,16,22,2,4,8,12,23
1,2,3,4,7,8,11,12,13,15,22,23>22,13,14,15,2,4,8,12,23
1,2,3,4,7,8,11,12,13,15,22,23>1,13,14,15,2,4,8,12,23
1,2,3,4,7,8,11,12,13,15,22,23>22,7,13,2,4,8,12,23
1,2,3,4,7,8,11,12,13,15,22,23>7,13,14,2,4,8,12,23
1,2,3,4,7,8,11,12,13,15,22,23>3,11,13,15,16,22,2,4,8,12,23
1,2,3,4,7,8,11,12,13,15,22,23>1,3,11,13,15,16,2,4,8,12,23
1,2,4,6,8,11,12,17,21,22>1,21,16,8,2,12,22
1,2,4,6,8,11,12,17,21,22>4,7,17,21,23,8,2,12,22
1,2,4,6,8,11,12,17,21,22>1,6,7,13,17,23,8,2,12,22
1,2,4,6,8,11,12,17,21,22>1,4,6,7,16,17,8,2,12,22
1,2,4,6,8,11,12,17,21,22>4,6,11,13,16,23,8,2,12,22
1,2,4,6,8,11,12,17,21,22>4,6,11,16,21,8,2,12,22
1,2,4,6,8,11,12,17,21,22>1,7,11,17,21,8,2,12,22
1,2,4,6,8,11,12,17,21,22>4,6,7,11,17,23,8,2,12,22
2,3,8,10,12,14,15,16,17,18,21,22>2,4,13,17,18,19,21,23,8,16,12,22
2,3,8,10,12,14,15,16,17,18,21,22>2,3,4,13,14,18,8,16,12,22
2,3,8,10,12,14,15,16,17,18,21,22>2,3,10,14,17,18,21,8,16,12,22
2,3,8,10,12,14,15,16,17,18,21,22>3,11,15,17,18,21,23,8,16,12,22
2,3,8,10,12,14,15,16,17,18,21,22>2,3,4,11,13,15,17,19,21,23,8,16,12,22
2,3,8,10,12,14,15,16,17,18,21,22>2,10,11,14,15,8,16,12,22
2,3,8,10,12,14,15,16,17,18,21,22>3,10,11,15,17,18,8,16,12,22
2,3,8,10,12,14,15,16,17,18,21,22>2,3,10,11,14,17,18,19,8,16,12,22
3,4,9,10,14,15,18,20,21,23>3,9,14,18,19,23,4,10,15,20,21
3,4,9,10,14,15,18,20,21,23>9,14,16,18,19,22,4,10,15,20,21
3,4,9,10,14,15,18,20,21,23>3,9,14,16,19,23,4,10,15,20,21
3,4,9,10,14,15,18,20,21,23>3,9,14,16,18,22,4,10,15,20,21
3,4,9,10,14,15,18,20,21,23>23,17,18,4,10,15,20,21
3,4,9,10,14,15,18,20,21,23>3,14,17,18,22,4,10,15,20,21
3,4,9,10,14,15,18,20,21,23>16,17,18,19,22,4,10,15,20,21
3,4,9,10,14,15,18,20,21,23>3,16,17,22,23,4,10,15,20,21
1,3,7,10,11,13,14,16,17,18,19,22,23>1,8,10,12,13,20,11,14,18,19,23
1,3,7,10,11,13,14,16,17,18,19,22,23>1,3,8,12,16,20,11,14,18,19,23
1,3,7,10,11,13,14,16,17,18,19,22,23>2,4,13,15,17,20,11,14,18,19,23
1,3,7,10,11,13,14,16,17,18,19,22,23>1,7,13,15,17,20,11,14,18,19,23
1,3,7,10,11,13,14,16,17,18,19,22,23>2,3,7,8,10,16,20,22,11,14,18,19,23
1,3,7,10,11,13,14,16,17,18,19,22,23>1,2,3,7,15,16,17,22,11,14,18,19,23
1,3,7,10,11,13,14,16,17,18,19,22,23>2,4,7,10,12,13,16,20,22,11,14,18,19,23
1,3,7,10,11,13,14,16,17,18,19,22,23>1,2,4,7,8,10,12,15,16,17,20,22,11,14,18,19,23
2,3,5,6,7,9,11,16,17,19,22>3,12,13,22,23,7
2,3,5,6,7,9,11,16,17,19,22>2,4,8,9,13,16,17,7
2,3,5,6,7,9,11,16,17,19,22>2,3,4,9,11,12,18,19,7
2,3,5,6,7,9,11,16,17,19,22>5,13,16,17,18,19,20,22,23,7
2,3,5,6,7,9,11,16,17,19,22>2,3,5,8,12,16,17,18,20,22,7
2,3,5,6,7,9,11,16,17,19,22>2,3,5,11,12,16,17,19,20,7
2,3,5,6,7,9,11,16,17,19,22>2,4,5,8,12,17,18,20,22,7
2,3,5,6,7,9,11,16,17,19,22>2,3,4,5,6,9,11,13,17,19,20,22,23,7
3,7,10,12,13,16,17,18,19,20,22>4,14,16,17,22,18,19,13
3,7,10,12,13,16,17,18,19,20,22>3,4,16,17,20,21,18,19,13
3,7,10,12,13,16,17,18,19,20,22>7,14,16,21,22,18,19,13
3,7,10,12,13,16,17,18,19,20,22>3,4,8,14,16,20,21,22,18,19,13
3,7,10,12,13,16,17,18,19,20,22>3,7,8,12,17,20,23,18,19,13
3,7,10,12,13,16,17,18,19,20,22>10,12,16,21,22,18,19,13
3,7,10,12,13,16,17,18,19,20,22>3,7,10,12,14,20,22,23,18,19,13
3,7,10,12,13,16,17,18,19,20,22>3,7,8,10,14,16,22,23,18,19,13
2,5,7,10,14,16,19,21,22,23>2,7,12,14,19,20,21,22,23
2,5,7,10,14,16,19,21,22,23>5,7,11,12,14,19,20,22,23
2,5,7,10,14,16,19,21,22,23>2,8,11,12,14,15,19,20,22,23
2,5,7,10,14,16,19,21,22,23>7,8,11,12,15,16,19,21,22,23
2,5,7,10,14,16,19,21,22,23>7,10,14,15,16,19,21,22,23
2,5,7,10,14,16,19,21,22,23>2,5,7,10,11,12,15,20,22,23
2,5,7,10,14,16,19,21,22,23>8,10,12,14,16,19,21,22,23
2,5,7,10,14,16,19,21,22,23>2,7,8,10,12,15,16,21,22,23
1,2,5,6,7,9,14,16,17,18>1,5,14,15,17,2,18,6,7
1,2,5,6,7,9,14,16,17,18>1,5,12,16,17,19,2,18,6,7
1,2,5,6,7,9,14,16,17,18>9,12,14,15,17,2,18,6,7
1,2,5,6,7,9,14,16,17,18>1,9,19,2,18,6,7
1,2,5,6,7,9,14,16,17,18>8,9,10,12,13,14,15,16,2,18,6,7
1,2,5,6,7,9,14,16,17,18>1,8,9,12,13,15,2,18,6,7
1,2,5,6,7,9,14,16,17,18>14,5,16,10,2,18,6,7
1,2,5,6,7,9,14,16,17,18>8,9,10,12,15,17,19,2,18,6,7
1,10,12,13,14,15,16,18,19,22>23,18,12,13,14,15,16,19
1,10,12,13,14,15,16,18,19,22>1,2,8,22,12,13,14,15,16,19
1,10,12,13,14,15,16,18,19,22>8,10,18,12,13,14,15,16,19
1,10,12,13,14,15,16,18,19,22>2,8,10,22,12,13,14,15,16,19
1,10,12,13,14,15,16,18,19,22>1,11,18,22,12,13,14,15,16,19
1,10,12,13,14,15,16,18,19,22>1,2,11,22,23,12,13,14,15,16,19
1,10,12,13,14,15,16,18,19,22>23,8,11,12,13,14,15,16,19
1,10,12,13,14,15,16,18,19,22>1,2,10,11,18,12,13,14,15,16,19
2,3,4,5,6,8,11,13,14,15,16,18,22>2,22,23,19,4,6,8,13,14,16
2,3,4,5,6,8,11,13,14,15,16,18,22>2,22,7,12,4,6,8,13,14,16
2,3,4,5,6,8,11,13,14,15,16,18,22>3,5,7,12,15,18,22,4,6,8,13,14,16
2,3,4,5,6,8,11,13,14,15,16,18,22>3,11,12,15,18,19,4,6,8,13,14,16
2,3,4,5,6,8,11,13,14,15,16,18,22>3,5,11,12,19,22,23,4,6,8,13,14,16
2,3,4,5,6,8,11,13,14,15,16,18,22>19,7,11,4,6,8,13,14,16
2,3,4,5,6,8,11,13,14,15,16,18,22>3,7,11,12,18,23,4,6,8,13,14,16
2,3,4,5,6,8,11,13,14,15,16,18,22>3,5,7,11,22,23,4,6,8,13,14,16
1,2,4,5,7,9,10,11,12,13,14,15,19>4,5,9,10,16,2,11,12,13,14,15
1,2,4,5,7,9,10,11,12,13,14,15,19>1,4,5,10,16,2,11,12,13,14,15
1,2,4,5,7,9,10,11,12,13,14,15,19>4,7,9,10,16,19,2,11,12,13,14,15
1,2,4,5,7,9,10,11,12,13,14,15,19>4,5,7,10,19,2,11,12,13,14,15
1,2,4,5,7,9,10,11,12,13,14,15,19>1,4,5,7,9,16,2,11,12,13,14,15
1,2,4,5,7,9,10,11,12,13,14,15,19>1,4,7,8,19,2,11,12,13,14,15
1,2,4,5,7,9,10,11,12,13,14,15,19>5,7,8,9,10,19,2,11,12,13,14,15
1,2,4,5,7,9,10,11,12,13,14,15,19>4,5,7,8,9,10,2,11,12,13,14,15
4,5,6,8,10,12,14,16,17,19,23>23,6,11,14,8,16,12
4,5,6,8,10,12,14,16,17,19,23>5,6,14,17,19,23,8,16,12
4,5,6,8,10,12,14,16,17,19,23>4,5,6,14,19,23,8,16,12
4,5,6,8,10,12,14,16,17,19,23>4,5,6,14,17,8,16,12
4,5,6,8,10,12,14,16,17,19,23>17,4,7,19,8,16,12
4,5,6,8,10,12,14,16,17,19,23>4,5,6,10,17,8,16,12
4,5,6,8,10,12,14,16,17,19,23>7,10,14,17,19,8,16,12
4,5,6,8,10,12,14,16,17,19,23>6,7,10,11,17,8,16,12
1,3,5,7,8,9,10,11,12,14,15,16,19,20>21,3,14,20,8,16
1,3,5,7,8,9,10,11,12,14,15,16,19,20>1,3,10,11,12,8,16
1,3,5,7,8,9,10,11,12,14,15,16,19,20>2,4,7,10,11,19,20,8,16
1,3,5,7,8,9,10,11,12,14,15,16,19,20>1,2,4,7,9,11,13,14,20,8,16
1,3,5,7,8,9,10,11,12,14,15,16,19,20>3,4,9,10,12,13,14,15,19,8,16
1,3,5,7,8,9,10,11,12,14,15,16,19,20>2,3,4,9,11,12,14,19,8,16
1,3,5,7,8,9,10,11,12,14,15,16,19,20>3,5,9,10,12,13,21,8,16
1,3,5,7,8,9,10,11,12,14,15,16,19,20>2,3,4,5,9,12,15,20,21,8,16
3,4,9,11,12,15,16,22>22,23,9,13,16,4,12
3,4,9,11,12,15,16,22>22,3,10,13,16,4,12
3,4,9,11,12,15,16,22>22,23,11,16,4,12
3,4,9,11,12,15,16,22>3,11,13,23,16,4,12
3,4,9,11,12,15,16,22>3,8,11,13,15,22,16,4,12
3,4,9,11,12,15,16,22>22,3,9,11,16,4,12
3,4,9,11,12,15,16,22>8,9,11,16,4,12
3,4,9,11,12,15,16,22>8,10,11,15,23,16,4,12
1,3,6,8,9,10,12,19,21,22>1,7,9,13,23,8,12,22
1,3,6,8,9,10,12,19,21,22>1,2,9,10,11,21,8,12,22
1,3,6,8,9,10,12,19,21,22>2,4,9,13,23,8,12,22
1,3,6,8,9,10,12,19,21,22>1,2,3,4,10,11,13,8,12,22
1,3,6,8,9,10,12,19,21,22>4,6,9,11,13,8,12,22
1,3,6,8,9,10,12,19,21,22>4,6,9,13,19,21,8,12,22
1,3,6,8,9,10,12,19,21,22>1,4,6,7,13,19,21,8,12,22
1,3,6,8,9,10,12,19,21,22>1,2,4,6,10,19,23,8,12,22
1,3,6,9,10,11,12,14,19,20,21,22,23>2,3,7,15,17,19,21,22,23
1,3,6,9,10,11,12,14,19,20,21,22,23>2,3,7,9,10,11,12,17,21,22,23
1,3,6,9,10,11,12,14,19,20,21,22,23>4,10,11,12,19,20,21,22,23
1,3,6,9,10,11,12,14,19,20,21,22,23>1,2,3,4,7,9,12,19,21,22,23
1,3,6,9,10,11,12,14,19,20,21,22,23>2,3,6,8,9,12,14,21,22,23
1,3,6,9,10,11,12,14,19,20,21,22,23>1,4,6,8,10,14,15,20,21,22,23
1,3,6,9,10,11,12,14,19,20,21,22,23>1,3,4,6,7,9,19,20,21,22,23
1,3,6,9,10,11,12,14,19,20,21,22,23>2,3,4,6,8,9,11,14,15,17,20,21,22,23
3,6,9,10,11,15,20,23>16,3,21,17,10,20
3,6,9,10,11,15,20,23>4,15,16,17,21,23,10,20
3,6,9,10,11,15,20,23>3,4,6,16,17,23,10,20
3,6,9,10,11,15,20,23>7,11,15,17,21,10,20
3,6,9,10,11,15,20,23>4,21,7,10,20
3,6,9,10,11,15,20,23>3,9,11,16,17,10,20
3,6,9,10,11,15,20,23>4,9,15,16,21,23,10,20
3,6,9,10,11,15,20,23>3,4,6,9,17,10,20
4,5,6,7,8,13,15,16,17,18,22,23>4,12,15,18,22,6,7,8,16,23
4,5,6,7,8,13,15,16,17,18,22,23>4,5,12,15,17,22,6,7,8,16,23
4,5,6,7,8,13,15,16,17,18,22,23>12,13,15,18,19,6,7,8,16,23
4,5,6,7,8,13,15,16,17,18,22,23>19,5,12,13,6,7,8,16,23
4,5,6,7,8,13,15,16,17,18,22,23>5,12,13,15,17,18,22,6,7,8,16,23
4,5,6,7,8,13,15,16,17,18,22,23>4,5,14,15,18,19,6,7,8,16,23
4,5,6,7,8,13,15,16,17,18,22,23>5,13,14,18,19,6,7,8,16,23
4,5,6,7,8,13,15,16,17,18,22,23>4,5,13,14,22,6,7,8,16,23
2,5,6,7,9,11,12,13,14,15,17,18,19,20,21>2,22,6,11,7,13,14,15,17,18,19,21
2,5,6,7,9,11,12,13,14,15,17,18,19,20,21>2,5,6,12,16,7,13,14,15,17,18,19,21
2,5,6,7,9,11,12,13,14,15,17,18,19,20,21>16,22,8,7,13,14,15,17,18,19,21
2,5,6,7,9,11,12,13,14,15,17,18,19,20,21>2,5,6,16,22,7,13,14,15,17,18,19,21
2,5,6,7,9,11,12,13,14,15,17,18,19,20,21>5,6,8,11,12,7,13,14,15,17,18,19,21
2,5,6,7,9,11,12,13,14,15,17,18,19,20,21>22,5,6,8,7,13,14,15,17,18,19,21
2,5,6,7,9,11,12,13,14,15,17,18,19,20,21>9,11,7,13,14,15,17,18,19,21
2,5,6,7,9,11,12,13,14,15,17,18,19,20,21>16,2,22,9,7,13,14,15,17,18,19,21
2,4,7,9,10,11,12,13,19,21,22>2,4,7,8,10,21,23,11,12,13,22
2,4,7,9,10,11,12,13,19,21,22>2,4,7,8,10,14,19,23,11,12,13,22
2,4,7,9,10,11,12,13,19,21,22>2,4,7,8,10,14,16,23,11,12,13,22
2,4,7,9,10,11,12,13,19,21,22>4,7,9,10,21,11,12,13,22
2,4,7,9,10,11,12,13,19,21,22>2,4,7,9,14,19,21,11,12,13,22
2,4,7,9,10,11,12,13,19,21,22>4,8,9,16,21,23,11,12,13,22
2,4,7,9,10,11,12,13,19,21,22>2,7,8,9,10,16,21,11,12,13,22
2,4,7,9,10,11,12,13,19,21,22>4,7,8,9,14,16,19,21,11,12,13,22
1,2,5,6,9,13,14,15,17,21,23>7,13,16,18,21,2,15,6,14
1,2,5,6,9,13,14,15,17,21,23>7,13,16,17,21,22,2,15,6,14
1,2,5,6,9,13,14,15,17,21,23>18,22,9,13,2,15,6,14
1,2,5,6,9,13,14,15,17,21,23>1,9,13,16,17,22,23,2,15,6,14
1,2,5,6,9,13,14,15,17,21,23>1,9,17,18,22,2,15,6,14
1,2,5,6,9,13,14,15,17,21,23>5,7,10,13,16,22,2,15,6,14
1,2,5,6,9,13,14,15,17,21,23>1,5,7,10,17,18,21,2,15,6,14
1,2,5,6,9,13,14,15,17,21,23>7,9,10,16,17,21,22,23,2,15,6,14
2,7,9,11,13,14,15,16,17,19,22,23>2,12,13,18,20,16,23,14,15
2,7,9,11,13,14,15,16,17,19,22,23>2,20,22,18,16,23,14,15
2,7,9,11,13,14,15,16,17,19,22,23>8,13,17,18,22,16,23,14,15
2,7,9,11,13,14,15,16,17,19,22,23>7,8,9,11,17,20,16,23,14,15
2,7,9,11,13,14,15,16,17,19,22,23>9,11,17,19,22,16,23,14,15
2,7,9,11,13,14,15,16,17,19,22,23>9,11,12,18,19,16,23,14,15
2,7,9,11,13,14,15,16,17,19,22,23>2,7,9,11,13,20,16,23,14,15
2,7,9,11,13,14,15,16,17,19,22,23>7,8,9,11,12,13,19,20,16,23,14,15
1,4,8,9,12,13,15,18,19,20,21,23>15,2,18,23,8,19,21
1,4,8,9,12,13,15,18,19,20,21,23>2,9,14,16,18,20,8,19,21
1,4,8,9,12,13,15,18,19,20,21,23>4,9,13,15,16,17,20,22,8,19,21
1,4,8,9,12,13,15,18,19,20,21,23>2,4,9,16,17,22,23,8,19,21
1,4,8,9,12,13,15,18,19,20,21,23>1,2,4,9,14,17,22,23,8,19,21
1,4,8,9,12,13,15,18,19,20,21,23>4,12,13,14,17,20,22,8,19,21
1,4,8,9,12,13,15,18,19,20,21,23>1,9,12,16,18,22,8,19,21
1,4,8,9,12,13,15,18,19,20,21,23>1,4,9,12,13,15,20,23,8,19,21
4,5,6,7,8,9,11,12,14,15,16,17,20,21,23>4,20,22,14,6,7,8,16,21
4,5,6,7,8,9,11,12,14,15,16,17,20,21,23>5,9,12,14,15,17,22,23,6,7,8,16,21
4,5,6,7,8,9,11,12,14,15,16,17,20,21,23>4,5,9,14,17,22,23,6,7,8,16,21
4,5,6,7,8,9,11,12,14,15,16,17,20,21,23>5,10,15,22,23,6,7,8,16,21
4,5,6,7,8,9,11,12,14,15,16,17,20,21,23>9,11,15,20,23,6,7,8,16,21
4,5,6,7,8,9,11,12,14,15,16,17,20,21,23>4,9,11,12,17,20,6,7,8,16,21
4,5,6,7,8,9,11,12,14,15,16,17,20,21,23>5,23,10,11,6,7,8,16,21
4,5,6,7,8,9,11,12,14,15,16,17,20,21,23>5,9,10,11,15,6,7,8,16,21
1,4,7,10,13,15,16,18,19,20>1,21,10,18,16,19,20,13
1,4,7,10,13,15,16,18,19,20>1,21,4,16,19,20,13
1,4,7,10,13,15,16,18,19,20>15,21,8,10,16,19,20,13
1,4,7,10,13,15,16,18,19,20>2,8,10,14,16,19,20,13
1,4,7,10,13,15,16,18,19,20>15,1,2,8,16,19,20,13
1,4,7,10,13,15,16,18,19,20>4,8,14,15,18,16,19,20,13
1,4,7,10,13,15,16,18,19,20>1,4,8,10,14,15,16,19,20,13
1,4,7,10,13,15,16,18,19,20>2,4,7,8,15,21,16,19,20,13
1,3,5,6,12,14,15,16,19,20,21,22>1,2,3,6,14,19,20,23,16,21,22,15
1,3,5,6,12,14,15,16,19,20,21,22>1,2,3,7,12,13,14,20,23,16,21,22,15
1,3,5,6,12,14,15,16,19,20,21,22>2,4,6,8,12,13,14,20,23,16,21,22,15
1,3,5,6,12,14,15,16,19,20,21,22>1,2,4,12,13,19,20,16,21,22,15
1,3,5,6,12,14,15,16,19,20,21,22>3,4,8,12,19,16,21,22,15
1,3,5,6,12,14,15,16,19,20,21,22>1,2,3,4,6,13,14,16,21,22,15
1,3,5,6,12,14,15,16,19,20,21,22>4,5,12,13,14,19,20,23,16,21,22,15
1,3,5,6,12,14,15,16,19,20,21,22>1,2,4,5,6,8,14,19,23,16,21,22,15
1,3,5,6,7,8,9,10,12,13,14,20,21,23>22,2,20,12,6,7,8,10,14,21
1,3,5,6,7,8,9,10,12,13,14,20,21,23>1,4,12,17,20,22,6,7,8,10,14,21
1,3,5,6,7,8,9,10,12,13,14,20,21,23>1,4,13,17,20,22,6,7,8,10,14,21
1,3,5,6,7,8,9,10,12,13,14,20,21,23>3,4,9,12,13,17,22,6,7,8,10,14,21
1,3,5,6,7,8,9,10,12,13,14,20,21,23>1,5,9,12,17,20,22,6,7,8,10,14,21
1,3,5,6,7,8,9,10,12,13,14,20,21,23>2,4,5,9,13,17,22,6,7,8,10,14,21
1,3,5,6,7,8,9,10,12,13,14,20,21,23>1,2,4,5,9,12,20,23,6,7,8,10,14,21
1,3,5,6,7,8,9,10,12,13,14,20,21,23>1,2,3,4,5,9,17,20,22,6,7,8,10,14,21
2,3,5,6,7,8,10,12,14,16,19,20>3,4,5,14,19,20,8,7
2,3,5,6,7,8,10,12,14,16,19,20>2,3,4,5,10,13,16,19,21,8,7
2,3,5,6,7,8,10,12,14,16,19,20>2,3,6,12,13,14,16,8,7
2,3,5,6,7,8,10,12,14,16,19,20>2,4,6,10,12,14,19,20,21,8,7
2,3,5,6,7,8,10,12,14,16,19,20>3,4,6,12,13,14,16,19,20,8,7
2,3,5,6,7,8,10,12,14,16,19,20>2,3,4,6,13,14,16,8,7
2,3,5,6,7,8,10,12,14,16,19,20>2,5,6,13,20,21,8,7
2,3,5,6,7,8,10,12,14,16,19,20>2,3,4,5,6,12,13,14,19,8,7
