TCR,NFAT,IFN-\beta,IFN-\betaR,IL-18,IL-18R,IRAK,SOCS1,IL-12,IL-12R,STAT4,T-bet,IFN-\gamma,IFN-\gammaR,JAK1,STAT1,IL-4,IL-4R,STAT6,GATA3,IL-10,IL-10R,STAT3
3,4,6,7,9,12,15,16,18,20,21,23>6,8,12,15,18,20,22,23,16,4,21,7
3,4,6,7,9,12,15,16,18,20,21,23>3,8,9,15,20,16,4,21,7
3,4,6,7,9,12,15,16,18,20,21,23>6,8,9,15,18,19,20,22,23,16,4,21,7
3,4,6,7,9,12,15,16,18,20,21,23>3,6,10,12,22,16,4,21,7
3,4,6,7,9,12,15,16,18,20,21,23>8,10,15,19,20,16,4,21,7
3,4,6,7,9,12,15,16,18,20,21,23>6,8,10,12,19,23,16,4,21,7
3,4,6,7,9,12,15,16,18,20,21,23>8,9,10,18,22,16,4,21,7
3,4,6,7,9,12,15,16,18,20,21,23>6,8,9,10,12,22,16,4,21,7
3,5,7,8,9,10,12,13,14,19,20,22>4,7,9,17,21,22,23,8,13,14
3,5,7,8,9,10,12,13,14,19,20,22>7,10,17,21,23,8,13,14
3,5,7,8,9,10,12,13,14,19,20,22>3,4,5,7,17,22,8,13,14
3,5,7,8,9,10,12,13,14,19,20,22>3,9,12,17,21,22,8,13,14
3,5,7,8,9,10,12,13,14,19,20,22>4,9,12,17,20,21,22,8,13,14
3,5,7,8,9,10,12,13,14,19,20,22>7,9,10,12,17,20,8,13,14
3,5,7,8,9,10,12,13,14,19,20,22>4,7,9,10,21,22,8,13,14
3,5,7,8,9,10,12,13,14,19,20,22>5,7,9,17,20,21,22,8,13,14
1,3,6,7,8,14,15,16,17,20,22>1,23,17,14,8,16,20,7
1,3,6,7,8,14,15,16,17,20,22>3,13,17,21,22,8,16,20,7
1,3,6,7,8,14,15,16,17,20,22>1,3,23,14,8,16,20,7
1,3,6,7,8,14,15,16,17,20,22>1,4,13,14,15,21,8,16,20,7
1,3,6,7,8,14,15,16,17,20,22>4,6,14,17,22,23,8,16,20,7
1,3,6,7,8,14,15,16,17,20,22>1,2,4,6,15,22,8,16,20,7
1,3,6,7,8,14,15,16,17,20,22>3,4,6,14,15,21,8,16,20,7
1,3,6,7,8,14,15,16,17,20,22>1,3,4,6,15,17,8,16,20,7
1,2,5,6,9,11,14,16,17,19,20,21,23>1,5,9,16,17,18,19,22,2,20,21
1,2,5,6,9,11,14,16,17,19,20,21,23>5,6,11,14,15,16,2,20,21
1,2,5,6,9,11,14,16,17,19,20,21,23>5,8,9,15,19,22,2,20,21
1,2,5,6,9,11,14,16,17,19,20,21,23>1,6,8,9,11,14,15,16,22,2,20,21
1,2,5,6,9,11,14,16,17,19,20,21,23>1,6,8,9,15,16,17,18,22,23,2,20,21
1,2,5,6,9,11,14,16,17,19,20,21,23>1,5,6,8,9,18,19,22,23,2,20,21
1,2,5,6,9,11,14,16,17,19,20,21,23>1,7,8,14,18,19,22,2,20,21
1,2,5,6,9,11,14,16,17,19,20,21,23>6,7,8,17,19,22,2,20,21
8,10,12,13,14,15,19,20,22>21,10,23,19,8,13,14
8,10,12,13,14,15,19,20,22>10,12,19,22,8,13,14
8,10,12,13,14,15,19,20,22>10,23,15,22,8,13,14
8,10,12,13,14,15,19,20,22>12,15,19,22,23,8,13,14
8,10,12,13,14,15,19,20,22>12,16,20,21,23,8,13,14
8,10,12,13,14,15,19,20,22>15,17,19,21,23,8,13,14
8,10,12,13,14,15,19,20,22>23,12,15,17,8,13,14
8,10,12,13,14,15,19,20,22>10,16,17,19,20,22,23,8,13,14
4,8,9,11,12,13,14,15,17,19,21>4,9,17,19,8,12,13,14
4,8,9,11,12,13,14,15,17,19,21>21,4,11,8,12,13,14
4,8,9,11,12,13,14,15,17,19,21>22,15,17,19,8,12,13,14
4,8,9,11,12,13,14,15,17,19,21>9,16,17,21,22,8,12,13,14
4,8,9,11,12,13,14,15,17,19,21>4,9,16,19,21,8,12,13,14
4,8,9,11,12,13,14,15,17,19,21>11,16,19,8,12,13,14
4,8,9,11,12,13,14,15,17,19,21>15,16,19,8,12,13,14
4,8,9,11,12,13,14,15,17,19,21>4,11,15,16,22,8,12,13,14
2,6,13,20,21,22>6,7,23,21,20,13,22
2,6,13,20,21,22>2,6,7,21,20,13,22
2,6,13,20,21,22>6,14,23,21,20,13,22
2,6,13,20,21,22>2,6,14,21,20,13,22
2,6,13,20,21,22>2,7,14,21,20,13,22
2,6,13,20,21,22>2,6,17,23,21,20,13,22
2,6,13,20,21,22>7,17,23,21,20,13,22
2,6,13,20,21,22>2,14,17,23,21,20,13,22
2,7,11,12,13,19,20,21,22>19,20,7,14,21,13,22
2,7,11,12,13,19,20,21,22>19,2,7,21,13,22
2,7,11,12,13,19,20,21,22>2,7,8,17,23,21,13,22
2,7,11,12,13,19,20,21,22>2,8,11,20,21,13,22
2,7,11,12,13,19,20,21,22>7,8,11,14,17,23,21,13,22
2,7,11,12,13,19,20,21,22>20,7,23,12,21,13,22
2,7,11,12,13,19,20,21,22>7,8,12,14,21,13,22
2,7,11,12,13,19,20,21,22>7,11,12,14,17,21,13,22
2,5,6,8,9,10,15,17,18>5,11,13,15,16,10,6
2,5,6,8,9,10,15,17,18>2,7,8,9,11,13,17,19,10,6
2,5,6,8,9,10,15,17,18>2,5,7,13,16,18,19,10,6
2,5,6,8,9,10,15,17,18>2,7,8,11,16,17,18,10,6
2,5,6,8,9,10,15,17,18>5,9,13,16,17,19,10,6
2,5,6,8,9,10,15,17,18>18,7,9,11,10,6
2,5,6,8,9,10,15,17,18>2,5,8,9,13,19,10,6
2,5,6,8,9,10,15,17,18>2,7,8,9,13,15,16,17,18,10,6
1,3,4,6,7,8,9,10,11,13,15,17,21>1,2,15,16,17,4,7,10,11,13
1,3,4,6,7,8,9,10,11,13,15,17,21>1,3,16,17,22,4,7,10,11,13
1,3,4,6,7,8,9,10,11,13,15,17,21>3,6,9,14,16,22,4,7,10,11,13
1,3,4,6,7,8,9,10,11,13,15,17,21>17,3,6,22,4,7,10,11,13
1,3,4,6,7,8,9,10,11,13,15,17,21>2,8,9,14,15,17,22,4,7,10,11,13
1,3,4,6,7,8,9,10,11,13,15,17,21>3,8,9,14,15,17,21,22,4,7,10,11,13
1,3,4,6,7,8,9,10,11,13,15,17,21>6,8,9,15,16,17,21,4,7,10,11,13
1,3,4,6,7,8,9,10,11,13,15,17,21>1,2,6,8,15,17,21,22,4,7,10,11,13
4,5,6,8,9,10,12,13,14,17>4,5,17,6,8,10,12,13,14
4,5,6,8,9,10,12,13,14,17>4,5,16,6,8,10,12,13,14
4,5,6,8,9,10,12,13,14,17>4,7,16,17,6,8,10,12,13,14
4,5,6,8,9,10,12,13,14,17>4,11,16,6,8,10,12,13,14
4,5,6,8,9,10,12,13,14,17>7,11,16,17,6,8,10,12,13,14
4,5,6,8,9,10,12,13,14,17>4,7,11,6,8,10,12,13,14
4,5,6,8,9,10,12,13,14,17>5,7,11,17,6,8,10,12,13,14
4,5,6,8,9,10,12,13,14,17>5,7,9,11,6,8,10,12,13,14
3,6,7,9,10,11,14,15,17,23>4,6,16,17,18,23,10,11,15,7
3,6,7,9,10,11,14,15,17,23>3,4,6,16,23,10,11,15,7
3,6,7,9,10,11,14,15,17,23>3,4,9,16,17,10,11,15,7
3,6,7,9,10,11,14,15,17,23>3,4,6,9,18,23,10,11,15,7
3,6,7,9,10,11,14,15,17,23>3,4,6,9,17,10,11,15,7
3,6,7,9,10,11,14,15,17,23>18,4,14,17,10,11,15,7
3,6,7,9,10,11,14,15,17,23>9,14,17,18,23,10,11,15,7
3,6,7,9,10,11,14,15,17,23>9,14,16,10,11,15,7
1,2,4,5,6,7,11,12,13,16,17,19,21,22>17,18,4,14,2,7,12,13,16,22
1,2,4,5,6,7,11,12,13,16,17,19,21,22>5,17,18,21,23,2,7,12,13,16,22
1,2,4,5,6,7,11,12,13,16,17,19,21,22>18,6,23,11,2,7,12,13,16,22
1,2,4,5,6,7,11,12,13,16,17,19,21,22>1,4,5,6,17,18,19,2,7,12,13,16,22
1,2,4,5,6,7,11,12,13,16,17,19,21,22>4,5,8,11,17,19,2,7,12,13,16,22
1,2,4,5,6,7,11,12,13,16,17,19,21,22>4,6,8,14,17,21,23,2,7,12,13,16,22
1,2,4,5,6,7,11,12,13,16,17,19,21,22>5,6,8,17,19,2,7,12,13,16,22
1,2,4,5,6,7,11,12,13,16,17,19,21,22>1,4,5,6,8,11,17,18,21,2,7,12,13,16,22
1,3,14,18,20,23>1,2,17,18,19,21,23,20
1,3,14,18,20,23>18,4,15,17,20
1,3,14,18,20,23>1,3,4,15,23,20
1,3,14,18,20,23>14,15,18,21,23,20
1,3,14,18,20,23>2,3,14,15,17,18,23,20
1,3,14,18,20,23>1,2,3,14,17,19,21,23,20
1,3,14,18,20,23>1,4,14,15,17,19,21,23,20
1,3,14,18,20,23>3,4,14,15,18,23,20
1,3,6,8,10,11,13,14,17,19,23>3,7,13,17,19,20,23,11,14
1,3,6,8,10,11,13,14,17,19,23>1,4,7,8,20,11,14
1,3,6,8,10,11,13,14,17,19,23>3,4,7,8,10,13,17,19,20,11,14
1,3,6,8,10,11,13,14,17,19,23>1,3,4,7,13,20,11,14
1,3,6,8,10,11,13,14,17,19,23>1,6,7,13,20,11,14
1,3,6,8,10,11,13,14,17,19,23>4,6,7,10,17,20,11,14
1,3,6,8,10,11,13,14,17,19,23>3,4,6,7,17,19,23,11,14
1,3,6,8,10,11,13,14,17,19,23>2,3,4,6,7,17,11,14
1,2,3,7,8,9,10,11,12,13,14,15,18,20,21,22,23>1,11,12,13,15,16,17,18,2,8,10,14,21,22,23
1,2,3,7,8,9,10,11,12,13,14,15,18,20,21,22,23>1,7,11,15,16,17,18,20,2,8,10,14,21,22,23
1,2,3,7,8,9,10,11,12,13,14,15,18,20,21,22,23>1,3,4,7,9,13,16,17,19,2,8,10,14,21,22,23
1,2,3,7,8,9,10,11,12,13,14,15,18,20,21,22,23>15,3,9,12,2,8,10,14,21,22,23
1,2,3,7,8,9,10,11,12,13,14,15,18,20,21,22,23>1,4,9,12,18,19,20,2,8,10,14,21,22,23
1,2,3,7,8,9,10,11,12,13,14,15,18,20,21,22,23>1,4,9,11,12,16,19,2,8,10,14,21,22,23
1,2,3,7,8,9,10,11,12,13,14,15,18,20,21,22,23>1,7,9,11,16,18,19,2,8,10,14,21,22,23
1,2,3,7,8,9,10,11,12,13,14,15,18,20,21,22,23>1,3,4,7,9,11,17,18,20,2,8,10,14,21,22,23
7,8,10,13,15,17,18,19,20,21,22,23>18,8,15,17,19,20,21,22,23
7,8,10,13,15,17,18,19,20,21,22,23>18,7,10,17,19,20,21,22,23
7,8,10,13,15,17,18,19,20,21,22,23>7,8,10,17,19,20,21,22,23
7,8,10,13,15,17,18,19,20,21,22,23>18,13,16,17,19,20,21,22,23
7,8,10,13,15,17,18,19,20,21,22,23>7,8,13,16,17,19,20,21,22,23
7,8,10,13,15,17,18,19,20,21,22,23>18,7,14,16,17,19,20,21,22,23
7,8,10,13,15,17,18,19,20,21,22,23>18,8,14,16,17,19,20,21,22,23
7,8,10,13,15,17,18,19,20,21,22,23>7,10,14,16,17,19,20,21,22,23
1,2,3,5,10,11,15,16,17,18,19,20,21,23>3,10,11,22,23,2,16,18,19,20,21
1,2,3,5,10,11,15,16,17,18,19,20,21,23>1,3,5,10,11,22,2,16,18,19,20,21
1,2,3,5,10,11,15,16,17,18,19,20,21,23>17,23,8,11,2,16,18,19,20,21
1,2,3,5,10,11,15,16,17,18,19,20,21,23>3,8,11,15,23,2,16,18,19,20,21
1,2,3,5,10,11,15,16,17,18,19,20,21,23>15,4,8,2,16,18,19,20,21
1,2,3,5,10,11,15,16,17,18,19,20,21,23>3,4,8,10,11,2,16,18,19,20,21
1,2,3,5,10,11,15,16,17,18,19,20,21,23>1,5,8,10,2,16,18,19,20,21
1,2,3,5,10,11,15,16,17,18,19,20,21,23>3,5,8,10,22,23,2,16,18,19,20,21
1,2,3,7,8,13,14,19,21>1,3,4,19,21,22,2,13,14
1,2,3,7,8,13,14,19,21>21,22,7,20,2,13,14
1,2,3,7,8,13,14,19,21>3,7,19,20,2,13,14
1,2,3,7,8,13,14,19,21>1,3,7,19,22,2,13,14
1,2,3,7,8,13,14,19,21>1,3,4,7,2,13,14
1,2,3,7,8,13,14,19,21>21,4,8,20,2,13,14
1,2,3,7,8,13,14,19,21>1,7,8,20,21,2,13,14
1,2,3,7,8,13,14,19,21>4,7,8,19,21,2,13,14
1,5,6,7,8,9,10,14,15,16,20,21,23>2,15,22,6,7,8,10,16,20,21
1,5,6,7,8,9,10,14,15,16,20,21,23>5,22,6,7,8,10,16,20,21
1,5,6,7,8,9,10,14,15,16,20,21,23>23,1,5,15,6,7,8,10,16,20,21
1,5,6,7,8,9,10,14,15,16,20,21,23>1,2,9,15,23,6,7,8,10,16,20,21
1,5,6,7,8,9,10,14,15,16,20,21,23>1,14,15,6,7,8,10,16,20,21
1,5,6,7,8,9,10,14,15,16,20,21,23>23,2,14,22,6,7,8,10,16,20,21
1,5,6,7,8,9,10,14,15,16,20,21,23>23,9,14,15,6,7,8,10,16,20,21
1,5,6,7,8,9,10,14,15,16,20,21,23>1,2,5,9,14,6,7,8,10,16,20,21
5,6,7,9,11,14,15,16,20,23>23,8,14,6,7,15,16,20
5,6,7,9,11,14,15,16,20,23>23,8,9,21,6,7,15,16,20
5,6,7,9,11,14,15,16,20,23>23,5,8,10,6,7,15,16,20
5,6,7,9,11,14,15,16,20,23>5,9,10,14,6,7,15,16,20
5,6,7,9,11,14,15,16,20,23>5,11,14,21,6,7,15,16,20
5,6,7,9,11,14,15,16,20,23>23,10,11,14,6,7,15,16,20
5,6,7,9,11,14,15,16,20,23>8,10,11,6,7,15,16,20
5,6,7,9,11,14,15,16,20,23>10,11,21,6,7,15,16,20
1,3,7,8,9,11,12,13,15,16,17,18,20,22,23>2,4,7,14,15,17,8,16,23
1,3,7,8,9,11,12,13,15,16,17,18,20,22,23>4,9,11,12,14,15,17,18,19,20,21,8,16,23
1,3,7,8,9,11,12,13,15,16,17,18,20,22,23>4,10,11,12,13,18,20,8,16,23
1,3,7,8,9,11,12,13,15,16,17,18,20,22,23>1,3,4,11,12,13,14,18,21,22,8,16,23
1,3,7,8,9,11,12,13,15,16,17,18,20,22,23>1,3,4,9,10,11,12,19,20,21,8,16,23
1,3,7,8,9,11,12,13,15,16,17,18,20,22,23>2,3,4,9,10,13,15,18,20,8,16,23
1,3,7,8,9,11,12,13,15,16,17,18,20,22,23>2,4,7,9,12,13,14,15,19,20,8,16,23
1,3,7,8,9,11,12,13,15,16,17,18,20,22,23>3,4,7,10,12,13,20,8,16,23
1,3,4,5,8,9,12,14,16,19,20,21,22,23>20,2,3,4,8,16,21,22,23
1,3,4,5,8,9,12,14,16,19,20,21,22,23>2,3,5,12,14,19,4,8,16,21,22,23
1,3,4,5,8,9,12,14,16,19,20,21,22,23>19,1,2,9,4,8,16,21,22,23
1,3,4,5,8,9,12,14,16,19,20,21,22,23>2,3,9,12,14,4,8,16,21,22,23
1,3,4,5,8,9,12,14,16,19,20,21,22,23>1,2,3,9,4,8,16,21,22,23
1,3,4,5,8,9,12,14,16,19,20,21,22,23>1,5,9,20,4,8,16,21,22,23
1,3,4,5,8,9,12,14,16,19,20,21,22,23>1,2,5,9,14,4,8,16,21,22,23
1,3,4,5,8,9,12,14,16,19,20,21,22,23>3,5,9,12,14,20,4,8,16,21,22,23
1,3,4,5,7,8,11,13,15,18,20,21,22,23>1,3,11,17,18,19,4,20,21,22,23
1,3,4,5,7,8,11,13,15,18,20,21,22,23>1,3,5,8,11,14,15,16,17,4,20,21,22,23
1,3,4,5,7,8,11,13,15,18,20,21,22,23>1,6,8,13,18,19,4,20,21,22,23
1,3,4,5,7,8,11,13,15,18,20,21,22,23>2,6,7,11,14,17,18,19,4,20,21,22,23
1,3,4,5,7,8,11,13,15,18,20,21,22,23>1,2,6,13,14,16,17,4,20,21,22,23
1,3,4,5,7,8,11,13,15,18,20,21,22,23>3,6,7,8,11,13,18,19,4,20,21,22,23
1,3,4,5,7,8,11,13,15,18,20,21,22,23>5,6,7,8,11,13,14,16,18,19,4,20,21,22,23
1,3,4,5,7,8,11,13,15,18,20,21,22,23>2,5,6,11,14,15,16,17,18,19,4,20,21,22,23
1,3,8,11,12,14,15,18,19,20,21,22,23>15,1,12,8,19,21,22,23
1,3,8,11,12,14,15,18,19,20,21,22,23>3,12,15,16,20,8,19,21,22,23
1,3,8,11,12,14,15,18,19,20,21,22,23>15,20,11,12,8,19,21,22,23
1,3,8,11,12,14,15,18,19,20,21,22,23>1,2,11,15,16,20,8,19,21,22,23
1,3,8,11,12,14,15,18,19,20,21,22,23>3,11,14,16,17,8,19,21,22,23
1,3,8,11,12,14,15,18,19,20,21,22,23>1,3,11,16,18,8,19,21,22,23
1,3,8,11,12,14,15,18,19,20,21,22,23>1,2,11,12,16,17,8,19,21,22,23
1,3,8,11,12,14,15,18,19,20,21,22,23>2,3,4,11,17,18,20,8,19,21,22,23
2,3,4,5,9,10,11,12,15,16,18,20,21,23>2,6,9,18,19,22,23,16,10,4,21
2,3,4,5,9,10,11,12,15,16,18,20,21,23>3,6,15,18,19,20,22,23,16,10,4,21
2,3,4,5,9,10,11,12,15,16,18,20,21,23>2,5,6,9,18,20,23,16,10,4,21
2,3,4,5,9,10,11,12,15,16,18,20,21,23>2,3,5,6,9,11,12,15,18,20,22,16,10,4,21
2,3,4,5,9,10,11,12,15,16,18,20,21,23>18,8,23,16,10,4,21
2,3,4,5,9,10,11,12,15,16,18,20,21,23>2,8,9,15,22,16,10,4,21
2,3,4,5,9,10,11,12,15,16,18,20,21,23>2,6,8,11,12,18,19,22,16,10,4,21
2,3,4,5,9,10,11,12,15,16,18,20,21,23>5,6,8,12,15,20,16,10,4,21
1,4,5,6,7,8,9,13,14,17,22>1,9,16,22,23,14,13,6,7
1,4,5,6,7,8,9,13,14,17,22>22,2,4,9,14,13,6,7
1,4,5,6,7,8,9,13,14,17,22>16,5,9,10,14,13,6,7
1,4,5,6,7,8,9,13,14,17,22>1,2,4,5,9,17,14,13,6,7
1,4,5,6,7,8,9,13,14,17,22>23,4,8,10,14,13,6,7
1,4,5,6,7,8,9,13,14,17,22>1,2,4,8,9,14,13,6,7
1,4,5,6,7,8,9,13,14,17,22>5,8,9,10,22,14,13,6,7
1,4,5,6,7,8,9,13,14,17,22>1,4,5,8,10,16,17,14,13,6,7
2,4,7,10,11,12,13,15,16,17,18,19,21,22,23>2,4,13,14,17,11,12,16,18,19,22,23
2,4,7,10,11,12,13,15,16,17,18,19,21,22,23>2,4,8,13,17,11,12,16,18,19,22,23
2,4,7,10,11,12,13,15,16,17,18,19,21,22,23>4,21,10,13,11,12,16,18,19,22,23
2,4,7,10,11,12,13,15,16,17,18,19,21,22,23>7,10,14,15,21,11,12,16,18,19,22,23
2,4,7,10,11,12,13,15,16,17,18,19,21,22,23>4,7,10,13,14,17,11,12,16,18,19,22,23
2,4,7,10,11,12,13,15,16,17,18,19,21,22,23>2,4,7,10,14,11,12,16,18,19,22,23
2,4,7,10,11,12,13,15,16,17,18,19,21,22,23>4,8,10,13,14,15,11,12,16,18,19,22,23
2,4,7,10,11,12,13,15,16,17,18,19,21,22,23>2,7,8,10,15,17,21,11,12,16,18,19,22,23
2,4,5,6,7,9,10,11,18,19,20,23>2,10,11,16,17,21,23,19,20,7
2,4,5,6,7,9,10,11,18,19,20,23>2,6,17,18,21,23,19,20,7
2,4,5,6,7,9,10,11,18,19,20,23>2,5,6,10,16,17,19,20,7
2,4,5,6,7,9,10,11,18,19,20,23>9,10,11,16,17,18,19,20,7
2,4,5,6,7,9,10,11,18,19,20,23>5,9,11,16,17,21,19,20,7
2,4,5,6,7,9,10,11,18,19,20,23>2,5,9,10,11,17,21,19,20,7
2,4,5,6,7,9,10,11,18,19,20,23>2,5,6,9,10,17,18,23,19,20,7
2,4,5,6,7,9,10,11,18,19,20,23>4,5,6,9,10,11,17,23,19,20,7
1,2,3,4,6,7,8,9,10,11,19,20,21,22>1,3,11,2,4,7,20,21,22
1,2,3,4,6,7,8,9,10,11,19,20,21,22>6,11,13,19,23,2,4,7,20,21,22
1,2,3,4,6,7,8,9,10,11,19,20,21,22>6,10,13,16,17,19,2,4,7,20,21,22
1,2,3,4,6,7,8,9,10,11,19,20,21,22>17,6,8,10,2,4,7,20,21,22
1,2,3,4,6,7,8,9,10,11,19,20,21,22>3,6,8,10,23,2,4,7,20,21,22
1,2,3,4,6,7,8,9,10,11,19,20,21,22>1,3,6,8,10,13,16,19,2,4,7,20,21,22
1,2,3,4,6,7,8,9,10,11,19,20,21,22>13,17,23,9,2,4,7,20,21,22
1,2,3,4,6,7,8,9,10,11,19,20,21,22>6,9,13,16,19,2,4,7,20,21,22
4,5,8,9,12,13,19,20,21,22,23>4,5,14,17,19,20,8,21,22,23
4,5,8,9,12,13,19,20,21,22,23>4,9,14,19,8,21,22,23
4,5,8,9,12,13,19,20,21,22,23>4,9,12,14,8,21,22,23
4,5,8,9,12,13,19,20,21,22,23>4,5,9,12,16,20,8,21,22,23
4,5,8,9,12,13,19,20,21,22,23>19,5,20,13,8,21,22,23
4,5,8,9,12,13,19,20,21,22,23>5,13,14,16,8,21,22,23
4,5,8,9,12,13,19,20,21,22,23>5,13,16,17,19,8,21,22,23
4,5,8,9,12,13,19,20,21,22,23>9,12,13,14,19,8,21,22,23
5,8,9,10,12,15,16,17,19,21,23>5,10,17,21,22,23,8,16,12
5,8,9,10,12,15,16,17,19,21,23>5,9,10,17,21,22,8,16,12
5,8,9,10,12,15,16,17,19,21,23>9,11,19,22,23,8,16,12
5,8,9,10,12,15,16,17,19,21,23>5,9,11,17,23,8,16,12
5,8,9,10,12,15,16,17,19,21,23>10,11,8,16,12
5,8,9,10,12,15,16,17,19,21,23>5,9,15,17,21,23,8,16,12
5,8,9,10,12,15,16,17,19,21,23>9,11,15,19,22,8,16,12
5,8,9,10,12,15,16,17,19,21,23>5,9,11,15,21,22,23,8,16,12
2,3,12,13,14,15,16,17,18,20,22>2,3,17,19,23,13,14,15,16,18
2,3,12,13,14,15,16,17,18,20,22>2,3,4,20,21,23,13,14,15,16,18
2,3,12,13,14,15,16,17,18,20,22>2,4,8,17,19,23,13,14,15,16,18
2,3,12,13,14,15,16,17,18,20,22>3,12,17,20,21,22,23,13,14,15,16,18
2,3,12,13,14,15,16,17,18,20,22>2,3,4,12,21,13,14,15,16,18
2,3,12,13,14,15,16,17,18,20,22>2,3,8,12,19,21,13,14,15,16,18
2,3,12,13,14,15,16,17,18,20,22>2,4,8,12,19,20,21,22,13,14,15,16,18
2,3,12,13,14,15,16,17,18,20,22>3,4,8,12,21,22,23,13,14,15,16,18
1,3,6,10,11,12,13,15,17,20,21,23>1,3,7,8,10,11,13,14,15,16,18,20,17,21
1,3,6,10,11,12,13,15,17,20,21,23>4,7,8,11,14,15,16,18,20,22,23,17,21
1,3,6,10,11,12,13,15,17,20,21,23>2,4,11,13,14,18,20,22,23,17,21
1,3,6,10,11,12,13,15,17,20,21,23>1,2,3,4,8,11,14,16,18,22,17,21
1,3,6,10,11,12,13,15,17,20,21,23>3,6,7,12,13,20,17,21
1,3,6,10,11,12,13,15,17,20,21,23>1,2,3,6,10,11,12,13,14,16,18,20,23,17,21
1,3,6,10,11,12,13,15,17,20,21,23>1,2,4,6,7,8,10,12,15,16,18,20,17,21
1,3,6,10,11,12,13,15,17,20,21,23>1,2,3,4,6,7,11,16,18,22,17,21
1,6,8,9,11,15,17,19,23>1,2,11,17,19,20
1,6,8,9,11,15,17,19,23>1,6,7,15,19,23
1,6,8,9,11,15,17,19,23>1,2,6,7,9,11,19
1,6,8,9,11,15,17,19,23>2,8,11,15,16
1,6,8,9,11,15,17,19,23>2,8,11,15,17,23
1,6,8,9,11,15,17,19,23>6,8,11,15,16,17,23
1,6,8,9,11,15,17,19,23>1,7,8,15,16,17
1,6,8,9,11,15,17,19,23>2,6,7,8,9,16,19,23
1,4,5,13,14,15,16,17,18,19,22>2,22,13,14,15,16,18,19
1,4,5,13,14,15,16,17,18,19,22>17,20,23,5,14,15,16,18,19
1,4,5,13,14,15,16,17,18,19,22>1,2,5,12,13,17,23,14,15,16,18,19
1,4,5,13,14,15,16,17,18,19,22>1,4,8,12,13,23,14,15,16,18,19
1,4,5,13,14,15,16,17,18,19,22>2,4,8,12,13,20,14,15,16,18,19
1,4,5,13,14,15,16,17,18,19,22>1,2,4,8,20,14,15,16,18,19
1,4,5,13,14,15,16,17,18,19,22>2,5,8,13,17,14,15,16,18,19
1,4,5,13,14,15,16,17,18,19,22>4,5,8,12,13,20,22,23,14,15,16,18,19
1,2,5,6,9,10,11,12,14,15,16,18,21>19,5,13,14,2,6,10,11,12,15,16
1,2,5,6,9,10,11,12,14,15,16,18,21>5,8,13,18,19,22,2,6,10,11,12,15,16
1,2,5,6,9,10,11,12,14,15,16,18,21>1,5,7,8,14,18,2,6,10,11,12,15,16
1,2,5,6,9,10,11,12,14,15,16,18,21>18,7,9,13,2,6,10,11,12,15,16
1,2,5,6,9,10,11,12,14,15,16,18,21>8,9,13,14,18,21,2,6,10,11,12,15,16
1,2,5,6,9,10,11,12,14,15,16,18,21>5,7,8,9,18,22,2,6,10,11,12,15,16
1,2,5,6,9,10,11,12,14,15,16,18,21>1,7,8,9,21,22,2,6,10,11,12,15,16
1,2,5,6,9,10,11,12,14,15,16,18,21>5,7,8,9,13,14,21,2,6,10,11,12,15,16
2,4,5,6,8,10,12,13,15,18,20,22,23>2,5,15,16,18,20,21,22,8,6,23
2,4,5,6,8,10,12,13,15,18,20,22,23>4,5,13,15,16,17,18,20,21,8,6,23
2,4,5,6,8,10,12,13,15,18,20,22,23>2,4,5,14,18,19,20,8,6,23
2,4,5,6,8,10,12,13,15,18,20,22,23>2,4,5,7,10,13,14,15,18,20,8,6,23
2,4,5,6,8,10,12,13,15,18,20,22,23>10,12,14,17,18,19,22,8,6,23
2,4,5,6,8,10,12,13,15,18,20,22,23>2,4,10,12,13,17,20,22,8,6,23
2,4,5,6,8,10,12,13,15,18,20,22,23>2,5,10,12,13,14,15,17,18,8,6,23
2,4,5,6,8,10,12,13,15,18,20,22,23>2,4,5,7,10,12,13,15,21,22,8,6,23
1,2,3,6,7,8,10,12,13,14,18,19,20,22,23>21,4,22,2,7,8,14,19,23
1,2,3,6,7,8,10,12,13,14,18,19,20,22,23>1,10,13,21,22,2,7,8,14,19,23
1,2,3,6,7,8,10,12,13,14,18,19,20,22,23>3,10,13,18,20,2,7,8,14,19,23
1,2,3,6,7,8,10,12,13,14,18,19,20,22,23>1,10,12,18,22,2,7,8,14,19,23
1,2,3,6,7,8,10,12,13,14,18,19,20,22,23>1,10,12,13,17,18,21,2,7,8,14,19,23
1,2,3,6,7,8,10,12,13,14,18,19,20,22,23>3,4,10,12,18,2,7,8,14,19,23
1,2,3,6,7,8,10,12,13,14,18,19,20,22,23>1,3,6,10,13,22,2,7,8,14,19,23
1,2,3,6,7,8,10,12,13,14,18,19,20,22,23>1,4,6,10,13,17,18,21,2,7,8,14,19,23
1,2,3,4,5,9,11,13,14,18,19>1,5,16,18,20,2,4,13,14,19
1,2,3,4,5,9,11,13,14,18,19>3,5,15,2,4,13,14,19
1,2,3,4,5,9,11,13,14,18,19>1,11,15,18,20,2,4,13,14,19
1,2,3,4,5,9,11,13,14,18,19>1,3,11,16,18,20,2,4,13,14,19
1,2,3,4,5,9,11,13,14,18,19>1,5,11,15,16,20,2,4,13,14,19
1,2,3,4,5,9,11,13,14,18,19>20,9,11,2,4,13,14,19
1,2,3,4,5,9,11,13,14,18,19>1,9,11,15,2,4,13,14,19
1,2,3,4,5,9,11,13,14,18,19>1,3,5,9,11,18,2,4,13,14,19
3,6,7,8,9,10,12,13,15,16,22,23>4,6,13,14,7,8,10,12,16,23
3,6,7,8,9,10,12,13,15,16,22,23>15,4,6,13,7,8,10,12,16,23
3,6,7,8,9,10,12,13,15,16,22,23>3,9,13,7,8,10,12,16,23
3,6,7,8,9,10,12,13,15,16,22,23>15,22,4,9,7,8,10,12,16,23
3,6,7,8,9,10,12,13,15,16,22,23>22,11,7,8,10,12,16,23
3,6,7,8,9,10,12,13,15,16,22,23>3,4,6,11,14,15,7,8,10,12,16,23
3,6,7,8,9,10,12,13,15,16,22,23>4,9,11,13,7,8,10,12,16,23
3,6,7,8,9,10,12,13,15,16,22,23>3,6,9,11,14,7,8,10,12,16,23
2,3,4,7,9,10,11,13,14,19,20,21,22,23>15,2,19,11,4,14,20,21,22,23
2,3,4,7,9,10,11,13,14,19,20,21,22,23>2,9,11,13,16,17,4,14,20,21,22,23
2,3,4,7,9,10,11,13,14,19,20,21,22,23>3,9,11,13,17,19,4,14,20,21,22,23
2,3,4,7,9,10,11,13,14,19,20,21,22,23>2,3,9,15,16,19,4,14,20,21,22,23
2,3,4,7,9,10,11,13,14,19,20,21,22,23>3,7,9,15,19,4,14,20,21,22,23
2,3,4,7,9,10,11,13,14,19,20,21,22,23>16,3,7,9,4,14,20,21,22,23
2,3,4,7,9,10,11,13,14,19,20,21,22,23>2,7,9,10,11,16,17,19,4,14,20,21,22,23
2,3,4,7,9,10,11,13,14,19,20,21,22,23>3,7,9,10,11,13,4,14,20,21,22,23
1,2,3,4,5,7,8,12,14,17,20,22,23>3,22,12,14,2,4,8,17,23
1,2,3,4,5,7,8,12,14,17,20,22,23>1,5,12,20,21,2,4,8,17,23
1,2,3,4,5,7,8,12,14,17,20,22,23>1,6,16,20,22,2,4,8,17,23
1,2,3,4,5,7,8,12,14,17,20,22,23>1,3,5,6,12,21,2,4,8,17,23
1,2,3,4,5,7,8,12,14,17,20,22,23>1,5,7,12,16,20,2,4,8,17,23
1,2,3,4,5,7,8,12,14,17,20,22,23>1,3,5,7,16,20,22,2,4,8,17,23
1,2,3,4,5,7,8,12,14,17,20,22,23>3,6,7,14,21,2,4,8,17,23
1,2,3,4,5,7,8,12,14,17,20,22,23>5,6,7,12,20,22,2,4,8,17,23
2,3,5,7,9,10,11,13,15,16,17,18,19,21>2,3,8,9,14,20,22,11,13,16,18,19
2,3,5,7,9,10,11,13,15,16,17,18,19,21>2,4,5,8,9,14,17,20,22,11,13,16,18,19
2,3,5,7,9,10,11,13,15,16,17,18,19,21>3,4,7,9,10,14,17,22,11,13,16,18,19
2,3,5,7,9,10,11,13,15,16,17,18,19,21>2,5,7,10,14,20,11,13,16,18,19
2,3,5,7,9,10,11,13,15,16,17,18,19,21>3,5,7,10,12,14,20,11,13,16,18,19
2,3,5,7,9,10,11,13,15,16,17,18,19,21>2,3,5,7,8,12,15,21,22,11,13,16,18,19
2,3,5,7,9,10,11,13,15,16,17,18,19,21>2,4,5,7,20,22,11,13,16,18,19
2,3,5,7,9,10,11,13,15,16,17,18,19,21>2,3,4,5,7,17,20,21,11,13,16,18,19
3,5,6,11,12,14,16,17,18,20,23>3,12,14,16,19,20,23,18,6
3,5,6,11,12,14,16,17,18,20,23>8,11,15,17,20,18,6
3,5,6,11,12,14,16,17,18,20,23>3,8,15,17,20,21,18,6
3,5,6,11,12,14,16,17,18,20,23>4,8,11,14,15,16,19,20,21,18,6
3,5,6,11,12,14,16,17,18,20,23>3,7,8,14,15,19,20,18,6
3,5,6,11,12,14,16,17,18,20,23>4,7,8,12,16,17,20,21,23,18,6
3,5,6,11,12,14,16,17,18,20,23>3,5,7,8,11,15,16,21,23,18,6
3,5,6,11,12,14,16,17,18,20,23>3,4,5,7,8,11,12,15,16,19,23,18,6
4,5,7,9,10,11,17,19,20,22,23>5,7,18,21,22,17,20,23
4,5,7,9,10,11,17,19,20,22,23>4,9,11,16,18,19,21,17,20,23
4,5,7,9,10,11,17,19,20,22,23>7,9,11,16,19,21,22,17,20,23
4,5,7,9,10,11,17,19,20,22,23>4,5,7,9,18,21,17,20,23
4,5,7,9,10,11,17,19,20,22,23>7,10,11,16,19,21,22,17,20,23
4,5,7,9,10,11,17,19,20,22,23>4,7,10,16,18,17,20,23
4,5,7,9,10,11,17,19,20,22,23>18,7,10,11,17,20,23
4,5,7,9,10,11,17,19,20,22,23>5,7,9,10,11,16,19,21,17,20,23
2,6,10,11,12,13,17,18,19,20,22,23>11,12,14,21,22,17,18,19,23
2,6,10,11,12,13,17,18,19,20,22,23>2,11,12,13,14,20,22,17,18,19,23
2,6,10,11,12,13,17,18,19,20,22,23>13,20,7,12,17,18,19,23
2,6,10,11,12,13,17,18,19,20,22,23>7,8,14,20,21,22,17,18,19,23
2,6,10,11,12,13,17,18,19,20,22,23>2,7,8,11,13,20,21,17,18,19,23
2,6,10,11,12,13,17,18,19,20,22,23>6,7,8,11,14,20,22,17,18,19,23
2,6,10,11,12,13,17,18,19,20,22,23>2,10,14,17,18,19,23
2,6,10,11,12,13,17,18,19,20,22,23>2,6,8,10,11,13,20,22,17,18,19,23
2,3,6,7,9,13,15,17,18,19,20,21>16,22,3,14,7,13,17,18,19,20,21
2,3,6,7,9,13,15,17,18,19,20,21>16,2,3,7,13,17,18,19,20,21
2,3,6,7,9,13,15,17,18,19,20,21>16,4,15,7,13,17,18,19,20,21
2,3,6,7,9,13,15,17,18,19,20,21>2,6,22,15,7,13,17,18,19,20,21
2,3,6,7,9,13,15,17,18,19,20,21>3,6,14,15,16,7,13,17,18,19,20,21
2,3,6,7,9,13,15,17,18,19,20,21>16,4,6,14,7,13,17,18,19,20,21
2,3,6,7,9,13,15,17,18,19,20,21>2,9,14,16,22,7,13,17,18,19,20,21
2,3,6,7,9,13,15,17,18,19,20,21>3,9,14,15,16,7,13,17,18,19,20,21
1,2,5,6,7,8,10,12,13,14,17,19,21,22,23>1,6,21,2,7,8,12,14,22,23
1,2,5,6,7,8,10,12,13,14,17,19,21,22,23>1,6,10,13,19,2,7,8,12,14,22,23
1,2,5,6,7,8,10,12,13,14,17,19,21,22,23>19,5,6,10,2,7,8,12,14,22,23
1,2,5,6,7,8,10,12,13,14,17,19,21,22,23>11,13,17,19,21,2,7,8,12,14,22,23
1,2,5,6,7,8,10,12,13,14,17,19,21,22,23>19,6,11,17,2,7,8,12,14,22,23
1,2,5,6,7,8,10,12,13,14,17,19,21,22,23>5,6,11,17,21,2,7,8,12,14,22,23
1,2,5,6,7,8,10,12,13,14,17,19,21,22,23>1,10,11,13,17,19,2,7,8,12,14,22,23
1,2,5,6,7,8,10,12,13,14,17,19,21,22,23>6,10,11,13,19,21,2,7,8,12,14,22,23
2,4,5,7,8,10,12,14,15,19,21>19,5,22,11,8,12
2,4,5,7,8,10,12,14,15,19,21>7,15,16,19,21,8,12
2,4,5,7,8,10,12,14,15,19,21>5,7,11,13,15,16,21,8,12
2,4,5,7,8,10,12,14,15,19,21>2,5,7,11,13,19,8,12
2,4,5,7,8,10,12,14,15,19,21>4,5,7,14,15,16,21,8,12
2,4,5,7,8,10,12,14,15,19,21>2,10,11,15,16,19,22,8,12
2,4,5,7,8,10,12,14,15,19,21>4,21,10,13,8,12
2,4,5,7,8,10,12,14,15,19,21>5,10,11,13,15,19,21,8,12
2,6,8,9,10,11,12,14,15,16,19,20,21,22,23>2,6,11,8,16,21,22,23
2,6,8,9,10,11,12,14,15,16,19,20,21,22,23>6,9,12,15,19,20,8,16,21,22,23
2,6,8,9,10,11,12,14,15,16,19,20,21,22,23>2,7,9,11,14,8,16,21,22,23
2,6,8,9,10,11,12,14,15,16,19,20,21,22,23>14,6,7,10,8,16,21,22,23
2,6,8,9,10,11,12,14,15,16,19,20,21,22,23>6,7,10,11,12,15,19,20,8,16,21,22,23
2,6,8,9,10,11,12,14,15,16,19,20,21,22,23>9,10,12,14,15,8,16,21,22,23
2,6,8,9,10,11,12,14,15,16,19,20,21,22,23>2,6,9,10,12,14,20,8,16,21,22,23
2,6,8,9,10,11,12,14,15,16,19,20,21,22,23>7,9,10,12,20,8,16,21,22,23
3,4,5,7,8,10,11,12,15,16,18,19,21,22>21,5,10,4,8,11,12,16,19,22
3,4,5,7,8,10,11,12,15,16,18,19,21,22>5,10,15,18,4,8,11,12,16,19,22
3,4,5,7,8,10,11,12,15,16,18,19,21,22>3,7,10,15,4,8,11,12,16,19,22
3,4,5,7,8,10,11,12,15,16,18,19,21,22>23,13,15,18,4,8,11,12,16,19,22
3,4,5,7,8,10,11,12,15,16,18,19,21,22>3,5,13,15,18,21,4,8,11,12,16,19,22
3,4,5,7,8,10,11,12,15,16,18,19,21,22>3,5,7,13,21,4,8,11,12,16,19,22
3,4,5,7,8,10,11,12,15,16,18,19,21,22>3,10,13,18,23,4,8,11,12,16,19,22
3,4,5,7,8,10,11,12,15,16,18,19,21,22>5,10,13,4,8,11,12,16,19,22
3,4,5,6,7,8,9,10,12,14,16,17,21>9,14,17,4,6,7,8,10,12,16
3,4,5,6,7,8,9,10,12,14,16,17,21>3,11,17,4,6,7,8,10,12,16
3,4,5,6,7,8,9,10,12,14,16,17,21>3,13,22,17,4,6,7,8,10,12,16
3,4,5,6,7,8,9,10,12,14,16,17,21>3,5,13,14,4,6,7,8,10,12,16
3,4,5,6,7,8,9,10,12,14,16,17,21>5,9,13,14,4,6,7,8,10,12,16
3,4,5,6,7,8,9,10,12,14,16,17,21>5,9,13,17,4,6,7,8,10,12,16
3,4,5,6,7,8,9,10,12,14,16,17,21>5,11,13,14,17,4,6,7,8,10,12,16
3,4,5,6,7,8,9,10,12,14,16,17,21>3,5,11,13,4,6,7,8,10,12,16
4,6,7,8,10,12,14,15,16,17,18,21,22>4,6,23,15,7,8,12,16,22
4,6,7,8,10,12,14,15,16,17,18,21,22>4,11,17,18,19,21,7,8,12,16,22
4,6,7,8,10,12,14,15,16,17,18,21,22>4,10,11,14,17,7,8,12,16,22
4,6,7,8,10,12,14,15,16,17,18,21,22>4,10,13,15,21,23,7,8,12,16,22
4,6,7,8,10,12,14,15,16,17,18,21,22>4,6,10,13,15,18,19,21,7,8,12,16,22
4,6,7,8,10,12,14,15,16,17,18,21,22>23,21,11,13,7,8,12,16,22
4,6,7,8,10,12,14,15,16,17,18,21,22>6,11,13,18,19,23,7,8,12,16,22
4,6,7,8,10,12,14,15,16,17,18,21,22>6,10,11,13,17,19,7,8,12,16,22
1,3,5,6,7,11,14,15,16,19,21,22>1,2,12,14,19,20,16,15,22,7
1,3,5,6,7,11,14,15,16,19,21,22>3,8,11,14,20,16,15,22,7
1,3,5,6,7,11,14,15,16,19,21,22>1,3,6,8,11,12,14,21,16,15,22,7
1,3,5,6,7,11,14,15,16,19,21,22>1,2,3,8,11,12,13,21,23,16,15,22,7
1,3,5,6,7,11,14,15,16,19,21,22>11,1,4,21,16,15,22,7
1,3,5,6,7,11,14,15,16,19,21,22>1,5,6,8,12,13,14,20,16,15,22,7
1,3,5,6,7,11,14,15,16,19,21,22>2,3,5,12,19,23,16,15,22,7
1,3,5,6,7,11,14,15,16,19,21,22>4,5,6,8,13,19,20,16,15,22,7
1,2,6,9,12,19,20,21,23>1,6,23,2,21
1,2,6,9,12,19,20,21,23>7,12,19,20,22,2,21
1,2,6,9,12,19,20,21,23>6,9,19,20,22,23,2,21
1,2,6,9,12,19,20,21,23>1,7,9,12,17,20,23,2,21
1,2,6,9,12,19,20,21,23>6,7,9,17,22,23,2,21
1,2,6,9,12,19,20,21,23>6,7,9,12,17,22,2,21
1,2,6,9,12,19,20,21,23>19,23,8,9,2,21
1,2,6,9,12,19,20,21,23>6,8,9,12,22,2,21
2,4,5,10,12,14,16,17,18,19,21,22,23>2,4,5,14,15,12,16,18,19,22,23
2,4,5,10,12,14,16,17,18,19,21,22,23>15,2,21,8,12,16,18,19,22,23
2,4,5,10,12,14,16,17,18,19,21,22,23>4,21,8,12,16,18,19,22,23
2,4,5,10,12,14,16,17,18,19,21,22,23>15,17,5,8,12,16,18,19,22,23
2,4,5,10,12,14,16,17,18,19,21,22,23>4,10,14,15,21,12,16,18,19,22,23
2,4,5,10,12,14,16,17,18,19,21,22,23>2,5,10,14,15,21,12,16,18,19,22,23
2,4,5,10,12,14,16,17,18,19,21,22,23>4,5,10,17,21,12,16,18,19,22,23
2,4,5,10,12,14,16,17,18,19,21,22,23>5,8,10,14,12,16,18,19,22,23
1,2,4,5,6,7,8,10,11,12,15,17,18,21,23>1,17,18,19,22,2,6,7,8,11,12
1,2,4,5,6,7,8,10,11,12,15,17,18,21,23>1,22,23,19,2,6,7,8,11,12
1,2,4,5,6,7,8,10,11,12,15,17,18,21,23>1,17,18,21,22,2,6,7,8,11,12
1,2,4,5,6,7,8,10,11,12,15,17,18,21,23>1,10,16,18,19,2,6,7,8,11,12
1,2,4,5,6,7,8,10,11,12,15,17,18,21,23>4,5,10,21,22,2,6,7,8,11,12
1,2,4,5,6,7,8,10,11,12,15,17,18,21,23>1,4,5,15,17,18,2,6,7,8,11,12
1,2,4,5,6,7,8,10,11,12,15,17,18,21,23>10,15,16,17,19,22,23,2,6,7,8,11,12
1,2,4,5,6,7,8,10,11,12,15,17,18,21,23>1,5,10,15,17,18,19,21,23,2,6,7,8,11,12
2,8,10,13,14,16,17,18,20,21,22>2,10,19,8,13,14,20,21,22
2,8,10,13,14,16,17,18,20,21,22>16,8,13,14,20,21,22
2,8,10,13,14,16,17,18,20,21,22>17,19,23,8,13,14,20,21,22
2,8,10,13,14,16,17,18,20,21,22>2,17,23,8,13,14,20,21,22
2,8,10,13,14,16,17,18,20,21,22>18,19,23,8,13,14,20,21,22
2,8,10,13,14,16,17,18,20,21,22>10,18,23,8,13,14,20,21,22
2,8,10,13,14,16,17,18,20,21,22>2,10,18,8,13,14,20,21,22
2,8,10,13,14,16,17,18,20,21,22>17,18,23,8,13,14,20,21,22
2,3,5,11,12,15,16,17,19,20,21,22,23>15,17,18,19,16,21,22,23
2,3,5,11,12,15,16,17,19,20,21,22,23>15,3,18,16,21,22,23
2,3,5,11,12,15,16,17,19,20,21,22,23>19,3,18,16,21,22,23
2,3,5,11,12,15,16,17,19,20,21,22,23>2,3,11,12,15,16,21,22,23
2,3,5,11,12,15,16,17,19,20,21,22,23>2,3,4,17,18,16,21,22,23
2,3,5,11,12,15,16,17,19,20,21,22,23>3,4,5,11,12,19,20,16,21,22,23
2,3,5,11,12,15,16,17,19,20,21,22,23>19,20,8,11,16,21,22,23
2,3,5,11,12,15,16,17,19,20,21,22,23>2,8,16,21,22,23
2,3,5,6,7,8,9,11,13,15,16,17,18,21>2,3,4,11,12,15,17,18,6,7,8,13,16
2,3,5,6,7,8,9,11,13,15,16,17,18,21>2,5,10,12,14,15,21,22,6,7,8,13,16
2,3,5,6,7,8,9,11,13,15,16,17,18,21>2,5,12,14,17,18,19,22,6,7,8,13,16
2,3,5,6,7,8,9,11,13,15,16,17,18,21>2,5,10,12,14,17,22,6,7,8,13,16
2,3,5,6,7,8,9,11,13,15,16,17,18,21>2,3,4,5,12,17,19,22,6,7,8,13,16
2,3,5,6,7,8,9,11,13,15,16,17,18,21>5,9,10,12,15,17,18,19,6,7,8,13,16
2,3,5,6,7,8,9,11,13,15,16,17,18,21>2,5,9,14,15,18,21,6,7,8,13,16
2,3,5,6,7,8,9,11,13,15,16,17,18,21>3,4,5,9,10,11,12,15,17,18,22,6,7,8,13,16
3,5,6,7,9,10,14,17,20,22>4,14,15,18,21,6,7,10,17,20
3,5,6,7,9,10,14,17,20,22>4,5,14,15,21,22,23,6,7,10,17,20
3,5,6,7,9,10,14,17,20,22>4,22,9,14,6,7,10,17,20
3,5,6,7,9,10,14,17,20,22>3,4,9,14,15,21,23,6,7,10,17,20
3,5,6,7,9,10,14,17,20,22>3,4,5,9,14,18,6,7,10,17,20
3,5,6,7,9,10,14,17,20,22>3,4,13,15,18,21,22,6,7,10,17,20
3,5,6,7,9,10,14,17,20,22>4,5,13,14,18,21,23,6,7,10,17,20
3,5,6,7,9,10,14,17,20,22>5,9,13,14,22,23,6,7,10,17,20
1,2,3,5,6,7,9,10,12,15,20>13,3,4,9,2,10,6,7
1,2,3,5,6,7,9,10,12,15,20>1,5,13,17,21,2,10,6,7
1,2,3,5,6,7,9,10,12,15,20>3,4,5,2,10,6,7
1,2,3,5,6,7,9,10,12,15,20>3,8,9,15,16,21,2,10,6,7
1,2,3,5,6,7,9,10,12,15,20>1,4,8,9,12,20,21,2,10,6,7
1,2,3,5,6,7,9,10,12,15,20>1,4,8,16,21,2,10,6,7
1,2,3,5,6,7,9,10,12,15,20>1,3,4,8,9,12,16,20,2,10,6,7
1,2,3,5,6,7,9,10,12,15,20>3,5,8,13,17,2,10,6,7
2,3,8,9,10,11,12,15,19,21,22>2,3,13,15,19,23,8,11,12,22
2,3,8,9,10,11,12,15,19,21,22>2,9,10,13,15,19,23,8,11,12,22
2,3,8,9,10,11,12,15,19,21,22>4,10,13,15,16,19,21,23,8,11,12,22
2,3,8,9,10,11,12,15,19,21,22>2,4,10,13,23,8,11,12,22
2,3,8,9,10,11,12,15,19,21,22>3,4,10,13,23,8,11,12,22
2,3,8,9,10,11,12,15,19,21,22>2,9,10,15,16,21,8,11,12,22
2,3,8,9,10,11,12,15,19,21,22>4,9,10,13,15,19,21,23,8,11,12,22
2,3,8,9,10,11,12,15,19,21,22>3,4,9,10,15,19,21,8,11,12,22
3,4,6,8,11,14,16,20,21,22>3,6,14,23,4,8,16,20,21,22
3,4,6,8,11,14,16,20,21,22>3,7,23,4,8,16,20,21,22
3,4,6,8,11,14,16,20,21,22>11,23,4,8,16,20,21,22
3,4,6,8,11,14,16,20,21,22>3,6,11,4,8,16,20,21,22
3,4,6,8,11,14,16,20,21,22>3,6,13,23,4,8,16,20,21,22
3,4,6,8,11,14,16,20,21,22>3,6,7,13,14,4,8,16,20,21,22
3,4,6,8,11,14,16,20,21,22>11,13,14,4,8,16,20,21,22
3,4,6,8,11,14,16,20,21,22>7,11,13,4,8,16,20,21,22
1,2,3,6,8,9,10,12,14,16,17,23>1,3,9,11,14,16,8,2,10,12
1,2,3,6,8,9,10,12,14,16,17,23>1,3,4,16,8,2,10,12
1,2,3,6,8,9,10,12,14,16,17,23>14,1,6,9,8,2,10,12
1,2,3,6,8,9,10,12,14,16,17,23>4,6,9,11,14,17,23,8,2,10,12
1,2,3,6,8,9,10,12,14,16,17,23>1,7,14,17,23,8,2,10,12
1,2,3,6,8,9,10,12,14,16,17,23>4,7,9,14,16,8,2,10,12
1,2,3,6,8,9,10,12,14,16,17,23>4,7,11,8,2,10,12
1,2,3,6,8,9,10,12,14,16,17,23>3,4,7,16,17,8,2,10,12
1,3,4,7,8,9,10,11,14,16,17,22,23>2,3,7,9,14,22,4,8,10,11,16,23
1,3,4,7,8,9,10,11,14,16,17,22,23>2,3,14,17,22,4,8,10,11,16,23
1,3,4,7,8,9,10,11,14,16,17,22,23>22,2,3,12,4,8,10,11,16,23
1,3,4,7,8,9,10,11,14,16,17,22,23>17,1,7,12,4,8,10,11,16,23
1,3,4,7,8,9,10,11,14,16,17,22,23>22,3,9,12,4,8,10,11,16,23
1,3,4,7,8,9,10,11,14,16,17,22,23>7,9,12,14,4,8,10,11,16,23
1,3,4,7,8,9,10,11,14,16,17,22,23>2,3,7,9,17,4,8,10,11,16,23
1,3,4,7,8,9,10,11,14,16,17,22,23>1,2,3,7,9,22,4,8,10,11,16,23
1,3,5,8,9,12,15,17,18,19,20>1,3,4,12,15,18,21,8,17,19
1,3,5,8,9,12,15,17,18,19,20>1,2,3,4,12,13,15,16,18,8,17,19
1,3,5,8,9,12,15,17,18,19,20>1,2,5,9,12,18,20,21,8,17,19
1,3,5,8,9,12,15,17,18,19,20>2,3,5,12,13,16,18,20,21,8,17,19
1,3,5,8,9,12,15,17,18,19,20>1,4,5,9,13,15,16,18,20,21,8,17,19
1,3,5,8,9,12,15,17,18,19,20>3,4,5,9,12,13,16,18,21,8,17,19
1,3,5,8,9,12,15,17,18,19,20>1,3,4,5,12,13,18,8,17,19
1,3,5,8,9,12,15,17,18,19,20>2,3,4,5,15,16,18,8,17,19
2,3,5,6,7,9,18,19,22,23>22,9,18,19,23,7
2,3,5,6,7,9,18,19,22,23>2,3,4,22,19,23,7
2,3,5,6,7,9,18,19,22,23>2,3,4,18,20,19,23,7
2,3,5,6,7,9,18,19,22,23>3,5,9,18,19,23,7
2,3,5,6,7,9,18,19,22,23>4,5,9,18,19,23,7
2,3,5,6,7,9,18,19,22,23>2,4,6,18,22,19,23,7
2,3,5,6,7,9,18,19,22,23>22,3,5,6,19,23,7
2,3,5,6,7,9,18,19,22,23>2,4,5,6,18,19,23,7
3,5,6,7,8,11,13,14,15,17,19,20,21,22>3,4,11,19,23,7,13,14,17,20,21,22
3,5,6,7,8,11,13,14,15,17,19,20,21,22>4,5,11,15,23,7,13,14,17,20,21,22
3,5,6,7,8,11,13,14,15,17,19,20,21,22>3,4,5,15,16,19,7,13,14,17,20,21,22
3,5,6,7,8,11,13,14,15,17,19,20,21,22>3,4,6,15,7,13,14,17,20,21,22
3,5,6,7,8,11,13,14,15,17,19,20,21,22>3,5,8,11,19,23,7,13,14,17,20,21,22
3,5,6,7,8,11,13,14,15,17,19,20,21,22>6,8,11,15,19,23,7,13,14,17,20,21,22
3,5,6,7,8,11,13,14,15,17,19,20,21,22>4,6,8,11,16,7,13,14,17,20,21,22
3,5,6,7,8,11,13,14,15,17,19,20,21,22>3,4,5,6,8,16,19,23,7,13,14,17,20,21,22
1,6,8,10,11,12,15,17,18,19,21,23>6,15,17,18,22,8,19,11,12
1,6,8,10,11,12,15,17,18,19,21,23>2,6,15,17,21,23,8,19,11,12
1,6,8,10,11,12,15,17,18,19,21,23>1,7,16,17,22,23,8,19,11,12
1,6,8,10,11,12,15,17,18,19,21,23>1,6,7,17,21,23,8,19,11,12
1,6,8,10,11,12,15,17,18,19,21,23>2,6,7,16,17,18,21,22,8,19,11,12
1,6,8,10,11,12,15,17,18,19,21,23>1,10,17,18,21,22,23,8,19,11,12
1,6,8,10,11,12,15,17,18,19,21,23>1,10,16,17,18,21,8,19,11,12
1,6,8,10,11,12,15,17,18,19,21,23>1,6,10,16,17,21,22,23,8,19,11,12
1,3,4,5,7,12,15,17,20,22>8,12,13,15,16,18,20,21,23,17,4
1,3,4,5,7,12,15,17,20,22>1,15,16,7,17,4
1,3,4,5,7,12,15,17,20,22>3,5,7,8,15,16,21,17,4
1,3,4,5,7,12,15,17,20,22>3,5,7,13,15,16,20,21,23,17,4
1,3,4,5,7,12,15,17,20,22>1,3,5,7,8,12,13,15,18,22,17,4
1,3,4,5,7,12,15,17,20,22>1,3,6,7,8,12,18,20,22,23,17,4
1,3,4,5,7,12,15,17,20,22>1,5,6,8,12,15,21,23,17,4
1,3,4,5,7,12,15,17,20,22>1,2,5,6,15,20,21,22,17,4
3,5,7,12,13,14,17,20>3,4,18,20,21,17,13,14
3,5,7,12,13,14,17,20>3,5,12,20,21,17,13,14
3,5,7,12,13,14,17,20>4,5,8,18,21,17,13,14
3,5,7,12,13,14,17,20>3,5,8,18,17,13,14
3,5,7,12,13,14,17,20>20,21,6,12,17,13,14
3,5,7,12,13,14,17,20>15,21,7,8,17,13,14
3,5,7,12,13,14,17,20>21,7,8,12,17,13,14
3,5,7,12,13,14,17,20>3,4,6,7,8,12,18,20,17,13,14
1,4,8,11,13,14,15,16,17,19,20,21>22,1,2,17,8,13,14,16,20,21
1,4,8,11,13,14,15,16,17,19,20,21>2,4,17,8,13,14,16,20,21
1,4,8,11,13,14,15,16,17,19,20,21>22,11,17,19,8,13,14,16,20,21
1,4,8,11,13,14,15,16,17,19,20,21>22,1,2,11,8,13,14,16,20,21
1,4,8,11,13,14,15,16,17,19,20,21>15,17,8,13,14,16,20,21
1,4,8,11,13,14,15,16,17,19,20,21>1,15,8,13,14,16,20,21
1,4,8,11,13,14,15,16,17,19,20,21>2,15,19,8,13,14,16,20,21
1,4,8,11,13,14,15,16,17,19,20,21>4,15,19,8,13,14,16,20,21
1,3,6,8,11,12,17,18,19,21,22>1,3,17,21,23,8,19,12,22
1,3,6,8,11,12,17,18,19,21,22>1,2,4,11,18,21,23,8,19,12,22
1,3,6,8,11,12,17,18,19,21,22>3,4,7,13,21,23,8,19,12,22
1,3,6,8,11,12,17,18,19,21,22>2,3,4,7,11,13,18,21,8,19,12,22
1,3,6,8,11,12,17,18,19,21,22>18,6,7,11,8,19,12,22
1,3,6,8,11,12,17,18,19,21,22>4,6,11,13,23,8,19,12,22
1,3,6,8,11,12,17,18,19,21,22>3,4,6,11,13,18,8,19,12,22
1,3,6,8,11,12,17,18,19,21,22>2,3,4,6,7,13,8,19,12,22
1,6,8,19,22,23>22,1,2,20,23
1,6,8,19,22,23>22,2,7,19,23
1,6,8,19,22,23>1,2,7,19,20,23
1,6,8,19,22,23>22,1,8,23
1,6,8,19,22,23>1,8,19,20,23
1,6,8,19,22,23>1,2,8,23
1,6,8,19,22,23>2,6,8,19,20,23
1,6,8,19,22,23>6,7,8,19,20,22,23
1,2,5,7,8,9,11,13,14,15,16,18,20,23>5,6,18,19,21,23,2,8,14,16,20
1,2,5,7,8,9,11,13,14,15,16,18,20,23>5,7,15,18,21,2,8,14,16,20
1,2,5,7,8,9,11,13,14,15,16,18,20,23>1,5,7,10,15,19,21,23,2,8,14,16,20
1,2,5,7,8,9,11,13,14,15,16,18,20,23>1,6,7,11,13,15,18,21,23,2,8,14,16,20
1,2,5,7,8,9,11,13,14,15,16,18,20,23>1,6,7,11,13,18,19,21,23,2,8,14,16,20
1,2,5,7,8,9,11,13,14,15,16,18,20,23>6,9,11,13,18,19,21,2,8,14,16,20
1,2,5,7,8,9,11,13,14,15,16,18,20,23>5,6,9,10,11,15,23,2,8,14,16,20
1,2,5,7,8,9,11,13,14,15,16,18,20,23>1,5,6,9,23,2,8,14,16,20
1,4,5,6,7,8,9,11,14,15,20,21,23>9,11,14,22,23,20,21,6,7
1,4,5,6,7,8,9,11,14,15,20,21,23>1,2,9,15,17,22,20,21,6,7
1,4,5,6,7,8,9,11,14,15,20,21,23>4,9,10,16,17,22,20,21,6,7
1,4,5,6,7,8,9,11,14,15,20,21,23>22,4,8,20,21,6,7
1,4,5,6,7,8,9,11,14,15,20,21,23>1,2,4,5,8,14,15,16,17,23,20,21,6,7
1,4,5,6,7,8,9,11,14,15,20,21,23>5,8,9,10,14,17,22,23,20,21,6,7
1,4,5,6,7,8,9,11,14,15,20,21,23>1,2,5,8,11,16,17,23,20,21,6,7
1,4,5,6,7,8,9,11,14,15,20,21,23>1,2,4,5,8,9,10,11,14,16,17,20,21,6,7
3,6,7,8,11,14,15,17,18,19,20,22>4,6,13,16,18,22,23,17,19,20,7
3,6,7,8,11,14,15,17,18,19,20,22>3,4,8,13,18,21,23,17,19,20,7
3,6,7,8,11,14,15,17,18,19,20,22>3,6,8,18,21,17,19,20,7
3,6,7,8,11,14,15,17,18,19,20,22>3,11,15,16,18,22,17,19,20,7
3,6,7,8,11,14,15,17,18,19,20,22>8,11,18,21,23,17,19,20,7
3,6,7,8,11,14,15,17,18,19,20,22>3,4,8,11,16,18,22,17,19,20,7
3,6,7,8,11,14,15,17,18,19,20,22>6,8,11,14,15,22,17,19,20,7
3,6,7,8,11,14,15,17,18,19,20,22>3,6,8,11,14,16,22,17,19,20,7
5,8,15,16,21,22>5,6,12,23,8,16,22
5,8,15,16,21,22>6,15,23,8,16,22
5,8,15,16,21,22>5,12,15,23,8,16,22
5,8,15,16,21,22>5,6,12,15,8,16,22
5,8,15,16,21,22>5,6,21,8,16,22
5,8,15,16,21,22>15,21,23,8,16,22
5,8,15,16,21,22>5,15,21,8,16,22
5,8,15,16,21,22>12,15,21,8,16,22
