TCR,NFAT,IFN-\beta,IFN-\betaR,IL-18,IL-18R,IRAK,SOCS1,IL-12,IL-12R,STAT4,T-bet,IFN-\gamma,IFN-\gammaR,JAK1,STAT1,IL-4,IL-4R,STAT6,GATA3,IL-10,IL-10R,STAT3
1,2,3,5,6,9,11,12,18,21>5,11,13,19,22,2,12,6
1,2,3,5,6,9,11,12,18,21>10,5,21,8,2,12,6
1,2,3,5,6,9,11,12,18,21>1,4,5,9,10,11,13,18,21,22,2,12,6
1,2,3,5,6,9,11,12,18,21>3,4,5,9,19,21,22,2,12,6
1,2,3,5,6,9,11,12,18,21>7,9,13,18,19,21,22,2,12,6
1,2,3,5,6,9,11,12,18,21>1,3,4,7,8,9,10,11,13,18,19,21,2,12,6
1,2,3,5,6,9,11,12,18,21>1,4,5,7,9,10,18,22,2,12,6
1,2,3,5,6,9,11,12,18,21>1,3,4,5,7,8,9,13,19,21,2,12,6
1,2,7,10,12,14,16,20,21,23>20,22,14,15,2,21
1,2,7,10,12,14,16,20,21,23>20,8,15,2,21
1,2,7,10,12,14,16,20,21,23>1,12,20,22,23,2,21
1,2,7,10,12,14,16,20,21,23>7,12,14,15,16,22,23,2,21
1,2,7,10,12,14,16,20,21,23>1,8,12,20,23,2,21
1,2,7,10,12,14,16,20,21,23>1,7,10,12,15,22,2,21
1,2,7,10,12,14,16,20,21,23>1,7,10,12,14,20,2,21
1,2,7,10,12,14,16,20,21,23>8,10,12,14,15,16,22,2,21
3,4,5,7,9,13,18,21,22,23>3,10,14,18,21,4,22,23
3,4,5,7,9,13,18,21,22,23>14,3,19,21,4,22,23
3,4,5,7,9,13,18,21,22,23>3,6,14,18,19,4,22,23
3,4,5,7,9,13,18,21,22,23>5,6,14,16,21,4,22,23
3,4,5,7,9,13,18,21,22,23>3,5,7,10,13,18,19,4,22,23
3,4,5,7,9,13,18,21,22,23>9,13,14,16,21,4,22,23
3,4,5,7,9,13,18,21,22,23>3,5,6,9,13,19,21,4,22,23
3,4,5,7,9,13,18,21,22,23>3,7,9,10,14,21,4,22,23
1,2,3,4,5,7,8,9,11,12,14,15,17,20,21,22,23>1,3,9,12,20,2,4,8,17,21,22,23
1,2,3,4,5,7,8,9,11,12,14,15,17,20,21,22,23>1,3,6,15,16,20,2,4,8,17,21,22,23
1,2,3,4,5,7,8,9,11,12,14,15,17,20,21,22,23>1,5,6,9,12,14,20,2,4,8,17,21,22,23
1,2,3,4,5,7,8,9,11,12,14,15,17,20,21,22,23>1,7,10,12,14,15,16,2,4,8,17,21,22,23
1,2,3,4,5,7,8,9,11,12,14,15,17,20,21,22,23>3,7,11,12,16,2,4,8,17,21,22,23
1,2,3,4,5,7,8,9,11,12,14,15,17,20,21,22,23>1,3,7,9,15,16,2,4,8,17,21,22,23
1,2,3,4,5,7,8,9,11,12,14,15,17,20,21,22,23>6,7,9,12,14,2,4,8,17,21,22,23
1,2,3,4,5,7,8,9,11,12,14,15,17,20,21,22,23>1,6,7,9,10,12,15,2,4,8,17,21,22,23
1,3,5,8,9,13,16,17,19,20,21>3,16,17,19,22,8,20,21
1,3,5,8,9,13,16,17,19,20,21>2,4,9,13,16,22,8,20,21
1,3,5,8,9,13,16,17,19,20,21>1,2,4,13,14,17,8,20,21
1,3,5,8,9,13,16,17,19,20,21>1,2,4,9,14,17,19,8,20,21
1,3,5,8,9,13,16,17,19,20,21>1,2,3,4,9,22,8,20,21
1,3,5,8,9,13,16,17,19,20,21>3,5,14,16,17,19,8,20,21
1,3,5,8,9,13,16,17,19,20,21>4,5,9,13,19,8,20,21
1,3,5,8,9,13,16,17,19,20,21>2,4,5,9,14,22,8,20,21
3,4,5,7,8,10,13,16,17,19,22,23>5,12,13,14,17,19,20,8,16,4,23
3,4,5,7,8,10,13,16,17,19,22,23>3,7,14,17,19,8,16,4,23
3,4,5,7,8,10,13,16,17,19,22,23>3,5,10,13,17,22,8,16,4,23
3,4,5,7,8,10,13,16,17,19,22,23>19,7,10,12,8,16,4,23
3,4,5,7,8,10,13,16,17,19,22,23>5,7,10,17,19,8,16,4,23
3,4,5,7,8,10,13,16,17,19,22,23>5,11,13,14,17,22,8,16,4,23
3,4,5,7,8,10,13,16,17,19,22,23>5,7,11,12,13,14,17,20,8,16,4,23
3,4,5,7,8,10,13,16,17,19,22,23>3,5,7,11,14,17,22,8,16,4,23
1,4,5,9,10,11,14,15,16,17,18,20,22>4,8,9,14,17,21,22,10,15,16,18,20
1,4,5,9,10,11,14,15,16,17,18,20,22>1,2,4,11,14,17,19,21,22,23,10,15,16,18,20
1,4,5,9,10,11,14,15,16,17,18,20,22>1,5,8,9,14,19,21,22,23,10,15,16,18,20
1,4,5,9,10,11,14,15,16,17,18,20,22>2,5,8,9,13,14,17,19,22,10,15,16,18,20
1,4,5,9,10,11,14,15,16,17,18,20,22>1,2,5,8,11,17,21,22,23,10,15,16,18,20
1,4,5,9,10,11,14,15,16,17,18,20,22>2,4,5,9,11,17,10,15,16,18,20
1,4,5,9,10,11,14,15,16,17,18,20,22>1,6,8,9,11,13,14,19,23,10,15,16,18,20
1,4,5,9,10,11,14,15,16,17,18,20,22>2,5,6,11,13,14,17,19,22,23,10,15,16,18,20
1,3,4,6,7,9,10,12,15,16,20,21>2,9,12,20,22,4,7,10,16,21
1,3,4,6,7,9,10,12,15,16,20,21>3,9,13,15,20,4,7,10,16,21
1,3,4,6,7,9,10,12,15,16,20,21>1,20,3,4,7,10,16,21
1,3,4,6,7,9,10,12,15,16,20,21>13,15,2,3,4,7,10,16,21
1,3,4,6,7,9,10,12,15,16,20,21>1,3,6,12,13,15,22,4,7,10,16,21
1,3,4,6,7,9,10,12,15,16,20,21>3,8,9,12,13,15,22,4,7,10,16,21
1,3,4,6,7,9,10,12,15,16,20,21>1,6,8,12,13,15,22,4,7,10,16,21
1,3,4,6,7,9,10,12,15,16,20,21>3,6,8,12,15,22,4,7,10,16,21
1,2,3,4,5,6,8,10,13,15,16,17,18,20>18,5,14,15,2,4,6,8,13,16,20
1,2,3,4,5,6,8,10,13,15,16,17,18,20>1,19,5,2,4,6,8,13,16,20
1,2,3,4,5,6,8,10,13,15,16,17,18,20>21,1,5,2,4,6,8,13,16,20
1,2,3,4,5,6,8,10,13,15,16,17,18,20>3,7,14,17,21,2,4,6,8,13,16,20
1,2,3,4,5,6,8,10,13,15,16,17,18,20>1,10,14,18,21,2,4,6,8,13,16,20
1,2,3,4,5,6,8,10,13,15,16,17,18,20>3,10,14,15,21,2,4,6,8,13,16,20
1,2,3,4,5,6,8,10,13,15,16,17,18,20>7,10,14,18,19,21,2,4,6,8,13,16,20
1,2,3,4,5,6,8,10,13,15,16,17,18,20>1,5,7,10,15,17,18,2,4,6,8,13,16,20
1,2,6,9,10,12,13,14,16,18,19,20,21,22>1,10,12,15,16,2,13,14,19,21,22
1,2,6,9,10,12,13,14,16,18,19,20,21,22>15,1,23,16,2,13,14,19,21,22
1,2,6,9,10,12,13,14,16,18,19,20,21,22>6,8,10,12,2,13,14,19,21,22
1,2,6,9,10,12,13,14,16,18,19,20,21,22>6,9,10,16,18,23,2,13,14,19,21,22
1,2,6,9,10,12,13,14,16,18,19,20,21,22>8,9,12,16,18,20,23,2,13,14,19,21,22
1,2,6,9,10,12,13,14,16,18,19,20,21,22>1,8,9,12,18,23,2,13,14,19,21,22
1,2,6,9,10,12,13,14,16,18,19,20,21,22>6,8,9,12,15,16,20,2,13,14,19,21,22
1,2,6,9,10,12,13,14,16,18,19,20,21,22>1,7,8,9,10,18,23,2,13,14,19,21,22
1,4,6,7,8,10,13,14,15,16,19>4,11,12,15,20,7,8,13,14,16
1,4,6,7,8,10,13,14,15,16,19>1,2,4,11,15,19,20,7,8,13,14,16
1,4,6,7,8,10,13,14,15,16,19>1,2,4,11,12,15,7,8,13,14,16
1,4,6,7,8,10,13,14,15,16,19>15,1,20,6,7,8,13,14,16
1,4,6,7,8,10,13,14,15,16,19>2,6,10,11,15,20,7,8,13,14,16
1,4,6,7,8,10,13,14,15,16,19>1,2,6,10,12,19,20,7,8,13,14,16
1,4,6,7,8,10,13,14,15,16,19>2,4,6,10,11,7,8,13,14,16
1,4,6,7,8,10,13,14,15,16,19>1,2,4,6,10,19,7,8,13,14,16
2,4,5,6,9,11,16,17,19>2,6,8,9,12,17,19,20,16
2,4,5,6,9,11,16,17,19>2,5,6,12,13,18,16
2,4,5,6,9,11,16,17,19>2,4,5,6,9,12,18,16
2,4,5,6,9,11,16,17,19>2,4,7,11,13,19,16
2,4,5,6,9,11,16,17,19>2,4,7,8,19,20,16
2,4,5,6,9,11,16,17,19>2,5,7,13,17,18,20,16
2,4,5,6,9,11,16,17,19>5,6,7,9,12,17,20,16
2,4,5,6,9,11,16,17,19>5,6,7,12,18,19,20,16
1,2,7,9,12,14,15,16,21,23>23,14,21,16,2,12,15
1,2,7,9,12,14,15,16,21,23>22,23,7,21,16,2,12,15
1,2,7,9,12,14,15,16,21,23>22,1,8,16,2,12,15
1,2,7,9,12,14,15,16,21,23>7,9,14,21,16,2,12,15
1,2,7,9,12,14,15,16,21,23>1,7,8,9,21,16,2,12,15
1,2,7,9,12,14,15,16,21,23>1,8,10,21,16,2,12,15
1,2,7,9,12,14,15,16,21,23>1,9,10,21,16,2,12,15
1,2,7,9,12,14,15,16,21,23>1,7,9,10,14,22,23,16,2,12,15
2,8,9,10,13,14,15,17,18,21,22>2,17,19,21,23,10,13,14,22
2,8,9,10,13,14,15,17,18,21,22>2,11,16,17,18,19,21,10,13,14,22
2,8,9,10,13,14,15,17,18,21,22>2,8,11,16,10,13,14,22
2,8,9,10,13,14,15,17,18,21,22>8,9,11,16,18,21,10,13,14,22
2,8,9,10,13,14,15,17,18,21,22>2,9,15,16,17,21,10,13,14,22
2,8,9,10,13,14,15,17,18,21,22>11,15,17,19,21,23,10,13,14,22
2,8,9,10,13,14,15,17,18,21,22>8,11,15,17,18,10,13,14,22
2,8,9,10,13,14,15,17,18,21,22>2,8,9,11,15,19,21,23,10,13,14,22
4,5,9,15,18,20,21,23>6,9,10,15,16,19,20,21
4,5,9,15,18,20,21,23>4,5,15,16,18,22,20,21
4,5,9,15,18,20,21,23>4,9,15,18,19,22,23,20,21
4,5,9,15,18,20,21,23>5,10,15,16,17,23,20,21
4,5,9,15,18,20,21,23>5,10,15,16,18,23,20,21
4,5,9,15,18,20,21,23>4,6,10,16,17,19,22,23,20,21
4,5,9,15,18,20,21,23>9,10,15,16,22,20,21
4,5,9,15,18,20,21,23>6,9,10,16,17,23,20,21
2,6,7,8,9,12,14,17,21,23>23,6,17,21,8,12,7
2,6,7,8,9,12,14,17,21,23>22,2,9,8,12,7
2,6,7,8,9,12,14,17,21,23>6,9,17,21,8,12,7
2,6,7,8,9,12,14,17,21,23>2,6,10,17,23,8,12,7
2,6,7,8,9,12,14,17,21,23>6,14,21,8,12,7
2,6,7,8,9,12,14,17,21,23>6,10,14,17,23,8,12,7
2,6,7,8,9,12,14,17,21,23>2,6,10,14,22,8,12,7
2,6,7,8,9,12,14,17,21,23>2,9,10,14,17,8,12,7
1,5,6,8,9,10,13,14,15,16,19,22>1,9,10,13,19,22,8,16,14
1,5,6,8,9,10,13,14,15,16,19,22>1,5,10,15,19,23,8,16,14
1,5,6,8,9,10,13,14,15,16,19,22>2,6,9,10,11,13,15,19,22,8,16,14
1,5,6,8,9,10,13,14,15,16,19,22>1,2,6,12,15,23,8,16,14
1,5,6,8,9,10,13,14,15,16,19,22>2,5,6,10,12,13,15,19,20,23,8,16,14
1,5,6,8,9,10,13,14,15,16,19,22>1,2,5,6,10,11,12,13,19,20,22,23,8,16,14
1,5,6,8,9,10,13,14,15,16,19,22>2,5,6,11,12,13,15,19,20,8,16,14
1,5,6,8,9,10,13,14,15,16,19,22>5,7,9,20,22,23,8,16,14
2,4,5,7,8,12,14,15,16,18>15,19,13,14,8,16,12
2,4,5,7,8,12,14,15,16,18>15,2,8,16,12
2,4,5,7,8,12,14,15,16,18>2,4,19,8,16,12
2,4,5,7,8,12,14,15,16,18>19,4,5,8,16,12
2,4,5,7,8,12,14,15,16,18>4,6,13,14,15,8,16,12
2,4,5,7,8,12,14,15,16,18>7,13,14,18,19,8,16,12
2,4,5,7,8,12,14,15,16,18>2,4,7,13,18,8,16,12
2,4,5,7,8,12,14,15,16,18>4,5,6,7,8,16,12
1,3,5,6,7,14,16,17,18,19,20,21>1,13,15,16,17,22,7,18,19,20,21
1,3,5,6,7,14,16,17,18,19,20,21>2,4,8,14,22,7,18,19,20,21
1,3,5,6,7,14,16,17,18,19,20,21>3,4,6,8,13,16,17,7,18,19,20,21
1,3,5,6,7,14,16,17,18,19,20,21>1,2,3,5,8,14,15,7,18,19,20,21
1,3,5,6,7,14,16,17,18,19,20,21>2,3,5,13,14,15,16,17,22,7,18,19,20,21
1,3,5,6,7,14,16,17,18,19,20,21>2,3,5,8,13,15,16,7,18,19,20,21
1,3,5,6,7,14,16,17,18,19,20,21>1,3,4,5,8,13,14,16,17,7,18,19,20,21
1,3,5,6,7,14,16,17,18,19,20,21>1,2,3,4,5,8,13,16,7,18,19,20,21
3,4,6,7,9,10,11,14,15,17,22>3,9,16,22,4,7,10,11,15
3,4,6,7,9,10,11,14,15,17,22>3,9,17,22,23,4,7,10,11,15
3,4,6,7,9,10,11,14,15,17,22>9,14,16,17,4,7,10,11,15
3,4,6,7,9,10,11,14,15,17,22>3,9,14,17,18,4,7,10,11,15
3,4,6,7,9,10,11,14,15,17,22>6,9,14,16,22,23,4,7,10,11,15
3,4,6,7,9,10,11,14,15,17,22>3,13,14,22,4,7,10,11,15
3,4,6,7,9,10,11,14,15,17,22>3,6,13,14,18,23,4,7,10,11,15
3,4,6,7,9,10,11,14,15,17,22>18,9,13,14,4,7,10,11,15
1,2,4,5,6,7,9,15,18,19,23>18,20,6,15,2,19,7
1,2,4,5,6,7,9,15,18,19,23>1,4,5,6,15,18,23,2,19,7
1,2,4,5,6,7,9,15,18,19,23>1,9,15,18,20,2,19,7
1,2,4,5,6,7,9,15,18,19,23>4,9,16,18,20,2,19,7
1,2,4,5,6,7,9,15,18,19,23>4,5,9,16,2,19,7
1,2,4,5,6,7,9,15,18,19,23>6,9,15,16,18,2,19,7
1,2,4,5,6,7,9,15,18,19,23>1,5,6,9,16,2,19,7
1,2,4,5,6,7,9,15,18,19,23>1,4,5,6,9,18,23,2,19,7
1,2,4,5,9,10,12,14,15,16,20,21>1,12,13,14,20,22,2,10,15,16,21
1,2,4,5,9,10,12,14,15,16,20,21>13,4,20,9,2,10,15,16,21
1,2,4,5,9,10,12,14,15,16,20,21>4,5,9,13,22,2,10,15,16,21
1,2,4,5,9,10,12,14,15,16,20,21>1,4,6,9,12,2,10,15,16,21
1,2,4,5,9,10,12,14,15,16,20,21>1,8,9,12,13,14,20,2,10,15,16,21
1,2,4,5,9,10,12,14,15,16,20,21>4,5,8,13,20,22,2,10,15,16,21
1,2,4,5,9,10,12,14,15,16,20,21>1,4,5,8,13,20,2,10,15,16,21
1,2,4,5,9,10,12,14,15,16,20,21>1,4,5,8,9,12,14,22,2,10,15,16,21
2,5,6,8,9,10,11,13,17,19,21,22,23>9,10,13,14,19,20,21,11,22,23
2,5,6,8,9,10,11,13,17,19,21,22,23>5,6,14,17,19,11,22,23
2,5,6,8,9,10,11,13,17,19,21,22,23>6,7,9,19,20,11,22,23
2,5,6,8,9,10,11,13,17,19,21,22,23>2,6,7,10,21,11,22,23
2,5,6,8,9,10,11,13,17,19,21,22,23>2,5,6,7,13,14,19,21,11,22,23
2,5,6,8,9,10,11,13,17,19,21,22,23>2,5,8,13,21,11,22,23
2,5,6,8,9,10,11,13,17,19,21,22,23>2,6,8,9,10,17,21,11,22,23
2,5,6,8,9,10,11,13,17,19,21,22,23>2,5,6,8,10,13,19,11,22,23
1,4,5,6,7,8,9,12,18,19,20,21,22,23>1,12,16,18,20,7,8,19,21,22,23
1,4,5,6,7,8,9,12,18,19,20,21,22,23>1,2,9,12,16,20,7,8,19,21,22,23
1,4,5,6,7,8,9,12,18,19,20,21,22,23>4,9,16,17,20,7,8,19,21,22,23
1,4,5,6,7,8,9,12,18,19,20,21,22,23>1,2,9,12,16,17,7,8,19,21,22,23
1,4,5,6,7,8,9,12,18,19,20,21,22,23>1,4,6,17,18,20,7,8,19,21,22,23
1,4,5,6,7,8,9,12,18,19,20,21,22,23>1,4,6,12,18,20,7,8,19,21,22,23
1,4,5,6,7,8,9,12,18,19,20,21,22,23>2,5,6,9,12,17,7,8,19,21,22,23
1,4,5,6,7,8,9,12,18,19,20,21,22,23>4,5,6,9,12,17,20,7,8,19,21,22,23
2,3,4,5,7,8,12,16,19>2,5,19,8,16,4,12
2,3,4,5,7,8,12,16,19>3,5,8,16,4,12
2,3,4,5,7,8,12,16,19>7,19,8,16,4,12
2,3,4,5,7,8,12,16,19>3,7,8,16,4,12
2,3,4,5,7,8,12,16,19>2,5,7,8,16,4,12
2,3,4,5,7,8,12,16,19>2,13,19,8,16,4,12
2,3,4,5,7,8,12,16,19>2,3,13,8,16,4,12
2,3,4,5,7,8,12,16,19>2,5,13,8,16,4,12
4,7,8,9,10,12,13,17,20,22,23>4,7,22,8,17,10,23
4,7,8,9,10,12,13,17,20,22,23>20,4,7,14,8,17,10,23
4,7,8,9,10,12,13,17,20,22,23>21,9,14,8,17,10,23
4,7,8,9,10,12,13,17,20,22,23>4,7,9,16,21,8,17,10,23
4,7,8,9,10,12,13,17,20,22,23>4,12,16,21,22,8,17,10,23
4,7,8,9,10,12,13,17,20,22,23>13,14,16,20,21,8,17,10,23
4,7,8,9,10,12,13,17,20,22,23>20,7,13,16,8,17,10,23
4,7,8,9,10,12,13,17,20,22,23>7,9,13,21,22,8,17,10,23
1,8,10,14,16,17,19,21,22>10,16,17,19,23,8,22
1,8,10,14,16,17,19,21,22>1,10,11,17,20,8,22
1,8,10,14,16,17,19,21,22>11,12,16,17,20,8,22
1,8,10,14,16,17,19,21,22>2,12,14,21,23,8,22
1,8,10,14,16,17,19,21,22>2,10,12,17,19,20,21,23,8,22
1,8,10,14,16,17,19,21,22>2,10,12,14,16,17,20,8,22
1,8,10,14,16,17,19,21,22>11,12,16,19,20,21,8,22
1,8,10,14,16,17,19,21,22>10,11,12,16,17,19,8,22
3,5,7,8,11,19>19,20,5,13
3,5,7,8,11,19>4,7,11,13,20
3,5,7,8,11,19>8,11,13
3,5,7,8,11,19>3,8,20
3,5,7,8,11,19>3,4,8,11
3,5,7,8,11,19>3,4,8,13
3,5,7,8,11,19>19,4,5,8
3,5,7,8,11,19>3,7,8,13,19
2,3,6,8,9,10,11,14,15,17,19,22,23>9,16,17,20,22,11,23
2,3,6,8,9,10,11,14,15,17,19,22,23>3,9,15,19,20,11,23
2,3,6,8,9,10,11,14,15,17,19,22,23>3,4,9,14,15,20,22,11,23
2,3,6,8,9,10,11,14,15,17,19,22,23>2,6,10,16,17,20,11,23
2,3,6,8,9,10,11,14,15,17,19,22,23>3,6,8,9,14,16,19,11,23
2,3,6,8,9,10,11,14,15,17,19,22,23>2,3,6,8,10,14,19,20,22,11,23
2,3,6,8,9,10,11,14,15,17,19,22,23>3,7,8,10,14,16,19,20,22,11,23
2,3,6,8,9,10,11,14,15,17,19,22,23>3,4,7,10,14,15,16,17,11,23
3,5,6,7,8,10,13,14,15,16,19,20>21,4,19,7,8,13,14,16,20
3,5,6,7,8,10,13,14,15,16,19,20>3,6,15,19,7,8,13,14,16,20
3,5,6,7,8,10,13,14,15,16,19,20>3,4,6,19,7,8,13,14,16,20
3,5,6,7,8,10,13,14,15,16,19,20>4,5,6,15,19,7,8,13,14,16,20
3,5,6,7,8,10,13,14,15,16,19,20>3,4,5,6,15,7,8,13,14,16,20
3,5,6,7,8,10,13,14,15,16,19,20>21,5,10,15,7,8,13,14,16,20
3,5,6,7,8,10,13,14,15,16,19,20>6,10,15,7,8,13,14,16,20
3,5,6,7,8,10,13,14,15,16,19,20>3,5,6,10,21,7,8,13,14,16,20
1,2,5,6,7,9,12,13,16,17,18,23>8,14,16,17,19,2,6,7,12,18
1,2,5,6,7,9,12,13,16,17,18,23>1,5,8,14,16,19,23,2,6,7,12,18
1,2,5,6,7,9,12,13,16,17,18,23>9,13,14,16,17,19,23,2,6,7,12,18
1,2,5,6,7,9,12,13,16,17,18,23>1,5,9,13,14,17,23,2,6,7,12,18
1,2,5,6,7,9,12,13,16,17,18,23>5,8,9,13,14,17,23,2,6,7,12,18
1,2,5,6,7,9,12,13,16,17,18,23>1,5,10,13,14,19,23,2,6,7,12,18
1,2,5,6,7,9,12,13,16,17,18,23>5,8,10,13,14,16,19,2,6,7,12,18
1,2,5,6,7,9,12,13,16,17,18,23>9,10,14,16,19,23,2,6,7,12,18
3,5,7,8,9,20,21,22>3,17,23,13,20,21,22
3,5,7,8,9,20,21,22>5,6,7,8,10,17,20,21,22
3,5,7,8,9,20,21,22>3,5,6,13,20,21,22
3,5,7,8,9,20,21,22>10,4,5,6,20,21,22
3,5,7,8,9,20,21,22>3,4,7,8,13,17,20,21,22
3,5,7,8,9,20,21,22>3,4,5,7,10,20,21,22
3,5,7,8,9,20,21,22>6,7,8,9,17,23,20,21,22
3,5,7,8,9,20,21,22>5,6,7,8,10,13,20,21,22
1,2,5,7,8,9,10,11,13,14,15,18,21,22>1,5,6,15,16,19,21,2,10,11,13,14,22
1,2,5,7,8,9,10,11,13,14,15,18,21,22>1,6,7,9,18,19,21,2,10,11,13,14,22
1,2,5,7,8,9,10,11,13,14,15,18,21,22>5,6,7,9,16,19,21,2,10,11,13,14,22
1,2,5,7,8,9,10,11,13,14,15,18,21,22>1,5,8,9,19,21,23,2,10,11,13,14,22
1,2,5,7,8,9,10,11,13,14,15,18,21,22>7,8,15,16,18,21,23,2,10,11,13,14,22
1,2,5,7,8,9,10,11,13,14,15,18,21,22>1,7,8,16,18,19,21,23,2,10,11,13,14,22
1,2,5,7,8,9,10,11,13,14,15,18,21,22>1,5,7,8,15,23,2,10,11,13,14,22
1,2,5,7,8,9,10,11,13,14,15,18,21,22>1,6,7,8,9,19,2,10,11,13,14,22
1,3,6,7,8,9,10,11,12,14,15,17,18,20,21,22>1,11,12,13,16,18,20,23,7,8,10,17,21,22
1,3,6,7,8,9,10,11,12,14,15,17,18,20,21,22>1,4,11,12,13,14,16,7,8,10,17,21,22
1,3,6,7,8,9,10,11,12,14,15,17,18,20,21,22>2,6,11,12,14,15,18,19,20,23,7,8,10,17,21,22
1,3,6,7,8,9,10,11,12,14,15,17,18,20,21,22>1,2,6,11,13,15,16,20,23,7,8,10,17,21,22
1,3,6,7,8,9,10,11,12,14,15,17,18,20,21,22>1,2,3,6,9,11,12,13,14,16,19,23,7,8,10,17,21,22
1,3,6,7,8,9,10,11,12,14,15,17,18,20,21,22>1,2,3,6,9,13,15,16,18,19,20,23,7,8,10,17,21,22
1,3,6,7,8,9,10,11,12,14,15,17,18,20,21,22>3,4,6,11,12,16,18,19,20,23,7,8,10,17,21,22
1,3,6,7,8,9,10,11,12,14,15,17,18,20,21,22>1,3,4,6,11,12,14,15,7,8,10,17,21,22
2,4,6,7,8,9,11,13,14,15,17,18,19,23>2,6,11,13,17,18,23,19,14,7
2,4,6,7,8,9,11,13,14,15,17,18,19,23>2,8,13,15,17,18,23,19,14,7
2,4,6,7,8,9,11,13,14,15,17,18,19,23>2,4,8,11,17,19,14,7
2,4,6,7,8,9,11,13,14,15,17,18,19,23>4,6,8,15,17,18,19,14,7
2,4,6,7,8,9,11,13,14,15,17,18,19,23>9,11,15,16,17,18,19,14,7
2,4,6,7,8,9,11,13,14,15,17,18,19,23>4,9,15,16,18,23,19,14,7
2,4,6,7,8,9,11,13,14,15,17,18,19,23>2,4,9,11,16,17,20,19,14,7
2,4,6,7,8,9,11,13,14,15,17,18,19,23>8,9,11,13,17,23,19,14,7
1,2,4,6,10,12,15,16,17,19,20,22>1,12,13,17,19,21,22,16,2
1,2,4,6,10,12,15,16,17,19,20,22>1,4,6,7,8,10,15,18,19,21,16,2
1,2,4,6,10,12,15,16,17,19,20,22>4,6,7,8,17,18,20,21,16,2
1,2,4,6,10,12,15,16,17,19,20,22>4,7,12,13,18,19,21,23,16,2
1,2,4,6,10,12,15,16,17,19,20,22>1,4,6,8,10,15,17,18,19,21,22,23,16,2
1,2,4,6,10,12,15,16,17,19,20,22>1,4,7,8,13,18,21,22,23,16,2
1,2,4,6,10,12,15,16,17,19,20,22>4,6,7,8,10,15,19,20,22,16,2
1,2,4,6,10,12,15,16,17,19,20,22>1,4,6,7,8,21,22,16,2
2,3,5,6,10,12,13,14,18,19,21,22,23>3,7,8,11,13,21,12,14,19,22,23
2,3,5,6,10,12,13,14,18,19,21,22,23>2,5,10,13,15,18,21,12,14,19,22,23
2,3,5,6,10,12,13,14,18,19,21,22,23>3,5,8,10,13,15,18,12,14,19,22,23
2,3,5,6,10,12,13,14,18,19,21,22,23>2,4,5,8,11,13,15,12,14,19,22,23
2,3,5,6,10,12,13,14,18,19,21,22,23>4,6,7,8,10,13,15,18,12,14,19,22,23
2,3,5,6,10,12,13,14,18,19,21,22,23>2,3,4,6,7,11,13,12,14,19,22,23
2,3,5,6,10,12,13,14,18,19,21,22,23>5,6,11,13,18,21,12,14,19,22,23
2,3,5,6,10,12,13,14,18,19,21,22,23>3,4,5,6,7,11,15,12,14,19,22,23
2,5,8,11,17,23>5,17,23
2,5,8,11,17,23>2,6,17,23
2,5,8,11,17,23>5,8,23
2,5,8,11,17,23>5,6,8
2,5,8,11,17,23>5,11,23
2,5,8,11,17,23>5,6,11,17
2,5,8,11,17,23>2,5,8,11
2,5,8,11,17,23>2,6,8,11,23
3,4,7,10,11,12,13,14,22>7,8,22,4,11,12,13,14
3,4,7,10,11,12,13,14,22>23,3,7,10,4,11,12,13,14
3,4,7,10,11,12,13,14,22>8,10,16,22,4,11,12,13,14
3,4,7,10,11,12,13,14,22>3,7,10,22,4,11,12,13,14
3,4,7,10,11,12,13,14,22>3,8,10,22,23,4,11,12,13,14
3,4,7,10,11,12,13,14,22>23,15,16,22,4,11,12,13,14
3,4,7,10,11,12,13,14,22>23,3,10,15,4,11,12,13,14
3,4,7,10,11,12,13,14,22>7,8,10,15,16,23,4,11,12,13,14
1,5,9,10,11,12,13,14,17>1,9,15,10,11,12,13,14
1,5,9,10,11,12,13,14,17>1,5,9,18,10,11,12,13,14
1,5,9,10,11,12,13,14,17>5,6,9,17,18,10,11,12,13,14
1,5,9,10,11,12,13,14,17>1,5,6,9,17,10,11,12,13,14
1,5,9,10,11,12,13,14,17>2,5,6,15,17,10,11,12,13,14
1,5,9,10,11,12,13,14,17>2,8,9,15,17,18,10,11,12,13,14
1,5,9,10,11,12,13,14,17>1,2,6,8,10,11,12,13,14
1,5,9,10,11,12,13,14,17>5,6,8,10,11,12,13,14
1,2,4,5,8,9,10,11,12,13,14,15,17,20,21,22,23>20,1,5,11,2,8,10,14,17,21,22,23
1,2,4,5,8,9,10,11,12,13,14,15,17,20,21,22,23>4,5,11,13,16,20,2,8,10,14,17,21,22,23
1,2,4,5,8,9,10,11,12,13,14,15,17,20,21,22,23>6,11,12,13,15,2,8,10,14,17,21,22,23
1,2,4,5,8,9,10,11,12,13,14,15,17,20,21,22,23>1,6,13,15,16,2,8,10,14,17,21,22,23
1,2,4,5,8,9,10,11,12,13,14,15,17,20,21,22,23>1,4,6,11,15,20,2,8,10,14,17,21,22,23
1,2,4,5,8,9,10,11,12,13,14,15,17,20,21,22,23>1,4,5,6,12,13,15,20,2,8,10,14,17,21,22,23
1,2,4,5,8,9,10,11,12,13,14,15,17,20,21,22,23>4,6,9,11,12,13,20,2,8,10,14,17,21,22,23
1,2,4,5,8,9,10,11,12,13,14,15,17,20,21,22,23>4,5,6,9,11,12,13,2,8,10,14,17,21,22,23
1,4,6,7,8,11,14,15,17,18>13,15,17,18,19,7
1,4,6,7,8,11,14,15,17,18>15,16,6,18,7
1,4,6,7,8,11,14,15,17,18>1,2,4,6,11,14,15,17,18,7
1,4,6,7,8,11,14,15,17,18>16,17,8,7
1,4,6,7,8,11,14,15,17,18>1,2,8,11,19,7
1,4,6,7,8,11,14,15,17,18>1,2,8,11,18,7
1,4,6,7,8,11,14,15,17,18>4,8,15,16,18,19,7
1,4,6,7,8,11,14,15,17,18>2,4,8,14,15,18,7
3,4,5,7,9,10,11,12,13,15,16,18,19,21,23>3,7,10,13,14,15,22,4,11,12,16,19
3,4,5,7,9,10,11,12,13,15,16,18,19,21,23>8,10,13,21,23,4,11,12,16,19
3,4,5,7,9,10,11,12,13,15,16,18,19,21,23>3,5,8,10,14,15,23,4,11,12,16,19
3,4,5,7,9,10,11,12,13,15,16,18,19,21,23>21,5,7,8,4,11,12,16,19
3,4,5,7,9,10,11,12,13,15,16,18,19,21,23>21,22,9,13,4,11,12,16,19
3,4,5,7,9,10,11,12,13,15,16,18,19,21,23>3,5,9,10,14,4,11,12,16,19
3,4,5,7,9,10,11,12,13,15,16,18,19,21,23>5,8,9,14,21,4,11,12,16,19
3,4,5,7,9,10,11,12,13,15,16,18,19,21,23>3,7,8,9,10,13,14,22,23,4,11,12,16,19
3,4,5,8,9,11,13,14,15,16,17,18,19,20,22,23>3,5,17,21,22,4,8,14,16,19,20,23
3,4,5,8,9,11,13,14,15,16,17,18,19,20,22,23>18,22,11,17,4,8,14,16,19,20,23
3,4,5,8,9,11,13,14,15,16,17,18,19,20,22,23>3,11,15,17,21,22,4,8,14,16,19,20,23
3,4,5,8,9,11,13,14,15,16,17,18,19,20,22,23>3,5,11,15,21,4,8,14,16,19,20,23
3,4,5,8,9,11,13,14,15,16,17,18,19,20,22,23>3,9,13,15,21,4,8,14,16,19,20,23
3,4,5,8,9,11,13,14,15,16,17,18,19,20,22,23>3,5,9,13,15,4,8,14,16,19,20,23
3,4,5,8,9,11,13,14,15,16,17,18,19,20,22,23>9,11,13,18,22,4,8,14,16,19,20,23
3,4,5,8,9,11,13,14,15,16,17,18,19,20,22,23>5,9,11,13,22,4,8,14,16,19,20,23
1,2,3,4,6,8,9,11,13,14,16,18,19,20,22,23>21,3,22,11,2,4,8,14,16,19,20,23
1,2,3,4,6,8,9,11,13,14,16,18,19,20,22,23>6,11,13,2,4,8,14,16,19,20,23
1,2,3,4,6,8,9,11,13,14,16,18,19,20,22,23>1,7,13,2,4,8,14,16,19,20,23
1,2,3,4,6,8,9,11,13,14,16,18,19,20,22,23>18,1,7,21,2,4,8,14,16,19,20,23
1,2,3,4,6,8,9,11,13,14,16,18,19,20,22,23>1,6,7,21,22,2,4,8,14,16,19,20,23
1,2,3,4,6,8,9,11,13,14,16,18,19,20,22,23>3,6,7,13,22,2,4,8,14,16,19,20,23
1,2,3,4,6,8,9,11,13,14,16,18,19,20,22,23>1,9,18,21,22,2,4,8,14,16,19,20,23
1,2,3,4,6,8,9,11,13,14,16,18,19,20,22,23>3,7,9,13,18,2,4,8,14,16,19,20,23
1,6,7,10,11,13,14,16,18,20,23>15,2,18,13,20,14,7
1,6,7,10,11,13,14,16,18,20,23>1,2,11,16,19,21,20,14,7
1,6,7,10,11,13,14,16,18,20,23>6,11,16,18,19,20,14,7
1,6,7,10,11,13,14,16,18,20,23>15,2,21,13,20,14,7
1,6,7,10,11,13,14,16,18,20,23>1,2,10,16,23,20,14,7
1,6,7,10,11,13,14,16,18,20,23>2,6,10,15,23,20,14,7
1,6,7,10,11,13,14,16,18,20,23>1,8,10,11,15,16,18,19,23,20,14,7
1,6,7,10,11,13,14,16,18,20,23>1,2,8,10,11,19,20,14,7
5,7,8,10,13,15,18,21,22>5,6,7,11,15,16,19,21,13,22
5,7,8,10,13,15,18,21,22>8,11,14,15,21,23,13,22
5,7,8,10,13,15,18,21,22>7,8,11,15,16,19,13,22
5,7,8,10,13,15,18,21,22>5,6,7,8,14,16,13,22
5,7,8,10,13,15,18,21,22>5,10,15,19,23,13,22
5,7,8,10,13,15,18,21,22>6,10,11,14,15,19,21,23,13,22
5,7,8,10,13,15,18,21,22>5,7,10,11,15,16,18,19,13,22
5,7,8,10,13,15,18,21,22>6,7,8,10,21,13,22
1,2,5,6,7,8,9,13,14,15,16,20,23>23,15,2,6,7,8,14,16,20
1,2,5,6,7,8,9,13,14,15,16,20,23>5,9,15,2,6,7,8,14,16,20
1,2,5,6,7,8,9,13,14,15,16,20,23>23,5,9,2,6,7,8,14,16,20
1,2,5,6,7,8,9,13,14,15,16,20,23>23,1,10,21,2,6,7,8,14,16,20
1,2,5,6,7,8,9,13,14,15,16,20,23>5,10,15,21,2,6,7,8,14,16,20
1,2,5,6,7,8,9,13,14,15,16,20,23>1,5,10,21,2,6,7,8,14,16,20
1,2,5,6,7,8,9,13,14,15,16,20,23>5,10,13,21,2,6,7,8,14,16,20
1,2,5,6,7,8,9,13,14,15,16,20,23>1,9,10,13,21,2,6,7,8,14,16,20
1,4,6,8,13,16,17,18,20,21,22,23>1,2,4,14,17,18,8,16,20,21,22,23
1,4,6,8,13,16,17,18,20,21,22,23>1,2,4,13,14,17,8,16,20,21,22,23
1,4,6,8,13,16,17,18,20,21,22,23>2,6,13,14,18,19,8,16,20,21,22,23
1,4,6,8,13,16,17,18,20,21,22,23>19,4,6,13,8,16,20,21,22,23
1,4,6,8,13,16,17,18,20,21,22,23>1,19,7,13,8,16,20,21,22,23
1,4,6,8,13,16,17,18,20,21,22,23>18,19,4,7,8,16,20,21,22,23
1,4,6,8,13,16,17,18,20,21,22,23>18,6,7,14,8,16,20,21,22,23
1,4,6,8,13,16,17,18,20,21,22,23>2,6,7,13,17,8,16,20,21,22,23
2,4,6,8,9,15,16,17,18,19,21,22,23>17,21,12,15,8,16,19,22,23
2,4,6,8,9,15,16,17,18,19,21,22,23>2,15,18,20,21,8,16,19,22,23
2,4,6,8,9,15,16,17,18,19,21,22,23>2,20,6,18,8,16,19,22,23
2,4,6,8,9,15,16,17,18,19,21,22,23>4,6,12,15,17,18,20,8,16,19,22,23
2,4,6,8,9,15,16,17,18,19,21,22,23>4,7,15,18,20,8,16,19,22,23
2,4,6,8,9,15,16,17,18,19,21,22,23>4,6,7,12,17,8,16,19,22,23
2,4,6,8,9,15,16,17,18,19,21,22,23>6,9,15,18,20,8,16,19,22,23
2,4,6,8,9,15,16,17,18,19,21,22,23>2,4,7,9,18,20,8,16,19,22,23
1,2,5,6,10,13,14,15,16,18,20,23>1,21,13,18,2,6,14,15,16,20
1,2,5,6,10,13,14,15,16,18,20,23>19,5,23,18,2,6,14,15,16,20
1,2,5,6,10,13,14,15,16,18,20,23>1,8,13,18,19,23,2,6,14,15,16,20
1,2,5,6,10,13,14,15,16,18,20,23>1,5,7,8,13,18,19,2,6,14,15,16,20
1,2,5,6,10,13,14,15,16,18,20,23>1,5,23,10,2,6,14,15,16,20
1,2,5,6,10,13,14,15,16,18,20,23>5,7,10,13,18,23,2,6,14,15,16,20
1,2,5,6,10,13,14,15,16,18,20,23>23,8,10,13,2,6,14,15,16,20
1,2,5,6,10,13,14,15,16,18,20,23>5,7,8,10,13,2,6,14,15,16,20
1,4,5,6,12,15,18,19,23>15,1,18,7,19,12
1,4,5,6,12,15,18,19,23>1,2,4,8,16,19,12
1,4,5,6,12,15,18,19,23>4,6,7,8,19,12
1,4,5,6,12,15,18,19,23>4,6,8,16,18,19,12
1,4,5,6,12,15,18,19,23>1,5,6,8,23,19,12
1,4,5,6,12,15,18,19,23>2,5,6,7,23,19,12
1,4,5,6,12,15,18,19,23>4,5,6,8,19,12
1,4,5,6,12,15,18,19,23>2,4,5,6,16,23,19,12
1,3,6,7,10,13,14,16,17,18,19,20,21,22>15,23,8,10,7,13,14,18,19,20,21,22
1,3,6,7,10,13,14,16,17,18,19,20,21,22>1,3,8,16,23,7,13,14,18,19,20,21,22
1,3,6,7,10,13,14,16,17,18,19,20,21,22>1,2,6,8,15,16,23,7,13,14,18,19,20,21,22
1,3,6,7,10,13,14,16,17,18,19,20,21,22>1,2,6,8,16,17,23,7,13,14,18,19,20,21,22
1,3,6,7,10,13,14,16,17,18,19,20,21,22>1,3,6,8,15,7,13,14,18,19,20,21,22
1,3,6,7,10,13,14,16,17,18,19,20,21,22>1,3,6,8,10,7,13,14,18,19,20,21,22
1,3,6,7,10,13,14,16,17,18,19,20,21,22>2,4,6,8,15,7,13,14,18,19,20,21,22
1,3,6,7,10,13,14,16,17,18,19,20,21,22>1,2,4,6,10,23,7,13,14,18,19,20,21,22
6,7,8,11,12,13,18,19,23>6,13,23,8,19,12,7
6,7,8,11,12,13,18,19,23>11,13,8,19,12,7
6,7,8,11,12,13,18,19,23>11,14,23,8,19,12,7
6,7,8,11,12,13,18,19,23>13,14,23,8,19,12,7
6,7,8,11,12,13,18,19,23>6,18,23,8,19,12,7
6,7,8,11,12,13,18,19,23>11,18,23,8,19,12,7
6,7,8,11,12,13,18,19,23>11,14,18,8,19,12,7
6,7,8,11,12,13,18,19,23>6,13,14,18,8,19,12,7
2,7,10,11,12,14,17,18,19,22>22,23,14,19,18,11,12
2,7,10,11,12,14,17,18,19,22>2,10,15,17,23,19,18,11,12
2,7,10,11,12,14,17,18,19,22>2,7,10,15,17,22,19,18,11,12
2,7,10,11,12,14,17,18,19,22>2,7,10,14,17,22,19,18,11,12
2,7,10,11,12,14,17,18,19,22>7,8,10,15,22,23,19,18,11,12
2,7,10,11,12,14,17,18,19,22>7,8,13,14,22,19,18,11,12
2,7,10,11,12,14,17,18,19,22>17,22,10,13,19,18,11,12
2,7,10,11,12,14,17,18,19,22>2,7,10,13,14,15,19,18,11,12
2,5,7,8,9,10,12,13,15,20,21,22>6,12,14,16,20,23,8,10,13,21,22
2,5,7,8,9,10,12,13,15,20,21,22>2,6,14,15,17,20,23,8,10,13,21,22
2,5,7,8,9,10,12,13,15,20,21,22>2,7,12,14,15,17,8,10,13,21,22
2,5,7,8,9,10,12,13,15,20,21,22>5,7,15,16,17,20,8,10,13,21,22
2,5,7,8,9,10,12,13,15,20,21,22>6,7,16,20,23,8,10,13,21,22
2,5,7,8,9,10,12,13,15,20,21,22>2,5,6,7,16,17,8,10,13,21,22
2,5,7,8,9,10,12,13,15,20,21,22>6,9,14,15,16,20,23,8,10,13,21,22
2,5,7,8,9,10,12,13,15,20,21,22>2,6,7,9,14,15,16,17,23,8,10,13,21,22
1,5,8,11,12,14,18,19,20,21,22>1,13,17,18,20,23,8,19,21,22
1,5,8,11,12,14,18,19,20,21,22>1,2,11,13,18,23,8,19,21,22
1,5,8,11,12,14,18,19,20,21,22>2,12,17,18,20,8,19,21,22
1,5,8,11,12,14,18,19,20,21,22>1,5,12,14,17,23,8,19,21,22
1,5,8,11,12,14,18,19,20,21,22>1,5,12,13,18,20,8,19,21,22
1,5,8,11,12,14,18,19,20,21,22>2,5,12,13,18,20,8,19,21,22
1,5,8,11,12,14,18,19,20,21,22>1,11,12,13,14,17,18,20,8,19,21,22
1,5,8,11,12,14,18,19,20,21,22>2,11,12,13,14,8,19,21,22
1,3,5,10,11,12,14,15,16,17,19,20>1,8,11,12,13,14,17,18,19,21,16,15
1,3,5,10,11,12,14,15,16,17,19,20>2,13,17,19,20,16,15
1,3,5,10,11,12,14,15,16,17,19,20>2,3,10,20,21,16,15
1,3,5,10,11,12,14,15,16,17,19,20>3,4,10,12,14,17,18,19,20,21,16,15
1,3,5,10,11,12,14,15,16,17,19,20>1,5,12,13,14,16,15
1,3,5,10,11,12,14,15,16,17,19,20>2,5,11,13,14,18,20,21,16,15
1,3,5,10,11,12,14,15,16,17,19,20>1,4,5,11,14,17,21,16,15
1,3,5,10,11,12,14,15,16,17,19,20>2,4,5,8,10,11,12,14,18,19,20,16,15
1,2,3,4,5,8,9,11,15,16,17,20,22,23>1,5,10,2,4,8,16,20,23
1,2,3,4,5,8,9,11,15,16,17,20,22,23>15,17,3,5,2,4,8,16,20,23
1,2,3,4,5,8,9,11,15,16,17,20,22,23>3,5,6,10,17,21,22,2,4,8,16,20,23
1,2,3,4,5,8,9,11,15,16,17,20,22,23>3,9,10,11,22,2,4,8,16,20,23
1,2,3,4,5,8,9,11,15,16,17,20,22,23>15,3,22,9,2,4,8,16,20,23
1,2,3,4,5,8,9,11,15,16,17,20,22,23>15,5,9,10,2,4,8,16,20,23
1,2,3,4,5,8,9,11,15,16,17,20,22,23>17,3,21,9,2,4,8,16,20,23
1,2,3,4,5,8,9,11,15,16,17,20,22,23>3,6,9,11,17,2,4,8,16,20,23
3,7,8,9,10,14,15,16,17>14,3,12,8,16,10
3,7,8,9,10,14,15,16,17>3,4,7,13,14,8,16,10
3,7,8,9,10,14,15,16,17>3,17,9,12,8,16,10
3,7,8,9,10,14,15,16,17>14,3,17,9,8,16,10
3,7,8,9,10,14,15,16,17>3,4,7,9,13,8,16,10
3,7,8,9,10,14,15,16,17>4,9,11,15,17,8,16,10
3,7,8,9,10,14,15,16,17>3,4,9,11,13,14,15,8,16,10
3,7,8,9,10,14,15,16,17>7,9,11,12,13,15,17,8,16,10
1,4,5,8,9,11,13,15,18,19,20,21,22,23>9,13,14,15,16,17,19,20,21,22,23
1,4,5,8,9,11,13,15,18,19,20,21,22,23>15,16,5,9,19,20,21,22,23
1,4,5,8,9,11,13,15,18,19,20,21,22,23>1,2,5,9,11,13,14,15,17,19,20,21,22,23
1,4,5,8,9,11,13,15,18,19,20,21,22,23>1,8,11,15,18,19,20,21,22,23
1,4,5,8,9,11,13,15,18,19,20,21,22,23>2,5,8,9,11,13,14,16,17,18,19,20,21,22,23
1,4,5,8,9,11,13,15,18,19,20,21,22,23>1,2,5,8,13,14,17,19,20,21,22,23
1,4,5,8,9,11,13,15,18,19,20,21,22,23>2,4,5,8,11,13,14,15,19,20,21,22,23
1,4,5,8,9,11,13,15,18,19,20,21,22,23>1,2,4,5,8,14,15,16,17,18,19,20,21,22,23
6,8,9,12,18,21,22>21,6,18,23,8,12,22
6,8,9,12,18,21,22>6,7,9,23,8,12,22
6,8,9,12,18,21,22>6,7,9,18,8,12,22
6,8,9,12,18,21,22>6,10,18,23,8,12,22
6,8,9,12,18,21,22>7,9,10,18,8,12,22
6,8,9,12,18,21,22>21,6,13,8,12,22
6,8,9,12,18,21,22>7,10,13,19,21,23,8,12,22
6,8,9,12,18,21,22>9,10,13,18,19,8,12,22
1,3,4,7,9,10,13,14,15,16,20,21>2,9,22,4,10,13,14,15,16,20,21
1,3,4,7,9,10,13,14,15,16,20,21>2,3,9,4,10,13,14,15,16,20,21
1,3,4,7,9,10,13,14,15,16,20,21>1,2,3,22,4,10,13,14,15,16,20,21
1,3,4,7,9,10,13,14,15,16,20,21>7,9,4,10,13,14,15,16,20,21
1,3,4,7,9,10,13,14,15,16,20,21>2,7,22,4,10,13,14,15,16,20,21
1,3,4,7,9,10,13,14,15,16,20,21>1,8,22,4,10,13,14,15,16,20,21
1,3,4,7,9,10,13,14,15,16,20,21>1,3,8,9,4,10,13,14,15,16,20,21
1,3,4,7,9,10,13,14,15,16,20,21>2,3,7,8,4,10,13,14,15,16,20,21
1,4,5,9,10,12,13,14,15,16,17,20,21,22,23>12,13,17,9,10,14,15,16,21,22,23
1,4,5,9,10,12,13,14,15,16,17,20,21,22,23>4,9,13,17,20,10,14,15,16,21,22,23
1,4,5,9,10,12,13,14,15,16,17,20,21,22,23>2,18,5,10,14,15,16,21,22,23
1,4,5,9,10,12,13,14,15,16,17,20,21,22,23>2,4,5,8,12,20,10,14,15,16,21,22,23
1,4,5,9,10,12,13,14,15,16,17,20,21,22,23>2,6,12,13,17,18,20,10,14,15,16,21,22,23
1,4,5,9,10,12,13,14,15,16,17,20,21,22,23>5,6,13,18,20,10,14,15,16,21,22,23
1,4,5,9,10,12,13,14,15,16,17,20,21,22,23>4,5,6,8,18,10,14,15,16,21,22,23
1,4,5,9,10,12,13,14,15,16,17,20,21,22,23>1,2,4,5,6,8,10,14,15,16,21,22,23
1,2,3,4,5,7,8,9,11,12,15,16,17,18,20,21,23>3,5,9,12,15,18,19,22,2,4,8,16,21
1,2,3,4,5,7,8,9,11,12,15,16,17,18,20,21,23>3,5,19,10,2,4,8,16,21
1,2,3,4,5,7,8,9,11,12,15,16,17,18,20,21,23>1,3,5,7,11,15,17,18,19,20,23,2,4,8,16,21
1,2,3,4,5,7,8,9,11,12,15,16,17,18,20,21,23>1,6,10,12,15,17,2,4,8,16,21
1,2,3,4,5,7,8,9,11,12,15,16,17,18,20,21,23>5,6,9,10,11,15,22,23,2,4,8,16,21
1,2,3,4,5,7,8,9,11,12,15,16,17,18,20,21,23>5,7,9,15,17,19,20,22,2,4,8,16,21
1,2,3,4,5,7,8,9,11,12,15,16,17,18,20,21,23>1,3,5,7,10,11,12,17,2,4,8,16,21
1,2,3,4,5,7,8,9,11,12,15,16,17,18,20,21,23>6,7,9,10,12,15,18,19,20,22,2,4,8,16,21
2,3,10,13,15,16,17,18,19,20,21,22,23>2,13,17,16,18,19,20,21,22,23
2,3,10,13,15,16,17,18,19,20,21,22,23>17,3,4,16,18,19,20,21,22,23
2,3,10,13,15,16,17,18,19,20,21,22,23>2,3,4,10,16,18,19,20,21,22,23
2,3,10,13,15,16,17,18,19,20,21,22,23>2,4,10,13,16,18,19,20,21,22,23
2,3,10,13,15,16,17,18,19,20,21,22,23>15,2,4,10,16,18,19,20,21,22,23
2,3,10,13,15,16,17,18,19,20,21,22,23>3,4,10,13,15,16,18,19,20,21,22,23
2,3,10,13,15,16,17,18,19,20,21,22,23>2,3,8,10,16,18,19,20,21,22,23
2,3,10,13,15,16,17,18,19,20,21,22,23>4,8,10,13,15,16,18,19,20,21,22,23
4,7,9,10,11,12,13,15,17,20,23>4,8,12,14,20,23,17,10
4,7,9,10,11,12,13,15,17,20,23>4,7,8,13,14,16,18,21,23,17,10
4,7,9,10,11,12,13,15,17,20,23>9,20,23,13,17,10
4,7,9,10,11,12,13,15,17,20,23>9,11,12,13,15,16,18,23,17,10
4,7,9,10,11,12,13,15,17,20,23>4,9,11,16,21,17,10
4,7,9,10,11,12,13,15,17,20,23>9,11,12,18,20,21,23,17,10
4,7,9,10,11,12,13,15,17,20,23>8,9,11,13,21,17,10
4,7,9,10,11,12,13,15,17,20,23>4,8,9,11,15,21,17,10
4,5,7,10,12,14,15,16,17,18,20,22,23>4,5,6,12,14,17,22,16,18,23,15
4,5,7,10,12,14,15,16,17,18,20,22,23>5,6,7,10,12,17,21,16,18,23,15
4,5,7,10,12,14,15,16,17,18,20,22,23>4,5,8,10,20,16,18,23,15
4,5,7,10,12,14,15,16,17,18,20,22,23>4,5,8,14,19,20,21,22,16,18,23,15
4,5,7,10,12,14,15,16,17,18,20,22,23>4,5,6,8,10,12,19,21,22,16,18,23,15
4,5,7,10,12,14,15,16,17,18,20,22,23>7,8,12,17,19,20,16,18,23,15
4,5,7,10,12,14,15,16,17,18,20,22,23>4,7,8,10,12,19,21,16,18,23,15
4,5,7,10,12,14,15,16,17,18,20,22,23>5,7,8,14,22,16,18,23,15
3,4,5,6,7,10,11,13,14,18,21,22,23>19,21,5,16,4,6,7,11,14,22,23
3,4,5,6,7,10,11,13,14,18,21,22,23>19,10,18,4,6,7,11,14,22,23
3,4,5,6,7,10,11,13,14,18,21,22,23>19,21,5,10,4,6,7,11,14,22,23
3,4,5,6,7,10,11,13,14,18,21,22,23>3,5,10,18,21,4,6,7,11,14,22,23
3,4,5,6,7,10,11,13,14,18,21,22,23>3,13,15,16,21,4,6,7,11,14,22,23
3,4,5,6,7,10,11,13,14,18,21,22,23>3,5,13,15,16,18,19,4,6,7,11,14,22,23
3,4,5,6,7,10,11,13,14,18,21,22,23>10,13,15,16,18,4,6,7,11,14,22,23
3,4,5,6,7,10,11,13,14,18,21,22,23>5,10,13,15,16,21,4,6,7,11,14,22,23
1,2,3,5,6,7,8,9,11,12,13,14,15,16,19,20,22,23>1,11,13,20,22,2,7,8,14,16,23
1,2,3,5,6,7,8,9,11,12,13,14,15,16,19,20,22,23>3,4,9,11,15,19,22,2,7,8,14,16,23
1,2,3,5,6,7,8,9,11,12,13,14,15,16,19,20,22,23>3,5,11,12,13,15,21,22,2,7,8,14,16,23
1,2,3,5,6,7,8,9,11,12,13,14,15,16,19,20,22,23>3,5,15,19,20,22,2,7,8,14,16,23
1,2,3,5,6,7,8,9,11,12,13,14,15,16,19,20,22,23>3,6,12,13,22,2,7,8,14,16,23
1,2,3,5,6,7,8,9,11,12,13,14,15,16,19,20,22,23>3,4,6,11,12,15,20,21,2,7,8,14,16,23
1,2,3,5,6,7,8,9,11,12,13,14,15,16,19,20,22,23>1,5,6,9,11,15,19,20,22,2,7,8,14,16,23
1,2,3,5,6,7,8,9,11,12,13,14,15,16,19,20,22,23>1,3,5,6,11,13,15,19,22,2,7,8,14,16,23
7,9,12,14,16,18,23>18,19,8,15,12
7,9,12,14,16,18,23>7,9,15,19,12
7,9,12,14,16,18,23>7,8,9,18,23,12
7,9,12,14,16,18,23>7,9,10,16,19,12
7,9,12,14,16,18,23>7,9,14,15,12
7,9,12,14,16,18,23>7,9,14,18,23,12
7,9,12,14,16,18,23>8,10,14,16,19,12
7,9,12,14,16,18,23>8,9,10,14,15,18,23,12
1,3,5,7,10,11,13,15,19,22,23>2,3,7,10,14,20,22,11,23
1,3,5,7,10,11,13,15,19,22,23>1,2,3,7,10,14,15,16,20,11,23
1,3,5,7,10,11,13,15,19,22,23>3,4,7,10,15,20,22,11,23
1,3,5,7,10,11,13,15,19,22,23>1,3,4,7,10,13,14,15,16,19,22,11,23
1,3,5,7,10,11,13,15,19,22,23>1,2,3,4,10,13,14,15,22,11,23
1,3,5,7,10,11,13,15,19,22,23>2,3,5,7,10,16,19,20,11,23
1,3,5,7,10,11,13,15,19,22,23>2,4,5,14,16,19,22,11,23
1,3,5,7,10,11,13,15,19,22,23>1,2,4,5,13,14,15,19,20,11,23
1,3,4,5,7,14,15,16,18,19,21,22,23>18,2,20,12,4,15,16,19,22,23
1,3,4,5,7,14,15,16,18,19,21,22,23>2,3,8,18,20,4,15,16,19,22,23
1,3,4,5,7,14,15,16,18,19,21,22,23>1,3,5,8,12,14,20,4,15,16,19,22,23
1,3,4,5,7,14,15,16,18,19,21,22,23>1,2,3,7,8,12,14,21,4,15,16,19,22,23
1,3,4,5,7,14,15,16,18,19,21,22,23>2,5,7,8,12,14,18,21,4,15,16,19,22,23
1,3,4,5,7,14,15,16,18,19,21,22,23>3,5,7,8,4,15,16,19,22,23
1,3,4,5,7,14,15,16,18,19,21,22,23>2,3,5,7,14,18,20,21,4,15,16,19,22,23
1,3,4,5,7,14,15,16,18,19,21,22,23>1,2,3,5,7,12,20,4,15,16,19,22,23
1,4,5,7,10,11,12,13,14,16,17,19,21,22,23>1,10,13,17,21,11,12,14,16,22,23
1,4,5,7,10,11,12,13,14,16,17,19,21,22,23>1,2,8,10,15,17,11,12,14,16,22,23
1,4,5,7,10,11,12,13,14,16,17,19,21,22,23>1,2,8,10,13,18,19,21,11,12,14,16,22,23
1,4,5,7,10,11,12,13,14,16,17,19,21,22,23>1,4,15,17,18,11,12,14,16,22,23
1,4,5,7,10,11,12,13,14,16,17,19,21,22,23>1,2,4,13,19,21,11,12,14,16,22,23
1,4,5,7,10,11,12,13,14,16,17,19,21,22,23>4,5,8,18,19,21,11,12,14,16,22,23
1,4,5,7,10,11,12,13,14,16,17,19,21,22,23>4,7,15,17,18,19,21,11,12,14,16,22,23
1,4,5,7,10,11,12,13,14,16,17,19,21,22,23>2,5,7,8,15,21,11,12,14,16,22,23
3,4,7,8,15,16,17,18,22>3,7,18,22,23,8,16,4
3,4,7,8,15,16,17,18,22>22,7,13,18,8,16,4
3,4,7,8,15,16,17,18,22>7,12,13,17,22,8,16,4
3,4,7,8,15,16,17,18,22>19,3,15,18,8,16,4
3,4,7,8,15,16,17,18,22>3,7,15,17,18,22,8,16,4
3,4,7,8,15,16,17,18,22>7,12,15,17,18,19,23,8,16,4
3,4,7,8,15,16,17,18,22>13,15,17,18,23,8,16,4
3,4,7,8,15,16,17,18,22>7,13,15,18,19,23,8,16,4
1,2,4,5,7,9,11,12,13,16,17,19,20,21,23>7,9,11,13,14,17,16,2,21
1,2,4,5,7,9,11,12,13,16,17,19,20,21,23>4,7,11,13,17,19,20,23,16,2,21
1,2,4,5,7,9,11,12,13,16,17,19,20,21,23>1,4,7,9,12,17,18,20,23,16,2,21
1,2,4,5,7,9,11,12,13,16,17,19,20,21,23>5,7,9,12,13,14,20,16,2,21
1,2,4,5,7,9,11,12,13,16,17,19,20,21,23>1,5,7,9,11,18,19,23,16,2,21
1,2,4,5,7,9,11,12,13,16,17,19,20,21,23>1,4,8,9,14,19,20,23,16,2,21
1,2,4,5,7,9,11,12,13,16,17,19,20,21,23>1,4,5,8,9,11,12,14,19,22,23,16,2,21
1,2,4,5,7,9,11,12,13,16,17,19,20,21,23>1,5,7,8,9,11,13,14,18,19,16,2,21
2,3,4,5,6,9,10,11,12,15,17,18,20,21,22>3,5,9,11,12,13,15,19,20,4,6,10,17,18,21,22
2,3,4,5,6,9,10,11,12,15,17,18,20,21,22>8,9,11,13,19,20,4,6,10,17,18,21,22
2,3,4,5,6,9,10,11,12,15,17,18,20,21,22>2,8,12,16,20,23,4,6,10,17,18,21,22
2,3,4,5,6,9,10,11,12,15,17,18,20,21,22>3,8,9,12,13,16,20,4,6,10,17,18,21,22
2,3,4,5,6,9,10,11,12,15,17,18,20,21,22>2,3,8,13,15,16,4,6,10,17,18,21,22
2,3,4,5,6,9,10,11,12,15,17,18,20,21,22>3,5,8,9,23,4,6,10,17,18,21,22
2,3,4,5,6,9,10,11,12,15,17,18,20,21,22>7,8,9,12,13,15,23,4,6,10,17,18,21,22
2,3,4,5,6,9,10,11,12,15,17,18,20,21,22>2,3,5,7,8,9,11,12,16,19,4,6,10,17,18,21,22
2,3,5,6,7,8,9,11,12,14,15,19,20,22,23>2,3,4,12,16,17,20,22,8,23,7
2,3,5,6,7,8,9,11,12,14,15,19,20,22,23>3,5,9,11,14,21,22,8,23,7
2,3,5,6,7,8,9,11,12,14,15,19,20,22,23>3,4,5,20,21,22,8,23,7
2,3,5,6,7,8,9,11,12,14,15,19,20,22,23>6,11,14,15,16,17,19,21,8,23,7
2,3,5,6,7,8,9,11,12,14,15,19,20,22,23>2,4,6,12,20,22,8,23,7
2,3,5,6,7,8,9,11,12,14,15,19,20,22,23>2,3,4,6,9,11,15,17,8,23,7
2,3,5,6,7,8,9,11,12,14,15,19,20,22,23>5,6,11,14,16,17,19,20,21,8,23,7
2,3,5,6,7,8,9,11,12,14,15,19,20,22,23>2,3,5,6,11,14,15,16,20,22,8,23,7
1,5,6,9,13,17,19>1,18,19,13
1,5,6,9,13,17,19>1,5,13,14,17,20
1,5,6,9,13,17,19>17,6,9,13
1,5,6,9,13,17,19>17,2,6,9
1,5,6,9,13,17,19>1,7,9,17,20
1,5,6,9,13,17,19>2,7,18,19,20
1,5,6,9,13,17,19>1,2,7,13,20
1,5,6,9,13,17,19>1,2,5,7,9,13,14,17,19
3,4,5,7,9,15,17,19,20,21,23>19,3,22,18,17,21,4,20
3,4,5,7,9,15,17,19,20,21,23>3,16,18,17,21,4,20
3,4,5,7,9,15,17,19,20,21,23>19,3,7,18,17,21,4,20
3,4,5,7,9,15,17,19,20,21,23>3,5,7,19,22,17,21,4,20
3,4,5,7,9,15,17,19,20,21,23>3,23,9,18,17,21,4,20
3,4,5,7,9,15,17,19,20,21,23>3,5,9,19,22,17,21,4,20
3,4,5,7,9,15,17,19,20,21,23>7,15,16,18,22,23,17,21,4,20
3,4,5,7,9,15,17,19,20,21,23>3,7,9,15,16,19,22,23,17,21,4,20
