TCR,NFAT,IFN-\beta,IFN-\betaR,IL-18,IL-18R,IRAK,SOCS1,IL-12,IL-12R,STAT4,T-bet,IFN-\gamma,IFN-\gammaR,JAK1,STAT1,IL-4,IL-4R,STAT6,GATA3,IL-10,IL-10R,STAT3
1,2,4,5,7,12,14,16,17,18,19,20,21,22>4,5,12,17,20,23,2,16,18,19,21,22
1,2,4,5,7,12,14,16,17,18,19,20,21,22>1,5,7,12,14,20,23,2,16,18,19,21,22
1,2,4,5,7,12,14,16,17,18,19,20,21,22>4,5,7,12,15,2,16,18,19,21,22
1,2,4,5,7,12,14,16,17,18,19,20,21,22>1,4,5,7,14,2,16,18,19,21,22
1,2,4,5,7,12,14,16,17,18,19,20,21,22>1,4,5,7,12,17,23,2,16,18,19,21,22
1,2,4,5,7,12,14,16,17,18,19,20,21,22>1,4,8,12,15,20,2,16,18,19,21,22
1,2,4,5,7,12,14,16,17,18,19,20,21,22>5,7,8,12,14,15,17,2,16,18,19,21,22
1,2,4,5,7,12,14,16,17,18,19,20,21,22>1,5,7,8,13,15,20,23,2,16,18,19,21,22
1,5,7,9,10,11,12,13,14,18>15,18,2,9,10,11,12,13,14
1,5,7,9,10,11,12,13,14,18>1,2,5,8,9,10,11,12,13,14
1,5,7,9,10,11,12,13,14,18>18,6,8,10,11,12,13,14
1,5,7,9,10,11,12,13,14,18>2,5,6,8,9,10,11,12,13,14
1,5,7,9,10,11,12,13,14,18>1,5,7,8,9,15,18,10,11,12,13,14
1,5,7,9,10,11,12,13,14,18>2,5,7,8,9,10,11,12,13,14
1,5,7,9,10,11,12,13,14,18>2,5,6,7,8,15,19,10,11,12,13,14
1,5,7,9,10,11,12,13,14,18>1,2,5,6,7,9,15,19,10,11,12,13,14
4,8,9,12,13,14,15,16,20,21,23>22,4,10,23,8,16,21,14
4,8,9,12,13,14,15,16,20,21,23>22,10,12,15,8,16,21,14
4,8,9,12,13,14,15,16,20,21,23>4,9,12,13,15,22,8,16,21,14
4,8,9,12,13,14,15,16,20,21,23>4,9,10,12,15,8,16,21,14
4,8,9,12,13,14,15,16,20,21,23>4,9,10,13,15,20,8,16,21,14
4,8,9,12,13,14,15,16,20,21,23>4,9,12,13,20,22,8,16,21,14
4,8,9,12,13,14,15,16,20,21,23>4,10,12,13,15,20,8,16,21,14
4,8,9,12,13,14,15,16,20,21,23>9,10,12,13,22,23,8,16,21,14
2,4,6,8,9,17,20,22,23>16,2,22,21,17,20,23
2,4,6,8,9,17,20,22,23>21,22,6,9,17,20,23
2,4,6,8,9,17,20,22,23>2,4,6,10,16,22,17,20,23
2,4,6,8,9,17,20,22,23>2,7,10,16,22,17,20,23
2,4,6,8,9,17,20,22,23>4,8,16,21,22,17,20,23
2,4,6,8,9,17,20,22,23>2,4,6,8,10,16,21,17,20,23
2,4,6,8,9,17,20,22,23>6,7,8,10,16,22,17,20,23
2,4,6,8,9,17,20,22,23>4,6,7,8,9,10,21,17,20,23
1,3,6,10,12,13,14,15,16,19,21,23>10,2,13,23,16,12,14,15
1,3,6,10,12,13,14,15,16,19,21,23>3,4,7,8,10,21,22,16,12,14,15
1,3,6,10,12,13,14,15,16,19,21,23>3,4,8,22,23,16,12,14,15
1,3,6,10,12,13,14,15,16,19,21,23>1,3,4,6,10,11,13,22,16,12,14,15
1,3,6,10,12,13,14,15,16,19,21,23>3,4,7,22,23,16,12,14,15
1,3,6,10,12,13,14,15,16,19,21,23>4,6,8,19,22,23,16,12,14,15
1,3,6,10,12,13,14,15,16,19,21,23>1,3,4,6,10,21,22,23,16,12,14,15
1,3,6,10,12,13,14,15,16,19,21,23>1,2,3,4,6,21,16,12,14,15
3,5,7,10,11,12,16,17,18,20,22,23>6,16,17,21,22,18,23
3,5,7,10,11,12,16,17,18,20,22,23>3,4,6,8,10,17,19,20,21,18,23
3,5,7,10,11,12,16,17,18,20,22,23>3,5,6,8,11,16,21,22,18,23
3,5,7,10,11,12,16,17,18,20,22,23>3,5,6,8,11,19,22,18,23
3,5,7,10,11,12,16,17,18,20,22,23>3,4,5,6,8,10,12,16,17,19,21,18,23
3,5,7,10,11,12,16,17,18,20,22,23>5,7,11,12,16,20,18,23
3,5,7,10,11,12,16,17,18,20,22,23>3,5,6,7,12,20,21,22,18,23
3,5,7,10,11,12,16,17,18,20,22,23>4,5,6,7,8,10,11,16,19,18,23
1,3,4,5,6,7,11,12,13,14,15,16,17,19,23>1,8,17,18,19,23,4,7,12,14,15,16
1,3,4,5,6,7,11,12,13,14,15,16,17,19,23>1,5,11,13,17,18,19,4,7,12,14,15,16
1,3,4,5,6,7,11,12,13,14,15,16,17,19,23>2,5,17,18,19,23,4,7,12,14,15,16
1,3,4,5,6,7,11,12,13,14,15,16,17,19,23>3,5,11,13,18,19,4,7,12,14,15,16
1,3,4,5,6,7,11,12,13,14,15,16,17,19,23>2,3,5,8,18,19,23,4,7,12,14,15,16
1,3,4,5,6,7,11,12,13,14,15,16,17,19,23>6,8,11,13,19,4,7,12,14,15,16
1,3,4,5,6,7,11,12,13,14,15,16,17,19,23>1,2,5,6,8,11,13,4,7,12,14,15,16
1,3,4,5,6,7,11,12,13,14,15,16,17,19,23>2,3,5,6,11,13,18,4,7,12,14,15,16
2,4,8,10,11,18,19,20,23>18,21,4,16,19,20
2,4,8,10,11,18,19,20,23>21,4,23,19,20
2,4,8,10,11,18,19,20,23>4,16,17,18,23,19,20
2,4,8,10,11,18,19,20,23>18,21,8,10,19,20
2,4,8,10,11,18,19,20,23>18,23,8,11,19,20
2,4,8,10,11,18,19,20,23>10,11,17,21,23,19,20
2,4,8,10,11,18,19,20,23>8,10,11,16,21,19,20
2,4,8,10,11,18,19,20,23>4,8,10,11,21,19,20
1,3,4,5,7,8,12,15,16,18,20,23>2,5,7,18,20,23,8,16,4
1,3,4,5,7,8,12,15,16,18,20,23>1,2,5,7,15,23,8,16,4
1,3,4,5,7,8,12,15,16,18,20,23>3,5,7,12,15,20,23,8,16,4
1,3,4,5,7,8,12,15,16,18,20,23>19,6,7,12,8,16,4
1,3,4,5,7,8,12,15,16,18,20,23>6,12,15,18,19,23,8,16,4
1,3,4,5,7,8,12,15,16,18,20,23>3,6,12,8,16,4
1,3,4,5,7,8,12,15,16,18,20,23>1,3,6,7,15,19,20,21,23,8,16,4
1,3,4,5,7,8,12,15,16,18,20,23>5,6,12,15,20,21,8,16,4
1,5,15,18,20,21,22,23>18,16,20,21,22,23
1,5,15,18,20,21,22,23>19,6,17,20,21,22,23
1,5,15,18,20,21,22,23>1,6,16,20,21,22,23
1,5,15,18,20,21,22,23>1,2,5,6,20,21,22,23
1,5,15,18,20,21,22,23>1,15,16,17,20,21,22,23
1,5,15,18,20,21,22,23>1,2,15,16,20,21,22,23
1,5,15,18,20,21,22,23>5,15,16,20,21,22,23
1,5,15,18,20,21,22,23>2,5,6,15,18,20,21,22,23
1,5,7,9,10,11,12,13,14,15,17,19,21>1,2,9,10,16,18,21,22,11,12,13,14,15
1,5,7,9,10,11,12,13,14,15,17,19,21>1,7,8,9,16,19,22,11,12,13,14,15
1,5,7,9,10,11,12,13,14,15,17,19,21>2,5,10,17,19,22,11,12,13,14,15
1,5,7,9,10,11,12,13,14,15,17,19,21>2,7,9,10,19,11,12,13,14,15
1,5,7,9,10,11,12,13,14,15,17,19,21>1,2,8,10,16,21,22,11,12,13,14,15
1,5,7,9,10,11,12,13,14,15,17,19,21>5,8,10,16,21,11,12,13,14,15
1,5,7,9,10,11,12,13,14,15,17,19,21>1,7,8,9,10,16,18,22,11,12,13,14,15
1,5,7,9,10,11,12,13,14,15,17,19,21>2,5,7,8,9,21,22,11,12,13,14,15
2,3,9,10,12,15,16,17,18,19,23>3,11,15,17,23,16,18,19,12
2,3,9,10,12,15,16,17,18,19,23>4,11,15,17,23,16,18,19,12
2,3,9,10,12,15,16,17,18,19,23>3,4,10,11,17,16,18,19,12
2,3,9,10,12,15,16,17,18,19,23>2,3,8,11,16,18,19,12
2,3,9,10,12,15,16,17,18,19,23>2,4,8,10,15,17,16,18,19,12
2,3,9,10,12,15,16,17,18,19,23>3,9,11,15,17,16,18,19,12
2,3,9,10,12,15,16,17,18,19,23>4,9,11,15,23,16,18,19,12
2,3,9,10,12,15,16,17,18,19,23>2,4,8,9,15,17,23,16,18,19,12
2,5,6,7,12,14,15,16,17,18,21,22>21,23,6,7,12,15,16,18,22
2,5,6,7,12,14,15,16,17,18,21,22>23,5,17,6,7,12,15,16,18,22
2,5,6,7,12,14,15,16,17,18,21,22>5,13,19,6,7,12,15,16,18,22
2,5,6,7,12,14,15,16,17,18,21,22>23,5,8,13,6,7,12,15,16,18,22
2,5,6,7,12,14,15,16,17,18,21,22>2,5,14,17,19,21,6,7,12,15,16,18,22
2,5,6,7,12,14,15,16,17,18,21,22>2,5,8,14,23,6,7,12,15,16,18,22
2,5,6,7,12,14,15,16,17,18,21,22>2,13,14,17,21,6,7,12,15,16,18,22
2,5,6,7,12,14,15,16,17,18,21,22>23,5,13,14,6,7,12,15,16,18,22
5,6,13,15,19,20>5,6,15,19,21,20
5,6,13,15,19,20>5,7,16,17,21,20
5,6,13,15,19,20>7,13,15,16,19,21,20
5,6,13,15,19,20>5,7,13,15,16,17,19,20
5,6,13,15,19,20>5,6,7,13,17,20
5,6,13,15,19,20>13,14,16,17,21,20
5,6,13,15,19,20>5,13,14,15,16,17,20
5,6,13,15,19,20>6,7,13,14,17,21,20
1,3,4,8,10,11,12,13,14,15,16,17,20,23>17,20,12,8,16,4,14
1,3,4,8,10,11,12,13,14,15,16,17,20,23>15,1,20,13,8,16,4,14
1,3,4,8,10,11,12,13,14,15,16,17,20,23>1,3,10,12,15,17,8,16,4,14
1,3,4,8,10,11,12,13,14,15,16,17,20,23>17,2,21,11,8,16,4,14
1,3,4,8,10,11,12,13,14,15,16,17,20,23>2,11,12,15,21,23,8,16,4,14
1,3,4,8,10,11,12,13,14,15,16,17,20,23>10,11,12,13,15,20,23,8,16,4,14
1,3,4,8,10,11,12,13,14,15,16,17,20,23>1,10,11,15,20,23,8,16,4,14
1,3,4,8,10,11,12,13,14,15,16,17,20,23>2,3,10,11,12,13,8,16,4,14
1,5,6,8,11,13,14,19,20,21,22>1,8,11,17,23,13,14,20,21,22
1,5,6,8,11,13,14,19,20,21,22>1,2,8,19,23,13,14,20,21,22
1,5,6,8,11,13,14,19,20,21,22>5,6,17,19,23,13,14,20,21,22
1,5,6,8,11,13,14,19,20,21,22>2,5,6,8,17,13,14,20,21,22
1,5,6,8,11,13,14,19,20,21,22>6,7,8,11,17,23,13,14,20,21,22
1,5,6,8,11,13,14,19,20,21,22>1,7,8,11,17,19,13,14,20,21,22
1,5,6,8,11,13,14,19,20,21,22>1,5,7,8,17,23,13,14,20,21,22
1,5,6,8,11,13,14,19,20,21,22>6,7,8,17,19,13,14,20,21,22
1,6,7,8,12,16,17,19,20,21,23>22,23,19,8,21,7
1,6,7,8,12,16,17,19,20,21,23>1,23,19,8,21,7
1,6,7,8,12,16,17,19,20,21,23>20,22,2,19,8,21,7
1,6,7,8,12,16,17,19,20,21,23>1,2,17,19,8,21,7
1,6,7,8,12,16,17,19,20,21,23>1,6,12,17,19,20,8,21,7
1,6,7,8,12,16,17,19,20,21,23>1,2,6,12,17,22,23,8,21,7
1,6,7,8,12,16,17,19,20,21,23>23,6,16,17,8,21,7
1,6,7,8,12,16,17,19,20,21,23>2,12,16,17,8,21,7
4,5,8,12,17,18,19>4,13,8,19,12
4,5,8,12,17,18,19>5,13,8,19,12
4,5,8,12,17,18,19>4,16,18,8,19,12
4,5,8,12,17,18,19>4,5,16,8,19,12
4,5,8,12,17,18,19>4,17,18,8,19,12
4,5,8,12,17,18,19>13,17,8,19,12
4,5,8,12,17,18,19>4,16,17,8,19,12
4,5,8,12,17,18,19>5,16,17,18,8,19,12
2,4,5,6,8,11,14,16,17,18,20,21>18,4,22,13,6,8,16,20,21
2,4,5,6,8,11,14,16,17,18,20,21>5,13,14,18,19,6,8,16,20,21
2,4,5,6,8,11,14,16,17,18,20,21>7,14,17,18,19,6,8,16,20,21
2,4,5,6,8,11,14,16,17,18,20,21>2,4,5,7,13,6,8,16,20,21
2,4,5,6,8,11,14,16,17,18,20,21>2,5,11,13,18,19,6,8,16,20,21
2,4,5,6,8,11,14,16,17,18,20,21>2,5,11,14,17,22,6,8,16,20,21
2,4,5,6,8,11,14,16,17,18,20,21>2,4,7,11,17,6,8,16,20,21
2,4,5,6,8,11,14,16,17,18,20,21>2,5,7,11,17,18,22,6,8,16,20,21
6,7,8,9,10,11,12,14,15,17,18,21,22>9,13,18,19,21,7,8,10,11,12,22
6,7,8,9,10,11,12,14,15,17,18,21,22>6,9,13,19,21,7,8,10,11,12,22
6,7,8,9,10,11,12,14,15,17,18,21,22>6,9,13,16,18,21,23,7,8,10,11,12,22
6,7,8,9,10,11,12,14,15,17,18,21,22>6,14,16,17,18,7,8,10,11,12,22
6,7,8,9,10,11,12,14,15,17,18,21,22>9,13,14,17,7,8,10,11,12,22
6,7,8,9,10,11,12,14,15,17,18,21,22>23,9,21,15,7,8,10,11,12,22
6,7,8,9,10,11,12,14,15,17,18,21,22>9,13,15,18,19,23,7,8,10,11,12,22
6,7,8,9,10,11,12,14,15,17,18,21,22>6,13,14,15,19,23,7,8,10,11,12,22
2,5,8,10,11,13,14,17,18,23>5,13,17,18,23,11,14
2,5,8,10,11,13,14,17,18,23>5,6,17,19,23,11,14
2,5,8,10,11,13,14,17,18,23>5,8,17,11,14
2,5,8,10,11,13,14,17,18,23>6,8,13,17,18,19,23,11,14
2,5,8,10,11,13,14,17,18,23>2,5,6,8,13,19,23,11,14
2,5,8,10,11,13,14,17,18,23>5,10,13,17,11,14
2,5,8,10,11,13,14,17,18,23>2,5,10,13,19,23,11,14
2,5,8,10,11,13,14,17,18,23>6,8,10,17,18,23,11,14
2,3,4,5,6,9,12,14,17,20,21>5,9,10,12,16,20,22,17,4,21,6
2,3,4,5,6,9,12,14,17,20,21>2,5,9,10,12,14,20,17,4,21,6
2,3,4,5,6,9,12,14,17,20,21>2,5,10,14,15,16,20,17,4,21,6
2,3,4,5,6,9,12,14,17,20,21>2,3,8,9,18,17,4,21,6
2,3,4,5,6,9,12,14,17,20,21>7,8,20,22,17,4,21,6
2,3,4,5,6,9,12,14,17,20,21>7,8,9,10,12,16,18,17,4,21,6
2,3,4,5,6,9,12,14,17,20,21>2,7,8,9,10,12,13,14,15,17,4,21,6
2,3,4,5,6,9,12,14,17,20,21>2,3,5,7,8,10,14,20,17,4,21,6
4,6,8,10,13,14,15,17,21>15,16,17,21,14
4,6,8,10,13,14,15,17,21>16,22,11,14
4,6,8,10,13,14,15,17,21>4,6,7,11,13,22,14
4,6,8,10,13,14,15,17,21>6,21,8,13,14
4,6,8,10,13,14,15,17,21>4,6,10,11,13,17,21,14
4,6,8,10,13,14,15,17,21>4,6,7,10,15,16,17,22,14
4,6,8,10,13,14,15,17,21>6,7,8,10,16,17,22,14
4,6,8,10,13,14,15,17,21>4,6,7,8,10,11,15,16,21,14
2,5,7,8,9,14,15,16,18,19,21>13,14,18,20,22,8,16,19
2,5,7,8,9,14,15,16,18,19,21>2,5,13,14,18,22,8,16,19
2,5,7,8,9,14,15,16,18,19,21>15,21,5,7,8,16,19
2,5,7,8,9,14,15,16,18,19,21>2,5,9,13,15,18,8,16,19
2,5,7,8,9,14,15,16,18,19,21>2,7,9,13,14,15,18,22,8,16,19
2,5,7,8,9,14,15,16,18,19,21>2,7,9,14,15,21,8,16,19
2,5,7,8,9,14,15,16,18,19,21>12,13,8,16,19
2,5,7,8,9,14,15,16,18,19,21>15,5,12,8,16,19
1,3,4,10,12,15,17,18,20,21>1,12,13,15,16,19,20,22,17,18,4,21
1,3,4,10,12,15,17,18,20,21>2,8,12,13,15,20,17,18,4,21
1,3,4,10,12,15,17,18,20,21>1,2,8,13,15,16,19,20,22,17,18,4,21
1,3,4,10,12,15,17,18,20,21>16,10,12,13,17,18,4,21
1,3,4,10,12,15,17,18,20,21>3,10,15,16,20,22,17,18,4,21
1,3,4,10,12,15,17,18,20,21>3,10,12,15,16,19,17,18,4,21
1,3,4,10,12,15,17,18,20,21>1,8,10,13,16,19,20,22,17,18,4,21
1,3,4,10,12,15,17,18,20,21>2,8,10,13,19,20,17,18,4,21
1,2,4,6,8,9,10,12,14,15,17,18,19,20>6,10,14,18,20,8,17,2,19
1,2,4,6,8,9,10,12,14,15,17,18,19,20>1,4,6,7,13,15,16,20,8,17,2,19
1,2,4,6,8,9,10,12,14,15,17,18,19,20>1,9,12,14,15,16,18,20,8,17,2,19
1,2,4,6,8,9,10,12,14,15,17,18,19,20>4,9,12,13,15,16,20,21,8,17,2,19
1,2,4,6,8,9,10,12,14,15,17,18,19,20>1,4,9,10,12,13,18,20,21,8,17,2,19
1,2,4,6,8,9,10,12,14,15,17,18,19,20>1,9,10,12,14,15,16,18,21,8,17,2,19
1,2,4,6,8,9,10,12,14,15,17,18,19,20>6,9,10,12,13,20,8,17,2,19
1,2,4,6,8,9,10,12,14,15,17,18,19,20>6,7,9,10,13,21,8,17,2,19
2,4,9,10,12,14,15,16,17,20,22,23>18,2,4,17,16,10,23,15
2,4,9,10,12,14,15,16,17,20,22,23>22,8,9,16,10,23,15
2,4,9,10,12,14,15,16,17,20,22,23>8,9,12,14,17,18,20,16,10,23,15
2,4,9,10,12,14,15,16,17,20,22,23>4,8,9,14,18,20,16,10,23,15
2,4,9,10,12,14,15,16,17,20,22,23>2,12,17,18,20,22,16,10,23,15
2,4,9,10,12,14,15,16,17,20,22,23>18,22,8,12,16,10,23,15
2,4,9,10,12,14,15,16,17,20,22,23>4,8,12,14,20,22,16,10,23,15
2,4,9,10,12,14,15,16,17,20,22,23>8,9,12,14,21,16,10,23,15
1,2,9,10,11,12,14,15,18,20,21,22>1,9,13,16,19,23,2,10,15,21,22
1,2,9,10,11,12,14,15,18,20,21,22>8,9,14,18,20,2,10,15,21,22
1,2,9,10,11,12,14,15,18,20,21,22>8,11,13,18,19,23,2,10,15,21,22
1,2,9,10,11,12,14,15,18,20,21,22>1,9,11,14,16,23,2,10,15,21,22
1,2,9,10,11,12,14,15,18,20,21,22>1,9,11,14,17,19,20,23,2,10,15,21,22
1,2,9,10,11,12,14,15,18,20,21,22>9,12,13,16,19,20,23,2,10,15,21,22
1,2,9,10,11,12,14,15,18,20,21,22>8,9,12,16,17,18,23,2,10,15,21,22
1,2,9,10,11,12,14,15,18,20,21,22>1,11,12,13,16,17,19,2,10,15,21,22
1,2,4,5,7,8,9,10,11,12,13,15,18,19,20,22,23>4,11,16,17,20,22,8,2,19,23
1,2,4,5,7,8,9,10,11,12,13,15,18,19,20,22,23>7,10,11,12,13,15,16,18,21,8,2,19,23
1,2,4,5,7,8,9,10,11,12,13,15,18,19,20,22,23>4,5,7,11,13,14,17,21,8,2,19,23
1,2,4,5,7,8,9,10,11,12,13,15,18,19,20,22,23>5,9,11,12,15,17,20,22,8,2,19,23
1,2,4,5,7,8,9,10,11,12,13,15,18,19,20,22,23>1,5,9,11,16,17,18,20,22,8,2,19,23
1,2,4,5,7,8,9,10,11,12,13,15,18,19,20,22,23>4,5,9,10,11,12,13,20,21,8,2,19,23
1,2,4,5,7,8,9,10,11,12,13,15,18,19,20,22,23>7,9,11,13,14,15,17,8,2,19,23
1,2,4,5,7,8,9,10,11,12,13,15,18,19,20,22,23>4,7,9,14,15,16,20,22,8,2,19,23
2,3,4,5,6,8,10,12,18,22,23>2,16,18,19,22,4,6,8,12,23
2,3,4,5,6,8,10,12,18,22,23>3,5,11,18,19,4,6,8,12,23
2,3,4,5,6,8,10,12,18,22,23>2,7,11,16,18,19,4,6,8,12,23
2,3,4,5,6,8,10,12,18,22,23>2,5,7,16,19,4,6,8,12,23
2,3,4,5,6,8,10,12,18,22,23>2,5,7,18,19,22,4,6,8,12,23
2,3,4,5,6,8,10,12,18,22,23>2,10,11,16,19,22,4,6,8,12,23
2,3,4,5,6,8,10,12,18,22,23>2,3,5,10,11,16,18,22,4,6,8,12,23
2,3,4,5,6,8,10,12,18,22,23>2,5,7,10,11,19,4,6,8,12,23
2,4,5,6,9,10,14,16,17>2,7,9,11,12,13,14,15,18,16,10,6
2,4,5,6,9,10,14,16,17>2,7,13,17,18,16,10,6
2,4,5,6,9,10,14,16,17>5,7,9,12,13,14,18,16,10,6
2,4,5,6,9,10,14,16,17>2,5,7,14,15,17,16,10,6
2,4,5,6,9,10,14,16,17>2,4,5,7,9,11,12,13,15,17,16,10,6
2,4,5,6,9,10,14,16,17>2,5,8,11,13,16,10,6
2,4,5,6,9,10,14,16,17>4,5,8,9,13,17,18,16,10,6
2,4,5,6,9,10,14,16,17>4,5,7,8,9,11,12,14,15,17,18,16,10,6
1,5,8,12,17,19,20,21,22>23,2,5,8,17,21,22
1,5,8,12,17,19,20,21,22>23,1,12,19,8,17,21,22
1,5,8,12,17,19,20,21,22>2,12,19,8,17,21,22
1,5,8,12,17,19,20,21,22>23,2,12,8,17,21,22
1,5,8,12,17,19,20,21,22>23,13,19,20,8,17,21,22
1,5,8,12,17,19,20,21,22>23,5,13,20,8,17,21,22
1,5,8,12,17,19,20,21,22>1,5,13,20,8,17,21,22
1,5,8,12,17,19,20,21,22>2,5,12,13,20,8,17,21,22
1,7,8,10,11,13,14,15,16,17,19,20,21>19,7,15,17,8,13,14,16,20,21
1,7,8,10,11,13,14,15,16,17,19,20,21>1,2,7,15,19,8,13,14,16,20,21
1,7,8,10,11,13,14,15,16,17,19,20,21>22,2,10,15,8,13,14,16,20,21
1,7,8,10,11,13,14,15,16,17,19,20,21>11,15,17,8,13,14,16,20,21
1,7,8,10,11,13,14,15,16,17,19,20,21>7,11,17,8,13,14,16,20,21
1,7,8,10,11,13,14,15,16,17,19,20,21>1,2,10,11,17,8,13,14,16,20,21
1,7,8,10,11,13,14,15,16,17,19,20,21>7,10,11,15,8,13,14,16,20,21
1,7,8,10,11,13,14,15,16,17,19,20,21>1,7,10,11,19,22,8,13,14,16,20,21
5,6,8,11,12,14,15,20,21,22>16,17,20,14,8,21,6,22
5,6,8,11,12,14,15,20,21,22>7,14,16,20,23,8,21,6,22
5,6,8,11,12,14,15,20,21,22>5,7,14,16,17,8,21,6,22
5,6,8,11,12,14,15,20,21,22>5,11,15,17,20,8,21,6,22
5,6,8,11,12,14,15,20,21,22>7,20,12,14,8,21,6,22
5,6,8,11,12,14,15,20,21,22>5,11,12,14,15,16,8,21,6,22
5,6,8,11,12,14,15,20,21,22>13,14,15,16,20,23,8,21,6,22
5,6,8,11,12,14,15,20,21,22>5,7,12,13,14,17,8,21,6,22
2,5,8,11,12,13,14,15,16,17,21,22>2,5,17,21,8,12,13,14,16,22
2,5,8,11,12,13,14,15,16,17,21,22>2,5,6,21,23,8,12,13,14,16,22
2,5,8,11,12,13,14,15,16,17,21,22>23,5,6,11,8,12,13,14,16,22
2,5,8,11,12,13,14,15,16,17,21,22>5,15,17,21,23,8,12,13,14,16,22
2,5,8,11,12,13,14,15,16,17,21,22>2,6,15,17,21,23,8,12,13,14,16,22
2,5,8,11,12,13,14,15,16,17,21,22>5,6,15,17,21,8,12,13,14,16,22
2,5,8,11,12,13,14,15,16,17,21,22>5,11,15,17,23,8,12,13,14,16,22
2,5,8,11,12,13,14,15,16,17,21,22>2,5,6,11,15,21,8,12,13,14,16,22
1,3,12,13,14,15,21,22,23>21,1,13,16,12,14,15,22,23
1,3,12,13,14,15,21,22,23>1,2,3,12,14,15,22,23
1,3,12,13,14,15,21,22,23>21,2,3,4,12,14,15,22,23
1,3,12,13,14,15,21,22,23>21,1,2,8,12,14,15,22,23
1,3,12,13,14,15,21,22,23>21,4,8,12,14,15,22,23
1,3,12,13,14,15,21,22,23>1,4,8,13,16,12,14,15,22,23
1,3,12,13,14,15,21,22,23>3,4,8,16,12,14,15,22,23
1,3,12,13,14,15,21,22,23>2,3,4,8,12,14,15,22,23
1,3,5,8,11,12,14,15,16,18,20,23>1,3,11,14,18,19,21,23,8,16
1,3,5,8,11,12,14,15,16,18,20,23>1,3,6,12,14,21,8,16
1,3,5,8,11,12,14,15,16,18,20,23>2,3,6,11,14,15,19,21,8,16
1,3,5,8,11,12,14,15,16,18,20,23>1,4,11,14,21,8,16
1,3,5,8,11,12,14,15,16,18,20,23>1,2,3,4,12,15,18,19,8,16
1,3,5,8,11,12,14,15,16,18,20,23>5,11,12,14,15,20,8,16
1,3,5,8,11,12,14,15,16,18,20,23>3,5,11,14,15,19,8,16
1,3,5,8,11,12,14,15,16,18,20,23>1,4,5,6,14,18,20,23,8,16
1,2,5,6,10,11,12,15,16,18,20,21>5,11,13,15,22,16,2,21,6
1,2,5,6,10,11,12,15,16,18,20,21>5,12,13,15,18,20,16,2,21,6
1,2,5,6,10,11,12,15,16,18,20,21>1,7,15,18,22,16,2,21,6
1,2,5,6,10,11,12,15,16,18,20,21>5,8,11,13,18,19,20,22,16,2,21,6
1,2,5,6,10,11,12,15,16,18,20,21>1,5,7,8,13,15,18,16,2,21,6
1,2,5,6,10,11,12,15,16,18,20,21>1,10,13,19,20,16,2,21,6
1,2,5,6,10,11,12,15,16,18,20,21>1,8,10,12,13,18,20,22,16,2,21,6
1,2,5,6,10,11,12,15,16,18,20,21>1,8,10,11,12,13,18,19,16,2,21,6
3,5,6,9,10,11,15,16,17,20>4,9,13,18,21,16,10,20,6
3,5,6,9,10,11,15,16,17,20>3,4,5,9,15,17,18,16,10,20,6
3,5,6,9,10,11,15,16,17,20>3,18,7,21,16,10,20,6
3,5,6,9,10,11,15,16,17,20>5,7,13,15,17,16,10,20,6
3,5,6,9,10,11,15,16,17,20>5,7,8,9,11,13,15,21,16,10,20,6
3,5,6,9,10,11,15,16,17,20>3,4,8,9,11,13,15,17,16,10,20,6
3,5,6,9,10,11,15,16,17,20>5,7,8,9,13,18,16,10,20,6
3,5,6,9,10,11,15,16,17,20>3,5,7,8,11,15,21,16,10,20,6
1,4,8,10,11,12,14,16,17,18,19,21>18,21,14,17,8,11,12,16,19
1,4,8,10,11,12,14,16,17,18,19,21>1,2,4,17,21,8,11,12,16,19
1,4,8,10,11,12,14,16,17,18,19,21>1,2,4,18,21,22,8,11,12,16,19
1,4,8,10,11,12,14,16,17,18,19,21>4,10,14,21,22,8,11,12,16,19
1,4,8,10,11,12,14,16,17,18,19,21>1,22,13,17,8,11,12,16,19
1,4,8,10,11,12,14,16,17,18,19,21>21,2,13,14,8,11,12,16,19
1,4,8,10,11,12,14,16,17,18,19,21>4,13,18,21,22,8,11,12,16,19
1,4,8,10,11,12,14,16,17,18,19,21>4,13,17,8,11,12,16,19
2,3,4,5,7,9,13,15,16,21,23>3,8,13,14,21,16,4
2,3,4,5,7,9,13,15,16,21,23>2,3,5,13,14,21,22,16,4
2,3,4,5,7,9,13,15,16,21,23>3,5,6,9,10,12,13,14,15,22,23,16,4
2,3,4,5,7,9,13,15,16,21,23>2,7,8,13,15,22,23,16,4
2,3,4,5,7,9,13,15,16,21,23>2,5,7,9,10,15,23,16,4
2,3,4,5,7,9,13,15,16,21,23>6,7,8,9,12,14,15,23,16,4
2,3,4,5,7,9,13,15,16,21,23>2,3,6,7,15,22,23,16,4
2,3,4,5,7,9,13,15,16,21,23>2,5,6,7,8,12,13,16,4
1,4,6,7,8,9,10,11,14,15,16,17,18,19>2,6,12,18,20,7,8,11,16,19
1,4,6,7,8,9,10,11,14,15,16,17,18,19>4,6,10,12,13,20,7,8,11,16,19
1,4,6,7,8,9,10,11,14,15,16,17,18,19>1,4,6,10,12,15,17,18,20,7,8,11,16,19
1,4,6,7,8,9,10,11,14,15,16,17,18,19>2,4,6,10,12,18,7,8,11,16,19
1,4,6,7,8,9,10,11,14,15,16,17,18,19>1,2,4,6,10,14,15,17,20,7,8,11,16,19
1,4,6,7,8,9,10,11,14,15,16,17,18,19>2,4,6,13,20,7,8,11,16,19
1,4,6,7,8,9,10,11,14,15,16,17,18,19>1,2,9,12,13,14,18,20,7,8,11,16,19
1,4,6,7,8,9,10,11,14,15,16,17,18,19>1,4,6,9,14,15,17,7,8,11,16,19
1,7,8,15,16,17,19,20,23>23,1,19,8,16,20
1,7,8,15,16,17,19,20,23>1,2,15,19,21,8,16,20
1,7,8,15,16,17,19,20,23>1,2,7,15,21,23,8,16,20
1,7,8,15,16,17,19,20,23>23,17,21,8,16,20
1,7,8,15,16,17,19,20,23>17,19,21,8,16,20
1,7,8,15,16,17,19,20,23>2,17,8,16,20
1,7,8,15,16,17,19,20,23>7,17,21,8,16,20
1,7,8,15,16,17,19,20,23>15,17,21,8,16,20
2,4,5,9,10,12,15,17,20,21>4,5,9,12,13,16,20,17,10,21
2,4,5,9,10,12,15,17,20,21>2,6,9,12,15,20,22,17,10,21
2,4,5,9,10,12,15,17,20,21>4,6,9,12,18,20,17,10,21
2,4,5,9,10,12,15,17,20,21>2,8,15,16,18,20,17,10,21
2,4,5,9,10,12,15,17,20,21>2,5,8,9,16,20,17,10,21
2,4,5,9,10,12,15,17,20,21>4,5,8,9,12,16,18,20,17,10,21
2,4,5,9,10,12,15,17,20,21>2,6,8,13,15,18,20,22,17,10,21
2,4,5,9,10,12,15,17,20,21>4,5,6,8,9,12,13,18,17,10,21
5,10,11,16,20,21>5,6,13,16,22,20,21
5,10,11,16,20,21>6,8,13,16,20,21
5,10,11,16,20,21>5,6,8,13,22,20,21
5,10,11,16,20,21>5,10,13,20,21
5,10,11,16,20,21>5,6,8,10,16,22,20,21
5,10,11,16,20,21>5,8,11,13,16,20,21
5,10,11,16,20,21>6,10,11,16,22,20,21
5,10,11,16,20,21>6,8,10,11,16,20,21
4,5,11,12,14,15,17,20,21,22>6,13,14,16,20,23,17,21,22,15
4,5,11,12,14,15,17,20,21,22>4,6,12,13,16,18,17,21,22,15
4,5,11,12,14,15,17,20,21,22>5,6,8,20,23,17,21,22,15
4,5,11,12,14,15,17,20,21,22>5,11,13,18,23,17,21,22,15
4,5,11,12,14,15,17,20,21,22>6,11,12,13,14,16,20,17,21,22,15
4,5,11,12,14,15,17,20,21,22>4,6,11,14,23,17,21,22,15
4,5,11,12,14,15,17,20,21,22>4,6,11,12,14,16,18,20,17,21,22,15
4,5,11,12,14,15,17,20,21,22>4,5,8,11,14,17,21,22,15
2,4,5,7,8,10,11,13,14,15,18,20,21,23>2,13,15,19,23,20,21,14
2,4,5,7,8,10,11,13,14,15,18,20,21,23>2,4,5,8,10,13,17,23,20,21,14
2,4,5,7,8,10,11,13,14,15,18,20,21,23>6,8,10,16,18,22,20,21,14
2,4,5,7,8,10,11,13,14,15,18,20,21,23>2,7,11,15,16,17,22,20,21,14
2,4,5,7,8,10,11,13,14,15,18,20,21,23>4,5,7,8,10,11,13,15,18,22,20,21,14
2,4,5,7,8,10,11,13,14,15,18,20,21,23>2,4,5,7,16,17,23,20,21,14
2,4,5,7,8,10,11,13,14,15,18,20,21,23>5,6,7,11,13,16,17,18,22,23,20,21,14
2,4,5,7,8,10,11,13,14,15,18,20,21,23>4,5,6,7,10,13,16,17,18,22,20,21,14
1,4,5,6,7,9,10,11,12,13,16,18,21,22>1,2,4,9,14,18,23,6,7,10,11,12,13,16,22
1,4,5,6,7,9,10,11,12,13,16,18,21,22>18,19,5,14,6,7,10,11,12,13,16,22
1,4,5,6,7,9,10,11,12,13,16,18,21,22>1,2,4,21,23,6,7,10,11,12,13,16,22
1,4,5,6,7,9,10,11,12,13,16,18,21,22>18,1,4,5,6,7,10,11,12,13,16,22
1,4,5,6,7,9,10,11,12,13,16,18,21,22>2,4,5,9,18,19,23,6,7,10,11,12,13,16,22
1,4,5,6,7,9,10,11,12,13,16,18,21,22>1,4,5,14,21,6,7,10,11,12,13,16,22
1,4,5,6,7,9,10,11,12,13,16,18,21,22>1,2,5,8,14,18,6,7,10,11,12,13,16,22
1,4,5,6,7,9,10,11,12,13,16,18,21,22>4,5,8,9,14,19,21,23,6,7,10,11,12,13,16,22
1,3,4,6,9,10,11,12,14,16,18,22>1,2,8,13,14,4,10,11,12,16
1,3,4,6,9,10,11,12,14,16,18,22>1,3,8,14,15,19,23,4,10,11,12,16
1,3,4,6,9,10,11,12,14,16,18,22>1,6,13,14,15,18,19,4,10,11,12,16
1,3,4,6,9,10,11,12,14,16,18,22>3,6,9,13,18,4,10,11,12,16
1,3,4,6,9,10,11,12,14,16,18,22>2,3,6,8,9,13,15,19,22,23,4,10,11,12,16
1,3,4,6,9,10,11,12,14,16,18,22>2,3,7,8,9,14,15,19,23,4,10,11,12,16
1,3,4,6,9,10,11,12,14,16,18,22>1,2,3,7,9,13,15,22,4,10,11,12,16
1,3,4,6,9,10,11,12,14,16,18,22>2,3,6,7,9,18,4,10,11,12,16
4,5,6,9,10,12,14,16,19,20,22,23>9,10,14,15,19,22,16,23
4,5,6,9,10,12,14,16,19,20,22,23>4,10,14,15,19,20,22,16,23
4,5,6,9,10,12,14,16,19,20,22,23>10,12,14,19,20,21,22,16,23
4,5,6,9,10,12,14,16,19,20,22,23>5,6,7,8,10,12,14,20,21,16,23
4,5,6,9,10,12,14,16,19,20,22,23>4,6,10,15,20,16,23
4,5,6,9,10,12,14,16,19,20,22,23>4,5,8,19,20,21,16,23
4,5,6,9,10,12,14,16,19,20,22,23>4,6,7,8,9,22,16,23
4,5,6,9,10,12,14,16,19,20,22,23>5,6,7,8,9,12,14,15,20,21,16,23
1,3,4,5,6,8,10,11,12,14,15,17,19,22,23>1,2,5,7,15,4,8,11,12,23
1,3,4,5,6,8,10,11,12,14,15,17,19,22,23>1,2,3,5,10,16,17,19,22,4,8,11,12,23
1,3,4,5,6,8,10,11,12,14,15,17,19,22,23>15,2,6,7,4,8,11,12,23
1,3,4,5,6,8,10,11,12,14,15,17,19,22,23>1,2,6,16,17,19,22,4,8,11,12,23
1,3,4,5,6,8,10,11,12,14,15,17,19,22,23>1,3,6,10,15,4,8,11,12,23
1,3,4,5,6,8,10,11,12,14,15,17,19,22,23>5,6,7,15,17,19,4,8,11,12,23
1,3,4,5,6,8,10,11,12,14,15,17,19,22,23>1,3,5,6,14,15,16,17,22,4,8,11,12,23
1,3,4,5,6,8,10,11,12,14,15,17,19,22,23>1,2,3,5,6,7,10,17,4,8,11,12,23
2,4,5,6,7,8,9,10,12,13,14,15,16,17,18,21>2,4,15,17,22,6,7,8,10,12,13,14,16
2,4,5,6,7,8,9,10,12,13,14,15,16,17,18,21>5,17,18,19,22,6,7,8,10,12,13,14,16
2,4,5,6,7,8,9,10,12,13,14,15,16,17,18,21>9,15,17,18,19,6,7,8,10,12,13,14,16
2,4,5,6,7,8,9,10,12,13,14,15,16,17,18,21>2,9,17,19,21,22,6,7,8,10,12,13,14,16
2,4,5,6,7,8,9,10,12,13,14,15,16,17,18,21>2,4,9,15,19,21,6,7,8,10,12,13,14,16
2,4,5,6,7,8,9,10,12,13,14,15,16,17,18,21>4,5,9,15,17,21,6,7,8,10,12,13,14,16
2,4,5,6,7,8,9,10,12,13,14,15,16,17,18,21>5,11,15,17,19,22,6,7,8,10,12,13,14,16
2,4,5,6,7,8,9,10,12,13,14,15,16,17,18,21>5,9,11,17,18,22,6,7,8,10,12,13,14,16
1,3,4,5,6,8,9,10,12,13,14,17,18,20,22>2,3,12,18,19,20,22,4,6,8,10,13,14,17
1,3,4,5,6,8,9,10,12,13,14,17,18,20,22>1,2,3,9,20,23,4,6,8,10,13,14,17
1,3,4,5,6,8,9,10,12,13,14,17,18,20,22>1,2,3,9,12,16,19,21,23,4,6,8,10,13,14,17
1,3,4,5,6,8,9,10,12,13,14,17,18,20,22>1,2,7,12,16,19,20,22,23,4,6,8,10,13,14,17
1,3,4,5,6,8,9,10,12,13,14,17,18,20,22>3,5,7,12,16,20,21,22,23,4,6,8,10,13,14,17
1,3,4,5,6,8,9,10,12,13,14,17,18,20,22>2,3,7,9,12,16,19,4,6,8,10,13,14,17
1,3,4,5,6,8,9,10,12,13,14,17,18,20,22>1,5,7,9,23,4,6,8,10,13,14,17
1,3,4,5,6,8,9,10,12,13,14,17,18,20,22>3,5,7,12,19,20,21,23,4,6,8,10,13,14,17
1,2,3,4,5,6,7,9,10,11,12,15,20,21,22>3,11,12,15,17,20,2,4,6,7,10,21,22
1,2,3,4,5,6,7,9,10,11,12,15,20,21,22>15,5,8,23,2,4,6,7,10,21,22
1,2,3,4,5,6,7,9,10,11,12,15,20,21,22>9,12,13,15,16,17,2,4,6,7,10,21,22
1,2,3,4,5,6,7,9,10,11,12,15,20,21,22>1,3,9,13,16,17,20,23,2,4,6,7,10,21,22
1,2,3,4,5,6,7,9,10,11,12,15,20,21,22>5,9,12,15,16,17,2,4,6,7,10,21,22
1,2,3,4,5,6,7,9,10,11,12,15,20,21,22>3,5,9,11,15,16,20,23,2,4,6,7,10,21,22
1,2,3,4,5,6,7,9,10,11,12,15,20,21,22>8,9,11,15,16,20,2,4,6,7,10,21,22
1,2,3,4,5,6,7,9,10,11,12,15,20,21,22>5,8,9,13,16,20,2,4,6,7,10,21,22
1,2,4,5,6,8,10,12,15,16,17,18,19,20>1,4,12,13,17,18,21,8,16,2,19
1,2,4,5,6,8,10,12,15,16,17,18,19,20>6,13,15,17,18,20,21,8,16,2,19
1,2,4,5,6,8,10,12,15,16,17,18,19,20>4,5,6,10,17,21,8,16,2,19
1,2,4,5,6,8,10,12,15,16,17,18,19,20>1,4,7,10,12,15,8,16,2,19
1,2,4,5,6,8,10,12,15,16,17,18,19,20>1,5,7,15,8,16,2,19
1,2,4,5,6,8,10,12,15,16,17,18,19,20>1,6,7,10,12,13,15,18,21,8,16,2,19
1,2,4,5,6,8,10,12,15,16,17,18,19,20>1,4,6,7,10,15,17,18,8,16,2,19
1,2,4,5,6,8,10,12,15,16,17,18,19,20>1,4,5,6,7,10,12,13,8,16,2,19
3,5,6,10,11,14,16,18,20>15,21,11,20,6
3,5,6,10,11,14,16,18,20>5,10,11,13,14,20,6
3,5,6,10,11,14,16,18,20>3,5,11,16,19,20,6
3,5,6,10,11,14,16,18,20>3,5,11,14,15,16,18,20,6
3,5,6,10,11,14,16,18,20>13,3,7,18,20,6
3,5,6,10,11,14,16,18,20>3,4,5,7,11,19,21,20,6
3,5,6,10,11,14,16,18,20>5,8,13,16,18,21,20,6
3,5,6,10,11,14,16,18,20>3,4,5,8,11,13,14,16,21,20,6
2,3,6,9,13,14,17,18,20,21,22>15,2,10,13,14,17,18,20,21,22
2,3,6,9,13,14,17,18,20,21,22>3,4,6,7,9,15,23,13,14,17,18,20,21,22
2,3,6,9,13,14,17,18,20,21,22>3,4,6,9,15,19,23,13,14,17,18,20,21,22
2,3,6,9,13,14,17,18,20,21,22>2,3,7,9,19,23,13,14,17,18,20,21,22
2,3,6,9,13,14,17,18,20,21,22>3,4,7,10,15,19,23,13,14,17,18,20,21,22
2,3,6,9,13,14,17,18,20,21,22>2,3,6,7,10,19,13,14,17,18,20,21,22
2,3,6,9,13,14,17,18,20,21,22>2,4,6,7,9,13,14,17,18,20,21,22
2,3,6,9,13,14,17,18,20,21,22>3,4,6,7,10,15,23,13,14,17,18,20,21,22
1,2,6,7,8,9,11,17,20,23>23,1,8,17,2,20,7
1,2,6,7,8,9,11,17,20,23>1,6,8,11,21,17,2,20,7
1,2,6,7,8,9,11,17,20,23>1,9,21,17,2,20,7
1,2,6,7,8,9,11,17,20,23>23,6,10,17,2,20,7
1,2,6,7,8,9,11,17,20,23>1,6,10,11,17,2,20,7
1,2,6,7,8,9,11,17,20,23>1,8,10,21,17,2,20,7
1,2,6,7,8,9,11,17,20,23>9,10,21,17,2,20,7
1,2,6,7,8,9,11,17,20,23>23,1,9,10,17,2,20,7
4,5,8,9,11,13,14,15,16,18,20,22,23>4,5,13,21,22,8,14,16,20,23
4,5,8,9,11,13,14,15,16,18,20,22,23>5,6,13,18,19,8,14,16,20,23
4,5,8,9,11,13,14,15,16,18,20,22,23>4,9,11,13,19,21,8,14,16,20,23
4,5,8,9,11,13,14,15,16,18,20,22,23>10,11,15,18,19,21,8,14,16,20,23
4,5,8,9,11,13,14,15,16,18,20,22,23>4,6,10,11,15,18,19,22,8,14,16,20,23
4,5,8,9,11,13,14,15,16,18,20,22,23>4,5,6,10,11,13,15,22,8,14,16,20,23
4,5,8,9,11,13,14,15,16,18,20,22,23>6,9,10,11,15,18,19,22,8,14,16,20,23
4,5,8,9,11,13,14,15,16,18,20,22,23>4,6,9,10,13,8,14,16,20,23
1,2,3,4,7,10,12,14,15,17,21,23>7,14,17,18,21,22,2,4,12,15
1,2,3,4,7,10,12,14,15,17,21,23>10,11,14,16,17,23,2,4,12,15
1,2,3,4,7,10,12,14,15,17,21,23>1,7,10,11,16,18,21,22,23,2,4,12,15
1,2,3,4,7,10,12,14,15,17,21,23>3,7,8,10,11,14,16,17,18,21,2,4,12,15
1,2,3,4,7,10,12,14,15,17,21,23>8,10,14,16,23,2,4,12,15
1,2,3,4,7,10,12,14,15,17,21,23>3,8,10,14,18,22,2,4,12,15
1,2,3,4,7,10,12,14,15,17,21,23>3,7,8,10,16,17,18,21,23,2,4,12,15
1,2,3,4,7,10,12,14,15,17,21,23>1,3,7,8,10,11,23,2,4,12,15
1,2,3,4,5,6,7,8,9,10,11,12,14,18,19,20>1,14,17,2,4,7,8,19
1,2,3,4,5,6,7,8,9,10,11,12,14,18,19,20>1,3,12,13,16,21,2,4,7,8,19
1,2,3,4,5,6,7,8,9,10,11,12,14,18,19,20>3,5,11,13,18,2,4,7,8,19
1,2,3,4,5,6,7,8,9,10,11,12,14,18,19,20>5,6,11,12,14,16,17,20,21,2,4,7,8,19
1,2,3,4,5,6,7,8,9,10,11,12,14,18,19,20>5,6,11,12,18,2,4,7,8,19
1,2,3,4,5,6,7,8,9,10,11,12,14,18,19,20>5,9,10,12,17,21,2,4,7,8,19
1,2,3,4,5,6,7,8,9,10,11,12,14,18,19,20>3,5,9,11,16,17,20,21,2,4,7,8,19
1,2,3,4,5,6,7,8,9,10,11,12,14,18,19,20>6,9,11,14,16,18,20,2,4,7,8,19
1,2,7,15,17,22>22,1,2
1,2,7,15,17,22>1,7,13,23,2
1,2,7,15,17,22>23,7,15,2
1,2,7,15,17,22>13,15,17,18,23,2
1,2,7,15,17,22>7,13,16,18,2
1,2,7,15,17,22>1,15,16,17,23,2
1,2,7,15,17,22>7,15,16,17,22,2
1,2,7,15,17,22>1,13,15,16,17,18,2
2,4,5,7,10,11,17,19,22,23>2,7,16,18,19,22,11,23
2,4,5,7,10,11,17,19,22,23>4,7,16,19,20,22,11,23
2,4,5,7,10,11,17,19,22,23>2,4,5,7,16,18,20,11,23
2,4,5,7,10,11,17,19,22,23>10,17,18,19,20,22,11,23
2,4,5,7,10,11,17,19,22,23>5,10,16,19,22,11,23
2,4,5,7,10,11,17,19,22,23>2,4,5,10,16,22,11,23
2,4,5,7,10,11,17,19,22,23>18,7,10,16,11,23
2,4,5,7,10,11,17,19,22,23>2,4,5,7,10,17,18,11,23
1,2,4,8,9,11,15,16,18,20,22>4,10,11,15,23,8,16,2,20
1,2,4,8,9,11,15,16,18,20,22>4,10,18,19,21,22,23,8,16,2,20
1,2,4,8,9,11,15,16,18,20,22>9,10,13,15,22,23,8,16,2,20
1,2,4,8,9,11,15,16,18,20,22>21,22,11,13,8,16,2,20
1,2,4,8,9,11,15,16,18,20,22>1,11,18,21,22,8,16,2,20
1,2,4,8,9,11,15,16,18,20,22>22,1,9,11,8,16,2,20
1,2,4,8,9,11,15,16,18,20,22>19,4,9,11,8,16,2,20
1,2,4,8,9,11,15,16,18,20,22>4,10,11,13,15,22,8,16,2,20
2,3,8,9,12,13,14,15,16,19,20,21,23>20,23,13,15,8,16,21,14
2,3,8,9,12,13,14,15,16,19,20,21,23>19,2,22,15,8,16,21,14
2,3,8,9,12,13,14,15,16,19,20,21,23>2,3,22,20,8,16,21,14
2,3,8,9,12,13,14,15,16,19,20,21,23>19,2,3,13,8,16,21,14
2,3,8,9,12,13,14,15,16,19,20,21,23>3,4,15,19,23,8,16,21,14
2,3,8,9,12,13,14,15,16,19,20,21,23>2,9,13,20,8,16,21,14
2,3,8,9,12,13,14,15,16,19,20,21,23>3,12,13,22,23,8,16,21,14
2,3,8,9,12,13,14,15,16,19,20,21,23>3,4,12,13,15,23,8,16,21,14
2,3,4,5,9,11,12,13,14,15,17,18,19,20,22>3,5,11,16,22,23,4,13,14,15,17,18,19
2,3,4,5,9,11,12,13,14,15,17,18,19,20,22>3,8,11,12,16,20,22,23,4,13,14,15,17,18,19
2,3,4,5,9,11,12,13,14,15,17,18,19,20,22>3,9,16,20,21,4,13,14,15,17,18,19
2,3,4,5,9,11,12,13,14,15,17,18,19,20,22>3,5,9,12,16,22,4,13,14,15,17,18,19
2,3,4,5,9,11,12,13,14,15,17,18,19,20,22>3,5,9,20,21,4,13,14,15,17,18,19
2,3,4,5,9,11,12,13,14,15,17,18,19,20,22>8,9,11,16,20,21,4,13,14,15,17,18,19
2,3,4,5,9,11,12,13,14,15,17,18,19,20,22>3,5,9,12,21,22,4,13,14,15,17,18,19
2,3,4,5,9,11,12,13,14,15,17,18,19,20,22>22,8,9,12,4,13,14,15,17,18,19
1,3,5,6,8,12,14,16,17,20,23>7,14,16,17,20,21,8,6
1,3,5,6,8,12,14,16,17,20,23>1,2,17,20,21,8,6
1,3,5,6,8,12,14,16,17,20,23>3,12,14,16,17,20,21,23,8,6
1,3,5,6,8,12,14,16,17,20,23>2,3,7,16,17,20,8,6
1,3,5,6,8,12,14,16,17,20,23>4,7,12,14,16,8,6
1,3,5,6,8,12,14,16,17,20,23>1,2,3,5,12,14,16,20,23,8,6
1,3,5,6,8,12,14,16,17,20,23>1,3,4,5,14,20,21,23,8,6
1,3,5,6,8,12,14,16,17,20,23>2,3,4,5,16,17,20,8,6
1,3,4,5,6,9,10,12,14,17,18,19,20,21,22,23>2,8,9,10,12,14,15,20,4,17,18,19,21,22,23
1,3,4,5,6,9,10,12,14,17,18,19,20,21,22,23>3,8,12,14,20,4,17,18,19,21,22,23
1,3,4,5,6,9,10,12,14,17,18,19,20,21,22,23>1,2,3,8,9,20,4,17,18,19,21,22,23
1,3,4,5,6,9,10,12,14,17,18,19,20,21,22,23>2,5,7,8,10,15,20,4,17,18,19,21,22,23
1,3,4,5,6,9,10,12,14,17,18,19,20,21,22,23>1,3,5,8,9,14,15,16,20,4,17,18,19,21,22,23
1,3,4,5,6,9,10,12,14,17,18,19,20,21,22,23>1,2,3,5,7,9,12,15,20,4,17,18,19,21,22,23
1,3,4,5,6,9,10,12,14,17,18,19,20,21,22,23>1,3,6,7,9,10,12,14,16,4,17,18,19,21,22,23
1,3,4,5,6,9,10,12,14,17,18,19,20,21,22,23>1,2,3,5,6,7,8,15,16,20,4,17,18,19,21,22,23
3,5,6,7,10,11,13,14,15,17,18,19,23>17,20,5,16,7,11,14,15,18,19
3,5,6,7,10,11,13,14,15,17,18,19,23>17,20,6,7,11,14,15,18,19
3,5,6,7,10,11,13,14,15,17,18,19,23>4,6,10,13,16,17,7,11,14,15,18,19
3,5,6,7,10,11,13,14,15,17,18,19,23>20,5,6,16,7,11,14,15,18,19
3,5,6,7,10,11,13,14,15,17,18,19,23>3,5,6,13,16,17,23,7,11,14,15,18,19
3,5,6,7,10,11,13,14,15,17,18,19,23>3,10,16,20,23,7,11,14,15,18,19
3,5,6,7,10,11,13,14,15,17,18,19,23>3,4,10,7,11,14,15,18,19
3,5,6,7,10,11,13,14,15,17,18,19,23>4,6,10,20,23,7,11,14,15,18,19
2,3,4,6,9,10,16,19,21,23>3,10,11,12,19,20,23,16,4
2,3,4,6,9,10,16,19,21,23>12,3,21,23,16,4
2,3,4,6,9,10,16,19,21,23>2,6,10,20,21,23,16,4
2,3,4,6,9,10,16,19,21,23>6,7,12,19,22,23,16,4
2,3,4,6,9,10,16,19,21,23>3,6,7,9,11,12,21,16,4
2,3,4,6,9,10,16,19,21,23>8,9,10,12,19,20,22,23,16,4
2,3,4,6,9,10,16,19,21,23>8,11,20,22,23,16,4
2,3,4,6,9,10,16,19,21,23>2,3,7,8,20,21,22,23,16,4
2,3,4,8,10,13,19,20,21>19,3,8,16,20,21,4,13
2,3,4,8,10,13,19,20,21>2,8,10,17,20,21,4,13
2,3,4,8,10,13,19,20,21>3,8,10,16,17,22,20,21,4,13
2,3,4,8,10,13,19,20,21>2,14,22,17,20,21,4,13
2,3,4,8,10,13,19,20,21>2,3,14,16,22,20,21,4,13
2,3,4,8,10,13,19,20,21>2,8,14,16,20,21,4,13
2,3,4,8,10,13,19,20,21>3,8,14,20,21,4,13
2,3,4,8,10,13,19,20,21>8,10,14,16,17,20,21,4,13
1,2,4,5,7,9,10,11,13,16,17,18,21,22,23>13,19,21,9,2,10,11,16,18,22,23
1,2,4,5,7,9,10,11,13,16,17,18,21,22,23>12,13,5,17,2,10,11,16,18,22,23
1,2,4,5,7,9,10,11,13,16,17,18,21,22,23>1,4,5,8,9,13,17,2,10,11,16,18,22,23
1,2,4,5,7,9,10,11,13,16,17,18,21,22,23>12,6,19,9,2,10,11,16,18,22,23
1,2,4,5,7,9,10,11,13,16,17,18,21,22,23>1,6,9,14,19,21,2,10,11,16,18,22,23
1,2,4,5,7,9,10,11,13,16,17,18,21,22,23>1,6,14,17,19,21,2,10,11,16,18,22,23
1,2,4,5,7,9,10,11,13,16,17,18,21,22,23>1,4,7,13,17,2,10,11,16,18,22,23
1,2,4,5,7,9,10,11,13,16,17,18,21,22,23>4,5,7,9,14,17,19,2,10,11,16,18,22,23
1,3,4,5,7,8,11,14,15,16,17,18,19,23>1,2,11,14,15,17,18,8,16,19,4
1,3,4,5,7,8,11,14,15,16,17,18,19,23>3,12,14,15,17,18,20,8,16,19,4
1,3,4,5,7,8,11,14,15,16,17,18,19,23>2,3,12,14,17,8,16,19,4
1,3,4,5,7,8,11,14,15,16,17,18,19,23>2,7,11,12,17,8,16,19,4
1,3,4,5,7,8,11,14,15,16,17,18,19,23>1,2,3,7,11,12,20,23,8,16,19,4
1,3,4,5,7,8,11,14,15,16,17,18,19,23>1,5,7,11,12,18,20,23,8,16,19,4
1,3,4,5,7,8,11,14,15,16,17,18,19,23>3,5,7,15,18,8,16,19,4
1,3,4,5,7,8,11,14,15,16,17,18,19,23>2,3,5,7,11,14,15,17,8,16,19,4
7,8,10,11,14,15,17,19,22>8,15,17,19,20,11
7,8,10,11,14,15,17,19,22>7,8,10,15,16,19,23,11
7,8,10,11,14,15,17,19,22>7,13,15,16,11
7,8,10,11,14,15,17,19,22>7,8,13,19,20,23,11
7,8,10,11,14,15,17,19,22>8,10,13,16,17,20,23,11
7,8,10,11,14,15,17,19,22>8,14,17,19,20,11
7,8,10,11,14,15,17,19,22>10,14,15,16,19,20,11
7,8,10,11,14,15,17,19,22>7,8,10,14,16,17,20,23,11
1,2,3,4,5,6,7,10,12,13,16,19,21,22,23>1,5,6,10,11,14,19,21,2,4,7,12,16,22,23
1,2,3,4,5,6,7,10,12,13,16,19,21,22,23>1,8,11,14,19,21,2,4,7,12,16,22,23
1,2,3,4,5,6,7,10,12,13,16,19,21,22,23>1,3,8,10,11,14,2,4,7,12,16,22,23
1,2,3,4,5,6,7,10,12,13,16,19,21,22,23>5,8,10,13,19,21,2,4,7,12,16,22,23
1,2,3,4,5,6,7,10,12,13,16,19,21,22,23>1,5,8,11,13,14,19,2,4,7,12,16,22,23
1,2,3,4,5,6,7,10,12,13,16,19,21,22,23>3,5,8,10,13,21,2,4,7,12,16,22,23
1,2,3,4,5,6,7,10,12,13,16,19,21,22,23>1,3,6,8,11,13,21,2,4,7,12,16,22,23
1,2,3,4,5,6,7,10,12,13,16,19,21,22,23>1,5,6,8,19,2,4,7,12,16,22,23
1,3,6,7,10,12,14,15,19,21,22>13,2,21,8,12,15,22,7
1,3,6,7,10,12,14,15,19,21,22>3,11,13,14,16,19,12,15,22,7
1,3,6,7,10,12,14,15,19,21,22>1,4,8,10,11,13,14,12,15,22,7
1,3,6,7,10,12,14,15,19,21,22>1,2,3,4,10,11,14,19,23,12,15,22,7
1,3,6,7,10,12,14,15,19,21,22>6,8,16,19,21,12,15,22,7
1,3,6,7,10,12,14,15,19,21,22>1,2,3,6,8,10,11,16,19,12,15,22,7
1,3,6,7,10,12,14,15,19,21,22>1,4,6,8,10,11,13,23,12,15,22,7
1,3,6,7,10,12,14,15,19,21,22>3,4,6,10,11,14,16,19,21,23,12,15,22,7
2,3,5,6,7,13,14,20,21>2,4,17,22,6,7,13,14,20,21
2,3,5,6,7,13,14,20,21>2,3,5,17,22,6,7,13,14,20,21
2,3,5,6,7,13,14,20,21>3,4,5,17,22,6,7,13,14,20,21
2,3,5,6,7,13,14,20,21>2,3,15,17,22,6,7,13,14,20,21
2,3,5,6,7,13,14,20,21>2,4,15,17,6,7,13,14,20,21
2,3,5,6,7,13,14,20,21>2,3,4,15,22,6,7,13,14,20,21
2,3,5,6,7,13,14,20,21>5,15,17,22,6,7,13,14,20,21
2,3,5,6,7,13,14,20,21>2,3,5,15,22,6,7,13,14,20,21
1,2,4,8,9,12,13,16,17,18,21,22,23>4,14,17,18,21,2,8,12,16,22,23
1,2,4,8,9,12,13,16,17,18,21,22,23>1,4,19,2,8,12,16,22,23
1,2,4,8,9,12,13,16,17,18,21,22,23>18,19,10,2,8,12,16,22,23
1,2,4,8,9,12,13,16,17,18,21,22,23>1,10,17,19,21,2,8,12,16,22,23
1,2,4,8,9,12,13,16,17,18,21,22,23>1,13,19,2,8,12,16,22,23
1,2,4,8,9,12,13,16,17,18,21,22,23>1,4,13,18,21,2,8,12,16,22,23
1,2,4,8,9,12,13,16,17,18,21,22,23>18,19,9,13,2,8,12,16,22,23
1,2,4,8,9,12,13,16,17,18,21,22,23>10,13,14,17,21,2,8,12,16,22,23
1,2,3,5,10,12,13,15,18,19,20,23>3,12,18,20,21,2,19
1,2,3,5,10,12,13,15,18,19,20,23>1,5,16,20,23,2,19
1,2,3,5,10,12,13,15,18,19,20,23>3,5,15,16,17,20,21,23,2,19
1,2,3,5,10,12,13,15,18,19,20,23>1,4,8,13,16,17,18,21,23,2,19
1,2,3,5,10,12,13,15,18,19,20,23>3,4,8,10,15,16,20,2,19
1,2,3,5,10,12,13,15,18,19,20,23>1,3,4,8,12,16,18,2,19
1,2,3,5,10,12,13,15,18,19,20,23>3,4,8,10,13,20,2,19
1,2,3,5,10,12,13,15,18,19,20,23>1,4,5,8,10,12,14,15,18,20,21,2,19
1,2,4,5,6,7,8,9,13,19,20,22>6,9,16,17,21,22,23,2,20,13,7
1,2,4,5,6,7,8,9,13,19,20,22>4,5,6,14,16,17,21,23,2,20,13,7
1,2,4,5,6,7,8,9,13,19,20,22>1,19,8,17,2,20,13,7
1,2,4,5,6,7,8,9,13,19,20,22>1,23,22,8,2,20,13,7
1,2,4,5,6,7,8,9,13,19,20,22>5,8,9,14,17,19,21,22,23,2,20,13,7
1,2,4,5,6,7,8,9,13,19,20,22>4,5,8,9,21,2,20,13,7
1,2,4,5,6,7,8,9,13,19,20,22>6,8,9,14,16,19,21,22,23,2,20,13,7
1,2,4,5,6,7,8,9,13,19,20,22>5,6,8,9,14,16,19,23,2,20,13,7
