CycD,Rb,CycE,CycA,CycB,p27,E2F,Cdc20,Cdh1,Ubch10
1,2,3,4>4,5,10,1
1,2,3,4>2,5,10,1
1,2,3,4>2,4,5,1
1,2,3,4>2,4,10,1
1,2,3,4>2,3,4,1
1,2,3,4>3,4,5,1
1,2,3,4>2,3,10,1
1,2,3,4>2,3,5,1
1,2,3,4>3,4,10,1
1,2,3,4>3,5,10,1
1,4,5,6,7>7,8,10,1,4,5
1,4,5,6,7>3,8,10,1,4,5
1,4,5,6,7>3,7,8,1,4,5
1,4,5,6,7>3,7,10,1,4,5
1,4,5,6,7>3,6,7,1,4,5
1,4,5,6,7>6,7,8,1,4,5
1,4,5,6,7>3,6,10,1,4,5
1,4,5,6,7>3,6,8,1,4,5
1,4,5,6,7>6,7,10,1,4,5
1,4,5,6,7>6,8,10,1,4,5
1,5,6,7>4,6,7,8,10,1,5
1,5,6,7>3,7,8,10,1,5
1,5,6,7>3,4,8,10,1,5
1,5,6,7>3,4,7,8,1,5
1,5,6,7>3,4,7,10,1,5
1,5,6,7>3,4,6,7,1,5
1,5,6,7>3,6,7,8,1,5
1,5,6,7>3,4,6,10,1,5
1,5,6,7>3,4,6,8,1,5
1,5,6,7>3,6,7,10,1,5
1,2,4,6,8,10>6,8,9,1,10
1,2,4,6,8,10>2,8,9,1,10
1,2,4,6,8,10>2,6,8,1,10
1,2,4,6,8,10>2,6,9,1,10
1,2,4,6,8,10>2,4,6,1,10
1,2,4,6,8,10>4,6,8,1,10
1,2,4,6,8,10>2,4,9,1,10
1,2,4,6,8,10>2,4,8,1,10
1,2,4,6,8,10>4,6,9,1,10
1,2,4,6,8,10>4,8,9,1,10
2,4,5,6,7,8,9>5,6,7,8,9
2,4,5,6,7,8,9>2,6,7,8,9
2,4,5,6,7,8,9>2,5,6,8,9
2,4,5,6,7,8,9>2,5,7,8,9
2,4,5,6,7,8,9>2,4,5,8,9
2,4,5,6,7,8,9>4,5,6,8,9
2,4,5,6,7,8,9>2,4,7,8,9
2,4,5,6,7,8,9>2,4,6,8,9
2,4,5,6,7,8,9>4,5,7,8,9
2,4,5,6,7,8,9>4,6,7,8,9
1,3,4,6,8,9>6,7,8,1,9
1,3,4,6,8,9>3,7,8,1,9
1,3,4,6,8,9>3,6,7,1,9
1,3,4,6,8,9>3,6,8,1,9
1,3,4,6,8,9>3,4,6,1,9
1,3,4,6,8,9>4,6,7,1,9
1,3,4,6,8,9>3,4,8,1,9
1,3,4,6,8,9>3,4,7,1,9
1,3,4,6,8,9>4,6,8,1,9
1,3,4,6,8,9>4,7,8,1,9
2,3,4,5,6,7,9>3,4,5,6,7,8,9
2,3,4,5,6,7,9>2,4,5,6,7,8,9
2,3,4,5,6,7,9>2,3,5,6,7,8,9
2,3,4,5,6,7,9>2,3,4,6,7,8,9
2,3,4,5,6,7,9>2,3,4,5,8,9
2,3,4,5,6,7,9>2,3,4,5,6,9
2,3,4,5,6,7,9>2,3,4,5,6,8
2,3,4,5,6,7,9>2,3,4,5,6,7
2,3,4,5,6,7,9>2,3,4,5,7,9
2,3,4,5,6,7,9>2,3,4,5,7,8
2,3,5,7,9>3,5,7,8,9
2,3,5,7,9>2,7,8,9
2,3,5,7,9>2,3,8,9
2,3,5,7,9>2,3,7,8
2,3,5,7,9>2,3,7,9
2,3,5,7,9>2,3,5,7
2,3,5,7,9>2,5,7,8
2,3,5,7,9>2,3,5,9
2,3,5,7,9>2,3,5,8
2,3,5,7,9>2,5,7,9
8,2,4>8,9,10
8,2,4>2,9,10
8,2,4>2,8,9
8,2,4>2,8,10
8,2,4>2,4,8
8,2,4>4,8,9
8,2,4>2,4,10
8,2,4>2,4,9
8,2,4>4,8,10
8,2,4>4,9,10
2,4,5,6,8>4,5,6,9,10,8
2,4,5,6,8>2,6,9,10,8
2,4,5,6,8>2,4,9,10,8
2,4,5,6,8>2,4,6,9,8
2,4,5,6,8>2,4,6,10,8
2,4,5,6,8>2,4,5,6,8
2,4,5,6,8>2,5,6,9,8
2,4,5,6,8>2,4,5,10,8
2,4,5,6,8>2,4,5,9,8
2,4,5,6,8>2,5,6,10,8
