CycD,Rb,CycE,CycA,CycB,p27,E2F,Cdc20,Cdh1,Ubch10
2,3,4,6,7,8,9>4,6,7,8,9,2
2,3,4,6,7,8,9>3,6,7,8,9,2
1,5,9,7>4,5,7,8,9,1
1,5,9,7>3,5,7,8,9,1
1,2,3,4,7,8,9>3,4,7,8,1,9
1,2,3,4,7,8,9>2,4,7,8,1,9
3,4,7>5,7,3,4
3,4,7>10,7,3,4
1,2,4,6,8,10>4,6,8,9,1,10
1,2,4,6,8,10>2,6,8,9,1,10
1,2,3,4,5,9,10>3,4,5,8,9,1,10
1,2,3,4,5,9,10>2,4,5,8,9,1,10
8,10,5>5,8,10
8,10,5>9,8,10
8,1,3,4>4,8,9,10,1
8,1,3,4>3,8,9,10,1
1,2,4,5,7>4,7,8,10,1,5
1,2,4,5,7>2,7,8,10,1,5
1,2,4,6,7,8>4,6,7,8,9,10,1
1,2,4,6,7,8>2,6,7,8,9,10,1
