CycD,Rb,CycE,CycA,CycB,p27,E2F,Cdc20,Cdh1,Ubch10
1,2,3,4,5,7,8,10>3,4,5,7,9,8,1,10
1,2,3,4,5,7,8,10>2,4,5,7,9,8,1,10
2,3,4,7,8,9,10>3,4,7,8,9,10
2,3,4,7,8,9,10>2,4,7,8,9,10
2,3,4,6,9>4,6,9,2
2,3,4,6,9>3,6,9,2
1,2,6,7>5,6,7,9,10,1
1,2,6,7>2,6,7,9,10,1
8,1,2,4>4,8,9,10,1
8,1,2,4>2,8,9,10,1
2,4,6,8,9,10>4,9,2,10,6
2,4,6,8,9,10>8,9,2,10,6
1,4,6>6,7,9,10,1,4
1,4,6>5,7,9,10,1,4
1,2,4,6,7,8,9,10>4,6,7,8,1,10,9
1,2,4,6,7,8,9,10>2,6,7,8,1,10,9
2,5,6,7,8,9,10>5,6,7,8,9,10
2,5,6,7,8,9,10>2,6,7,8,9,10
1,2,7,8,9,10>2,7,1,10,9
1,2,7,8,9,10>8,7,1,10,9
