CycD,Rb,CycE,CycA,CycB,p27,E2F,Cdc20,Cdh1,Ubch10
1,2,3,4,5,6,7,9>3,4,5,6,7,8,9,1
1,2,3,4,5,6,7,9>2,4,5,6,7,8,9,1
1,2,3,4,5,6,7,9>2,3,5,6,7,8,9,1
1,2,3,4,5,6,7,9>2,3,4,6,7,8,9,1
9,5,6,7>4,5,6,7,8,9
9,5,6,7>3,5,6,7,8,9
9,5,6,7>3,4,6,7,8,9
9,5,6,7>3,4,5,7,8,9
1,2,3>3,5,9,10,1
1,2,3>2,5,9,10,1
1,2,3>2,3,9,10,1
1,2,3>2,3,5,10,1
1,2,5,6,8,10>2,5,6,8,1,10
1,2,5,6,8,10>9,5,6,8,1,10
1,2,5,6,8,10>9,2,6,8,1,10
1,2,5,6,8,10>9,2,5,8,1,10
1,5,6,9,10>9,5,6,1,10
1,5,6,9,10>8,5,6,1,10
1,5,6,9,10>8,9,6,1,10
1,5,6,9,10>8,9,5,1,10
1,2,4,7,8>4,7,8,9,10,1
1,2,4,7,8>2,7,8,9,10,1
1,2,4,7,8>2,4,8,9,10,1
1,2,4,7,8>2,4,7,9,10,1
3,4,5,7,8,10>4,5,7,8,10,3
3,4,5,7,8,10>9,5,7,8,10,3
3,4,5,7,8,10>9,4,7,8,10,3
3,4,5,7,8,10>9,4,5,8,10,3
9,5,6>9,5,6
9,5,6>8,5,6
9,5,6>8,9,6
9,5,6>8,9,5
1,3,4,6,7>10,5,6,1,3,4,7
1,3,4,6,7>9,5,6,1,3,4,7
1,3,4,6,7>9,10,6,1,3,4,7
1,3,4,6,7>9,10,5,1,3,4,7
8,1,3,6>6,7,8,9,10,1
8,1,3,6>3,7,8,9,10,1
8,1,3,6>3,6,8,9,10,1
8,1,3,6>3,6,7,9,10,1
