CycD,Rb,CycE,CycA,CycB,p27,E2F,Cdc20,Cdh1,Ubch10
2,10,7>5,6,7,2,10
2,10,7>9,6,7,2,10
2,10,7>9,5,7,2,10
2,10,7>9,5,6,2,10
2,3,4,8,10>3,4,8,9,10
2,3,4,8,10>2,4,8,9,10
2,3,4,8,10>2,3,8,9,10
2,3,4,8,10>2,3,4,9,10
1,2,5,6>2,10,6,1,5
1,2,5,6>8,10,6,1,5
1,2,5,6>8,2,6,1,5
1,2,5,6>8,2,10,1,5
8,1,2,6>6,8,9,10,1
8,1,2,6>2,8,9,10,1
8,1,2,6>2,6,9,10,1
8,1,2,6>2,6,8,10,1
2,3,5,6,7,9,10>3,5,6,7,8,9,10
2,3,5,6,7,9,10>2,5,6,7,8,9,10
2,3,5,6,7,9,10>2,3,6,7,8,9,10
2,3,5,6,7,9,10>2,3,5,7,8,9,10
2,4,5,7,9>4,5,7,8,9
2,4,5,7,9>2,5,7,8,9
2,4,5,7,9>2,4,7,8,9
2,4,5,7,9>2,4,5,8,9
1,3,4,5,6,7,9>6,7,8,9,1,3,4
1,3,4,5,6,7,9>5,7,8,9,1,3,4
1,3,4,5,6,7,9>5,6,8,9,1,3,4
1,3,4,5,6,7,9>5,6,7,9,1,3,4
1,2,4,5,6,7,9>4,5,6,7,8,9,1
1,2,4,5,6,7,9>2,5,6,7,8,9,1
1,2,4,5,6,7,9>2,4,6,7,8,9,1
1,2,4,5,6,7,9>2,4,5,7,8,9,1
2,4,5,7,9,10>4,5,7,8,9,10
2,4,5,7,9,10>2,5,7,8,9,10
2,4,5,7,9,10>2,4,7,8,9,10
2,4,5,7,9,10>2,4,5,8,9,10
1,6,7>4,5,6,9,10,1,7
1,6,7>3,5,6,9,10,1,7
1,6,7>3,4,6,9,10,1,7
1,6,7>3,4,5,9,10,1,7
