CycD,Rb,CycE,CycA,CycB,p27,E2F,Cdc20,Cdh1,Ubch10
2,3,4,5,7,8>3,4,5,7,9,10,8
2,3,4,5,7,8>2,4,5,7,9,10,8
2,3,4,5,7,8>2,3,5,7,9,10,8
2,3,4,5,7,8>2,3,4,7,9,10,8
1,2,3,4,7,9,10>3,4,7,9,1,10
1,2,3,4,7,9,10>2,4,7,9,1,10
1,2,3,4,7,9,10>2,3,7,9,1,10
1,2,3,4,7,9,10>2,3,4,9,1,10
8,2,6,7>9,10,7,2,6
8,2,6,7>8,10,7,2,6
8,2,6,7>8,9,7,2,6
8,2,6,7>8,9,10,2,6
1,3,4,5,6,8,9>4,5,6,8,1,9
1,3,4,5,6,8,9>3,5,6,8,1,9
1,3,4,5,6,8,9>3,4,6,8,1,9
1,3,4,5,6,8,9>3,4,5,8,1,9
8,3,4,5>4,5,9,10,8
8,3,4,5>3,5,9,10,8
8,3,4,5>3,4,9,10,8
8,3,4,5>3,4,5,10,8
1,3,5,6,7,9>5,6,7,8,9,1,3
1,3,5,6,7,9>4,6,7,8,9,1,3
1,3,5,6,7,9>4,5,7,8,9,1,3
1,3,5,6,7,9>4,5,6,8,9,1,3
1,2,3,4,6,8,9>3,4,6,8,1,9
1,2,3,4,6,8,9>2,4,6,8,1,9
1,2,3,4,6,8,9>2,3,6,8,1,9
1,2,3,4,6,8,9>2,3,4,8,1,9
8,10,3>9,3,7,10
8,10,3>8,3,7,10
8,10,3>8,9,7,10
8,10,3>8,9,3,10
3,4,6,7,8,9>2,4,6,9,3,7
3,4,6,7,8,9>8,4,6,9,3,7
3,4,6,7,8,9>8,2,6,9,3,7
3,4,6,7,8,9>8,2,4,9,3,7
1,3,4,6,8,9>4,6,7,8,1,9
1,3,4,6,8,9>3,6,7,8,1,9
1,3,4,6,8,9>3,4,7,8,1,9
1,3,4,6,8,9>3,4,6,8,1,9
