CycD,Rb,CycE,CycA,CycB,p27,E2F,Cdc20,Cdh1,Ubch10
1,5,6,9>5,6,1
1,5,6,9>8,6,1
1,5,6,9>8,5,1
1,5,6,9>8,9,1
1,5,6,9>9,6,1
1,5,6,9>9,5,1
9,2,5,6>5,6,8,9
9,2,5,6>2,8,9
9,2,5,6>2,5,9
9,2,5,6>2,5,8
9,2,5,6>2,5,6
9,2,5,6>2,6,9
1,4,5,6,7,9>5,6,7,8,9,1,4
1,4,5,6,7,9>3,6,7,8,9,1,4
1,4,5,6,7,9>3,5,7,8,9,1,4
1,4,5,6,7,9>3,5,6,8,9,1,4
1,4,5,6,7,9>3,5,6,7,9,1,4
1,4,5,6,7,9>3,5,6,7,8,1,4
8,1,3,6>6,7,8,9,10,1
8,1,3,6>3,7,8,9,10,1
8,1,3,6>3,6,8,9,10,1
8,1,3,6>3,6,7,9,10,1
8,1,3,6>3,6,7,8,10,1
8,1,3,6>3,6,7,8,9,1
4,7,8,9,10>4,7,9,10
4,7,8,9,10>8,7,9,10
4,7,8,9,10>8,4,9,10
4,7,8,9,10>8,3,9,10
4,7,8,9,10>3,7,9,10
4,7,8,9,10>3,4,9,10
8,2,7>7,8,9,10,2
8,2,7>6,9,10,2
8,2,7>6,7,10,2
8,2,7>6,7,9,2
8,2,7>6,7,8,2
8,2,7>6,8,10,2
1,3,4,6,8,9,10>4,6,7,8,1,10,9
1,3,4,6,8,9,10>3,7,8,1,10,9
1,3,4,6,8,9,10>3,4,8,1,10,9
1,3,4,6,8,9,10>3,4,7,1,10,9
1,3,4,6,8,9,10>3,4,6,1,10,9
1,3,4,6,8,9,10>3,6,8,1,10,9
8,1,2,4>4,8,9,10,1
8,1,2,4>2,9,10,1
8,1,2,4>2,4,10,1
8,1,2,4>2,4,9,1
8,1,2,4>2,4,8,1
8,1,2,4>2,8,10,1
8,1,2,3>3,8,9,10,1
8,1,2,3>2,9,10,1
8,1,2,3>2,3,10,1
8,1,2,3>2,3,9,1
8,1,2,3>2,3,8,1
8,1,2,3>2,8,10,1
7>3,4,5,6,9,10,7
7>2,4,5,6,9,10,7
7>2,3,5,6,9,10,7
7>2,3,4,6,9,10,7
7>2,3,4,5,9,10,7
7>2,3,4,5,6,10,7
