CycD,Rb,CycE,CycA,CycB,p27,E2F,Cdc20,Cdh1,Ubch10
1,2,3,4,8,10>3,4,8,9,1,10
1,2,3,4,8,10>2,8,9,1,10
1,2,3,4,8,10>2,3,9,1,10
1,2,3,4,8,10>2,3,8,1,10
1,2,3,4,8,10>2,3,4,1,10
1,2,3,4,8,10>2,4,9,1,10
9,5,6>5,6
9,5,6>8,6
9,5,6>8,5
9,5,6>8,9
9,5,6>9,6
9,5,6>9,5
8,10,3>3,7,10
8,10,3>8,7,10
8,10,3>8,3,10
8,10,3>8,9,10
8,10,3>9,7,10
8,10,3>9,3,10
3,5,6,7,9,10>6,7,8,9,10,3
3,5,6,7,9,10>5,8,9,10,3
3,5,6,7,9,10>5,6,9,10,3
3,5,6,7,9,10>5,6,8,10,3
3,5,6,7,9,10>5,6,7,10,3
3,5,6,7,9,10>5,7,9,10,3
1,2,3,4,6,9>4,6,1,9
1,2,3,4,6,9>2,6,1,9
1,2,3,4,6,9>2,4,1,9
1,2,3,4,6,9>2,3,1,9
1,2,3,4,6,9>3,6,1,9
1,2,3,4,6,9>3,4,1,9
2,3,6,7,8>7,8,9,10,2,6
2,3,6,7,8>3,9,10,2,6
2,3,6,7,8>3,7,10,2,6
2,3,6,7,8>3,7,9,2,6
2,3,6,7,8>3,7,8,2,6
2,3,6,7,8>3,8,10,2,6
8,2,4,5>4,5,9,10,8
8,2,4,5>2,9,10,8
8,2,4,5>2,4,10,8
8,2,4,5>2,4,9,8
8,2,4,5>2,4,5,8
8,2,4,5>2,5,10,8
1,2,3,4,6>3,4,5,6,9,10,1
1,2,3,4,6>2,4,5,6,9,10,1
1,2,3,4,6>2,3,5,6,9,10,1
1,2,3,4,6>2,3,4,6,9,10,1
1,2,3,4,6>2,3,4,5,9,10,1
1,2,3,4,6>2,3,4,5,6,10,1
1,4,5,6,9>5,6,1,4
1,4,5,6,9>8,6,1,4
1,4,5,6,9>8,5,1,4
1,4,5,6,9>8,9,1,4
1,4,5,6,9>9,6,1,4
1,4,5,6,9>9,5,1,4
1,4,7,8,9>4,7,1,9
1,4,7,8,9>8,7,1,9
1,4,7,8,9>8,4,1,9
1,4,7,8,9>8,3,1,9
1,4,7,8,9>3,7,1,9
1,4,7,8,9>3,4,1,9
