CycD,Rb,CycE,CycA,CycB,p27,E2F,Cdc20,Cdh1,Ubch10
1,2,3,7,8,9>3,7,1,9
1,2,3,7,8,9>8,7,1,9
1,2,3,7,8,9>8,3,1,9
1,2,3,7,8,9>8,2,1,9
1,2,3,7,8,9>2,7,1,9
1,2,3,7,8,9>2,3,1,9
1,2,3,4,6,8>3,4,6,8,9,10,1
1,2,3,4,6,8>2,4,6,8,9,10,1
1,2,3,4,6,8>2,3,6,8,9,10,1
1,2,3,4,6,8>2,3,4,8,9,10,1
1,2,3,4,6,8>2,3,4,6,9,10,1
1,2,3,4,6,8>2,3,4,6,8,10,1
8,9,4,6>4,7,9,6
8,9,4,6>8,7,9,6
8,9,4,6>8,4,9,6
8,9,4,6>8,2,9,6
8,9,4,6>2,7,9,6
8,9,4,6>2,4,9,6
1,2,4,5,6,8,10>4,5,6,9,8,1,10
1,2,4,5,6,8,10>2,6,9,8,1,10
1,2,4,5,6,8,10>2,4,9,8,1,10
1,2,4,5,6,8,10>2,4,6,8,1,10
1,2,4,5,6,8,10>2,4,5,8,1,10
1,2,4,5,6,8,10>2,5,9,8,1,10
8,3>7,8,9,10
8,3>3,9,10
8,3>3,7,10
8,3>3,7,9
8,3>3,7,8
8,3>3,8,10
10,2,3,4>4,5,10
10,2,3,4>2,5,10
10,2,3,4>2,4,10
10,2,3,4>2,3,10
10,2,3,4>3,5,10
10,2,3,4>3,4,10
2,3,4,7,8,9,10>3,4,7,8,9,10
2,3,4,7,8,9,10>2,7,8,9,10
2,3,4,7,8,9,10>2,3,8,9,10
2,3,4,7,8,9,10>2,3,7,9,10
2,3,4,7,8,9,10>2,3,4,9,10
2,3,4,7,8,9,10>2,4,8,9,10
2,3,4,5,7,10>3,4,7,8,10,5
2,3,4,5,7,10>2,7,8,10,5
2,3,4,5,7,10>2,3,8,10,5
2,3,4,5,7,10>2,3,7,10,5
2,3,4,5,7,10>2,3,4,10,5
2,3,4,5,7,10>2,4,8,10,5
8,2,5,7>5,7,9,10,8
8,2,5,7>2,9,10,8
8,2,5,7>2,5,10,8
8,2,5,7>2,5,9,8
8,2,5,7>2,5,7,8
8,2,5,7>2,7,10,8
1,3,6,9,10>6,7,1,9
1,3,6,9,10>10,7,1,9
1,3,6,9,10>10,6,1,9
1,3,6,9,10>10,3,1,9
1,3,6,9,10>3,7,1,9
1,3,6,9,10>3,6,1,9
