CycD,Rb,CycE,CycA,CycB,p27,E2F,Cdc20,Cdh1,Ubch10
2,4,5,6>6,8,10,5
2,4,5,6>2,8,10,5
2,4,5,6>2,6,5
2,4,5,6>2,4,10,5
2,4,5,6>2,4,8,5
2,4,5,6>4,6,10,5
2,4,5,6>4,6,8,5
2,4,5,6>4,8,10,5
1,2,3,6,7,9,10>6,7,10,1,9
1,2,3,6,7,9,10>2,7,10,1,9
1,2,3,6,7,9,10>2,6,1,9
1,2,3,6,7,9,10>2,3,10,1,9
1,2,3,6,7,9,10>2,3,7,1,9
1,2,3,6,7,9,10>3,6,10,1,9
1,2,3,6,7,9,10>3,6,7,1,9
1,2,3,6,7,9,10>3,7,10,1,9
2,3,5,6,7,10>6,7,8,10,5
2,3,5,6,7,10>2,7,8,10,5
2,3,5,6,7,10>2,6,10,5
2,3,5,6,7,10>2,3,8,10,5
2,3,5,6,7,10>2,3,7,10,5
2,3,5,6,7,10>3,6,8,10,5
2,3,5,6,7,10>3,6,7,10,5
2,3,5,6,7,10>3,7,8,10,5
2,7>7,9,10,2
2,7>5,9,10,2
2,7>5,7,2
2,7>5,6,10,2
2,7>5,6,9,2
2,7>6,7,10,2
2,7>6,7,9,2
2,7>6,9,10,2
1,2,3,6,8>3,6,8,9,10,1
1,2,3,6,8>2,6,8,9,10,1
1,2,3,6,8>2,3,9,10,1
1,2,3,6,8>2,3,6,10,1
1,2,3,6,8>2,3,6,9,1
1,2,3,6,8>2,3,6,8,1
1,2,3,6,8>2,3,8,10,1
1,2,3,6,8>2,3,8,9,1
2,4,5,6,7,8,9,10>5,6,7,8,9,10
2,4,5,6,7,8,9,10>2,6,7,8,9,10
2,4,5,6,7,8,9,10>2,5,8,9,10
2,4,5,6,7,8,9,10>2,4,7,8,9,10
2,4,5,6,7,8,9,10>2,4,6,8,9,10
2,4,5,6,7,8,9,10>4,5,7,8,9,10
2,4,5,6,7,8,9,10>4,5,6,8,9,10
2,4,5,6,7,8,9,10>4,6,7,8,9,10
1,2,3,4,5,6,8,9>4,5,6,8,1,9
1,2,3,4,5,6,8,9>2,5,6,8,1,9
1,2,3,4,5,6,8,9>2,4,8,1,9
1,2,3,4,5,6,8,9>2,3,6,8,1,9
1,2,3,4,5,6,8,9>2,3,5,8,1,9
1,2,3,4,5,6,8,9>3,4,6,8,1,9
1,2,3,4,5,6,8,9>3,4,5,8,1,9
1,2,3,4,5,6,8,9>3,5,6,8,1,9
2,3,4,6>4,5,6,9,10,2
2,3,4,6>3,5,6,9,10,2
2,3,4,6>3,4,9,10,2
2,3,4,6>3,4,5,10,2
2,3,4,6>3,4,5,9,2
2,3,4,6>3,4,5,6,2
2,3,4,6>3,4,6,10,2
2,3,4,6>3,4,6,9,2
3,4,5,6,7,8>5,6,7,9,10,8,3
3,4,5,6,7,8>4,6,7,9,10,8,3
3,4,5,6,7,8>4,5,9,10,8,3
3,4,5,6,7,8>4,5,6,10,8,3
3,4,5,6,7,8>4,5,6,9,8,3
3,4,5,6,7,8>4,5,6,7,8,3
3,4,5,6,7,8>4,5,7,10,8,3
3,4,5,6,7,8>4,5,7,9,8,3
3,5,6,7,9>5,6,7,8,9,3
3,5,6,7,9>4,6,7,8,9,3
3,5,6,7,9>4,5,8,9,3
3,5,6,7,9>4,5,6,9,3
3,5,6,7,9>4,5,6,8,3
3,5,6,7,9>4,5,6,7,3
3,5,6,7,9>4,5,7,9,3
3,5,6,7,9>4,5,7,8,3
