CycD,Rb,CycE,CycA,CycB,p27,E2F,Cdc20,Cdh1,Ubch10
1,3>7,9,10,1
1,3>3,9,10,1
1,3>3,7,1
1,3>3,5,10,1
1,3>3,5,9,1
1,3>5,7,10,1
1,3>5,7,9,1
1,3>5,9,10,1
1,2,3>5,9,10,1
1,2,3>2,9,10,1
1,2,3>2,5,1
1,2,3>2,3,10,1
1,2,3>2,3,9,1
1,2,3>3,5,10,1
1,2,3>3,5,9,1
1,2,3>3,9,10,1
2,3,4,5,7,8>3,4,5,7,9,10,8
2,3,4,5,7,8>2,4,5,7,9,10,8
2,3,4,5,7,8>2,3,5,7,9,10,8
2,3,4,5,7,8>2,3,4,9,10,8
2,3,4,5,7,8>2,3,4,5,10,8
2,3,4,5,7,8>2,3,4,5,9,8
2,3,4,5,7,8>2,3,4,5,7,8
2,3,4,5,7,8>2,3,4,7,10,8
1,3,5,6,7,9,10>7,8,9,1,10,3
1,3,5,6,7,9,10>5,8,9,1,10,3
1,3,5,6,7,9,10>5,7,1,10,3
1,3,5,6,7,9,10>5,6,9,1,10,3
1,3,5,6,7,9,10>5,6,8,1,10,3
1,3,5,6,7,9,10>6,7,9,1,10,3
1,3,5,6,7,9,10>6,7,8,1,10,3
1,3,5,6,7,9,10>6,8,9,1,10,3
1,2,5,6,7,8,10>6,7,9,8,1,10
1,2,5,6,7,8,10>2,7,9,8,1,10
1,2,5,6,7,8,10>2,6,8,1,10
1,2,5,6,7,8,10>2,5,9,8,1,10
1,2,5,6,7,8,10>2,5,7,8,1,10
1,2,5,6,7,8,10>5,6,9,8,1,10
1,2,5,6,7,8,10>5,6,7,8,1,10
1,2,5,6,7,8,10>5,7,9,8,1,10
2,3,4,7,9>4,7,9
2,3,4,7,9>2,7,9
2,3,4,7,9>2,4
2,3,4,7,9>2,3,9
2,3,4,7,9>2,3,7
2,3,4,7,9>3,4,9
2,3,4,7,9>3,4,7
2,3,4,7,9>3,7,9
1,2,4,5,7,9>4,5,7,8,9,1
1,2,4,5,7,9>2,5,7,8,9,1
1,2,4,5,7,9>2,4,8,9,1
1,2,4,5,7,9>2,4,5,9,1
1,2,4,5,7,9>2,4,5,8,1
1,2,4,5,7,9>2,4,5,7,1
1,2,4,5,7,9>2,4,7,9,1
1,2,4,5,7,9>2,4,7,8,1
10,5,6,7>6,7,8,10,5
10,5,6,7>3,7,8,10,5
10,5,6,7>3,6,10,5
10,5,6,7>3,4,8,10,5
10,5,6,7>3,4,7,10,5
10,5,6,7>4,6,8,10,5
10,5,6,7>4,6,7,10,5
10,5,6,7>4,7,8,10,5
2,3,5,6,7,8>3,5,6,7,9,10,8
2,3,5,6,7,8>2,5,6,7,9,10,8
2,3,5,6,7,8>2,3,6,7,9,10,8
2,3,5,6,7,8>2,3,5,9,10,8
2,3,5,6,7,8>2,3,5,6,10,8
2,3,5,6,7,8>2,3,5,6,9,8
2,3,5,6,7,8>2,3,5,6,7,8
2,3,5,6,7,8>2,3,5,7,10,8
1,2,6,7,8>6,7,8,9,10,1
1,2,6,7,8>2,7,8,9,10,1
1,2,6,7,8>2,6,9,10,1
1,2,6,7,8>2,6,7,10,1
1,2,6,7,8>2,6,7,9,1
1,2,6,7,8>2,6,7,8,1
1,2,6,7,8>2,6,8,10,1
1,2,6,7,8>2,6,8,9,1
