CycD,Rb,CycE,CycA,CycB,p27,E2F,Cdc20,Cdh1,Ubch10
2,3,4,7,8,10>3,4,7,8,9,10
2,3,4,7,8,10>2,4,7,8,9,10
1,2,4,5,6,8,9,10>4,5,6,8,1,10,9
1,2,4,5,6,8,9,10>2,5,6,8,1,10,9
8,9,3>3,7,9
8,9,3>8,7,9
3,5,6>10,3,6,5
3,5,6>8,3,6,5
1,3,4,6,7,8>6,8,9,10,1,3,7
1,3,4,6,7,8>4,8,9,10,1,3,7
2,3,6,7,8,9,10>3,7,9,2,10,6
2,3,6,7,8,9,10>8,7,9,2,10,6
2,4,5,6,7,9>4,5,6,7,8,9
2,4,5,6,7,9>2,5,6,7,8,9
3,4,6>3,5,6,7,9,10,4
3,4,6>2,5,6,7,9,10,4
1,2,4,7,9,10>2,4,7,1,10
1,2,4,7,9,10>9,4,7,1,10
2,4,5,6,7,8,10>4,5,6,7,9,8,10
2,4,5,6,7,8,10>2,5,6,7,9,8,10
2,3,4,7,9>3,4,7,9
2,3,4,7,9>2,4,7,9
2,4,7,9,10>2,4,7,10
2,4,7,9,10>9,4,7,10
1,2,7>5,7,9,10,1
1,2,7>2,7,9,10,1
1,4,6,7>5,6,9,10,1,4,7
1,4,6,7>3,6,9,10,1,4,7
1,2,3,4,7,8,10>3,4,7,8,9,1,10
1,2,3,4,7,8,10>2,4,7,8,9,1,10
1,2,5,6,7>6,7,8,10,1,5
1,2,5,6,7>2,7,8,10,1,5
1>10,5,7,1
1>9,5,7,1
8,10,4>9,4,10
8,10,4>8,4,10
8,4,5,7>4,5,7,9,10,8
8,4,5,7>3,5,7,9,10,8
1,3,5,6,10>3,6,1,10,5
1,3,5,6,10>8,6,1,10,5
