CycD,Rb,CycE,CycA,CycB,p27,E2F,Cdc20,Cdh1,Ubch10
2,5,6,7,8,9,10>5,6,7,8,9,10
2,5,6,7,8,9,10>2,6,7,8,9,10
3,4,6,7,8,10>4,6,8,9,10,3,7
3,4,6,7,8,10>2,6,8,9,10,3,7
3,4,5,7,8,9>5,7,8,9,3
3,4,5,7,8,9>4,7,8,9,3
5,6,7,9,10>5,6,7,8,9,10
5,6,7,9,10>3,6,7,8,9,10
2,4,5,6,7>4,6,7,8,10,5
2,4,5,6,7>2,6,7,8,10,5
10,7>3,4,5,6,9,10,7
10,7>2,4,5,6,9,10,7
1,2,4,6,7,9>4,6,7,1,9
1,2,4,6,7,9>2,6,7,1,9
1,2,5>2,10,1,5
1,2,5>8,10,1,5
8,9,2,10>6,9,2,10
8,9,2,10>8,9,2,10
3,4,5,6,7,8,9,10>5,6,7,8,9,10,3
3,4,5,6,7,8,9,10>4,6,7,8,9,10,3
6,7>3,4,5,9,10,6,7
6,7>2,4,5,9,10,6,7
3,5,6,8,10>3,5,6,8,10
3,5,6,8,10>9,5,6,8,10
1,2,3,5,6,9,10>3,5,6,8,9,1,10
1,2,3,5,6,9,10>2,5,6,8,9,1,10
1,5,6,8,9,10>6,8,1,10,9
1,5,6,8,9,10>5,8,1,10,9
1,10>5,7,1,10
1,10>9,7,1,10
8,2,3,7>3,7,8,9,10
8,2,3,7>2,7,8,9,10
1,3,4,5,6,8,9>4,5,6,8,1,9
1,3,4,5,6,8,9>3,5,6,8,1,9
8,5,7>5,7,9,10,8
8,5,7>3,7,9,10,8
1,2,3,5,6,7,8,9,10>3,5,6,7,8,1,10,9
1,2,3,5,6,7,8,9,10>2,5,6,7,8,1,10,9
1,2,10,5>2,1,10,5
1,2,10,5>8,1,10,5
