CycD,Rb,CycE,CycA,CycB,p27,E2F,Cdc20,Cdh1,Ubch10
4,5,7,8,9>4,5,7,8,9
4,5,7,8,9>3,5,7,8,9
4,5,7,8,9>3,4,7,8,9
4,5,7,8,9>3,4,5,8,9
8,10,4,7>4,7,8,9,10
8,10,4,7>3,7,8,9,10
8,10,4,7>3,4,8,9,10
8,10,4,7>3,4,7,9,10
1,2,7,8,10>9,2,7,1,10
1,2,7,8,10>8,2,7,1,10
1,2,7,8,10>8,9,7,1,10
1,2,7,8,10>8,9,2,1,10
1,2,3,4,6>3,4,5,6,9,10,1
1,2,3,4,6>2,4,5,6,9,10,1
1,2,3,4,6>2,3,5,6,9,10,1
1,2,3,4,6>2,3,4,6,9,10,1
1,2,4,5,6,7,9,10>4,5,6,7,8,9,1,10
1,2,4,5,6,7,9,10>2,5,6,7,8,9,1,10
1,2,4,5,6,7,9,10>2,4,6,7,8,9,1,10
1,2,4,5,6,7,9,10>2,4,5,7,8,9,1,10
1,2,3,5,6,8,10>3,5,6,9,8,1,10
1,2,3,5,6,8,10>2,5,6,9,8,1,10
1,2,3,5,6,8,10>2,3,6,9,8,1,10
1,2,3,5,6,8,10>2,3,5,9,8,1,10
1,3,6,8,9>3,6,7,1,9
1,3,6,8,9>8,6,7,1,9
1,3,6,8,9>8,3,7,1,9
1,3,6,8,9>8,3,6,1,9
3,5,6,7,9,10>6,7,8,9,10,3
3,5,6,7,9,10>5,7,8,9,10,3
3,5,6,7,9,10>5,6,8,9,10,3
3,5,6,7,9,10>5,6,7,9,10,3
1,2,3,5,6,9,10>3,5,6,8,9,1,10
1,2,3,5,6,9,10>2,5,6,8,9,1,10
1,2,3,5,6,9,10>2,3,6,8,9,1,10
1,2,3,5,6,9,10>2,3,5,8,9,1,10
1,2,3,4,5,6,7,8>3,4,5,6,7,9,10,8,1
1,2,3,4,5,6,7,8>2,4,5,6,7,9,10,8,1
1,2,3,4,5,6,7,8>2,3,5,6,7,9,10,8,1
1,2,3,4,5,6,7,8>2,3,4,6,7,9,10,8,1
8,1,4>9,10,4,1
8,1,4>8,10,4,1
8,1,4>8,9,4,1
8,1,4>8,9,10,1
3,5,6,7,10>4,6,7,10,3,5
3,5,6,7,10>8,6,7,10,3,5
3,5,6,7,10>8,4,7,10,3,5
3,5,6,7,10>8,4,6,10,3,5
1,3,5,7,8>10,5,7,8,1,3
1,3,5,7,8>9,5,7,8,1,3
1,3,5,7,8>9,10,7,8,1,3
1,3,5,7,8>9,10,5,8,1,3
1,3,6>5,6,7,9,10,1
1,3,6>3,6,7,9,10,1
1,3,6>3,5,7,9,10,1
1,3,6>3,5,6,9,10,1
9,2,4,5>4,5,8,9
9,2,4,5>2,5,8,9
9,2,4,5>2,4,8,9
9,2,4,5>2,4,5,9
1,2,4,5,7,9>4,5,7,8,9,1
1,2,4,5,7,9>2,5,7,8,9,1
1,2,4,5,7,9>2,4,7,8,9,1
1,2,4,5,7,9>2,4,5,8,9,1
2,4,5,7>4,7,8,10,5
2,4,5,7>2,7,8,10,5
2,4,5,7>2,4,8,10,5
2,4,5,7>2,4,7,10,5
2,7>6,7,9,10,2
2,7>5,7,9,10,2
2,7>5,6,9,10,2
2,7>5,6,7,10,2
8,3,6,7>9,2,10,3,6,7
8,3,6,7>8,2,10,3,6,7
8,3,6,7>8,9,10,3,6,7
8,3,6,7>8,9,2,3,6,7
1,2,3,6,7,10>3,5,6,7,9,1,10
1,2,3,6,7,10>2,5,6,7,9,1,10
1,2,3,6,7,10>2,3,6,7,9,1,10
1,2,3,6,7,10>2,3,5,7,9,1,10
