CycD,Rb,CycE,CycA,CycB,p27,E2F,Cdc20,Cdh1,Ubch10
2,3>3,5,9,10
2,3>2,9,10
2,3>2,3,10
2,3>2,3,9
2,3>2,3,5
2,3>2,5,10
1,4,5,7>3,7,1,4,5
1,4,5,7>8,7,1,4,5
1,4,5,7>8,3,1,4,5
1,4,5,7>8,10,1,4,5
1,4,5,7>10,7,1,4,5
1,4,5,7>10,3,1,4,5
2,5,6,7,9>5,6,7,8,9
2,5,6,7,9>2,6,7,8,9
2,5,6,7,9>2,5,7,8,9
2,5,6,7,9>2,5,6,8,9
2,5,6,7,9>2,5,6,7,9
2,5,6,7,9>2,5,6,7,8
2,3,4,5,6,7,8>3,4,5,6,7,9,10,8
2,3,4,5,6,7,8>2,4,5,6,7,9,10,8
2,3,4,5,6,7,8>2,3,5,6,7,9,10,8
2,3,4,5,6,7,8>2,3,4,6,7,9,10,8
2,3,4,5,6,7,8>2,3,4,5,7,9,10,8
2,3,4,5,6,7,8>2,3,4,5,6,9,10,8
1,2,3,4,5,7,9,10>3,4,5,7,8,9,1,10
1,2,3,4,5,7,9,10>2,4,5,7,8,9,1,10
1,2,3,4,5,7,9,10>2,3,5,7,8,9,1,10
1,2,3,4,5,7,9,10>2,3,4,7,8,9,1,10
1,2,3,4,5,7,9,10>2,3,4,5,8,9,1,10
1,2,3,4,5,7,9,10>2,3,4,5,7,9,1,10
1,2,3,4,5,7,9>3,4,5,7,8,9,1
1,2,3,4,5,7,9>2,4,5,7,8,9,1
1,2,3,4,5,7,9>2,3,5,7,8,9,1
1,2,3,4,5,7,9>2,3,4,7,8,9,1
1,2,3,4,5,7,9>2,3,4,5,8,9,1
1,2,3,4,5,7,9>2,3,4,5,7,9,1
1,2,3,4,7,8>3,4,7,8,9,10,1
1,2,3,4,7,8>2,4,7,8,9,10,1
1,2,3,4,7,8>2,3,7,8,9,10,1
1,2,3,4,7,8>2,3,4,8,9,10,1
1,2,3,4,7,8>2,3,4,7,9,10,1
1,2,3,4,7,8>2,3,4,7,8,10,1
1,3,5,6,7,9,10>6,7,8,9,1,10,3
1,3,5,6,7,9,10>5,8,9,1,10,3
1,3,5,6,7,9,10>5,6,9,1,10,3
1,3,5,6,7,9,10>5,6,8,1,10,3
1,3,5,6,7,9,10>5,6,7,1,10,3
1,3,5,6,7,9,10>5,7,9,1,10,3
1,2,3,6,7,10>3,5,6,7,9,1,10
1,2,3,6,7,10>2,5,6,7,9,1,10
1,2,3,6,7,10>2,3,6,7,9,1,10
1,2,3,6,7,10>2,3,5,7,9,1,10
1,2,3,6,7,10>2,3,5,6,9,1,10
1,2,3,6,7,10>2,3,5,6,7,1,10
1,4,5,6,7,8,9>4,5,6,7,8,1,9
1,4,5,6,7,8,9>3,6,7,8,1,9
1,4,5,6,7,8,9>3,4,7,8,1,9
1,4,5,6,7,8,9>3,4,6,8,1,9
1,4,5,6,7,8,9>3,4,5,8,1,9
1,4,5,6,7,8,9>3,5,7,8,1,9
8,4,5>4,5,8
8,4,5>9,5,8
8,4,5>9,4,8
8,4,5>9,10,8
8,4,5>10,5,8
8,4,5>10,4,8
8,10,6>2,7,10,6
8,10,6>8,7,10,6
8,10,6>8,2,10,6
8,10,6>8,9,10,6
8,10,6>9,7,10,6
8,10,6>9,2,10,6
1,2,4>4,5,1
1,2,4>2,5,1
1,2,4>2,4,1
1,2,4>2,10,1
1,2,4>10,5,1
1,2,4>10,4,1
1,2,3,6,7>3,5,6,7,9,10,1
1,2,3,6,7>2,5,6,7,9,10,1
1,2,3,6,7>2,3,6,7,9,10,1
1,2,3,6,7>2,3,5,7,9,10,1
1,2,3,6,7>2,3,5,6,9,10,1
1,2,3,6,7>2,3,5,6,7,10,1
2,3,5,7,8>3,5,7,9,10,8
2,3,5,7,8>2,5,7,9,10,8
2,3,5,7,8>2,3,7,9,10,8
2,3,5,7,8>2,3,5,9,10,8
2,3,5,7,8>2,3,5,7,10,8
2,3,5,7,8>2,3,5,7,9,8
10,5,6,7>4,6,7,8,10,5
10,5,6,7>3,7,8,10,5
10,5,6,7>3,4,8,10,5
10,5,6,7>3,4,7,10,5
10,5,6,7>3,4,6,10,5
10,5,6,7>3,6,8,10,5
3,5,6,7,10>6,7,10,3,5
3,5,6,7,10>8,7,10,3,5
3,5,6,7,10>8,6,10,3,5
3,5,6,7,10>8,4,10,3,5
3,5,6,7,10>4,7,10,3,5
3,5,6,7,10>4,6,10,3,5
2,5,6>10,6,5
2,5,6>8,6,5
2,5,6>8,10,5
2,5,6>8,2,5
2,5,6>2,6,5
2,5,6>2,10,5
9,2,5,7>5,7,8,9
9,2,5,7>2,8,9
9,2,5,7>2,5,9
9,2,5,7>2,5,8
9,2,5,7>2,5,7
9,2,5,7>2,7,9
1,2,4,6,7,9>6,7,1,9
1,2,4,6,7,9>2,7,1,9
1,2,4,6,7,9>2,6,1,9
1,2,4,6,7,9>2,4,1,9
1,2,4,6,7,9>4,7,1,9
1,2,4,6,7,9>4,6,1,9
