CycD,Rb,CycE,CycA,CycB,p27,E2F,Cdc20,Cdh1,Ubch10
2,4,7,8,10>4,7,8,9,10
2,4,7,8,10>2,7,8,9,10
2,3,8,9,10>2,3,9,10
2,3,8,9,10>8,3,9,10
2,3,4,5,9>3,4,5,8,9
2,3,4,5,9>2,4,5,8,9
1,2,3,4,5,7>3,4,7,8,10,1,5
1,2,3,4,5,7>2,4,7,8,10,1,5
2,3,6,7,8,9>3,7,9,2,6
2,3,6,7,8,9>8,7,9,2,6
1,2,4,5,7,8>4,5,7,9,10,8,1
1,2,4,5,7,8>2,5,7,9,10,8,1
1,2,3,4,6,7,10>3,4,5,6,7,9,1,10
1,2,3,4,6,7,10>2,4,5,6,7,9,1,10
1,2,3,5,6,9,10>3,5,6,8,9,1,10
1,2,3,5,6,9,10>2,5,6,8,9,1,10
8,1,10,7>9,3,1,10,7
8,1,10,7>8,3,1,10,7
2,3,5,6,7,10>3,6,7,8,10,5
2,3,5,6,7,10>2,6,7,8,10,5
1,2,5,7,9>5,7,8,9,1
1,2,5,7,9>2,7,8,9,1
9,10,3,5>9,3,5,10
9,10,3,5>8,3,5,10
2,5,6,8,9>5,6,8,9
2,5,6,8,9>2,6,8,9
9,2,4>2,4
9,2,4>9,4
1,4,5,6,7,10>3,6,7,1,10,4,5
1,4,5,6,7,10>8,6,7,1,10,4,5
1,2,4,5,10>2,4,1,10,5
1,2,4,5,10>8,4,1,10,5
1,3,4,5,6,7,8,9,10>5,6,7,1,3,8,9,10
1,3,4,5,6,7,8,9,10>4,6,7,1,3,8,9,10
1,2,3,4>3,4,5,10,1
1,2,3,4>2,4,5,10,1
1,2,3,5,6,7>3,6,7,8,10,1,5
1,2,3,5,6,7>2,6,7,8,10,1,5
2,5,6,7,9,10>5,6,7,8,9,10
2,5,6,7,9,10>2,6,7,8,9,10
1,2,3,4,6,7,9,10>3,4,6,7,1,10,9
1,2,3,4,6,7,9,10>2,4,6,7,1,10,9
8,4,6>4,7,8,9,10,6
8,4,6>2,7,8,9,10,6
1,2,5,8,9>5,8,1,9
1,2,5,8,9>2,8,1,9
1,2,4,5,6,10>2,4,6,1,10,5
1,2,4,5,6,10>8,4,6,1,10,5
1,2,3,5,6,7,9,10>3,5,6,7,8,9,1,10
1,2,3,5,6,7,9,10>2,5,6,7,8,9,1,10
1,3,4,7>5,7,1,3,4
1,3,4,7>10,7,1,3,4
1,3,6,8,9>3,6,7,1,9
1,3,6,8,9>8,6,7,1,9
4,5,6,8,10>4,5,6,8,10
4,5,6,8,10>9,5,6,8,10
1,5,6,7,9,10>5,6,7,8,9,1,10
1,5,6,7,9,10>3,6,7,8,9,1,10
2,4,5,7>4,7,8,10,5
2,4,5,7>2,7,8,10,5
4,5,6,7>6,7,8,10,4,5
4,5,6,7>3,7,8,10,4,5
1,2,4,5,7,8,9>4,5,7,8,1,9
1,2,4,5,7,8,9>2,5,7,8,1,9
2,3,5,8,10>2,3,5,8,10
2,3,5,8,10>9,3,5,8,10
1,3,4,5,7,8,9>5,7,8,1,3,9
1,3,4,5,7,8,9>4,7,8,1,3,9
1,2,4,5,6,7,8>4,5,6,7,9,10,8,1
1,2,4,5,6,7,8>2,5,6,7,9,10,8,1
1,2,5,9>9,2,5,1
1,2,5,9>8,2,5,1
3,4,5,6,7,8,9>5,6,7,8,9,3
3,4,5,6,7,8,9>4,6,7,8,9,3
1,2,3,4,7>3,4,5,7,10,1
1,2,3,4,7>2,4,5,7,10,1
10,6>2,5,7,10,6
10,6>9,5,7,10,6
2,3,5,6,9,10>3,5,6,8,9,10
2,3,5,6,9,10>2,5,6,8,9,10
