CycD,Rb,CycE,CycA,CycB,p27,E2F,Cdc20,Cdh1,Ubch10
3,4,5,6,7,8,10>5,6,7,9,8,10,3
3,4,5,6,7,8,10>4,6,7,9,8,10,3
1,2,5,9>9,2,5,1
1,2,5,9>8,2,5,1
1,5,9>9,5,1
1,5,9>8,5,1
1,3,4,5,6,7,8,9,10>5,6,7,1,3,8,9,10
1,3,4,5,6,7,8,9,10>4,6,7,1,3,8,9,10
2,3,6,8,9>3,9,2,6
2,3,6,8,9>8,9,2,6
8,1,6,7>6,8,9,10,1,7
8,1,6,7>3,8,9,10,1,7
8,1,10,5>5,8,1,10
8,1,10,5>9,8,1,10
1,4,5,7>10,3,7,1,4,5
1,4,5,7>8,3,7,1,4,5
1,2,6,8,9>2,6,1,9
1,2,6,8,9>8,6,1,9
1,2,3,4,5,7,8,9,10>3,4,5,7,8,1,10,9
1,2,3,4,5,7,8,9,10>2,4,5,7,8,1,10,9
1,3,4,5,7,8,9>5,7,8,1,3,9
1,3,4,5,7,8,9>4,7,8,1,3,9
1,4,5,6,7>6,7,8,10,1,4,5
1,4,5,6,7>3,7,8,10,1,4,5
8,2,3,6>9,10,3,2,6
8,2,3,6>8,10,3,2,6
1,2,3,5,6,7>3,6,7,8,10,1,5
1,2,3,5,6,7>2,6,7,8,10,1,5
1,2,3,6,8,10>3,6,8,9,1,10
1,2,3,6,8,10>2,6,8,9,1,10
1,10,5,7>3,4,7,1,10,5
1,10,5,7>8,4,7,1,10,5
1,3,4,7,8,9,10>4,7,1,10,3,9
1,3,4,7,8,9,10>8,7,1,10,3,9
8,6>7,8,9,10,6
8,6>2,8,9,10,6
5>10,5
5>8,5
1,2,4,8,9>2,4,1,9
1,2,4,8,9>8,4,1,9
9,4,6,7>3,9,4,6,7
9,4,6,7>2,9,4,6,7
1,4,5,6,7,8,9>4,5,6,7,8,1,9
1,4,5,6,7,8,9>3,5,6,7,8,1,9
2,4,8,9,10>2,4,9,10
2,4,8,9,10>8,4,9,10
1,2,4,7,10>4,5,7,1,10
1,2,4,7,10>2,5,7,1,10
2,4,7>4,5,7,10
2,4,7>2,5,7,10
2,3,4,6,7,8,9>4,6,7,8,9,2
2,3,4,6,7,8,9>3,6,7,8,9,2
1,2,3,9,10>2,3,1,9
1,2,3,9,10>10,3,1,9
1,4,5,8,9,10>5,8,1,10,9
1,4,5,8,9,10>4,8,1,10,9
1,2,3,6,7,8>3,6,7,8,9,10,1
1,2,3,6,7,8>2,6,7,8,9,10,1
8,9,10,6>2,7,9,10,6
8,9,10,6>8,7,9,10,6
1,2,4,7,8,9>2,4,7,1,9
1,2,4,7,8,9>8,4,7,1,9
1,3,5,6,7,8,10>5,6,7,8,1,10,3
1,3,5,6,7,8,10>9,6,7,8,1,10,3
8,4,7>4,7,8,9,10
8,4,7>3,7,8,9,10
9,2,3,4>2,3,4
9,2,3,4>9,3,4
2,5,6,7,8,10>5,6,7,9,8,10
2,5,6,7,8,10>2,6,7,9,8,10
1,3,4,8,9,10>3,4,1,10,9
1,3,4,8,9,10>8,4,1,10,9
9,10,3,4>3,4,10
9,10,3,4>9,4,10
1,2,3,4,6,7,9>3,4,6,7,1,9
1,2,3,4,6,7,9>2,4,6,7,1,9
1,2,3,5,7,8,9,10>3,5,7,8,1,10,9
1,2,3,5,7,8,9,10>2,5,7,8,1,10,9
1,3,5,6,9>5,6,8,9,1
1,3,5,6,9>3,6,8,9,1
